01/01/2000,VRB,FL,ASO,ES,Towers with Display (VFR),0,2,9,0,11,0,0,56,0,56,0,2,65,0,67,0,0,0,67
01/02/2000,VRB,FL,ASO,ES,Towers with Display (VFR),0,9,75,0,84,0,11,191,0,202,0,20,266,0,286,100,0,100,386
01/03/2000,VRB,FL,ASO,ES,Towers with Display (VFR),0,9,72,1,82,0,6,253,0,259,0,15,325,1,341,186,0,186,527
01/04/2000,VRB,FL,ASO,ES,Towers with Display (VFR),0,11,90,0,101,0,3,225,0,228,0,14,315,0,329,86,0,86,415
01/05/2000,VRB,FL,ASO,ES,Towers with Display (VFR),0,9,79,0,88,0,0,246,0,246,0,9,325,0,334,101,0,101,435
01/06/2000,VRB,FL,ASO,ES,Towers with Display (VFR),0,13,110,0,123,0,2,119,0,121,0,15,229,0,244,78,0,78,322
01/07/2000,VRB,FL,ASO,ES,Towers with Display (VFR),0,7,82,0,89,0,0,305,0,305,0,7,387,0,394,213,0,213,607
01/08/2000,VRB,FL,ASO,ES,Towers with Display (VFR),0,2,50,0,52,0,0,139,0,139,0,2,189,0,191,180,0,180,371
01/09/2000,VRB,FL,ASO,ES,Towers with Display (VFR),0,8,64,0,72,0,0,234,0,234,0,8,298,0,306,130,0,130,436
01/10/2000,VRB,FL,ASO,ES,Towers with Display (VFR),0,4,66,0,70,0,0,224,0,224,0,4,290,0,294,129,0,129,423
01/11/2000,VRB,FL,ASO,ES,Towers with Display (VFR),0,9,80,0,89,0,0,265,0,265,0,9,345,0,354,138,0,138,492
01/12/2000,VRB,FL,ASO,ES,Towers with Display (VFR),0,10,87,1,98,0,2,358,0,360,0,12,445,1,458,247,0,247,705
01/13/2000,VRB,FL,ASO,ES,Towers with Display (VFR),0,9,77,0,86,0,3,370,0,373,0,12,447,0,459,205,0,205,664
01/14/2000,VRB,FL,ASO,ES,Towers with Display (VFR),0,5,44,0,49,0,12,79,0,91,0,17,123,0,140,31,0,31,171
01/15/2000,VRB,FL,ASO,ES,Towers with Display (VFR),0,6,65,0,71,0,0,211,0,211,0,6,276,0,282,110,0,110,392
01/16/2000,VRB,FL,ASO,ES,Towers with Display (VFR),0,7,63,0,70,0,3,291,0,294,0,10,354,0,364,149,0,149,513
01/17/2000,VRB,FL,ASO,ES,Towers with Display (VFR),0,9,73,0,82,0,3,377,0,380,0,12,450,0,462,138,0,138,600
01/18/2000,VRB,FL,ASO,ES,Towers with Display (VFR),0,7,60,0,67,0,0,387,0,387,0,7,447,0,454,154,0,154,608
01/19/2000,VRB,FL,ASO,ES,Towers with Display (VFR),0,11,91,0,102,0,2,204,2,208,0,13,295,2,310,196,0,196,506
01/20/2000,VRB,FL,ASO,ES,Towers with Display (VFR),0,7,59,0,66,0,7,218,0,225,0,14,277,0,291,89,0,89,380
01/21/2000,VRB,FL,ASO,ES,Towers with Display (VFR),0,7,58,0,65,0,1,400,0,401,0,8,458,0,466,125,0,125,591
01/22/2000,VRB,FL,ASO,ES,Towers with Display (VFR),0,5,59,0,64,0,0,324,0,324,0,5,383,0,388,110,0,110,498
01/23/2000,VRB,FL,ASO,ES,Towers with Display (VFR),0,8,65,0,73,0,1,272,1,274,0,9,337,1,347,224,0,224,571
01/24/2000,VRB,FL,ASO,ES,Towers with Display (VFR),0,9,76,0,85,0,2,99,0,101,0,11,175,0,186,120,0,120,306
01/25/2000,VRB,FL,ASO,ES,Towers with Display (VFR),0,9,76,0,85,0,7,400,4,411,0,16,476,4,496,170,0,170,666
01/26/2000,VRB,FL,ASO,ES,Towers with Display (VFR),0,6,88,0,94,0,0,420,4,424,0,6,508,4,518,299,0,299,817
01/27/2000,VRB,FL,ASO,ES,Towers with Display (VFR),0,11,89,0,100,0,3,376,0,379,0,14,465,0,479,167,0,167,646
01/28/2000,VRB,FL,ASO,ES,Towers with Display (VFR),0,10,88,0,98,0,0,235,0,235,0,10,323,0,333,265,0,265,598
01/29/2000,VRB,FL,ASO,ES,Towers with Display (VFR),0,2,102,0,104,0,0,162,0,162,0,2,264,0,266,98,0,98,364
01/30/2000,VRB,FL,ASO,ES,Towers with Display (VFR),0,10,83,0,93,0,3,243,0,246,0,13,326,0,339,194,0,194,533
01/31/2000,VRB,FL,ASO,ES,Towers with Display (VFR),0,4,95,0,99,0,0,74,0,74,0,4,169,0,173,72,0,72,245
02/01/2000,VRB,FL,ASO,ES,Towers with Display (VFR),0,7,100,0,107,0,0,375,0,375,0,7,475,0,482,244,0,244,726
02/02/2000,VRB,FL,ASO,ES,Towers with Display (VFR),0,8,101,0,109,0,5,320,0,325,0,13,421,0,434,298,0,298,732
02/03/2000,VRB,FL,ASO,ES,Towers with Display (VFR),0,8,100,0,108,0,5,65,0,70,0,13,165,0,178,100,0,100,278
02/04/2000,VRB,FL,ASO,ES,Towers with Display (VFR),0,7,85,0,92,0,1,388,0,389,0,8,473,0,481,214,0,214,695
02/05/2000,VRB,FL,ASO,ES,Towers with Display (VFR),0,2,64,0,66,0,0,343,0,343,0,2,407,0,409,163,0,163,572
02/06/2000,VRB,FL,ASO,ES,Towers with Display (VFR),0,1,58,1,60,0,0,318,1,319,0,1,376,2,379,27,2,29,408
02/07/2000,VRB,FL,ASO,ES,Towers with Display (VFR),0,6,86,0,92,0,0,405,0,405,0,6,491,0,497,256,0,256,753
02/08/2000,VRB,FL,ASO,ES,Towers with Display (VFR),0,9,111,1,121,0,1,302,0,303,0,10,413,1,424,159,0,159,583
02/09/2000,VRB,FL,ASO,ES,Towers with Display (VFR),0,6,103,1,110,0,0,386,0,386,0,6,489,1,496,215,1,216,712
02/10/2000,VRB,FL,ASO,ES,Towers with Display (VFR),0,7,88,0,95,0,4,382,0,386,0,11,470,0,481,186,0,186,667
02/11/2000,VRB,FL,ASO,ES,Towers with Display (VFR),0,5,60,0,65,0,1,366,0,367,0,6,426,0,432,206,0,206,638
02/12/2000,VRB,FL,ASO,ES,Towers with Display (VFR),0,1,70,1,72,0,0,344,1,345,0,1,414,2,417,241,20,261,678
02/13/2000,VRB,FL,ASO,ES,Towers with Display (VFR),0,3,53,0,56,0,0,255,0,255,0,3,308,0,311,150,0,150,461
02/14/2000,VRB,FL,ASO,ES,Towers with Display (VFR),0,4,78,0,82,0,0,223,0,223,0,4,301,0,305,109,0,109,414
02/15/2000,VRB,FL,ASO,ES,Towers with Display (VFR),0,8,101,0,109,0,9,412,0,421,0,17,513,0,530,147,0,147,677
02/16/2000,VRB,FL,ASO,ES,Towers with Display (VFR),0,7,85,0,92,0,4,387,0,391,0,11,472,0,483,260,0,260,743
02/17/2000,VRB,FL,ASO,ES,Towers with Display (VFR),0,8,97,0,105,0,2,320,0,322,0,10,417,0,427,163,0,163,590
02/18/2000,VRB,FL,ASO,ES,Towers with Display (VFR),0,10,118,0,128,0,11,265,0,276,0,21,383,0,404,305,0,305,709
02/19/2000,VRB,FL,ASO,ES,Towers with Display (VFR),0,7,92,0,99,0,3,256,2,261,0,10,348,2,360,271,0,271,631
02/20/2000,VRB,FL,ASO,ES,Towers with Display (VFR),0,7,99,0,106,0,0,152,0,152,0,7,251,0,258,101,0,101,359
02/21/2000,VRB,FL,ASO,ES,Towers with Display (VFR),0,7,85,0,92,0,1,339,0,340,0,8,424,0,432,202,0,202,634
02/22/2000,VRB,FL,ASO,ES,Towers with Display (VFR),0,5,88,0,93,0,0,251,6,257,0,5,339,6,350,102,0,102,452
02/23/2000,VRB,FL,ASO,ES,Towers with Display (VFR),0,8,100,0,108,0,1,365,4,370,0,9,465,4,478,223,0,223,701
02/24/2000,VRB,FL,ASO,ES,Towers with Display (VFR),0,7,95,0,102,0,0,296,2,298,0,7,391,2,400,293,0,293,693
02/25/2000,VRB,FL,ASO,ES,Towers with Display (VFR),0,9,107,0,116,0,1,331,0,332,0,10,438,0,448,244,0,244,692
02/26/2000,VRB,FL,ASO,ES,Towers with Display (VFR),0,2,75,0,77,0,0,359,0,359,0,2,434,0,436,272,0,272,708
02/27/2000,VRB,FL,ASO,ES,Towers with Display (VFR),0,6,78,0,84,0,3,306,0,309,0,9,384,0,393,224,0,224,617
02/28/2000,VRB,FL,ASO,ES,Towers with Display (VFR),0,6,75,0,81,0,2,344,0,346,0,8,419,0,427,173,0,173,600
02/29/2000,VRB,FL,ASO,ES,Towers with Display (VFR),0,9,110,0,119,0,1,419,0,420,0,10,529,0,539,202,0,202,741
03/01/2000,VRB,FL,ASO,ES,Towers with Display (VFR),0,10,108,0,118,0,0,429,4,433,0,10,537,4,551,172,0,172,723
03/02/2000,VRB,FL,ASO,ES,Towers with Display (VFR),0,9,99,0,108,0,0,344,0,344,0,9,443,0,452,168,0,168,620
03/03/2000,VRB,FL,ASO,ES,Towers with Display (VFR),0,11,117,0,128,0,3,247,0,250,0,14,364,0,378,174,0,174,552
03/04/2000,VRB,FL,ASO,ES,Towers with Display (VFR),0,4,49,0,53,0,0,292,0,292,0,4,341,0,345,206,0,206,551
03/05/2000,VRB,FL,ASO,ES,Towers with Display (VFR),0,8,85,0,93,0,8,361,0,369,0,16,446,0,462,117,0,117,579
03/06/2000,VRB,FL,ASO,ES,Towers with Display (VFR),0,7,77,0,84,0,1,369,0,370,0,8,446,0,454,119,0,119,573
03/07/2000,VRB,FL,ASO,ES,Towers with Display (VFR),0,7,84,0,91,0,3,402,0,405,0,10,486,0,496,185,0,185,681
03/08/2000,VRB,FL,ASO,ES,Towers with Display (VFR),0,9,111,0,120,0,0,396,0,396,0,9,507,0,516,301,0,301,817
03/09/2000,VRB,FL,ASO,ES,Towers with Display (VFR),0,6,76,0,82,0,1,387,0,388,0,7,463,0,470,161,0,161,631
03/10/2000,VRB,FL,ASO,ES,Towers with Display (VFR),0,9,106,0,115,0,0,345,0,345,0,9,451,0,460,172,0,172,632
03/11/2000,VRB,FL,ASO,ES,Towers with Display (VFR),0,6,75,1,82,0,1,211,1,213,0,7,286,2,295,151,0,151,446
03/12/2000,VRB,FL,ASO,ES,Towers with Display (VFR),0,7,85,0,92,0,2,143,0,145,0,9,228,0,237,271,0,271,508
03/13/2000,VRB,FL,ASO,ES,Towers with Display (VFR),0,8,96,0,104,0,2,375,0,377,0,10,471,0,481,135,0,135,616
03/14/2000,VRB,FL,ASO,ES,Towers with Display (VFR),0,10,112,0,122,0,1,441,0,442,0,11,553,0,564,173,0,173,737
03/15/2000,VRB,FL,ASO,ES,Towers with Display (VFR),0,9,104,0,113,0,2,374,0,376,0,11,478,0,489,321,0,321,810
03/16/2000,VRB,FL,ASO,ES,Towers with Display (VFR),0,9,108,0,117,0,4,253,0,257,0,13,361,0,374,163,0,163,537
03/17/2000,VRB,FL,ASO,ES,Towers with Display (VFR),0,6,94,0,100,0,0,326,0,326,0,6,420,0,426,235,0,235,661
03/18/2000,VRB,FL,ASO,ES,Towers with Display (VFR),0,7,79,0,86,0,6,194,0,200,0,13,273,0,286,115,0,115,401
03/19/2000,VRB,FL,ASO,ES,Towers with Display (VFR),0,9,107,0,116,0,1,63,0,64,0,10,170,0,180,96,2,98,278
03/20/2000,VRB,FL,ASO,ES,Towers with Display (VFR),0,9,104,0,113,0,3,327,0,330,0,12,431,0,443,244,0,244,687
03/21/2000,VRB,FL,ASO,ES,Towers with Display (VFR),0,8,90,0,98,0,3,423,0,426,0,11,513,0,524,191,0,191,715
03/22/2000,VRB,FL,ASO,ES,Towers with Display (VFR),0,10,115,0,125,0,4,309,0,313,0,14,424,0,438,110,0,110,548
03/23/2000,VRB,FL,ASO,ES,Towers with Display (VFR),0,10,114,0,124,0,2,365,0,367,0,12,479,0,491,164,0,164,655
03/24/2000,VRB,FL,ASO,ES,Towers with Display (VFR),0,9,108,0,117,0,8,253,0,261,0,17,361,0,378,143,0,143,521
03/25/2000,VRB,FL,ASO,ES,Towers with Display (VFR),0,8,99,0,107,0,2,313,0,315,0,10,412,0,422,349,0,349,771
03/26/2000,VRB,FL,ASO,ES,Towers with Display (VFR),0,9,105,0,114,0,5,296,0,301,0,14,401,0,415,248,0,248,663
03/27/2000,VRB,FL,ASO,ES,Towers with Display (VFR),0,3,99,0,102,0,0,237,2,239,0,3,336,2,341,162,0,162,503
03/28/2000,VRB,FL,ASO,ES,Towers with Display (VFR),0,8,96,0,104,0,1,470,0,471,0,9,566,0,575,309,0,309,884
03/29/2000,VRB,FL,ASO,ES,Towers with Display (VFR),0,9,101,0,110,0,4,431,3,438,0,13,532,3,548,316,0,316,864
03/30/2000,VRB,FL,ASO,ES,Towers with Display (VFR),0,10,115,0,125,0,7,372,0,379,0,17,487,0,504,98,0,98,602
03/31/2000,VRB,FL,ASO,ES,Towers with Display (VFR),0,7,129,0,136,0,0,232,6,238,0,7,361,6,374,199,0,199,573
04/01/2000,VRB,FL,ASO,ES,Towers with Display (VFR),0,7,98,0,105,0,0,313,0,313,0,7,411,0,418,229,0,229,647
04/02/2000,VRB,FL,ASO,ES,Towers with Display (VFR),0,7,99,0,106,0,9,249,0,258,0,16,348,0,364,147,0,147,511
04/03/2000,VRB,FL,ASO,ES,Towers with Display (VFR),0,4,101,0,105,0,0,357,0,357,0,4,458,0,462,162,0,162,624
04/04/2000,VRB,FL,ASO,ES,Towers with Display (VFR),0,8,97,0,105,0,0,395,2,397,0,8,492,2,502,198,0,198,700
04/05/2000,VRB,FL,ASO,ES,Towers with Display (VFR),0,9,102,0,111,3,3,402,0,408,3,12,504,0,519,199,0,199,718
04/06/2000,VRB,FL,ASO,ES,Towers with Display (VFR),0,9,111,0,120,0,6,458,0,464,0,15,569,0,584,341,0,341,925
04/07/2000,VRB,FL,ASO,ES,Towers with Display (VFR),0,8,120,0,128,0,0,419,0,419,0,8,539,0,547,244,0,244,791
04/08/2000,VRB,FL,ASO,ES,Towers with Display (VFR),0,5,91,0,96,1,0,278,0,279,1,5,369,0,375,204,0,204,579
04/09/2000,VRB,FL,ASO,ES,Towers with Display (VFR),0,5,68,0,73,0,0,229,0,229,0,5,297,0,302,170,0,170,472
04/10/2000,VRB,FL,ASO,ES,Towers with Display (VFR),0,7,81,0,88,0,2,427,0,429,0,9,508,0,517,332,0,332,849
04/11/2000,VRB,FL,ASO,ES,Towers with Display (VFR),0,8,122,0,130,0,0,461,2,463,0,8,583,2,593,397,0,397,990
04/12/2000,VRB,FL,ASO,ES,Towers with Display (VFR),0,8,148,0,156,0,0,123,0,123,0,8,271,0,279,143,0,143,422
04/13/2000,VRB,FL,ASO,ES,Towers with Display (VFR),0,6,123,0,129,0,0,219,0,219,0,6,342,0,348,405,0,405,753
04/14/2000,VRB,FL,ASO,ES,Towers with Display (VFR),0,7,95,0,102,0,0,53,1,54,0,7,148,1,156,96,0,96,252
04/15/2000,VRB,FL,ASO,ES,Towers with Display (VFR),0,5,68,0,73,0,3,223,0,226,0,8,291,0,299,345,0,345,644
04/16/2000,VRB,FL,ASO,ES,Towers with Display (VFR),0,1,65,0,66,0,0,282,0,282,0,1,347,0,348,362,0,362,710
04/17/2000,VRB,FL,ASO,ES,Towers with Display (VFR),0,8,103,0,111,0,1,315,0,316,0,9,418,0,427,178,0,178,605
04/18/2000,VRB,FL,ASO,ES,Towers with Display (VFR),0,4,61,0,65,0,5,485,0,490,0,9,546,0,555,272,0,272,827
04/19/2000,VRB,FL,ASO,ES,Towers with Display (VFR),0,7,96,0,103,0,3,555,0,558,0,10,651,0,661,145,0,145,806
04/20/2000,VRB,FL,ASO,ES,Towers with Display (VFR),0,7,99,0,106,0,5,477,0,482,0,12,576,0,588,241,0,241,829
04/21/2000,VRB,FL,ASO,ES,Towers with Display (VFR),0,9,116,0,125,0,2,379,2,383,0,11,495,2,508,268,0,268,776
04/22/2000,VRB,FL,ASO,ES,Towers with Display (VFR),0,4,59,0,63,0,0,266,0,266,0,4,325,0,329,239,0,239,568
04/23/2000,VRB,FL,ASO,ES,Towers with Display (VFR),0,4,63,0,67,0,15,226,0,241,0,19,289,0,308,232,0,232,540
04/24/2000,VRB,FL,ASO,ES,Towers with Display (VFR),0,8,112,0,120,0,7,322,0,329,0,15,434,0,449,82,0,82,531
04/25/2000,VRB,FL,ASO,ES,Towers with Display (VFR),0,8,115,0,123,0,3,208,4,215,0,11,323,4,338,89,0,89,427
04/26/2000,VRB,FL,ASO,ES,Towers with Display (VFR),0,4,101,0,105,0,0,462,0,462,0,4,563,0,567,278,0,278,845
04/27/2000,VRB,FL,ASO,ES,Towers with Display (VFR),0,7,98,0,105,0,7,459,0,466,0,14,557,0,571,239,0,239,810
04/28/2000,VRB,FL,ASO,ES,Towers with Display (VFR),0,8,103,0,111,0,6,415,0,421,0,14,518,0,532,204,0,204,736
04/29/2000,VRB,FL,ASO,ES,Towers with Display (VFR),0,3,76,0,79,0,0,270,0,270,0,3,346,0,349,480,0,480,829
04/30/2000,VRB,FL,ASO,ES,Towers with Display (VFR),0,4,60,0,64,0,2,266,0,268,0,6,326,0,332,123,0,123,455
05/01/2000,VRB,FL,ASO,ES,Towers with Display (VFR),0,3,104,0,107,0,0,308,0,308,0,3,412,0,415,512,0,512,927
05/02/2000,VRB,FL,ASO,ES,Towers with Display (VFR),0,7,86,0,93,0,3,429,0,432,0,10,515,0,525,522,0,522,1047
05/03/2000,VRB,FL,ASO,ES,Towers with Display (VFR),0,7,100,0,107,0,0,389,0,389,0,7,489,0,496,386,0,386,882
05/04/2000,VRB,FL,ASO,ES,Towers with Display (VFR),0,3,100,0,103,0,0,398,0,398,0,3,498,0,501,418,0,418,919
05/05/2000,VRB,FL,ASO,ES,Towers with Display (VFR),0,8,94,0,102,0,2,389,0,391,0,10,483,0,493,361,0,361,854
05/06/2000,VRB,FL,ASO,ES,Towers with Display (VFR),0,2,82,0,84,0,0,294,0,294,0,2,376,0,378,348,0,348,726
05/07/2000,VRB,FL,ASO,ES,Towers with Display (VFR),0,5,62,0,67,0,3,232,0,235,0,8,294,0,302,193,0,193,495
05/08/2000,VRB,FL,ASO,ES,Towers with Display (VFR),0,4,79,0,83,0,0,337,0,337,0,4,416,0,420,377,0,377,797
05/09/2000,VRB,FL,ASO,ES,Towers with Display (VFR),0,9,126,0,135,0,0,341,0,341,0,9,467,0,476,254,0,254,730
05/10/2000,VRB,FL,ASO,ES,Towers with Display (VFR),0,6,74,0,80,0,0,425,0,425,0,6,499,0,505,236,0,236,741
05/11/2000,VRB,FL,ASO,ES,Towers with Display (VFR),0,8,90,0,98,0,0,347,0,347,0,8,437,0,445,311,0,311,756
05/12/2000,VRB,FL,ASO,ES,Towers with Display (VFR),0,8,98,0,106,0,0,405,0,405,0,8,503,0,511,219,0,219,730
05/13/2000,VRB,FL,ASO,ES,Towers with Display (VFR),0,6,74,0,80,0,2,310,0,312,0,8,384,0,392,298,0,298,690
05/14/2000,VRB,FL,ASO,ES,Towers with Display (VFR),0,5,56,0,61,0,1,165,0,166,0,6,221,0,227,146,0,146,373
05/15/2000,VRB,FL,ASO,ES,Towers with Display (VFR),0,4,121,0,125,0,0,303,0,303,0,4,424,0,428,171,0,171,599
05/16/2000,VRB,FL,ASO,ES,Towers with Display (VFR),0,6,88,0,94,0,5,442,0,447,0,11,530,0,541,124,0,124,665
05/17/2000,VRB,FL,ASO,ES,Towers with Display (VFR),0,8,110,0,118,0,2,403,0,405,0,10,513,0,523,221,0,221,744
05/18/2000,VRB,FL,ASO,ES,Towers with Display (VFR),0,7,93,0,100,0,11,416,1,428,0,18,509,1,528,252,0,252,780
05/19/2000,VRB,FL,ASO,ES,Towers with Display (VFR),0,3,103,0,106,0,0,360,0,360,0,3,463,0,466,156,0,156,622
05/20/2000,VRB,FL,ASO,ES,Towers with Display (VFR),0,4,55,0,59,0,1,305,0,306,0,5,360,0,365,216,0,216,581
05/21/2000,VRB,FL,ASO,ES,Towers with Display (VFR),0,5,69,0,74,0,3,256,0,259,0,8,325,0,333,182,0,182,515
05/22/2000,VRB,FL,ASO,ES,Towers with Display (VFR),0,2,97,0,99,0,0,302,0,302,0,2,399,0,401,187,0,187,588
05/23/2000,VRB,FL,ASO,ES,Towers with Display (VFR),0,5,71,0,76,0,0,354,0,354,0,5,425,0,430,209,0,209,639
05/24/2000,VRB,FL,ASO,ES,Towers with Display (VFR),0,5,76,0,81,0,2,334,0,336,0,7,410,0,417,116,0,116,533
05/25/2000,VRB,FL,ASO,ES,Towers with Display (VFR),0,6,88,0,94,0,2,270,0,272,0,8,358,0,366,164,0,164,530
05/26/2000,VRB,FL,ASO,ES,Towers with Display (VFR),0,6,80,0,86,0,2,286,0,288,0,8,366,0,374,180,0,180,554
05/27/2000,VRB,FL,ASO,ES,Towers with Display (VFR),0,3,41,0,44,0,0,246,0,246,0,3,287,0,290,123,0,123,413
05/28/2000,VRB,FL,ASO,ES,Towers with Display (VFR),0,3,42,0,45,0,1,169,0,170,0,4,211,0,215,131,0,131,346
05/29/2000,VRB,FL,ASO,ES,Towers with Display (VFR),0,5,70,0,75,0,4,169,0,173,0,9,239,0,248,164,0,164,412
05/30/2000,VRB,FL,ASO,ES,Towers with Display (VFR),0,5,77,0,82,0,2,284,0,286,0,7,361,0,368,66,0,66,434
05/31/2000,VRB,FL,ASO,ES,Towers with Display (VFR),0,5,69,0,74,0,2,295,1,298,0,7,364,1,372,109,0,109,481
06/01/2000,VRB,FL,ASO,ES,Towers with Display (VFR),0,5,83,1,89,0,5,367,0,372,0,10,450,1,461,114,0,114,575
06/02/2000,VRB,FL,ASO,ES,Towers with Display (VFR),0,3,56,0,59,0,2,327,0,329,0,5,383,0,388,187,0,187,575
06/03/2000,VRB,FL,ASO,ES,Towers with Display (VFR),0,2,44,0,46,0,8,284,0,292,0,10,328,0,338,183,0,183,521
06/04/2000,VRB,FL,ASO,ES,Towers with Display (VFR),0,2,40,0,42,0,0,186,0,186,0,2,226,0,228,67,0,67,295
06/05/2000,VRB,FL,ASO,ES,Towers with Display (VFR),0,3,64,0,67,0,0,269,0,269,0,3,333,0,336,146,0,146,482
06/06/2000,VRB,FL,ASO,ES,Towers with Display (VFR),0,5,75,0,80,0,0,242,0,242,0,5,317,0,322,82,0,82,404
06/07/2000,VRB,FL,ASO,ES,Towers with Display (VFR),0,3,47,1,51,0,2,223,0,225,0,5,270,1,276,137,0,137,413
06/08/2000,VRB,FL,ASO,ES,Towers with Display (VFR),0,5,66,0,71,0,0,328,0,328,0,5,394,0,399,233,0,233,632
06/09/2000,VRB,FL,ASO,ES,Towers with Display (VFR),0,6,78,1,85,0,8,294,1,303,0,14,372,2,388,194,0,194,582
06/10/2000,VRB,FL,ASO,ES,Towers with Display (VFR),0,2,28,0,30,0,1,270,0,271,0,3,298,0,301,191,0,191,492
06/11/2000,VRB,FL,ASO,ES,Towers with Display (VFR),0,2,37,0,39,0,0,94,0,94,0,2,131,0,133,122,0,122,255
06/12/2000,VRB,FL,ASO,ES,Towers with Display (VFR),0,5,70,0,75,0,3,220,0,223,0,8,290,0,298,130,0,130,428
06/13/2000,VRB,FL,ASO,ES,Towers with Display (VFR),0,5,73,1,79,0,6,308,1,315,0,11,381,2,394,167,0,167,561
06/14/2000,VRB,FL,ASO,ES,Towers with Display (VFR),0,5,75,1,81,0,4,357,0,361,0,9,432,1,442,193,2,195,637
06/15/2000,VRB,FL,ASO,ES,Towers with Display (VFR),0,3,81,1,85,0,0,369,2,371,0,3,450,3,456,214,0,214,670
06/16/2000,VRB,FL,ASO,ES,Towers with Display (VFR),0,5,75,0,80,0,1,217,0,218,0,6,292,0,298,168,0,168,466
06/17/2000,VRB,FL,ASO,ES,Towers with Display (VFR),0,0,54,0,54,0,0,227,0,227,0,0,281,0,281,109,0,109,390
06/18/2000,VRB,FL,ASO,ES,Towers with Display (VFR),0,3,54,0,57,0,0,239,0,239,0,3,293,0,296,67,0,67,363
06/19/2000,VRB,FL,ASO,ES,Towers with Display (VFR),0,4,74,0,78,0,0,220,0,220,0,4,294,0,298,116,0,116,414
06/20/2000,VRB,FL,ASO,ES,Towers with Display (VFR),0,6,82,0,88,0,3,348,4,355,0,9,430,4,443,81,0,81,524
06/21/2000,VRB,FL,ASO,ES,Towers with Display (VFR),0,6,77,0,83,0,1,324,0,325,0,7,401,0,408,242,0,242,650
06/22/2000,VRB,FL,ASO,ES,Towers with Display (VFR),0,6,79,0,85,0,4,286,4,294,0,10,365,4,379,179,0,179,558
06/23/2000,VRB,FL,ASO,ES,Towers with Display (VFR),0,6,80,0,86,0,0,144,0,144,0,6,224,0,230,91,0,91,321
06/24/2000,VRB,FL,ASO,ES,Towers with Display (VFR),0,3,59,0,62,0,0,157,0,157,0,3,216,0,219,124,0,124,343
06/25/2000,VRB,FL,ASO,ES,Towers with Display (VFR),0,3,47,0,50,0,3,133,0,136,0,6,180,0,186,125,0,125,311
06/26/2000,VRB,FL,ASO,ES,Towers with Display (VFR),0,4,108,0,112,0,0,211,4,215,0,4,319,4,327,121,0,121,448
06/27/2000,VRB,FL,ASO,ES,Towers with Display (VFR),0,8,101,0,109,0,0,86,0,86,0,8,187,0,195,154,0,154,349
06/28/2000,VRB,FL,ASO,ES,Towers with Display (VFR),0,7,98,0,105,0,0,292,0,292,0,7,390,0,397,232,0,232,629
06/29/2000,VRB,FL,ASO,ES,Towers with Display (VFR),0,8,106,0,114,0,4,292,0,296,0,12,398,0,410,172,0,172,582
06/30/2000,VRB,FL,ASO,ES,Towers with Display (VFR),0,6,115,0,121,0,0,319,0,319,0,6,434,0,440,145,0,145,585
07/01/2000,VRB,FL,ASO,ES,Towers with Display (VFR),0,2,51,0,53,0,0,157,0,157,0,2,208,0,210,190,0,190,400
07/02/2000,VRB,FL,ASO,ES,Towers with Display (VFR),0,0,76,0,76,0,0,143,0,143,0,0,219,0,219,76,0,76,295
07/03/2000,VRB,FL,ASO,ES,Towers with Display (VFR),0,2,74,1,77,0,0,247,9,256,0,2,321,10,333,200,0,200,533
07/04/2000,VRB,FL,ASO,ES,Towers with Display (VFR),0,0,51,0,51,0,0,154,0,154,0,0,205,0,205,151,0,151,356
07/05/2000,VRB,FL,ASO,ES,Towers with Display (VFR),0,5,109,1,115,0,0,308,1,309,0,5,417,2,424,214,0,214,638
07/06/2000,VRB,FL,ASO,ES,Towers with Display (VFR),0,7,111,0,118,0,1,345,0,346,0,8,456,0,464,147,0,147,611
07/07/2000,VRB,FL,ASO,ES,Towers with Display (VFR),0,5,104,1,110,0,0,201,3,204,0,5,305,4,314,106,0,106,420
07/08/2000,VRB,FL,ASO,ES,Towers with Display (VFR),0,2,50,0,52,0,0,131,0,131,0,2,181,0,183,140,0,140,323
07/09/2000,VRB,FL,ASO,ES,Towers with Display (VFR),0,0,84,0,84,0,0,169,0,169,0,0,253,0,253,166,0,166,419
07/10/2000,VRB,FL,ASO,ES,Towers with Display (VFR),0,5,97,0,102,0,0,318,0,318,0,5,415,0,420,184,0,184,604
07/11/2000,VRB,FL,ASO,ES,Towers with Display (VFR),0,6,97,0,103,0,3,320,0,323,0,9,417,0,426,270,0,270,696
07/12/2000,VRB,FL,ASO,ES,Towers with Display (VFR),0,5,93,0,98,0,6,323,0,329,0,11,416,0,427,189,0,189,616
07/13/2000,VRB,FL,ASO,ES,Towers with Display (VFR),0,5,93,0,98,0,2,318,0,320,0,7,411,0,418,228,0,228,646
07/14/2000,VRB,FL,ASO,ES,Towers with Display (VFR),0,4,93,0,97,0,0,202,0,202,0,4,295,0,299,260,0,260,559
07/15/2000,VRB,FL,ASO,ES,Towers with Display (VFR),0,0,68,0,68,0,0,173,0,173,0,0,241,0,241,141,0,141,382
07/16/2000,VRB,FL,ASO,ES,Towers with Display (VFR),0,0,82,0,82,0,0,153,0,153,0,0,235,0,235,139,0,139,374
07/17/2000,VRB,FL,ASO,ES,Towers with Display (VFR),0,6,101,0,107,0,4,326,0,330,0,10,427,0,437,243,0,243,680
07/18/2000,VRB,FL,ASO,ES,Towers with Display (VFR),0,4,78,0,82,0,3,247,0,250,0,7,325,0,332,265,0,265,597
07/19/2000,VRB,FL,ASO,ES,Towers with Display (VFR),0,7,112,0,119,0,1,187,0,188,0,8,299,0,307,128,0,128,435
07/20/2000,VRB,FL,ASO,ES,Towers with Display (VFR),0,6,99,0,105,0,0,276,0,276,0,6,375,0,381,125,0,125,506
07/21/2000,VRB,FL,ASO,ES,Towers with Display (VFR),0,5,86,0,91,0,3,260,0,263,0,8,346,0,354,207,0,207,561
07/22/2000,VRB,FL,ASO,ES,Towers with Display (VFR),0,3,52,0,55,0,0,137,0,137,0,3,189,0,192,51,0,51,243
07/23/2000,VRB,FL,ASO,ES,Towers with Display (VFR),0,3,57,0,60,0,3,150,0,153,0,6,207,0,213,56,0,56,269
07/24/2000,VRB,FL,ASO,ES,Towers with Display (VFR),0,4,64,0,68,0,0,155,0,155,0,4,219,0,223,61,0,61,284
07/25/2000,VRB,FL,ASO,ES,Towers with Display (VFR),0,4,102,0,106,0,0,311,0,311,0,4,413,0,417,281,0,281,698
07/26/2000,VRB,FL,ASO,ES,Towers with Display (VFR),0,4,78,0,82,0,8,276,1,285,0,12,354,1,367,169,0,169,536
07/27/2000,VRB,FL,ASO,ES,Towers with Display (VFR),0,6,95,0,101,0,6,299,0,305,0,12,394,0,406,232,0,232,638
07/28/2000,VRB,FL,ASO,ES,Towers with Display (VFR),0,4,73,0,77,0,0,283,0,283,0,4,356,0,360,164,0,164,524
07/29/2000,VRB,FL,ASO,ES,Towers with Display (VFR),0,3,60,0,63,0,0,240,0,240,0,3,300,0,303,133,0,133,436
07/30/2000,VRB,FL,ASO,ES,Towers with Display (VFR),0,2,47,0,49,0,1,62,0,63,0,3,109,0,112,51,0,51,163
07/31/2000,VRB,FL,ASO,ES,Towers with Display (VFR),0,2,77,0,79,0,0,309,0,309,0,2,386,0,388,217,0,217,605
08/01/2000,VRB,FL,ASO,ES,Towers with Display (VFR),0,5,77,0,82,0,2,281,0,283,0,7,358,0,365,200,0,200,565
08/02/2000,VRB,FL,ASO,ES,Towers with Display (VFR),0,4,63,0,67,0,0,251,0,251,0,4,314,0,318,210,0,210,528
08/03/2000,VRB,FL,ASO,ES,Towers with Display (VFR),0,4,68,0,72,0,0,345,0,345,0,4,413,0,417,102,0,102,519
08/04/2000,VRB,FL,ASO,ES,Towers with Display (VFR),0,4,67,0,71,0,0,282,0,282,0,4,349,0,353,145,0,145,498
08/05/2000,VRB,FL,ASO,ES,Towers with Display (VFR),0,2,44,0,46,0,0,192,0,192,0,2,236,0,238,120,0,120,358
08/06/2000,VRB,FL,ASO,ES,Towers with Display (VFR),0,0,49,0,49,0,0,203,0,203,0,0,252,0,252,206,0,206,458
08/07/2000,VRB,FL,ASO,ES,Towers with Display (VFR),0,6,86,0,92,0,1,245,0,246,0,7,331,0,338,124,0,124,462
08/08/2000,VRB,FL,ASO,ES,Towers with Display (VFR),0,6,85,0,91,0,5,275,0,280,0,11,360,0,371,157,0,157,528
08/09/2000,VRB,FL,ASO,ES,Towers with Display (VFR),0,6,101,0,107,0,0,281,0,281,0,6,382,0,388,124,0,124,512
08/10/2000,VRB,FL,ASO,ES,Towers with Display (VFR),0,8,111,1,120,0,4,292,3,299,0,12,403,4,419,172,0,172,591
08/11/2000,VRB,FL,ASO,ES,Towers with Display (VFR),0,4,103,0,107,0,0,270,0,270,0,4,373,0,377,173,0,173,550
08/12/2000,VRB,FL,ASO,ES,Towers with Display (VFR),0,1,65,0,66,0,0,163,0,163,0,1,228,0,229,115,0,115,344
08/13/2000,VRB,FL,ASO,ES,Towers with Display (VFR),0,3,62,1,66,0,0,156,4,160,0,3,218,5,226,85,4,89,315
08/14/2000,VRB,FL,ASO,ES,Towers with Display (VFR),0,4,61,0,65,0,5,179,0,184,0,9,240,0,249,101,0,101,350
08/15/2000,VRB,FL,ASO,ES,Towers with Display (VFR),0,6,83,0,89,0,3,293,0,296,0,9,376,0,385,104,0,104,489
08/16/2000,VRB,FL,ASO,ES,Towers with Display (VFR),0,7,91,1,99,0,1,292,1,294,0,8,383,2,393,119,0,119,512
08/17/2000,VRB,FL,ASO,ES,Towers with Display (VFR),0,7,94,0,101,0,2,381,0,383,0,9,475,0,484,195,0,195,679
08/18/2000,VRB,FL,ASO,ES,Towers with Display (VFR),0,4,86,1,91,0,0,260,0,260,0,4,346,1,351,179,0,179,530
08/19/2000,VRB,FL,ASO,ES,Towers with Display (VFR),0,3,53,0,56,0,0,270,0,270,0,3,323,0,326,185,0,185,511
08/20/2000,VRB,FL,ASO,ES,Towers with Display (VFR),0,0,44,0,44,0,0,240,0,240,0,0,284,0,284,206,0,206,490
08/21/2000,VRB,FL,ASO,ES,Towers with Display (VFR),0,4,68,0,72,0,0,259,1,260,0,4,327,1,332,140,0,140,472
08/22/2000,VRB,FL,ASO,ES,Towers with Display (VFR),0,5,96,0,101,0,0,183,0,183,0,5,279,0,284,128,0,128,412
08/23/2000,VRB,FL,ASO,ES,Towers with Display (VFR),0,7,91,0,98,0,7,322,0,329,0,14,413,0,427,225,0,225,652
08/24/2000,VRB,FL,ASO,ES,Towers with Display (VFR),0,6,84,0,90,0,4,303,4,311,0,10,387,4,401,148,2,150,551
08/25/2000,VRB,FL,ASO,ES,Towers with Display (VFR),0,5,68,0,73,0,0,284,0,284,0,5,352,0,357,224,0,224,581
08/26/2000,VRB,FL,ASO,ES,Towers with Display (VFR),0,0,49,0,49,0,0,249,0,249,0,0,298,0,298,308,0,308,606
08/27/2000,VRB,FL,ASO,ES,Towers with Display (VFR),0,4,59,0,63,0,0,219,0,219,0,4,278,0,282,192,0,192,474
08/28/2000,VRB,FL,ASO,ES,Towers with Display (VFR),0,4,63,0,67,0,0,252,0,252,0,4,315,0,319,158,0,158,477
08/29/2000,VRB,FL,ASO,ES,Towers with Display (VFR),0,7,87,0,94,0,0,244,0,244,0,7,331,0,338,216,0,216,554
08/30/2000,VRB,FL,ASO,ES,Towers with Display (VFR),0,8,102,0,110,0,1,220,4,225,0,9,322,4,335,243,0,243,578
08/31/2000,VRB,FL,ASO,ES,Towers with Display (VFR),0,6,76,0,82,0,5,311,0,316,0,11,387,0,398,80,0,80,478
09/01/2000,VRB,FL,ASO,ES,Towers with Display (VFR),0,5,56,0,61,0,4,324,0,328,0,9,380,0,389,187,0,187,576
09/02/2000,VRB,FL,ASO,ES,Towers with Display (VFR),0,0,48,0,48,0,0,269,0,269,0,0,317,0,317,121,0,121,438
09/03/2000,VRB,FL,ASO,ES,Towers with Display (VFR),0,3,41,0,44,0,0,222,0,222,0,3,263,0,266,220,0,220,486
09/04/2000,VRB,FL,ASO,ES,Towers with Display (VFR),0,4,64,0,68,0,0,219,0,219,0,4,283,0,287,195,0,195,482
09/05/2000,VRB,FL,ASO,ES,Towers with Display (VFR),0,2,45,0,47,0,0,272,0,272,0,2,317,0,319,154,0,154,473
09/06/2000,VRB,FL,ASO,ES,Towers with Display (VFR),0,8,87,0,95,0,1,265,0,266,0,9,352,0,361,232,0,232,593
09/07/2000,VRB,FL,ASO,ES,Towers with Display (VFR),0,7,72,0,79,0,1,274,0,275,0,8,346,0,354,251,0,251,605
09/08/2000,VRB,FL,ASO,ES,Towers with Display (VFR),0,7,72,0,79,0,1,262,0,263,0,8,334,0,342,176,0,176,518
09/09/2000,VRB,FL,ASO,ES,Towers with Display (VFR),0,0,47,0,47,0,0,255,0,255,0,0,302,0,302,187,0,187,489
09/10/2000,VRB,FL,ASO,ES,Towers with Display (VFR),0,3,38,0,41,0,0,251,0,251,0,3,289,0,292,239,0,239,531
09/11/2000,VRB,FL,ASO,ES,Towers with Display (VFR),0,3,40,0,43,0,0,305,0,305,0,3,345,0,348,188,0,188,536
09/12/2000,VRB,FL,ASO,ES,Towers with Display (VFR),0,7,76,0,83,0,6,308,0,314,0,13,384,0,397,193,0,193,590
09/13/2000,VRB,FL,ASO,ES,Towers with Display (VFR),0,5,96,0,101,0,0,280,0,280,0,5,376,0,381,127,0,127,508
09/14/2000,VRB,FL,ASO,ES,Towers with Display (VFR),0,5,77,0,82,0,0,337,0,337,0,5,414,0,419,200,0,200,619
09/15/2000,VRB,FL,ASO,ES,Towers with Display (VFR),0,8,85,0,93,0,1,284,0,285,0,9,369,0,378,292,0,292,670
09/16/2000,VRB,FL,ASO,ES,Towers with Display (VFR),0,3,51,0,54,0,0,180,0,180,0,3,231,0,234,245,0,245,479
09/17/2000,VRB,FL,ASO,ES,Towers with Display (VFR),0,1,13,0,14,0,3,0,0,3,0,4,13,0,17,0,0,0,17
09/18/2000,VRB,FL,ASO,ES,Towers with Display (VFR),0,4,73,0,77,0,0,316,0,316,0,4,389,0,393,161,0,161,554
09/19/2000,VRB,FL,ASO,ES,Towers with Display (VFR),0,5,65,0,70,0,1,291,0,292,0,6,356,0,362,286,0,286,648
09/20/2000,VRB,FL,ASO,ES,Towers with Display (VFR),0,9,109,0,118,0,1,196,0,197,0,10,305,0,315,158,0,158,473
09/21/2000,VRB,FL,ASO,ES,Towers with Display (VFR),0,6,93,0,99,0,0,264,0,264,0,6,357,0,363,224,0,224,587
09/22/2000,VRB,FL,ASO,ES,Towers with Display (VFR),0,6,70,0,76,0,0,208,0,208,0,6,278,0,284,192,0,192,476
09/23/2000,VRB,FL,ASO,ES,Towers with Display (VFR),0,3,41,0,44,0,0,290,0,290,0,3,331,0,334,274,0,274,608
09/24/2000,VRB,FL,ASO,ES,Towers with Display (VFR),0,4,50,0,54,0,6,242,0,248,0,10,292,0,302,233,0,233,535
09/25/2000,VRB,FL,ASO,ES,Towers with Display (VFR),0,5,59,0,64,0,4,327,0,331,0,9,386,0,395,186,0,186,581
09/26/2000,VRB,FL,ASO,ES,Towers with Display (VFR),0,6,74,0,80,0,6,305,0,311,0,12,379,0,391,237,0,237,628
09/27/2000,VRB,FL,ASO,ES,Towers with Display (VFR),0,6,76,0,82,0,1,271,2,274,0,7,347,2,356,244,0,244,600
09/28/2000,VRB,FL,ASO,ES,Towers with Display (VFR),0,8,102,0,110,0,1,94,0,95,0,9,196,0,205,127,0,127,332
09/29/2000,VRB,FL,ASO,ES,Towers with Display (VFR),0,7,81,0,88,0,1,249,0,250,0,8,330,0,338,279,0,279,617
09/30/2000,VRB,FL,ASO,ES,Towers with Display (VFR),0,1,48,0,49,0,0,199,0,199,0,1,247,0,248,129,0,129,377
10/01/2000,VRB,FL,ASO,ES,Towers with Display (VFR),0,3,49,0,52,0,0,197,0,197,0,3,246,0,249,146,0,146,395
10/02/2000,VRB,FL,ASO,ES,Towers with Display (VFR),0,5,80,0,85,0,0,205,10,215,0,5,285,10,300,146,0,146,446
10/03/2000,VRB,FL,ASO,ES,Towers with Display (VFR),0,7,86,0,93,0,0,21,0,21,0,7,107,0,114,77,0,77,191
10/04/2000,VRB,FL,ASO,ES,Towers with Display (VFR),0,9,113,0,122,0,0,63,0,63,0,9,176,0,185,67,0,67,252
10/05/2000,VRB,FL,ASO,ES,Towers with Display (VFR),0,8,91,0,99,0,0,296,0,296,0,8,387,0,395,250,0,250,645
10/06/2000,VRB,FL,ASO,ES,Towers with Display (VFR),0,5,86,0,91,0,0,302,0,302,0,5,388,0,393,285,0,285,678
10/07/2000,VRB,FL,ASO,ES,Towers with Display (VFR),0,0,49,0,49,0,0,265,0,265,0,0,314,0,314,191,0,191,505
10/08/2000,VRB,FL,ASO,ES,Towers with Display (VFR),0,3,82,0,85,0,0,180,0,180,0,3,262,0,265,110,0,110,375
10/09/2000,VRB,FL,ASO,ES,Towers with Display (VFR),0,5,60,0,65,0,3,43,0,46,0,8,103,0,111,29,0,29,140
10/10/2000,VRB,FL,ASO,ES,Towers with Display (VFR),0,4,80,0,84,0,0,361,0,361,0,4,441,0,445,174,0,174,619
10/11/2000,VRB,FL,ASO,ES,Towers with Display (VFR),0,7,96,0,103,0,0,361,0,361,0,7,457,0,464,159,0,159,623
10/12/2000,VRB,FL,ASO,ES,Towers with Display (VFR),0,5,61,0,66,0,0,298,0,298,0,5,359,0,364,174,0,174,538
10/13/2000,VRB,FL,ASO,ES,Towers with Display (VFR),0,5,74,0,79,0,0,271,0,271,0,5,345,0,350,224,0,224,574
10/14/2000,VRB,FL,ASO,ES,Towers with Display (VFR),0,2,60,1,63,0,0,325,3,328,0,2,385,4,391,221,0,221,612
10/15/2000,VRB,FL,ASO,ES,Towers with Display (VFR),0,4,58,0,62,0,1,316,0,317,0,5,374,0,379,181,0,181,560
10/16/2000,VRB,FL,ASO,ES,Towers with Display (VFR),0,5,62,0,67,0,3,346,0,349,0,8,408,0,416,306,0,306,722
10/17/2000,VRB,FL,ASO,ES,Towers with Display (VFR),0,8,104,0,112,0,1,343,0,344,0,9,447,0,456,294,0,294,750
10/18/2000,VRB,FL,ASO,ES,Towers with Display (VFR),0,7,92,0,99,0,3,332,0,335,0,10,424,0,434,258,0,258,692
10/19/2000,VRB,FL,ASO,ES,Towers with Display (VFR),0,6,81,0,87,0,5,312,0,317,0,11,393,0,404,271,0,271,675
10/20/2000,VRB,FL,ASO,ES,Towers with Display (VFR),0,6,84,0,90,0,0,295,0,295,0,6,379,0,385,212,0,212,597
10/21/2000,VRB,FL,ASO,ES,Towers with Display (VFR),0,1,61,0,62,0,0,264,0,264,0,1,325,0,326,197,0,197,523
10/22/2000,VRB,FL,ASO,ES,Towers with Display (VFR),0,0,63,0,63,0,0,236,4,240,0,0,299,4,303,119,0,119,422
10/23/2000,VRB,FL,ASO,ES,Towers with Display (VFR),0,5,70,0,75,0,1,282,0,283,0,6,352,0,358,179,0,179,537
10/24/2000,VRB,FL,ASO,ES,Towers with Display (VFR),0,5,81,0,86,0,0,230,0,230,0,5,311,0,316,178,0,178,494
10/25/2000,VRB,FL,ASO,ES,Towers with Display (VFR),0,7,100,0,107,0,1,367,0,368,0,8,467,0,475,186,0,186,661
10/26/2000,VRB,FL,ASO,ES,Towers with Display (VFR),0,6,75,0,81,0,11,355,0,366,0,17,430,0,447,189,0,189,636
10/27/2000,VRB,FL,ASO,ES,Towers with Display (VFR),0,4,80,0,84,0,0,384,1,385,0,4,464,1,469,237,0,237,706
10/28/2000,VRB,FL,ASO,ES,Towers with Display (VFR),0,4,56,0,60,0,4,284,0,288,0,8,340,0,348,187,2,189,537
10/29/2000,VRB,FL,ASO,ES,Towers with Display (VFR),0,5,69,0,74,0,2,258,0,260,0,7,327,0,334,215,0,215,549
10/30/2000,VRB,FL,ASO,ES,Towers with Display (VFR),0,8,111,0,119,0,4,210,0,214,0,12,321,0,333,145,0,145,478
10/31/2000,VRB,FL,ASO,ES,Towers with Display (VFR),0,7,94,0,101,0,4,345,0,349,0,11,439,0,450,239,0,239,689
11/01/2000,VRB,FL,ASO,ES,Towers with Display (VFR),0,10,109,0,119,2,0,372,0,374,2,10,481,0,493,188,0,188,681
11/02/2000,VRB,FL,ASO,ES,Towers with Display (VFR),0,14,113,0,127,0,2,347,0,349,0,16,460,0,476,263,0,263,739
11/03/2000,VRB,FL,ASO,ES,Towers with Display (VFR),0,14,116,0,130,0,0,339,0,339,0,14,455,0,469,181,0,181,650
11/04/2000,VRB,FL,ASO,ES,Towers with Display (VFR),0,7,73,0,80,0,0,293,0,293,0,7,366,0,373,271,0,271,644
11/05/2000,VRB,FL,ASO,ES,Towers with Display (VFR),0,11,86,0,97,0,1,188,0,189,0,12,274,0,286,196,0,196,482
11/06/2000,VRB,FL,ASO,ES,Towers with Display (VFR),0,10,130,0,140,0,0,158,0,158,0,10,288,0,298,226,0,226,524
11/07/2000,VRB,FL,ASO,ES,Towers with Display (VFR),0,13,108,0,121,0,1,383,0,384,0,14,491,0,505,243,0,243,748
11/08/2000,VRB,FL,ASO,ES,Towers with Display (VFR),0,8,104,0,112,0,0,353,0,353,0,8,457,0,465,308,0,308,773
11/09/2000,VRB,FL,ASO,ES,Towers with Display (VFR),0,14,119,0,133,0,4,265,5,274,0,18,384,5,407,121,0,121,528
11/10/2000,VRB,FL,ASO,ES,Towers with Display (VFR),0,6,130,0,136,0,0,238,0,238,0,6,368,0,374,164,0,164,538
11/11/2000,VRB,FL,ASO,ES,Towers with Display (VFR),0,7,64,0,71,0,0,298,0,298,0,7,362,0,369,195,0,195,564
11/12/2000,VRB,FL,ASO,ES,Towers with Display (VFR),0,7,53,0,60,0,3,261,0,264,0,10,314,0,324,129,0,129,453
11/13/2000,VRB,FL,ASO,ES,Towers with Display (VFR),0,8,76,1,85,0,0,310,1,311,0,8,386,2,396,183,0,183,579
11/14/2000,VRB,FL,ASO,ES,Towers with Display (VFR),0,8,98,0,106,0,0,272,0,272,0,8,370,0,378,194,0,194,572
11/15/2000,VRB,FL,ASO,ES,Towers with Display (VFR),0,9,108,0,117,0,0,341,0,341,0,9,449,0,458,160,0,160,618
11/16/2000,VRB,FL,ASO,ES,Towers with Display (VFR),0,9,85,0,94,0,2,319,0,321,0,11,404,0,415,259,0,259,674
11/17/2000,VRB,FL,ASO,ES,Towers with Display (VFR),0,11,119,0,130,0,0,244,0,244,0,11,363,0,374,256,0,256,630
11/18/2000,VRB,FL,ASO,ES,Towers with Display (VFR),0,10,89,0,99,0,2,261,0,263,0,12,350,0,362,213,0,213,575
11/19/2000,VRB,FL,ASO,ES,Towers with Display (VFR),0,6,59,0,65,0,2,217,0,219,0,8,276,0,284,208,0,208,492
11/20/2000,VRB,FL,ASO,ES,Towers with Display (VFR),0,14,163,0,177,0,0,33,0,33,0,14,196,0,210,42,0,42,252
11/21/2000,VRB,FL,ASO,ES,Towers with Display (VFR),0,12,103,0,115,0,3,377,0,380,0,15,480,0,495,232,0,232,727
11/22/2000,VRB,FL,ASO,ES,Towers with Display (VFR),0,12,108,0,120,0,6,327,0,333,0,18,435,0,453,266,0,266,719
11/23/2000,VRB,FL,ASO,ES,Towers with Display (VFR),0,2,18,0,20,0,1,52,0,53,0,3,70,0,73,36,0,36,109
11/24/2000,VRB,FL,ASO,ES,Towers with Display (VFR),0,5,48,0,53,0,7,222,0,229,0,12,270,0,282,119,0,119,401
11/25/2000,VRB,FL,ASO,ES,Towers with Display (VFR),0,6,60,0,66,0,5,63,0,68,0,11,123,0,134,138,0,138,272
11/26/2000,VRB,FL,ASO,ES,Towers with Display (VFR),0,11,96,0,107,0,5,41,0,46,0,16,137,0,153,132,0,132,285
11/27/2000,VRB,FL,ASO,ES,Towers with Display (VFR),0,10,92,0,102,0,5,365,0,370,0,15,457,0,472,242,0,242,714
11/28/2000,VRB,FL,ASO,ES,Towers with Display (VFR),0,9,83,0,92,0,0,394,0,394,0,9,477,0,486,157,0,157,643
11/29/2000,VRB,FL,ASO,ES,Towers with Display (VFR),0,12,103,0,115,0,1,329,0,330,0,13,432,0,445,188,0,188,633
11/30/2000,VRB,FL,ASO,ES,Towers with Display (VFR),0,7,82,0,89,0,0,351,0,351,0,7,433,0,440,180,0,180,620
12/01/2000,VRB,FL,ASO,ES,Towers with Display (VFR),0,5,101,0,106,0,0,310,0,310,0,5,411,0,416,221,0,221,637
12/02/2000,VRB,FL,ASO,ES,Towers with Display (VFR),0,2,75,0,77,0,0,352,0,352,0,2,427,0,429,198,0,198,627
12/03/2000,VRB,FL,ASO,ES,Towers with Display (VFR),0,0,63,0,63,0,0,49,0,49,0,0,112,0,112,103,0,103,215
12/04/2000,VRB,FL,ASO,ES,Towers with Display (VFR),0,7,91,0,98,0,0,349,0,349,0,7,440,0,447,200,0,200,647
12/05/2000,VRB,FL,ASO,ES,Towers with Display (VFR),0,8,120,0,128,0,0,317,0,317,0,8,437,0,445,126,0,126,571
12/06/2000,VRB,FL,ASO,ES,Towers with Display (VFR),0,10,101,0,111,0,1,357,0,358,0,11,458,0,469,243,0,243,712
12/07/2000,VRB,FL,ASO,ES,Towers with Display (VFR),0,6,87,0,93,0,0,346,0,346,0,6,433,0,439,205,0,205,644
12/08/2000,VRB,FL,ASO,ES,Towers with Display (VFR),0,3,99,0,102,0,0,295,0,295,0,3,394,0,397,304,0,304,701
12/09/2000,VRB,FL,ASO,ES,Towers with Display (VFR),0,2,58,0,60,0,0,267,0,267,0,2,325,0,327,282,0,282,609
12/10/2000,VRB,FL,ASO,ES,Towers with Display (VFR),0,0,44,0,44,0,0,264,1,265,0,0,308,1,309,310,0,310,619
12/11/2000,VRB,FL,ASO,ES,Towers with Display (VFR),0,11,117,0,128,0,0,169,0,169,0,11,286,0,297,154,0,154,451
12/12/2000,VRB,FL,ASO,ES,Towers with Display (VFR),0,11,115,0,126,0,3,260,0,263,0,14,375,0,389,191,4,195,584
12/13/2000,VRB,FL,ASO,ES,Towers with Display (VFR),0,7,98,0,105,0,0,335,0,335,0,7,433,0,440,290,0,290,730
12/14/2000,VRB,FL,ASO,ES,Towers with Display (VFR),0,7,90,0,97,0,0,323,0,323,0,7,413,0,420,238,0,238,658
12/15/2000,VRB,FL,ASO,ES,Towers with Display (VFR),0,11,118,0,129,0,0,244,0,244,0,11,362,0,373,227,0,227,600
12/16/2000,VRB,FL,ASO,ES,Towers with Display (VFR),0,5,61,0,66,0,0,245,0,245,0,5,306,0,311,178,0,178,489
12/17/2000,VRB,FL,ASO,ES,Towers with Display (VFR),0,3,51,0,54,0,0,107,0,107,0,3,158,0,161,99,0,99,260
12/18/2000,VRB,FL,ASO,ES,Towers with Display (VFR),0,7,80,0,87,0,0,356,0,356,0,7,436,0,443,257,0,257,700
12/19/2000,VRB,FL,ASO,ES,Towers with Display (VFR),0,6,67,0,73,0,1,172,0,173,0,7,239,0,246,193,0,193,439
12/20/2000,VRB,FL,ASO,ES,Towers with Display (VFR),0,7,87,0,94,0,5,256,0,261,0,12,343,0,355,273,0,273,628
12/21/2000,VRB,FL,ASO,ES,Towers with Display (VFR),0,7,81,0,88,0,7,267,0,274,0,14,348,0,362,221,0,221,583
12/22/2000,VRB,FL,ASO,ES,Towers with Display (VFR),0,6,72,0,78,0,7,223,0,230,0,13,295,0,308,279,0,279,587
12/23/2000,VRB,FL,ASO,ES,Towers with Display (VFR),0,3,40,0,43,0,2,146,0,148,0,5,186,0,191,148,0,148,339
12/24/2000,VRB,FL,ASO,ES,Towers with Display (VFR),0,2,30,0,32,0,1,59,0,60,0,3,89,0,92,98,0,98,190
12/25/2000,VRB,FL,ASO,ES,Towers with Display (VFR),0,1,13,0,14,0,3,15,0,18,0,4,28,0,32,8,0,8,40
12/26/2000,VRB,FL,ASO,ES,Towers with Display (VFR),0,8,95,0,103,0,2,94,0,96,0,10,189,0,199,155,0,155,354
12/27/2000,VRB,FL,ASO,ES,Towers with Display (VFR),0,8,93,0,101,0,7,194,2,203,0,15,287,2,304,262,0,262,566
12/28/2000,VRB,FL,ASO,ES,Towers with Display (VFR),0,6,76,0,82,0,9,68,0,77,0,15,144,0,159,118,0,118,277
12/29/2000,VRB,FL,ASO,ES,Towers with Display (VFR),0,8,97,0,105,0,9,119,0,128,0,17,216,0,233,176,0,176,409
12/30/2000,VRB,FL,ASO,ES,Towers with Display (VFR),0,4,48,0,52,0,1,208,0,209,0,5,256,0,261,229,0,229,490
12/31/2000,VRB,FL,ASO,ES,Towers with Display (VFR),0,2,28,0,30,0,6,90,0,96,0,8,118,0,126,61,0,61,187
01/01/2001,VRB,FL,ASO,ES,Towers with Display (VFR),0,7,49,0,56,0,8,81,0,89,0,15,130,0,145,52,0,52,197
01/02/2001,VRB,FL,ASO,ES,Towers with Display (VFR),0,9,71,0,80,0,6,231,0,237,0,15,302,0,317,225,0,225,542
01/03/2001,VRB,FL,ASO,ES,Towers with Display (VFR),0,8,81,0,89,0,0,244,0,244,0,8,325,0,333,214,0,214,547
01/04/2001,VRB,FL,ASO,ES,Towers with Display (VFR),0,10,78,0,88,0,2,275,1,278,0,12,353,1,366,253,0,253,619
01/05/2001,VRB,FL,ASO,ES,Towers with Display (VFR),0,12,96,0,108,0,0,310,0,310,0,12,406,0,418,219,0,219,637
01/06/2001,VRB,FL,ASO,ES,Towers with Display (VFR),0,7,54,0,61,0,3,308,0,311,0,10,362,0,372,241,0,241,613
01/07/2001,VRB,FL,ASO,ES,Towers with Display (VFR),0,10,73,0,83,0,8,226,0,234,0,18,299,0,317,151,0,151,468
01/08/2001,VRB,FL,ASO,ES,Towers with Display (VFR),0,9,66,0,75,0,0,201,2,203,0,9,267,2,278,160,0,160,438
01/09/2001,VRB,FL,ASO,ES,Towers with Display (VFR),0,6,62,0,68,0,0,322,2,324,0,6,384,2,392,205,0,205,597
01/10/2001,VRB,FL,ASO,ES,Towers with Display (VFR),0,10,76,0,86,0,4,342,0,346,0,14,418,0,432,267,0,267,699
01/11/2001,VRB,FL,ASO,ES,Towers with Display (VFR),0,11,88,0,99,0,6,345,0,351,0,17,433,0,450,265,0,265,715
01/12/2001,VRB,FL,ASO,ES,Towers with Display (VFR),0,13,123,1,137,0,0,261,0,261,0,13,384,1,398,164,0,164,562
01/13/2001,VRB,FL,ASO,ES,Towers with Display (VFR),0,5,65,0,70,0,0,242,0,242,0,5,307,0,312,211,0,211,523
01/14/2001,VRB,FL,ASO,ES,Towers with Display (VFR),0,7,61,0,68,0,5,164,0,169,0,12,225,0,237,123,0,123,360
01/15/2001,VRB,FL,ASO,ES,Towers with Display (VFR),0,13,109,0,122,0,5,201,0,206,0,18,310,0,328,167,0,167,495
01/16/2001,VRB,FL,ASO,ES,Towers with Display (VFR),0,9,102,0,111,0,0,180,0,180,0,9,282,0,291,271,0,271,562
01/17/2001,VRB,FL,ASO,ES,Towers with Display (VFR),0,8,106,0,114,0,0,358,0,358,0,8,464,0,472,355,0,355,827
01/18/2001,VRB,FL,ASO,ES,Towers with Display (VFR),0,5,82,0,87,0,0,357,3,360,0,5,439,3,447,325,0,325,772
01/19/2001,VRB,FL,ASO,ES,Towers with Display (VFR),0,10,81,0,91,0,0,326,0,326,0,10,407,0,417,195,0,195,612
01/20/2001,VRB,FL,ASO,ES,Towers with Display (VFR),0,6,63,0,69,0,0,71,0,71,0,6,134,0,140,62,0,62,202
01/21/2001,VRB,FL,ASO,ES,Towers with Display (VFR),0,5,64,0,69,0,0,272,0,272,0,5,336,0,341,229,0,229,570
01/22/2001,VRB,FL,ASO,ES,Towers with Display (VFR),0,8,111,0,119,0,0,72,0,72,0,8,183,0,191,103,0,103,294
01/23/2001,VRB,FL,ASO,ES,Towers with Display (VFR),0,10,99,0,109,0,0,299,0,299,0,10,398,0,408,272,0,272,680
01/24/2001,VRB,FL,ASO,ES,Towers with Display (VFR),0,6,103,0,109,0,0,374,0,374,0,6,477,0,483,392,0,392,875
01/25/2001,VRB,FL,ASO,ES,Towers with Display (VFR),0,9,131,0,140,0,0,302,0,302,0,9,433,0,442,395,0,395,837
01/26/2001,VRB,FL,ASO,ES,Towers with Display (VFR),0,12,102,0,114,0,8,298,0,306,0,20,400,0,420,332,0,332,752
01/27/2001,VRB,FL,ASO,ES,Towers with Display (VFR),0,8,84,0,92,0,0,357,0,357,0,8,441,0,449,221,0,221,670
01/28/2001,VRB,FL,ASO,ES,Towers with Display (VFR),0,7,63,0,70,0,9,246,0,255,0,16,309,0,325,146,0,146,471
01/29/2001,VRB,FL,ASO,ES,Towers with Display (VFR),0,9,76,0,85,0,1,245,0,246,0,10,321,0,331,162,0,162,493
01/30/2001,VRB,FL,ASO,ES,Towers with Display (VFR),0,9,72,0,81,0,5,269,0,274,0,14,341,0,355,196,0,196,551
01/31/2001,VRB,FL,ASO,ES,Towers with Display (VFR),0,6,73,0,79,0,0,314,0,314,0,6,387,0,393,195,0,195,588
02/01/2001,VRB,FL,ASO,ES,Towers with Display (VFR),0,11,125,0,136,0,0,249,0,249,0,11,374,0,385,354,0,354,739
02/02/2001,VRB,FL,ASO,ES,Towers with Display (VFR),0,10,182,0,192,0,0,62,0,62,0,10,244,0,254,28,0,28,282
02/03/2001,VRB,FL,ASO,ES,Towers with Display (VFR),0,0,117,0,117,0,0,113,0,113,0,0,230,0,230,93,0,93,323
02/04/2001,VRB,FL,ASO,ES,Towers with Display (VFR),0,3,97,0,100,0,0,105,0,105,0,3,202,0,205,121,0,121,326
02/05/2001,VRB,FL,ASO,ES,Towers with Display (VFR),0,10,100,0,110,0,4,315,0,319,0,14,415,0,429,186,0,186,615
02/06/2001,VRB,FL,ASO,ES,Towers with Display (VFR),0,7,67,0,74,0,6,419,0,425,0,13,486,0,499,354,0,354,853
02/07/2001,VRB,FL,ASO,ES,Towers with Display (VFR),0,9,95,0,104,0,0,410,0,410,0,9,505,0,514,200,0,200,714
02/08/2001,VRB,FL,ASO,ES,Towers with Display (VFR),0,11,106,0,117,0,2,326,0,328,0,13,432,0,445,192,0,192,637
02/09/2001,VRB,FL,ASO,ES,Towers with Display (VFR),0,11,105,0,116,0,2,420,1,423,0,13,525,1,539,134,0,134,673
02/10/2001,VRB,FL,ASO,ES,Towers with Display (VFR),0,10,95,0,105,0,0,299,0,299,0,10,394,0,404,251,0,251,655
02/11/2001,VRB,FL,ASO,ES,Towers with Display (VFR),0,5,90,0,95,0,0,230,0,230,0,5,320,0,325,93,0,93,418
02/12/2001,VRB,FL,ASO,ES,Towers with Display (VFR),0,10,126,0,136,0,0,281,0,281,0,10,407,0,417,153,0,153,570
02/13/2001,VRB,FL,ASO,ES,Towers with Display (VFR),0,12,115,0,127,0,1,319,6,326,0,13,434,6,453,195,0,195,648
02/14/2001,VRB,FL,ASO,ES,Towers with Display (VFR),0,9,103,0,112,0,3,314,0,317,0,12,417,0,429,258,0,258,687
02/15/2001,VRB,FL,ASO,ES,Towers with Display (VFR),0,7,126,0,133,0,0,314,0,314,0,7,440,0,447,198,0,198,645
02/16/2001,VRB,FL,ASO,ES,Towers with Display (VFR),0,11,121,0,132,0,10,379,0,389,0,21,500,0,521,241,0,241,762
02/17/2001,VRB,FL,ASO,ES,Towers with Display (VFR),0,11,123,0,134,0,1,203,0,204,0,12,326,0,338,127,0,127,465
02/18/2001,VRB,FL,ASO,ES,Towers with Display (VFR),0,5,114,0,119,0,0,246,0,246,0,5,360,0,365,122,0,122,487
02/19/2001,VRB,FL,ASO,ES,Towers with Display (VFR),0,8,94,0,102,0,6,284,0,290,0,14,378,0,392,247,0,247,639
02/20/2001,VRB,FL,ASO,ES,Towers with Display (VFR),0,10,107,0,117,0,2,345,0,347,0,12,452,0,464,254,0,254,718
02/21/2001,VRB,FL,ASO,ES,Towers with Display (VFR),0,10,134,0,144,0,0,334,0,334,0,10,468,0,478,240,0,240,718
02/22/2001,VRB,FL,ASO,ES,Towers with Display (VFR),0,12,131,0,143,0,2,283,0,285,0,14,414,0,428,303,0,303,731
02/23/2001,VRB,FL,ASO,ES,Towers with Display (VFR),0,13,143,0,156,0,3,282,0,285,0,16,425,0,441,49,0,49,490
02/24/2001,VRB,FL,ASO,ES,Towers with Display (VFR),0,8,88,0,96,0,1,222,0,223,0,9,310,0,319,159,0,159,478
02/25/2001,VRB,FL,ASO,ES,Towers with Display (VFR),0,8,84,0,92,0,8,210,2,220,0,16,294,2,312,205,0,205,517
02/26/2001,VRB,FL,ASO,ES,Towers with Display (VFR),0,12,136,0,148,0,0,331,0,331,0,12,467,0,479,246,0,246,725
02/27/2001,VRB,FL,ASO,ES,Towers with Display (VFR),0,11,116,0,127,0,1,349,0,350,0,12,465,0,477,263,0,263,740
02/28/2001,VRB,FL,ASO,ES,Towers with Display (VFR),0,10,113,0,123,0,7,364,0,371,0,17,477,0,494,233,0,233,727
03/01/2001,VRB,FL,ASO,ES,Towers with Display (VFR),0,14,117,0,131,0,0,286,0,286,0,14,403,0,417,224,0,224,641
03/02/2001,VRB,FL,ASO,ES,Towers with Display (VFR),0,10,126,0,136,0,0,303,0,303,0,10,429,0,439,199,0,199,638
03/03/2001,VRB,FL,ASO,ES,Towers with Display (VFR),0,11,88,0,99,0,0,224,0,224,0,11,312,0,323,92,0,92,415
03/04/2001,VRB,FL,ASO,ES,Towers with Display (VFR),0,9,61,0,70,0,3,60,0,63,0,12,121,0,133,83,0,83,216
03/05/2001,VRB,FL,ASO,ES,Towers with Display (VFR),0,9,114,0,123,0,0,191,0,191,0,9,305,0,314,121,0,121,435
03/06/2001,VRB,FL,ASO,ES,Towers with Display (VFR),0,11,87,0,98,0,0,314,0,314,0,11,401,0,412,176,0,176,588
03/07/2001,VRB,FL,ASO,ES,Towers with Display (VFR),0,12,99,0,111,0,0,414,0,414,0,12,513,0,525,247,0,247,772
03/08/2001,VRB,FL,ASO,ES,Towers with Display (VFR),0,16,133,0,149,0,0,419,0,419,0,16,552,0,568,268,0,268,836
03/09/2001,VRB,FL,ASO,ES,Towers with Display (VFR),0,15,107,0,122,0,1,335,1,337,0,16,442,1,459,159,0,159,618
03/10/2001,VRB,FL,ASO,ES,Towers with Display (VFR),0,2,79,0,81,0,0,264,0,264,0,2,343,0,345,253,0,253,598
03/11/2001,VRB,FL,ASO,ES,Towers with Display (VFR),0,12,85,0,97,0,0,246,0,246,0,12,331,0,343,267,0,267,610
03/12/2001,VRB,FL,ASO,ES,Towers with Display (VFR),0,12,85,0,97,0,1,318,0,319,0,13,403,0,416,309,0,309,725
03/13/2001,VRB,FL,ASO,ES,Towers with Display (VFR),0,12,113,0,125,0,0,169,0,169,0,12,282,0,294,144,0,144,438
03/14/2001,VRB,FL,ASO,ES,Towers with Display (VFR),0,14,117,0,131,0,0,375,0,375,0,14,492,0,506,338,0,338,844
03/15/2001,VRB,FL,ASO,ES,Towers with Display (VFR),0,17,129,1,147,0,3,185,0,188,0,20,314,1,335,153,0,153,488
03/16/2001,VRB,FL,ASO,ES,Towers with Display (VFR),0,21,157,0,178,0,1,192,1,194,0,22,349,1,372,102,0,102,474
03/17/2001,VRB,FL,ASO,ES,Towers with Display (VFR),0,6,92,0,98,0,0,152,0,152,0,6,244,0,250,139,0,139,389
03/18/2001,VRB,FL,ASO,ES,Towers with Display (VFR),0,10,76,0,86,0,1,145,0,146,0,11,221,0,232,189,0,189,421
03/19/2001,VRB,FL,ASO,ES,Towers with Display (VFR),0,11,84,0,95,0,4,71,0,75,0,15,155,0,170,145,0,145,315
03/20/2001,VRB,FL,ASO,ES,Towers with Display (VFR),0,5,122,0,127,0,0,262,0,262,0,5,384,0,389,138,0,138,527
03/21/2001,VRB,FL,ASO,ES,Towers with Display (VFR),0,6,112,0,118,0,0,303,0,303,0,6,415,0,421,275,0,275,696
03/22/2001,VRB,FL,ASO,ES,Towers with Display (VFR),0,8,86,0,94,0,0,411,0,411,0,8,497,0,505,320,0,320,825
03/23/2001,VRB,FL,ASO,ES,Towers with Display (VFR),0,12,95,0,107,0,0,433,0,433,0,12,528,0,540,283,0,283,823
03/24/2001,VRB,FL,ASO,ES,Towers with Display (VFR),0,9,67,0,76,0,0,424,0,424,0,9,491,0,500,293,0,293,793
03/25/2001,VRB,FL,ASO,ES,Towers with Display (VFR),0,6,86,0,92,0,0,221,0,221,0,6,307,0,313,182,0,182,495
03/26/2001,VRB,FL,ASO,ES,Towers with Display (VFR),0,13,113,0,126,0,0,281,0,281,0,13,394,0,407,204,0,204,611
03/27/2001,VRB,FL,ASO,ES,Towers with Display (VFR),0,13,96,0,109,0,10,351,0,361,0,23,447,0,470,200,0,200,670
03/28/2001,VRB,FL,ASO,ES,Towers with Display (VFR),0,11,99,0,110,0,0,373,0,373,0,11,472,0,483,275,0,275,758
03/29/2001,VRB,FL,ASO,ES,Towers with Display (VFR),0,8,61,0,69,0,7,89,0,96,0,15,150,0,165,129,0,129,294
03/30/2001,VRB,FL,ASO,ES,Towers with Display (VFR),0,11,94,0,105,0,0,136,3,139,0,11,230,3,244,197,0,197,441
03/31/2001,VRB,FL,ASO,ES,Towers with Display (VFR),0,7,92,0,99,0,0,74,0,74,0,7,166,0,173,115,0,115,288
04/01/2001,VRB,FL,ASO,ES,Towers with Display (VFR),0,8,81,0,89,0,0,301,0,301,0,8,382,0,390,339,0,339,729
04/02/2001,VRB,FL,ASO,ES,Towers with Display (VFR),0,6,89,0,95,0,0,482,1,483,0,6,571,1,578,131,0,131,709
04/03/2001,VRB,FL,ASO,ES,Towers with Display (VFR),0,9,93,0,102,0,3,477,0,480,0,12,570,0,582,375,0,375,957
04/04/2001,VRB,FL,ASO,ES,Towers with Display (VFR),0,10,115,0,125,2,0,432,0,434,2,10,547,0,559,310,0,310,869
04/05/2001,VRB,FL,ASO,ES,Towers with Display (VFR),0,11,100,0,111,0,1,357,0,358,0,12,457,0,469,232,0,232,701
04/06/2001,VRB,FL,ASO,ES,Towers with Display (VFR),0,12,113,0,125,0,7,362,0,369,0,19,475,0,494,274,0,274,768
04/07/2001,VRB,FL,ASO,ES,Towers with Display (VFR),0,9,77,0,86,1,0,301,0,302,1,9,378,0,388,234,0,234,622
04/08/2001,VRB,FL,ASO,ES,Towers with Display (VFR),0,8,74,0,82,0,0,278,0,278,0,8,352,0,360,227,0,227,587
04/09/2001,VRB,FL,ASO,ES,Towers with Display (VFR),0,10,87,0,97,0,1,378,0,379,0,11,465,0,476,295,0,295,771
04/10/2001,VRB,FL,ASO,ES,Towers with Display (VFR),0,9,122,0,131,0,0,424,0,424,0,9,546,0,555,310,0,310,865
04/11/2001,VRB,FL,ASO,ES,Towers with Display (VFR),0,11,112,0,123,0,1,374,0,375,0,12,486,0,498,262,0,262,760
04/12/2001,VRB,FL,ASO,ES,Towers with Display (VFR),0,14,136,0,150,0,4,357,0,361,0,18,493,0,511,351,0,351,862
04/13/2001,VRB,FL,ASO,ES,Towers with Display (VFR),0,9,115,0,124,0,0,322,0,322,0,9,437,0,446,240,0,240,686
04/14/2001,VRB,FL,ASO,ES,Towers with Display (VFR),0,5,57,0,62,0,0,282,0,282,0,5,339,0,344,214,0,214,558
04/15/2001,VRB,FL,ASO,ES,Towers with Display (VFR),0,4,43,1,48,0,11,149,1,161,0,15,192,2,209,238,2,240,449
04/16/2001,VRB,FL,ASO,ES,Towers with Display (VFR),0,13,128,0,141,0,3,297,0,300,0,16,425,0,441,211,0,211,652
04/17/2001,VRB,FL,ASO,ES,Towers with Display (VFR),0,8,79,0,87,0,1,456,0,457,0,9,535,0,544,381,0,381,925
04/18/2001,VRB,FL,ASO,ES,Towers with Display (VFR),0,9,95,0,104,0,4,412,0,416,0,13,507,0,520,211,0,211,731
04/19/2001,VRB,FL,ASO,ES,Towers with Display (VFR),0,9,94,0,103,0,4,399,0,403,0,13,493,0,506,286,0,286,792
04/20/2001,VRB,FL,ASO,ES,Towers with Display (VFR),0,8,100,0,108,0,0,407,1,408,0,8,507,1,516,198,0,198,714
04/21/2001,VRB,FL,ASO,ES,Towers with Display (VFR),0,7,70,0,77,0,0,334,0,334,0,7,404,0,411,228,0,228,639
04/22/2001,VRB,FL,ASO,ES,Towers with Display (VFR),0,7,71,0,78,0,3,297,0,300,0,10,368,0,378,232,0,232,610
04/23/2001,VRB,FL,ASO,ES,Towers with Display (VFR),0,10,98,0,108,0,0,366,4,370,0,10,464,4,478,219,0,219,697
04/24/2001,VRB,FL,ASO,ES,Towers with Display (VFR),0,7,105,0,112,0,0,365,0,365,0,7,470,0,477,290,0,290,767
04/25/2001,VRB,FL,ASO,ES,Towers with Display (VFR),0,8,94,0,102,0,0,288,2,290,0,8,382,2,392,247,0,247,639
04/26/2001,VRB,FL,ASO,ES,Towers with Display (VFR),0,8,131,0,139,0,0,220,0,220,0,8,351,0,359,112,0,112,471
04/27/2001,VRB,FL,ASO,ES,Towers with Display (VFR),0,7,88,0,95,0,0,386,0,386,0,7,474,0,481,216,0,216,697
04/28/2001,VRB,FL,ASO,ES,Towers with Display (VFR),0,3,85,0,88,0,0,318,0,318,0,3,403,0,406,219,0,219,625
04/29/2001,VRB,FL,ASO,ES,Towers with Display (VFR),0,7,77,0,84,0,2,108,0,110,0,9,185,0,194,132,0,132,326
04/30/2001,VRB,FL,ASO,ES,Towers with Display (VFR),0,8,94,0,102,0,0,95,0,95,0,8,189,0,197,198,0,198,395
05/01/2001,VRB,FL,ASO,ES,Towers with Display (VFR),0,10,102,0,112,0,6,116,0,122,0,16,218,0,234,193,0,193,427
05/02/2001,VRB,FL,ASO,ES,Towers with Display (VFR),0,11,119,0,130,0,1,362,0,363,0,12,481,0,493,212,0,212,705
05/03/2001,VRB,FL,ASO,ES,Towers with Display (VFR),0,10,108,0,118,0,5,166,0,171,0,15,274,0,289,136,0,136,425
05/04/2001,VRB,FL,ASO,ES,Towers with Display (VFR),0,10,105,0,115,0,1,299,0,300,0,11,404,0,415,303,0,303,718
05/05/2001,VRB,FL,ASO,ES,Towers with Display (VFR),0,4,59,0,63,0,0,311,0,311,0,4,370,0,374,272,0,272,646
05/06/2001,VRB,FL,ASO,ES,Towers with Display (VFR),0,6,77,0,83,0,0,320,2,322,0,6,397,2,405,246,0,246,651
05/07/2001,VRB,FL,ASO,ES,Towers with Display (VFR),0,7,73,0,80,0,0,318,2,320,0,7,391,2,400,286,0,286,686
05/08/2001,VRB,FL,ASO,ES,Towers with Display (VFR),0,11,118,0,129,0,0,286,0,286,0,11,404,0,415,164,0,164,579
05/09/2001,VRB,FL,ASO,ES,Towers with Display (VFR),0,10,108,0,118,0,1,444,0,445,0,11,552,0,563,333,0,333,896
05/10/2001,VRB,FL,ASO,ES,Towers with Display (VFR),0,9,110,0,119,0,0,369,0,369,0,9,479,0,488,356,0,356,844
05/11/2001,VRB,FL,ASO,ES,Towers with Display (VFR),0,5,112,0,117,0,0,371,0,371,0,5,483,0,488,352,0,352,840
05/12/2001,VRB,FL,ASO,ES,Towers with Display (VFR),0,3,56,0,59,0,0,387,0,387,0,3,443,0,446,361,0,361,807
05/13/2001,VRB,FL,ASO,ES,Towers with Display (VFR),0,5,54,0,59,0,7,293,0,300,0,12,347,0,359,350,0,350,709
05/14/2001,VRB,FL,ASO,ES,Towers with Display (VFR),0,6,71,0,77,0,1,370,0,371,0,7,441,0,448,318,0,318,766
05/15/2001,VRB,FL,ASO,ES,Towers with Display (VFR),0,16,91,0,107,0,3,395,0,398,0,19,486,0,505,343,0,343,848
05/16/2001,VRB,FL,ASO,ES,Towers with Display (VFR),0,8,92,0,100,0,2,400,0,402,0,10,492,0,502,356,0,356,858
05/17/2001,VRB,FL,ASO,ES,Towers with Display (VFR),0,8,103,0,111,0,2,410,2,414,0,10,513,2,525,388,0,388,913
05/18/2001,VRB,FL,ASO,ES,Towers with Display (VFR),0,7,138,2,147,0,0,293,0,293,0,7,431,2,440,303,0,303,743
05/19/2001,VRB,FL,ASO,ES,Towers with Display (VFR),0,1,60,0,61,0,0,350,0,350,0,1,410,0,411,340,0,340,751
05/20/2001,VRB,FL,ASO,ES,Towers with Display (VFR),0,4,47,0,51,0,2,293,0,295,0,6,340,0,346,326,0,326,672
05/21/2001,VRB,FL,ASO,ES,Towers with Display (VFR),0,8,88,0,96,0,1,407,0,408,0,9,495,0,504,260,0,260,764
05/22/2001,VRB,FL,ASO,ES,Towers with Display (VFR),0,7,86,0,93,0,7,284,2,293,0,14,370,2,386,317,0,317,703
05/23/2001,VRB,FL,ASO,ES,Towers with Display (VFR),0,10,77,0,87,0,0,152,0,152,0,10,229,0,239,222,0,222,461
05/24/2001,VRB,FL,ASO,ES,Towers with Display (VFR),0,5,149,0,154,0,0,384,0,384,0,5,533,0,538,231,0,231,769
05/25/2001,VRB,FL,ASO,ES,Towers with Display (VFR),0,5,104,0,109,0,0,277,0,277,0,5,381,0,386,234,0,234,620
05/26/2001,VRB,FL,ASO,ES,Towers with Display (VFR),0,6,86,0,92,0,0,234,0,234,0,6,320,0,326,425,0,425,751
05/27/2001,VRB,FL,ASO,ES,Towers with Display (VFR),0,1,61,0,62,0,1,233,0,234,0,2,294,0,296,285,0,285,581
05/28/2001,VRB,FL,ASO,ES,Towers with Display (VFR),0,6,72,0,78,0,0,239,0,239,0,6,311,0,317,476,0,476,793
05/29/2001,VRB,FL,ASO,ES,Towers with Display (VFR),0,7,99,0,106,0,2,291,2,295,0,9,390,2,401,220,0,220,621
05/30/2001,VRB,FL,ASO,ES,Towers with Display (VFR),0,10,121,0,131,0,4,430,0,434,0,14,551,0,565,442,0,442,1007
05/31/2001,VRB,FL,ASO,ES,Towers with Display (VFR),0,13,91,0,104,0,0,347,0,347,0,13,438,0,451,345,0,345,796
06/01/2001,VRB,FL,ASO,ES,Towers with Display (VFR),0,5,95,0,100,0,0,303,0,303,0,5,398,0,403,352,0,352,755
06/02/2001,VRB,FL,ASO,ES,Towers with Display (VFR),0,3,81,0,84,0,1,248,0,249,0,4,329,0,333,170,0,170,503
06/03/2001,VRB,FL,ASO,ES,Towers with Display (VFR),0,11,84,0,95,0,0,269,0,269,0,11,353,0,364,332,0,332,696
06/04/2001,VRB,FL,ASO,ES,Towers with Display (VFR),0,3,105,0,108,0,0,328,0,328,0,3,433,0,436,328,0,328,764
06/05/2001,VRB,FL,ASO,ES,Towers with Display (VFR),0,8,102,0,110,0,0,297,0,297,0,8,399,0,407,365,0,365,772
06/06/2001,VRB,FL,ASO,ES,Towers with Display (VFR),0,6,111,0,117,0,0,332,0,332,0,6,443,0,449,281,0,281,730
06/07/2001,VRB,FL,ASO,ES,Towers with Display (VFR),0,12,82,0,94,0,1,322,0,323,0,13,404,0,417,412,0,412,829
06/08/2001,VRB,FL,ASO,ES,Towers with Display (VFR),0,6,93,0,99,0,5,289,0,294,0,11,382,0,393,290,0,290,683
06/09/2001,VRB,FL,ASO,ES,Towers with Display (VFR),0,4,64,0,68,0,0,340,0,340,0,4,404,0,408,322,0,322,730
06/10/2001,VRB,FL,ASO,ES,Towers with Display (VFR),0,5,79,0,84,0,3,296,0,299,0,8,375,0,383,292,0,292,675
06/11/2001,VRB,FL,ASO,ES,Towers with Display (VFR),0,4,91,0,95,0,0,362,0,362,0,4,453,0,457,352,0,352,809
06/12/2001,VRB,FL,ASO,ES,Towers with Display (VFR),0,9,80,0,89,0,1,343,0,344,0,10,423,0,433,203,0,203,636
06/13/2001,VRB,FL,ASO,ES,Towers with Display (VFR),0,7,100,0,107,0,1,329,0,330,0,8,429,0,437,310,0,310,747
06/14/2001,VRB,FL,ASO,ES,Towers with Display (VFR),0,4,90,0,94,0,0,367,0,367,0,4,457,0,461,380,0,380,841
06/15/2001,VRB,FL,ASO,ES,Towers with Display (VFR),0,4,77,0,81,0,0,288,0,288,0,4,365,0,369,312,0,312,681
06/16/2001,VRB,FL,ASO,ES,Towers with Display (VFR),0,2,44,0,46,0,0,286,0,286,0,2,330,0,332,286,0,286,618
06/17/2001,VRB,FL,ASO,ES,Towers with Display (VFR),0,4,69,0,73,0,2,264,0,266,0,6,333,0,339,362,0,362,701
06/18/2001,VRB,FL,ASO,ES,Towers with Display (VFR),0,9,82,0,91,0,0,366,0,366,0,9,448,0,457,347,0,347,804
06/19/2001,VRB,FL,ASO,ES,Towers with Display (VFR),0,5,99,0,104,0,0,292,0,292,0,5,391,0,396,284,0,284,680
06/20/2001,VRB,FL,ASO,ES,Towers with Display (VFR),0,7,111,0,118,0,2,317,0,319,0,9,428,0,437,322,0,322,759
06/21/2001,VRB,FL,ASO,ES,Towers with Display (VFR),0,10,97,0,107,0,0,295,0,295,0,10,392,0,402,338,0,338,740
06/22/2001,VRB,FL,ASO,ES,Towers with Display (VFR),0,8,73,0,81,0,0,269,0,269,0,8,342,0,350,199,0,199,549
06/23/2001,VRB,FL,ASO,ES,Towers with Display (VFR),0,4,63,0,67,0,2,196,0,198,0,6,259,0,265,253,0,253,518
06/24/2001,VRB,FL,ASO,ES,Towers with Display (VFR),0,3,39,0,42,0,0,237,0,237,0,3,276,0,279,277,0,277,556
06/25/2001,VRB,FL,ASO,ES,Towers with Display (VFR),0,6,66,0,72,0,1,383,0,384,0,7,449,0,456,278,0,278,734
06/26/2001,VRB,FL,ASO,ES,Towers with Display (VFR),0,9,76,0,85,0,3,312,0,315,0,12,388,0,400,356,0,356,756
06/27/2001,VRB,FL,ASO,ES,Towers with Display (VFR),0,4,61,0,65,0,2,203,0,205,0,6,264,0,270,170,0,170,440
06/28/2001,VRB,FL,ASO,ES,Towers with Display (VFR),0,5,59,0,64,0,0,136,0,136,0,5,195,0,200,199,0,199,399
06/29/2001,VRB,FL,ASO,ES,Towers with Display (VFR),0,9,136,0,145,0,0,360,0,360,0,9,496,0,505,287,0,287,792
06/30/2001,VRB,FL,ASO,ES,Towers with Display (VFR),0,0,81,0,81,0,0,315,0,315,0,0,396,0,396,299,0,299,695
07/01/2001,VRB,FL,ASO,ES,Towers with Display (VFR),0,4,61,0,65,0,2,345,0,347,0,6,406,0,412,317,0,317,729
07/02/2001,VRB,FL,ASO,ES,Towers with Display (VFR),0,5,110,0,115,0,0,383,0,383,0,5,493,0,498,292,0,292,790
07/03/2001,VRB,FL,ASO,ES,Towers with Display (VFR),0,11,105,0,116,0,0,339,0,339,0,11,444,0,455,310,0,310,765
07/04/2001,VRB,FL,ASO,ES,Towers with Display (VFR),0,4,60,0,64,0,0,179,0,179,0,4,239,0,243,193,0,193,436
07/05/2001,VRB,FL,ASO,ES,Towers with Display (VFR),0,5,83,0,88,0,0,315,0,315,0,5,398,0,403,239,0,239,642
07/06/2001,VRB,FL,ASO,ES,Towers with Display (VFR),0,6,93,0,99,0,0,367,0,367,0,6,460,0,466,232,0,232,698
07/07/2001,VRB,FL,ASO,ES,Towers with Display (VFR),0,1,109,0,110,0,0,315,0,315,0,1,424,0,425,294,0,294,719
07/08/2001,VRB,FL,ASO,ES,Towers with Display (VFR),0,3,82,0,85,0,0,214,0,214,0,3,296,0,299,189,0,189,488
07/09/2001,VRB,FL,ASO,ES,Towers with Display (VFR),0,1,83,0,84,0,0,251,0,251,0,1,334,0,335,272,0,272,607
07/10/2001,VRB,FL,ASO,ES,Towers with Display (VFR),0,5,124,0,129,0,0,248,0,248,0,5,372,0,377,167,0,167,544
07/11/2001,VRB,FL,ASO,ES,Towers with Display (VFR),0,5,125,0,130,0,1,277,0,278,0,6,402,0,408,295,0,295,703
07/12/2001,VRB,FL,ASO,ES,Towers with Display (VFR),0,0,0,0,0,0,4,376,0,380,0,4,376,0,380,251,0,251,631
07/13/2001,VRB,FL,ASO,ES,Towers with Display (VFR),0,1,95,0,96,0,0,243,0,243,0,1,338,0,339,269,0,269,608
07/14/2001,VRB,FL,ASO,ES,Towers with Display (VFR),0,0,87,0,87,0,8,162,0,170,0,8,249,0,257,322,0,322,579
07/15/2001,VRB,FL,ASO,ES,Towers with Display (VFR),0,1,76,0,77,0,0,36,0,36,0,1,112,0,113,85,0,85,198
07/16/2001,VRB,FL,ASO,ES,Towers with Display (VFR),0,4,105,0,109,0,3,349,0,352,0,7,454,0,461,392,0,392,853
07/17/2001,VRB,FL,ASO,ES,Towers with Display (VFR),0,5,121,0,126,0,2,304,0,306,0,7,425,0,432,433,0,433,865
07/18/2001,VRB,FL,ASO,ES,Towers with Display (VFR),0,7,92,0,99,0,0,342,0,342,0,7,434,0,441,290,0,290,731
07/19/2001,VRB,FL,ASO,ES,Towers with Display (VFR),0,6,71,0,77,0,0,353,0,353,0,6,424,0,430,463,0,463,893
07/20/2001,VRB,FL,ASO,ES,Towers with Display (VFR),0,7,84,0,91,0,0,274,0,274,0,7,358,0,365,249,0,249,614
07/21/2001,VRB,FL,ASO,ES,Towers with Display (VFR),0,4,45,0,49,0,0,140,0,140,0,4,185,0,189,205,0,205,394
07/22/2001,VRB,FL,ASO,ES,Towers with Display (VFR),0,0,66,0,66,0,0,110,0,110,0,0,176,0,176,284,0,284,460
07/23/2001,VRB,FL,ASO,ES,Towers with Display (VFR),0,2,87,0,89,0,1,108,0,109,0,3,195,0,198,195,0,195,393
07/24/2001,VRB,FL,ASO,ES,Towers with Display (VFR),0,11,92,0,103,0,0,365,0,365,0,11,457,0,468,429,0,429,897
07/25/2001,VRB,FL,ASO,ES,Towers with Display (VFR),0,4,84,0,88,0,0,435,0,435,0,4,519,0,523,394,0,394,917
07/26/2001,VRB,FL,ASO,ES,Towers with Display (VFR),0,7,127,0,134,0,0,417,0,417,0,7,544,0,551,434,0,434,985
07/27/2001,VRB,FL,ASO,ES,Towers with Display (VFR),0,5,98,0,103,0,5,364,0,369,0,10,462,0,472,439,0,439,911
07/28/2001,VRB,FL,ASO,ES,Towers with Display (VFR),0,0,0,0,0,0,5,418,0,423,0,5,418,0,423,383,0,383,806
07/29/2001,VRB,FL,ASO,ES,Towers with Display (VFR),0,2,48,0,50,0,0,274,0,274,0,2,322,0,324,349,0,349,673
07/30/2001,VRB,FL,ASO,ES,Towers with Display (VFR),0,0,0,0,0,0,5,399,0,404,0,5,399,0,404,346,0,346,750
07/31/2001,VRB,FL,ASO,ES,Towers with Display (VFR),0,4,83,0,87,0,2,294,0,296,0,6,377,0,383,420,0,420,803
08/01/2001,VRB,FL,ASO,ES,Towers with Display (VFR),0,4,95,0,99,0,1,221,0,222,0,5,316,0,321,212,0,212,533
08/02/2001,VRB,FL,ASO,ES,Towers with Display (VFR),0,4,95,0,99,0,0,46,0,46,0,4,141,0,145,64,0,64,209
08/03/2001,VRB,FL,ASO,ES,Towers with Display (VFR),0,7,112,0,119,0,0,171,0,171,0,7,283,0,290,196,0,196,486
08/04/2001,VRB,FL,ASO,ES,Towers with Display (VFR),0,1,68,0,69,0,0,310,0,310,0,1,378,0,379,317,0,317,696
08/05/2001,VRB,FL,ASO,ES,Towers with Display (VFR),0,2,58,0,60,0,0,262,0,262,0,2,320,0,322,286,0,286,608
08/06/2001,VRB,FL,ASO,ES,Towers with Display (VFR),0,2,76,0,78,0,0,286,1,287,0,2,362,1,365,359,0,359,724
08/07/2001,VRB,FL,ASO,ES,Towers with Display (VFR),0,6,134,0,140,0,0,346,0,346,0,6,480,0,486,402,0,402,888
08/08/2001,VRB,FL,ASO,ES,Towers with Display (VFR),0,6,111,0,117,0,0,433,0,433,0,6,544,0,550,244,0,244,794
08/09/2001,VRB,FL,ASO,ES,Towers with Display (VFR),0,7,73,0,80,0,0,391,0,391,0,7,464,0,471,412,0,412,883
08/10/2001,VRB,FL,ASO,ES,Towers with Display (VFR),0,5,112,0,117,0,0,370,1,371,0,5,482,1,488,385,0,385,873
08/11/2001,VRB,FL,ASO,ES,Towers with Display (VFR),0,1,96,0,97,0,0,251,0,251,0,1,347,0,348,395,0,395,743
08/12/2001,VRB,FL,ASO,ES,Towers with Display (VFR),0,6,86,0,92,0,0,273,0,273,0,6,359,0,365,380,0,380,745
08/13/2001,VRB,FL,ASO,ES,Towers with Display (VFR),0,4,99,0,103,0,0,336,0,336,0,4,435,0,439,329,0,329,768
08/14/2001,VRB,FL,ASO,ES,Towers with Display (VFR),0,5,109,0,114,0,0,336,0,336,0,5,445,0,450,392,0,392,842
08/15/2001,VRB,FL,ASO,ES,Towers with Display (VFR),0,5,102,0,107,0,1,382,0,383,0,6,484,0,490,280,0,280,770
08/16/2001,VRB,FL,ASO,ES,Towers with Display (VFR),0,5,120,0,125,0,0,314,0,314,0,5,434,0,439,437,0,437,876
08/17/2001,VRB,FL,ASO,ES,Towers with Display (VFR),0,5,108,0,113,0,1,331,0,332,0,6,439,0,445,388,0,388,833
08/18/2001,VRB,FL,ASO,ES,Towers with Display (VFR),0,7,43,0,50,0,0,291,0,291,0,7,334,0,341,335,0,335,676
08/19/2001,VRB,FL,ASO,ES,Towers with Display (VFR),0,4,55,0,59,0,0,276,0,276,0,4,331,0,335,316,0,316,651
08/20/2001,VRB,FL,ASO,ES,Towers with Display (VFR),0,2,84,0,86,0,0,234,0,234,0,2,318,0,320,312,0,312,632
08/21/2001,VRB,FL,ASO,ES,Towers with Display (VFR),0,9,87,0,96,0,0,265,0,265,0,9,352,0,361,291,0,291,652
08/22/2001,VRB,FL,ASO,ES,Towers with Display (VFR),0,7,113,0,120,0,0,338,0,338,0,7,451,0,458,282,0,282,740
08/23/2001,VRB,FL,ASO,ES,Towers with Display (VFR),0,5,106,0,111,0,0,318,0,318,0,5,424,0,429,283,0,283,712
08/24/2001,VRB,FL,ASO,ES,Towers with Display (VFR),0,4,128,0,132,0,0,322,0,322,0,4,450,0,454,322,0,322,776
08/25/2001,VRB,FL,ASO,ES,Towers with Display (VFR),0,3,71,0,74,0,2,278,0,280,0,5,349,0,354,287,0,287,641
08/26/2001,VRB,FL,ASO,ES,Towers with Display (VFR),0,4,99,0,103,0,0,222,0,222,0,4,321,0,325,296,0,296,621
08/27/2001,VRB,FL,ASO,ES,Towers with Display (VFR),0,1,104,0,105,0,0,348,0,348,0,1,452,0,453,320,0,320,773
08/28/2001,VRB,FL,ASO,ES,Towers with Display (VFR),0,6,95,0,101,0,0,363,0,363,0,6,458,0,464,343,0,343,807
08/29/2001,VRB,FL,ASO,ES,Towers with Display (VFR),0,8,107,0,115,0,1,401,0,402,0,9,508,0,517,317,0,317,834
08/30/2001,VRB,FL,ASO,ES,Towers with Display (VFR),0,5,109,0,114,0,0,331,0,331,0,5,440,0,445,372,0,372,817
08/31/2001,VRB,FL,ASO,ES,Towers with Display (VFR),0,5,116,0,121,0,4,320,0,324,0,9,436,0,445,425,0,425,870
09/01/2001,VRB,FL,ASO,ES,Towers with Display (VFR),0,0,59,0,59,0,0,241,0,241,0,0,300,0,300,325,0,325,625
09/02/2001,VRB,FL,ASO,ES,Towers with Display (VFR),0,0,67,4,71,0,0,196,2,198,0,0,263,6,269,281,0,281,550
09/03/2001,VRB,FL,ASO,ES,Towers with Display (VFR),0,2,64,0,66,0,4,162,0,166,0,6,226,0,232,165,0,165,397
09/04/2001,VRB,FL,ASO,ES,Towers with Display (VFR),0,3,76,0,79,0,2,242,0,244,0,5,318,0,323,316,0,316,639
09/05/2001,VRB,FL,ASO,ES,Towers with Display (VFR),0,5,99,0,104,0,0,300,0,300,0,5,399,0,404,251,0,251,655
09/06/2001,VRB,FL,ASO,ES,Towers with Display (VFR),0,6,126,0,132,0,1,265,0,266,0,7,391,0,398,284,0,284,682
09/07/2001,VRB,FL,ASO,ES,Towers with Display (VFR),0,7,122,0,129,0,3,142,0,145,0,10,264,0,274,248,0,248,522
09/08/2001,VRB,FL,ASO,ES,Towers with Display (VFR),0,3,109,0,112,0,0,162,0,162,0,3,271,0,274,220,0,220,494
09/09/2001,VRB,FL,ASO,ES,Towers with Display (VFR),0,2,80,0,82,0,0,138,0,138,0,2,218,0,220,303,0,303,523
09/10/2001,VRB,FL,ASO,ES,Towers with Display (VFR),0,5,124,4,133,0,3,307,0,310,0,8,431,4,443,336,0,336,779
09/11/2001,VRB,FL,ASO,ES,Towers with Display (VFR),0,3,16,0,19,0,0,88,0,88,0,3,104,0,107,37,0,37,144
09/12/2001,VRB,FL,ASO,ES,Towers with Display (VFR),0,3,1,2,6,0,0,0,0,0,0,3,1,2,6,0,0,0,6
09/13/2001,VRB,FL,ASO,ES,Towers with Display (VFR),0,3,1,0,4,0,0,0,0,0,0,3,1,0,4,0,0,0,4
09/14/2001,VRB,FL,ASO,ES,Towers with Display (VFR),0,5,3,0,8,0,0,0,0,0,0,5,3,0,8,0,0,0,8
09/15/2001,VRB,FL,ASO,ES,Towers with Display (VFR),0,2,30,0,32,0,0,0,0,0,0,2,30,0,32,0,0,0,32
09/16/2001,VRB,FL,ASO,ES,Towers with Display (VFR),0,5,115,0,120,0,0,0,2,2,0,5,115,2,122,0,0,0,122
09/17/2001,VRB,FL,ASO,ES,Towers with Display (VFR),0,5,189,0,194,0,0,6,0,6,0,5,195,0,200,0,0,0,200
09/18/2001,VRB,FL,ASO,ES,Towers with Display (VFR),0,5,204,0,209,0,0,0,0,0,0,5,204,0,209,0,0,0,209
09/19/2001,VRB,FL,ASO,ES,Towers with Display (VFR),0,6,190,0,196,0,0,2,0,2,0,6,192,0,198,0,0,0,198
09/20/2001,VRB,FL,ASO,ES,Towers with Display (VFR),0,10,175,0,185,0,0,80,0,80,0,10,255,0,265,0,0,0,265
09/21/2001,VRB,FL,ASO,ES,Towers with Display (VFR),0,6,126,0,132,0,0,93,0,93,0,6,219,0,225,2,0,2,227
09/22/2001,VRB,FL,ASO,ES,Towers with Display (VFR),0,0,82,0,82,0,0,221,2,223,0,0,303,2,305,315,0,315,620
09/23/2001,VRB,FL,ASO,ES,Towers with Display (VFR),0,5,75,0,80,0,0,217,0,217,0,5,292,0,297,241,0,241,538
09/24/2001,VRB,FL,ASO,ES,Towers with Display (VFR),0,6,92,0,98,0,0,283,0,283,0,6,375,0,381,398,0,398,779
09/25/2001,VRB,FL,ASO,ES,Towers with Display (VFR),0,8,94,0,102,0,0,311,0,311,0,8,405,0,413,317,0,317,730
09/26/2001,VRB,FL,ASO,ES,Towers with Display (VFR),0,14,122,0,136,0,0,316,5,321,0,14,438,5,457,235,0,235,692
09/27/2001,VRB,FL,ASO,ES,Towers with Display (VFR),0,5,107,0,112,0,1,124,0,125,0,6,231,0,237,235,0,235,472
09/28/2001,VRB,FL,ASO,ES,Towers with Display (VFR),0,8,101,4,113,0,0,248,0,248,0,8,349,4,361,361,0,361,722
09/29/2001,VRB,FL,ASO,ES,Towers with Display (VFR),0,0,56,0,56,0,0,81,0,81,0,0,137,0,137,85,0,85,222
09/30/2001,VRB,FL,ASO,ES,Towers with Display (VFR),0,11,52,0,63,0,0,272,0,272,0,11,324,0,335,205,0,205,540
10/01/2001,VRB,FL,ASO,ES,Towers with Display (VFR),0,4,93,0,97,0,0,402,0,402,0,4,495,0,499,265,0,265,764
10/02/2001,VRB,FL,ASO,ES,Towers with Display (VFR),0,13,84,0,97,0,4,441,0,445,0,17,525,0,542,335,0,335,877
10/03/2001,VRB,FL,ASO,ES,Towers with Display (VFR),0,11,82,0,93,0,0,401,0,401,0,11,483,0,494,229,0,229,723
10/04/2001,VRB,FL,ASO,ES,Towers with Display (VFR),0,11,103,0,114,0,10,424,0,434,0,21,527,0,548,265,0,265,813
10/05/2001,VRB,FL,ASO,ES,Towers with Display (VFR),0,9,105,0,114,0,3,442,0,445,0,12,547,0,559,317,0,317,876
10/06/2001,VRB,FL,ASO,ES,Towers with Display (VFR),0,1,64,0,65,0,0,265,0,265,0,1,329,0,330,359,0,359,689
10/07/2001,VRB,FL,ASO,ES,Towers with Display (VFR),0,7,78,0,85,0,0,208,0,208,0,7,286,0,293,236,0,236,529
10/08/2001,VRB,FL,ASO,ES,Towers with Display (VFR),0,7,76,2,85,0,0,130,0,130,0,7,206,2,215,151,0,151,366
10/09/2001,VRB,FL,ASO,ES,Towers with Display (VFR),0,7,95,0,102,0,0,155,0,155,0,7,250,0,257,165,0,165,422
10/10/2001,VRB,FL,ASO,ES,Towers with Display (VFR),0,11,132,1,144,0,0,269,0,269,0,11,401,1,413,345,0,345,758
10/11/2001,VRB,FL,ASO,ES,Towers with Display (VFR),0,6,97,0,103,0,0,357,0,357,0,6,454,0,460,487,0,487,947
10/12/2001,VRB,FL,ASO,ES,Towers with Display (VFR),0,10,73,0,83,0,0,418,0,418,0,10,491,0,501,516,0,516,1017
10/13/2001,VRB,FL,ASO,ES,Towers with Display (VFR),0,3,63,0,66,0,0,304,0,304,0,3,367,0,370,354,0,354,724
10/14/2001,VRB,FL,ASO,ES,Towers with Display (VFR),0,5,62,2,69,0,0,208,0,208,0,5,270,2,277,389,0,389,666
10/15/2001,VRB,FL,ASO,ES,Towers with Display (VFR),0,7,91,0,98,0,1,169,0,170,0,8,260,0,268,247,0,247,515
10/16/2001,VRB,FL,ASO,ES,Towers with Display (VFR),0,6,69,0,75,0,0,310,0,310,0,6,379,0,385,390,0,390,775
10/17/2001,VRB,FL,ASO,ES,Towers with Display (VFR),0,9,100,0,109,0,1,227,0,228,0,10,327,0,337,242,0,242,579
10/18/2001,VRB,FL,ASO,ES,Towers with Display (VFR),0,8,67,0,75,0,3,204,0,207,0,11,271,0,282,225,0,225,507
10/19/2001,VRB,FL,ASO,ES,Towers with Display (VFR),0,1,13,0,14,0,8,269,0,277,0,9,282,0,291,199,0,199,490
10/20/2001,VRB,FL,ASO,ES,Towers with Display (VFR),0,3,72,0,75,0,0,245,0,245,0,3,317,0,320,348,0,348,668
10/21/2001,VRB,FL,ASO,ES,Towers with Display (VFR),0,6,63,2,71,0,0,106,0,106,0,6,169,2,177,305,0,305,482
10/22/2001,VRB,FL,ASO,ES,Towers with Display (VFR),0,9,119,0,128,0,1,110,0,111,0,10,229,0,239,220,0,220,459
10/23/2001,VRB,FL,ASO,ES,Towers with Display (VFR),0,13,123,0,136,0,0,181,0,181,0,13,304,0,317,283,0,283,600
10/24/2001,VRB,FL,ASO,ES,Towers with Display (VFR),0,13,115,0,128,0,3,356,0,359,0,16,471,0,487,329,0,329,816
10/25/2001,VRB,FL,ASO,ES,Towers with Display (VFR),0,11,126,0,137,0,5,71,0,76,0,16,197,0,213,83,0,83,296
10/26/2001,VRB,FL,ASO,ES,Towers with Display (VFR),0,9,145,0,154,0,0,217,0,217,0,9,362,0,371,192,0,192,563
10/27/2001,VRB,FL,ASO,ES,Towers with Display (VFR),0,9,66,0,75,0,0,299,0,299,0,9,365,0,374,302,0,302,676
10/28/2001,VRB,FL,ASO,ES,Towers with Display (VFR),0,7,56,0,63,0,1,253,0,254,0,8,309,0,317,231,0,231,548
10/29/2001,VRB,FL,ASO,ES,Towers with Display (VFR),0,9,99,2,110,0,0,262,0,262,0,9,361,2,372,316,0,316,688
10/30/2001,VRB,FL,ASO,ES,Towers with Display (VFR),0,14,87,0,101,0,0,354,0,354,0,14,441,0,455,313,0,313,768
10/31/2001,VRB,FL,ASO,ES,Towers with Display (VFR),0,11,111,0,122,0,0,298,0,298,0,11,409,0,420,293,0,293,713
11/01/2001,VRB,FL,ASO,ES,Towers with Display (VFR),0,23,125,0,148,0,1,353,0,354,0,24,478,0,502,350,0,350,852
11/02/2001,VRB,FL,ASO,ES,Towers with Display (VFR),0,26,125,0,151,0,0,305,0,305,0,26,430,0,456,469,0,469,925
11/03/2001,VRB,FL,ASO,ES,Towers with Display (VFR),0,8,82,0,90,0,0,264,0,264,0,8,346,0,354,256,0,256,610
11/04/2001,VRB,FL,ASO,ES,Towers with Display (VFR),0,24,50,0,74,0,0,196,0,196,0,24,246,0,270,274,0,274,544
11/05/2001,VRB,FL,ASO,ES,Towers with Display (VFR),0,10,64,0,74,0,0,43,0,43,0,10,107,0,117,63,0,63,180
11/06/2001,VRB,FL,ASO,ES,Towers with Display (VFR),0,11,116,0,127,0,2,421,0,423,0,13,537,0,550,271,0,271,821
11/07/2001,VRB,FL,ASO,ES,Towers with Display (VFR),0,10,126,0,136,0,0,512,0,512,0,10,638,0,648,340,0,340,988
11/08/2001,VRB,FL,ASO,ES,Towers with Display (VFR),0,15,129,0,144,0,0,490,0,490,0,15,619,0,634,325,0,325,959
11/09/2001,VRB,FL,ASO,ES,Towers with Display (VFR),0,18,101,1,120,0,0,429,0,429,0,18,530,1,549,329,0,329,878
11/10/2001,VRB,FL,ASO,ES,Towers with Display (VFR),0,6,68,0,74,0,0,365,0,365,0,6,433,0,439,441,0,441,880
11/11/2001,VRB,FL,ASO,ES,Towers with Display (VFR),0,10,80,0,90,0,0,321,0,321,0,10,401,0,411,427,0,427,838
11/12/2001,VRB,FL,ASO,ES,Towers with Display (VFR),0,8,112,0,120,0,2,317,0,319,0,10,429,0,439,445,0,445,884
11/13/2001,VRB,FL,ASO,ES,Towers with Display (VFR),0,14,121,0,135,0,2,237,0,239,0,16,358,0,374,233,0,233,607
11/14/2001,VRB,FL,ASO,ES,Towers with Display (VFR),0,12,134,0,146,0,0,342,0,342,0,12,476,0,488,668,0,668,1156
11/15/2001,VRB,FL,ASO,ES,Towers with Display (VFR),0,23,139,0,162,0,3,15,0,18,0,26,154,0,180,29,0,29,209
11/16/2001,VRB,FL,ASO,ES,Towers with Display (VFR),0,10,121,0,131,0,0,222,0,222,0,10,343,0,353,304,0,304,657
11/17/2001,VRB,FL,ASO,ES,Towers with Display (VFR),0,11,85,0,96,0,1,250,0,251,0,12,335,0,347,305,0,305,652
11/18/2001,VRB,FL,ASO,ES,Towers with Display (VFR),0,5,89,0,94,0,1,343,0,344,0,6,432,0,438,273,0,273,711
11/19/2001,VRB,FL,ASO,ES,Towers with Display (VFR),0,7,133,0,140,0,2,252,0,254,0,9,385,0,394,402,0,402,796
11/20/2001,VRB,FL,ASO,ES,Towers with Display (VFR),0,14,117,0,131,0,2,367,0,369,0,16,484,0,500,435,0,435,935
11/21/2001,VRB,FL,ASO,ES,Towers with Display (VFR),0,21,111,2,134,0,1,332,0,333,0,22,443,2,467,383,0,383,850
11/22/2001,VRB,FL,ASO,ES,Towers with Display (VFR),0,6,35,0,41,0,0,89,0,89,0,6,124,0,130,108,0,108,238
11/23/2001,VRB,FL,ASO,ES,Towers with Display (VFR),0,9,92,0,101,0,1,261,0,262,0,10,353,0,363,284,0,284,647
11/24/2001,VRB,FL,ASO,ES,Towers with Display (VFR),0,10,78,0,88,0,1,174,0,175,0,11,252,0,263,257,0,257,520
11/25/2001,VRB,FL,ASO,ES,Towers with Display (VFR),0,27,102,0,129,0,0,289,0,289,0,27,391,0,418,370,0,370,788
11/26/2001,VRB,FL,ASO,ES,Towers with Display (VFR),0,10,119,0,129,0,0,311,0,311,0,10,430,0,440,502,0,502,942
11/27/2001,VRB,FL,ASO,ES,Towers with Display (VFR),0,11,106,0,117,0,0,419,0,419,0,11,525,0,536,387,0,387,923
11/28/2001,VRB,FL,ASO,ES,Towers with Display (VFR),0,7,112,0,119,0,0,428,0,428,0,7,540,0,547,464,0,464,1011
11/29/2001,VRB,FL,ASO,ES,Towers with Display (VFR),0,15,124,0,139,0,6,392,0,398,0,21,516,0,537,624,0,624,1161
11/30/2001,VRB,FL,ASO,ES,Towers with Display (VFR),0,10,118,0,128,0,0,340,0,340,0,10,458,0,468,493,0,493,961
12/01/2001,VRB,FL,ASO,ES,Towers with Display (VFR),0,6,86,0,92,0,1,376,0,377,0,7,462,0,469,363,0,363,832
12/02/2001,VRB,FL,ASO,ES,Towers with Display (VFR),0,22,78,0,100,0,1,315,0,316,0,23,393,0,416,332,0,332,748
12/03/2001,VRB,FL,ASO,ES,Towers with Display (VFR),0,13,130,0,143,0,1,316,30,347,0,14,446,30,490,357,0,357,847
12/04/2001,VRB,FL,ASO,ES,Towers with Display (VFR),0,7,98,0,105,0,1,363,0,364,0,8,461,0,469,365,0,365,834
12/05/2001,VRB,FL,ASO,ES,Towers with Display (VFR),0,10,121,0,131,0,1,346,0,347,0,11,467,0,478,350,0,350,828
12/06/2001,VRB,FL,ASO,ES,Towers with Display (VFR),0,10,126,0,136,0,2,394,2,398,0,12,520,2,534,405,0,405,939
12/07/2001,VRB,FL,ASO,ES,Towers with Display (VFR),0,5,123,0,128,0,0,372,0,372,0,5,495,0,500,509,0,509,1009
12/08/2001,VRB,FL,ASO,ES,Towers with Display (VFR),0,2,74,0,76,0,1,261,0,262,0,3,335,0,338,356,0,356,694
12/09/2001,VRB,FL,ASO,ES,Towers with Display (VFR),0,8,56,2,66,0,1,317,0,318,0,9,373,2,384,269,0,269,653
12/10/2001,VRB,FL,ASO,ES,Towers with Display (VFR),0,17,125,0,142,0,2,366,0,368,0,19,491,0,510,363,0,363,873
12/11/2001,VRB,FL,ASO,ES,Towers with Display (VFR),0,5,70,2,77,0,1,440,0,441,0,6,510,2,518,397,0,397,915
12/12/2001,VRB,FL,ASO,ES,Towers with Display (VFR),0,6,121,0,127,0,0,419,0,419,0,6,540,0,546,394,0,394,940
12/13/2001,VRB,FL,ASO,ES,Towers with Display (VFR),0,6,143,0,149,0,1,445,0,446,0,7,588,0,595,355,0,355,950
12/14/2001,VRB,FL,ASO,ES,Towers with Display (VFR),0,10,108,0,118,0,0,403,0,403,0,10,511,0,521,307,0,307,828
12/15/2001,VRB,FL,ASO,ES,Towers with Display (VFR),0,3,107,0,110,0,2,338,0,340,0,5,445,0,450,265,0,265,715
12/16/2001,VRB,FL,ASO,ES,Towers with Display (VFR),0,4,73,0,77,0,0,184,0,184,0,4,257,0,261,168,0,168,429
12/17/2001,VRB,FL,ASO,ES,Towers with Display (VFR),0,5,105,0,110,0,2,305,0,307,0,7,410,0,417,307,0,307,724
12/18/2001,VRB,FL,ASO,ES,Towers with Display (VFR),0,16,115,0,131,0,1,326,0,327,0,17,441,0,458,319,0,319,777
12/19/2001,VRB,FL,ASO,ES,Towers with Display (VFR),0,9,88,0,97,0,7,385,0,392,0,16,473,0,489,291,0,291,780
12/20/2001,VRB,FL,ASO,ES,Towers with Display (VFR),0,15,95,0,110,0,3,306,0,309,0,18,401,0,419,277,0,277,696
12/21/2001,VRB,FL,ASO,ES,Towers with Display (VFR),0,16,85,0,101,0,1,278,0,279,0,17,363,0,380,211,0,211,591
12/22/2001,VRB,FL,ASO,ES,Towers with Display (VFR),0,16,72,0,88,0,2,170,0,172,0,18,242,0,260,217,0,217,477
12/23/2001,VRB,FL,ASO,ES,Towers with Display (VFR),0,3,46,0,49,0,0,126,0,126,0,3,172,0,175,121,0,121,296
12/24/2001,VRB,FL,ASO,ES,Towers with Display (VFR),0,3,34,0,37,0,1,73,0,74,0,4,107,0,111,78,0,78,189
12/25/2001,VRB,FL,ASO,ES,Towers with Display (VFR),0,5,11,0,16,0,3,16,0,19,0,8,27,0,35,8,0,8,43
12/26/2001,VRB,FL,ASO,ES,Towers with Display (VFR),0,17,60,0,77,0,2,124,0,126,0,19,184,0,203,172,0,172,375
12/27/2001,VRB,FL,ASO,ES,Towers with Display (VFR),0,10,98,0,108,0,11,137,0,148,0,21,235,0,256,194,0,194,450
12/28/2001,VRB,FL,ASO,ES,Towers with Display (VFR),0,21,87,0,108,0,2,218,0,220,0,23,305,0,328,160,0,160,488
12/29/2001,VRB,FL,ASO,ES,Towers with Display (VFR),0,10,63,0,73,0,1,155,0,156,0,11,218,0,229,118,0,118,347
12/30/2001,VRB,FL,ASO,ES,Towers with Display (VFR),0,16,40,0,56,0,0,175,0,175,0,16,215,0,231,181,0,181,412
12/31/2001,VRB,FL,ASO,ES,Towers with Display (VFR),0,10,39,0,49,0,1,49,0,50,0,11,88,0,99,175,0,175,274
01/01/2002,VRB,FL,ASO,ES,Towers with Display (VFR),0,19,47,0,66,0,2,71,2,75,0,21,118,2,141,65,0,65,206
01/02/2002,VRB,FL,ASO,ES,Towers with Display (VFR),0,21,74,0,95,0,1,62,0,63,0,22,136,0,158,92,0,92,250
01/03/2002,VRB,FL,ASO,ES,Towers with Display (VFR),0,15,79,0,94,0,3,41,0,44,0,18,120,0,138,73,0,73,211
01/04/2002,VRB,FL,ASO,ES,Towers with Display (VFR),0,9,122,0,131,0,1,245,0,246,0,10,367,0,377,287,0,287,664
01/05/2002,VRB,FL,ASO,ES,Towers with Display (VFR),0,15,86,0,101,0,0,293,0,293,0,15,379,0,394,327,0,327,721
01/06/2002,VRB,FL,ASO,ES,Towers with Display (VFR),0,17,67,0,84,0,0,82,0,82,0,17,149,0,166,151,0,151,317
01/07/2002,VRB,FL,ASO,ES,Towers with Display (VFR),0,10,106,0,116,0,1,269,0,270,0,11,375,0,386,457,0,457,843
01/08/2002,VRB,FL,ASO,ES,Towers with Display (VFR),0,13,79,4,96,0,0,309,0,309,0,13,388,4,405,358,0,358,763
01/09/2002,VRB,FL,ASO,ES,Towers with Display (VFR),0,8,103,0,111,0,0,329,0,329,0,8,432,0,440,494,0,494,934
01/10/2002,VRB,FL,ASO,ES,Towers with Display (VFR),0,8,93,2,103,0,0,357,0,357,0,8,450,2,460,345,2,347,807
01/11/2002,VRB,FL,ASO,ES,Towers with Display (VFR),0,8,83,0,91,0,2,354,0,356,0,10,437,0,447,276,0,276,723
01/12/2002,VRB,FL,ASO,ES,Towers with Display (VFR),0,5,68,0,73,0,2,311,0,313,0,7,379,0,386,353,0,353,739
01/13/2002,VRB,FL,ASO,ES,Towers with Display (VFR),0,2,74,0,76,0,0,238,0,238,0,2,312,0,314,208,0,208,522
01/14/2002,VRB,FL,ASO,ES,Towers with Display (VFR),0,13,110,1,124,0,0,133,1,134,0,13,243,2,258,263,0,263,521
01/15/2002,VRB,FL,ASO,ES,Towers with Display (VFR),0,9,111,0,120,0,0,93,0,93,0,9,204,0,213,131,0,131,344
01/16/2002,VRB,FL,ASO,ES,Towers with Display (VFR),0,9,106,0,115,0,0,469,0,469,0,9,575,0,584,165,0,165,749
01/17/2002,VRB,FL,ASO,ES,Towers with Display (VFR),0,23,72,0,95,0,0,384,0,384,0,23,456,0,479,346,0,346,825
01/18/2002,VRB,FL,ASO,ES,Towers with Display (VFR),0,18,119,0,137,0,0,219,0,219,0,18,338,0,356,249,0,249,605
01/19/2002,VRB,FL,ASO,ES,Towers with Display (VFR),0,12,108,0,120,0,0,349,0,349,0,12,457,0,469,285,0,285,754
01/20/2002,VRB,FL,ASO,ES,Towers with Display (VFR),0,12,103,0,115,0,0,261,0,261,0,12,364,0,376,276,0,276,652
01/21/2002,VRB,FL,ASO,ES,Towers with Display (VFR),0,19,112,0,131,0,0,254,0,254,0,19,366,0,385,115,0,115,500
01/22/2002,VRB,FL,ASO,ES,Towers with Display (VFR),0,6,124,1,131,0,1,312,2,315,0,7,436,3,446,219,0,219,665
01/23/2002,VRB,FL,ASO,ES,Towers with Display (VFR),0,12,112,4,128,0,0,362,0,362,0,12,474,4,490,221,0,221,711
01/24/2002,VRB,FL,ASO,ES,Towers with Display (VFR),0,14,111,0,125,0,1,344,0,345,0,15,455,0,470,307,0,307,777
01/25/2002,VRB,FL,ASO,ES,Towers with Display (VFR),0,5,135,0,140,0,0,388,0,388,0,5,523,0,528,295,0,295,823
01/26/2002,VRB,FL,ASO,ES,Towers with Display (VFR),0,4,120,0,124,0,0,270,0,270,0,4,390,0,394,317,0,317,711
01/27/2002,VRB,FL,ASO,ES,Towers with Display (VFR),0,9,85,0,94,0,0,83,3,86,0,9,168,3,180,144,0,144,324
01/28/2002,VRB,FL,ASO,ES,Towers with Display (VFR),0,14,113,0,127,0,0,240,0,240,0,14,353,0,367,313,0,313,680
01/29/2002,VRB,FL,ASO,ES,Towers with Display (VFR),0,5,106,0,111,0,4,360,0,364,0,9,466,0,475,313,0,313,788
01/30/2002,VRB,FL,ASO,ES,Towers with Display (VFR),0,15,114,0,129,0,1,382,0,383,0,16,496,0,512,306,0,306,818
01/31/2002,VRB,FL,ASO,ES,Towers with Display (VFR),0,12,145,0,157,0,2,324,0,326,0,14,469,0,483,306,0,306,789
02/01/2002,VRB,FL,ASO,ES,Towers with Display (VFR),0,11,118,0,129,0,1,289,0,290,0,12,407,0,419,268,0,268,687
02/02/2002,VRB,FL,ASO,ES,Towers with Display (VFR),0,4,109,0,113,0,1,304,0,305,0,5,413,0,418,266,0,266,684
02/03/2002,VRB,FL,ASO,ES,Towers with Display (VFR),0,7,100,0,107,0,0,241,0,241,0,7,341,0,348,199,0,199,547
02/04/2002,VRB,FL,ASO,ES,Towers with Display (VFR),0,6,88,0,94,0,2,377,0,379,0,8,465,0,473,469,0,469,942
02/05/2002,VRB,FL,ASO,ES,Towers with Display (VFR),0,9,101,0,110,0,0,345,0,345,0,9,446,0,455,285,0,285,740
02/06/2002,VRB,FL,ASO,ES,Towers with Display (VFR),0,11,143,0,154,0,1,360,0,361,0,12,503,0,515,382,0,382,897
02/07/2002,VRB,FL,ASO,ES,Towers with Display (VFR),0,12,82,0,94,0,2,188,0,190,0,14,270,0,284,117,0,117,401
02/08/2002,VRB,FL,ASO,ES,Towers with Display (VFR),0,10,124,0,134,0,2,374,0,376,0,12,498,0,510,272,0,272,782
02/09/2002,VRB,FL,ASO,ES,Towers with Display (VFR),0,3,131,0,134,0,0,267,0,267,0,3,398,0,401,334,0,334,735
02/10/2002,VRB,FL,ASO,ES,Towers with Display (VFR),0,9,119,0,128,0,0,116,0,116,0,9,235,0,244,216,0,216,460
02/11/2002,VRB,FL,ASO,ES,Towers with Display (VFR),0,17,128,0,145,0,0,357,0,357,0,17,485,0,502,364,0,364,866
02/12/2002,VRB,FL,ASO,ES,Towers with Display (VFR),0,11,134,0,145,0,0,307,0,307,0,11,441,0,452,455,0,455,907
02/13/2002,VRB,FL,ASO,ES,Towers with Display (VFR),0,14,142,0,156,0,0,344,0,344,0,14,486,0,500,282,0,282,782
02/14/2002,VRB,FL,ASO,ES,Towers with Display (VFR),0,18,150,0,168,0,0,256,0,256,0,18,406,0,424,245,0,245,669
02/15/2002,VRB,FL,ASO,ES,Towers with Display (VFR),0,14,170,0,184,0,0,334,0,334,0,14,504,0,518,267,0,267,785
02/16/2002,VRB,FL,ASO,ES,Towers with Display (VFR),0,7,111,2,120,0,0,288,0,288,0,7,399,2,408,316,0,316,724
02/17/2002,VRB,FL,ASO,ES,Towers with Display (VFR),0,16,110,0,126,0,2,270,0,272,0,18,380,0,398,188,0,188,586
02/18/2002,VRB,FL,ASO,ES,Towers with Display (VFR),0,18,167,0,185,0,1,314,0,315,0,19,481,0,500,165,0,165,665
02/19/2002,VRB,FL,ASO,ES,Towers with Display (VFR),0,19,145,0,164,0,1,364,0,365,0,20,509,0,529,223,0,223,752
02/20/2002,VRB,FL,ASO,ES,Towers with Display (VFR),0,13,104,0,117,0,0,297,0,297,0,13,401,0,414,270,0,270,684
02/21/2002,VRB,FL,ASO,ES,Towers with Display (VFR),0,13,156,0,169,0,0,248,0,248,0,13,404,0,417,283,0,283,700
02/22/2002,VRB,FL,ASO,ES,Towers with Display (VFR),0,12,118,0,130,0,0,122,0,122,0,12,240,0,252,202,0,202,454
02/23/2002,VRB,FL,ASO,ES,Towers with Display (VFR),0,8,109,0,117,0,0,19,0,19,0,8,128,0,136,4,0,4,140
02/24/2002,VRB,FL,ASO,ES,Towers with Display (VFR),0,13,103,0,116,0,2,363,0,365,0,15,466,0,481,251,0,251,732
02/25/2002,VRB,FL,ASO,ES,Towers with Display (VFR),0,9,137,0,146,0,3,297,0,300,0,12,434,0,446,237,0,237,683
02/26/2002,VRB,FL,ASO,ES,Towers with Display (VFR),0,12,145,0,157,0,1,322,1,324,0,13,467,1,481,393,0,393,874
02/27/2002,VRB,FL,ASO,ES,Towers with Display (VFR),0,16,170,1,187,0,3,192,1,196,0,19,362,2,383,280,0,280,663
02/28/2002,VRB,FL,ASO,ES,Towers with Display (VFR),0,15,137,0,152,0,0,319,0,319,0,15,456,0,471,175,0,175,646
03/01/2002,VRB,FL,ASO,ES,Towers with Display (VFR),0,15,118,0,133,0,0,342,0,342,0,15,460,0,475,301,0,301,776
03/02/2002,VRB,FL,ASO,ES,Towers with Display (VFR),0,9,113,0,122,0,0,135,0,135,0,9,248,0,257,129,0,129,386
03/03/2002,VRB,FL,ASO,ES,Towers with Display (VFR),0,15,113,0,128,0,0,155,0,155,0,15,268,0,283,240,0,240,523
03/04/2002,VRB,FL,ASO,ES,Towers with Display (VFR),0,13,156,4,173,0,0,164,0,164,0,13,320,4,337,294,0,294,631
03/05/2002,VRB,FL,ASO,ES,Towers with Display (VFR),0,17,143,0,160,0,0,337,0,337,0,17,480,0,497,158,0,158,655
03/06/2002,VRB,FL,ASO,ES,Towers with Display (VFR),0,16,133,0,149,0,0,316,0,316,0,16,449,0,465,305,0,305,770
03/07/2002,VRB,FL,ASO,ES,Towers with Display (VFR),0,17,151,0,168,0,0,265,0,265,0,17,416,0,433,449,0,449,882
03/08/2002,VRB,FL,ASO,ES,Towers with Display (VFR),0,22,133,0,155,0,0,357,0,357,0,22,490,0,512,312,0,312,824
03/09/2002,VRB,FL,ASO,ES,Towers with Display (VFR),0,15,105,0,120,0,0,298,0,298,0,15,403,0,418,123,0,123,541
03/10/2002,VRB,FL,ASO,ES,Towers with Display (VFR),0,22,104,0,126,0,3,238,0,241,0,25,342,0,367,136,0,136,503
03/11/2002,VRB,FL,ASO,ES,Towers with Display (VFR),0,16,104,0,120,0,0,312,0,312,0,16,416,0,432,326,0,326,758
03/12/2002,VRB,FL,ASO,ES,Towers with Display (VFR),0,8,97,0,105,0,0,200,0,200,0,8,297,0,305,399,0,399,704
03/13/2002,VRB,FL,ASO,ES,Towers with Display (VFR),0,7,169,0,176,0,0,288,0,288,0,7,457,0,464,323,0,323,787
03/14/2002,VRB,FL,ASO,ES,Towers with Display (VFR),0,16,133,0,149,0,0,395,0,395,0,16,528,0,544,406,0,406,950
03/15/2002,VRB,FL,ASO,ES,Towers with Display (VFR),0,15,131,0,146,0,0,405,0,405,0,15,536,0,551,323,0,323,874
03/16/2002,VRB,FL,ASO,ES,Towers with Display (VFR),0,28,82,0,110,0,0,246,0,246,0,28,328,0,356,255,0,255,611
03/17/2002,VRB,FL,ASO,ES,Towers with Display (VFR),0,23,93,0,116,0,0,301,0,301,0,23,394,0,417,276,0,276,693
03/18/2002,VRB,FL,ASO,ES,Towers with Display (VFR),0,11,105,0,116,0,0,319,0,319,0,11,424,0,435,509,0,509,944
03/19/2002,VRB,FL,ASO,ES,Towers with Display (VFR),0,9,124,0,133,0,0,349,0,349,0,9,473,0,482,294,0,294,776
03/20/2002,VRB,FL,ASO,ES,Towers with Display (VFR),0,11,103,0,114,0,0,306,0,306,0,11,409,0,420,331,0,331,751
03/21/2002,VRB,FL,ASO,ES,Towers with Display (VFR),0,14,131,0,145,0,0,296,0,296,0,14,427,0,441,257,0,257,698
03/22/2002,VRB,FL,ASO,ES,Towers with Display (VFR),0,16,120,0,136,0,0,295,0,295,0,16,415,0,431,237,0,237,668
03/23/2002,VRB,FL,ASO,ES,Towers with Display (VFR),0,18,97,0,115,0,0,251,0,251,0,18,348,0,366,234,0,234,600
03/24/2002,VRB,FL,ASO,ES,Towers with Display (VFR),0,19,111,0,130,0,3,192,0,195,0,22,303,0,325,275,0,275,600
03/25/2002,VRB,FL,ASO,ES,Towers with Display (VFR),0,14,83,0,97,0,0,278,0,278,0,14,361,0,375,414,0,414,789
03/26/2002,VRB,FL,ASO,ES,Towers with Display (VFR),0,16,103,0,119,0,0,242,0,242,0,16,345,0,361,273,0,273,634
03/27/2002,VRB,FL,ASO,ES,Towers with Display (VFR),0,14,147,0,161,0,0,320,0,320,0,14,467,0,481,403,0,403,884
03/28/2002,VRB,FL,ASO,ES,Towers with Display (VFR),0,22,131,1,154,0,0,321,1,322,0,22,452,2,476,352,0,352,828
03/29/2002,VRB,FL,ASO,ES,Towers with Display (VFR),0,17,124,0,141,0,1,284,0,285,0,18,408,0,426,334,0,334,760
03/30/2002,VRB,FL,ASO,ES,Towers with Display (VFR),0,11,80,0,91,0,0,239,0,239,0,11,319,0,330,343,0,343,673
03/31/2002,VRB,FL,ASO,ES,Towers with Display (VFR),0,14,64,0,78,0,0,157,0,157,0,14,221,0,235,126,0,126,361
04/01/2002,VRB,FL,ASO,ES,Towers with Display (VFR),0,21,119,0,140,0,1,228,2,231,0,22,347,2,371,384,4,388,759
04/02/2002,VRB,FL,ASO,ES,Towers with Display (VFR),0,8,112,0,120,0,0,204,0,204,0,8,316,0,324,337,0,337,661
04/03/2002,VRB,FL,ASO,ES,Towers with Display (VFR),0,10,73,2,85,0,0,174,0,174,0,10,247,2,259,302,0,302,561
04/04/2002,VRB,FL,ASO,ES,Towers with Display (VFR),0,20,127,0,147,0,0,273,0,273,0,20,400,0,420,350,0,350,770
04/05/2002,VRB,FL,ASO,ES,Towers with Display (VFR),0,16,118,0,134,0,4,235,0,239,0,20,353,0,373,340,0,340,713
04/06/2002,VRB,FL,ASO,ES,Towers with Display (VFR),0,5,108,0,113,0,1,251,0,252,0,6,359,0,365,146,0,146,511
04/07/2002,VRB,FL,ASO,ES,Towers with Display (VFR),0,14,63,0,77,0,1,167,0,168,0,15,230,0,245,126,0,126,371
04/08/2002,VRB,FL,ASO,ES,Towers with Display (VFR),0,11,58,0,69,0,0,237,0,237,0,11,295,0,306,310,0,310,616
04/09/2002,VRB,FL,ASO,ES,Towers with Display (VFR),0,11,126,0,137,0,0,266,0,266,0,11,392,0,403,370,0,370,773
04/10/2002,VRB,FL,ASO,ES,Towers with Display (VFR),0,11,109,1,121,0,1,288,1,290,0,12,397,2,411,385,0,385,796
04/11/2002,VRB,FL,ASO,ES,Towers with Display (VFR),0,13,91,0,104,0,0,322,0,322,0,13,413,0,426,382,0,382,808
04/12/2002,VRB,FL,ASO,ES,Towers with Display (VFR),0,12,118,4,134,0,3,156,0,159,0,15,274,4,293,190,0,190,483
04/13/2002,VRB,FL,ASO,ES,Towers with Display (VFR),0,12,91,0,103,0,0,268,0,268,0,12,359,0,371,364,0,364,735
04/14/2002,VRB,FL,ASO,ES,Towers with Display (VFR),0,19,89,0,108,2,17,108,0,127,2,36,197,0,235,237,0,237,472
04/15/2002,VRB,FL,ASO,ES,Towers with Display (VFR),0,16,117,0,133,0,0,223,0,223,0,16,340,0,356,336,0,336,692
04/16/2002,VRB,FL,ASO,ES,Towers with Display (VFR),0,8,125,0,133,0,0,287,0,287,0,8,412,0,420,360,0,360,780
04/17/2002,VRB,FL,ASO,ES,Towers with Display (VFR),0,11,134,0,145,0,1,256,0,257,0,12,390,0,402,419,0,419,821
04/18/2002,VRB,FL,ASO,ES,Towers with Display (VFR),0,15,76,0,91,0,1,273,1,275,0,16,349,1,366,386,0,386,752
04/19/2002,VRB,FL,ASO,ES,Towers with Display (VFR),0,10,113,4,127,0,2,320,0,322,0,12,433,4,449,356,0,356,805
04/20/2002,VRB,FL,ASO,ES,Towers with Display (VFR),0,14,94,0,108,0,0,256,0,256,0,14,350,0,364,295,0,295,659
04/21/2002,VRB,FL,ASO,ES,Towers with Display (VFR),0,14,104,0,118,0,5,215,0,220,0,19,319,0,338,230,0,230,568
04/22/2002,VRB,FL,ASO,ES,Towers with Display (VFR),0,18,87,0,105,0,1,317,0,318,0,19,404,0,423,338,0,338,761
04/23/2002,VRB,FL,ASO,ES,Towers with Display (VFR),0,14,99,0,113,0,2,309,0,311,0,16,408,0,424,322,0,322,746
04/24/2002,VRB,FL,ASO,ES,Towers with Display (VFR),0,18,106,0,124,0,0,277,0,277,0,18,383,0,401,447,0,447,848
04/25/2002,VRB,FL,ASO,ES,Towers with Display (VFR),0,13,96,0,109,0,0,251,0,251,0,13,347,0,360,446,0,446,806
04/26/2002,VRB,FL,ASO,ES,Towers with Display (VFR),0,14,88,1,103,0,0,303,0,303,0,14,391,1,406,443,0,443,849
04/27/2002,VRB,FL,ASO,ES,Towers with Display (VFR),0,10,67,0,77,0,0,234,0,234,0,10,301,0,311,403,0,403,714
04/28/2002,VRB,FL,ASO,ES,Towers with Display (VFR),0,14,58,0,72,0,0,203,0,203,0,14,261,0,275,227,0,227,502
04/29/2002,VRB,FL,ASO,ES,Towers with Display (VFR),0,9,80,0,89,0,0,248,0,248,0,9,328,0,337,390,0,390,727
04/30/2002,VRB,FL,ASO,ES,Towers with Display (VFR),0,17,118,0,135,0,0,277,0,277,0,17,395,0,412,297,0,297,709
05/01/2002,VRB,FL,ASO,ES,Towers with Display (VFR),0,12,97,0,109,0,1,246,0,247,0,13,343,0,356,277,0,277,633
05/02/2002,VRB,FL,ASO,ES,Towers with Display (VFR),0,16,108,0,124,0,0,320,0,320,0,16,428,0,444,312,0,312,756
05/03/2002,VRB,FL,ASO,ES,Towers with Display (VFR),0,18,102,0,120,0,1,309,0,310,0,19,411,0,430,355,0,355,785
05/04/2002,VRB,FL,ASO,ES,Towers with Display (VFR),0,0,73,0,73,0,1,181,0,182,0,1,254,0,255,308,0,308,563
05/05/2002,VRB,FL,ASO,ES,Towers with Display (VFR),0,15,64,0,79,0,0,157,0,157,0,15,221,0,236,244,0,244,480
05/06/2002,VRB,FL,ASO,ES,Towers with Display (VFR),0,7,148,4,159,0,0,121,0,121,0,7,269,4,280,247,0,247,527
05/07/2002,VRB,FL,ASO,ES,Towers with Display (VFR),0,7,110,2,119,0,1,303,0,304,0,8,413,2,423,398,0,398,821
05/08/2002,VRB,FL,ASO,ES,Towers with Display (VFR),0,8,113,0,121,0,0,296,0,296,0,8,409,0,417,439,0,439,856
05/09/2002,VRB,FL,ASO,ES,Towers with Display (VFR),0,15,96,0,111,0,0,227,0,227,0,15,323,0,338,422,0,422,760
05/10/2002,VRB,FL,ASO,ES,Towers with Display (VFR),0,13,90,0,103,0,1,252,0,253,0,14,342,0,356,355,0,355,711
05/11/2002,VRB,FL,ASO,ES,Towers with Display (VFR),0,7,55,0,62,0,1,189,0,190,0,8,244,0,252,213,0,213,465
05/12/2002,VRB,FL,ASO,ES,Towers with Display (VFR),0,7,76,0,83,0,0,175,0,175,0,7,251,0,258,264,0,264,522
05/13/2002,VRB,FL,ASO,ES,Towers with Display (VFR),0,9,116,0,125,0,1,233,0,234,0,10,349,0,359,337,0,337,696
05/14/2002,VRB,FL,ASO,ES,Towers with Display (VFR),0,6,86,0,92,0,0,206,0,206,0,6,292,0,298,350,0,350,648
05/15/2002,VRB,FL,ASO,ES,Towers with Display (VFR),0,8,114,0,122,0,0,230,0,230,0,8,344,0,352,205,0,205,557
05/16/2002,VRB,FL,ASO,ES,Towers with Display (VFR),0,11,119,0,130,0,1,224,0,225,0,12,343,0,355,311,0,311,666
05/17/2002,VRB,FL,ASO,ES,Towers with Display (VFR),0,10,101,0,111,0,0,295,0,295,0,10,396,0,406,376,0,376,782
05/18/2002,VRB,FL,ASO,ES,Towers with Display (VFR),0,3,79,0,82,0,2,226,0,228,0,5,305,0,310,199,0,199,509
05/19/2002,VRB,FL,ASO,ES,Towers with Display (VFR),0,5,71,0,76,0,0,23,0,23,0,5,94,0,99,60,0,60,159
05/20/2002,VRB,FL,ASO,ES,Towers with Display (VFR),0,4,132,0,136,0,0,219,0,219,0,4,351,0,355,273,0,273,628
05/21/2002,VRB,FL,ASO,ES,Towers with Display (VFR),0,7,123,0,130,0,0,195,0,195,0,7,318,0,325,267,0,267,592
05/22/2002,VRB,FL,ASO,ES,Towers with Display (VFR),0,5,112,0,117,0,0,240,0,240,0,5,352,0,357,221,0,221,578
05/23/2002,VRB,FL,ASO,ES,Towers with Display (VFR),0,8,104,0,112,0,0,257,0,257,0,8,361,0,369,236,0,236,605
05/24/2002,VRB,FL,ASO,ES,Towers with Display (VFR),0,12,94,0,106,0,2,287,0,289,0,14,381,0,395,314,0,314,709
05/25/2002,VRB,FL,ASO,ES,Towers with Display (VFR),0,6,97,0,103,0,0,220,0,220,0,6,317,0,323,276,0,276,599
05/26/2002,VRB,FL,ASO,ES,Towers with Display (VFR),0,7,31,0,38,0,0,158,0,158,0,7,189,0,196,233,0,233,429
05/27/2002,VRB,FL,ASO,ES,Towers with Display (VFR),0,6,64,0,70,0,0,174,0,174,0,6,238,0,244,312,0,312,556
05/28/2002,VRB,FL,ASO,ES,Towers with Display (VFR),0,6,69,0,75,0,0,241,0,241,0,6,310,0,316,267,0,267,583
05/29/2002,VRB,FL,ASO,ES,Towers with Display (VFR),0,8,120,2,130,0,0,239,0,239,0,8,359,2,369,412,0,412,781
05/30/2002,VRB,FL,ASO,ES,Towers with Display (VFR),0,8,107,0,115,0,1,223,0,224,0,9,330,0,339,352,0,352,691
05/31/2002,VRB,FL,ASO,ES,Towers with Display (VFR),0,7,106,0,113,0,0,158,0,158,0,7,264,0,271,247,0,247,518
06/01/2002,VRB,FL,ASO,ES,Towers with Display (VFR),0,3,98,0,101,0,0,233,0,233,0,3,331,0,334,418,0,418,752
06/02/2002,VRB,FL,ASO,ES,Towers with Display (VFR),0,1,66,0,67,0,0,192,0,192,0,1,258,0,259,307,0,307,566
06/03/2002,VRB,FL,ASO,ES,Towers with Display (VFR),0,3,95,0,98,0,0,198,0,198,0,3,293,0,296,263,0,263,559
06/04/2002,VRB,FL,ASO,ES,Towers with Display (VFR),0,6,131,0,137,0,0,254,0,254,0,6,385,0,391,400,0,400,791
06/05/2002,VRB,FL,ASO,ES,Towers with Display (VFR),0,5,119,0,124,0,2,226,0,228,0,7,345,0,352,371,0,371,723
06/06/2002,VRB,FL,ASO,ES,Towers with Display (VFR),0,9,137,0,146,0,0,219,0,219,0,9,356,0,365,354,0,354,719
06/07/2002,VRB,FL,ASO,ES,Towers with Display (VFR),0,6,95,1,102,0,0,136,0,136,0,6,231,1,238,256,0,256,494
06/08/2002,VRB,FL,ASO,ES,Towers with Display (VFR),0,4,129,0,133,0,0,139,0,139,0,4,268,0,272,228,0,228,500
06/09/2002,VRB,FL,ASO,ES,Towers with Display (VFR),0,1,73,0,74,0,0,185,1,186,0,1,258,1,260,149,0,149,409
06/10/2002,VRB,FL,ASO,ES,Towers with Display (VFR),0,4,102,0,106,0,0,176,1,177,0,4,278,1,283,264,0,264,547
06/11/2002,VRB,FL,ASO,ES,Towers with Display (VFR),0,4,114,0,118,0,0,215,0,215,0,4,329,0,333,317,0,317,650
06/12/2002,VRB,FL,ASO,ES,Towers with Display (VFR),0,6,126,0,132,0,0,203,0,203,0,6,329,0,335,390,0,390,725
06/13/2002,VRB,FL,ASO,ES,Towers with Display (VFR),0,7,87,2,96,0,0,158,1,159,0,7,245,3,255,241,0,241,496
06/14/2002,VRB,FL,ASO,ES,Towers with Display (VFR),0,4,69,0,73,0,0,95,0,95,0,4,164,0,168,105,0,105,273
06/15/2002,VRB,FL,ASO,ES,Towers with Display (VFR),0,8,75,0,83,0,0,74,0,74,0,8,149,0,157,59,0,59,216
06/16/2002,VRB,FL,ASO,ES,Towers with Display (VFR),0,3,65,0,68,0,0,121,0,121,0,3,186,0,189,262,0,262,451
06/17/2002,VRB,FL,ASO,ES,Towers with Display (VFR),0,8,94,0,102,0,0,126,0,126,0,8,220,0,228,236,0,236,464
06/18/2002,VRB,FL,ASO,ES,Towers with Display (VFR),0,6,96,0,102,0,0,169,0,169,0,6,265,0,271,273,0,273,544
06/19/2002,VRB,FL,ASO,ES,Towers with Display (VFR),0,10,119,0,129,0,0,191,0,191,0,10,310,0,320,260,0,260,580
06/20/2002,VRB,FL,ASO,ES,Towers with Display (VFR),0,12,104,0,116,0,2,99,0,101,0,14,203,0,217,245,0,245,462
06/21/2002,VRB,FL,ASO,ES,Towers with Display (VFR),0,3,96,0,99,0,0,96,0,96,0,3,192,0,195,179,0,179,374
06/22/2002,VRB,FL,ASO,ES,Towers with Display (VFR),0,1,79,0,80,0,0,96,0,96,0,1,175,0,176,294,0,294,470
06/23/2002,VRB,FL,ASO,ES,Towers with Display (VFR),0,1,54,0,55,0,0,77,0,77,0,1,131,0,132,163,0,163,295
06/24/2002,VRB,FL,ASO,ES,Towers with Display (VFR),0,4,79,0,83,0,0,137,0,137,0,4,216,0,220,322,0,322,542
06/25/2002,VRB,FL,ASO,ES,Towers with Display (VFR),0,4,97,0,101,0,0,51,0,51,0,4,148,0,152,80,0,80,232
06/26/2002,VRB,FL,ASO,ES,Towers with Display (VFR),0,6,117,1,124,0,0,175,1,176,0,6,292,2,300,314,0,314,614
06/27/2002,VRB,FL,ASO,ES,Towers with Display (VFR),0,4,86,0,90,0,0,257,0,257,0,4,343,0,347,277,0,277,624
06/28/2002,VRB,FL,ASO,ES,Towers with Display (VFR),0,5,105,0,110,0,0,223,0,223,0,5,328,0,333,342,0,342,675
06/29/2002,VRB,FL,ASO,ES,Towers with Display (VFR),0,1,85,0,86,0,0,199,0,199,0,1,284,0,285,331,0,331,616
06/30/2002,VRB,FL,ASO,ES,Towers with Display (VFR),0,8,51,8,67,0,1,149,0,150,0,9,200,8,217,290,0,290,507
07/01/2002,VRB,FL,ASO,ES,Towers with Display (VFR),0,4,61,0,65,0,0,99,0,99,0,4,160,0,164,337,0,337,501
07/02/2002,VRB,FL,ASO,ES,Towers with Display (VFR),0,7,98,0,105,0,0,183,0,183,0,7,281,0,288,372,0,372,660
07/03/2002,VRB,FL,ASO,ES,Towers with Display (VFR),0,6,89,0,95,0,0,275,0,275,0,6,364,0,370,429,0,429,799
07/04/2002,VRB,FL,ASO,ES,Towers with Display (VFR),0,0,25,0,25,0,0,62,0,62,0,0,87,0,87,68,0,68,155
07/05/2002,VRB,FL,ASO,ES,Towers with Display (VFR),0,3,78,0,81,0,0,238,0,238,0,3,316,0,319,447,0,447,766
07/06/2002,VRB,FL,ASO,ES,Towers with Display (VFR),0,2,54,0,56,0,0,204,0,204,0,2,258,0,260,320,0,320,580
07/07/2002,VRB,FL,ASO,ES,Towers with Display (VFR),0,2,109,0,111,0,1,189,0,190,0,3,298,0,301,288,0,288,589
07/08/2002,VRB,FL,ASO,ES,Towers with Display (VFR),0,8,77,0,85,0,0,108,0,108,0,8,185,0,193,176,0,176,369
07/09/2002,VRB,FL,ASO,ES,Towers with Display (VFR),0,5,84,0,89,0,3,120,0,123,0,8,204,0,212,264,0,264,476
07/10/2002,VRB,FL,ASO,ES,Towers with Display (VFR),0,6,80,0,86,0,0,146,0,146,0,6,226,0,232,305,0,305,537
07/11/2002,VRB,FL,ASO,ES,Towers with Display (VFR),0,7,54,0,61,0,0,204,0,204,0,7,258,0,265,321,0,321,586
07/12/2002,VRB,FL,ASO,ES,Towers with Display (VFR),0,5,55,0,60,0,0,199,0,199,0,5,254,0,259,360,0,360,619
07/13/2002,VRB,FL,ASO,ES,Towers with Display (VFR),0,9,57,0,66,0,0,218,0,218,0,9,275,0,284,241,0,241,525
07/14/2002,VRB,FL,ASO,ES,Towers with Display (VFR),0,0,45,0,45,0,0,197,0,197,0,0,242,0,242,340,0,340,582
07/15/2002,VRB,FL,ASO,ES,Towers with Display (VFR),0,2,83,0,85,0,0,238,0,238,0,2,321,0,323,369,0,369,692
07/16/2002,VRB,FL,ASO,ES,Towers with Display (VFR),0,5,120,0,125,0,0,271,0,271,0,5,391,0,396,418,0,418,814
07/17/2002,VRB,FL,ASO,ES,Towers with Display (VFR),0,5,101,0,106,0,0,250,0,250,0,5,351,0,356,463,0,463,819
07/18/2002,VRB,FL,ASO,ES,Towers with Display (VFR),0,9,64,0,73,0,0,205,0,205,0,9,269,0,278,446,0,446,724
07/19/2002,VRB,FL,ASO,ES,Towers with Display (VFR),0,3,83,2,88,0,0,241,0,241,0,3,324,2,329,350,0,350,679
07/20/2002,VRB,FL,ASO,ES,Towers with Display (VFR),0,1,60,0,61,0,0,176,0,176,0,1,236,0,237,360,0,360,597
07/21/2002,VRB,FL,ASO,ES,Towers with Display (VFR),0,1,31,0,32,0,2,137,0,139,0,3,168,0,171,106,0,106,277
07/22/2002,VRB,FL,ASO,ES,Towers with Display (VFR),0,2,71,2,75,0,0,214,0,214,0,2,285,2,289,446,0,446,735
07/23/2002,VRB,FL,ASO,ES,Towers with Display (VFR),0,5,90,0,95,0,0,303,0,303,0,5,393,0,398,477,0,477,875
07/24/2002,VRB,FL,ASO,ES,Towers with Display (VFR),0,4,104,0,108,0,0,288,0,288,0,4,392,0,396,378,0,378,774
07/25/2002,VRB,FL,ASO,ES,Towers with Display (VFR),0,8,86,4,98,0,0,234,0,234,0,8,320,4,332,427,0,427,759
07/26/2002,VRB,FL,ASO,ES,Towers with Display (VFR),0,3,96,0,99,0,0,232,0,232,0,3,328,0,331,475,0,475,806
07/27/2002,VRB,FL,ASO,ES,Towers with Display (VFR),0,0,50,0,50,0,1,190,0,191,0,1,240,0,241,352,0,352,593
07/28/2002,VRB,FL,ASO,ES,Towers with Display (VFR),0,2,48,0,50,0,0,189,0,189,0,2,237,0,239,294,0,294,533
07/29/2002,VRB,FL,ASO,ES,Towers with Display (VFR),0,5,69,0,74,0,0,227,0,227,0,5,296,0,301,360,0,360,661
07/30/2002,VRB,FL,ASO,ES,Towers with Display (VFR),0,7,70,0,77,0,0,253,0,253,0,7,323,0,330,527,0,527,857
07/31/2002,VRB,FL,ASO,ES,Towers with Display (VFR),0,9,79,2,90,0,0,222,2,224,0,9,301,4,314,419,0,419,733
08/01/2002,VRB,FL,ASO,ES,Towers with Display (VFR),0,7,81,0,88,0,1,238,0,239,0,8,319,0,327,346,0,346,673
08/02/2002,VRB,FL,ASO,ES,Towers with Display (VFR),0,9,60,0,69,0,1,250,0,251,0,10,310,0,320,312,0,312,632
08/03/2002,VRB,FL,ASO,ES,Towers with Display (VFR),0,1,76,0,77,0,0,179,0,179,0,1,255,0,256,333,0,333,589
08/04/2002,VRB,FL,ASO,ES,Towers with Display (VFR),0,2,59,0,61,0,1,162,0,163,0,3,221,0,224,283,0,283,507
08/05/2002,VRB,FL,ASO,ES,Towers with Display (VFR),0,5,84,0,89,0,1,217,0,218,0,6,301,0,307,275,0,275,582
08/06/2002,VRB,FL,ASO,ES,Towers with Display (VFR),0,7,100,0,107,0,1,230,0,231,0,8,330,0,338,383,0,383,721
08/07/2002,VRB,FL,ASO,ES,Towers with Display (VFR),0,6,99,0,105,0,1,131,0,132,0,7,230,0,237,333,0,333,570
08/08/2002,VRB,FL,ASO,ES,Towers with Display (VFR),0,6,114,0,120,0,1,213,0,214,0,7,327,0,334,209,0,209,543
08/09/2002,VRB,FL,ASO,ES,Towers with Display (VFR),0,5,99,0,104,0,3,283,0,286,0,8,382,0,390,302,0,302,692
08/10/2002,VRB,FL,ASO,ES,Towers with Display (VFR),0,1,70,0,71,0,0,215,0,215,0,1,285,0,286,314,0,314,600
08/11/2002,VRB,FL,ASO,ES,Towers with Display (VFR),0,0,37,0,37,0,0,54,0,54,0,0,91,0,91,68,0,68,159
08/12/2002,VRB,FL,ASO,ES,Towers with Display (VFR),0,6,90,0,96,0,0,173,0,173,0,6,263,0,269,374,0,374,643
08/13/2002,VRB,FL,ASO,ES,Towers with Display (VFR),0,6,84,0,90,0,0,237,0,237,0,6,321,0,327,407,0,407,734
08/14/2002,VRB,FL,ASO,ES,Towers with Display (VFR),0,6,92,0,98,0,0,244,0,244,0,6,336,0,342,425,0,425,767
08/15/2002,VRB,FL,ASO,ES,Towers with Display (VFR),0,5,93,0,98,0,0,225,0,225,0,5,318,0,323,351,0,351,674
08/16/2002,VRB,FL,ASO,ES,Towers with Display (VFR),0,3,60,0,63,0,0,211,0,211,0,3,271,0,274,357,0,357,631
08/17/2002,VRB,FL,ASO,ES,Towers with Display (VFR),0,1,52,0,53,0,0,257,0,257,0,1,309,0,310,300,0,300,610
08/18/2002,VRB,FL,ASO,ES,Towers with Display (VFR),0,9,54,0,63,0,0,214,0,214,0,9,268,0,277,286,0,286,563
08/19/2002,VRB,FL,ASO,ES,Towers with Display (VFR),0,5,70,0,75,0,0,184,0,184,0,5,254,0,259,230,0,230,489
08/20/2002,VRB,FL,ASO,ES,Towers with Display (VFR),0,6,53,0,59,0,0,203,0,203,0,6,256,0,262,370,0,370,632
08/21/2002,VRB,FL,ASO,ES,Towers with Display (VFR),0,9,64,0,73,0,0,231,0,231,0,9,295,0,304,351,0,351,655
08/22/2002,VRB,FL,ASO,ES,Towers with Display (VFR),0,15,87,0,102,0,0,216,0,216,0,15,303,0,318,444,0,444,762
08/23/2002,VRB,FL,ASO,ES,Towers with Display (VFR),0,5,72,0,77,0,0,242,0,242,0,5,314,0,319,332,0,332,651
08/24/2002,VRB,FL,ASO,ES,Towers with Display (VFR),0,4,59,0,63,0,1,263,2,266,0,5,322,2,329,280,0,280,609
08/25/2002,VRB,FL,ASO,ES,Towers with Display (VFR),0,3,35,0,38,0,0,174,0,174,0,3,209,0,212,228,0,228,440
08/26/2002,VRB,FL,ASO,ES,Towers with Display (VFR),0,8,78,0,86,0,0,158,0,158,0,8,236,0,244,173,0,173,417
08/27/2002,VRB,FL,ASO,ES,Towers with Display (VFR),0,7,71,0,78,0,0,206,0,206,0,7,277,0,284,392,0,392,676
08/28/2002,VRB,FL,ASO,ES,Towers with Display (VFR),0,9,103,0,112,0,0,218,0,218,0,9,321,0,330,330,0,330,660
08/29/2002,VRB,FL,ASO,ES,Towers with Display (VFR),0,9,76,0,85,0,0,275,2,277,0,9,351,2,362,412,0,412,774
08/30/2002,VRB,FL,ASO,ES,Towers with Display (VFR),0,2,96,0,98,0,0,248,0,248,0,2,344,0,346,355,0,355,701
08/31/2002,VRB,FL,ASO,ES,Towers with Display (VFR),0,2,72,0,74,0,0,160,0,160,0,2,232,0,234,222,0,222,456
09/01/2002,VRB,FL,ASO,ES,Towers with Display (VFR),0,3,37,0,40,0,1,136,0,137,0,4,173,0,177,137,0,137,314
09/02/2002,VRB,FL,ASO,ES,Towers with Display (VFR),0,3,83,0,86,0,0,170,0,170,0,3,253,0,256,314,0,314,570
09/03/2002,VRB,FL,ASO,ES,Towers with Display (VFR),0,4,78,0,82,0,0,218,0,218,0,4,296,0,300,255,0,255,555
09/04/2002,VRB,FL,ASO,ES,Towers with Display (VFR),0,4,82,0,86,0,0,175,0,175,0,4,257,0,261,311,0,311,572
09/05/2002,VRB,FL,ASO,ES,Towers with Display (VFR),0,6,89,0,95,0,0,172,0,172,0,6,261,0,267,295,0,295,562
09/06/2002,VRB,FL,ASO,ES,Towers with Display (VFR),0,7,75,0,82,0,0,226,0,226,0,7,301,0,308,287,0,287,595
09/07/2002,VRB,FL,ASO,ES,Towers with Display (VFR),0,4,56,0,60,0,1,207,0,208,0,5,263,0,268,277,0,277,545
09/08/2002,VRB,FL,ASO,ES,Towers with Display (VFR),0,0,50,0,50,0,0,204,0,204,0,0,254,0,254,331,0,331,585
09/09/2002,VRB,FL,ASO,ES,Towers with Display (VFR),0,2,70,0,72,0,0,233,0,233,0,2,303,0,305,462,0,462,767
09/10/2002,VRB,FL,ASO,ES,Towers with Display (VFR),0,6,68,0,74,0,0,239,0,239,0,6,307,0,313,371,0,371,684
09/11/2002,VRB,FL,ASO,ES,Towers with Display (VFR),0,5,129,0,134,0,0,185,0,185,0,5,314,0,319,340,0,340,659
09/12/2002,VRB,FL,ASO,ES,Towers with Display (VFR),0,11,52,0,63,0,0,172,0,172,0,11,224,0,235,269,0,269,504
09/13/2002,VRB,FL,ASO,ES,Towers with Display (VFR),0,3,72,2,77,0,0,190,0,190,0,3,262,2,267,287,0,287,554
09/14/2002,VRB,FL,ASO,ES,Towers with Display (VFR),0,5,70,0,75,0,1,211,0,212,0,6,281,0,287,308,0,308,595
09/15/2002,VRB,FL,ASO,ES,Towers with Display (VFR),0,2,47,0,49,0,0,163,0,163,0,2,210,0,212,204,0,204,416
09/16/2002,VRB,FL,ASO,ES,Towers with Display (VFR),0,2,75,0,77,0,0,269,0,269,0,2,344,0,346,313,0,313,659
09/17/2002,VRB,FL,ASO,ES,Towers with Display (VFR),0,4,79,0,83,0,0,272,0,272,0,4,351,0,355,375,0,375,730
09/18/2002,VRB,FL,ASO,ES,Towers with Display (VFR),0,4,71,0,75,0,0,255,0,255,0,4,326,0,330,359,0,359,689
09/19/2002,VRB,FL,ASO,ES,Towers with Display (VFR),0,5,69,0,74,0,0,243,0,243,0,5,312,0,317,329,0,329,646
09/20/2002,VRB,FL,ASO,ES,Towers with Display (VFR),0,4,67,4,75,0,0,234,0,234,0,4,301,4,309,289,0,289,598
09/21/2002,VRB,FL,ASO,ES,Towers with Display (VFR),0,1,66,0,67,0,0,214,0,214,0,1,280,0,281,311,0,311,592
09/22/2002,VRB,FL,ASO,ES,Towers with Display (VFR),0,0,32,0,32,0,0,219,0,219,0,0,251,0,251,239,0,239,490
09/23/2002,VRB,FL,ASO,ES,Towers with Display (VFR),0,4,74,0,78,0,0,234,0,234,0,4,308,0,312,428,0,428,740
09/24/2002,VRB,FL,ASO,ES,Towers with Display (VFR),0,5,56,0,61,0,0,225,0,225,0,5,281,0,286,291,0,291,577
09/25/2002,VRB,FL,ASO,ES,Towers with Display (VFR),0,7,62,0,69,0,0,263,0,263,0,7,325,0,332,339,0,339,671
09/26/2002,VRB,FL,ASO,ES,Towers with Display (VFR),0,8,88,0,96,0,0,242,0,242,0,8,330,0,338,249,0,249,587
09/27/2002,VRB,FL,ASO,ES,Towers with Display (VFR),0,4,77,0,81,0,0,235,0,235,0,4,312,0,316,310,0,310,626
09/28/2002,VRB,FL,ASO,ES,Towers with Display (VFR),0,7,55,0,62,0,1,279,0,280,0,8,334,0,342,267,0,267,609
09/29/2002,VRB,FL,ASO,ES,Towers with Display (VFR),0,5,50,0,55,0,0,186,0,186,0,5,236,0,241,211,0,211,452
09/30/2002,VRB,FL,ASO,ES,Towers with Display (VFR),0,4,60,0,64,0,0,182,6,188,0,4,242,6,252,343,0,343,595
10/01/2002,VRB,FL,ASO,ES,Towers with Display (VFR),0,4,73,0,77,0,1,197,0,198,0,5,270,0,275,378,0,378,653
10/02/2002,VRB,FL,ASO,ES,Towers with Display (VFR),0,5,70,0,75,0,0,212,0,212,0,5,282,0,287,490,0,490,777
10/03/2002,VRB,FL,ASO,ES,Towers with Display (VFR),0,7,73,0,80,0,2,231,0,233,0,9,304,0,313,348,0,348,661
10/04/2002,VRB,FL,ASO,ES,Towers with Display (VFR),0,6,85,0,91,0,0,228,0,228,0,6,313,0,319,426,0,426,745
10/05/2002,VRB,FL,ASO,ES,Towers with Display (VFR),0,2,59,0,61,0,0,281,0,281,0,2,340,0,342,335,0,335,677
10/06/2002,VRB,FL,ASO,ES,Towers with Display (VFR),0,2,57,0,59,0,1,237,0,238,0,3,294,0,297,230,0,230,527
10/07/2002,VRB,FL,ASO,ES,Towers with Display (VFR),0,8,81,0,89,0,0,217,0,217,0,8,298,0,306,371,0,371,677
10/08/2002,VRB,FL,ASO,ES,Towers with Display (VFR),0,6,93,0,99,0,0,299,0,299,0,6,392,0,398,485,0,485,883
10/09/2002,VRB,FL,ASO,ES,Towers with Display (VFR),0,5,121,0,126,0,0,302,0,302,0,5,423,0,428,403,0,403,831
10/10/2002,VRB,FL,ASO,ES,Towers with Display (VFR),0,6,98,0,104,0,0,250,0,250,0,6,348,0,354,464,0,464,818
10/11/2002,VRB,FL,ASO,ES,Towers with Display (VFR),0,8,118,0,126,0,0,257,0,257,0,8,375,0,383,428,0,428,811
10/12/2002,VRB,FL,ASO,ES,Towers with Display (VFR),0,4,68,0,72,0,1,257,0,258,0,5,325,0,330,437,0,437,767
10/13/2002,VRB,FL,ASO,ES,Towers with Display (VFR),0,5,64,0,69,0,0,198,0,198,0,5,262,0,267,256,0,256,523
10/14/2002,VRB,FL,ASO,ES,Towers with Display (VFR),0,12,88,0,100,0,1,167,0,168,0,13,255,0,268,433,0,433,701
10/15/2002,VRB,FL,ASO,ES,Towers with Display (VFR),0,14,71,2,87,0,2,231,0,233,0,16,302,2,320,438,0,438,758
10/16/2002,VRB,FL,ASO,ES,Towers with Display (VFR),0,15,55,0,70,0,0,267,0,267,0,15,322,0,337,531,0,531,868
10/17/2002,VRB,FL,ASO,ES,Towers with Display (VFR),0,10,79,0,89,0,1,281,2,284,0,11,360,2,373,422,0,422,795
10/18/2002,VRB,FL,ASO,ES,Towers with Display (VFR),0,9,69,0,78,0,0,208,0,208,0,9,277,0,286,389,0,389,675
10/19/2002,VRB,FL,ASO,ES,Towers with Display (VFR),0,2,44,0,46,0,0,248,0,248,0,2,292,0,294,411,0,411,705
10/20/2002,VRB,FL,ASO,ES,Towers with Display (VFR),0,8,47,0,55,0,0,156,0,156,0,8,203,0,211,279,0,279,490
10/21/2002,VRB,FL,ASO,ES,Towers with Display (VFR),0,10,90,0,100,0,0,194,0,194,0,10,284,0,294,439,0,439,733
10/22/2002,VRB,FL,ASO,ES,Towers with Display (VFR),0,5,90,0,95,0,0,243,0,243,0,5,333,0,338,472,0,472,810
10/23/2002,VRB,FL,ASO,ES,Towers with Display (VFR),0,5,89,0,94,0,0,294,0,294,0,5,383,0,388,576,0,576,964
10/24/2002,VRB,FL,ASO,ES,Towers with Display (VFR),0,13,54,0,67,0,0,312,0,312,0,13,366,0,379,366,0,366,745
10/25/2002,VRB,FL,ASO,ES,Towers with Display (VFR),0,9,96,0,105,0,0,248,0,248,0,9,344,0,353,242,0,242,595
10/26/2002,VRB,FL,ASO,ES,Towers with Display (VFR),0,7,59,0,66,0,0,221,0,221,0,7,280,0,287,323,0,323,610
10/27/2002,VRB,FL,ASO,ES,Towers with Display (VFR),0,10,48,0,58,0,1,192,0,193,0,11,240,0,251,274,0,274,525
10/28/2002,VRB,FL,ASO,ES,Towers with Display (VFR),0,12,81,0,93,0,0,250,0,250,0,12,331,0,343,438,0,438,781
10/29/2002,VRB,FL,ASO,ES,Towers with Display (VFR),0,10,93,0,103,0,0,281,0,281,0,10,374,0,384,469,0,469,853
10/30/2002,VRB,FL,ASO,ES,Towers with Display (VFR),0,14,99,0,113,0,0,218,0,218,0,14,317,0,331,379,0,379,710
10/31/2002,VRB,FL,ASO,ES,Towers with Display (VFR),0,19,93,0,112,0,3,250,1,254,0,22,343,1,366,437,0,437,803
11/01/2002,VRB,FL,ASO,ES,Towers with Display (VFR),0,14,125,0,139,0,0,175,0,175,0,14,300,0,314,389,0,389,703
11/02/2002,VRB,FL,ASO,ES,Towers with Display (VFR),0,13,73,0,86,0,0,233,0,233,0,13,306,0,319,481,0,481,800
11/03/2002,VRB,FL,ASO,ES,Towers with Display (VFR),0,18,60,0,78,0,0,204,0,204,0,18,264,0,282,315,0,315,597
11/04/2002,VRB,FL,ASO,ES,Towers with Display (VFR),0,7,90,0,97,0,0,244,0,244,0,7,334,0,341,533,0,533,874
11/05/2002,VRB,FL,ASO,ES,Towers with Display (VFR),0,13,87,0,100,0,0,220,0,220,0,13,307,0,320,385,0,385,705
11/06/2002,VRB,FL,ASO,ES,Towers with Display (VFR),0,11,90,0,101,0,0,150,0,150,0,11,240,0,251,180,0,180,431
11/07/2002,VRB,FL,ASO,ES,Towers with Display (VFR),0,16,121,0,137,0,2,282,1,285,0,18,403,1,422,379,0,379,801
11/08/2002,VRB,FL,ASO,ES,Towers with Display (VFR),0,16,126,2,144,0,0,308,0,308,0,16,434,2,452,434,0,434,886
11/09/2002,VRB,FL,ASO,ES,Towers with Display (VFR),0,3,70,0,73,0,0,203,0,203,0,3,273,0,276,286,0,286,562
11/10/2002,VRB,FL,ASO,ES,Towers with Display (VFR),0,9,72,0,81,0,0,178,0,178,0,9,250,0,259,208,0,208,467
11/11/2002,VRB,FL,ASO,ES,Towers with Display (VFR),0,14,73,0,87,0,0,257,0,257,0,14,330,0,344,383,0,383,727
11/12/2002,VRB,FL,ASO,ES,Towers with Display (VFR),0,5,93,0,98,0,0,228,0,228,0,5,321,0,326,453,0,453,779
11/13/2002,VRB,FL,ASO,ES,Towers with Display (VFR),0,13,118,0,131,0,0,170,0,170,0,13,288,0,301,325,0,325,626
11/14/2002,VRB,FL,ASO,ES,Towers with Display (VFR),0,11,107,0,118,0,0,253,0,253,0,11,360,0,371,458,0,458,829
11/15/2002,VRB,FL,ASO,ES,Towers with Display (VFR),0,14,97,0,111,0,0,268,0,268,0,14,365,0,379,473,0,473,852
11/16/2002,VRB,FL,ASO,ES,Towers with Display (VFR),0,8,57,0,65,0,0,19,0,19,0,8,76,0,84,99,0,99,183
11/17/2002,VRB,FL,ASO,ES,Towers with Display (VFR),0,17,75,0,92,0,0,73,0,73,0,17,148,0,165,186,0,186,351
11/18/2002,VRB,FL,ASO,ES,Towers with Display (VFR),0,10,95,0,105,0,1,237,0,238,0,11,332,0,343,323,0,323,666
11/19/2002,VRB,FL,ASO,ES,Towers with Display (VFR),0,7,94,0,101,0,0,244,2,246,0,7,338,2,347,285,0,285,632
11/20/2002,VRB,FL,ASO,ES,Towers with Display (VFR),0,13,107,0,120,0,1,300,0,301,0,14,407,0,421,603,2,605,1026
11/21/2002,VRB,FL,ASO,ES,Towers with Display (VFR),0,17,99,0,116,0,0,283,0,283,0,17,382,0,399,513,0,513,912
11/22/2002,VRB,FL,ASO,ES,Towers with Display (VFR),0,18,76,0,94,0,0,218,0,218,0,18,294,0,312,383,0,383,695
11/23/2002,VRB,FL,ASO,ES,Towers with Display (VFR),0,7,79,0,86,0,0,278,0,278,0,7,357,0,364,319,0,319,683
11/24/2002,VRB,FL,ASO,ES,Towers with Display (VFR),0,9,75,0,84,0,1,238,0,239,0,10,313,0,323,187,0,187,510
11/25/2002,VRB,FL,ASO,ES,Towers with Display (VFR),0,12,74,0,86,0,0,271,0,271,0,12,345,0,357,373,0,373,730
11/26/2002,VRB,FL,ASO,ES,Towers with Display (VFR),0,16,82,0,98,0,0,244,0,244,0,16,326,0,342,244,0,244,586
11/27/2002,VRB,FL,ASO,ES,Towers with Display (VFR),0,13,98,0,111,0,0,193,0,193,0,13,291,0,304,332,0,332,636
11/28/2002,VRB,FL,ASO,ES,Towers with Display (VFR),0,5,47,0,52,0,0,121,0,121,0,5,168,0,173,147,0,147,320
11/29/2002,VRB,FL,ASO,ES,Towers with Display (VFR),0,14,59,0,73,0,0,186,0,186,0,14,245,0,259,136,0,136,395
11/30/2002,VRB,FL,ASO,ES,Towers with Display (VFR),0,9,63,0,72,0,0,213,0,213,0,9,276,0,285,264,0,264,549
12/01/2002,VRB,FL,ASO,ES,Towers with Display (VFR),0,22,96,0,118,0,1,152,0,153,0,23,248,0,271,264,0,264,535
12/02/2002,VRB,FL,ASO,ES,Towers with Display (VFR),0,18,87,0,105,0,1,241,0,242,0,19,328,0,347,436,0,436,783
12/03/2002,VRB,FL,ASO,ES,Towers with Display (VFR),0,14,130,0,144,0,0,229,0,229,0,14,359,0,373,361,0,361,734
12/04/2002,VRB,FL,ASO,ES,Towers with Display (VFR),0,10,109,0,119,0,0,237,0,237,0,10,346,0,356,400,0,400,756
12/05/2002,VRB,FL,ASO,ES,Towers with Display (VFR),0,9,90,0,99,0,0,167,0,167,0,9,257,0,266,224,0,224,490
12/06/2002,VRB,FL,ASO,ES,Towers with Display (VFR),0,20,121,0,141,0,0,0,0,0,0,20,121,0,141,0,0,0,141
12/07/2002,VRB,FL,ASO,ES,Towers with Display (VFR),0,8,103,2,113,0,0,238,0,238,0,8,341,2,351,432,0,432,783
12/08/2002,VRB,FL,ASO,ES,Towers with Display (VFR),0,10,91,0,101,0,0,188,0,188,0,10,279,0,289,264,0,264,553
12/09/2002,VRB,FL,ASO,ES,Towers with Display (VFR),0,10,111,0,121,0,0,64,0,64,0,10,175,0,185,93,0,93,278
12/10/2002,VRB,FL,ASO,ES,Towers with Display (VFR),0,14,147,0,161,0,0,81,0,81,0,14,228,0,242,172,0,172,414
12/11/2002,VRB,FL,ASO,ES,Towers with Display (VFR),0,10,96,0,106,0,0,279,0,279,0,10,375,0,385,402,0,402,787
12/12/2002,VRB,FL,ASO,ES,Towers with Display (VFR),0,10,153,0,163,0,0,72,0,72,0,10,225,0,235,206,0,206,441
12/13/2002,VRB,FL,ASO,ES,Towers with Display (VFR),0,8,71,0,79,0,0,50,0,50,0,8,121,0,129,14,0,14,143
12/14/2002,VRB,FL,ASO,ES,Towers with Display (VFR),0,3,98,0,101,0,2,230,0,232,0,5,328,0,333,330,0,330,663
12/15/2002,VRB,FL,ASO,ES,Towers with Display (VFR),0,5,85,0,90,0,0,207,0,207,0,5,292,0,297,355,0,355,652
12/16/2002,VRB,FL,ASO,ES,Towers with Display (VFR),0,7,114,0,121,0,0,277,0,277,0,7,391,0,398,415,0,415,813
12/17/2002,VRB,FL,ASO,ES,Towers with Display (VFR),0,12,100,0,112,0,0,285,0,285,0,12,385,0,397,433,0,433,830
12/18/2002,VRB,FL,ASO,ES,Towers with Display (VFR),0,7,100,0,107,0,0,288,0,288,0,7,388,0,395,376,0,376,771
12/19/2002,VRB,FL,ASO,ES,Towers with Display (VFR),0,8,104,0,112,0,0,220,0,220,0,8,324,0,332,235,0,235,567
12/20/2002,VRB,FL,ASO,ES,Towers with Display (VFR),0,10,95,0,105,0,0,80,0,80,0,10,175,0,185,82,0,82,267
12/21/2002,VRB,FL,ASO,ES,Towers with Display (VFR),0,4,74,0,78,0,0,171,0,171,0,4,245,0,249,140,0,140,389
12/22/2002,VRB,FL,ASO,ES,Towers with Display (VFR),0,7,73,0,80,0,0,117,0,117,0,7,190,0,197,107,0,107,304
12/23/2002,VRB,FL,ASO,ES,Towers with Display (VFR),0,12,58,0,70,0,0,155,0,155,0,12,213,0,225,138,0,138,363
12/24/2002,VRB,FL,ASO,ES,Towers with Display (VFR),0,5,28,0,33,0,0,70,0,70,0,5,98,0,103,31,0,31,134
12/25/2002,VRB,FL,ASO,ES,Towers with Display (VFR),0,3,16,0,19,0,0,13,0,13,0,3,29,0,32,0,0,0,32
12/26/2002,VRB,FL,ASO,ES,Towers with Display (VFR),0,24,65,0,89,0,0,124,0,124,0,24,189,0,213,96,0,96,309
12/27/2002,VRB,FL,ASO,ES,Towers with Display (VFR),0,25,60,0,85,0,0,131,0,131,0,25,191,0,216,79,0,79,295
12/28/2002,VRB,FL,ASO,ES,Towers with Display (VFR),0,26,46,0,72,0,0,143,3,146,0,26,189,3,218,73,0,73,291
12/29/2002,VRB,FL,ASO,ES,Towers with Display (VFR),0,7,63,0,70,0,0,146,0,146,0,7,209,0,216,123,0,123,339
12/30/2002,VRB,FL,ASO,ES,Towers with Display (VFR),0,13,68,0,81,0,0,156,0,156,0,13,224,0,237,209,0,209,446
12/31/2002,VRB,FL,ASO,ES,Towers with Display (VFR),0,17,54,0,71,0,1,75,0,76,0,18,129,0,147,57,0,57,204
01/01/2003,VRB,FL,ASO,ES,Towers with Display (VFR),0,3,16,0,19,0,0,35,0,35,0,3,51,0,54,13,0,13,67
01/02/2003,VRB,FL,ASO,ES,Towers with Display (VFR),0,19,78,0,97,0,0,179,2,181,0,19,257,2,278,194,0,194,472
01/03/2003,VRB,FL,ASO,ES,Towers with Display (VFR),0,12,88,0,100,0,0,96,0,96,0,12,184,0,196,131,0,131,327
01/04/2003,VRB,FL,ASO,ES,Towers with Display (VFR),0,24,86,0,110,0,0,204,0,204,0,24,290,0,314,214,0,214,528
01/05/2003,VRB,FL,ASO,ES,Towers with Display (VFR),0,17,73,0,90,0,0,190,0,190,0,17,263,0,280,216,0,216,496
01/06/2003,VRB,FL,ASO,ES,Towers with Display (VFR),0,19,90,0,109,0,1,203,0,204,0,20,293,0,313,198,0,198,511
01/07/2003,VRB,FL,ASO,ES,Towers with Display (VFR),0,8,90,2,100,0,0,169,0,169,0,8,259,2,269,370,0,370,639
01/08/2003,VRB,FL,ASO,ES,Towers with Display (VFR),0,7,106,0,113,0,0,234,0,234,0,7,340,0,347,423,0,423,770
01/09/2003,VRB,FL,ASO,ES,Towers with Display (VFR),0,9,89,0,98,0,0,264,0,264,0,9,353,0,362,401,0,401,763
01/10/2003,VRB,FL,ASO,ES,Towers with Display (VFR),0,13,92,0,105,0,0,211,0,211,0,13,303,0,316,420,0,420,736
01/11/2003,VRB,FL,ASO,ES,Towers with Display (VFR),0,6,61,0,67,0,1,169,0,170,0,7,230,0,237,313,0,313,550
01/12/2003,VRB,FL,ASO,ES,Towers with Display (VFR),0,12,67,0,79,0,0,157,0,157,0,12,224,0,236,172,0,172,408
01/13/2003,VRB,FL,ASO,ES,Towers with Display (VFR),0,9,108,0,117,0,0,155,0,155,0,9,263,0,272,339,0,339,611
01/14/2003,VRB,FL,ASO,ES,Towers with Display (VFR),0,4,110,8,122,0,0,209,0,209,0,4,319,8,331,335,0,335,666
01/15/2003,VRB,FL,ASO,ES,Towers with Display (VFR),0,8,75,0,83,0,0,238,0,238,0,8,313,0,321,463,0,463,784
01/16/2003,VRB,FL,ASO,ES,Towers with Display (VFR),0,13,104,0,117,0,3,200,2,205,0,16,304,2,322,304,0,304,626
01/17/2003,VRB,FL,ASO,ES,Towers with Display (VFR),0,15,114,0,129,0,2,217,0,219,0,17,331,0,348,279,0,279,627
01/18/2003,VRB,FL,ASO,ES,Towers with Display (VFR),0,9,106,0,115,0,2,230,0,232,0,11,336,0,347,337,0,337,684
01/19/2003,VRB,FL,ASO,ES,Towers with Display (VFR),0,9,78,0,87,0,0,201,1,202,0,9,279,1,289,266,0,266,555
01/20/2003,VRB,FL,ASO,ES,Towers with Display (VFR),0,12,99,0,111,0,2,231,0,233,0,14,330,0,344,510,0,510,854
01/21/2003,VRB,FL,ASO,ES,Towers with Display (VFR),0,11,120,0,131,0,0,194,0,194,0,11,314,0,325,444,0,444,769
01/22/2003,VRB,FL,ASO,ES,Towers with Display (VFR),0,5,102,0,107,0,0,209,0,209,0,5,311,0,316,392,0,392,708
01/23/2003,VRB,FL,ASO,ES,Towers with Display (VFR),0,11,91,0,102,0,2,125,0,127,0,13,216,0,229,206,0,206,435
01/24/2003,VRB,FL,ASO,ES,Towers with Display (VFR),0,18,79,2,99,0,0,142,0,142,0,18,221,2,241,104,0,104,345
01/25/2003,VRB,FL,ASO,ES,Towers with Display (VFR),0,7,67,0,74,0,2,236,0,238,0,9,303,0,312,364,0,364,676
01/26/2003,VRB,FL,ASO,ES,Towers with Display (VFR),0,14,66,0,80,0,0,171,0,171,0,14,237,0,251,164,1,165,416
01/27/2003,VRB,FL,ASO,ES,Towers with Display (VFR),0,11,88,0,99,0,0,181,0,181,0,11,269,0,280,241,0,241,521
01/28/2003,VRB,FL,ASO,ES,Towers with Display (VFR),0,9,124,0,133,0,1,229,0,230,0,10,353,0,363,508,0,508,871
01/29/2003,VRB,FL,ASO,ES,Towers with Display (VFR),1,7,75,0,83,0,0,215,0,215,1,7,290,0,298,327,0,327,625
01/30/2003,VRB,FL,ASO,ES,Towers with Display (VFR),0,12,121,0,133,0,0,216,0,216,0,12,337,0,349,372,0,372,721
01/31/2003,VRB,FL,ASO,ES,Towers with Display (VFR),0,8,94,2,104,0,0,164,0,164,0,8,258,2,268,513,0,513,781
02/01/2003,VRB,FL,ASO,ES,Towers with Display (VFR),0,9,84,0,93,0,0,185,0,185,0,9,269,0,278,279,0,279,557
02/02/2003,VRB,FL,ASO,ES,Towers with Display (VFR),0,10,60,0,70,0,1,163,0,164,0,11,223,0,234,209,0,209,443
02/03/2003,VRB,FL,ASO,ES,Towers with Display (VFR),0,18,114,0,132,0,1,181,0,182,0,19,295,0,314,381,0,381,695
02/04/2003,VRB,FL,ASO,ES,Towers with Display (VFR),0,15,90,0,105,0,0,200,0,200,0,15,290,0,305,226,0,226,531
02/05/2003,VRB,FL,ASO,ES,Towers with Display (VFR),0,13,118,0,131,0,0,178,0,178,0,13,296,0,309,424,0,424,733
02/06/2003,VRB,FL,ASO,ES,Towers with Display (VFR),0,18,93,0,111,0,2,227,0,229,0,20,320,0,340,437,0,437,777
02/07/2003,VRB,FL,ASO,ES,Towers with Display (VFR),0,12,98,0,110,0,0,127,0,127,0,12,225,0,237,180,0,180,417
02/08/2003,VRB,FL,ASO,ES,Towers with Display (VFR),0,11,93,0,104,0,0,63,0,63,0,11,156,0,167,89,0,89,256
02/09/2003,VRB,FL,ASO,ES,Towers with Display (VFR),0,14,110,0,124,0,0,133,1,134,0,14,243,1,258,194,0,194,452
02/10/2003,VRB,FL,ASO,ES,Towers with Display (VFR),0,11,89,0,100,0,0,83,1,84,0,11,172,1,184,114,0,114,298
02/11/2003,VRB,FL,ASO,ES,Towers with Display (VFR),0,15,92,0,107,0,0,285,0,285,0,15,377,0,392,355,0,355,747
02/12/2003,VRB,FL,ASO,ES,Towers with Display (VFR),0,16,111,0,127,0,0,261,0,261,0,16,372,0,388,292,0,292,680
02/13/2003,VRB,FL,ASO,ES,Towers with Display (VFR),0,15,102,0,117,0,1,261,1,263,0,16,363,1,380,340,0,340,720
02/14/2003,VRB,FL,ASO,ES,Towers with Display (VFR),0,16,91,0,107,0,1,227,0,228,0,17,318,0,335,384,0,384,719
02/15/2003,VRB,FL,ASO,ES,Towers with Display (VFR),0,12,63,0,75,0,1,206,1,208,0,13,269,1,283,247,0,247,530
02/16/2003,VRB,FL,ASO,ES,Towers with Display (VFR),0,18,82,0,100,0,0,125,0,125,0,18,207,0,225,226,0,226,451
02/17/2003,VRB,FL,ASO,ES,Towers with Display (VFR),0,18,125,0,143,0,1,111,0,112,0,19,236,0,255,230,0,230,485
02/18/2003,VRB,FL,ASO,ES,Towers with Display (VFR),0,16,117,0,133,0,1,245,0,246,0,17,362,0,379,321,0,321,700
02/19/2003,VRB,FL,ASO,ES,Towers with Display (VFR),0,17,105,0,122,0,1,232,0,233,0,18,337,0,355,391,0,391,746
02/20/2003,VRB,FL,ASO,ES,Towers with Display (VFR),0,8,100,0,108,0,0,177,0,177,0,8,277,0,285,286,0,286,571
02/21/2003,VRB,FL,ASO,ES,Towers with Display (VFR),0,15,119,0,134,0,1,183,0,184,0,16,302,0,318,197,0,197,515
02/22/2003,VRB,FL,ASO,ES,Towers with Display (VFR),0,8,54,0,62,0,0,100,0,100,0,8,154,0,162,123,0,123,285
02/23/2003,VRB,FL,ASO,ES,Towers with Display (VFR),0,9,116,0,125,0,0,145,0,145,0,9,261,0,270,159,0,159,429
02/24/2003,VRB,FL,ASO,ES,Towers with Display (VFR),0,10,97,0,107,0,1,257,0,258,0,11,354,0,365,282,0,282,647
02/25/2003,VRB,FL,ASO,ES,Towers with Display (VFR),0,21,95,0,116,0,0,195,0,195,0,21,290,0,311,319,0,319,630
02/26/2003,VRB,FL,ASO,ES,Towers with Display (VFR),0,21,93,0,114,0,0,206,0,206,0,21,299,0,320,291,0,291,611
02/27/2003,VRB,FL,ASO,ES,Towers with Display (VFR),0,12,91,0,103,0,0,120,0,120,0,12,211,0,223,202,0,202,425
02/28/2003,VRB,FL,ASO,ES,Towers with Display (VFR),0,14,110,0,124,0,0,58,0,58,0,14,168,0,182,101,0,101,283
03/01/2003,VRB,FL,ASO,ES,Towers with Display (VFR),0,17,42,0,59,0,0,131,0,131,0,17,173,0,190,189,0,189,379
03/02/2003,VRB,FL,ASO,ES,Towers with Display (VFR),0,16,86,2,104,0,0,59,2,61,0,16,145,4,165,67,0,67,232
03/03/2003,VRB,FL,ASO,ES,Towers with Display (VFR),0,8,80,0,88,0,0,144,0,144,0,8,224,0,232,209,0,209,441
03/04/2003,VRB,FL,ASO,ES,Towers with Display (VFR),0,10,106,0,116,0,0,83,0,83,0,10,189,0,199,150,0,150,349
03/05/2003,VRB,FL,ASO,ES,Towers with Display (VFR),0,12,78,0,90,0,0,248,1,249,0,12,326,1,339,262,0,262,601
03/06/2003,VRB,FL,ASO,ES,Towers with Display (VFR),0,7,87,0,94,0,1,238,1,240,0,8,325,1,334,286,0,286,620
03/07/2003,VRB,FL,ASO,ES,Towers with Display (VFR),0,13,91,0,104,0,0,269,0,269,0,13,360,0,373,229,0,229,602
03/08/2003,VRB,FL,ASO,ES,Towers with Display (VFR),0,5,82,0,87,0,0,124,0,124,0,5,206,0,211,376,0,376,587
03/09/2003,VRB,FL,ASO,ES,Towers with Display (VFR),0,19,69,0,88,0,1,118,0,119,0,20,187,0,207,169,0,169,376
03/10/2003,VRB,FL,ASO,ES,Towers with Display (VFR),0,14,94,0,108,0,5,176,0,181,0,19,270,0,289,235,0,235,524
03/11/2003,VRB,FL,ASO,ES,Towers with Display (VFR),0,8,99,0,107,0,0,244,2,246,0,8,343,2,353,327,0,327,680
03/12/2003,VRB,FL,ASO,ES,Towers with Display (VFR),0,9,95,0,104,0,0,216,0,216,0,9,311,0,320,392,0,392,712
03/13/2003,VRB,FL,ASO,ES,Towers with Display (VFR),0,18,110,0,128,0,0,255,0,255,0,18,365,0,383,341,0,341,724
03/14/2003,VRB,FL,ASO,ES,Towers with Display (VFR),0,19,120,0,139,0,0,238,0,238,0,19,358,0,377,307,0,307,684
03/15/2003,VRB,FL,ASO,ES,Towers with Display (VFR),0,10,81,0,91,0,0,139,0,139,0,10,220,0,230,302,0,302,532
03/16/2003,VRB,FL,ASO,ES,Towers with Display (VFR),0,18,64,0,82,0,0,86,0,86,0,18,150,0,168,120,0,120,288
03/17/2003,VRB,FL,ASO,ES,Towers with Display (VFR),0,13,72,0,85,0,1,101,0,102,0,14,173,0,187,133,0,133,320
03/18/2003,VRB,FL,ASO,ES,Towers with Display (VFR),0,11,82,0,93,0,0,199,0,199,0,11,281,0,292,163,0,163,455
03/19/2003,VRB,FL,ASO,ES,Towers with Display (VFR),0,13,109,0,122,0,0,170,0,170,0,13,279,0,292,295,0,295,587
03/20/2003,VRB,FL,ASO,ES,Towers with Display (VFR),0,16,90,0,106,0,0,149,0,149,0,16,239,0,255,216,0,216,471
03/21/2003,VRB,FL,ASO,ES,Towers with Display (VFR),0,9,116,0,125,0,0,127,0,127,0,9,243,0,252,168,0,168,420
03/22/2003,VRB,FL,ASO,ES,Towers with Display (VFR),0,27,91,0,118,0,3,44,0,47,0,30,135,0,165,141,0,141,306
03/23/2003,VRB,FL,ASO,ES,Towers with Display (VFR),0,17,91,0,108,0,1,73,0,74,0,18,164,0,182,224,0,224,406
03/24/2003,VRB,FL,ASO,ES,Towers with Display (VFR),0,9,90,0,99,0,0,233,1,234,0,9,323,1,333,256,1,257,590
03/25/2003,VRB,FL,ASO,ES,Towers with Display (VFR),0,5,80,0,85,0,0,225,0,225,0,5,305,0,310,374,2,376,686
03/26/2003,VRB,FL,ASO,ES,Towers with Display (VFR),0,15,115,0,130,0,6,209,0,215,0,21,324,0,345,409,0,409,754
03/27/2003,VRB,FL,ASO,ES,Towers with Display (VFR),0,20,82,0,102,0,0,155,0,155,0,20,237,0,257,119,0,119,376
03/28/2003,VRB,FL,ASO,ES,Towers with Display (VFR),0,11,134,0,145,0,3,182,0,185,0,14,316,0,330,348,0,348,678
03/29/2003,VRB,FL,ASO,ES,Towers with Display (VFR),0,15,70,0,85,0,1,232,0,233,0,16,302,0,318,272,0,272,590
03/30/2003,VRB,FL,ASO,ES,Towers with Display (VFR),0,21,67,0,88,0,0,42,0,42,0,21,109,0,130,31,0,31,161
03/31/2003,VRB,FL,ASO,ES,Towers with Display (VFR),0,6,72,0,78,0,0,151,0,151,0,6,223,0,229,215,0,215,444
04/01/2003,VRB,FL,ASO,ES,Towers with Display (VFR),0,10,103,0,113,0,0,191,0,191,0,10,294,0,304,277,0,277,581
04/02/2003,VRB,FL,ASO,ES,Towers with Display (VFR),0,17,88,0,105,0,0,252,0,252,0,17,340,0,357,290,0,290,647
04/03/2003,VRB,FL,ASO,ES,Towers with Display (VFR),0,8,95,0,103,0,0,240,0,240,0,8,335,0,343,301,0,301,644
04/04/2003,VRB,FL,ASO,ES,Towers with Display (VFR),0,8,109,6,123,0,0,197,1,198,0,8,306,7,321,339,0,339,660
04/05/2003,VRB,FL,ASO,ES,Towers with Display (VFR),0,13,71,0,84,0,0,163,0,163,0,13,234,0,247,88,0,88,335
04/06/2003,VRB,FL,ASO,ES,Towers with Display (VFR),0,22,59,0,81,0,1,101,0,102,0,23,160,0,183,38,0,38,221
04/07/2003,VRB,FL,ASO,ES,Towers with Display (VFR),0,13,94,0,107,0,0,177,0,177,0,13,271,0,284,286,0,286,570
04/08/2003,VRB,FL,ASO,ES,Towers with Display (VFR),0,10,80,0,90,0,0,200,0,200,0,10,280,0,290,373,0,373,663
04/09/2003,VRB,FL,ASO,ES,Towers with Display (VFR),0,11,58,0,69,0,0,111,0,111,0,11,169,0,180,181,0,181,361
04/10/2003,VRB,FL,ASO,ES,Towers with Display (VFR),0,18,91,0,109,0,0,141,1,142,0,18,232,1,251,271,0,271,522
04/11/2003,VRB,FL,ASO,ES,Towers with Display (VFR),0,16,99,2,117,0,0,203,0,203,0,16,302,2,320,211,0,211,531
04/12/2003,VRB,FL,ASO,ES,Towers with Display (VFR),0,15,52,0,67,0,0,183,0,183,0,15,235,0,250,222,0,222,472
04/13/2003,VRB,FL,ASO,ES,Towers with Display (VFR),0,10,65,0,75,0,0,99,0,99,0,10,164,0,174,112,0,112,286
04/14/2003,VRB,FL,ASO,ES,Towers with Display (VFR),0,15,81,0,96,0,0,229,0,229,0,15,310,0,325,365,0,365,690
04/15/2003,VRB,FL,ASO,ES,Towers with Display (VFR),0,11,102,0,113,0,0,196,1,197,0,11,298,1,310,291,0,291,601
04/16/2003,VRB,FL,ASO,ES,Towers with Display (VFR),0,19,98,0,117,0,0,188,0,188,0,19,286,0,305,331,0,331,636
04/17/2003,VRB,FL,ASO,ES,Towers with Display (VFR),0,23,70,0,93,0,0,250,0,250,0,23,320,0,343,220,0,220,563
04/18/2003,VRB,FL,ASO,ES,Towers with Display (VFR),0,17,95,0,112,0,0,152,0,152,0,17,247,0,264,268,0,268,532
04/19/2003,VRB,FL,ASO,ES,Towers with Display (VFR),0,12,72,0,84,0,0,84,0,84,0,12,156,0,168,143,0,143,311
04/20/2003,VRB,FL,ASO,ES,Towers with Display (VFR),0,14,57,0,71,0,0,72,0,72,0,14,129,0,143,45,0,45,188
04/21/2003,VRB,FL,ASO,ES,Towers with Display (VFR),0,5,25,0,30,0,25,288,0,313,0,30,313,0,343,175,0,175,518
04/22/2003,VRB,FL,ASO,ES,Towers with Display (VFR),0,21,112,0,133,0,0,164,5,169,0,21,276,5,302,260,0,260,562
04/23/2003,VRB,FL,ASO,ES,Towers with Display (VFR),0,20,96,0,116,0,0,210,0,210,0,20,306,0,326,278,0,278,604
04/24/2003,VRB,FL,ASO,ES,Towers with Display (VFR),0,18,102,0,120,0,0,214,0,214,0,18,316,0,334,349,0,349,683
04/25/2003,VRB,FL,ASO,ES,Towers with Display (VFR),0,9,62,0,71,0,1,190,0,191,0,10,252,0,262,317,0,317,579
04/26/2003,VRB,FL,ASO,ES,Towers with Display (VFR),0,13,64,0,77,0,0,34,0,34,0,13,98,0,111,128,0,128,239
04/27/2003,VRB,FL,ASO,ES,Towers with Display (VFR),0,12,67,0,79,0,0,70,0,70,0,12,137,0,149,58,0,58,207
04/28/2003,VRB,FL,ASO,ES,Towers with Display (VFR),0,10,91,0,101,0,0,159,0,159,0,10,250,0,260,275,0,275,535
04/29/2003,VRB,FL,ASO,ES,Towers with Display (VFR),0,13,79,0,92,0,0,180,0,180,0,13,259,0,272,332,0,332,604
04/30/2003,VRB,FL,ASO,ES,Towers with Display (VFR),0,13,92,0,105,0,0,126,0,126,0,13,218,0,231,202,0,202,433
05/01/2003,VRB,FL,ASO,ES,Towers with Display (VFR),0,11,88,0,99,0,8,115,0,123,0,19,203,0,222,224,0,224,446
05/02/2003,VRB,FL,ASO,ES,Towers with Display (VFR),0,15,75,0,90,0,3,199,1,203,0,18,274,1,293,193,0,193,486
05/03/2003,VRB,FL,ASO,ES,Towers with Display (VFR),0,7,56,0,63,0,2,145,0,147,0,9,201,0,210,120,0,120,330
05/04/2003,VRB,FL,ASO,ES,Towers with Display (VFR),0,10,50,0,60,0,0,124,0,124,0,10,174,0,184,53,0,53,237
05/05/2003,VRB,FL,ASO,ES,Towers with Display (VFR),0,9,68,0,77,0,0,185,0,185,0,9,253,0,262,235,0,235,497
05/06/2003,VRB,FL,ASO,ES,Towers with Display (VFR),0,7,92,0,99,0,0,205,0,205,0,7,297,0,304,238,0,238,542
05/07/2003,VRB,FL,ASO,ES,Towers with Display (VFR),0,12,79,0,91,0,2,217,0,219,0,14,296,0,310,270,0,270,580
05/08/2003,VRB,FL,ASO,ES,Towers with Display (VFR),0,15,102,0,117,0,0,228,0,228,0,15,330,0,345,366,0,366,711
05/09/2003,VRB,FL,ASO,ES,Towers with Display (VFR),0,11,96,0,107,0,0,229,0,229,0,11,325,0,336,304,0,304,640
05/10/2003,VRB,FL,ASO,ES,Towers with Display (VFR),0,5,60,0,65,0,0,154,0,154,0,5,214,0,219,163,0,163,382
05/11/2003,VRB,FL,ASO,ES,Towers with Display (VFR),0,3,46,0,49,0,0,112,0,112,0,3,158,0,161,76,0,76,237
05/12/2003,VRB,FL,ASO,ES,Towers with Display (VFR),0,9,68,0,77,0,0,203,0,203,0,9,271,0,280,443,0,443,723
05/13/2003,VRB,FL,ASO,ES,Towers with Display (VFR),0,12,93,0,105,0,0,164,0,164,0,12,257,0,269,334,0,334,603
05/14/2003,VRB,FL,ASO,ES,Towers with Display (VFR),0,12,100,0,112,0,0,190,0,190,0,12,290,0,302,312,0,312,614
05/15/2003,VRB,FL,ASO,ES,Towers with Display (VFR),0,11,90,0,101,0,0,198,0,198,0,11,288,0,299,229,0,229,528
05/16/2003,VRB,FL,ASO,ES,Towers with Display (VFR),0,7,110,0,117,0,0,219,0,219,0,7,329,0,336,227,0,227,563
05/17/2003,VRB,FL,ASO,ES,Towers with Display (VFR),0,1,59,0,60,0,1,94,0,95,0,2,153,0,155,156,0,156,311
05/18/2003,VRB,FL,ASO,ES,Towers with Display (VFR),0,4,63,0,67,0,0,72,1,73,0,4,135,1,140,21,0,21,161
05/19/2003,VRB,FL,ASO,ES,Towers with Display (VFR),0,7,86,0,93,0,0,169,0,169,0,7,255,0,262,324,0,324,586
05/20/2003,VRB,FL,ASO,ES,Towers with Display (VFR),0,8,97,0,105,0,0,203,0,203,0,8,300,0,308,245,0,245,553
05/21/2003,VRB,FL,ASO,ES,Towers with Display (VFR),0,9,87,0,96,0,0,194,0,194,0,9,281,0,290,198,0,198,488
05/22/2003,VRB,FL,ASO,ES,Towers with Display (VFR),0,9,99,0,108,0,0,103,0,103,0,9,202,0,211,210,0,210,421
05/23/2003,VRB,FL,ASO,ES,Towers with Display (VFR),0,12,85,0,97,0,0,106,0,106,0,12,191,0,203,150,0,150,353
05/24/2003,VRB,FL,ASO,ES,Towers with Display (VFR),0,6,66,0,72,0,0,112,0,112,0,6,178,0,184,87,0,87,271
05/25/2003,VRB,FL,ASO,ES,Towers with Display (VFR),0,7,40,0,47,0,0,111,0,111,0,7,151,0,158,78,0,78,236
05/26/2003,VRB,FL,ASO,ES,Towers with Display (VFR),0,17,60,0,77,0,1,121,0,122,0,18,181,0,199,140,0,140,339
05/27/2003,VRB,FL,ASO,ES,Towers with Display (VFR),0,11,62,0,73,0,0,138,0,138,0,11,200,0,211,142,0,142,353
05/28/2003,VRB,FL,ASO,ES,Towers with Display (VFR),0,7,82,0,89,0,0,126,0,126,0,7,208,0,215,207,0,207,422
05/29/2003,VRB,FL,ASO,ES,Towers with Display (VFR),0,9,78,0,87,0,4,208,0,212,0,13,286,0,299,145,0,145,444
05/30/2003,VRB,FL,ASO,ES,Towers with Display (VFR),0,2,82,0,84,0,1,281,0,282,0,3,363,0,366,199,0,199,565
05/31/2003,VRB,FL,ASO,ES,Towers with Display (VFR),0,9,50,0,59,0,0,126,1,127,0,9,176,1,186,62,0,62,248
06/01/2003,VRB,FL,ASO,ES,Towers with Display (VFR),0,2,35,0,37,0,0,89,0,89,0,2,124,0,126,45,0,45,171
06/02/2003,VRB,FL,ASO,ES,Towers with Display (VFR),0,5,79,0,84,0,0,151,0,151,0,5,230,0,235,250,0,250,485
06/03/2003,VRB,FL,ASO,ES,Towers with Display (VFR),0,8,64,1,73,0,0,156,1,157,0,8,220,2,230,147,0,147,377
06/04/2003,VRB,FL,ASO,ES,Towers with Display (VFR),0,4,79,1,84,0,0,149,1,150,0,4,228,2,234,166,0,166,400
06/05/2003,VRB,FL,ASO,ES,Towers with Display (VFR),0,8,100,0,108,0,0,151,0,151,0,8,251,0,259,174,0,174,433
06/06/2003,VRB,FL,ASO,ES,Towers with Display (VFR),0,8,88,0,96,0,1,140,1,142,0,9,228,1,238,181,0,181,419
06/07/2003,VRB,FL,ASO,ES,Towers with Display (VFR),0,1,40,0,41,0,0,91,0,91,0,1,131,0,132,126,0,126,258
06/08/2003,VRB,FL,ASO,ES,Towers with Display (VFR),0,2,54,0,56,0,0,77,0,77,0,2,131,0,133,85,0,85,218
06/09/2003,VRB,FL,ASO,ES,Towers with Display (VFR),0,4,92,0,96,0,0,123,0,123,0,4,215,0,219,178,0,178,397
06/10/2003,VRB,FL,ASO,ES,Towers with Display (VFR),0,4,93,0,97,0,0,166,0,166,0,4,259,0,263,316,0,316,579
06/11/2003,VRB,FL,ASO,ES,Towers with Display (VFR),0,6,93,0,99,0,0,177,0,177,0,6,270,0,276,342,0,342,618
06/12/2003,VRB,FL,ASO,ES,Towers with Display (VFR),0,7,113,0,120,0,0,131,0,131,0,7,244,0,251,213,0,213,464
06/13/2003,VRB,FL,ASO,ES,Towers with Display (VFR),0,7,94,0,101,0,0,215,0,215,0,7,309,0,316,203,0,203,519
06/14/2003,VRB,FL,ASO,ES,Towers with Display (VFR),0,5,63,0,68,0,0,124,0,124,0,5,187,0,192,204,0,204,396
06/15/2003,VRB,FL,ASO,ES,Towers with Display (VFR),0,5,46,0,51,0,0,67,0,67,0,5,113,0,118,67,0,67,185
06/16/2003,VRB,FL,ASO,ES,Towers with Display (VFR),0,6,72,0,78,0,0,139,0,139,0,6,211,0,217,279,0,279,496
06/17/2003,VRB,FL,ASO,ES,Towers with Display (VFR),0,11,101,0,112,0,1,164,0,165,0,12,265,0,277,303,0,303,580
06/18/2003,VRB,FL,ASO,ES,Towers with Display (VFR),0,6,82,0,88,0,2,149,0,151,0,8,231,0,239,225,0,225,464
06/19/2003,VRB,FL,ASO,ES,Towers with Display (VFR),0,12,73,0,85,0,0,96,0,96,0,12,169,0,181,155,0,155,336
06/20/2003,VRB,FL,ASO,ES,Towers with Display (VFR),0,15,57,0,72,0,0,114,2,116,0,15,171,2,188,145,0,145,333
06/21/2003,VRB,FL,ASO,ES,Towers with Display (VFR),0,5,79,0,84,0,1,32,1,34,0,6,111,1,118,74,0,74,192
06/22/2003,VRB,FL,ASO,ES,Towers with Display (VFR),0,4,61,0,65,0,0,13,0,13,0,4,74,0,78,18,0,18,96
06/23/2003,VRB,FL,ASO,ES,Towers with Display (VFR),0,7,103,0,110,0,0,130,0,130,0,7,233,0,240,141,0,141,381
06/24/2003,VRB,FL,ASO,ES,Towers with Display (VFR),0,6,101,0,107,0,0,185,1,186,0,6,286,1,293,265,0,265,558
06/25/2003,VRB,FL,ASO,ES,Towers with Display (VFR),0,6,112,0,118,0,0,159,0,159,0,6,271,0,277,217,0,217,494
06/26/2003,VRB,FL,ASO,ES,Towers with Display (VFR),0,6,95,0,101,0,0,166,0,166,0,6,261,0,267,238,0,238,505
06/27/2003,VRB,FL,ASO,ES,Towers with Display (VFR),0,5,79,0,84,0,0,136,2,138,0,5,215,2,222,246,0,246,468
06/28/2003,VRB,FL,ASO,ES,Towers with Display (VFR),0,2,55,0,57,0,0,97,17,114,0,2,152,17,171,135,0,135,306
06/29/2003,VRB,FL,ASO,ES,Towers with Display (VFR),0,3,75,0,78,0,0,45,0,45,0,3,120,0,123,60,0,60,183
06/30/2003,VRB,FL,ASO,ES,Towers with Display (VFR),0,3,89,0,92,0,0,176,0,176,0,3,265,0,268,232,0,232,500
07/01/2003,VRB,FL,ASO,ES,Towers with Display (VFR),0,6,83,0,89,0,0,111,0,111,0,6,194,0,200,207,0,207,407
07/02/2003,VRB,FL,ASO,ES,Towers with Display (VFR),0,12,89,0,101,0,0,182,0,182,0,12,271,0,283,168,0,168,451
07/03/2003,VRB,FL,ASO,ES,Towers with Display (VFR),0,9,104,0,113,0,0,138,0,138,0,9,242,0,251,205,0,205,456
07/04/2003,VRB,FL,ASO,ES,Towers with Display (VFR),0,2,41,0,43,0,0,79,0,79,0,2,120,0,122,31,0,31,153
07/05/2003,VRB,FL,ASO,ES,Towers with Display (VFR),0,4,32,1,37,0,0,88,1,89,0,4,120,2,126,109,0,109,235
07/06/2003,VRB,FL,ASO,ES,Towers with Display (VFR),0,7,44,0,51,0,0,83,0,83,0,7,127,0,134,40,0,40,174
07/07/2003,VRB,FL,ASO,ES,Towers with Display (VFR),0,7,65,0,72,0,0,165,0,165,0,7,230,0,237,262,0,262,499
07/08/2003,VRB,FL,ASO,ES,Towers with Display (VFR),0,6,113,0,119,0,0,134,0,134,0,6,247,0,253,314,0,314,567
07/09/2003,VRB,FL,ASO,ES,Towers with Display (VFR),0,4,73,0,77,0,0,169,0,169,0,4,242,0,246,185,0,185,431
07/10/2003,VRB,FL,ASO,ES,Towers with Display (VFR),0,6,104,0,110,0,0,206,0,206,0,6,310,0,316,178,0,178,494
07/11/2003,VRB,FL,ASO,ES,Towers with Display (VFR),0,5,67,0,72,0,0,161,2,163,0,5,228,2,235,177,0,177,412
07/12/2003,VRB,FL,ASO,ES,Towers with Display (VFR),0,1,64,0,65,0,0,95,1,96,0,1,159,1,161,85,0,85,246
07/13/2003,VRB,FL,ASO,ES,Towers with Display (VFR),0,4,15,0,19,0,0,54,1,55,0,4,69,1,74,29,0,29,103
07/14/2003,VRB,FL,ASO,ES,Towers with Display (VFR),0,4,63,0,67,0,0,140,0,140,0,4,203,0,207,231,0,231,438
07/15/2003,VRB,FL,ASO,ES,Towers with Display (VFR),0,4,80,0,84,0,0,107,0,107,0,4,187,0,191,154,0,154,345
07/16/2003,VRB,FL,ASO,ES,Towers with Display (VFR),0,6,95,0,101,0,0,137,0,137,0,6,232,0,238,200,0,200,438
07/17/2003,VRB,FL,ASO,ES,Towers with Display (VFR),0,13,88,0,101,0,0,185,0,185,0,13,273,0,286,238,0,238,524
07/18/2003,VRB,FL,ASO,ES,Towers with Display (VFR),0,4,89,0,93,0,0,170,0,170,0,4,259,0,263,219,0,219,482
07/19/2003,VRB,FL,ASO,ES,Towers with Display (VFR),0,3,44,0,47,0,0,126,0,126,0,3,170,0,173,116,0,116,289
07/20/2003,VRB,FL,ASO,ES,Towers with Display (VFR),0,4,45,0,49,0,0,105,0,105,0,4,150,0,154,40,0,40,194
07/21/2003,VRB,FL,ASO,ES,Towers with Display (VFR),0,4,58,0,62,0,0,133,0,133,0,4,191,0,195,229,0,229,424
07/22/2003,VRB,FL,ASO,ES,Towers with Display (VFR),0,6,83,0,89,0,0,149,0,149,0,6,232,0,238,176,0,176,414
07/23/2003,VRB,FL,ASO,ES,Towers with Display (VFR),0,7,81,0,88,0,0,175,4,179,0,7,256,4,267,271,0,271,538
07/24/2003,VRB,FL,ASO,ES,Towers with Display (VFR),0,6,81,0,87,0,0,170,0,170,0,6,251,0,257,358,0,358,615
07/25/2003,VRB,FL,ASO,ES,Towers with Display (VFR),0,7,60,0,67,0,0,124,0,124,0,7,184,0,191,229,0,229,420
07/26/2003,VRB,FL,ASO,ES,Towers with Display (VFR),0,1,34,0,35,0,0,106,0,106,0,1,140,0,141,153,0,153,294
07/27/2003,VRB,FL,ASO,ES,Towers with Display (VFR),0,2,31,0,33,0,5,80,2,87,0,7,111,2,120,66,0,66,186
07/28/2003,VRB,FL,ASO,ES,Towers with Display (VFR),0,7,67,0,74,0,2,163,0,165,0,9,230,0,239,322,0,322,561
07/29/2003,VRB,FL,ASO,ES,Towers with Display (VFR),0,8,68,0,76,0,0,173,0,173,0,8,241,0,249,224,0,224,473
07/30/2003,VRB,FL,ASO,ES,Towers with Display (VFR),0,10,73,0,83,0,0,148,0,148,0,10,221,0,231,265,0,265,496
07/31/2003,VRB,FL,ASO,ES,Towers with Display (VFR),0,0,12,0,12,0,12,227,0,239,0,12,239,0,251,252,0,252,503
08/01/2003,VRB,FL,ASO,ES,Towers with Display (VFR),0,4,62,0,66,0,2,166,2,170,0,6,228,2,236,315,0,315,551
08/02/2003,VRB,FL,ASO,ES,Towers with Display (VFR),0,1,39,0,40,0,1,100,0,101,0,2,139,0,141,297,0,297,438
08/03/2003,VRB,FL,ASO,ES,Towers with Display (VFR),0,4,24,0,28,0,1,59,0,60,0,5,83,0,88,38,0,38,126
08/04/2003,VRB,FL,ASO,ES,Towers with Display (VFR),0,2,73,1,76,0,1,137,0,138,0,3,210,1,214,293,3,296,510
08/05/2003,VRB,FL,ASO,ES,Towers with Display (VFR),0,7,85,0,92,0,1,192,0,193,0,8,277,0,285,311,0,311,596
08/06/2003,VRB,FL,ASO,ES,Towers with Display (VFR),0,9,73,0,82,0,1,165,0,166,0,10,238,0,248,240,0,240,488
08/07/2003,VRB,FL,ASO,ES,Towers with Display (VFR),0,9,59,0,68,0,0,160,0,160,0,9,219,0,228,193,0,193,421
08/08/2003,VRB,FL,ASO,ES,Towers with Display (VFR),0,4,50,0,54,0,0,173,0,173,0,4,223,0,227,199,0,199,426
08/09/2003,VRB,FL,ASO,ES,Towers with Display (VFR),0,3,36,0,39,0,0,89,0,89,0,3,125,0,128,123,0,123,251
08/10/2003,VRB,FL,ASO,ES,Towers with Display (VFR),0,1,34,0,35,0,0,59,0,59,0,1,93,0,94,104,0,104,198
08/11/2003,VRB,FL,ASO,ES,Towers with Display (VFR),0,4,92,0,96,0,0,189,0,189,0,4,281,0,285,328,0,328,613
08/12/2003,VRB,FL,ASO,ES,Towers with Display (VFR),0,7,84,0,91,0,0,201,0,201,0,7,285,0,292,346,0,346,638
08/13/2003,VRB,FL,ASO,ES,Towers with Display (VFR),0,5,79,0,84,0,0,160,0,160,0,5,239,0,244,151,0,151,395
08/14/2003,VRB,FL,ASO,ES,Towers with Display (VFR),0,6,26,0,32,0,0,44,0,44,0,6,70,0,76,82,0,82,158
08/15/2003,VRB,FL,ASO,ES,Towers with Display (VFR),0,3,84,0,87,0,0,169,0,169,0,3,253,0,256,226,0,226,482
08/16/2003,VRB,FL,ASO,ES,Towers with Display (VFR),0,1,48,0,49,0,0,153,0,153,0,1,201,0,202,138,0,138,340
08/17/2003,VRB,FL,ASO,ES,Towers with Display (VFR),0,4,39,0,43,0,0,105,0,105,0,4,144,0,148,110,0,110,258
08/18/2003,VRB,FL,ASO,ES,Towers with Display (VFR),0,3,75,0,78,0,0,193,0,193,0,3,268,0,271,319,0,319,590
08/19/2003,VRB,FL,ASO,ES,Towers with Display (VFR),0,10,81,0,91,0,0,165,0,165,0,10,246,0,256,264,0,264,520
08/20/2003,VRB,FL,ASO,ES,Towers with Display (VFR),0,9,64,0,73,0,0,172,0,172,0,9,236,0,245,305,0,305,550
08/21/2003,VRB,FL,ASO,ES,Towers with Display (VFR),0,9,72,0,81,0,0,174,0,174,0,9,246,0,255,322,0,322,577
08/22/2003,VRB,FL,ASO,ES,Towers with Display (VFR),0,4,84,0,88,0,0,155,0,155,0,4,239,0,243,301,0,301,544
08/23/2003,VRB,FL,ASO,ES,Towers with Display (VFR),0,1,21,0,22,0,0,130,0,130,0,1,151,0,152,116,0,116,268
08/24/2003,VRB,FL,ASO,ES,Towers with Display (VFR),0,12,36,0,48,0,0,44,0,44,0,12,80,0,92,15,0,15,107
08/25/2003,VRB,FL,ASO,ES,Towers with Display (VFR),0,8,54,0,62,0,0,161,0,161,0,8,215,0,223,297,0,297,520
08/26/2003,VRB,FL,ASO,ES,Towers with Display (VFR),0,7,89,0,96,0,0,166,0,166,0,7,255,0,262,294,0,294,556
08/27/2003,VRB,FL,ASO,ES,Towers with Display (VFR),0,8,72,0,80,0,0,188,0,188,0,8,260,0,268,274,0,274,542
08/28/2003,VRB,FL,ASO,ES,Towers with Display (VFR),0,5,69,0,74,0,0,111,0,111,0,5,180,0,185,221,0,221,406
08/29/2003,VRB,FL,ASO,ES,Towers with Display (VFR),0,6,52,0,58,0,0,183,0,183,0,6,235,0,241,228,0,228,469
08/30/2003,VRB,FL,ASO,ES,Towers with Display (VFR),0,1,43,0,44,0,0,131,0,131,0,1,174,0,175,141,0,141,316
08/31/2003,VRB,FL,ASO,ES,Towers with Display (VFR),0,2,56,0,58,0,0,78,0,78,0,2,134,0,136,55,0,55,191
09/01/2003,VRB,FL,ASO,ES,Towers with Display (VFR),0,5,40,4,49,0,0,65,0,65,0,5,105,4,114,20,0,20,134
09/02/2003,VRB,FL,ASO,ES,Towers with Display (VFR),0,5,66,0,71,0,0,78,0,78,0,5,144,0,149,201,0,201,350
09/03/2003,VRB,FL,ASO,ES,Towers with Display (VFR),0,5,88,0,93,0,0,149,0,149,0,5,237,0,242,308,0,308,550
09/04/2003,VRB,FL,ASO,ES,Towers with Display (VFR),0,6,59,0,65,0,0,145,0,145,0,6,204,0,210,238,0,238,448
09/05/2003,VRB,FL,ASO,ES,Towers with Display (VFR),0,4,55,0,59,0,0,111,0,111,0,4,166,0,170,228,0,228,398
09/06/2003,VRB,FL,ASO,ES,Towers with Display (VFR),0,3,29,0,32,0,0,43,0,43,0,3,72,0,75,90,0,90,165
09/07/2003,VRB,FL,ASO,ES,Towers with Display (VFR),0,4,35,0,39,0,0,29,0,29,0,4,64,0,68,29,0,29,97
09/08/2003,VRB,FL,ASO,ES,Towers with Display (VFR),0,8,81,0,89,0,0,102,0,102,0,8,183,0,191,130,0,130,321
09/09/2003,VRB,FL,ASO,ES,Towers with Display (VFR),0,11,66,0,77,0,0,196,0,196,0,11,262,0,273,230,0,230,503
09/10/2003,VRB,FL,ASO,ES,Towers with Display (VFR),0,7,63,0,70,0,0,202,0,202,0,7,265,0,272,292,0,292,564
09/11/2003,VRB,FL,ASO,ES,Towers with Display (VFR),0,7,70,0,77,0,0,167,0,167,0,7,237,0,244,232,0,232,476
09/12/2003,VRB,FL,ASO,ES,Towers with Display (VFR),0,7,62,0,69,0,0,193,0,193,0,7,255,0,262,322,0,322,584
09/13/2003,VRB,FL,ASO,ES,Towers with Display (VFR),0,5,59,0,64,0,0,156,0,156,0,5,215,0,220,115,0,115,335
09/14/2003,VRB,FL,ASO,ES,Towers with Display (VFR),0,3,24,0,27,0,0,100,0,100,0,3,124,0,127,66,0,66,193
09/15/2003,VRB,FL,ASO,ES,Towers with Display (VFR),0,7,38,0,45,0,0,202,0,202,0,7,240,0,247,347,0,347,594
09/16/2003,VRB,FL,ASO,ES,Towers with Display (VFR),0,10,55,0,65,0,2,112,0,114,0,12,167,0,179,196,0,196,375
09/17/2003,VRB,FL,ASO,ES,Towers with Display (VFR),0,4,80,0,84,0,0,139,0,139,0,4,219,0,223,282,0,282,505
09/18/2003,VRB,FL,ASO,ES,Towers with Display (VFR),0,4,76,0,80,0,0,244,1,245,0,4,320,1,325,405,0,405,730
09/19/2003,VRB,FL,ASO,ES,Towers with Display (VFR),0,3,68,0,71,0,0,212,0,212,0,3,280,0,283,339,0,339,622
09/20/2003,VRB,FL,ASO,ES,Towers with Display (VFR),0,1,33,0,34,0,0,90,0,90,0,1,123,0,124,158,0,158,282
09/21/2003,VRB,FL,ASO,ES,Towers with Display (VFR),0,2,32,0,34,0,0,72,0,72,0,2,104,0,106,48,0,48,154
09/22/2003,VRB,FL,ASO,ES,Towers with Display (VFR),0,4,61,0,65,0,0,192,0,192,0,4,253,0,257,325,0,325,582
09/23/2003,VRB,FL,ASO,ES,Towers with Display (VFR),0,13,73,0,86,0,0,137,0,137,0,13,210,0,223,258,0,258,481
09/24/2003,VRB,FL,ASO,ES,Towers with Display (VFR),0,8,86,0,94,0,0,205,0,205,0,8,291,0,299,270,0,270,569
09/25/2003,VRB,FL,ASO,ES,Towers with Display (VFR),0,6,73,0,79,0,0,160,0,160,0,6,233,0,239,305,0,305,544
09/26/2003,VRB,FL,ASO,ES,Towers with Display (VFR),0,5,84,4,93,0,0,80,0,80,0,5,164,4,173,63,0,63,236
09/27/2003,VRB,FL,ASO,ES,Towers with Display (VFR),0,1,32,0,33,0,0,146,0,146,0,1,178,0,179,156,0,156,335
09/28/2003,VRB,FL,ASO,ES,Towers with Display (VFR),0,5,21,0,26,0,0,28,0,28,0,5,49,0,54,44,0,44,98
09/29/2003,VRB,FL,ASO,ES,Towers with Display (VFR),0,5,83,0,88,0,0,81,0,81,0,5,164,0,169,154,0,154,323
09/30/2003,VRB,FL,ASO,ES,Towers with Display (VFR),0,5,83,0,88,0,0,81,0,81,0,5,164,0,169,108,0,108,277
10/01/2003,VRB,FL,ASO,ES,Towers with Display (VFR),0,5,101,0,106,0,0,64,0,64,0,5,165,0,170,67,0,67,237
10/02/2003,VRB,FL,ASO,ES,Towers with Display (VFR),0,9,66,0,75,0,0,228,0,228,0,9,294,0,303,327,0,327,630
10/03/2003,VRB,FL,ASO,ES,Towers with Display (VFR),0,8,51,0,59,0,0,234,0,234,0,8,285,0,293,397,0,397,690
10/04/2003,VRB,FL,ASO,ES,Towers with Display (VFR),0,3,44,0,47,0,0,175,0,175,0,3,219,0,222,187,0,187,409
10/05/2003,VRB,FL,ASO,ES,Towers with Display (VFR),0,3,32,0,35,0,0,154,0,154,0,3,186,0,189,63,0,63,252
10/06/2003,VRB,FL,ASO,ES,Towers with Display (VFR),0,4,57,0,61,0,0,244,0,244,0,4,301,0,305,275,0,275,580
10/07/2003,VRB,FL,ASO,ES,Towers with Display (VFR),0,6,71,0,77,0,4,202,0,206,0,10,273,0,283,301,0,301,584
10/08/2003,VRB,FL,ASO,ES,Towers with Display (VFR),0,7,51,0,58,0,0,251,0,251,0,7,302,0,309,285,0,285,594
10/09/2003,VRB,FL,ASO,ES,Towers with Display (VFR),0,8,64,0,72,0,0,132,0,132,0,8,196,0,204,98,0,98,302
10/10/2003,VRB,FL,ASO,ES,Towers with Display (VFR),0,5,70,0,75,0,0,217,0,217,0,5,287,0,292,258,0,258,550
10/11/2003,VRB,FL,ASO,ES,Towers with Display (VFR),0,5,50,0,55,0,1,148,0,149,0,6,198,0,204,135,0,135,339
10/12/2003,VRB,FL,ASO,ES,Towers with Display (VFR),0,3,44,0,47,0,0,92,2,94,0,3,136,2,141,168,0,168,309
10/13/2003,VRB,FL,ASO,ES,Towers with Display (VFR),0,8,58,0,66,0,0,212,0,212,0,8,270,0,278,380,0,380,658
10/14/2003,VRB,FL,ASO,ES,Towers with Display (VFR),0,13,76,0,89,0,2,207,0,209,0,15,283,0,298,327,0,327,625
10/15/2003,VRB,FL,ASO,ES,Towers with Display (VFR),0,5,65,1,71,0,1,200,1,202,0,6,265,2,273,276,2,278,551
10/16/2003,VRB,FL,ASO,ES,Towers with Display (VFR),0,12,46,0,58,0,0,245,0,245,0,12,291,0,303,269,0,269,572
10/17/2003,VRB,FL,ASO,ES,Towers with Display (VFR),0,4,71,2,77,0,0,279,0,279,0,4,350,2,356,331,0,331,687
10/18/2003,VRB,FL,ASO,ES,Towers with Display (VFR),0,5,34,0,39,0,0,201,0,201,0,5,235,0,240,121,0,121,361
10/19/2003,VRB,FL,ASO,ES,Towers with Display (VFR),0,11,47,0,58,0,0,68,0,68,0,11,115,0,126,84,0,84,210
10/20/2003,VRB,FL,ASO,ES,Towers with Display (VFR),0,12,82,0,94,0,2,214,0,216,0,14,296,0,310,301,0,301,611
10/21/2003,VRB,FL,ASO,ES,Towers with Display (VFR),0,15,74,0,89,0,0,235,0,235,0,15,309,0,324,334,0,334,658
10/22/2003,VRB,FL,ASO,ES,Towers with Display (VFR),0,9,84,0,93,0,0,248,0,248,0,9,332,0,341,490,0,490,831
10/23/2003,VRB,FL,ASO,ES,Towers with Display (VFR),0,10,65,0,75,0,0,195,0,195,0,10,260,0,270,356,0,356,626
10/24/2003,VRB,FL,ASO,ES,Towers with Display (VFR),0,10,85,0,95,0,0,249,0,249,0,10,334,0,344,285,0,285,629
10/25/2003,VRB,FL,ASO,ES,Towers with Display (VFR),0,6,32,0,38,0,0,175,0,175,0,6,207,0,213,104,0,104,317
10/26/2003,VRB,FL,ASO,ES,Towers with Display (VFR),0,12,26,2,40,0,0,124,0,124,0,12,150,2,164,77,0,77,241
10/27/2003,VRB,FL,ASO,ES,Towers with Display (VFR),0,5,91,0,96,0,0,198,0,198,0,5,289,0,294,441,0,441,735
10/28/2003,VRB,FL,ASO,ES,Towers with Display (VFR),0,15,80,4,99,0,0,197,0,197,0,15,277,4,296,366,0,366,662
10/29/2003,VRB,FL,ASO,ES,Towers with Display (VFR),0,10,87,0,97,0,0,203,0,203,0,10,290,0,300,221,0,221,521
10/30/2003,VRB,FL,ASO,ES,Towers with Display (VFR),0,15,69,0,84,0,0,251,0,251,0,15,320,0,335,281,0,281,616
10/31/2003,VRB,FL,ASO,ES,Towers with Display (VFR),0,11,89,2,102,0,0,213,0,213,0,11,302,2,315,164,0,164,479
11/01/2003,VRB,FL,ASO,ES,Towers with Display (VFR),0,8,38,0,46,0,0,99,0,99,0,8,137,0,145,99,0,99,244
11/02/2003,VRB,FL,ASO,ES,Towers with Display (VFR),0,10,42,0,52,0,0,80,0,80,0,10,122,0,132,31,0,31,163
11/03/2003,VRB,FL,ASO,ES,Towers with Display (VFR),0,9,78,0,87,0,0,142,0,142,0,9,220,0,229,262,0,262,491
11/04/2003,VRB,FL,ASO,ES,Towers with Display (VFR),0,11,124,0,135,0,0,197,0,197,0,11,321,0,332,457,0,457,789
11/05/2003,VRB,FL,ASO,ES,Towers with Display (VFR),0,16,82,0,98,0,0,63,0,63,0,16,145,0,161,172,0,172,333
11/06/2003,VRB,FL,ASO,ES,Towers with Display (VFR),0,15,87,0,102,0,1,127,0,128,0,16,214,0,230,231,0,231,461
11/07/2003,VRB,FL,ASO,ES,Towers with Display (VFR),0,13,83,0,96,0,0,259,1,260,0,13,342,1,356,460,0,460,816
11/08/2003,VRB,FL,ASO,ES,Towers with Display (VFR),0,8,36,0,44,0,0,123,0,123,0,8,159,0,167,132,0,132,299
11/09/2003,VRB,FL,ASO,ES,Towers with Display (VFR),0,19,46,0,65,0,0,84,0,84,0,19,130,0,149,45,0,45,194
11/10/2003,VRB,FL,ASO,ES,Towers with Display (VFR),0,10,46,0,56,0,0,145,0,145,0,10,191,0,201,154,0,154,355
11/11/2003,VRB,FL,ASO,ES,Towers with Display (VFR),0,8,73,0,81,0,0,203,0,203,0,8,276,0,284,357,0,357,641
11/12/2003,VRB,FL,ASO,ES,Towers with Display (VFR),0,12,78,0,90,0,0,231,0,231,0,12,309,0,321,371,0,371,692
11/13/2003,VRB,FL,ASO,ES,Towers with Display (VFR),0,9,74,0,83,0,0,279,1,280,0,9,353,1,363,475,0,475,838
11/14/2003,VRB,FL,ASO,ES,Towers with Display (VFR),0,9,93,0,102,0,0,277,0,277,0,9,370,0,379,188,0,188,567
11/15/2003,VRB,FL,ASO,ES,Towers with Display (VFR),0,6,42,0,48,0,0,223,0,223,0,6,265,0,271,265,0,265,536
11/16/2003,VRB,FL,ASO,ES,Towers with Display (VFR),0,11,43,0,54,0,0,134,0,134,0,11,177,0,188,104,0,104,292
11/17/2003,VRB,FL,ASO,ES,Towers with Display (VFR),0,11,98,0,109,0,0,184,0,184,0,11,282,0,293,230,0,230,523
11/18/2003,VRB,FL,ASO,ES,Towers with Display (VFR),0,12,70,0,82,0,0,195,0,195,0,12,265,0,277,266,0,266,543
11/19/2003,VRB,FL,ASO,ES,Towers with Display (VFR),0,15,70,0,85,0,0,97,0,97,0,15,167,0,182,146,0,146,328
11/20/2003,VRB,FL,ASO,ES,Towers with Display (VFR),0,18,51,0,69,0,1,243,0,244,0,19,294,0,313,291,0,291,604
11/21/2003,VRB,FL,ASO,ES,Towers with Display (VFR),0,16,77,0,93,0,0,297,3,300,0,16,374,3,393,316,1,317,710
11/22/2003,VRB,FL,ASO,ES,Towers with Display (VFR),0,15,41,0,56,0,3,272,0,275,0,18,313,0,331,192,0,192,523
11/23/2003,VRB,FL,ASO,ES,Towers with Display (VFR),0,17,28,0,45,0,1,126,0,127,0,18,154,0,172,63,0,63,235
11/24/2003,VRB,FL,ASO,ES,Towers with Display (VFR),0,16,70,0,86,0,0,199,0,199,0,16,269,0,285,383,0,383,668
11/25/2003,VRB,FL,ASO,ES,Towers with Display (VFR),0,21,84,0,105,0,2,203,0,205,0,23,287,0,310,348,0,348,658
11/26/2003,VRB,FL,ASO,ES,Towers with Display (VFR),0,21,80,0,101,0,0,195,0,195,0,21,275,0,296,347,0,347,643
11/27/2003,VRB,FL,ASO,ES,Towers with Display (VFR),0,2,16,0,18,0,0,57,0,57,0,2,73,0,75,22,0,22,97
11/28/2003,VRB,FL,ASO,ES,Towers with Display (VFR),0,20,30,0,50,0,0,169,0,169,0,20,199,0,219,166,0,166,385
11/29/2003,VRB,FL,ASO,ES,Towers with Display (VFR),0,15,33,0,48,0,1,116,0,117,0,16,149,0,165,55,0,55,220
11/30/2003,VRB,FL,ASO,ES,Towers with Display (VFR),0,38,89,0,127,0,0,106,0,106,0,38,195,0,233,51,0,51,284
12/01/2003,VRB,FL,ASO,ES,Towers with Display (VFR),0,13,66,0,79,0,3,161,0,164,0,16,227,0,243,264,0,264,507
12/02/2003,VRB,FL,ASO,ES,Towers with Display (VFR),0,10,62,0,72,0,0,206,0,206,0,10,268,0,278,265,0,265,543
12/03/2003,VRB,FL,ASO,ES,Towers with Display (VFR),0,13,70,0,83,0,0,183,0,183,0,13,253,0,266,271,0,271,537
12/04/2003,VRB,FL,ASO,ES,Towers with Display (VFR),0,12,59,0,71,0,0,272,0,272,0,12,331,0,343,309,0,309,652
12/05/2003,VRB,FL,ASO,ES,Towers with Display (VFR),0,7,89,0,96,0,0,168,0,168,0,7,257,0,264,264,0,264,528
12/06/2003,VRB,FL,ASO,ES,Towers with Display (VFR),0,8,52,0,60,0,0,153,0,153,0,8,205,0,213,183,0,183,396
12/07/2003,VRB,FL,ASO,ES,Towers with Display (VFR),0,15,76,0,91,0,4,148,0,152,0,19,224,0,243,78,0,78,321
12/08/2003,VRB,FL,ASO,ES,Towers with Display (VFR),0,10,75,0,85,0,0,230,0,230,0,10,305,0,315,401,0,401,716
12/09/2003,VRB,FL,ASO,ES,Towers with Display (VFR),0,9,84,0,93,0,0,235,0,235,0,9,319,0,328,357,0,357,685
12/10/2003,VRB,FL,ASO,ES,Towers with Display (VFR),0,13,85,0,98,0,0,134,0,134,0,13,219,0,232,230,0,230,462
12/11/2003,VRB,FL,ASO,ES,Towers with Display (VFR),0,10,93,0,103,0,0,213,0,213,0,10,306,0,316,404,0,404,720
12/12/2003,VRB,FL,ASO,ES,Towers with Display (VFR),0,14,74,1,89,0,1,242,3,246,0,15,316,4,335,373,0,373,708
12/13/2003,VRB,FL,ASO,ES,Towers with Display (VFR),0,8,58,0,66,0,0,216,0,216,0,8,274,0,282,248,0,248,530
12/14/2003,VRB,FL,ASO,ES,Towers with Display (VFR),0,6,31,0,37,0,5,6,0,11,0,11,37,0,48,53,0,53,101
12/15/2003,VRB,FL,ASO,ES,Towers with Display (VFR),0,9,61,0,70,0,0,224,0,224,0,9,285,0,294,296,0,296,590
12/16/2003,VRB,FL,ASO,ES,Towers with Display (VFR),0,11,73,0,84,0,0,133,0,133,0,11,206,0,217,293,0,293,510
12/17/2003,VRB,FL,ASO,ES,Towers with Display (VFR),0,7,66,0,73,0,0,51,0,51,0,7,117,0,124,95,0,95,219
12/18/2003,VRB,FL,ASO,ES,Towers with Display (VFR),0,10,65,0,75,0,0,358,0,358,0,10,423,0,433,434,0,434,867
12/19/2003,VRB,FL,ASO,ES,Towers with Display (VFR),0,17,95,0,112,0,6,252,0,258,0,23,347,0,370,236,0,236,606
12/20/2003,VRB,FL,ASO,ES,Towers with Display (VFR),0,4,26,0,30,0,1,137,0,138,0,5,163,0,168,110,0,110,278
12/21/2003,VRB,FL,ASO,ES,Towers with Display (VFR),0,5,27,0,32,0,5,90,0,95,0,10,117,0,127,26,0,26,153
12/22/2003,VRB,FL,ASO,ES,Towers with Display (VFR),0,7,54,0,61,0,0,141,0,141,0,7,195,0,202,122,0,122,324
12/23/2003,VRB,FL,ASO,ES,Towers with Display (VFR),0,11,75,0,86,0,0,86,0,86,0,11,161,0,172,112,0,112,284
12/24/2003,VRB,FL,ASO,ES,Towers with Display (VFR),0,6,32,0,38,0,1,115,0,116,0,7,147,0,154,56,0,56,210
12/25/2003,VRB,FL,ASO,ES,Towers with Display (VFR),0,3,19,0,22,0,7,17,0,24,0,10,36,0,46,6,0,6,52
12/26/2003,VRB,FL,ASO,ES,Towers with Display (VFR),0,13,75,0,88,0,13,103,0,116,0,26,178,0,204,39,0,39,243
12/27/2003,VRB,FL,ASO,ES,Towers with Display (VFR),0,12,69,0,81,0,13,127,0,140,0,25,196,0,221,43,0,43,264
12/28/2003,VRB,FL,ASO,ES,Towers with Display (VFR),0,11,59,0,70,0,4,89,0,93,0,15,148,0,163,42,0,42,205
12/29/2003,VRB,FL,ASO,ES,Towers with Display (VFR),0,11,63,0,74,0,6,102,0,108,0,17,165,0,182,94,0,94,276
12/30/2003,VRB,FL,ASO,ES,Towers with Display (VFR),0,14,75,0,89,0,1,126,0,127,0,15,201,0,216,95,0,95,311
12/31/2003,VRB,FL,ASO,ES,Towers with Display (VFR),0,10,65,0,75,0,0,146,0,146,0,10,211,0,221,92,0,92,313
01/01/2004,VRB,FL,ASO,ES,Towers with Display (VFR),0,14,26,0,40,0,0,122,0,122,0,14,148,0,162,45,0,45,207
01/02/2004,VRB,FL,ASO,ES,Towers with Display (VFR),0,9,72,0,81,0,0,120,0,120,0,9,192,0,201,112,0,112,313
01/03/2004,VRB,FL,ASO,ES,Towers with Display (VFR),0,18,59,0,77,0,0,122,0,122,0,18,181,0,199,148,0,148,347
01/04/2004,VRB,FL,ASO,ES,Towers with Display (VFR),0,26,73,0,99,0,0,156,1,157,0,26,229,1,256,83,0,83,339
01/05/2004,VRB,FL,ASO,ES,Towers with Display (VFR),0,18,68,0,86,0,0,133,0,133,0,18,201,0,219,182,0,182,401
01/06/2004,VRB,FL,ASO,ES,Towers with Display (VFR),0,12,100,0,112,0,0,123,0,123,0,12,223,0,235,153,0,153,388
01/07/2004,VRB,FL,ASO,ES,Towers with Display (VFR),0,14,53,0,67,0,1,121,0,122,0,15,174,0,189,136,0,136,325
01/08/2004,VRB,FL,ASO,ES,Towers with Display (VFR),0,10,55,0,65,0,1,239,0,240,0,11,294,0,305,326,0,326,631
01/09/2004,VRB,FL,ASO,ES,Towers with Display (VFR),0,5,108,0,113,0,1,187,0,188,0,6,295,0,301,272,0,272,573
01/10/2004,VRB,FL,ASO,ES,Towers with Display (VFR),0,10,56,0,66,0,0,59,0,59,0,10,115,0,125,39,0,39,164
01/11/2004,VRB,FL,ASO,ES,Towers with Display (VFR),0,9,47,0,56,0,0,112,0,112,0,9,159,0,168,40,0,40,208
01/12/2004,VRB,FL,ASO,ES,Towers with Display (VFR),0,15,83,0,98,0,1,203,0,204,0,16,286,0,302,228,0,228,530
01/13/2004,VRB,FL,ASO,ES,Towers with Display (VFR),0,6,79,0,85,0,0,235,0,235,0,6,314,0,320,317,0,317,637
01/14/2004,VRB,FL,ASO,ES,Towers with Display (VFR),0,13,73,0,86,0,2,278,0,280,0,15,351,0,366,405,0,405,771
01/15/2004,VRB,FL,ASO,ES,Towers with Display (VFR),0,15,73,0,88,0,1,227,0,228,0,16,300,0,316,301,0,301,617
01/16/2004,VRB,FL,ASO,ES,Towers with Display (VFR),0,13,104,0,117,0,0,256,0,256,0,13,360,0,373,306,0,306,679
01/17/2004,VRB,FL,ASO,ES,Towers with Display (VFR),0,6,77,0,83,0,0,182,0,182,0,6,259,0,265,141,0,141,406
01/18/2004,VRB,FL,ASO,ES,Towers with Display (VFR),0,5,37,0,42,0,0,41,0,41,0,5,78,0,83,10,0,10,93
01/19/2004,VRB,FL,ASO,ES,Towers with Display (VFR),0,15,68,0,83,0,0,87,0,87,0,15,155,0,170,136,0,136,306
01/20/2004,VRB,FL,ASO,ES,Towers with Display (VFR),0,16,91,0,107,0,0,179,0,179,0,16,270,0,286,346,0,346,632
01/21/2004,VRB,FL,ASO,ES,Towers with Display (VFR),0,18,76,0,94,0,0,210,0,210,0,18,286,0,304,192,0,192,496
01/22/2004,VRB,FL,ASO,ES,Towers with Display (VFR),0,8,74,0,82,0,0,260,0,260,0,8,334,0,342,347,0,347,689
01/23/2004,VRB,FL,ASO,ES,Towers with Display (VFR),0,5,100,0,105,0,1,229,0,230,0,6,329,0,335,283,0,283,618
01/24/2004,VRB,FL,ASO,ES,Towers with Display (VFR),0,6,47,0,53,0,1,247,0,248,0,7,294,0,301,181,0,181,482
01/25/2004,VRB,FL,ASO,ES,Towers with Display (VFR),0,9,56,0,65,0,1,162,0,163,0,10,218,0,228,178,0,178,406
01/26/2004,VRB,FL,ASO,ES,Towers with Display (VFR),0,7,60,0,67,0,0,153,0,153,0,7,213,0,220,223,0,223,443
01/27/2004,VRB,FL,ASO,ES,Towers with Display (VFR),0,7,75,0,82,0,1,70,0,71,0,8,145,0,153,99,0,99,252
01/28/2004,VRB,FL,ASO,ES,Towers with Display (VFR),0,12,110,0,122,0,0,274,1,275,0,12,384,1,397,267,0,267,664
01/29/2004,VRB,FL,ASO,ES,Towers with Display (VFR),0,15,85,0,100,0,3,300,0,303,0,18,385,0,403,343,0,343,746
01/30/2004,VRB,FL,ASO,ES,Towers with Display (VFR),0,11,82,0,93,0,1,183,2,186,0,12,265,2,279,225,0,225,504
01/31/2004,VRB,FL,ASO,ES,Towers with Display (VFR),0,14,76,0,90,0,0,55,0,55,0,14,131,0,145,127,0,127,272
02/01/2004,VRB,FL,ASO,ES,Towers with Display (VFR),0,15,62,0,77,0,0,58,0,58,0,15,120,0,135,45,0,45,180
02/02/2004,VRB,FL,ASO,ES,Towers with Display (VFR),0,17,79,0,96,0,0,150,0,150,0,17,229,0,246,273,0,273,519
02/03/2004,VRB,FL,ASO,ES,Towers with Display (VFR),0,14,39,0,53,0,0,194,0,194,0,14,233,0,247,226,0,226,473
02/04/2004,VRB,FL,ASO,ES,Towers with Display (VFR),0,13,90,0,103,0,0,197,0,197,0,13,287,0,300,385,0,385,685
02/05/2004,VRB,FL,ASO,ES,Towers with Display (VFR),0,14,87,0,101,0,0,298,0,298,0,14,385,0,399,401,0,401,800
02/06/2004,VRB,FL,ASO,ES,Towers with Display (VFR),0,16,86,2,104,0,0,112,0,112,0,16,198,2,216,165,0,165,381
02/07/2004,VRB,FL,ASO,ES,Towers with Display (VFR),0,6,84,0,90,0,1,158,0,159,0,7,242,0,249,154,0,154,403
02/08/2004,VRB,FL,ASO,ES,Towers with Display (VFR),0,9,60,0,69,0,1,104,0,105,0,10,164,0,174,127,0,127,301
02/09/2004,VRB,FL,ASO,ES,Towers with Display (VFR),0,10,97,2,109,0,0,215,0,215,0,10,312,2,324,388,2,390,714
02/10/2004,VRB,FL,ASO,ES,Towers with Display (VFR),0,20,81,0,101,0,1,271,0,272,0,21,352,0,373,424,0,424,797
02/11/2004,VRB,FL,ASO,ES,Towers with Display (VFR),0,29,94,0,123,0,1,232,0,233,0,30,326,0,356,438,0,438,794
02/12/2004,VRB,FL,ASO,ES,Towers with Display (VFR),0,30,103,0,133,0,0,283,0,283,0,30,386,0,416,317,0,317,733
02/13/2004,VRB,FL,ASO,ES,Towers with Display (VFR),0,26,140,0,166,0,2,72,0,74,0,28,212,0,240,96,0,96,336
02/14/2004,VRB,FL,ASO,ES,Towers with Display (VFR),0,19,48,2,69,0,1,134,1,136,0,20,182,3,205,121,0,121,326
02/15/2004,VRB,FL,ASO,ES,Towers with Display (VFR),0,9,40,0,49,0,0,70,0,70,0,9,110,0,119,76,0,76,195
02/16/2004,VRB,FL,ASO,ES,Towers with Display (VFR),0,30,107,0,137,0,0,251,0,251,0,30,358,0,388,243,0,243,631
02/17/2004,VRB,FL,ASO,ES,Towers with Display (VFR),0,11,102,0,113,0,0,116,0,116,0,11,218,0,229,445,0,445,674
02/18/2004,VRB,FL,ASO,ES,Towers with Display (VFR),0,11,59,0,70,0,0,203,0,203,0,11,262,0,273,138,0,138,411
02/19/2004,VRB,FL,ASO,ES,Towers with Display (VFR),0,7,89,0,96,0,0,351,0,351,0,7,440,0,447,386,0,386,833
02/20/2004,VRB,FL,ASO,ES,Towers with Display (VFR),0,18,93,0,111,0,0,301,0,301,0,18,394,0,412,304,0,304,716
02/21/2004,VRB,FL,ASO,ES,Towers with Display (VFR),0,0,0,0,0,0,13,326,0,339,0,13,326,0,339,151,0,151,490
02/22/2004,VRB,FL,ASO,ES,Towers with Display (VFR),0,23,69,0,92,0,0,144,0,144,0,23,213,0,236,127,0,127,363
02/23/2004,VRB,FL,ASO,ES,Towers with Display (VFR),0,20,108,0,128,0,0,180,0,180,0,20,288,0,308,290,0,290,598
02/24/2004,VRB,FL,ASO,ES,Towers with Display (VFR),0,17,90,0,107,0,0,154,0,154,0,17,244,0,261,72,0,72,333
02/25/2004,VRB,FL,ASO,ES,Towers with Display (VFR),0,17,68,2,87,0,0,14,0,14,0,17,82,2,101,3,0,3,104
02/26/2004,VRB,FL,ASO,ES,Towers with Display (VFR),0,15,82,0,97,0,2,133,0,135,0,17,215,0,232,103,0,103,335
02/27/2004,VRB,FL,ASO,ES,Towers with Display (VFR),0,25,86,0,111,0,0,62,0,62,0,25,148,0,173,105,0,105,278
02/28/2004,VRB,FL,ASO,ES,Towers with Display (VFR),0,12,70,0,82,0,0,128,0,128,0,12,198,0,210,86,0,86,296
02/29/2004,VRB,FL,ASO,ES,Towers with Display (VFR),0,30,62,0,92,0,0,146,0,146,0,30,208,0,238,151,0,151,389
03/01/2004,VRB,FL,ASO,ES,Towers with Display (VFR),0,11,97,0,108,0,0,201,0,201,0,11,298,0,309,308,0,308,617
03/02/2004,VRB,FL,ASO,ES,Towers with Display (VFR),0,14,94,0,108,0,0,209,0,209,0,14,303,0,317,413,0,413,730
03/03/2004,VRB,FL,ASO,ES,Towers with Display (VFR),0,12,94,0,106,0,0,237,0,237,0,12,331,0,343,331,0,331,674
03/04/2004,VRB,FL,ASO,ES,Towers with Display (VFR),0,21,97,0,118,0,0,328,0,328,0,21,425,0,446,374,0,374,820
03/05/2004,VRB,FL,ASO,ES,Towers with Display (VFR),0,16,100,2,118,0,1,248,0,249,0,17,348,2,367,199,0,199,566
03/06/2004,VRB,FL,ASO,ES,Towers with Display (VFR),0,12,61,0,73,0,0,230,0,230,0,12,291,0,303,156,0,156,459
03/07/2004,VRB,FL,ASO,ES,Towers with Display (VFR),0,10,92,0,102,0,1,120,0,121,0,11,212,0,223,76,0,76,299
03/08/2004,VRB,FL,ASO,ES,Towers with Display (VFR),0,11,96,0,107,0,0,200,0,200,0,11,296,0,307,323,0,323,630
03/09/2004,VRB,FL,ASO,ES,Towers with Display (VFR),0,14,105,0,119,0,1,237,0,238,0,15,342,0,357,488,0,488,845
03/10/2004,VRB,FL,ASO,ES,Towers with Display (VFR),0,14,93,0,107,0,1,326,0,327,0,15,419,0,434,325,0,325,759
03/11/2004,VRB,FL,ASO,ES,Towers with Display (VFR),0,16,92,0,108,0,1,293,0,294,0,17,385,0,402,233,0,233,635
03/12/2004,VRB,FL,ASO,ES,Towers with Display (VFR),0,16,94,0,110,0,0,249,0,249,0,16,343,0,359,371,0,371,730
03/13/2004,VRB,FL,ASO,ES,Towers with Display (VFR),0,14,58,0,72,0,0,171,0,171,0,14,229,0,243,206,0,206,449
03/14/2004,VRB,FL,ASO,ES,Towers with Display (VFR),0,24,49,4,77,0,5,134,0,139,0,29,183,4,216,187,0,187,403
03/15/2004,VRB,FL,ASO,ES,Towers with Display (VFR),0,10,102,2,114,0,0,164,0,164,0,10,266,2,278,378,0,378,656
03/16/2004,VRB,FL,ASO,ES,Towers with Display (VFR),0,8,74,0,82,0,2,86,0,88,0,10,160,0,170,67,0,67,237
03/17/2004,VRB,FL,ASO,ES,Towers with Display (VFR),0,9,107,2,118,0,0,239,0,239,0,9,346,2,357,383,0,383,740
03/18/2004,VRB,FL,ASO,ES,Towers with Display (VFR),0,27,103,0,130,0,0,377,0,377,0,27,480,0,507,399,0,399,906
03/19/2004,VRB,FL,ASO,ES,Towers with Display (VFR),0,21,93,0,114,0,0,241,3,244,0,21,334,3,358,436,3,439,797
03/20/2004,VRB,FL,ASO,ES,Towers with Display (VFR),0,20,67,0,87,0,0,124,0,124,0,20,191,0,211,233,0,233,444
03/21/2004,VRB,FL,ASO,ES,Towers with Display (VFR),0,22,65,0,87,0,0,160,0,160,0,22,225,0,247,199,0,199,446
03/22/2004,VRB,FL,ASO,ES,Towers with Display (VFR),0,23,94,0,117,0,0,185,0,185,0,23,279,0,302,203,0,203,505
03/23/2004,VRB,FL,ASO,ES,Towers with Display (VFR),0,19,85,0,104,0,0,169,0,169,0,19,254,0,273,195,0,195,468
03/24/2004,VRB,FL,ASO,ES,Towers with Display (VFR),0,22,109,0,131,0,0,219,0,219,0,22,328,0,350,257,0,257,607
03/25/2004,VRB,FL,ASO,ES,Towers with Display (VFR),0,16,110,0,126,0,2,229,0,231,0,18,339,0,357,347,0,347,704
03/26/2004,VRB,FL,ASO,ES,Towers with Display (VFR),0,16,94,0,110,0,1,152,0,153,0,17,246,0,263,182,0,182,445
03/27/2004,VRB,FL,ASO,ES,Towers with Display (VFR),0,21,61,0,82,0,1,179,0,180,0,22,240,0,262,153,0,153,415
03/28/2004,VRB,FL,ASO,ES,Towers with Display (VFR),0,22,84,0,106,0,0,188,0,188,0,22,272,0,294,193,0,193,487
03/29/2004,VRB,FL,ASO,ES,Towers with Display (VFR),0,16,100,0,116,0,0,142,0,142,0,16,242,0,258,385,0,385,643
03/30/2004,VRB,FL,ASO,ES,Towers with Display (VFR),0,16,72,0,88,0,0,267,0,267,0,16,339,0,355,317,0,317,672
03/31/2004,VRB,FL,ASO,ES,Towers with Display (VFR),0,19,105,0,124,0,0,190,0,190,0,19,295,0,314,348,0,348,662
04/01/2004,VRB,FL,ASO,ES,Towers with Display (VFR),0,16,94,0,110,0,1,291,0,292,0,17,385,0,402,339,0,339,741
04/02/2004,VRB,FL,ASO,ES,Towers with Display (VFR),0,14,82,0,96,0,0,240,0,240,0,14,322,0,336,252,0,252,588
04/03/2004,VRB,FL,ASO,ES,Towers with Display (VFR),0,20,69,0,89,0,1,160,0,161,0,21,229,0,250,251,0,251,501
04/04/2004,VRB,FL,ASO,ES,Towers with Display (VFR),0,17,61,0,78,0,1,130,0,131,0,18,191,0,209,133,0,133,342
04/05/2004,VRB,FL,ASO,ES,Towers with Display (VFR),0,20,68,0,88,0,0,189,2,191,0,20,257,2,279,376,0,376,655
04/06/2004,VRB,FL,ASO,ES,Towers with Display (VFR),0,18,105,0,123,0,0,212,2,214,0,18,317,2,337,270,0,270,607
04/07/2004,VRB,FL,ASO,ES,Towers with Display (VFR),0,11,83,0,94,0,0,350,0,350,0,11,433,0,444,375,0,375,819
04/08/2004,VRB,FL,ASO,ES,Towers with Display (VFR),0,20,95,0,115,0,0,233,0,233,0,20,328,0,348,185,0,185,533
04/09/2004,VRB,FL,ASO,ES,Towers with Display (VFR),0,18,83,0,101,0,0,200,0,200,0,18,283,0,301,223,0,223,524
04/10/2004,VRB,FL,ASO,ES,Towers with Display (VFR),0,8,64,0,72,0,0,145,0,145,0,8,209,0,217,141,0,141,358
04/11/2004,VRB,FL,ASO,ES,Towers with Display (VFR),0,10,72,0,82,0,0,84,0,84,0,10,156,0,166,79,0,79,245
04/12/2004,VRB,FL,ASO,ES,Towers with Display (VFR),0,33,82,0,115,0,0,70,0,70,0,33,152,0,185,107,0,107,292
04/13/2004,VRB,FL,ASO,ES,Towers with Display (VFR),0,19,103,0,122,0,0,84,0,84,0,19,187,0,206,181,0,181,387
04/14/2004,VRB,FL,ASO,ES,Towers with Display (VFR),0,22,93,0,115,0,0,206,0,206,0,22,299,0,321,191,0,191,512
04/15/2004,VRB,FL,ASO,ES,Towers with Display (VFR),0,22,63,0,85,0,1,263,0,264,0,23,326,0,349,317,0,317,666
04/16/2004,VRB,FL,ASO,ES,Towers with Display (VFR),0,22,64,0,86,0,0,211,0,211,0,22,275,0,297,328,0,328,625
04/17/2004,VRB,FL,ASO,ES,Towers with Display (VFR),0,17,55,0,72,0,0,155,0,155,0,17,210,0,227,169,0,169,396
04/18/2004,VRB,FL,ASO,ES,Towers with Display (VFR),0,20,52,0,72,0,0,87,0,87,0,20,139,0,159,184,0,184,343
04/19/2004,VRB,FL,ASO,ES,Towers with Display (VFR),0,23,91,0,114,0,0,180,2,182,0,23,271,2,296,295,0,295,591
04/20/2004,VRB,FL,ASO,ES,Towers with Display (VFR),0,14,95,0,109,0,0,236,0,236,0,14,331,0,345,309,0,309,654
04/21/2004,VRB,FL,ASO,ES,Towers with Display (VFR),0,16,72,0,88,0,0,217,0,217,0,16,289,0,305,276,0,276,581
04/22/2004,VRB,FL,ASO,ES,Towers with Display (VFR),0,15,93,0,108,0,1,188,0,189,0,16,281,0,297,328,0,328,625
04/23/2004,VRB,FL,ASO,ES,Towers with Display (VFR),0,21,82,0,103,0,0,242,1,243,0,21,324,1,346,275,0,275,621
04/24/2004,VRB,FL,ASO,ES,Towers with Display (VFR),0,15,53,0,68,0,0,166,0,166,0,15,219,0,234,238,0,238,472
04/25/2004,VRB,FL,ASO,ES,Towers with Display (VFR),0,17,58,0,75,0,0,105,0,105,0,17,163,0,180,177,0,177,357
04/26/2004,VRB,FL,ASO,ES,Towers with Display (VFR),0,15,61,0,76,0,0,183,0,183,0,15,244,0,259,287,0,287,546
04/27/2004,VRB,FL,ASO,ES,Towers with Display (VFR),0,9,91,0,100,0,0,51,0,51,0,9,142,0,151,100,0,100,251
04/28/2004,VRB,FL,ASO,ES,Towers with Display (VFR),0,17,72,0,89,0,1,262,0,263,0,18,334,0,352,312,0,312,664
04/29/2004,VRB,FL,ASO,ES,Towers with Display (VFR),0,15,92,0,107,0,2,144,0,146,0,17,236,0,253,308,0,308,561
04/30/2004,VRB,FL,ASO,ES,Towers with Display (VFR),0,15,82,0,97,0,0,157,0,157,0,15,239,0,254,366,0,366,620
05/01/2004,VRB,FL,ASO,ES,Towers with Display (VFR),0,10,51,0,61,0,1,109,0,110,0,11,160,0,171,75,0,75,246
05/02/2004,VRB,FL,ASO,ES,Towers with Display (VFR),0,21,48,0,69,0,0,95,0,95,0,21,143,0,164,171,0,171,335
05/03/2004,VRB,FL,ASO,ES,Towers with Display (VFR),0,15,58,0,73,0,0,68,0,68,0,15,126,0,141,139,0,139,280
05/04/2004,VRB,FL,ASO,ES,Towers with Display (VFR),0,15,86,0,101,0,0,160,0,160,0,15,246,0,261,221,0,221,482
05/05/2004,VRB,FL,ASO,ES,Towers with Display (VFR),0,13,99,0,112,0,1,198,0,199,0,14,297,0,311,188,0,188,499
05/06/2004,VRB,FL,ASO,ES,Towers with Display (VFR),0,18,94,0,112,0,0,206,0,206,0,18,300,0,318,133,0,133,451
05/07/2004,VRB,FL,ASO,ES,Towers with Display (VFR),0,8,79,0,87,0,0,226,0,226,0,8,305,0,313,191,0,191,504
05/08/2004,VRB,FL,ASO,ES,Towers with Display (VFR),0,13,69,0,82,0,1,177,0,178,0,14,246,0,260,64,0,64,324
05/09/2004,VRB,FL,ASO,ES,Towers with Display (VFR),0,8,41,0,49,0,1,104,0,105,0,9,145,0,154,92,0,92,246
05/10/2004,VRB,FL,ASO,ES,Towers with Display (VFR),0,11,97,0,108,0,0,149,0,149,0,11,246,0,257,91,0,91,348
05/11/2004,VRB,FL,ASO,ES,Towers with Display (VFR),0,9,70,0,79,0,0,207,0,207,0,9,277,0,286,125,0,125,411
05/12/2004,VRB,FL,ASO,ES,Towers with Display (VFR),0,14,82,0,96,0,0,209,0,209,0,14,291,0,305,108,0,108,413
05/13/2004,VRB,FL,ASO,ES,Towers with Display (VFR),0,9,81,0,90,0,0,239,0,239,0,9,320,0,329,170,0,170,499
05/14/2004,VRB,FL,ASO,ES,Towers with Display (VFR),0,10,94,2,106,0,0,211,0,211,0,10,305,2,317,117,0,117,434
05/15/2004,VRB,FL,ASO,ES,Towers with Display (VFR),0,7,42,0,49,0,2,125,0,127,0,9,167,0,176,101,0,101,277
05/16/2004,VRB,FL,ASO,ES,Towers with Display (VFR),0,12,46,0,58,0,0,71,0,71,0,12,117,0,129,44,0,44,173
05/17/2004,VRB,FL,ASO,ES,Towers with Display (VFR),0,6,80,0,86,0,0,170,0,170,0,6,250,0,256,172,0,172,428
05/18/2004,VRB,FL,ASO,ES,Towers with Display (VFR),0,10,119,0,129,0,0,178,0,178,0,10,297,0,307,110,0,110,417
05/19/2004,VRB,FL,ASO,ES,Towers with Display (VFR),0,17,78,1,96,0,0,158,3,161,0,17,236,4,257,150,0,150,407
05/20/2004,VRB,FL,ASO,ES,Towers with Display (VFR),0,15,92,0,107,0,0,197,0,197,0,15,289,0,304,180,0,180,484
05/21/2004,VRB,FL,ASO,ES,Towers with Display (VFR),0,3,73,0,76,0,0,205,0,205,0,3,278,0,281,144,0,144,425
05/22/2004,VRB,FL,ASO,ES,Towers with Display (VFR),0,5,54,0,59,0,1,140,0,141,0,6,194,0,200,113,0,113,313
05/23/2004,VRB,FL,ASO,ES,Towers with Display (VFR),0,2,43,0,45,0,0,107,0,107,0,2,150,0,152,121,0,121,273
05/24/2004,VRB,FL,ASO,ES,Towers with Display (VFR),0,4,73,0,77,0,0,192,0,192,0,4,265,0,269,149,0,149,418
05/25/2004,VRB,FL,ASO,ES,Towers with Display (VFR),0,10,85,0,95,0,0,164,0,164,0,10,249,0,259,197,0,197,456
05/26/2004,VRB,FL,ASO,ES,Towers with Display (VFR),0,10,69,0,79,0,0,197,0,197,0,10,266,0,276,174,0,174,450
05/27/2004,VRB,FL,ASO,ES,Towers with Display (VFR),0,9,50,0,59,0,0,207,0,207,0,9,257,0,266,142,0,142,408
05/28/2004,VRB,FL,ASO,ES,Towers with Display (VFR),0,12,75,0,87,0,2,216,0,218,0,14,291,0,305,121,0,121,426
05/29/2004,VRB,FL,ASO,ES,Towers with Display (VFR),0,4,38,0,42,0,0,114,0,114,0,4,152,0,156,54,0,54,210
05/30/2004,VRB,FL,ASO,ES,Towers with Display (VFR),0,3,25,0,28,0,0,72,0,72,0,3,97,0,100,22,0,22,122
05/31/2004,VRB,FL,ASO,ES,Towers with Display (VFR),0,14,60,0,74,0,0,152,0,152,0,14,212,0,226,109,0,109,335
06/01/2004,VRB,FL,ASO,ES,Towers with Display (VFR),0,4,76,0,80,0,0,204,0,204,0,4,280,0,284,199,0,199,483
06/02/2004,VRB,FL,ASO,ES,Towers with Display (VFR),0,12,85,2,99,0,0,170,0,170,0,12,255,2,269,198,0,198,467
06/03/2004,VRB,FL,ASO,ES,Towers with Display (VFR),0,7,78,0,85,0,0,159,0,159,0,7,237,0,244,242,0,242,486
06/04/2004,VRB,FL,ASO,ES,Towers with Display (VFR),0,12,48,0,60,0,1,166,0,167,0,13,214,0,227,111,0,111,338
06/05/2004,VRB,FL,ASO,ES,Towers with Display (VFR),0,2,60,0,62,0,0,84,0,84,0,2,144,0,146,115,0,115,261
06/06/2004,VRB,FL,ASO,ES,Towers with Display (VFR),0,4,59,0,63,0,1,106,0,107,0,5,165,0,170,126,0,126,296
06/07/2004,VRB,FL,ASO,ES,Towers with Display (VFR),0,3,80,0,83,0,0,136,0,136,0,3,216,0,219,141,0,141,360
06/08/2004,VRB,FL,ASO,ES,Towers with Display (VFR),0,5,92,0,97,0,0,161,0,161,0,5,253,0,258,118,0,118,376
06/09/2004,VRB,FL,ASO,ES,Towers with Display (VFR),0,7,84,0,91,0,0,204,0,204,0,7,288,0,295,213,0,213,508
06/10/2004,VRB,FL,ASO,ES,Towers with Display (VFR),0,9,88,0,97,0,0,211,2,213,0,9,299,2,310,245,0,245,555
06/11/2004,VRB,FL,ASO,ES,Towers with Display (VFR),0,10,110,0,120,0,0,165,0,165,0,10,275,0,285,120,0,120,405
06/12/2004,VRB,FL,ASO,ES,Towers with Display (VFR),0,10,41,0,51,0,2,188,0,190,0,12,229,0,241,53,0,53,294
06/13/2004,VRB,FL,ASO,ES,Towers with Display (VFR),0,2,26,0,28,0,1,115,0,116,0,3,141,0,144,78,0,78,222
06/14/2004,VRB,FL,ASO,ES,Towers with Display (VFR),0,4,83,0,87,0,0,186,1,187,0,4,269,1,274,206,0,206,480
06/15/2004,VRB,FL,ASO,ES,Towers with Display (VFR),0,8,87,0,95,0,0,188,0,188,0,8,275,0,283,142,0,142,425
06/16/2004,VRB,FL,ASO,ES,Towers with Display (VFR),0,6,93,0,99,0,1,200,0,201,0,7,293,0,300,134,0,134,434
06/17/2004,VRB,FL,ASO,ES,Towers with Display (VFR),0,5,93,0,98,0,0,178,0,178,0,5,271,0,276,145,0,145,421
06/18/2004,VRB,FL,ASO,ES,Towers with Display (VFR),0,8,93,0,101,0,0,175,0,175,0,8,268,0,276,176,0,176,452
06/19/2004,VRB,FL,ASO,ES,Towers with Display (VFR),0,4,43,0,47,0,0,110,0,110,0,4,153,0,157,103,0,103,260
06/20/2004,VRB,FL,ASO,ES,Towers with Display (VFR),0,10,24,0,34,0,0,102,0,102,0,10,126,0,136,19,0,19,155
06/21/2004,VRB,FL,ASO,ES,Towers with Display (VFR),0,6,70,0,76,0,0,139,0,139,0,6,209,0,215,135,0,135,350
06/22/2004,VRB,FL,ASO,ES,Towers with Display (VFR),0,6,91,0,97,0,0,182,0,182,0,6,273,0,279,192,0,192,471
06/23/2004,VRB,FL,ASO,ES,Towers with Display (VFR),0,10,66,0,76,0,0,192,0,192,0,10,258,0,268,179,0,179,447
06/24/2004,VRB,FL,ASO,ES,Towers with Display (VFR),0,11,78,0,89,0,1,192,0,193,0,12,270,0,282,120,0,120,402
06/25/2004,VRB,FL,ASO,ES,Towers with Display (VFR),0,4,41,0,45,0,0,244,0,244,0,4,285,0,289,142,0,142,431
06/26/2004,VRB,FL,ASO,ES,Towers with Display (VFR),0,3,41,0,44,0,0,177,0,177,0,3,218,0,221,50,0,50,271
06/27/2004,VRB,FL,ASO,ES,Towers with Display (VFR),0,7,33,0,40,0,0,115,0,115,0,7,148,0,155,80,0,80,235
06/28/2004,VRB,FL,ASO,ES,Towers with Display (VFR),0,3,48,4,55,0,0,182,0,182,0,3,230,4,237,180,0,180,417
06/29/2004,VRB,FL,ASO,ES,Towers with Display (VFR),0,10,77,0,87,0,0,199,0,199,0,10,276,0,286,175,0,175,461
06/30/2004,VRB,FL,ASO,ES,Towers with Display (VFR),0,10,67,0,77,0,1,181,0,182,0,11,248,0,259,169,0,169,428
07/01/2004,VRB,FL,ASO,ES,Towers with Display (VFR),0,13,102,0,115,0,0,123,0,123,0,13,225,0,238,119,0,119,357
07/02/2004,VRB,FL,ASO,ES,Towers with Display (VFR),0,7,65,2,74,0,0,144,0,144,0,7,209,2,218,90,0,90,308
07/03/2004,VRB,FL,ASO,ES,Towers with Display (VFR),0,2,30,0,32,0,0,92,0,92,0,2,122,0,124,65,0,65,189
07/04/2004,VRB,FL,ASO,ES,Towers with Display (VFR),0,0,28,0,28,0,0,80,0,80,0,0,108,0,108,44,0,44,152
07/05/2004,VRB,FL,ASO,ES,Towers with Display (VFR),0,10,33,0,43,0,0,116,0,116,0,10,149,0,159,154,0,154,313
07/06/2004,VRB,FL,ASO,ES,Towers with Display (VFR),0,4,78,0,82,0,0,130,0,130,0,4,208,0,212,134,0,134,346
07/07/2004,VRB,FL,ASO,ES,Towers with Display (VFR),0,7,42,0,49,0,0,136,0,136,0,7,178,0,185,141,0,141,326
07/08/2004,VRB,FL,ASO,ES,Towers with Display (VFR),0,5,111,0,116,0,0,180,0,180,0,5,291,0,296,185,0,185,481
07/09/2004,VRB,FL,ASO,ES,Towers with Display (VFR),0,8,96,0,104,0,0,168,0,168,0,8,264,0,272,188,0,188,460
07/10/2004,VRB,FL,ASO,ES,Towers with Display (VFR),0,2,55,0,57,0,0,118,0,118,0,2,173,0,175,96,0,96,271
07/11/2004,VRB,FL,ASO,ES,Towers with Display (VFR),0,3,25,0,28,0,0,80,0,80,0,3,105,0,108,34,0,34,142
07/12/2004,VRB,FL,ASO,ES,Towers with Display (VFR),0,6,75,0,81,0,0,145,0,145,0,6,220,0,226,192,0,192,418
07/13/2004,VRB,FL,ASO,ES,Towers with Display (VFR),0,4,76,0,80,0,0,178,0,178,0,4,254,0,258,138,0,138,396
07/14/2004,VRB,FL,ASO,ES,Towers with Display (VFR),0,8,103,0,111,0,0,205,0,205,0,8,308,0,316,177,0,177,493
07/15/2004,VRB,FL,ASO,ES,Towers with Display (VFR),0,8,63,0,71,0,0,200,0,200,0,8,263,0,271,133,0,133,404
07/16/2004,VRB,FL,ASO,ES,Towers with Display (VFR),0,9,57,1,67,0,0,132,1,133,0,9,189,2,200,180,0,180,380
07/17/2004,VRB,FL,ASO,ES,Towers with Display (VFR),0,4,37,1,42,0,0,109,0,109,0,4,146,1,151,78,0,78,229
07/18/2004,VRB,FL,ASO,ES,Towers with Display (VFR),0,6,21,0,27,0,0,79,0,79,0,6,100,0,106,11,0,11,117
07/19/2004,VRB,FL,ASO,ES,Towers with Display (VFR),0,6,57,0,63,0,0,78,0,78,0,6,135,0,141,182,0,182,323
07/20/2004,VRB,FL,ASO,ES,Towers with Display (VFR),0,6,70,0,76,0,0,113,0,113,0,6,183,0,189,146,0,146,335
07/21/2004,VRB,FL,ASO,ES,Towers with Display (VFR),0,4,107,0,111,0,0,141,0,141,0,4,248,0,252,207,0,207,459
07/22/2004,VRB,FL,ASO,ES,Towers with Display (VFR),0,5,43,0,48,0,0,153,0,153,0,5,196,0,201,238,0,238,439
07/23/2004,VRB,FL,ASO,ES,Towers with Display (VFR),0,10,78,0,88,0,0,145,0,145,0,10,223,0,233,242,0,242,475
07/24/2004,VRB,FL,ASO,ES,Towers with Display (VFR),0,2,64,0,66,0,3,129,0,132,0,5,193,0,198,63,0,63,261
07/25/2004,VRB,FL,ASO,ES,Towers with Display (VFR),0,4,34,0,38,0,0,72,0,72,0,4,106,0,110,37,0,37,147
07/26/2004,VRB,FL,ASO,ES,Towers with Display (VFR),0,5,62,0,67,0,3,140,0,143,0,8,202,0,210,307,0,307,517
07/27/2004,VRB,FL,ASO,ES,Towers with Display (VFR),0,6,58,2,66,0,0,181,0,181,0,6,239,2,247,166,0,166,413
07/28/2004,VRB,FL,ASO,ES,Towers with Display (VFR),0,4,106,0,110,0,0,183,0,183,0,4,289,0,293,260,0,260,553
07/29/2004,VRB,FL,ASO,ES,Towers with Display (VFR),0,6,100,2,108,0,0,182,2,184,0,6,282,4,292,154,0,154,446
07/30/2004,VRB,FL,ASO,ES,Towers with Display (VFR),0,7,85,0,92,0,0,212,0,212,0,7,297,0,304,147,0,147,451
07/31/2004,VRB,FL,ASO,ES,Towers with Display (VFR),0,4,50,0,54,0,0,60,0,60,0,4,110,0,114,50,0,50,164
08/01/2004,VRB,FL,ASO,ES,Towers with Display (VFR),0,3,40,0,43,0,0,59,0,59,0,3,99,0,102,24,0,24,126
08/02/2004,VRB,FL,ASO,ES,Towers with Display (VFR),0,2,69,0,71,0,0,94,0,94,0,2,163,0,165,146,0,146,311
08/03/2004,VRB,FL,ASO,ES,Towers with Display (VFR),0,11,60,0,71,0,0,166,0,166,0,11,226,0,237,247,0,247,484
08/04/2004,VRB,FL,ASO,ES,Towers with Display (VFR),0,9,95,0,104,0,0,119,0,119,0,9,214,0,223,170,0,170,393
08/05/2004,VRB,FL,ASO,ES,Towers with Display (VFR),0,11,81,2,94,0,0,144,0,144,0,11,225,2,238,127,0,127,365
08/06/2004,VRB,FL,ASO,ES,Towers with Display (VFR),0,13,97,0,110,0,0,157,0,157,0,13,254,0,267,151,0,151,418
08/07/2004,VRB,FL,ASO,ES,Towers with Display (VFR),0,5,56,0,61,0,1,19,0,20,0,6,75,0,81,21,0,21,102
08/08/2004,VRB,FL,ASO,ES,Towers with Display (VFR),0,9,63,0,72,0,2,57,0,59,0,11,120,0,131,12,0,12,143
08/09/2004,VRB,FL,ASO,ES,Towers with Display (VFR),0,6,85,0,91,0,1,177,0,178,0,7,262,0,269,214,0,214,483
08/10/2004,VRB,FL,ASO,ES,Towers with Display (VFR),0,5,101,0,106,0,0,144,0,144,0,5,245,0,250,190,0,190,440
08/11/2004,VRB,FL,ASO,ES,Towers with Display (VFR),0,8,89,0,97,0,0,244,0,244,0,8,333,0,341,201,0,201,542
08/12/2004,VRB,FL,ASO,ES,Towers with Display (VFR),0,6,58,0,64,0,0,160,0,160,0,6,218,0,224,95,0,95,319
08/13/2004,VRB,FL,ASO,ES,Towers with Display (VFR),0,3,10,0,13,0,0,70,0,70,0,3,80,0,83,30,0,30,113
08/14/2004,VRB,FL,ASO,ES,Towers with Display (VFR),0,4,23,0,27,0,1,36,0,37,0,5,59,0,64,38,0,38,102
08/15/2004,VRB,FL,ASO,ES,Towers with Display (VFR),0,0,25,0,25,0,0,60,0,60,0,0,85,0,85,24,0,24,109
08/16/2004,VRB,FL,ASO,ES,Towers with Display (VFR),0,2,84,0,86,0,0,179,0,179,0,2,263,0,265,186,0,186,451
08/17/2004,VRB,FL,ASO,ES,Towers with Display (VFR),0,6,126,0,132,0,0,209,0,209,0,6,335,0,341,184,0,184,525
08/18/2004,VRB,FL,ASO,ES,Towers with Display (VFR),0,4,58,0,62,0,0,135,0,135,0,4,193,0,197,93,0,93,290
08/19/2004,VRB,FL,ASO,ES,Towers with Display (VFR),0,5,106,0,111,0,0,196,0,196,0,5,302,0,307,163,0,163,470
08/20/2004,VRB,FL,ASO,ES,Towers with Display (VFR),0,4,102,0,106,0,0,167,0,167,0,4,269,0,273,147,0,147,420
08/21/2004,VRB,FL,ASO,ES,Towers with Display (VFR),0,3,65,0,68,0,0,117,0,117,0,3,182,0,185,93,0,93,278
08/22/2004,VRB,FL,ASO,ES,Towers with Display (VFR),0,7,23,2,32,0,0,71,0,71,0,7,94,2,103,25,0,25,128
08/23/2004,VRB,FL,ASO,ES,Towers with Display (VFR),0,9,62,0,71,0,0,147,0,147,0,9,209,0,218,164,0,164,382
08/24/2004,VRB,FL,ASO,ES,Towers with Display (VFR),0,6,74,0,80,0,0,163,0,163,0,6,237,0,243,202,0,202,445
08/25/2004,VRB,FL,ASO,ES,Towers with Display (VFR),0,6,81,0,87,0,0,156,0,156,0,6,237,0,243,226,0,226,469
08/26/2004,VRB,FL,ASO,ES,Towers with Display (VFR),0,4,99,0,103,0,1,169,0,170,0,5,268,0,273,160,0,160,433
08/27/2004,VRB,FL,ASO,ES,Towers with Display (VFR),0,8,87,0,95,0,0,191,0,191,0,8,278,0,286,165,0,165,451
08/28/2004,VRB,FL,ASO,ES,Towers with Display (VFR),0,2,59,0,61,0,0,125,0,125,0,2,184,0,186,78,0,78,264
08/29/2004,VRB,FL,ASO,ES,Towers with Display (VFR),0,2,50,0,52,0,0,116,0,116,0,2,166,0,168,81,0,81,249
08/30/2004,VRB,FL,ASO,ES,Towers with Display (VFR),0,4,80,0,84,0,0,153,0,153,0,4,233,0,237,189,0,189,426
08/31/2004,VRB,FL,ASO,ES,Towers with Display (VFR),0,7,24,0,31,0,0,194,0,194,0,7,218,0,225,226,0,226,451
09/01/2004,VRB,FL,ASO,ES,Towers with Display (VFR),0,4,46,0,50,0,0,222,0,222,0,4,268,0,272,109,0,109,381
09/02/2004,VRB,FL,ASO,ES,Towers with Display (VFR),0,19,52,0,71,0,3,94,0,97,0,22,146,0,168,0,0,0,168
09/03/2004,VRB,FL,ASO,ES,Towers with Display (VFR),0,0,0,0,0,0,0,0,0,0,0,0,0,0,0,0,0,0,0
09/04/2004,VRB,FL,ASO,ES,Towers with Display (VFR),0,0,0,0,0,0,0,0,0,0,0,0,0,0,0,0,0,0,0
09/05/2004,VRB,FL,ASO,ES,Towers with Display (VFR),0,0,0,0,0,0,0,0,0,0,0,0,0,0,0,0,0,0,0
09/06/2004,VRB,FL,ASO,ES,Towers with Display (VFR),0,2,0,0,2,0,0,17,2,19,0,2,17,2,21,0,0,0,21
09/07/2004,VRB,FL,ASO,ES,Towers with Display (VFR),0,0,15,0,15,0,0,28,6,34,0,0,43,6,49,0,0,0,49
09/08/2004,VRB,FL,ASO,ES,Towers with Display (VFR),0,15,27,1,43,0,0,25,0,25,0,15,52,1,68,0,0,0,68
09/09/2004,VRB,FL,ASO,ES,Towers with Display (VFR),0,8,32,2,42,0,0,48,0,48,0,8,80,2,90,21,2,23,113
09/10/2004,VRB,FL,ASO,ES,Towers with Display (VFR),0,5,28,4,37,0,0,61,0,61,0,5,89,4,98,1,0,1,99
09/11/2004,VRB,FL,ASO,ES,Towers with Display (VFR),0,4,17,2,23,0,0,37,0,37,0,4,54,2,60,20,0,20,80
09/12/2004,VRB,FL,ASO,ES,Towers with Display (VFR),0,2,19,0,21,0,0,43,0,43,0,2,62,0,64,6,0,6,70
09/13/2004,VRB,FL,ASO,ES,Towers with Display (VFR),0,4,62,2,68,0,0,87,2,89,0,4,149,4,157,26,0,26,183
09/14/2004,VRB,FL,ASO,ES,Towers with Display (VFR),0,15,48,2,65,0,0,48,0,48,0,15,96,2,113,38,0,38,151
09/15/2004,VRB,FL,ASO,ES,Towers with Display (VFR),0,13,41,0,54,0,0,63,0,63,0,13,104,0,117,104,0,104,221
09/16/2004,VRB,FL,ASO,ES,Towers with Display (VFR),0,11,46,0,57,0,1,104,0,105,0,12,150,0,162,175,0,175,337
09/17/2004,VRB,FL,ASO,ES,Towers with Display (VFR),0,10,45,1,56,0,1,113,3,117,0,11,158,4,173,165,3,168,341
09/18/2004,VRB,FL,ASO,ES,Towers with Display (VFR),0,1,32,0,33,0,0,75,0,75,0,1,107,0,108,59,0,59,167
09/19/2004,VRB,FL,ASO,ES,Towers with Display (VFR),0,0,38,0,38,0,0,54,0,54,0,0,92,0,92,36,0,36,128
09/20/2004,VRB,FL,ASO,ES,Towers with Display (VFR),0,3,58,0,61,0,0,28,0,28,0,3,86,0,89,16,0,16,105
09/21/2004,VRB,FL,ASO,ES,Towers with Display (VFR),0,6,62,0,68,0,0,62,0,62,0,6,124,0,130,81,0,81,211
09/22/2004,VRB,FL,ASO,ES,Towers with Display (VFR),0,4,81,0,85,0,0,184,0,184,0,4,265,0,269,225,0,225,494
09/23/2004,VRB,FL,ASO,ES,Towers with Display (VFR),0,6,68,0,74,0,0,159,0,159,0,6,227,0,233,208,0,208,441
09/24/2004,VRB,FL,ASO,ES,Towers with Display (VFR),0,17,86,0,103,0,0,155,0,155,0,17,241,0,258,31,0,31,289
09/25/2004,VRB,FL,ASO,ES,Towers with Display (VFR),0,0,0,0,0,0,0,0,0,0,0,0,0,0,0,0,0,0,0
09/26/2004,VRB,FL,ASO,ES,Towers with Display (VFR),0,0,0,0,0,0,0,0,0,0,0,0,0,0,0,0,0,0,0
09/27/2004,VRB,FL,ASO,ES,Towers with Display (VFR),0,0,11,0,11,0,0,35,0,35,0,0,46,0,46,0,0,0,46
09/28/2004,VRB,FL,ASO,ES,Towers with Display (VFR),0,6,36,0,42,0,0,103,5,108,0,6,139,5,150,0,0,0,150
09/29/2004,VRB,FL,ASO,ES,Towers with Display (VFR),0,12,35,2,49,0,0,80,2,82,0,12,115,4,131,6,0,6,137
09/30/2004,VRB,FL,ASO,ES,Towers with Display (VFR),0,5,29,3,37,0,0,101,3,104,0,5,130,6,141,88,0,88,229
10/01/2004,VRB,FL,ASO,ES,Towers with Display (VFR),0,8,44,0,52,0,0,130,0,130,0,8,174,0,182,102,0,102,284
10/02/2004,VRB,FL,ASO,ES,Towers with Display (VFR),0,1,30,0,31,0,0,87,0,87,0,1,117,0,118,93,0,93,211
10/03/2004,VRB,FL,ASO,ES,Towers with Display (VFR),0,5,32,2,39,0,0,102,0,102,0,5,134,2,141,36,0,36,177
10/04/2004,VRB,FL,ASO,ES,Towers with Display (VFR),0,7,71,0,78,0,0,149,2,151,0,7,220,2,229,178,0,178,407
10/05/2004,VRB,FL,ASO,ES,Towers with Display (VFR),0,7,74,0,81,0,0,156,0,156,0,7,230,0,237,237,0,237,474
10/06/2004,VRB,FL,ASO,ES,Towers with Display (VFR),0,6,80,0,86,0,0,82,0,82,0,6,162,0,168,226,0,226,394
10/07/2004,VRB,FL,ASO,ES,Towers with Display (VFR),0,13,92,0,105,0,0,152,0,152,0,13,244,0,257,171,0,171,428
10/08/2004,VRB,FL,ASO,ES,Towers with Display (VFR),0,10,98,2,110,0,0,206,0,206,0,10,304,2,316,249,0,249,565
10/09/2004,VRB,FL,ASO,ES,Towers with Display (VFR),0,5,58,0,63,0,2,112,0,114,0,7,170,0,177,81,0,81,258
10/10/2004,VRB,FL,ASO,ES,Towers with Display (VFR),0,9,35,0,44,0,1,77,0,78,0,10,112,0,122,23,0,23,145
10/11/2004,VRB,FL,ASO,ES,Towers with Display (VFR),0,4,86,0,90,0,0,51,0,51,0,4,137,0,141,36,0,36,177
10/12/2004,VRB,FL,ASO,ES,Towers with Display (VFR),0,9,119,0,128,0,1,102,0,103,0,10,221,0,231,95,0,95,326
10/13/2004,VRB,FL,ASO,ES,Towers with Display (VFR),0,14,96,0,110,0,1,231,0,232,0,15,327,0,342,205,0,205,547
10/14/2004,VRB,FL,ASO,ES,Towers with Display (VFR),0,6,113,0,119,0,0,235,0,235,0,6,348,0,354,231,0,231,585
10/15/2004,VRB,FL,ASO,ES,Towers with Display (VFR),0,12,86,0,98,0,0,130,0,130,0,12,216,0,228,261,0,261,489
10/16/2004,VRB,FL,ASO,ES,Towers with Display (VFR),0,4,62,0,66,0,0,121,0,121,0,4,183,0,187,141,0,141,328
10/17/2004,VRB,FL,ASO,ES,Towers with Display (VFR),0,6,28,0,34,0,0,125,0,125,0,6,153,0,159,64,0,64,223
10/18/2004,VRB,FL,ASO,ES,Towers with Display (VFR),0,11,94,0,105,0,0,184,0,184,0,11,278,0,289,218,0,218,507
10/19/2004,VRB,FL,ASO,ES,Towers with Display (VFR),0,9,100,0,109,0,1,190,0,191,0,10,290,0,300,235,0,235,535
10/20/2004,VRB,FL,ASO,ES,Towers with Display (VFR),0,7,88,0,95,0,1,164,0,165,0,8,252,0,260,222,0,222,482
10/21/2004,VRB,FL,ASO,ES,Towers with Display (VFR),0,7,106,0,113,0,1,184,0,185,0,8,290,0,298,186,0,186,484
10/22/2004,VRB,FL,ASO,ES,Towers with Display (VFR),0,10,108,0,118,0,1,216,2,219,0,11,324,2,337,299,0,299,636
10/23/2004,VRB,FL,ASO,ES,Towers with Display (VFR),0,3,46,0,49,0,0,80,0,80,0,3,126,0,129,40,0,40,169
10/24/2004,VRB,FL,ASO,ES,Towers with Display (VFR),0,5,39,0,44,0,0,138,0,138,0,5,177,0,182,23,0,23,205
10/25/2004,VRB,FL,ASO,ES,Towers with Display (VFR),0,5,87,0,92,0,1,253,0,254,0,6,340,0,346,274,0,274,620
10/26/2004,VRB,FL,ASO,ES,Towers with Display (VFR),0,11,143,0,154,0,1,257,0,258,0,12,400,0,412,241,0,241,653
10/27/2004,VRB,FL,ASO,ES,Towers with Display (VFR),0,11,111,0,122,0,0,235,0,235,0,11,346,0,357,265,0,265,622
10/28/2004,VRB,FL,ASO,ES,Towers with Display (VFR),0,18,107,0,125,0,1,202,0,203,0,19,309,0,328,285,0,285,613
10/29/2004,VRB,FL,ASO,ES,Towers with Display (VFR),0,11,112,0,123,0,1,168,0,169,0,12,280,0,292,230,0,230,522
10/30/2004,VRB,FL,ASO,ES,Towers with Display (VFR),0,11,62,0,73,0,1,116,0,117,0,12,178,0,190,146,0,146,336
10/31/2004,VRB,FL,ASO,ES,Towers with Display (VFR),0,12,44,0,56,0,0,188,0,188,0,12,232,0,244,53,0,53,297
11/01/2004,VRB,FL,ASO,ES,Towers with Radar,0,16,101,0,117,0,0,186,0,186,0,16,287,0,303,237,0,237,540
11/02/2004,VRB,FL,ASO,ES,Towers with Radar,0,9,72,0,81,0,0,192,0,192,0,9,264,0,273,205,0,205,478
11/03/2004,VRB,FL,ASO,ES,Towers with Radar,0,23,86,0,109,0,0,211,0,211,0,23,297,0,320,269,0,269,589
11/04/2004,VRB,FL,ASO,ES,Towers with Radar,0,10,105,0,115,0,0,224,0,224,0,10,329,0,339,290,0,290,629
11/05/2004,VRB,FL,ASO,ES,Towers with Radar,0,16,153,0,169,0,0,25,0,25,0,16,178,0,194,15,0,15,209
11/06/2004,VRB,FL,ASO,ES,Towers with Radar,0,12,79,0,91,0,0,191,0,191,0,12,270,0,282,299,0,299,581
11/07/2004,VRB,FL,ASO,ES,Towers with Radar,0,12,54,0,66,0,1,112,0,113,0,13,166,0,179,78,0,78,257
11/08/2004,VRB,FL,ASO,ES,Towers with Radar,0,9,105,3,117,0,0,243,3,246,0,9,348,6,363,443,0,443,806
11/09/2004,VRB,FL,ASO,ES,Towers with Radar,0,10,82,0,92,0,0,166,0,166,0,10,248,0,258,216,0,216,474
11/10/2004,VRB,FL,ASO,ES,Towers with Radar,0,10,101,0,111,0,0,177,0,177,0,10,278,0,288,295,0,295,583
11/11/2004,VRB,FL,ASO,ES,Towers with Radar,0,10,112,0,122,0,0,214,0,214,0,10,326,0,336,381,0,381,717
11/12/2004,VRB,FL,ASO,ES,Towers with Radar,0,10,76,0,86,0,0,233,0,233,0,10,309,0,319,380,0,380,699
11/13/2004,VRB,FL,ASO,ES,Towers with Radar,0,6,49,0,55,0,0,137,0,137,0,6,186,0,192,207,0,207,399
11/14/2004,VRB,FL,ASO,ES,Towers with Radar,0,12,51,2,65,0,1,39,1,41,0,13,90,3,106,0,0,0,106
11/15/2004,VRB,FL,ASO,ES,Towers with Radar,0,13,119,0,132,0,0,147,0,147,0,13,266,0,279,204,0,204,483
11/16/2004,VRB,FL,ASO,ES,Towers with Radar,0,16,93,0,109,0,0,202,0,202,0,16,295,0,311,290,0,290,601
11/17/2004,VRB,FL,ASO,ES,Towers with Radar,0,12,111,0,123,0,0,225,0,225,0,12,336,0,348,413,0,413,761
11/18/2004,VRB,FL,ASO,ES,Towers with Radar,0,17,65,0,82,0,1,228,0,229,0,18,293,0,311,373,0,373,684
11/19/2004,VRB,FL,ASO,ES,Towers with Radar,0,9,96,0,105,0,0,213,0,213,0,9,309,0,318,222,0,222,540
11/20/2004,VRB,FL,ASO,ES,Towers with Radar,0,11,53,2,66,0,0,151,0,151,0,11,204,2,217,213,0,213,430
11/21/2004,VRB,FL,ASO,ES,Towers with Radar,0,13,39,0,52,0,0,109,0,109,0,13,148,0,161,174,0,174,335
11/22/2004,VRB,FL,ASO,ES,Towers with Radar,0,8,79,0,87,0,0,251,0,251,0,8,330,0,338,383,0,383,721
11/23/2004,VRB,FL,ASO,ES,Towers with Radar,0,21,72,0,93,0,1,231,0,232,0,22,303,0,325,391,0,391,716
11/24/2004,VRB,FL,ASO,ES,Towers with Radar,0,18,69,0,87,0,0,124,0,124,0,18,193,0,211,301,0,301,512
11/25/2004,VRB,FL,ASO,ES,Towers with Radar,0,4,19,0,23,0,0,23,0,23,0,4,42,0,46,0,0,0,46
11/26/2004,VRB,FL,ASO,ES,Towers with Radar,0,9,49,0,58,0,0,141,0,141,0,9,190,0,199,138,0,138,337
11/27/2004,VRB,FL,ASO,ES,Towers with Radar,0,9,52,0,61,0,0,81,0,81,0,9,133,0,142,110,0,110,252
11/28/2004,VRB,FL,ASO,ES,Towers with Radar,0,28,66,0,94,0,1,91,0,92,0,29,157,0,186,54,0,54,240
11/29/2004,VRB,FL,ASO,ES,Towers with Radar,0,10,84,2,96,0,0,174,0,174,0,10,258,2,270,202,0,202,472
11/30/2004,VRB,FL,ASO,ES,Towers with Radar,0,11,97,0,108,0,0,167,0,167,0,11,264,0,275,214,0,214,489
12/01/2004,VRB,FL,ASO,ES,Towers with Radar,0,13,80,0,93,0,0,183,0,183,0,13,263,0,276,195,0,195,471
12/02/2004,VRB,FL,ASO,ES,Towers with Radar,0,10,65,0,75,0,0,184,0,184,0,10,249,0,259,265,0,265,524
12/03/2004,VRB,FL,ASO,ES,Towers with Radar,0,13,90,0,103,0,0,160,0,160,0,13,250,0,263,259,0,259,522
12/04/2004,VRB,FL,ASO,ES,Towers with Radar,0,5,61,0,66,0,1,128,0,129,0,6,189,0,195,204,0,204,399
12/05/2004,VRB,FL,ASO,ES,Towers with Radar,0,11,55,0,66,0,0,109,0,109,0,11,164,0,175,82,0,82,257
12/06/2004,VRB,FL,ASO,ES,Towers with Radar,0,12,79,0,91,0,0,191,0,191,0,12,270,0,282,299,0,299,581
12/07/2004,VRB,FL,ASO,ES,Towers with Radar,0,8,86,0,94,0,0,195,0,195,0,8,281,0,289,317,0,317,606
12/08/2004,VRB,FL,ASO,ES,Towers with Radar,0,5,100,0,105,0,0,219,0,219,0,5,319,0,324,325,0,325,649
12/09/2004,VRB,FL,ASO,ES,Towers with Radar,0,12,98,0,110,0,0,243,0,243,0,12,341,0,353,266,0,266,619
12/10/2004,VRB,FL,ASO,ES,Towers with Radar,0,5,92,0,97,0,0,132,0,132,0,5,224,0,229,143,0,143,372
12/11/2004,VRB,FL,ASO,ES,Towers with Radar,0,9,59,0,68,0,0,163,0,163,0,9,222,0,231,154,0,154,385
12/12/2004,VRB,FL,ASO,ES,Towers with Radar,0,3,36,0,39,0,0,144,0,144,0,3,180,0,183,71,0,71,254
12/13/2004,VRB,FL,ASO,ES,Towers with Radar,0,13,99,0,112,0,0,246,0,246,0,13,345,0,358,409,0,409,767
12/14/2004,VRB,FL,ASO,ES,Towers with Radar,0,13,106,0,119,0,0,219,0,219,0,13,325,0,338,248,0,248,586
12/15/2004,VRB,FL,ASO,ES,Towers with Radar,0,12,77,2,91,0,0,142,1,143,0,12,219,3,234,208,0,208,442
12/16/2004,VRB,FL,ASO,ES,Towers with Radar,0,8,76,0,84,0,0,171,0,171,0,8,247,0,255,184,0,184,439
12/17/2004,VRB,FL,ASO,ES,Towers with Radar,0,12,91,0,103,0,0,173,0,173,0,12,264,0,276,267,0,267,543
12/18/2004,VRB,FL,ASO,ES,Towers with Radar,0,11,71,0,82,0,0,95,0,95,0,11,166,0,177,190,0,190,367
12/19/2004,VRB,FL,ASO,ES,Towers with Radar,0,6,25,0,31,0,1,90,0,91,0,7,115,0,122,36,0,36,158
12/20/2004,VRB,FL,ASO,ES,Towers with Radar,0,6,65,0,71,0,0,193,0,193,0,6,258,0,264,297,0,297,561
12/21/2004,VRB,FL,ASO,ES,Towers with Radar,0,11,78,0,89,0,0,172,0,172,0,11,250,0,261,193,0,193,454
12/22/2004,VRB,FL,ASO,ES,Towers with Radar,0,10,65,0,75,0,0,137,0,137,0,10,202,0,212,209,0,209,421
12/23/2004,VRB,FL,ASO,ES,Towers with Radar,0,13,42,0,55,0,0,41,0,41,0,13,83,0,96,85,0,85,181
12/24/2004,VRB,FL,ASO,ES,Towers with Radar,0,2,22,0,24,0,0,1,0,1,0,2,23,0,25,0,0,0,25
12/25/2004,VRB,FL,ASO,ES,Towers with Radar,0,10,11,0,21,0,0,0,0,0,0,10,11,0,21,0,0,0,21
12/26/2004,VRB,FL,ASO,ES,Towers with Radar,0,24,54,0,78,0,6,13,1,20,0,30,67,1,98,0,0,0,98
12/27/2004,VRB,FL,ASO,ES,Towers with Radar,0,25,47,0,72,0,0,83,0,83,0,25,130,0,155,38,0,38,193
12/28/2004,VRB,FL,ASO,ES,Towers with Radar,0,18,74,0,92,0,0,78,1,79,0,18,152,1,171,131,0,131,302
12/29/2004,VRB,FL,ASO,ES,Towers with Radar,0,10,61,0,71,0,0,107,0,107,0,10,168,0,178,133,0,133,311
12/30/2004,VRB,FL,ASO,ES,Towers with Radar,0,18,66,0,84,0,0,96,0,96,0,18,162,0,180,59,0,59,239
12/31/2004,VRB,FL,ASO,ES,Towers with Radar,0,5,25,0,30,0,0,72,0,72,0,5,97,0,102,34,0,34,136
01/01/2005,VRB,FL,ASO,ES,Towers with Radar,0,15,17,0,32,0,0,75,0,75,0,15,92,0,107,25,0,25,132
01/02/2005,VRB,FL,ASO,ES,Towers with Radar,0,28,70,0,98,0,3,78,0,81,0,31,148,0,179,39,0,39,218
01/03/2005,VRB,FL,ASO,ES,Towers with Radar,0,26,74,6,106,0,0,110,0,110,0,26,184,6,216,168,0,168,384
01/04/2005,VRB,FL,ASO,ES,Towers with Radar,0,12,83,0,95,0,0,143,0,143,0,12,226,0,238,253,0,253,491
01/05/2005,VRB,FL,ASO,ES,Towers with Radar,0,14,91,0,105,0,0,191,0,191,0,14,282,0,296,236,0,236,532
01/06/2005,VRB,FL,ASO,ES,Towers with Radar,0,13,94,0,107,0,0,178,0,178,0,13,272,0,285,220,0,220,505
01/07/2005,VRB,FL,ASO,ES,Towers with Radar,0,6,71,0,77,0,0,205,0,205,0,6,276,0,282,263,0,263,545
01/08/2005,VRB,FL,ASO,ES,Towers with Radar,0,8,55,0,63,0,0,161,0,161,0,8,216,0,224,239,0,239,463
01/09/2005,VRB,FL,ASO,ES,Towers with Radar,0,17,50,0,67,0,0,102,0,102,0,17,152,0,169,28,0,28,197
01/10/2005,VRB,FL,ASO,ES,Towers with Radar,0,6,105,0,111,0,1,203,0,204,0,7,308,0,315,293,0,293,608
01/11/2005,VRB,FL,ASO,ES,Towers with Radar,0,20,83,0,103,0,0,199,0,199,0,20,282,0,302,364,0,364,666
01/12/2005,VRB,FL,ASO,ES,Towers with Radar,0,10,78,0,88,0,0,232,0,232,0,10,310,0,320,347,0,347,667
01/13/2005,VRB,FL,ASO,ES,Towers with Radar,0,15,89,0,104,0,0,130,0,130,0,15,219,0,234,261,0,261,495
01/14/2005,VRB,FL,ASO,ES,Towers with Radar,0,14,73,0,87,0,0,43,0,43,0,14,116,0,130,117,0,117,247
01/15/2005,VRB,FL,ASO,ES,Towers with Radar,0,7,53,0,60,0,2,12,0,14,0,9,65,0,74,0,0,0,74
01/16/2005,VRB,FL,ASO,ES,Towers with Radar,0,6,55,0,61,0,0,7,0,7,0,6,62,0,68,0,0,0,68
01/17/2005,VRB,FL,ASO,ES,Towers with Radar,0,9,91,0,100,0,0,236,0,236,0,9,327,0,336,407,0,407,743
01/18/2005,VRB,FL,ASO,ES,Towers with Radar,0,11,60,0,71,0,0,155,0,155,0,11,215,0,226,226,0,226,452
01/19/2005,VRB,FL,ASO,ES,Towers with Radar,0,10,107,0,117,0,0,236,0,236,0,10,343,0,353,439,0,439,792
01/20/2005,VRB,FL,ASO,ES,Towers with Radar,0,11,93,0,104,0,1,213,0,214,0,12,306,0,318,438,0,438,756
01/21/2005,VRB,FL,ASO,ES,Towers with Radar,0,17,78,0,95,0,0,201,0,201,0,17,279,0,296,315,0,315,611
01/22/2005,VRB,FL,ASO,ES,Towers with Radar,0,11,59,0,70,0,0,167,0,167,0,11,226,0,237,154,0,154,391
01/23/2005,VRB,FL,ASO,ES,Towers with Radar,0,7,34,0,41,0,0,37,0,37,0,7,71,0,78,2,0,2,80
01/24/2005,VRB,FL,ASO,ES,Towers with Radar,0,19,93,0,112,0,4,241,0,245,0,23,334,0,357,205,0,205,562
01/25/2005,VRB,FL,ASO,ES,Towers with Radar,0,13,93,0,106,0,0,247,0,247,0,13,340,0,353,432,0,432,785
01/26/2005,VRB,FL,ASO,ES,Towers with Radar,0,14,105,0,119,0,0,234,0,234,0,14,339,0,353,354,0,354,707
01/27/2005,VRB,FL,ASO,ES,Towers with Radar,0,12,96,0,108,0,2,154,0,156,0,14,250,0,264,297,0,297,561
01/28/2005,VRB,FL,ASO,ES,Towers with Radar,0,10,96,0,106,0,0,34,0,34,0,10,130,0,140,85,0,85,225
01/29/2005,VRB,FL,ASO,ES,Towers with Radar,0,7,61,0,68,0,0,75,0,75,0,7,136,0,143,118,0,118,261
01/30/2005,VRB,FL,ASO,ES,Towers with Radar,0,14,35,0,49,0,0,148,2,150,0,14,183,2,199,75,0,75,274
01/31/2005,VRB,FL,ASO,ES,Towers with Radar,0,16,79,0,95,0,1,235,0,236,0,17,314,0,331,387,0,387,718
02/01/2005,VRB,FL,ASO,ES,Towers with Radar,0,12,108,0,120,0,1,228,0,229,0,13,336,0,349,350,0,350,699
02/02/2005,VRB,FL,ASO,ES,Towers with Radar,0,10,84,0,94,0,0,102,0,102,0,10,186,0,196,175,0,175,371
02/03/2005,VRB,FL,ASO,ES,Towers with Radar,0,8,88,0,96,0,0,187,0,187,0,8,275,0,283,375,0,375,658
02/04/2005,VRB,FL,ASO,ES,Towers with Radar,0,18,100,0,118,0,0,87,0,87,0,18,187,0,205,38,0,38,243
02/05/2005,VRB,FL,ASO,ES,Towers with Radar,0,10,82,0,92,0,0,157,0,157,0,10,239,0,249,210,0,210,459
02/06/2005,VRB,FL,ASO,ES,Towers with Radar,0,11,48,0,59,0,0,108,0,108,0,11,156,0,167,53,0,53,220
02/07/2005,VRB,FL,ASO,ES,Towers with Radar,0,17,90,0,107,0,0,242,0,242,0,17,332,0,349,393,0,393,742
02/08/2005,VRB,FL,ASO,ES,Towers with Radar,0,8,99,0,107,0,1,185,0,186,0,9,284,0,293,354,0,354,647
02/09/2005,VRB,FL,ASO,ES,Towers with Radar,0,12,96,0,108,0,0,250,0,250,0,12,346,0,358,273,0,273,631
02/10/2005,VRB,FL,ASO,ES,Towers with Radar,0,27,89,0,116,0,0,142,0,142,0,27,231,0,258,238,0,238,496
02/11/2005,VRB,FL,ASO,ES,Towers with Radar,0,20,94,0,114,0,4,231,0,235,0,24,325,0,349,226,0,226,575
02/12/2005,VRB,FL,ASO,ES,Towers with Radar,0,10,55,0,65,0,0,221,0,221,0,10,276,0,286,124,0,124,410
02/13/2005,VRB,FL,ASO,ES,Towers with Radar,0,18,48,0,66,0,0,120,0,120,0,18,168,0,186,48,0,48,234
02/14/2005,VRB,FL,ASO,ES,Towers with Radar,0,9,83,0,92,0,1,189,0,190,0,10,272,0,282,254,0,254,536
02/15/2005,VRB,FL,ASO,ES,Towers with Radar,0,19,89,0,108,0,3,233,0,236,0,22,322,0,344,450,0,450,794
02/16/2005,VRB,FL,ASO,ES,Towers with Radar,0,12,96,0,108,0,0,233,0,233,0,12,329,0,341,349,0,349,690
02/17/2005,VRB,FL,ASO,ES,Towers with Radar,0,28,102,0,130,0,0,236,0,236,0,28,338,0,366,409,0,409,775
02/18/2005,VRB,FL,ASO,ES,Towers with Radar,0,13,89,0,102,0,0,213,0,213,0,13,302,0,315,252,0,252,567
02/19/2005,VRB,FL,ASO,ES,Towers with Radar,0,7,54,0,61,0,0,186,0,186,0,7,240,0,247,192,0,192,439
02/20/2005,VRB,FL,ASO,ES,Towers with Radar,0,10,65,0,75,0,0,126,0,126,0,10,191,0,201,76,0,76,277
02/21/2005,VRB,FL,ASO,ES,Towers with Radar,0,40,92,2,134,0,0,243,0,243,0,40,335,2,377,260,0,260,637
02/22/2005,VRB,FL,ASO,ES,Towers with Radar,0,17,109,0,126,0,0,239,0,239,0,17,348,0,365,433,0,433,798
02/23/2005,VRB,FL,ASO,ES,Towers with Radar,0,22,105,2,129,0,1,135,0,136,0,23,240,2,265,357,0,357,622
02/24/2005,VRB,FL,ASO,ES,Towers with Radar,0,19,56,0,75,0,0,167,0,167,0,19,223,0,242,193,0,193,435
02/25/2005,VRB,FL,ASO,ES,Towers with Radar,0,12,82,0,94,0,0,67,0,67,0,12,149,0,161,99,0,99,260
02/26/2005,VRB,FL,ASO,ES,Towers with Radar,0,8,65,0,73,0,0,84,0,84,0,8,149,0,157,90,0,90,247
02/27/2005,VRB,FL,ASO,ES,Towers with Radar,0,8,35,0,43,0,2,4,0,6,0,10,39,0,49,0,0,0,49
02/28/2005,VRB,FL,ASO,ES,Towers with Radar,0,17,89,0,106,0,0,184,0,184,0,17,273,0,290,342,0,342,632
03/01/2005,VRB,FL,ASO,ES,Towers with Radar,0,17,85,0,102,0,1,198,0,199,0,18,283,0,301,255,0,255,556
03/02/2005,VRB,FL,ASO,ES,Towers with Radar,0,11,96,0,107,0,1,277,0,278,0,12,373,0,385,375,0,375,760
03/03/2005,VRB,FL,ASO,ES,Towers with Radar,0,10,104,0,114,0,0,140,0,140,0,10,244,0,254,236,0,236,490
03/04/2005,VRB,FL,ASO,ES,Towers with Radar,0,20,97,0,117,0,1,156,0,157,0,21,253,0,274,169,0,169,443
03/05/2005,VRB,FL,ASO,ES,Towers with Radar,0,15,56,0,71,0,1,252,1,254,0,16,308,1,325,159,0,159,484
03/06/2005,VRB,FL,ASO,ES,Towers with Radar,0,16,51,0,67,0,0,155,0,155,0,16,206,0,222,62,0,62,284
03/07/2005,VRB,FL,ASO,ES,Towers with Radar,0,9,95,2,106,0,2,184,0,186,0,11,279,2,292,308,0,308,600
03/08/2005,VRB,FL,ASO,ES,Towers with Radar,0,7,38,0,45,0,0,41,0,41,0,7,79,0,86,59,0,59,145
03/09/2005,VRB,FL,ASO,ES,Towers with Radar,0,17,94,0,111,0,0,64,0,64,0,17,158,0,175,107,0,107,282
03/10/2005,VRB,FL,ASO,ES,Towers with Radar,0,17,102,0,119,0,1,276,0,277,0,18,378,0,396,330,0,330,726
03/11/2005,VRB,FL,ASO,ES,Towers with Radar,0,25,84,0,109,0,1,253,0,254,0,26,337,0,363,338,0,338,701
03/12/2005,VRB,FL,ASO,ES,Towers with Radar,0,17,62,0,79,0,0,175,0,175,0,17,237,0,254,183,0,183,437
03/13/2005,VRB,FL,ASO,ES,Towers with Radar,0,25,67,0,92,0,1,121,0,122,0,26,188,0,214,121,0,121,335
03/14/2005,VRB,FL,ASO,ES,Towers with Radar,0,13,70,0,83,0,0,208,0,208,0,13,278,0,291,362,0,362,653
03/15/2005,VRB,FL,ASO,ES,Towers with Radar,0,7,112,0,119,0,0,125,0,125,0,7,237,0,244,133,0,133,377
03/16/2005,VRB,FL,ASO,ES,Towers with Radar,0,14,71,0,85,0,0,156,0,156,0,14,227,0,241,151,0,151,392
03/17/2005,VRB,FL,ASO,ES,Towers with Radar,0,18,34,0,52,0,3,9,0,12,0,21,43,0,64,14,0,14,78
03/18/2005,VRB,FL,ASO,ES,Towers with Radar,0,18,102,2,122,0,0,163,0,163,0,18,265,2,285,250,0,250,535
03/19/2005,VRB,FL,ASO,ES,Towers with Radar,0,12,57,0,69,0,0,203,0,203,0,12,260,0,272,266,0,266,538
03/20/2005,VRB,FL,ASO,ES,Towers with Radar,0,17,66,0,83,0,0,146,0,146,0,17,212,0,229,106,0,106,335
03/21/2005,VRB,FL,ASO,ES,Towers with Radar,0,21,108,0,129,0,0,148,0,148,0,21,256,0,277,264,0,264,541
03/22/2005,VRB,FL,ASO,ES,Towers with Radar,0,19,87,0,106,0,0,121,0,121,0,19,208,0,227,179,0,179,406
03/23/2005,VRB,FL,ASO,ES,Towers with Radar,0,28,92,0,120,0,0,97,0,97,0,28,189,0,217,85,0,85,302
03/24/2005,VRB,FL,ASO,ES,Towers with Radar,0,36,73,0,109,0,0,314,0,314,0,36,387,0,423,370,0,370,793
03/25/2005,VRB,FL,ASO,ES,Towers with Radar,0,21,87,0,108,0,0,138,0,138,0,21,225,0,246,100,0,100,346
03/26/2005,VRB,FL,ASO,ES,Towers with Radar,0,13,35,0,48,0,0,79,0,79,0,13,114,0,127,132,0,132,259
03/27/2005,VRB,FL,ASO,ES,Towers with Radar,0,23,57,0,80,0,0,50,0,50,0,23,107,0,130,51,0,51,181
03/28/2005,VRB,FL,ASO,ES,Towers with Radar,0,21,55,0,76,0,0,86,0,86,0,21,141,0,162,67,0,67,229
03/29/2005,VRB,FL,ASO,ES,Towers with Radar,0,12,89,0,101,0,0,266,0,266,0,12,355,0,367,501,0,501,868
03/30/2005,VRB,FL,ASO,ES,Towers with Radar,0,10,53,0,63,0,4,327,0,331,0,14,380,0,394,317,0,317,711
03/31/2005,VRB,FL,ASO,ES,Towers with Radar,0,23,91,0,114,0,0,219,0,219,0,23,310,0,333,399,0,399,732
04/01/2005,VRB,FL,ASO,ES,Towers with Radar,0,20,103,0,123,0,0,214,0,214,0,20,317,0,337,294,0,294,631
04/02/2005,VRB,FL,ASO,ES,Towers with Radar,0,12,42,0,54,0,0,47,0,47,0,12,89,0,101,18,0,18,119
04/03/2005,VRB,FL,ASO,ES,Towers with Radar,0,27,93,0,120,0,0,126,0,126,0,27,219,0,246,88,0,88,334
04/04/2005,VRB,FL,ASO,ES,Towers with Radar,0,13,72,0,85,0,0,192,0,192,0,13,264,0,277,284,0,284,561
04/05/2005,VRB,FL,ASO,ES,Towers with Radar,0,9,51,1,61,0,0,177,1,178,0,9,228,2,239,262,0,262,501
04/06/2005,VRB,FL,ASO,ES,Towers with Radar,0,11,72,0,83,0,1,196,0,197,0,12,268,0,280,276,0,276,556
04/07/2005,VRB,FL,ASO,ES,Towers with Radar,0,21,59,0,80,0,1,160,0,161,0,22,219,0,241,161,0,161,402
04/08/2005,VRB,FL,ASO,ES,Towers with Radar,0,11,109,0,120,0,0,110,0,110,0,11,219,0,230,74,0,74,304
04/09/2005,VRB,FL,ASO,ES,Towers with Radar,0,13,80,0,93,0,1,165,0,166,0,14,245,0,259,121,0,121,380
04/10/2005,VRB,FL,ASO,ES,Towers with Radar,0,18,55,0,73,0,1,132,2,135,0,19,187,2,208,41,0,41,249
04/11/2005,VRB,FL,ASO,ES,Towers with Radar,0,14,93,0,107,0,0,238,0,238,0,14,331,0,345,337,0,337,682
04/12/2005,VRB,FL,ASO,ES,Towers with Radar,0,11,102,2,115,0,5,207,0,212,0,16,309,2,327,270,0,270,597
04/13/2005,VRB,FL,ASO,ES,Towers with Radar,0,19,89,0,108,0,0,175,0,175,0,19,264,0,283,148,0,148,431
04/14/2005,VRB,FL,ASO,ES,Towers with Radar,0,14,111,0,125,0,0,248,0,248,0,14,359,0,373,286,0,286,659
04/15/2005,VRB,FL,ASO,ES,Towers with Radar,0,11,61,1,73,0,0,161,1,162,0,11,222,2,235,82,0,82,317
04/16/2005,VRB,FL,ASO,ES,Towers with Radar,0,7,56,0,63,0,0,100,2,102,0,7,156,2,165,35,0,35,200
04/17/2005,VRB,FL,ASO,ES,Towers with Radar,0,15,50,0,65,0,1,76,0,77,0,16,126,0,142,29,0,29,171
04/18/2005,VRB,FL,ASO,ES,Towers with Radar,0,8,100,0,108,0,0,220,0,220,0,8,320,0,328,204,0,204,532
04/19/2005,VRB,FL,ASO,ES,Towers with Radar,0,12,123,0,135,0,0,227,0,227,0,12,350,0,362,219,0,219,581
04/20/2005,VRB,FL,ASO,ES,Towers with Radar,0,16,105,0,121,0,0,197,0,197,0,16,302,0,318,184,0,184,502
04/21/2005,VRB,FL,ASO,ES,Towers with Radar,0,14,122,0,136,0,0,193,0,193,0,14,315,0,329,268,0,268,597
04/22/2005,VRB,FL,ASO,ES,Towers with Radar,0,18,96,0,114,0,0,228,0,228,0,18,324,0,342,188,0,188,530
04/23/2005,VRB,FL,ASO,ES,Towers with Radar,0,5,51,0,56,0,0,96,0,96,0,5,147,0,152,91,0,91,243
04/24/2005,VRB,FL,ASO,ES,Towers with Radar,0,23,60,0,83,0,0,118,0,118,0,23,178,0,201,38,0,38,239
04/25/2005,VRB,FL,ASO,ES,Towers with Radar,0,20,97,0,117,0,0,185,0,185,0,20,282,0,302,329,0,329,631
04/26/2005,VRB,FL,ASO,ES,Towers with Radar,0,11,65,2,78,0,0,180,0,180,0,11,245,2,258,124,0,124,382
04/27/2005,VRB,FL,ASO,ES,Towers with Radar,0,9,71,0,80,0,0,155,0,155,0,9,226,0,235,260,0,260,495
04/28/2005,VRB,FL,ASO,ES,Towers with Radar,0,20,83,0,103,0,0,245,0,245,0,20,328,0,348,198,0,198,546
04/29/2005,VRB,FL,ASO,ES,Towers with Radar,0,21,61,0,82,0,0,222,0,222,0,21,283,0,304,198,0,198,502
04/30/2005,VRB,FL,ASO,ES,Towers with Radar,0,12,32,0,44,0,0,118,0,118,0,12,150,0,162,40,0,40,202
05/01/2005,VRB,FL,ASO,ES,Towers with Radar,0,17,42,0,59,0,0,31,0,31,0,17,73,0,90,19,0,19,109
05/02/2005,VRB,FL,ASO,ES,Towers with Radar,0,7,85,0,92,0,1,103,0,104,0,8,188,0,196,103,0,103,299
05/03/2005,VRB,FL,ASO,ES,Towers with Radar,0,14,71,0,85,0,1,218,0,219,0,15,289,0,304,313,0,313,617
05/04/2005,VRB,FL,ASO,ES,Towers with Radar,0,11,68,0,79,0,0,21,0,21,0,11,89,0,100,3,0,3,103
05/05/2005,VRB,FL,ASO,ES,Towers with Radar,0,10,75,0,85,0,0,114,0,114,0,10,189,0,199,151,0,151,350
05/06/2005,VRB,FL,ASO,ES,Towers with Radar,0,9,115,0,124,0,0,114,0,114,0,9,229,0,238,179,0,179,417
05/07/2005,VRB,FL,ASO,ES,Towers with Radar,0,13,36,0,49,0,0,148,0,148,0,13,184,0,197,130,0,130,327
05/08/2005,VRB,FL,ASO,ES,Towers with Radar,0,11,33,0,44,0,0,106,0,106,0,11,139,0,150,26,0,26,176
05/09/2005,VRB,FL,ASO,ES,Towers with Radar,0,8,91,0,99,0,0,266,0,266,0,8,357,0,365,279,0,279,644
05/10/2005,VRB,FL,ASO,ES,Towers with Radar,0,6,80,0,86,0,0,231,0,231,0,6,311,0,317,372,0,372,689
05/11/2005,VRB,FL,ASO,ES,Towers with Radar,0,9,94,0,103,0,0,227,0,227,0,9,321,0,330,279,0,279,609
05/12/2005,VRB,FL,ASO,ES,Towers with Radar,0,12,87,0,99,0,0,239,0,239,0,12,326,0,338,309,0,309,647
05/13/2005,VRB,FL,ASO,ES,Towers with Radar,0,12,85,0,97,0,1,187,0,188,0,13,272,0,285,256,0,256,541
05/14/2005,VRB,FL,ASO,ES,Towers with Radar,0,3,49,0,52,0,0,124,0,124,0,3,173,0,176,115,0,115,291
05/15/2005,VRB,FL,ASO,ES,Towers with Radar,0,8,45,0,53,0,1,91,0,92,0,9,136,0,145,96,0,96,241
05/16/2005,VRB,FL,ASO,ES,Towers with Radar,0,10,93,0,103,0,0,169,0,169,0,10,262,0,272,211,0,211,483
05/17/2005,VRB,FL,ASO,ES,Towers with Radar,0,11,81,0,92,0,0,174,0,174,0,11,255,0,266,218,0,218,484
05/18/2005,VRB,FL,ASO,ES,Towers with Radar,0,16,75,0,91,0,0,197,0,197,0,16,272,0,288,148,0,148,436
05/19/2005,VRB,FL,ASO,ES,Towers with Radar,0,9,79,0,88,0,0,227,0,227,0,9,306,0,315,193,0,193,508
05/20/2005,VRB,FL,ASO,ES,Towers with Radar,0,17,110,0,127,0,1,188,0,189,0,18,298,0,316,264,0,264,580
05/21/2005,VRB,FL,ASO,ES,Towers with Radar,0,8,39,0,47,0,1,118,0,119,0,9,157,0,166,108,0,108,274
05/22/2005,VRB,FL,ASO,ES,Towers with Radar,0,6,24,0,30,0,0,75,0,75,0,6,99,0,105,52,0,52,157
05/23/2005,VRB,FL,ASO,ES,Towers with Radar,0,5,75,0,80,0,0,172,0,172,0,5,247,0,252,267,0,267,519
05/24/2005,VRB,FL,ASO,ES,Towers with Radar,0,7,123,0,130,0,1,191,0,192,0,8,314,0,322,241,0,241,563
05/25/2005,VRB,FL,ASO,ES,Towers with Radar,0,8,109,0,117,0,0,85,0,85,0,8,194,0,202,78,0,78,280
05/26/2005,VRB,FL,ASO,ES,Towers with Radar,0,16,137,0,153,0,0,179,0,179,0,16,316,0,332,290,0,290,622
05/27/2005,VRB,FL,ASO,ES,Towers with Radar,0,17,101,0,118,0,2,181,0,183,0,19,282,0,301,217,0,217,518
05/28/2005,VRB,FL,ASO,ES,Towers with Radar,0,0,52,0,52,0,0,89,0,89,0,0,141,0,141,63,0,63,204
05/29/2005,VRB,FL,ASO,ES,Towers with Radar,0,3,29,0,32,0,0,76,0,76,0,3,105,0,108,35,0,35,143
05/30/2005,VRB,FL,ASO,ES,Towers with Radar,0,12,55,0,67,0,2,130,0,132,0,14,185,0,199,149,0,149,348
05/31/2005,VRB,FL,ASO,ES,Towers with Radar,0,10,65,0,75,0,1,80,0,81,0,11,145,0,156,172,0,172,328
06/01/2005,VRB,FL,ASO,ES,Towers with Radar,0,9,24,0,33,0,0,31,0,31,0,9,55,0,64,58,0,58,122
06/02/2005,VRB,FL,ASO,ES,Towers with Radar,0,6,64,0,70,0,0,81,0,81,0,6,145,0,151,141,0,141,292
06/03/2005,VRB,FL,ASO,ES,Towers with Radar,0,10,55,0,65,0,0,75,0,75,0,10,130,0,140,163,0,163,303
06/04/2005,VRB,FL,ASO,ES,Towers with Radar,0,9,34,0,43,0,0,47,0,47,0,9,81,0,90,54,0,54,144
06/05/2005,VRB,FL,ASO,ES,Towers with Radar,0,5,30,0,35,0,0,66,0,66,0,5,96,0,101,45,0,45,146
06/06/2005,VRB,FL,ASO,ES,Towers with Radar,0,2,72,0,74,0,0,118,0,118,0,2,190,0,192,219,0,219,411
06/07/2005,VRB,FL,ASO,ES,Towers with Radar,0,5,81,0,86,0,0,205,0,205,0,5,286,0,291,247,0,247,538
06/08/2005,VRB,FL,ASO,ES,Towers with Radar,0,7,73,0,80,0,0,197,0,197,0,7,270,0,277,178,0,178,455
06/09/2005,VRB,FL,ASO,ES,Towers with Radar,0,7,83,0,90,0,0,132,0,132,0,7,215,0,222,175,0,175,397
06/10/2005,VRB,FL,ASO,ES,Towers with Radar,0,6,56,0,62,0,0,94,0,94,0,6,150,0,156,147,0,147,303
06/11/2005,VRB,FL,ASO,ES,Towers with Radar,0,4,17,1,22,0,0,9,1,10,0,4,26,2,32,0,0,0,32
06/12/2005,VRB,FL,ASO,ES,Towers with Radar,0,4,47,1,52,0,1,51,17,69,0,5,98,18,121,51,0,51,172
06/13/2005,VRB,FL,ASO,ES,Towers with Radar,0,7,60,0,67,0,0,255,2,257,0,7,315,2,324,346,0,346,670
06/14/2005,VRB,FL,ASO,ES,Towers with Radar,0,6,70,0,76,0,0,272,0,272,0,6,342,0,348,360,0,360,708
06/15/2005,VRB,FL,ASO,ES,Towers with Radar,0,4,48,0,52,0,0,210,0,210,0,4,258,0,262,208,0,208,470
06/16/2005,VRB,FL,ASO,ES,Towers with Radar,0,12,71,0,83,0,0,214,0,214,0,12,285,0,297,181,0,181,478
06/17/2005,VRB,FL,ASO,ES,Towers with Radar,0,6,41,0,47,0,0,140,0,140,0,6,181,0,187,122,0,122,309
06/18/2005,VRB,FL,ASO,ES,Towers with Radar,0,6,42,0,48,0,0,105,0,105,0,6,147,0,153,112,0,112,265
06/19/2005,VRB,FL,ASO,ES,Towers with Radar,0,3,42,0,45,0,0,80,0,80,0,3,122,0,125,63,0,63,188
06/20/2005,VRB,FL,ASO,ES,Towers with Radar,0,8,43,0,51,0,1,131,0,132,0,9,174,0,183,317,0,317,500
06/21/2005,VRB,FL,ASO,ES,Towers with Radar,0,5,93,0,98,0,0,105,0,105,0,5,198,0,203,210,0,210,413
06/22/2005,VRB,FL,ASO,ES,Towers with Radar,0,8,72,0,80,0,1,140,0,141,0,9,212,0,221,219,0,219,440
06/23/2005,VRB,FL,ASO,ES,Towers with Radar,0,12,68,0,80,0,0,120,0,120,0,12,188,0,200,137,0,137,337
06/24/2005,VRB,FL,ASO,ES,Towers with Radar,0,4,83,0,87,0,0,48,0,48,0,4,131,0,135,66,0,66,201
06/25/2005,VRB,FL,ASO,ES,Towers with Radar,0,4,61,0,65,0,0,160,0,160,0,4,221,0,225,145,0,145,370
06/26/2005,VRB,FL,ASO,ES,Towers with Radar,0,7,30,0,37,0,0,84,0,84,0,7,114,0,121,52,0,52,173
06/27/2005,VRB,FL,ASO,ES,Towers with Radar,0,8,72,0,80,0,0,161,0,161,0,8,233,0,241,268,0,268,509
06/28/2005,VRB,FL,ASO,ES,Towers with Radar,0,13,63,0,76,0,0,166,0,166,0,13,229,0,242,257,0,257,499
06/29/2005,VRB,FL,ASO,ES,Towers with Radar,0,6,65,0,71,0,0,148,0,148,0,6,213,0,219,183,0,183,402
06/30/2005,VRB,FL,ASO,ES,Towers with Radar,0,15,55,0,70,0,0,154,0,154,0,15,209,0,224,157,0,157,381
07/01/2005,VRB,FL,ASO,ES,Towers with Radar,0,6,92,0,98,0,0,114,0,114,0,6,206,0,212,84,0,84,296
07/02/2005,VRB,FL,ASO,ES,Towers with Radar,0,8,29,0,37,0,0,80,0,80,0,8,109,0,117,40,0,40,157
07/03/2005,VRB,FL,ASO,ES,Towers with Radar,0,1,34,0,35,0,0,108,2,110,0,1,142,2,145,61,2,63,208
07/04/2005,VRB,FL,ASO,ES,Towers with Radar,0,6,24,0,30,0,0,69,0,69,0,6,93,0,99,37,0,37,136
07/05/2005,VRB,FL,ASO,ES,Towers with Radar,0,13,76,0,89,0,0,161,0,161,0,13,237,0,250,116,0,116,366
07/06/2005,VRB,FL,ASO,ES,Towers with Radar,0,12,77,0,89,0,0,138,0,138,0,12,215,0,227,202,0,202,429
07/07/2005,VRB,FL,ASO,ES,Towers with Radar,0,9,85,0,94,0,0,133,0,133,0,9,218,0,227,147,0,147,374
07/08/2005,VRB,FL,ASO,ES,Towers with Radar,0,5,77,0,82,0,0,152,0,152,0,5,229,0,234,178,0,178,412
07/09/2005,VRB,FL,ASO,ES,Towers with Radar,0,7,7,0,14,0,0,7,0,7,0,7,14,0,21,8,0,8,29
07/10/2005,VRB,FL,ASO,ES,Towers with Radar,0,2,31,0,33,0,0,20,0,20,0,2,51,0,53,6,0,6,59
07/11/2005,VRB,FL,ASO,ES,Towers with Radar,0,7,76,0,83,0,0,135,0,135,0,7,211,0,218,217,0,217,435
07/12/2005,VRB,FL,ASO,ES,Towers with Radar,0,8,93,6,107,0,1,167,0,168,0,9,260,6,275,262,0,262,537
07/13/2005,VRB,FL,ASO,ES,Towers with Radar,0,7,59,0,66,0,0,166,0,166,0,7,225,0,232,248,0,248,480
07/14/2005,VRB,FL,ASO,ES,Towers with Radar,0,4,83,0,87,0,1,166,0,167,0,5,249,0,254,220,0,220,474
07/15/2005,VRB,FL,ASO,ES,Towers with Radar,0,8,31,0,39,0,0,130,0,130,0,8,161,0,169,124,0,124,293
07/16/2005,VRB,FL,ASO,ES,Towers with Radar,0,3,41,0,44,0,0,101,0,101,0,3,142,0,145,52,0,52,197
07/17/2005,VRB,FL,ASO,ES,Towers with Radar,0,4,28,0,32,0,0,65,0,65,0,4,93,0,97,48,0,48,145
07/18/2005,VRB,FL,ASO,ES,Towers with Radar,0,3,59,0,62,0,0,161,0,161,0,3,220,0,223,265,0,265,488
07/19/2005,VRB,FL,ASO,ES,Towers with Radar,0,6,74,0,80,0,0,132,0,132,0,6,206,0,212,295,0,295,507
07/20/2005,VRB,FL,ASO,ES,Towers with Radar,0,4,57,0,61,0,0,137,0,137,0,4,194,0,198,194,0,194,392
07/21/2005,VRB,FL,ASO,ES,Towers with Radar,0,10,50,0,60,0,1,166,0,167,0,11,216,0,227,165,0,165,392
07/22/2005,VRB,FL,ASO,ES,Towers with Radar,0,9,52,0,61,0,0,170,0,170,0,9,222,0,231,223,0,223,454
07/23/2005,VRB,FL,ASO,ES,Towers with Radar,0,0,16,0,16,0,3,104,0,107,0,3,120,0,123,47,0,47,170
07/24/2005,VRB,FL,ASO,ES,Towers with Radar,0,2,31,0,33,0,0,60,0,60,0,2,91,0,93,14,0,14,107
07/25/2005,VRB,FL,ASO,ES,Towers with Radar,0,6,48,0,54,0,0,147,0,147,0,6,195,0,201,209,0,209,410
07/26/2005,VRB,FL,ASO,ES,Towers with Radar,0,4,46,0,50,0,0,146,0,146,0,4,192,0,196,176,0,176,372
07/27/2005,VRB,FL,ASO,ES,Towers with Radar,0,5,47,0,52,0,0,195,0,195,0,5,242,0,247,235,0,235,482
07/28/2005,VRB,FL,ASO,ES,Towers with Radar,0,5,44,0,49,0,0,152,0,152,0,5,196,0,201,239,0,239,440
07/29/2005,VRB,FL,ASO,ES,Towers with Radar,0,8,51,0,59,0,0,140,0,140,0,8,191,0,199,175,0,175,374
07/30/2005,VRB,FL,ASO,ES,Towers with Radar,0,3,32,0,35,0,0,71,0,71,0,3,103,0,106,73,0,73,179
07/31/2005,VRB,FL,ASO,ES,Towers with Radar,0,0,26,0,26,0,0,64,0,64,0,0,90,0,90,12,0,12,102
08/01/2005,VRB,FL,ASO,ES,Towers with Radar,0,2,34,0,36,0,0,125,0,125,0,2,159,0,161,153,0,153,314
08/02/2005,VRB,FL,ASO,ES,Towers with Radar,0,4,60,0,64,0,0,151,0,151,0,4,211,0,215,146,0,146,361
08/03/2005,VRB,FL,ASO,ES,Towers with Radar,0,5,64,0,69,0,0,160,0,160,0,5,224,0,229,166,0,166,395
08/04/2005,VRB,FL,ASO,ES,Towers with Radar,0,7,57,0,64,0,0,152,0,152,0,7,209,0,216,189,0,189,405
08/05/2005,VRB,FL,ASO,ES,Towers with Radar,0,8,57,0,65,0,1,160,0,161,0,9,217,0,226,268,0,268,494
08/06/2005,VRB,FL,ASO,ES,Towers with Radar,0,1,39,0,40,0,0,78,0,78,0,1,117,0,118,83,0,83,201
08/07/2005,VRB,FL,ASO,ES,Towers with Radar,0,3,33,0,36,0,0,77,0,77,0,3,110,0,113,15,0,15,128
08/08/2005,VRB,FL,ASO,ES,Towers with Radar,0,2,61,0,63,0,0,138,0,138,0,2,199,0,201,178,0,178,379
08/09/2005,VRB,FL,ASO,ES,Towers with Radar,0,6,38,0,44,0,0,129,0,129,0,6,167,0,173,217,0,217,390
08/10/2005,VRB,FL,ASO,ES,Towers with Radar,0,8,56,2,66,0,0,156,0,156,0,8,212,2,222,204,0,204,426
08/11/2005,VRB,FL,ASO,ES,Towers with Radar,0,10,52,0,62,0,0,170,0,170,0,10,222,0,232,204,0,204,436
08/12/2005,VRB,FL,ASO,ES,Towers with Radar,0,5,47,0,52,0,0,149,0,149,0,5,196,0,201,214,0,214,415
08/13/2005,VRB,FL,ASO,ES,Towers with Radar,0,3,30,2,35,0,0,72,2,74,0,3,102,4,109,50,0,50,159
08/14/2005,VRB,FL,ASO,ES,Towers with Radar,0,2,13,0,15,0,0,77,0,77,0,2,90,0,92,4,0,4,96
08/15/2005,VRB,FL,ASO,ES,Towers with Radar,0,9,54,0,63,0,0,215,0,215,0,9,269,0,278,322,0,322,600
08/16/2005,VRB,FL,ASO,ES,Towers with Radar,0,5,59,2,66,0,0,182,1,183,0,5,241,3,249,255,0,255,504
08/17/2005,VRB,FL,ASO,ES,Towers with Radar,0,10,33,0,43,0,1,183,0,184,0,11,216,0,227,275,0,275,502
08/18/2005,VRB,FL,ASO,ES,Towers with Radar,0,6,47,0,53,0,0,163,0,163,0,6,210,0,216,163,0,163,379
08/19/2005,VRB,FL,ASO,ES,Towers with Radar,0,3,41,0,44,0,0,167,2,169,0,3,208,2,213,205,0,205,418
08/20/2005,VRB,FL,ASO,ES,Towers with Radar,0,6,35,0,41,0,0,71,0,71,0,6,106,0,112,49,0,49,161
08/21/2005,VRB,FL,ASO,ES,Towers with Radar,0,8,15,0,23,0,0,72,0,72,0,8,87,0,95,11,0,11,106
08/22/2005,VRB,FL,ASO,ES,Towers with Radar,0,4,66,0,70,0,0,112,0,112,0,4,178,0,182,139,0,139,321
08/23/2005,VRB,FL,ASO,ES,Towers with Radar,0,11,58,0,69,0,0,151,0,151,0,11,209,0,220,178,0,178,398
08/24/2005,VRB,FL,ASO,ES,Towers with Radar,0,7,47,0,54,0,0,141,0,141,0,7,188,0,195,226,0,226,421
08/25/2005,VRB,FL,ASO,ES,Towers with Radar,0,9,31,0,40,0,0,58,0,58,0,9,89,0,98,63,0,63,161
08/26/2005,VRB,FL,ASO,ES,Towers with Radar,0,6,28,0,34,0,0,75,0,75,0,6,103,0,109,26,0,26,135
08/27/2005,VRB,FL,ASO,ES,Towers with Radar,0,4,23,0,27,0,0,67,0,67,0,4,90,0,94,26,0,26,120
08/28/2005,VRB,FL,ASO,ES,Towers with Radar,0,7,16,0,23,0,0,38,0,38,0,7,54,0,61,10,0,10,71
08/29/2005,VRB,FL,ASO,ES,Towers with Radar,0,2,57,0,59,0,0,157,0,157,0,2,214,0,216,164,0,164,380
08/30/2005,VRB,FL,ASO,ES,Towers with Radar,0,5,51,0,56,0,0,161,0,161,0,5,212,0,217,146,0,146,363
08/31/2005,VRB,FL,ASO,ES,Towers with Radar,0,9,60,0,69,0,1,129,0,130,0,10,189,0,199,187,0,187,386
09/01/2005,VRB,FL,ASO,ES,Towers with Radar,0,7,49,0,56,0,0,150,0,150,0,7,199,0,206,193,0,193,399
09/02/2005,VRB,FL,ASO,ES,Towers with Radar,0,10,52,0,62,0,0,113,0,113,0,10,165,0,175,78,0,78,253
09/03/2005,VRB,FL,ASO,ES,Towers with Radar,0,4,24,0,28,0,0,63,0,63,0,4,87,0,91,45,0,45,136
09/04/2005,VRB,FL,ASO,ES,Towers with Radar,0,1,14,0,15,0,0,35,0,35,0,1,49,0,50,0,0,0,50
09/05/2005,VRB,FL,ASO,ES,Towers with Radar,0,4,37,0,41,0,0,21,0,21,0,4,58,0,62,12,0,12,74
09/06/2005,VRB,FL,ASO,ES,Towers with Radar,0,4,52,0,56,0,0,72,0,72,0,4,124,0,128,67,0,67,195
09/07/2005,VRB,FL,ASO,ES,Towers with Radar,0,4,44,0,48,0,0,64,0,64,0,4,108,0,112,92,0,92,204
09/08/2005,VRB,FL,ASO,ES,Towers with Radar,0,4,50,0,54,0,0,24,0,24,0,4,74,0,78,16,0,16,94
09/09/2005,VRB,FL,ASO,ES,Towers with Radar,0,5,40,0,45,0,0,107,0,107,0,5,147,0,152,153,0,153,305
09/10/2005,VRB,FL,ASO,ES,Towers with Radar,0,4,26,0,30,0,0,111,0,111,0,4,137,0,141,96,0,96,237
09/11/2005,VRB,FL,ASO,ES,Towers with Radar,0,1,23,0,24,0,0,108,0,108,0,1,131,0,132,55,0,55,187
09/12/2005,VRB,FL,ASO,ES,Towers with Radar,0,3,53,0,56,0,0,154,0,154,0,3,207,0,210,125,0,125,335
09/13/2005,VRB,FL,ASO,ES,Towers with Radar,0,5,60,0,65,0,0,169,0,169,0,5,229,0,234,207,0,207,441
09/14/2005,VRB,FL,ASO,ES,Towers with Radar,0,9,53,0,62,0,0,180,0,180,0,9,233,0,242,170,0,170,412
09/15/2005,VRB,FL,ASO,ES,Towers with Radar,0,7,57,0,64,0,0,141,0,141,0,7,198,0,205,206,0,206,411
09/16/2005,VRB,FL,ASO,ES,Towers with Radar,0,6,50,0,56,0,0,147,0,147,0,6,197,0,203,173,0,173,376
09/17/2005,VRB,FL,ASO,ES,Towers with Radar,0,1,27,0,28,0,0,66,0,66,0,1,93,0,94,48,0,48,142
09/18/2005,VRB,FL,ASO,ES,Towers with Radar,0,2,9,0,11,0,1,66,0,67,0,3,75,0,78,48,0,48,126
09/19/2005,VRB,FL,ASO,ES,Towers with Radar,0,3,17,0,20,0,0,187,0,187,0,3,204,0,207,173,0,173,380
09/20/2005,VRB,FL,ASO,ES,Towers with Radar,0,13,26,0,39,0,0,29,0,29,0,13,55,0,68,3,0,3,71
09/21/2005,VRB,FL,ASO,ES,Towers with Radar,0,7,30,0,37,0,0,96,0,96,0,7,126,0,133,147,0,147,280
09/22/2005,VRB,FL,ASO,ES,Towers with Radar,0,13,51,0,64,0,0,113,0,113,0,13,164,0,177,119,0,119,296
09/23/2005,VRB,FL,ASO,ES,Towers with Radar,0,5,45,0,50,0,0,162,0,162,0,5,207,0,212,131,0,131,343
09/24/2005,VRB,FL,ASO,ES,Towers with Radar,0,3,30,0,33,0,0,109,0,109,0,3,139,0,142,43,0,43,185
09/25/2005,VRB,FL,ASO,ES,Towers with Radar,0,13,19,0,32,0,1,78,0,79,0,14,97,0,111,12,0,12,123
09/26/2005,VRB,FL,ASO,ES,Towers with Radar,0,4,49,0,53,0,0,162,0,162,0,4,211,0,215,299,0,299,514
09/27/2005,VRB,FL,ASO,ES,Towers with Radar,0,4,32,0,36,0,0,155,0,155,0,4,187,0,191,316,0,316,507
09/28/2005,VRB,FL,ASO,ES,Towers with Radar,0,6,35,0,41,0,0,148,0,148,0,6,183,0,189,220,0,220,409
09/29/2005,VRB,FL,ASO,ES,Towers with Radar,0,9,51,0,60,0,0,198,0,198,0,9,249,0,258,210,0,210,468
09/30/2005,VRB,FL,ASO,ES,Towers with Radar,0,3,43,0,46,0,0,177,0,177,0,3,220,0,223,150,0,150,373
10/01/2005,VRB,FL,ASO,ES,Towers with Radar,0,4,30,0,34,0,0,63,0,63,0,4,93,0,97,29,0,29,126
10/02/2005,VRB,FL,ASO,ES,Towers with Radar,0,2,25,0,27,0,0,39,0,39,0,2,64,0,66,9,0,9,75
10/03/2005,VRB,FL,ASO,ES,Towers with Radar,0,2,43,0,45,0,0,141,0,141,0,2,184,0,186,166,0,166,352
10/04/2005,VRB,FL,ASO,ES,Towers with Radar,0,3,35,0,38,0,6,40,0,46,0,9,75,0,84,22,0,22,106
10/05/2005,VRB,FL,ASO,ES,Towers with Radar,0,7,47,0,54,0,0,168,0,168,0,7,215,0,222,274,0,274,496
10/06/2005,VRB,FL,ASO,ES,Towers with Radar,0,5,40,0,45,0,0,106,0,106,0,5,146,0,151,180,0,180,331
10/07/2005,VRB,FL,ASO,ES,Towers with Radar,0,13,64,0,77,0,0,84,0,84,0,13,148,0,161,111,0,111,272
10/08/2005,VRB,FL,ASO,ES,Towers with Radar,0,7,41,0,48,0,0,113,0,113,0,7,154,0,161,69,0,69,230
10/09/2005,VRB,FL,ASO,ES,Towers with Radar,0,6,33,0,39,0,1,88,0,89,0,7,121,0,128,32,0,32,160
10/10/2005,VRB,FL,ASO,ES,Towers with Radar,0,13,49,0,62,0,0,190,0,190,0,13,239,0,252,261,0,261,513
10/11/2005,VRB,FL,ASO,ES,Towers with Radar,0,6,60,0,66,0,0,185,0,185,0,6,245,0,251,318,0,318,569
10/12/2005,VRB,FL,ASO,ES,Towers with Radar,0,9,29,0,38,0,0,173,0,173,0,9,202,0,211,206,9,215,426
10/13/2005,VRB,FL,ASO,ES,Towers with Radar,0,15,70,0,85,0,0,162,0,162,0,15,232,0,247,285,0,285,532
10/14/2005,VRB,FL,ASO,ES,Towers with Radar,0,7,94,0,101,0,0,43,0,43,0,7,137,0,144,58,0,58,202
10/15/2005,VRB,FL,ASO,ES,Towers with Radar,0,4,36,0,40,0,0,88,0,88,0,4,124,0,128,27,0,27,155
10/16/2005,VRB,FL,ASO,ES,Towers with Radar,0,5,15,0,20,0,0,102,0,102,0,5,117,0,122,33,0,33,155
10/17/2005,VRB,FL,ASO,ES,Towers with Radar,0,4,43,2,49,0,0,235,0,235,0,4,278,2,284,392,0,392,676
10/18/2005,VRB,FL,ASO,ES,Towers with Radar,0,7,66,6,79,0,0,197,0,197,0,7,263,6,276,264,0,264,540
10/19/2005,VRB,FL,ASO,ES,Towers with Radar,0,6,61,0,67,0,0,121,0,121,0,6,182,0,188,161,0,161,349
10/20/2005,VRB,FL,ASO,ES,Towers with Radar,0,13,52,4,69,0,0,177,0,177,0,13,229,4,246,205,0,205,451
10/21/2005,VRB,FL,ASO,ES,Towers with Radar,0,6,65,0,71,0,1,94,0,95,0,7,159,0,166,61,0,61,227
10/22/2005,VRB,FL,ASO,ES,Towers with Radar,0,4,10,0,14,0,0,28,0,28,0,4,38,0,42,0,0,0,42
10/23/2005,VRB,FL,ASO,ES,Towers with Radar,0,5,48,0,53,0,0,24,0,24,0,5,72,0,77,12,0,12,89
10/24/2005,VRB,FL,ASO,ES,Towers with Radar,0,0,0,0,0,0,0,0,0,0,0,0,0,0,0,0,0,0,0
10/25/2005,VRB,FL,ASO,ES,Towers with Radar,0,16,39,0,55,0,0,102,0,102,0,16,141,0,157,23,0,23,180
10/26/2005,VRB,FL,ASO,ES,Towers with Radar,0,13,52,0,65,0,1,205,0,206,0,14,257,0,271,144,0,144,415
10/27/2005,VRB,FL,ASO,ES,Towers with Radar,0,14,65,0,79,0,0,176,1,177,0,14,241,1,256,225,0,225,481
10/28/2005,VRB,FL,ASO,ES,Towers with Radar,0,10,57,0,67,0,0,203,0,203,0,10,260,0,270,186,0,186,456
10/29/2005,VRB,FL,ASO,ES,Towers with Radar,0,8,46,0,54,0,0,127,0,127,0,8,173,0,181,108,0,108,289
10/30/2005,VRB,FL,ASO,ES,Towers with Radar,0,5,50,0,55,0,0,53,2,55,0,5,103,2,110,7,0,7,117
10/31/2005,VRB,FL,ASO,ES,Towers with Radar,0,4,62,0,66,0,1,226,2,229,0,5,288,2,295,302,0,302,597
11/01/2005,VRB,FL,ASO,ES,Towers with Radar,0,19,81,4,104,0,0,91,0,91,0,19,172,4,195,159,0,159,354
11/02/2005,VRB,FL,ASO,ES,Towers with Radar,0,15,97,0,112,0,0,171,0,171,0,15,268,0,283,233,0,233,516
11/03/2005,VRB,FL,ASO,ES,Towers with Radar,0,19,87,0,106,0,0,194,0,194,0,19,281,0,300,215,0,215,515
11/04/2005,VRB,FL,ASO,ES,Towers with Radar,0,18,85,0,103,0,0,179,0,179,0,18,264,0,282,287,0,287,569
11/05/2005,VRB,FL,ASO,ES,Towers with Radar,0,8,46,0,54,0,1,164,0,165,0,9,210,0,219,119,0,119,338
11/06/2005,VRB,FL,ASO,ES,Towers with Radar,0,15,30,0,45,0,1,117,0,118,0,16,147,0,163,27,0,27,190
11/07/2005,VRB,FL,ASO,ES,Towers with Radar,0,6,107,2,115,0,0,141,0,141,0,6,248,2,256,309,0,309,565
11/08/2005,VRB,FL,ASO,ES,Towers with Radar,0,11,72,0,83,0,0,183,0,183,0,11,255,0,266,286,0,286,552
11/09/2005,VRB,FL,ASO,ES,Towers with Radar,0,5,68,0,73,0,0,213,0,213,0,5,281,0,286,290,0,290,576
11/10/2005,VRB,FL,ASO,ES,Towers with Radar,0,12,65,1,78,0,0,196,1,197,0,12,261,2,275,271,0,271,546
11/11/2005,VRB,FL,ASO,ES,Towers with Radar,0,25,68,0,93,0,0,178,2,180,0,25,246,2,273,133,0,133,406
11/12/2005,VRB,FL,ASO,ES,Towers with Radar,0,10,42,0,52,0,0,92,2,94,0,10,134,2,146,68,0,68,214
11/13/2005,VRB,FL,ASO,ES,Towers with Radar,0,8,38,2,48,0,0,96,0,96,0,8,134,2,144,41,0,41,185
11/14/2005,VRB,FL,ASO,ES,Towers with Radar,0,6,87,0,93,0,0,168,0,168,0,6,255,0,261,269,0,269,530
11/15/2005,VRB,FL,ASO,ES,Towers with Radar,0,13,73,0,86,0,0,216,0,216,0,13,289,0,302,445,0,445,747
11/16/2005,VRB,FL,ASO,ES,Towers with Radar,0,6,41,2,49,0,0,187,0,187,0,6,228,2,236,332,0,332,568
11/17/2005,VRB,FL,ASO,ES,Towers with Radar,0,14,71,0,85,0,0,109,0,109,0,14,180,0,194,206,0,206,400
11/18/2005,VRB,FL,ASO,ES,Towers with Radar,0,16,77,0,93,0,0,154,2,156,0,16,231,2,249,160,0,160,409
11/19/2005,VRB,FL,ASO,ES,Towers with Radar,0,16,54,2,72,0,0,59,0,59,0,16,113,2,131,85,0,85,216
11/20/2005,VRB,FL,ASO,ES,Towers with Radar,0,8,43,0,51,0,0,10,0,10,0,8,53,0,61,4,0,4,65
11/21/2005,VRB,FL,ASO,ES,Towers with Radar,0,11,37,0,48,0,0,69,0,69,0,11,106,0,117,147,0,147,264
11/22/2005,VRB,FL,ASO,ES,Towers with Radar,0,21,69,0,90,0,0,168,0,168,0,21,237,0,258,280,0,280,538
11/23/2005,VRB,FL,ASO,ES,Towers with Radar,0,27,69,0,96,0,0,217,0,217,0,27,286,0,313,340,0,340,653
11/24/2005,VRB,FL,ASO,ES,Towers with Radar,0,1,23,0,24,0,0,41,0,41,0,1,64,0,65,16,0,16,81
11/25/2005,VRB,FL,ASO,ES,Towers with Radar,0,13,31,0,44,0,0,125,0,125,0,13,156,0,169,166,0,166,335
11/26/2005,VRB,FL,ASO,ES,Towers with Radar,0,26,47,0,73,0,0,124,0,124,0,26,171,0,197,70,0,70,267
11/27/2005,VRB,FL,ASO,ES,Towers with Radar,0,28,79,0,107,0,0,76,0,76,0,28,155,0,183,4,0,4,187
11/28/2005,VRB,FL,ASO,ES,Towers with Radar,0,15,74,0,89,0,0,127,0,127,0,15,201,0,216,269,0,269,485
11/29/2005,VRB,FL,ASO,ES,Towers with Radar,0,12,67,0,79,0,2,44,0,46,0,14,111,0,125,150,0,150,275
11/30/2005,VRB,FL,ASO,ES,Towers with Radar,0,9,89,2,100,0,0,158,0,158,0,9,247,2,258,242,0,242,500
12/01/2005,VRB,FL,ASO,ES,Towers with Radar,0,14,76,1,91,0,0,216,1,217,0,14,292,2,308,286,0,286,594
12/02/2005,VRB,FL,ASO,ES,Towers with Radar,0,14,68,0,82,0,0,215,0,215,0,14,283,0,297,332,0,332,629
12/03/2005,VRB,FL,ASO,ES,Towers with Radar,0,11,42,0,53,0,2,157,0,159,0,13,199,0,212,180,0,180,392
12/04/2005,VRB,FL,ASO,ES,Towers with Radar,0,11,37,0,48,0,0,108,0,108,0,11,145,0,156,37,0,37,193
12/05/2005,VRB,FL,ASO,ES,Towers with Radar,0,13,61,0,74,0,0,160,0,160,0,13,221,0,234,249,0,249,483
12/06/2005,VRB,FL,ASO,ES,Towers with Radar,0,11,70,0,81,0,0,76,0,76,0,11,146,0,157,145,0,145,302
12/07/2005,VRB,FL,ASO,ES,Towers with Radar,0,14,61,2,77,0,0,141,0,141,0,14,202,2,218,191,0,191,409
12/08/2005,VRB,FL,ASO,ES,Towers with Radar,0,9,50,0,59,0,0,12,0,12,0,9,62,0,71,4,0,4,75
12/09/2005,VRB,FL,ASO,ES,Towers with Radar,0,12,56,0,68,0,0,223,0,223,0,12,279,0,291,277,0,277,568
12/10/2005,VRB,FL,ASO,ES,Towers with Radar,0,11,61,0,72,0,0,127,0,127,0,11,188,0,199,115,0,115,314
12/11/2005,VRB,FL,ASO,ES,Towers with Radar,0,11,36,0,47,0,0,60,0,60,0,11,96,0,107,41,0,41,148
12/12/2005,VRB,FL,ASO,ES,Towers with Radar,0,6,61,0,67,0,0,242,0,242,0,6,303,0,309,337,0,337,646
12/13/2005,VRB,FL,ASO,ES,Towers with Radar,0,11,60,0,71,0,0,247,0,247,0,11,307,0,318,274,0,274,592
12/14/2005,VRB,FL,ASO,ES,Towers with Radar,0,13,76,0,89,0,0,236,0,236,0,13,312,0,325,247,0,247,572
12/15/2005,VRB,FL,ASO,ES,Towers with Radar,0,7,68,0,75,0,0,191,0,191,0,7,259,0,266,249,0,249,515
12/16/2005,VRB,FL,ASO,ES,Towers with Radar,0,11,66,0,77,0,0,153,0,153,0,11,219,0,230,168,0,168,398
12/17/2005,VRB,FL,ASO,ES,Towers with Radar,0,11,61,0,72,0,0,41,0,41,0,11,102,0,113,71,0,71,184
12/18/2005,VRB,FL,ASO,ES,Towers with Radar,0,13,38,0,51,0,0,13,0,13,0,13,51,0,64,22,0,22,86
12/19/2005,VRB,FL,ASO,ES,Towers with Radar,0,10,50,0,60,0,0,9,0,9,0,10,59,0,69,12,0,12,81
12/20/2005,VRB,FL,ASO,ES,Towers with Radar,0,7,52,0,59,0,1,82,0,83,0,8,134,0,142,62,0,62,204
12/21/2005,VRB,FL,ASO,ES,Towers with Radar,0,8,43,0,51,0,0,182,0,182,0,8,225,0,233,213,0,213,446
12/22/2005,VRB,FL,ASO,ES,Towers with Radar,0,15,56,0,71,0,0,144,0,144,0,15,200,0,215,136,0,136,351
12/23/2005,VRB,FL,ASO,ES,Towers with Radar,0,14,51,0,65,0,0,102,0,102,0,14,153,0,167,56,0,56,223
12/24/2005,VRB,FL,ASO,ES,Towers with Radar,0,9,14,0,23,0,0,75,0,75,0,9,89,0,98,22,0,22,120
12/25/2005,VRB,FL,ASO,ES,Towers with Radar,0,11,5,0,16,0,1,8,0,9,0,12,13,0,25,0,0,0,25
12/26/2005,VRB,FL,ASO,ES,Towers with Radar,0,39,61,0,100,0,5,98,0,103,0,44,159,0,203,0,0,0,203
12/27/2005,VRB,FL,ASO,ES,Towers with Radar,0,29,50,0,79,0,0,132,0,132,0,29,182,0,211,54,0,54,265
12/28/2005,VRB,FL,ASO,ES,Towers with Radar,0,20,47,0,67,0,0,147,0,147,0,20,194,0,214,100,0,100,314
12/29/2005,VRB,FL,ASO,ES,Towers with Radar,0,22,29,2,53,0,0,53,0,53,0,22,82,2,106,44,0,44,150
12/30/2005,VRB,FL,ASO,ES,Towers with Radar,0,14,43,0,57,0,0,137,0,137,0,14,180,0,194,95,0,95,289
12/31/2005,VRB,FL,ASO,ES,Towers with Radar,0,14,37,0,51,0,0,71,0,71,0,14,108,0,122,16,0,16,138
01/01/2006,VRB,FL,ASO,ES,Towers with Radar,0,13,33,0,46,0,0,51,0,51,0,13,84,0,97,8,0,8,105
01/02/2006,VRB,FL,ASO,ES,Towers with Radar,0,35,57,0,92,0,3,76,0,79,0,38,133,0,171,5,0,5,176
01/03/2006,VRB,FL,ASO,ES,Towers with Radar,0,14,58,0,72,0,3,38,0,41,0,17,96,0,113,46,0,46,159
01/04/2006,VRB,FL,ASO,ES,Towers with Radar,0,23,42,0,65,0,0,174,0,174,0,23,216,0,239,145,0,145,384
01/05/2006,VRB,FL,ASO,ES,Towers with Radar,0,23,57,0,80,0,0,166,0,166,0,23,223,0,246,203,0,203,449
01/06/2006,VRB,FL,ASO,ES,Towers with Radar,0,15,46,0,61,0,0,162,0,162,0,15,208,0,223,199,0,199,422
01/07/2006,VRB,FL,ASO,ES,Towers with Radar,0,6,46,0,52,0,0,165,0,165,0,6,211,0,217,114,0,114,331
01/08/2006,VRB,FL,ASO,ES,Towers with Radar,0,11,50,0,61,0,2,87,0,89,0,13,137,0,150,35,0,35,185
01/09/2006,VRB,FL,ASO,ES,Towers with Radar,0,6,49,0,55,0,0,215,0,215,0,6,264,0,270,308,0,308,578
01/10/2006,VRB,FL,ASO,ES,Towers with Radar,0,14,48,0,62,0,0,197,0,197,0,14,245,0,259,292,2,294,553
01/11/2006,VRB,FL,ASO,ES,Towers with Radar,0,16,55,0,71,0,0,204,0,204,0,16,259,0,275,279,0,279,554
01/12/2006,VRB,FL,ASO,ES,Towers with Radar,0,15,72,0,87,0,0,223,0,223,0,15,295,0,310,301,0,301,611
01/13/2006,VRB,FL,ASO,ES,Towers with Radar,0,12,45,4,61,0,0,149,0,149,0,12,194,4,210,291,0,291,501
01/14/2006,VRB,FL,ASO,ES,Towers with Radar,0,9,32,0,41,0,0,51,0,51,0,9,83,0,92,0,0,0,92
01/15/2006,VRB,FL,ASO,ES,Towers with Radar,0,12,37,0,49,0,0,83,0,83,0,12,120,0,132,28,0,28,160
01/16/2006,VRB,FL,ASO,ES,Towers with Radar,0,17,69,0,86,0,0,203,0,203,0,17,272,0,289,203,0,203,492
01/17/2006,VRB,FL,ASO,ES,Towers with Radar,0,20,50,2,72,0,0,120,0,120,0,20,170,2,192,109,0,109,301
01/18/2006,VRB,FL,ASO,ES,Towers with Radar,0,7,55,0,62,0,0,111,0,111,0,7,166,0,173,224,0,224,397
01/19/2006,VRB,FL,ASO,ES,Towers with Radar,0,6,47,0,53,0,0,165,0,165,0,6,212,0,218,296,0,296,514
01/20/2006,VRB,FL,ASO,ES,Towers with Radar,0,12,68,0,80,0,0,131,0,131,0,12,199,0,211,310,0,310,521
01/21/2006,VRB,FL,ASO,ES,Towers with Radar,0,10,44,0,54,0,0,131,0,131,0,10,175,0,185,65,0,65,250
01/22/2006,VRB,FL,ASO,ES,Towers with Radar,0,12,32,0,44,0,0,99,0,99,0,12,131,0,143,93,0,93,236
01/23/2006,VRB,FL,ASO,ES,Towers with Radar,0,10,68,0,78,0,0,156,0,156,0,10,224,0,234,268,0,268,502
01/24/2006,VRB,FL,ASO,ES,Towers with Radar,0,8,95,0,103,0,0,142,0,142,0,8,237,0,245,334,0,334,579
01/25/2006,VRB,FL,ASO,ES,Towers with Radar,0,13,58,0,71,0,0,195,0,195,0,13,253,0,266,236,0,236,502
01/26/2006,VRB,FL,ASO,ES,Towers with Radar,0,16,95,0,111,0,0,186,0,186,0,16,281,0,297,181,0,181,478
01/27/2006,VRB,FL,ASO,ES,Towers with Radar,0,10,103,0,113,0,0,219,0,219,0,10,322,0,332,196,0,196,528
01/28/2006,VRB,FL,ASO,ES,Towers with Radar,0,8,65,0,73,0,0,145,0,145,0,8,210,0,218,85,0,85,303
01/29/2006,VRB,FL,ASO,ES,Towers with Radar,0,17,56,0,73,0,0,91,0,91,0,17,147,0,164,26,0,26,190
01/30/2006,VRB,FL,ASO,ES,Towers with Radar,0,12,77,0,89,0,0,128,0,128,0,12,205,0,217,229,0,229,446
01/31/2006,VRB,FL,ASO,ES,Towers with Radar,0,9,80,0,89,0,0,207,0,207,0,9,287,0,296,242,0,242,538
02/01/2006,VRB,FL,ASO,ES,Towers with Radar,0,9,51,0,60,0,0,235,0,235,0,9,286,0,295,273,0,273,568
02/02/2006,VRB,FL,ASO,ES,Towers with Radar,0,14,77,0,91,0,0,184,0,184,0,14,261,0,275,242,0,242,517
02/03/2006,VRB,FL,ASO,ES,Towers with Radar,0,17,44,0,61,0,0,77,0,77,0,17,121,0,138,98,0,98,236
02/04/2006,VRB,FL,ASO,ES,Towers with Radar,0,7,34,0,41,0,0,17,0,17,0,7,51,0,58,0,0,0,58
02/05/2006,VRB,FL,ASO,ES,Towers with Radar,0,18,55,0,73,0,0,90,0,90,0,18,145,0,163,27,0,27,190
02/06/2006,VRB,FL,ASO,ES,Towers with Radar,0,13,70,2,85,0,0,228,1,229,0,13,298,3,314,396,0,396,710
02/07/2006,VRB,FL,ASO,ES,Towers with Radar,0,15,71,0,86,0,0,208,0,208,0,15,279,0,294,201,0,201,495
02/08/2006,VRB,FL,ASO,ES,Towers with Radar,0,12,76,0,88,0,0,227,0,227,0,12,303,0,315,184,0,184,499
02/09/2006,VRB,FL,ASO,ES,Towers with Radar,0,13,89,0,102,0,0,203,0,203,0,13,292,0,305,326,0,326,631
02/10/2006,VRB,FL,ASO,ES,Towers with Radar,0,23,61,2,86,0,0,249,0,249,0,23,310,2,335,231,4,235,570
02/11/2006,VRB,FL,ASO,ES,Towers with Radar,0,12,33,0,45,0,0,171,0,171,0,12,204,0,216,73,0,73,289
02/12/2006,VRB,FL,ASO,ES,Towers with Radar,0,13,30,3,46,0,0,53,0,53,0,13,83,3,99,37,0,37,136
02/13/2006,VRB,FL,ASO,ES,Towers with Radar,0,15,83,2,100,0,0,188,1,189,0,15,271,3,289,271,4,275,564
02/14/2006,VRB,FL,ASO,ES,Towers with Radar,0,8,47,0,55,0,0,217,0,217,0,8,264,0,272,360,0,360,632
02/15/2006,VRB,FL,ASO,ES,Towers with Radar,0,11,50,0,61,0,0,209,0,209,0,11,259,0,270,293,0,293,563
02/16/2006,VRB,FL,ASO,ES,Towers with Radar,0,25,78,0,103,0,0,198,0,198,0,25,276,0,301,272,0,272,573
02/17/2006,VRB,FL,ASO,ES,Towers with Radar,0,21,62,0,83,0,0,230,0,230,0,21,292,0,313,286,0,286,599
02/18/2006,VRB,FL,ASO,ES,Towers with Radar,0,17,45,0,62,0,0,131,0,131,0,17,176,0,193,82,0,82,275
02/19/2006,VRB,FL,ASO,ES,Towers with Radar,0,16,64,0,80,0,0,60,0,60,0,16,124,0,140,30,0,30,170
02/20/2006,VRB,FL,ASO,ES,Towers with Radar,0,30,95,0,125,0,0,146,0,146,0,30,241,0,271,114,0,114,385
02/21/2006,VRB,FL,ASO,ES,Towers with Radar,0,20,93,0,113,0,0,195,0,195,0,20,288,0,308,338,0,338,646
02/22/2006,VRB,FL,ASO,ES,Towers with Radar,0,18,72,0,90,0,0,186,0,186,0,18,258,0,276,315,0,315,591
02/23/2006,VRB,FL,ASO,ES,Towers with Radar,0,15,111,0,126,0,0,167,0,167,0,15,278,0,293,176,0,176,469
02/24/2006,VRB,FL,ASO,ES,Towers with Radar,0,14,95,0,109,0,0,92,0,92,0,14,187,0,201,73,0,73,274
02/25/2006,VRB,FL,ASO,ES,Towers with Radar,0,6,45,0,51,0,0,40,0,40,0,6,85,0,91,24,0,24,115
02/26/2006,VRB,FL,ASO,ES,Towers with Radar,0,14,43,0,57,0,0,6,0,6,0,14,49,0,63,0,0,0,63
02/27/2006,VRB,FL,ASO,ES,Towers with Radar,0,11,52,0,63,0,0,260,0,260,0,11,312,0,323,268,0,268,591
02/28/2006,VRB,FL,ASO,ES,Towers with Radar,0,12,55,0,67,0,0,221,0,221,0,12,276,0,288,288,0,288,576
03/01/2006,VRB,FL,ASO,ES,Towers with Radar,0,24,57,0,81,0,0,251,0,251,0,24,308,0,332,252,0,252,584
03/02/2006,VRB,FL,ASO,ES,Towers with Radar,0,15,72,0,87,0,0,211,0,211,0,15,283,0,298,193,0,193,491
03/03/2006,VRB,FL,ASO,ES,Towers with Radar,0,23,99,0,122,0,0,147,0,147,0,23,246,0,269,204,0,204,473
03/04/2006,VRB,FL,ASO,ES,Towers with Radar,0,13,49,0,62,0,2,175,0,177,0,15,224,0,239,83,0,83,322
03/05/2006,VRB,FL,ASO,ES,Towers with Radar,0,14,61,0,75,0,0,119,0,119,0,14,180,0,194,111,0,111,305
03/06/2006,VRB,FL,ASO,ES,Towers with Radar,0,19,74,1,94,0,0,190,1,191,0,19,264,2,285,208,0,208,493
03/07/2006,VRB,FL,ASO,ES,Towers with Radar,0,12,61,0,73,0,0,134,0,134,0,12,195,0,207,170,0,170,377
03/08/2006,VRB,FL,ASO,ES,Towers with Radar,0,11,97,0,108,0,0,242,0,242,0,11,339,0,350,256,0,256,606
03/09/2006,VRB,FL,ASO,ES,Towers with Radar,0,13,82,0,95,0,0,200,0,200,0,13,282,0,295,174,0,174,469
03/10/2006,VRB,FL,ASO,ES,Towers with Radar,0,15,70,0,85,0,0,160,0,160,0,15,230,0,245,144,0,144,389
03/11/2006,VRB,FL,ASO,ES,Towers with Radar,0,25,50,0,75,0,0,115,0,115,0,25,165,0,190,79,0,79,269
03/12/2006,VRB,FL,ASO,ES,Towers with Radar,0,27,44,0,71,0,0,87,0,87,0,27,131,0,158,31,0,31,189
03/13/2006,VRB,FL,ASO,ES,Towers with Radar,0,24,55,0,79,0,0,186,0,186,0,24,241,0,265,153,0,153,418
03/14/2006,VRB,FL,ASO,ES,Towers with Radar,0,13,60,0,73,0,0,197,1,198,0,13,257,1,271,244,0,244,515
03/15/2006,VRB,FL,ASO,ES,Towers with Radar,0,21,69,0,90,0,0,203,0,203,0,21,272,0,293,170,0,170,463
03/16/2006,VRB,FL,ASO,ES,Towers with Radar,0,20,69,0,89,0,0,200,0,200,0,20,269,0,289,293,0,293,582
03/17/2006,VRB,FL,ASO,ES,Towers with Radar,0,23,99,0,122,0,0,187,0,187,0,23,286,0,309,203,0,203,512
03/18/2006,VRB,FL,ASO,ES,Towers with Radar,0,20,56,0,76,0,0,139,0,139,0,20,195,0,215,52,0,52,267
03/19/2006,VRB,FL,ASO,ES,Towers with Radar,0,23,66,0,89,0,1,117,0,118,0,24,183,0,207,44,0,44,251
03/20/2006,VRB,FL,ASO,ES,Towers with Radar,0,20,70,0,90,0,0,184,0,184,0,20,254,0,274,240,0,240,514
03/21/2006,VRB,FL,ASO,ES,Towers with Radar,0,17,67,0,84,0,0,158,0,158,0,17,225,0,242,167,0,167,409
03/22/2006,VRB,FL,ASO,ES,Towers with Radar,0,12,85,0,97,0,0,239,0,239,0,12,324,0,336,209,0,209,545
03/23/2006,VRB,FL,ASO,ES,Towers with Radar,0,12,91,1,104,0,2,114,1,117,0,14,205,2,221,221,0,221,442
03/24/2006,VRB,FL,ASO,ES,Towers with Radar,0,14,91,2,107,0,0,181,4,185,0,14,272,6,292,170,4,174,466
03/25/2006,VRB,FL,ASO,ES,Towers with Radar,0,24,46,0,70,0,0,136,2,138,0,24,182,2,208,86,12,98,306
03/26/2006,VRB,FL,ASO,ES,Towers with Radar,0,23,67,2,92,0,0,114,4,118,0,23,181,6,210,39,3,42,252
03/27/2006,VRB,FL,ASO,ES,Towers with Radar,0,22,60,2,84,0,2,233,0,235,0,24,293,2,319,175,0,175,494
03/28/2006,VRB,FL,ASO,ES,Towers with Radar,0,14,77,1,92,0,0,185,1,186,0,14,262,2,278,250,4,254,532
03/29/2006,VRB,FL,ASO,ES,Towers with Radar,0,20,67,0,87,0,0,248,0,248,0,20,315,0,335,336,0,336,671
03/30/2006,VRB,FL,ASO,ES,Towers with Radar,0,18,56,0,74,0,0,225,0,225,0,18,281,0,299,285,0,285,584
03/31/2006,VRB,FL,ASO,ES,Towers with Radar,0,25,75,0,100,0,8,190,0,198,0,33,265,0,298,253,0,253,551
04/01/2006,VRB,FL,ASO,ES,Towers with Radar,0,17,55,0,72,0,0,113,0,113,0,17,168,0,185,34,0,34,219
04/02/2006,VRB,FL,ASO,ES,Towers with Radar,0,12,64,0,76,0,0,76,0,76,0,12,140,0,152,31,0,31,183
04/03/2006,VRB,FL,ASO,ES,Towers with Radar,0,3,51,0,54,0,6,171,0,177,0,9,222,0,231,232,0,232,463
04/04/2006,VRB,FL,ASO,ES,Towers with Radar,0,9,80,0,89,0,0,93,0,93,0,9,173,0,182,168,0,168,350
04/05/2006,VRB,FL,ASO,ES,Towers with Radar,0,11,61,0,72,0,0,250,0,250,0,11,311,0,322,162,0,162,484
04/06/2006,VRB,FL,ASO,ES,Towers with Radar,0,18,66,0,84,0,0,184,0,184,0,18,250,0,268,188,0,188,456
04/07/2006,VRB,FL,ASO,ES,Towers with Radar,0,20,48,1,69,0,0,174,1,175,0,20,222,2,244,196,0,196,440
04/08/2006,VRB,FL,ASO,ES,Towers with Radar,0,14,36,0,50,0,0,100,0,100,0,14,136,0,150,9,0,9,159
04/09/2006,VRB,FL,ASO,ES,Towers with Radar,0,12,59,0,71,0,0,35,0,35,0,12,94,0,106,8,0,8,114
04/10/2006,VRB,FL,ASO,ES,Towers with Radar,0,12,48,0,60,0,0,110,2,112,0,12,158,2,172,111,0,111,283
04/11/2006,VRB,FL,ASO,ES,Towers with Radar,0,10,61,2,73,0,2,136,0,138,0,12,197,2,211,136,0,136,347
04/12/2006,VRB,FL,ASO,ES,Towers with Radar,0,13,87,0,100,0,0,116,0,116,0,13,203,0,216,127,0,127,343
04/13/2006,VRB,FL,ASO,ES,Towers with Radar,0,29,99,0,128,0,0,205,0,205,0,29,304,0,333,104,0,104,437
04/14/2006,VRB,FL,ASO,ES,Towers with Radar,0,18,42,0,60,0,0,214,0,214,0,18,256,0,274,190,0,190,464
04/15/2006,VRB,FL,ASO,ES,Towers with Radar,0,4,47,0,51,0,0,162,0,162,0,4,209,0,213,63,0,63,276
04/16/2006,VRB,FL,ASO,ES,Towers with Radar,0,21,40,0,61,0,0,95,0,95,0,21,135,0,156,10,0,10,166
04/17/2006,VRB,FL,ASO,ES,Towers with Radar,0,31,91,0,122,0,0,198,0,198,0,31,289,0,320,179,0,179,499
04/18/2006,VRB,FL,ASO,ES,Towers with Radar,0,17,70,0,87,0,0,154,0,154,0,17,224,0,241,151,0,151,392
04/19/2006,VRB,FL,ASO,ES,Towers with Radar,0,28,78,0,106,0,0,185,0,185,0,28,263,0,291,233,0,233,524
04/20/2006,VRB,FL,ASO,ES,Towers with Radar,0,13,55,0,68,0,0,198,0,198,0,13,253,0,266,164,0,164,430
04/21/2006,VRB,FL,ASO,ES,Towers with Radar,0,20,64,0,84,0,0,140,0,140,0,20,204,0,224,146,0,146,370
04/22/2006,VRB,FL,ASO,ES,Towers with Radar,0,13,33,0,46,0,0,82,0,82,0,13,115,0,128,41,0,41,169
04/23/2006,VRB,FL,ASO,ES,Towers with Radar,0,14,53,0,67,0,0,80,0,80,0,14,133,0,147,32,0,32,179
04/24/2006,VRB,FL,ASO,ES,Towers with Radar,0,3,47,0,50,0,0,170,0,170,0,3,217,0,220,180,0,180,400
04/25/2006,VRB,FL,ASO,ES,Towers with Radar,0,14,60,0,74,0,1,153,0,154,0,15,213,0,228,161,0,161,389
04/26/2006,VRB,FL,ASO,ES,Towers with Radar,0,17,57,0,74,0,1,157,0,158,0,18,214,0,232,167,0,167,399
04/27/2006,VRB,FL,ASO,ES,Towers with Radar,0,20,63,0,83,0,0,147,0,147,0,20,210,0,230,178,0,178,408
04/28/2006,VRB,FL,ASO,ES,Towers with Radar,0,13,53,2,68,0,0,172,0,172,0,13,225,2,240,132,0,132,372
04/29/2006,VRB,FL,ASO,ES,Towers with Radar,0,9,31,4,44,0,0,84,0,84,0,9,115,4,128,69,0,69,197
04/30/2006,VRB,FL,ASO,ES,Towers with Radar,0,14,31,0,45,0,0,69,0,69,0,14,100,0,114,31,0,31,145
05/01/2006,VRB,FL,ASO,ES,Towers with Radar,0,14,54,0,68,0,0,193,0,193,0,14,247,0,261,203,0,203,464
05/02/2006,VRB,FL,ASO,ES,Towers with Radar,0,13,56,0,69,0,0,155,0,155,0,13,211,0,224,126,0,126,350
05/03/2006,VRB,FL,ASO,ES,Towers with Radar,0,12,53,0,65,0,0,195,0,195,0,12,248,0,260,228,0,228,488
05/04/2006,VRB,FL,ASO,ES,Towers with Radar,0,12,49,0,61,0,0,219,0,219,0,12,268,0,280,178,0,178,458
05/05/2006,VRB,FL,ASO,ES,Towers with Radar,0,8,56,0,64,0,0,165,0,165,0,8,221,0,229,200,0,200,429
05/06/2006,VRB,FL,ASO,ES,Towers with Radar,0,3,37,0,40,0,0,85,0,85,0,3,122,0,125,52,0,52,177
05/07/2006,VRB,FL,ASO,ES,Towers with Radar,0,5,36,0,41,0,1,76,0,77,0,6,112,0,118,35,0,35,153
05/08/2006,VRB,FL,ASO,ES,Towers with Radar,0,7,74,0,81,0,0,125,0,125,0,7,199,0,206,131,0,131,337
05/09/2006,VRB,FL,ASO,ES,Towers with Radar,0,10,59,0,69,0,0,113,0,113,0,10,172,0,182,150,0,150,332
05/10/2006,VRB,FL,ASO,ES,Towers with Radar,0,6,94,0,100,0,0,169,0,169,0,6,263,0,269,222,0,222,491
05/11/2006,VRB,FL,ASO,ES,Towers with Radar,0,12,82,0,94,0,0,160,0,160,0,12,242,0,254,197,0,197,451
05/12/2006,VRB,FL,ASO,ES,Towers with Radar,0,14,79,0,93,0,1,160,0,161,0,15,239,0,254,112,0,112,366
05/13/2006,VRB,FL,ASO,ES,Towers with Radar,0,4,33,0,37,0,0,107,0,107,0,4,140,0,144,59,0,59,203
05/14/2006,VRB,FL,ASO,ES,Towers with Radar,0,9,30,0,39,0,0,93,0,93,0,9,123,0,132,20,0,20,152
05/15/2006,VRB,FL,ASO,ES,Towers with Radar,0,15,59,0,74,0,0,141,0,141,0,15,200,0,215,197,0,197,412
05/16/2006,VRB,FL,ASO,ES,Towers with Radar,0,15,70,0,85,0,0,48,0,48,0,15,118,0,133,104,0,104,237
05/17/2006,VRB,FL,ASO,ES,Towers with Radar,0,14,66,0,80,0,0,162,0,162,0,14,228,0,242,151,0,151,393
05/18/2006,VRB,FL,ASO,ES,Towers with Radar,0,17,85,0,102,0,0,205,0,205,0,17,290,0,307,205,0,205,512
05/19/2006,VRB,FL,ASO,ES,Towers with Radar,0,9,44,0,53,0,0,168,0,168,0,9,212,0,221,131,0,131,352
05/20/2006,VRB,FL,ASO,ES,Towers with Radar,0,8,31,0,39,0,2,91,0,93,0,10,122,0,132,86,0,86,218
05/21/2006,VRB,FL,ASO,ES,Towers with Radar,0,12,31,0,43,0,0,84,0,84,0,12,115,0,127,2,0,2,129
05/22/2006,VRB,FL,ASO,ES,Towers with Radar,0,12,77,0,89,0,1,165,0,166,0,13,242,0,255,224,0,224,479
05/23/2006,VRB,FL,ASO,ES,Towers with Radar,0,10,76,0,86,0,0,186,0,186,0,10,262,0,272,176,0,176,448
05/24/2006,VRB,FL,ASO,ES,Towers with Radar,0,12,75,0,87,0,0,169,0,169,0,12,244,0,256,218,0,218,474
05/25/2006,VRB,FL,ASO,ES,Towers with Radar,0,20,79,0,99,0,0,164,0,164,0,20,243,0,263,172,0,172,435
05/26/2006,VRB,FL,ASO,ES,Towers with Radar,0,11,63,2,76,0,0,138,0,138,0,11,201,2,214,72,0,72,286
05/27/2006,VRB,FL,ASO,ES,Towers with Radar,0,2,44,0,46,0,0,84,0,84,0,2,128,0,130,45,0,45,175
05/28/2006,VRB,FL,ASO,ES,Towers with Radar,0,3,39,0,42,0,0,77,0,77,0,3,116,0,119,62,0,62,181
05/29/2006,VRB,FL,ASO,ES,Towers with Radar,0,12,38,0,50,0,0,69,0,69,0,12,107,0,119,11,0,11,130
05/30/2006,VRB,FL,ASO,ES,Towers with Radar,0,15,63,0,78,0,0,133,0,133,0,15,196,0,211,108,0,108,319
05/31/2006,VRB,FL,ASO,ES,Towers with Radar,0,8,64,0,72,0,0,163,0,163,0,8,227,0,235,205,0,205,440
06/01/2006,VRB,FL,ASO,ES,Towers with Radar,0,10,59,0,69,0,0,98,0,98,0,10,157,0,167,70,0,70,237
06/02/2006,VRB,FL,ASO,ES,Towers with Radar,0,10,43,0,53,0,0,167,0,167,0,10,210,0,220,218,0,218,438
06/03/2006,VRB,FL,ASO,ES,Towers with Radar,0,6,37,0,43,0,0,138,0,138,0,6,175,0,181,47,0,47,228
06/04/2006,VRB,FL,ASO,ES,Towers with Radar,0,13,40,0,53,0,0,72,0,72,0,13,112,0,125,56,0,56,181
06/05/2006,VRB,FL,ASO,ES,Towers with Radar,0,7,76,0,83,0,0,144,0,144,0,7,220,0,227,157,0,157,384
06/06/2006,VRB,FL,ASO,ES,Towers with Radar,0,12,83,0,95,0,2,206,0,208,0,14,289,0,303,218,0,218,521
06/07/2006,VRB,FL,ASO,ES,Towers with Radar,0,9,84,0,93,0,0,193,0,193,0,9,277,0,286,204,0,204,490
06/08/2006,VRB,FL,ASO,ES,Towers with Radar,0,12,77,0,89,0,0,193,0,193,0,12,270,0,282,217,0,217,499
06/09/2006,VRB,FL,ASO,ES,Towers with Radar,0,8,57,0,65,0,0,192,0,192,0,8,249,0,257,180,0,180,437
06/10/2006,VRB,FL,ASO,ES,Towers with Radar,0,3,37,0,40,0,0,83,0,83,0,3,120,0,123,15,0,15,138
06/11/2006,VRB,FL,ASO,ES,Towers with Radar,0,0,40,0,40,0,0,19,0,19,0,0,59,0,59,39,0,39,98
06/12/2006,VRB,FL,ASO,ES,Towers with Radar,0,7,46,0,53,0,1,34,0,35,0,8,80,0,88,78,0,78,166
06/13/2006,VRB,FL,ASO,ES,Towers with Radar,0,4,29,0,33,0,0,42,0,42,0,4,71,0,75,88,0,88,163
06/14/2006,VRB,FL,ASO,ES,Towers with Radar,0,6,93,0,99,0,0,150,0,150,0,6,243,0,249,192,0,192,441
06/15/2006,VRB,FL,ASO,ES,Towers with Radar,0,8,92,0,100,0,0,204,0,204,0,8,296,0,304,180,0,180,484
06/16/2006,VRB,FL,ASO,ES,Towers with Radar,0,6,61,0,67,0,1,153,0,154,0,7,214,0,221,120,0,120,341
06/17/2006,VRB,FL,ASO,ES,Towers with Radar,0,4,32,0,36,0,0,99,0,99,0,4,131,0,135,41,0,41,176
06/18/2006,VRB,FL,ASO,ES,Towers with Radar,0,4,17,0,21,0,0,20,0,20,0,4,37,0,41,7,0,7,48
06/19/2006,VRB,FL,ASO,ES,Towers with Radar,0,5,67,0,72,0,0,149,0,149,0,5,216,0,221,222,0,222,443
06/20/2006,VRB,FL,ASO,ES,Towers with Radar,0,9,68,0,77,0,0,183,0,183,0,9,251,0,260,188,0,188,448
06/21/2006,VRB,FL,ASO,ES,Towers with Radar,0,6,70,0,76,0,0,209,0,209,0,6,279,0,285,181,0,181,466
06/22/2006,VRB,FL,ASO,ES,Towers with Radar,0,6,68,0,74,0,0,117,0,117,0,6,185,0,191,153,0,153,344
06/23/2006,VRB,FL,ASO,ES,Towers with Radar,0,4,73,0,77,0,0,179,0,179,0,4,252,0,256,107,0,107,363
06/24/2006,VRB,FL,ASO,ES,Towers with Radar,0,3,17,0,20,0,0,63,0,63,0,3,80,0,83,36,0,36,119
06/25/2006,VRB,FL,ASO,ES,Towers with Radar,0,2,30,0,32,0,0,46,0,46,0,2,76,0,78,65,0,65,143
06/26/2006,VRB,FL,ASO,ES,Towers with Radar,0,2,62,0,64,0,0,90,0,90,0,2,152,0,154,86,0,86,240
06/27/2006,VRB,FL,ASO,ES,Towers with Radar,0,5,49,0,54,0,0,150,1,151,0,5,199,1,205,160,0,160,365
06/28/2006,VRB,FL,ASO,ES,Towers with Radar,0,5,64,0,69,0,0,178,0,178,0,5,242,0,247,260,0,260,507
06/29/2006,VRB,FL,ASO,ES,Towers with Radar,0,12,56,2,70,0,0,192,0,192,0,12,248,2,262,222,0,222,484
06/30/2006,VRB,FL,ASO,ES,Towers with Radar,0,12,64,0,76,0,0,162,0,162,0,12,226,0,238,155,0,155,393
07/01/2006,VRB,FL,ASO,ES,Towers with Radar,0,6,27,0,33,0,0,71,0,71,0,6,98,0,104,90,0,90,194
07/02/2006,VRB,FL,ASO,ES,Towers with Radar,0,1,19,0,20,0,0,12,6,18,0,1,31,6,38,0,0,0,38
07/03/2006,VRB,FL,ASO,ES,Towers with Radar,0,2,21,0,23,0,0,106,0,106,0,2,127,0,129,14,0,14,143
07/04/2006,VRB,FL,ASO,ES,Towers with Radar,0,4,21,0,25,0,0,50,0,50,0,4,71,0,75,30,0,30,105
07/05/2006,VRB,FL,ASO,ES,Towers with Radar,0,5,47,0,52,0,0,93,0,93,0,5,140,0,145,97,0,97,242
07/06/2006,VRB,FL,ASO,ES,Towers with Radar,0,4,35,0,39,0,0,137,0,137,0,4,172,0,176,151,0,151,327
07/07/2006,VRB,FL,ASO,ES,Towers with Radar,0,5,44,0,49,0,0,118,0,118,0,5,162,0,167,128,0,128,295
07/08/2006,VRB,FL,ASO,ES,Towers with Radar,0,6,42,0,48,0,0,57,0,57,0,6,99,0,105,13,0,13,118
07/09/2006,VRB,FL,ASO,ES,Towers with Radar,0,2,26,0,28,0,1,68,0,69,0,3,94,0,97,14,0,14,111
07/10/2006,VRB,FL,ASO,ES,Towers with Radar,0,2,40,0,42,0,0,167,0,167,0,2,207,0,209,159,0,159,368
07/11/2006,VRB,FL,ASO,ES,Towers with Radar,0,7,32,0,39,0,0,105,2,107,0,7,137,2,146,173,0,173,319
07/12/2006,VRB,FL,ASO,ES,Towers with Radar,0,6,66,0,72,0,0,93,0,93,0,6,159,0,165,150,0,150,315
07/13/2006,VRB,FL,ASO,ES,Towers with Radar,0,5,59,6,70,0,0,205,0,205,0,5,264,6,275,165,4,169,444
07/14/2006,VRB,FL,ASO,ES,Towers with Radar,0,3,50,0,53,0,0,171,0,171,0,3,221,0,224,141,0,141,365
07/15/2006,VRB,FL,ASO,ES,Towers with Radar,0,3,22,0,25,0,0,93,0,93,0,3,115,0,118,12,0,12,130
07/16/2006,VRB,FL,ASO,ES,Towers with Radar,0,4,20,0,24,0,0,85,0,85,0,4,105,0,109,15,0,15,124
07/17/2006,VRB,FL,ASO,ES,Towers with Radar,0,4,43,0,47,0,0,141,0,141,0,4,184,0,188,207,0,207,395
07/18/2006,VRB,FL,ASO,ES,Towers with Radar,0,6,35,0,41,0,0,155,0,155,0,6,190,0,196,294,0,294,490
07/19/2006,VRB,FL,ASO,ES,Towers with Radar,0,6,49,0,55,0,0,174,0,174,0,6,223,0,229,221,0,221,450
07/20/2006,VRB,FL,ASO,ES,Towers with Radar,0,7,43,0,50,0,0,119,0,119,0,7,162,0,169,119,0,119,288
07/21/2006,VRB,FL,ASO,ES,Towers with Radar,0,7,48,0,55,0,0,94,0,94,0,7,142,0,149,135,0,135,284
07/22/2006,VRB,FL,ASO,ES,Towers with Radar,0,3,27,0,30,0,0,60,0,60,0,3,87,0,90,66,0,66,156
07/23/2006,VRB,FL,ASO,ES,Towers with Radar,0,0,26,0,26,0,0,51,0,51,0,0,77,0,77,28,0,28,105
07/24/2006,VRB,FL,ASO,ES,Towers with Radar,0,7,45,0,52,0,0,151,0,151,0,7,196,0,203,188,0,188,391
07/25/2006,VRB,FL,ASO,ES,Towers with Radar,0,6,56,0,62,0,0,189,0,189,0,6,245,0,251,296,0,296,547
07/26/2006,VRB,FL,ASO,ES,Towers with Radar,0,7,54,0,61,0,0,171,0,171,0,7,225,0,232,217,0,217,449
07/27/2006,VRB,FL,ASO,ES,Towers with Radar,0,9,74,0,83,0,0,111,0,111,0,9,185,0,194,206,0,206,400
07/28/2006,VRB,FL,ASO,ES,Towers with Radar,0,5,66,0,71,0,0,133,0,133,0,5,199,0,204,119,0,119,323
07/29/2006,VRB,FL,ASO,ES,Towers with Radar,0,3,31,0,34,0,0,81,0,81,0,3,112,0,115,66,0,66,181
07/30/2006,VRB,FL,ASO,ES,Towers with Radar,0,0,18,0,18,0,0,61,0,61,0,0,79,0,79,40,0,40,119
07/31/2006,VRB,FL,ASO,ES,Towers with Radar,0,4,47,2,53,0,0,147,0,147,0,4,194,2,200,188,0,188,388
08/01/2006,VRB,FL,ASO,ES,Towers with Radar,0,11,35,0,46,0,0,179,0,179,0,11,214,0,225,251,0,251,476
08/02/2006,VRB,FL,ASO,ES,Towers with Radar,0,9,59,0,68,0,0,202,0,202,0,9,261,0,270,170,0,170,440
08/03/2006,VRB,FL,ASO,ES,Towers with Radar,0,6,58,0,64,0,0,165,0,165,0,6,223,0,229,168,0,168,397
08/04/2006,VRB,FL,ASO,ES,Towers with Radar,0,7,63,0,70,0,0,192,0,192,0,7,255,0,262,163,0,163,425
08/05/2006,VRB,FL,ASO,ES,Towers with Radar,0,3,37,0,40,0,0,102,0,102,0,3,139,0,142,108,0,108,250
08/06/2006,VRB,FL,ASO,ES,Towers with Radar,0,7,37,0,44,0,0,82,0,82,0,7,119,0,126,36,0,36,162
08/07/2006,VRB,FL,ASO,ES,Towers with Radar,0,3,42,0,45,0,0,163,0,163,0,3,205,0,208,231,0,231,439
08/08/2006,VRB,FL,ASO,ES,Towers with Radar,0,4,53,2,59,0,0,172,2,174,0,4,225,4,233,249,0,249,482
08/09/2006,VRB,FL,ASO,ES,Towers with Radar,0,4,65,0,69,0,0,199,0,199,0,4,264,0,268,195,0,195,463
08/10/2006,VRB,FL,ASO,ES,Towers with Radar,0,6,71,0,77,0,0,182,3,185,0,6,253,3,262,171,0,171,433
08/11/2006,VRB,FL,ASO,ES,Towers with Radar,0,6,50,2,58,0,0,193,0,193,0,6,243,2,251,225,0,225,476
08/12/2006,VRB,FL,ASO,ES,Towers with Radar,0,4,18,0,22,0,0,107,0,107,0,4,125,0,129,105,0,105,234
08/13/2006,VRB,FL,ASO,ES,Towers with Radar,0,7,24,0,31,0,0,111,0,111,0,7,135,0,142,39,0,39,181
08/14/2006,VRB,FL,ASO,ES,Towers with Radar,0,2,50,1,53,0,0,114,1,115,0,2,164,2,168,273,0,273,441
08/15/2006,VRB,FL,ASO,ES,Towers with Radar,0,7,48,0,55,0,0,226,0,226,0,7,274,0,281,330,0,330,611
08/16/2006,VRB,FL,ASO,ES,Towers with Radar,0,8,45,0,53,0,0,181,0,181,0,8,226,0,234,281,0,281,515
08/17/2006,VRB,FL,ASO,ES,Towers with Radar,0,7,52,0,59,0,0,185,0,185,0,7,237,0,244,273,0,273,517
08/18/2006,VRB,FL,ASO,ES,Towers with Radar,0,4,57,0,61,0,0,202,0,202,0,4,259,0,263,233,0,233,496
08/19/2006,VRB,FL,ASO,ES,Towers with Radar,0,5,22,0,27,0,0,95,0,95,0,5,117,0,122,112,0,112,234
08/20/2006,VRB,FL,ASO,ES,Towers with Radar,0,6,21,0,27,0,0,75,0,75,0,6,96,0,102,68,0,68,170
08/21/2006,VRB,FL,ASO,ES,Towers with Radar,0,7,34,0,41,0,0,169,3,172,0,7,203,3,213,283,0,283,496
08/22/2006,VRB,FL,ASO,ES,Towers with Radar,0,9,67,0,76,0,0,157,0,157,0,9,224,0,233,323,0,323,556
08/23/2006,VRB,FL,ASO,ES,Towers with Radar,0,7,44,0,51,0,0,187,0,187,0,7,231,0,238,249,0,249,487
08/24/2006,VRB,FL,ASO,ES,Towers with Radar,0,4,32,2,38,0,0,151,0,151,0,4,183,2,189,163,0,163,352
08/25/2006,VRB,FL,ASO,ES,Towers with Radar,0,7,55,0,62,0,0,135,0,135,0,7,190,0,197,191,0,191,388
08/26/2006,VRB,FL,ASO,ES,Towers with Radar,0,9,31,1,41,0,0,123,1,124,0,9,154,2,165,109,0,109,274
08/27/2006,VRB,FL,ASO,ES,Towers with Radar,0,1,26,0,27,0,0,106,0,106,0,1,132,0,133,62,0,62,195
08/28/2006,VRB,FL,ASO,ES,Towers with Radar,0,2,38,0,40,0,0,167,0,167,0,2,205,0,207,287,0,287,494
08/29/2006,VRB,FL,ASO,ES,Towers with Radar,0,8,25,0,33,0,0,108,0,108,0,8,133,0,141,52,0,52,193
08/30/2006,VRB,FL,ASO,ES,Towers with Radar,0,0,0,0,0,0,0,0,0,0,0,0,0,0,0,0,0,0,0
08/31/2006,VRB,FL,ASO,ES,Towers with Radar,0,5,32,0,37,0,0,118,0,118,0,5,150,0,155,113,0,113,268
09/01/2006,VRB,FL,ASO,ES,Towers with Radar,0,8,38,0,46,0,0,143,0,143,0,8,181,0,189,142,0,142,331
09/02/2006,VRB,FL,ASO,ES,Towers with Radar,0,2,33,0,35,0,0,116,0,116,0,2,149,0,151,111,0,111,262
09/03/2006,VRB,FL,ASO,ES,Towers with Radar,0,0,14,0,14,0,0,51,0,51,0,0,65,0,65,29,0,29,94
09/04/2006,VRB,FL,ASO,ES,Towers with Radar,0,4,23,0,27,0,1,58,0,59,0,5,81,0,86,28,0,28,114
09/05/2006,VRB,FL,ASO,ES,Towers with Radar,0,6,30,0,36,0,0,128,0,128,0,6,158,0,164,176,0,176,340
09/06/2006,VRB,FL,ASO,ES,Towers with Radar,0,8,54,0,62,0,0,157,2,159,0,8,211,2,221,149,0,149,370
09/07/2006,VRB,FL,ASO,ES,Towers with Radar,0,12,57,0,69,0,1,173,0,174,0,13,230,0,243,210,0,210,453
09/08/2006,VRB,FL,ASO,ES,Towers with Radar,0,14,66,0,80,0,2,186,0,188,0,16,252,0,268,111,0,111,379
09/09/2006,VRB,FL,ASO,ES,Towers with Radar,0,4,21,0,25,0,0,120,0,120,0,4,141,0,145,100,0,100,245
09/10/2006,VRB,FL,ASO,ES,Towers with Radar,0,6,34,0,40,0,0,73,0,73,0,6,107,0,113,33,0,33,146
09/11/2006,VRB,FL,ASO,ES,Towers with Radar,0,6,48,0,54,0,0,165,0,165,0,6,213,0,219,180,0,180,399
09/12/2006,VRB,FL,ASO,ES,Towers with Radar,0,4,58,0,62,0,0,176,1,177,0,4,234,1,239,235,0,235,474
09/13/2006,VRB,FL,ASO,ES,Towers with Radar,0,4,54,0,58,0,0,192,0,192,0,4,246,0,250,268,0,268,518
09/14/2006,VRB,FL,ASO,ES,Towers with Radar,0,9,65,0,74,0,0,123,0,123,0,9,188,0,197,178,0,178,375
09/15/2006,VRB,FL,ASO,ES,Towers with Radar,0,5,43,0,48,0,0,170,0,170,0,5,213,0,218,156,0,156,374
09/16/2006,VRB,FL,ASO,ES,Towers with Radar,0,3,41,0,44,0,0,138,0,138,0,3,179,0,182,92,0,92,274
09/17/2006,VRB,FL,ASO,ES,Towers with Radar,0,1,28,0,29,0,0,84,0,84,0,1,112,0,113,19,0,19,132
09/18/2006,VRB,FL,ASO,ES,Towers with Radar,0,4,59,0,63,0,0,150,0,150,0,4,209,0,213,312,0,312,525
09/19/2006,VRB,FL,ASO,ES,Towers with Radar,0,6,59,0,65,0,0,145,0,145,0,6,204,0,210,233,0,233,443
09/20/2006,VRB,FL,ASO,ES,Towers with Radar,0,5,60,0,65,0,0,178,0,178,0,5,238,0,243,264,0,264,507
09/21/2006,VRB,FL,ASO,ES,Towers with Radar,0,12,71,0,83,0,0,211,0,211,0,12,282,0,294,320,0,320,614
09/22/2006,VRB,FL,ASO,ES,Towers with Radar,0,5,78,0,83,0,0,208,0,208,0,5,286,0,291,188,0,188,479
09/23/2006,VRB,FL,ASO,ES,Towers with Radar,0,2,41,0,43,0,0,125,0,125,0,2,166,0,168,100,0,100,268
09/24/2006,VRB,FL,ASO,ES,Towers with Radar,0,5,21,0,26,0,0,52,0,52,0,5,73,0,78,41,0,41,119
09/25/2006,VRB,FL,ASO,ES,Towers with Radar,0,2,78,0,80,0,0,199,0,199,0,2,277,0,279,253,0,253,532
09/26/2006,VRB,FL,ASO,ES,Towers with Radar,0,7,69,0,76,0,0,161,0,161,0,7,230,0,237,232,0,232,469
09/27/2006,VRB,FL,ASO,ES,Towers with Radar,0,5,69,0,74,0,0,211,0,211,0,5,280,0,285,270,0,270,555
09/28/2006,VRB,FL,ASO,ES,Towers with Radar,0,11,63,0,74,0,0,228,0,228,0,11,291,0,302,238,0,238,540
09/29/2006,VRB,FL,ASO,ES,Towers with Radar,0,6,53,0,59,0,0,196,0,196,0,6,249,0,255,237,0,237,492
09/30/2006,VRB,FL,ASO,ES,Towers with Radar,0,6,26,0,32,0,0,96,0,96,0,6,122,0,128,32,0,32,160
10/01/2006,VRB,FL,ASO,ES,Towers with Radar,0,4,25,0,29,0,0,53,0,53,0,4,78,0,82,52,0,52,134
10/02/2006,VRB,FL,ASO,ES,Towers with Radar,0,9,68,0,77,0,0,174,0,174,0,9,242,0,251,194,0,194,445
10/03/2006,VRB,FL,ASO,ES,Towers with Radar,0,4,49,0,53,0,0,183,0,183,0,4,232,0,236,228,0,228,464
10/04/2006,VRB,FL,ASO,ES,Towers with Radar,0,7,50,0,57,0,0,186,0,186,0,7,236,0,243,141,0,141,384
10/05/2006,VRB,FL,ASO,ES,Towers with Radar,0,9,79,0,88,0,0,211,0,211,0,9,290,0,299,157,0,157,456
10/06/2006,VRB,FL,ASO,ES,Towers with Radar,0,9,56,0,65,0,0,235,0,235,0,9,291,0,300,147,0,147,447
10/07/2006,VRB,FL,ASO,ES,Towers with Radar,0,8,31,0,39,0,1,155,0,156,0,9,186,0,195,162,0,162,357
10/08/2006,VRB,FL,ASO,ES,Towers with Radar,0,4,33,0,37,0,0,100,0,100,0,4,133,0,137,95,0,95,232
10/09/2006,VRB,FL,ASO,ES,Towers with Radar,0,6,42,0,48,0,0,223,0,223,0,6,265,0,271,267,0,267,538
10/10/2006,VRB,FL,ASO,ES,Towers with Radar,0,4,50,0,54,0,0,239,0,239,0,4,289,0,293,292,0,292,585
10/11/2006,VRB,FL,ASO,ES,Towers with Radar,0,4,63,0,67,0,0,218,0,218,0,4,281,0,285,359,0,359,644
10/12/2006,VRB,FL,ASO,ES,Towers with Radar,0,5,75,0,80,0,0,174,0,174,0,5,249,0,254,422,0,422,676
10/13/2006,VRB,FL,ASO,ES,Towers with Radar,0,5,57,0,62,0,0,198,0,198,0,5,255,0,260,315,0,315,575
10/14/2006,VRB,FL,ASO,ES,Towers with Radar,0,13,37,0,50,0,0,101,0,101,0,13,138,0,151,95,0,95,246
10/15/2006,VRB,FL,ASO,ES,Towers with Radar,0,10,29,0,39,0,0,90,0,90,0,10,119,0,129,94,0,94,223
10/16/2006,VRB,FL,ASO,ES,Towers with Radar,0,20,68,0,88,0,0,176,0,176,0,20,244,0,264,287,0,287,551
10/17/2006,VRB,FL,ASO,ES,Towers with Radar,0,7,67,0,74,0,0,219,0,219,0,7,286,0,293,309,0,309,602
10/18/2006,VRB,FL,ASO,ES,Towers with Radar,0,10,61,0,71,0,0,212,0,212,0,10,273,0,283,258,0,258,541
10/19/2006,VRB,FL,ASO,ES,Towers with Radar,0,14,83,0,97,0,0,189,0,189,0,14,272,0,286,190,0,190,476
10/20/2006,VRB,FL,ASO,ES,Towers with Radar,0,10,50,0,60,0,0,217,0,217,0,10,267,0,277,340,0,340,617
10/21/2006,VRB,FL,ASO,ES,Towers with Radar,0,7,28,0,35,0,0,173,0,173,0,7,201,0,208,67,0,67,275
10/22/2006,VRB,FL,ASO,ES,Towers with Radar,0,8,25,0,33,0,0,71,0,71,0,8,96,0,104,28,0,28,132
10/23/2006,VRB,FL,ASO,ES,Towers with Radar,0,11,59,0,70,0,0,166,0,166,0,11,225,0,236,222,0,222,458
10/24/2006,VRB,FL,ASO,ES,Towers with Radar,0,10,54,0,64,0,0,213,0,213,0,10,267,0,277,315,0,315,592
10/25/2006,VRB,FL,ASO,ES,Towers with Radar,0,6,55,2,63,0,0,253,0,253,0,6,308,2,316,270,0,270,586
10/26/2006,VRB,FL,ASO,ES,Towers with Radar,0,4,57,0,61,0,0,274,0,274,0,4,331,0,335,347,0,347,682
10/27/2006,VRB,FL,ASO,ES,Towers with Radar,0,7,56,0,63,0,0,171,0,171,0,7,227,0,234,219,0,219,453
10/28/2006,VRB,FL,ASO,ES,Towers with Radar,0,5,32,0,37,0,0,28,0,28,0,5,60,0,65,60,0,60,125
10/29/2006,VRB,FL,ASO,ES,Towers with Radar,0,9,32,0,41,0,0,107,0,107,0,9,139,0,148,45,0,45,193
10/30/2006,VRB,FL,ASO,ES,Towers with Radar,0,11,54,0,65,0,0,183,0,183,0,11,237,0,248,334,0,334,582
10/31/2006,VRB,FL,ASO,ES,Towers with Radar,0,15,85,0,100,0,0,203,0,203,0,15,288,0,303,278,0,278,581
11/01/2006,VRB,FL,ASO,ES,Towers with Radar,0,15,89,0,104,0,0,165,0,165,0,15,254,0,269,205,0,205,474
11/02/2006,VRB,FL,ASO,ES,Towers with Radar,0,15,71,0,86,0,0,123,0,123,0,15,194,0,209,99,0,99,308
11/03/2006,VRB,FL,ASO,ES,Towers with Radar,0,11,72,4,87,0,0,175,0,175,0,11,247,4,262,107,0,107,369
11/04/2006,VRB,FL,ASO,ES,Towers with Radar,0,11,32,0,43,0,0,36,0,36,0,11,68,0,79,34,0,34,113
11/05/2006,VRB,FL,ASO,ES,Towers with Radar,0,20,43,0,63,0,0,73,0,73,0,20,116,0,136,25,0,25,161
11/06/2006,VRB,FL,ASO,ES,Towers with Radar,0,13,96,0,109,0,0,179,0,179,0,13,275,0,288,168,0,168,456
11/07/2006,VRB,FL,ASO,ES,Towers with Radar,0,12,76,0,88,0,0,114,0,114,0,12,190,0,202,277,0,277,479
11/08/2006,VRB,FL,ASO,ES,Towers with Radar,0,20,87,0,107,0,0,233,0,233,0,20,320,0,340,301,0,301,641
11/09/2006,VRB,FL,ASO,ES,Towers with Radar,0,28,77,0,105,0,0,269,0,269,0,28,346,0,374,433,0,433,807
11/10/2006,VRB,FL,ASO,ES,Towers with Radar,0,20,48,2,70,0,0,244,0,244,0,20,292,2,314,294,0,294,608
11/11/2006,VRB,FL,ASO,ES,Towers with Radar,0,18,40,0,58,0,0,165,2,167,0,18,205,2,225,62,0,62,287
11/12/2006,VRB,FL,ASO,ES,Towers with Radar,0,18,48,0,66,0,0,81,0,81,0,18,129,0,147,66,0,66,213
11/13/2006,VRB,FL,ASO,ES,Towers with Radar,0,21,80,0,101,0,1,208,0,209,0,22,288,0,310,262,0,262,572
11/14/2006,VRB,FL,ASO,ES,Towers with Radar,0,13,53,0,66,0,0,246,0,246,0,13,299,0,312,289,0,289,601
11/15/2006,VRB,FL,ASO,ES,Towers with Radar,0,18,60,0,78,0,0,238,0,238,0,18,298,0,316,301,0,301,617
11/16/2006,VRB,FL,ASO,ES,Towers with Radar,0,15,50,0,65,0,0,63,0,63,0,15,113,0,128,144,0,144,272
11/17/2006,VRB,FL,ASO,ES,Towers with Radar,0,22,79,0,101,0,0,326,0,326,0,22,405,0,427,279,0,279,706
11/18/2006,VRB,FL,ASO,ES,Towers with Radar,0,9,28,0,37,0,0,107,0,107,0,9,135,0,144,117,0,117,261
11/19/2006,VRB,FL,ASO,ES,Towers with Radar,0,11,31,0,42,0,0,123,0,123,0,11,154,0,165,70,0,70,235
11/20/2006,VRB,FL,ASO,ES,Towers with Radar,0,19,58,0,77,0,0,233,0,233,0,19,291,0,310,283,0,283,593
11/21/2006,VRB,FL,ASO,ES,Towers with Radar,0,31,53,0,84,0,0,218,0,218,0,31,271,0,302,320,0,320,622
11/22/2006,VRB,FL,ASO,ES,Towers with Radar,0,19,70,0,89,0,0,222,0,222,0,19,292,0,311,251,0,251,562
11/23/2006,VRB,FL,ASO,ES,Towers with Radar,0,1,21,0,22,0,0,46,0,46,0,1,67,0,68,18,0,18,86
11/24/2006,VRB,FL,ASO,ES,Towers with Radar,0,10,29,0,39,0,0,120,0,120,0,10,149,0,159,103,0,103,262
11/25/2006,VRB,FL,ASO,ES,Towers with Radar,0,12,41,0,53,0,1,122,0,123,0,13,163,0,176,158,0,158,334
11/26/2006,VRB,FL,ASO,ES,Towers with Radar,0,27,83,0,110,0,0,78,0,78,0,27,161,0,188,64,0,64,252
11/27/2006,VRB,FL,ASO,ES,Towers with Radar,0,8,93,0,101,0,0,143,0,143,0,8,236,0,244,154,0,154,398
11/28/2006,VRB,FL,ASO,ES,Towers with Radar,0,17,84,0,101,0,0,152,0,152,0,17,236,0,253,348,0,348,601
11/29/2006,VRB,FL,ASO,ES,Towers with Radar,0,22,76,0,98,0,0,218,0,218,0,22,294,0,316,387,0,387,703
11/30/2006,VRB,FL,ASO,ES,Towers with Radar,0,15,74,0,89,0,0,175,0,175,0,15,249,0,264,440,0,440,704
12/01/2006,VRB,FL,ASO,ES,Towers with Radar,0,18,56,0,74,0,0,240,0,240,0,18,296,0,314,398,0,398,712
12/02/2006,VRB,FL,ASO,ES,Towers with Radar,0,12,36,0,48,0,0,185,0,185,0,12,221,0,233,221,0,221,454
12/03/2006,VRB,FL,ASO,ES,Towers with Radar,0,11,60,0,71,0,1,94,0,95,0,12,154,0,166,131,0,131,297
12/04/2006,VRB,FL,ASO,ES,Towers with Radar,0,6,48,0,54,0,0,71,0,71,0,6,119,0,125,118,0,118,243
12/05/2006,VRB,FL,ASO,ES,Towers with Radar,0,13,70,0,83,0,0,234,0,234,0,13,304,0,317,266,0,266,583
12/06/2006,VRB,FL,ASO,ES,Towers with Radar,0,10,44,0,54,0,0,295,0,295,0,10,339,0,349,404,0,404,753
12/07/2006,VRB,FL,ASO,ES,Towers with Radar,0,12,82,1,95,0,0,285,0,285,0,12,367,1,380,299,0,299,679
12/08/2006,VRB,FL,ASO,ES,Towers with Radar,0,9,66,1,76,0,0,111,0,111,0,9,177,1,187,63,0,63,250
12/09/2006,VRB,FL,ASO,ES,Towers with Radar,0,10,36,0,46,0,0,147,0,147,0,10,183,0,193,105,0,105,298
12/10/2006,VRB,FL,ASO,ES,Towers with Radar,0,12,47,0,59,0,0,84,0,84,0,12,131,0,143,101,0,101,244
12/11/2006,VRB,FL,ASO,ES,Towers with Radar,0,15,47,0,62,0,0,211,0,211,0,15,258,0,273,298,0,298,571
12/12/2006,VRB,FL,ASO,ES,Towers with Radar,0,13,38,0,51,0,0,184,0,184,0,13,222,0,235,262,0,262,497
12/13/2006,VRB,FL,ASO,ES,Towers with Radar,0,15,51,0,66,0,0,231,0,231,0,15,282,0,297,331,0,331,628
12/14/2006,VRB,FL,ASO,ES,Towers with Radar,0,16,47,0,63,0,0,64,0,64,0,16,111,0,127,100,0,100,227
12/15/2006,VRB,FL,ASO,ES,Towers with Radar,0,23,43,0,66,0,1,59,0,60,0,24,102,0,126,77,0,77,203
12/16/2006,VRB,FL,ASO,ES,Towers with Radar,0,10,57,0,67,0,0,70,0,70,0,10,127,0,137,41,0,41,178
12/17/2006,VRB,FL,ASO,ES,Towers with Radar,0,16,46,2,64,0,0,75,0,75,0,16,121,2,139,32,0,32,171
12/18/2006,VRB,FL,ASO,ES,Towers with Radar,0,9,41,0,50,0,0,231,0,231,0,9,272,0,281,361,0,361,642
12/19/2006,VRB,FL,ASO,ES,Towers with Radar,0,6,52,0,58,0,0,212,0,212,0,6,264,0,270,195,0,195,465
12/20/2006,VRB,FL,ASO,ES,Towers with Radar,0,10,30,0,40,0,0,150,0,150,0,10,180,0,190,143,0,143,333
12/21/2006,VRB,FL,ASO,ES,Towers with Radar,0,13,35,0,48,0,0,109,0,109,0,13,144,0,157,156,0,156,313
12/22/2006,VRB,FL,ASO,ES,Towers with Radar,0,15,38,0,53,0,0,75,0,75,0,15,113,0,128,62,0,62,190
12/23/2006,VRB,FL,ASO,ES,Towers with Radar,0,13,42,0,55,0,0,28,0,28,0,13,70,0,83,15,0,15,98
12/24/2006,VRB,FL,ASO,ES,Towers with Radar,0,0,18,0,18,0,0,31,0,31,0,0,49,0,49,14,0,14,63
12/25/2006,VRB,FL,ASO,ES,Towers with Radar,0,3,6,0,9,0,0,15,0,15,0,3,21,0,24,0,0,0,24
12/26/2006,VRB,FL,ASO,ES,Towers with Radar,0,28,69,0,97,0,0,46,0,46,0,28,115,0,143,45,0,45,188
12/27/2006,VRB,FL,ASO,ES,Towers with Radar,0,31,61,0,92,0,0,99,0,99,0,31,160,0,191,99,0,99,290
12/28/2006,VRB,FL,ASO,ES,Towers with Radar,0,26,49,0,75,0,2,106,0,108,0,28,155,0,183,139,0,139,322
12/29/2006,VRB,FL,ASO,ES,Towers with Radar,0,20,61,0,81,0,0,96,0,96,0,20,157,0,177,115,0,115,292
12/30/2006,VRB,FL,ASO,ES,Towers with Radar,0,15,30,0,45,0,0,85,0,85,0,15,115,0,130,47,0,47,177
12/31/2006,VRB,FL,ASO,ES,Towers with Radar,0,10,26,0,36,0,0,51,0,51,0,10,77,0,87,9,0,9,96
01/01/2007,VRB,FL,ASO,ES,Towers with Radar,0,15,36,0,51,0,0,35,0,35,0,15,71,0,86,5,0,5,91
01/02/2007,VRB,FL,ASO,ES,Towers with Radar,0,29,70,0,99,0,0,96,0,96,0,29,166,0,195,55,0,55,250
01/03/2007,VRB,FL,ASO,ES,Towers with Radar,0,30,83,0,113,0,0,120,0,120,0,30,203,0,233,141,0,141,374
01/04/2007,VRB,FL,ASO,ES,Towers with Radar,0,24,44,2,70,0,1,188,0,189,0,25,232,2,259,159,0,159,418
01/05/2007,VRB,FL,ASO,ES,Towers with Radar,0,14,51,6,71,0,0,182,0,182,0,14,233,6,253,190,0,190,443
01/06/2007,VRB,FL,ASO,ES,Towers with Radar,0,21,33,0,54,0,0,135,0,135,0,21,168,0,189,168,0,168,357
01/07/2007,VRB,FL,ASO,ES,Towers with Radar,0,11,34,0,45,0,0,87,0,87,0,11,121,0,132,52,0,52,184
01/08/2007,VRB,FL,ASO,ES,Towers with Radar,0,12,39,0,51,0,2,158,0,160,0,14,197,0,211,163,0,163,374
01/09/2007,VRB,FL,ASO,ES,Towers with Radar,0,15,63,0,78,0,0,152,0,152,0,15,215,0,230,162,0,162,392
01/10/2007,VRB,FL,ASO,ES,Towers with Radar,0,12,67,0,79,0,0,213,0,213,0,12,280,0,292,216,0,216,508
01/11/2007,VRB,FL,ASO,ES,Towers with Radar,0,22,75,0,97,0,1,188,0,189,0,23,263,0,286,255,0,255,541
01/12/2007,VRB,FL,ASO,ES,Towers with Radar,0,20,74,0,94,0,0,205,0,205,0,20,279,0,299,197,0,197,496
01/13/2007,VRB,FL,ASO,ES,Towers with Radar,0,6,47,0,53,0,0,112,0,112,0,6,159,0,165,192,0,192,357
01/14/2007,VRB,FL,ASO,ES,Towers with Radar,0,8,20,0,28,0,0,78,0,78,0,8,98,0,106,0,0,0,106
01/15/2007,VRB,FL,ASO,ES,Towers with Radar,0,27,73,0,100,0,0,170,0,170,0,27,243,0,270,363,0,363,633
01/16/2007,VRB,FL,ASO,ES,Towers with Radar,0,12,41,0,53,0,0,217,0,217,0,12,258,0,270,261,0,261,531
01/17/2007,VRB,FL,ASO,ES,Towers with Radar,0,9,54,0,63,0,0,118,0,118,0,9,172,0,181,127,0,127,308
01/18/2007,VRB,FL,ASO,ES,Towers with Radar,0,10,66,0,76,0,0,164,0,164,0,10,230,0,240,194,0,194,434
01/19/2007,VRB,FL,ASO,ES,Towers with Radar,0,19,62,0,81,0,0,115,0,115,0,19,177,0,196,68,0,68,264
01/20/2007,VRB,FL,ASO,ES,Towers with Radar,0,9,36,0,45,0,1,162,0,163,0,10,198,0,208,143,0,143,351
01/21/2007,VRB,FL,ASO,ES,Towers with Radar,0,18,26,0,44,0,0,113,0,113,0,18,139,0,157,79,0,79,236
01/22/2007,VRB,FL,ASO,ES,Towers with Radar,0,8,53,0,61,0,0,180,0,180,0,8,233,0,241,224,0,224,465
01/23/2007,VRB,FL,ASO,ES,Towers with Radar,0,10,85,0,95,0,0,147,0,147,0,10,232,0,242,289,0,289,531
01/24/2007,VRB,FL,ASO,ES,Towers with Radar,0,15,80,0,95,0,0,210,0,210,0,15,290,0,305,196,0,196,501
01/25/2007,VRB,FL,ASO,ES,Towers with Radar,0,20,82,0,102,0,0,37,0,37,0,20,119,0,139,50,0,50,189
01/26/2007,VRB,FL,ASO,ES,Towers with Radar,0,18,76,0,94,0,0,238,0,238,0,18,314,0,332,209,0,209,541
01/27/2007,VRB,FL,ASO,ES,Towers with Radar,0,8,67,0,75,0,0,209,0,209,0,8,276,0,284,217,0,217,501
01/28/2007,VRB,FL,ASO,ES,Towers with Radar,0,18,37,0,55,0,0,46,0,46,0,18,83,0,101,24,0,24,125
01/29/2007,VRB,FL,ASO,ES,Towers with Radar,0,19,67,0,86,0,0,216,0,216,0,19,283,0,302,205,0,205,507
01/30/2007,VRB,FL,ASO,ES,Towers with Radar,0,12,74,0,86,0,0,238,0,238,0,12,312,0,324,323,0,323,647
01/31/2007,VRB,FL,ASO,ES,Towers with Radar,0,15,72,0,87,0,0,241,0,241,0,15,313,0,328,244,0,244,572
02/01/2007,VRB,FL,ASO,ES,Towers with Radar,0,14,73,0,87,0,0,146,0,146,0,14,219,0,233,77,0,77,310
02/02/2007,VRB,FL,ASO,ES,Towers with Radar,0,10,51,0,61,0,0,26,0,26,0,10,77,0,87,20,0,20,107
02/03/2007,VRB,FL,ASO,ES,Towers with Radar,0,12,59,0,71,0,0,46,0,46,0,12,105,0,117,58,0,58,175
02/04/2007,VRB,FL,ASO,ES,Towers with Radar,0,18,64,0,82,0,0,33,0,33,0,18,97,0,115,0,0,0,115
02/05/2007,VRB,FL,ASO,ES,Towers with Radar,0,11,59,0,70,0,1,147,0,148,0,12,206,0,218,168,0,168,386
02/06/2007,VRB,FL,ASO,ES,Towers with Radar,0,10,80,0,90,0,0,180,0,180,0,10,260,0,270,262,0,262,532
02/07/2007,VRB,FL,ASO,ES,Towers with Radar,0,11,81,0,92,0,0,258,0,258,0,11,339,0,350,277,0,277,627
02/08/2007,VRB,FL,ASO,ES,Towers with Radar,0,26,96,0,122,0,0,271,1,272,0,26,367,1,394,107,0,107,501
02/09/2007,VRB,FL,ASO,ES,Towers with Radar,0,24,83,0,107,0,0,239,0,239,0,24,322,0,346,246,0,246,592
02/10/2007,VRB,FL,ASO,ES,Towers with Radar,0,12,47,0,59,0,0,153,0,153,0,12,200,0,212,107,0,107,319
02/11/2007,VRB,FL,ASO,ES,Towers with Radar,0,20,53,0,73,0,1,106,0,107,0,21,159,0,180,51,0,51,231
02/12/2007,VRB,FL,ASO,ES,Towers with Radar,0,17,92,0,109,0,1,97,0,98,0,18,189,0,207,150,0,150,357
02/13/2007,VRB,FL,ASO,ES,Towers with Radar,0,13,88,0,101,0,0,150,0,150,0,13,238,0,251,321,0,321,572
02/14/2007,VRB,FL,ASO,ES,Towers with Radar,0,20,115,0,135,0,0,113,0,113,0,20,228,0,248,108,0,108,356
02/15/2007,VRB,FL,ASO,ES,Towers with Radar,0,16,117,0,133,0,0,185,0,185,0,16,302,0,318,298,0,298,616
02/16/2007,VRB,FL,ASO,ES,Towers with Radar,0,26,87,0,113,0,0,225,0,225,0,26,312,0,338,177,0,177,515
02/17/2007,VRB,FL,ASO,ES,Towers with Radar,0,9,71,0,80,0,0,195,0,195,0,9,266,0,275,139,0,139,414
02/18/2007,VRB,FL,ASO,ES,Towers with Radar,0,17,44,0,61,0,0,45,0,45,0,17,89,0,106,8,0,8,114
02/19/2007,VRB,FL,ASO,ES,Towers with Radar,0,28,101,0,129,0,0,262,0,262,0,28,363,0,391,182,0,182,573
02/20/2007,VRB,FL,ASO,ES,Towers with Radar,0,29,89,0,118,0,3,233,0,236,0,32,322,0,354,219,0,219,573
02/21/2007,VRB,FL,ASO,ES,Towers with Radar,0,16,56,0,72,0,0,284,0,284,0,16,340,0,356,192,0,192,548
02/22/2007,VRB,FL,ASO,ES,Towers with Radar,0,12,99,0,111,0,0,218,0,218,0,12,317,0,329,202,0,202,531
02/23/2007,VRB,FL,ASO,ES,Towers with Radar,0,20,81,0,101,0,0,299,0,299,0,20,380,0,400,205,0,205,605
02/24/2007,VRB,FL,ASO,ES,Towers with Radar,0,10,46,0,56,0,0,159,0,159,0,10,205,0,215,87,0,87,302
02/25/2007,VRB,FL,ASO,ES,Towers with Radar,0,19,57,0,76,0,1,67,0,68,0,20,124,0,144,40,0,40,184
02/26/2007,VRB,FL,ASO,ES,Towers with Radar,0,13,87,0,100,0,0,91,0,91,0,13,178,0,191,187,0,187,378
02/27/2007,VRB,FL,ASO,ES,Towers with Radar,0,24,78,0,102,0,0,104,0,104,0,24,182,0,206,209,0,209,415
02/28/2007,VRB,FL,ASO,ES,Towers with Radar,0,20,77,0,97,0,1,255,0,256,0,21,332,0,353,235,0,235,588
03/01/2007,VRB,FL,ASO,ES,Towers with Radar,0,23,85,0,108,0,0,120,0,120,0,23,205,0,228,108,0,108,336
03/02/2007,VRB,FL,ASO,ES,Towers with Radar,0,22,73,3,98,0,0,127,22,149,0,22,200,25,247,144,0,144,391
03/03/2007,VRB,FL,ASO,ES,Towers with Radar,0,4,59,2,65,0,1,51,0,52,0,5,110,2,117,25,0,25,142
03/04/2007,VRB,FL,ASO,ES,Towers with Radar,0,19,48,3,70,0,0,112,2,114,0,19,160,5,184,48,2,50,234
03/05/2007,VRB,FL,ASO,ES,Towers with Radar,0,19,81,0,100,0,1,232,0,233,0,20,313,0,333,269,0,269,602
03/06/2007,VRB,FL,ASO,ES,Towers with Radar,0,13,74,0,87,0,0,231,0,231,0,13,305,0,318,242,0,242,560
03/07/2007,VRB,FL,ASO,ES,Towers with Radar,0,16,85,2,103,0,0,220,0,220,0,16,305,2,323,293,0,293,616
03/08/2007,VRB,FL,ASO,ES,Towers with Radar,0,16,93,1,110,0,1,209,1,211,0,17,302,2,321,238,0,238,559
03/09/2007,VRB,FL,ASO,ES,Towers with Radar,0,17,79,0,96,0,0,276,0,276,0,17,355,0,372,285,0,285,657
03/10/2007,VRB,FL,ASO,ES,Towers with Radar,0,18,72,0,90,0,0,139,0,139,0,18,211,0,229,87,0,87,316
03/11/2007,VRB,FL,ASO,ES,Towers with Radar,0,28,57,0,85,0,0,168,0,168,0,28,225,0,253,65,0,65,318
03/12/2007,VRB,FL,ASO,ES,Towers with Radar,0,14,59,0,73,0,0,194,0,194,0,14,253,0,267,304,0,304,571
03/13/2007,VRB,FL,ASO,ES,Towers with Radar,0,17,48,0,65,0,2,224,0,226,0,19,272,0,291,268,0,268,559
03/14/2007,VRB,FL,ASO,ES,Towers with Radar,0,15,68,0,83,0,0,216,0,216,0,15,284,0,299,325,0,325,624
03/15/2007,VRB,FL,ASO,ES,Towers with Radar,0,18,67,0,85,0,0,212,0,212,0,18,279,0,297,212,0,212,509
03/16/2007,VRB,FL,ASO,ES,Towers with Radar,0,27,70,0,97,0,0,99,0,99,0,27,169,0,196,68,0,68,264
03/17/2007,VRB,FL,ASO,ES,Towers with Radar,0,29,78,0,107,0,0,179,0,179,0,29,257,0,286,75,0,75,361
03/18/2007,VRB,FL,ASO,ES,Towers with Radar,0,27,55,0,82,0,0,135,0,135,0,27,190,0,217,32,0,32,249
03/19/2007,VRB,FL,ASO,ES,Towers with Radar,0,13,85,0,98,0,0,174,0,174,0,13,259,0,272,202,0,202,474
03/20/2007,VRB,FL,ASO,ES,Towers with Radar,0,18,86,0,104,0,1,182,0,183,0,19,268,0,287,257,0,257,544
03/21/2007,VRB,FL,ASO,ES,Towers with Radar,0,26,73,0,99,0,0,199,0,199,0,26,272,0,298,123,0,123,421
03/22/2007,VRB,FL,ASO,ES,Towers with Radar,0,23,86,0,109,0,0,180,0,180,0,23,266,0,289,186,0,186,475
03/23/2007,VRB,FL,ASO,ES,Towers with Radar,0,20,94,0,114,0,0,226,0,226,0,20,320,0,340,248,0,248,588
03/24/2007,VRB,FL,ASO,ES,Towers with Radar,0,20,51,0,71,0,0,174,0,174,0,20,225,0,245,77,0,77,322
03/25/2007,VRB,FL,ASO,ES,Towers with Radar,0,21,84,2,107,0,0,84,0,84,0,21,168,2,191,40,0,40,231
03/26/2007,VRB,FL,ASO,ES,Towers with Radar,0,23,47,0,70,0,0,169,0,169,0,23,216,0,239,211,0,211,450
03/27/2007,VRB,FL,ASO,ES,Towers with Radar,0,24,57,0,81,0,1,186,0,187,0,25,243,0,268,308,0,308,576
03/28/2007,VRB,FL,ASO,ES,Towers with Radar,0,21,68,0,89,0,0,213,0,213,0,21,281,0,302,279,0,279,581
03/29/2007,VRB,FL,ASO,ES,Towers with Radar,0,20,78,0,98,0,1,266,0,267,0,21,344,0,365,221,0,221,586
03/30/2007,VRB,FL,ASO,ES,Towers with Radar,0,23,79,0,102,0,0,154,0,154,0,23,233,0,256,255,0,255,511
03/31/2007,VRB,FL,ASO,ES,Towers with Radar,0,14,51,0,65,0,0,119,0,119,0,14,170,0,184,108,0,108,292
04/01/2007,VRB,FL,ASO,ES,Towers with Radar,0,21,40,0,61,0,0,88,0,88,0,21,128,0,149,87,0,87,236
04/02/2007,VRB,FL,ASO,ES,Towers with Radar,0,22,48,0,70,0,0,185,0,185,0,22,233,0,255,273,0,273,528
04/03/2007,VRB,FL,ASO,ES,Towers with Radar,0,17,46,0,63,0,0,211,0,211,0,17,257,0,274,269,0,269,543
04/04/2007,VRB,FL,ASO,ES,Towers with Radar,0,18,58,0,76,0,0,218,1,219,0,18,276,1,295,324,0,324,619
04/05/2007,VRB,FL,ASO,ES,Towers with Radar,0,32,95,0,127,0,1,147,0,148,0,33,242,0,275,183,0,183,458
04/06/2007,VRB,FL,ASO,ES,Towers with Radar,0,23,88,0,111,0,0,215,0,215,0,23,303,0,326,224,0,224,550
04/07/2007,VRB,FL,ASO,ES,Towers with Radar,0,17,44,0,61,0,0,158,0,158,0,17,202,0,219,127,0,127,346
04/08/2007,VRB,FL,ASO,ES,Towers with Radar,0,25,68,2,95,0,2,81,0,83,0,27,149,2,178,25,0,25,203
04/09/2007,VRB,FL,ASO,ES,Towers with Radar,0,27,92,0,119,0,0,160,0,160,0,27,252,0,279,180,0,180,459
04/10/2007,VRB,FL,ASO,ES,Towers with Radar,0,9,66,0,75,0,0,84,0,84,0,9,150,0,159,135,0,135,294
04/11/2007,VRB,FL,ASO,ES,Towers with Radar,0,10,81,0,91,0,1,237,0,238,0,11,318,0,329,278,0,278,607
04/12/2007,VRB,FL,ASO,ES,Towers with Radar,0,19,81,0,100,0,1,189,0,190,0,20,270,0,290,208,0,208,498
04/13/2007,VRB,FL,ASO,ES,Towers with Radar,0,21,89,0,110,0,1,273,0,274,0,22,362,0,384,82,0,82,466
04/14/2007,VRB,FL,ASO,ES,Towers with Radar,0,19,43,0,62,0,0,122,0,122,0,19,165,0,184,113,0,113,297
04/15/2007,VRB,FL,ASO,ES,Towers with Radar,0,18,41,0,59,0,0,15,0,15,0,18,56,0,74,12,0,12,86
04/16/2007,VRB,FL,ASO,ES,Towers with Radar,0,16,64,0,80,0,0,149,0,149,0,16,213,0,229,178,0,178,407
04/17/2007,VRB,FL,ASO,ES,Towers with Radar,0,17,62,0,79,0,1,211,0,212,0,18,273,0,291,282,0,282,573
04/18/2007,VRB,FL,ASO,ES,Towers with Radar,0,18,67,0,85,0,0,226,0,226,0,18,293,0,311,192,0,192,503
04/19/2007,VRB,FL,ASO,ES,Towers with Radar,0,23,58,0,81,0,0,197,0,197,0,23,255,0,278,210,0,210,488
04/20/2007,VRB,FL,ASO,ES,Towers with Radar,0,5,69,0,74,0,0,225,0,225,0,5,294,0,299,183,0,183,482
04/21/2007,VRB,FL,ASO,ES,Towers with Radar,0,11,25,0,36,0,0,34,0,34,0,11,59,0,70,23,0,23,93
04/22/2007,VRB,FL,ASO,ES,Towers with Radar,0,17,43,0,60,0,1,82,0,83,0,18,125,0,143,100,0,100,243
04/23/2007,VRB,FL,ASO,ES,Towers with Radar,0,17,41,0,58,0,1,201,0,202,0,18,242,0,260,228,0,228,488
04/24/2007,VRB,FL,ASO,ES,Towers with Radar,0,16,62,0,78,0,0,202,0,202,0,16,264,0,280,364,0,364,644
04/25/2007,VRB,FL,ASO,ES,Towers with Radar,0,12,60,0,72,0,0,258,0,258,0,12,318,0,330,249,0,249,579
04/26/2007,VRB,FL,ASO,ES,Towers with Radar,0,11,74,0,85,0,0,229,0,229,0,11,303,0,314,288,0,288,602
04/27/2007,VRB,FL,ASO,ES,Towers with Radar,0,6,76,0,82,0,1,194,0,195,0,7,270,0,277,213,0,213,490
04/28/2007,VRB,FL,ASO,ES,Towers with Radar,0,20,51,0,71,0,0,107,0,107,0,20,158,0,178,55,0,55,233
04/29/2007,VRB,FL,ASO,ES,Towers with Radar,0,12,45,0,57,0,0,78,0,78,0,12,123,0,135,55,0,55,190
04/30/2007,VRB,FL,ASO,ES,Towers with Radar,0,17,64,0,81,0,0,165,4,169,0,17,229,4,250,274,0,274,524
05/01/2007,VRB,FL,ASO,ES,Towers with Radar,0,17,67,0,84,0,0,236,0,236,0,17,303,0,320,284,0,284,604
05/02/2007,VRB,FL,ASO,ES,Towers with Radar,0,13,74,0,87,0,1,237,0,238,0,14,311,0,325,231,0,231,556
05/03/2007,VRB,FL,ASO,ES,Towers with Radar,0,16,56,0,72,0,0,201,0,201,0,16,257,0,273,232,0,232,505
05/04/2007,VRB,FL,ASO,ES,Towers with Radar,0,9,68,0,77,0,0,230,0,230,0,9,298,0,307,189,0,189,496
05/05/2007,VRB,FL,ASO,ES,Towers with Radar,0,8,32,0,40,0,0,211,0,211,0,8,243,0,251,123,0,123,374
05/06/2007,VRB,FL,ASO,ES,Towers with Radar,0,15,25,0,40,0,0,64,0,64,0,15,89,0,104,28,0,28,132
05/07/2007,VRB,FL,ASO,ES,Towers with Radar,0,12,61,0,73,0,0,94,2,96,0,12,155,2,169,69,0,69,238
05/08/2007,VRB,FL,ASO,ES,Towers with Radar,0,12,60,0,72,0,0,205,0,205,0,12,265,0,277,226,0,226,503
05/09/2007,VRB,FL,ASO,ES,Towers with Radar,0,11,107,0,118,0,0,156,0,156,0,11,263,0,274,228,0,228,502
05/10/2007,VRB,FL,ASO,ES,Towers with Radar,0,16,78,0,94,0,0,205,0,205,0,16,283,0,299,216,0,216,515
05/11/2007,VRB,FL,ASO,ES,Towers with Radar,0,21,56,0,77,0,0,102,0,102,0,21,158,0,179,134,0,134,313
05/12/2007,VRB,FL,ASO,ES,Towers with Radar,0,11,29,0,40,0,0,101,0,101,0,11,130,0,141,175,0,175,316
05/13/2007,VRB,FL,ASO,ES,Towers with Radar,0,15,36,0,51,0,0,61,0,61,0,15,97,0,112,75,0,75,187
05/14/2007,VRB,FL,ASO,ES,Towers with Radar,0,11,54,0,65,0,1,97,0,98,0,12,151,0,163,103,0,103,266
05/15/2007,VRB,FL,ASO,ES,Towers with Radar,0,13,58,0,71,0,0,163,0,163,0,13,221,0,234,101,0,101,335
05/16/2007,VRB,FL,ASO,ES,Towers with Radar,0,15,94,0,109,0,18,211,0,229,0,33,305,0,338,295,0,295,633
05/17/2007,VRB,FL,ASO,ES,Towers with Radar,0,9,59,0,68,0,0,204,0,204,0,9,263,0,272,238,0,238,510
05/18/2007,VRB,FL,ASO,ES,Towers with Radar,0,10,77,0,87,0,1,242,0,243,0,11,319,0,330,337,0,337,667
05/19/2007,VRB,FL,ASO,ES,Towers with Radar,0,14,27,0,41,0,0,59,0,59,0,14,86,0,100,24,0,24,124
05/20/2007,VRB,FL,ASO,ES,Towers with Radar,0,13,31,0,44,0,0,87,1,88,0,13,118,1,132,74,0,74,206
05/21/2007,VRB,FL,ASO,ES,Towers with Radar,0,8,55,0,63,0,0,189,0,189,0,8,244,0,252,226,0,226,478
05/22/2007,VRB,FL,ASO,ES,Towers with Radar,0,13,46,0,59,0,0,192,0,192,0,13,238,0,251,202,0,202,453
05/23/2007,VRB,FL,ASO,ES,Towers with Radar,0,17,49,0,66,0,0,169,0,169,0,17,218,0,235,187,0,187,422
05/24/2007,VRB,FL,ASO,ES,Towers with Radar,0,18,78,0,96,0,1,145,0,146,0,19,223,0,242,125,0,125,367
05/25/2007,VRB,FL,ASO,ES,Towers with Radar,0,17,55,0,72,0,0,124,0,124,0,17,179,0,196,85,0,85,281
05/26/2007,VRB,FL,ASO,ES,Towers with Radar,0,7,37,1,45,0,0,114,0,114,0,7,151,1,159,72,1,73,232
05/27/2007,VRB,FL,ASO,ES,Towers with Radar,0,7,22,0,29,0,0,66,0,66,0,7,88,0,95,0,0,0,95
05/28/2007,VRB,FL,ASO,ES,Towers with Radar,0,18,32,0,50,0,0,65,0,65,0,18,97,0,115,21,0,21,136
05/29/2007,VRB,FL,ASO,ES,Towers with Radar,0,11,59,0,70,0,1,142,0,143,0,12,201,0,213,218,0,218,431
05/30/2007,VRB,FL,ASO,ES,Towers with Radar,0,11,79,0,90,0,0,179,0,179,0,11,258,0,269,199,0,199,468
05/31/2007,VRB,FL,ASO,ES,Towers with Radar,0,12,82,0,94,0,0,225,0,225,0,12,307,0,319,285,0,285,604
06/01/2007,VRB,FL,ASO,ES,Towers with Radar,0,8,76,0,84,0,0,80,0,80,0,8,156,0,164,177,0,177,341
06/02/2007,VRB,FL,ASO,ES,Towers with Radar,0,4,23,0,27,0,0,21,0,21,0,4,44,0,48,16,0,16,64
06/03/2007,VRB,FL,ASO,ES,Towers with Radar,0,4,23,0,27,0,0,43,0,43,0,4,66,0,70,43,0,43,113
06/04/2007,VRB,FL,ASO,ES,Towers with Radar,0,5,47,0,52,0,0,142,0,142,0,5,189,0,194,247,0,247,441
06/05/2007,VRB,FL,ASO,ES,Towers with Radar,0,5,65,0,70,0,0,246,0,246,0,5,311,0,316,341,0,341,657
06/06/2007,VRB,FL,ASO,ES,Towers with Radar,0,12,64,0,76,0,1,143,0,144,0,13,207,0,220,238,0,238,458
06/07/2007,VRB,FL,ASO,ES,Towers with Radar,0,6,60,0,66,0,0,212,0,212,0,6,272,0,278,248,0,248,526
06/08/2007,VRB,FL,ASO,ES,Towers with Radar,0,10,41,0,51,0,0,133,0,133,0,10,174,0,184,162,0,162,346
06/09/2007,VRB,FL,ASO,ES,Towers with Radar,0,6,35,0,41,0,0,167,0,167,0,6,202,0,208,151,0,151,359
06/10/2007,VRB,FL,ASO,ES,Towers with Radar,0,6,30,0,36,0,0,68,0,68,0,6,98,0,104,70,0,70,174
06/11/2007,VRB,FL,ASO,ES,Towers with Radar,0,10,56,0,66,0,0,155,1,156,0,10,211,1,222,210,0,210,432
06/12/2007,VRB,FL,ASO,ES,Towers with Radar,0,6,38,0,44,0,0,164,0,164,0,6,202,0,208,157,0,157,365
06/13/2007,VRB,FL,ASO,ES,Towers with Radar,0,8,64,0,72,0,0,126,0,126,0,8,190,0,198,222,0,222,420
06/14/2007,VRB,FL,ASO,ES,Towers with Radar,0,8,60,0,68,0,0,256,0,256,0,8,316,0,324,227,0,227,551
06/15/2007,VRB,FL,ASO,ES,Towers with Radar,0,11,71,0,82,0,0,195,0,195,0,11,266,0,277,254,0,254,531
06/16/2007,VRB,FL,ASO,ES,Towers with Radar,0,5,34,0,39,0,1,135,0,136,0,6,169,0,175,121,0,121,296
06/17/2007,VRB,FL,ASO,ES,Towers with Radar,0,2,18,0,20,0,0,66,0,66,0,2,84,0,86,28,0,28,114
06/18/2007,VRB,FL,ASO,ES,Towers with Radar,0,8,85,0,93,0,0,141,0,141,0,8,226,0,234,174,0,174,408
06/19/2007,VRB,FL,ASO,ES,Towers with Radar,0,10,72,0,82,0,0,195,0,195,0,10,267,0,277,198,0,198,475
06/20/2007,VRB,FL,ASO,ES,Towers with Radar,0,7,69,0,76,0,0,193,0,193,0,7,262,0,269,229,0,229,498
06/21/2007,VRB,FL,ASO,ES,Towers with Radar,0,7,63,0,70,0,0,158,0,158,0,7,221,0,228,144,0,144,372
06/22/2007,VRB,FL,ASO,ES,Towers with Radar,0,10,79,0,89,0,0,202,0,202,0,10,281,0,291,186,0,186,477
06/23/2007,VRB,FL,ASO,ES,Towers with Radar,0,3,43,0,46,0,0,230,0,230,0,3,273,0,276,148,0,148,424
06/24/2007,VRB,FL,ASO,ES,Towers with Radar,0,9,38,0,47,0,0,82,0,82,0,9,120,0,129,49,0,49,178
06/25/2007,VRB,FL,ASO,ES,Towers with Radar,0,4,59,0,63,0,0,176,0,176,0,4,235,0,239,198,0,198,437
06/26/2007,VRB,FL,ASO,ES,Towers with Radar,0,0,0,0,0,0,0,0,0,0,0,0,0,0,0,0,0,0,0
06/27/2007,VRB,FL,ASO,ES,Towers with Radar,0,11,67,0,78,0,0,167,0,167,0,11,234,0,245,161,0,161,406
06/28/2007,VRB,FL,ASO,ES,Towers with Radar,0,11,60,0,71,0,0,174,0,174,0,11,234,0,245,160,0,160,405
06/29/2007,VRB,FL,ASO,ES,Towers with Radar,0,15,57,0,72,0,1,36,0,37,0,16,93,0,109,0,0,0,109
06/30/2007,VRB,FL,ASO,ES,Towers with Radar,0,5,29,0,34,0,0,127,0,127,0,5,156,0,161,176,0,176,337
07/01/2007,VRB,FL,ASO,ES,Towers with Radar,0,6,34,0,40,0,1,57,0,58,0,7,91,0,98,53,0,53,151
07/02/2007,VRB,FL,ASO,ES,Towers with Radar,0,4,45,0,49,0,0,168,0,168,0,4,213,0,217,274,0,274,491
07/03/2007,VRB,FL,ASO,ES,Towers with Radar,0,8,49,0,57,0,0,148,0,148,0,8,197,0,205,177,0,177,382
07/04/2007,VRB,FL,ASO,ES,Towers with Radar,0,2,9,0,11,0,0,67,0,67,0,2,76,0,78,43,0,43,121
07/05/2007,VRB,FL,ASO,ES,Towers with Radar,0,12,52,0,64,0,0,134,0,134,0,12,186,0,198,134,0,134,332
07/06/2007,VRB,FL,ASO,ES,Towers with Radar,0,9,48,2,59,0,0,146,0,146,0,9,194,2,205,139,0,139,344
07/07/2007,VRB,FL,ASO,ES,Towers with Radar,0,6,23,0,29,0,0,134,0,134,0,6,157,0,163,116,0,116,279
07/08/2007,VRB,FL,ASO,ES,Towers with Radar,0,6,32,0,38,0,0,73,0,73,0,6,105,0,111,23,0,23,134
07/09/2007,VRB,FL,ASO,ES,Towers with Radar,0,3,57,0,60,0,0,219,0,219,0,3,276,0,279,283,0,283,562
07/10/2007,VRB,FL,ASO,ES,Towers with Radar,0,5,62,0,67,0,0,194,0,194,0,5,256,0,261,270,0,270,531
07/11/2007,VRB,FL,ASO,ES,Towers with Radar,0,10,66,0,76,0,0,232,0,232,0,10,298,0,308,266,0,266,574
07/12/2007,VRB,FL,ASO,ES,Towers with Radar,0,13,40,0,53,0,2,256,0,258,0,15,296,0,311,263,0,263,574
07/13/2007,VRB,FL,ASO,ES,Towers with Radar,0,10,44,0,54,0,0,306,0,306,0,10,350,0,360,289,0,289,649
07/14/2007,VRB,FL,ASO,ES,Towers with Radar,0,2,27,0,29,0,0,160,0,160,0,2,187,0,189,159,0,159,348
07/15/2007,VRB,FL,ASO,ES,Towers with Radar,0,4,24,0,28,0,0,101,0,101,0,4,125,0,129,70,0,70,199
07/16/2007,VRB,FL,ASO,ES,Towers with Radar,0,5,49,0,54,0,0,222,0,222,0,5,271,0,276,246,0,246,522
07/17/2007,VRB,FL,ASO,ES,Towers with Radar,0,12,60,0,72,0,0,184,1,185,0,12,244,1,257,302,0,302,559
07/18/2007,VRB,FL,ASO,ES,Towers with Radar,0,8,62,0,70,0,0,220,0,220,0,8,282,0,290,279,0,279,569
07/19/2007,VRB,FL,ASO,ES,Towers with Radar,0,9,78,0,87,0,0,209,0,209,0,9,287,0,296,307,0,307,603
07/20/2007,VRB,FL,ASO,ES,Towers with Radar,0,12,49,0,61,0,0,254,0,254,0,12,303,0,315,278,0,278,593
07/21/2007,VRB,FL,ASO,ES,Towers with Radar,0,2,21,0,23,0,0,104,0,104,0,2,125,0,127,105,0,105,232
07/22/2007,VRB,FL,ASO,ES,Towers with Radar,0,2,22,0,24,0,0,63,0,63,0,2,85,0,87,75,0,75,162
07/23/2007,VRB,FL,ASO,ES,Towers with Radar,0,8,49,0,57,0,2,111,0,113,0,10,160,0,170,184,0,184,354
07/24/2007,VRB,FL,ASO,ES,Towers with Radar,0,7,53,0,60,0,0,180,0,180,0,7,233,0,240,263,0,263,503
07/25/2007,VRB,FL,ASO,ES,Towers with Radar,0,7,32,0,39,0,0,223,0,223,0,7,255,0,262,238,0,238,500
07/26/2007,VRB,FL,ASO,ES,Towers with Radar,0,11,46,0,57,0,0,245,0,245,0,11,291,0,302,278,0,278,580
07/27/2007,VRB,FL,ASO,ES,Towers with Radar,0,6,36,0,42,0,0,135,0,135,0,6,171,0,177,125,0,125,302
07/28/2007,VRB,FL,ASO,ES,Towers with Radar,0,2,21,0,23,0,0,115,0,115,0,2,136,0,138,136,0,136,274
07/29/2007,VRB,FL,ASO,ES,Towers with Radar,0,3,23,0,26,0,0,78,0,78,0,3,101,0,104,44,0,44,148
07/30/2007,VRB,FL,ASO,ES,Towers with Radar,0,6,38,0,44,0,0,168,0,168,0,6,206,0,212,186,0,186,398
07/31/2007,VRB,FL,ASO,ES,Towers with Radar,0,9,31,0,40,0,0,154,0,154,0,9,185,0,194,191,0,191,385
08/01/2007,VRB,FL,ASO,ES,Towers with Radar,0,14,52,0,66,0,0,48,0,48,0,14,100,0,114,41,0,41,155
08/02/2007,VRB,FL,ASO,ES,Towers with Radar,0,6,30,0,36,0,0,217,1,218,0,6,247,1,254,159,0,159,413
08/03/2007,VRB,FL,ASO,ES,Towers with Radar,0,4,59,0,63,0,0,280,0,280,0,4,339,0,343,180,0,180,523
08/04/2007,VRB,FL,ASO,ES,Towers with Radar,0,6,42,0,48,0,0,173,0,173,0,6,215,0,221,146,0,146,367
08/05/2007,VRB,FL,ASO,ES,Towers with Radar,0,5,31,0,36,0,1,106,0,107,0,6,137,0,143,75,0,75,218
08/06/2007,VRB,FL,ASO,ES,Towers with Radar,0,8,54,0,62,0,2,218,0,220,0,10,272,0,282,226,0,226,508
08/07/2007,VRB,FL,ASO,ES,Towers with Radar,0,5,47,0,52,0,0,224,0,224,0,5,271,0,276,343,0,343,619
08/08/2007,VRB,FL,ASO,ES,Towers with Radar,0,6,66,0,72,0,0,202,0,202,0,6,268,0,274,271,0,271,545
08/09/2007,VRB,FL,ASO,ES,Towers with Radar,0,10,57,0,67,0,0,218,0,218,0,10,275,0,285,241,0,241,526
08/10/2007,VRB,FL,ASO,ES,Towers with Radar,0,4,43,0,47,0,0,255,0,255,0,4,298,0,302,131,0,131,433
08/11/2007,VRB,FL,ASO,ES,Towers with Radar,0,5,19,0,24,0,0,139,0,139,0,5,158,0,163,128,0,128,291
08/12/2007,VRB,FL,ASO,ES,Towers with Radar,0,1,31,0,32,0,0,65,0,65,0,1,96,0,97,103,0,103,200
08/13/2007,VRB,FL,ASO,ES,Towers with Radar,0,4,45,0,49,0,0,216,0,216,0,4,261,0,265,210,0,210,475
08/14/2007,VRB,FL,ASO,ES,Towers with Radar,0,5,47,0,52,0,0,176,0,176,0,5,223,0,228,244,0,244,472
08/15/2007,VRB,FL,ASO,ES,Towers with Radar,0,5,52,0,57,0,0,250,0,250,0,5,302,0,307,299,0,299,606
08/16/2007,VRB,FL,ASO,ES,Towers with Radar,0,10,38,0,48,0,0,246,0,246,0,10,284,0,294,209,0,209,503
08/17/2007,VRB,FL,ASO,ES,Towers with Radar,0,7,45,0,52,0,0,272,2,274,0,7,317,2,326,204,0,204,530
08/18/2007,VRB,FL,ASO,ES,Towers with Radar,0,2,28,0,30,0,0,131,0,131,0,2,159,0,161,119,0,119,280
08/19/2007,VRB,FL,ASO,ES,Towers with Radar,0,4,20,0,24,0,0,93,0,93,0,4,113,0,117,20,0,20,137
08/20/2007,VRB,FL,ASO,ES,Towers with Radar,0,6,56,0,62,0,0,171,0,171,0,6,227,0,233,257,0,257,490
08/21/2007,VRB,FL,ASO,ES,Towers with Radar,0,5,52,0,57,0,0,206,0,206,0,5,258,0,263,286,0,286,549
08/22/2007,VRB,FL,ASO,ES,Towers with Radar,0,7,36,0,43,0,0,226,0,226,0,7,262,0,269,308,0,308,577
08/23/2007,VRB,FL,ASO,ES,Towers with Radar,0,7,74,0,81,0,0,205,0,205,0,7,279,0,286,283,0,283,569
08/24/2007,VRB,FL,ASO,ES,Towers with Radar,0,3,60,0,63,0,0,208,0,208,0,3,268,0,271,216,0,216,487
08/25/2007,VRB,FL,ASO,ES,Towers with Radar,0,2,20,0,22,0,0,116,0,116,0,2,136,0,138,150,0,150,288
08/26/2007,VRB,FL,ASO,ES,Towers with Radar,0,2,26,0,28,0,0,81,0,81,0,2,107,0,109,99,0,99,208
08/27/2007,VRB,FL,ASO,ES,Towers with Radar,0,4,44,0,48,0,0,218,0,218,0,4,262,0,266,435,0,435,701
08/28/2007,VRB,FL,ASO,ES,Towers with Radar,0,7,49,0,56,0,0,224,0,224,0,7,273,0,280,311,0,311,591
08/29/2007,VRB,FL,ASO,ES,Towers with Radar,0,9,46,0,55,0,0,217,0,217,0,9,263,0,272,237,0,237,509
08/30/2007,VRB,FL,ASO,ES,Towers with Radar,0,9,58,0,67,0,1,253,0,254,0,10,311,0,321,237,0,237,558
08/31/2007,VRB,FL,ASO,ES,Towers with Radar,0,7,47,0,54,0,0,197,0,197,0,7,244,0,251,179,0,179,430
09/01/2007,VRB,FL,ASO,ES,Towers with Radar,0,2,45,0,47,0,0,93,0,93,0,2,138,0,140,132,0,132,272
09/02/2007,VRB,FL,ASO,ES,Towers with Radar,0,2,10,0,12,0,0,55,0,55,0,2,65,0,67,72,0,72,139
09/03/2007,VRB,FL,ASO,ES,Towers with Radar,0,5,23,0,28,0,0,64,0,64,0,5,87,0,92,31,0,31,123
09/04/2007,VRB,FL,ASO,ES,Towers with Radar,0,4,56,0,60,0,0,195,0,195,0,4,251,0,255,160,0,160,415
09/05/2007,VRB,FL,ASO,ES,Towers with Radar,0,10,58,0,68,0,0,180,0,180,0,10,238,0,248,217,0,217,465
09/06/2007,VRB,FL,ASO,ES,Towers with Radar,0,5,56,0,61,0,0,224,0,224,0,5,280,0,285,216,0,216,501
09/07/2007,VRB,FL,ASO,ES,Towers with Radar,0,5,54,0,59,0,0,178,0,178,0,5,232,0,237,184,0,184,421
09/08/2007,VRB,FL,ASO,ES,Towers with Radar,0,1,34,0,35,0,0,149,0,149,0,1,183,0,184,119,0,119,303
09/09/2007,VRB,FL,ASO,ES,Towers with Radar,0,1,20,0,21,0,0,73,0,73,0,1,93,0,94,31,0,31,125
09/10/2007,VRB,FL,ASO,ES,Towers with Radar,0,8,44,0,52,0,0,158,0,158,0,8,202,0,210,160,0,160,370
09/11/2007,VRB,FL,ASO,ES,Towers with Radar,0,6,72,0,78,0,0,194,0,194,0,6,266,0,272,202,0,202,474
09/12/2007,VRB,FL,ASO,ES,Towers with Radar,0,20,55,2,77,0,0,203,0,203,0,20,258,2,280,193,0,193,473
09/13/2007,VRB,FL,ASO,ES,Towers with Radar,0,4,54,8,66,0,0,215,0,215,0,4,269,8,281,204,0,204,485
09/14/2007,VRB,FL,ASO,ES,Towers with Radar,0,12,73,0,85,0,0,243,0,243,0,12,316,0,328,210,0,210,538
09/15/2007,VRB,FL,ASO,ES,Towers with Radar,0,4,52,0,56,0,0,170,0,170,0,4,222,0,226,140,0,140,366
09/16/2007,VRB,FL,ASO,ES,Towers with Radar,0,0,19,0,19,0,0,74,0,74,0,0,93,0,93,42,0,42,135
09/17/2007,VRB,FL,ASO,ES,Towers with Radar,0,6,71,0,77,0,0,148,0,148,0,6,219,0,225,125,0,125,350
09/18/2007,VRB,FL,ASO,ES,Towers with Radar,0,11,52,0,63,0,0,160,0,160,0,11,212,0,223,162,0,162,385
09/19/2007,VRB,FL,ASO,ES,Towers with Radar,0,8,66,0,74,0,0,127,0,127,0,8,193,0,201,182,0,182,383
09/20/2007,VRB,FL,ASO,ES,Towers with Radar,0,12,56,2,70,0,0,240,0,240,0,12,296,2,310,240,0,240,550
09/21/2007,VRB,FL,ASO,ES,Towers with Radar,0,14,30,2,46,0,0,181,0,181,0,14,211,2,227,111,0,111,338
09/22/2007,VRB,FL,ASO,ES,Towers with Radar,0,4,28,0,32,0,0,158,0,158,0,4,186,0,190,127,0,127,317
09/23/2007,VRB,FL,ASO,ES,Towers with Radar,0,14,16,0,30,0,0,21,0,21,0,14,37,0,51,32,0,32,83
09/24/2007,VRB,FL,ASO,ES,Towers with Radar,0,10,39,0,49,0,0,192,0,192,0,10,231,0,241,180,0,180,421
09/25/2007,VRB,FL,ASO,ES,Towers with Radar,0,8,41,2,51,0,0,213,0,213,0,8,254,2,264,270,0,270,534
09/26/2007,VRB,FL,ASO,ES,Towers with Radar,0,9,29,0,38,0,0,120,0,120,0,9,149,0,158,143,0,143,301
09/27/2007,VRB,FL,ASO,ES,Towers with Radar,0,7,47,0,54,0,0,252,0,252,0,7,299,0,306,341,0,341,647
09/28/2007,VRB,FL,ASO,ES,Towers with Radar,0,10,46,0,56,0,0,266,0,266,0,10,312,0,322,240,0,240,562
09/29/2007,VRB,FL,ASO,ES,Towers with Radar,0,6,26,0,32,0,0,129,0,129,0,6,155,0,161,115,0,115,276
09/30/2007,VRB,FL,ASO,ES,Towers with Radar,0,5,14,0,19,0,0,7,0,7,0,5,21,0,26,0,0,0,26
10/01/2007,VRB,FL,ASO,ES,Towers with Radar,0,4,29,0,33,0,0,103,0,103,0,4,132,0,136,105,0,105,241
10/02/2007,VRB,FL,ASO,ES,Towers with Radar,0,4,50,0,54,0,0,204,0,204,0,4,254,0,258,284,0,284,542
10/03/2007,VRB,FL,ASO,ES,Towers with Radar,0,5,70,0,75,0,0,240,0,240,0,5,310,0,315,333,0,333,648
10/04/2007,VRB,FL,ASO,ES,Towers with Radar,0,8,55,0,63,0,0,218,0,218,0,8,273,0,281,319,0,319,600
10/05/2007,VRB,FL,ASO,ES,Towers with Radar,0,8,63,2,73,0,0,124,0,124,0,8,187,2,197,79,0,79,276
10/06/2007,VRB,FL,ASO,ES,Towers with Radar,0,3,46,0,49,0,0,72,0,72,0,3,118,0,121,76,0,76,197
10/07/2007,VRB,FL,ASO,ES,Towers with Radar,0,7,26,0,33,0,0,36,0,36,0,7,62,0,69,47,0,47,116
10/08/2007,VRB,FL,ASO,ES,Towers with Radar,0,6,71,0,77,0,1,230,0,231,0,7,301,0,308,309,0,309,617
10/09/2007,VRB,FL,ASO,ES,Towers with Radar,0,5,56,0,61,0,0,258,0,258,0,5,314,0,319,297,0,297,616
10/10/2007,VRB,FL,ASO,ES,Towers with Radar,0,7,60,0,67,0,0,258,0,258,0,7,318,0,325,338,0,338,663
10/11/2007,VRB,FL,ASO,ES,Towers with Radar,0,6,63,0,69,0,0,277,0,277,0,6,340,0,346,336,0,336,682
10/12/2007,VRB,FL,ASO,ES,Towers with Radar,0,5,62,0,67,0,0,261,0,261,0,5,323,0,328,294,0,294,622
10/13/2007,VRB,FL,ASO,ES,Towers with Radar,0,4,41,0,45,0,0,152,0,152,0,4,193,0,197,103,0,103,300
10/14/2007,VRB,FL,ASO,ES,Towers with Radar,0,2,30,0,32,0,1,70,0,71,0,3,100,0,103,29,0,29,132
10/15/2007,VRB,FL,ASO,ES,Towers with Radar,0,8,54,0,62,0,0,196,0,196,0,8,250,0,258,165,0,165,423
10/16/2007,VRB,FL,ASO,ES,Towers with Radar,0,10,57,0,67,0,0,190,0,190,0,10,247,0,257,251,0,251,508
10/17/2007,VRB,FL,ASO,ES,Towers with Radar,0,7,74,0,81,0,0,220,0,220,0,7,294,0,301,178,0,178,479
10/18/2007,VRB,FL,ASO,ES,Towers with Radar,0,13,62,0,75,0,0,220,0,220,0,13,282,0,295,159,0,159,454
10/19/2007,VRB,FL,ASO,ES,Towers with Radar,0,10,48,0,58,0,0,235,0,235,0,10,283,0,293,257,0,257,550
10/20/2007,VRB,FL,ASO,ES,Towers with Radar,0,3,48,0,51,0,0,60,0,60,0,3,108,0,111,112,0,112,223
10/21/2007,VRB,FL,ASO,ES,Towers with Radar,0,16,43,0,59,0,0,78,0,78,0,16,121,0,137,203,0,203,340
10/22/2007,VRB,FL,ASO,ES,Towers with Radar,0,8,76,0,84,0,0,256,0,256,0,8,332,0,340,262,0,262,602
10/23/2007,VRB,FL,ASO,ES,Towers with Radar,0,18,80,0,98,0,0,250,0,250,0,18,330,0,348,393,0,393,741
10/24/2007,VRB,FL,ASO,ES,Towers with Radar,0,19,65,0,84,0,0,191,0,191,0,19,256,0,275,302,0,302,577
10/25/2007,VRB,FL,ASO,ES,Towers with Radar,0,11,91,0,102,0,1,130,0,131,0,12,221,0,233,333,0,333,566
10/26/2007,VRB,FL,ASO,ES,Towers with Radar,0,13,63,0,76,0,0,105,0,105,0,13,168,0,181,242,0,242,423
10/27/2007,VRB,FL,ASO,ES,Towers with Radar,0,9,47,0,56,0,0,171,0,171,0,9,218,0,227,256,0,256,483
10/28/2007,VRB,FL,ASO,ES,Towers with Radar,0,16,23,0,39,0,0,57,0,57,0,16,80,0,96,49,0,49,145
10/29/2007,VRB,FL,ASO,ES,Towers with Radar,0,13,64,0,77,0,0,143,0,143,0,13,207,0,220,95,0,95,315
10/30/2007,VRB,FL,ASO,ES,Towers with Radar,0,16,45,0,61,0,0,22,0,22,0,16,67,0,83,10,0,10,93
10/31/2007,VRB,FL,ASO,ES,Towers with Radar,0,16,41,0,57,0,0,24,0,24,0,16,65,0,81,9,0,9,90
11/01/2007,VRB,FL,ASO,ES,Towers with Radar,0,14,76,0,90,0,3,102,0,105,0,17,178,0,195,127,0,127,322
11/02/2007,VRB,FL,ASO,ES,Towers with Radar,0,15,79,0,94,0,0,94,0,94,0,15,173,0,188,28,0,28,216
11/03/2007,VRB,FL,ASO,ES,Towers with Radar,0,6,63,0,69,0,0,206,0,206,0,6,269,0,275,206,0,206,481
11/04/2007,VRB,FL,ASO,ES,Towers with Radar,0,16,32,0,48,0,1,141,0,142,0,17,173,0,190,125,0,125,315
11/05/2007,VRB,FL,ASO,ES,Towers with Radar,0,15,72,0,87,0,0,278,0,278,0,15,350,0,365,446,0,446,811
11/06/2007,VRB,FL,ASO,ES,Towers with Radar,0,28,58,0,86,0,1,286,0,287,0,29,344,0,373,460,0,460,833
11/07/2007,VRB,FL,ASO,ES,Towers with Radar,0,21,79,0,100,0,0,256,3,259,0,21,335,3,359,314,7,321,680
11/08/2007,VRB,FL,ASO,ES,Towers with Radar,0,12,98,0,110,0,2,280,2,284,0,14,378,2,394,267,0,267,661
11/09/2007,VRB,FL,ASO,ES,Towers with Radar,0,9,69,1,79,0,0,266,1,267,0,9,335,2,346,321,0,321,667
11/10/2007,VRB,FL,ASO,ES,Towers with Radar,0,11,43,0,54,0,0,159,0,159,0,11,202,0,213,185,0,185,398
11/11/2007,VRB,FL,ASO,ES,Towers with Radar,0,18,42,1,61,0,0,139,0,139,0,18,181,1,200,168,0,168,368
11/12/2007,VRB,FL,ASO,ES,Towers with Radar,0,10,87,0,97,0,0,248,0,248,0,10,335,0,345,259,0,259,604
11/13/2007,VRB,FL,ASO,ES,Towers with Radar,0,12,77,4,93,0,0,204,0,204,0,12,281,4,297,494,0,494,791
11/14/2007,VRB,FL,ASO,ES,Towers with Radar,0,13,79,0,92,0,0,237,0,237,0,13,316,0,329,428,0,428,757
11/15/2007,VRB,FL,ASO,ES,Towers with Radar,0,11,79,0,90,0,1,260,0,261,0,12,339,0,351,383,0,383,734
11/16/2007,VRB,FL,ASO,ES,Towers with Radar,0,13,77,0,90,0,0,223,0,223,0,13,300,0,313,237,0,237,550
11/17/2007,VRB,FL,ASO,ES,Towers with Radar,0,19,64,0,83,0,0,198,0,198,0,19,262,0,281,243,0,243,524
11/18/2007,VRB,FL,ASO,ES,Towers with Radar,0,8,37,0,45,0,0,109,0,109,0,8,146,0,154,135,0,135,289
11/19/2007,VRB,FL,ASO,ES,Towers with Radar,0,24,77,0,101,0,0,191,0,191,0,24,268,0,292,278,0,278,570
11/20/2007,VRB,FL,ASO,ES,Towers with Radar,0,24,86,0,110,0,0,219,0,219,0,24,305,0,329,286,0,286,615
11/21/2007,VRB,FL,ASO,ES,Towers with Radar,0,16,91,0,107,0,0,242,0,242,0,16,333,0,349,407,0,407,756
11/22/2007,VRB,FL,ASO,ES,Towers with Radar,0,2,8,0,10,0,0,37,0,37,0,2,45,0,47,31,0,31,78
11/23/2007,VRB,FL,ASO,ES,Towers with Radar,0,8,44,0,52,0,0,74,0,74,0,8,118,0,126,256,0,256,382
11/24/2007,VRB,FL,ASO,ES,Towers with Radar,0,12,62,0,74,0,0,159,0,159,0,12,221,0,233,69,0,69,302
11/25/2007,VRB,FL,ASO,ES,Towers with Radar,0,22,78,0,100,0,0,101,0,101,0,22,179,0,201,44,0,44,245
11/26/2007,VRB,FL,ASO,ES,Towers with Radar,0,16,78,0,94,0,0,233,0,233,0,16,311,0,327,303,0,303,630
11/27/2007,VRB,FL,ASO,ES,Towers with Radar,0,17,72,0,89,0,0,222,0,222,0,17,294,0,311,370,0,370,681
11/28/2007,VRB,FL,ASO,ES,Towers with Radar,0,10,74,0,84,0,0,249,0,249,0,10,323,0,333,366,0,366,699
11/29/2007,VRB,FL,ASO,ES,Towers with Radar,0,9,77,0,86,0,0,262,0,262,0,9,339,0,348,351,0,351,699
11/30/2007,VRB,FL,ASO,ES,Towers with Radar,0,13,84,0,97,0,0,178,0,178,0,13,262,0,275,199,0,199,474
12/01/2007,VRB,FL,ASO,ES,Towers with Radar,0,12,69,0,81,0,0,76,0,76,0,12,145,0,157,67,0,67,224
12/02/2007,VRB,FL,ASO,ES,Towers with Radar,0,12,36,0,48,0,0,126,0,126,0,12,162,0,174,122,0,122,296
12/03/2007,VRB,FL,ASO,ES,Towers with Radar,0,14,65,2,81,0,0,235,3,238,0,14,300,5,319,412,2,414,733
12/04/2007,VRB,FL,ASO,ES,Towers with Radar,0,15,56,0,71,0,0,245,0,245,0,15,301,0,316,230,0,230,546
12/05/2007,VRB,FL,ASO,ES,Towers with Radar,0,8,72,0,80,0,0,286,0,286,0,8,358,0,366,366,0,366,732
12/06/2007,VRB,FL,ASO,ES,Towers with Radar,0,12,48,0,60,0,4,271,0,275,0,16,319,0,335,310,0,310,645
12/07/2007,VRB,FL,ASO,ES,Towers with Radar,0,7,48,0,55,0,0,288,0,288,0,7,336,0,343,339,0,339,682
12/08/2007,VRB,FL,ASO,ES,Towers with Radar,0,3,68,0,71,0,0,197,0,197,0,3,265,0,268,180,0,180,448
12/09/2007,VRB,FL,ASO,ES,Towers with Radar,0,6,36,0,42,0,0,117,0,117,0,6,153,0,159,117,0,117,276
12/10/2007,VRB,FL,ASO,ES,Towers with Radar,0,13,55,0,68,0,0,197,0,197,0,13,252,0,265,259,0,259,524
12/11/2007,VRB,FL,ASO,ES,Towers with Radar,0,9,55,1,65,0,0,279,1,280,0,9,334,2,345,222,0,222,567
12/12/2007,VRB,FL,ASO,ES,Towers with Radar,0,15,60,2,77,0,0,228,0,228,0,15,288,2,305,429,0,429,734
12/13/2007,VRB,FL,ASO,ES,Towers with Radar,0,6,62,0,68,0,1,228,0,229,0,7,290,0,297,434,0,434,731
12/14/2007,VRB,FL,ASO,ES,Towers with Radar,0,15,90,0,105,0,0,50,0,50,0,15,140,0,155,113,0,113,268
12/15/2007,VRB,FL,ASO,ES,Towers with Radar,0,12,39,0,51,0,0,105,0,105,0,12,144,0,156,220,0,220,376
12/16/2007,VRB,FL,ASO,ES,Towers with Radar,0,8,20,0,28,0,0,38,0,38,0,8,58,0,66,75,0,75,141
12/17/2007,VRB,FL,ASO,ES,Towers with Radar,0,9,75,0,84,0,0,209,0,209,0,9,284,0,293,253,0,253,546
12/18/2007,VRB,FL,ASO,ES,Towers with Radar,0,9,41,0,50,0,0,250,0,250,0,9,291,0,300,373,0,373,673
12/19/2007,VRB,FL,ASO,ES,Towers with Radar,0,13,53,0,66,0,0,261,0,261,0,13,314,0,327,372,0,372,699
12/20/2007,VRB,FL,ASO,ES,Towers with Radar,0,18,51,0,69,0,0,210,0,210,0,18,261,0,279,315,0,315,594
12/21/2007,VRB,FL,ASO,ES,Towers with Radar,0,14,37,0,51,0,0,149,0,149,0,14,186,0,200,211,0,211,411
12/22/2007,VRB,FL,ASO,ES,Towers with Radar,0,13,56,0,69,0,0,69,0,69,0,13,125,0,138,28,0,28,166
12/23/2007,VRB,FL,ASO,ES,Towers with Radar,0,6,27,0,33,0,0,106,0,106,0,6,133,0,139,123,0,123,262
12/24/2007,VRB,FL,ASO,ES,Towers with Radar,0,11,14,0,25,0,1,25,0,26,0,12,39,0,51,48,0,48,99
12/25/2007,VRB,FL,ASO,ES,Towers with Radar,0,8,11,0,19,0,0,7,0,7,0,8,18,0,26,0,0,0,26
12/26/2007,VRB,FL,ASO,ES,Towers with Radar,0,25,80,0,105,0,2,50,0,52,0,27,130,0,157,114,0,114,271
12/27/2007,VRB,FL,ASO,ES,Towers with Radar,0,39,86,0,125,0,0,139,0,139,0,39,225,0,264,161,0,161,425
12/28/2007,VRB,FL,ASO,ES,Towers with Radar,0,25,48,0,73,0,2,162,0,164,0,27,210,0,237,183,0,183,420
12/29/2007,VRB,FL,ASO,ES,Towers with Radar,0,24,62,0,86,0,0,157,0,157,0,24,219,0,243,159,0,159,402
12/30/2007,VRB,FL,ASO,ES,Towers with Radar,0,20,39,0,59,0,0,74,0,74,0,20,113,0,133,90,0,90,223
12/31/2007,VRB,FL,ASO,ES,Towers with Radar,0,10,42,0,52,0,0,59,0,59,0,10,101,0,111,74,0,74,185
01/01/2008,VRB,FL,ASO,ES,Towers with Radar,0,21,26,0,47,0,0,22,0,22,0,21,48,0,69,18,0,18,87
01/02/2008,VRB,FL,ASO,ES,Towers with Radar,0,18,52,0,70,0,0,84,0,84,0,18,136,0,154,46,0,46,200
01/03/2008,VRB,FL,ASO,ES,Towers with Radar,0,5,40,0,45,0,1,112,0,113,0,6,152,0,158,26,0,26,184
01/04/2008,VRB,FL,ASO,ES,Towers with Radar,0,17,62,0,79,0,0,156,0,156,0,17,218,0,235,240,0,240,475
01/05/2008,VRB,FL,ASO,ES,Towers with Radar,0,16,73,0,89,0,0,76,0,76,0,16,149,0,165,105,0,105,270
01/06/2008,VRB,FL,ASO,ES,Towers with Radar,0,23,60,0,83,0,0,106,0,106,0,23,166,0,189,112,0,112,301
01/07/2008,VRB,FL,ASO,ES,Towers with Radar,0,9,55,0,64,0,0,168,0,168,0,9,223,0,232,343,0,343,575
01/08/2008,VRB,FL,ASO,ES,Towers with Radar,0,8,56,0,64,0,0,267,0,267,0,8,323,0,331,320,0,320,651
01/09/2008,VRB,FL,ASO,ES,Towers with Radar,0,20,55,0,75,0,0,265,0,265,0,20,320,0,340,392,0,392,732
01/10/2008,VRB,FL,ASO,ES,Towers with Radar,0,20,58,0,78,0,0,282,0,282,0,20,340,0,360,302,0,302,662
01/11/2008,VRB,FL,ASO,ES,Towers with Radar,0,10,62,2,74,0,0,304,0,304,0,10,366,2,378,184,0,184,562
01/12/2008,VRB,FL,ASO,ES,Towers with Radar,0,10,46,0,56,0,0,146,0,146,0,10,192,0,202,109,0,109,311
01/13/2008,VRB,FL,ASO,ES,Towers with Radar,0,15,49,0,64,0,0,35,0,35,0,15,84,0,99,75,0,75,174
01/14/2008,VRB,FL,ASO,ES,Towers with Radar,0,14,58,0,72,0,0,204,0,204,0,14,262,0,276,372,0,372,648
01/15/2008,VRB,FL,ASO,ES,Towers with Radar,0,13,67,0,80,0,0,298,0,298,0,13,365,0,378,280,0,280,658
01/16/2008,VRB,FL,ASO,ES,Towers with Radar,0,13,76,2,91,0,0,234,0,234,0,13,310,2,325,350,0,350,675
01/17/2008,VRB,FL,ASO,ES,Towers with Radar,0,19,80,0,99,0,1,117,0,118,0,20,197,0,217,143,0,143,360
01/18/2008,VRB,FL,ASO,ES,Towers with Radar,0,17,109,0,126,0,0,5,0,5,0,17,114,0,131,10,0,10,141
01/19/2008,VRB,FL,ASO,ES,Towers with Radar,0,6,39,0,45,0,0,92,0,92,0,6,131,0,137,119,0,119,256
01/20/2008,VRB,FL,ASO,ES,Towers with Radar,0,10,32,0,42,0,0,40,0,40,0,10,72,0,82,19,0,19,101
01/21/2008,VRB,FL,ASO,ES,Towers with Radar,0,23,71,0,94,0,0,181,0,181,0,23,252,0,275,114,0,114,389
01/22/2008,VRB,FL,ASO,ES,Towers with Radar,0,18,78,0,96,0,0,240,0,240,0,18,318,0,336,476,0,476,812
01/23/2008,VRB,FL,ASO,ES,Towers with Radar,0,17,108,0,125,0,0,174,0,174,0,17,282,0,299,285,0,285,584
01/24/2008,VRB,FL,ASO,ES,Towers with Radar,0,18,88,0,106,0,2,95,0,97,0,20,183,0,203,116,0,116,319
01/25/2008,VRB,FL,ASO,ES,Towers with Radar,0,19,78,0,97,0,0,264,0,264,0,19,342,0,361,109,0,109,470
01/26/2008,VRB,FL,ASO,ES,Towers with Radar,0,16,43,0,59,0,0,210,0,210,0,16,253,0,269,242,0,242,511
01/27/2008,VRB,FL,ASO,ES,Towers with Radar,0,12,54,0,66,0,0,48,0,48,0,12,102,0,114,3,0,3,117
01/28/2008,VRB,FL,ASO,ES,Towers with Radar,0,20,53,0,73,0,0,257,0,257,0,20,310,0,330,276,0,276,606
01/29/2008,VRB,FL,ASO,ES,Towers with Radar,0,16,61,0,77,0,0,294,0,294,0,16,355,0,371,192,0,192,563
01/30/2008,VRB,FL,ASO,ES,Towers with Radar,0,11,48,0,59,0,0,308,0,308,0,11,356,0,367,127,0,127,494
01/31/2008,VRB,FL,ASO,ES,Towers with Radar,0,17,45,0,62,0,0,259,0,259,0,17,304,0,321,310,0,310,631
02/01/2008,VRB,FL,ASO,ES,Towers with Radar,0,19,57,0,76,0,0,277,0,277,0,19,334,0,353,207,0,207,560
02/02/2008,VRB,FL,ASO,ES,Towers with Radar,0,10,42,0,52,0,0,218,0,218,0,10,260,0,270,163,0,163,433
02/03/2008,VRB,FL,ASO,ES,Towers with Radar,0,5,40,0,45,0,0,112,0,112,0,5,152,0,157,26,0,26,183
02/04/2008,VRB,FL,ASO,ES,Towers with Radar,0,12,48,0,60,0,0,233,0,233,0,12,281,0,293,322,0,322,615
02/05/2008,VRB,FL,ASO,ES,Towers with Radar,0,19,51,0,70,0,0,221,0,221,0,19,272,0,291,370,0,370,661
02/06/2008,VRB,FL,ASO,ES,Towers with Radar,0,19,52,0,71,0,0,185,0,185,0,19,237,0,256,192,0,192,448
02/07/2008,VRB,FL,ASO,ES,Towers with Radar,0,17,76,0,93,0,0,183,0,183,0,17,259,0,276,143,0,143,419
02/08/2008,VRB,FL,ASO,ES,Towers with Radar,0,14,73,2,89,0,0,119,0,119,0,14,192,2,208,204,2,206,414
02/09/2008,VRB,FL,ASO,ES,Towers with Radar,0,18,48,1,67,0,0,230,0,230,0,18,278,1,297,248,2,250,547
02/10/2008,VRB,FL,ASO,ES,Towers with Radar,0,17,32,3,52,0,0,142,0,142,0,17,174,3,194,43,0,43,237
02/11/2008,VRB,FL,ASO,ES,Towers with Radar,0,12,54,0,66,0,0,264,0,264,0,12,318,0,330,306,0,306,636
02/12/2008,VRB,FL,ASO,ES,Towers with Radar,0,10,60,0,70,0,0,84,0,84,0,10,144,0,154,195,0,195,349
02/13/2008,VRB,FL,ASO,ES,Towers with Radar,0,18,67,0,85,0,0,29,0,29,0,18,96,0,114,21,0,21,135
02/14/2008,VRB,FL,ASO,ES,Towers with Radar,0,20,96,0,116,0,0,348,0,348,0,20,444,0,464,359,0,359,823
02/15/2008,VRB,FL,ASO,ES,Towers with Radar,0,23,105,0,128,0,0,340,0,340,0,23,445,0,468,369,0,369,837
02/16/2008,VRB,FL,ASO,ES,Towers with Radar,0,7,59,0,66,0,0,253,0,253,0,7,312,0,319,179,0,179,498
02/17/2008,VRB,FL,ASO,ES,Towers with Radar,0,17,63,2,82,0,0,104,0,104,0,17,167,2,186,65,0,65,251
02/18/2008,VRB,FL,ASO,ES,Towers with Radar,0,30,78,0,108,0,0,104,0,104,0,30,182,0,212,158,0,158,370
02/19/2008,VRB,FL,ASO,ES,Towers with Radar,0,24,79,0,103,0,0,286,0,286,0,24,365,0,389,302,0,302,691
02/20/2008,VRB,FL,ASO,ES,Towers with Radar,0,15,71,0,86,0,0,316,0,316,0,15,387,0,402,253,0,253,655
02/21/2008,VRB,FL,ASO,ES,Towers with Radar,0,15,107,0,122,0,0,182,0,182,0,15,289,0,304,228,0,228,532
02/22/2008,VRB,FL,ASO,ES,Towers with Radar,0,14,87,0,101,0,0,236,0,236,0,14,323,0,337,187,0,187,524
02/23/2008,VRB,FL,ASO,ES,Towers with Radar,0,14,32,0,46,0,0,132,0,132,0,14,164,0,178,49,0,49,227
02/24/2008,VRB,FL,ASO,ES,Towers with Radar,0,30,60,0,90,0,0,63,0,63,0,30,123,0,153,39,0,39,192
02/25/2008,VRB,FL,ASO,ES,Towers with Radar,0,17,89,0,106,0,0,241,0,241,0,17,330,0,347,306,0,306,653
02/26/2008,VRB,FL,ASO,ES,Towers with Radar,0,13,44,0,57,0,0,112,0,112,0,13,156,0,169,82,0,82,251
02/27/2008,VRB,FL,ASO,ES,Towers with Radar,0,16,70,0,86,0,0,231,0,231,0,16,301,0,317,0,287,287,604
02/28/2008,VRB,FL,ASO,ES,Towers with Radar,0,13,77,0,90,0,0,267,0,267,0,13,344,0,357,291,0,291,648
02/29/2008,VRB,FL,ASO,ES,Towers with Radar,0,14,87,1,102,0,0,285,1,286,0,14,372,2,388,270,0,270,658
03/01/2008,VRB,FL,ASO,ES,Towers with Radar,0,7,52,0,59,0,0,249,0,249,0,7,301,0,308,152,0,152,460
03/02/2008,VRB,FL,ASO,ES,Towers with Radar,0,13,38,0,51,0,0,150,0,150,0,13,188,0,201,133,0,133,334
03/03/2008,VRB,FL,ASO,ES,Towers with Radar,0,12,66,0,78,0,0,183,0,183,0,12,249,0,261,257,0,257,518
03/04/2008,VRB,FL,ASO,ES,Towers with Radar,0,9,64,0,73,0,0,157,0,157,0,9,221,0,230,203,0,203,433
03/05/2008,VRB,FL,ASO,ES,Towers with Radar,0,17,89,0,106,0,0,208,0,208,0,17,297,0,314,400,0,400,714
03/06/2008,VRB,FL,ASO,ES,Towers with Radar,0,14,96,0,110,0,0,238,0,238,0,14,334,0,348,285,0,285,633
03/07/2008,VRB,FL,ASO,ES,Towers with Radar,0,18,61,0,79,0,0,98,0,98,0,18,159,0,177,69,0,69,246
03/08/2008,VRB,FL,ASO,ES,Towers with Radar,0,9,50,0,59,0,0,45,0,45,0,9,95,0,104,20,0,20,124
03/09/2008,VRB,FL,ASO,ES,Towers with Radar,0,20,51,0,71,0,0,102,0,102,0,20,153,0,173,32,0,32,205
03/10/2008,VRB,FL,ASO,ES,Towers with Radar,0,16,59,0,75,0,0,261,0,261,0,16,320,0,336,281,0,281,617
03/11/2008,VRB,FL,ASO,ES,Towers with Radar,0,14,94,6,114,0,0,248,0,248,0,14,342,6,362,374,0,374,736
03/12/2008,VRB,FL,ASO,ES,Towers with Radar,0,27,98,0,125,0,0,191,0,191,0,27,289,0,316,351,0,351,667
03/13/2008,VRB,FL,ASO,ES,Towers with Radar,0,22,81,0,103,0,0,304,0,304,0,22,385,0,407,397,0,397,804
03/14/2008,VRB,FL,ASO,ES,Towers with Radar,0,22,81,0,103,0,0,237,0,237,0,22,318,0,340,377,0,377,717
03/15/2008,VRB,FL,ASO,ES,Towers with Radar,0,13,51,0,64,0,0,177,0,177,0,13,228,0,241,121,0,121,362
03/16/2008,VRB,FL,ASO,ES,Towers with Radar,0,29,74,1,104,0,0,103,0,103,0,29,177,1,207,70,0,70,277
03/17/2008,VRB,FL,ASO,ES,Towers with Radar,0,22,38,0,60,0,1,210,0,211,0,23,248,0,271,166,0,166,437
03/18/2008,VRB,FL,ASO,ES,Towers with Radar,0,16,68,0,84,0,0,125,0,125,0,16,193,0,209,125,0,125,334
03/19/2008,VRB,FL,ASO,ES,Towers with Radar,0,13,51,0,64,0,0,192,1,193,0,13,243,1,257,87,0,87,344
03/20/2008,VRB,FL,ASO,ES,Towers with Radar,0,28,78,2,108,0,0,124,0,124,0,28,202,2,232,187,0,187,419
03/21/2008,VRB,FL,ASO,ES,Towers with Radar,0,15,86,0,101,0,0,313,0,313,0,15,399,0,414,297,0,297,711
03/22/2008,VRB,FL,ASO,ES,Towers with Radar,0,19,52,0,71,0,0,117,0,117,0,19,169,0,188,223,0,223,411
03/23/2008,VRB,FL,ASO,ES,Towers with Radar,0,30,26,0,56,0,0,49,0,49,0,30,75,0,105,62,0,62,167
03/24/2008,VRB,FL,ASO,ES,Towers with Radar,0,21,91,0,112,0,0,127,0,127,0,21,218,0,239,95,0,95,334
03/25/2008,VRB,FL,ASO,ES,Towers with Radar,0,21,77,0,98,0,0,319,0,319,0,21,396,0,417,157,0,157,574
03/26/2008,VRB,FL,ASO,ES,Towers with Radar,0,34,90,0,124,0,0,283,0,283,0,34,373,0,407,443,0,443,850
03/27/2008,VRB,FL,ASO,ES,Towers with Radar,0,18,93,0,111,0,0,300,0,300,0,18,393,0,411,303,0,303,714
03/28/2008,VRB,FL,ASO,ES,Towers with Radar,0,20,81,0,101,0,0,266,0,266,0,20,347,0,367,311,0,311,678
03/29/2008,VRB,FL,ASO,ES,Towers with Radar,0,16,42,2,60,0,0,152,0,152,0,16,194,2,212,181,0,181,393
03/30/2008,VRB,FL,ASO,ES,Towers with Radar,0,25,52,0,77,0,0,122,0,122,0,25,174,0,199,75,0,75,274
03/31/2008,VRB,FL,ASO,ES,Towers with Radar,0,18,86,0,104,0,0,183,1,184,0,18,269,1,288,213,0,213,501
04/01/2008,VRB,FL,ASO,ES,Towers with Radar,0,17,58,0,75,0,0,130,0,130,0,17,188,0,205,211,0,211,416
04/02/2008,VRB,FL,ASO,ES,Towers with Radar,0,19,54,1,74,0,0,190,0,190,0,19,244,1,264,353,0,353,617
04/03/2008,VRB,FL,ASO,ES,Towers with Radar,0,21,50,0,71,0,0,211,0,211,0,21,261,0,282,186,0,186,468
04/04/2008,VRB,FL,ASO,ES,Towers with Radar,0,12,81,0,93,0,0,243,0,243,0,12,324,0,336,139,0,139,475
04/05/2008,VRB,FL,ASO,ES,Towers with Radar,0,13,53,0,66,0,0,151,0,151,0,13,204,0,217,89,0,89,306
04/06/2008,VRB,FL,ASO,ES,Towers with Radar,0,17,41,0,58,0,0,70,0,70,0,17,111,0,128,56,0,56,184
04/07/2008,VRB,FL,ASO,ES,Towers with Radar,0,13,69,0,82,0,0,175,0,175,0,13,244,0,257,401,0,401,658
04/08/2008,VRB,FL,ASO,ES,Towers with Radar,0,17,75,0,92,0,0,111,0,111,0,17,186,0,203,121,0,121,324
04/09/2008,VRB,FL,ASO,ES,Towers with Radar,0,21,75,0,96,0,0,266,0,266,0,21,341,0,362,171,0,171,533
04/10/2008,VRB,FL,ASO,ES,Towers with Radar,0,0,0,0,0,0,14,224,4,242,0,14,224,4,242,278,0,278,520
04/11/2008,VRB,FL,ASO,ES,Towers with Radar,0,27,63,0,90,0,0,271,0,271,0,27,334,0,361,337,0,337,698
04/12/2008,VRB,FL,ASO,ES,Towers with Radar,0,12,34,0,46,0,0,175,0,175,0,12,209,0,221,102,0,102,323
04/13/2008,VRB,FL,ASO,ES,Towers with Radar,0,22,41,0,63,0,0,57,0,57,0,22,98,0,120,6,0,6,126
04/14/2008,VRB,FL,ASO,ES,Towers with Radar,0,20,86,0,106,0,0,224,6,230,0,20,310,6,336,311,0,311,647
04/15/2008,VRB,FL,ASO,ES,Towers with Radar,0,21,42,0,63,0,0,216,0,216,0,21,258,0,279,181,0,181,460
04/16/2008,VRB,FL,ASO,ES,Towers with Radar,0,21,59,0,80,0,0,135,9,144,0,21,194,9,224,108,0,108,332
04/17/2008,VRB,FL,ASO,ES,Towers with Radar,0,23,76,0,99,0,0,297,0,297,0,23,373,0,396,205,0,205,601
04/18/2008,VRB,FL,ASO,ES,Towers with Radar,0,9,97,0,106,0,0,283,0,283,0,9,380,0,389,350,0,350,739
04/19/2008,VRB,FL,ASO,ES,Towers with Radar,0,16,31,0,47,0,0,149,0,149,0,16,180,0,196,160,0,160,356
04/20/2008,VRB,FL,ASO,ES,Towers with Radar,0,10,27,0,37,0,0,94,0,94,0,10,121,0,131,47,0,47,178
04/21/2008,VRB,FL,ASO,ES,Towers with Radar,0,11,66,0,77,0,0,250,0,250,0,11,316,0,327,275,0,275,602
04/22/2008,VRB,FL,ASO,ES,Towers with Radar,0,14,54,0,68,0,0,283,0,283,0,14,337,0,351,202,0,202,553
04/23/2008,VRB,FL,ASO,ES,Towers with Radar,0,11,90,0,101,0,0,246,0,246,0,11,336,0,347,181,0,181,528
04/24/2008,VRB,FL,ASO,ES,Towers with Radar,0,19,102,0,121,0,0,243,0,243,0,19,345,0,364,232,0,232,596
04/25/2008,VRB,FL,ASO,ES,Towers with Radar,0,12,77,0,89,0,0,240,0,240,0,12,317,0,329,336,0,336,665
04/26/2008,VRB,FL,ASO,ES,Towers with Radar,0,12,61,0,73,0,0,170,0,170,0,12,231,0,243,192,0,192,435
04/27/2008,VRB,FL,ASO,ES,Towers with Radar,0,28,37,0,65,0,0,104,0,104,0,28,141,0,169,46,0,46,215
04/28/2008,VRB,FL,ASO,ES,Towers with Radar,0,15,56,0,71,0,0,175,0,175,0,15,231,0,246,129,1,130,376
04/29/2008,VRB,FL,ASO,ES,Towers with Radar,0,22,119,0,141,0,0,151,0,151,0,22,270,0,292,200,0,200,492
04/30/2008,VRB,FL,ASO,ES,Towers with Radar,0,18,87,0,105,0,0,282,0,282,0,18,369,0,387,160,0,160,547
05/01/2008,VRB,FL,ASO,ES,Towers with Radar,0,20,101,0,121,0,0,218,0,218,0,20,319,0,339,323,0,323,662
05/02/2008,VRB,FL,ASO,ES,Towers with Radar,0,13,76,0,89,0,0,201,0,201,0,13,277,0,290,353,0,353,643
05/03/2008,VRB,FL,ASO,ES,Towers with Radar,0,12,29,0,41,0,0,111,0,111,0,12,140,0,152,95,0,95,247
05/04/2008,VRB,FL,ASO,ES,Towers with Radar,0,24,38,0,62,0,0,93,0,93,0,24,131,0,155,100,0,100,255
05/05/2008,VRB,FL,ASO,ES,Towers with Radar,0,11,89,0,100,0,0,223,0,223,0,11,312,0,323,313,0,313,636
05/06/2008,VRB,FL,ASO,ES,Towers with Radar,0,20,70,0,90,0,0,257,0,257,0,20,327,0,347,378,0,378,725
05/07/2008,VRB,FL,ASO,ES,Towers with Radar,0,10,95,0,105,0,0,259,0,259,0,10,354,0,364,271,0,271,635
05/08/2008,VRB,FL,ASO,ES,Towers with Radar,0,13,82,0,95,0,0,230,0,230,0,13,312,0,325,184,0,184,509
05/09/2008,VRB,FL,ASO,ES,Towers with Radar,0,10,100,0,110,0,0,148,0,148,0,10,248,0,258,178,0,178,436
05/10/2008,VRB,FL,ASO,ES,Towers with Radar,0,4,64,0,68,0,0,136,0,136,0,4,200,0,204,184,0,184,388
05/11/2008,VRB,FL,ASO,ES,Towers with Radar,0,5,33,0,38,0,0,73,0,73,0,5,106,0,111,0,31,31,142
05/12/2008,VRB,FL,ASO,ES,Towers with Radar,0,5,75,2,82,0,0,193,2,195,0,5,268,4,277,0,208,208,485
05/13/2008,VRB,FL,ASO,ES,Towers with Radar,0,10,87,0,97,0,0,217,0,217,0,10,304,0,314,204,0,204,518
05/14/2008,VRB,FL,ASO,ES,Towers with Radar,0,7,74,0,81,0,0,260,0,260,0,7,334,0,341,295,0,295,636
05/15/2008,VRB,FL,ASO,ES,Towers with Radar,0,18,91,0,109,0,0,230,0,230,0,18,321,0,339,134,0,134,473
05/16/2008,VRB,FL,ASO,ES,Towers with Radar,0,16,69,0,85,0,0,245,0,245,0,16,314,0,330,156,0,156,486
05/17/2008,VRB,FL,ASO,ES,Towers with Radar,0,7,62,0,69,0,0,92,0,92,0,7,154,0,161,196,0,196,357
05/18/2008,VRB,FL,ASO,ES,Towers with Radar,0,4,45,0,49,0,0,45,0,45,0,4,90,0,94,84,0,84,178
05/19/2008,VRB,FL,ASO,ES,Towers with Radar,0,8,58,0,66,0,0,90,0,90,0,8,148,0,156,150,0,150,306
05/20/2008,VRB,FL,ASO,ES,Towers with Radar,0,10,68,0,78,0,0,127,5,132,0,10,195,5,210,105,0,105,315
05/21/2008,VRB,FL,ASO,ES,Towers with Radar,0,21,74,0,95,0,0,211,3,214,0,21,285,3,309,136,0,136,445
05/22/2008,VRB,FL,ASO,ES,Towers with Radar,0,15,68,0,83,0,0,215,0,215,0,15,283,0,298,306,0,306,604
05/23/2008,VRB,FL,ASO,ES,Towers with Radar,0,16,63,0,79,0,0,207,0,207,0,16,270,0,286,299,0,299,585
05/24/2008,VRB,FL,ASO,ES,Towers with Radar,0,10,34,2,46,0,0,100,0,100,0,10,134,2,146,134,0,134,280
05/25/2008,VRB,FL,ASO,ES,Towers with Radar,0,5,30,0,35,0,0,60,0,60,0,5,90,0,95,42,0,42,137
05/26/2008,VRB,FL,ASO,ES,Towers with Radar,0,10,38,0,48,0,0,112,0,112,0,10,150,0,160,72,0,72,232
05/27/2008,VRB,FL,ASO,ES,Towers with Radar,0,19,93,0,112,0,0,226,0,226,0,19,319,0,338,228,0,228,566
05/28/2008,VRB,FL,ASO,ES,Towers with Radar,0,9,83,0,92,0,0,226,0,226,0,9,309,0,318,319,0,319,637
05/29/2008,VRB,FL,ASO,ES,Towers with Radar,0,9,85,0,94,0,0,212,0,212,0,9,297,0,306,168,0,168,474
05/30/2008,VRB,FL,ASO,ES,Towers with Radar,0,3,102,0,105,0,0,232,0,232,0,3,334,0,337,361,0,361,698
05/31/2008,VRB,FL,ASO,ES,Towers with Radar,0,5,53,0,58,0,0,163,0,163,0,5,216,0,221,156,0,156,377
06/01/2008,VRB,FL,ASO,ES,Towers with Radar,0,7,27,0,34,0,0,140,0,140,0,7,167,0,174,96,0,96,270
06/02/2008,VRB,FL,ASO,ES,Towers with Radar,0,6,87,0,93,0,0,157,0,157,0,6,244,0,250,184,0,184,434
06/03/2008,VRB,FL,ASO,ES,Towers with Radar,0,7,93,0,100,0,0,230,0,230,0,7,323,0,330,365,0,365,695
06/04/2008,VRB,FL,ASO,ES,Towers with Radar,0,13,101,0,114,0,0,269,0,269,0,13,370,0,383,283,0,283,666
06/05/2008,VRB,FL,ASO,ES,Towers with Radar,0,7,85,0,92,0,0,253,0,253,0,7,338,0,345,251,0,251,596
06/06/2008,VRB,FL,ASO,ES,Towers with Radar,0,11,58,0,69,0,0,204,0,204,0,11,262,0,273,260,0,260,533
06/07/2008,VRB,FL,ASO,ES,Towers with Radar,0,5,44,0,49,0,0,129,0,129,0,5,173,0,178,130,0,130,308
06/08/2008,VRB,FL,ASO,ES,Towers with Radar,0,4,37,0,41,0,0,108,0,108,0,4,145,0,149,154,0,154,303
06/09/2008,VRB,FL,ASO,ES,Towers with Radar,0,6,47,0,53,0,0,185,0,185,0,6,232,0,238,403,0,403,641
06/10/2008,VRB,FL,ASO,ES,Towers with Radar,0,6,73,0,79,0,0,198,2,200,0,6,271,2,279,215,0,215,494
06/11/2008,VRB,FL,ASO,ES,Towers with Radar,0,11,79,0,90,0,0,251,0,251,0,11,330,0,341,270,0,270,611
06/12/2008,VRB,FL,ASO,ES,Towers with Radar,0,11,39,2,52,0,0,189,0,189,0,11,228,2,241,246,0,246,487
06/13/2008,VRB,FL,ASO,ES,Towers with Radar,0,8,69,0,77,0,0,256,0,256,0,8,325,0,333,288,0,288,621
06/14/2008,VRB,FL,ASO,ES,Towers with Radar,0,5,61,0,66,0,0,156,0,156,0,5,217,0,222,349,0,349,571
06/15/2008,VRB,FL,ASO,ES,Towers with Radar,0,6,36,0,42,0,0,88,0,88,0,6,124,0,130,42,0,42,172
06/16/2008,VRB,FL,ASO,ES,Towers with Radar,0,9,60,0,69,0,0,202,0,202,0,9,262,0,271,268,0,268,539
06/17/2008,VRB,FL,ASO,ES,Towers with Radar,0,4,45,0,49,0,0,202,0,202,0,4,247,0,251,350,0,350,601
06/18/2008,VRB,FL,ASO,ES,Towers with Radar,0,14,40,0,54,0,0,173,0,173,0,14,213,0,227,221,0,221,448
06/19/2008,VRB,FL,ASO,ES,Towers with Radar,0,6,96,0,102,0,0,161,0,161,0,6,257,0,263,143,0,143,419
06/20/2008,VRB,FL,ASO,ES,Towers with Radar,0,5,55,0,60,0,0,227,0,227,0,5,282,0,287,395,0,395,682
06/21/2008,VRB,FL,ASO,ES,Towers with Radar,0,3,43,0,46,0,0,95,0,95,0,3,138,0,141,139,0,139,280
06/22/2008,VRB,FL,ASO,ES,Towers with Radar,0,7,31,0,38,0,0,71,0,71,0,7,102,0,109,33,0,33,142
06/23/2008,VRB,FL,ASO,ES,Towers with Radar,0,5,57,0,62,0,0,200,0,200,0,5,257,0,262,165,0,165,427
06/24/2008,VRB,FL,ASO,ES,Towers with Radar,0,6,79,0,85,0,0,246,0,246,0,6,325,0,331,441,0,441,772
06/25/2008,VRB,FL,ASO,ES,Towers with Radar,0,7,63,0,70,0,0,250,0,250,0,7,313,0,320,220,0,220,540
06/26/2008,VRB,FL,ASO,ES,Towers with Radar,0,6,36,0,42,0,0,94,0,94,0,6,130,0,136,83,0,83,219
06/27/2008,VRB,FL,ASO,ES,Towers with Radar,0,9,88,0,97,0,0,238,0,238,0,9,326,0,335,324,0,324,659
06/28/2008,VRB,FL,ASO,ES,Towers with Radar,0,2,40,0,42,0,0,130,0,130,0,2,170,0,172,105,0,105,277
06/29/2008,VRB,FL,ASO,ES,Towers with Radar,0,3,21,0,24,0,0,77,0,77,0,3,98,0,101,57,0,57,158
06/30/2008,VRB,FL,ASO,ES,Towers with Radar,0,5,61,0,66,0,0,222,0,222,0,5,283,0,288,198,0,198,486
07/01/2008,VRB,FL,ASO,ES,Towers with Radar,0,10,51,0,61,0,0,142,0,142,0,10,193,0,203,185,0,185,388
07/02/2008,VRB,FL,ASO,ES,Towers with Radar,0,7,54,0,61,0,0,272,0,272,0,7,326,0,333,219,0,219,552
07/03/2008,VRB,FL,ASO,ES,Towers with Radar,0,8,56,0,64,0,0,172,0,172,0,8,228,0,236,167,0,167,403
07/04/2008,VRB,FL,ASO,ES,Towers with Radar,0,2,33,0,35,0,0,77,0,77,0,2,110,0,112,73,0,73,185
07/05/2008,VRB,FL,ASO,ES,Towers with Radar,0,3,44,0,47,0,0,136,0,136,0,3,180,0,183,33,0,33,216
07/06/2008,VRB,FL,ASO,ES,Towers with Radar,0,3,24,0,27,0,0,103,0,103,0,3,127,0,130,93,0,93,223
07/07/2008,VRB,FL,ASO,ES,Towers with Radar,0,5,67,0,72,0,0,176,0,176,0,5,243,0,248,252,0,252,500
07/08/2008,VRB,FL,ASO,ES,Towers with Radar,0,5,62,0,67,0,1,139,0,140,0,6,201,0,207,236,0,236,443
07/09/2008,VRB,FL,ASO,ES,Towers with Radar,0,7,96,0,103,0,0,302,1,303,0,7,398,1,406,238,0,238,644
07/10/2008,VRB,FL,ASO,ES,Towers with Radar,0,8,70,0,78,0,0,272,0,272,0,8,342,0,350,309,0,309,659
07/11/2008,VRB,FL,ASO,ES,Towers with Radar,0,7,78,0,85,0,0,240,0,240,0,7,318,0,325,248,0,248,573
07/12/2008,VRB,FL,ASO,ES,Towers with Radar,0,8,29,0,37,0,0,119,0,119,0,8,148,0,156,67,0,67,223
07/13/2008,VRB,FL,ASO,ES,Towers with Radar,0,3,31,0,34,0,0,127,0,127,0,3,158,0,161,80,0,80,241
07/14/2008,VRB,FL,ASO,ES,Towers with Radar,0,6,81,0,87,0,0,181,0,181,0,6,262,0,268,228,0,228,496
07/15/2008,VRB,FL,ASO,ES,Towers with Radar,0,7,81,0,88,0,0,129,0,129,0,7,210,0,217,127,0,127,344
07/16/2008,VRB,FL,ASO,ES,Towers with Radar,0,6,61,2,69,0,0,115,0,115,0,6,176,2,184,89,0,89,273
07/17/2008,VRB,FL,ASO,ES,Towers with Radar,0,8,78,0,86,0,0,242,0,242,0,8,320,0,328,208,0,208,536
07/18/2008,VRB,FL,ASO,ES,Towers with Radar,0,6,84,0,90,0,0,253,0,253,0,6,337,0,343,115,0,115,458
07/19/2008,VRB,FL,ASO,ES,Towers with Radar,0,7,46,0,53,0,0,195,0,195,0,7,241,0,248,166,0,166,414
07/20/2008,VRB,FL,ASO,ES,Towers with Radar,0,4,28,0,32,0,0,135,0,135,0,4,163,0,167,197,0,197,364
07/21/2008,VRB,FL,ASO,ES,Towers with Radar,0,4,61,0,65,0,0,187,0,187,0,4,248,0,252,184,0,184,436
07/22/2008,VRB,FL,ASO,ES,Towers with Radar,0,4,67,0,71,0,0,195,0,195,0,4,262,0,266,199,0,199,465
07/23/2008,VRB,FL,ASO,ES,Towers with Radar,0,6,104,0,110,0,0,260,0,260,0,6,364,0,370,348,0,348,718
07/24/2008,VRB,FL,ASO,ES,Towers with Radar,0,5,96,0,101,0,0,233,0,233,0,5,329,0,334,328,0,328,662
07/25/2008,VRB,FL,ASO,ES,Towers with Radar,0,4,79,0,83,0,0,215,0,215,0,4,294,0,298,293,0,293,591
07/26/2008,VRB,FL,ASO,ES,Towers with Radar,0,1,42,0,43,0,0,189,0,189,0,1,231,0,232,163,0,163,395
07/27/2008,VRB,FL,ASO,ES,Towers with Radar,0,3,21,0,24,0,0,101,0,101,0,3,122,0,125,47,0,47,172
07/28/2008,VRB,FL,ASO,ES,Towers with Radar,0,5,82,0,87,0,0,168,0,168,0,5,250,0,255,169,0,169,424
07/29/2008,VRB,FL,ASO,ES,Towers with Radar,0,4,67,0,71,0,0,217,2,219,0,4,284,2,290,170,0,170,460
07/30/2008,VRB,FL,ASO,ES,Towers with Radar,0,10,92,0,102,0,0,251,0,251,0,10,343,0,353,310,0,310,663
07/31/2008,VRB,FL,ASO,ES,Towers with Radar,0,8,79,0,87,0,0,320,0,320,0,8,399,0,407,363,0,363,770
08/01/2008,VRB,FL,ASO,ES,Towers with Radar,0,9,73,0,82,0,0,264,2,266,0,9,337,2,348,252,0,252,600
08/02/2008,VRB,FL,ASO,ES,Towers with Radar,0,2,33,0,35,0,0,160,0,160,0,2,193,0,195,125,0,125,320
08/03/2008,VRB,FL,ASO,ES,Towers with Radar,0,3,22,0,25,0,0,114,0,114,0,3,136,0,139,152,0,152,291
08/04/2008,VRB,FL,ASO,ES,Towers with Radar,0,6,88,0,94,0,0,196,0,196,0,6,284,0,290,309,0,309,599
08/05/2008,VRB,FL,ASO,ES,Towers with Radar,0,6,92,0,98,0,0,263,0,263,0,6,355,0,361,272,0,272,633
08/06/2008,VRB,FL,ASO,ES,Towers with Radar,0,6,96,0,102,0,0,334,0,334,0,6,430,0,436,387,0,387,823
08/07/2008,VRB,FL,ASO,ES,Towers with Radar,0,5,93,0,98,0,0,294,0,294,0,5,387,0,392,357,0,357,749
08/08/2008,VRB,FL,ASO,ES,Towers with Radar,0,10,82,0,92,0,0,208,0,208,0,10,290,0,300,260,0,260,560
08/09/2008,VRB,FL,ASO,ES,Towers with Radar,0,2,39,0,41,0,0,108,0,108,0,2,147,0,149,167,0,167,316
08/10/2008,VRB,FL,ASO,ES,Towers with Radar,0,2,41,0,43,0,0,121,0,121,0,2,162,0,164,198,0,198,362
08/11/2008,VRB,FL,ASO,ES,Towers with Radar,0,7,78,0,85,0,0,287,0,287,0,7,365,0,372,313,0,313,685
08/12/2008,VRB,FL,ASO,ES,Towers with Radar,0,9,63,0,72,0,0,222,0,222,0,9,285,0,294,296,0,296,590
08/13/2008,VRB,FL,ASO,ES,Towers with Radar,0,8,85,0,93,0,0,282,1,283,0,8,367,1,376,359,0,359,735
08/14/2008,VRB,FL,ASO,ES,Towers with Radar,0,4,75,0,79,0,0,268,0,268,0,4,343,0,347,335,0,335,682
08/15/2008,VRB,FL,ASO,ES,Towers with Radar,0,6,71,0,77,0,0,194,0,194,0,6,265,0,271,236,0,236,507
08/16/2008,VRB,FL,ASO,ES,Towers with Radar,0,6,48,0,54,0,0,177,0,177,0,6,225,0,231,219,0,219,450
08/17/2008,VRB,FL,ASO,ES,Towers with Radar,0,4,36,0,40,0,0,153,0,153,0,4,189,0,193,172,0,172,365
08/18/2008,VRB,FL,ASO,ES,Towers with Radar,0,1,29,0,30,0,0,108,0,108,0,1,137,0,138,264,0,264,402
08/19/2008,VRB,FL,ASO,ES,Towers with Radar,0,0,0,0,0,0,0,0,0,0,0,0,0,0,0,0,0,0,0
08/20/2008,VRB,FL,ASO,ES,Towers with Radar,0,2,5,0,7,0,0,0,0,0,0,2,5,0,7,0,0,0,7
08/21/2008,VRB,FL,ASO,ES,Towers with Radar,0,2,29,0,31,0,14,0,0,14,0,16,29,0,45,14,0,14,59
08/22/2008,VRB,FL,ASO,ES,Towers with Radar,0,7,45,0,52,0,0,111,0,111,0,7,156,0,163,137,0,137,300
08/23/2008,VRB,FL,ASO,ES,Towers with Radar,0,1,54,0,55,0,0,176,0,176,0,1,230,0,231,289,0,289,520
08/24/2008,VRB,FL,ASO,ES,Towers with Radar,0,1,35,0,36,0,0,187,0,187,0,1,222,0,223,303,0,303,526
08/25/2008,VRB,FL,ASO,ES,Towers with Radar,0,4,100,0,104,0,0,238,0,238,0,4,338,0,342,364,0,364,706
08/26/2008,VRB,FL,ASO,ES,Towers with Radar,0,8,83,0,91,0,0,278,0,278,0,8,361,0,369,375,0,375,744
08/27/2008,VRB,FL,ASO,ES,Towers with Radar,0,10,81,1,92,0,0,252,0,252,0,10,333,1,344,225,0,225,569
08/28/2008,VRB,FL,ASO,ES,Towers with Radar,0,9,70,0,79,0,2,277,0,279,0,11,347,0,358,356,0,356,714
08/29/2008,VRB,FL,ASO,ES,Towers with Radar,0,10,84,0,94,0,0,245,0,245,0,10,329,0,339,351,0,351,690
08/30/2008,VRB,FL,ASO,ES,Towers with Radar,0,2,38,0,40,0,0,146,0,146,0,2,184,0,186,242,0,242,428
08/31/2008,VRB,FL,ASO,ES,Towers with Radar,0,4,28,0,32,0,0,40,0,40,0,4,68,0,72,82,0,82,154
09/01/2008,VRB,FL,ASO,ES,Towers with Radar,0,4,40,0,44,0,0,53,0,53,0,4,93,0,97,109,0,109,206
09/02/2008,VRB,FL,ASO,ES,Towers with Radar,0,8,66,0,74,0,0,220,1,221,0,8,286,1,295,265,0,265,560
09/03/2008,VRB,FL,ASO,ES,Towers with Radar,0,8,43,0,51,0,0,238,0,238,0,8,281,0,289,315,0,315,604
09/04/2008,VRB,FL,ASO,ES,Towers with Radar,0,5,47,0,52,0,0,189,0,189,0,5,236,0,241,138,0,138,379
09/05/2008,VRB,FL,ASO,ES,Towers with Radar,0,5,40,0,45,0,0,13,0,13,0,5,53,0,58,44,0,44,102
09/06/2008,VRB,FL,ASO,ES,Towers with Radar,0,6,61,0,67,0,0,212,0,212,0,6,273,0,279,277,0,277,556
09/07/2008,VRB,FL,ASO,ES,Towers with Radar,0,2,30,0,32,0,0,199,0,199,0,2,229,0,231,258,0,258,489
09/08/2008,VRB,FL,ASO,ES,Towers with Radar,0,6,37,0,43,0,0,201,0,201,0,6,238,0,244,227,0,227,471
09/09/2008,VRB,FL,ASO,ES,Towers with Radar,0,7,52,0,59,0,0,106,0,106,0,7,158,0,165,106,0,106,271
09/10/2008,VRB,FL,ASO,ES,Towers with Radar,0,6,53,0,59,0,0,127,0,127,0,6,180,0,186,246,0,246,432
09/11/2008,VRB,FL,ASO,ES,Towers with Radar,0,7,50,0,57,0,0,252,0,252,0,7,302,0,309,374,0,374,683
09/12/2008,VRB,FL,ASO,ES,Towers with Radar,0,4,96,0,100,0,0,284,0,284,0,4,380,0,384,334,0,334,718
09/13/2008,VRB,FL,ASO,ES,Towers with Radar,0,3,27,0,30,0,0,223,0,223,0,3,250,0,253,222,0,222,475
09/14/2008,VRB,FL,ASO,ES,Towers with Radar,0,4,36,0,40,0,0,211,0,211,0,4,247,0,251,126,0,126,377
09/15/2008,VRB,FL,ASO,ES,Towers with Radar,0,5,72,0,77,0,0,262,0,262,0,5,334,0,339,346,0,346,685
09/16/2008,VRB,FL,ASO,ES,Towers with Radar,0,5,90,0,95,0,0,271,0,271,0,5,361,0,366,361,0,361,727
09/17/2008,VRB,FL,ASO,ES,Towers with Radar,0,7,98,0,105,0,0,261,0,261,0,7,359,0,366,378,0,378,744
09/18/2008,VRB,FL,ASO,ES,Towers with Radar,0,4,86,0,90,0,0,245,0,245,0,4,331,0,335,192,0,192,527
09/19/2008,VRB,FL,ASO,ES,Towers with Radar,0,4,103,0,107,0,0,256,0,256,0,4,359,0,363,254,0,254,617
09/20/2008,VRB,FL,ASO,ES,Towers with Radar,0,2,65,0,67,0,0,221,0,221,0,2,286,0,288,239,0,239,527
09/21/2008,VRB,FL,ASO,ES,Towers with Radar,0,6,39,0,45,0,0,171,0,171,0,6,210,0,216,229,0,229,445
09/22/2008,VRB,FL,ASO,ES,Towers with Radar,0,4,80,0,84,0,0,197,0,197,0,4,277,0,281,269,0,269,550
09/23/2008,VRB,FL,ASO,ES,Towers with Radar,0,6,87,0,93,0,0,204,0,204,0,6,291,0,297,197,0,197,494
09/24/2008,VRB,FL,ASO,ES,Towers with Radar,0,8,54,0,62,0,0,111,0,111,0,8,165,0,173,66,0,66,239
09/25/2008,VRB,FL,ASO,ES,Towers with Radar,0,6,99,0,105,0,0,285,0,285,0,6,384,0,390,222,0,222,612
09/26/2008,VRB,FL,ASO,ES,Towers with Radar,0,5,87,0,92,0,0,287,0,287,0,5,374,0,379,316,0,316,695
09/27/2008,VRB,FL,ASO,ES,Towers with Radar,0,1,51,0,52,0,0,181,0,181,0,1,232,0,233,121,0,121,354
09/28/2008,VRB,FL,ASO,ES,Towers with Radar,0,0,38,0,38,0,0,95,0,95,0,0,133,0,133,307,0,307,440
09/29/2008,VRB,FL,ASO,ES,Towers with Radar,0,4,89,0,93,0,0,190,0,190,0,4,279,0,283,281,0,281,564
09/30/2008,VRB,FL,ASO,ES,Towers with Radar,0,6,114,0,120,0,0,89,0,89,0,6,203,0,209,279,0,279,488
10/01/2008,VRB,FL,ASO,ES,Towers with Radar,0,6,105,2,113,0,0,242,0,242,0,6,347,2,355,358,1,359,714
10/02/2008,VRB,FL,ASO,ES,Towers with Radar,0,7,78,0,85,0,0,332,0,332,0,7,410,0,417,376,0,376,793
10/03/2008,VRB,FL,ASO,ES,Towers with Radar,0,7,107,0,114,0,0,264,0,264,0,7,371,0,378,248,0,248,626
10/04/2008,VRB,FL,ASO,ES,Towers with Radar,0,1,74,0,75,0,0,111,0,111,0,1,185,0,186,88,0,88,274
10/05/2008,VRB,FL,ASO,ES,Towers with Radar,0,7,42,0,49,0,0,69,0,69,0,7,111,0,118,158,0,158,276
10/06/2008,VRB,FL,ASO,ES,Towers with Radar,0,6,96,0,102,0,0,114,0,114,0,6,210,0,216,222,0,222,438
10/07/2008,VRB,FL,ASO,ES,Towers with Radar,0,7,99,0,106,0,0,77,0,77,0,7,176,0,183,113,0,113,296
10/08/2008,VRB,FL,ASO,ES,Towers with Radar,0,8,89,0,97,0,0,124,0,124,0,8,213,0,221,115,0,115,336
10/09/2008,VRB,FL,ASO,ES,Towers with Radar,0,13,81,0,94,0,0,185,0,185,0,13,266,0,279,145,0,145,424
10/10/2008,VRB,FL,ASO,ES,Towers with Radar,0,6,100,0,106,0,1,188,0,189,0,7,288,0,295,290,0,290,585
10/11/2008,VRB,FL,ASO,ES,Towers with Radar,0,2,88,0,90,0,0,165,0,165,0,2,253,0,255,175,0,175,430
10/12/2008,VRB,FL,ASO,ES,Towers with Radar,0,8,48,0,56,0,0,77,0,77,0,8,125,0,133,121,0,121,254
10/13/2008,VRB,FL,ASO,ES,Towers with Radar,0,9,95,0,104,0,0,89,0,89,0,9,184,0,193,87,0,87,280
10/14/2008,VRB,FL,ASO,ES,Towers with Radar,0,11,102,0,113,0,0,186,0,186,0,11,288,0,299,201,0,201,500
10/15/2008,VRB,FL,ASO,ES,Towers with Radar,0,11,65,0,76,0,0,286,0,286,0,11,351,0,362,129,0,129,491
10/16/2008,VRB,FL,ASO,ES,Towers with Radar,0,6,83,0,89,0,0,331,0,331,0,6,414,0,420,224,1,225,645
10/17/2008,VRB,FL,ASO,ES,Towers with Radar,0,5,85,0,90,0,0,284,0,284,0,5,369,0,374,298,0,298,672
10/18/2008,VRB,FL,ASO,ES,Towers with Radar,0,6,43,0,49,0,0,208,0,208,0,6,251,0,257,240,0,240,497
10/19/2008,VRB,FL,ASO,ES,Towers with Radar,0,2,43,0,45,0,0,123,0,123,0,2,166,0,168,118,0,118,286
10/20/2008,VRB,FL,ASO,ES,Towers with Radar,0,9,75,0,84,0,0,185,0,185,0,9,260,0,269,224,0,224,493
10/21/2008,VRB,FL,ASO,ES,Towers with Radar,0,5,80,0,85,0,0,305,0,305,0,5,385,0,390,293,0,293,683
10/22/2008,VRB,FL,ASO,ES,Towers with Radar,0,5,103,0,108,0,0,267,0,267,0,5,370,0,375,389,0,389,764
10/23/2008,VRB,FL,ASO,ES,Towers with Radar,0,15,97,0,112,0,0,143,0,143,0,15,240,0,255,118,0,118,373
10/24/2008,VRB,FL,ASO,ES,Towers with Radar,0,6,91,0,97,0,0,72,0,72,0,6,163,0,169,103,0,103,272
10/25/2008,VRB,FL,ASO,ES,Towers with Radar,0,3,76,0,79,0,0,71,0,71,0,3,147,0,150,43,0,43,193
10/26/2008,VRB,FL,ASO,ES,Towers with Radar,0,12,62,0,74,0,0,175,0,175,0,12,237,0,249,185,0,185,434
10/27/2008,VRB,FL,ASO,ES,Towers with Radar,0,13,81,0,94,0,2,294,0,296,0,15,375,0,390,495,0,495,885
10/28/2008,VRB,FL,ASO,ES,Towers with Radar,0,10,96,0,106,0,2,257,0,259,0,12,353,0,365,391,0,391,756
10/29/2008,VRB,FL,ASO,ES,Towers with Radar,0,11,103,0,114,0,0,385,0,385,0,11,488,0,499,399,0,399,898
10/30/2008,VRB,FL,ASO,ES,Towers with Radar,0,8,115,0,123,0,0,334,0,334,0,8,449,0,457,414,0,414,871
10/31/2008,VRB,FL,ASO,ES,Towers with Radar,0,10,95,0,105,0,0,284,0,284,0,10,379,0,389,124,0,124,513
11/01/2008,VRB,FL,ASO,ES,Towers with Radar,0,6,46,0,52,0,0,99,0,99,0,6,145,0,151,128,0,128,279
11/02/2008,VRB,FL,ASO,ES,Towers with Radar,0,13,39,0,52,0,0,88,0,88,0,13,127,0,140,197,0,197,337
11/03/2008,VRB,FL,ASO,ES,Towers with Radar,0,17,112,0,129,0,0,254,0,254,0,17,366,0,383,203,0,203,586
11/04/2008,VRB,FL,ASO,ES,Towers with Radar,0,18,122,0,140,0,0,78,0,78,0,18,200,0,218,419,0,419,637
11/05/2008,VRB,FL,ASO,ES,Towers with Radar,0,23,134,1,158,0,0,234,0,234,0,23,368,1,392,604,0,604,996
11/06/2008,VRB,FL,ASO,ES,Towers with Radar,0,0,0,0,0,0,0,0,0,0,0,0,0,0,0,0,0,0,0
11/07/2008,VRB,FL,ASO,ES,Towers with Radar,0,16,111,0,127,0,0,301,0,301,0,16,412,0,428,439,0,439,867
11/08/2008,VRB,FL,ASO,ES,Towers with Radar,0,6,46,0,52,0,0,233,0,233,0,6,279,0,285,250,0,250,535
11/09/2008,VRB,FL,ASO,ES,Towers with Radar,0,13,45,0,58,0,0,153,0,153,0,13,198,0,211,159,0,159,370
11/10/2008,VRB,FL,ASO,ES,Towers with Radar,0,8,109,0,117,0,0,284,0,284,0,8,393,0,401,162,0,162,563
11/11/2008,VRB,FL,ASO,ES,Towers with Radar,0,22,98,0,120,0,0,290,0,290,0,22,388,0,410,167,0,167,577
11/12/2008,VRB,FL,ASO,ES,Towers with Radar,0,8,97,0,105,0,0,182,0,182,0,8,279,0,287,462,0,462,749
11/13/2008,VRB,FL,ASO,ES,Towers with Radar,0,17,94,0,111,0,0,251,0,251,0,17,345,0,362,392,0,392,754
11/14/2008,VRB,FL,ASO,ES,Towers with Radar,0,7,98,1,106,0,0,245,2,247,0,7,343,3,353,537,0,537,890
11/15/2008,VRB,FL,ASO,ES,Towers with Radar,0,7,56,0,63,0,0,130,2,132,0,7,186,2,195,199,0,199,394
11/16/2008,VRB,FL,ASO,ES,Towers with Radar,0,18,32,2,52,0,0,129,0,129,0,18,161,2,181,147,0,147,328
11/17/2008,VRB,FL,ASO,ES,Towers with Radar,0,13,96,0,109,0,0,280,0,280,0,13,376,0,389,318,0,318,707
11/18/2008,VRB,FL,ASO,ES,Towers with Radar,0,13,102,0,115,0,0,295,0,295,0,13,397,0,410,329,0,329,739
11/19/2008,VRB,FL,ASO,ES,Towers with Radar,0,6,86,0,92,0,0,255,0,255,0,6,341,0,347,210,0,210,557
11/20/2008,VRB,FL,ASO,ES,Towers with Radar,0,26,115,0,141,0,0,347,0,347,0,26,462,0,488,657,0,657,1145
11/21/2008,VRB,FL,ASO,ES,Towers with Radar,0,13,102,0,115,0,0,332,0,332,0,13,434,0,447,261,0,261,708
11/22/2008,VRB,FL,ASO,ES,Towers with Radar,0,14,46,0,60,0,0,270,0,270,0,14,316,0,330,120,0,120,450
11/23/2008,VRB,FL,ASO,ES,Towers with Radar,0,13,44,0,57,0,0,182,0,182,0,13,226,0,239,130,0,130,369
11/24/2008,VRB,FL,ASO,ES,Towers with Radar,0,22,72,0,94,0,0,298,0,298,0,22,370,0,392,267,0,267,659
11/25/2008,VRB,FL,ASO,ES,Towers with Radar,0,27,88,0,115,0,0,357,0,357,0,27,445,0,472,554,0,554,1026
11/26/2008,VRB,FL,ASO,ES,Towers with Radar,0,14,101,0,115,0,0,366,0,366,0,14,467,0,481,267,0,267,748
11/27/2008,VRB,FL,ASO,ES,Towers with Radar,0,9,20,0,29,0,0,69,0,69,0,9,89,0,98,8,0,8,106
11/28/2008,VRB,FL,ASO,ES,Towers with Radar,0,12,51,0,63,0,0,217,0,217,0,12,268,0,280,184,0,184,464
11/29/2008,VRB,FL,ASO,ES,Towers with Radar,0,9,42,0,51,0,0,202,0,202,0,9,244,0,253,111,0,111,364
11/30/2008,VRB,FL,ASO,ES,Towers with Radar,0,24,48,0,72,0,0,31,0,31,0,24,79,0,103,49,0,49,152
12/01/2008,VRB,FL,ASO,ES,Towers with Radar,0,10,95,0,105,0,1,221,0,222,0,11,316,0,327,278,0,278,605
12/02/2008,VRB,FL,ASO,ES,Towers with Radar,0,14,99,0,113,0,0,239,0,239,0,14,338,0,352,279,0,279,631
12/03/2008,VRB,FL,ASO,ES,Towers with Radar,0,20,68,6,94,0,0,319,0,319,0,20,387,6,413,330,0,330,743
12/04/2008,VRB,FL,ASO,ES,Towers with Radar,0,13,91,0,104,0,0,285,0,285,0,13,376,0,389,360,0,360,749
12/05/2008,VRB,FL,ASO,ES,Towers with Radar,0,9,84,0,93,0,0,317,0,317,0,9,401,0,410,373,0,373,783
12/06/2008,VRB,FL,ASO,ES,Towers with Radar,0,6,47,0,53,0,0,275,0,275,0,6,322,0,328,199,0,199,527
12/07/2008,VRB,FL,ASO,ES,Towers with Radar,0,13,54,4,71,0,0,187,0,187,0,13,241,4,258,143,0,143,401
12/08/2008,VRB,FL,ASO,ES,Towers with Radar,0,13,91,0,104,0,0,257,0,257,0,13,348,0,361,349,0,349,710
12/09/2008,VRB,FL,ASO,ES,Towers with Radar,0,11,100,0,111,0,0,207,0,207,0,11,307,0,318,309,0,309,627
12/10/2008,VRB,FL,ASO,ES,Towers with Radar,0,10,102,2,114,0,0,218,0,218,0,10,320,2,332,313,0,313,645
12/11/2008,VRB,FL,ASO,ES,Towers with Radar,0,12,49,1,62,0,0,60,0,60,0,12,109,1,122,48,0,48,170
12/12/2008,VRB,FL,ASO,ES,Towers with Radar,0,13,99,0,112,0,0,222,0,222,0,13,321,0,334,330,0,330,664
12/13/2008,VRB,FL,ASO,ES,Towers with Radar,0,6,76,0,82,0,0,235,0,235,0,6,311,0,317,84,0,84,401
12/14/2008,VRB,FL,ASO,ES,Towers with Radar,0,2,63,0,65,0,0,153,0,153,0,2,216,0,218,278,0,278,496
12/15/2008,VRB,FL,ASO,ES,Towers with Radar,0,9,92,0,101,0,0,245,0,245,0,9,337,0,346,421,0,421,767
12/16/2008,VRB,FL,ASO,ES,Towers with Radar,0,11,99,0,110,0,0,234,0,234,0,11,333,0,344,332,0,332,676
12/17/2008,VRB,FL,ASO,ES,Towers with Radar,0,12,138,0,150,0,0,185,0,185,0,12,323,0,335,388,0,388,723
12/18/2008,VRB,FL,ASO,ES,Towers with Radar,0,18,119,0,137,0,0,226,0,226,0,18,345,0,363,398,0,398,761
12/19/2008,VRB,FL,ASO,ES,Towers with Radar,0,12,68,0,80,0,0,279,0,279,0,12,347,0,359,250,0,250,609
12/20/2008,VRB,FL,ASO,ES,Towers with Radar,0,11,45,0,56,0,0,207,0,207,0,11,252,0,263,215,0,215,478
12/21/2008,VRB,FL,ASO,ES,Towers with Radar,0,8,37,0,45,0,0,134,0,134,0,8,171,0,179,119,0,119,298
12/22/2008,VRB,FL,ASO,ES,Towers with Radar,0,17,68,0,85,0,0,144,0,144,0,17,212,0,229,63,0,63,292
12/23/2008,VRB,FL,ASO,ES,Towers with Radar,0,10,73,0,83,0,0,174,0,174,0,10,247,0,257,196,0,196,453
12/24/2008,VRB,FL,ASO,ES,Towers with Radar,0,6,47,0,53,0,0,148,0,148,0,6,195,0,201,242,0,242,443
12/25/2008,VRB,FL,ASO,ES,Towers with Radar,0,8,27,0,35,0,0,21,0,21,0,8,48,0,56,55,0,55,111
12/26/2008,VRB,FL,ASO,ES,Towers with Radar,0,29,84,0,113,0,0,112,0,112,0,29,196,0,225,207,0,207,432
12/27/2008,VRB,FL,ASO,ES,Towers with Radar,0,27,67,0,94,0,0,88,0,88,0,27,155,0,182,160,0,160,342
12/28/2008,VRB,FL,ASO,ES,Towers with Radar,0,17,51,0,68,0,0,128,0,128,0,17,179,0,196,227,0,227,423
12/29/2008,VRB,FL,ASO,ES,Towers with Radar,0,18,65,0,83,0,0,185,0,185,0,18,250,0,268,260,0,260,528
12/30/2008,VRB,FL,ASO,ES,Towers with Radar,0,17,71,0,88,0,0,199,1,200,0,17,270,1,288,200,2,202,490
12/31/2008,VRB,FL,ASO,ES,Towers with Radar,0,9,47,0,56,0,0,181,0,181,0,9,228,0,237,195,0,195,432
01/01/2009,VRB,FL,ASO,ES,Towers with Radar,0,3,25,0,28,0,0,36,3,39,0,3,61,3,67,14,0,14,81
01/02/2009,VRB,FL,ASO,ES,Towers with Radar,0,19,81,0,100,0,0,173,0,173,0,19,254,0,273,238,0,238,511
01/03/2009,VRB,FL,ASO,ES,Towers with Radar,0,28,65,0,93,0,0,235,0,235,0,28,300,0,328,252,0,252,580
01/04/2009,VRB,FL,ASO,ES,Towers with Radar,0,25,70,0,95,0,0,122,0,122,0,25,192,0,217,135,0,135,352
01/05/2009,VRB,FL,ASO,ES,Towers with Radar,0,17,62,0,79,0,0,187,0,187,0,17,249,0,266,275,0,275,541
01/06/2009,VRB,FL,ASO,ES,Towers with Radar,0,10,52,0,62,0,0,222,0,222,0,10,274,0,284,253,0,253,537
01/07/2009,VRB,FL,ASO,ES,Towers with Radar,0,16,47,0,63,0,0,1,0,1,0,16,48,0,64,36,0,36,100
01/08/2009,VRB,FL,ASO,ES,Towers with Radar,0,14,74,0,88,0,0,274,0,274,0,14,348,0,362,309,0,309,671
01/09/2009,VRB,FL,ASO,ES,Towers with Radar,0,11,83,0,94,0,0,214,2,216,0,11,297,2,310,229,0,229,539
01/10/2009,VRB,FL,ASO,ES,Towers with Radar,0,5,41,0,46,0,0,218,0,218,0,5,259,0,264,294,0,294,558
01/11/2009,VRB,FL,ASO,ES,Towers with Radar,0,16,47,0,63,0,0,164,0,164,0,16,211,0,227,124,0,124,351
01/12/2009,VRB,FL,ASO,ES,Towers with Radar,0,10,68,0,78,0,0,133,0,133,0,10,201,0,211,123,0,123,334
01/13/2009,VRB,FL,ASO,ES,Towers with Radar,0,17,46,0,63,0,0,106,0,106,0,17,152,0,169,87,0,87,256
01/14/2009,VRB,FL,ASO,ES,Towers with Radar,0,9,67,0,76,0,0,269,0,269,0,9,336,0,345,194,1,195,540
01/15/2009,VRB,FL,ASO,ES,Towers with Radar,0,7,86,0,93,0,0,259,2,261,0,7,345,2,354,397,0,397,751
01/16/2009,VRB,FL,ASO,ES,Towers with Radar,0,19,91,0,110,0,0,207,0,207,0,19,298,0,317,125,0,125,442
01/17/2009,VRB,FL,ASO,ES,Towers with Radar,0,9,32,0,41,0,0,250,0,250,0,9,282,0,291,121,0,121,412
01/18/2009,VRB,FL,ASO,ES,Towers with Radar,0,4,67,0,71,0,0,152,0,152,0,4,219,0,223,109,0,109,332
01/19/2009,VRB,FL,ASO,ES,Towers with Radar,0,17,66,0,83,0,0,168,0,168,0,17,234,0,251,287,0,287,538
01/20/2009,VRB,FL,ASO,ES,Towers with Radar,0,11,45,0,56,0,0,160,0,160,0,11,205,0,216,188,0,188,404
01/21/2009,VRB,FL,ASO,ES,Towers with Radar,0,15,79,0,94,0,0,273,0,273,0,15,352,0,367,334,0,334,701
01/22/2009,VRB,FL,ASO,ES,Towers with Radar,0,7,72,0,79,0,0,308,0,308,0,7,380,0,387,241,0,241,628
01/23/2009,VRB,FL,ASO,ES,Towers with Radar,0,12,81,0,93,0,0,283,0,283,0,12,364,0,376,362,0,362,738
01/24/2009,VRB,FL,ASO,ES,Towers with Radar,0,4,41,0,45,0,0,200,0,200,0,4,241,0,245,364,0,364,609
01/25/2009,VRB,FL,ASO,ES,Towers with Radar,0,15,60,0,75,0,0,154,0,154,0,15,214,0,229,219,0,219,448
01/26/2009,VRB,FL,ASO,ES,Towers with Radar,0,7,69,0,76,0,0,259,0,259,0,7,328,0,335,394,0,394,729
01/27/2009,VRB,FL,ASO,ES,Towers with Radar,0,11,72,0,83,0,0,266,0,266,0,11,338,0,349,399,0,399,748
01/28/2009,VRB,FL,ASO,ES,Towers with Radar,0,8,63,0,71,0,0,241,0,241,0,8,304,0,312,317,0,317,629
01/29/2009,VRB,FL,ASO,ES,Towers with Radar,0,7,90,0,97,0,0,184,0,184,0,7,274,0,281,112,0,112,393
01/30/2009,VRB,FL,ASO,ES,Towers with Radar,0,6,65,0,71,0,0,48,0,48,0,6,113,0,119,117,0,117,236
01/31/2009,VRB,FL,ASO,ES,Towers with Radar,0,9,35,0,44,0,0,189,0,189,0,9,224,0,233,228,0,228,461
02/01/2009,VRB,FL,ASO,ES,Towers with Radar,0,11,51,2,64,0,0,169,0,169,0,11,220,2,233,302,0,302,535
02/02/2009,VRB,FL,ASO,ES,Towers with Radar,0,9,64,0,73,0,0,148,0,148,0,9,212,0,221,403,0,403,624
02/03/2009,VRB,FL,ASO,ES,Towers with Radar,0,11,69,0,80,0,0,296,0,296,0,11,365,0,376,608,1,609,985
02/04/2009,VRB,FL,ASO,ES,Towers with Radar,0,6,62,0,68,0,0,212,1,213,0,6,274,1,281,397,0,397,678
02/05/2009,VRB,FL,ASO,ES,Towers with Radar,0,10,71,0,81,0,0,239,0,239,0,10,310,0,320,248,0,248,568
02/06/2009,VRB,FL,ASO,ES,Towers with Radar,0,8,75,0,83,0,0,380,5,385,0,8,455,5,468,260,1,261,729
02/07/2009,VRB,FL,ASO,ES,Towers with Radar,0,6,68,6,80,0,0,330,0,330,0,6,398,6,410,269,8,277,687
02/08/2009,VRB,FL,ASO,ES,Towers with Radar,0,10,62,0,72,0,0,206,16,222,0,10,268,16,294,273,7,280,574
02/09/2009,VRB,FL,ASO,ES,Towers with Radar,0,8,59,0,67,0,0,208,0,208,0,8,267,0,275,336,0,336,611
02/10/2009,VRB,FL,ASO,ES,Towers with Radar,0,11,82,0,93,0,0,269,0,269,0,11,351,0,362,363,0,363,725
02/11/2009,VRB,FL,ASO,ES,Towers with Radar,0,12,89,0,101,0,0,272,0,272,0,12,361,0,373,365,0,365,738
02/12/2009,VRB,FL,ASO,ES,Towers with Radar,0,16,104,0,120,0,0,259,0,259,0,16,363,0,379,428,0,428,807
02/13/2009,VRB,FL,ASO,ES,Towers with Radar,0,19,100,0,119,0,0,269,0,269,0,19,369,0,388,195,0,195,583
02/14/2009,VRB,FL,ASO,ES,Towers with Radar,0,9,43,0,52,0,0,173,0,173,0,9,216,0,225,242,0,242,467
02/15/2009,VRB,FL,ASO,ES,Towers with Radar,0,14,81,0,95,0,0,80,0,80,0,14,161,0,175,169,0,169,344
02/16/2009,VRB,FL,ASO,ES,Towers with Radar,0,30,78,0,108,0,0,218,0,218,0,30,296,0,326,159,0,159,485
02/17/2009,VRB,FL,ASO,ES,Towers with Radar,0,19,83,0,102,0,0,278,0,278,0,19,361,0,380,385,0,385,765
02/18/2009,VRB,FL,ASO,ES,Towers with Radar,0,8,80,0,88,0,0,220,0,220,0,8,300,0,308,186,7,193,501
02/19/2009,VRB,FL,ASO,ES,Towers with Radar,0,13,64,0,77,0,0,180,0,180,0,13,244,0,257,171,0,171,428
02/20/2009,VRB,FL,ASO,ES,Towers with Radar,0,9,85,0,94,0,0,278,0,278,0,9,363,0,372,229,0,229,601
02/21/2009,VRB,FL,ASO,ES,Towers with Radar,0,9,48,0,57,0,0,239,0,239,0,9,287,0,296,382,0,382,678
02/22/2009,VRB,FL,ASO,ES,Towers with Radar,0,12,56,0,68,0,0,168,0,168,0,12,224,0,236,145,0,145,381
02/23/2009,VRB,FL,ASO,ES,Towers with Radar,0,7,84,0,91,0,0,222,0,222,0,7,306,0,313,201,0,201,514
02/24/2009,VRB,FL,ASO,ES,Towers with Radar,0,6,104,0,110,0,0,283,0,283,0,6,387,0,393,159,0,159,552
02/25/2009,VRB,FL,ASO,ES,Towers with Radar,0,17,91,0,108,0,0,265,0,265,0,17,356,0,373,395,0,395,768
02/26/2009,VRB,FL,ASO,ES,Towers with Radar,0,13,114,0,127,0,0,268,0,268,0,13,382,0,395,223,0,223,618
02/27/2009,VRB,FL,ASO,ES,Towers with Radar,0,10,90,0,100,0,0,242,0,242,0,10,332,0,342,353,0,353,695
02/28/2009,VRB,FL,ASO,ES,Towers with Radar,0,6,40,0,46,0,0,241,0,241,0,6,281,0,287,185,0,185,472
03/01/2009,VRB,FL,ASO,ES,Towers with Radar,0,15,33,0,48,0,0,39,0,39,0,15,72,0,87,37,0,37,124
03/02/2009,VRB,FL,ASO,ES,Towers with Radar,0,10,53,0,63,0,0,199,0,199,0,10,252,0,262,408,0,408,670
03/03/2009,VRB,FL,ASO,ES,Towers with Radar,0,12,71,0,83,0,0,241,0,241,0,12,312,0,324,213,0,213,537
03/04/2009,VRB,FL,ASO,ES,Towers with Radar,0,11,92,0,103,0,0,238,0,238,0,11,330,0,341,152,0,152,493
03/05/2009,VRB,FL,ASO,ES,Towers with Radar,0,16,83,0,99,0,0,236,0,236,0,16,319,0,335,303,0,303,638
03/06/2009,VRB,FL,ASO,ES,Towers with Radar,0,20,77,0,97,0,0,273,0,273,0,20,350,0,370,358,0,358,728
03/07/2009,VRB,FL,ASO,ES,Towers with Radar,0,10,50,0,60,0,0,274,0,274,0,10,324,0,334,319,0,319,653
03/08/2009,VRB,FL,ASO,ES,Towers with Radar,0,12,36,0,48,0,0,95,1,96,0,12,131,1,144,167,0,167,311
03/09/2009,VRB,FL,ASO,ES,Towers with Radar,0,18,77,2,97,0,0,186,0,186,0,18,263,2,283,214,0,214,497
03/10/2009,VRB,FL,ASO,ES,Towers with Radar,0,8,69,0,77,0,0,252,0,252,0,8,321,0,329,397,0,397,726
03/11/2009,VRB,FL,ASO,ES,Towers with Radar,0,16,69,2,87,0,0,242,0,242,0,16,311,2,329,481,0,481,810
03/12/2009,VRB,FL,ASO,ES,Towers with Radar,0,18,72,0,90,0,0,247,0,247,0,18,319,0,337,364,0,364,701
03/13/2009,VRB,FL,ASO,ES,Towers with Radar,0,14,81,0,95,0,1,241,0,242,0,15,322,0,337,393,0,393,730
03/14/2009,VRB,FL,ASO,ES,Towers with Radar,0,13,54,0,67,0,0,152,0,152,0,13,206,0,219,302,0,302,521
03/15/2009,VRB,FL,ASO,ES,Towers with Radar,0,28,55,0,83,0,0,126,0,126,0,28,181,0,209,70,0,70,279
03/16/2009,VRB,FL,ASO,ES,Towers with Radar,0,7,67,0,74,0,0,185,0,185,0,7,252,0,259,224,0,224,483
03/17/2009,VRB,FL,ASO,ES,Towers with Radar,0,13,86,0,99,0,0,188,0,188,0,13,274,0,287,268,0,268,555
03/18/2009,VRB,FL,ASO,ES,Towers with Radar,0,11,124,0,135,0,0,209,0,209,0,11,333,0,344,258,0,258,602
03/19/2009,VRB,FL,ASO,ES,Towers with Radar,0,10,96,0,106,0,0,180,0,180,0,10,276,0,286,509,0,509,795
03/20/2009,VRB,FL,ASO,ES,Towers with Radar,0,12,60,0,72,0,0,288,0,288,0,12,348,0,360,215,0,215,575
03/21/2009,VRB,FL,ASO,ES,Towers with Radar,0,14,34,0,48,0,0,76,0,76,0,14,110,0,124,115,0,115,239
03/22/2009,VRB,FL,ASO,ES,Towers with Radar,0,18,32,0,50,0,0,121,0,121,0,18,153,0,171,123,0,123,294
03/23/2009,VRB,FL,ASO,ES,Towers with Radar,0,12,79,0,91,0,0,212,0,212,0,12,291,0,303,403,0,403,706
03/24/2009,VRB,FL,ASO,ES,Towers with Radar,0,12,68,0,80,0,0,245,1,246,0,12,313,1,326,324,0,324,650
03/25/2009,VRB,FL,ASO,ES,Towers with Radar,0,14,82,0,96,0,0,255,0,255,0,14,337,0,351,360,0,360,711
03/26/2009,VRB,FL,ASO,ES,Towers with Radar,0,8,81,0,89,0,0,221,0,221,0,8,302,0,310,490,0,490,800
03/27/2009,VRB,FL,ASO,ES,Towers with Radar,0,11,90,0,101,0,0,233,0,233,0,11,323,0,334,235,0,235,569
03/28/2009,VRB,FL,ASO,ES,Towers with Radar,0,16,37,0,53,0,0,130,0,130,0,16,167,0,183,122,0,122,305
03/29/2009,VRB,FL,ASO,ES,Towers with Radar,0,16,46,0,62,0,0,30,0,30,0,16,76,0,92,74,0,74,166
03/30/2009,VRB,FL,ASO,ES,Towers with Radar,0,12,60,0,72,0,0,287,0,287,0,12,347,0,359,356,0,356,715
03/31/2009,VRB,FL,ASO,ES,Towers with Radar,0,6,80,0,86,0,0,170,0,170,0,6,250,0,256,430,0,430,686
04/01/2009,VRB,FL,ASO,ES,Towers with Radar,0,14,88,0,102,0,0,184,0,184,0,14,272,0,286,218,0,218,504
04/02/2009,VRB,FL,ASO,ES,Towers with Radar,0,9,71,0,80,0,0,237,0,237,0,9,308,0,317,184,0,184,501
04/03/2009,VRB,FL,ASO,ES,Towers with Radar,0,15,56,0,71,0,0,36,0,36,0,15,92,0,107,18,0,18,125
04/04/2009,VRB,FL,ASO,ES,Towers with Radar,0,12,52,0,64,0,0,271,0,271,0,12,323,0,335,314,0,314,649
04/05/2009,VRB,FL,ASO,ES,Towers with Radar,0,12,40,0,52,0,0,117,0,117,0,12,157,0,169,137,0,137,306
04/06/2009,VRB,FL,ASO,ES,Towers with Radar,0,5,58,0,63,0,0,138,0,138,0,5,196,0,201,71,0,71,272
04/07/2009,VRB,FL,ASO,ES,Towers with Radar,0,15,53,0,68,0,0,149,0,149,0,15,202,0,217,159,0,159,376
04/08/2009,VRB,FL,ASO,ES,Towers with Radar,0,11,90,0,101,0,0,285,2,287,0,11,375,2,388,393,0,393,781
04/09/2009,VRB,FL,ASO,ES,Towers with Radar,0,17,87,0,104,0,0,243,0,243,0,17,330,0,347,400,0,400,747
04/10/2009,VRB,FL,ASO,ES,Towers with Radar,0,13,72,0,85,0,0,188,0,188,0,13,260,0,273,191,0,191,464
04/11/2009,VRB,FL,ASO,ES,Towers with Radar,0,14,67,0,81,0,0,107,0,107,0,14,174,0,188,124,0,124,312
04/12/2009,VRB,FL,ASO,ES,Towers with Radar,0,25,31,0,56,0,0,99,0,99,0,25,130,0,155,106,0,106,261
04/13/2009,VRB,FL,ASO,ES,Towers with Radar,0,14,86,0,100,0,0,137,0,137,0,14,223,0,237,243,0,243,480
04/14/2009,VRB,FL,ASO,ES,Towers with Radar,0,16,60,0,76,0,0,87,0,87,0,16,147,0,163,179,0,179,342
04/15/2009,VRB,FL,ASO,ES,Towers with Radar,0,14,105,0,119,0,0,252,0,252,0,14,357,0,371,402,0,402,773
04/16/2009,VRB,FL,ASO,ES,Towers with Radar,0,14,85,0,99,0,0,273,0,273,0,14,358,0,372,289,0,289,661
04/17/2009,VRB,FL,ASO,ES,Towers with Radar,0,16,80,0,96,0,0,206,0,206,0,16,286,0,302,98,0,98,400
04/18/2009,VRB,FL,ASO,ES,Towers with Radar,0,12,46,0,58,0,0,176,0,176,0,12,222,0,234,116,0,116,350
04/19/2009,VRB,FL,ASO,ES,Towers with Radar,0,18,45,0,63,0,0,150,0,150,0,18,195,0,213,183,0,183,396
04/20/2009,VRB,FL,ASO,ES,Towers with Radar,0,15,76,0,91,0,0,107,0,107,0,15,183,0,198,151,0,151,349
04/21/2009,VRB,FL,ASO,ES,Towers with Radar,0,18,81,0,99,0,0,184,0,184,0,18,265,0,283,241,0,241,524
04/22/2009,VRB,FL,ASO,ES,Towers with Radar,0,15,65,0,80,0,0,232,0,232,0,15,297,0,312,205,0,205,517
04/23/2009,VRB,FL,ASO,ES,Towers with Radar,0,13,80,0,93,0,0,155,0,155,0,13,235,0,248,237,0,237,485
04/24/2009,VRB,FL,ASO,ES,Towers with Radar,0,16,65,0,81,0,0,185,0,185,0,16,250,0,266,238,0,238,504
04/25/2009,VRB,FL,ASO,ES,Towers with Radar,0,18,33,0,51,0,0,126,0,126,0,18,159,0,177,90,0,90,267
04/26/2009,VRB,FL,ASO,ES,Towers with Radar,0,12,29,0,41,0,0,96,0,96,0,12,125,0,137,70,0,70,207
04/27/2009,VRB,FL,ASO,ES,Towers with Radar,0,4,88,0,92,0,0,143,0,143,0,4,231,0,235,169,0,169,404
04/28/2009,VRB,FL,ASO,ES,Towers with Radar,0,6,86,0,92,0,0,162,0,162,0,6,248,0,254,199,0,199,453
04/29/2009,VRB,FL,ASO,ES,Towers with Radar,0,6,86,0,92,0,0,170,0,170,0,6,256,0,262,278,0,278,540
04/30/2009,VRB,FL,ASO,ES,Towers with Radar,0,15,81,0,96,0,0,180,0,180,0,15,261,0,276,290,0,290,566
05/01/2009,VRB,FL,ASO,ES,Towers with Radar,0,13,60,0,73,0,0,159,0,159,0,13,219,0,232,161,0,161,393
05/02/2009,VRB,FL,ASO,ES,Towers with Radar,0,7,35,0,42,0,0,187,0,187,0,7,222,0,229,0,95,95,324
05/03/2009,VRB,FL,ASO,ES,Towers with Radar,0,10,31,0,41,0,0,79,0,79,0,10,110,0,120,79,0,79,199
05/04/2009,VRB,FL,ASO,ES,Towers with Radar,0,11,63,2,76,0,0,145,0,145,0,11,208,2,221,89,0,89,310
05/05/2009,VRB,FL,ASO,ES,Towers with Radar,0,10,61,0,71,0,0,153,0,153,0,10,214,0,224,233,0,233,457
05/06/2009,VRB,FL,ASO,ES,Towers with Radar,0,12,80,3,95,0,0,179,0,179,0,12,259,3,274,231,0,231,505
05/07/2009,VRB,FL,ASO,ES,Towers with Radar,0,10,97,0,107,0,0,186,0,186,0,10,283,0,293,197,0,197,490
05/08/2009,VRB,FL,ASO,ES,Towers with Radar,0,10,80,0,90,0,0,152,0,152,0,10,232,0,242,171,0,171,413
05/09/2009,VRB,FL,ASO,ES,Towers with Radar,0,10,48,0,58,0,0,166,0,166,0,10,214,0,224,0,142,142,366
05/10/2009,VRB,FL,ASO,ES,Towers with Radar,0,9,51,0,60,0,0,105,0,105,0,9,156,0,165,82,0,82,247
05/11/2009,VRB,FL,ASO,ES,Towers with Radar,0,12,102,0,114,0,0,128,0,128,0,12,230,0,242,223,0,223,465
05/12/2009,VRB,FL,ASO,ES,Towers with Radar,0,10,70,0,80,0,0,117,0,117,0,10,187,0,197,111,0,111,308
05/13/2009,VRB,FL,ASO,ES,Towers with Radar,0,3,103,0,106,0,0,126,0,126,0,3,229,0,232,159,0,159,391
05/14/2009,VRB,FL,ASO,ES,Towers with Radar,0,5,67,2,74,0,0,151,19,170,0,5,218,21,244,173,0,173,417
05/15/2009,VRB,FL,ASO,ES,Towers with Radar,0,3,74,0,77,0,0,150,0,150,0,3,224,0,227,156,0,156,383
05/16/2009,VRB,FL,ASO,ES,Towers with Radar,0,9,51,0,60,0,0,127,0,127,0,9,178,0,187,108,0,108,295
05/17/2009,VRB,FL,ASO,ES,Towers with Radar,0,7,29,0,36,0,0,58,0,58,0,7,87,0,94,44,0,44,138
05/18/2009,VRB,FL,ASO,ES,Towers with Radar,0,9,45,0,54,0,0,65,0,65,0,9,110,0,119,101,0,101,220
05/19/2009,VRB,FL,ASO,ES,Towers with Radar,0,9,53,0,62,0,0,9,0,9,0,9,62,0,71,1,0,1,72
05/20/2009,VRB,FL,ASO,ES,Towers with Radar,0,8,68,0,76,0,0,95,0,95,0,8,163,0,171,249,0,249,420
05/21/2009,VRB,FL,ASO,ES,Towers with Radar,0,10,120,0,130,0,0,93,0,93,0,10,213,0,223,144,0,144,367
05/22/2009,VRB,FL,ASO,ES,Towers with Radar,0,10,100,0,110,0,0,86,0,86,0,10,186,0,196,153,0,153,349
05/23/2009,VRB,FL,ASO,ES,Towers with Radar,0,3,68,0,71,0,0,58,0,58,0,3,126,0,129,51,0,51,180
05/24/2009,VRB,FL,ASO,ES,Towers with Radar,0,2,19,0,21,0,0,48,0,48,0,2,67,0,69,27,0,27,96
05/25/2009,VRB,FL,ASO,ES,Towers with Radar,0,0,42,0,42,0,0,71,0,71,0,0,113,0,113,34,0,34,147
05/26/2009,VRB,FL,ASO,ES,Towers with Radar,0,3,95,0,98,0,2,152,0,154,0,5,247,0,252,184,0,184,436
05/27/2009,VRB,FL,ASO,ES,Towers with Radar,0,6,91,0,97,0,0,165,0,165,0,6,256,0,262,107,0,107,369
05/28/2009,VRB,FL,ASO,ES,Towers with Radar,0,12,79,0,91,0,0,140,0,140,0,12,219,0,231,37,0,37,268
05/29/2009,VRB,FL,ASO,ES,Towers with Radar,0,5,91,0,96,0,0,116,0,116,0,5,207,0,212,79,0,79,291
05/30/2009,VRB,FL,ASO,ES,Towers with Radar,0,4,79,0,83,0,0,82,0,82,0,4,161,0,165,128,0,128,293
05/31/2009,VRB,FL,ASO,ES,Towers with Radar,0,6,40,3,49,0,0,85,3,88,0,6,125,6,137,127,0,127,264
06/01/2009,VRB,FL,ASO,ES,Towers with Radar,0,10,74,0,84,0,0,136,0,136,0,10,210,0,220,154,0,154,374
06/02/2009,VRB,FL,ASO,ES,Towers with Radar,0,4,67,0,71,0,0,118,0,118,0,4,185,0,189,329,0,329,518
06/03/2009,VRB,FL,ASO,ES,Towers with Radar,0,4,109,0,113,0,0,124,0,124,0,4,233,0,237,139,0,139,376
06/04/2009,VRB,FL,ASO,ES,Towers with Radar,0,7,72,0,79,0,0,84,0,84,0,7,156,0,163,163,0,163,326
06/05/2009,VRB,FL,ASO,ES,Towers with Radar,0,5,70,0,75,0,0,53,0,53,0,5,123,0,128,124,0,124,252
06/06/2009,VRB,FL,ASO,ES,Towers with Radar,0,1,69,0,70,0,0,54,1,55,0,1,123,1,125,29,0,29,154
06/07/2009,VRB,FL,ASO,ES,Towers with Radar,0,3,28,0,31,0,0,83,0,83,0,3,111,0,114,62,0,62,176
06/08/2009,VRB,FL,ASO,ES,Towers with Radar,0,2,76,0,78,0,0,161,0,161,0,2,237,0,239,205,0,205,444
06/09/2009,VRB,FL,ASO,ES,Towers with Radar,0,5,106,1,112,0,0,203,0,203,0,5,309,1,315,221,0,221,536
06/10/2009,VRB,FL,ASO,ES,Towers with Radar,0,8,92,0,100,0,0,167,1,168,0,8,259,1,268,210,0,210,478
06/11/2009,VRB,FL,ASO,ES,Towers with Radar,0,3,103,0,106,0,0,130,0,130,0,3,233,0,236,140,0,140,376
06/12/2009,VRB,FL,ASO,ES,Towers with Radar,0,5,91,0,96,0,0,135,0,135,0,5,226,0,231,239,2,241,472
06/13/2009,VRB,FL,ASO,ES,Towers with Radar,0,5,66,0,71,0,0,100,0,100,0,5,166,0,171,141,0,141,312
06/14/2009,VRB,FL,ASO,ES,Towers with Radar,0,4,41,0,45,0,0,67,0,67,0,4,108,0,112,45,0,45,157
06/15/2009,VRB,FL,ASO,ES,Towers with Radar,0,4,75,0,79,0,0,124,0,124,0,4,199,0,203,193,0,193,396
06/16/2009,VRB,FL,ASO,ES,Towers with Radar,0,6,94,0,100,0,0,129,0,129,0,6,223,0,229,167,0,167,396
06/17/2009,VRB,FL,ASO,ES,Towers with Radar,0,5,73,0,78,0,0,135,0,135,0,5,208,0,213,155,0,155,368
06/18/2009,VRB,FL,ASO,ES,Towers with Radar,0,2,79,2,83,0,0,152,0,152,0,2,231,2,235,270,0,270,505
06/19/2009,VRB,FL,ASO,ES,Towers with Radar,0,3,94,0,97,0,0,166,0,166,0,3,260,0,263,188,0,188,451
06/20/2009,VRB,FL,ASO,ES,Towers with Radar,0,3,73,0,76,0,0,72,0,72,0,3,145,0,148,110,0,110,258
06/21/2009,VRB,FL,ASO,ES,Towers with Radar,0,2,47,0,49,0,0,59,0,59,0,2,106,0,108,50,0,50,158
06/22/2009,VRB,FL,ASO,ES,Towers with Radar,0,6,75,0,81,0,0,121,0,121,0,6,196,0,202,180,0,180,382
06/23/2009,VRB,FL,ASO,ES,Towers with Radar,0,4,71,4,79,0,0,126,0,126,0,4,197,4,205,184,0,184,389
06/24/2009,VRB,FL,ASO,ES,Towers with Radar,0,2,94,0,96,0,0,145,0,145,0,2,239,0,241,281,0,281,522
06/25/2009,VRB,FL,ASO,ES,Towers with Radar,0,6,73,0,79,0,0,152,0,152,0,6,225,0,231,270,0,270,501
06/26/2009,VRB,FL,ASO,ES,Towers with Radar,0,2,64,0,66,0,0,134,0,134,0,2,198,0,200,133,0,133,333
06/27/2009,VRB,FL,ASO,ES,Towers with Radar,0,4,55,0,59,0,0,140,0,140,0,4,195,0,199,170,0,170,369
06/28/2009,VRB,FL,ASO,ES,Towers with Radar,0,5,35,0,40,0,0,81,0,81,0,5,116,0,121,56,0,56,177
06/29/2009,VRB,FL,ASO,ES,Towers with Radar,0,4,71,0,75,0,0,83,0,83,0,4,154,0,158,87,0,87,245
06/30/2009,VRB,FL,ASO,ES,Towers with Radar,0,5,57,0,62,0,0,72,0,72,0,5,129,0,134,88,0,88,222
07/01/2009,VRB,FL,ASO,ES,Towers with Radar,0,7,78,0,85,0,0,77,0,77,0,7,155,0,162,90,0,90,252
07/02/2009,VRB,FL,ASO,ES,Towers with Radar,0,6,51,0,57,0,0,137,0,137,0,6,188,0,194,211,0,211,405
07/03/2009,VRB,FL,ASO,ES,Towers with Radar,0,2,47,0,49,0,0,64,0,64,0,2,111,0,113,74,0,74,187
07/04/2009,VRB,FL,ASO,ES,Towers with Radar,0,2,24,0,26,0,0,40,0,40,0,2,64,0,66,41,0,41,107
07/05/2009,VRB,FL,ASO,ES,Towers with Radar,0,6,27,0,33,0,0,67,0,67,0,6,94,0,100,55,0,55,155
07/06/2009,VRB,FL,ASO,ES,Towers with Radar,0,2,74,0,76,0,0,103,0,103,0,2,177,0,179,134,0,134,313
07/07/2009,VRB,FL,ASO,ES,Towers with Radar,0,4,68,0,72,0,0,109,0,109,0,4,177,0,181,100,0,100,281
07/08/2009,VRB,FL,ASO,ES,Towers with Radar,0,9,65,0,74,0,0,114,0,114,0,9,179,0,188,175,0,175,363
07/09/2009,VRB,FL,ASO,ES,Towers with Radar,0,5,49,0,54,0,0,111,0,111,0,5,160,0,165,277,0,277,442
07/10/2009,VRB,FL,ASO,ES,Towers with Radar,0,3,46,0,49,0,0,101,0,101,0,3,147,0,150,254,0,254,404
07/11/2009,VRB,FL,ASO,ES,Towers with Radar,0,5,40,0,45,0,0,113,0,113,0,5,153,0,158,187,0,187,345
07/12/2009,VRB,FL,ASO,ES,Towers with Radar,0,6,23,0,29,0,0,83,0,83,0,6,106,0,112,34,0,34,146
07/13/2009,VRB,FL,ASO,ES,Towers with Radar,0,2,43,0,45,0,0,88,0,88,0,2,131,0,133,149,0,149,282
07/14/2009,VRB,FL,ASO,ES,Towers with Radar,0,8,58,0,66,0,0,135,0,135,0,8,193,0,201,282,0,282,483
07/15/2009,VRB,FL,ASO,ES,Towers with Radar,0,8,52,0,60,0,0,138,0,138,0,8,190,0,198,205,0,205,403
07/16/2009,VRB,FL,ASO,ES,Towers with Radar,0,8,65,0,73,0,0,137,0,137,0,8,202,0,210,186,0,186,396
07/17/2009,VRB,FL,ASO,ES,Towers with Radar,0,3,40,0,43,0,0,93,0,93,0,3,133,0,136,177,0,177,313
07/18/2009,VRB,FL,ASO,ES,Towers with Radar,0,7,18,0,25,0,0,111,0,111,0,7,129,0,136,154,0,154,290
07/19/2009,VRB,FL,ASO,ES,Towers with Radar,0,2,24,0,26,0,0,75,0,75,0,2,99,0,101,39,0,39,140
07/20/2009,VRB,FL,ASO,ES,Towers with Radar,0,3,49,0,52,0,0,98,2,100,0,3,147,2,152,197,0,197,349
07/21/2009,VRB,FL,ASO,ES,Towers with Radar,0,3,55,0,58,0,0,150,2,152,0,3,205,2,210,168,0,168,378
07/22/2009,VRB,FL,ASO,ES,Towers with Radar,0,7,68,0,75,0,0,142,0,142,0,7,210,0,217,242,0,242,459
07/23/2009,VRB,FL,ASO,ES,Towers with Radar,0,2,61,1,64,0,0,175,1,176,0,2,236,2,240,210,0,210,450
07/24/2009,VRB,FL,ASO,ES,Towers with Radar,0,2,58,2,62,0,0,109,0,109,0,2,167,2,171,108,0,108,279
07/25/2009,VRB,FL,ASO,ES,Towers with Radar,0,1,37,0,38,0,0,137,0,137,0,1,174,0,175,132,0,132,307
07/26/2009,VRB,FL,ASO,ES,Towers with Radar,0,9,31,0,40,0,0,82,0,82,0,9,113,0,122,83,0,83,205
07/27/2009,VRB,FL,ASO,ES,Towers with Radar,0,5,62,0,67,0,0,104,0,104,0,5,166,0,171,156,0,156,327
07/28/2009,VRB,FL,ASO,ES,Towers with Radar,0,6,64,0,70,0,0,102,0,102,0,6,166,0,172,125,0,125,297
07/29/2009,VRB,FL,ASO,ES,Towers with Radar,0,3,49,0,52,0,0,104,0,104,0,3,153,0,156,75,0,75,231
07/30/2009,VRB,FL,ASO,ES,Towers with Radar,0,2,38,0,40,0,0,123,0,123,0,2,161,0,163,159,0,159,322
07/31/2009,VRB,FL,ASO,ES,Towers with Radar,0,4,51,0,55,0,0,129,0,129,0,4,180,0,184,163,0,163,347
08/01/2009,VRB,FL,ASO,ES,Towers with Radar,0,1,30,0,31,0,0,60,0,60,0,1,90,0,91,41,0,41,132
08/02/2009,VRB,FL,ASO,ES,Towers with Radar,0,0,26,0,26,0,0,49,0,49,0,0,75,0,75,6,0,6,81
08/03/2009,VRB,FL,ASO,ES,Towers with Radar,0,2,34,0,36,0,0,117,0,117,0,2,151,0,153,91,0,91,244
08/04/2009,VRB,FL,ASO,ES,Towers with Radar,0,2,43,0,45,0,0,97,0,97,0,2,140,0,142,122,0,122,264
08/05/2009,VRB,FL,ASO,ES,Towers with Radar,0,7,32,0,39,0,0,141,0,141,0,7,173,0,180,193,0,193,373
08/06/2009,VRB,FL,ASO,ES,Towers with Radar,0,2,57,0,59,0,0,66,0,66,0,2,123,0,125,84,0,84,209
08/07/2009,VRB,FL,ASO,ES,Towers with Radar,0,4,40,0,44,0,0,136,0,136,0,4,176,0,180,218,0,218,398
08/08/2009,VRB,FL,ASO,ES,Towers with Radar,0,5,22,0,27,0,0,74,0,74,0,5,96,0,101,70,0,70,171
08/09/2009,VRB,FL,ASO,ES,Towers with Radar,0,3,32,4,39,0,0,70,0,70,0,3,102,4,109,39,0,39,148
08/10/2009,VRB,FL,ASO,ES,Towers with Radar,0,1,38,0,39,0,0,147,0,147,0,1,185,0,186,227,0,227,413
08/11/2009,VRB,FL,ASO,ES,Towers with Radar,0,5,40,0,45,0,0,174,0,174,0,5,214,0,219,273,0,273,492
08/12/2009,VRB,FL,ASO,ES,Towers with Radar,0,4,63,0,67,0,0,139,0,139,0,4,202,0,206,192,0,192,398
08/13/2009,VRB,FL,ASO,ES,Towers with Radar,0,3,48,0,51,0,0,125,0,125,0,3,173,0,176,264,0,264,440
08/14/2009,VRB,FL,ASO,ES,Towers with Radar,0,2,57,0,59,0,0,96,0,96,0,2,153,0,155,196,0,196,351
08/15/2009,VRB,FL,ASO,ES,Towers with Radar,0,3,15,0,18,0,0,46,0,46,0,3,61,0,64,46,0,46,110
08/16/2009,VRB,FL,ASO,ES,Towers with Radar,0,10,22,0,32,0,0,92,0,92,0,10,114,0,124,43,0,43,167
08/17/2009,VRB,FL,ASO,ES,Towers with Radar,0,4,44,0,48,0,0,145,0,145,0,4,189,0,193,226,0,226,419
08/18/2009,VRB,FL,ASO,ES,Towers with Radar,0,2,68,0,70,0,0,151,0,151,0,2,219,0,221,196,0,196,417
08/19/2009,VRB,FL,ASO,ES,Towers with Radar,0,2,48,0,50,0,0,101,0,101,0,2,149,0,151,175,0,175,326
08/20/2009,VRB,FL,ASO,ES,Towers with Radar,0,2,53,0,55,0,0,130,0,130,0,2,183,0,185,253,0,253,438
08/21/2009,VRB,FL,ASO,ES,Towers with Radar,0,1,42,0,43,0,0,179,0,179,0,1,221,0,222,241,0,241,463
08/22/2009,VRB,FL,ASO,ES,Towers with Radar,0,7,34,0,41,0,0,136,0,136,0,7,170,0,177,39,0,39,216
08/23/2009,VRB,FL,ASO,ES,Towers with Radar,0,1,8,2,11,0,0,39,0,39,0,1,47,2,50,26,0,26,76
08/24/2009,VRB,FL,ASO,ES,Towers with Radar,0,2,60,0,62,0,0,133,0,133,0,2,193,0,195,211,0,211,406
08/25/2009,VRB,FL,ASO,ES,Towers with Radar,0,2,58,0,60,0,0,98,0,98,0,2,156,0,158,276,0,276,434
08/26/2009,VRB,FL,ASO,ES,Towers with Radar,0,6,74,0,80,0,0,148,0,148,0,6,222,0,228,309,0,309,537
08/27/2009,VRB,FL,ASO,ES,Towers with Radar,0,3,60,0,63,0,0,120,0,120,0,3,180,0,183,164,0,164,347
08/28/2009,VRB,FL,ASO,ES,Towers with Radar,0,3,78,0,81,0,0,138,0,138,0,3,216,0,219,262,0,262,481
08/29/2009,VRB,FL,ASO,ES,Towers with Radar,0,1,19,0,20,0,0,88,0,88,0,1,107,0,108,80,0,80,188
08/30/2009,VRB,FL,ASO,ES,Towers with Radar,0,2,23,0,25,0,0,74,0,74,0,2,97,0,99,34,0,34,133
08/31/2009,VRB,FL,ASO,ES,Towers with Radar,0,3,78,1,82,0,0,114,0,114,0,3,192,1,196,232,0,232,428
09/01/2009,VRB,FL,ASO,ES,Towers with Radar,0,2,63,0,65,0,0,143,0,143,0,2,206,0,208,210,0,210,418
09/02/2009,VRB,FL,ASO,ES,Towers with Radar,0,2,54,0,56,0,0,131,0,131,0,2,185,0,187,240,0,240,427
09/03/2009,VRB,FL,ASO,ES,Towers with Radar,3,0,60,3,66,0,0,145,0,145,3,0,205,3,211,279,0,279,490
09/04/2009,VRB,FL,ASO,ES,Towers with Radar,0,7,81,0,88,0,0,161,0,161,0,7,242,0,249,264,0,264,513
09/05/2009,VRB,FL,ASO,ES,Towers with Radar,0,6,22,0,28,0,0,57,0,57,0,6,79,0,85,42,0,42,127
09/06/2009,VRB,FL,ASO,ES,Towers with Radar,0,3,8,0,11,0,0,82,0,82,0,3,90,0,93,40,0,40,133
09/07/2009,VRB,FL,ASO,ES,Towers with Radar,0,0,28,0,28,0,0,84,0,84,0,0,112,0,112,127,0,127,239
09/08/2009,VRB,FL,ASO,ES,Towers with Radar,0,1,58,0,59,0,0,148,0,148,0,1,206,0,207,188,0,188,395
09/09/2009,VRB,FL,ASO,ES,Towers with Radar,0,5,0,0,5,0,0,142,0,142,0,5,142,0,147,305,0,305,452
09/10/2009,VRB,FL,ASO,ES,Towers with Radar,0,5,52,0,57,0,0,124,0,124,0,5,176,0,181,338,0,338,519
09/11/2009,VRB,FL,ASO,ES,Towers with Radar,0,4,73,0,77,0,0,143,0,143,0,4,216,0,220,269,0,269,489
09/12/2009,VRB,FL,ASO,ES,Towers with Radar,0,1,34,0,35,0,0,65,0,65,0,1,99,0,100,126,0,126,226
09/13/2009,VRB,FL,ASO,ES,Towers with Radar,0,2,21,0,23,0,0,64,0,64,0,2,85,0,87,64,0,64,151
09/14/2009,VRB,FL,ASO,ES,Towers with Radar,0,2,43,0,45,0,0,143,0,143,0,2,186,0,188,344,0,344,532
09/15/2009,VRB,FL,ASO,ES,Towers with Radar,0,1,48,0,49,0,0,142,0,142,0,1,190,0,191,277,0,277,468
09/16/2009,VRB,FL,ASO,ES,Towers with Radar,0,4,49,0,53,0,0,171,0,171,0,4,220,0,224,317,0,317,541
09/17/2009,VRB,FL,ASO,ES,Towers with Radar,0,3,32,0,35,0,0,197,0,197,0,3,229,0,232,247,0,247,479
09/18/2009,VRB,FL,ASO,ES,Towers with Radar,3,0,40,0,43,0,0,161,0,161,3,0,201,0,204,303,0,303,507
09/19/2009,VRB,FL,ASO,ES,Towers with Radar,0,1,18,0,19,0,0,122,0,122,0,1,140,0,141,67,0,67,208
09/20/2009,VRB,FL,ASO,ES,Towers with Radar,0,4,17,1,22,0,0,72,1,73,0,4,89,2,95,45,0,45,140
09/21/2009,VRB,FL,ASO,ES,Towers with Radar,0,1,62,0,63,0,0,146,0,146,0,1,208,0,209,281,0,281,490
09/22/2009,VRB,FL,ASO,ES,Towers with Radar,0,2,66,0,68,0,0,130,0,130,0,2,196,0,198,391,0,391,589
09/23/2009,VRB,FL,ASO,ES,Towers with Radar,0,2,61,0,63,0,0,54,0,54,0,2,115,0,117,48,0,48,165
09/24/2009,VRB,FL,ASO,ES,Towers with Radar,0,2,33,0,35,0,0,152,0,152,0,2,185,0,187,403,0,403,590
09/25/2009,VRB,FL,ASO,ES,Towers with Radar,0,4,44,0,48,0,0,177,0,177,0,4,221,0,225,275,0,275,500
09/26/2009,VRB,FL,ASO,ES,Towers with Radar,0,1,23,0,24,0,0,89,0,89,0,1,112,0,113,83,0,83,196
09/27/2009,VRB,FL,ASO,ES,Towers with Radar,0,4,39,0,43,0,0,61,0,61,0,4,100,0,104,72,0,72,176
09/28/2009,VRB,FL,ASO,ES,Towers with Radar,0,3,55,0,58,0,0,184,0,184,0,3,239,0,242,269,0,269,511
09/29/2009,VRB,FL,ASO,ES,Towers with Radar,0,2,54,0,56,0,0,171,0,171,0,2,225,0,227,379,0,379,606
09/30/2009,VRB,FL,ASO,ES,Towers with Radar,0,8,65,0,73,0,0,175,0,175,0,8,240,0,248,340,0,340,588
10/01/2009,VRB,FL,ASO,ES,Towers with Radar,0,6,51,0,57,0,0,202,0,202,0,6,253,0,259,400,0,400,659
10/02/2009,VRB,FL,ASO,ES,Towers with Radar,0,7,55,0,62,0,0,199,0,199,0,7,254,0,261,354,0,354,615
10/03/2009,VRB,FL,ASO,ES,Towers with Radar,0,1,11,0,12,0,0,100,0,100,0,1,111,0,112,118,0,118,230
10/04/2009,VRB,FL,ASO,ES,Towers with Radar,0,4,21,0,25,0,0,111,0,111,0,4,132,0,136,78,0,78,214
10/05/2009,VRB,FL,ASO,ES,Towers with Radar,0,1,44,0,45,0,0,182,0,182,0,1,226,0,227,357,0,357,584
10/06/2009,VRB,FL,ASO,ES,Towers with Radar,0,4,64,0,68,0,0,176,0,176,0,4,240,0,244,349,0,349,593
10/07/2009,VRB,FL,ASO,ES,Towers with Radar,0,5,46,0,51,0,0,183,0,183,0,5,229,0,234,335,0,335,569
10/08/2009,VRB,FL,ASO,ES,Towers with Radar,0,2,44,0,46,0,0,199,0,199,0,2,243,0,245,370,0,370,615
10/09/2009,VRB,FL,ASO,ES,Towers with Radar,0,5,61,0,66,0,0,162,0,162,0,5,223,0,228,427,0,427,655
10/10/2009,VRB,FL,ASO,ES,Towers with Radar,0,1,26,0,27,0,0,97,0,97,0,1,123,0,124,154,0,154,278
10/11/2009,VRB,FL,ASO,ES,Towers with Radar,0,3,29,2,34,0,0,101,0,101,0,3,130,2,135,87,0,87,222
10/12/2009,VRB,FL,ASO,ES,Towers with Radar,0,7,58,0,65,0,0,153,0,153,0,7,211,0,218,331,0,331,549
10/13/2009,VRB,FL,ASO,ES,Towers with Radar,0,4,65,0,69,0,0,147,0,147,0,4,212,0,216,325,0,325,541
10/14/2009,VRB,FL,ASO,ES,Towers with Radar,0,7,60,0,67,0,0,157,0,157,0,7,217,0,224,346,0,346,570
10/15/2009,VRB,FL,ASO,ES,Towers with Radar,0,7,43,0,50,0,0,114,0,114,0,7,157,0,164,262,0,262,426
10/16/2009,VRB,FL,ASO,ES,Towers with Radar,0,7,67,0,74,0,0,114,0,114,0,7,181,0,188,91,0,91,279
10/17/2009,VRB,FL,ASO,ES,Towers with Radar,0,4,29,0,33,0,0,54,0,54,0,4,83,0,87,78,0,78,165
10/18/2009,VRB,FL,ASO,ES,Towers with Radar,0,5,11,0,16,0,0,53,0,53,0,5,64,0,69,9,0,9,78
10/19/2009,VRB,FL,ASO,ES,Towers with Radar,0,9,54,0,63,0,0,108,0,108,0,9,162,0,171,113,0,113,284
10/20/2009,VRB,FL,ASO,ES,Towers with Radar,0,5,62,0,67,0,0,132,0,132,0,5,194,0,199,131,0,131,330
10/21/2009,VRB,FL,ASO,ES,Towers with Radar,0,8,58,0,66,0,0,124,0,124,0,8,182,0,190,170,0,170,360
10/22/2009,VRB,FL,ASO,ES,Towers with Radar,0,9,58,0,67,0,0,138,0,138,0,9,196,0,205,248,0,248,453
10/23/2009,VRB,FL,ASO,ES,Towers with Radar,0,4,55,0,59,0,0,192,0,192,0,4,247,0,251,299,0,299,550
10/24/2009,VRB,FL,ASO,ES,Towers with Radar,0,17,19,0,36,0,0,69,0,69,0,17,88,0,105,67,0,67,172
10/25/2009,VRB,FL,ASO,ES,Towers with Radar,0,6,29,0,35,0,0,53,0,53,0,6,82,0,88,57,0,57,145
10/26/2009,VRB,FL,ASO,ES,Towers with Radar,0,5,55,0,60,0,0,151,0,151,0,5,206,0,211,385,0,385,596
10/27/2009,VRB,FL,ASO,ES,Towers with Radar,0,7,59,2,68,0,0,115,0,115,0,7,174,2,183,200,0,200,383
10/28/2009,VRB,FL,ASO,ES,Towers with Radar,0,8,41,0,49,0,0,141,0,141,0,8,182,0,190,249,0,249,439
10/29/2009,VRB,FL,ASO,ES,Towers with Radar,0,11,76,0,87,0,0,168,0,168,0,11,244,0,255,382,0,382,637
10/30/2009,VRB,FL,ASO,ES,Towers with Radar,0,9,71,0,80,0,0,145,0,145,0,9,216,0,225,205,0,205,430
10/31/2009,VRB,FL,ASO,ES,Towers with Radar,0,11,27,0,38,0,0,123,0,123,0,11,150,0,161,70,0,70,231
11/01/2009,VRB,FL,ASO,ES,Towers with Radar,0,10,24,0,34,0,0,73,0,73,0,10,97,0,107,56,0,56,163
11/02/2009,VRB,FL,ASO,ES,Towers with Radar,0,13,96,0,109,0,0,187,0,187,0,13,283,0,296,388,0,388,684
11/03/2009,VRB,FL,ASO,ES,Towers with Radar,0,8,101,0,109,0,0,103,0,103,0,8,204,0,212,136,0,136,348
11/04/2009,VRB,FL,ASO,ES,Towers with Radar,0,14,84,0,98,0,0,161,0,161,0,14,245,0,259,290,0,290,549
11/05/2009,VRB,FL,ASO,ES,Towers with Radar,0,14,101,2,117,0,0,130,0,130,0,14,231,2,247,179,0,179,426
11/06/2009,VRB,FL,ASO,ES,Towers with Radar,0,11,55,0,66,0,0,144,0,144,0,11,199,0,210,193,0,193,403
11/07/2009,VRB,FL,ASO,ES,Towers with Radar,0,10,57,0,67,0,0,113,0,113,0,10,170,0,180,140,2,142,322
11/08/2009,VRB,FL,ASO,ES,Towers with Radar,0,12,33,0,45,0,0,42,0,42,0,12,75,0,87,10,0,10,97
11/09/2009,VRB,FL,ASO,ES,Towers with Radar,0,13,79,0,92,0,0,106,0,106,0,13,185,0,198,268,0,268,466
11/10/2009,VRB,FL,ASO,ES,Towers with Radar,0,12,103,0,115,0,0,148,0,148,0,12,251,0,263,491,1,492,755
11/11/2009,VRB,FL,ASO,ES,Towers with Radar,0,14,99,0,113,0,0,130,0,130,0,14,229,0,243,248,0,248,491
11/12/2009,VRB,FL,ASO,ES,Towers with Radar,0,7,95,0,102,0,0,34,0,34,0,7,129,0,136,132,0,132,268
11/13/2009,VRB,FL,ASO,ES,Towers with Radar,0,7,68,0,75,0,0,177,0,177,0,7,245,0,252,225,0,225,477
11/14/2009,VRB,FL,ASO,ES,Towers with Radar,0,10,42,0,52,0,0,170,0,170,0,10,212,0,222,150,0,150,372
11/15/2009,VRB,FL,ASO,ES,Towers with Radar,0,11,60,0,71,0,0,100,0,100,0,11,160,0,171,136,0,136,307
11/16/2009,VRB,FL,ASO,ES,Towers with Radar,0,15,55,0,70,0,0,198,0,198,0,15,253,0,268,407,0,407,675
11/17/2009,VRB,FL,ASO,ES,Towers with Radar,0,16,83,0,99,0,0,233,0,233,0,16,316,0,332,460,0,460,792
11/18/2009,VRB,FL,ASO,ES,Towers with Radar,0,9,62,0,71,0,0,224,0,224,0,9,286,0,295,318,0,318,613
11/19/2009,VRB,FL,ASO,ES,Towers with Radar,0,8,69,0,77,0,0,242,0,242,0,8,311,0,319,350,0,350,669
11/20/2009,VRB,FL,ASO,ES,Towers with Radar,0,13,60,0,73,0,0,150,0,150,0,13,210,0,223,183,0,183,406
11/21/2009,VRB,FL,ASO,ES,Towers with Radar,0,10,36,0,46,0,0,111,0,111,0,10,147,0,157,208,0,208,365
11/22/2009,VRB,FL,ASO,ES,Towers with Radar,0,10,28,0,38,0,0,53,0,53,0,10,81,0,91,61,0,61,152
11/23/2009,VRB,FL,ASO,ES,Towers with Radar,0,19,59,0,78,0,0,166,0,166,0,19,225,0,244,522,0,522,766
11/24/2009,VRB,FL,ASO,ES,Towers with Radar,0,11,93,0,104,0,0,180,0,180,0,11,273,0,284,539,0,539,823
11/25/2009,VRB,FL,ASO,ES,Towers with Radar,0,12,91,0,103,0,0,108,0,108,0,12,199,0,211,279,0,279,490
11/26/2009,VRB,FL,ASO,ES,Towers with Radar,0,1,40,0,41,0,0,14,0,14,0,1,54,0,55,49,0,49,104
11/27/2009,VRB,FL,ASO,ES,Towers with Radar,0,14,45,0,59,0,0,80,0,80,0,14,125,0,139,54,0,54,193
11/28/2009,VRB,FL,ASO,ES,Towers with Radar,0,11,32,0,43,0,0,89,0,89,0,11,121,0,132,66,0,66,198
11/29/2009,VRB,FL,ASO,ES,Towers with Radar,0,30,64,0,94,0,0,87,0,87,0,30,151,0,181,43,0,43,224
11/30/2009,VRB,FL,ASO,ES,Towers with Radar,0,16,85,0,101,0,0,183,0,183,0,16,268,0,284,266,0,266,550
12/01/2009,VRB,FL,ASO,ES,Towers with Radar,0,8,67,0,75,0,0,168,0,168,0,8,235,0,243,450,0,450,693
12/02/2009,VRB,FL,ASO,ES,Towers with Radar,0,8,57,0,65,0,0,107,0,107,0,8,164,0,172,116,0,116,288
12/03/2009,VRB,FL,ASO,ES,Towers with Radar,0,8,82,0,90,0,0,57,0,57,0,8,139,0,147,256,0,256,403
12/04/2009,VRB,FL,ASO,ES,Towers with Radar,0,10,88,0,98,0,0,43,0,43,0,10,131,0,141,197,0,197,338
12/05/2009,VRB,FL,ASO,ES,Towers with Radar,0,11,19,0,30,0,0,22,0,22,0,11,41,0,52,19,0,19,71
12/06/2009,VRB,FL,ASO,ES,Towers with Radar,0,9,33,0,42,0,0,83,0,83,0,9,116,0,125,105,0,105,230
12/07/2009,VRB,FL,ASO,ES,Towers with Radar,0,6,93,0,99,0,0,157,0,157,0,6,250,0,256,560,0,560,816
12/08/2009,VRB,FL,ASO,ES,Towers with Radar,0,7,90,0,97,0,0,153,0,153,0,7,243,0,250,461,0,461,711
12/09/2009,VRB,FL,ASO,ES,Towers with Radar,0,4,89,1,94,0,0,118,0,118,0,4,207,1,212,165,0,165,377
12/10/2009,VRB,FL,ASO,ES,Towers with Radar,0,14,73,0,87,0,0,73,0,73,0,14,146,0,160,184,0,184,344
12/11/2009,VRB,FL,ASO,ES,Towers with Radar,0,9,74,2,85,0,0,174,0,174,0,9,248,2,259,265,0,265,524
12/12/2009,VRB,FL,ASO,ES,Towers with Radar,0,13,47,0,60,0,0,27,0,27,0,13,74,0,87,71,0,71,158
12/13/2009,VRB,FL,ASO,ES,Towers with Radar,0,8,34,0,42,0,0,81,0,81,0,8,115,0,123,118,0,118,241
12/14/2009,VRB,FL,ASO,ES,Towers with Radar,0,10,60,0,70,0,0,215,1,216,0,10,275,1,286,420,0,420,706
12/15/2009,VRB,FL,ASO,ES,Towers with Radar,0,8,86,0,94,0,0,182,2,184,0,8,268,2,278,274,0,274,552
12/16/2009,VRB,FL,ASO,ES,Towers with Radar,0,17,86,2,105,0,0,54,0,54,0,17,140,2,159,22,0,22,181
12/17/2009,VRB,FL,ASO,ES,Towers with Radar,0,17,83,1,101,0,0,26,0,26,0,17,109,1,127,52,0,52,179
12/18/2009,VRB,FL,ASO,ES,Towers with Radar,0,14,36,0,50,0,0,18,0,18,0,14,54,0,68,31,0,31,99
12/19/2009,VRB,FL,ASO,ES,Towers with Radar,0,11,49,0,60,0,1,161,0,162,0,12,210,0,222,279,0,279,501
12/20/2009,VRB,FL,ASO,ES,Towers with Radar,0,4,34,0,38,0,0,122,0,122,0,4,156,0,160,322,0,322,482
12/21/2009,VRB,FL,ASO,ES,Towers with Radar,0,15,49,0,64,0,0,186,2,188,0,15,235,2,252,462,0,462,714
12/22/2009,VRB,FL,ASO,ES,Towers with Radar,0,19,50,0,69,0,0,164,0,164,0,19,214,0,233,343,0,343,576
12/23/2009,VRB,FL,ASO,ES,Towers with Radar,0,15,38,0,53,0,0,160,0,160,0,15,198,0,213,235,0,235,448
12/24/2009,VRB,FL,ASO,ES,Towers with Radar,0,3,10,0,13,0,0,35,0,35,0,3,45,0,48,31,0,31,79
12/25/2009,VRB,FL,ASO,ES,Towers with Radar,0,13,12,0,25,0,0,10,0,10,0,13,22,0,35,6,0,6,41
12/26/2009,VRB,FL,ASO,ES,Towers with Radar,0,31,48,0,79,0,0,50,0,50,0,31,98,0,129,34,0,34,163
12/27/2009,VRB,FL,ASO,ES,Towers with Radar,0,26,37,1,64,0,0,72,1,73,0,26,109,2,137,76,2,78,215
12/28/2009,VRB,FL,ASO,ES,Towers with Radar,0,22,37,0,59,0,0,107,0,107,0,22,144,0,166,163,0,163,329
12/29/2009,VRB,FL,ASO,ES,Towers with Radar,0,16,37,0,53,0,0,133,0,133,0,16,170,0,186,183,0,183,369
12/30/2009,VRB,FL,ASO,ES,Towers with Radar,0,17,43,0,60,0,0,123,0,123,0,17,166,0,183,211,0,211,394
12/31/2009,VRB,FL,ASO,ES,Towers with Radar,0,10,17,0,27,0,0,55,0,55,0,10,72,0,82,77,0,77,159
01/01/2010,VRB,FL,ASO,ES,Towers with Radar,0,11,27,0,38,0,0,9,0,9,0,11,36,0,47,0,0,0,47
01/02/2010,VRB,FL,ASO,ES,Towers with Radar,0,24,39,0,63,0,0,55,0,55,0,24,94,0,118,39,0,39,157
01/03/2010,VRB,FL,ASO,ES,Towers with Radar,0,25,69,0,94,0,1,53,0,54,0,26,122,0,148,30,0,30,178
01/04/2010,VRB,FL,ASO,ES,Towers with Radar,0,8,47,0,55,0,0,131,0,131,0,8,178,0,186,336,0,336,522
01/05/2010,VRB,FL,ASO,ES,Towers with Radar,0,9,54,0,63,0,0,176,0,176,0,9,230,0,239,433,0,433,672
01/06/2010,VRB,FL,ASO,ES,Towers with Radar,0,15,45,0,60,0,0,180,0,180,0,15,225,0,240,354,0,354,594
01/07/2010,VRB,FL,ASO,ES,Towers with Radar,0,14,67,0,81,0,0,203,0,203,0,14,270,0,284,406,0,406,690
01/08/2010,VRB,FL,ASO,ES,Towers with Radar,0,16,51,0,67,0,0,197,0,197,0,16,248,0,264,335,0,335,599
01/09/2010,VRB,FL,ASO,ES,Towers with Radar,0,4,19,0,23,0,0,8,0,8,0,4,27,0,31,8,0,8,39
01/10/2010,VRB,FL,ASO,ES,Towers with Radar,0,5,37,0,42,0,0,38,0,38,0,5,75,0,80,31,0,31,111
01/11/2010,VRB,FL,ASO,ES,Towers with Radar,0,13,33,0,46,0,0,213,0,213,0,13,246,0,259,286,0,286,545
01/12/2010,VRB,FL,ASO,ES,Towers with Radar,0,14,29,0,43,0,0,206,0,206,0,14,235,0,249,408,0,408,657
01/13/2010,VRB,FL,ASO,ES,Towers with Radar,0,15,44,0,59,0,0,248,0,248,0,15,292,0,307,376,0,376,683
01/14/2010,VRB,FL,ASO,ES,Towers with Radar,0,16,66,0,82,0,0,229,0,229,0,16,295,0,311,438,1,439,750
01/15/2010,VRB,FL,ASO,ES,Towers with Radar,0,15,65,4,84,0,0,216,0,216,0,15,281,4,300,288,0,288,588
01/16/2010,VRB,FL,ASO,ES,Towers with Radar,0,4,32,0,36,0,0,76,0,76,0,4,108,0,112,49,0,49,161
01/17/2010,VRB,FL,ASO,ES,Towers with Radar,0,11,15,0,26,0,0,35,0,35,0,11,50,0,61,19,0,19,80
01/18/2010,VRB,FL,ASO,ES,Towers with Radar,0,18,69,0,87,0,0,228,0,228,0,18,297,0,315,299,0,299,614
01/19/2010,VRB,FL,ASO,ES,Towers with Radar,0,14,52,0,66,0,0,204,0,204,0,14,256,0,270,339,0,339,609
01/20/2010,VRB,FL,ASO,ES,Towers with Radar,0,10,59,0,69,0,0,230,0,230,0,10,289,0,299,392,0,392,691
01/21/2010,VRB,FL,ASO,ES,Towers with Radar,0,11,49,0,60,0,0,136,0,136,0,11,185,0,196,150,0,150,346
01/22/2010,VRB,FL,ASO,ES,Towers with Radar,0,16,50,0,66,0,0,70,0,70,0,16,120,0,136,129,0,129,265
01/23/2010,VRB,FL,ASO,ES,Towers with Radar,0,14,44,0,58,0,0,133,0,133,0,14,177,0,191,262,0,262,453
01/24/2010,VRB,FL,ASO,ES,Towers with Radar,0,11,23,0,34,0,0,41,0,41,0,11,64,0,75,19,0,19,94
01/25/2010,VRB,FL,ASO,ES,Towers with Radar,0,7,55,0,62,0,0,77,0,77,0,7,132,0,139,204,0,204,343
01/26/2010,VRB,FL,ASO,ES,Towers with Radar,0,9,62,0,71,0,0,255,0,255,0,9,317,0,326,560,0,560,886
01/27/2010,VRB,FL,ASO,ES,Towers with Radar,0,15,83,0,98,0,0,248,0,248,0,15,331,0,346,271,0,271,617
01/28/2010,VRB,FL,ASO,ES,Towers with Radar,0,4,66,0,70,0,0,216,0,216,0,4,282,0,286,372,0,372,658
01/29/2010,VRB,FL,ASO,ES,Towers with Radar,0,14,59,0,73,0,0,192,0,192,0,14,251,0,265,492,0,492,757
01/30/2010,VRB,FL,ASO,ES,Towers with Radar,0,4,49,0,53,0,0,69,0,69,0,4,118,0,122,55,0,55,177
01/31/2010,VRB,FL,ASO,ES,Towers with Radar,0,7,51,0,58,0,0,33,0,33,0,7,84,0,91,15,0,15,106
02/01/2010,VRB,FL,ASO,ES,Towers with Radar,0,12,71,1,84,0,0,21,0,21,0,12,92,1,105,128,0,128,233
02/02/2010,VRB,FL,ASO,ES,Towers with Radar,0,3,86,0,89,0,0,94,0,94,0,3,180,0,183,291,0,291,474
02/03/2010,VRB,FL,ASO,ES,Towers with Radar,0,6,87,0,93,0,0,122,0,122,0,6,209,0,215,272,0,272,487
02/04/2010,VRB,FL,ASO,ES,Towers with Radar,0,13,75,0,88,0,0,186,0,186,0,13,261,0,274,511,0,511,785
02/05/2010,VRB,FL,ASO,ES,Towers with Radar,0,10,45,0,55,0,0,87,0,87,0,10,132,0,142,154,0,154,296
02/06/2010,VRB,FL,ASO,ES,Towers with Radar,0,5,32,0,37,0,0,74,0,74,0,5,106,0,111,123,0,123,234
02/07/2010,VRB,FL,ASO,ES,Towers with Radar,0,6,36,0,42,0,0,106,0,106,0,6,142,0,148,203,0,203,351
02/08/2010,VRB,FL,ASO,ES,Towers with Radar,0,8,71,0,79,0,0,189,0,189,0,8,260,0,268,461,0,461,729
02/09/2010,VRB,FL,ASO,ES,Towers with Radar,0,9,65,0,74,0,0,133,0,133,0,9,198,0,207,200,0,200,407
02/10/2010,VRB,FL,ASO,ES,Towers with Radar,0,10,55,0,65,0,0,185,0,185,0,10,240,0,250,299,0,299,549
02/11/2010,VRB,FL,ASO,ES,Towers with Radar,0,14,82,0,96,0,0,222,1,223,0,14,304,1,319,606,0,606,925
02/12/2010,VRB,FL,ASO,ES,Towers with Radar,0,19,65,0,84,0,0,72,0,72,0,19,137,0,156,410,0,410,566
02/13/2010,VRB,FL,ASO,ES,Towers with Radar,0,12,49,0,61,0,0,124,1,125,0,12,173,1,186,111,0,111,297
02/14/2010,VRB,FL,ASO,ES,Towers with Radar,0,14,39,0,53,0,0,154,1,155,0,14,193,1,208,339,2,341,549
02/15/2010,VRB,FL,ASO,ES,Towers with Radar,0,29,87,0,116,0,214,0,0,214,0,243,87,0,330,345,0,345,675
02/16/2010,VRB,FL,ASO,ES,Towers with Radar,0,15,73,4,92,0,0,195,2,197,0,15,268,6,289,438,0,438,727
02/17/2010,VRB,FL,ASO,ES,Towers with Radar,0,16,67,0,83,0,0,239,0,239,0,16,306,0,322,390,0,390,712
02/18/2010,VRB,FL,ASO,ES,Towers with Radar,0,11,75,0,86,0,0,220,0,220,0,11,295,0,306,672,0,672,978
02/19/2010,VRB,FL,ASO,ES,Towers with Radar,0,11,72,0,83,0,0,236,0,236,0,11,308,0,319,485,0,485,804
02/20/2010,VRB,FL,ASO,ES,Towers with Radar,0,11,86,0,97,0,0,226,2,228,0,11,312,2,325,387,0,387,712
02/21/2010,VRB,FL,ASO,ES,Towers with Radar,0,15,69,0,84,0,0,125,0,125,0,15,194,0,209,300,0,300,509
02/22/2010,VRB,FL,ASO,ES,Towers with Radar,0,11,67,0,78,0,0,135,0,135,0,11,202,0,213,329,0,329,542
02/23/2010,VRB,FL,ASO,ES,Towers with Radar,0,14,78,0,92,0,0,92,0,92,0,14,170,0,184,230,0,230,414
02/24/2010,VRB,FL,ASO,ES,Towers with Radar,0,7,52,0,59,0,0,55,0,55,0,7,107,0,114,243,0,243,357
02/25/2010,VRB,FL,ASO,ES,Towers with Radar,0,11,58,0,69,0,0,237,0,237,0,11,295,0,306,265,0,265,571
02/26/2010,VRB,FL,ASO,ES,Towers with Radar,0,10,41,0,51,0,0,236,0,236,0,10,277,0,287,355,0,355,642
02/27/2010,VRB,FL,ASO,ES,Towers with Radar,0,14,56,0,70,0,0,94,0,94,0,14,150,0,164,230,0,230,394
02/28/2010,VRB,FL,ASO,ES,Towers with Radar,0,19,65,0,84,0,0,124,0,124,0,19,189,0,208,202,0,202,410
03/01/2010,VRB,FL,ASO,ES,Towers with Radar,0,13,74,0,87,0,0,246,0,246,0,13,320,0,333,394,0,394,727
03/02/2010,VRB,FL,ASO,ES,Towers with Radar,0,9,21,0,30,0,0,16,0,16,0,9,37,0,46,0,0,0,46
03/03/2010,VRB,FL,ASO,ES,Towers with Radar,0,8,71,0,79,0,0,154,0,154,0,8,225,0,233,280,0,280,513
03/04/2010,VRB,FL,ASO,ES,Towers with Radar,0,13,66,0,79,0,0,250,0,250,0,13,316,0,329,402,0,402,731
03/05/2010,VRB,FL,ASO,ES,Towers with Radar,0,16,63,0,79,0,0,239,0,239,0,16,302,0,318,226,0,226,544
03/06/2010,VRB,FL,ASO,ES,Towers with Radar,0,10,42,0,52,0,0,160,0,160,0,10,202,0,212,179,0,179,391
03/07/2010,VRB,FL,ASO,ES,Towers with Radar,0,19,61,0,80,0,0,171,0,171,0,19,232,0,251,170,0,170,421
03/08/2010,VRB,FL,ASO,ES,Towers with Radar,0,7,57,0,64,0,0,210,0,210,0,7,267,0,274,380,0,380,654
03/09/2010,VRB,FL,ASO,ES,Towers with Radar,0,9,57,0,66,0,0,267,0,267,0,9,324,0,333,343,0,343,676
03/10/2010,VRB,FL,ASO,ES,Towers with Radar,0,5,64,0,69,0,0,219,0,219,0,5,283,0,288,417,0,417,705
03/11/2010,VRB,FL,ASO,ES,Towers with Radar,0,21,14,0,35,0,0,39,0,39,0,21,53,0,74,89,0,89,163
03/12/2010,VRB,FL,ASO,ES,Towers with Radar,0,14,27,0,41,0,1,1,0,2,0,15,28,0,43,1,0,1,44
03/13/2010,VRB,FL,ASO,ES,Towers with Radar,0,13,83,0,96,0,0,254,0,254,0,13,337,0,350,148,0,148,498
03/14/2010,VRB,FL,ASO,ES,Towers with Radar,0,17,65,0,82,0,0,160,0,160,0,17,225,0,242,269,0,269,511
03/15/2010,VRB,FL,ASO,ES,Towers with Radar,0,12,65,0,77,0,0,209,0,209,0,12,274,0,286,323,0,323,609
03/16/2010,VRB,FL,ASO,ES,Towers with Radar,0,10,92,2,104,0,0,269,0,269,0,10,361,2,373,390,0,390,763
03/17/2010,VRB,FL,ASO,ES,Towers with Radar,0,8,60,0,68,0,0,259,0,259,0,8,319,0,327,419,0,419,746
03/18/2010,VRB,FL,ASO,ES,Towers with Radar,0,12,88,0,100,0,0,202,0,202,0,12,290,0,302,385,0,385,687
03/19/2010,VRB,FL,ASO,ES,Towers with Radar,0,15,74,0,89,0,0,255,0,255,0,15,329,0,344,306,0,306,650
03/20/2010,VRB,FL,ASO,ES,Towers with Radar,0,19,35,0,54,0,0,223,0,223,0,19,258,0,277,76,0,76,353
03/21/2010,VRB,FL,ASO,ES,Towers with Radar,0,25,47,0,72,0,0,41,0,41,0,25,88,0,113,75,0,75,188
03/22/2010,VRB,FL,ASO,ES,Towers with Radar,0,15,71,0,86,0,0,114,0,114,0,15,185,0,200,344,0,344,544
03/23/2010,VRB,FL,ASO,ES,Towers with Radar,0,12,62,0,74,0,1,251,0,252,0,13,313,0,326,464,0,464,790
03/24/2010,VRB,FL,ASO,ES,Towers with Radar,0,17,68,0,85,0,0,287,0,287,0,17,355,0,372,433,0,433,805
03/25/2010,VRB,FL,ASO,ES,Towers with Radar,0,19,59,0,78,0,0,231,0,231,0,19,290,0,309,294,0,294,603
03/26/2010,VRB,FL,ASO,ES,Towers with Radar,0,29,77,0,106,0,0,47,0,47,0,29,124,0,153,18,0,18,171
03/27/2010,VRB,FL,ASO,ES,Towers with Radar,0,15,43,0,58,0,0,197,0,197,0,15,240,0,255,122,0,122,377
03/28/2010,VRB,FL,ASO,ES,Towers with Radar,0,21,40,0,61,0,0,72,0,72,0,21,112,0,133,107,0,107,240
03/29/2010,VRB,FL,ASO,ES,Towers with Radar,0,11,54,0,65,0,0,52,0,52,0,11,106,0,117,50,0,50,167
03/30/2010,VRB,FL,ASO,ES,Towers with Radar,0,4,63,0,67,0,0,293,0,293,0,4,356,0,360,513,0,513,873
03/31/2010,VRB,FL,ASO,ES,Towers with Radar,0,7,70,0,77,0,0,304,0,304,0,7,374,0,381,361,0,361,742
04/01/2010,VRB,FL,ASO,ES,Towers with Radar,0,19,77,0,96,0,0,249,0,249,0,19,326,0,345,571,0,571,916
04/02/2010,VRB,FL,ASO,ES,Towers with Radar,0,15,72,0,87,0,0,230,0,230,0,15,302,0,317,359,0,359,676
04/03/2010,VRB,FL,ASO,ES,Towers with Radar,0,7,36,0,43,0,0,245,0,245,0,7,281,0,288,367,0,367,655
04/04/2010,VRB,FL,ASO,ES,Towers with Radar,0,27,35,0,62,0,0,28,0,28,0,27,63,0,90,0,0,0,90
04/05/2010,VRB,FL,ASO,ES,Towers with Radar,0,20,105,0,125,0,0,201,0,201,0,20,306,0,326,292,0,292,618
04/06/2010,VRB,FL,ASO,ES,Towers with Radar,0,12,84,0,96,0,0,266,0,266,0,12,350,0,362,463,0,463,825
04/07/2010,VRB,FL,ASO,ES,Towers with Radar,0,7,75,0,82,0,0,201,0,201,0,7,276,0,283,356,0,356,639
04/08/2010,VRB,FL,ASO,ES,Towers with Radar,0,10,71,0,81,0,0,198,0,198,0,10,269,0,279,451,0,451,730
04/09/2010,VRB,FL,ASO,ES,Towers with Radar,0,16,54,0,70,0,0,53,0,53,0,16,107,0,123,36,0,36,159
04/10/2010,VRB,FL,ASO,ES,Towers with Radar,0,13,53,0,66,0,0,152,0,152,0,13,205,0,218,185,0,185,403
04/11/2010,VRB,FL,ASO,ES,Towers with Radar,0,15,44,0,59,0,0,36,0,36,0,15,80,0,95,76,0,76,171
04/12/2010,VRB,FL,ASO,ES,Towers with Radar,0,2,55,0,57,0,0,162,0,162,0,2,217,0,219,212,0,212,431
04/13/2010,VRB,FL,ASO,ES,Towers with Radar,0,11,52,0,63,0,0,177,0,177,0,11,229,0,240,189,0,189,429
04/14/2010,VRB,FL,ASO,ES,Towers with Radar,0,11,64,0,75,0,0,174,0,174,0,11,238,0,249,146,0,146,395
04/15/2010,VRB,FL,ASO,ES,Towers with Radar,0,10,64,0,74,0,0,147,0,147,0,10,211,0,221,166,0,166,387
04/16/2010,VRB,FL,ASO,ES,Towers with Radar,0,6,56,0,62,0,0,171,0,171,0,6,227,0,233,339,0,339,572
04/17/2010,VRB,FL,ASO,ES,Towers with Radar,0,8,49,0,57,0,0,137,0,137,0,8,186,0,194,345,0,345,539
04/18/2010,VRB,FL,ASO,ES,Towers with Radar,0,11,40,0,51,0,0,67,0,67,0,11,107,0,118,116,0,116,234
04/19/2010,VRB,FL,ASO,ES,Towers with Radar,0,9,59,0,68,0,0,173,0,173,0,9,232,0,241,320,0,320,561
04/20/2010,VRB,FL,ASO,ES,Towers with Radar,0,7,56,0,63,0,0,203,0,203,0,7,259,0,266,417,0,417,683
04/21/2010,VRB,FL,ASO,ES,Towers with Radar,0,7,66,0,73,0,0,124,0,124,0,7,190,0,197,396,0,396,593
04/22/2010,VRB,FL,ASO,ES,Towers with Radar,0,8,69,0,77,0,0,253,0,253,0,8,322,0,330,289,0,289,619
04/23/2010,VRB,FL,ASO,ES,Towers with Radar,0,8,68,1,77,0,0,250,0,250,0,8,318,1,327,303,0,303,630
04/24/2010,VRB,FL,ASO,ES,Towers with Radar,0,5,32,0,37,0,0,163,0,163,0,5,195,0,200,205,0,205,405
04/25/2010,VRB,FL,ASO,ES,Towers with Radar,0,16,27,0,43,0,0,87,0,87,0,16,114,0,130,50,0,50,180
04/26/2010,VRB,FL,ASO,ES,Towers with Radar,0,5,62,0,67,0,0,47,0,47,0,5,109,0,114,37,0,37,151
04/27/2010,VRB,FL,ASO,ES,Towers with Radar,0,6,86,0,92,0,0,258,0,258,0,6,344,0,350,390,0,390,740
04/28/2010,VRB,FL,ASO,ES,Towers with Radar,0,7,82,0,89,0,0,240,0,240,0,7,322,0,329,447,0,447,776
04/29/2010,VRB,FL,ASO,ES,Towers with Radar,0,11,69,0,80,0,0,227,0,227,0,11,296,0,307,463,0,463,770
04/30/2010,VRB,FL,ASO,ES,Towers with Radar,0,10,51,0,61,0,0,141,0,141,0,10,192,0,202,298,0,298,500
05/01/2010,VRB,FL,ASO,ES,Towers with Radar,0,5,55,0,60,0,0,172,0,172,0,5,227,0,232,286,0,286,518
05/02/2010,VRB,FL,ASO,ES,Towers with Radar,0,13,31,0,44,0,0,123,0,123,0,13,154,0,167,60,0,60,227
05/03/2010,VRB,FL,ASO,ES,Towers with Radar,0,10,70,0,80,0,0,139,0,139,0,10,209,0,219,240,0,240,459
05/04/2010,VRB,FL,ASO,ES,Towers with Radar,0,4,96,0,100,0,0,223,0,223,0,4,319,0,323,318,0,318,641
05/05/2010,VRB,FL,ASO,ES,Towers with Radar,0,9,87,0,96,0,0,170,0,170,0,9,257,0,266,223,0,223,489
05/06/2010,VRB,FL,ASO,ES,Towers with Radar,0,12,76,0,88,0,0,197,0,197,0,12,273,0,285,300,0,300,585
05/07/2010,VRB,FL,ASO,ES,Towers with Radar,0,2,62,0,64,0,0,217,0,217,0,2,279,0,281,356,0,356,637
05/08/2010,VRB,FL,ASO,ES,Towers with Radar,0,10,36,0,46,0,0,144,0,144,0,10,180,0,190,277,0,277,467
05/09/2010,VRB,FL,ASO,ES,Towers with Radar,0,9,42,0,51,0,0,78,0,78,0,9,120,0,129,92,0,92,221
05/10/2010,VRB,FL,ASO,ES,Towers with Radar,0,5,72,0,77,0,0,219,0,219,0,5,291,0,296,294,0,294,590
05/11/2010,VRB,FL,ASO,ES,Towers with Radar,0,3,68,0,71,0,0,203,0,203,0,3,271,0,274,345,0,345,619
05/12/2010,VRB,FL,ASO,ES,Towers with Radar,0,7,73,4,84,0,0,229,1,230,0,7,302,5,314,441,0,441,755
05/13/2010,VRB,FL,ASO,ES,Towers with Radar,0,13,94,0,107,0,0,232,0,232,0,13,326,0,339,554,0,554,893
05/14/2010,VRB,FL,ASO,ES,Towers with Radar,0,4,60,0,64,0,0,204,0,204,0,4,264,0,268,288,0,288,556
05/15/2010,VRB,FL,ASO,ES,Towers with Radar,0,12,74,0,86,0,0,164,0,164,0,12,238,0,250,214,0,214,464
05/16/2010,VRB,FL,ASO,ES,Towers with Radar,0,9,30,0,39,0,0,102,0,102,0,9,132,0,141,193,0,193,334
05/17/2010,VRB,FL,ASO,ES,Towers with Radar,0,11,45,0,56,0,0,102,0,102,0,11,147,0,158,228,0,228,386
05/18/2010,VRB,FL,ASO,ES,Towers with Radar,0,8,59,0,67,0,0,185,0,185,0,8,244,0,252,484,0,484,736
05/19/2010,VRB,FL,ASO,ES,Towers with Radar,0,7,69,0,76,0,0,223,0,223,0,7,292,0,299,333,0,333,632
05/20/2010,VRB,FL,ASO,ES,Towers with Radar,0,7,111,0,118,0,0,217,0,217,0,7,328,0,335,325,0,325,660
05/21/2010,VRB,FL,ASO,ES,Towers with Radar,0,6,107,0,113,0,0,193,0,193,0,6,300,0,306,326,0,326,632
05/22/2010,VRB,FL,ASO,ES,Towers with Radar,0,3,53,0,56,0,0,160,0,160,0,3,213,0,216,237,0,237,453
05/23/2010,VRB,FL,ASO,ES,Towers with Radar,0,9,26,0,35,0,0,111,0,111,0,9,137,0,146,186,0,186,332
05/24/2010,VRB,FL,ASO,ES,Towers with Radar,0,7,83,0,90,0,0,161,0,161,0,7,244,0,251,274,0,274,525
05/25/2010,VRB,FL,ASO,ES,Towers with Radar,0,6,57,0,63,0,0,176,0,176,0,6,233,0,239,290,0,290,529
05/26/2010,VRB,FL,ASO,ES,Towers with Radar,0,3,105,0,108,0,0,175,0,175,0,3,280,0,283,244,0,244,527
05/27/2010,VRB,FL,ASO,ES,Towers with Radar,0,3,52,0,55,0,0,163,0,163,0,3,215,0,218,0,299,299,517
05/28/2010,VRB,FL,ASO,ES,Towers with Radar,0,11,68,0,79,0,0,190,0,190,0,11,258,0,269,192,0,192,461
05/29/2010,VRB,FL,ASO,ES,Towers with Radar,0,2,32,0,34,0,0,98,0,98,0,2,130,0,132,222,0,222,354
05/30/2010,VRB,FL,ASO,ES,Towers with Radar,0,6,22,0,28,0,0,53,0,53,0,6,75,0,81,0,0,0,81
05/31/2010,VRB,FL,ASO,ES,Towers with Radar,0,9,24,0,33,0,0,67,0,67,0,9,91,0,100,48,0,48,148
06/01/2010,VRB,FL,ASO,ES,Towers with Radar,0,7,90,0,97,0,0,127,0,127,0,7,217,0,224,245,0,245,469
06/02/2010,VRB,FL,ASO,ES,Towers with Radar,0,10,82,0,92,0,0,138,0,138,0,10,220,0,230,131,0,131,361
06/03/2010,VRB,FL,ASO,ES,Towers with Radar,0,5,70,0,75,0,0,174,0,174,0,5,244,0,249,313,0,313,562
06/04/2010,VRB,FL,ASO,ES,Towers with Radar,0,2,62,0,64,0,0,179,3,182,0,2,241,3,246,233,12,245,491
06/05/2010,VRB,FL,ASO,ES,Towers with Radar,0,5,44,0,49,0,0,164,0,164,0,5,208,0,213,381,0,381,594
06/06/2010,VRB,FL,ASO,ES,Towers with Radar,0,6,20,1,27,0,0,134,1,135,0,6,154,2,162,231,0,231,393
06/07/2010,VRB,FL,ASO,ES,Towers with Radar,0,7,67,0,74,0,0,151,0,151,0,7,218,0,225,387,0,387,612
06/08/2010,VRB,FL,ASO,ES,Towers with Radar,0,1,65,0,66,0,0,265,0,265,0,1,330,0,331,197,0,197,528
06/09/2010,VRB,FL,ASO,ES,Towers with Radar,0,5,67,0,72,0,0,266,0,266,0,5,333,0,338,131,0,131,469
06/10/2010,VRB,FL,ASO,ES,Towers with Radar,0,8,79,0,87,0,0,223,1,224,0,8,302,1,311,224,0,224,535
06/11/2010,VRB,FL,ASO,ES,Towers with Radar,0,6,67,0,73,0,0,189,0,189,0,6,256,0,262,160,0,160,422
06/12/2010,VRB,FL,ASO,ES,Towers with Radar,0,4,28,0,32,0,0,140,0,140,0,4,168,0,172,196,0,196,368
06/13/2010,VRB,FL,ASO,ES,Towers with Radar,0,10,34,0,44,0,0,105,0,105,0,10,139,0,149,96,0,96,245
06/14/2010,VRB,FL,ASO,ES,Towers with Radar,0,5,71,0,76,0,0,155,0,155,0,5,226,0,231,242,0,242,473
06/15/2010,VRB,FL,ASO,ES,Towers with Radar,0,2,61,0,63,0,0,194,0,194,0,2,255,0,257,175,0,175,432
06/16/2010,VRB,FL,ASO,ES,Towers with Radar,0,3,55,0,58,0,261,0,0,261,0,264,55,0,319,197,0,197,516
06/17/2010,VRB,FL,ASO,ES,Towers with Radar,0,2,69,0,71,0,0,162,0,162,0,2,231,0,233,121,0,121,354
06/18/2010,VRB,FL,ASO,ES,Towers with Radar,0,0,59,0,59,0,0,150,0,150,0,0,209,0,209,160,0,160,369
06/19/2010,VRB,FL,ASO,ES,Towers with Radar,0,0,28,0,28,0,0,135,0,135,0,0,163,0,163,153,0,153,316
06/20/2010,VRB,FL,ASO,ES,Towers with Radar,0,2,21,0,23,0,0,49,0,49,0,2,70,0,72,12,0,12,84
06/21/2010,VRB,FL,ASO,ES,Towers with Radar,0,4,57,0,61,0,0,155,0,155,0,4,212,0,216,175,0,175,391
06/22/2010,VRB,FL,ASO,ES,Towers with Radar,0,3,65,0,68,0,0,192,0,192,0,3,257,0,260,170,0,170,430
06/23/2010,VRB,FL,ASO,ES,Towers with Radar,0,0,50,0,50,0,0,184,0,184,0,0,234,0,234,151,0,151,385
06/24/2010,VRB,FL,ASO,ES,Towers with Radar,0,2,82,0,84,0,0,178,0,178,0,2,260,0,262,192,0,192,454
06/25/2010,VRB,FL,ASO,ES,Towers with Radar,0,3,68,0,71,0,0,152,0,152,0,3,220,0,223,158,0,158,381
06/26/2010,VRB,FL,ASO,ES,Towers with Radar,0,6,48,0,54,0,0,106,0,106,0,6,154,0,160,151,0,151,311
06/27/2010,VRB,FL,ASO,ES,Towers with Radar,0,2,30,0,32,0,0,115,0,115,0,2,145,0,147,115,0,115,262
06/28/2010,VRB,FL,ASO,ES,Towers with Radar,0,0,55,0,55,0,0,173,0,173,0,0,228,0,228,162,0,162,390
06/29/2010,VRB,FL,ASO,ES,Towers with Radar,0,1,65,0,66,0,0,232,0,232,0,1,297,0,298,182,0,182,480
06/30/2010,VRB,FL,ASO,ES,Towers with Radar,0,0,8,0,8,0,0,191,0,191,0,0,199,0,199,142,0,142,341
07/01/2010,VRB,FL,ASO,ES,Towers with Radar,0,6,63,0,69,0,1,220,0,221,0,7,283,0,290,184,0,184,474
07/02/2010,VRB,FL,ASO,ES,Towers with Radar,0,1,57,0,58,0,0,118,0,118,0,1,175,0,176,122,0,122,298
07/03/2010,VRB,FL,ASO,ES,Towers with Radar,0,2,46,0,48,0,0,72,0,72,0,2,118,0,120,176,0,176,296
07/04/2010,VRB,FL,ASO,ES,Towers with Radar,0,4,10,0,14,0,0,23,0,23,0,4,33,0,37,32,0,32,69
07/05/2010,VRB,FL,ASO,ES,Towers with Radar,0,5,20,0,25,0,0,15,0,15,0,5,35,0,40,23,0,23,63
07/06/2010,VRB,FL,ASO,ES,Towers with Radar,0,2,76,0,78,0,0,197,0,197,0,2,273,0,275,237,0,237,512
07/07/2010,VRB,FL,ASO,ES,Towers with Radar,0,6,62,0,68,0,0,185,0,185,0,6,247,0,253,187,0,187,440
07/08/2010,VRB,FL,ASO,ES,Towers with Radar,0,4,50,0,54,0,0,234,0,234,0,4,284,0,288,216,0,216,504
07/09/2010,VRB,FL,ASO,ES,Towers with Radar,0,1,49,0,50,0,0,241,0,241,0,1,290,0,291,206,0,206,497
07/10/2010,VRB,FL,ASO,ES,Towers with Radar,0,3,26,0,29,0,0,208,0,208,0,3,234,0,237,197,0,197,434
07/11/2010,VRB,FL,ASO,ES,Towers with Radar,0,0,31,0,31,0,0,96,0,96,0,0,127,0,127,121,0,121,248
07/12/2010,VRB,FL,ASO,ES,Towers with Radar,0,2,52,0,54,0,0,179,0,179,0,2,231,0,233,115,0,115,348
07/13/2010,VRB,FL,ASO,ES,Towers with Radar,0,0,57,0,57,0,0,179,0,179,0,0,236,0,236,202,0,202,438
07/14/2010,VRB,FL,ASO,ES,Towers with Radar,0,9,47,0,56,0,0,160,0,160,0,9,207,0,216,214,0,214,430
07/15/2010,VRB,FL,ASO,ES,Towers with Radar,0,5,70,0,75,0,0,151,0,151,0,5,221,0,226,160,0,160,386
07/16/2010,VRB,FL,ASO,ES,Towers with Radar,0,3,73,0,76,0,0,153,0,153,0,3,226,0,229,156,0,156,385
07/17/2010,VRB,FL,ASO,ES,Towers with Radar,0,0,31,0,31,0,0,165,0,165,0,0,196,0,196,97,0,97,293
07/18/2010,VRB,FL,ASO,ES,Towers with Radar,0,4,38,0,42,0,0,107,0,107,0,4,145,0,149,63,0,63,212
07/19/2010,VRB,FL,ASO,ES,Towers with Radar,0,2,55,0,57,0,0,174,0,174,0,2,229,0,231,146,0,146,377
07/20/2010,VRB,FL,ASO,ES,Towers with Radar,0,8,70,0,78,0,0,191,0,191,0,8,261,0,269,181,0,181,450
07/21/2010,VRB,FL,ASO,ES,Towers with Radar,0,1,80,0,81,0,0,141,0,141,0,1,221,0,222,209,0,209,431
07/22/2010,VRB,FL,ASO,ES,Towers with Radar,0,7,77,0,84,0,0,180,0,180,0,7,257,0,264,108,0,108,372
07/23/2010,VRB,FL,ASO,ES,Towers with Radar,0,7,22,0,29,0,0,20,0,20,0,7,42,0,49,25,0,25,74
07/24/2010,VRB,FL,ASO,ES,Towers with Radar,0,6,34,0,40,0,0,73,0,73,0,6,107,0,113,146,0,146,259
07/25/2010,VRB,FL,ASO,ES,Towers with Radar,0,1,31,0,32,0,0,114,0,114,0,1,145,0,146,138,0,138,284
07/26/2010,VRB,FL,ASO,ES,Towers with Radar,0,0,58,0,58,0,0,180,0,180,0,0,238,0,238,150,0,150,388
07/27/2010,VRB,FL,ASO,ES,Towers with Radar,0,3,77,0,80,0,0,184,0,184,0,3,261,0,264,205,0,205,469
07/28/2010,VRB,FL,ASO,ES,Towers with Radar,0,1,56,0,57,0,0,176,0,176,0,1,232,0,233,234,0,234,467
07/29/2010,VRB,FL,ASO,ES,Towers with Radar,0,4,54,0,58,0,0,166,0,166,0,4,220,0,224,176,0,176,400
07/30/2010,VRB,FL,ASO,ES,Towers with Radar,0,5,65,0,70,0,0,161,0,161,0,5,226,0,231,198,0,198,429
07/31/2010,VRB,FL,ASO,ES,Towers with Radar,0,4,25,0,29,0,0,119,0,119,0,4,144,0,148,179,0,179,327
08/01/2010,VRB,FL,ASO,ES,Towers with Radar,0,3,29,0,32,0,0,79,0,79,0,3,108,0,111,68,0,68,179
08/02/2010,VRB,FL,ASO,ES,Towers with Radar,0,2,45,0,47,0,0,148,0,148,0,2,193,0,195,174,0,174,369
08/03/2010,VRB,FL,ASO,ES,Towers with Radar,0,5,50,0,55,0,0,190,0,190,0,5,240,0,245,192,0,192,437
08/04/2010,VRB,FL,ASO,ES,Towers with Radar,0,3,46,0,49,0,0,177,0,177,0,3,223,0,226,277,0,277,503
08/05/2010,VRB,FL,ASO,ES,Towers with Radar,0,1,69,0,70,0,0,166,0,166,0,1,235,0,236,246,0,246,482
08/06/2010,VRB,FL,ASO,ES,Towers with Radar,0,10,48,0,58,0,0,193,0,193,0,10,241,0,251,231,0,231,482
08/07/2010,VRB,FL,ASO,ES,Towers with Radar,0,1,46,0,47,0,0,150,0,150,0,1,196,0,197,87,0,87,284
08/08/2010,VRB,FL,ASO,ES,Towers with Radar,0,3,15,1,19,0,0,60,0,60,0,3,75,1,79,24,0,24,103
08/09/2010,VRB,FL,ASO,ES,Towers with Radar,0,2,90,1,93,0,0,93,0,93,0,2,183,1,186,112,0,112,298
08/10/2010,VRB,FL,ASO,ES,Towers with Radar,0,1,48,0,49,0,0,67,0,67,0,1,115,0,116,144,0,144,260
08/11/2010,VRB,FL,ASO,ES,Towers with Radar,0,1,47,0,48,0,0,205,0,205,0,1,252,0,253,195,1,196,449
08/12/2010,VRB,FL,ASO,ES,Towers with Radar,0,1,68,4,73,0,0,223,0,223,0,1,291,4,296,222,0,222,518
08/13/2010,VRB,FL,ASO,ES,Towers with Radar,0,1,65,0,66,0,0,208,0,208,0,1,273,0,274,210,0,210,484
08/14/2010,VRB,FL,ASO,ES,Towers with Radar,0,4,30,0,34,0,0,169,0,169,0,4,199,0,203,255,0,255,458
08/15/2010,VRB,FL,ASO,ES,Towers with Radar,0,2,22,0,24,0,0,123,0,123,0,2,145,0,147,60,0,60,207
08/16/2010,VRB,FL,ASO,ES,Towers with Radar,0,0,60,0,60,0,0,157,0,157,0,0,217,0,217,207,0,207,424
08/17/2010,VRB,FL,ASO,ES,Towers with Radar,0,0,65,0,65,0,0,173,0,173,0,0,238,0,238,291,0,291,529
08/18/2010,VRB,FL,ASO,ES,Towers with Radar,0,4,79,0,83,0,0,238,0,238,0,4,317,0,321,245,0,245,566
08/19/2010,VRB,FL,ASO,ES,Towers with Radar,0,1,63,0,64,0,0,214,0,214,0,1,277,0,278,263,0,263,541
08/20/2010,VRB,FL,ASO,ES,Towers with Radar,0,2,52,0,54,0,0,211,0,211,0,2,263,0,265,170,0,170,435
08/21/2010,VRB,FL,ASO,ES,Towers with Radar,0,2,25,0,27,0,0,138,0,138,0,2,163,0,165,124,0,124,289
08/22/2010,VRB,FL,ASO,ES,Towers with Radar,0,3,29,0,32,0,0,87,0,87,0,3,116,0,119,68,0,68,187
08/23/2010,VRB,FL,ASO,ES,Towers with Radar,0,2,39,0,41,0,0,116,0,116,0,2,155,0,157,135,0,135,292
08/24/2010,VRB,FL,ASO,ES,Towers with Radar,0,0,55,0,55,0,0,147,0,147,0,0,202,0,202,143,0,143,345
08/25/2010,VRB,FL,ASO,ES,Towers with Radar,0,2,63,0,65,0,0,144,0,144,0,2,207,0,209,256,0,256,465
08/26/2010,VRB,FL,ASO,ES,Towers with Radar,0,1,49,0,50,0,0,174,0,174,0,1,223,0,224,240,0,240,464
08/27/2010,VRB,FL,ASO,ES,Towers with Radar,0,1,51,0,52,0,0,229,0,229,0,1,280,0,281,162,0,162,443
08/28/2010,VRB,FL,ASO,ES,Towers with Radar,0,1,31,0,32,0,0,215,0,215,0,1,246,0,247,148,0,148,395
08/29/2010,VRB,FL,ASO,ES,Towers with Radar,0,1,24,0,25,0,0,55,0,55,0,1,79,0,80,16,0,16,96
08/30/2010,VRB,FL,ASO,ES,Towers with Radar,0,2,51,0,53,0,0,119,0,119,0,2,170,0,172,156,0,156,328
08/31/2010,VRB,FL,ASO,ES,Towers with Radar,0,4,89,0,93,0,0,158,0,158,0,4,247,0,251,156,0,156,407
09/01/2010,VRB,FL,ASO,ES,Towers with Radar,0,2,66,0,68,0,0,130,0,130,0,2,196,0,198,203,0,203,401
09/02/2010,VRB,FL,ASO,ES,Towers with Radar,0,2,66,0,68,0,0,190,0,190,0,2,256,0,258,264,0,264,522
09/03/2010,VRB,FL,ASO,ES,Towers with Radar,0,3,55,0,58,0,0,225,0,225,0,3,280,0,283,204,0,204,487
09/04/2010,VRB,FL,ASO,ES,Towers with Radar,0,2,26,0,28,0,0,177,0,177,0,2,203,0,205,252,0,252,457
09/05/2010,VRB,FL,ASO,ES,Towers with Radar,0,2,8,0,10,0,0,116,0,116,0,2,124,0,126,120,0,120,246
09/06/2010,VRB,FL,ASO,ES,Towers with Radar,0,1,12,0,13,0,0,22,0,22,0,1,34,0,35,6,0,6,41
09/07/2010,VRB,FL,ASO,ES,Towers with Radar,0,2,52,8,62,0,0,124,1,125,0,2,176,9,187,161,0,161,348
09/08/2010,VRB,FL,ASO,ES,Towers with Radar,0,3,57,0,60,0,179,0,0,179,0,182,57,0,239,203,0,203,442
09/09/2010,VRB,FL,ASO,ES,Towers with Radar,0,3,63,0,66,0,0,175,0,175,0,3,238,0,241,280,0,280,521
09/10/2010,VRB,FL,ASO,ES,Towers with Radar,0,5,48,0,53,0,0,220,0,220,0,5,268,0,273,223,0,223,496
09/11/2010,VRB,FL,ASO,ES,Towers with Radar,0,0,30,0,30,0,0,207,0,207,0,0,237,0,237,218,0,218,455
09/12/2010,VRB,FL,ASO,ES,Towers with Radar,0,6,14,0,20,0,0,164,1,165,0,6,178,1,185,215,0,215,400
09/13/2010,VRB,FL,ASO,ES,Towers with Radar,57,0,0,0,57,0,0,187,0,187,57,0,187,0,244,236,0,236,480
09/14/2010,VRB,FL,ASO,ES,Towers with Radar,0,1,64,0,65,0,1,158,0,159,0,2,222,0,224,189,0,189,413
09/15/2010,VRB,FL,ASO,ES,Towers with Radar,0,4,53,0,57,0,0,158,0,158,0,4,211,0,215,251,0,251,466
09/16/2010,VRB,FL,ASO,ES,Towers with Radar,0,1,49,0,50,0,0,190,1,191,0,1,239,1,241,251,0,251,492
09/17/2010,VRB,FL,ASO,ES,Towers with Radar,0,2,49,0,51,0,0,177,0,177,0,2,226,0,228,224,0,224,452
09/18/2010,VRB,FL,ASO,ES,Towers with Radar,0,1,18,0,19,0,0,87,2,89,0,1,105,2,108,88,0,88,196
09/19/2010,VRB,FL,ASO,ES,Towers with Radar,0,2,8,0,10,0,0,54,4,58,0,2,62,4,68,29,0,29,97
09/20/2010,VRB,FL,ASO,ES,Towers with Radar,0,0,37,0,37,0,0,176,1,177,0,0,213,1,214,222,0,222,436
09/21/2010,VRB,FL,ASO,ES,Towers with Radar,0,3,26,0,29,0,0,181,0,181,0,3,207,0,210,165,0,165,375
09/22/2010,VRB,FL,ASO,ES,Towers with Radar,0,0,50,0,50,0,0,176,0,176,0,0,226,0,226,183,0,183,409
09/23/2010,VRB,FL,ASO,ES,Towers with Radar,0,1,54,0,55,0,0,165,0,165,0,1,219,0,220,203,0,203,423
09/24/2010,VRB,FL,ASO,ES,Towers with Radar,0,0,65,0,65,0,0,109,0,109,0,0,174,0,174,137,0,137,311
09/25/2010,VRB,FL,ASO,ES,Towers with Radar,0,4,18,0,22,0,0,157,0,157,0,4,175,0,179,170,0,170,349
09/26/2010,VRB,FL,ASO,ES,Towers with Radar,0,2,7,0,9,0,0,133,0,133,0,2,140,0,142,71,0,71,213
09/27/2010,VRB,FL,ASO,ES,Towers with Radar,0,4,49,0,53,0,0,160,0,160,0,4,209,0,213,163,0,163,376
09/28/2010,VRB,FL,ASO,ES,Towers with Radar,0,3,36,0,39,0,0,63,0,63,0,3,99,0,102,135,0,135,237
09/29/2010,VRB,FL,ASO,ES,Towers with Radar,0,10,28,0,38,0,0,6,0,6,0,10,34,0,44,10,0,10,54
09/30/2010,VRB,FL,ASO,ES,Towers with Radar,0,2,40,0,42,0,0,238,0,238,0,2,278,0,280,292,0,292,572
10/01/2010,VRB,FL,ASO,ES,Towers with Radar,0,1,48,0,49,0,0,308,0,308,0,1,356,0,357,288,0,288,645
10/02/2010,VRB,FL,ASO,ES,Towers with Radar,0,5,54,0,59,0,0,231,0,231,0,5,285,0,290,245,0,245,535
10/03/2010,VRB,FL,ASO,ES,Towers with Radar,0,1,23,0,24,0,0,129,0,129,0,1,152,0,153,102,0,102,255
10/04/2010,VRB,FL,ASO,ES,Towers with Radar,0,1,56,0,57,0,0,239,0,239,0,1,295,0,296,253,0,253,549
10/05/2010,VRB,FL,ASO,ES,Towers with Radar,0,4,47,2,53,0,0,209,0,209,0,4,256,2,262,219,0,219,481
10/06/2010,VRB,FL,ASO,ES,Towers with Radar,0,2,90,1,93,0,0,161,0,161,0,2,251,1,254,131,0,131,385
10/07/2010,VRB,FL,ASO,ES,Towers with Radar,0,2,80,1,83,0,0,222,0,222,0,2,302,1,305,242,0,242,547
10/08/2010,VRB,FL,ASO,ES,Towers with Radar,0,0,72,0,72,0,0,246,0,246,0,0,318,0,318,218,0,218,536
10/09/2010,VRB,FL,ASO,ES,Towers with Radar,1,0,19,0,20,0,0,201,0,201,1,0,220,0,221,149,0,149,370
10/10/2010,VRB,FL,ASO,ES,Towers with Radar,0,5,19,0,24,0,0,150,0,150,0,5,169,0,174,115,0,115,289
10/11/2010,VRB,FL,ASO,ES,Towers with Radar,0,7,42,0,49,0,0,242,0,242,0,7,284,0,291,339,0,339,630
10/12/2010,VRB,FL,ASO,ES,Towers with Radar,0,4,43,0,47,0,0,283,0,283,0,4,326,0,330,320,0,320,650
10/13/2010,VRB,FL,ASO,ES,Towers with Radar,0,3,47,0,50,0,0,268,0,268,0,3,315,0,318,184,0,184,502
10/14/2010,VRB,FL,ASO,ES,Towers with Radar,0,4,49,0,53,0,0,187,0,187,0,4,236,0,240,289,0,289,529
10/15/2010,VRB,FL,ASO,ES,Towers with Radar,0,4,49,6,59,0,0,186,0,186,0,4,235,6,245,169,0,169,414
10/16/2010,VRB,FL,ASO,ES,Towers with Radar,0,0,35,0,35,0,0,177,0,177,0,0,212,0,212,169,0,169,381
10/17/2010,VRB,FL,ASO,ES,Towers with Radar,0,5,19,0,24,0,0,109,0,109,0,5,128,0,133,67,0,67,200
10/18/2010,VRB,FL,ASO,ES,Towers with Radar,0,4,42,0,46,0,0,170,0,170,0,4,212,0,216,388,0,388,604
10/19/2010,VRB,FL,ASO,ES,Towers with Radar,0,6,35,0,41,0,0,198,0,198,0,6,233,0,239,369,0,369,608
10/20/2010,VRB,FL,ASO,ES,Towers with Radar,0,7,31,0,38,0,0,215,0,215,0,7,246,0,253,342,0,342,595
10/21/2010,VRB,FL,ASO,ES,Towers with Radar,0,8,58,0,66,0,0,210,0,210,0,8,268,0,276,392,0,392,668
10/22/2010,VRB,FL,ASO,ES,Towers with Radar,0,9,37,0,46,0,0,198,0,198,0,9,235,0,244,242,0,242,486
10/23/2010,VRB,FL,ASO,ES,Towers with Radar,0,7,35,0,42,0,0,167,0,167,0,7,202,0,209,175,0,175,384
10/24/2010,VRB,FL,ASO,ES,Towers with Radar,0,3,26,0,29,0,0,127,0,127,0,3,153,0,156,169,0,169,325
10/25/2010,VRB,FL,ASO,ES,Towers with Radar,0,6,42,0,48,0,0,135,0,135,0,6,177,0,183,130,0,130,313
10/26/2010,VRB,FL,ASO,ES,Towers with Radar,0,0,71,0,71,0,0,165,0,165,0,0,236,0,236,125,0,125,361
10/27/2010,VRB,FL,ASO,ES,Towers with Radar,0,7,69,0,76,0,0,149,0,149,0,7,218,0,225,141,0,141,366
10/28/2010,VRB,FL,ASO,ES,Towers with Radar,0,4,68,0,72,0,0,182,0,182,0,4,250,0,254,126,0,126,380
10/29/2010,VRB,FL,ASO,ES,Towers with Radar,0,17,54,0,71,0,0,68,0,68,0,17,122,0,139,75,0,75,214
10/30/2010,VRB,FL,ASO,ES,Towers with Radar,0,12,42,0,54,0,0,128,0,128,0,12,170,0,182,70,0,70,252
10/31/2010,VRB,FL,ASO,ES,Towers with Radar,0,10,34,2,46,0,0,135,0,135,0,10,169,2,181,113,0,113,294
11/01/2010,VRB,FL,ASO,ES,Towers with Radar,0,15,70,0,85,0,0,190,0,190,0,15,260,0,275,178,0,178,453
11/02/2010,VRB,FL,ASO,ES,Towers with Radar,0,7,59,0,66,0,0,178,0,178,0,7,237,0,244,240,0,240,484
11/03/2010,VRB,FL,ASO,ES,Towers with Radar,0,19,62,0,81,0,0,164,0,164,0,19,226,0,245,200,0,200,445
11/04/2010,VRB,FL,ASO,ES,Towers with Radar,0,20,60,0,80,0,0,20,0,20,0,20,80,0,100,31,0,31,131
11/05/2010,VRB,FL,ASO,ES,Towers with Radar,0,8,55,0,63,0,0,138,1,139,0,8,193,1,202,94,0,94,296
11/06/2010,VRB,FL,ASO,ES,Towers with Radar,0,4,48,0,52,0,0,110,3,113,0,4,158,3,165,40,0,40,205
11/07/2010,VRB,FL,ASO,ES,Towers with Radar,0,24,25,3,52,0,0,54,1,55,0,24,79,4,107,18,0,18,125
11/08/2010,VRB,FL,ASO,ES,Towers with Radar,0,4,83,0,87,0,0,193,0,193,0,4,276,0,280,293,0,293,573
11/09/2010,VRB,FL,ASO,ES,Towers with Radar,0,11,68,0,79,0,0,322,0,322,0,11,390,0,401,313,0,313,714
11/10/2010,VRB,FL,ASO,ES,Towers with Radar,0,12,79,0,91,0,0,275,0,275,0,12,354,0,366,239,0,239,605
11/11/2010,VRB,FL,ASO,ES,Towers with Radar,0,6,49,0,55,0,0,221,2,223,0,6,270,2,278,237,0,237,515
11/12/2010,VRB,FL,ASO,ES,Towers with Radar,0,7,66,2,75,0,0,114,0,114,0,7,180,2,189,187,0,187,376
11/13/2010,VRB,FL,ASO,ES,Towers with Radar,0,4,48,0,52,0,0,152,0,152,0,4,200,0,204,79,0,79,283
11/14/2010,VRB,FL,ASO,ES,Towers with Radar,0,8,50,0,58,0,0,120,0,120,0,8,170,0,178,87,0,87,265
11/15/2010,VRB,FL,ASO,ES,Towers with Radar,0,10,52,0,62,0,0,207,1,208,0,10,259,1,270,353,0,353,623
11/16/2010,VRB,FL,ASO,ES,Towers with Radar,0,10,54,2,66,0,0,162,2,164,0,10,216,4,230,183,0,183,413
11/17/2010,VRB,FL,ASO,ES,Towers with Radar,0,12,97,0,109,0,0,259,0,259,0,12,356,0,368,397,0,397,765
11/18/2010,VRB,FL,ASO,ES,Towers with Radar,0,10,83,0,93,0,0,119,0,119,0,10,202,0,212,255,0,255,467
11/19/2010,VRB,FL,ASO,ES,Towers with Radar,0,6,117,3,126,0,0,150,0,150,0,6,267,3,276,207,0,207,483
11/20/2010,VRB,FL,ASO,ES,Towers with Radar,0,7,55,0,62,0,0,176,0,176,0,7,231,0,238,136,0,136,374
11/21/2010,VRB,FL,ASO,ES,Towers with Radar,0,10,42,0,52,0,0,72,0,72,0,10,114,0,124,151,0,151,275
11/22/2010,VRB,FL,ASO,ES,Towers with Radar,0,9,77,0,86,0,0,228,0,228,0,9,305,0,314,346,0,346,660
11/23/2010,VRB,FL,ASO,ES,Towers with Radar,0,13,120,0,133,0,0,235,0,235,0,13,355,0,368,293,0,293,661
11/24/2010,VRB,FL,ASO,ES,Towers with Radar,0,13,76,0,89,0,1,208,0,209,0,14,284,0,298,275,0,275,573
11/25/2010,VRB,FL,ASO,ES,Towers with Radar,0,8,10,0,18,0,0,22,0,22,0,8,32,0,40,41,0,41,81
11/26/2010,VRB,FL,ASO,ES,Towers with Radar,0,5,24,0,29,0,0,38,0,38,0,5,62,0,67,75,0,75,142
11/27/2010,VRB,FL,ASO,ES,Towers with Radar,0,14,51,0,65,0,0,30,0,30,0,14,81,0,95,97,0,97,192
11/28/2010,VRB,FL,ASO,ES,Towers with Radar,31,0,65,0,96,0,0,94,0,94,31,0,159,0,190,65,0,65,255
11/29/2010,VRB,FL,ASO,ES,Towers with Radar,0,9,72,2,83,0,0,87,0,87,0,9,159,2,170,137,0,137,307
11/30/2010,VRB,FL,ASO,ES,Towers with Radar,0,10,74,0,84,0,121,0,0,121,0,131,74,0,205,179,0,179,384
12/01/2010,VRB,FL,ASO,ES,Towers with Radar,0,13,74,0,87,0,0,85,0,85,0,13,159,0,172,172,0,172,344
12/02/2010,VRB,FL,ASO,ES,Towers with Radar,0,5,57,0,62,0,0,257,0,257,0,5,314,0,319,223,0,223,542
12/03/2010,VRB,FL,ASO,ES,Towers with Radar,0,10,43,2,55,0,0,269,1,270,0,10,312,3,325,251,0,251,576
12/04/2010,VRB,FL,ASO,ES,Towers with Radar,0,4,33,0,37,0,0,257,0,257,0,4,290,0,294,379,0,379,673
12/05/2010,VRB,FL,ASO,ES,Towers with Radar,0,11,30,0,41,0,0,123,0,123,0,11,153,0,164,83,0,83,247
12/06/2010,VRB,FL,ASO,ES,Towers with Radar,0,12,32,2,46,0,0,216,0,216,0,12,248,2,262,259,0,259,521
12/07/2010,VRB,FL,ASO,ES,Towers with Radar,0,75,6,2,83,0,1,235,0,236,0,76,241,2,319,409,0,409,728
12/08/2010,VRB,FL,ASO,ES,Towers with Radar,0,7,60,0,67,0,0,260,0,260,0,7,320,0,327,356,0,356,683
12/09/2010,VRB,FL,ASO,ES,Towers with Radar,0,2,62,0,64,0,0,217,0,217,0,2,279,0,281,329,0,329,610
12/10/2010,VRB,FL,ASO,ES,Towers with Radar,0,3,49,0,52,0,0,190,0,190,0,3,239,0,242,320,0,320,562
12/11/2010,VRB,FL,ASO,ES,Towers with Radar,0,4,40,0,44,0,0,145,0,145,0,4,185,0,189,227,0,227,416
12/12/2010,VRB,FL,ASO,ES,Towers with Radar,0,7,24,0,31,0,0,45,0,45,0,7,69,0,76,54,0,54,130
12/13/2010,VRB,FL,ASO,ES,Towers with Radar,0,12,46,0,58,0,0,68,0,68,0,12,114,0,126,39,0,39,165
12/14/2010,VRB,FL,ASO,ES,Towers with Radar,0,10,66,0,76,0,0,201,0,201,0,10,267,0,277,264,0,264,541
12/15/2010,VRB,FL,ASO,ES,Towers with Radar,0,5,72,4,81,0,0,251,0,251,0,5,323,4,332,287,0,287,619
12/16/2010,VRB,FL,ASO,ES,Towers with Radar,0,10,47,0,57,0,0,236,0,236,0,10,283,0,293,274,0,274,567
12/17/2010,VRB,FL,ASO,ES,Towers with Radar,0,11,45,1,57,0,0,230,0,230,0,11,275,1,287,157,0,157,444
12/18/2010,VRB,FL,ASO,ES,Towers with Radar,0,7,37,0,44,0,0,35,0,35,0,7,72,0,79,121,0,121,200
12/19/2010,VRB,FL,ASO,ES,Towers with Radar,0,3,65,0,68,0,0,13,0,13,0,3,78,0,81,34,0,34,115
12/20/2010,VRB,FL,ASO,ES,Towers with Radar,0,11,30,0,41,0,0,201,0,201,0,11,231,0,242,244,0,244,486
12/21/2010,VRB,FL,ASO,ES,Towers with Radar,0,7,54,0,61,0,0,233,0,233,0,7,287,0,294,423,0,423,717
12/22/2010,VRB,FL,ASO,ES,Towers with Radar,0,11,59,6,76,0,0,174,1,175,0,11,233,7,251,314,0,314,565
12/23/2010,VRB,FL,ASO,ES,Towers with Radar,0,8,47,0,55,0,0,107,0,107,0,8,154,0,162,145,0,145,307
12/24/2010,VRB,FL,ASO,ES,Towers with Radar,0,7,19,0,26,0,0,24,0,24,0,7,43,0,50,16,0,16,66
12/25/2010,VRB,FL,ASO,ES,Towers with Radar,0,14,9,0,23,0,0,12,0,12,0,14,21,0,35,0,0,0,35
12/26/2010,VRB,FL,ASO,ES,Towers with Radar,0,31,40,0,71,0,0,7,0,7,0,31,47,0,78,0,0,0,78
12/27/2010,VRB,FL,ASO,ES,Towers with Radar,0,19,50,0,69,0,0,66,0,66,0,19,116,0,135,20,0,20,155
12/28/2010,VRB,FL,ASO,ES,Towers with Radar,0,15,67,0,82,0,0,177,0,177,0,15,244,0,259,190,0,190,449
12/29/2010,VRB,FL,ASO,ES,Towers with Radar,0,20,57,0,77,0,0,176,0,176,0,20,233,0,253,228,0,228,481
12/30/2010,VRB,FL,ASO,ES,Towers with Radar,0,11,68,4,83,0,0,143,0,143,0,11,211,4,226,293,0,293,519
12/31/2010,VRB,FL,ASO,ES,Towers with Radar,0,10,22,0,32,0,0,42,0,42,0,10,64,0,74,45,0,45,119
01/01/2011,VRB,FL,ASO,ES,Towers with Radar,0,23,19,0,42,0,0,35,0,35,0,23,54,0,77,25,0,25,102
01/02/2011,VRB,FL,ASO,ES,Towers with Radar,20,0,70,0,90,0,0,27,0,27,20,0,97,0,117,46,0,46,163
01/03/2011,VRB,FL,ASO,ES,Towers with Radar,0,10,73,0,83,0,0,166,1,167,0,10,239,1,250,285,0,285,535
01/04/2011,VRB,FL,ASO,ES,Towers with Radar,0,9,72,0,81,0,0,230,0,230,0,9,302,0,311,465,0,465,776
01/05/2011,VRB,FL,ASO,ES,Towers with Radar,0,10,75,0,85,0,0,169,0,169,0,10,244,0,254,341,0,341,595
01/06/2011,VRB,FL,ASO,ES,Towers with Radar,0,17,57,0,74,0,0,35,0,35,0,17,92,0,109,85,0,85,194
01/07/2011,VRB,FL,ASO,ES,Towers with Radar,0,8,54,0,62,0,0,216,0,216,0,8,270,0,278,462,0,462,740
01/08/2011,VRB,FL,ASO,ES,Towers with Radar,0,2,25,0,27,0,0,119,0,119,0,2,144,0,146,197,0,197,343
01/09/2011,VRB,FL,ASO,ES,Towers with Radar,0,6,39,0,45,0,0,180,0,180,0,6,219,0,225,172,0,172,397
01/10/2011,VRB,FL,ASO,ES,Towers with Radar,0,2,64,0,66,0,0,131,0,131,0,2,195,0,197,178,0,178,375
01/11/2011,VRB,FL,ASO,ES,Towers with Radar,0,3,87,2,92,0,0,54,0,54,0,3,141,2,146,71,0,71,217
01/12/2011,VRB,FL,ASO,ES,Towers with Radar,0,8,49,0,57,0,0,204,0,204,0,8,253,0,261,288,0,288,549
01/13/2011,VRB,FL,ASO,ES,Towers with Radar,0,8,56,0,64,0,0,192,0,192,0,8,248,0,256,189,0,189,445
01/14/2011,VRB,FL,ASO,ES,Towers with Radar,0,9,67,0,76,0,0,234,0,234,0,9,301,0,310,339,0,339,649
01/15/2011,VRB,FL,ASO,ES,Towers with Radar,0,11,45,0,56,0,0,192,0,192,0,11,237,0,248,279,0,279,527
01/16/2011,VRB,FL,ASO,ES,Towers with Radar,0,10,36,0,46,0,0,157,0,157,0,10,193,0,203,175,0,175,378
01/17/2011,VRB,FL,ASO,ES,Towers with Radar,0,15,34,0,49,0,0,51,0,51,0,15,85,0,100,53,0,53,153
01/18/2011,VRB,FL,ASO,ES,Towers with Radar,0,11,75,0,86,0,0,133,0,133,0,11,208,0,219,223,5,228,447
01/19/2011,VRB,FL,ASO,ES,Towers with Radar,0,20,59,0,79,0,0,177,0,177,0,20,236,0,256,236,0,236,492
01/20/2011,VRB,FL,ASO,ES,Towers with Radar,0,8,78,0,86,0,0,175,0,175,0,8,253,0,261,401,0,401,662
01/21/2011,VRB,FL,ASO,ES,Towers with Radar,0,10,45,0,55,0,0,14,0,14,0,10,59,0,69,38,0,38,107
01/22/2011,VRB,FL,ASO,ES,Towers with Radar,0,13,38,0,51,0,0,58,0,58,0,13,96,0,109,76,0,76,185
01/23/2011,VRB,FL,ASO,ES,Towers with Radar,0,11,41,0,52,0,0,133,0,133,0,11,174,0,185,112,0,112,297
01/24/2011,VRB,FL,ASO,ES,Towers with Radar,0,16,68,0,84,0,0,235,0,235,0,16,303,0,319,484,0,484,803
01/25/2011,VRB,FL,ASO,ES,Towers with Radar,0,9,51,0,60,0,0,66,0,66,0,9,117,0,126,46,0,46,172
01/26/2011,VRB,FL,ASO,ES,Towers with Radar,0,13,85,0,98,0,0,87,0,87,0,13,172,0,185,147,0,147,332
01/27/2011,VRB,FL,ASO,ES,Towers with Radar,0,13,72,0,85,0,0,242,0,242,0,13,314,0,327,455,0,455,782
01/28/2011,VRB,FL,ASO,ES,Towers with Radar,0,7,70,0,77,0,0,232,1,233,0,7,302,1,310,561,0,561,871
01/29/2011,VRB,FL,ASO,ES,Towers with Radar,0,3,46,0,49,0,0,240,0,240,0,3,286,0,289,413,0,413,702
01/30/2011,VRB,FL,ASO,ES,Towers with Radar,0,16,65,0,81,0,0,113,0,113,0,16,178,0,194,331,0,331,525
01/31/2011,VRB,FL,ASO,ES,Towers with Radar,0,14,67,0,81,0,0,206,0,206,0,14,273,0,287,636,0,636,923
02/01/2011,VRB,FL,ASO,ES,Towers with Radar,0,6,61,0,67,0,0,165,0,165,0,6,226,0,232,406,0,406,638
02/02/2011,VRB,FL,ASO,ES,Towers with Radar,0,6,52,0,58,0,0,169,0,169,0,6,221,0,227,358,0,358,585
02/03/2011,VRB,FL,ASO,ES,Towers with Radar,0,12,78,0,90,0,0,47,0,47,0,12,125,0,137,116,0,116,253
02/04/2011,VRB,FL,ASO,ES,Towers with Radar,0,18,87,0,105,0,0,150,0,150,0,18,237,0,255,302,0,302,557
02/05/2011,VRB,FL,ASO,ES,Towers with Radar,0,6,67,0,73,0,0,100,0,100,0,6,167,0,173,80,0,80,253
02/06/2011,VRB,FL,ASO,ES,Towers with Radar,0,13,62,0,75,0,0,35,0,35,0,13,97,0,110,126,0,126,236
02/07/2011,VRB,FL,ASO,ES,Towers with Radar,0,18,78,0,96,0,0,89,0,89,0,18,167,0,185,50,0,50,235
02/08/2011,VRB,FL,ASO,ES,Towers with Radar,0,20,88,0,108,0,0,317,0,317,0,20,405,0,425,378,0,378,803
02/09/2011,VRB,FL,ASO,ES,Towers with Radar,0,14,59,0,73,0,0,299,0,299,0,14,358,0,372,355,0,355,727
02/10/2011,VRB,FL,ASO,ES,Towers with Radar,0,10,72,0,82,0,0,16,0,16,0,10,88,0,98,3,0,3,101
02/11/2011,VRB,FL,ASO,ES,Towers with Radar,0,9,100,1,110,0,0,23,0,23,0,9,123,1,133,62,0,62,195
02/12/2011,VRB,FL,ASO,ES,Towers with Radar,0,11,38,1,50,0,0,262,1,263,0,11,300,2,313,115,0,115,428
02/13/2011,VRB,FL,ASO,ES,Towers with Radar,0,12,50,2,64,0,0,291,0,291,0,12,341,2,355,88,0,88,443
02/14/2011,VRB,FL,ASO,ES,Towers with Radar,0,13,70,0,83,0,0,329,0,329,0,13,399,0,412,376,0,376,788
02/15/2011,VRB,FL,ASO,ES,Towers with Radar,0,11,79,1,91,0,0,235,0,235,0,11,314,1,326,212,0,212,538
02/16/2011,VRB,FL,ASO,ES,Towers with Radar,0,16,93,0,109,0,0,255,0,255,0,16,348,0,364,356,0,356,720
02/17/2011,VRB,FL,ASO,ES,Towers with Radar,0,12,66,0,78,0,0,255,0,255,0,12,321,0,333,418,0,418,751
02/18/2011,VRB,FL,ASO,ES,Towers with Radar,0,15,69,0,84,0,0,279,0,279,0,15,348,0,363,392,0,392,755
02/19/2011,VRB,FL,ASO,ES,Towers with Radar,0,7,58,0,65,0,0,242,0,242,0,7,300,0,307,277,0,277,584
02/20/2011,VRB,FL,ASO,ES,Towers with Radar,0,16,40,0,56,0,0,101,0,101,0,16,141,0,157,141,0,141,298
02/21/2011,VRB,FL,ASO,ES,Towers with Radar,0,22,73,0,95,0,0,208,0,208,0,22,281,0,303,274,0,274,577
02/22/2011,VRB,FL,ASO,ES,Towers with Radar,0,23,85,0,108,0,0,160,0,160,0,23,245,0,268,385,0,385,653
02/23/2011,VRB,FL,ASO,ES,Towers with Radar,0,9,70,1,80,0,0,171,1,172,0,9,241,2,252,100,0,100,352
02/24/2011,VRB,FL,ASO,ES,Towers with Radar,0,13,54,0,67,0,0,199,0,199,0,13,253,0,266,297,0,297,563
02/25/2011,VRB,FL,ASO,ES,Towers with Radar,0,18,73,0,91,0,0,176,0,176,0,18,249,0,267,226,0,226,493
02/26/2011,VRB,FL,ASO,ES,Towers with Radar,0,16,53,0,69,0,0,201,0,201,0,16,254,0,270,0,369,369,639
02/27/2011,VRB,FL,ASO,ES,Towers with Radar,0,16,60,0,76,0,0,166,0,166,0,16,226,0,242,266,0,266,508
02/28/2011,VRB,FL,ASO,ES,Towers with Radar,0,17,73,0,90,0,0,186,0,186,0,17,259,0,276,303,0,303,579
03/01/2011,VRB,FL,ASO,ES,Towers with Radar,0,13,55,0,68,0,0,55,0,55,0,13,110,0,123,104,0,104,227
03/02/2011,VRB,FL,ASO,ES,Towers with Radar,0,11,79,2,92,0,0,154,2,156,0,11,233,4,248,179,1,180,428
03/03/2011,VRB,FL,ASO,ES,Towers with Radar,0,10,60,0,70,0,0,157,0,157,0,10,217,0,227,63,0,63,290
03/04/2011,VRB,FL,ASO,ES,Towers with Radar,0,8,66,1,75,0,0,182,2,184,0,8,248,3,259,187,2,189,448
03/05/2011,VRB,FL,ASO,ES,Towers with Radar,0,4,61,0,65,0,0,181,0,181,0,4,242,0,246,458,1,459,705
03/06/2011,VRB,FL,ASO,ES,Towers with Radar,0,24,25,1,50,0,0,47,0,47,0,24,72,1,97,29,0,29,126
03/07/2011,VRB,FL,ASO,ES,Towers with Radar,0,11,71,0,82,0,0,166,0,166,0,11,237,0,248,345,0,345,593
03/08/2011,VRB,FL,ASO,ES,Towers with Radar,0,9,64,0,73,0,0,210,0,210,0,9,274,0,283,427,0,427,710
03/09/2011,VRB,FL,ASO,ES,Towers with Radar,0,10,66,0,76,0,0,168,0,168,0,10,234,0,244,207,0,207,451
03/10/2011,VRB,FL,ASO,ES,Towers with Radar,0,18,43,0,61,0,0,54,0,54,0,18,97,0,115,187,0,187,302
03/11/2011,VRB,FL,ASO,ES,Towers with Radar,0,22,95,0,117,0,0,182,0,182,0,22,277,0,299,262,0,262,561
03/12/2011,VRB,FL,ASO,ES,Towers with Radar,0,14,46,0,60,0,0,234,0,234,0,14,280,0,294,281,0,281,575
03/13/2011,VRB,FL,ASO,ES,Towers with Radar,0,15,46,0,61,0,0,185,0,185,0,15,231,0,246,256,0,256,502
03/14/2011,VRB,FL,ASO,ES,Towers with Radar,0,10,56,2,68,0,0,239,0,239,0,10,295,2,307,223,0,223,530
03/15/2011,VRB,FL,ASO,ES,Towers with Radar,0,9,61,2,72,0,0,212,1,213,0,9,273,3,285,498,0,498,783
03/16/2011,VRB,FL,ASO,ES,Towers with Radar,0,9,92,0,101,0,0,235,0,235,0,9,327,0,336,358,0,358,694
03/17/2011,VRB,FL,ASO,ES,Towers with Radar,0,10,68,4,82,0,0,244,0,244,0,10,312,4,326,326,0,326,652
03/18/2011,VRB,FL,ASO,ES,Towers with Radar,0,16,74,0,90,0,0,190,0,190,0,16,264,0,280,273,0,273,553
03/19/2011,VRB,FL,ASO,ES,Towers with Radar,0,17,44,0,61,0,0,185,0,185,0,17,229,0,246,282,0,282,528
03/20/2011,VRB,FL,ASO,ES,Towers with Radar,0,14,52,0,66,0,0,72,0,72,0,14,124,0,138,42,0,42,180
03/21/2011,VRB,FL,ASO,ES,Towers with Radar,0,15,63,0,78,0,0,184,0,184,0,15,247,0,262,268,0,268,530
03/22/2011,VRB,FL,ASO,ES,Towers with Radar,0,76,15,0,91,0,0,253,0,253,0,76,268,0,344,413,0,413,757
03/23/2011,VRB,FL,ASO,ES,Towers with Radar,0,13,71,0,84,0,0,224,0,224,0,13,295,0,308,190,0,190,498
03/24/2011,VRB,FL,ASO,ES,Towers with Radar,0,13,72,0,85,0,0,161,0,161,0,13,233,0,246,160,0,160,406
03/25/2011,VRB,FL,ASO,ES,Towers with Radar,0,14,117,0,131,0,0,228,0,228,0,14,345,0,359,258,0,258,617
03/26/2011,VRB,FL,ASO,ES,Towers with Radar,0,12,64,2,78,0,0,215,0,215,0,12,279,2,293,304,0,304,597
03/27/2011,VRB,FL,ASO,ES,Towers with Radar,0,18,61,0,79,0,0,181,0,181,0,18,242,0,260,136,0,136,396
03/28/2011,VRB,FL,ASO,ES,Towers with Radar,0,7,34,0,41,0,0,26,0,26,0,7,60,0,67,47,0,47,114
03/29/2011,VRB,FL,ASO,ES,Towers with Radar,0,78,8,0,86,0,0,211,0,211,0,78,219,0,297,168,0,168,465
03/30/2011,VRB,FL,ASO,ES,Towers with Radar,0,11,86,1,98,0,0,96,0,96,0,11,182,1,194,68,0,68,262
03/31/2011,VRB,FL,ASO,ES,Towers with Radar,0,15,20,0,35,0,0,41,0,41,0,15,61,0,76,42,0,42,118
04/01/2011,VRB,FL,ASO,ES,Towers with Radar,0,8,83,0,91,0,0,215,0,215,0,8,298,0,306,262,0,262,568
04/02/2011,VRB,FL,ASO,ES,Towers with Radar,0,14,65,0,79,0,0,247,0,247,0,14,312,0,326,240,0,240,566
04/03/2011,VRB,FL,ASO,ES,Towers with Radar,0,20,52,0,72,0,0,154,0,154,0,20,206,0,226,183,0,183,409
04/04/2011,VRB,FL,ASO,ES,Towers with Radar,0,14,101,0,115,0,0,171,0,171,0,14,272,0,286,124,0,124,410
04/05/2011,VRB,FL,ASO,ES,Towers with Radar,0,17,40,0,57,0,0,63,0,63,0,17,103,0,120,85,0,85,205
04/06/2011,VRB,FL,ASO,ES,Towers with Radar,0,15,97,0,112,0,0,192,0,192,0,15,289,0,304,147,0,147,451
04/07/2011,VRB,FL,ASO,ES,Towers with Radar,0,10,87,0,97,0,0,203,0,203,0,10,290,0,300,332,0,332,632
04/08/2011,VRB,FL,ASO,ES,Towers with Radar,0,7,96,0,103,0,0,194,0,194,0,7,290,0,297,373,0,373,670
04/09/2011,VRB,FL,ASO,ES,Towers with Radar,0,11,53,0,64,0,0,133,0,133,0,11,186,0,197,179,0,179,376
04/10/2011,VRB,FL,ASO,ES,Towers with Radar,0,14,51,0,65,0,0,137,0,137,0,14,188,0,202,79,0,79,281
04/11/2011,VRB,FL,ASO,ES,Towers with Radar,0,17,86,0,103,0,0,162,0,162,0,17,248,0,265,132,0,132,397
04/12/2011,VRB,FL,ASO,ES,Towers with Radar,0,7,62,0,69,0,0,146,0,146,0,7,208,0,215,193,0,193,408
04/13/2011,VRB,FL,ASO,ES,Towers with Radar,0,7,84,0,91,0,0,186,0,186,0,7,270,0,277,190,0,190,467
04/14/2011,VRB,FL,ASO,ES,Towers with Radar,0,14,80,0,94,0,0,167,0,167,0,14,247,0,261,225,0,225,486
04/15/2011,VRB,FL,ASO,ES,Towers with Radar,0,10,61,0,71,0,0,72,0,72,0,10,133,0,143,147,0,147,290
04/16/2011,VRB,FL,ASO,ES,Towers with Radar,0,14,66,0,80,0,0,122,0,122,0,14,188,0,202,112,0,112,314
04/17/2011,VRB,FL,ASO,ES,Towers with Radar,0,17,46,0,63,0,0,130,0,130,0,17,176,0,193,184,0,184,377
04/18/2011,VRB,FL,ASO,ES,Towers with Radar,0,13,52,2,67,0,0,139,0,139,0,13,191,2,206,205,0,205,411
04/19/2011,VRB,FL,ASO,ES,Towers with Radar,0,17,63,0,80,0,0,190,0,190,0,17,253,0,270,195,0,195,465
04/20/2011,VRB,FL,ASO,ES,Towers with Radar,0,11,87,0,98,0,0,187,0,187,0,11,274,0,285,218,0,218,503
04/21/2011,VRB,FL,ASO,ES,Towers with Radar,0,17,121,0,138,0,0,140,2,142,0,17,261,2,280,230,0,230,510
04/22/2011,VRB,FL,ASO,ES,Towers with Radar,0,13,47,0,60,0,0,241,1,242,0,13,288,1,302,302,0,302,604
04/23/2011,VRB,FL,ASO,ES,Towers with Radar,0,15,37,0,52,0,0,137,0,137,0,15,174,0,189,167,0,167,356
04/24/2011,VRB,FL,ASO,ES,Towers with Radar,0,17,42,4,63,0,0,30,0,30,0,17,72,4,93,1,0,1,94
04/25/2011,VRB,FL,ASO,ES,Towers with Radar,0,29,110,0,139,0,0,93,0,93,0,29,203,0,232,145,0,145,377
04/26/2011,VRB,FL,ASO,ES,Towers with Radar,0,17,74,0,91,0,0,121,0,121,0,17,195,0,212,302,0,302,514
04/27/2011,VRB,FL,ASO,ES,Towers with Radar,0,18,91,2,111,0,0,144,6,150,0,18,235,8,261,239,0,239,500
04/28/2011,VRB,FL,ASO,ES,Towers with Radar,0,21,79,0,100,0,0,134,0,134,0,21,213,0,234,257,0,257,491
04/29/2011,VRB,FL,ASO,ES,Towers with Radar,0,12,55,0,67,0,0,64,0,64,0,12,119,0,131,104,0,104,235
04/30/2011,VRB,FL,ASO,ES,Towers with Radar,0,9,57,0,66,0,0,173,2,175,0,9,230,2,241,180,0,180,421
05/01/2011,VRB,FL,ASO,ES,Towers with Radar,0,15,40,0,55,0,0,102,0,102,0,15,142,0,157,143,0,143,300
05/02/2011,VRB,FL,ASO,ES,Towers with Radar,0,14,91,0,105,0,0,178,0,178,0,14,269,0,283,284,0,284,567
05/03/2011,VRB,FL,ASO,ES,Towers with Radar,0,15,80,0,95,0,0,201,0,201,0,15,281,0,296,364,0,364,660
05/04/2011,VRB,FL,ASO,ES,Towers with Radar,0,9,58,0,67,0,0,186,2,188,0,9,244,2,255,359,0,359,614
05/05/2011,VRB,FL,ASO,ES,Towers with Radar,0,7,84,0,91,0,0,119,0,119,0,7,203,0,210,130,0,130,340
05/06/2011,VRB,FL,ASO,ES,Towers with Radar,0,9,84,0,93,0,0,86,0,86,0,9,170,0,179,221,0,221,400
05/07/2011,VRB,FL,ASO,ES,Towers with Radar,0,3,44,0,47,0,0,121,0,121,0,3,165,0,168,187,0,187,355
05/08/2011,VRB,FL,ASO,ES,Towers with Radar,0,17,36,0,53,0,0,102,0,102,0,17,138,0,155,225,0,225,380
05/09/2011,VRB,FL,ASO,ES,Towers with Radar,0,17,91,0,108,0,0,178,0,178,0,17,269,0,286,387,0,387,673
05/10/2011,VRB,FL,ASO,ES,Towers with Radar,0,5,88,0,93,0,0,175,0,175,0,5,263,0,268,320,0,320,588
05/11/2011,VRB,FL,ASO,ES,Towers with Radar,0,8,80,0,88,0,0,175,0,175,0,8,255,0,263,282,0,282,545
05/12/2011,VRB,FL,ASO,ES,Towers with Radar,0,7,85,0,92,0,0,157,0,157,0,7,242,0,249,319,0,319,568
05/13/2011,VRB,FL,ASO,ES,Towers with Radar,0,5,78,0,83,0,0,150,0,150,0,5,228,0,233,285,0,285,518
05/14/2011,VRB,FL,ASO,ES,Towers with Radar,0,7,20,0,27,0,0,86,0,86,0,7,106,0,113,80,0,80,193
05/15/2011,VRB,FL,ASO,ES,Towers with Radar,0,9,26,0,35,0,0,25,0,25,0,9,51,0,60,19,0,19,79
05/16/2011,VRB,FL,ASO,ES,Towers with Radar,0,10,64,0,74,0,0,100,0,100,0,10,164,0,174,107,0,107,281
05/17/2011,VRB,FL,ASO,ES,Towers with Radar,0,11,39,0,50,0,0,159,0,159,0,11,198,0,209,281,0,281,490
05/18/2011,VRB,FL,ASO,ES,Towers with Radar,0,10,69,4,83,0,0,191,0,191,0,10,260,4,274,305,0,305,579
05/19/2011,VRB,FL,ASO,ES,Towers with Radar,0,7,79,0,86,0,0,174,0,174,0,7,253,0,260,294,0,294,554
05/20/2011,VRB,FL,ASO,ES,Towers with Radar,0,5,90,0,95,0,0,141,0,141,0,5,231,0,236,238,0,238,474
05/21/2011,VRB,FL,ASO,ES,Towers with Radar,0,3,20,0,23,0,0,142,0,142,0,3,162,0,165,249,0,249,414
05/22/2011,VRB,FL,ASO,ES,Towers with Radar,0,6,24,0,30,0,0,90,0,90,0,6,114,0,120,75,0,75,195
05/23/2011,VRB,FL,ASO,ES,Towers with Radar,0,4,76,0,80,0,0,159,0,159,0,4,235,0,239,334,0,334,573
05/24/2011,VRB,FL,ASO,ES,Towers with Radar,0,2,60,0,62,0,0,186,0,186,0,2,246,0,248,283,0,283,531
05/25/2011,VRB,FL,ASO,ES,Towers with Radar,0,13,70,0,83,0,0,168,0,168,0,13,238,0,251,195,0,195,446
05/26/2011,VRB,FL,ASO,ES,Towers with Radar,0,7,77,0,84,0,0,144,0,144,0,7,221,0,228,188,0,188,416
05/27/2011,VRB,FL,ASO,ES,Towers with Radar,0,11,54,0,65,0,0,111,0,111,0,11,165,0,176,186,0,186,362
05/28/2011,VRB,FL,ASO,ES,Towers with Radar,0,2,30,0,32,0,0,137,0,137,0,2,167,0,169,184,0,184,353
05/29/2011,VRB,FL,ASO,ES,Towers with Radar,0,0,9,0,9,0,0,46,0,46,0,0,55,0,55,18,0,18,73
05/30/2011,VRB,FL,ASO,ES,Towers with Radar,0,7,26,0,33,0,0,61,0,61,0,7,87,0,94,22,0,22,116
05/31/2011,VRB,FL,ASO,ES,Towers with Radar,0,6,81,2,89,0,0,143,0,143,0,6,224,2,232,197,0,197,429
06/01/2011,VRB,FL,ASO,ES,Towers with Radar,0,8,81,0,89,0,0,168,0,168,0,8,249,0,257,408,0,408,665
06/02/2011,VRB,FL,ASO,ES,Towers with Radar,0,78,3,2,83,0,0,165,0,165,0,78,168,2,248,221,0,221,469
06/03/2011,VRB,FL,ASO,ES,Towers with Radar,0,6,72,0,78,0,0,171,0,171,0,6,243,0,249,187,0,187,436
06/04/2011,VRB,FL,ASO,ES,Towers with Radar,0,2,30,0,32,0,0,124,0,124,0,2,154,0,156,170,0,170,326
06/05/2011,VRB,FL,ASO,ES,Towers with Radar,0,3,21,0,24,0,0,88,0,88,0,3,109,0,112,109,0,109,221
06/06/2011,VRB,FL,ASO,ES,Towers with Radar,0,2,55,0,57,0,0,165,0,165,0,2,220,0,222,227,0,227,449
06/07/2011,VRB,FL,ASO,ES,Towers with Radar,0,2,74,0,76,0,0,204,0,204,0,2,278,0,280,246,0,246,526
06/08/2011,VRB,FL,ASO,ES,Towers with Radar,0,1,53,0,54,0,0,166,0,166,0,1,219,0,220,169,0,169,389
06/09/2011,VRB,FL,ASO,ES,Towers with Radar,0,5,50,0,55,0,0,155,0,155,0,5,205,0,210,360,0,360,570
06/10/2011,VRB,FL,ASO,ES,Towers with Radar,0,9,67,0,76,0,0,130,0,130,0,9,197,0,206,225,0,225,431
06/11/2011,VRB,FL,ASO,ES,Towers with Radar,0,3,27,0,30,0,0,115,0,115,0,3,142,0,145,100,0,100,245
06/12/2011,VRB,FL,ASO,ES,Towers with Radar,0,5,25,0,30,0,0,70,0,70,0,5,95,0,100,108,0,108,208
06/13/2011,VRB,FL,ASO,ES,Towers with Radar,0,2,46,0,48,0,0,153,0,153,0,2,199,0,201,283,0,283,484
06/14/2011,VRB,FL,ASO,ES,Towers with Radar,0,4,52,0,56,0,0,134,0,134,0,4,186,0,190,202,0,202,392
06/15/2011,VRB,FL,ASO,ES,Towers with Radar,0,3,90,0,93,0,0,39,0,39,0,3,129,0,132,161,0,161,293
06/16/2011,VRB,FL,ASO,ES,Towers with Radar,0,2,73,0,75,0,0,122,0,122,0,2,195,0,197,254,0,254,451
06/17/2011,VRB,FL,ASO,ES,Towers with Radar,0,3,56,0,59,0,0,127,0,127,0,3,183,0,186,341,0,341,527
06/18/2011,VRB,FL,ASO,ES,Towers with Radar,0,3,53,0,56,0,0,143,0,143,0,3,196,0,199,191,0,191,390
06/19/2011,VRB,FL,ASO,ES,Towers with Radar,0,1,27,0,28,0,0,79,0,79,0,1,106,0,107,104,0,104,211
06/20/2011,VRB,FL,ASO,ES,Towers with Radar,0,7,63,0,70,0,0,198,0,198,0,7,261,0,268,340,0,340,608
06/21/2011,VRB,FL,ASO,ES,Towers with Radar,0,8,56,0,64,0,0,182,0,182,0,8,238,0,246,153,0,153,399
06/22/2011,VRB,FL,ASO,ES,Towers with Radar,0,4,69,0,73,0,0,176,1,177,0,4,245,1,250,356,0,356,606
06/23/2011,VRB,FL,ASO,ES,Towers with Radar,0,5,54,0,59,0,0,170,2,172,0,5,224,2,231,254,0,254,485
06/24/2011,VRB,FL,ASO,ES,Towers with Radar,0,2,42,0,44,0,0,144,0,144,0,2,186,0,188,203,0,203,391
06/25/2011,VRB,FL,ASO,ES,Towers with Radar,0,0,30,0,30,0,0,83,0,83,0,0,113,0,113,121,0,121,234
06/26/2011,VRB,FL,ASO,ES,Towers with Radar,0,2,19,0,21,0,0,70,0,70,0,2,89,0,91,69,0,69,160
06/27/2011,VRB,FL,ASO,ES,Towers with Radar,0,1,59,0,60,0,0,113,0,113,0,1,172,0,173,220,0,220,393
06/28/2011,VRB,FL,ASO,ES,Towers with Radar,0,0,51,0,51,0,0,111,0,111,0,0,162,0,162,193,0,193,355
06/29/2011,VRB,FL,ASO,ES,Towers with Radar,0,5,54,0,59,0,0,111,0,111,0,5,165,0,170,165,0,165,335
06/30/2011,VRB,FL,ASO,ES,Towers with Radar,0,7,70,0,77,0,0,171,0,171,0,7,241,0,248,110,0,110,358
07/01/2011,VRB,FL,ASO,ES,Towers with Radar,0,3,54,0,57,0,0,133,0,133,0,3,187,0,190,215,0,215,405
07/02/2011,VRB,FL,ASO,ES,Towers with Radar,0,1,64,0,65,0,0,90,0,90,0,1,154,0,155,181,0,181,336
07/03/2011,VRB,FL,ASO,ES,Towers with Radar,0,1,7,0,8,0,0,52,0,52,0,1,59,0,60,28,0,28,88
07/04/2011,VRB,FL,ASO,ES,Towers with Radar,0,2,5,0,7,0,0,42,0,42,0,2,47,0,49,67,0,67,116
07/05/2011,VRB,FL,ASO,ES,Towers with Radar,0,9,64,0,73,0,0,176,0,176,0,9,240,0,249,345,0,345,594
07/06/2011,VRB,FL,ASO,ES,Towers with Radar,0,4,77,0,81,0,0,130,0,130,0,4,207,0,211,160,0,160,371
07/07/2011,VRB,FL,ASO,ES,Towers with Radar,0,6,50,0,56,0,0,79,0,79,0,6,129,0,135,237,0,237,372
07/08/2011,VRB,FL,ASO,ES,Towers with Radar,0,4,44,0,48,0,0,100,0,100,0,4,144,0,148,179,0,179,327
07/09/2011,VRB,FL,ASO,ES,Towers with Radar,0,4,69,0,73,0,0,122,0,122,0,4,191,0,195,203,0,203,398
07/10/2011,VRB,FL,ASO,ES,Towers with Radar,0,0,16,4,20,0,0,54,0,54,0,0,70,4,74,66,0,66,140
07/11/2011,VRB,FL,ASO,ES,Towers with Radar,0,4,42,0,46,0,0,211,0,211,0,4,253,0,257,282,0,282,539
07/12/2011,VRB,FL,ASO,ES,Towers with Radar,0,0,46,0,46,0,0,231,0,231,0,0,277,0,277,285,0,285,562
07/13/2011,VRB,FL,ASO,ES,Towers with Radar,0,0,50,0,50,0,0,181,0,181,0,0,231,0,231,257,0,257,488
07/14/2011,VRB,FL,ASO,ES,Towers with Radar,0,2,30,0,32,0,0,200,0,200,0,2,230,0,232,284,0,284,516
07/15/2011,VRB,FL,ASO,ES,Towers with Radar,0,6,47,0,53,0,0,133,0,133,0,6,180,0,186,185,0,185,371
07/16/2011,VRB,FL,ASO,ES,Towers with Radar,0,0,51,0,51,0,0,119,0,119,0,0,170,0,170,207,0,207,377
07/17/2011,VRB,FL,ASO,ES,Towers with Radar,0,2,32,2,36,0,0,47,1,48,0,2,79,3,84,66,0,66,150
07/18/2011,VRB,FL,ASO,ES,Towers with Radar,0,0,47,0,47,0,0,108,0,108,0,0,155,0,155,174,0,174,329
07/19/2011,VRB,FL,ASO,ES,Towers with Radar,0,2,40,0,42,0,0,206,0,206,0,2,246,0,248,225,0,225,473
07/20/2011,VRB,FL,ASO,ES,Towers with Radar,0,1,50,0,51,0,0,146,0,146,0,1,196,0,197,204,0,204,401
07/21/2011,VRB,FL,ASO,ES,Towers with Radar,0,2,46,0,48,0,0,142,0,142,0,2,188,0,190,216,0,216,406
07/22/2011,VRB,FL,ASO,ES,Towers with Radar,0,0,40,0,40,0,0,167,0,167,0,0,207,0,207,242,0,242,449
07/23/2011,VRB,FL,ASO,ES,Towers with Radar,0,0,27,2,29,0,0,120,0,120,0,0,147,2,149,118,0,118,267
07/24/2011,VRB,FL,ASO,ES,Towers with Radar,0,4,20,0,24,0,0,93,0,93,0,4,113,0,117,69,0,69,186
07/25/2011,VRB,FL,ASO,ES,Towers with Radar,0,4,47,0,51,0,0,175,0,175,0,4,222,0,226,278,0,278,504
07/26/2011,VRB,FL,ASO,ES,Towers with Radar,0,3,35,0,38,0,0,167,0,167,0,3,202,0,205,240,0,240,445
07/27/2011,VRB,FL,ASO,ES,Towers with Radar,0,0,73,0,73,0,0,142,0,142,0,0,215,0,215,253,0,253,468
07/28/2011,VRB,FL,ASO,ES,Towers with Radar,0,1,48,0,49,0,0,179,0,179,0,1,227,0,228,114,0,114,342
07/29/2011,VRB,FL,ASO,ES,Towers with Radar,0,1,77,0,78,0,0,181,0,181,0,1,258,0,259,130,0,130,389
07/30/2011,VRB,FL,ASO,ES,Towers with Radar,0,0,40,0,40,0,0,151,0,151,0,0,191,0,191,211,0,211,402
07/31/2011,VRB,FL,ASO,ES,Towers with Radar,0,0,20,0,20,0,0,81,0,81,0,0,101,0,101,77,0,77,178
08/01/2011,VRB,FL,ASO,ES,Towers with Radar,0,1,56,4,61,0,0,161,0,161,0,1,217,4,222,273,0,273,495
08/02/2011,VRB,FL,ASO,ES,Towers with Radar,0,4,62,0,66,0,0,160,0,160,0,4,222,0,226,200,0,200,426
08/03/2011,VRB,FL,ASO,ES,Towers with Radar,0,0,68,0,68,0,0,154,0,154,0,0,222,0,222,307,0,307,529
08/04/2011,VRB,FL,ASO,ES,Towers with Radar,0,2,42,0,44,0,0,161,0,161,0,2,203,0,205,337,0,337,542
08/05/2011,VRB,FL,ASO,ES,Towers with Radar,0,7,54,0,61,0,0,177,0,177,0,7,231,0,238,265,0,265,503
08/06/2011,VRB,FL,ASO,ES,Towers with Radar,0,3,23,0,26,0,0,126,0,126,0,3,149,0,152,203,0,203,355
08/07/2011,VRB,FL,ASO,ES,Towers with Radar,0,2,21,0,23,0,0,29,0,29,0,2,50,0,52,29,0,29,81
08/08/2011,VRB,FL,ASO,ES,Towers with Radar,0,4,43,4,51,0,0,112,0,112,0,4,155,4,163,145,0,145,308
08/09/2011,VRB,FL,ASO,ES,Towers with Radar,0,2,38,0,40,0,0,99,0,99,0,2,137,0,139,98,0,98,237
08/10/2011,VRB,FL,ASO,ES,Towers with Radar,0,2,58,0,60,0,0,153,0,153,0,2,211,0,213,252,0,252,465
08/11/2011,VRB,FL,ASO,ES,Towers with Radar,0,7,61,0,68,0,0,140,0,140,0,7,201,0,208,441,0,441,649
08/12/2011,VRB,FL,ASO,ES,Towers with Radar,0,2,55,2,59,0,0,198,0,198,0,2,253,2,257,368,0,368,625
08/13/2011,VRB,FL,ASO,ES,Towers with Radar,0,2,39,0,41,0,0,133,0,133,0,2,172,0,174,112,0,112,286
08/14/2011,VRB,FL,ASO,ES,Towers with Radar,0,2,12,0,14,0,0,61,0,61,0,2,73,0,75,60,0,60,135
08/15/2011,VRB,FL,ASO,ES,Towers with Radar,0,4,39,0,43,0,0,145,1,146,0,4,184,1,189,258,0,258,447
08/16/2011,VRB,FL,ASO,ES,Towers with Radar,0,0,48,0,48,0,0,175,0,175,0,0,223,0,223,306,0,306,529
08/17/2011,VRB,FL,ASO,ES,Towers with Radar,0,4,49,0,53,0,0,171,0,171,0,4,220,0,224,181,0,181,405
08/18/2011,VRB,FL,ASO,ES,Towers with Radar,0,3,51,0,54,0,0,185,0,185,0,3,236,0,239,406,0,406,645
08/19/2011,VRB,FL,ASO,ES,Towers with Radar,0,0,35,0,35,0,0,155,0,155,0,0,190,0,190,330,0,330,520
08/20/2011,VRB,FL,ASO,ES,Towers with Radar,0,2,21,0,23,0,0,104,0,104,0,2,125,0,127,231,0,231,358
08/21/2011,VRB,FL,ASO,ES,Towers with Radar,0,0,21,0,21,0,0,59,2,61,0,0,80,2,82,23,0,23,105
08/22/2011,VRB,FL,ASO,ES,Towers with Radar,0,2,35,0,37,0,0,181,0,181,0,2,216,0,218,390,0,390,608
08/23/2011,VRB,FL,ASO,ES,Towers with Radar,0,1,34,0,35,0,0,172,2,174,0,1,206,2,209,206,0,206,415
08/24/2011,VRB,FL,ASO,ES,Towers with Radar,0,3,45,0,48,0,0,132,0,132,0,3,177,0,180,182,0,182,362
08/25/2011,VRB,FL,ASO,ES,Towers with Radar,0,3,5,0,8,0,0,16,1,17,0,3,21,1,25,0,0,0,25
08/26/2011,VRB,FL,ASO,ES,Towers with Radar,0,0,21,0,21,0,0,43,0,43,0,0,64,0,64,14,0,14,78
08/27/2011,VRB,FL,ASO,ES,Towers with Radar,0,2,12,0,14,0,0,83,2,85,0,2,95,2,99,92,0,92,191
08/28/2011,VRB,FL,ASO,ES,Towers with Radar,0,1,19,0,20,0,0,48,0,48,0,1,67,0,68,166,0,166,234
08/29/2011,VRB,FL,ASO,ES,Towers with Radar,0,0,50,3,53,0,0,125,0,125,0,0,175,3,178,213,0,213,391
08/30/2011,VRB,FL,ASO,ES,Towers with Radar,0,8,48,0,56,0,0,145,0,145,0,8,193,0,201,253,0,253,454
08/31/2011,VRB,FL,ASO,ES,Towers with Radar,0,6,45,0,51,0,0,104,0,104,0,6,149,0,155,274,0,274,429
09/01/2011,VRB,FL,ASO,ES,Towers with Radar,0,0,62,0,62,0,0,146,0,146,0,0,208,0,208,289,0,289,497
09/02/2011,VRB,FL,ASO,ES,Towers with Radar,0,8,44,0,52,0,0,15,0,15,0,8,59,0,67,235,0,235,302
09/03/2011,VRB,FL,ASO,ES,Towers with Radar,0,3,39,3,45,0,0,122,0,122,0,3,161,3,167,186,2,188,355
09/04/2011,VRB,FL,ASO,ES,Towers with Radar,0,0,19,0,19,0,0,41,0,41,0,0,60,0,60,0,0,0,60
09/05/2011,VRB,FL,ASO,ES,Towers with Radar,0,6,24,0,30,0,0,76,0,76,0,6,100,0,106,34,0,34,140
09/06/2011,VRB,FL,ASO,ES,Towers with Radar,0,3,46,0,49,0,0,98,0,98,0,3,144,0,147,104,0,104,251
09/07/2011,VRB,FL,ASO,ES,Towers with Radar,0,2,60,0,62,0,0,138,0,138,0,2,198,0,200,198,0,198,398
09/08/2011,VRB,FL,ASO,ES,Towers with Radar,0,3,64,0,67,0,0,172,0,172,0,3,236,0,239,234,0,234,473
09/09/2011,VRB,FL,ASO,ES,Towers with Radar,0,3,48,2,53,0,0,160,0,160,0,3,208,2,213,185,0,185,398
09/10/2011,VRB,FL,ASO,ES,Towers with Radar,0,0,34,0,34,0,0,153,0,153,0,0,187,0,187,172,0,172,359
09/11/2011,VRB,FL,ASO,ES,Towers with Radar,0,3,11,0,14,0,0,54,0,54,0,3,65,0,68,34,0,34,102
09/12/2011,VRB,FL,ASO,ES,Towers with Radar,0,5,91,0,96,0,0,152,0,152,0,5,243,0,248,153,0,153,401
09/13/2011,VRB,FL,ASO,ES,Towers with Radar,0,2,42,0,44,0,0,192,0,192,0,2,234,0,236,187,0,187,423
09/14/2011,VRB,FL,ASO,ES,Towers with Radar,0,1,0,0,1,0,0,139,0,139,0,1,139,0,140,128,0,128,268
09/15/2011,VRB,FL,ASO,ES,Towers with Radar,0,4,45,4,53,0,0,211,0,211,0,4,256,4,264,231,0,231,495
09/16/2011,VRB,FL,ASO,ES,Towers with Radar,0,3,71,0,74,0,0,156,0,156,0,3,227,0,230,228,0,228,458
09/17/2011,VRB,FL,ASO,ES,Towers with Radar,0,2,28,0,30,0,0,190,0,190,0,2,218,0,220,84,0,84,304
09/18/2011,VRB,FL,ASO,ES,Towers with Radar,0,2,18,0,20,0,0,38,0,38,0,2,56,0,58,29,0,29,87
09/19/2011,VRB,FL,ASO,ES,Towers with Radar,0,1,51,0,52,0,0,130,0,130,0,1,181,0,182,251,0,251,433
09/20/2011,VRB,FL,ASO,ES,Towers with Radar,0,3,40,0,43,0,0,149,0,149,0,3,189,0,192,185,0,185,377
09/21/2011,VRB,FL,ASO,ES,Towers with Radar,0,6,65,0,71,0,0,166,0,166,0,6,231,0,237,222,0,222,459
09/22/2011,VRB,FL,ASO,ES,Towers with Radar,0,1,54,0,55,0,0,88,0,88,0,1,142,0,143,184,0,184,327
09/23/2011,VRB,FL,ASO,ES,Towers with Radar,0,3,64,0,67,0,0,139,0,139,0,3,203,0,206,336,0,336,542
09/24/2011,VRB,FL,ASO,ES,Towers with Radar,0,0,38,0,38,0,0,89,0,89,0,0,127,0,127,86,0,86,213
09/25/2011,VRB,FL,ASO,ES,Towers with Radar,0,3,18,0,21,0,0,34,0,34,0,3,52,0,55,11,0,11,66
09/26/2011,VRB,FL,ASO,ES,Towers with Radar,0,1,60,0,61,0,0,153,0,153,0,1,213,0,214,173,0,173,387
09/27/2011,VRB,FL,ASO,ES,Towers with Radar,0,1,59,1,61,0,0,192,0,192,0,1,251,1,253,200,0,200,453
09/28/2011,VRB,FL,ASO,ES,Towers with Radar,0,4,65,0,69,0,0,201,0,201,0,4,266,0,270,195,0,195,465
09/29/2011,VRB,FL,ASO,ES,Towers with Radar,0,3,56,0,59,0,0,193,1,194,0,3,249,1,253,284,0,284,537
09/30/2011,VRB,FL,ASO,ES,Towers with Radar,0,3,53,0,56,0,0,169,0,169,0,3,222,0,225,243,0,243,468
10/01/2011,VRB,FL,ASO,ES,Towers with Radar,0,1,32,0,33,0,0,119,0,119,0,1,151,0,152,57,0,57,209
10/02/2011,VRB,FL,ASO,ES,Towers with Radar,0,1,23,0,24,0,0,82,0,82,0,1,105,0,106,30,0,30,136
10/03/2011,VRB,FL,ASO,ES,Towers with Radar,0,7,63,4,74,0,0,186,0,186,0,7,249,4,260,252,0,252,512
10/04/2011,VRB,FL,ASO,ES,Towers with Radar,0,5,70,0,75,0,0,200,0,200,0,5,270,0,275,230,0,230,505
10/05/2011,VRB,FL,ASO,ES,Towers with Radar,0,5,62,1,68,0,0,151,0,151,0,5,213,1,219,151,0,151,370
10/06/2011,VRB,FL,ASO,ES,Towers with Radar,0,6,62,0,68,0,0,75,0,75,0,6,137,0,143,118,0,118,261
10/07/2011,VRB,FL,ASO,ES,Towers with Radar,0,3,31,0,34,0,0,32,0,32,0,3,63,0,66,3,0,3,69
10/08/2011,VRB,FL,ASO,ES,Towers with Radar,0,0,6,0,6,0,0,3,0,3,0,0,9,0,9,0,0,0,9
10/09/2011,VRB,FL,ASO,ES,Towers with Radar,0,3,11,0,14,0,0,0,0,0,0,3,11,0,14,0,0,0,14
10/10/2011,VRB,FL,ASO,ES,Towers with Radar,0,2,82,0,84,0,0,166,0,166,0,2,248,0,250,280,0,280,530
10/11/2011,VRB,FL,ASO,ES,Towers with Radar,0,5,71,1,77,0,0,235,0,235,0,5,306,1,312,440,0,440,752
10/12/2011,VRB,FL,ASO,ES,Towers with Radar,0,7,43,0,50,0,0,182,0,182,0,7,225,0,232,306,0,306,538
10/13/2011,VRB,FL,ASO,ES,Towers with Radar,0,7,74,0,81,0,0,186,0,186,0,7,260,0,267,304,0,304,571
10/14/2011,VRB,FL,ASO,ES,Towers with Radar,0,3,56,0,59,0,0,231,0,231,0,3,287,0,290,293,0,293,583
10/15/2011,VRB,FL,ASO,ES,Towers with Radar,0,5,33,4,42,0,0,117,0,117,0,5,150,4,159,111,0,111,270
10/16/2011,VRB,FL,ASO,ES,Towers with Radar,0,4,36,0,40,0,0,47,0,47,0,4,83,0,87,8,0,8,95
10/17/2011,VRB,FL,ASO,ES,Towers with Radar,0,16,24,4,44,0,0,97,0,97,0,16,121,4,141,113,0,113,254
10/18/2011,VRB,FL,ASO,ES,Towers with Radar,0,7,33,0,40,0,0,19,0,19,0,7,52,0,59,6,0,6,65
10/19/2011,VRB,FL,ASO,ES,Towers with Radar,0,4,49,0,53,0,0,45,0,45,0,4,94,0,98,42,0,42,140
10/20/2011,VRB,FL,ASO,ES,Towers with Radar,0,7,66,2,75,0,0,260,3,263,0,7,326,5,338,329,0,329,667
10/21/2011,VRB,FL,ASO,ES,Towers with Radar,0,10,57,0,67,0,0,248,0,248,0,10,305,0,315,273,0,273,588
10/22/2011,VRB,FL,ASO,ES,Towers with Radar,0,4,51,0,55,0,0,137,0,137,0,4,188,0,192,181,0,181,373
10/23/2011,VRB,FL,ASO,ES,Towers with Radar,0,5,38,0,43,0,0,58,0,58,0,5,96,0,101,23,0,23,124
10/24/2011,VRB,FL,ASO,ES,Towers with Radar,0,4,59,0,63,0,0,202,0,202,0,4,261,0,265,311,0,311,576
10/25/2011,VRB,FL,ASO,ES,Towers with Radar,0,3,57,0,60,0,0,221,0,221,0,3,278,0,281,219,0,219,500
10/26/2011,VRB,FL,ASO,ES,Towers with Radar,0,8,62,0,70,0,0,229,0,229,0,8,291,0,299,428,0,428,727
10/27/2011,VRB,FL,ASO,ES,Towers with Radar,0,5,71,0,76,0,0,260,0,260,0,5,331,0,336,350,0,350,686
10/28/2011,VRB,FL,ASO,ES,Towers with Radar,0,9,72,0,81,0,0,147,0,147,0,9,219,0,228,233,0,233,461
10/29/2011,VRB,FL,ASO,ES,Towers with Radar,0,5,44,0,49,0,0,7,0,7,0,5,51,0,56,0,0,0,56
10/30/2011,VRB,FL,ASO,ES,Towers with Radar,0,11,27,1,39,0,0,33,2,35,0,11,60,3,74,22,4,26,100
10/31/2011,VRB,FL,ASO,ES,Towers with Radar,0,9,48,4,61,0,0,4,0,4,0,9,52,4,65,29,0,29,94
11/01/2011,VRB,FL,ASO,ES,Towers with Radar,0,16,100,0,116,0,0,124,0,124,0,16,224,0,240,19,0,19,259
11/02/2011,VRB,FL,ASO,ES,Towers with Radar,0,9,115,0,124,0,0,169,0,169,0,9,284,0,293,173,0,173,466
11/03/2011,VRB,FL,ASO,ES,Towers with Radar,0,4,99,0,103,0,0,232,0,232,0,4,331,0,335,457,0,457,792
11/04/2011,VRB,FL,ASO,ES,Towers with Radar,0,12,105,0,117,0,0,180,0,180,0,12,285,0,297,213,0,213,510
11/05/2011,VRB,FL,ASO,ES,Towers with Radar,0,6,27,0,33,0,0,91,0,91,0,6,118,0,124,69,0,69,193
11/06/2011,VRB,FL,ASO,ES,Towers with Radar,0,11,27,0,38,0,0,24,0,24,0,11,51,0,62,15,0,15,77
11/07/2011,VRB,FL,ASO,ES,Towers with Radar,0,8,108,0,116,0,0,153,0,153,0,8,261,0,269,200,0,200,469
11/08/2011,VRB,FL,ASO,ES,Towers with Radar,0,5,110,0,115,0,0,152,0,152,0,5,262,0,267,244,0,244,511
11/09/2011,VRB,FL,ASO,ES,Towers with Radar,0,10,115,0,125,0,0,153,0,153,0,10,268,0,278,199,0,199,477
11/10/2011,VRB,FL,ASO,ES,Towers with Radar,0,7,91,1,99,0,0,210,0,210,0,7,301,1,309,440,0,440,749
11/11/2011,VRB,FL,ASO,ES,Towers with Radar,0,2,67,3,72,0,0,125,0,125,0,2,192,3,197,132,2,134,331
11/12/2011,VRB,FL,ASO,ES,Towers with Radar,0,7,41,0,48,0,0,177,2,179,0,7,218,2,227,179,0,179,406
11/13/2011,VRB,FL,ASO,ES,Towers with Radar,0,5,44,0,49,0,0,79,2,81,0,5,123,2,130,88,0,88,218
11/14/2011,VRB,FL,ASO,ES,Towers with Radar,0,16,101,1,118,0,0,191,0,191,0,16,292,1,309,305,0,305,614
11/15/2011,VRB,FL,ASO,ES,Towers with Radar,0,7,129,0,136,0,0,120,0,120,0,7,249,0,256,182,0,182,438
11/16/2011,VRB,FL,ASO,ES,Towers with Radar,0,9,106,0,115,0,1,177,0,178,0,10,283,0,293,302,0,302,595
11/17/2011,VRB,FL,ASO,ES,Towers with Radar,0,14,106,0,120,0,0,165,0,165,0,14,271,0,285,377,0,377,662
11/18/2011,VRB,FL,ASO,ES,Towers with Radar,0,14,81,0,95,0,0,79,0,79,0,14,160,0,174,47,0,47,221
11/19/2011,VRB,FL,ASO,ES,Towers with Radar,0,9,47,0,56,0,0,103,0,103,0,9,150,0,159,251,0,251,410
11/20/2011,VRB,FL,ASO,ES,Towers with Radar,0,8,46,0,54,0,0,44,0,44,0,8,90,0,98,23,0,23,121
11/21/2011,VRB,FL,ASO,ES,Towers with Radar,0,9,78,0,87,0,0,125,0,125,0,9,203,0,212,513,0,513,725
11/22/2011,VRB,FL,ASO,ES,Towers with Radar,0,19,86,1,106,0,1,214,0,215,0,20,300,1,321,339,0,339,660
11/23/2011,VRB,FL,ASO,ES,Towers with Radar,0,16,63,0,79,0,0,187,0,187,0,16,250,0,266,170,0,170,436
11/24/2011,VRB,FL,ASO,ES,Towers with Radar,0,2,11,0,13,0,0,34,0,34,0,2,45,0,47,30,0,30,77
11/25/2011,VRB,FL,ASO,ES,Towers with Radar,0,7,29,0,36,0,0,43,0,43,0,7,72,0,79,23,0,23,102
11/26/2011,VRB,FL,ASO,ES,Towers with Radar,0,13,25,1,39,0,0,57,0,57,0,13,82,1,96,3,0,3,99
11/27/2011,VRB,FL,ASO,ES,Towers with Radar,0,19,70,0,89,0,0,53,0,53,0,19,123,0,142,13,0,13,155
11/28/2011,VRB,FL,ASO,ES,Towers with Radar,0,23,60,0,83,0,0,91,0,91,0,23,151,0,174,132,0,132,306
11/29/2011,VRB,FL,ASO,ES,Towers with Radar,0,5,71,0,76,0,0,211,0,211,0,5,282,0,287,264,0,264,551
11/30/2011,VRB,FL,ASO,ES,Towers with Radar,0,3,97,0,100,0,0,206,0,206,0,3,303,0,306,318,0,318,624
12/01/2011,VRB,FL,ASO,ES,Towers with Radar,0,5,96,0,101,0,0,178,0,178,0,5,274,0,279,195,0,195,474
12/02/2011,VRB,FL,ASO,ES,Towers with Radar,0,8,99,0,107,0,0,139,0,139,0,8,238,0,246,157,0,157,403
12/03/2011,VRB,FL,ASO,ES,Towers with Radar,0,11,59,0,70,0,0,79,0,79,0,11,138,0,149,91,0,91,240
12/04/2011,VRB,FL,ASO,ES,Towers with Radar,0,23,33,0,56,0,0,39,0,39,0,23,72,0,95,0,0,0,95
12/05/2011,VRB,FL,ASO,ES,Towers with Radar,0,1,94,0,95,0,0,240,0,240,0,1,334,0,335,510,0,510,845
12/06/2011,VRB,FL,ASO,ES,Towers with Radar,0,2,74,0,76,0,0,212,0,212,0,2,286,0,288,484,0,484,772
12/07/2011,VRB,FL,ASO,ES,Towers with Radar,0,8,78,0,86,0,0,191,0,191,0,8,269,0,277,294,0,294,571
12/08/2011,VRB,FL,ASO,ES,Towers with Radar,0,10,63,0,73,0,0,124,0,124,0,10,187,0,197,123,0,123,320
12/09/2011,VRB,FL,ASO,ES,Towers with Radar,0,12,92,0,104,0,0,163,0,163,0,12,255,0,267,241,0,241,508
12/10/2011,VRB,FL,ASO,ES,Towers with Radar,0,19,38,0,57,0,0,1,0,1,0,19,39,0,58,0,0,0,58
12/11/2011,VRB,FL,ASO,ES,Towers with Radar,0,10,54,0,64,0,0,25,0,25,0,10,79,0,89,0,0,0,89
12/12/2011,VRB,FL,ASO,ES,Towers with Radar,0,4,77,1,82,0,0,68,1,69,0,4,145,2,151,110,0,110,261
12/13/2011,VRB,FL,ASO,ES,Towers with Radar,0,12,60,0,72,0,0,162,0,162,0,12,222,0,234,219,0,219,453
12/14/2011,VRB,FL,ASO,ES,Towers with Radar,0,6,65,0,71,0,0,167,0,167,0,6,232,0,238,239,0,239,477
12/15/2011,VRB,FL,ASO,ES,Towers with Radar,0,12,60,0,72,0,0,195,0,195,0,12,255,0,267,394,0,394,661
12/16/2011,VRB,FL,ASO,ES,Towers with Radar,0,8,89,0,97,0,0,179,0,179,0,8,268,0,276,480,0,480,756
12/17/2011,VRB,FL,ASO,ES,Towers with Radar,0,9,57,0,66,0,0,105,0,105,0,9,162,0,171,363,0,363,534
12/18/2011,VRB,FL,ASO,ES,Towers with Radar,0,7,20,0,27,0,0,64,0,64,0,7,84,0,91,24,0,24,115
12/19/2011,VRB,FL,ASO,ES,Towers with Radar,0,2,57,0,59,0,0,210,0,210,0,2,267,0,269,220,0,220,489
12/20/2011,VRB,FL,ASO,ES,Towers with Radar,0,13,65,0,78,0,0,162,0,162,0,13,227,0,240,238,0,238,478
12/21/2011,VRB,FL,ASO,ES,Towers with Radar,0,11,47,0,58,0,0,155,1,156,0,11,202,1,214,222,0,222,436
12/22/2011,VRB,FL,ASO,ES,Towers with Radar,0,8,59,0,67,0,0,138,0,138,0,8,197,0,205,345,0,345,550
12/23/2011,VRB,FL,ASO,ES,Towers with Radar,0,11,49,0,60,0,0,109,0,109,0,11,158,0,169,324,0,324,493
12/24/2011,VRB,FL,ASO,ES,Towers with Radar,0,4,21,0,25,0,0,17,0,17,0,4,38,0,42,4,0,4,46
12/25/2011,VRB,FL,ASO,ES,Towers with Radar,0,9,11,0,20,0,0,8,0,8,0,9,19,0,28,0,0,0,28
12/26/2011,VRB,FL,ASO,ES,Towers with Radar,0,27,57,0,84,0,0,31,0,31,0,27,88,0,115,30,0,30,145
12/27/2011,VRB,FL,ASO,ES,Towers with Radar,0,28,46,0,74,0,0,84,0,84,0,28,130,0,158,114,0,114,272
12/28/2011,VRB,FL,ASO,ES,Towers with Radar,0,18,67,0,85,0,0,121,0,121,0,18,188,0,206,304,0,304,510
12/29/2011,VRB,FL,ASO,ES,Towers with Radar,0,16,67,0,83,0,0,103,0,103,0,16,170,0,186,260,0,260,446
12/30/2011,VRB,FL,ASO,ES,Towers with Radar,0,14,43,0,57,0,0,111,0,111,0,14,154,0,168,153,0,153,321
12/31/2011,VRB,FL,ASO,ES,Towers with Radar,0,8,21,0,29,0,0,76,0,76,0,8,97,0,105,7,0,7,112
01/01/2012,VRB,FL,ASO,ES,Towers with Radar,0,17,37,0,54,0,0,54,0,54,0,17,91,0,108,17,0,17,125
01/02/2012,VRB,FL,ASO,ES,Towers with Radar,0,16,52,0,68,0,0,49,0,49,0,16,101,0,117,114,0,114,231
01/03/2012,VRB,FL,ASO,ES,Towers with Radar,0,11,34,0,45,0,0,62,0,62,0,11,96,0,107,102,0,102,209
01/04/2012,VRB,FL,ASO,ES,Towers with Radar,0,14,34,0,48,0,0,164,0,164,0,14,198,0,212,267,0,267,479
01/05/2012,VRB,FL,ASO,ES,Towers with Radar,0,13,57,0,70,0,0,146,0,146,0,13,203,0,216,225,0,225,441
01/06/2012,VRB,FL,ASO,ES,Towers with Radar,0,1,71,0,72,0,0,146,0,146,0,1,217,0,218,356,0,356,574
01/07/2012,VRB,FL,ASO,ES,Towers with Radar,0,7,32,0,39,0,0,119,0,119,0,7,151,0,158,128,0,128,286
01/08/2012,VRB,FL,ASO,ES,Towers with Radar,0,10,25,0,35,0,0,87,0,87,0,10,112,0,122,33,0,33,155
01/09/2012,VRB,FL,ASO,ES,Towers with Radar,0,7,63,0,70,0,0,169,0,169,0,7,232,0,239,307,0,307,546
01/10/2012,VRB,FL,ASO,ES,Towers with Radar,0,7,62,0,69,0,0,190,0,190,0,7,252,0,259,239,0,239,498
01/11/2012,VRB,FL,ASO,ES,Towers with Radar,0,8,49,0,57,0,0,93,0,93,0,8,142,0,150,98,0,98,248
01/12/2012,VRB,FL,ASO,ES,Towers with Radar,0,9,82,0,91,0,0,171,0,171,0,9,253,0,262,289,0,289,551
01/13/2012,VRB,FL,ASO,ES,Towers with Radar,0,15,76,0,91,0,0,186,0,186,0,15,262,0,277,223,0,223,500
01/14/2012,VRB,FL,ASO,ES,Towers with Radar,0,10,38,0,48,0,0,140,0,140,0,10,178,0,188,265,0,265,453
01/15/2012,VRB,FL,ASO,ES,Towers with Radar,0,9,20,0,29,0,0,78,0,78,0,9,98,0,107,15,0,15,122
01/16/2012,VRB,FL,ASO,ES,Towers with Radar,0,16,61,0,77,0,0,159,0,159,0,16,220,0,236,217,0,217,453
01/17/2012,VRB,FL,ASO,ES,Towers with Radar,0,7,43,0,50,0,0,203,0,203,0,7,246,0,253,426,0,426,679
01/18/2012,VRB,FL,ASO,ES,Towers with Radar,0,8,60,2,70,0,0,226,0,226,0,8,286,2,296,292,0,292,588
01/19/2012,VRB,FL,ASO,ES,Towers with Radar,0,10,68,0,78,0,0,176,0,176,0,10,244,0,254,274,0,274,528
01/20/2012,VRB,FL,ASO,ES,Towers with Radar,0,8,57,0,65,0,0,227,0,227,0,8,284,0,292,478,0,478,770
01/21/2012,VRB,FL,ASO,ES,Towers with Radar,0,4,20,0,24,0,0,95,0,95,0,4,115,0,119,235,0,235,354
01/22/2012,VRB,FL,ASO,ES,Towers with Radar,0,12,35,0,47,0,0,76,0,76,0,12,111,0,123,0,0,0,123
01/23/2012,VRB,FL,ASO,ES,Towers with Radar,0,10,69,0,79,0,0,148,0,148,0,10,217,0,227,269,0,269,496
01/24/2012,VRB,FL,ASO,ES,Towers with Radar,0,7,82,0,89,0,0,189,2,191,0,7,271,2,280,292,0,292,572
01/25/2012,VRB,FL,ASO,ES,Towers with Radar,0,10,83,0,93,0,164,2,0,166,0,174,85,0,259,273,0,273,532
01/26/2012,VRB,FL,ASO,ES,Towers with Radar,0,13,75,0,88,0,0,252,0,252,0,13,327,0,340,526,0,526,866
01/27/2012,VRB,FL,ASO,ES,Towers with Radar,0,14,71,0,85,0,0,50,0,50,0,14,121,0,135,70,0,70,205
01/28/2012,VRB,FL,ASO,ES,Towers with Radar,0,6,41,0,47,0,0,161,0,161,0,6,202,0,208,240,0,240,448
01/29/2012,VRB,FL,ASO,ES,Towers with Radar,0,12,29,0,41,0,0,48,0,48,0,12,77,0,89,23,0,23,112
01/30/2012,VRB,FL,ASO,ES,Towers with Radar,0,6,81,0,87,0,0,199,0,199,0,6,280,0,286,183,0,183,469
01/31/2012,VRB,FL,ASO,ES,Towers with Radar,0,12,76,0,88,0,0,210,0,210,0,12,286,0,298,406,0,406,704
02/01/2012,VRB,FL,ASO,ES,Towers with Radar,0,8,75,0,83,0,0,228,0,228,0,8,303,0,311,485,0,485,796
02/02/2012,VRB,FL,ASO,ES,Towers with Radar,0,0,0,0,0,0,0,177,0,177,0,0,177,0,177,347,0,347,524
02/03/2012,VRB,FL,ASO,ES,Towers with Radar,0,11,75,0,86,0,0,89,0,89,0,11,164,0,175,68,0,68,243
02/04/2012,VRB,FL,ASO,ES,Towers with Radar,0,12,39,0,51,0,0,84,1,85,0,12,123,1,136,208,0,208,344
02/05/2012,VRB,FL,ASO,ES,Towers with Radar,0,13,62,0,75,0,0,42,0,42,0,13,104,0,117,8,0,8,125
02/06/2012,VRB,FL,ASO,ES,Towers with Radar,0,16,88,2,106,0,0,63,0,63,0,16,151,2,169,76,0,76,245
02/07/2012,VRB,FL,ASO,ES,Towers with Radar,0,10,74,0,84,0,0,13,0,13,0,10,87,0,97,18,0,18,115
02/08/2012,VRB,FL,ASO,ES,Towers with Radar,0,13,97,0,110,0,0,59,0,59,0,13,156,0,169,70,0,70,239
02/09/2012,VRB,FL,ASO,ES,Towers with Radar,0,8,95,0,103,0,0,201,0,201,0,8,296,0,304,206,0,206,510
02/10/2012,VRB,FL,ASO,ES,Towers with Radar,0,19,81,0,100,0,0,114,1,115,0,19,195,1,215,246,0,246,461
02/11/2012,VRB,FL,ASO,ES,Towers with Radar,0,6,54,0,60,0,0,61,0,61,0,6,115,0,121,74,0,74,195
02/12/2012,VRB,FL,ASO,ES,Towers with Radar,0,18,48,0,66,0,0,45,0,45,0,18,93,0,111,30,0,30,141
02/13/2012,VRB,FL,ASO,ES,Towers with Radar,0,26,76,0,102,0,0,237,0,237,0,26,313,0,339,425,0,425,764
02/14/2012,VRB,FL,ASO,ES,Towers with Radar,0,9,92,0,101,0,0,192,0,192,0,9,284,0,293,347,0,347,640
02/15/2012,VRB,FL,ASO,ES,Towers with Radar,0,11,84,0,95,0,0,225,0,225,0,11,309,0,320,203,0,203,523
02/16/2012,VRB,FL,ASO,ES,Towers with Radar,0,16,104,0,120,0,0,228,0,228,0,16,332,0,348,275,0,275,623
02/17/2012,VRB,FL,ASO,ES,Towers with Radar,0,21,79,0,100,0,0,120,0,120,0,21,199,0,220,264,0,264,484
02/18/2012,VRB,FL,ASO,ES,Towers with Radar,0,6,73,12,91,0,1,73,0,74,0,7,146,12,165,152,0,152,317
02/19/2012,VRB,FL,ASO,ES,Towers with Radar,0,14,32,0,46,0,0,19,0,19,0,14,51,0,65,12,0,12,77
02/20/2012,VRB,FL,ASO,ES,Towers with Radar,0,15,89,0,104,0,0,152,0,152,0,15,241,0,256,223,0,223,479
02/21/2012,VRB,FL,ASO,ES,Towers with Radar,0,23,67,0,90,0,0,251,0,251,0,23,318,0,341,549,0,549,890
02/22/2012,VRB,FL,ASO,ES,Towers with Radar,0,8,80,0,88,0,0,239,0,239,0,8,319,0,327,289,0,289,616
02/23/2012,VRB,FL,ASO,ES,Towers with Radar,0,15,82,0,97,0,0,119,0,119,0,15,201,0,216,140,0,140,356
02/24/2012,VRB,FL,ASO,ES,Towers with Radar,0,6,79,0,85,0,0,133,0,133,0,6,212,0,218,95,0,95,313
02/25/2012,VRB,FL,ASO,ES,Towers with Radar,0,14,38,0,52,0,0,31,0,31,0,14,69,0,83,34,0,34,117
02/26/2012,VRB,FL,ASO,ES,Towers with Radar,0,16,59,0,75,0,0,22,0,22,0,16,81,0,97,7,0,7,104
02/27/2012,VRB,FL,ASO,ES,Towers with Radar,0,13,72,0,85,0,0,101,1,102,0,13,173,1,187,336,0,336,523
02/28/2012,VRB,FL,ASO,ES,Towers with Radar,0,10,102,0,112,0,0,121,1,122,0,10,223,1,234,233,0,233,467
02/29/2012,VRB,FL,ASO,ES,Towers with Radar,0,10,70,0,80,0,0,177,0,177,0,10,247,0,257,363,0,363,620
03/01/2012,VRB,FL,ASO,ES,Towers with Radar,0,23,76,0,99,0,0,173,0,173,0,23,249,0,272,336,0,336,608
03/02/2012,VRB,FL,ASO,ES,Towers with Radar,0,14,80,0,94,0,0,200,0,200,0,14,280,0,294,271,0,271,565
03/03/2012,VRB,FL,ASO,ES,Towers with Radar,0,11,51,0,62,0,0,87,0,87,0,11,138,0,149,95,0,95,244
03/04/2012,VRB,FL,ASO,ES,Towers with Radar,0,14,32,0,46,0,0,18,0,18,0,14,50,0,64,0,0,0,64
03/05/2012,VRB,FL,ASO,ES,Towers with Radar,0,66,14,4,84,0,0,240,0,240,0,66,254,4,324,391,0,391,715
03/06/2012,VRB,FL,ASO,ES,Towers with Radar,0,9,55,4,68,0,0,86,0,86,0,9,141,4,154,152,0,152,306
03/07/2012,VRB,FL,ASO,ES,Towers with Radar,0,12,54,0,66,0,0,71,0,71,0,12,125,0,137,79,0,79,216
03/08/2012,VRB,FL,ASO,ES,Towers with Radar,0,18,78,0,96,0,0,132,0,132,0,18,210,0,228,363,0,363,591
03/09/2012,VRB,FL,ASO,ES,Towers with Radar,0,13,114,0,127,0,0,145,0,145,0,13,259,0,272,235,0,235,507
03/10/2012,VRB,FL,ASO,ES,Towers with Radar,0,13,68,0,81,0,0,65,0,65,0,13,133,0,146,198,0,198,344
03/11/2012,VRB,FL,ASO,ES,Towers with Radar,0,23,50,0,73,0,0,14,0,14,0,23,64,0,87,15,0,15,102
03/12/2012,VRB,FL,ASO,ES,Towers with Radar,0,12,90,0,102,0,0,206,0,206,0,12,296,0,308,385,0,385,693
03/13/2012,VRB,FL,ASO,ES,Towers with Radar,0,17,70,0,87,0,0,229,0,229,0,17,299,0,316,389,0,389,705
03/14/2012,VRB,FL,ASO,ES,Towers with Radar,0,16,74,0,90,0,0,225,0,225,0,16,299,0,315,302,0,302,617
03/15/2012,VRB,FL,ASO,ES,Towers with Radar,0,0,0,0,0,0,0,170,0,170,0,0,170,0,170,278,0,278,448
03/16/2012,VRB,FL,ASO,ES,Towers with Radar,0,16,59,0,75,0,0,221,0,221,0,16,280,0,296,336,0,336,632
03/17/2012,VRB,FL,ASO,ES,Towers with Radar,0,15,38,2,55,0,1,158,0,159,0,16,196,2,214,138,0,138,352
03/18/2012,VRB,FL,ASO,ES,Towers with Radar,0,18,54,0,72,0,0,149,1,150,0,18,203,1,222,134,0,134,356
03/19/2012,VRB,FL,ASO,ES,Towers with Radar,0,11,61,0,72,0,0,196,0,196,0,11,257,0,268,304,0,304,572
03/20/2012,VRB,FL,ASO,ES,Towers with Radar,0,14,53,2,69,0,0,218,0,218,0,14,271,2,287,394,0,394,681
03/21/2012,VRB,FL,ASO,ES,Towers with Radar,0,10,45,0,55,0,0,83,0,83,0,10,128,0,138,116,0,116,254
03/22/2012,VRB,FL,ASO,ES,Towers with Radar,0,8,67,0,75,0,0,225,0,225,0,8,292,0,300,463,0,463,763
03/23/2012,VRB,FL,ASO,ES,Towers with Radar,0,21,55,0,76,0,0,228,0,228,0,21,283,0,304,451,0,451,755
03/24/2012,VRB,FL,ASO,ES,Towers with Radar,0,10,24,0,34,0,0,168,0,168,0,10,192,0,202,166,0,166,368
03/25/2012,VRB,FL,ASO,ES,Towers with Radar,0,21,46,0,67,0,1,43,0,44,0,22,89,0,111,90,0,90,201
03/26/2012,VRB,FL,ASO,ES,Towers with Radar,0,10,69,0,79,0,0,211,0,211,0,10,280,0,290,364,0,364,654
03/27/2012,VRB,FL,ASO,ES,Towers with Radar,0,20,65,0,85,0,0,226,0,226,0,20,291,0,311,396,0,396,707
03/28/2012,VRB,FL,ASO,ES,Towers with Radar,0,10,76,0,86,0,0,231,0,231,0,10,307,0,317,456,0,456,773
03/29/2012,VRB,FL,ASO,ES,Towers with Radar,0,17,67,1,85,0,0,209,0,209,0,17,276,1,294,458,0,458,752
03/30/2012,VRB,FL,ASO,ES,Towers with Radar,0,17,68,0,85,0,0,185,0,185,0,17,253,0,270,195,0,195,465
03/31/2012,VRB,FL,ASO,ES,Towers with Radar,0,16,34,0,50,0,0,46,0,46,0,16,80,0,96,36,0,36,132
04/01/2012,VRB,FL,ASO,ES,Towers with Radar,0,19,50,0,69,0,0,82,0,82,0,19,132,0,151,32,0,32,183
04/02/2012,VRB,FL,ASO,ES,Towers with Radar,0,8,0,0,8,0,0,194,0,194,0,8,194,0,202,354,0,354,556
04/03/2012,VRB,FL,ASO,ES,Towers with Radar,0,3,71,0,74,0,0,189,0,189,0,3,260,0,263,348,0,348,611
04/04/2012,VRB,FL,ASO,ES,Towers with Radar,0,7,65,0,72,0,0,232,0,232,0,7,297,0,304,200,0,200,504
04/05/2012,VRB,FL,ASO,ES,Towers with Radar,0,0,0,0,0,0,0,151,0,151,0,0,151,0,151,264,0,264,415
04/06/2012,VRB,FL,ASO,ES,Towers with Radar,0,18,76,0,94,0,0,87,0,87,0,18,163,0,181,23,0,23,204
04/07/2012,VRB,FL,ASO,ES,Towers with Radar,0,17,54,0,71,0,0,60,2,62,0,17,114,2,133,33,0,33,166
04/08/2012,VRB,FL,ASO,ES,Towers with Radar,0,21,39,0,60,0,0,63,0,63,0,21,102,0,123,35,0,35,158
04/09/2012,VRB,FL,ASO,ES,Towers with Radar,0,25,101,0,126,0,0,243,0,243,0,25,344,0,369,531,0,531,900
04/10/2012,VRB,FL,ASO,ES,Towers with Radar,0,12,77,0,89,0,0,216,1,217,0,12,293,1,306,351,0,351,657
04/11/2012,VRB,FL,ASO,ES,Towers with Radar,0,12,75,0,87,0,0,230,0,230,0,12,305,0,317,383,0,383,700
04/12/2012,VRB,FL,ASO,ES,Towers with Radar,0,12,48,0,60,0,0,169,0,169,0,12,217,0,229,280,0,280,509
04/13/2012,VRB,FL,ASO,ES,Towers with Radar,0,11,68,0,79,0,0,151,0,151,0,11,219,0,230,173,0,173,403
04/14/2012,VRB,FL,ASO,ES,Towers with Radar,0,15,0,48,63,0,0,25,0,25,0,15,25,48,88,14,0,14,102
04/15/2012,VRB,FL,ASO,ES,Towers with Radar,0,10,41,0,51,0,0,79,0,79,0,10,120,0,130,22,0,22,152
04/16/2012,VRB,FL,ASO,ES,Towers with Radar,0,51,7,0,58,0,0,208,0,208,0,51,215,0,266,242,0,242,508
04/17/2012,VRB,FL,ASO,ES,Towers with Radar,0,9,38,0,47,0,0,223,0,223,0,9,261,0,270,398,0,398,668
04/18/2012,VRB,FL,ASO,ES,Towers with Radar,0,16,51,0,67,0,0,236,0,236,0,16,287,0,303,530,1,531,834
04/19/2012,VRB,FL,ASO,ES,Towers with Radar,0,10,48,0,58,0,0,157,0,157,0,10,205,0,215,294,0,294,509
04/20/2012,VRB,FL,ASO,ES,Towers with Radar,0,19,58,0,77,0,0,98,0,98,0,19,156,0,175,174,0,174,349
04/21/2012,VRB,FL,ASO,ES,Towers with Radar,0,8,19,0,27,0,0,15,0,15,0,8,34,0,42,82,0,82,124
04/22/2012,VRB,FL,ASO,ES,Towers with Radar,0,22,22,0,44,0,0,43,0,43,0,22,65,0,87,7,0,7,94
04/23/2012,VRB,FL,ASO,ES,Towers with Radar,0,12,53,0,65,0,0,173,0,173,0,12,226,0,238,168,0,168,406
04/24/2012,VRB,FL,ASO,ES,Towers with Radar,0,11,72,0,83,0,0,222,0,222,0,11,294,0,305,517,0,517,822
04/25/2012,VRB,FL,ASO,ES,Towers with Radar,0,11,65,0,76,0,0,263,0,263,0,11,328,0,339,501,0,501,840
04/26/2012,VRB,FL,ASO,ES,Towers with Radar,0,10,52,0,62,0,0,259,0,259,0,10,311,0,321,435,0,435,756
04/27/2012,VRB,FL,ASO,ES,Towers with Radar,0,8,73,0,81,0,0,237,1,238,0,8,310,1,319,373,0,373,692
04/28/2012,VRB,FL,ASO,ES,Towers with Radar,0,4,33,0,37,0,0,65,0,65,0,4,98,0,102,149,0,149,251
04/29/2012,VRB,FL,ASO,ES,Towers with Radar,0,17,35,0,52,0,0,45,1,46,0,17,80,1,98,17,0,17,115
04/30/2012,VRB,FL,ASO,ES,Towers with Radar,0,5,45,0,50,0,0,149,0,149,0,5,194,0,199,150,0,150,349
05/01/2012,VRB,FL,ASO,ES,Towers with Radar,0,11,77,0,88,0,1,157,0,158,0,12,234,0,246,410,0,410,656
05/02/2012,VRB,FL,ASO,ES,Towers with Radar,0,14,65,0,79,0,0,194,0,194,0,14,259,0,273,467,0,467,740
05/03/2012,VRB,FL,ASO,ES,Towers with Radar,0,11,66,0,77,0,0,189,0,189,0,11,255,0,266,554,0,554,820
05/04/2012,VRB,FL,ASO,ES,Towers with Radar,0,14,68,0,82,0,0,194,0,194,0,14,262,0,276,508,0,508,784
05/05/2012,VRB,FL,ASO,ES,Towers with Radar,0,9,44,0,53,0,0,133,0,133,0,9,177,0,186,292,0,292,478
05/06/2012,VRB,FL,ASO,ES,Towers with Radar,0,24,31,0,55,0,0,73,0,73,0,24,104,0,128,29,0,29,157
05/07/2012,VRB,FL,ASO,ES,Towers with Radar,0,12,58,0,70,0,0,169,0,169,0,12,227,0,239,174,0,174,413
05/08/2012,VRB,FL,ASO,ES,Towers with Radar,0,14,84,2,100,0,0,150,0,150,0,14,234,2,250,232,0,232,482
05/09/2012,VRB,FL,ASO,ES,Towers with Radar,0,11,82,0,93,0,0,127,0,127,0,11,209,0,220,305,0,305,525
05/10/2012,VRB,FL,ASO,ES,Towers with Radar,0,7,90,0,97,0,0,112,0,112,0,7,202,0,209,225,0,225,434
05/11/2012,VRB,FL,ASO,ES,Towers with Radar,0,10,61,0,71,0,0,117,0,117,0,10,178,0,188,133,0,133,321
05/12/2012,VRB,FL,ASO,ES,Towers with Radar,0,6,26,0,32,0,0,66,0,66,0,6,92,0,98,111,0,111,209
05/13/2012,VRB,FL,ASO,ES,Towers with Radar,0,9,30,0,39,0,0,39,0,39,0,9,69,0,78,62,0,62,140
05/14/2012,VRB,FL,ASO,ES,Towers with Radar,0,11,70,0,81,0,0,148,0,148,0,11,218,0,229,394,0,394,623
05/15/2012,VRB,FL,ASO,ES,Towers with Radar,0,65,11,0,76,0,0,116,0,116,0,65,127,0,192,323,0,323,515
05/16/2012,VRB,FL,ASO,ES,Towers with Radar,0,12,85,0,97,0,0,132,0,132,0,12,217,0,229,365,0,365,594
05/17/2012,VRB,FL,ASO,ES,Towers with Radar,0,13,84,0,97,0,0,89,0,89,0,13,173,0,186,177,0,177,363
05/18/2012,VRB,FL,ASO,ES,Towers with Radar,0,7,83,0,90,0,0,198,0,198,0,7,281,0,288,231,0,231,519
05/19/2012,VRB,FL,ASO,ES,Towers with Radar,0,9,43,0,52,0,0,89,0,89,0,9,132,0,141,160,0,160,301
05/20/2012,VRB,FL,ASO,ES,Towers with Radar,0,8,27,2,37,0,0,67,0,67,0,8,94,2,104,142,0,142,246
05/21/2012,VRB,FL,ASO,ES,Towers with Radar,0,7,72,0,79,0,0,210,0,210,0,7,282,0,289,398,0,398,687
05/22/2012,VRB,FL,ASO,ES,Towers with Radar,0,6,62,1,69,0,0,161,0,161,0,6,223,1,230,306,0,306,536
05/23/2012,VRB,FL,ASO,ES,Towers with Radar,0,4,40,0,44,0,0,176,0,176,0,4,216,0,220,230,0,230,450
05/24/2012,VRB,FL,ASO,ES,Towers with Radar,0,7,64,0,71,0,0,117,0,117,0,7,181,0,188,199,0,199,387
05/25/2012,VRB,FL,ASO,ES,Towers with Radar,0,7,71,0,78,0,0,188,0,188,0,7,259,0,266,288,0,288,554
05/26/2012,VRB,FL,ASO,ES,Towers with Radar,0,4,44,0,48,0,0,149,0,149,0,4,193,0,197,134,0,134,331
05/27/2012,VRB,FL,ASO,ES,Towers with Radar,0,6,20,0,26,0,0,54,0,54,0,6,74,0,80,22,0,22,102
05/28/2012,VRB,FL,ASO,ES,Towers with Radar,0,8,18,0,26,0,0,24,0,24,0,8,42,0,50,9,0,9,59
05/29/2012,VRB,FL,ASO,ES,Towers with Radar,0,8,37,0,45,0,0,120,0,120,0,8,157,0,165,136,0,136,301
05/30/2012,VRB,FL,ASO,ES,Towers with Radar,0,7,36,0,43,0,0,153,0,153,0,7,189,0,196,264,0,264,460
05/31/2012,VRB,FL,ASO,ES,Towers with Radar,0,4,66,0,70,0,0,137,0,137,0,4,203,0,207,223,0,223,430
06/01/2012,VRB,FL,ASO,ES,Towers with Radar,0,12,52,0,64,0,0,100,0,100,0,12,152,0,164,147,0,147,311
06/02/2012,VRB,FL,ASO,ES,Towers with Radar,0,2,50,0,52,0,0,108,0,108,0,2,158,0,160,186,0,186,346
06/03/2012,VRB,FL,ASO,ES,Towers with Radar,0,5,36,0,41,0,0,114,0,114,0,5,150,0,155,98,0,98,253
06/04/2012,VRB,FL,ASO,ES,Towers with Radar,0,5,63,0,68,0,0,159,0,159,0,5,222,0,227,169,0,169,396
06/05/2012,VRB,FL,ASO,ES,Towers with Radar,0,2,48,0,50,0,0,59,0,59,0,2,107,0,109,54,0,54,163
06/06/2012,VRB,FL,ASO,ES,Towers with Radar,0,7,22,0,29,0,0,62,0,62,0,7,84,0,91,103,0,103,194
06/07/2012,VRB,FL,ASO,ES,Towers with Radar,0,5,44,0,49,0,0,63,0,63,0,5,107,0,112,146,0,146,258
06/08/2012,VRB,FL,ASO,ES,Towers with Radar,0,4,43,0,47,0,0,92,0,92,0,4,135,0,139,368,0,368,507
06/09/2012,VRB,FL,ASO,ES,Towers with Radar,0,0,56,0,56,0,0,97,0,97,0,0,153,0,153,267,0,267,420
06/10/2012,VRB,FL,ASO,ES,Towers with Radar,0,6,27,0,33,0,0,71,0,71,0,6,98,0,104,107,0,107,211
06/11/2012,VRB,FL,ASO,ES,Towers with Radar,0,4,71,0,75,0,0,167,0,167,0,4,238,0,242,285,0,285,527
06/12/2012,VRB,FL,ASO,ES,Towers with Radar,0,3,77,0,80,0,0,199,0,199,0,3,276,0,279,366,0,366,645
06/13/2012,VRB,FL,ASO,ES,Towers with Radar,0,0,64,0,64,0,0,153,0,153,0,0,217,0,217,246,0,246,463
06/14/2012,VRB,FL,ASO,ES,Towers with Radar,0,8,43,0,51,0,0,118,0,118,0,8,161,0,169,98,0,98,267
06/15/2012,VRB,FL,ASO,ES,Towers with Radar,0,6,78,0,84,0,0,136,0,136,0,6,214,0,220,230,0,230,450
06/16/2012,VRB,FL,ASO,ES,Towers with Radar,0,1,36,0,37,0,0,69,1,70,0,1,105,1,107,90,0,90,197
06/17/2012,VRB,FL,ASO,ES,Towers with Radar,0,2,18,0,20,0,0,79,0,79,0,2,97,0,99,40,0,40,139
06/18/2012,VRB,FL,ASO,ES,Towers with Radar,0,3,59,0,62,0,0,178,5,183,0,3,237,5,245,202,0,202,447
06/19/2012,VRB,FL,ASO,ES,Towers with Radar,0,40,5,0,45,0,0,146,0,146,0,40,151,0,191,187,0,187,378
06/20/2012,VRB,FL,ASO,ES,Towers with Radar,0,8,70,0,78,0,0,37,0,37,0,8,107,0,115,57,0,57,172
06/21/2012,VRB,FL,ASO,ES,Towers with Radar,0,3,38,0,41,0,0,197,0,197,0,3,235,0,238,240,0,240,478
06/22/2012,VRB,FL,ASO,ES,Towers with Radar,0,4,41,0,45,0,0,110,0,110,0,4,151,0,155,293,0,293,448
06/23/2012,VRB,FL,ASO,ES,Towers with Radar,0,3,45,0,48,0,0,74,2,76,0,3,119,2,124,144,0,144,268
06/24/2012,VRB,FL,ASO,ES,Towers with Radar,0,35,0,0,35,0,0,7,0,7,0,35,7,0,42,0,0,0,42
06/25/2012,VRB,FL,ASO,ES,Towers with Radar,0,1,21,0,22,0,0,9,0,9,0,1,30,0,31,6,0,6,37
06/26/2012,VRB,FL,ASO,ES,Towers with Radar,0,2,7,0,9,0,0,27,0,27,0,2,34,0,36,12,0,12,48
06/27/2012,VRB,FL,ASO,ES,Towers with Radar,0,0,38,0,38,0,0,46,0,46,0,0,84,0,84,12,0,12,96
06/28/2012,VRB,FL,ASO,ES,Towers with Radar,0,0,59,0,59,0,0,217,0,217,0,0,276,0,276,292,0,292,568
06/29/2012,VRB,FL,ASO,ES,Towers with Radar,0,2,57,0,59,0,0,168,0,168,0,2,225,0,227,245,0,245,472
06/30/2012,VRB,FL,ASO,ES,Towers with Radar,0,2,36,0,38,0,0,186,0,186,0,2,222,0,224,190,0,190,414
07/01/2012,VRB,FL,ASO,ES,Towers with Radar,0,3,27,0,30,0,0,100,0,100,0,3,127,0,130,101,0,101,231
07/02/2012,VRB,FL,ASO,ES,Towers with Radar,0,1,42,0,43,0,0,121,0,121,0,1,163,0,164,225,0,225,389
07/03/2012,VRB,FL,ASO,ES,Towers with Radar,0,0,39,0,39,0,0,128,0,128,0,0,167,0,167,246,0,246,413
07/04/2012,VRB,FL,ASO,ES,Towers with Radar,0,3,18,0,21,0,0,60,0,60,0,3,78,0,81,47,0,47,128
07/05/2012,VRB,FL,ASO,ES,Towers with Radar,0,1,43,0,44,0,0,158,0,158,0,1,201,0,202,338,0,338,540
07/06/2012,VRB,FL,ASO,ES,Towers with Radar,0,2,33,0,35,0,0,126,1,127,0,2,159,1,162,262,0,262,424
07/07/2012,VRB,FL,ASO,ES,Towers with Radar,0,3,37,0,40,0,0,119,0,119,0,3,156,0,159,126,0,126,285
07/08/2012,VRB,FL,ASO,ES,Towers with Radar,0,2,29,0,31,0,0,102,0,102,0,2,131,0,133,27,0,27,160
07/09/2012,VRB,FL,ASO,ES,Towers with Radar,0,4,36,0,40,0,0,143,0,143,0,4,179,0,183,334,0,334,517
07/10/2012,VRB,FL,ASO,ES,Towers with Radar,0,2,53,0,55,0,0,206,0,206,0,2,259,0,261,383,0,383,644
07/11/2012,VRB,FL,ASO,ES,Towers with Radar,0,2,45,0,47,0,128,0,0,128,0,130,45,0,175,247,0,247,422
07/12/2012,VRB,FL,ASO,ES,Towers with Radar,0,4,25,0,29,0,0,196,1,197,0,4,221,1,226,420,0,420,646
07/13/2012,VRB,FL,ASO,ES,Towers with Radar,0,4,57,0,61,0,0,199,0,199,0,4,256,0,260,345,0,345,605
07/14/2012,VRB,FL,ASO,ES,Towers with Radar,0,2,21,0,23,0,0,124,0,124,0,2,145,0,147,221,0,221,368
07/15/2012,VRB,FL,ASO,ES,Towers with Radar,0,4,18,0,22,0,0,52,0,52,0,4,70,0,74,16,0,16,90
07/16/2012,VRB,FL,ASO,ES,Towers with Radar,0,5,32,0,37,0,0,144,0,144,0,5,176,0,181,266,0,266,447
07/17/2012,VRB,FL,ASO,ES,Towers with Radar,0,4,18,0,22,0,0,120,0,120,0,4,138,0,142,158,0,158,300
07/18/2012,VRB,FL,ASO,ES,Towers with Radar,0,3,50,0,53,0,0,205,0,205,0,3,255,0,258,315,0,315,573
07/19/2012,VRB,FL,ASO,ES,Towers with Radar,0,1,55,3,59,0,0,233,0,233,0,1,288,3,292,342,0,342,634
07/20/2012,VRB,FL,ASO,ES,Towers with Radar,0,4,47,0,51,0,0,235,0,235,0,4,282,0,286,375,0,375,661
07/21/2012,VRB,FL,ASO,ES,Towers with Radar,0,0,32,0,32,0,0,134,0,134,0,0,166,0,166,315,0,315,481
07/22/2012,VRB,FL,ASO,ES,Towers with Radar,0,3,20,0,23,0,0,31,0,31,0,3,51,0,54,0,0,0,54
07/23/2012,VRB,FL,ASO,ES,Towers with Radar,0,1,29,0,30,0,0,88,0,88,0,1,117,0,118,185,0,185,303
07/24/2012,VRB,FL,ASO,ES,Towers with Radar,0,8,69,0,77,0,0,187,0,187,0,8,256,0,264,287,0,287,551
07/25/2012,VRB,FL,ASO,ES,Towers with Radar,0,1,43,2,46,0,0,234,0,234,0,1,277,2,280,296,0,296,576
07/26/2012,VRB,FL,ASO,ES,Towers with Radar,0,6,46,0,52,0,0,234,0,234,0,6,280,0,286,363,0,363,649
07/27/2012,VRB,FL,ASO,ES,Towers with Radar,0,3,50,0,53,0,0,186,0,186,0,3,236,0,239,352,0,352,591
07/28/2012,VRB,FL,ASO,ES,Towers with Radar,0,5,30,0,35,0,0,132,0,132,0,5,162,0,167,238,0,238,405
07/29/2012,VRB,FL,ASO,ES,Towers with Radar,0,0,30,0,30,0,0,72,0,72,0,0,102,0,102,56,0,56,158
07/30/2012,VRB,FL,ASO,ES,Towers with Radar,0,3,47,0,50,0,0,247,0,247,0,3,294,0,297,208,0,208,505
07/31/2012,VRB,FL,ASO,ES,Towers with Radar,0,2,69,0,71,0,0,230,0,230,0,2,299,0,301,302,0,302,603
08/01/2012,VRB,FL,ASO,ES,Towers with Radar,0,3,66,0,69,0,0,188,0,188,0,3,254,0,257,207,0,207,464
08/02/2012,VRB,FL,ASO,ES,Towers with Radar,0,53,0,0,53,0,0,188,0,188,0,53,188,0,241,259,0,259,500
08/03/2012,VRB,FL,ASO,ES,Towers with Radar,0,6,57,0,63,0,0,181,1,182,0,6,238,1,245,284,0,284,529
08/04/2012,VRB,FL,ASO,ES,Towers with Radar,0,2,62,0,64,0,0,66,1,67,0,2,128,1,131,159,0,159,290
08/05/2012,VRB,FL,ASO,ES,Towers with Radar,0,2,30,0,32,0,0,26,0,26,0,2,56,0,58,6,0,6,64
08/06/2012,VRB,FL,ASO,ES,Towers with Radar,0,0,48,0,48,0,0,120,0,120,0,0,168,0,168,253,0,253,421
08/07/2012,VRB,FL,ASO,ES,Towers with Radar,0,1,61,0,62,0,0,231,0,231,0,1,292,0,293,349,0,349,642
08/08/2012,VRB,FL,ASO,ES,Towers with Radar,0,2,63,0,65,0,0,254,0,254,0,2,317,0,319,436,0,436,755
08/09/2012,VRB,FL,ASO,ES,Towers with Radar,0,2,65,0,67,0,0,176,0,176,0,2,241,0,243,409,1,410,653
08/10/2012,VRB,FL,ASO,ES,Towers with Radar,0,5,60,0,65,0,0,182,0,182,0,5,242,0,247,254,0,254,501
08/11/2012,VRB,FL,ASO,ES,Towers with Radar,0,0,35,0,35,0,0,92,0,92,0,0,127,0,127,191,0,191,318
08/12/2012,VRB,FL,ASO,ES,Towers with Radar,0,2,16,0,18,0,0,51,0,51,0,2,67,0,69,22,0,22,91
08/13/2012,VRB,FL,ASO,ES,Towers with Radar,0,8,50,0,58,0,0,128,0,128,0,8,178,0,186,416,0,416,602
08/14/2012,VRB,FL,ASO,ES,Towers with Radar,0,4,65,0,69,0,0,151,0,151,0,4,216,0,220,248,0,248,468
08/15/2012,VRB,FL,ASO,ES,Towers with Radar,0,0,61,0,61,0,0,221,0,221,0,0,282,0,282,330,0,330,612
08/16/2012,VRB,FL,ASO,ES,Towers with Radar,0,3,55,0,58,0,0,156,0,156,0,3,211,0,214,162,0,162,376
08/17/2012,VRB,FL,ASO,ES,Towers with Radar,0,6,70,0,76,0,0,158,0,158,0,6,228,0,234,322,0,322,556
08/18/2012,VRB,FL,ASO,ES,Towers with Radar,0,1,28,0,29,0,0,74,0,74,0,1,102,0,103,152,0,152,255
08/19/2012,VRB,FL,ASO,ES,Towers with Radar,0,4,18,0,22,0,0,65,0,65,0,4,83,0,87,19,0,19,106
08/20/2012,VRB,FL,ASO,ES,Towers with Radar,0,1,48,0,49,0,0,140,0,140,0,1,188,0,189,248,0,248,437
08/21/2012,VRB,FL,ASO,ES,Towers with Radar,0,3,44,0,47,0,0,137,0,137,0,3,181,0,184,228,0,228,412
08/22/2012,VRB,FL,ASO,ES,Towers with Radar,0,6,51,0,57,0,0,135,0,135,0,6,186,0,192,291,0,291,483
08/23/2012,VRB,FL,ASO,ES,Towers with Radar,0,0,76,0,76,0,0,140,0,140,0,0,216,0,216,267,0,267,483
08/24/2012,VRB,FL,ASO,ES,Towers with Radar,0,4,79,0,83,0,0,137,0,137,0,4,216,0,220,305,0,305,525
08/25/2012,VRB,FL,ASO,ES,Towers with Radar,0,1,19,0,20,0,0,13,0,13,0,1,32,0,33,6,0,6,39
08/26/2012,VRB,FL,ASO,ES,Towers with Radar,0,2,12,0,14,0,0,1,0,1,0,2,13,0,15,0,0,0,15
08/27/2012,VRB,FL,ASO,ES,Towers with Radar,0,1,2,0,3,0,0,1,0,1,0,1,3,0,4,0,0,0,4
08/28/2012,VRB,FL,ASO,ES,Towers with Radar,0,4,50,0,54,0,0,172,0,172,0,4,222,0,226,246,0,246,472
08/29/2012,VRB,FL,ASO,ES,Towers with Radar,0,2,84,0,86,0,0,201,0,201,0,2,285,0,287,298,0,298,585
08/30/2012,VRB,FL,ASO,ES,Towers with Radar,0,9,49,0,58,0,0,183,0,183,0,9,232,0,241,299,0,299,540
08/31/2012,VRB,FL,ASO,ES,Towers with Radar,0,1,49,0,50,0,0,188,0,188,0,1,237,0,238,412,0,412,650
09/01/2012,VRB,FL,ASO,ES,Towers with Radar,0,0,19,0,19,0,0,123,2,125,0,0,142,2,144,188,0,188,332
09/02/2012,VRB,FL,ASO,ES,Towers with Radar,0,14,4,0,18,0,0,75,0,75,0,14,79,0,93,62,0,62,155
09/03/2012,VRB,FL,ASO,ES,Towers with Radar,0,1,20,0,21,0,0,58,0,58,0,1,78,0,79,79,0,79,158
09/04/2012,VRB,FL,ASO,ES,Towers with Radar,0,4,32,0,36,0,0,157,0,157,0,4,189,0,193,246,0,246,439
09/05/2012,VRB,FL,ASO,ES,Towers with Radar,0,3,33,0,36,0,0,127,0,127,0,3,160,0,163,149,0,149,312
09/06/2012,VRB,FL,ASO,ES,Towers with Radar,0,4,32,0,36,0,0,145,0,145,0,4,177,0,181,203,0,203,384
09/07/2012,VRB,FL,ASO,ES,Towers with Radar,0,1,37,0,38,0,0,217,0,217,0,1,254,0,255,381,0,381,636
09/08/2012,VRB,FL,ASO,ES,Towers with Radar,0,2,24,0,26,0,0,131,0,131,0,2,155,0,157,219,0,219,376
09/09/2012,VRB,FL,ASO,ES,Towers with Radar,0,0,6,2,8,0,0,7,1,8,0,0,13,3,16,0,0,0,16
09/10/2012,VRB,FL,ASO,ES,Towers with Radar,0,2,35,0,37,0,0,106,0,106,0,2,141,0,143,191,0,191,334
09/11/2012,VRB,FL,ASO,ES,Towers with Radar,0,2,44,0,46,0,0,165,0,165,0,2,209,0,211,149,0,149,360
09/12/2012,VRB,FL,ASO,ES,Towers with Radar,0,0,73,0,73,0,0,134,1,135,0,0,207,1,208,266,0,266,474
09/13/2012,VRB,FL,ASO,ES,Towers with Radar,0,2,65,0,67,0,0,189,0,189,0,2,254,0,256,385,0,385,641
09/14/2012,VRB,FL,ASO,ES,Towers with Radar,0,4,67,0,71,0,0,122,0,122,0,4,189,0,193,236,0,236,429
09/15/2012,VRB,FL,ASO,ES,Towers with Radar,0,1,21,0,22,0,0,109,0,109,0,1,130,0,131,185,0,185,316
09/16/2012,VRB,FL,ASO,ES,Towers with Radar,0,2,31,0,33,0,0,70,0,70,0,2,101,0,103,45,0,45,148
09/17/2012,VRB,FL,ASO,ES,Towers with Radar,0,2,52,0,54,0,0,131,0,131,0,2,183,0,185,287,0,287,472
09/18/2012,VRB,FL,ASO,ES,Towers with Radar,0,4,41,0,45,0,0,160,0,160,0,4,201,0,205,137,0,137,342
09/19/2012,VRB,FL,ASO,ES,Towers with Radar,0,1,76,0,77,0,0,135,0,135,0,1,211,0,212,243,0,243,455
09/20/2012,VRB,FL,ASO,ES,Towers with Radar,0,0,45,0,45,0,0,0,2,2,0,0,45,2,47,413,4,417,464
09/21/2012,VRB,FL,ASO,ES,Towers with Radar,0,6,73,0,79,0,0,115,0,115,0,6,188,0,194,96,0,96,290
09/22/2012,VRB,FL,ASO,ES,Towers with Radar,0,0,47,0,47,0,0,71,0,71,0,0,118,0,118,301,0,301,419
09/23/2012,VRB,FL,ASO,ES,Towers with Radar,0,5,26,0,31,0,0,79,0,79,0,5,105,0,110,64,0,64,174
09/24/2012,VRB,FL,ASO,ES,Towers with Radar,0,4,58,0,62,0,0,177,0,177,0,4,235,0,239,371,0,371,610
09/25/2012,VRB,FL,ASO,ES,Towers with Radar,0,3,45,0,48,0,0,238,1,239,0,3,283,1,287,343,0,343,630
09/26/2012,VRB,FL,ASO,ES,Towers with Radar,0,0,65,0,65,0,0,216,0,216,0,0,281,0,281,273,0,273,554
09/27/2012,VRB,FL,ASO,ES,Towers with Radar,0,0,66,1,67,0,0,236,1,237,0,0,302,2,304,202,0,202,506
09/28/2012,VRB,FL,ASO,ES,Towers with Radar,0,6,57,0,63,0,0,208,0,208,0,6,265,0,271,162,0,162,433
09/29/2012,VRB,FL,ASO,ES,Towers with Radar,1,0,29,0,30,0,0,112,0,112,1,0,141,0,142,121,0,121,263
09/30/2012,VRB,FL,ASO,ES,Towers with Radar,0,5,13,0,18,0,0,44,2,46,0,5,57,2,64,0,0,0,64
10/01/2012,VRB,FL,ASO,ES,Towers with Radar,0,1,33,0,34,0,0,164,0,164,0,1,197,0,198,198,0,198,396
10/02/2012,VRB,FL,ASO,ES,Towers with Radar,0,3,31,0,34,0,0,114,0,114,0,3,145,0,148,127,0,127,275
10/03/2012,VRB,FL,ASO,ES,Towers with Radar,0,1,48,0,49,0,0,249,0,249,0,1,297,0,298,361,0,361,659
10/04/2012,VRB,FL,ASO,ES,Towers with Radar,0,3,33,0,36,0,0,191,0,191,0,3,224,0,227,300,0,300,527
10/05/2012,VRB,FL,ASO,ES,Towers with Radar,0,2,71,0,73,0,0,124,19,143,0,2,195,19,216,241,0,241,457
10/06/2012,VRB,FL,ASO,ES,Towers with Radar,0,0,27,0,27,0,0,112,0,112,0,0,139,0,139,189,0,189,328
10/07/2012,VRB,FL,ASO,ES,Towers with Radar,0,1,39,0,40,0,0,68,0,68,0,1,107,0,108,74,0,74,182
10/08/2012,VRB,FL,ASO,ES,Towers with Radar,0,7,79,0,86,0,0,138,0,138,0,7,217,0,224,424,0,424,648
10/09/2012,VRB,FL,ASO,ES,Towers with Radar,1,1,77,0,79,0,0,137,0,137,1,1,214,0,216,180,0,180,396
10/10/2012,VRB,FL,ASO,ES,Towers with Radar,0,0,51,0,51,0,0,223,0,223,0,0,274,0,274,222,0,222,496
10/11/2012,VRB,FL,ASO,ES,Towers with Radar,0,1,29,0,30,0,1,178,0,179,0,2,207,0,209,131,0,131,340
10/12/2012,VRB,FL,ASO,ES,Towers with Radar,0,7,59,0,66,0,0,146,0,146,0,7,205,0,212,136,0,136,348
10/13/2012,VRB,FL,ASO,ES,Towers with Radar,0,5,18,0,23,0,0,58,0,58,0,5,76,0,81,80,0,80,161
10/14/2012,VRB,FL,ASO,ES,Towers with Radar,0,5,26,0,31,0,0,37,0,37,0,5,63,0,68,0,0,0,68
10/15/2012,VRB,FL,ASO,ES,Towers with Radar,0,22,88,0,110,0,0,226,0,226,0,22,314,0,336,347,0,347,683
10/16/2012,VRB,FL,ASO,ES,Towers with Radar,0,6,101,0,107,0,0,212,0,212,0,6,313,0,319,235,2,237,556
10/17/2012,VRB,FL,ASO,ES,Towers with Radar,0,3,70,3,76,0,0,229,0,229,0,3,299,3,305,269,1,270,575
10/18/2012,VRB,FL,ASO,ES,Towers with Radar,0,4,43,1,48,0,1,175,0,176,0,5,218,1,224,233,2,235,459
10/19/2012,VRB,FL,ASO,ES,Towers with Radar,0,3,63,4,70,0,5,131,1,137,0,8,194,5,207,305,0,305,512
10/20/2012,VRB,FL,ASO,ES,Towers with Radar,0,7,45,0,52,0,0,159,0,159,0,7,204,0,211,155,0,155,366
10/21/2012,VRB,FL,ASO,ES,Towers with Radar,0,13,28,0,41,0,0,115,0,115,0,13,143,0,156,98,0,98,254
10/22/2012,VRB,FL,ASO,ES,Towers with Radar,0,3,69,0,72,0,0,165,0,165,0,3,234,0,237,188,0,188,425
10/23/2012,VRB,FL,ASO,ES,Towers with Radar,0,1,65,0,66,0,0,136,0,136,0,1,201,0,202,119,0,119,321
10/24/2012,VRB,FL,ASO,ES,Towers with Radar,0,1,50,0,51,0,0,213,1,214,0,1,263,1,265,135,0,135,400
10/25/2012,VRB,FL,ASO,ES,Towers with Radar,0,7,43,0,50,0,0,19,0,19,0,7,62,0,69,25,0,25,94
10/26/2012,VRB,FL,ASO,ES,Towers with Radar,0,1,3,0,4,0,0,0,0,0,0,1,3,0,4,0,0,0,4
10/27/2012,VRB,FL,ASO,ES,Towers with Radar,0,5,10,0,15,0,0,8,2,10,0,5,18,2,25,0,0,0,25
10/28/2012,VRB,FL,ASO,ES,Towers with Radar,0,12,28,0,40,0,0,60,0,60,0,12,88,0,100,2,0,2,102
10/29/2012,VRB,FL,ASO,ES,Towers with Radar,0,7,67,0,74,0,0,207,0,207,0,7,274,0,281,218,0,218,499
10/30/2012,VRB,FL,ASO,ES,Towers with Radar,0,4,86,0,90,0,0,226,0,226,0,4,312,0,316,254,0,254,570
10/31/2012,VRB,FL,ASO,ES,Towers with Radar,0,16,89,0,105,0,0,247,0,247,0,16,336,0,352,354,0,354,706
11/01/2012,VRB,FL,ASO,ES,Towers with Radar,0,13,86,0,99,0,0,220,0,220,0,13,306,0,319,299,0,299,618
11/02/2012,VRB,FL,ASO,ES,Towers with Radar,0,12,77,0,89,0,0,206,0,206,0,12,283,0,295,360,0,360,655
11/03/2012,VRB,FL,ASO,ES,Towers with Radar,0,9,32,0,41,0,0,198,0,198,0,9,230,0,239,234,0,234,473
11/04/2012,VRB,FL,ASO,ES,Towers with Radar,0,5,72,0,77,0,0,132,0,132,0,5,204,0,209,122,0,122,331
11/05/2012,VRB,FL,ASO,ES,Towers with Radar,0,2,71,0,73,0,0,184,0,184,0,2,255,0,257,458,0,458,715
11/06/2012,VRB,FL,ASO,ES,Towers with Radar,0,7,39,0,46,0,0,85,0,85,0,7,124,0,131,41,0,41,172
11/07/2012,VRB,FL,ASO,ES,Towers with Radar,0,9,70,1,80,0,0,185,0,185,0,9,255,1,265,289,0,289,554
11/08/2012,VRB,FL,ASO,ES,Towers with Radar,1,11,98,0,110,0,0,203,0,203,1,11,301,0,313,345,0,345,658
11/09/2012,VRB,FL,ASO,ES,Towers with Radar,0,17,81,0,98,0,0,210,0,210,0,17,291,0,308,163,0,163,471
11/10/2012,VRB,FL,ASO,ES,Towers with Radar,0,6,62,0,68,0,0,230,0,230,0,6,292,0,298,130,0,130,428
11/11/2012,VRB,FL,ASO,ES,Towers with Radar,0,9,39,0,48,0,1,98,0,99,0,10,137,0,147,113,0,113,260
11/12/2012,VRB,FL,ASO,ES,Towers with Radar,0,11,94,0,105,0,0,226,0,226,0,11,320,0,331,337,0,337,668
11/13/2012,VRB,FL,ASO,ES,Towers with Radar,0,8,97,2,107,0,0,198,0,198,0,8,295,2,305,391,0,391,696
11/14/2012,VRB,FL,ASO,ES,Towers with Radar,0,11,86,0,97,0,0,118,0,118,0,11,204,0,215,416,0,416,631
11/15/2012,VRB,FL,ASO,ES,Towers with Radar,0,13,84,0,97,0,0,25,0,25,0,13,109,0,122,59,0,59,181
11/16/2012,VRB,FL,ASO,ES,Towers with Radar,0,13,84,0,97,0,0,107,0,107,0,13,191,0,204,161,0,161,365
11/17/2012,VRB,FL,ASO,ES,Towers with Radar,0,9,57,0,66,0,0,123,0,123,0,9,180,0,189,166,0,166,355
11/18/2012,VRB,FL,ASO,ES,Towers with Radar,0,17,37,0,54,0,0,23,0,23,0,17,60,0,77,29,0,29,106
11/19/2012,VRB,FL,ASO,ES,Towers with Radar,0,17,71,0,88,0,0,2,0,2,0,17,73,0,90,2,0,2,92
11/20/2012,VRB,FL,ASO,ES,Towers with Radar,0,20,87,0,107,0,1,58,0,59,0,21,145,0,166,56,0,56,222
11/21/2012,VRB,FL,ASO,ES,Towers with Radar,0,12,66,0,78,0,0,156,0,156,0,12,222,0,234,177,0,177,411
11/22/2012,VRB,FL,ASO,ES,Towers with Radar,0,3,7,0,10,0,0,21,0,21,0,3,28,0,31,30,0,30,61
11/23/2012,VRB,FL,ASO,ES,Towers with Radar,0,7,31,0,38,0,2,77,0,79,0,9,108,0,117,23,0,23,140
11/24/2012,VRB,FL,ASO,ES,Towers with Radar,0,7,35,0,42,0,0,128,0,128,0,7,163,0,170,344,0,344,514
11/25/2012,VRB,FL,ASO,ES,Towers with Radar,0,33,76,0,109,0,0,130,0,130,0,33,206,0,239,144,0,144,383
11/26/2012,VRB,FL,ASO,ES,Towers with Radar,0,12,51,0,63,0,0,198,0,198,0,12,249,0,261,434,0,434,695
11/27/2012,VRB,FL,ASO,ES,Towers with Radar,0,8,48,0,56,0,0,208,0,208,0,8,256,0,264,445,0,445,709
11/28/2012,VRB,FL,ASO,ES,Towers with Radar,0,8,45,0,53,0,0,189,0,189,0,8,234,0,242,193,0,193,435
11/29/2012,VRB,FL,ASO,ES,Towers with Radar,0,7,49,0,56,0,0,185,0,185,0,7,234,0,241,223,0,223,464
11/30/2012,VRB,FL,ASO,ES,Towers with Radar,0,7,63,0,70,0,0,131,0,131,0,7,194,0,201,339,0,339,540
12/01/2012,VRB,FL,ASO,ES,Towers with Radar,0,10,27,0,37,0,0,112,0,112,0,10,139,0,149,137,0,137,286
12/02/2012,VRB,FL,ASO,ES,Towers with Radar,0,9,28,2,39,0,0,69,0,69,0,9,97,2,108,54,0,54,162
12/03/2012,VRB,FL,ASO,ES,Towers with Radar,0,5,71,0,76,0,0,178,0,178,0,5,249,0,254,336,0,336,590
12/04/2012,VRB,FL,ASO,ES,Towers with Radar,0,8,68,0,76,0,0,213,0,213,0,8,281,0,289,356,0,356,645
12/05/2012,VRB,FL,ASO,ES,Towers with Radar,0,6,70,0,76,0,0,208,0,208,0,6,278,0,284,296,0,296,580
12/06/2012,VRB,FL,ASO,ES,Towers with Radar,0,8,65,0,73,0,1,144,0,145,0,9,209,0,218,292,0,292,510
12/07/2012,VRB,FL,ASO,ES,Towers with Radar,0,13,90,0,103,0,0,145,0,145,0,13,235,0,248,310,0,310,558
12/08/2012,VRB,FL,ASO,ES,Towers with Radar,0,9,47,0,56,0,0,89,0,89,0,9,136,0,145,199,0,199,344
12/09/2012,VRB,FL,ASO,ES,Towers with Radar,0,7,52,0,59,0,0,113,0,113,0,7,165,0,172,110,0,110,282
12/10/2012,VRB,FL,ASO,ES,Towers with Radar,0,12,70,0,82,0,0,52,0,52,0,12,122,0,134,133,0,133,267
12/11/2012,VRB,FL,ASO,ES,Towers with Radar,0,8,47,0,55,0,0,143,0,143,0,8,190,0,198,304,0,304,502
12/12/2012,VRB,FL,ASO,ES,Towers with Radar,0,13,79,0,92,0,0,90,0,90,0,13,169,0,182,278,0,278,460
12/13/2012,VRB,FL,ASO,ES,Towers with Radar,0,8,104,2,114,0,0,25,2,27,0,8,129,4,141,2,0,2,143
12/14/2012,VRB,FL,ASO,ES,Towers with Radar,0,6,102,0,108,0,0,253,0,253,0,6,355,0,361,251,0,251,612
12/15/2012,VRB,FL,ASO,ES,Towers with Radar,0,12,42,1,55,0,0,189,0,189,0,12,231,1,244,357,0,357,601
12/16/2012,VRB,FL,ASO,ES,Towers with Radar,0,3,32,0,35,0,0,108,0,108,0,3,140,0,143,319,0,319,462
12/17/2012,VRB,FL,ASO,ES,Towers with Radar,0,6,40,2,48,0,0,182,0,182,0,6,222,2,230,267,0,267,497
12/18/2012,VRB,FL,ASO,ES,Towers with Radar,0,11,51,0,62,0,0,167,0,167,0,11,218,0,229,234,0,234,463
12/19/2012,VRB,FL,ASO,ES,Towers with Radar,0,7,50,0,57,0,0,274,0,274,0,7,324,0,331,442,0,442,773
12/20/2012,VRB,FL,ASO,ES,Towers with Radar,1,4,43,0,48,0,0,192,0,192,1,4,235,0,240,276,0,276,516
12/21/2012,VRB,FL,ASO,ES,Towers with Radar,0,12,37,0,49,0,0,109,0,109,0,12,146,0,158,61,0,61,219
12/22/2012,VRB,FL,ASO,ES,Towers with Radar,0,11,39,0,50,0,1,109,0,110,0,12,148,0,160,126,0,126,286
12/23/2012,VRB,FL,ASO,ES,Towers with Radar,0,9,18,0,27,0,0,61,0,61,0,9,79,0,88,13,0,13,101
12/24/2012,VRB,FL,ASO,ES,Towers with Radar,0,4,15,0,19,0,0,22,0,22,0,4,37,0,41,40,0,40,81
12/25/2012,VRB,FL,ASO,ES,Towers with Radar,0,7,12,0,19,0,0,9,0,9,0,7,21,0,28,0,0,0,28
12/26/2012,VRB,FL,ASO,ES,Towers with Radar,0,26,38,0,64,0,0,65,0,65,0,26,103,0,129,38,0,38,167
12/27/2012,VRB,FL,ASO,ES,Towers with Radar,0,18,80,1,99,0,0,206,1,207,0,18,286,2,306,324,0,324,630
12/28/2012,VRB,FL,ASO,ES,Towers with Radar,0,29,66,0,95,0,0,210,0,210,0,29,276,0,305,357,0,357,662
12/29/2012,VRB,FL,ASO,ES,Towers with Radar,0,17,45,0,62,0,0,12,0,12,0,17,57,0,74,39,0,39,113
12/30/2012,VRB,FL,ASO,ES,Towers with Radar,0,8,24,0,32,0,0,26,0,26,0,8,50,0,58,27,0,27,85
12/31/2012,VRB,FL,ASO,ES,Towers with Radar,0,17,28,0,45,0,0,71,0,71,0,17,99,0,116,20,0,20,136
01/01/2013,VRB,FL,ASO,ES,Towers with Radar,0,8,37,0,45,0,0,44,0,44,0,8,81,0,89,4,0,4,93
01/02/2013,VRB,FL,ASO,ES,Towers with Radar,0,18,57,0,75,0,0,191,0,191,0,18,248,0,266,306,0,306,572
01/03/2013,VRB,FL,ASO,ES,Towers with Radar,0,10,73,0,83,0,0,110,0,110,0,10,183,0,193,486,0,486,679
01/04/2013,VRB,FL,ASO,ES,Towers with Radar,0,18,89,0,107,0,0,10,0,10,0,18,99,0,117,0,0,0,117
01/05/2013,VRB,FL,ASO,ES,Towers with Radar,0,23,47,0,70,0,0,109,0,109,0,23,156,0,179,180,0,180,359
01/06/2013,VRB,FL,ASO,ES,Towers with Radar,0,12,55,0,67,0,0,120,0,120,0,12,175,0,187,254,0,254,441
01/07/2013,VRB,FL,ASO,ES,Towers with Radar,0,10,64,0,74,0,0,91,0,91,0,10,155,0,165,159,0,159,324
01/08/2013,VRB,FL,ASO,ES,Towers with Radar,0,11,88,0,99,0,0,182,0,182,0,11,270,0,281,573,0,573,854
01/09/2013,VRB,FL,ASO,ES,Towers with Radar,0,9,50,0,59,0,0,207,0,207,0,9,257,0,266,417,0,417,683
01/10/2013,VRB,FL,ASO,ES,Towers with Radar,0,12,63,1,76,0,0,230,0,230,0,12,293,1,306,394,0,394,700
01/11/2013,VRB,FL,ASO,ES,Towers with Radar,0,18,60,1,79,0,0,201,0,201,0,18,261,1,280,380,0,380,660
01/12/2013,VRB,FL,ASO,ES,Towers with Radar,0,6,43,0,49,0,0,154,0,154,0,6,197,0,203,390,0,390,593
01/13/2013,VRB,FL,ASO,ES,Towers with Radar,0,11,36,1,48,0,1,119,1,121,0,12,155,2,169,286,0,286,455
01/14/2013,VRB,FL,ASO,ES,Towers with Radar,0,12,52,0,64,0,0,171,0,171,0,12,223,0,235,618,0,618,853
01/15/2013,VRB,FL,ASO,ES,Towers with Radar,0,4,61,0,65,0,0,196,0,196,0,4,257,0,261,566,0,566,827
01/16/2013,VRB,FL,ASO,ES,Towers with Radar,0,6,52,0,58,0,0,206,0,206,0,6,258,0,264,521,0,521,785
01/17/2013,VRB,FL,ASO,ES,Towers with Radar,0,9,45,0,54,0,23,119,0,142,0,32,164,0,196,207,0,207,403
01/18/2013,VRB,FL,ASO,ES,Towers with Radar,0,12,77,0,89,0,0,105,0,105,0,12,182,0,194,290,0,290,484
01/19/2013,VRB,FL,ASO,ES,Towers with Radar,0,2,76,0,78,0,0,75,0,75,0,2,151,0,153,162,0,162,315
01/20/2013,VRB,FL,ASO,ES,Towers with Radar,0,5,42,0,47,0,0,42,0,42,0,5,84,0,89,64,0,64,153
01/21/2013,VRB,FL,ASO,ES,Towers with Radar,0,12,56,0,68,0,0,183,0,183,0,12,239,0,251,481,0,481,732
01/22/2013,VRB,FL,ASO,ES,Towers with Radar,0,6,61,0,67,0,0,136,0,136,0,6,197,0,203,120,1,121,324
01/23/2013,VRB,FL,ASO,ES,Towers with Radar,0,7,45,0,52,0,0,190,0,190,0,7,235,0,242,371,0,371,613
01/24/2013,VRB,FL,ASO,ES,Towers with Radar,0,10,47,0,57,0,0,278,0,278,0,10,325,0,335,510,0,510,845
01/25/2013,VRB,FL,ASO,ES,Towers with Radar,0,10,63,0,73,0,0,228,0,228,0,10,291,0,301,491,0,491,792
01/26/2013,VRB,FL,ASO,ES,Towers with Radar,0,10,47,0,57,0,0,207,0,207,0,10,254,0,264,383,0,383,647
01/27/2013,VRB,FL,ASO,ES,Towers with Radar,0,7,38,0,45,0,1,108,0,109,0,8,146,0,154,109,0,109,263
01/28/2013,VRB,FL,ASO,ES,Towers with Radar,0,5,52,0,57,0,0,190,0,190,0,5,242,0,247,500,0,500,747
01/29/2013,VRB,FL,ASO,ES,Towers with Radar,0,1,69,0,70,0,0,231,0,231,0,1,300,0,301,368,0,368,669
01/30/2013,VRB,FL,ASO,ES,Towers with Radar,0,9,49,1,59,0,0,183,1,184,0,9,232,2,243,280,0,280,523
01/31/2013,VRB,FL,ASO,ES,Towers with Radar,0,8,62,0,70,0,0,166,0,166,0,8,228,0,236,376,0,376,612
02/01/2013,VRB,FL,ASO,ES,Towers with Radar,0,5,63,0,68,0,0,183,0,183,0,5,246,0,251,347,0,347,598
02/02/2013,VRB,FL,ASO,ES,Towers with Radar,0,1,47,0,48,0,0,165,0,165,0,1,212,0,213,280,0,280,493
02/03/2013,VRB,FL,ASO,ES,Towers with Radar,0,7,31,0,38,0,0,92,0,92,0,7,123,0,130,152,0,152,282
02/04/2013,VRB,FL,ASO,ES,Towers with Radar,0,12,68,0,80,0,0,209,0,209,0,12,277,0,289,521,0,521,810
02/05/2013,VRB,FL,ASO,ES,Towers with Radar,0,11,58,0,69,0,0,262,0,262,0,11,320,0,331,591,0,591,922
02/06/2013,VRB,FL,ASO,ES,Towers with Radar,0,13,77,0,90,0,0,289,0,289,0,13,366,0,379,654,0,654,1033
02/07/2013,VRB,FL,ASO,ES,Towers with Radar,0,13,44,0,57,0,0,211,0,211,0,13,255,0,268,371,0,371,639
02/08/2013,VRB,FL,ASO,ES,Towers with Radar,0,12,69,0,81,0,0,194,0,194,0,12,263,0,275,193,0,193,468
02/09/2013,VRB,FL,ASO,ES,Towers with Radar,0,11,37,0,48,0,0,116,0,116,0,11,153,0,164,146,0,146,310
02/10/2013,VRB,FL,ASO,ES,Towers with Radar,0,23,45,0,68,0,0,91,0,91,0,23,136,0,159,36,0,36,195
02/11/2013,VRB,FL,ASO,ES,Towers with Radar,0,5,55,0,60,0,0,211,0,211,0,5,266,0,271,232,0,232,503
02/12/2013,VRB,FL,ASO,ES,Towers with Radar,0,9,55,0,64,0,0,268,0,268,0,9,323,0,332,309,0,309,641
02/13/2013,VRB,FL,ASO,ES,Towers with Radar,0,21,67,0,88,0,0,84,0,84,0,21,151,0,172,43,0,43,215
02/14/2013,VRB,FL,ASO,ES,Towers with Radar,0,11,83,0,94,0,0,69,0,69,0,11,152,0,163,198,0,198,361
02/15/2013,VRB,FL,ASO,ES,Towers with Radar,0,24,101,0,125,0,0,65,5,70,0,24,166,5,195,65,0,65,260
02/16/2013,VRB,FL,ASO,ES,Towers with Radar,0,9,26,0,35,0,0,13,0,13,0,9,39,0,48,0,0,0,48
02/17/2013,VRB,FL,ASO,ES,Towers with Radar,0,15,21,0,36,0,1,23,0,24,0,16,44,0,60,0,0,0,60
02/18/2013,VRB,FL,ASO,ES,Towers with Radar,0,16,66,0,82,0,0,27,0,27,0,16,93,0,109,10,0,10,119
02/19/2013,VRB,FL,ASO,ES,Towers with Radar,0,11,80,0,91,0,0,266,0,266,0,11,346,0,357,381,0,381,738
02/20/2013,VRB,FL,ASO,ES,Towers with Radar,0,13,84,0,97,0,0,243,0,243,0,13,327,0,340,333,0,333,673
02/21/2013,VRB,FL,ASO,ES,Towers with Radar,0,8,87,0,95,0,0,330,0,330,0,8,417,0,425,738,0,738,1163
02/22/2013,VRB,FL,ASO,ES,Towers with Radar,0,17,85,0,102,0,0,217,1,218,0,17,302,1,320,387,0,387,707
02/23/2013,VRB,FL,ASO,ES,Towers with Radar,0,17,37,0,54,0,0,132,0,132,0,17,169,0,186,170,0,170,356
02/24/2013,VRB,FL,ASO,ES,Towers with Radar,0,14,54,0,68,0,0,109,0,109,0,14,163,0,177,88,0,88,265
02/25/2013,VRB,FL,ASO,ES,Towers with Radar,0,9,79,0,88,0,0,151,0,151,0,9,230,0,239,223,0,223,462
02/26/2013,VRB,FL,ASO,ES,Towers with Radar,0,8,52,1,61,0,0,72,2,74,0,8,124,3,135,123,10,133,268
02/27/2013,VRB,FL,ASO,ES,Towers with Radar,0,5,97,0,102,0,0,212,1,213,0,5,309,1,315,528,0,528,843
02/28/2013,VRB,FL,ASO,ES,Towers with Radar,0,20,66,0,86,0,0,224,0,224,0,20,290,0,310,517,0,517,827
03/01/2013,VRB,FL,ASO,ES,Towers with Radar,0,17,107,0,124,0,0,221,0,221,0,17,328,0,345,502,0,502,847
03/02/2013,VRB,FL,ASO,ES,Towers with Radar,0,15,42,0,57,0,0,145,0,145,0,15,187,0,202,124,0,124,326
03/03/2013,VRB,FL,ASO,ES,Towers with Radar,0,11,48,0,59,0,0,107,0,107,0,11,155,0,166,120,0,120,286
03/04/2013,VRB,FL,ASO,ES,Towers with Radar,0,18,73,0,91,0,0,166,0,166,0,18,239,0,257,395,0,395,652
03/05/2013,VRB,FL,ASO,ES,Towers with Radar,0,5,48,0,53,0,0,220,0,220,0,5,268,0,273,619,0,619,892
03/06/2013,VRB,FL,ASO,ES,Towers with Radar,0,12,86,0,98,0,0,109,0,109,0,12,195,0,207,191,15,206,413
03/07/2013,VRB,FL,ASO,ES,Towers with Radar,0,11,83,0,94,0,1,242,0,243,0,12,325,0,337,456,0,456,793
03/08/2013,VRB,FL,ASO,ES,Towers with Radar,0,18,104,0,122,0,1,215,0,216,0,19,319,0,338,408,0,408,746
03/09/2013,VRB,FL,ASO,ES,Towers with Radar,0,12,53,0,65,0,0,184,0,184,0,12,237,0,249,316,0,316,565
03/10/2013,VRB,FL,ASO,ES,Towers with Radar,0,23,67,0,90,0,0,81,0,81,0,23,148,0,171,179,0,179,350
03/11/2013,VRB,FL,ASO,ES,Towers with Radar,0,9,82,0,91,0,0,180,0,180,0,9,262,0,271,229,0,229,500
03/12/2013,VRB,FL,ASO,ES,Towers with Radar,0,13,106,0,119,0,0,91,0,91,0,13,197,0,210,268,0,268,478
03/13/2013,VRB,FL,ASO,ES,Towers with Radar,0,16,71,0,87,0,2,200,0,202,0,18,271,0,289,323,0,323,612
03/14/2013,VRB,FL,ASO,ES,Towers with Radar,0,8,60,4,72,0,1,115,0,116,0,9,175,4,188,258,0,258,446
03/15/2013,VRB,FL,ASO,ES,Towers with Radar,0,15,95,0,110,0,0,231,0,231,0,15,326,0,341,461,0,461,802
03/16/2013,VRB,FL,ASO,ES,Towers with Radar,0,30,31,0,61,0,0,173,0,173,0,30,204,0,234,378,0,378,612
03/17/2013,VRB,FL,ASO,ES,Towers with Radar,0,29,55,0,84,0,0,117,0,117,0,29,172,0,201,225,0,225,426
03/18/2013,VRB,FL,ASO,ES,Towers with Radar,0,15,57,0,72,0,0,173,0,173,0,15,230,0,245,345,0,345,590
03/19/2013,VRB,FL,ASO,ES,Towers with Radar,0,11,79,0,90,0,0,170,0,170,0,11,249,0,260,663,0,663,923
03/20/2013,VRB,FL,ASO,ES,Towers with Radar,0,27,63,0,90,0,0,160,0,160,0,27,223,0,250,547,0,547,797
03/21/2013,VRB,FL,ASO,ES,Towers with Radar,0,15,73,0,88,0,0,243,0,243,0,15,316,0,331,525,0,525,856
03/22/2013,VRB,FL,ASO,ES,Towers with Radar,0,20,75,0,95,0,0,204,0,204,0,20,279,0,299,497,0,497,796
03/23/2013,VRB,FL,ASO,ES,Towers with Radar,0,24,59,0,83,0,0,74,0,74,0,24,133,0,157,130,0,130,287
03/24/2013,VRB,FL,ASO,ES,Towers with Radar,0,15,32,0,47,0,0,8,0,8,0,15,40,0,55,1,0,1,56
03/25/2013,VRB,FL,ASO,ES,Towers with Radar,0,16,54,0,70,0,0,107,0,107,0,16,161,0,177,201,0,201,378
03/26/2013,VRB,FL,ASO,ES,Towers with Radar,0,11,71,0,82,0,0,171,0,171,0,11,242,0,253,183,0,183,436
03/27/2013,VRB,FL,ASO,ES,Towers with Radar,0,11,90,0,101,0,0,211,0,211,0,11,301,0,312,436,0,436,748
03/28/2013,VRB,FL,ASO,ES,Towers with Radar,0,21,80,2,103,0,0,251,0,251,0,21,331,2,354,429,0,429,783
03/29/2013,VRB,FL,ASO,ES,Towers with Radar,0,27,75,0,102,0,0,263,0,263,0,27,338,0,365,374,28,402,767
03/30/2013,VRB,FL,ASO,ES,Towers with Radar,0,20,58,0,78,0,0,191,0,191,0,20,249,0,269,360,0,360,629
03/31/2013,VRB,FL,ASO,ES,Towers with Radar,0,26,31,0,57,0,0,82,0,82,0,26,113,0,139,8,0,8,147
04/01/2013,VRB,FL,ASO,ES,Towers with Radar,0,32,62,0,94,0,0,77,0,77,0,32,139,0,171,144,0,144,315
04/02/2013,VRB,FL,ASO,ES,Towers with Radar,0,28,65,0,93,0,0,271,0,271,0,28,336,0,364,581,0,581,945
04/03/2013,VRB,FL,ASO,ES,Towers with Radar,2,12,51,0,65,0,0,190,0,190,2,12,241,0,255,544,0,544,799
04/04/2013,VRB,FL,ASO,ES,Towers with Radar,0,16,59,0,75,0,0,43,0,43,0,16,102,0,118,255,0,255,373
04/05/2013,VRB,FL,ASO,ES,Towers with Radar,0,18,53,0,71,0,0,77,0,77,0,18,130,0,148,319,0,319,467
04/06/2013,VRB,FL,ASO,ES,Towers with Radar,0,12,55,0,67,0,0,94,0,94,0,12,149,0,161,195,0,195,356
04/07/2013,VRB,FL,ASO,ES,Towers with Radar,0,17,50,0,67,0,0,132,0,132,0,17,182,0,199,300,0,300,499
04/08/2013,VRB,FL,ASO,ES,Towers with Radar,1,9,68,0,78,0,0,281,0,281,1,9,349,0,359,582,0,582,941
04/09/2013,VRB,FL,ASO,ES,Towers with Radar,0,12,67,0,79,0,0,234,0,234,0,12,301,0,313,529,0,529,842
04/10/2013,VRB,FL,ASO,ES,Towers with Radar,0,8,82,0,90,0,0,179,0,179,0,8,261,0,269,431,0,431,700
04/11/2013,VRB,FL,ASO,ES,Towers with Radar,0,7,83,0,90,0,0,148,0,148,0,7,231,0,238,339,0,339,577
04/12/2013,VRB,FL,ASO,ES,Towers with Radar,0,7,85,0,92,0,0,102,0,102,0,7,187,0,194,159,0,159,353
04/13/2013,VRB,FL,ASO,ES,Towers with Radar,0,5,49,0,54,0,0,137,0,137,0,5,186,0,191,333,0,333,524
04/14/2013,VRB,FL,ASO,ES,Towers with Radar,0,18,46,0,64,0,1,62,0,63,0,19,108,0,127,101,0,101,228
04/15/2013,VRB,FL,ASO,ES,Towers with Radar,0,20,73,0,93,0,0,239,0,239,0,20,312,0,332,356,0,356,688
04/16/2013,VRB,FL,ASO,ES,Towers with Radar,0,16,74,0,90,0,0,210,0,210,0,16,284,0,300,346,0,346,646
04/17/2013,VRB,FL,ASO,ES,Towers with Radar,0,12,86,0,98,0,0,266,1,267,0,12,352,1,365,472,0,472,837
04/18/2013,VRB,FL,ASO,ES,Towers with Radar,0,11,93,0,104,0,0,242,0,242,0,11,335,0,346,538,0,538,884
04/19/2013,VRB,FL,ASO,ES,Towers with Radar,0,5,57,0,62,0,0,140,0,140,0,5,197,0,202,181,0,181,383
04/20/2013,VRB,FL,ASO,ES,Towers with Radar,0,7,55,0,62,0,0,34,0,34,0,7,89,0,96,162,0,162,258
04/21/2013,VRB,FL,ASO,ES,Towers with Radar,0,17,23,0,40,0,0,55,0,55,0,17,78,0,95,123,0,123,218
04/22/2013,VRB,FL,ASO,ES,Towers with Radar,0,15,50,0,65,0,0,75,0,75,0,15,125,0,140,322,0,322,462
04/23/2013,VRB,FL,ASO,ES,Towers with Radar,0,8,54,0,62,0,0,193,0,193,0,8,247,0,255,231,0,231,486
04/24/2013,VRB,FL,ASO,ES,Towers with Radar,0,10,58,0,68,0,0,313,0,313,0,10,371,0,381,561,0,561,942
04/25/2013,VRB,FL,ASO,ES,Towers with Radar,0,19,47,0,66,0,0,286,0,286,0,19,333,0,352,463,0,463,815
04/26/2013,VRB,FL,ASO,ES,Towers with Radar,0,10,58,0,68,0,0,277,0,277,0,10,335,0,345,363,0,363,708
04/27/2013,VRB,FL,ASO,ES,Towers with Radar,0,6,35,0,41,0,0,179,0,179,0,6,214,0,220,254,0,254,474
04/28/2013,VRB,FL,ASO,ES,Towers with Radar,0,20,34,0,54,0,0,121,0,121,0,20,155,0,175,194,0,194,369
04/29/2013,VRB,FL,ASO,ES,Towers with Radar,0,22,43,0,65,0,0,188,0,188,0,22,231,0,253,322,0,322,575
04/30/2013,VRB,FL,ASO,ES,Towers with Radar,0,25,53,0,78,0,0,91,0,91,0,25,144,0,169,227,0,227,396
05/01/2013,VRB,FL,ASO,ES,Towers with Radar,0,10,66,0,76,0,0,141,0,141,0,10,207,0,217,343,0,343,560
05/02/2013,VRB,FL,ASO,ES,Towers with Radar,0,14,11,0,25,0,0,15,0,15,0,14,26,0,40,26,0,26,66
05/03/2013,VRB,FL,ASO,ES,Towers with Radar,0,17,52,0,69,0,0,146,0,146,0,17,198,0,215,374,0,374,589
05/04/2013,VRB,FL,ASO,ES,Towers with Radar,0,5,51,0,56,0,0,77,0,77,0,5,128,0,133,159,0,159,292
05/05/2013,VRB,FL,ASO,ES,Towers with Radar,0,18,34,0,52,0,0,144,0,144,0,18,178,0,196,252,0,252,448
05/06/2013,VRB,FL,ASO,ES,Towers with Radar,0,7,55,0,62,0,0,266,0,266,0,7,321,0,328,392,0,392,720
05/07/2013,VRB,FL,ASO,ES,Towers with Radar,0,6,64,0,70,0,0,281,0,281,0,6,345,0,351,366,0,366,717
05/08/2013,VRB,FL,ASO,ES,Towers with Radar,0,9,44,0,53,0,0,312,0,312,0,9,356,0,365,599,0,599,964
05/09/2013,VRB,FL,ASO,ES,Towers with Radar,0,10,58,0,68,0,0,273,0,273,0,10,331,0,341,337,0,337,678
05/10/2013,VRB,FL,ASO,ES,Towers with Radar,0,4,31,0,35,0,0,231,0,231,0,4,262,0,266,386,0,386,652
05/11/2013,VRB,FL,ASO,ES,Towers with Radar,0,6,42,0,48,0,0,161,0,161,0,6,203,0,209,258,0,258,467
05/12/2013,VRB,FL,ASO,ES,Towers with Radar,0,6,31,0,37,0,0,56,0,56,0,6,87,0,93,62,0,62,155
05/13/2013,VRB,FL,ASO,ES,Towers with Radar,0,13,61,0,74,0,0,272,0,272,0,13,333,0,346,335,0,335,681
05/14/2013,VRB,FL,ASO,ES,Towers with Radar,0,8,52,0,60,0,0,220,0,220,0,8,272,0,280,350,0,350,630
05/15/2013,VRB,FL,ASO,ES,Towers with Radar,0,10,47,0,57,0,0,157,0,157,0,10,204,0,214,208,0,208,422
05/16/2013,VRB,FL,ASO,ES,Towers with Radar,0,10,63,0,73,0,0,256,0,256,0,10,319,0,329,433,0,433,762
05/17/2013,VRB,FL,ASO,ES,Towers with Radar,0,14,67,0,81,0,0,231,0,231,0,14,298,0,312,414,0,414,726
05/18/2013,VRB,FL,ASO,ES,Towers with Radar,0,6,25,0,31,0,0,125,0,125,0,6,150,0,156,208,0,208,364
05/19/2013,VRB,FL,ASO,ES,Towers with Radar,0,7,25,0,32,0,0,78,0,78,0,7,103,0,110,142,0,142,252
05/20/2013,VRB,FL,ASO,ES,Towers with Radar,0,13,60,0,73,0,0,150,0,150,0,13,210,0,223,423,0,423,646
05/21/2013,VRB,FL,ASO,ES,Towers with Radar,0,10,55,0,65,0,0,140,0,140,0,10,195,0,205,317,0,317,522
05/22/2013,VRB,FL,ASO,ES,Towers with Radar,0,7,60,0,67,0,0,153,0,153,0,7,213,0,220,514,0,514,734
05/23/2013,VRB,FL,ASO,ES,Towers with Radar,0,7,59,0,66,0,0,201,0,201,0,7,260,0,267,473,0,473,740
05/24/2013,VRB,FL,ASO,ES,Towers with Radar,0,22,64,0,86,0,0,326,0,326,0,22,390,0,412,307,0,307,719
05/25/2013,VRB,FL,ASO,ES,Towers with Radar,0,6,43,0,49,0,0,169,0,169,0,6,212,0,218,122,0,122,340
05/26/2013,VRB,FL,ASO,ES,Towers with Radar,0,6,27,0,33,0,2,102,0,104,0,8,129,0,137,155,0,155,292
05/27/2013,VRB,FL,ASO,ES,Towers with Radar,0,10,28,0,38,0,0,58,0,58,0,10,86,0,96,75,0,75,171
05/28/2013,VRB,FL,ASO,ES,Towers with Radar,0,3,65,0,68,0,0,91,0,91,0,3,156,0,159,144,0,144,303
05/29/2013,VRB,FL,ASO,ES,Towers with Radar,0,4,49,0,53,0,0,79,0,79,0,4,128,0,132,293,0,293,425
05/30/2013,VRB,FL,ASO,ES,Towers with Radar,0,6,62,0,68,0,0,136,0,136,0,6,198,0,204,186,0,186,390
05/31/2013,VRB,FL,ASO,ES,Towers with Radar,0,6,54,0,60,0,0,133,1,134,0,6,187,1,194,245,0,245,439
06/01/2013,VRB,FL,ASO,ES,Towers with Radar,0,3,38,1,42,0,0,121,3,124,0,3,159,4,166,195,0,195,361
06/02/2013,VRB,FL,ASO,ES,Towers with Radar,0,2,25,0,27,0,0,76,1,77,0,2,101,1,104,99,0,99,203
06/03/2013,VRB,FL,ASO,ES,Towers with Radar,0,5,54,0,59,0,0,192,0,192,0,5,246,0,251,183,0,183,434
06/04/2013,VRB,FL,ASO,ES,Towers with Radar,0,6,52,0,58,0,1,177,0,178,0,7,229,0,236,280,0,280,516
06/05/2013,VRB,FL,ASO,ES,Towers with Radar,0,5,51,0,56,0,0,206,0,206,0,5,257,0,262,484,0,484,746
06/06/2013,VRB,FL,ASO,ES,Towers with Radar,0,6,7,0,13,0,0,5,0,5,0,6,12,0,18,31,0,31,49
06/07/2013,VRB,FL,ASO,ES,Towers with Radar,0,6,41,0,47,0,0,85,0,85,0,6,126,0,132,150,0,150,282
06/08/2013,VRB,FL,ASO,ES,Towers with Radar,0,4,29,0,33,0,0,123,0,123,0,4,152,0,156,147,0,147,303
06/09/2013,VRB,FL,ASO,ES,Towers with Radar,0,6,33,0,39,0,0,155,0,155,0,6,188,0,194,234,0,234,428
06/10/2013,VRB,FL,ASO,ES,Towers with Radar,0,1,46,0,47,0,0,247,0,247,0,1,293,0,294,412,0,412,706
06/11/2013,VRB,FL,ASO,ES,Towers with Radar,0,5,27,0,32,0,0,173,0,173,0,5,200,0,205,495,0,495,700
06/12/2013,VRB,FL,ASO,ES,Towers with Radar,0,2,68,0,70,0,0,220,0,220,0,2,288,0,290,535,0,535,825
06/13/2013,VRB,FL,ASO,ES,Towers with Radar,0,8,41,0,49,0,0,273,0,273,0,8,314,0,322,457,0,457,779
06/14/2013,VRB,FL,ASO,ES,Towers with Radar,0,6,50,0,56,0,0,223,0,223,0,6,273,0,279,548,0,548,827
06/15/2013,VRB,FL,ASO,ES,Towers with Radar,0,4,41,0,45,0,0,167,0,167,0,4,208,0,212,224,0,224,436
06/16/2013,VRB,FL,ASO,ES,Towers with Radar,0,2,22,0,24,0,0,136,0,136,0,2,158,0,160,135,0,135,295
06/17/2013,VRB,FL,ASO,ES,Towers with Radar,0,8,28,0,36,0,1,255,0,256,0,9,283,0,292,401,0,401,693
06/18/2013,VRB,FL,ASO,ES,Towers with Radar,0,0,45,0,45,0,0,263,0,263,0,0,308,0,308,585,0,585,893
06/19/2013,VRB,FL,ASO,ES,Towers with Radar,0,2,33,0,35,0,0,219,0,219,0,2,252,0,254,558,0,558,812
06/20/2013,VRB,FL,ASO,ES,Towers with Radar,0,1,35,1,37,0,0,204,0,204,0,1,239,1,241,402,0,402,643
06/21/2013,VRB,FL,ASO,ES,Towers with Radar,0,2,61,0,63,0,0,126,0,126,0,2,187,0,189,406,0,406,595
06/22/2013,VRB,FL,ASO,ES,Towers with Radar,0,1,26,0,27,0,0,187,0,187,0,1,213,0,214,390,0,390,604
06/23/2013,VRB,FL,ASO,ES,Towers with Radar,0,1,23,0,24,0,0,39,0,39,0,1,62,0,63,33,0,33,96
06/24/2013,VRB,FL,ASO,ES,Towers with Radar,0,0,70,0,70,0,0,208,0,208,0,0,278,0,278,362,0,362,640
06/25/2013,VRB,FL,ASO,ES,Towers with Radar,0,0,64,0,64,0,0,213,0,213,0,0,277,0,277,550,0,550,827
06/26/2013,VRB,FL,ASO,ES,Towers with Radar,0,5,51,0,56,0,0,194,0,194,0,5,245,0,250,356,0,356,606
06/27/2013,VRB,FL,ASO,ES,Towers with Radar,0,4,63,0,67,0,0,234,0,234,0,4,297,0,301,566,0,566,867
06/28/2013,VRB,FL,ASO,ES,Towers with Radar,0,4,48,0,52,0,0,217,0,217,0,4,265,0,269,224,0,224,493
06/29/2013,VRB,FL,ASO,ES,Towers with Radar,0,7,39,0,46,0,0,144,0,144,0,7,183,0,190,181,0,181,371
06/30/2013,VRB,FL,ASO,ES,Towers with Radar,0,6,15,0,21,0,0,54,0,54,0,6,69,0,75,23,0,23,98
07/01/2013,VRB,FL,ASO,ES,Towers with Radar,0,8,34,0,42,0,0,74,0,74,0,8,108,0,116,170,0,170,286
07/02/2013,VRB,FL,ASO,ES,Towers with Radar,0,3,72,0,75,0,0,104,0,104,0,3,176,0,179,335,0,335,514
07/03/2013,VRB,FL,ASO,ES,Towers with Radar,0,4,49,0,53,0,0,149,1,150,0,4,198,1,203,269,0,269,472
07/04/2013,VRB,FL,ASO,ES,Towers with Radar,0,2,18,0,20,0,0,40,0,40,0,2,58,0,60,4,0,4,64
07/05/2013,VRB,FL,ASO,ES,Towers with Radar,0,2,50,0,52,0,0,160,0,160,0,2,210,0,212,214,0,214,426
07/06/2013,VRB,FL,ASO,ES,Towers with Radar,0,8,38,0,46,0,0,173,2,175,0,8,211,2,221,339,0,339,560
07/07/2013,VRB,FL,ASO,ES,Towers with Radar,0,7,28,0,35,0,0,144,0,144,0,7,172,0,179,211,0,211,390
07/08/2013,VRB,FL,ASO,ES,Towers with Radar,0,2,47,0,49,0,0,214,0,214,0,2,261,0,263,575,0,575,838
07/09/2013,VRB,FL,ASO,ES,Towers with Radar,0,1,44,0,45,0,0,207,0,207,0,1,251,0,252,444,0,444,696
07/10/2013,VRB,FL,ASO,ES,Towers with Radar,0,6,49,3,58,0,0,257,0,257,0,6,306,3,315,504,0,504,819
07/11/2013,VRB,FL,ASO,ES,Towers with Radar,0,4,46,0,50,0,0,213,0,213,0,4,259,0,263,347,0,347,610
07/12/2013,VRB,FL,ASO,ES,Towers with Radar,0,4,44,0,48,0,0,229,0,229,0,4,273,0,277,385,0,385,662
07/13/2013,VRB,FL,ASO,ES,Towers with Radar,0,4,12,0,16,0,0,85,0,85,0,4,97,0,101,285,0,285,386
07/14/2013,VRB,FL,ASO,ES,Towers with Radar,0,1,6,0,7,0,0,54,0,54,0,1,60,0,61,76,0,76,137
07/15/2013,VRB,FL,ASO,ES,Towers with Radar,0,4,68,2,74,0,0,174,0,174,0,4,242,2,248,520,0,520,768
07/16/2013,VRB,FL,ASO,ES,Towers with Radar,0,1,42,0,43,0,0,168,0,168,0,1,210,0,211,316,0,316,527
07/17/2013,VRB,FL,ASO,ES,Towers with Radar,0,1,64,0,65,0,0,172,0,172,0,1,236,0,237,425,0,425,662
07/18/2013,VRB,FL,ASO,ES,Towers with Radar,0,6,48,0,54,0,0,194,0,194,0,6,242,0,248,506,0,506,754
07/19/2013,VRB,FL,ASO,ES,Towers with Radar,0,0,45,0,45,0,0,216,0,216,0,0,261,0,261,433,0,433,694
07/20/2013,VRB,FL,ASO,ES,Towers with Radar,0,1,27,0,28,0,0,65,0,65,0,1,92,0,93,190,0,190,283
07/21/2013,VRB,FL,ASO,ES,Towers with Radar,0,2,17,0,19,0,0,62,0,62,0,2,79,0,81,162,0,162,243
07/22/2013,VRB,FL,ASO,ES,Towers with Radar,0,4,52,0,56,0,0,295,0,295,0,4,347,0,351,316,0,316,667
07/23/2013,VRB,FL,ASO,ES,Towers with Radar,0,2,58,0,60,0,0,281,0,281,0,2,339,0,341,342,0,342,683
07/24/2013,VRB,FL,ASO,ES,Towers with Radar,0,0,32,0,32,0,0,212,0,212,0,0,244,0,244,348,0,348,592
07/25/2013,VRB,FL,ASO,ES,Towers with Radar,0,4,32,2,38,0,0,223,1,224,0,4,255,3,262,299,0,299,561
07/26/2013,VRB,FL,ASO,ES,Towers with Radar,0,0,47,0,47,0,0,158,0,158,0,0,205,0,205,206,0,206,411
07/27/2013,VRB,FL,ASO,ES,Towers with Radar,0,4,23,0,27,0,0,212,0,212,0,4,235,0,239,318,0,318,557
07/28/2013,VRB,FL,ASO,ES,Towers with Radar,0,5,22,0,27,0,0,116,0,116,0,5,138,0,143,168,0,168,311
07/29/2013,VRB,FL,ASO,ES,Towers with Radar,0,3,50,0,53,0,0,245,0,245,0,3,295,0,298,241,0,241,539
07/30/2013,VRB,FL,ASO,ES,Towers with Radar,0,2,35,0,37,0,0,237,0,237,0,2,272,0,274,544,0,544,818
07/31/2013,VRB,FL,ASO,ES,Towers with Radar,0,3,46,0,49,0,0,260,0,260,0,3,306,0,309,341,0,341,650
08/01/2013,VRB,FL,ASO,ES,Towers with Radar,0,4,44,0,48,0,0,297,0,297,0,4,341,0,345,429,0,429,774
08/02/2013,VRB,FL,ASO,ES,Towers with Radar,0,0,40,0,40,0,0,243,0,243,0,0,283,0,283,287,0,287,570
08/03/2013,VRB,FL,ASO,ES,Towers with Radar,0,5,27,0,32,0,0,62,0,62,0,5,89,0,94,144,0,144,238
08/04/2013,VRB,FL,ASO,ES,Towers with Radar,0,0,18,0,18,0,0,113,0,113,0,0,131,0,131,121,0,121,252
08/05/2013,VRB,FL,ASO,ES,Towers with Radar,0,4,29,0,33,0,0,238,0,238,0,4,267,0,271,283,0,283,554
08/06/2013,VRB,FL,ASO,ES,Towers with Radar,0,1,38,0,39,0,0,298,0,298,0,1,336,0,337,642,0,642,979
08/07/2013,VRB,FL,ASO,ES,Towers with Radar,0,2,54,0,56,0,0,317,0,317,0,2,371,0,373,405,0,405,778
08/08/2013,VRB,FL,ASO,ES,Towers with Radar,0,4,50,0,54,0,0,311,0,311,0,4,361,0,365,472,0,472,837
08/09/2013,VRB,FL,ASO,ES,Towers with Radar,0,1,52,0,53,0,0,270,0,270,0,1,322,0,323,437,0,437,760
08/10/2013,VRB,FL,ASO,ES,Towers with Radar,0,2,29,0,31,0,0,132,0,132,0,2,161,0,163,277,0,277,440
08/11/2013,VRB,FL,ASO,ES,Towers with Radar,0,7,29,0,36,0,0,121,0,121,0,7,150,0,157,177,0,177,334
08/12/2013,VRB,FL,ASO,ES,Towers with Radar,0,6,47,0,53,0,0,286,0,286,0,6,333,0,339,377,0,377,716
08/13/2013,VRB,FL,ASO,ES,Towers with Radar,0,0,53,0,53,0,0,268,0,268,0,0,321,0,321,473,0,473,794
08/14/2013,VRB,FL,ASO,ES,Towers with Radar,0,1,88,0,89,0,0,225,0,225,0,1,313,0,314,387,0,387,701
08/15/2013,VRB,FL,ASO,ES,Towers with Radar,0,4,45,0,49,0,0,198,0,198,0,4,243,0,247,440,0,440,687
08/16/2013,VRB,FL,ASO,ES,Towers with Radar,0,2,46,0,48,0,0,211,0,211,0,2,257,0,259,434,0,434,693
08/17/2013,VRB,FL,ASO,ES,Towers with Radar,0,4,28,0,32,0,0,123,0,123,0,4,151,0,155,225,0,225,380
08/18/2013,VRB,FL,ASO,ES,Towers with Radar,0,4,31,0,35,0,0,58,0,58,0,4,89,0,93,70,0,70,163
08/19/2013,VRB,FL,ASO,ES,Towers with Radar,0,9,55,0,64,0,0,220,0,220,0,9,275,0,284,483,0,483,767
08/20/2013,VRB,FL,ASO,ES,Towers with Radar,0,3,53,0,56,0,0,241,0,241,0,3,294,0,297,353,0,353,650
08/21/2013,VRB,FL,ASO,ES,Towers with Radar,0,3,54,0,57,0,0,177,0,177,0,3,231,0,234,421,0,421,655
08/22/2013,VRB,FL,ASO,ES,Towers with Radar,0,4,72,0,76,0,0,188,0,188,0,4,260,0,264,557,0,557,821
08/23/2013,VRB,FL,ASO,ES,Towers with Radar,0,6,68,0,74,0,0,184,1,185,0,6,252,1,259,322,0,322,581
08/24/2013,VRB,FL,ASO,ES,Towers with Radar,0,2,35,0,37,0,0,102,0,102,0,2,137,0,139,202,0,202,341
08/25/2013,VRB,FL,ASO,ES,Towers with Radar,0,1,23,0,24,0,0,71,0,71,0,1,94,0,95,130,0,130,225
08/26/2013,VRB,FL,ASO,ES,Towers with Radar,0,4,76,0,80,0,0,195,0,195,0,4,271,0,275,301,0,301,576
08/27/2013,VRB,FL,ASO,ES,Towers with Radar,0,0,93,0,93,0,0,204,0,204,0,0,297,0,297,348,0,348,645
08/28/2013,VRB,FL,ASO,ES,Towers with Radar,0,3,58,2,63,0,0,209,0,209,0,3,267,2,272,379,0,379,651
08/29/2013,VRB,FL,ASO,ES,Towers with Radar,0,6,37,0,43,0,0,280,0,280,0,6,317,0,323,385,0,385,708
08/30/2013,VRB,FL,ASO,ES,Towers with Radar,0,6,58,0,64,0,0,247,0,247,0,6,305,0,311,429,0,429,740
08/31/2013,VRB,FL,ASO,ES,Towers with Radar,0,3,25,0,28,0,0,173,0,173,0,3,198,0,201,248,0,248,449
09/01/2013,VRB,FL,ASO,ES,Towers with Radar,0,0,16,0,16,0,0,92,0,92,0,0,108,0,108,76,0,76,184
09/02/2013,VRB,FL,ASO,ES,Towers with Radar,0,4,32,0,36,0,0,66,0,66,0,4,98,0,102,75,0,75,177
09/03/2013,VRB,FL,ASO,ES,Towers with Radar,0,1,79,0,80,0,0,211,0,211,0,1,290,0,291,444,0,444,735
09/04/2013,VRB,FL,ASO,ES,Towers with Radar,0,2,93,2,97,0,0,273,0,273,0,2,366,2,370,476,0,476,846
09/05/2013,VRB,FL,ASO,ES,Towers with Radar,0,2,73,0,75,0,0,259,0,259,0,2,332,0,334,443,0,443,777
09/06/2013,VRB,FL,ASO,ES,Towers with Radar,0,2,57,0,59,0,0,240,0,240,0,2,297,0,299,449,0,449,748
09/07/2013,VRB,FL,ASO,ES,Towers with Radar,0,0,34,0,34,0,0,114,0,114,0,0,148,0,148,147,0,147,295
09/08/2013,VRB,FL,ASO,ES,Towers with Radar,0,7,39,0,46,0,0,146,0,146,0,7,185,0,192,196,0,196,388
09/09/2013,VRB,FL,ASO,ES,Towers with Radar,0,3,65,2,70,0,0,245,0,245,0,3,310,2,315,287,0,287,602
09/10/2013,VRB,FL,ASO,ES,Towers with Radar,0,4,67,0,71,0,0,167,0,167,0,4,234,0,238,166,0,166,404
09/11/2013,VRB,FL,ASO,ES,Towers with Radar,0,3,52,0,55,0,0,200,0,200,0,3,252,0,255,465,0,465,720
09/12/2013,VRB,FL,ASO,ES,Towers with Radar,0,3,70,0,73,0,0,202,0,202,0,3,272,0,275,466,0,466,741
09/13/2013,VRB,FL,ASO,ES,Towers with Radar,0,3,51,0,54,0,0,276,0,276,0,3,327,0,330,475,0,475,805
09/14/2013,VRB,FL,ASO,ES,Towers with Radar,0,4,24,0,28,0,0,155,0,155,0,4,179,0,183,214,0,214,397
09/15/2013,VRB,FL,ASO,ES,Towers with Radar,0,2,17,0,19,0,0,54,0,54,0,2,71,0,73,82,0,82,155
09/16/2013,VRB,FL,ASO,ES,Towers with Radar,0,0,55,0,55,0,0,70,0,70,0,0,125,0,125,216,0,216,341
09/17/2013,VRB,FL,ASO,ES,Towers with Radar,0,4,58,0,62,0,0,102,0,102,0,4,160,0,164,147,0,147,311
09/18/2013,VRB,FL,ASO,ES,Towers with Radar,0,2,52,0,54,0,0,210,0,210,0,2,262,0,264,430,0,430,694
09/19/2013,VRB,FL,ASO,ES,Towers with Radar,0,2,70,0,72,0,0,145,0,145,0,2,215,0,217,246,0,246,463
09/20/2013,VRB,FL,ASO,ES,Towers with Radar,0,2,46,0,48,0,0,298,0,298,0,2,344,0,346,321,0,321,667
09/21/2013,VRB,FL,ASO,ES,Towers with Radar,0,1,19,0,20,0,0,261,0,261,0,1,280,0,281,382,0,382,663
09/22/2013,VRB,FL,ASO,ES,Towers with Radar,0,2,24,0,26,0,0,86,0,86,0,2,110,0,112,86,0,86,198
09/23/2013,VRB,FL,ASO,ES,Towers with Radar,0,1,38,0,39,0,0,128,0,128,0,1,166,0,167,348,0,348,515
09/24/2013,VRB,FL,ASO,ES,Towers with Radar,0,4,56,0,60,0,0,91,0,91,0,4,147,0,151,184,0,184,335
09/25/2013,VRB,FL,ASO,ES,Towers with Radar,0,2,68,0,70,0,0,182,0,182,0,2,250,0,252,374,0,374,626
09/26/2013,VRB,FL,ASO,ES,Towers with Radar,0,1,96,0,97,0,0,164,0,164,0,1,260,0,261,362,0,362,623
09/27/2013,VRB,FL,ASO,ES,Towers with Radar,0,3,57,0,60,0,0,124,0,124,0,3,181,0,184,227,0,227,411
09/28/2013,VRB,FL,ASO,ES,Towers with Radar,0,3,40,0,43,0,0,138,0,138,0,3,178,0,181,306,0,306,487
09/29/2013,VRB,FL,ASO,ES,Towers with Radar,0,3,33,0,36,0,0,174,0,174,0,3,207,0,210,222,0,222,432
09/30/2013,VRB,FL,ASO,ES,Towers with Radar,0,4,45,0,49,0,0,281,0,281,0,4,326,0,330,625,0,625,955
10/01/2013,VRB,FL,ASO,ES,Towers with Radar,0,2,72,0,74,0,0,263,0,263,0,2,335,0,337,433,0,433,770
10/02/2013,VRB,FL,ASO,ES,Towers with Radar,0,5,58,0,63,0,0,282,0,282,0,5,340,0,345,626,0,626,971
10/03/2013,VRB,FL,ASO,ES,Towers with Radar,0,3,47,0,50,0,0,286,0,286,0,3,333,0,336,502,0,502,838
10/04/2013,VRB,FL,ASO,ES,Towers with Radar,0,3,15,0,18,0,0,125,0,125,0,3,140,0,143,190,0,190,333
10/05/2013,VRB,FL,ASO,ES,Towers with Radar,0,0,19,0,19,0,0,56,0,56,0,0,75,0,75,30,0,30,105
10/06/2013,VRB,FL,ASO,ES,Towers with Radar,0,3,15,0,18,0,0,48,0,48,0,3,63,0,66,30,0,30,96
10/07/2013,VRB,FL,ASO,ES,Towers with Radar,0,3,34,0,37,0,0,139,0,139,0,3,173,0,176,264,0,264,440
10/08/2013,VRB,FL,ASO,ES,Towers with Radar,0,0,40,0,40,0,0,347,0,347,0,0,387,0,387,449,0,449,836
10/09/2013,VRB,FL,ASO,ES,Towers with Radar,0,5,42,0,47,0,0,124,0,124,0,5,166,0,171,185,0,185,356
10/10/2013,VRB,FL,ASO,ES,Towers with Radar,0,4,33,0,37,0,0,336,0,336,0,4,369,0,373,261,0,261,634
10/11/2013,VRB,FL,ASO,ES,Towers with Radar,0,2,36,0,38,0,0,330,0,330,0,2,366,0,368,476,0,476,844
10/12/2013,VRB,FL,ASO,ES,Towers with Radar,0,1,33,0,34,0,0,212,0,212,0,1,245,0,246,337,0,337,583
10/13/2013,VRB,FL,ASO,ES,Towers with Radar,0,3,15,0,18,0,0,88,0,88,0,3,103,0,106,53,0,53,159
10/14/2013,VRB,FL,ASO,ES,Towers with Radar,0,0,72,0,72,0,0,233,0,233,0,0,305,0,305,440,0,440,745
10/15/2013,VRB,FL,ASO,ES,Towers with Radar,0,10,41,0,51,0,0,161,0,161,0,10,202,0,212,417,0,417,629
10/16/2013,VRB,FL,ASO,ES,Towers with Radar,0,10,53,0,63,0,0,271,0,271,0,10,324,0,334,448,0,448,782
10/17/2013,VRB,FL,ASO,ES,Towers with Radar,0,5,44,0,49,0,0,307,0,307,0,5,351,0,356,575,0,575,931
10/18/2013,VRB,FL,ASO,ES,Towers with Radar,0,9,46,0,55,0,0,290,0,290,0,9,336,0,345,578,0,578,923
10/19/2013,VRB,FL,ASO,ES,Towers with Radar,0,7,39,0,46,0,0,166,0,166,0,7,205,0,212,223,0,223,435
10/20/2013,VRB,FL,ASO,ES,Towers with Radar,0,7,24,0,31,0,0,68,0,68,0,7,92,0,99,143,0,143,242
10/21/2013,VRB,FL,ASO,ES,Towers with Radar,0,4,70,0,74,0,0,231,0,231,0,4,301,0,305,371,0,371,676
10/22/2013,VRB,FL,ASO,ES,Towers with Radar,0,8,53,0,61,0,0,252,0,252,0,8,305,0,313,303,0,303,616
10/23/2013,VRB,FL,ASO,ES,Towers with Radar,0,10,62,0,72,0,0,225,0,225,0,10,287,0,297,404,0,404,701
10/24/2013,VRB,FL,ASO,ES,Towers with Radar,0,16,51,0,67,0,0,241,0,241,0,16,292,0,308,344,0,344,652
10/25/2013,VRB,FL,ASO,ES,Towers with Radar,0,10,79,0,89,0,0,230,0,230,0,10,309,0,319,374,0,374,693
10/26/2013,VRB,FL,ASO,ES,Towers with Radar,0,8,37,0,45,0,0,191,0,191,0,8,228,0,236,217,0,217,453
10/27/2013,VRB,FL,ASO,ES,Towers with Radar,0,7,42,0,49,0,0,140,0,140,0,7,182,0,189,176,0,176,365
10/28/2013,VRB,FL,ASO,ES,Towers with Radar,0,19,58,0,77,0,0,274,0,274,0,19,332,0,351,315,0,315,666
10/29/2013,VRB,FL,ASO,ES,Towers with Radar,0,7,61,0,68,0,0,293,0,293,0,7,354,0,361,221,0,221,582
10/30/2013,VRB,FL,ASO,ES,Towers with Radar,0,14,79,0,93,0,0,282,0,282,0,14,361,0,375,419,0,419,794
10/31/2013,VRB,FL,ASO,ES,Towers with Radar,0,11,90,0,101,0,0,248,0,248,0,11,338,0,349,445,0,445,794
11/01/2013,VRB,FL,ASO,ES,Towers with Radar,0,19,76,0,95,0,0,241,0,241,0,19,317,0,336,317,0,317,653
11/02/2013,VRB,FL,ASO,ES,Towers with Radar,0,10,37,0,47,0,0,67,0,67,0,10,104,0,114,125,0,125,239
11/03/2013,VRB,FL,ASO,ES,Towers with Radar,0,17,19,0,36,0,0,73,0,73,0,17,92,0,109,66,0,66,175
11/04/2013,VRB,FL,ASO,ES,Towers with Radar,0,13,60,0,73,0,0,91,0,91,0,13,151,0,164,173,0,173,337
11/05/2013,VRB,FL,ASO,ES,Towers with Radar,0,6,50,0,56,0,0,137,0,137,0,6,187,0,193,94,0,94,287
11/06/2013,VRB,FL,ASO,ES,Towers with Radar,0,5,76,0,81,0,0,275,0,275,0,5,351,0,356,562,0,562,918
11/07/2013,VRB,FL,ASO,ES,Towers with Radar,0,17,84,2,103,0,0,306,0,306,0,17,390,2,409,305,0,305,714
11/08/2013,VRB,FL,ASO,ES,Towers with Radar,0,10,61,1,72,0,0,110,1,111,0,10,171,2,183,112,0,112,295
11/09/2013,VRB,FL,ASO,ES,Towers with Radar,0,10,50,0,60,0,1,143,0,144,0,11,193,0,204,158,0,158,362
11/10/2013,VRB,FL,ASO,ES,Towers with Radar,0,10,35,0,45,0,0,183,0,183,0,10,218,0,228,224,0,224,452
11/11/2013,VRB,FL,ASO,ES,Towers with Radar,0,4,92,0,96,0,0,233,0,233,0,4,325,0,329,364,0,364,693
11/12/2013,VRB,FL,ASO,ES,Towers with Radar,0,11,83,0,94,0,0,253,0,253,0,11,336,0,347,413,0,413,760
11/13/2013,VRB,FL,ASO,ES,Towers with Radar,0,10,18,0,28,0,0,28,0,28,0,10,46,0,56,15,0,15,71
11/14/2013,VRB,FL,ASO,ES,Towers with Radar,0,16,89,0,105,0,0,178,0,178,0,16,267,0,283,191,0,191,474
11/15/2013,VRB,FL,ASO,ES,Towers with Radar,0,14,105,4,123,0,0,220,0,220,0,14,325,4,343,565,0,565,908
11/16/2013,VRB,FL,ASO,ES,Towers with Radar,0,7,62,0,69,0,0,148,0,148,0,7,210,0,217,291,0,291,508
11/17/2013,VRB,FL,ASO,ES,Towers with Radar,0,12,42,0,54,0,0,136,0,136,0,12,178,0,190,212,0,212,402
11/18/2013,VRB,FL,ASO,ES,Towers with Radar,0,13,77,4,94,0,0,224,0,224,0,13,301,4,318,536,0,536,854
11/19/2013,VRB,FL,ASO,ES,Towers with Radar,0,7,85,0,92,0,0,185,0,185,0,7,270,0,277,273,0,273,550
11/20/2013,VRB,FL,ASO,ES,Towers with Radar,0,3,59,0,62,0,0,29,0,29,0,3,88,0,91,9,0,9,100
11/21/2013,VRB,FL,ASO,ES,Towers with Radar,0,20,80,0,100,0,0,44,0,44,0,20,124,0,144,30,0,30,174
11/22/2013,VRB,FL,ASO,ES,Towers with Radar,0,22,109,0,131,0,0,170,0,170,0,22,279,0,301,414,0,414,715
11/23/2013,VRB,FL,ASO,ES,Towers with Radar,0,9,44,0,53,0,0,260,2,262,0,9,304,2,315,415,0,415,730
11/24/2013,VRB,FL,ASO,ES,Towers with Radar,0,13,25,0,38,0,0,19,0,19,0,13,44,0,57,22,0,22,79
11/25/2013,VRB,FL,ASO,ES,Towers with Radar,0,12,47,1,60,0,0,139,0,139,0,12,186,1,199,225,0,225,424
11/26/2013,VRB,FL,ASO,ES,Towers with Radar,0,16,52,0,68,0,0,63,0,63,0,16,115,0,131,116,1,117,248
11/27/2013,VRB,FL,ASO,ES,Towers with Radar,0,11,38,0,49,0,0,158,0,158,0,11,196,0,207,194,0,194,401
11/28/2013,VRB,FL,ASO,ES,Towers with Radar,0,7,8,0,15,0,0,20,0,20,0,7,28,0,35,11,0,11,46
11/29/2013,VRB,FL,ASO,ES,Towers with Radar,0,12,31,0,43,0,0,42,0,42,0,12,73,0,85,17,0,17,102
11/30/2013,VRB,FL,ASO,ES,Towers with Radar,0,26,28,0,54,0,0,32,0,32,0,26,60,0,86,69,0,69,155
12/01/2013,VRB,FL,ASO,ES,Towers with Radar,0,38,54,0,92,0,0,5,0,5,0,38,59,0,97,14,0,14,111
12/02/2013,VRB,FL,ASO,ES,Towers with Radar,0,15,59,0,74,0,0,155,0,155,0,15,214,0,229,437,0,437,666
12/03/2013,VRB,FL,ASO,ES,Towers with Radar,0,7,49,0,56,0,0,230,0,230,0,7,279,0,286,500,0,500,786
12/04/2013,VRB,FL,ASO,ES,Towers with Radar,0,8,82,0,90,0,0,271,2,273,0,8,353,2,363,450,0,450,813
12/05/2013,VRB,FL,ASO,ES,Towers with Radar,0,13,81,2,96,0,0,266,0,266,0,13,347,2,362,379,0,379,741
12/06/2013,VRB,FL,ASO,ES,Towers with Radar,0,9,64,0,73,0,0,154,0,154,0,9,218,0,227,357,0,357,584
12/07/2013,VRB,FL,ASO,ES,Towers with Radar,0,7,50,0,57,0,0,221,0,221,0,7,271,0,278,255,0,255,533
12/08/2013,VRB,FL,ASO,ES,Towers with Radar,0,11,18,0,29,0,0,117,0,117,0,11,135,0,146,264,0,264,410
12/09/2013,VRB,FL,ASO,ES,Towers with Radar,0,10,78,0,88,0,0,205,0,205,0,10,283,0,293,282,0,282,575
12/10/2013,VRB,FL,ASO,ES,Towers with Radar,0,10,71,0,81,0,0,233,0,233,0,10,304,0,314,277,0,277,591
12/11/2013,VRB,FL,ASO,ES,Towers with Radar,0,13,85,0,98,0,0,256,0,256,0,13,341,0,354,200,0,200,554
12/12/2013,VRB,FL,ASO,ES,Towers with Radar,0,12,64,0,76,0,0,38,0,38,0,12,102,0,114,50,0,50,164
12/13/2013,VRB,FL,ASO,ES,Towers with Radar,0,10,77,0,87,0,0,268,0,268,0,10,345,0,355,369,0,369,724
12/14/2013,VRB,FL,ASO,ES,Towers with Radar,0,4,50,0,54,0,0,90,0,90,0,4,140,0,144,234,0,234,378
12/15/2013,VRB,FL,ASO,ES,Towers with Radar,0,9,53,0,62,0,0,11,0,11,0,9,64,0,73,11,0,11,84
12/16/2013,VRB,FL,ASO,ES,Towers with Radar,0,10,63,0,73,0,0,223,0,223,0,10,286,0,296,270,0,270,566
12/17/2013,VRB,FL,ASO,ES,Towers with Radar,0,3,74,0,77,0,0,319,0,319,0,3,393,0,396,276,0,276,672
12/18/2013,VRB,FL,ASO,ES,Towers with Radar,0,18,56,0,74,0,0,216,0,216,0,18,272,0,290,270,0,270,560
12/19/2013,VRB,FL,ASO,ES,Towers with Radar,0,11,59,0,70,0,0,268,0,268,0,11,327,0,338,238,0,238,576
12/20/2013,VRB,FL,ASO,ES,Towers with Radar,0,16,91,0,107,0,0,226,0,226,0,16,317,0,333,409,0,409,742
12/21/2013,VRB,FL,ASO,ES,Towers with Radar,0,10,46,0,56,0,0,152,0,152,0,10,198,0,208,184,0,184,392
12/22/2013,VRB,FL,ASO,ES,Towers with Radar,0,17,51,0,68,0,0,66,0,66,0,17,117,0,134,63,0,63,197
12/23/2013,VRB,FL,ASO,ES,Towers with Radar,0,13,55,0,68,0,0,135,0,135,0,13,190,0,203,188,0,188,391
12/24/2013,VRB,FL,ASO,ES,Towers with Radar,0,8,36,0,44,0,0,7,0,7,0,8,43,0,51,0,0,0,51
12/25/2013,VRB,FL,ASO,ES,Towers with Radar,0,14,6,0,20,0,0,10,0,10,0,14,16,0,30,0,0,0,30
12/26/2013,VRB,FL,ASO,ES,Towers with Radar,0,25,73,0,98,0,0,163,0,163,0,25,236,0,261,173,0,173,434
12/27/2013,VRB,FL,ASO,ES,Towers with Radar,0,36,67,0,103,0,0,120,0,120,0,36,187,0,223,345,0,345,568
12/28/2013,VRB,FL,ASO,ES,Towers with Radar,0,16,57,0,73,0,1,65,0,66,0,17,122,0,139,222,0,222,361
12/29/2013,VRB,FL,ASO,ES,Towers with Radar,0,18,54,0,72,0,0,35,0,35,0,18,89,0,107,46,0,46,153
12/30/2013,VRB,FL,ASO,ES,Towers with Radar,0,13,108,0,121,0,0,42,0,42,0,13,150,0,163,93,0,93,256
12/31/2013,VRB,FL,ASO,ES,Towers with Radar,0,8,37,0,45,0,0,136,0,136,0,8,173,0,181,193,0,193,374
01/01/2014,VRB,FL,ASO,ES,Towers with Radar,0,18,11,0,29,0,0,1,0,1,0,18,12,0,30,2,0,2,32
01/02/2014,VRB,FL,ASO,ES,Towers with Radar,0,7,31,0,38,0,0,74,0,74,0,7,105,0,112,62,0,62,174
01/03/2014,VRB,FL,ASO,ES,Towers with Radar,0,12,52,0,64,0,0,78,0,78,0,12,130,0,142,38,0,38,180
01/04/2014,VRB,FL,ASO,ES,Towers with Radar,0,19,63,0,82,0,0,162,0,162,0,19,225,0,244,422,0,422,666
01/05/2014,VRB,FL,ASO,ES,Towers with Radar,0,18,64,0,82,0,0,109,0,109,0,18,173,0,191,272,0,272,463
01/06/2014,VRB,FL,ASO,ES,Towers with Radar,0,20,78,0,98,0,0,85,0,85,0,20,163,0,183,123,0,123,306
01/07/2014,VRB,FL,ASO,ES,Towers with Radar,0,11,34,0,45,0,0,70,0,70,0,11,104,0,115,39,0,39,154
01/08/2014,VRB,FL,ASO,ES,Towers with Radar,0,10,73,0,83,0,0,164,0,164,0,10,237,0,247,220,0,220,467
01/09/2014,VRB,FL,ASO,ES,Towers with Radar,0,4,42,0,46,0,0,3,0,3,0,4,45,0,49,46,0,46,95
01/10/2014,VRB,FL,ASO,ES,Towers with Radar,0,19,70,0,89,0,0,199,0,199,0,19,269,0,288,470,0,470,758
01/11/2014,VRB,FL,ASO,ES,Towers with Radar,0,10,46,0,56,0,0,106,0,106,0,10,152,0,162,129,0,129,291
01/12/2014,VRB,FL,ASO,ES,Towers with Radar,0,9,70,0,79,0,0,167,0,167,0,9,237,0,246,205,0,205,451
01/13/2014,VRB,FL,ASO,ES,Towers with Radar,0,2,78,0,80,0,0,202,0,202,0,2,280,0,282,443,0,443,725
01/14/2014,VRB,FL,ASO,ES,Towers with Radar,0,5,81,0,86,0,0,68,0,68,0,5,149,0,154,229,0,229,383
01/15/2014,VRB,FL,ASO,ES,Towers with Radar,0,16,73,0,89,0,0,225,0,225,0,16,298,0,314,622,0,622,936
01/16/2014,VRB,FL,ASO,ES,Towers with Radar,0,10,78,0,88,0,0,193,0,193,0,10,271,0,281,310,0,310,591
01/17/2014,VRB,FL,ASO,ES,Towers with Radar,0,9,89,0,98,0,0,233,0,233,0,9,322,0,331,556,0,556,887
01/18/2014,VRB,FL,ASO,ES,Towers with Radar,0,7,35,0,42,0,0,241,2,243,0,7,276,2,285,268,0,268,553
01/19/2014,VRB,FL,ASO,ES,Towers with Radar,0,3,26,0,29,0,0,200,0,200,0,3,226,0,229,217,0,217,446
01/20/2014,VRB,FL,ASO,ES,Towers with Radar,0,12,81,0,93,0,0,200,0,200,0,12,281,0,293,337,0,337,630
01/21/2014,VRB,FL,ASO,ES,Towers with Radar,0,7,57,0,64,0,0,174,0,174,0,7,231,0,238,222,0,222,460
01/22/2014,VRB,FL,ASO,ES,Towers with Radar,0,7,60,0,67,0,0,262,0,262,0,7,322,0,329,378,0,378,707
01/23/2014,VRB,FL,ASO,ES,Towers with Radar,0,11,76,1,88,0,0,263,0,263,0,11,339,1,351,317,0,317,668
01/24/2014,VRB,FL,ASO,ES,Towers with Radar,0,12,86,0,98,0,0,127,0,127,0,12,213,0,225,121,0,121,346
01/25/2014,VRB,FL,ASO,ES,Towers with Radar,0,7,50,0,57,0,0,192,0,192,0,7,242,0,249,444,0,444,693
01/26/2014,VRB,FL,ASO,ES,Towers with Radar,0,16,40,0,56,0,0,120,0,120,0,16,160,0,176,243,0,243,419
01/27/2014,VRB,FL,ASO,ES,Towers with Radar,0,11,96,2,109,0,0,247,0,247,0,11,343,2,356,443,0,443,799
01/28/2014,VRB,FL,ASO,ES,Towers with Radar,0,9,81,0,90,0,0,202,0,202,0,9,283,0,292,260,0,260,552
01/29/2014,VRB,FL,ASO,ES,Towers with Radar,0,5,72,0,77,0,0,4,0,4,0,5,76,0,81,13,0,13,94
01/30/2014,VRB,FL,ASO,ES,Towers with Radar,0,9,32,0,41,0,0,0,0,0,0,9,32,0,41,1,0,1,42
01/31/2014,VRB,FL,ASO,ES,Towers with Radar,0,16,86,0,102,0,0,12,0,12,0,16,98,0,114,86,0,86,200
02/01/2014,VRB,FL,ASO,ES,Towers with Radar,0,12,66,0,78,0,0,165,0,165,0,12,231,0,243,448,0,448,691
02/02/2014,VRB,FL,ASO,ES,Towers with Radar,0,13,45,0,58,0,0,163,0,163,0,13,208,0,221,411,0,411,632
02/03/2014,VRB,FL,ASO,ES,Towers with Radar,0,16,95,1,112,0,0,196,2,198,0,16,291,3,310,243,34,277,587
02/04/2014,VRB,FL,ASO,ES,Towers with Radar,0,10,96,0,106,0,0,168,0,168,0,10,264,0,274,429,0,429,703
02/05/2014,VRB,FL,ASO,ES,Towers with Radar,0,4,81,0,85,0,0,151,0,151,0,4,232,0,236,159,0,159,395
02/06/2014,VRB,FL,ASO,ES,Towers with Radar,0,12,92,0,104,0,0,51,0,51,0,12,143,0,155,145,0,145,300
02/07/2014,VRB,FL,ASO,ES,Towers with Radar,0,15,113,0,128,0,0,77,0,77,0,15,190,0,205,263,0,263,468
02/08/2014,VRB,FL,ASO,ES,Towers with Radar,0,8,65,0,73,0,0,23,0,23,0,8,88,0,96,62,0,62,158
02/09/2014,VRB,FL,ASO,ES,Towers with Radar,0,15,48,0,63,0,0,138,0,138,0,15,186,0,201,182,0,182,383
02/10/2014,VRB,FL,ASO,ES,Towers with Radar,0,8,76,0,84,0,1,251,2,254,0,9,327,2,338,256,0,256,594
02/11/2014,VRB,FL,ASO,ES,Towers with Radar,0,13,81,0,94,0,0,294,0,294,0,13,375,0,388,606,0,606,994
02/12/2014,VRB,FL,ASO,ES,Towers with Radar,0,14,62,0,76,0,0,178,0,178,0,14,240,0,254,249,0,249,503
02/13/2014,VRB,FL,ASO,ES,Towers with Radar,0,22,54,0,76,0,0,59,0,59,0,22,113,0,135,95,0,95,230
02/14/2014,VRB,FL,ASO,ES,Towers with Radar,0,28,68,0,96,0,0,296,0,296,0,28,364,0,392,670,0,670,1062
02/15/2014,VRB,FL,ASO,ES,Towers with Radar,0,19,46,0,65,0,0,81,0,81,0,19,127,0,146,133,0,133,279
02/16/2014,VRB,FL,ASO,ES,Towers with Radar,0,14,40,0,54,0,2,219,0,221,0,16,259,0,275,295,0,295,570
02/17/2014,VRB,FL,ASO,ES,Towers with Radar,0,18,102,0,120,0,0,277,0,277,0,18,379,0,397,359,0,359,756
02/18/2014,VRB,FL,ASO,ES,Towers with Radar,0,14,88,0,102,0,1,278,0,279,0,15,366,0,381,601,0,601,982
02/19/2014,VRB,FL,ASO,ES,Towers with Radar,0,16,71,0,87,0,0,278,0,278,0,16,349,0,365,788,0,788,1153
02/20/2014,VRB,FL,ASO,ES,Towers with Radar,0,14,82,0,96,0,0,303,1,304,0,14,385,1,400,480,0,480,880
02/21/2014,VRB,FL,ASO,ES,Towers with Radar,0,13,70,0,83,0,0,143,0,143,0,13,213,0,226,267,0,267,493
02/22/2014,VRB,FL,ASO,ES,Towers with Radar,0,5,69,2,76,0,0,76,0,76,0,5,145,2,152,216,0,216,368
02/23/2014,VRB,FL,ASO,ES,Towers with Radar,0,25,48,0,73,0,0,187,1,188,0,25,235,1,261,362,0,362,623
02/24/2014,VRB,FL,ASO,ES,Towers with Radar,0,19,67,0,86,0,0,125,0,125,0,19,192,0,211,244,0,244,455
02/25/2014,VRB,FL,ASO,ES,Towers with Radar,0,9,81,0,90,0,1,230,0,231,0,10,311,0,321,459,0,459,780
02/26/2014,VRB,FL,ASO,ES,Towers with Radar,0,16,84,3,103,0,0,175,0,175,0,16,259,3,278,359,0,359,637
02/27/2014,VRB,FL,ASO,ES,Towers with Radar,0,12,92,0,104,0,0,101,0,101,0,12,193,0,205,442,0,442,647
02/28/2014,VRB,FL,ASO,ES,Towers with Radar,0,11,75,0,86,0,0,333,0,333,0,11,408,0,419,465,0,465,884
03/01/2014,VRB,FL,ASO,ES,Towers with Radar,0,17,54,0,71,0,1,224,0,225,0,18,278,0,296,239,0,239,535
03/02/2014,VRB,FL,ASO,ES,Towers with Radar,0,9,41,0,50,0,0,191,0,191,0,9,232,0,241,375,0,375,616
03/03/2014,VRB,FL,ASO,ES,Towers with Radar,0,12,68,0,80,0,0,200,1,201,0,12,268,1,281,283,0,283,564
03/04/2014,VRB,FL,ASO,ES,Towers with Radar,0,22,62,0,84,0,0,268,0,268,0,22,330,0,352,666,0,666,1018
03/05/2014,VRB,FL,ASO,ES,Towers with Radar,0,26,59,0,85,0,0,171,0,171,0,26,230,0,256,207,0,207,463
03/06/2014,VRB,FL,ASO,ES,Towers with Radar,0,4,44,0,48,0,0,93,0,93,0,4,137,0,141,390,0,390,531
03/07/2014,VRB,FL,ASO,ES,Towers with Radar,0,13,103,0,116,0,0,205,0,205,0,13,308,0,321,330,0,330,651
03/08/2014,VRB,FL,ASO,ES,Towers with Radar,0,7,41,4,52,0,0,262,0,262,0,7,303,4,314,354,0,354,668
03/09/2014,VRB,FL,ASO,ES,Towers with Radar,0,26,51,0,77,0,0,193,0,193,0,26,244,0,270,304,0,304,574
03/10/2014,VRB,FL,ASO,ES,Towers with Radar,0,15,69,0,84,0,0,212,0,212,0,15,281,0,296,527,0,527,823
03/11/2014,VRB,FL,ASO,ES,Towers with Radar,0,8,54,0,62,0,0,288,0,288,0,8,342,0,350,621,0,621,971
03/12/2014,VRB,FL,ASO,ES,Towers with Radar,0,12,63,1,76,0,0,125,1,126,0,12,188,2,202,183,0,183,385
03/13/2014,VRB,FL,ASO,ES,Towers with Radar,0,8,63,0,71,0,1,139,0,140,0,9,202,0,211,143,0,143,354
03/14/2014,VRB,FL,ASO,ES,Towers with Radar,0,23,75,0,98,0,0,285,0,285,0,23,360,0,383,463,0,463,846
03/15/2014,VRB,FL,ASO,ES,Towers with Radar,0,19,59,0,78,0,0,233,0,233,0,19,292,0,311,464,0,464,775
03/16/2014,VRB,FL,ASO,ES,Towers with Radar,0,23,45,8,76,0,1,93,0,94,0,24,138,8,170,68,0,68,238
03/17/2014,VRB,FL,ASO,ES,Towers with Radar,0,10,27,0,37,0,0,23,0,23,0,10,50,0,60,36,0,36,96
03/18/2014,VRB,FL,ASO,ES,Towers with Radar,0,13,78,0,91,0,0,180,0,180,0,13,258,0,271,330,0,330,601
03/19/2014,VRB,FL,ASO,ES,Towers with Radar,0,18,80,0,98,0,1,339,0,340,0,19,419,0,438,451,0,451,889
03/20/2014,VRB,FL,ASO,ES,Towers with Radar,1,15,78,0,94,0,2,358,0,360,1,17,436,0,454,258,0,258,712
03/21/2014,VRB,FL,ASO,ES,Towers with Radar,0,20,101,0,121,0,0,237,0,237,0,20,338,0,358,250,0,250,608
03/22/2014,VRB,FL,ASO,ES,Towers with Radar,0,13,52,0,65,0,0,163,0,163,0,13,215,0,228,187,0,187,415
03/23/2014,VRB,FL,ASO,ES,Towers with Radar,0,17,57,0,74,0,0,174,0,174,0,17,231,0,248,354,0,354,602
03/24/2014,VRB,FL,ASO,ES,Towers with Radar,0,17,58,0,75,0,0,172,0,172,0,17,230,0,247,540,0,540,787
03/25/2014,VRB,FL,ASO,ES,Towers with Radar,0,18,102,0,120,0,0,51,0,51,0,18,153,0,171,105,0,105,276
03/26/2014,VRB,FL,ASO,ES,Towers with Radar,0,22,80,0,102,0,0,264,0,264,0,22,344,0,366,252,0,252,618
03/27/2014,VRB,FL,ASO,ES,Towers with Radar,0,15,68,0,83,0,0,249,0,249,0,15,317,0,332,469,0,469,801
03/28/2014,VRB,FL,ASO,ES,Towers with Radar,0,23,61,0,84,0,0,202,0,202,0,23,263,0,286,310,0,310,596
03/29/2014,VRB,FL,ASO,ES,Towers with Radar,0,18,19,0,37,0,0,54,0,54,0,18,73,0,91,70,0,70,161
03/30/2014,VRB,FL,ASO,ES,Towers with Radar,0,18,48,0,66,0,0,182,0,182,0,18,230,0,248,400,0,400,648
03/31/2014,VRB,FL,ASO,ES,Towers with Radar,0,6,60,0,66,0,0,285,0,285,0,6,345,0,351,442,0,442,793
04/01/2014,VRB,FL,ASO,ES,Towers with Radar,0,13,69,0,82,0,1,245,0,246,0,14,314,0,328,380,0,380,708
04/02/2014,VRB,FL,ASO,ES,Towers with Radar,0,18,65,0,83,0,0,302,0,302,0,18,367,0,385,684,0,684,1069
04/03/2014,VRB,FL,ASO,ES,Towers with Radar,0,12,74,0,86,0,1,259,0,260,0,13,333,0,346,529,0,529,875
04/04/2014,VRB,FL,ASO,ES,Towers with Radar,0,16,66,0,82,0,1,229,0,230,0,17,295,0,312,556,0,556,868
04/05/2014,VRB,FL,ASO,ES,Towers with Radar,0,12,41,0,53,0,0,136,0,136,0,12,177,0,189,340,0,340,529
04/06/2014,VRB,FL,ASO,ES,Towers with Radar,0,16,44,1,61,0,0,156,0,156,0,16,200,1,217,255,0,255,472
04/07/2014,VRB,FL,ASO,ES,Towers with Radar,0,13,41,0,54,0,0,217,0,217,0,13,258,0,271,255,0,255,526
04/08/2014,VRB,FL,ASO,ES,Towers with Radar,0,22,44,0,66,0,0,21,0,21,0,22,65,0,87,0,0,0,87
04/09/2014,VRB,FL,ASO,ES,Towers with Radar,0,11,76,2,89,0,0,271,0,271,0,11,347,2,360,347,0,347,707
04/10/2014,VRB,FL,ASO,ES,Towers with Radar,0,23,69,0,92,0,0,366,0,366,0,23,435,0,458,377,0,377,835
04/11/2014,VRB,FL,ASO,ES,Towers with Radar,0,11,70,0,81,0,0,183,0,183,0,11,253,0,264,345,0,345,609
04/12/2014,VRB,FL,ASO,ES,Towers with Radar,0,7,40,0,47,0,0,170,0,170,0,7,210,0,217,271,0,271,488
04/13/2014,VRB,FL,ASO,ES,Towers with Radar,0,10,41,0,51,0,0,91,0,91,0,10,132,0,142,94,0,94,236
04/14/2014,VRB,FL,ASO,ES,Towers with Radar,0,6,57,0,63,0,0,232,0,232,0,6,289,0,295,559,0,559,854
04/15/2014,VRB,FL,ASO,ES,Towers with Radar,0,11,36,0,47,0,0,178,0,178,0,11,214,0,225,189,0,189,414
04/16/2014,VRB,FL,ASO,ES,Towers with Radar,0,19,79,0,98,0,0,88,0,88,0,19,167,0,186,200,0,200,386
04/17/2014,VRB,FL,ASO,ES,Towers with Radar,0,17,77,1,95,0,0,52,0,52,0,17,129,1,147,226,0,226,373
04/18/2014,VRB,FL,ASO,ES,Towers with Radar,0,16,35,0,51,0,0,113,0,113,0,16,148,0,164,346,0,346,510
04/19/2014,VRB,FL,ASO,ES,Towers with Radar,0,8,46,0,54,0,0,97,0,97,0,8,143,0,151,196,0,196,347
04/20/2014,VRB,FL,ASO,ES,Towers with Radar,0,21,50,0,71,0,0,31,0,31,0,21,81,0,102,75,0,75,177
04/21/2014,VRB,FL,ASO,ES,Towers with Radar,0,28,95,0,123,0,0,241,0,241,0,28,336,0,364,230,0,230,594
04/22/2014,VRB,FL,ASO,ES,Towers with Radar,0,12,64,0,76,0,0,363,0,363,0,12,427,0,439,574,0,574,1013
04/23/2014,VRB,FL,ASO,ES,Towers with Radar,0,24,62,0,86,0,1,325,0,326,0,25,387,0,412,699,0,699,1111
04/24/2014,VRB,FL,ASO,ES,Towers with Radar,0,6,74,0,80,0,0,296,0,296,0,6,370,0,376,775,0,775,1151
04/25/2014,VRB,FL,ASO,ES,Towers with Radar,0,20,113,0,133,0,0,236,0,236,0,20,349,0,369,607,0,607,976
04/26/2014,VRB,FL,ASO,ES,Towers with Radar,0,10,48,3,61,0,0,259,0,259,0,10,307,3,320,330,0,330,650
04/27/2014,VRB,FL,ASO,ES,Towers with Radar,0,9,41,1,51,0,0,171,0,171,0,9,212,1,222,441,0,441,663
04/28/2014,VRB,FL,ASO,ES,Towers with Radar,0,11,73,0,84,0,0,178,0,178,0,11,251,0,262,608,0,608,870
04/29/2014,VRB,FL,ASO,ES,Towers with Radar,0,10,59,4,73,0,0,184,0,184,0,10,243,4,257,406,0,406,663
04/30/2014,VRB,FL,ASO,ES,Towers with Radar,0,20,75,0,95,0,0,151,0,151,0,20,226,0,246,513,0,513,759
05/01/2014,VRB,FL,ASO,ES,Towers with Radar,0,15,72,0,87,0,0,220,0,220,0,15,292,0,307,462,0,462,769
05/02/2014,VRB,FL,ASO,ES,Towers with Radar,0,9,77,0,86,0,0,177,0,177,0,9,254,0,263,218,0,218,481
05/03/2014,VRB,FL,ASO,ES,Towers with Radar,0,12,37,0,49,0,0,74,0,74,0,12,111,0,123,233,0,233,356
05/04/2014,VRB,FL,ASO,ES,Towers with Radar,0,16,30,0,46,0,0,156,0,156,0,16,186,0,202,276,0,276,478
05/05/2014,VRB,FL,ASO,ES,Towers with Radar,0,2,88,0,90,0,0,301,0,301,0,2,389,0,391,532,0,532,923
05/06/2014,VRB,FL,ASO,ES,Towers with Radar,0,11,85,0,96,0,0,311,1,312,0,11,396,1,408,621,0,621,1029
05/07/2014,VRB,FL,ASO,ES,Towers with Radar,0,11,87,1,99,0,1,314,4,319,0,12,401,5,418,516,0,516,934
05/08/2014,VRB,FL,ASO,ES,Towers with Radar,0,11,51,8,70,0,0,123,3,126,0,11,174,11,196,157,1,158,354
05/09/2014,VRB,FL,ASO,ES,Towers with Radar,0,10,34,0,44,0,0,62,1,63,0,10,96,1,107,60,0,60,167
05/10/2014,VRB,FL,ASO,ES,Towers with Radar,0,6,7,0,13,0,0,47,0,47,0,6,54,0,60,3,0,3,63
05/11/2014,VRB,FL,ASO,ES,Towers with Radar,0,2,9,2,13,0,0,45,2,47,0,2,54,4,60,4,0,4,64
05/12/2014,VRB,FL,ASO,ES,Towers with Radar,0,4,74,0,78,0,2,240,0,242,0,6,314,0,320,424,0,424,744
05/13/2014,VRB,FL,ASO,ES,Towers with Radar,0,3,74,2,79,0,0,269,0,269,0,3,343,2,348,428,0,428,776
05/14/2014,VRB,FL,ASO,ES,Towers with Radar,0,5,92,0,97,0,0,210,0,210,0,5,302,0,307,481,0,481,788
05/15/2014,VRB,FL,ASO,ES,Towers with Radar,0,12,66,0,78,0,0,90,0,90,0,12,156,0,168,197,0,197,365
05/16/2014,VRB,FL,ASO,ES,Towers with Radar,0,11,98,0,109,0,0,237,0,237,0,11,335,0,346,201,0,201,547
05/17/2014,VRB,FL,ASO,ES,Towers with Radar,0,9,45,0,54,0,0,179,0,179,0,9,224,0,233,180,0,180,413
05/18/2014,VRB,FL,ASO,ES,Towers with Radar,0,12,24,0,36,0,0,164,0,164,0,12,188,0,200,251,0,251,451
05/19/2014,VRB,FL,ASO,ES,Towers with Radar,0,5,53,0,58,0,0,276,0,276,0,5,329,0,334,393,0,393,727
05/20/2014,VRB,FL,ASO,ES,Towers with Radar,0,8,75,4,87,0,1,300,0,301,0,9,375,4,388,417,0,417,805
05/21/2014,VRB,FL,ASO,ES,Towers with Radar,0,6,52,0,58,0,0,337,0,337,0,6,389,0,395,840,0,840,1235
05/22/2014,VRB,FL,ASO,ES,Towers with Radar,0,23,84,1,108,0,0,376,0,376,0,23,460,1,484,795,0,795,1279
05/23/2014,VRB,FL,ASO,ES,Towers with Radar,0,5,87,0,92,0,0,312,0,312,0,5,399,0,404,693,0,693,1097
05/24/2014,VRB,FL,ASO,ES,Towers with Radar,0,5,35,0,40,0,0,190,0,190,0,5,225,0,230,433,0,433,663
05/25/2014,VRB,FL,ASO,ES,Towers with Radar,0,4,19,0,23,0,0,84,0,84,0,4,103,0,107,223,0,223,330
05/26/2014,VRB,FL,ASO,ES,Towers with Radar,0,11,30,0,41,0,0,71,0,71,0,11,101,0,112,272,0,272,384
05/27/2014,VRB,FL,ASO,ES,Towers with Radar,0,2,70,0,72,0,0,248,0,248,0,2,318,0,320,683,0,683,1003
05/28/2014,VRB,FL,ASO,ES,Towers with Radar,0,15,84,0,99,0,0,307,0,307,0,15,391,0,406,597,0,597,1003
05/29/2014,VRB,FL,ASO,ES,Towers with Radar,0,2,56,0,58,0,0,179,0,179,0,2,235,0,237,358,0,358,595
05/30/2014,VRB,FL,ASO,ES,Towers with Radar,0,6,47,2,55,0,0,235,0,235,0,6,282,2,290,513,0,513,803
05/31/2014,VRB,FL,ASO,ES,Towers with Radar,0,5,34,0,39,0,0,143,0,143,0,5,177,0,182,495,0,495,677
06/01/2014,VRB,FL,ASO,ES,Towers with Radar,0,14,30,0,44,0,0,83,0,83,0,14,113,0,127,159,0,159,286
06/02/2014,VRB,FL,ASO,ES,Towers with Radar,0,5,109,0,114,0,0,131,0,131,0,5,240,0,245,339,0,339,584
06/03/2014,VRB,FL,ASO,ES,Towers with Radar,0,7,73,0,80,0,0,302,0,302,0,7,375,0,382,605,0,605,987
06/04/2014,VRB,FL,ASO,ES,Towers with Radar,0,5,73,0,78,0,0,294,0,294,0,5,367,0,372,658,0,658,1030
06/05/2014,VRB,FL,ASO,ES,Towers with Radar,0,8,63,0,71,0,0,325,0,325,0,8,388,0,396,727,0,727,1123
06/06/2014,VRB,FL,ASO,ES,Towers with Radar,0,6,66,0,72,0,0,271,0,271,0,6,337,0,343,522,0,522,865
06/07/2014,VRB,FL,ASO,ES,Towers with Radar,0,5,39,0,44,0,0,201,0,201,0,5,240,0,245,524,0,524,769
06/08/2014,VRB,FL,ASO,ES,Towers with Radar,0,5,45,0,50,0,0,113,0,113,0,5,158,0,163,304,0,304,467
06/09/2014,VRB,FL,ASO,ES,Towers with Radar,0,10,87,0,97,0,0,234,0,234,0,10,321,0,331,547,0,547,878
06/10/2014,VRB,FL,ASO,ES,Towers with Radar,0,2,95,0,97,0,0,224,0,224,0,2,319,0,321,398,0,398,719
06/11/2014,VRB,FL,ASO,ES,Towers with Radar,0,7,70,0,77,0,0,166,0,166,0,7,236,0,243,200,0,200,443
06/12/2014,VRB,FL,ASO,ES,Towers with Radar,0,8,75,0,83,0,0,216,0,216,0,8,291,0,299,268,0,268,567
06/13/2014,VRB,FL,ASO,ES,Towers with Radar,0,3,80,0,83,0,0,187,0,187,0,3,267,0,270,239,0,239,509
06/14/2014,VRB,FL,ASO,ES,Towers with Radar,0,10,44,0,54,0,0,126,0,126,0,10,170,0,180,451,0,451,631
06/15/2014,VRB,FL,ASO,ES,Towers with Radar,0,8,31,0,39,0,0,128,0,128,0,8,159,0,167,376,0,376,543
06/16/2014,VRB,FL,ASO,ES,Towers with Radar,0,5,67,0,72,0,0,241,0,241,0,5,308,0,313,657,0,657,970
06/17/2014,VRB,FL,ASO,ES,Towers with Radar,0,9,50,0,59,0,0,248,0,248,0,9,298,0,307,332,0,332,639
06/18/2014,VRB,FL,ASO,ES,Towers with Radar,0,4,67,0,71,0,0,209,0,209,0,4,276,0,280,378,0,378,658
06/19/2014,VRB,FL,ASO,ES,Towers with Radar,0,6,58,0,64,0,0,169,0,169,0,6,227,0,233,294,0,294,527
06/20/2014,VRB,FL,ASO,ES,Towers with Radar,0,2,32,0,34,0,0,239,0,239,0,2,271,0,273,263,0,263,536
06/21/2014,VRB,FL,ASO,ES,Towers with Radar,0,3,31,0,34,0,0,221,0,221,0,3,252,0,255,377,0,377,632
06/22/2014,VRB,FL,ASO,ES,Towers with Radar,0,4,15,0,19,0,0,154,0,154,0,4,169,0,173,248,0,248,421
06/23/2014,VRB,FL,ASO,ES,Towers with Radar,0,5,40,7,52,0,0,222,0,222,0,5,262,7,274,410,0,410,684
06/24/2014,VRB,FL,ASO,ES,Towers with Radar,0,1,54,0,55,0,0,275,0,275,0,1,329,0,330,559,0,559,889
06/25/2014,VRB,FL,ASO,ES,Towers with Radar,0,3,42,0,45,0,0,238,0,238,0,3,280,0,283,400,0,400,683
06/26/2014,VRB,FL,ASO,ES,Towers with Radar,0,4,66,0,70,0,0,244,0,244,0,4,310,0,314,344,0,344,658
06/27/2014,VRB,FL,ASO,ES,Towers with Radar,0,12,77,1,90,0,0,220,0,220,0,12,297,1,310,378,0,378,688
06/28/2014,VRB,FL,ASO,ES,Towers with Radar,0,5,35,0,40,0,1,159,0,160,0,6,194,0,200,429,0,429,629
06/29/2014,VRB,FL,ASO,ES,Towers with Radar,0,7,17,0,24,0,0,128,0,128,0,7,145,0,152,172,0,172,324
06/30/2014,VRB,FL,ASO,ES,Towers with Radar,0,4,52,0,56,0,0,58,0,58,0,4,110,0,114,105,0,105,219
07/01/2014,VRB,FL,ASO,ES,Towers with Radar,0,3,48,0,51,0,0,18,0,18,0,3,66,0,69,20,0,20,89
07/02/2014,VRB,FL,ASO,ES,Towers with Radar,0,13,40,0,53,0,0,63,0,63,0,13,103,0,116,74,0,74,190
07/03/2014,VRB,FL,ASO,ES,Towers with Radar,0,9,43,0,52,0,0,186,0,186,0,9,229,0,238,246,0,246,484
07/04/2014,VRB,FL,ASO,ES,Towers with Radar,0,0,25,0,25,0,0,36,0,36,0,0,61,0,61,101,0,101,162
07/05/2014,VRB,FL,ASO,ES,Towers with Radar,0,4,18,0,22,0,0,114,0,114,0,4,132,0,136,442,0,442,578
07/06/2014,VRB,FL,ASO,ES,Towers with Radar,0,12,18,0,30,0,0,103,0,103,0,12,121,0,133,193,0,193,326
07/07/2014,VRB,FL,ASO,ES,Towers with Radar,0,11,31,0,42,0,0,193,0,193,0,11,224,0,235,434,0,434,669
07/08/2014,VRB,FL,ASO,ES,Towers with Radar,0,3,35,0,38,0,0,281,0,281,0,3,316,0,319,322,0,322,641
07/09/2014,VRB,FL,ASO,ES,Towers with Radar,0,2,53,0,55,0,0,270,0,270,0,2,323,0,325,432,0,432,757
07/10/2014,VRB,FL,ASO,ES,Towers with Radar,0,6,62,0,68,0,0,253,0,253,0,6,315,0,321,617,0,617,938
07/11/2014,VRB,FL,ASO,ES,Towers with Radar,0,5,45,0,50,0,0,337,0,337,0,5,382,0,387,538,0,538,925
07/12/2014,VRB,FL,ASO,ES,Towers with Radar,0,2,36,0,38,0,0,192,0,192,0,2,228,0,230,591,0,591,821
07/13/2014,VRB,FL,ASO,ES,Towers with Radar,0,1,26,0,27,0,0,94,0,94,0,1,120,0,121,238,0,238,359
07/14/2014,VRB,FL,ASO,ES,Towers with Radar,0,4,57,0,61,0,0,260,0,260,0,4,317,0,321,508,0,508,829
07/15/2014,VRB,FL,ASO,ES,Towers with Radar,0,4,64,0,68,0,0,154,0,154,0,4,218,0,222,455,0,455,677
07/16/2014,VRB,FL,ASO,ES,Towers with Radar,0,1,47,0,48,0,0,155,0,155,0,1,202,0,203,346,0,346,549
07/17/2014,VRB,FL,ASO,ES,Towers with Radar,0,8,58,0,66,0,0,240,0,240,0,8,298,0,306,346,0,346,652
07/18/2014,VRB,FL,ASO,ES,Towers with Radar,0,9,74,0,83,0,0,304,0,304,0,9,378,0,387,513,0,513,900
07/19/2014,VRB,FL,ASO,ES,Towers with Radar,0,2,42,0,44,0,0,192,0,192,0,2,234,0,236,532,0,532,768
07/20/2014,VRB,FL,ASO,ES,Towers with Radar,0,7,28,0,35,0,0,137,0,137,0,7,165,0,172,274,0,274,446
07/21/2014,VRB,FL,ASO,ES,Towers with Radar,0,3,51,0,54,0,0,150,0,150,0,3,201,0,204,329,0,329,533
07/22/2014,VRB,FL,ASO,ES,Towers with Radar,0,1,39,0,40,0,0,163,0,163,0,1,202,0,203,387,0,387,590
07/23/2014,VRB,FL,ASO,ES,Towers with Radar,0,1,63,0,64,0,0,243,0,243,0,1,306,0,307,553,0,553,860
07/24/2014,VRB,FL,ASO,ES,Towers with Radar,0,4,56,0,60,0,0,216,0,216,0,4,272,0,276,382,0,382,658
07/25/2014,VRB,FL,ASO,ES,Towers with Radar,0,1,39,0,40,0,0,227,0,227,0,1,266,0,267,475,0,475,742
07/26/2014,VRB,FL,ASO,ES,Towers with Radar,0,3,28,0,31,0,0,166,0,166,0,3,194,0,197,296,0,296,493
07/27/2014,VRB,FL,ASO,ES,Towers with Radar,0,0,38,0,38,0,0,143,0,143,0,0,181,0,181,183,0,183,364
07/28/2014,VRB,FL,ASO,ES,Towers with Radar,0,1,47,0,48,0,0,186,0,186,0,1,233,0,234,227,0,227,461
07/29/2014,VRB,FL,ASO,ES,Towers with Radar,0,0,37,0,37,0,0,150,0,150,0,0,187,0,187,292,0,292,479
07/30/2014,VRB,FL,ASO,ES,Towers with Radar,0,1,44,0,45,0,0,229,0,229,0,1,273,0,274,455,0,455,729
07/31/2014,VRB,FL,ASO,ES,Towers with Radar,0,7,40,0,47,0,0,236,0,236,0,7,276,0,283,442,0,442,725
08/01/2014,VRB,FL,ASO,ES,Towers with Radar,0,2,43,0,45,0,0,238,0,238,0,2,281,0,283,483,0,483,766
08/02/2014,VRB,FL,ASO,ES,Towers with Radar,0,4,40,2,46,0,0,171,0,171,0,4,211,2,217,360,0,360,577
08/03/2014,VRB,FL,ASO,ES,Towers with Radar,0,6,19,0,25,0,0,46,0,46,0,6,65,0,71,41,0,41,112
08/04/2014,VRB,FL,ASO,ES,Towers with Radar,0,5,51,0,56,0,0,99,0,99,0,5,150,0,155,288,0,288,443
08/05/2014,VRB,FL,ASO,ES,Towers with Radar,0,5,53,0,58,0,0,174,0,174,0,5,227,0,232,457,0,457,689
08/06/2014,VRB,FL,ASO,ES,Towers with Radar,0,1,53,0,54,0,0,276,0,276,0,1,329,0,330,635,0,635,965
08/07/2014,VRB,FL,ASO,ES,Towers with Radar,0,2,39,0,41,0,0,182,0,182,0,2,221,0,223,353,0,353,576
08/08/2014,VRB,FL,ASO,ES,Towers with Radar,0,1,29,0,30,0,0,261,0,261,0,1,290,0,291,355,0,355,646
08/09/2014,VRB,FL,ASO,ES,Towers with Radar,0,2,32,0,34,0,0,171,0,171,0,2,203,0,205,355,0,355,560
08/10/2014,VRB,FL,ASO,ES,Towers with Radar,0,2,11,0,13,0,0,129,0,129,0,2,140,0,142,159,0,159,301
08/11/2014,VRB,FL,ASO,ES,Towers with Radar,0,6,63,0,69,0,0,272,0,272,0,6,335,0,341,406,0,406,747
08/12/2014,VRB,FL,ASO,ES,Towers with Radar,0,1,78,0,79,0,0,257,0,257,0,1,335,0,336,284,0,284,620
08/13/2014,VRB,FL,ASO,ES,Towers with Radar,0,1,70,0,71,0,0,224,0,224,0,1,294,0,295,453,0,453,748
08/14/2014,VRB,FL,ASO,ES,Towers with Radar,0,3,68,0,71,0,0,154,0,154,0,3,222,0,225,495,0,495,720
08/15/2014,VRB,FL,ASO,ES,Towers with Radar,0,6,57,0,63,0,0,176,0,176,0,6,233,0,239,371,0,371,610
08/16/2014,VRB,FL,ASO,ES,Towers with Radar,0,1,26,0,27,0,0,157,0,157,0,1,183,0,184,284,0,284,468
08/17/2014,VRB,FL,ASO,ES,Towers with Radar,0,4,28,0,32,0,0,115,0,115,0,4,143,0,147,210,0,210,357
08/18/2014,VRB,FL,ASO,ES,Towers with Radar,0,1,66,0,67,0,0,208,0,208,0,1,274,0,275,341,0,341,616
08/19/2014,VRB,FL,ASO,ES,Towers with Radar,0,6,78,0,84,0,0,303,0,303,0,6,381,0,387,577,0,577,964
08/20/2014,VRB,FL,ASO,ES,Towers with Radar,0,3,63,0,66,0,0,300,0,300,0,3,363,0,366,477,0,477,843
08/21/2014,VRB,FL,ASO,ES,Towers with Radar,0,2,76,0,78,0,0,314,0,314,0,2,390,0,392,575,0,575,967
08/22/2014,VRB,FL,ASO,ES,Towers with Radar,0,4,59,0,63,0,0,253,0,253,0,4,312,0,316,459,0,459,775
08/23/2014,VRB,FL,ASO,ES,Towers with Radar,0,6,29,0,35,0,0,192,0,192,0,6,221,0,227,315,0,315,542
08/24/2014,VRB,FL,ASO,ES,Towers with Radar,0,4,16,0,20,0,0,142,0,142,0,4,158,0,162,207,0,207,369
08/25/2014,VRB,FL,ASO,ES,Towers with Radar,0,2,51,0,53,0,0,183,0,183,0,2,234,0,236,185,0,185,421
08/26/2014,VRB,FL,ASO,ES,Towers with Radar,0,4,60,0,64,0,0,222,0,222,0,4,282,0,286,157,0,157,443
08/27/2014,VRB,FL,ASO,ES,Towers with Radar,0,3,46,0,49,0,0,303,0,303,0,3,349,0,352,460,0,460,812
08/28/2014,VRB,FL,ASO,ES,Towers with Radar,0,8,58,0,66,0,0,278,0,278,0,8,336,0,344,430,0,430,774
08/29/2014,VRB,FL,ASO,ES,Towers with Radar,0,4,78,0,82,0,0,249,0,249,0,4,327,0,331,345,0,345,676
08/30/2014,VRB,FL,ASO,ES,Towers with Radar,0,0,43,0,43,0,0,126,0,126,0,0,169,0,169,457,0,457,626
08/31/2014,VRB,FL,ASO,ES,Towers with Radar,0,4,17,0,21,0,0,103,0,103,0,4,120,0,124,271,0,271,395
09/01/2014,VRB,FL,ASO,ES,Towers with Radar,0,3,27,0,30,0,0,99,2,101,0,3,126,2,131,313,0,313,444
09/02/2014,VRB,FL,ASO,ES,Towers with Radar,0,0,64,0,64,0,0,270,0,270,0,0,334,0,334,609,0,609,943
09/03/2014,VRB,FL,ASO,ES,Towers with Radar,0,4,58,0,62,0,0,248,0,248,0,4,306,0,310,230,0,230,540
09/04/2014,VRB,FL,ASO,ES,Towers with Radar,0,5,69,0,74,0,0,190,0,190,0,5,259,0,264,460,0,460,724
09/05/2014,VRB,FL,ASO,ES,Towers with Radar,0,3,90,0,93,0,0,211,0,211,0,3,301,0,304,367,0,367,671
09/06/2014,VRB,FL,ASO,ES,Towers with Radar,0,4,33,0,37,0,0,134,0,134,0,4,167,0,171,304,0,304,475
09/07/2014,VRB,FL,ASO,ES,Towers with Radar,0,5,27,0,32,0,0,95,0,95,0,5,122,0,127,282,0,282,409
09/08/2014,VRB,FL,ASO,ES,Towers with Radar,0,1,82,0,83,0,0,212,0,212,0,1,294,0,295,619,0,619,914
09/09/2014,VRB,FL,ASO,ES,Towers with Radar,0,2,104,0,106,0,0,202,0,202,0,2,306,0,308,613,0,613,921
09/10/2014,VRB,FL,ASO,ES,Towers with Radar,0,5,83,0,88,0,0,262,0,262,0,5,345,0,350,565,0,565,915
09/11/2014,VRB,FL,ASO,ES,Towers with Radar,0,0,35,2,37,0,0,165,0,165,0,0,200,2,202,362,0,362,564
09/12/2014,VRB,FL,ASO,ES,Towers with Radar,0,3,103,0,106,0,0,123,0,123,0,3,226,0,229,588,0,588,817
09/13/2014,VRB,FL,ASO,ES,Towers with Radar,0,5,32,0,37,0,0,111,0,111,0,5,143,0,148,345,0,345,493
09/14/2014,VRB,FL,ASO,ES,Towers with Radar,0,2,27,0,29,0,12,118,0,130,0,14,145,0,159,224,0,224,383
09/15/2014,VRB,FL,ASO,ES,Towers with Radar,0,2,71,0,73,0,0,200,0,200,0,2,271,0,273,420,0,420,693
09/16/2014,VRB,FL,ASO,ES,Towers with Radar,0,6,45,1,52,0,0,236,0,236,0,6,281,1,288,579,0,579,867
09/17/2014,VRB,FL,ASO,ES,Towers with Radar,0,5,105,0,110,0,1,159,0,160,0,6,264,0,270,523,0,523,793
09/18/2014,VRB,FL,ASO,ES,Towers with Radar,0,7,66,0,73,0,0,148,0,148,0,7,214,0,221,367,0,367,588
09/19/2014,VRB,FL,ASO,ES,Towers with Radar,0,8,58,0,66,0,0,158,0,158,0,8,216,0,224,325,0,325,549
09/20/2014,VRB,FL,ASO,ES,Towers with Radar,0,2,42,0,44,0,0,48,0,48,0,2,90,0,92,195,0,195,287
09/21/2014,VRB,FL,ASO,ES,Towers with Radar,0,3,25,0,28,0,0,68,0,68,0,3,93,0,96,179,0,179,275
09/22/2014,VRB,FL,ASO,ES,Towers with Radar,0,3,80,0,83,0,0,142,0,142,0,3,222,0,225,315,0,315,540
09/23/2014,VRB,FL,ASO,ES,Towers with Radar,0,2,70,0,72,0,0,172,0,172,0,2,242,0,244,594,0,594,838
09/24/2014,VRB,FL,ASO,ES,Towers with Radar,0,4,72,0,76,0,0,117,0,117,0,4,189,0,193,349,2,351,544
09/25/2014,VRB,FL,ASO,ES,Towers with Radar,0,5,80,1,86,0,0,156,0,156,0,5,236,1,242,400,0,400,642
09/26/2014,VRB,FL,ASO,ES,Towers with Radar,0,0,87,0,87,0,0,188,0,188,0,0,275,0,275,481,0,481,756
09/27/2014,VRB,FL,ASO,ES,Towers with Radar,0,4,56,0,60,0,0,155,0,155,0,4,211,0,215,498,0,498,713
09/28/2014,VRB,FL,ASO,ES,Towers with Radar,0,5,39,0,44,0,0,107,0,107,0,5,146,0,151,309,0,309,460
09/29/2014,VRB,FL,ASO,ES,Towers with Radar,0,4,46,0,50,0,0,180,0,180,0,4,226,0,230,440,0,440,670
09/30/2014,VRB,FL,ASO,ES,Towers with Radar,0,5,69,0,74,0,0,103,0,103,0,5,172,0,177,195,0,195,372
10/01/2014,VRB,FL,ASO,ES,Towers with Radar,0,6,68,2,76,0,0,191,0,191,0,6,259,2,267,387,0,387,654
10/02/2014,VRB,FL,ASO,ES,Towers with Radar,0,4,48,0,52,0,0,142,0,142,0,4,190,0,194,271,0,271,465
10/03/2014,VRB,FL,ASO,ES,Towers with Radar,0,5,62,2,69,0,0,274,0,274,0,5,336,2,343,393,0,393,736
10/04/2014,VRB,FL,ASO,ES,Towers with Radar,0,4,41,0,45,0,0,137,0,137,0,4,178,0,182,446,0,446,628
10/05/2014,VRB,FL,ASO,ES,Towers with Radar,0,5,38,0,43,0,0,218,0,218,0,5,256,0,261,293,0,293,554
10/06/2014,VRB,FL,ASO,ES,Towers with Radar,0,3,62,0,65,0,0,301,0,301,0,3,363,0,366,509,0,509,875
10/07/2014,VRB,FL,ASO,ES,Towers with Radar,0,4,56,0,60,0,0,247,0,247,0,4,303,0,307,624,0,624,931
10/08/2014,VRB,FL,ASO,ES,Towers with Radar,0,4,67,0,71,0,0,254,0,254,0,4,321,0,325,576,0,576,901
10/09/2014,VRB,FL,ASO,ES,Towers with Radar,0,4,104,0,108,0,0,274,0,274,0,4,378,0,382,285,0,285,667
10/10/2014,VRB,FL,ASO,ES,Towers with Radar,0,10,90,0,100,0,0,256,0,256,0,10,346,0,356,452,0,452,808
10/11/2014,VRB,FL,ASO,ES,Towers with Radar,0,3,38,0,41,0,0,199,0,199,0,3,237,0,240,394,0,394,634
10/12/2014,VRB,FL,ASO,ES,Towers with Radar,0,17,24,0,41,0,0,176,0,176,0,17,200,0,217,407,0,407,624
10/13/2014,VRB,FL,ASO,ES,Towers with Radar,0,12,84,0,96,0,0,254,0,254,0,12,338,0,350,621,0,621,971
10/14/2014,VRB,FL,ASO,ES,Towers with Radar,0,5,54,0,59,0,0,187,0,187,0,5,241,0,246,330,0,330,576
10/15/2014,VRB,FL,ASO,ES,Towers with Radar,0,14,94,0,108,0,0,187,0,187,0,14,281,0,295,434,0,434,729
10/16/2014,VRB,FL,ASO,ES,Towers with Radar,0,15,77,2,94,0,0,351,0,351,0,15,428,2,445,465,0,465,910
10/17/2014,VRB,FL,ASO,ES,Towers with Radar,0,13,56,0,69,0,0,297,0,297,0,13,353,0,366,339,0,339,705
10/18/2014,VRB,FL,ASO,ES,Towers with Radar,0,6,38,0,44,0,0,202,0,202,0,6,240,0,246,556,0,556,802
10/19/2014,VRB,FL,ASO,ES,Towers with Radar,0,15,49,0,64,0,0,121,0,121,0,15,170,0,185,210,0,210,395
10/20/2014,VRB,FL,ASO,ES,Towers with Radar,0,10,63,0,73,0,0,206,0,206,0,10,269,0,279,422,0,422,701
10/21/2014,VRB,FL,ASO,ES,Towers with Radar,0,6,53,0,59,0,0,190,0,190,0,6,243,0,249,434,0,434,683
10/22/2014,VRB,FL,ASO,ES,Towers with Radar,0,11,100,1,112,0,0,206,0,206,0,11,306,1,318,252,0,252,570
10/23/2014,VRB,FL,ASO,ES,Towers with Radar,0,18,83,0,101,0,0,282,0,282,0,18,365,0,383,372,0,372,755
10/24/2014,VRB,FL,ASO,ES,Towers with Radar,0,10,71,5,86,0,0,209,4,213,0,10,280,9,299,285,0,285,584
10/25/2014,VRB,FL,ASO,ES,Towers with Radar,0,7,35,0,42,0,0,185,0,185,0,7,220,0,227,286,0,286,513
10/26/2014,VRB,FL,ASO,ES,Towers with Radar,0,7,30,0,37,0,0,202,0,202,0,7,232,0,239,263,0,263,502
10/27/2014,VRB,FL,ASO,ES,Towers with Radar,0,16,64,0,80,0,0,261,0,261,0,16,325,0,341,468,0,468,809
10/28/2014,VRB,FL,ASO,ES,Towers with Radar,0,16,71,1,88,0,0,315,0,315,0,16,386,1,403,462,0,462,865
10/29/2014,VRB,FL,ASO,ES,Towers with Radar,0,19,84,0,103,0,0,272,0,272,0,19,356,0,375,470,0,470,845
10/30/2014,VRB,FL,ASO,ES,Towers with Radar,0,11,95,0,106,0,0,286,1,287,0,11,381,1,393,644,0,644,1037
10/31/2014,VRB,FL,ASO,ES,Towers with Radar,0,16,73,0,89,0,0,222,0,222,0,16,295,0,311,490,0,490,801
11/01/2014,VRB,FL,ASO,ES,Towers with Radar,0,9,24,1,34,0,0,56,0,56,0,9,80,1,90,18,0,18,108
11/02/2014,VRB,FL,ASO,ES,Towers with Radar,0,16,41,0,57,0,0,162,0,162,0,16,203,0,219,123,0,123,342
11/03/2014,VRB,FL,ASO,ES,Towers with Radar,0,9,70,0,79,0,0,212,0,212,0,9,282,0,291,382,0,382,673
11/04/2014,VRB,FL,ASO,ES,Towers with Radar,0,8,88,0,96,0,0,201,0,201,0,8,289,0,297,324,0,324,621
11/05/2014,VRB,FL,ASO,ES,Towers with Radar,0,13,88,0,101,0,0,241,0,241,0,13,329,0,342,556,0,556,898
11/06/2014,VRB,FL,ASO,ES,Towers with Radar,0,16,87,0,103,0,0,291,0,291,0,16,378,0,394,721,0,721,1115
11/07/2014,VRB,FL,ASO,ES,Towers with Radar,0,13,88,0,101,0,1,244,0,245,0,14,332,0,346,401,0,401,747
11/08/2014,VRB,FL,ASO,ES,Towers with Radar,0,9,58,0,67,0,0,168,0,168,0,9,226,0,235,470,0,470,705
11/09/2014,VRB,FL,ASO,ES,Towers with Radar,0,9,44,0,53,0,0,0,0,0,0,9,44,0,53,0,0,0,53
11/10/2014,VRB,FL,ASO,ES,Towers with Radar,0,11,82,0,93,0,0,64,0,64,0,11,146,0,157,316,0,316,473
11/11/2014,VRB,FL,ASO,ES,Towers with Radar,0,14,84,0,98,0,0,259,0,259,0,14,343,0,357,581,0,581,938
11/12/2014,VRB,FL,ASO,ES,Towers with Radar,0,14,77,0,91,0,0,284,0,284,0,14,361,0,375,446,0,446,821
11/13/2014,VRB,FL,ASO,ES,Towers with Radar,0,10,93,0,103,0,0,313,0,313,0,10,406,0,416,675,0,675,1091
11/14/2014,VRB,FL,ASO,ES,Towers with Radar,0,19,90,0,109,0,0,120,0,120,0,19,210,0,229,330,0,330,559
11/15/2014,VRB,FL,ASO,ES,Towers with Radar,0,7,44,0,51,0,0,217,0,217,0,7,261,0,268,355,0,355,623
11/16/2014,VRB,FL,ASO,ES,Towers with Radar,0,11,58,0,69,0,0,138,0,138,0,11,196,0,207,363,0,363,570
11/17/2014,VRB,FL,ASO,ES,Towers with Radar,0,8,93,0,101,0,0,164,0,164,0,8,257,0,265,200,0,200,465
11/18/2014,VRB,FL,ASO,ES,Towers with Radar,0,17,77,0,94,0,0,7,0,7,0,17,84,0,101,4,0,4,105
11/19/2014,VRB,FL,ASO,ES,Towers with Radar,1,6,100,0,107,0,0,265,2,267,1,6,365,2,374,364,0,364,738
11/20/2014,VRB,FL,ASO,ES,Towers with Radar,0,14,90,0,104,0,0,247,0,247,0,14,337,0,351,422,0,422,773
11/21/2014,VRB,FL,ASO,ES,Towers with Radar,0,18,98,0,116,0,0,200,0,200,0,18,298,0,316,250,0,250,566
11/22/2014,VRB,FL,ASO,ES,Towers with Radar,0,32,69,0,101,0,1,14,0,15,0,33,83,0,116,65,0,65,181
11/23/2014,VRB,FL,ASO,ES,Towers with Radar,0,17,53,0,70,0,0,57,0,57,0,17,110,0,127,147,0,147,274
11/24/2014,VRB,FL,ASO,ES,Towers with Radar,0,27,87,0,114,0,0,170,0,170,0,27,257,0,284,202,0,202,486
11/25/2014,VRB,FL,ASO,ES,Towers with Radar,0,11,82,0,93,0,0,82,0,82,0,11,164,0,175,192,0,192,367
11/26/2014,VRB,FL,ASO,ES,Towers with Radar,0,22,49,0,71,0,0,47,0,47,0,22,96,0,118,120,0,120,238
11/27/2014,VRB,FL,ASO,ES,Towers with Radar,0,10,20,0,30,0,0,65,0,65,0,10,85,0,95,50,0,50,145
11/28/2014,VRB,FL,ASO,ES,Towers with Radar,0,12,23,0,35,0,0,49,0,49,0,12,72,0,84,44,0,44,128
11/29/2014,VRB,FL,ASO,ES,Towers with Radar,0,17,46,0,63,0,0,227,0,227,0,17,273,0,290,323,0,323,613
11/30/2014,VRB,FL,ASO,ES,Towers with Radar,0,40,75,0,115,0,0,242,0,242,0,40,317,0,357,408,0,408,765
12/01/2014,VRB,FL,ASO,ES,Towers with Radar,0,22,93,0,115,0,0,226,0,226,0,22,319,0,341,340,0,340,681
12/02/2014,VRB,FL,ASO,ES,Towers with Radar,0,16,75,2,93,0,0,157,0,157,0,16,232,2,250,510,0,510,760
12/03/2014,VRB,FL,ASO,ES,Towers with Radar,0,8,89,1,98,0,0,295,0,295,0,8,384,1,393,382,0,382,775
12/04/2014,VRB,FL,ASO,ES,Towers with Radar,0,7,80,0,87,0,0,222,0,222,0,7,302,0,309,291,0,291,600
12/05/2014,VRB,FL,ASO,ES,Towers with Radar,0,12,79,0,91,0,0,181,0,181,0,12,260,0,272,211,0,211,483
12/06/2014,VRB,FL,ASO,ES,Towers with Radar,0,9,51,0,60,0,1,245,0,246,0,10,296,0,306,450,0,450,756
12/07/2014,VRB,FL,ASO,ES,Towers with Radar,0,18,47,0,65,0,0,28,0,28,0,18,75,0,93,124,0,124,217
12/08/2014,VRB,FL,ASO,ES,Towers with Radar,0,8,98,0,106,0,0,35,0,35,0,8,133,0,141,31,0,31,172
12/09/2014,VRB,FL,ASO,ES,Towers with Radar,0,3,81,0,84,0,0,281,0,281,0,3,362,0,365,336,0,336,701
12/10/2014,VRB,FL,ASO,ES,Towers with Radar,0,6,93,0,99,0,0,377,1,378,0,6,470,1,477,562,0,562,1039
12/11/2014,VRB,FL,ASO,ES,Towers with Radar,0,12,90,0,102,0,0,301,0,301,0,12,391,0,403,480,0,480,883
12/12/2014,VRB,FL,ASO,ES,Towers with Radar,0,11,68,3,82,0,0,286,3,289,0,11,354,6,371,441,0,441,812
12/13/2014,VRB,FL,ASO,ES,Towers with Radar,0,7,75,0,82,0,0,235,2,237,0,7,310,2,319,399,0,399,718
12/14/2014,VRB,FL,ASO,ES,Towers with Radar,0,18,41,4,63,0,0,208,0,208,0,18,249,4,271,425,0,425,696
12/15/2014,VRB,FL,ASO,ES,Towers with Radar,0,12,95,0,107,0,0,267,0,267,0,12,362,0,374,454,0,454,828
12/16/2014,VRB,FL,ASO,ES,Towers with Radar,0,3,76,3,82,0,0,269,0,269,0,3,345,3,351,583,0,583,934
12/17/2014,VRB,FL,ASO,ES,Towers with Radar,0,20,86,0,106,0,0,329,0,329,0,20,415,0,435,610,0,610,1045
12/18/2014,VRB,FL,ASO,ES,Towers with Radar,0,10,85,2,97,0,0,308,0,308,0,10,393,2,405,395,2,397,802
12/19/2014,VRB,FL,ASO,ES,Towers with Radar,0,17,49,0,66,0,0,290,1,291,0,17,339,1,357,263,0,263,620
12/20/2014,VRB,FL,ASO,ES,Towers with Radar,0,22,37,0,59,0,0,194,0,194,0,22,231,0,253,618,0,618,871
12/21/2014,VRB,FL,ASO,ES,Towers with Radar,0,8,53,0,61,0,0,173,0,173,0,8,226,0,234,357,0,357,591
12/22/2014,VRB,FL,ASO,ES,Towers with Radar,0,14,53,0,67,0,0,189,0,189,0,14,242,0,256,375,0,375,631
12/23/2014,VRB,FL,ASO,ES,Towers with Radar,0,7,76,0,83,0,0,130,0,130,0,7,206,0,213,174,0,174,387
12/24/2014,VRB,FL,ASO,ES,Towers with Radar,0,3,14,0,17,0,0,53,0,53,0,3,67,0,70,88,0,88,158
12/25/2014,VRB,FL,ASO,ES,Towers with Radar,0,10,7,0,17,0,0,11,0,11,0,10,18,0,28,13,0,13,41
12/26/2014,VRB,FL,ASO,ES,Towers with Radar,0,35,55,0,90,0,0,52,0,52,0,35,107,0,142,21,0,21,163
12/27/2014,VRB,FL,ASO,ES,Towers with Radar,0,33,72,0,105,0,0,73,0,73,0,33,145,0,178,103,0,103,281
12/28/2014,VRB,FL,ASO,ES,Towers with Radar,0,32,46,0,78,0,0,147,0,147,0,32,193,0,225,163,0,163,388
12/29/2014,VRB,FL,ASO,ES,Towers with Radar,0,33,76,0,109,0,0,184,0,184,0,33,260,0,293,181,0,181,474
12/30/2014,VRB,FL,ASO,ES,Towers with Radar,0,21,76,0,97,0,0,153,3,156,0,21,229,3,253,207,0,207,460
12/31/2014,VRB,FL,ASO,ES,Towers with Radar,0,19,34,0,53,0,0,2,0,2,0,19,36,0,55,2,0,2,57
01/01/2015,VRB,FL,ASO,ES,Towers with Radar,0,11,19,0,30,0,0,2,0,2,0,11,21,0,32,0,0,0,32
01/02/2015,VRB,FL,ASO,ES,Towers with Radar,0,23,57,0,80,0,0,9,0,9,0,23,66,0,89,51,0,51,140
01/03/2015,VRB,FL,ASO,ES,Towers with Radar,0,17,60,0,77,0,0,103,0,103,0,17,163,0,180,253,0,253,433
01/04/2015,VRB,FL,ASO,ES,Towers with Radar,0,26,83,0,109,0,0,128,1,129,0,26,211,1,238,171,0,171,409
01/05/2015,VRB,FL,ASO,ES,Towers with Radar,0,24,64,0,88,0,0,52,0,52,0,24,116,0,140,124,0,124,264
01/06/2015,VRB,FL,ASO,ES,Towers with Radar,0,16,65,0,81,0,0,341,0,341,0,16,406,0,422,525,0,525,947
01/07/2015,VRB,FL,ASO,ES,Towers with Radar,0,17,64,2,83,0,0,275,0,275,0,17,339,2,358,499,0,499,857
01/08/2015,VRB,FL,ASO,ES,Towers with Radar,0,9,54,0,63,0,0,179,1,180,0,9,233,1,243,179,0,179,422
01/09/2015,VRB,FL,ASO,ES,Towers with Radar,0,2,68,0,70,0,0,191,0,191,0,2,259,0,261,289,0,289,550
01/10/2015,VRB,FL,ASO,ES,Towers with Radar,0,6,48,0,54,0,0,216,0,216,0,6,264,0,270,274,0,274,544
01/11/2015,VRB,FL,ASO,ES,Towers with Radar,0,4,57,0,61,0,0,130,0,130,0,4,187,0,191,342,0,342,533
01/12/2015,VRB,FL,ASO,ES,Towers with Radar,0,5,48,0,53,0,0,89,0,89,0,5,137,0,142,296,0,296,438
01/13/2015,VRB,FL,ASO,ES,Towers with Radar,0,11,72,0,83,0,0,137,0,137,0,11,209,0,220,250,0,250,470
01/14/2015,VRB,FL,ASO,ES,Towers with Radar,0,7,85,1,93,0,0,31,0,31,0,7,116,1,124,16,0,16,140
01/15/2015,VRB,FL,ASO,ES,Towers with Radar,0,7,78,2,87,0,0,163,0,163,0,7,241,2,250,462,0,462,712
01/16/2015,VRB,FL,ASO,ES,Towers with Radar,0,15,76,0,91,0,0,246,0,246,0,15,322,0,337,356,0,356,693
01/17/2015,VRB,FL,ASO,ES,Towers with Radar,0,12,40,1,53,0,1,335,0,336,0,13,375,1,389,559,0,559,948
01/18/2015,VRB,FL,ASO,ES,Towers with Radar,0,4,41,0,45,0,0,209,0,209,0,4,250,0,254,337,0,337,591
01/19/2015,VRB,FL,ASO,ES,Towers with Radar,0,19,65,0,84,0,0,286,0,286,0,19,351,0,370,392,0,392,762
01/20/2015,VRB,FL,ASO,ES,Towers with Radar,0,9,55,0,64,0,0,314,1,315,0,9,369,1,379,755,0,755,1134
01/21/2015,VRB,FL,ASO,ES,Towers with Radar,0,9,87,0,96,0,0,325,0,325,0,9,412,0,421,430,0,430,851
01/22/2015,VRB,FL,ASO,ES,Towers with Radar,0,15,64,0,79,0,0,336,0,336,0,15,400,0,415,600,0,600,1015
01/23/2015,VRB,FL,ASO,ES,Towers with Radar,0,9,43,2,54,0,0,204,0,204,0,9,247,2,258,299,0,299,557
01/24/2015,VRB,FL,ASO,ES,Towers with Radar,0,9,27,0,36,0,0,14,0,14,0,9,41,0,50,9,0,9,59
01/25/2015,VRB,FL,ASO,ES,Towers with Radar,0,22,42,0,64,0,0,279,0,279,0,22,321,0,343,373,0,373,716
01/26/2015,VRB,FL,ASO,ES,Towers with Radar,0,7,54,0,61,0,0,110,0,110,0,7,164,0,171,115,0,115,286
01/27/2015,VRB,FL,ASO,ES,Towers with Radar,0,5,61,0,66,0,0,231,2,233,0,5,292,2,299,502,0,502,801
01/28/2015,VRB,FL,ASO,ES,Towers with Radar,0,7,62,0,69,0,0,235,0,235,0,7,297,0,304,429,0,429,733
01/29/2015,VRB,FL,ASO,ES,Towers with Radar,0,12,84,0,96,0,0,405,0,405,0,12,489,0,501,679,0,679,1180
01/30/2015,VRB,FL,ASO,ES,Towers with Radar,0,5,75,0,80,0,0,304,0,304,0,5,379,0,384,729,0,729,1113
01/31/2015,VRB,FL,ASO,ES,Towers with Radar,0,1,38,0,39,0,0,224,0,224,0,1,262,0,263,171,0,171,434
02/01/2015,VRB,FL,ASO,ES,Towers with Radar,0,11,34,0,45,0,0,170,0,170,0,11,204,0,215,350,0,350,565
02/02/2015,VRB,FL,ASO,ES,Towers with Radar,0,12,54,0,66,0,0,163,0,163,0,12,217,0,229,164,0,164,393
02/03/2015,VRB,FL,ASO,ES,Towers with Radar,0,12,71,0,83,0,0,317,0,317,0,12,388,0,400,300,0,300,700
02/04/2015,VRB,FL,ASO,ES,Towers with Radar,0,10,96,0,106,0,0,277,0,277,0,10,373,0,383,567,0,567,950
02/05/2015,VRB,FL,ASO,ES,Towers with Radar,0,7,54,0,61,0,0,27,0,27,0,7,81,0,88,193,0,193,281
02/06/2015,VRB,FL,ASO,ES,Towers with Radar,0,10,73,0,83,0,0,207,0,207,0,10,280,0,290,377,0,377,667
02/07/2015,VRB,FL,ASO,ES,Towers with Radar,0,11,65,0,76,0,2,249,2,253,0,13,314,2,329,566,0,566,895
02/08/2015,VRB,FL,ASO,ES,Towers with Radar,0,17,42,0,59,0,0,278,0,278,0,17,320,0,337,475,0,475,812
02/09/2015,VRB,FL,ASO,ES,Towers with Radar,0,13,43,0,56,0,0,266,0,266,0,13,309,0,322,435,0,435,757
02/10/2015,VRB,FL,ASO,ES,Towers with Radar,0,4,61,0,65,0,0,136,0,136,0,4,197,0,201,343,0,343,544
02/11/2015,VRB,FL,ASO,ES,Towers with Radar,0,10,68,0,78,0,0,253,0,253,0,10,321,0,331,452,0,452,783
02/12/2015,VRB,FL,ASO,ES,Towers with Radar,0,29,64,0,93,0,0,338,0,338,0,29,402,0,431,624,0,624,1055
02/13/2015,VRB,FL,ASO,ES,Towers with Radar,0,24,64,0,88,0,0,298,0,298,0,24,362,0,386,448,0,448,834
02/14/2015,VRB,FL,ASO,ES,Towers with Radar,0,16,49,0,65,0,3,190,0,193,0,19,239,0,258,554,0,554,812
02/15/2015,VRB,FL,ASO,ES,Towers with Radar,0,17,38,0,55,0,1,152,0,153,0,18,190,0,208,254,0,254,462
02/16/2015,VRB,FL,ASO,ES,Towers with Radar,0,30,81,0,111,0,0,253,0,253,0,30,334,0,364,377,0,377,741
02/17/2015,VRB,FL,ASO,ES,Towers with Radar,0,14,50,0,64,0,0,164,0,164,0,14,214,0,228,239,0,239,467
02/18/2015,VRB,FL,ASO,ES,Towers with Radar,0,12,67,0,79,0,0,195,0,195,0,12,262,0,274,385,0,385,659
02/19/2015,VRB,FL,ASO,ES,Towers with Radar,0,17,80,0,97,0,0,171,0,171,0,17,251,0,268,363,0,363,631
02/20/2015,VRB,FL,ASO,ES,Towers with Radar,0,26,86,0,112,0,0,261,0,261,0,26,347,0,373,407,0,407,780
02/21/2015,VRB,FL,ASO,ES,Towers with Radar,0,6,52,0,58,0,0,153,0,153,0,6,205,0,211,438,0,438,649
02/22/2015,VRB,FL,ASO,ES,Towers with Radar,0,26,39,0,65,0,0,140,0,140,0,26,179,0,205,376,0,376,581
02/23/2015,VRB,FL,ASO,ES,Towers with Radar,0,11,78,0,89,0,0,259,0,259,0,11,337,0,348,685,0,685,1033
02/24/2015,VRB,FL,ASO,ES,Towers with Radar,0,20,84,0,104,0,0,289,0,289,0,20,373,0,393,526,0,526,919
02/25/2015,VRB,FL,ASO,ES,Towers with Radar,2,14,125,0,141,0,0,58,0,58,2,14,183,0,199,310,0,310,509
02/26/2015,VRB,FL,ASO,ES,Towers with Radar,0,9,96,2,107,0,0,10,0,10,0,9,106,2,117,28,0,28,145
02/27/2015,VRB,FL,ASO,ES,Towers with Radar,0,25,69,0,94,0,0,28,0,28,0,25,97,0,122,141,0,141,263
02/28/2015,VRB,FL,ASO,ES,Towers with Radar,0,10,52,0,62,0,0,6,0,6,0,10,58,0,68,28,0,28,96
03/01/2015,VRB,FL,ASO,ES,Towers with Radar,0,13,55,0,68,0,0,135,0,135,0,13,190,0,203,311,0,311,514
03/02/2015,VRB,FL,ASO,ES,Towers with Radar,0,16,116,0,132,0,0,193,0,193,0,16,309,0,325,256,0,256,581
03/03/2015,VRB,FL,ASO,ES,Towers with Radar,0,17,75,0,92,0,1,306,0,307,0,18,381,0,399,516,0,516,915
03/04/2015,VRB,FL,ASO,ES,Towers with Radar,0,10,84,0,94,0,0,247,0,247,0,10,331,0,341,441,0,441,782
03/05/2015,VRB,FL,ASO,ES,Towers with Radar,1,14,85,0,100,1,0,284,0,285,2,14,369,0,385,384,0,384,769
03/06/2015,VRB,FL,ASO,ES,Towers with Radar,0,13,83,0,96,0,0,69,0,69,0,13,152,0,165,115,0,115,280
03/07/2015,VRB,FL,ASO,ES,Towers with Radar,0,9,46,0,55,0,0,6,0,6,0,9,52,0,61,0,0,0,61
03/08/2015,VRB,FL,ASO,ES,Towers with Radar,0,26,35,0,61,0,0,185,0,185,0,26,220,0,246,433,0,433,679
03/09/2015,VRB,FL,ASO,ES,Towers with Radar,0,10,96,2,108,0,0,263,0,263,0,10,359,2,371,341,0,341,712
03/10/2015,VRB,FL,ASO,ES,Towers with Radar,0,3,106,2,111,0,1,232,0,233,0,4,338,2,344,530,0,530,874
03/11/2015,VRB,FL,ASO,ES,Towers with Radar,0,16,116,2,134,0,0,207,0,207,0,16,323,2,341,434,0,434,775
03/12/2015,VRB,FL,ASO,ES,Towers with Radar,0,22,71,0,93,0,0,265,0,265,0,22,336,0,358,335,0,335,693
03/13/2015,VRB,FL,ASO,ES,Towers with Radar,0,19,90,0,109,0,0,215,0,215,0,19,305,0,324,225,0,225,549
03/14/2015,VRB,FL,ASO,ES,Towers with Radar,0,13,45,0,58,0,1,201,0,202,0,14,246,0,260,316,0,316,576
03/15/2015,VRB,FL,ASO,ES,Towers with Radar,0,34,54,0,88,0,0,138,0,138,0,34,192,0,226,289,0,289,515
03/16/2015,VRB,FL,ASO,ES,Towers with Radar,0,13,100,0,113,0,0,282,0,282,0,13,382,0,395,362,0,362,757
03/17/2015,VRB,FL,ASO,ES,Towers with Radar,0,27,81,0,108,0,0,306,0,306,0,27,387,0,414,364,0,364,778
03/18/2015,VRB,FL,ASO,ES,Towers with Radar,0,19,121,0,140,0,0,302,0,302,0,19,423,0,442,346,0,346,788
03/19/2015,VRB,FL,ASO,ES,Towers with Radar,0,14,99,0,113,0,0,278,0,278,0,14,377,0,391,416,0,416,807
03/20/2015,VRB,FL,ASO,ES,Towers with Radar,0,18,90,0,108,0,0,208,0,208,0,18,298,0,316,470,0,470,786
03/21/2015,VRB,FL,ASO,ES,Towers with Radar,0,21,62,0,83,0,0,111,0,111,0,21,173,0,194,322,0,322,516
03/22/2015,VRB,FL,ASO,ES,Towers with Radar,0,30,56,0,86,0,0,136,0,136,0,30,192,0,222,380,0,380,602
03/23/2015,VRB,FL,ASO,ES,Towers with Radar,0,14,79,0,93,0,0,74,0,74,0,14,153,0,167,93,0,93,260
03/24/2015,VRB,FL,ASO,ES,Towers with Radar,0,16,102,0,118,0,0,105,0,105,0,16,207,0,223,248,0,248,471
03/25/2015,VRB,FL,ASO,ES,Towers with Radar,0,14,97,0,111,0,0,70,0,70,0,14,167,0,181,139,0,139,320
03/26/2015,VRB,FL,ASO,ES,Towers with Radar,0,13,82,0,95,0,1,268,0,269,0,14,350,0,364,286,0,286,650
03/27/2015,VRB,FL,ASO,ES,Towers with Radar,0,12,77,0,89,0,0,40,0,40,0,12,117,0,129,22,0,22,151
03/28/2015,VRB,FL,ASO,ES,Towers with Radar,0,18,34,0,52,0,0,20,0,20,0,18,54,0,72,15,0,15,87
03/29/2015,VRB,FL,ASO,ES,Towers with Radar,0,29,33,0,62,0,0,18,0,18,0,29,51,0,80,8,0,8,88
03/30/2015,VRB,FL,ASO,ES,Towers with Radar,0,13,61,0,74,0,0,352,0,352,0,13,413,0,426,438,0,438,864
03/31/2015,VRB,FL,ASO,ES,Towers with Radar,0,19,68,0,87,0,0,310,0,310,0,19,378,0,397,341,0,341,738
04/01/2015,VRB,FL,ASO,ES,Towers with Radar,0,10,114,0,124,0,0,236,0,236,0,10,350,0,360,424,0,424,784
04/02/2015,VRB,FL,ASO,ES,Towers with Radar,0,25,93,0,118,0,0,329,0,329,0,25,422,0,447,418,0,418,865
04/03/2015,VRB,FL,ASO,ES,Towers with Radar,0,30,81,0,111,0,0,293,0,293,0,30,374,0,404,372,0,372,776
04/04/2015,VRB,FL,ASO,ES,Towers with Radar,0,26,50,0,76,0,0,255,0,255,0,26,305,0,331,347,0,347,678
04/05/2015,VRB,FL,ASO,ES,Towers with Radar,0,23,34,0,57,0,0,40,0,40,0,23,74,0,97,134,0,134,231
04/06/2015,VRB,FL,ASO,ES,Towers with Radar,0,29,101,0,130,0,0,190,0,190,0,29,291,0,320,549,0,549,869
04/07/2015,VRB,FL,ASO,ES,Towers with Radar,0,22,91,0,113,0,0,291,0,291,0,22,382,0,404,482,0,482,886
04/08/2015,VRB,FL,ASO,ES,Towers with Radar,0,14,77,0,91,0,0,272,0,272,0,14,349,0,363,489,0,489,852
04/09/2015,VRB,FL,ASO,ES,Towers with Radar,0,16,97,0,113,0,0,287,0,287,0,16,384,0,400,464,0,464,864
04/10/2015,VRB,FL,ASO,ES,Towers with Radar,0,15,72,0,87,0,0,264,0,264,0,15,336,0,351,245,0,245,596
04/11/2015,VRB,FL,ASO,ES,Towers with Radar,0,12,37,1,50,0,0,125,0,125,0,12,162,1,175,244,0,244,419
04/12/2015,VRB,FL,ASO,ES,Towers with Radar,0,16,39,2,57,0,0,105,0,105,0,16,144,2,162,179,0,179,341
04/13/2015,VRB,FL,ASO,ES,Towers with Radar,0,14,72,0,86,0,0,168,0,168,0,14,240,0,254,275,0,275,529
04/14/2015,VRB,FL,ASO,ES,Towers with Radar,0,9,61,0,70,0,0,309,0,309,0,9,370,0,379,450,0,450,829
04/15/2015,VRB,FL,ASO,ES,Towers with Radar,0,8,60,0,68,0,0,264,0,264,0,8,324,0,332,500,0,500,832
04/16/2015,VRB,FL,ASO,ES,Towers with Radar,0,10,60,0,70,0,0,243,0,243,0,10,303,0,313,484,0,484,797
04/17/2015,VRB,FL,ASO,ES,Towers with Radar,0,17,53,1,71,0,0,239,0,239,0,17,292,1,310,385,0,385,695
04/18/2015,VRB,FL,ASO,ES,Towers with Radar,0,9,34,0,43,0,0,247,0,247,0,9,281,0,290,291,0,291,581
04/19/2015,VRB,FL,ASO,ES,Towers with Radar,0,25,37,5,67,0,0,221,0,221,0,25,258,5,288,256,0,256,544
04/20/2015,VRB,FL,ASO,ES,Towers with Radar,0,6,46,0,52,0,0,137,0,137,0,6,183,0,189,146,0,146,335
04/21/2015,VRB,FL,ASO,ES,Towers with Radar,0,14,84,0,98,0,0,305,0,305,0,14,389,0,403,525,0,525,928
04/22/2015,VRB,FL,ASO,ES,Towers with Radar,0,12,84,0,96,0,0,285,0,285,0,12,369,0,381,386,0,386,767
04/23/2015,VRB,FL,ASO,ES,Towers with Radar,0,12,68,0,80,0,0,190,0,190,0,12,258,0,270,387,0,387,657
04/24/2015,VRB,FL,ASO,ES,Towers with Radar,0,20,73,0,93,0,0,259,0,259,0,20,332,0,352,312,0,312,664
04/25/2015,VRB,FL,ASO,ES,Towers with Radar,0,15,31,0,46,0,0,196,0,196,0,15,227,0,242,256,0,256,498
04/26/2015,VRB,FL,ASO,ES,Towers with Radar,0,25,45,0,70,0,0,155,0,155,0,25,200,0,225,261,0,261,486
04/27/2015,VRB,FL,ASO,ES,Towers with Radar,0,12,84,0,96,0,0,234,2,236,0,12,318,2,332,504,0,504,836
04/28/2015,VRB,FL,ASO,ES,Towers with Radar,0,8,40,0,48,0,0,121,0,121,0,8,161,0,169,324,0,324,493
04/29/2015,VRB,FL,ASO,ES,Towers with Radar,0,13,86,0,99,0,0,247,0,247,0,13,333,0,346,443,0,443,789
04/30/2015,VRB,FL,ASO,ES,Towers with Radar,0,11,79,0,90,0,0,229,0,229,0,11,308,0,319,383,0,383,702
05/01/2015,VRB,FL,ASO,ES,Towers with Radar,0,20,60,0,80,0,0,258,0,258,0,20,318,0,338,400,0,400,738
05/02/2015,VRB,FL,ASO,ES,Towers with Radar,0,7,58,0,65,0,0,247,0,247,0,7,305,0,312,172,0,172,484
05/03/2015,VRB,FL,ASO,ES,Towers with Radar,0,13,67,1,81,0,0,158,0,158,0,13,225,1,239,442,0,442,681
05/04/2015,VRB,FL,ASO,ES,Towers with Radar,0,4,69,1,74,0,0,233,0,233,0,4,302,1,307,256,0,256,563
05/05/2015,VRB,FL,ASO,ES,Towers with Radar,0,9,83,6,98,0,0,142,0,142,0,9,225,6,240,217,0,217,457
05/06/2015,VRB,FL,ASO,ES,Towers with Radar,0,10,66,0,76,0,0,160,0,160,0,10,226,0,236,328,0,328,564
05/07/2015,VRB,FL,ASO,ES,Towers with Radar,0,19,61,0,80,0,0,344,0,344,0,19,405,0,424,306,0,306,730
05/08/2015,VRB,FL,ASO,ES,Towers with Radar,0,13,68,0,81,0,0,292,0,292,0,13,360,0,373,319,0,319,692
05/09/2015,VRB,FL,ASO,ES,Towers with Radar,0,8,50,0,58,0,0,194,0,194,0,8,244,0,252,227,0,227,479
05/10/2015,VRB,FL,ASO,ES,Towers with Radar,0,9,22,1,32,0,0,175,0,175,0,9,197,1,207,222,0,222,429
05/11/2015,VRB,FL,ASO,ES,Towers with Radar,0,12,78,1,91,0,0,288,0,288,0,12,366,1,379,376,0,376,755
05/12/2015,VRB,FL,ASO,ES,Towers with Radar,0,5,75,0,80,0,0,294,0,294,0,5,369,0,374,336,0,336,710
05/13/2015,VRB,FL,ASO,ES,Towers with Radar,0,14,79,0,93,0,1,316,0,317,0,15,395,0,410,373,0,373,783
05/14/2015,VRB,FL,ASO,ES,Towers with Radar,0,12,106,0,118,0,0,280,0,280,0,12,386,0,398,359,0,359,757
05/15/2015,VRB,FL,ASO,ES,Towers with Radar,0,14,107,0,121,0,0,243,0,243,0,14,350,0,364,364,0,364,728
05/16/2015,VRB,FL,ASO,ES,Towers with Radar,0,11,57,1,69,0,1,115,0,116,0,12,172,1,185,200,0,200,385
05/17/2015,VRB,FL,ASO,ES,Towers with Radar,0,12,32,0,44,0,0,172,0,172,0,12,204,0,216,168,0,168,384
05/18/2015,VRB,FL,ASO,ES,Towers with Radar,0,12,60,0,72,0,0,337,0,337,0,12,397,0,409,411,0,411,820
05/19/2015,VRB,FL,ASO,ES,Towers with Radar,0,7,75,0,82,0,0,337,0,337,0,7,412,0,419,451,0,451,870
05/20/2015,VRB,FL,ASO,ES,Towers with Radar,0,10,114,0,124,0,0,252,0,252,0,10,366,0,376,362,0,362,738
05/21/2015,VRB,FL,ASO,ES,Towers with Radar,0,8,91,0,99,0,0,286,0,286,0,8,377,0,385,319,0,319,704
05/22/2015,VRB,FL,ASO,ES,Towers with Radar,0,11,81,0,92,0,0,220,0,220,0,11,301,0,312,200,0,200,512
05/23/2015,VRB,FL,ASO,ES,Towers with Radar,0,11,35,0,46,0,0,207,0,207,0,11,242,0,253,169,0,169,422
05/24/2015,VRB,FL,ASO,ES,Towers with Radar,0,2,23,0,25,0,0,161,0,161,0,2,184,0,186,221,0,221,407
05/25/2015,VRB,FL,ASO,ES,Towers with Radar,0,15,37,0,52,0,0,71,0,71,0,15,108,0,123,86,0,86,209
05/26/2015,VRB,FL,ASO,ES,Towers with Radar,0,3,108,0,111,0,1,201,0,202,0,4,309,0,313,355,0,355,668
05/27/2015,VRB,FL,ASO,ES,Towers with Radar,0,8,107,0,115,0,0,215,1,216,0,8,322,1,331,343,0,343,674
05/28/2015,VRB,FL,ASO,ES,Towers with Radar,0,8,104,0,112,0,0,254,0,254,0,8,358,0,366,280,0,280,646
05/29/2015,VRB,FL,ASO,ES,Towers with Radar,0,12,95,0,107,0,0,186,0,186,0,12,281,0,293,366,0,366,659
05/30/2015,VRB,FL,ASO,ES,Towers with Radar,0,3,43,0,46,0,0,174,0,174,0,3,217,0,220,273,0,273,493
05/31/2015,VRB,FL,ASO,ES,Towers with Radar,0,9,48,0,57,0,0,190,0,190,0,9,238,0,247,356,0,356,603
06/01/2015,VRB,FL,ASO,ES,Towers with Radar,0,4,80,0,84,0,0,203,0,203,0,4,283,0,287,415,0,415,702
06/02/2015,VRB,FL,ASO,ES,Towers with Radar,0,8,85,0,93,0,0,214,0,214,0,8,299,0,307,450,0,450,757
06/03/2015,VRB,FL,ASO,ES,Towers with Radar,0,2,121,0,123,0,0,271,0,271,0,2,392,0,394,394,0,394,788
06/04/2015,VRB,FL,ASO,ES,Towers with Radar,0,9,114,0,123,0,0,249,0,249,0,9,363,0,372,270,0,270,642
06/05/2015,VRB,FL,ASO,ES,Towers with Radar,0,4,100,0,104,0,0,293,0,293,0,4,393,0,397,286,0,286,683
06/06/2015,VRB,FL,ASO,ES,Towers with Radar,0,1,45,0,46,0,0,123,0,123,0,1,168,0,169,286,0,286,455
06/07/2015,VRB,FL,ASO,ES,Towers with Radar,0,6,44,0,50,0,0,131,0,131,0,6,175,0,181,151,0,151,332
06/08/2015,VRB,FL,ASO,ES,Towers with Radar,0,5,98,0,103,0,0,201,0,201,0,5,299,0,304,313,0,313,617
06/09/2015,VRB,FL,ASO,ES,Towers with Radar,0,3,92,0,95,0,0,166,0,166,0,3,258,0,261,142,0,142,403
06/10/2015,VRB,FL,ASO,ES,Towers with Radar,2,1,56,0,59,0,0,140,0,140,2,1,196,0,199,55,0,55,254
06/11/2015,VRB,FL,ASO,ES,Towers with Radar,0,3,107,0,110,0,0,278,0,278,0,3,385,0,388,379,0,379,767
06/12/2015,VRB,FL,ASO,ES,Towers with Radar,0,2,88,0,90,0,0,220,0,220,0,2,308,0,310,481,0,481,791
06/13/2015,VRB,FL,ASO,ES,Towers with Radar,0,6,27,0,33,0,0,187,0,187,0,6,214,0,220,304,0,304,524
06/14/2015,VRB,FL,ASO,ES,Towers with Radar,0,5,27,0,32,0,0,168,0,168,0,5,195,0,200,161,0,161,361
06/15/2015,VRB,FL,ASO,ES,Towers with Radar,0,3,62,0,65,0,0,226,0,226,0,3,288,0,291,356,0,356,647
06/16/2015,VRB,FL,ASO,ES,Towers with Radar,0,6,83,0,89,0,1,262,0,263,0,7,345,0,352,370,0,370,722
06/17/2015,VRB,FL,ASO,ES,Towers with Radar,0,6,71,0,77,0,0,372,0,372,0,6,443,0,449,390,0,390,839
06/18/2015,VRB,FL,ASO,ES,Towers with Radar,0,1,68,0,69,0,0,290,0,290,0,1,358,0,359,419,0,419,778
06/19/2015,VRB,FL,ASO,ES,Towers with Radar,0,1,102,0,103,0,0,257,0,257,0,1,359,0,360,300,0,300,660
06/20/2015,VRB,FL,ASO,ES,Towers with Radar,0,2,51,0,53,0,0,195,0,195,0,2,246,0,248,339,0,339,587
06/21/2015,VRB,FL,ASO,ES,Towers with Radar,0,11,33,0,44,0,0,210,0,210,0,11,243,0,254,173,0,173,427
06/22/2015,VRB,FL,ASO,ES,Towers with Radar,0,4,88,0,92,0,0,272,0,272,0,4,360,0,364,362,0,362,726
06/23/2015,VRB,FL,ASO,ES,Towers with Radar,0,3,72,0,75,0,0,234,0,234,0,3,306,0,309,277,0,277,586
06/24/2015,VRB,FL,ASO,ES,Towers with Radar,0,4,77,1,82,0,0,273,1,274,0,4,350,2,356,450,0,450,806
06/25/2015,VRB,FL,ASO,ES,Towers with Radar,0,14,90,0,104,0,0,271,0,271,0,14,361,0,375,499,0,499,874
06/26/2015,VRB,FL,ASO,ES,Towers with Radar,0,4,70,0,74,0,0,243,0,243,0,4,313,0,317,325,0,325,642
06/27/2015,VRB,FL,ASO,ES,Towers with Radar,0,2,60,0,62,0,0,200,0,200,0,2,260,0,262,233,0,233,495
06/28/2015,VRB,FL,ASO,ES,Towers with Radar,0,6,45,0,51,0,0,160,0,160,0,6,205,0,211,151,0,151,362
06/29/2015,VRB,FL,ASO,ES,Towers with Radar,0,4,57,0,61,0,0,168,0,168,0,4,225,0,229,140,0,140,369
06/30/2015,VRB,FL,ASO,ES,Towers with Radar,0,3,102,0,105,0,0,272,0,272,0,3,374,0,377,242,0,242,619
07/01/2015,VRB,FL,ASO,ES,Towers with Radar,0,6,118,0,124,0,0,300,0,300,0,6,418,0,424,448,0,448,872
07/02/2015,VRB,FL,ASO,ES,Towers with Radar,0,5,97,0,102,0,0,244,1,245,0,5,341,1,347,392,0,392,739
07/03/2015,VRB,FL,ASO,ES,Towers with Radar,0,3,30,0,33,0,0,77,0,77,0,3,107,0,110,115,0,115,225
07/04/2015,VRB,FL,ASO,ES,Towers with Radar,0,2,8,0,10,0,0,35,0,35,0,2,43,0,45,70,0,70,115
07/05/2015,VRB,FL,ASO,ES,Towers with Radar,0,12,31,0,43,0,0,137,0,137,0,12,168,0,180,234,0,234,414
07/06/2015,VRB,FL,ASO,ES,Towers with Radar,0,8,80,0,88,0,0,305,0,305,0,8,385,0,393,428,0,428,821
07/07/2015,VRB,FL,ASO,ES,Towers with Radar,0,10,81,0,91,0,0,226,0,226,0,10,307,0,317,432,0,432,749
07/08/2015,VRB,FL,ASO,ES,Towers with Radar,0,3,116,0,119,0,0,301,0,301,0,3,417,0,420,437,0,437,857
07/09/2015,VRB,FL,ASO,ES,Towers with Radar,0,4,72,0,76,0,0,287,0,287,0,4,359,0,363,450,0,450,813
07/10/2015,VRB,FL,ASO,ES,Towers with Radar,0,6,101,0,107,0,0,259,0,259,0,6,360,0,366,320,0,320,686
07/11/2015,VRB,FL,ASO,ES,Towers with Radar,0,3,52,0,55,0,0,222,0,222,0,3,274,0,277,290,0,290,567
07/12/2015,VRB,FL,ASO,ES,Towers with Radar,0,0,53,0,53,0,0,170,0,170,0,0,223,0,223,171,0,171,394
07/13/2015,VRB,FL,ASO,ES,Towers with Radar,0,0,88,0,88,0,0,245,0,245,0,0,333,0,333,190,0,190,523
07/14/2015,VRB,FL,ASO,ES,Towers with Radar,0,1,77,0,78,0,0,276,0,276,0,1,353,0,354,297,0,297,651
07/15/2015,VRB,FL,ASO,ES,Towers with Radar,0,1,76,0,77,0,0,218,0,218,0,1,294,0,295,90,0,90,385
07/16/2015,VRB,FL,ASO,ES,Towers with Radar,0,1,73,0,74,0,0,177,0,177,0,1,250,0,251,157,0,157,408
07/17/2015,VRB,FL,ASO,ES,Towers with Radar,0,5,98,0,103,0,0,249,0,249,0,5,347,0,352,274,0,274,626
07/18/2015,VRB,FL,ASO,ES,Towers with Radar,0,2,51,0,53,0,0,179,1,180,0,2,230,1,233,182,0,182,415
07/19/2015,VRB,FL,ASO,ES,Towers with Radar,0,5,30,0,35,0,0,165,0,165,0,5,195,0,200,158,0,158,358
07/20/2015,VRB,FL,ASO,ES,Towers with Radar,0,6,74,0,80,0,0,265,0,265,0,6,339,0,345,308,0,308,653
07/21/2015,VRB,FL,ASO,ES,Towers with Radar,0,2,86,0,88,0,0,225,0,225,0,2,311,0,313,305,0,305,618
07/22/2015,VRB,FL,ASO,ES,Towers with Radar,0,2,69,0,71,0,0,219,0,219,0,2,288,0,290,324,0,324,614
07/23/2015,VRB,FL,ASO,ES,Towers with Radar,0,1,58,0,59,0,0,212,0,212,0,1,270,0,271,383,0,383,654
07/24/2015,VRB,FL,ASO,ES,Towers with Radar,0,5,63,0,68,0,0,169,0,169,0,5,232,0,237,232,0,232,469
07/25/2015,VRB,FL,ASO,ES,Towers with Radar,0,2,40,0,42,0,0,101,0,101,0,2,141,0,143,176,0,176,319
07/26/2015,VRB,FL,ASO,ES,Towers with Radar,0,8,26,0,34,0,0,132,0,132,0,8,158,0,166,198,0,198,364
07/27/2015,VRB,FL,ASO,ES,Towers with Radar,0,4,79,0,83,0,0,217,0,217,0,4,296,0,300,192,0,192,492
07/28/2015,VRB,FL,ASO,ES,Towers with Radar,0,0,95,0,95,0,0,226,0,226,0,0,321,0,321,203,0,203,524
07/29/2015,VRB,FL,ASO,ES,Towers with Radar,0,3,57,0,60,0,0,176,0,176,0,3,233,0,236,412,0,412,648
07/30/2015,VRB,FL,ASO,ES,Towers with Radar,0,7,60,0,67,0,0,157,0,157,0,7,217,0,224,144,0,144,368
07/31/2015,VRB,FL,ASO,ES,Towers with Radar,0,9,73,0,82,0,0,179,0,179,0,9,252,0,261,186,0,186,447
08/01/2015,VRB,FL,ASO,ES,Towers with Radar,0,1,39,0,40,0,0,129,0,129,0,1,168,0,169,238,0,238,407
08/02/2015,VRB,FL,ASO,ES,Towers with Radar,0,10,23,0,33,0,0,114,0,114,0,10,137,0,147,164,0,164,311
08/03/2015,VRB,FL,ASO,ES,Towers with Radar,0,4,70,0,74,0,0,236,0,236,0,4,306,0,310,308,0,308,618
08/04/2015,VRB,FL,ASO,ES,Towers with Radar,0,1,45,2,48,0,0,257,0,257,0,1,302,2,305,307,0,307,612
08/05/2015,VRB,FL,ASO,ES,Towers with Radar,0,5,90,0,95,0,0,236,0,236,0,5,326,0,331,309,0,309,640
08/06/2015,VRB,FL,ASO,ES,Towers with Radar,0,6,68,0,74,0,0,294,0,294,0,6,362,0,368,333,0,333,701
08/07/2015,VRB,FL,ASO,ES,Towers with Radar,0,4,61,0,65,0,0,252,0,252,0,4,313,0,317,267,0,267,584
08/08/2015,VRB,FL,ASO,ES,Towers with Radar,0,1,32,0,33,0,0,122,0,122,0,1,154,0,155,133,0,133,288
08/09/2015,VRB,FL,ASO,ES,Towers with Radar,0,2,38,0,40,0,0,144,0,144,0,2,182,0,184,237,0,237,421
08/10/2015,VRB,FL,ASO,ES,Towers with Radar,0,11,63,0,74,0,0,301,0,301,0,11,364,0,375,326,0,326,701
08/11/2015,VRB,FL,ASO,ES,Towers with Radar,0,0,68,0,68,0,0,259,0,259,0,0,327,0,327,357,0,357,684
08/12/2015,VRB,FL,ASO,ES,Towers with Radar,0,2,87,0,89,0,0,214,0,214,0,2,301,0,303,271,0,271,574
08/13/2015,VRB,FL,ASO,ES,Towers with Radar,0,5,89,0,94,0,0,175,0,175,0,5,264,0,269,359,0,359,628
08/14/2015,VRB,FL,ASO,ES,Towers with Radar,0,4,74,0,78,0,0,196,0,196,0,4,270,0,274,333,0,333,607
08/15/2015,VRB,FL,ASO,ES,Towers with Radar,0,4,53,0,57,0,0,93,0,93,0,4,146,0,150,200,0,200,350
08/16/2015,VRB,FL,ASO,ES,Towers with Radar,0,2,50,0,52,0,0,85,0,85,0,2,135,0,137,222,0,222,359
08/17/2015,VRB,FL,ASO,ES,Towers with Radar,0,2,93,0,95,0,0,182,0,182,0,2,275,0,277,305,0,305,582
08/18/2015,VRB,FL,ASO,ES,Towers with Radar,0,1,78,0,79,0,0,166,0,166,0,1,244,0,245,299,0,299,544
08/19/2015,VRB,FL,ASO,ES,Towers with Radar,0,4,84,0,88,0,0,188,0,188,0,4,272,0,276,333,0,333,609
08/20/2015,VRB,FL,ASO,ES,Towers with Radar,0,6,98,0,104,0,0,269,0,269,0,6,367,0,373,185,0,185,558
08/21/2015,VRB,FL,ASO,ES,Towers with Radar,0,10,71,0,81,0,0,195,0,195,0,10,266,0,276,275,0,275,551
08/22/2015,VRB,FL,ASO,ES,Towers with Radar,0,2,58,0,60,0,0,215,0,215,0,2,273,0,275,157,0,157,432
08/23/2015,VRB,FL,ASO,ES,Towers with Radar,0,7,48,0,55,0,0,103,0,103,0,7,151,0,158,163,0,163,321
08/24/2015,VRB,FL,ASO,ES,Towers with Radar,0,4,101,0,105,0,0,246,0,246,0,4,347,0,351,330,0,330,681
08/25/2015,VRB,FL,ASO,ES,Towers with Radar,0,3,87,0,90,0,0,224,0,224,0,3,311,0,314,217,0,217,531
08/26/2015,VRB,FL,ASO,ES,Towers with Radar,0,1,75,0,76,0,0,193,0,193,0,1,268,0,269,257,0,257,526
08/27/2015,VRB,FL,ASO,ES,Towers with Radar,0,5,83,0,88,0,0,162,0,162,0,5,245,0,250,330,0,330,580
08/28/2015,VRB,FL,ASO,ES,Towers with Radar,0,1,83,0,84,0,0,238,0,238,0,1,321,0,322,283,0,283,605
08/29/2015,VRB,FL,ASO,ES,Towers with Radar,0,4,84,0,88,0,1,143,0,144,0,5,227,0,232,244,0,244,476
08/30/2015,VRB,FL,ASO,ES,Towers with Radar,0,2,8,0,10,0,0,4,0,4,0,2,12,0,14,17,0,17,31
08/31/2015,VRB,FL,ASO,ES,Towers with Radar,0,2,64,0,66,0,0,118,1,119,0,2,182,1,185,222,0,222,407
09/01/2015,VRB,FL,ASO,ES,Towers with Radar,0,1,146,0,147,0,0,277,0,277,0,1,423,0,424,387,0,387,811
09/02/2015,VRB,FL,ASO,ES,Towers with Radar,0,1,116,0,117,0,0,326,0,326,0,1,442,0,443,402,0,402,845
09/03/2015,VRB,FL,ASO,ES,Towers with Radar,0,7,99,0,106,0,0,290,0,290,0,7,389,0,396,516,0,516,912
09/04/2015,VRB,FL,ASO,ES,Towers with Radar,0,1,70,0,71,0,0,230,0,230,0,1,300,0,301,300,0,300,601
09/05/2015,VRB,FL,ASO,ES,Towers with Radar,0,1,48,0,49,0,0,197,0,197,0,1,245,0,246,187,0,187,433
09/06/2015,VRB,FL,ASO,ES,Towers with Radar,0,3,24,0,27,0,0,104,0,104,0,3,128,0,131,225,0,225,356
09/07/2015,VRB,FL,ASO,ES,Towers with Radar,0,6,46,0,52,0,0,72,0,72,0,6,118,0,124,84,0,84,208
09/08/2015,VRB,FL,ASO,ES,Towers with Radar,0,6,87,2,95,0,0,289,0,289,0,6,376,2,384,226,0,226,610
09/09/2015,VRB,FL,ASO,ES,Towers with Radar,0,5,105,0,110,0,0,309,0,309,0,5,414,0,419,332,0,332,751
09/10/2015,VRB,FL,ASO,ES,Towers with Radar,0,5,78,0,83,0,0,242,0,242,0,5,320,0,325,352,0,352,677
09/11/2015,VRB,FL,ASO,ES,Towers with Radar,0,2,61,0,63,0,0,258,1,259,0,2,319,1,322,368,0,368,690
09/12/2015,VRB,FL,ASO,ES,Towers with Radar,0,0,56,0,56,0,0,146,0,146,0,0,202,0,202,118,0,118,320
09/13/2015,VRB,FL,ASO,ES,Towers with Radar,0,6,29,0,35,0,0,77,0,77,0,6,106,0,112,127,0,127,239
09/14/2015,VRB,FL,ASO,ES,Towers with Radar,1,5,80,0,86,0,0,253,0,253,1,5,333,0,339,272,0,272,611
09/15/2015,VRB,FL,ASO,ES,Towers with Radar,0,7,46,0,53,0,0,125,0,125,0,7,171,0,178,186,0,186,364
09/16/2015,VRB,FL,ASO,ES,Towers with Radar,0,0,31,0,31,0,0,34,0,34,0,0,65,0,65,11,0,11,76
09/17/2015,VRB,FL,ASO,ES,Towers with Radar,0,4,45,0,49,0,0,24,0,24,0,4,69,0,73,22,0,22,95
09/18/2015,VRB,FL,ASO,ES,Towers with Radar,0,6,83,0,89,0,0,155,0,155,0,6,238,0,244,332,0,332,576
09/19/2015,VRB,FL,ASO,ES,Towers with Radar,0,2,47,0,49,0,0,213,0,213,0,2,260,0,262,397,0,397,659
09/20/2015,VRB,FL,ASO,ES,Towers with Radar,0,5,80,0,85,0,0,206,0,206,0,5,286,0,291,203,0,203,494
09/21/2015,VRB,FL,ASO,ES,Towers with Radar,0,2,102,0,104,0,0,332,0,332,0,2,434,0,436,270,0,270,706
09/22/2015,VRB,FL,ASO,ES,Towers with Radar,0,2,93,0,95,0,0,255,0,255,0,2,348,0,350,246,0,246,596
09/23/2015,VRB,FL,ASO,ES,Towers with Radar,0,1,98,0,99,0,0,274,0,274,0,1,372,0,373,300,0,300,673
09/24/2015,VRB,FL,ASO,ES,Towers with Radar,0,3,100,4,107,0,0,203,0,203,0,3,303,4,310,423,0,423,733
09/25/2015,VRB,FL,ASO,ES,Towers with Radar,0,10,108,2,120,0,0,255,0,255,0,10,363,2,375,281,0,281,656
09/26/2015,VRB,FL,ASO,ES,Towers with Radar,0,4,78,0,82,0,0,186,0,186,0,4,264,0,268,147,0,147,415
09/27/2015,VRB,FL,ASO,ES,Towers with Radar,0,9,45,0,54,0,0,162,0,162,0,9,207,0,216,167,0,167,383
09/28/2015,VRB,FL,ASO,ES,Towers with Radar,0,8,106,0,114,0,0,250,2,252,0,8,356,2,366,295,0,295,661
09/29/2015,VRB,FL,ASO,ES,Towers with Radar,0,5,95,0,100,0,0,147,0,147,0,5,242,0,247,310,0,310,557
09/30/2015,VRB,FL,ASO,ES,Towers with Radar,0,6,114,0,120,0,0,199,0,199,0,6,313,0,319,291,0,291,610
10/01/2015,VRB,FL,ASO,ES,Towers with Radar,0,7,113,0,120,0,0,148,0,148,0,7,261,0,268,170,0,170,438
10/02/2015,VRB,FL,ASO,ES,Towers with Radar,0,11,96,0,107,0,0,205,0,205,0,11,301,0,312,147,0,147,459
10/03/2015,VRB,FL,ASO,ES,Towers with Radar,0,2,32,0,34,0,0,130,0,130,0,2,162,0,164,181,0,181,345
10/04/2015,VRB,FL,ASO,ES,Towers with Radar,1,15,40,0,56,0,0,140,0,140,1,15,180,0,196,201,0,201,397
10/05/2015,VRB,FL,ASO,ES,Towers with Radar,0,4,74,0,78,0,0,270,0,270,0,4,344,0,348,480,0,480,828
10/06/2015,VRB,FL,ASO,ES,Towers with Radar,0,7,95,0,102,0,0,332,0,332,0,7,427,0,434,347,0,347,781
10/07/2015,VRB,FL,ASO,ES,Towers with Radar,0,7,98,0,105,0,0,256,0,256,0,7,354,0,361,246,0,246,607
10/08/2015,VRB,FL,ASO,ES,Towers with Radar,0,7,82,0,89,0,0,350,0,350,0,7,432,0,439,376,0,376,815
10/09/2015,VRB,FL,ASO,ES,Towers with Radar,0,9,82,0,91,0,0,97,0,97,0,9,179,0,188,205,0,205,393
10/10/2015,VRB,FL,ASO,ES,Towers with Radar,0,5,31,0,36,0,0,188,0,188,0,5,219,0,224,416,0,416,640
10/11/2015,VRB,FL,ASO,ES,Towers with Radar,0,2,38,0,40,0,0,94,0,94,0,2,132,0,134,106,0,106,240
10/12/2015,VRB,FL,ASO,ES,Towers with Radar,0,6,73,0,79,0,0,287,0,287,0,6,360,0,366,365,0,365,731
10/13/2015,VRB,FL,ASO,ES,Towers with Radar,0,7,79,0,86,0,0,254,0,254,0,7,333,0,340,371,0,371,711
10/14/2015,VRB,FL,ASO,ES,Towers with Radar,0,7,99,0,106,0,0,303,0,303,0,7,402,0,409,394,0,394,803
10/15/2015,VRB,FL,ASO,ES,Towers with Radar,0,14,67,0,81,0,0,260,0,260,0,14,327,0,341,315,14,329,670
10/16/2015,VRB,FL,ASO,ES,Towers with Radar,0,6,79,0,85,0,0,261,0,261,0,6,340,0,346,279,0,279,625
10/17/2015,VRB,FL,ASO,ES,Towers with Radar,0,4,49,0,53,0,0,200,0,200,0,4,249,0,253,264,0,264,517
10/18/2015,VRB,FL,ASO,ES,Towers with Radar,0,11,28,0,39,0,0,70,0,70,0,11,98,0,109,98,0,98,207
10/19/2015,VRB,FL,ASO,ES,Towers with Radar,0,8,56,0,64,0,0,107,0,107,0,8,163,0,171,82,0,82,253
10/20/2015,VRB,FL,ASO,ES,Towers with Radar,0,7,79,0,86,0,0,173,0,173,0,7,252,0,259,147,0,147,406
10/21/2015,VRB,FL,ASO,ES,Towers with Radar,0,14,75,0,89,0,0,201,0,201,0,14,276,0,290,330,0,330,620
10/22/2015,VRB,FL,ASO,ES,Towers with Radar,0,3,86,0,89,0,0,266,0,266,0,3,352,0,355,297,0,297,652
10/23/2015,VRB,FL,ASO,ES,Towers with Radar,0,7,73,0,80,0,1,272,2,275,0,8,345,2,355,239,0,239,594
10/24/2015,VRB,FL,ASO,ES,Towers with Radar,0,4,41,0,45,0,0,200,0,200,0,4,241,0,245,264,0,264,509
10/25/2015,VRB,FL,ASO,ES,Towers with Radar,0,13,54,0,67,0,0,176,0,176,0,13,230,0,243,267,0,267,510
10/26/2015,VRB,FL,ASO,ES,Towers with Radar,0,13,102,0,115,0,0,232,0,232,0,13,334,0,347,331,0,331,678
10/27/2015,VRB,FL,ASO,ES,Towers with Radar,0,14,80,0,94,0,0,247,0,247,0,14,327,0,341,365,0,365,706
10/28/2015,VRB,FL,ASO,ES,Towers with Radar,0,13,81,0,94,0,0,141,0,141,0,13,222,0,235,267,0,267,502
10/29/2015,VRB,FL,ASO,ES,Towers with Radar,0,15,65,0,80,0,0,175,0,175,0,15,240,0,255,275,0,275,530
10/30/2015,VRB,FL,ASO,ES,Towers with Radar,0,15,75,0,90,0,0,332,0,332,0,15,407,0,422,280,0,280,702
10/31/2015,VRB,FL,ASO,ES,Towers with Radar,0,2,34,0,36,0,0,187,0,187,0,2,221,0,223,448,0,448,671
11/01/2015,VRB,FL,ASO,ES,Towers with Radar,0,10,25,0,35,0,0,135,0,135,0,10,160,0,170,273,0,273,443
11/02/2015,VRB,FL,ASO,ES,Towers with Radar,0,10,96,0,106,0,0,238,0,238,0,10,334,0,344,429,0,429,773
11/03/2015,VRB,FL,ASO,ES,Towers with Radar,0,16,100,0,116,0,0,253,0,253,0,16,353,0,369,506,0,506,875
11/04/2015,VRB,FL,ASO,ES,Towers with Radar,0,1,126,0,127,0,0,203,1,204,0,1,329,1,331,399,0,399,730
11/05/2015,VRB,FL,ASO,ES,Towers with Radar,0,13,108,0,121,0,0,299,0,299,0,13,407,0,420,350,0,350,770
11/06/2015,VRB,FL,ASO,ES,Towers with Radar,0,14,112,0,126,0,0,254,2,256,0,14,366,2,382,445,0,445,827
11/07/2015,VRB,FL,ASO,ES,Towers with Radar,0,2,48,0,50,0,0,135,0,135,0,2,183,0,185,398,0,398,583
11/08/2015,VRB,FL,ASO,ES,Towers with Radar,0,27,58,0,85,0,0,122,0,122,0,27,180,0,207,262,0,262,469
11/09/2015,VRB,FL,ASO,ES,Towers with Radar,0,11,95,2,108,0,0,181,0,181,0,11,276,2,289,376,0,376,665
11/10/2015,VRB,FL,ASO,ES,Towers with Radar,0,5,115,0,120,0,0,243,0,243,0,5,358,0,363,351,0,351,714
11/11/2015,VRB,FL,ASO,ES,Towers with Radar,0,6,103,0,109,0,0,259,0,259,0,6,362,0,368,169,0,169,537
11/12/2015,VRB,FL,ASO,ES,Towers with Radar,0,10,100,0,110,0,0,277,0,277,0,10,377,0,387,293,0,293,680
11/13/2015,VRB,FL,ASO,ES,Towers with Radar,0,19,84,0,103,0,0,232,0,232,0,19,316,0,335,279,0,279,614
11/14/2015,VRB,FL,ASO,ES,Towers with Radar,0,8,56,0,64,0,0,191,0,191,0,8,247,0,255,274,0,274,529
11/15/2015,VRB,FL,ASO,ES,Towers with Radar,0,26,40,0,66,0,0,71,0,71,0,26,111,0,137,118,0,118,255
11/16/2015,VRB,FL,ASO,ES,Towers with Radar,0,9,95,0,104,0,0,269,0,269,0,9,364,0,373,465,0,465,838
11/17/2015,VRB,FL,ASO,ES,Towers with Radar,0,9,99,0,108,0,0,255,0,255,0,9,354,0,363,382,0,382,745
11/18/2015,VRB,FL,ASO,ES,Towers with Radar,0,19,115,2,136,0,0,217,0,217,0,19,332,2,353,197,0,197,550
11/19/2015,VRB,FL,ASO,ES,Towers with Radar,0,17,109,0,126,0,0,154,0,154,0,17,263,0,280,184,0,184,464
11/20/2015,VRB,FL,ASO,ES,Towers with Radar,0,31,118,0,149,0,0,232,1,233,0,31,350,1,382,291,0,291,673
11/21/2015,VRB,FL,ASO,ES,Towers with Radar,0,12,38,0,50,0,0,122,0,122,0,12,160,0,172,461,0,461,633
11/22/2015,VRB,FL,ASO,ES,Towers with Radar,0,12,71,0,83,0,0,52,0,52,0,12,123,0,135,164,0,164,299
11/23/2015,VRB,FL,ASO,ES,Towers with Radar,0,14,92,2,108,0,0,206,0,206,0,14,298,2,314,254,0,254,568
11/24/2015,VRB,FL,ASO,ES,Towers with Radar,0,28,92,0,120,0,0,269,0,269,0,28,361,0,389,201,0,201,590
11/25/2015,VRB,FL,ASO,ES,Towers with Radar,0,10,72,0,82,0,0,114,0,114,0,10,186,0,196,90,0,90,286
11/26/2015,VRB,FL,ASO,ES,Towers with Radar,0,2,6,0,8,0,0,13,0,13,0,2,19,0,21,2,0,2,23
11/27/2015,VRB,FL,ASO,ES,Towers with Radar,0,4,30,0,34,0,0,59,0,59,0,4,89,0,93,112,0,112,205
11/28/2015,VRB,FL,ASO,ES,Towers with Radar,1,14,30,0,45,0,2,166,0,168,1,16,196,0,213,389,0,389,602
11/29/2015,VRB,FL,ASO,ES,Towers with Radar,0,28,92,0,120,0,0,190,0,190,0,28,282,0,310,189,0,189,499
11/30/2015,VRB,FL,ASO,ES,Towers with Radar,0,18,107,0,125,0,0,224,0,224,0,18,331,0,349,310,0,310,659
12/01/2015,VRB,FL,ASO,ES,Towers with Radar,0,20,88,0,108,0,0,273,0,273,0,20,361,0,381,382,0,382,763
12/02/2015,VRB,FL,ASO,ES,Towers with Radar,0,10,50,0,60,0,0,266,2,268,0,10,316,2,328,292,7,299,627
12/03/2015,VRB,FL,ASO,ES,Towers with Radar,0,16,119,0,135,0,0,2,0,2,0,16,121,0,137,0,0,0,137
12/04/2015,VRB,FL,ASO,ES,Towers with Radar,0,6,81,0,87,0,0,13,0,13,0,6,94,0,100,18,0,18,118
12/05/2015,VRB,FL,ASO,ES,Towers with Radar,0,9,46,0,55,0,0,87,0,87,0,9,133,0,142,131,0,131,273
12/06/2015,VRB,FL,ASO,ES,Towers with Radar,0,26,55,0,81,0,0,182,0,182,0,26,237,0,263,200,0,200,463
12/07/2015,VRB,FL,ASO,ES,Towers with Radar,0,14,132,0,146,0,0,76,0,76,0,14,208,0,222,165,0,165,387
12/08/2015,VRB,FL,ASO,ES,Towers with Radar,0,6,91,0,97,0,0,333,0,333,0,6,424,0,430,280,0,280,710
12/09/2015,VRB,FL,ASO,ES,Towers with Radar,0,13,105,0,118,0,0,243,0,243,0,13,348,0,361,265,0,265,626
12/10/2015,VRB,FL,ASO,ES,Towers with Radar,0,15,90,0,105,0,0,311,0,311,0,15,401,0,416,372,0,372,788
12/11/2015,VRB,FL,ASO,ES,Towers with Radar,0,13,104,0,117,0,0,253,0,253,0,13,357,0,370,234,0,234,604
12/12/2015,VRB,FL,ASO,ES,Towers with Radar,0,5,47,0,52,0,0,264,0,264,0,5,311,0,316,357,0,357,673
12/13/2015,VRB,FL,ASO,ES,Towers with Radar,0,16,48,0,64,0,0,141,0,141,0,16,189,0,205,193,0,193,398
12/14/2015,VRB,FL,ASO,ES,Towers with Radar,0,8,74,0,82,0,0,215,0,215,0,8,289,0,297,200,0,200,497
12/15/2015,VRB,FL,ASO,ES,Towers with Radar,0,3,70,1,74,0,0,269,0,269,0,3,339,1,343,258,0,258,601
12/16/2015,VRB,FL,ASO,ES,Towers with Radar,0,7,59,0,66,0,0,331,0,331,0,7,390,0,397,398,0,398,795
12/17/2015,VRB,FL,ASO,ES,Towers with Radar,0,15,91,0,106,0,0,290,0,290,0,15,381,0,396,263,0,263,659
12/18/2015,VRB,FL,ASO,ES,Towers with Radar,0,27,84,0,111,0,0,44,0,44,0,27,128,0,155,69,0,69,224
12/19/2015,VRB,FL,ASO,ES,Towers with Radar,0,19,39,0,58,0,0,203,0,203,0,19,242,0,261,175,0,175,436
12/20/2015,VRB,FL,ASO,ES,Towers with Radar,0,26,46,0,72,0,0,160,0,160,0,26,206,0,232,118,0,118,350
12/21/2015,VRB,FL,ASO,ES,Towers with Radar,0,15,60,0,75,0,0,239,0,239,0,15,299,0,314,383,0,383,697
12/22/2015,VRB,FL,ASO,ES,Towers with Radar,0,13,58,0,71,0,0,258,0,258,0,13,316,0,329,254,0,254,583
12/23/2015,VRB,FL,ASO,ES,Towers with Radar,0,18,69,4,91,0,0,202,0,202,0,18,271,4,293,367,0,367,660
12/24/2015,VRB,FL,ASO,ES,Towers with Radar,0,8,15,0,23,0,0,129,0,129,0,8,144,0,152,194,0,194,346
12/25/2015,VRB,FL,ASO,ES,Towers with Radar,0,11,8,0,19,0,0,18,0,18,0,11,26,0,37,14,0,14,51
12/26/2015,VRB,FL,ASO,ES,Towers with Radar,0,30,56,0,86,0,0,59,0,59,0,30,115,0,145,146,0,146,291
12/27/2015,VRB,FL,ASO,ES,Towers with Radar,0,32,65,0,97,0,0,123,0,123,0,32,188,0,220,141,0,141,361
12/28/2015,VRB,FL,ASO,ES,Towers with Radar,0,20,57,0,77,0,0,175,0,175,0,20,232,0,252,302,0,302,554
12/29/2015,VRB,FL,ASO,ES,Towers with Radar,0,29,54,0,83,0,0,242,0,242,0,29,296,0,325,475,0,475,800
12/30/2015,VRB,FL,ASO,ES,Towers with Radar,0,12,67,0,79,0,0,164,0,164,0,12,231,0,243,393,0,393,636
12/31/2015,VRB,FL,ASO,ES,Towers with Radar,0,8,33,0,41,0,0,140,0,140,0,8,173,0,181,255,0,255,436
01/01/2016,VRB,FL,ASO,ES,Towers with Radar,0,19,25,0,44,0,0,44,0,44,0,19,69,0,88,46,0,46,134
01/02/2016,VRB,FL,ASO,ES,Towers with Radar,0,21,61,0,82,0,0,50,0,50,0,21,111,0,132,333,0,333,465
01/03/2016,VRB,FL,ASO,ES,Towers with Radar,0,29,47,0,76,0,0,39,0,39,0,29,86,0,115,25,0,25,140
01/04/2016,VRB,FL,ASO,ES,Towers with Radar,0,17,67,0,84,0,0,283,0,283,0,17,350,0,367,429,0,429,796
01/05/2016,VRB,FL,ASO,ES,Towers with Radar,0,11,66,4,81,0,0,220,0,220,0,11,286,4,301,153,0,153,454
01/06/2016,VRB,FL,ASO,ES,Towers with Radar,0,18,65,0,83,0,0,31,0,31,0,18,96,0,114,108,0,108,222
01/07/2016,VRB,FL,ASO,ES,Towers with Radar,0,16,71,0,87,0,0,203,0,203,0,16,274,0,290,145,0,145,435
01/08/2016,VRB,FL,ASO,ES,Towers with Radar,0,7,72,0,79,0,0,203,2,205,0,7,275,2,284,392,0,392,676
01/09/2016,VRB,FL,ASO,ES,Towers with Radar,0,12,50,0,62,0,0,88,0,88,0,12,138,0,150,223,0,223,373
01/10/2016,VRB,FL,ASO,ES,Towers with Radar,0,19,49,0,68,0,0,85,0,85,0,19,134,0,153,373,0,373,526
01/11/2016,VRB,FL,ASO,ES,Towers with Radar,0,7,58,0,65,0,0,373,0,373,0,7,431,0,438,284,0,284,722
01/12/2016,VRB,FL,ASO,ES,Towers with Radar,0,8,77,0,85,0,0,362,0,362,0,8,439,0,447,501,0,501,948
01/13/2016,VRB,FL,ASO,ES,Towers with Radar,0,11,92,0,103,0,0,364,0,364,0,11,456,0,467,554,0,554,1021
01/14/2016,VRB,FL,ASO,ES,Towers with Radar,0,18,71,0,89,0,0,285,0,285,0,18,356,0,374,298,0,298,672
01/15/2016,VRB,FL,ASO,ES,Towers with Radar,0,14,33,0,47,0,0,30,0,30,0,14,63,0,77,57,0,57,134
01/16/2016,VRB,FL,ASO,ES,Towers with Radar,0,5,69,0,74,0,0,265,0,265,0,5,334,0,339,227,0,227,566
01/17/2016,VRB,FL,ASO,ES,Towers with Radar,0,16,28,0,44,0,0,40,0,40,0,16,68,0,84,52,0,52,136
01/18/2016,VRB,FL,ASO,ES,Towers with Radar,0,23,107,0,130,0,0,304,0,304,0,23,411,0,434,396,0,396,830
01/19/2016,VRB,FL,ASO,ES,Towers with Radar,0,15,67,0,82,0,1,317,0,318,0,16,384,0,400,320,0,320,720
01/20/2016,VRB,FL,ASO,ES,Towers with Radar,0,8,64,0,72,0,0,321,0,321,0,8,385,0,393,287,0,287,680
01/21/2016,VRB,FL,ASO,ES,Towers with Radar,0,14,74,0,88,0,0,317,0,317,0,14,391,0,405,542,0,542,947
01/22/2016,VRB,FL,ASO,ES,Towers with Radar,0,9,34,0,43,0,0,49,0,49,0,9,83,0,92,88,0,88,180
01/23/2016,VRB,FL,ASO,ES,Towers with Radar,0,9,7,0,16,0,0,17,0,17,0,9,24,0,33,0,0,0,33
01/24/2016,VRB,FL,ASO,ES,Towers with Radar,0,11,53,0,64,0,0,242,0,242,0,11,295,0,306,360,0,360,666
01/25/2016,VRB,FL,ASO,ES,Towers with Radar,0,13,98,0,111,0,0,278,0,278,0,13,376,0,389,532,0,532,921
01/26/2016,VRB,FL,ASO,ES,Towers with Radar,0,10,92,0,102,0,0,245,0,245,0,10,337,0,347,704,0,704,1051
01/27/2016,VRB,FL,ASO,ES,Towers with Radar,0,14,43,0,57,0,0,40,0,40,0,14,83,0,97,95,0,95,192
01/28/2016,VRB,FL,ASO,ES,Towers with Radar,0,9,44,0,53,0,0,1,0,1,0,9,45,0,54,0,0,0,54
01/29/2016,VRB,FL,ASO,ES,Towers with Radar,0,10,113,0,123,0,0,363,0,363,0,10,476,0,486,408,0,408,894
01/30/2016,VRB,FL,ASO,ES,Towers with Radar,0,12,53,0,65,0,0,344,0,344,0,12,397,0,409,320,0,320,729
01/31/2016,VRB,FL,ASO,ES,Towers with Radar,0,16,73,0,89,0,0,192,2,194,0,16,265,2,283,342,0,342,625
02/01/2016,VRB,FL,ASO,ES,Towers with Radar,0,6,90,0,96,0,0,271,0,271,0,6,361,0,367,464,0,464,831
02/02/2016,VRB,FL,ASO,ES,Towers with Radar,0,9,104,0,113,0,0,137,0,137,0,9,241,0,250,342,0,342,592
02/03/2016,VRB,FL,ASO,ES,Towers with Radar,0,14,80,0,94,0,0,230,0,230,0,14,310,0,324,523,0,523,847
02/04/2016,VRB,FL,ASO,ES,Towers with Radar,0,21,72,0,93,0,0,248,0,248,0,21,320,0,341,323,0,323,664
02/05/2016,VRB,FL,ASO,ES,Towers with Radar,0,11,79,2,92,0,0,161,0,161,0,11,240,2,253,99,5,104,357
02/06/2016,VRB,FL,ASO,ES,Towers with Radar,0,8,42,0,50,0,0,153,0,153,0,8,195,0,203,246,0,246,449
02/07/2016,VRB,FL,ASO,ES,Towers with Radar,0,19,41,0,60,0,0,47,0,47,0,19,88,0,107,117,0,117,224
02/08/2016,VRB,FL,ASO,ES,Towers with Radar,0,15,83,0,98,0,0,307,0,307,0,15,390,0,405,376,0,376,781
02/09/2016,VRB,FL,ASO,ES,Towers with Radar,0,18,81,0,99,0,0,217,0,217,0,18,298,0,316,264,0,264,580
02/10/2016,VRB,FL,ASO,ES,Towers with Radar,0,13,100,0,113,0,0,307,0,307,0,13,407,0,420,586,0,586,1006
02/11/2016,VRB,FL,ASO,ES,Towers with Radar,0,22,76,0,98,0,0,369,0,369,0,22,445,0,467,418,0,418,885
02/12/2016,VRB,FL,ASO,ES,Towers with Radar,0,30,89,0,119,0,0,364,0,364,0,30,453,0,483,529,0,529,1012
02/13/2016,VRB,FL,ASO,ES,Towers with Radar,0,19,65,0,84,0,0,267,0,267,0,19,332,0,351,358,0,358,709
02/14/2016,VRB,FL,ASO,ES,Towers with Radar,0,17,50,0,67,0,0,172,0,172,0,17,222,0,239,209,0,209,448
02/15/2016,VRB,FL,ASO,ES,Towers with Radar,0,25,67,0,92,0,0,195,0,195,0,25,262,0,287,480,0,480,767
02/16/2016,VRB,FL,ASO,ES,Towers with Radar,0,19,99,0,118,0,0,338,0,338,0,19,437,0,456,465,0,465,921
02/17/2016,VRB,FL,ASO,ES,Towers with Radar,0,5,78,0,83,0,0,314,0,314,0,5,392,0,397,383,0,383,780
02/18/2016,VRB,FL,ASO,ES,Towers with Radar,0,28,73,0,101,0,0,259,0,259,0,28,332,0,360,156,0,156,516
02/19/2016,VRB,FL,ASO,ES,Towers with Radar,0,22,47,0,69,0,0,241,0,241,0,22,288,0,310,297,0,297,607
02/20/2016,VRB,FL,ASO,ES,Towers with Radar,0,18,35,0,53,0,0,221,1,222,0,18,256,1,275,469,0,469,744
02/21/2016,VRB,FL,ASO,ES,Towers with Radar,0,30,61,0,91,0,0,232,0,232,0,30,293,0,323,404,0,404,727
02/22/2016,VRB,FL,ASO,ES,Towers with Radar,0,14,66,0,80,0,0,326,0,326,0,14,392,0,406,480,0,480,886
02/23/2016,VRB,FL,ASO,ES,Towers with Radar,0,15,60,0,75,0,0,214,0,214,0,15,274,0,289,203,0,203,492
02/24/2016,VRB,FL,ASO,ES,Towers with Radar,0,7,44,0,51,0,0,22,0,22,0,7,66,0,73,32,0,32,105
02/25/2016,VRB,FL,ASO,ES,Towers with Radar,0,25,102,0,127,0,0,318,0,318,0,25,420,0,445,462,0,462,907
02/26/2016,VRB,FL,ASO,ES,Towers with Radar,0,12,87,0,99,0,0,375,0,375,0,12,462,0,474,499,0,499,973
02/27/2016,VRB,FL,ASO,ES,Towers with Radar,0,13,49,0,62,0,0,307,0,307,0,13,356,0,369,239,0,239,608
02/28/2016,VRB,FL,ASO,ES,Towers with Radar,4,17,62,0,83,0,0,272,0,272,4,17,334,0,355,301,0,301,656
02/29/2016,VRB,FL,ASO,ES,Towers with Radar,0,9,56,0,65,0,0,311,0,311,0,9,367,0,376,541,0,541,917
03/01/2016,VRB,FL,ASO,ES,Towers with Radar,0,7,55,0,62,0,0,393,0,393,0,7,448,0,455,543,0,543,998
03/02/2016,VRB,FL,ASO,ES,Towers with Radar,0,7,68,0,75,0,0,303,0,303,0,7,371,0,378,529,0,529,907
03/03/2016,VRB,FL,ASO,ES,Towers with Radar,0,12,65,0,77,0,0,376,0,376,0,12,441,0,453,434,0,434,887
03/04/2016,VRB,FL,ASO,ES,Towers with Radar,0,13,86,0,99,0,0,262,2,264,0,13,348,2,363,398,0,398,761
03/05/2016,VRB,FL,ASO,ES,Towers with Radar,0,9,49,0,58,0,0,218,0,218,0,9,267,0,276,232,0,232,508
03/06/2016,VRB,FL,ASO,ES,Towers with Radar,5,27,51,0,83,0,0,159,0,159,5,27,210,0,242,128,0,128,370
03/07/2016,VRB,FL,ASO,ES,Towers with Radar,0,9,65,1,75,0,0,287,0,287,0,9,352,1,362,382,0,382,744
03/08/2016,VRB,FL,ASO,ES,Towers with Radar,0,9,67,0,76,0,0,274,0,274,0,9,341,0,350,390,0,390,740
03/09/2016,VRB,FL,ASO,ES,Towers with Radar,0,18,66,0,84,0,0,269,0,269,0,18,335,0,353,397,0,397,750
03/10/2016,VRB,FL,ASO,ES,Towers with Radar,0,19,62,0,81,0,0,253,0,253,0,19,315,0,334,250,0,250,584
03/11/2016,VRB,FL,ASO,ES,Towers with Radar,0,12,52,0,64,0,0,281,0,281,0,12,333,0,345,295,0,295,640
03/12/2016,VRB,FL,ASO,ES,Towers with Radar,1,16,46,0,63,0,0,189,0,189,1,16,235,0,252,223,0,223,475
03/13/2016,VRB,FL,ASO,ES,Towers with Radar,0,31,39,0,70,0,0,114,0,114,0,31,153,0,184,196,0,196,380
03/14/2016,VRB,FL,ASO,ES,Towers with Radar,0,23,63,0,86,0,0,271,0,271,0,23,334,0,357,220,0,220,577
03/15/2016,VRB,FL,ASO,ES,Towers with Radar,0,9,108,0,117,0,1,226,0,227,0,10,334,0,344,290,0,290,634
03/16/2016,VRB,FL,ASO,ES,Towers with Radar,0,16,86,0,102,0,0,292,1,293,0,16,378,1,395,331,0,331,726
03/17/2016,VRB,FL,ASO,ES,Towers with Radar,0,24,71,0,95,0,0,263,0,263,0,24,334,0,358,350,0,350,708
03/18/2016,VRB,FL,ASO,ES,Towers with Radar,0,29,100,0,129,0,0,333,0,333,0,29,433,0,462,294,0,294,756
03/19/2016,VRB,FL,ASO,ES,Towers with Radar,0,14,30,0,44,0,0,60,0,60,0,14,90,0,104,98,0,98,202
03/20/2016,VRB,FL,ASO,ES,Towers with Radar,0,31,53,0,84,0,0,118,0,118,0,31,171,0,202,336,0,336,538
03/21/2016,VRB,FL,ASO,ES,Towers with Radar,0,18,73,0,91,0,0,223,0,223,0,18,296,0,314,194,0,194,508
03/22/2016,VRB,FL,ASO,ES,Towers with Radar,0,10,54,0,64,0,0,395,0,395,0,10,449,0,459,471,0,471,930
03/23/2016,VRB,FL,ASO,ES,Towers with Radar,0,23,96,0,119,0,0,381,0,381,0,23,477,0,500,384,0,384,884
03/24/2016,VRB,FL,ASO,ES,Towers with Radar,0,22,79,0,101,0,0,258,0,258,0,22,337,0,359,276,0,276,635
03/25/2016,VRB,FL,ASO,ES,Towers with Radar,0,37,58,0,95,0,0,233,0,233,0,37,291,0,328,368,0,368,696
03/26/2016,VRB,FL,ASO,ES,Towers with Radar,0,20,63,0,83,0,0,180,0,180,0,20,243,0,263,361,0,361,624
03/27/2016,VRB,FL,ASO,ES,Towers with Radar,0,31,24,0,55,0,0,33,0,33,0,31,57,0,88,140,0,140,228
03/28/2016,VRB,FL,ASO,ES,Towers with Radar,0,37,101,0,138,0,0,70,0,70,0,37,171,0,208,192,0,192,400
03/29/2016,VRB,FL,ASO,ES,Towers with Radar,1,12,56,0,69,0,0,142,0,142,1,12,198,0,211,254,0,254,465
03/30/2016,VRB,FL,ASO,ES,Towers with Radar,0,16,95,1,112,0,0,318,0,318,0,16,413,1,430,542,0,542,972
03/31/2016,VRB,FL,ASO,ES,Towers with Radar,1,26,95,0,122,0,0,332,0,332,1,26,427,0,454,576,0,576,1030
04/01/2016,VRB,FL,ASO,ES,Towers with Radar,0,26,85,4,115,0,0,248,0,248,0,26,333,4,363,292,0,292,655
04/02/2016,VRB,FL,ASO,ES,Towers with Radar,0,17,56,0,73,0,0,55,0,55,0,17,111,0,128,197,0,197,325
04/03/2016,VRB,FL,ASO,ES,Towers with Radar,0,30,71,0,101,0,0,204,0,204,0,30,275,0,305,211,0,211,516
04/04/2016,VRB,FL,ASO,ES,Towers with Radar,0,32,67,0,99,0,0,289,0,289,0,32,356,0,388,355,0,355,743
04/05/2016,VRB,FL,ASO,ES,Towers with Radar,0,12,70,0,82,0,0,335,0,335,0,12,405,0,417,421,0,421,838
04/06/2016,VRB,FL,ASO,ES,Towers with Radar,0,17,73,0,90,0,0,259,0,259,0,17,332,0,349,283,0,283,632
04/07/2016,VRB,FL,ASO,ES,Towers with Radar,0,17,72,2,91,0,0,305,0,305,0,17,377,2,396,304,0,304,700
04/08/2016,VRB,FL,ASO,ES,Towers with Radar,0,12,70,0,82,0,0,381,0,381,0,12,451,0,463,434,0,434,897
04/09/2016,VRB,FL,ASO,ES,Towers with Radar,0,14,48,0,62,0,0,189,0,189,0,14,237,0,251,214,0,214,465
04/10/2016,VRB,FL,ASO,ES,Towers with Radar,3,22,24,0,49,0,0,189,0,189,3,22,213,0,238,217,0,217,455
04/11/2016,VRB,FL,ASO,ES,Towers with Radar,0,18,75,0,93,0,0,259,0,259,0,18,334,0,352,391,0,391,743
04/12/2016,VRB,FL,ASO,ES,Towers with Radar,0,10,60,2,72,0,0,332,0,332,0,10,392,2,404,479,0,479,883
04/13/2016,VRB,FL,ASO,ES,Towers with Radar,0,7,75,0,82,0,0,317,0,317,0,7,392,0,399,567,0,567,966
04/14/2016,VRB,FL,ASO,ES,Towers with Radar,0,23,70,0,93,0,0,210,0,210,0,23,280,0,303,339,0,339,642
04/15/2016,VRB,FL,ASO,ES,Towers with Radar,0,20,68,0,88,0,0,112,0,112,0,20,180,0,200,249,0,249,449
04/16/2016,VRB,FL,ASO,ES,Towers with Radar,0,14,19,0,33,0,0,23,0,23,0,14,42,0,56,24,0,24,80
04/17/2016,VRB,FL,ASO,ES,Towers with Radar,0,20,21,0,41,0,0,150,0,150,0,20,171,0,191,179,0,179,370
04/18/2016,VRB,FL,ASO,ES,Towers with Radar,0,13,48,2,63,0,0,310,0,310,0,13,358,2,373,197,0,197,570
04/19/2016,VRB,FL,ASO,ES,Towers with Radar,0,12,53,0,65,0,0,288,0,288,0,12,341,0,353,426,0,426,779
04/20/2016,VRB,FL,ASO,ES,Towers with Radar,0,13,58,0,71,0,0,350,0,350,0,13,408,0,421,342,0,342,763
04/21/2016,VRB,FL,ASO,ES,Towers with Radar,0,17,58,0,75,0,0,288,0,288,0,17,346,0,363,355,0,355,718
04/22/2016,VRB,FL,ASO,ES,Towers with Radar,0,10,50,0,60,0,0,238,0,238,0,10,288,0,298,254,0,254,552
04/23/2016,VRB,FL,ASO,ES,Towers with Radar,0,9,53,0,62,0,0,133,0,133,0,9,186,0,195,161,0,161,356
04/24/2016,VRB,FL,ASO,ES,Towers with Radar,0,24,36,0,60,0,0,196,0,196,0,24,232,0,256,218,0,218,474
04/25/2016,VRB,FL,ASO,ES,Towers with Radar,0,11,54,0,65,0,0,325,0,325,0,11,379,0,390,425,0,425,815
04/26/2016,VRB,FL,ASO,ES,Towers with Radar,0,8,67,0,75,0,0,348,0,348,0,8,415,0,423,480,0,480,903
04/27/2016,VRB,FL,ASO,ES,Towers with Radar,0,18,40,0,58,0,0,319,0,319,0,18,359,0,377,589,0,589,966
04/28/2016,VRB,FL,ASO,ES,Towers with Radar,0,20,67,0,87,0,0,305,0,305,0,20,372,0,392,439,0,439,831
04/29/2016,VRB,FL,ASO,ES,Towers with Radar,0,12,62,0,74,0,0,268,0,268,0,12,330,0,342,492,0,492,834
04/30/2016,VRB,FL,ASO,ES,Towers with Radar,0,14,45,0,59,0,0,235,0,235,0,14,280,0,294,355,0,355,649
05/01/2016,VRB,FL,ASO,ES,Towers with Radar,4,15,45,0,64,0,0,225,0,225,4,15,270,0,289,284,0,284,573
05/02/2016,VRB,FL,ASO,ES,Towers with Radar,0,10,50,0,60,0,0,217,0,217,0,10,267,0,277,311,0,311,588
05/03/2016,VRB,FL,ASO,ES,Towers with Radar,0,6,58,2,66,0,0,190,0,190,0,6,248,2,256,238,0,238,494
05/04/2016,VRB,FL,ASO,ES,Towers with Radar,0,8,31,0,39,0,0,27,0,27,0,8,58,0,66,42,0,42,108
05/05/2016,VRB,FL,ASO,ES,Towers with Radar,0,17,69,0,86,0,0,242,0,242,0,17,311,0,328,501,0,501,829
05/06/2016,VRB,FL,ASO,ES,Towers with Radar,0,12,51,0,63,0,0,271,0,271,0,12,322,0,334,568,0,568,902
05/07/2016,VRB,FL,ASO,ES,Towers with Radar,0,11,32,0,43,0,0,191,0,191,0,11,223,0,234,237,0,237,471
05/08/2016,VRB,FL,ASO,ES,Towers with Radar,0,20,19,0,39,0,0,165,0,165,0,20,184,0,204,265,0,265,469
05/09/2016,VRB,FL,ASO,ES,Towers with Radar,0,14,58,0,72,0,0,271,0,271,0,14,329,0,343,418,0,418,761
05/10/2016,VRB,FL,ASO,ES,Towers with Radar,0,16,71,0,87,0,0,249,0,249,0,16,320,0,336,401,0,401,737
05/11/2016,VRB,FL,ASO,ES,Towers with Radar,0,17,41,0,58,0,0,323,0,323,0,17,364,0,381,518,0,518,899
05/12/2016,VRB,FL,ASO,ES,Towers with Radar,0,19,71,2,92,0,0,266,0,266,0,19,337,2,358,547,0,547,905
05/13/2016,VRB,FL,ASO,ES,Towers with Radar,2,6,49,0,57,0,0,227,0,227,2,6,276,0,284,367,0,367,651
05/14/2016,VRB,FL,ASO,ES,Towers with Radar,0,3,46,0,49,0,0,158,0,158,0,3,204,0,207,282,0,282,489
05/15/2016,VRB,FL,ASO,ES,Towers with Radar,0,10,29,0,39,0,0,151,0,151,0,10,180,0,190,181,0,181,371
05/16/2016,VRB,FL,ASO,ES,Towers with Radar,0,10,28,0,38,0,0,281,0,281,0,10,309,0,319,359,0,359,678
05/17/2016,VRB,FL,ASO,ES,Towers with Radar,0,7,43,0,50,0,0,97,0,97,0,7,140,0,147,151,0,151,298
05/18/2016,VRB,FL,ASO,ES,Towers with Radar,0,20,38,0,58,0,0,132,0,132,0,20,170,0,190,232,0,232,422
05/19/2016,VRB,FL,ASO,ES,Towers with Radar,0,7,45,0,52,0,0,185,0,185,0,7,230,0,237,186,0,186,423
05/20/2016,VRB,FL,ASO,ES,Towers with Radar,0,8,48,0,56,0,0,199,0,199,0,8,247,0,255,169,0,169,424
05/21/2016,VRB,FL,ASO,ES,Towers with Radar,0,11,39,1,51,0,0,176,0,176,0,11,215,1,227,190,0,190,417
05/22/2016,VRB,FL,ASO,ES,Towers with Radar,0,17,41,0,58,0,0,146,0,146,0,17,187,0,204,178,0,178,382
05/23/2016,VRB,FL,ASO,ES,Towers with Radar,0,8,34,0,42,0,0,256,0,256,0,8,290,0,298,323,0,323,621
05/24/2016,VRB,FL,ASO,ES,Towers with Radar,0,9,46,0,55,0,0,220,0,220,0,9,266,0,275,276,0,276,551
05/25/2016,VRB,FL,ASO,ES,Towers with Radar,0,5,57,0,62,0,0,272,0,272,0,5,329,0,334,457,0,457,791
05/26/2016,VRB,FL,ASO,ES,Towers with Radar,1,8,73,0,82,0,0,210,0,210,1,8,283,0,292,223,0,223,515
05/27/2016,VRB,FL,ASO,ES,Towers with Radar,1,8,69,0,78,0,0,162,0,162,1,8,231,0,240,252,0,252,492
05/28/2016,VRB,FL,ASO,ES,Towers with Radar,0,6,44,0,50,0,1,211,0,212,0,7,255,0,262,184,0,184,446
05/29/2016,VRB,FL,ASO,ES,Towers with Radar,0,10,21,0,31,0,0,96,0,96,0,10,117,0,127,179,0,179,306
05/30/2016,VRB,FL,ASO,ES,Towers with Radar,0,4,27,1,32,0,0,104,1,105,0,4,131,2,137,161,0,161,298
05/31/2016,VRB,FL,ASO,ES,Towers with Radar,0,6,35,0,41,0,2,238,0,240,0,8,273,0,281,303,0,303,584
06/01/2016,VRB,FL,ASO,ES,Towers with Radar,0,5,54,0,59,0,0,308,0,308,0,5,362,0,367,563,0,563,930
06/02/2016,VRB,FL,ASO,ES,Towers with Radar,0,10,48,0,58,0,0,259,0,259,0,10,307,0,317,468,0,468,785
06/03/2016,VRB,FL,ASO,ES,Towers with Radar,0,17,62,0,79,0,0,230,0,230,0,17,292,0,309,342,0,342,651
06/04/2016,VRB,FL,ASO,ES,Towers with Radar,0,6,26,0,32,0,0,7,0,7,0,6,33,0,39,0,0,0,39
06/05/2016,VRB,FL,ASO,ES,Towers with Radar,0,11,27,0,38,0,0,6,0,6,0,11,33,0,44,0,0,0,44
06/06/2016,VRB,FL,ASO,ES,Towers with Radar,0,4,34,4,42,0,0,130,0,130,0,4,164,4,172,166,0,166,338
06/07/2016,VRB,FL,ASO,ES,Towers with Radar,0,2,35,0,37,0,0,82,0,82,0,2,117,0,119,150,0,150,269
06/08/2016,VRB,FL,ASO,ES,Towers with Radar,0,11,73,4,88,0,0,51,0,51,0,11,124,4,139,72,0,72,211
06/09/2016,VRB,FL,ASO,ES,Towers with Radar,0,8,64,0,72,0,0,158,0,158,0,8,222,0,230,281,0,281,511
06/10/2016,VRB,FL,ASO,ES,Towers with Radar,2,5,59,2,68,0,0,173,0,173,2,5,232,2,241,324,0,324,565
06/11/2016,VRB,FL,ASO,ES,Towers with Radar,0,3,60,0,63,0,0,137,0,137,0,3,197,0,200,184,0,184,384
06/12/2016,VRB,FL,ASO,ES,Towers with Radar,0,10,33,0,43,0,0,200,0,200,0,10,233,0,243,205,0,205,448
06/13/2016,VRB,FL,ASO,ES,Towers with Radar,0,3,60,0,63,0,0,335,0,335,0,3,395,0,398,364,0,364,762
06/14/2016,VRB,FL,ASO,ES,Towers with Radar,0,2,49,0,51,0,0,275,0,275,0,2,324,0,326,357,0,357,683
06/15/2016,VRB,FL,ASO,ES,Towers with Radar,0,7,38,0,45,0,0,252,0,252,0,7,290,0,297,303,0,303,600
06/16/2016,VRB,FL,ASO,ES,Towers with Radar,0,10,50,0,60,0,0,176,0,176,0,10,226,0,236,251,0,251,487
06/17/2016,VRB,FL,ASO,ES,Towers with Radar,0,5,53,0,58,0,0,130,0,130,0,5,183,0,188,181,0,181,369
06/18/2016,VRB,FL,ASO,ES,Towers with Radar,0,0,11,0,11,0,0,91,0,91,0,0,102,0,102,124,0,124,226
06/19/2016,VRB,FL,ASO,ES,Towers with Radar,0,8,34,0,42,0,0,89,0,89,0,8,123,0,131,82,0,82,213
06/20/2016,VRB,FL,ASO,ES,Towers with Radar,0,2,52,0,54,0,0,211,0,211,0,2,263,0,265,177,0,177,442
06/21/2016,VRB,FL,ASO,ES,Towers with Radar,0,7,38,0,45,0,0,332,0,332,0,7,370,0,377,321,0,321,698
06/22/2016,VRB,FL,ASO,ES,Towers with Radar,0,11,45,0,56,0,0,290,0,290,0,11,335,0,346,391,0,391,737
06/23/2016,VRB,FL,ASO,ES,Towers with Radar,1,3,49,1,54,0,0,221,0,221,1,3,270,1,275,229,4,233,508
06/24/2016,VRB,FL,ASO,ES,Towers with Radar,0,2,23,2,27,0,0,70,0,70,0,2,93,2,97,96,0,96,193
06/25/2016,VRB,FL,ASO,ES,Towers with Radar,0,4,10,0,14,0,0,22,0,22,0,4,32,0,36,44,0,44,80
06/26/2016,VRB,FL,ASO,ES,Towers with Radar,0,5,11,3,19,0,0,41,0,41,0,5,52,3,60,56,0,56,116
06/27/2016,VRB,FL,ASO,ES,Towers with Radar,0,9,31,2,42,0,0,174,0,174,0,9,205,2,216,239,4,243,459
06/28/2016,VRB,FL,ASO,ES,Towers with Radar,0,2,62,0,64,0,0,312,0,312,0,2,374,0,376,411,0,411,787
06/29/2016,VRB,FL,ASO,ES,Towers with Radar,0,4,45,0,49,0,0,253,0,253,0,4,298,0,302,329,0,329,631
06/30/2016,VRB,FL,ASO,ES,Towers with Radar,3,7,71,0,81,0,0,199,0,199,3,7,270,0,280,302,0,302,582
07/01/2016,VRB,FL,ASO,ES,Towers with Radar,0,6,90,3,99,0,0,246,1,247,0,6,336,4,346,322,0,322,668
07/02/2016,VRB,FL,ASO,ES,Towers with Radar,0,4,18,0,22,0,0,154,0,154,0,4,172,0,176,217,0,217,393
07/03/2016,VRB,FL,ASO,ES,Towers with Radar,0,4,7,0,11,0,1,88,0,89,0,5,95,0,100,141,0,141,241
07/04/2016,VRB,FL,ASO,ES,Towers with Radar,0,3,9,0,12,0,0,37,0,37,0,3,46,0,49,13,0,13,62
07/05/2016,VRB,FL,ASO,ES,Towers with Radar,0,5,89,0,94,0,0,218,0,218,0,5,307,0,312,243,0,243,555
07/06/2016,VRB,FL,ASO,ES,Towers with Radar,0,10,48,0,58,0,0,207,0,207,0,10,255,0,265,302,0,302,567
07/07/2016,VRB,FL,ASO,ES,Towers with Radar,0,4,46,0,50,0,0,255,0,255,0,4,301,0,305,253,0,253,558
07/08/2016,VRB,FL,ASO,ES,Towers with Radar,0,6,55,0,61,0,0,250,0,250,0,6,305,0,311,323,0,323,634
07/09/2016,VRB,FL,ASO,ES,Towers with Radar,0,2,37,0,39,0,0,190,0,190,0,2,227,0,229,165,0,165,394
07/10/2016,VRB,FL,ASO,ES,Towers with Radar,0,1,18,0,19,0,0,137,0,137,0,1,155,0,156,263,0,263,419
07/11/2016,VRB,FL,ASO,ES,Towers with Radar,0,0,61,0,61,0,0,213,0,213,0,0,274,0,274,337,0,337,611
07/12/2016,VRB,FL,ASO,ES,Towers with Radar,0,0,60,0,60,0,0,225,0,225,0,0,285,0,285,257,0,257,542
07/13/2016,VRB,FL,ASO,ES,Towers with Radar,0,3,63,0,66,0,0,291,0,291,0,3,354,0,357,355,0,355,712
07/14/2016,VRB,FL,ASO,ES,Towers with Radar,0,3,52,0,55,0,0,278,0,278,0,3,330,0,333,494,0,494,827
07/15/2016,VRB,FL,ASO,ES,Towers with Radar,0,6,59,0,65,0,0,255,1,256,0,6,314,1,321,424,0,424,745
07/16/2016,VRB,FL,ASO,ES,Towers with Radar,0,4,24,0,28,0,0,138,0,138,0,4,162,0,166,259,0,259,425
07/17/2016,VRB,FL,ASO,ES,Towers with Radar,0,6,30,0,36,0,0,174,0,174,0,6,204,0,210,210,0,210,420
07/18/2016,VRB,FL,ASO,ES,Towers with Radar,0,2,74,0,76,0,0,184,0,184,0,2,258,0,260,252,0,252,512
07/19/2016,VRB,FL,ASO,ES,Towers with Radar,0,2,66,0,68,0,0,209,0,209,0,2,275,0,277,268,0,268,545
07/20/2016,VRB,FL,ASO,ES,Towers with Radar,0,4,39,0,43,0,0,296,0,296,0,4,335,0,339,406,0,406,745
07/21/2016,VRB,FL,ASO,ES,Towers with Radar,0,4,68,0,72,0,0,317,0,317,0,4,385,0,389,434,0,434,823
07/22/2016,VRB,FL,ASO,ES,Towers with Radar,0,5,56,0,61,0,0,328,0,328,0,5,384,0,389,410,0,410,799
07/23/2016,VRB,FL,ASO,ES,Towers with Radar,0,4,21,0,25,0,0,270,0,270,0,4,291,0,295,328,0,328,623
07/24/2016,VRB,FL,ASO,ES,Towers with Radar,0,4,21,0,25,0,0,140,0,140,0,4,161,0,165,231,0,231,396
07/25/2016,VRB,FL,ASO,ES,Towers with Radar,0,0,29,0,29,0,0,271,0,271,0,0,300,0,300,466,0,466,766
07/26/2016,VRB,FL,ASO,ES,Towers with Radar,0,2,36,0,38,0,0,283,0,283,0,2,319,0,321,589,0,589,910
07/27/2016,VRB,FL,ASO,ES,Towers with Radar,0,4,44,0,48,0,0,279,0,279,0,4,323,0,327,534,0,534,861
07/28/2016,VRB,FL,ASO,ES,Towers with Radar,0,1,28,4,33,0,0,284,0,284,0,1,312,4,317,517,0,517,834
07/29/2016,VRB,FL,ASO,ES,Towers with Radar,0,4,30,0,34,0,0,225,0,225,0,4,255,0,259,491,0,491,750
07/30/2016,VRB,FL,ASO,ES,Towers with Radar,0,0,25,3,28,0,0,167,2,169,0,0,192,5,197,422,0,422,619
07/31/2016,VRB,FL,ASO,ES,Towers with Radar,0,5,14,0,19,0,0,91,0,91,0,5,105,0,110,145,0,145,255
08/01/2016,VRB,FL,ASO,ES,Towers with Radar,0,6,38,0,44,0,0,225,1,226,0,6,263,1,270,396,2,398,668
08/02/2016,VRB,FL,ASO,ES,Towers with Radar,0,2,55,0,57,0,0,221,0,221,0,2,276,0,278,364,0,364,642
08/03/2016,VRB,FL,ASO,ES,Towers with Radar,0,5,63,0,68,0,0,279,0,279,0,5,342,0,347,437,0,437,784
08/04/2016,VRB,FL,ASO,ES,Towers with Radar,0,5,63,0,68,0,0,144,0,144,0,5,207,0,212,259,0,259,471
08/05/2016,VRB,FL,ASO,ES,Towers with Radar,0,11,63,0,74,0,0,244,0,244,0,11,307,0,318,354,0,354,672
08/06/2016,VRB,FL,ASO,ES,Towers with Radar,0,2,32,0,34,0,0,157,0,157,0,2,189,0,191,127,0,127,318
08/07/2016,VRB,FL,ASO,ES,Towers with Radar,0,0,15,0,15,0,0,84,0,84,0,0,99,0,99,162,0,162,261
08/08/2016,VRB,FL,ASO,ES,Towers with Radar,0,4,48,0,52,0,0,119,1,120,0,4,167,1,172,126,0,126,298
08/09/2016,VRB,FL,ASO,ES,Towers with Radar,0,1,39,0,40,0,0,209,2,211,0,1,248,2,251,402,0,402,653
08/10/2016,VRB,FL,ASO,ES,Towers with Radar,0,1,60,0,61,0,0,205,0,205,0,1,265,0,266,256,0,256,522
08/11/2016,VRB,FL,ASO,ES,Towers with Radar,0,5,30,1,36,0,0,262,1,263,0,5,292,2,299,447,0,447,746
08/12/2016,VRB,FL,ASO,ES,Towers with Radar,0,4,43,0,47,0,0,261,0,261,0,4,304,0,308,393,0,393,701
08/13/2016,VRB,FL,ASO,ES,Towers with Radar,0,2,25,0,27,0,0,215,0,215,0,2,240,0,242,323,0,323,565
08/14/2016,VRB,FL,ASO,ES,Towers with Radar,2,5,27,0,34,0,0,115,0,115,2,5,142,0,149,255,0,255,404
08/15/2016,VRB,FL,ASO,ES,Towers with Radar,0,6,37,0,43,0,0,222,0,222,0,6,259,0,265,423,0,423,688
08/16/2016,VRB,FL,ASO,ES,Towers with Radar,0,2,44,0,46,0,0,277,0,277,0,2,321,0,323,487,0,487,810
08/17/2016,VRB,FL,ASO,ES,Towers with Radar,0,3,79,4,86,0,0,287,0,287,0,3,366,4,373,434,0,434,807
08/18/2016,VRB,FL,ASO,ES,Towers with Radar,1,6,59,0,66,0,0,302,0,302,1,6,361,0,368,434,0,434,802
08/19/2016,VRB,FL,ASO,ES,Towers with Radar,2,6,79,0,87,0,0,298,0,298,2,6,377,0,385,460,0,460,845
08/20/2016,VRB,FL,ASO,ES,Towers with Radar,0,4,33,0,37,0,0,161,0,161,0,4,194,0,198,190,0,190,388
08/21/2016,VRB,FL,ASO,ES,Towers with Radar,1,6,10,0,17,0,0,169,0,169,1,6,179,0,186,158,0,158,344
08/22/2016,VRB,FL,ASO,ES,Towers with Radar,0,4,69,5,78,0,0,316,0,316,0,4,385,5,394,200,0,200,594
08/23/2016,VRB,FL,ASO,ES,Towers with Radar,0,9,79,0,88,0,0,354,1,355,0,9,433,1,443,477,0,477,920
08/24/2016,VRB,FL,ASO,ES,Towers with Radar,0,2,53,0,55,0,0,219,0,219,0,2,272,0,274,260,0,260,534
08/25/2016,VRB,FL,ASO,ES,Towers with Radar,1,6,81,0,88,0,0,206,0,206,1,6,287,0,294,294,0,294,588
08/26/2016,VRB,FL,ASO,ES,Towers with Radar,0,9,73,2,84,0,0,230,0,230,0,9,303,2,314,218,0,218,532
08/27/2016,VRB,FL,ASO,ES,Towers with Radar,1,1,24,0,26,0,0,107,0,107,1,1,131,0,133,224,0,224,357
08/28/2016,VRB,FL,ASO,ES,Towers with Radar,1,2,25,0,28,0,0,84,0,84,1,2,109,0,112,148,0,148,260
08/29/2016,VRB,FL,ASO,ES,Towers with Radar,0,2,75,0,77,0,0,180,0,180,0,2,255,0,257,291,0,291,548
08/30/2016,VRB,FL,ASO,ES,Towers with Radar,0,1,64,0,65,0,0,102,0,102,0,1,166,0,167,109,0,109,276
08/31/2016,VRB,FL,ASO,ES,Towers with Radar,1,5,70,0,76,0,0,218,0,218,1,5,288,0,294,223,0,223,517
09/01/2016,VRB,FL,ASO,ES,Towers with Radar,0,3,78,0,81,0,0,207,0,207,0,3,285,0,288,236,0,236,524
09/02/2016,VRB,FL,ASO,ES,Towers with Radar,0,5,59,0,64,0,0,160,0,160,0,5,219,0,224,145,0,145,369
09/03/2016,VRB,FL,ASO,ES,Towers with Radar,0,3,55,0,58,0,0,214,0,214,0,3,269,0,272,198,0,198,470
09/04/2016,VRB,FL,ASO,ES,Towers with Radar,0,3,39,0,42,0,0,168,0,168,0,3,207,0,210,184,0,184,394
09/05/2016,VRB,FL,ASO,ES,Towers with Radar,0,1,17,0,18,0,0,105,0,105,0,1,122,0,123,110,0,110,233
09/06/2016,VRB,FL,ASO,ES,Towers with Radar,0,4,74,0,78,0,0,220,0,220,0,4,294,0,298,241,0,241,539
09/07/2016,VRB,FL,ASO,ES,Towers with Radar,0,1,77,0,78,0,0,273,0,273,0,1,350,0,351,250,0,250,601
09/08/2016,VRB,FL,ASO,ES,Towers with Radar,0,7,85,0,92,0,0,249,0,249,0,7,334,0,341,182,0,182,523
09/09/2016,VRB,FL,ASO,ES,Towers with Radar,0,7,75,0,82,0,0,284,0,284,0,7,359,0,366,277,0,277,643
09/10/2016,VRB,FL,ASO,ES,Towers with Radar,0,4,52,0,56,0,0,200,0,200,0,4,252,0,256,223,0,223,479
09/11/2016,VRB,FL,ASO,ES,Towers with Radar,0,5,28,0,33,0,0,127,0,127,0,5,155,0,160,90,0,90,250
09/12/2016,VRB,FL,ASO,ES,Towers with Radar,0,6,91,0,97,0,0,210,0,210,0,6,301,0,307,291,0,291,598
09/13/2016,VRB,FL,ASO,ES,Towers with Radar,0,3,67,0,70,0,0,49,0,49,0,3,116,0,119,34,0,34,153
09/14/2016,VRB,FL,ASO,ES,Towers with Radar,0,2,103,0,105,0,0,266,0,266,0,2,369,0,371,220,0,220,591
09/15/2016,VRB,FL,ASO,ES,Towers with Radar,0,11,104,0,115,0,0,248,0,248,0,11,352,0,363,310,0,310,673
09/16/2016,VRB,FL,ASO,ES,Towers with Radar,0,6,99,0,105,0,0,233,1,234,0,6,332,1,339,180,0,180,519
09/17/2016,VRB,FL,ASO,ES,Towers with Radar,0,2,62,0,64,0,0,108,0,108,0,2,170,0,172,102,0,102,274
09/18/2016,VRB,FL,ASO,ES,Towers with Radar,0,4,39,0,43,0,0,157,0,157,0,4,196,0,200,110,0,110,310
09/19/2016,VRB,FL,ASO,ES,Towers with Radar,0,5,70,0,75,0,0,209,0,209,0,5,279,0,284,230,0,230,514
09/20/2016,VRB,FL,ASO,ES,Towers with Radar,0,5,78,0,83,0,1,267,0,268,0,6,345,0,351,326,0,326,677
09/21/2016,VRB,FL,ASO,ES,Towers with Radar,0,0,103,0,103,0,0,294,0,294,0,0,397,0,397,225,0,225,622
09/22/2016,VRB,FL,ASO,ES,Towers with Radar,0,7,61,0,68,0,0,214,0,214,0,7,275,0,282,291,0,291,573
09/23/2016,VRB,FL,ASO,ES,Towers with Radar,0,7,62,0,69,0,0,229,0,229,0,7,291,0,298,254,0,254,552
09/24/2016,VRB,FL,ASO,ES,Towers with Radar,0,1,43,0,44,0,0,173,0,173,0,1,216,0,217,203,0,203,420
09/25/2016,VRB,FL,ASO,ES,Towers with Radar,0,5,28,0,33,0,0,137,0,137,0,5,165,0,170,100,0,100,270
09/26/2016,VRB,FL,ASO,ES,Towers with Radar,0,0,71,0,71,0,0,226,0,226,0,0,297,0,297,313,0,313,610
09/27/2016,VRB,FL,ASO,ES,Towers with Radar,0,1,58,0,59,0,0,227,0,227,0,1,285,0,286,221,0,221,507
09/28/2016,VRB,FL,ASO,ES,Towers with Radar,0,3,81,0,84,0,0,224,0,224,0,3,305,0,308,372,0,372,680
09/29/2016,VRB,FL,ASO,ES,Towers with Radar,0,3,79,0,82,0,0,203,0,203,0,3,282,0,285,244,0,244,529
09/30/2016,VRB,FL,ASO,ES,Towers with Radar,0,9,76,0,85,0,0,209,2,211,0,9,285,2,296,218,2,220,516
10/01/2016,VRB,FL,ASO,ES,Towers with Radar,0,3,53,0,56,0,0,159,0,159,0,3,212,0,215,152,0,152,367
10/02/2016,VRB,FL,ASO,ES,Towers with Radar,4,9,30,0,43,0,0,102,0,102,4,9,132,0,145,110,0,110,255
10/03/2016,VRB,FL,ASO,ES,Towers with Radar,0,3,49,0,52,0,0,105,0,105,0,3,154,0,157,164,0,164,321
10/04/2016,VRB,FL,ASO,ES,Towers with Radar,0,3,80,2,85,0,0,209,0,209,0,3,289,2,294,256,0,256,550
10/05/2016,VRB,FL,ASO,ES,Towers with Radar,0,7,41,0,48,0,0,63,0,63,0,7,104,0,111,2,0,2,113
10/06/2016,VRB,FL,ASO,ES,Towers with Radar,0,6,1,0,7,0,0,2,0,2,0,6,3,0,9,0,0,0,9
10/07/2016,VRB,FL,ASO,ES,Towers with Radar,0,0,0,0,0,0,0,0,0,0,0,0,0,0,0,0,0,0,0
10/08/2016,VRB,FL,ASO,ES,Towers with Radar,0,5,13,0,18,0,0,74,0,74,0,5,87,0,92,25,0,25,117
10/09/2016,VRB,FL,ASO,ES,Towers with Radar,4,17,34,0,55,0,0,129,0,129,4,17,163,0,184,72,0,72,256
10/10/2016,VRB,FL,ASO,ES,Towers with Radar,0,8,48,0,56,0,0,237,0,237,0,8,285,0,293,160,0,160,453
10/11/2016,VRB,FL,ASO,ES,Towers with Radar,0,9,69,0,78,0,0,273,0,273,0,9,342,0,351,238,0,238,589
10/12/2016,VRB,FL,ASO,ES,Towers with Radar,0,10,66,0,76,0,0,188,0,188,0,10,254,0,264,221,0,221,485
10/13/2016,VRB,FL,ASO,ES,Towers with Radar,0,9,58,0,67,0,0,223,0,223,0,9,281,0,290,240,0,240,530
10/14/2016,VRB,FL,ASO,ES,Towers with Radar,0,8,63,0,71,0,0,237,0,237,0,8,300,0,308,196,0,196,504
10/15/2016,VRB,FL,ASO,ES,Towers with Radar,0,16,51,0,67,0,0,154,0,154,0,16,205,0,221,157,0,157,378
10/16/2016,VRB,FL,ASO,ES,Towers with Radar,0,9,40,0,49,0,0,122,0,122,0,9,162,0,171,193,0,193,364
10/17/2016,VRB,FL,ASO,ES,Towers with Radar,0,8,69,0,77,0,0,231,0,231,0,8,300,0,308,273,0,273,581
10/18/2016,VRB,FL,ASO,ES,Towers with Radar,0,7,61,0,68,0,2,229,0,231,0,9,290,0,299,267,0,267,566
10/19/2016,VRB,FL,ASO,ES,Towers with Radar,0,10,69,3,82,0,0,278,1,279,0,10,347,4,361,256,0,256,617
10/20/2016,VRB,FL,ASO,ES,Towers with Radar,3,13,86,0,102,0,0,260,0,260,3,13,346,0,362,341,0,341,703
10/21/2016,VRB,FL,ASO,ES,Towers with Radar,2,14,87,0,103,0,0,260,0,260,2,14,347,0,363,459,0,459,822
10/22/2016,VRB,FL,ASO,ES,Towers with Radar,0,5,56,0,61,0,0,154,0,154,0,5,210,0,215,206,0,206,421
10/23/2016,VRB,FL,ASO,ES,Towers with Radar,3,6,42,0,51,0,0,175,0,175,3,6,217,0,226,196,0,196,422
10/24/2016,VRB,FL,ASO,ES,Towers with Radar,0,8,78,0,86,0,0,246,0,246,0,8,324,0,332,340,0,340,672
10/25/2016,VRB,FL,ASO,ES,Towers with Radar,0,14,74,0,88,0,0,268,0,268,0,14,342,0,356,213,0,213,569
10/26/2016,VRB,FL,ASO,ES,Towers with Radar,0,17,60,0,77,0,0,247,0,247,0,17,307,0,324,175,0,175,499
10/27/2016,VRB,FL,ASO,ES,Towers with Radar,0,16,81,0,97,0,0,141,0,141,0,16,222,0,238,112,0,112,350
10/28/2016,VRB,FL,ASO,ES,Towers with Radar,0,13,58,0,71,0,0,221,0,221,0,13,279,0,292,161,0,161,453
10/29/2016,VRB,FL,ASO,ES,Towers with Radar,0,9,29,0,38,0,0,68,0,68,0,9,97,0,106,40,0,40,146
10/30/2016,VRB,FL,ASO,ES,Towers with Radar,2,23,31,0,56,0,0,108,0,108,2,23,139,0,164,134,0,134,298
10/31/2016,VRB,FL,ASO,ES,Towers with Radar,0,16,74,0,90,0,0,297,0,297,0,16,371,0,387,222,0,222,609
11/01/2016,VRB,FL,ASO,ES,Towers with Radar,0,14,80,0,94,0,0,269,0,269,0,14,349,0,363,429,0,429,792
11/02/2016,VRB,FL,ASO,ES,Towers with Radar,0,6,94,0,100,0,0,184,0,184,0,6,278,0,284,357,0,357,641
11/03/2016,VRB,FL,ASO,ES,Towers with Radar,0,12,90,0,102,0,0,268,0,268,0,12,358,0,370,246,0,246,616
11/04/2016,VRB,FL,ASO,ES,Towers with Radar,0,17,68,0,85,0,0,310,0,310,0,17,378,0,395,297,0,297,692
11/05/2016,VRB,FL,ASO,ES,Towers with Radar,0,11,53,0,64,0,0,132,0,132,0,11,185,0,196,103,0,103,299
11/06/2016,VRB,FL,ASO,ES,Towers with Radar,0,21,35,0,56,0,0,111,0,111,0,21,146,0,167,71,0,71,238
11/07/2016,VRB,FL,ASO,ES,Towers with Radar,0,12,58,0,70,0,0,277,0,277,0,12,335,0,347,216,0,216,563
11/08/2016,VRB,FL,ASO,ES,Towers with Radar,0,13,42,3,58,0,0,121,1,122,0,13,163,4,180,157,0,157,337
11/09/2016,VRB,FL,ASO,ES,Towers with Radar,0,8,68,0,76,0,0,324,0,324,0,8,392,0,400,282,0,282,682
11/10/2016,VRB,FL,ASO,ES,Towers with Radar,3,25,72,1,101,0,0,325,2,327,3,25,397,3,428,391,0,391,819
11/11/2016,VRB,FL,ASO,ES,Towers with Radar,3,14,55,0,72,0,0,276,0,276,3,14,331,0,348,365,0,365,713
11/12/2016,VRB,FL,ASO,ES,Towers with Radar,0,7,52,1,60,0,0,202,0,202,0,7,254,1,262,246,0,246,508
11/13/2016,VRB,FL,ASO,ES,Towers with Radar,0,19,38,0,57,0,0,143,0,143,0,19,181,0,200,141,0,141,341
11/14/2016,VRB,FL,ASO,ES,Towers with Radar,0,16,59,0,75,0,0,244,0,244,0,16,303,0,319,325,0,325,644
11/15/2016,VRB,FL,ASO,ES,Towers with Radar,0,7,78,0,85,0,0,299,2,301,0,7,377,2,386,404,0,404,790
11/16/2016,VRB,FL,ASO,ES,Towers with Radar,0,16,65,4,85,0,0,286,0,286,0,16,351,4,371,301,0,301,672
11/17/2016,VRB,FL,ASO,ES,Towers with Radar,1,14,58,0,73,0,0,309,1,310,1,14,367,1,383,378,0,378,761
11/18/2016,VRB,FL,ASO,ES,Towers with Radar,2,18,87,0,107,0,0,266,0,266,2,18,353,0,373,380,0,380,753
11/19/2016,VRB,FL,ASO,ES,Towers with Radar,0,15,42,0,57,0,0,211,0,211,0,15,253,0,268,252,0,252,520
11/20/2016,VRB,FL,ASO,ES,Towers with Radar,4,19,41,0,64,0,1,113,0,114,4,20,154,0,178,120,0,120,298
11/21/2016,VRB,FL,ASO,ES,Towers with Radar,0,23,52,0,75,0,0,310,0,310,0,23,362,0,385,346,0,346,731
11/22/2016,VRB,FL,ASO,ES,Towers with Radar,3,28,60,0,91,0,0,280,0,280,3,28,340,0,371,281,0,281,652
11/23/2016,VRB,FL,ASO,ES,Towers with Radar,2,29,55,0,86,0,0,258,0,258,2,29,313,0,344,374,0,374,718
11/24/2016,VRB,FL,ASO,ES,Towers with Radar,1,10,15,0,26,0,0,79,0,79,1,10,94,0,105,94,0,94,199
11/25/2016,VRB,FL,ASO,ES,Towers with Radar,0,13,43,0,56,0,0,131,0,131,0,13,174,0,187,128,0,128,315
11/26/2016,VRB,FL,ASO,ES,Towers with Radar,0,23,44,0,67,0,0,193,0,193,0,23,237,0,260,260,0,260,520
11/27/2016,VRB,FL,ASO,ES,Towers with Radar,0,42,62,0,104,0,0,143,0,143,0,42,205,0,247,183,0,183,430
11/28/2016,VRB,FL,ASO,ES,Towers with Radar,3,12,51,2,68,0,0,251,0,251,3,12,302,2,319,338,0,338,657
11/29/2016,VRB,FL,ASO,ES,Towers with Radar,0,17,94,0,111,0,0,254,0,254,0,17,348,0,365,304,0,304,669
11/30/2016,VRB,FL,ASO,ES,Towers with Radar,0,15,102,1,118,0,0,260,1,261,0,15,362,2,379,408,0,408,787
12/01/2016,VRB,FL,ASO,ES,Towers with Radar,0,14,110,0,124,0,0,206,0,206,0,14,316,0,330,210,0,210,540
12/02/2016,VRB,FL,ASO,ES,Towers with Radar,0,8,75,0,83,0,0,307,0,307,0,8,382,0,390,351,0,351,741
12/03/2016,VRB,FL,ASO,ES,Towers with Radar,0,11,40,0,51,0,0,246,0,246,0,11,286,0,297,162,0,162,459
12/04/2016,VRB,FL,ASO,ES,Towers with Radar,0,17,37,0,54,0,0,150,0,150,0,17,187,0,204,279,0,279,483
12/05/2016,VRB,FL,ASO,ES,Towers with Radar,0,10,73,2,85,0,0,248,1,249,0,10,321,3,334,443,0,443,777
12/06/2016,VRB,FL,ASO,ES,Towers with Radar,0,9,83,0,92,0,0,93,0,93,0,9,176,0,185,125,0,125,310
12/07/2016,VRB,FL,ASO,ES,Towers with Radar,1,5,128,0,134,0,0,277,0,277,1,5,405,0,411,437,0,437,848
12/08/2016,VRB,FL,ASO,ES,Towers with Radar,1,10,82,0,93,0,0,245,0,245,1,10,327,0,338,342,0,342,680
12/09/2016,VRB,FL,ASO,ES,Towers with Radar,2,9,96,0,107,0,0,169,0,169,2,9,265,0,276,315,0,315,591
12/10/2016,VRB,FL,ASO,ES,Towers with Radar,0,10,67,0,77,0,0,91,0,91,0,10,158,0,168,214,0,214,382
12/11/2016,VRB,FL,ASO,ES,Towers with Radar,4,13,45,0,62,0,0,58,0,58,4,13,103,0,120,96,0,96,216
12/12/2016,VRB,FL,ASO,ES,Towers with Radar,2,17,77,0,96,0,0,239,0,239,2,17,316,0,335,238,0,238,573
12/13/2016,VRB,FL,ASO,ES,Towers with Radar,0,7,72,0,79,0,0,223,0,223,0,7,295,0,302,412,0,412,714
12/14/2016,VRB,FL,ASO,ES,Towers with Radar,0,7,86,0,93,0,0,288,0,288,0,7,374,0,381,360,0,360,741
12/15/2016,VRB,FL,ASO,ES,Towers with Radar,2,7,90,0,99,0,0,167,0,167,2,7,257,0,266,127,0,127,393
12/16/2016,VRB,FL,ASO,ES,Towers with Radar,2,17,93,0,112,0,0,275,0,275,2,17,368,0,387,462,0,462,849
12/17/2016,VRB,FL,ASO,ES,Towers with Radar,2,8,56,0,66,0,0,221,1,222,2,8,277,1,288,361,0,361,649
12/18/2016,VRB,FL,ASO,ES,Towers with Radar,2,22,46,0,70,0,0,120,1,121,2,22,166,1,191,175,0,175,366
12/19/2016,VRB,FL,ASO,ES,Towers with Radar,2,13,61,0,76,0,0,249,0,249,2,13,310,0,325,477,0,477,802
12/20/2016,VRB,FL,ASO,ES,Towers with Radar,2,7,105,0,114,0,0,29,0,29,2,7,134,0,143,59,0,59,202
12/21/2016,VRB,FL,ASO,ES,Towers with Radar,2,14,95,0,111,0,0,32,0,32,2,14,127,0,143,145,0,145,288
12/22/2016,VRB,FL,ASO,ES,Towers with Radar,3,9,68,0,80,0,0,196,0,196,3,9,264,0,276,195,0,195,471
12/23/2016,VRB,FL,ASO,ES,Towers with Radar,3,9,57,0,69,0,0,213,0,213,3,9,270,0,282,447,0,447,729
12/24/2016,VRB,FL,ASO,ES,Towers with Radar,2,7,19,0,28,0,0,137,0,137,2,7,156,0,165,257,0,257,422
12/25/2016,VRB,FL,ASO,ES,Towers with Radar,3,8,7,0,18,0,0,17,0,17,3,8,24,0,35,30,0,30,65
12/26/2016,VRB,FL,ASO,ES,Towers with Radar,3,45,66,0,114,0,0,47,0,47,3,45,113,0,161,25,0,25,186
12/27/2016,VRB,FL,ASO,ES,Towers with Radar,2,26,43,0,71,0,1,196,0,197,2,27,239,0,268,255,0,255,523
12/28/2016,VRB,FL,ASO,ES,Towers with Radar,2,32,52,0,86,0,0,238,0,238,2,32,290,0,324,463,0,463,787
12/29/2016,VRB,FL,ASO,ES,Towers with Radar,2,34,41,0,77,0,0,230,0,230,2,34,271,0,307,442,0,442,749
12/30/2016,VRB,FL,ASO,ES,Towers with Radar,4,13,35,0,52,0,0,178,0,178,4,13,213,0,230,305,0,305,535
12/31/2016,VRB,FL,ASO,ES,Towers with Radar,4,20,19,0,43,0,0,139,0,139,4,20,158,0,182,241,0,241,423
01/01/2017,VRB,FL,ASO,ES,Towers with Radar,3,23,21,0,47,0,0,29,0,29,3,23,50,0,76,81,0,81,157
01/02/2017,VRB,FL,ASO,ES,Towers with Radar,0,44,50,0,94,0,0,74,0,74,0,44,124,0,168,130,0,130,298
01/03/2017,VRB,FL,ASO,ES,Towers with Radar,0,26,56,0,82,0,0,189,0,189,0,26,245,0,271,271,0,271,542
01/04/2017,VRB,FL,ASO,ES,Towers with Radar,0,17,74,0,91,0,0,144,0,144,0,17,218,0,235,294,0,294,529
01/05/2017,VRB,FL,ASO,ES,Towers with Radar,0,14,76,0,90,0,0,298,0,298,0,14,374,0,388,412,0,412,800
01/06/2017,VRB,FL,ASO,ES,Towers with Radar,1,15,61,0,77,0,0,317,0,317,1,15,378,0,394,479,0,479,873
01/07/2017,VRB,FL,ASO,ES,Towers with Radar,1,10,15,0,26,0,0,8,0,8,1,10,23,0,34,0,0,0,34
01/08/2017,VRB,FL,ASO,ES,Towers with Radar,0,19,28,0,47,0,0,90,0,90,0,19,118,0,137,58,0,58,195
01/09/2017,VRB,FL,ASO,ES,Towers with Radar,0,14,56,0,70,0,0,273,0,273,0,14,329,0,343,242,0,242,585
01/10/2017,VRB,FL,ASO,ES,Towers with Radar,0,7,82,0,89,0,0,212,0,212,0,7,294,0,301,379,0,379,680
01/11/2017,VRB,FL,ASO,ES,Towers with Radar,0,8,83,0,91,0,0,333,0,333,0,8,416,0,424,558,0,558,982
01/12/2017,VRB,FL,ASO,ES,Towers with Radar,1,16,69,0,86,0,0,357,0,357,1,16,426,0,443,481,0,481,924
01/13/2017,VRB,FL,ASO,ES,Towers with Radar,3,12,120,0,135,0,0,164,0,164,3,12,284,0,299,272,0,272,571
01/14/2017,VRB,FL,ASO,ES,Towers with Radar,0,7,39,0,46,0,0,202,0,202,0,7,241,0,248,480,0,480,728
01/15/2017,VRB,FL,ASO,ES,Towers with Radar,0,26,45,0,71,0,0,169,0,169,0,26,214,0,240,177,0,177,417
01/16/2017,VRB,FL,ASO,ES,Towers with Radar,2,19,81,0,102,0,0,316,0,316,2,19,397,0,418,344,0,344,762
01/17/2017,VRB,FL,ASO,ES,Towers with Radar,1,14,75,0,90,0,0,292,0,292,1,14,367,0,382,363,0,363,745
01/18/2017,VRB,FL,ASO,ES,Towers with Radar,0,16,83,0,99,0,0,267,0,267,0,16,350,0,366,422,0,422,788
01/19/2017,VRB,FL,ASO,ES,Towers with Radar,0,17,81,0,98,0,0,305,0,305,0,17,386,0,403,435,0,435,838
01/20/2017,VRB,FL,ASO,ES,Towers with Radar,2,12,47,0,61,0,0,281,0,281,2,12,328,0,342,258,0,258,600
01/21/2017,VRB,FL,ASO,ES,Towers with Radar,1,12,28,0,41,0,0,170,0,170,1,12,198,0,211,180,0,180,391
01/22/2017,VRB,FL,ASO,ES,Towers with Radar,0,21,22,0,43,0,0,26,0,26,0,21,48,0,69,12,0,12,81
01/23/2017,VRB,FL,ASO,ES,Towers with Radar,2,13,31,0,46,0,0,69,0,69,2,13,100,0,115,58,0,58,173
01/24/2017,VRB,FL,ASO,ES,Towers with Radar,0,12,94,0,106,0,0,302,0,302,0,12,396,0,408,407,0,407,815
01/25/2017,VRB,FL,ASO,ES,Towers with Radar,0,10,96,0,106,0,0,269,0,269,0,10,365,0,375,315,0,315,690
01/26/2017,VRB,FL,ASO,ES,Towers with Radar,0,16,87,0,103,0,1,282,0,283,0,17,369,0,386,191,0,191,577
01/27/2017,VRB,FL,ASO,ES,Towers with Radar,0,17,71,0,88,0,0,291,0,291,0,17,362,0,379,472,0,472,851
01/28/2017,VRB,FL,ASO,ES,Towers with Radar,0,15,64,0,79,0,0,305,0,305,0,15,369,0,384,406,0,406,790
01/29/2017,VRB,FL,ASO,ES,Towers with Radar,3,25,58,0,86,0,0,44,0,44,3,25,102,0,130,94,0,94,224
01/30/2017,VRB,FL,ASO,ES,Towers with Radar,0,15,74,0,89,0,0,272,0,272,0,15,346,0,361,509,0,509,870
01/31/2017,VRB,FL,ASO,ES,Towers with Radar,0,11,79,0,90,0,0,353,0,353,0,11,432,0,443,562,0,562,1005
02/01/2017,VRB,FL,ASO,ES,Towers with Radar,0,18,74,0,92,0,0,270,0,270,0,18,344,0,362,490,0,490,852
02/02/2017,VRB,FL,ASO,ES,Towers with Radar,0,24,70,0,94,0,0,274,0,274,0,24,344,0,368,445,0,445,813
02/03/2017,VRB,FL,ASO,ES,Towers with Radar,4,14,115,0,133,0,0,256,0,256,4,14,371,0,389,470,0,470,859
02/04/2017,VRB,FL,ASO,ES,Towers with Radar,0,8,59,0,67,0,0,206,0,206,0,8,265,0,273,327,0,327,600
02/05/2017,VRB,FL,ASO,ES,Towers with Radar,0,11,48,0,59,0,0,135,0,135,0,11,183,0,194,228,0,228,422
02/06/2017,VRB,FL,ASO,ES,Towers with Radar,3,17,65,0,85,0,0,258,0,258,3,17,323,0,343,278,0,278,621
02/07/2017,VRB,FL,ASO,ES,Towers with Radar,0,12,57,0,69,0,0,270,0,270,0,12,327,0,339,339,0,339,678
02/08/2017,VRB,FL,ASO,ES,Towers with Radar,1,17,91,0,109,0,0,299,0,299,1,17,390,0,408,341,0,341,749
02/09/2017,VRB,FL,ASO,ES,Towers with Radar,0,9,87,0,96,0,0,150,0,150,0,9,237,0,246,235,0,235,481
02/10/2017,VRB,FL,ASO,ES,Towers with Radar,3,14,78,0,95,0,0,306,0,306,3,14,384,0,401,217,0,217,618
02/11/2017,VRB,FL,ASO,ES,Towers with Radar,3,13,57,0,73,0,0,192,0,192,3,13,249,0,265,242,0,242,507
02/12/2017,VRB,FL,ASO,ES,Towers with Radar,0,25,59,2,86,0,0,186,0,186,0,25,245,2,272,258,0,258,530
02/13/2017,VRB,FL,ASO,ES,Towers with Radar,0,22,84,2,108,0,0,183,0,183,0,22,267,2,291,302,0,302,593
02/14/2017,VRB,FL,ASO,ES,Towers with Radar,0,15,66,4,85,0,0,284,0,284,0,15,350,4,369,430,0,430,799
02/15/2017,VRB,FL,ASO,ES,Towers with Radar,0,21,79,0,100,0,0,94,0,94,0,21,173,0,194,92,0,92,286
02/16/2017,VRB,FL,ASO,ES,Towers with Radar,2,15,110,0,127,0,0,275,0,275,2,15,385,0,402,456,0,456,858
02/17/2017,VRB,FL,ASO,ES,Towers with Radar,3,22,73,0,98,0,0,285,0,285,3,22,358,0,383,493,0,493,876
02/18/2017,VRB,FL,ASO,ES,Towers with Radar,0,19,51,0,70,0,0,118,0,118,0,19,169,0,188,234,0,234,422
02/19/2017,VRB,FL,ASO,ES,Towers with Radar,0,16,64,0,80,0,0,108,0,108,0,16,172,0,188,252,0,252,440
02/20/2017,VRB,FL,ASO,ES,Towers with Radar,0,20,98,0,118,0,0,263,0,263,0,20,361,0,381,266,0,266,647
02/21/2017,VRB,FL,ASO,ES,Towers with Radar,0,21,87,0,108,0,0,291,0,291,0,21,378,0,399,433,0,433,832
02/22/2017,VRB,FL,ASO,ES,Towers with Radar,1,14,56,0,71,0,0,20,0,20,1,14,76,0,91,39,0,39,130
02/23/2017,VRB,FL,ASO,ES,Towers with Radar,3,11,111,0,125,0,0,177,0,177,3,11,288,0,302,289,0,289,591
02/24/2017,VRB,FL,ASO,ES,Towers with Radar,2,10,74,0,86,0,0,284,0,284,2,10,358,0,370,295,0,295,665
02/25/2017,VRB,FL,ASO,ES,Towers with Radar,0,20,76,0,96,0,0,239,0,239,0,20,315,0,335,386,0,386,721
02/26/2017,VRB,FL,ASO,ES,Towers with Radar,2,29,53,1,85,0,0,214,0,214,2,29,267,1,299,200,0,200,499
02/27/2017,VRB,FL,ASO,ES,Towers with Radar,2,15,73,0,90,0,0,268,0,268,2,15,341,0,358,532,0,532,890
02/28/2017,VRB,FL,ASO,ES,Towers with Radar,0,14,68,0,82,0,0,309,0,309,0,14,377,0,391,600,0,600,991
03/01/2017,VRB,FL,ASO,ES,Towers with Radar,0,27,81,0,108,0,0,242,0,242,0,27,323,0,350,551,0,551,901
03/02/2017,VRB,FL,ASO,ES,Towers with Radar,1,23,58,0,82,0,0,304,0,304,1,23,362,0,386,419,0,419,805
03/03/2017,VRB,FL,ASO,ES,Towers with Radar,0,12,69,4,85,0,0,185,0,185,0,12,254,4,270,196,0,196,466
03/04/2017,VRB,FL,ASO,ES,Towers with Radar,0,10,60,0,70,0,1,232,0,233,0,11,292,0,303,195,0,195,498
03/05/2017,VRB,FL,ASO,ES,Towers with Radar,0,26,42,0,68,0,0,68,0,68,0,26,110,0,136,90,0,90,226
03/06/2017,VRB,FL,ASO,ES,Towers with Radar,0,14,60,0,74,0,0,195,0,195,0,14,255,0,269,260,0,260,529
03/07/2017,VRB,FL,ASO,ES,Towers with Radar,0,16,69,0,85,0,0,258,0,258,0,16,327,0,343,415,0,415,758
03/08/2017,VRB,FL,ASO,ES,Towers with Radar,1,11,70,0,82,0,0,290,0,290,1,11,360,0,372,584,0,584,956
03/09/2017,VRB,FL,ASO,ES,Towers with Radar,2,13,71,0,86,0,0,351,0,351,2,13,422,0,437,452,0,452,889
03/10/2017,VRB,FL,ASO,ES,Towers with Radar,1,14,81,0,96,0,0,304,0,304,1,14,385,0,400,415,0,415,815
03/11/2017,VRB,FL,ASO,ES,Towers with Radar,1,20,43,0,64,0,0,262,0,262,1,20,305,0,326,195,0,195,521
03/12/2017,VRB,FL,ASO,ES,Towers with Radar,1,22,58,0,81,0,0,149,0,149,1,22,207,0,230,235,0,235,465
03/13/2017,VRB,FL,ASO,ES,Towers with Radar,0,21,59,0,80,0,0,147,0,147,0,21,206,0,227,366,0,366,593
03/14/2017,VRB,FL,ASO,ES,Towers with Radar,0,6,86,0,92,0,0,237,0,237,0,6,323,0,329,313,0,313,642
03/15/2017,VRB,FL,ASO,ES,Towers with Radar,0,18,72,0,90,0,0,361,0,361,0,18,433,0,451,371,0,371,822
03/16/2017,VRB,FL,ASO,ES,Towers with Radar,2,18,81,0,101,0,0,259,0,259,2,18,340,0,360,336,0,336,696
03/17/2017,VRB,FL,ASO,ES,Towers with Radar,2,27,87,0,116,0,0,276,0,276,2,27,363,0,392,231,0,231,623
03/18/2017,VRB,FL,ASO,ES,Towers with Radar,0,21,43,0,64,0,0,231,0,231,0,21,274,0,295,370,0,370,665
03/19/2017,VRB,FL,ASO,ES,Towers with Radar,2,43,62,0,107,0,0,176,0,176,2,43,238,0,283,220,0,220,503
03/20/2017,VRB,FL,ASO,ES,Towers with Radar,3,11,72,0,86,0,0,290,0,290,3,11,362,0,376,302,0,302,678
03/21/2017,VRB,FL,ASO,ES,Towers with Radar,0,13,60,0,73,0,0,334,0,334,0,13,394,0,407,449,0,449,856
03/22/2017,VRB,FL,ASO,ES,Towers with Radar,2,19,52,0,73,0,0,286,0,286,2,19,338,0,359,382,0,382,741
03/23/2017,VRB,FL,ASO,ES,Towers with Radar,0,17,46,0,63,0,0,104,0,104,0,17,150,0,167,84,0,84,251
03/24/2017,VRB,FL,ASO,ES,Towers with Radar,0,29,70,0,99,0,0,257,0,257,0,29,327,0,356,280,0,280,636
03/25/2017,VRB,FL,ASO,ES,Towers with Radar,0,10,41,0,51,0,0,194,0,194,0,10,235,0,245,337,0,337,582
03/26/2017,VRB,FL,ASO,ES,Towers with Radar,0,36,33,0,69,0,0,192,0,192,0,36,225,0,261,352,0,352,613
03/27/2017,VRB,FL,ASO,ES,Towers with Radar,0,11,66,0,77,0,0,279,0,279,0,11,345,0,356,420,0,420,776
03/28/2017,VRB,FL,ASO,ES,Towers with Radar,0,11,69,0,80,0,0,289,0,289,0,11,358,0,369,499,0,499,868
03/29/2017,VRB,FL,ASO,ES,Towers with Radar,0,21,69,0,90,0,0,282,0,282,0,21,351,0,372,592,0,592,964
03/30/2017,VRB,FL,ASO,ES,Towers with Radar,0,26,99,0,125,0,0,275,0,275,0,26,374,0,400,424,0,424,824
03/31/2017,VRB,FL,ASO,ES,Towers with Radar,2,21,64,0,87,0,0,266,0,266,2,21,330,0,353,204,0,204,557
04/01/2017,VRB,FL,ASO,ES,Towers with Radar,0,13,61,0,74,0,0,208,0,208,0,13,269,0,282,303,0,303,585
04/02/2017,VRB,FL,ASO,ES,Towers with Radar,2,40,78,0,120,0,0,115,0,115,2,40,193,0,235,322,0,322,557
04/03/2017,VRB,FL,ASO,ES,Towers with Radar,1,23,60,0,84,0,0,235,0,235,1,23,295,0,319,350,0,350,669
04/04/2017,VRB,FL,ASO,ES,Towers with Radar,0,17,44,2,63,0,0,200,0,200,0,17,244,2,263,247,0,247,510
04/05/2017,VRB,FL,ASO,ES,Towers with Radar,1,10,69,0,80,0,0,267,0,267,1,10,336,0,347,282,0,282,629
04/06/2017,VRB,FL,ASO,ES,Towers with Radar,2,13,62,0,77,0,0,151,0,151,2,13,213,0,228,238,0,238,466
04/07/2017,VRB,FL,ASO,ES,Towers with Radar,4,15,91,0,110,0,0,280,0,280,4,15,371,0,390,373,0,373,763
04/08/2017,VRB,FL,ASO,ES,Towers with Radar,0,14,42,0,56,0,0,153,0,153,0,14,195,0,209,216,0,216,425
04/09/2017,VRB,FL,ASO,ES,Towers with Radar,2,11,53,0,66,0,0,169,0,169,2,11,222,0,235,322,0,322,557
04/10/2017,VRB,FL,ASO,ES,Towers with Radar,2,13,76,0,91,0,0,241,0,241,2,13,317,0,332,317,0,317,649
04/11/2017,VRB,FL,ASO,ES,Towers with Radar,0,10,71,2,83,0,0,247,0,247,0,10,318,2,330,315,0,315,645
04/12/2017,VRB,FL,ASO,ES,Towers with Radar,0,12,74,0,86,0,0,277,0,277,0,12,351,0,363,296,0,296,659
04/13/2017,VRB,FL,ASO,ES,Towers with Radar,1,21,56,0,78,0,1,297,0,298,1,22,353,0,376,370,0,370,746
04/14/2017,VRB,FL,ASO,ES,Towers with Radar,1,27,55,0,83,0,0,218,0,218,1,27,273,0,301,271,0,271,572
04/15/2017,VRB,FL,ASO,ES,Towers with Radar,1,13,17,0,31,0,0,150,0,150,1,13,167,0,181,172,0,172,353
04/16/2017,VRB,FL,ASO,ES,Towers with Radar,2,33,37,0,72,0,0,107,0,107,2,33,144,0,179,254,0,254,433
04/17/2017,VRB,FL,ASO,ES,Towers with Radar,1,27,74,2,104,0,0,310,0,310,1,27,384,2,414,412,0,412,826
04/18/2017,VRB,FL,ASO,ES,Towers with Radar,0,17,68,0,85,0,0,261,0,261,0,17,329,0,346,361,0,361,707
04/19/2017,VRB,FL,ASO,ES,Towers with Radar,0,16,48,0,64,0,0,281,0,281,0,16,329,0,345,416,0,416,761
04/20/2017,VRB,FL,ASO,ES,Towers with Radar,0,15,62,0,77,0,0,307,0,307,0,15,369,0,384,510,0,510,894
04/21/2017,VRB,FL,ASO,ES,Towers with Radar,0,14,42,0,56,0,0,220,0,220,0,14,262,0,276,279,0,279,555
04/22/2017,VRB,FL,ASO,ES,Towers with Radar,1,17,50,0,68,0,1,141,0,142,1,18,191,0,210,322,0,322,532
04/23/2017,VRB,FL,ASO,ES,Towers with Radar,3,21,23,0,47,0,0,18,0,18,3,21,41,0,65,22,0,22,87
04/24/2017,VRB,FL,ASO,ES,Towers with Radar,2,19,59,0,80,0,0,253,0,253,2,19,312,0,333,307,0,307,640
04/25/2017,VRB,FL,ASO,ES,Towers with Radar,0,15,75,0,90,0,0,293,0,293,0,15,368,0,383,149,0,149,532
04/26/2017,VRB,FL,ASO,ES,Towers with Radar,0,17,47,0,64,0,0,305,0,305,0,17,352,0,369,345,0,345,714
04/27/2017,VRB,FL,ASO,ES,Towers with Radar,1,20,55,0,76,0,0,260,0,260,1,20,315,0,336,313,0,313,649
04/28/2017,VRB,FL,ASO,ES,Towers with Radar,1,12,57,0,70,0,0,264,0,264,1,12,321,0,334,412,0,412,746
04/29/2017,VRB,FL,ASO,ES,Towers with Radar,1,12,33,0,46,0,0,156,0,156,1,12,189,0,202,274,0,274,476
04/30/2017,VRB,FL,ASO,ES,Towers with Radar,2,12,29,0,43,0,0,107,2,109,2,12,136,2,152,193,0,193,345
05/01/2017,VRB,FL,ASO,ES,Towers with Radar,0,8,42,2,52,0,0,243,0,243,0,8,285,2,295,306,0,306,601
05/02/2017,VRB,FL,ASO,ES,Towers with Radar,0,9,39,0,48,0,0,191,0,191,0,9,230,0,239,294,0,294,533
05/03/2017,VRB,FL,ASO,ES,Towers with Radar,0,12,63,0,75,0,0,358,0,358,0,12,421,0,433,446,0,446,879
05/04/2017,VRB,FL,ASO,ES,Towers with Radar,0,13,46,0,59,0,0,286,0,286,0,13,332,0,345,352,0,352,697
05/05/2017,VRB,FL,ASO,ES,Towers with Radar,0,11,48,0,59,0,0,147,0,147,0,11,195,0,206,205,0,205,411
05/06/2017,VRB,FL,ASO,ES,Towers with Radar,0,10,42,0,52,0,0,214,0,214,0,10,256,0,266,213,0,213,479
05/07/2017,VRB,FL,ASO,ES,Towers with Radar,0,9,34,0,43,0,0,228,0,228,0,9,262,0,271,317,0,317,588
05/08/2017,VRB,FL,ASO,ES,Towers with Radar,0,20,44,0,64,0,0,330,0,330,0,20,374,0,394,344,0,344,738
05/09/2017,VRB,FL,ASO,ES,Towers with Radar,0,15,63,0,78,0,0,295,0,295,0,15,358,0,373,487,0,487,860
05/10/2017,VRB,FL,ASO,ES,Towers with Radar,0,11,62,2,75,0,0,340,0,340,0,11,402,2,415,519,0,519,934
05/11/2017,VRB,FL,ASO,ES,Towers with Radar,0,8,54,0,62,0,0,337,0,337,0,8,391,0,399,417,0,417,816
05/12/2017,VRB,FL,ASO,ES,Towers with Radar,0,13,53,2,68,0,0,347,0,347,0,13,400,2,415,448,0,448,863
05/13/2017,VRB,FL,ASO,ES,Towers with Radar,0,16,30,2,48,0,0,127,0,127,0,16,157,2,175,177,0,177,352
05/14/2017,VRB,FL,ASO,ES,Towers with Radar,0,10,44,0,54,0,0,189,0,189,0,10,233,0,243,245,0,245,488
05/15/2017,VRB,FL,ASO,ES,Towers with Radar,0,10,41,0,51,0,0,305,0,305,0,10,346,0,356,364,0,364,720
05/16/2017,VRB,FL,ASO,ES,Towers with Radar,0,10,76,0,86,0,0,345,0,345,0,10,421,0,431,344,0,344,775
05/17/2017,VRB,FL,ASO,ES,Towers with Radar,0,13,82,0,95,0,0,254,0,254,0,13,336,0,349,208,0,208,557
05/18/2017,VRB,FL,ASO,ES,Towers with Radar,0,14,88,2,104,0,0,306,1,307,0,14,394,3,411,385,0,385,796
05/19/2017,VRB,FL,ASO,ES,Towers with Radar,0,13,89,0,102,0,0,203,0,203,0,13,292,0,305,329,0,329,634
05/20/2017,VRB,FL,ASO,ES,Towers with Radar,0,5,37,0,42,0,0,207,0,207,0,5,244,0,249,260,0,260,509
05/21/2017,VRB,FL,ASO,ES,Towers with Radar,0,4,29,0,33,0,0,140,0,140,0,4,169,0,173,254,0,254,427
05/22/2017,VRB,FL,ASO,ES,Towers with Radar,0,15,36,0,51,0,0,325,0,325,0,15,361,0,376,428,0,428,804
05/23/2017,VRB,FL,ASO,ES,Towers with Radar,0,14,75,0,89,0,0,303,0,303,0,14,378,0,392,272,0,272,664
05/24/2017,VRB,FL,ASO,ES,Towers with Radar,0,7,48,0,55,0,0,143,0,143,0,7,191,0,198,190,0,190,388
05/25/2017,VRB,FL,ASO,ES,Towers with Radar,0,14,82,0,96,0,0,178,0,178,0,14,260,0,274,312,0,312,586
05/26/2017,VRB,FL,ASO,ES,Towers with Radar,0,13,82,0,95,0,0,333,0,333,0,13,415,0,428,529,0,529,957
05/27/2017,VRB,FL,ASO,ES,Towers with Radar,0,6,70,0,76,0,0,226,0,226,0,6,296,0,302,379,0,379,681
05/28/2017,VRB,FL,ASO,ES,Towers with Radar,0,15,16,0,31,0,0,191,0,191,0,15,207,0,222,351,0,351,573
05/29/2017,VRB,FL,ASO,ES,Towers with Radar,0,9,32,0,41,0,0,130,0,130,0,9,162,0,171,227,0,227,398
05/30/2017,VRB,FL,ASO,ES,Towers with Radar,0,3,67,0,70,0,0,255,0,255,0,3,322,0,325,347,0,347,672
05/31/2017,VRB,FL,ASO,ES,Towers with Radar,0,5,83,0,88,0,0,220,0,220,0,5,303,0,308,473,0,473,781
06/01/2017,VRB,FL,ASO,ES,Towers with Radar,0,9,71,0,80,0,0,261,0,261,0,9,332,0,341,401,0,401,742
06/02/2017,VRB,FL,ASO,ES,Towers with Radar,0,10,66,0,76,0,0,144,0,144,0,10,210,0,220,175,0,175,395
06/03/2017,VRB,FL,ASO,ES,Towers with Radar,0,13,54,0,67,0,0,147,0,147,0,13,201,0,214,252,0,252,466
06/04/2017,VRB,FL,ASO,ES,Towers with Radar,0,15,33,0,48,0,0,94,0,94,0,15,127,0,142,183,0,183,325
06/05/2017,VRB,FL,ASO,ES,Towers with Radar,0,9,82,0,91,0,0,198,1,199,0,9,280,1,290,299,0,299,589
06/06/2017,VRB,FL,ASO,ES,Towers with Radar,0,5,81,0,86,0,0,138,0,138,0,5,219,0,224,214,0,214,438
06/07/2017,VRB,FL,ASO,ES,Towers with Radar,0,0,64,0,64,0,0,167,0,167,0,0,231,0,231,86,0,86,317
06/08/2017,VRB,FL,ASO,ES,Towers with Radar,0,8,95,0,103,0,0,88,0,88,0,8,183,0,191,106,0,106,297
06/09/2017,VRB,FL,ASO,ES,Towers with Radar,0,12,82,0,94,0,0,312,0,312,0,12,394,0,406,255,0,255,661
06/10/2017,VRB,FL,ASO,ES,Towers with Radar,0,6,43,0,49,0,0,141,0,141,0,6,184,0,190,183,0,183,373
06/11/2017,VRB,FL,ASO,ES,Towers with Radar,3,8,21,0,32,0,0,184,2,186,3,8,205,2,218,330,0,330,548
06/12/2017,VRB,FL,ASO,ES,Towers with Radar,0,11,89,0,100,0,0,281,2,283,0,11,370,2,383,373,0,373,756
06/13/2017,VRB,FL,ASO,ES,Towers with Radar,0,3,71,0,74,0,0,246,0,246,0,3,317,0,320,345,0,345,665
06/14/2017,VRB,FL,ASO,ES,Towers with Radar,1,8,67,0,76,0,0,176,0,176,1,8,243,0,252,264,0,264,516
06/15/2017,VRB,FL,ASO,ES,Towers with Radar,0,8,53,0,61,0,0,134,0,134,0,8,187,0,195,183,0,183,378
06/16/2017,VRB,FL,ASO,ES,Towers with Radar,0,8,72,0,80,0,0,181,0,181,0,8,253,0,261,242,0,242,503
06/17/2017,VRB,FL,ASO,ES,Towers with Radar,0,11,50,0,61,0,0,134,0,134,0,11,184,0,195,286,0,286,481
06/18/2017,VRB,FL,ASO,ES,Towers with Radar,0,10,28,0,38,0,0,107,0,107,0,10,135,0,145,208,0,208,353
06/19/2017,VRB,FL,ASO,ES,Towers with Radar,0,0,64,2,66,0,0,217,0,217,0,0,281,2,283,243,0,243,526
06/20/2017,VRB,FL,ASO,ES,Towers with Radar,0,6,86,0,92,0,0,289,0,289,0,6,375,0,381,246,0,246,627
06/21/2017,VRB,FL,ASO,ES,Towers with Radar,0,3,55,2,60,0,0,207,0,207,0,3,262,2,267,244,0,244,511
06/22/2017,VRB,FL,ASO,ES,Towers with Radar,0,9,74,0,83,0,0,257,0,257,0,9,331,0,340,331,0,331,671
06/23/2017,VRB,FL,ASO,ES,Towers with Radar,0,5,69,0,74,0,0,271,0,271,0,5,340,0,345,435,0,435,780
06/24/2017,VRB,FL,ASO,ES,Towers with Radar,0,6,31,0,37,0,0,246,0,246,0,6,277,0,283,286,0,286,569
06/25/2017,VRB,FL,ASO,ES,Towers with Radar,0,7,36,0,43,0,0,173,0,173,0,7,209,0,216,260,0,260,476
06/26/2017,VRB,FL,ASO,ES,Towers with Radar,0,5,44,0,49,0,0,252,0,252,0,5,296,0,301,390,0,390,691
06/27/2017,VRB,FL,ASO,ES,Towers with Radar,0,0,62,0,62,0,0,221,0,221,0,0,283,0,283,213,0,213,496
06/28/2017,VRB,FL,ASO,ES,Towers with Radar,0,5,88,0,93,0,0,253,0,253,0,5,341,0,346,432,0,432,778
06/29/2017,VRB,FL,ASO,ES,Towers with Radar,0,18,72,0,90,0,0,214,0,214,0,18,286,0,304,407,0,407,711
06/30/2017,VRB,FL,ASO,ES,Towers with Radar,0,10,83,0,93,0,0,203,0,203,0,10,286,0,296,368,0,368,664
07/01/2017,VRB,FL,ASO,ES,Towers with Radar,0,2,49,0,51,0,0,157,0,157,0,2,206,0,208,383,0,383,591
07/02/2017,VRB,FL,ASO,ES,Towers with Radar,0,7,32,0,39,0,0,157,0,157,0,7,189,0,196,231,0,231,427
07/03/2017,VRB,FL,ASO,ES,Towers with Radar,0,5,56,0,61,0,0,162,0,162,0,5,218,0,223,278,0,278,501
07/04/2017,VRB,FL,ASO,ES,Towers with Radar,0,3,22,0,25,0,0,121,0,121,0,3,143,0,146,121,0,121,267
07/05/2017,VRB,FL,ASO,ES,Towers with Radar,0,4,75,0,79,0,0,259,0,259,0,4,334,0,338,342,0,342,680
07/06/2017,VRB,FL,ASO,ES,Towers with Radar,0,13,86,0,99,0,0,233,0,233,0,13,319,0,332,365,0,365,697
07/07/2017,VRB,FL,ASO,ES,Towers with Radar,0,6,81,0,87,0,0,245,0,245,0,6,326,0,332,414,0,414,746
07/08/2017,VRB,FL,ASO,ES,Towers with Radar,0,4,77,0,81,0,0,168,0,168,0,4,245,0,249,314,0,314,563
07/09/2017,VRB,FL,ASO,ES,Towers with Radar,0,6,44,0,50,0,0,153,2,155,0,6,197,2,205,186,0,186,391
07/10/2017,VRB,FL,ASO,ES,Towers with Radar,0,3,68,0,71,0,0,226,0,226,0,3,294,0,297,414,0,414,711
07/11/2017,VRB,FL,ASO,ES,Towers with Radar,0,2,61,0,63,0,0,262,0,262,0,2,323,0,325,328,0,328,653
07/12/2017,VRB,FL,ASO,ES,Towers with Radar,0,13,79,0,92,0,0,106,0,106,0,13,185,0,198,158,0,158,356
07/13/2017,VRB,FL,ASO,ES,Towers with Radar,0,5,63,0,68,0,0,281,0,281,0,5,344,0,349,265,0,265,614
07/14/2017,VRB,FL,ASO,ES,Towers with Radar,0,6,72,0,78,0,0,200,0,200,0,6,272,0,278,344,0,344,622
07/15/2017,VRB,FL,ASO,ES,Towers with Radar,0,5,67,0,72,0,0,239,0,239,0,5,306,0,311,371,0,371,682
07/16/2017,VRB,FL,ASO,ES,Towers with Radar,0,11,42,0,53,0,0,223,0,223,0,11,265,0,276,256,0,256,532
07/17/2017,VRB,FL,ASO,ES,Towers with Radar,0,8,46,0,54,0,0,267,0,267,0,8,313,0,321,254,0,254,575
07/18/2017,VRB,FL,ASO,ES,Towers with Radar,0,2,43,0,45,0,0,230,0,230,0,2,273,0,275,327,0,327,602
07/19/2017,VRB,FL,ASO,ES,Towers with Radar,0,4,36,0,40,0,0,172,0,172,0,4,208,0,212,224,0,224,436
07/20/2017,VRB,FL,ASO,ES,Towers with Radar,0,7,52,2,61,0,0,215,0,215,0,7,267,2,276,348,0,348,624
07/21/2017,VRB,FL,ASO,ES,Towers with Radar,0,7,47,0,54,0,0,180,0,180,0,7,227,0,234,318,0,318,552
07/22/2017,VRB,FL,ASO,ES,Towers with Radar,0,2,38,0,40,0,0,170,0,170,0,2,208,0,210,241,0,241,451
07/23/2017,VRB,FL,ASO,ES,Towers with Radar,0,6,36,0,42,0,2,95,0,97,0,8,131,0,139,181,0,181,320
07/24/2017,VRB,FL,ASO,ES,Towers with Radar,0,9,57,0,66,0,0,224,0,224,0,9,281,0,290,392,0,392,682
07/25/2017,VRB,FL,ASO,ES,Towers with Radar,0,0,56,0,56,0,0,191,0,191,0,0,247,0,247,335,0,335,582
07/26/2017,VRB,FL,ASO,ES,Towers with Radar,0,2,69,0,71,0,0,224,0,224,0,2,293,0,295,273,0,273,568
07/27/2017,VRB,FL,ASO,ES,Towers with Radar,0,14,66,0,80,0,0,258,0,258,0,14,324,0,338,364,0,364,702
07/28/2017,VRB,FL,ASO,ES,Towers with Radar,0,15,45,0,60,0,0,218,0,218,0,15,263,0,278,189,0,189,467
07/29/2017,VRB,FL,ASO,ES,Towers with Radar,0,5,53,0,58,0,0,97,0,97,0,5,150,0,155,210,0,210,365
07/30/2017,VRB,FL,ASO,ES,Towers with Radar,0,11,24,0,35,0,0,102,0,102,0,11,126,0,137,118,0,118,255
07/31/2017,VRB,FL,ASO,ES,Towers with Radar,0,5,44,0,49,0,0,28,0,28,0,5,72,0,77,88,0,88,165
08/01/2017,VRB,FL,ASO,ES,Towers with Radar,0,7,101,0,108,0,0,182,0,182,0,7,283,0,290,281,0,281,571
08/02/2017,VRB,FL,ASO,ES,Towers with Radar,0,7,67,0,74,0,0,240,0,240,0,7,307,0,314,280,0,280,594
08/03/2017,VRB,FL,ASO,ES,Towers with Radar,0,8,87,0,95,0,0,245,0,245,0,8,332,0,340,391,0,391,731
08/04/2017,VRB,FL,ASO,ES,Towers with Radar,0,14,63,1,78,0,7,307,0,314,0,21,370,1,392,440,32,472,864
08/05/2017,VRB,FL,ASO,ES,Towers with Radar,0,6,44,0,50,0,4,204,0,208,0,10,248,0,258,306,0,306,564
08/06/2017,VRB,FL,ASO,ES,Towers with Radar,0,13,26,0,39,0,4,120,0,124,0,17,146,0,163,222,0,222,385
08/07/2017,VRB,FL,ASO,ES,Towers with Radar,0,9,51,0,60,0,0,262,0,262,0,9,313,0,322,436,0,436,758
08/08/2017,VRB,FL,ASO,ES,Towers with Radar,0,4,53,0,57,0,0,295,0,295,0,4,348,0,352,506,0,506,858
08/09/2017,VRB,FL,ASO,ES,Towers with Radar,0,1,66,0,67,0,2,273,0,275,0,3,339,0,342,343,0,343,685
08/10/2017,VRB,FL,ASO,ES,Towers with Radar,0,4,64,0,68,0,0,221,0,221,0,4,285,0,289,319,0,319,608
08/11/2017,VRB,FL,ASO,ES,Towers with Radar,0,3,89,0,92,0,0,113,0,113,0,3,202,0,205,182,0,182,387
08/12/2017,VRB,FL,ASO,ES,Towers with Radar,0,3,48,0,51,0,2,190,0,192,0,5,238,0,243,312,0,312,555
08/13/2017,VRB,FL,ASO,ES,Towers with Radar,0,8,27,1,36,0,0,179,0,179,0,8,206,1,215,266,0,266,481
08/14/2017,VRB,FL,ASO,ES,Towers with Radar,0,21,78,1,100,0,2,236,1,239,0,23,314,2,339,269,6,275,614
08/15/2017,VRB,FL,ASO,ES,Towers with Radar,0,6,106,1,113,0,4,252,0,256,0,10,358,1,369,375,0,375,744
08/16/2017,VRB,FL,ASO,ES,Towers with Radar,0,6,59,2,67,0,0,195,0,195,0,6,254,2,262,364,0,364,626
08/17/2017,VRB,FL,ASO,ES,Towers with Radar,0,23,65,2,90,0,6,287,0,293,0,29,352,2,383,275,0,275,658
08/18/2017,VRB,FL,ASO,ES,Towers with Radar,0,6,75,0,81,0,2,228,0,230,0,8,303,0,311,322,0,322,633
08/19/2017,VRB,FL,ASO,ES,Towers with Radar,0,4,24,0,28,0,0,201,0,201,0,4,225,0,229,302,1,303,532
08/20/2017,VRB,FL,ASO,ES,Towers with Radar,0,7,31,0,38,0,0,66,0,66,0,7,97,0,104,100,0,100,204
08/21/2017,VRB,FL,ASO,ES,Towers with Radar,0,10,85,0,95,0,0,244,0,244,0,10,329,0,339,456,0,456,795
08/22/2017,VRB,FL,ASO,ES,Towers with Radar,0,9,83,0,92,0,0,280,0,280,0,9,363,0,372,286,0,286,658
08/23/2017,VRB,FL,ASO,ES,Towers with Radar,0,6,61,0,67,0,6,235,0,241,0,12,296,0,308,451,0,451,759
08/24/2017,VRB,FL,ASO,ES,Towers with Radar,0,14,78,0,92,0,0,161,0,161,0,14,239,0,253,319,0,319,572
08/25/2017,VRB,FL,ASO,ES,Towers with Radar,0,2,66,0,68,0,0,195,0,195,0,2,261,0,263,281,0,281,544
08/26/2017,VRB,FL,ASO,ES,Towers with Radar,0,3,46,0,49,0,0,144,0,144,0,3,190,0,193,237,0,237,430
08/27/2017,VRB,FL,ASO,ES,Towers with Radar,0,9,25,0,34,0,0,88,0,88,0,9,113,0,122,174,0,174,296
08/28/2017,VRB,FL,ASO,ES,Towers with Radar,0,5,69,3,77,0,0,212,0,212,0,5,281,3,289,265,0,265,554
08/29/2017,VRB,FL,ASO,ES,Towers with Radar,0,9,91,0,100,0,0,213,0,213,0,9,304,0,313,339,0,339,652
08/30/2017,VRB,FL,ASO,ES,Towers with Radar,0,6,50,0,56,0,3,284,0,287,0,9,334,0,343,435,0,435,778
08/31/2017,VRB,FL,ASO,ES,Towers with Radar,0,6,46,0,52,0,0,259,0,259,0,6,305,0,311,434,0,434,745
09/01/2017,VRB,FL,ASO,ES,Towers with Radar,0,6,76,0,82,0,0,206,0,206,0,6,282,0,288,332,0,332,620
09/02/2017,VRB,FL,ASO,ES,Towers with Radar,0,3,26,0,29,0,0,118,0,118,0,3,144,0,147,251,0,251,398
09/03/2017,VRB,FL,ASO,ES,Towers with Radar,0,8,31,0,39,0,0,89,0,89,0,8,120,0,128,131,0,131,259
09/04/2017,VRB,FL,ASO,ES,Towers with Radar,0,7,22,0,29,0,0,107,0,107,0,7,129,0,136,258,0,258,394
09/05/2017,VRB,FL,ASO,ES,Towers with Radar,0,10,45,0,55,0,0,185,0,185,0,10,230,0,240,300,0,300,540
09/06/2017,VRB,FL,ASO,ES,Towers with Radar,0,18,35,0,53,0,2,195,0,197,0,20,230,0,250,449,0,449,699
09/07/2017,VRB,FL,ASO,ES,Towers with Radar,0,41,35,0,76,0,0,85,0,85,0,41,120,0,161,150,0,150,311
09/08/2017,VRB,FL,ASO,ES,Towers with Radar,2,20,25,0,47,0,0,84,0,84,2,20,109,0,131,0,0,0,131
09/09/2017,VRB,FL,ASO,ES,Towers with Radar,0,0,0,0,0,0,0,0,0,0,0,0,0,0,0,0,0,0,0
09/10/2017,VRB,FL,ASO,ES,Towers with Radar,0,0,0,0,0,0,0,0,0,0,0,0,0,0,0,0,0,0,0
09/11/2017,VRB,FL,ASO,ES,Towers with Radar,0,0,0,0,0,0,0,0,0,0,0,0,0,0,0,0,0,0,0
09/12/2017,VRB,FL,ASO,ES,Towers with Radar,0,8,9,0,17,0,0,21,4,25,0,8,30,4,42,1,0,1,43
09/13/2017,VRB,FL,ASO,ES,Towers with Radar,0,14,11,0,25,0,1,126,0,127,0,15,137,0,152,63,0,63,215
09/14/2017,VRB,FL,ASO,ES,Towers with Radar,0,9,18,0,27,0,0,54,0,54,0,9,72,0,81,39,0,39,120
09/15/2017,VRB,FL,ASO,ES,Towers with Radar,0,13,50,0,63,0,1,151,0,152,0,14,201,0,215,136,0,136,351
09/16/2017,VRB,FL,ASO,ES,Towers with Radar,0,11,62,0,73,0,0,144,5,149,0,11,206,5,222,240,0,240,462
09/17/2017,VRB,FL,ASO,ES,Towers with Radar,0,7,34,0,41,0,2,100,0,102,0,9,134,0,143,62,0,62,205
09/18/2017,VRB,FL,ASO,ES,Towers with Radar,0,12,67,0,79,0,0,114,1,115,0,12,181,1,194,241,0,241,435
09/19/2017,VRB,FL,ASO,ES,Towers with Radar,0,5,65,0,70,0,0,250,5,255,0,5,315,5,325,337,0,337,662
09/20/2017,VRB,FL,ASO,ES,Towers with Radar,0,2,72,2,76,0,0,268,0,268,0,2,340,2,344,358,0,358,702
09/21/2017,VRB,FL,ASO,ES,Towers with Radar,0,9,85,0,94,0,6,253,2,261,0,15,338,2,355,337,0,337,692
09/22/2017,VRB,FL,ASO,ES,Towers with Radar,0,12,70,0,82,0,0,225,2,227,0,12,295,2,309,286,0,286,595
09/23/2017,VRB,FL,ASO,ES,Towers with Radar,0,3,35,0,38,0,0,120,0,120,0,3,155,0,158,179,0,179,337
09/24/2017,VRB,FL,ASO,ES,Towers with Radar,0,4,30,0,34,0,0,161,0,161,0,4,191,0,195,206,0,206,401
09/25/2017,VRB,FL,ASO,ES,Towers with Radar,0,11,80,0,91,0,0,258,0,258,0,11,338,0,349,264,0,264,613
09/26/2017,VRB,FL,ASO,ES,Towers with Radar,0,1,38,0,39,0,0,336,0,336,0,1,374,0,375,415,0,415,790
09/27/2017,VRB,FL,ASO,ES,Towers with Radar,0,3,41,0,44,0,0,301,0,301,0,3,342,0,345,426,0,426,771
09/28/2017,VRB,FL,ASO,ES,Towers with Radar,0,4,52,0,56,0,0,310,1,311,0,4,362,1,367,531,0,531,898
09/29/2017,VRB,FL,ASO,ES,Towers with Radar,0,8,46,0,54,0,0,122,0,122,0,8,168,0,176,348,0,348,524
09/30/2017,VRB,FL,ASO,ES,Towers with Radar,0,0,56,0,56,0,0,118,0,118,0,0,174,0,174,182,0,182,356
10/01/2017,VRB,FL,ASO,ES,Towers with Radar,0,8,55,0,63,0,0,65,0,65,0,8,120,0,128,167,0,167,295
10/02/2017,VRB,FL,ASO,ES,Towers with Radar,0,8,57,0,65,0,0,156,0,156,0,8,213,0,221,237,0,237,458
10/03/2017,VRB,FL,ASO,ES,Towers with Radar,0,4,28,0,32,0,0,51,0,51,0,4,79,0,83,56,0,56,139
10/04/2017,VRB,FL,ASO,ES,Towers with Radar,0,4,44,0,48,0,0,136,0,136,0,4,180,0,184,141,0,141,325
10/05/2017,VRB,FL,ASO,ES,Towers with Radar,0,6,29,0,35,0,0,24,0,24,0,6,53,0,59,81,0,81,140
10/06/2017,VRB,FL,ASO,ES,Towers with Radar,0,4,81,0,85,0,0,290,0,290,0,4,371,0,375,558,0,558,933
10/07/2017,VRB,FL,ASO,ES,Towers with Radar,0,4,69,0,73,0,0,210,0,210,0,4,279,0,283,400,0,400,683
10/08/2017,VRB,FL,ASO,ES,Towers with Radar,0,6,50,0,56,0,0,187,0,187,0,6,237,0,243,328,0,328,571
10/09/2017,VRB,FL,ASO,ES,Towers with Radar,1,16,67,0,84,0,0,269,0,269,1,16,336,0,353,525,0,525,878
10/10/2017,VRB,FL,ASO,ES,Towers with Radar,1,14,66,0,81,0,0,314,0,314,1,14,380,0,395,435,0,435,830
10/11/2017,VRB,FL,ASO,ES,Towers with Radar,1,4,72,0,77,0,0,321,0,321,1,4,393,0,398,293,0,293,691
10/12/2017,VRB,FL,ASO,ES,Towers with Radar,0,12,58,0,70,0,0,249,0,249,0,12,307,0,319,253,0,253,572
10/13/2017,VRB,FL,ASO,ES,Towers with Radar,0,14,60,0,74,0,0,226,0,226,0,14,286,0,300,267,0,267,567
10/14/2017,VRB,FL,ASO,ES,Towers with Radar,0,10,38,0,48,0,0,175,0,175,0,10,213,0,223,273,0,273,496
10/15/2017,VRB,FL,ASO,ES,Towers with Radar,0,18,26,0,44,0,0,155,0,155,0,18,181,0,199,372,0,372,571
10/16/2017,VRB,FL,ASO,ES,Towers with Radar,0,18,86,0,104,0,0,297,0,297,0,18,383,0,401,442,0,442,843
10/17/2017,VRB,FL,ASO,ES,Towers with Radar,0,11,76,0,87,0,0,226,2,228,0,11,302,2,315,311,0,311,626
10/18/2017,VRB,FL,ASO,ES,Towers with Radar,0,17,67,0,84,0,0,231,0,231,0,17,298,0,315,224,0,224,539
10/19/2017,VRB,FL,ASO,ES,Towers with Radar,0,14,83,1,98,0,0,239,0,239,0,14,322,1,337,265,0,265,602
10/20/2017,VRB,FL,ASO,ES,Towers with Radar,0,8,58,0,66,0,0,196,0,196,0,8,254,0,262,233,0,233,495
10/21/2017,VRB,FL,ASO,ES,Towers with Radar,0,9,40,0,49,0,2,210,0,212,0,11,250,0,261,298,0,298,559
10/22/2017,VRB,FL,ASO,ES,Towers with Radar,0,16,51,0,67,0,0,159,0,159,0,16,210,0,226,245,0,245,471
10/23/2017,VRB,FL,ASO,ES,Towers with Radar,0,19,71,0,90,0,15,231,0,246,0,34,302,0,336,499,0,499,835
10/24/2017,VRB,FL,ASO,ES,Towers with Radar,0,13,58,0,71,0,3,234,0,237,0,16,292,0,308,276,0,276,584
10/25/2017,VRB,FL,ASO,ES,Towers with Radar,0,21,78,0,99,0,0,319,0,319,0,21,397,0,418,385,0,385,803
10/26/2017,VRB,FL,ASO,ES,Towers with Radar,0,12,111,1,124,0,6,309,2,317,0,18,420,3,441,346,0,346,787
10/27/2017,VRB,FL,ASO,ES,Towers with Radar,0,22,118,0,140,0,2,288,0,290,0,24,406,0,430,309,0,309,739
10/28/2017,VRB,FL,ASO,ES,Towers with Radar,0,9,50,0,59,0,0,110,0,110,0,9,160,0,169,263,0,263,432
10/29/2017,VRB,FL,ASO,ES,Towers with Radar,0,18,24,0,42,0,0,72,0,72,0,18,96,0,114,166,0,166,280
10/30/2017,VRB,FL,ASO,ES,Towers with Radar,0,11,99,0,110,0,0,266,1,267,0,11,365,1,377,402,0,402,779
10/31/2017,VRB,FL,ASO,ES,Towers with Radar,0,16,77,0,93,0,4,255,0,259,0,20,332,0,352,404,0,404,756
11/01/2017,VRB,FL,ASO,ES,Towers with Radar,0,14,88,2,104,0,2,293,0,295,0,16,381,2,399,470,0,470,869
11/02/2017,VRB,FL,ASO,ES,Towers with Radar,0,23,90,0,113,0,1,234,0,235,0,24,324,0,348,399,0,399,747
11/03/2017,VRB,FL,ASO,ES,Towers with Radar,0,17,113,0,130,0,0,188,1,189,0,17,301,1,319,247,1,248,567
11/04/2017,VRB,FL,ASO,ES,Towers with Radar,0,14,58,0,72,0,0,199,0,199,0,14,257,0,271,243,0,243,514
11/05/2017,VRB,FL,ASO,ES,Towers with Radar,0,14,37,0,51,0,0,97,0,97,0,14,134,0,148,144,0,144,292
11/06/2017,VRB,FL,ASO,ES,Towers with Radar,0,12,124,0,136,0,0,159,0,159,0,12,283,0,295,189,0,189,484
11/07/2017,VRB,FL,ASO,ES,Towers with Radar,0,21,105,0,126,0,1,193,0,194,0,22,298,0,320,199,0,199,519
11/08/2017,VRB,FL,ASO,ES,Towers with Radar,0,23,138,0,161,0,0,182,0,182,0,23,320,0,343,200,0,200,543
11/09/2017,VRB,FL,ASO,ES,Towers with Radar,0,19,104,2,125,0,0,277,0,277,0,19,381,2,402,398,0,398,800
11/10/2017,VRB,FL,ASO,ES,Towers with Radar,0,24,134,0,158,0,0,155,0,155,0,24,289,0,313,179,0,179,492
11/11/2017,VRB,FL,ASO,ES,Towers with Radar,0,11,92,0,103,0,0,130,0,130,0,11,222,0,233,97,0,97,330
11/12/2017,VRB,FL,ASO,ES,Towers with Radar,0,12,51,0,63,0,0,10,0,10,0,12,61,0,73,38,0,38,111
11/13/2017,VRB,FL,ASO,ES,Towers with Radar,0,12,60,0,72,0,0,239,0,239,0,12,299,0,311,321,0,321,632
11/14/2017,VRB,FL,ASO,ES,Towers with Radar,0,17,80,0,97,0,0,238,0,238,0,17,318,0,335,210,0,210,545
11/15/2017,VRB,FL,ASO,ES,Towers with Radar,0,15,105,0,120,0,0,138,0,138,0,15,243,0,258,201,0,201,459
11/16/2017,VRB,FL,ASO,ES,Towers with Radar,0,10,120,0,130,0,0,80,0,80,0,10,200,0,210,128,0,128,338
11/17/2017,VRB,FL,ASO,ES,Towers with Radar,0,12,104,0,116,0,0,329,1,330,0,12,433,1,446,185,0,185,631
11/18/2017,VRB,FL,ASO,ES,Towers with Radar,0,20,68,0,88,0,0,255,0,255,0,20,323,0,343,345,0,345,688
11/19/2017,VRB,FL,ASO,ES,Towers with Radar,0,14,59,0,73,0,2,183,0,185,0,16,242,0,258,334,0,334,592
11/20/2017,VRB,FL,ASO,ES,Towers with Radar,0,22,101,0,123,0,0,282,0,282,0,22,383,0,405,290,0,290,695
11/21/2017,VRB,FL,ASO,ES,Towers with Radar,0,25,84,1,110,0,0,129,0,129,0,25,213,1,239,335,0,335,574
11/22/2017,VRB,FL,ASO,ES,Towers with Radar,0,26,75,0,101,0,0,282,0,282,0,26,357,0,383,150,0,150,533
11/23/2017,VRB,FL,ASO,ES,Towers with Radar,0,6,15,0,21,0,0,28,0,28,0,6,43,0,49,51,0,51,100
11/24/2017,VRB,FL,ASO,ES,Towers with Radar,0,13,45,0,58,0,0,47,0,47,0,13,92,0,105,144,0,144,249
11/25/2017,VRB,FL,ASO,ES,Towers with Radar,0,28,66,0,94,0,0,173,2,175,0,28,239,2,269,246,0,246,515
11/26/2017,VRB,FL,ASO,ES,Towers with Radar,0,33,74,0,107,0,0,194,0,194,0,33,268,0,301,286,0,286,587
11/27/2017,VRB,FL,ASO,ES,Towers with Radar,0,26,77,0,103,0,2,239,0,241,0,28,316,0,344,113,0,113,457
11/28/2017,VRB,FL,ASO,ES,Towers with Radar,0,17,71,0,88,0,0,276,0,276,0,17,347,0,364,357,0,357,721
11/29/2017,VRB,FL,ASO,ES,Towers with Radar,0,12,80,0,92,0,1,303,0,304,0,13,383,0,396,243,0,243,639
11/30/2017,VRB,FL,ASO,ES,Towers with Radar,0,11,64,0,75,0,0,321,0,321,0,11,385,0,396,255,0,255,651
12/01/2017,VRB,FL,ASO,ES,Towers with Radar,0,17,75,0,92,0,1,304,0,305,0,18,379,0,397,256,0,256,653
12/02/2017,VRB,FL,ASO,ES,Towers with Radar,0,9,48,2,59,0,0,241,1,242,0,9,289,3,301,267,0,267,568
12/03/2017,VRB,FL,ASO,ES,Towers with Radar,0,22,43,0,65,0,23,185,0,208,0,45,228,0,273,251,0,251,524
12/04/2017,VRB,FL,ASO,ES,Towers with Radar,0,50,35,0,85,0,118,194,0,312,0,168,229,0,397,179,0,179,576
12/05/2017,VRB,FL,ASO,ES,Towers with Radar,0,33,31,0,64,0,82,151,0,233,0,115,182,0,297,330,0,330,627
12/06/2017,VRB,FL,ASO,ES,Towers with Radar,0,43,56,0,99,0,85,136,1,222,0,128,192,1,321,297,0,297,618
12/07/2017,VRB,FL,ASO,ES,Towers with Radar,0,28,50,2,80,0,109,185,0,294,0,137,235,2,374,197,0,197,571
12/08/2017,VRB,FL,ASO,ES,Towers with Radar,0,39,38,0,77,0,53,102,0,155,0,92,140,0,232,144,0,144,376
12/09/2017,VRB,FL,ASO,ES,Towers with Radar,0,18,33,0,51,0,8,15,0,23,0,26,48,0,74,37,0,37,111
12/10/2017,VRB,FL,ASO,ES,Towers with Radar,0,34,35,0,69,0,68,124,0,192,0,102,159,0,261,204,0,204,465
12/11/2017,VRB,FL,ASO,ES,Towers with Radar,0,67,28,3,98,0,109,202,0,311,0,176,230,3,409,325,0,325,734
12/12/2017,VRB,FL,ASO,ES,Towers with Radar,0,60,39,1,100,0,132,150,0,282,0,192,189,1,382,315,0,315,697
12/13/2017,VRB,FL,ASO,ES,Towers with Radar,0,54,49,0,103,0,94,240,0,334,0,148,289,0,437,290,0,290,727
12/14/2017,VRB,FL,ASO,ES,Towers with Radar,0,46,42,0,88,0,92,172,0,264,0,138,214,0,352,170,0,170,522
12/15/2017,VRB,FL,ASO,ES,Towers with Radar,0,39,37,0,76,0,52,168,0,220,0,91,205,0,296,206,0,206,502
12/16/2017,VRB,FL,ASO,ES,Towers with Radar,0,29,37,0,66,0,64,115,0,179,0,93,152,0,245,196,0,196,441
12/17/2017,VRB,FL,ASO,ES,Towers with Radar,0,15,25,0,40,0,30,62,0,92,0,45,87,0,132,85,0,85,217
12/18/2017,VRB,FL,ASO,ES,Towers with Radar,0,24,29,0,53,0,137,145,0,282,0,161,174,0,335,309,0,309,644
12/19/2017,VRB,FL,ASO,ES,Towers with Radar,0,47,60,0,107,0,99,148,0,247,0,146,208,0,354,290,0,290,644
12/20/2017,VRB,FL,ASO,ES,Towers with Radar,0,43,29,0,72,0,91,140,0,231,0,134,169,0,303,153,0,153,456
12/21/2017,VRB,FL,ASO,ES,Towers with Radar,0,61,44,0,105,0,46,108,0,154,0,107,152,0,259,191,0,191,450
12/22/2017,VRB,FL,ASO,ES,Towers with Radar,3,48,29,0,80,0,91,118,0,209,3,139,147,0,289,221,0,221,510
12/23/2017,VRB,FL,ASO,ES,Towers with Radar,2,25,33,0,60,0,54,101,0,155,2,79,134,0,215,138,0,138,353
12/24/2017,VRB,FL,ASO,ES,Towers with Radar,0,24,7,0,31,0,13,61,0,74,0,37,68,0,105,45,0,45,150
12/25/2017,VRB,FL,ASO,ES,Towers with Radar,2,14,7,0,23,0,0,54,0,54,2,14,61,0,77,34,0,34,111
12/26/2017,VRB,FL,ASO,ES,Towers with Radar,1,46,67,0,114,0,72,125,0,197,1,118,192,0,311,116,0,116,427
12/27/2017,VRB,FL,ASO,ES,Towers with Radar,3,53,58,0,114,0,79,118,0,197,3,132,176,0,311,129,0,129,440
12/28/2017,VRB,FL,ASO,ES,Towers with Radar,2,76,48,1,127,0,74,134,0,208,2,150,182,1,335,232,0,232,567
12/29/2017,VRB,FL,ASO,ES,Towers with Radar,0,22,57,0,79,0,4,3,0,7,0,26,60,0,86,0,0,0,86
12/30/2017,VRB,FL,ASO,ES,Towers with Radar,0,16,41,0,57,0,32,49,0,81,0,48,90,0,138,95,0,95,233
12/31/2017,VRB,FL,ASO,ES,Towers with Radar,0,29,20,0,49,0,32,92,0,124,0,61,112,0,173,169,0,169,342
01/01/2018,VRB,FL,ASO,ES,Towers with Radar,2,36,16,0,54,0,0,22,0,22,2,36,38,0,76,2,0,2,78
01/02/2018,VRB,FL,ASO,ES,Towers with Radar,0,25,60,0,85,0,0,6,0,6,0,25,66,0,91,110,0,110,201
01/03/2018,VRB,FL,ASO,ES,Towers with Radar,0,19,23,0,42,0,3,20,0,23,0,22,43,0,65,49,0,49,114
01/04/2018,VRB,FL,ASO,ES,Towers with Radar,0,27,33,0,60,0,110,181,0,291,0,137,214,0,351,377,0,377,728
01/05/2018,VRB,FL,ASO,ES,Towers with Radar,0,50,37,0,87,0,105,150,0,255,0,155,187,0,342,226,0,226,568
01/06/2018,VRB,FL,ASO,ES,Towers with Radar,0,41,24,0,65,0,106,112,0,218,0,147,136,0,283,185,0,185,468
01/07/2018,VRB,FL,ASO,ES,Towers with Radar,0,42,34,0,76,0,64,103,0,167,0,106,137,0,243,113,0,113,356
01/08/2018,VRB,FL,ASO,ES,Towers with Radar,2,50,38,0,90,0,129,138,0,267,2,179,176,0,357,431,0,431,788
01/09/2018,VRB,FL,ASO,ES,Towers with Radar,0,26,54,0,80,0,51,85,0,136,0,77,139,0,216,160,0,160,376
01/10/2018,VRB,FL,ASO,ES,Towers with Radar,0,20,50,0,70,0,49,82,0,131,0,69,132,0,201,204,0,204,405
01/11/2018,VRB,FL,ASO,ES,Towers with Radar,0,31,52,0,83,0,127,158,0,285,0,158,210,0,368,280,0,280,648
01/12/2018,VRB,FL,ASO,ES,Towers with Radar,0,34,60,1,95,0,76,105,1,182,0,110,165,2,277,122,0,122,399
01/13/2018,VRB,FL,ASO,ES,Towers with Radar,0,41,69,0,110,0,94,97,0,191,0,135,166,0,301,282,0,282,583
01/14/2018,VRB,FL,ASO,ES,Towers with Radar,0,15,44,0,59,0,59,69,0,128,0,74,113,0,187,164,0,164,351
01/15/2018,VRB,FL,ASO,ES,Towers with Radar,0,52,37,0,89,0,85,126,0,211,0,137,163,0,300,179,0,179,479
01/16/2018,VRB,FL,ASO,ES,Towers with Radar,0,18,40,0,58,0,159,226,0,385,0,177,266,0,443,241,0,241,684
01/17/2018,VRB,FL,ASO,ES,Towers with Radar,0,56,42,0,98,0,147,176,0,323,0,203,218,0,421,155,0,155,576
01/18/2018,VRB,FL,ASO,ES,Towers with Radar,0,40,37,0,77,0,151,112,0,263,0,191,149,0,340,156,0,156,496
01/19/2018,VRB,FL,ASO,ES,Towers with Radar,0,26,63,0,89,0,153,193,0,346,0,179,256,0,435,341,0,341,776
01/20/2018,VRB,FL,ASO,ES,Towers with Radar,0,24,33,0,57,0,117,111,0,228,0,141,144,0,285,243,0,243,528
01/21/2018,VRB,FL,ASO,ES,Towers with Radar,0,27,40,0,67,0,78,131,0,209,0,105,171,0,276,271,0,271,547
01/22/2018,VRB,FL,ASO,ES,Towers with Radar,0,71,57,0,128,0,94,153,0,247,0,165,210,0,375,339,0,339,714
01/23/2018,VRB,FL,ASO,ES,Towers with Radar,0,56,51,0,107,0,90,131,0,221,0,146,182,0,328,260,0,260,588
01/24/2018,VRB,FL,ASO,ES,Towers with Radar,0,37,52,0,89,0,134,187,0,321,0,171,239,0,410,353,0,353,763
01/25/2018,VRB,FL,ASO,ES,Towers with Radar,0,22,70,0,92,0,99,152,1,252,0,121,222,1,344,161,0,161,505
01/26/2018,VRB,FL,ASO,ES,Towers with Radar,0,37,46,0,83,0,88,99,0,187,0,125,145,0,270,225,0,225,495
01/27/2018,VRB,FL,ASO,ES,Towers with Radar,0,29,38,0,67,0,110,65,0,175,0,139,103,0,242,176,0,176,418
01/28/2018,VRB,FL,ASO,ES,Towers with Radar,0,27,36,0,63,0,57,49,0,106,0,84,85,0,169,115,0,115,284
01/29/2018,VRB,FL,ASO,ES,Towers with Radar,2,23,32,0,57,0,15,41,0,56,2,38,73,0,113,83,0,83,196
01/30/2018,VRB,FL,ASO,ES,Towers with Radar,0,30,42,0,72,0,126,147,0,273,0,156,189,0,345,235,0,235,580
01/31/2018,VRB,FL,ASO,ES,Towers with Radar,0,14,38,0,52,0,140,196,0,336,0,154,234,0,388,299,0,299,687
02/01/2018,VRB,FL,ASO,ES,Towers with Radar,0,25,43,0,68,0,139,196,0,335,0,164,239,0,403,365,0,365,768
02/02/2018,VRB,FL,ASO,ES,Towers with Radar,1,39,31,0,71,0,125,177,0,302,1,164,208,0,373,398,0,398,771
02/03/2018,VRB,FL,ASO,ES,Towers with Radar,0,34,31,0,65,0,90,94,0,184,0,124,125,0,249,183,0,183,432
02/04/2018,VRB,FL,ASO,ES,Towers with Radar,0,24,57,0,81,0,46,77,0,123,0,70,134,0,204,235,0,235,439
02/05/2018,VRB,FL,ASO,ES,Towers with Radar,0,31,58,0,89,0,95,154,0,249,0,126,212,0,338,496,0,496,834
02/06/2018,VRB,FL,ASO,ES,Towers with Radar,0,22,53,0,75,0,174,240,0,414,0,196,293,0,489,434,0,434,923
02/07/2018,VRB,FL,ASO,ES,Towers with Radar,0,16,51,0,67,0,152,199,0,351,0,168,250,0,418,437,0,437,855
02/08/2018,VRB,FL,ASO,ES,Towers with Radar,0,31,68,2,101,0,97,142,0,239,0,128,210,2,340,314,0,314,654
02/09/2018,VRB,FL,ASO,ES,Towers with Radar,0,43,58,0,101,0,136,167,0,303,0,179,225,0,404,337,1,338,742
02/10/2018,VRB,FL,ASO,ES,Towers with Radar,0,39,44,0,83,0,95,147,0,242,0,134,191,0,325,377,0,377,702
02/11/2018,VRB,FL,ASO,ES,Towers with Radar,0,44,41,0,85,0,89,113,0,202,0,133,154,0,287,303,0,303,590
02/12/2018,VRB,FL,ASO,ES,Towers with Radar,0,51,46,0,97,0,163,199,0,362,0,214,245,0,459,437,0,437,896
02/13/2018,VRB,FL,ASO,ES,Towers with Radar,0,37,67,0,104,0,143,208,0,351,0,180,275,0,455,362,0,362,817
02/14/2018,VRB,FL,ASO,ES,Towers with Radar,0,74,88,0,162,0,42,77,0,119,0,116,165,0,281,91,0,91,372
02/15/2018,VRB,FL,ASO,ES,Towers with Radar,0,33,81,0,114,0,122,159,0,281,0,155,240,0,395,369,0,369,764
02/16/2018,VRB,FL,ASO,ES,Towers with Radar,0,61,79,0,140,0,115,164,0,279,0,176,243,0,419,265,0,265,684
02/17/2018,VRB,FL,ASO,ES,Towers with Radar,0,35,65,0,100,0,111,187,0,298,0,146,252,0,398,397,0,397,795
02/18/2018,VRB,FL,ASO,ES,Towers with Radar,0,50,33,0,83,0,152,114,0,266,0,202,147,0,349,270,0,270,619
02/19/2018,VRB,FL,ASO,ES,Towers with Radar,1,78,77,0,156,0,160,195,0,355,1,238,272,0,511,340,0,340,851
02/20/2018,VRB,FL,ASO,ES,Towers with Radar,0,65,49,0,114,0,129,161,0,290,0,194,210,0,404,455,0,455,859
02/21/2018,VRB,FL,ASO,ES,Towers with Radar,0,73,68,0,141,0,134,226,0,360,0,207,294,0,501,374,0,374,875
02/22/2018,VRB,FL,ASO,ES,Towers with Radar,0,77,51,0,128,0,94,183,0,277,0,171,234,0,405,463,0,463,868
02/23/2018,VRB,FL,ASO,ES,Towers with Radar,0,53,61,0,114,0,121,152,0,273,0,174,213,0,387,384,0,384,771
02/24/2018,VRB,FL,ASO,ES,Towers with Radar,0,37,58,0,95,0,107,132,0,239,0,144,190,0,334,488,0,488,822
02/25/2018,VRB,FL,ASO,ES,Towers with Radar,0,39,46,0,85,0,114,168,1,283,0,153,214,1,368,288,0,288,656
02/26/2018,VRB,FL,ASO,ES,Towers with Radar,2,57,58,4,121,0,140,162,0,302,2,197,220,4,423,317,0,317,740
02/27/2018,VRB,FL,ASO,ES,Towers with Radar,0,58,70,0,128,0,108,148,0,256,0,166,218,0,384,266,0,266,650
02/28/2018,VRB,FL,ASO,ES,Towers with Radar,0,48,70,0,118,0,150,189,0,339,0,198,259,0,457,569,0,569,1026
03/01/2018,VRB,FL,ASO,ES,Towers with Radar,0,74,54,1,129,0,116,176,1,293,0,190,230,2,422,249,0,249,671
03/02/2018,VRB,FL,ASO,ES,Towers with Radar,0,68,47,0,115,0,118,156,0,274,0,186,203,0,389,212,0,212,601
03/03/2018,VRB,FL,ASO,ES,Towers with Radar,0,51,34,0,85,0,75,91,0,166,0,126,125,0,251,196,0,196,447
03/04/2018,VRB,FL,ASO,ES,Towers with Radar,0,55,40,0,95,0,59,101,0,160,0,114,141,0,255,212,0,212,467
03/05/2018,VRB,FL,ASO,ES,Towers with Radar,2,56,42,0,100,0,151,166,0,317,2,207,208,0,417,462,0,462,879
03/06/2018,VRB,FL,ASO,ES,Towers with Radar,0,44,47,0,91,0,125,192,0,317,0,169,239,0,408,214,0,214,622
03/07/2018,VRB,FL,ASO,ES,Towers with Radar,0,80,43,0,123,0,54,130,0,184,0,134,173,0,307,359,0,359,666
03/08/2018,VRB,FL,ASO,ES,Towers with Radar,2,82,59,0,143,0,101,175,0,276,2,183,234,0,419,352,0,352,771
03/09/2018,VRB,FL,ASO,ES,Towers with Radar,2,63,74,4,143,0,88,160,0,248,2,151,234,4,391,318,0,318,709
03/10/2018,VRB,FL,ASO,ES,Towers with Radar,1,54,59,0,114,0,72,117,0,189,1,126,176,0,303,356,0,356,659
03/11/2018,VRB,FL,ASO,ES,Towers with Radar,3,34,69,0,106,0,53,65,0,118,3,87,134,0,224,310,0,310,534
03/12/2018,VRB,FL,ASO,ES,Towers with Radar,0,41,35,0,76,0,46,66,0,112,0,87,101,0,188,97,0,97,285
03/13/2018,VRB,FL,ASO,ES,Towers with Radar,0,65,59,0,124,0,172,222,0,394,0,237,281,0,518,377,0,377,895
03/14/2018,VRB,FL,ASO,ES,Towers with Radar,0,79,49,0,128,0,154,170,0,324,0,233,219,0,452,280,0,280,732
03/15/2018,VRB,FL,ASO,ES,Towers with Radar,0,41,56,0,97,0,114,179,0,293,0,155,235,0,390,289,0,289,679
03/16/2018,VRB,FL,ASO,ES,Towers with Radar,0,52,59,0,111,0,112,192,0,304,0,164,251,0,415,278,0,278,693
03/17/2018,VRB,FL,ASO,ES,Towers with Radar,0,34,37,0,71,0,128,163,0,291,0,162,200,0,362,243,0,243,605
03/18/2018,VRB,FL,ASO,ES,Towers with Radar,1,36,59,0,96,0,88,141,0,229,1,124,200,0,325,281,0,281,606
03/19/2018,VRB,FL,ASO,ES,Towers with Radar,2,42,52,0,96,0,182,147,0,329,2,224,199,0,425,304,0,304,729
03/20/2018,VRB,FL,ASO,ES,Towers with Radar,0,64,42,0,106,0,40,58,0,98,0,104,100,0,204,61,0,61,265
03/21/2018,VRB,FL,ASO,ES,Towers with Radar,0,76,49,0,125,0,96,116,0,212,0,172,165,0,337,300,0,300,637
03/22/2018,VRB,FL,ASO,ES,Towers with Radar,0,38,61,0,99,0,148,148,0,296,0,186,209,0,395,374,0,374,769
03/23/2018,VRB,FL,ASO,ES,Towers with Radar,0,49,50,0,99,0,107,176,0,283,0,156,226,0,382,290,0,290,672
03/24/2018,VRB,FL,ASO,ES,Towers with Radar,0,38,38,0,76,0,94,127,0,221,0,132,165,0,297,421,0,421,718
03/25/2018,VRB,FL,ASO,ES,Towers with Radar,0,37,34,0,71,0,85,91,0,176,0,122,125,0,247,292,0,292,539
03/26/2018,VRB,FL,ASO,ES,Towers with Radar,0,47,53,0,100,0,58,109,0,167,0,105,162,0,267,232,0,232,499
03/27/2018,VRB,FL,ASO,ES,Towers with Radar,0,52,69,0,121,0,104,148,0,252,0,156,217,0,373,285,0,285,658
03/28/2018,VRB,FL,ASO,ES,Towers with Radar,0,65,48,2,115,0,131,184,0,315,0,196,232,2,430,381,0,381,811
03/29/2018,VRB,FL,ASO,ES,Towers with Radar,0,53,77,2,132,0,153,160,0,313,0,206,237,2,445,341,0,341,786
03/30/2018,VRB,FL,ASO,ES,Towers with Radar,3,53,74,0,130,0,108,172,0,280,3,161,246,0,410,434,0,434,844
03/31/2018,VRB,FL,ASO,ES,Towers with Radar,0,36,56,0,92,0,34,55,0,89,0,70,111,0,181,285,0,285,466
04/01/2018,VRB,FL,ASO,ES,Towers with Radar,0,40,54,0,94,0,3,58,0,61,0,43,112,0,155,143,0,143,298
04/02/2018,VRB,FL,ASO,ES,Towers with Radar,2,76,81,0,159,0,110,154,0,264,2,186,235,0,423,439,0,439,862
04/03/2018,VRB,FL,ASO,ES,Towers with Radar,0,51,65,2,118,0,158,211,0,369,0,209,276,2,487,458,0,458,945
04/04/2018,VRB,FL,ASO,ES,Towers with Radar,3,48,57,0,108,0,137,195,0,332,3,185,252,0,440,470,0,470,910
04/05/2018,VRB,FL,ASO,ES,Towers with Radar,0,43,51,0,94,0,82,157,0,239,0,125,208,0,333,172,0,172,505
04/06/2018,VRB,FL,ASO,ES,Towers with Radar,3,49,68,0,120,0,106,165,0,271,3,155,233,0,391,373,0,373,764
04/07/2018,VRB,FL,ASO,ES,Towers with Radar,4,41,32,0,77,0,54,70,0,124,4,95,102,0,201,212,0,212,413
04/08/2018,VRB,FL,ASO,ES,Towers with Radar,3,39,40,0,82,0,35,56,0,91,3,74,96,0,173,235,0,235,408
04/09/2018,VRB,FL,ASO,ES,Towers with Radar,2,42,48,0,92,0,98,113,1,212,2,140,161,1,304,188,0,188,492
04/10/2018,VRB,FL,ASO,ES,Towers with Radar,0,45,31,0,76,0,73,84,0,157,0,118,115,0,233,203,0,203,436
04/11/2018,VRB,FL,ASO,ES,Towers with Radar,0,39,67,0,106,0,59,105,0,164,0,98,172,0,270,78,0,78,348
04/12/2018,VRB,FL,ASO,ES,Towers with Radar,0,52,55,0,107,0,206,184,0,390,0,258,239,0,497,466,0,466,963
04/13/2018,VRB,FL,ASO,ES,Towers with Radar,1,55,61,1,118,0,144,132,0,276,1,199,193,1,394,572,0,572,966
04/14/2018,VRB,FL,ASO,ES,Towers with Radar,3,36,42,0,81,0,87,118,0,205,3,123,160,0,286,418,0,418,704
04/15/2018,VRB,FL,ASO,ES,Towers with Radar,0,38,19,0,57,0,18,28,0,46,0,56,47,0,103,102,0,102,205
04/16/2018,VRB,FL,ASO,ES,Towers with Radar,0,37,56,0,93,0,174,170,0,344,0,211,226,0,437,371,0,371,808
04/17/2018,VRB,FL,ASO,ES,Towers with Radar,0,38,64,2,104,0,176,193,0,369,0,214,257,2,473,508,0,508,981
04/18/2018,VRB,FL,ASO,ES,Towers with Radar,1,40,67,4,112,0,177,208,4,389,1,217,275,8,501,454,2,456,957
04/19/2018,VRB,FL,ASO,ES,Towers with Radar,1,13,28,4,46,0,70,61,0,131,1,83,89,4,177,93,15,108,285
04/20/2018,VRB,FL,ASO,ES,Towers with Radar,0,34,34,4,72,0,18,32,2,52,0,52,66,6,124,56,3,59,183
04/21/2018,VRB,FL,ASO,ES,Towers with Radar,0,8,23,0,31,0,0,37,2,39,0,8,60,2,70,10,3,13,83
04/22/2018,VRB,FL,ASO,ES,Towers with Radar,0,8,23,1,32,0,2,16,2,20,0,10,39,3,52,0,3,3,55
04/23/2018,VRB,FL,ASO,ES,Towers with Radar,1,44,38,5,88,0,67,95,4,166,1,111,133,9,254,215,4,219,473
04/24/2018,VRB,FL,ASO,ES,Towers with Radar,0,54,58,0,112,0,90,95,0,185,0,144,153,0,297,289,0,289,586
04/25/2018,VRB,FL,ASO,ES,Towers with Radar,0,56,61,1,118,0,173,204,0,377,0,229,265,1,495,452,0,452,947
04/26/2018,VRB,FL,ASO,ES,Towers with Radar,0,35,47,2,84,0,169,201,0,370,0,204,248,2,454,352,0,352,806
04/27/2018,VRB,FL,ASO,ES,Towers with Radar,0,37,48,1,86,0,163,165,0,328,0,200,213,1,414,388,0,388,802
04/28/2018,VRB,FL,ASO,ES,Towers with Radar,0,35,34,0,69,0,123,133,0,256,0,158,167,0,325,165,0,165,490
04/29/2018,VRB,FL,ASO,ES,Towers with Radar,0,34,40,0,74,0,132,119,0,251,0,166,159,0,325,228,0,228,553
04/30/2018,VRB,FL,ASO,ES,Towers with Radar,3,59,56,0,118,0,172,170,0,342,3,231,226,0,460,232,0,232,692
05/01/2018,VRB,FL,ASO,ES,Towers with Radar,3,48,54,1,106,0,107,180,0,287,3,155,234,1,393,341,0,341,734
05/02/2018,VRB,FL,ASO,ES,Towers with Radar,0,56,64,0,120,0,128,147,0,275,0,184,211,0,395,383,0,383,778
05/03/2018,VRB,FL,ASO,ES,Towers with Radar,0,27,54,1,82,0,141,145,0,286,0,168,199,1,368,321,0,321,689
05/04/2018,VRB,FL,ASO,ES,Towers with Radar,1,52,45,1,99,0,135,162,0,297,1,187,207,1,396,214,0,214,610
05/05/2018,VRB,FL,ASO,ES,Towers with Radar,0,20,34,0,54,0,71,71,0,142,0,91,105,0,196,320,0,320,516
05/06/2018,VRB,FL,ASO,ES,Towers with Radar,2,25,32,1,60,0,61,71,0,132,2,86,103,1,192,267,2,269,461
05/07/2018,VRB,FL,ASO,ES,Towers with Radar,0,42,46,0,88,0,135,170,0,305,0,177,216,0,393,236,0,236,629
05/08/2018,VRB,FL,ASO,ES,Towers with Radar,0,52,40,4,96,0,182,182,0,364,0,234,222,4,460,179,0,179,639
05/09/2018,VRB,FL,ASO,ES,Towers with Radar,0,33,44,0,77,0,159,194,0,353,0,192,238,0,430,243,0,243,673
05/10/2018,VRB,FL,ASO,ES,Towers with Radar,0,45,43,0,88,0,158,173,0,331,0,203,216,0,419,213,0,213,632
05/11/2018,VRB,FL,ASO,ES,Towers with Radar,0,57,47,0,104,0,172,168,0,340,0,229,215,0,444,467,0,467,911
05/12/2018,VRB,FL,ASO,ES,Towers with Radar,0,25,40,1,66,0,110,138,0,248,0,135,178,1,314,392,0,392,706
05/13/2018,VRB,FL,ASO,ES,Towers with Radar,2,31,26,0,59,0,46,32,0,78,2,77,58,0,137,453,0,453,590
05/14/2018,VRB,FL,ASO,ES,Towers with Radar,1,21,23,0,45,0,1,20,0,21,1,22,43,0,66,49,0,49,115
05/15/2018,VRB,FL,ASO,ES,Towers with Radar,0,50,37,3,90,0,135,118,0,253,0,185,155,3,343,236,0,236,579
05/16/2018,VRB,FL,ASO,ES,Towers with Radar,0,35,55,0,90,0,138,84,0,222,0,173,139,0,312,212,0,212,524
05/17/2018,VRB,FL,ASO,ES,Towers with Radar,0,64,37,0,101,0,72,66,0,138,0,136,103,0,239,386,0,386,625
05/18/2018,VRB,FL,ASO,ES,Towers with Radar,3,49,47,0,99,0,127,164,0,291,3,176,211,0,390,375,0,375,765
05/19/2018,VRB,FL,ASO,ES,Towers with Radar,0,11,38,0,49,0,58,39,0,97,0,69,77,0,146,190,0,190,336
05/20/2018,VRB,FL,ASO,ES,Towers with Radar,2,19,41,0,62,0,25,47,0,72,2,44,88,0,134,224,0,224,358
05/21/2018,VRB,FL,ASO,ES,Towers with Radar,1,63,41,0,105,0,86,99,0,185,1,149,140,0,290,320,0,320,610
05/22/2018,VRB,FL,ASO,ES,Towers with Radar,0,99,45,1,145,0,56,71,1,128,0,155,116,2,273,198,0,198,471
05/23/2018,VRB,FL,ASO,ES,Towers with Radar,0,76,45,0,121,0,189,201,0,390,0,265,246,0,511,423,0,423,934
05/24/2018,VRB,FL,ASO,ES,Towers with Radar,0,56,55,0,111,0,173,160,0,333,0,229,215,0,444,402,0,402,846
05/25/2018,VRB,FL,ASO,ES,Towers with Radar,0,45,46,0,91,0,118,89,0,207,0,163,135,0,298,335,0,335,633
05/26/2018,VRB,FL,ASO,ES,Towers with Radar,0,17,53,0,70,0,82,81,0,163,0,99,134,0,233,363,0,363,596
05/27/2018,VRB,FL,ASO,ES,Towers with Radar,0,8,14,0,22,0,0,12,0,12,0,8,26,0,34,26,0,26,60
05/28/2018,VRB,FL,ASO,ES,Towers with Radar,0,15,17,0,32,0,2,121,0,123,0,17,138,0,155,72,0,72,227
05/29/2018,VRB,FL,ASO,ES,Towers with Radar,0,67,37,0,104,0,135,172,0,307,0,202,209,0,411,239,0,239,650
05/30/2018,VRB,FL,ASO,ES,Towers with Radar,0,38,38,5,81,0,111,123,1,235,0,149,161,6,316,262,0,262,578
05/31/2018,VRB,FL,ASO,ES,Towers with Radar,0,48,42,0,90,0,83,155,1,239,0,131,197,1,329,440,0,440,769
06/01/2018,VRB,FL,ASO,ES,Towers with Radar,0,47,59,0,106,0,163,139,0,302,0,210,198,0,408,419,0,419,827
06/02/2018,VRB,FL,ASO,ES,Towers with Radar,0,16,45,0,61,0,161,130,0,291,0,177,175,0,352,381,0,381,733
06/03/2018,VRB,FL,ASO,ES,Towers with Radar,0,23,24,0,47,0,130,135,0,265,0,153,159,0,312,212,0,212,524
06/04/2018,VRB,FL,ASO,ES,Towers with Radar,0,50,44,4,98,0,155,126,0,281,0,205,170,4,379,293,0,293,672
06/05/2018,VRB,FL,ASO,ES,Towers with Radar,0,26,60,0,86,0,75,92,0,167,0,101,152,0,253,182,0,182,435
06/06/2018,VRB,FL,ASO,ES,Towers with Radar,1,45,66,0,112,0,69,90,0,159,1,114,156,0,271,132,0,132,403
06/07/2018,VRB,FL,ASO,ES,Towers with Radar,2,57,43,0,102,0,121,135,0,256,2,178,178,0,358,338,0,338,696
06/08/2018,VRB,FL,ASO,ES,Towers with Radar,1,43,44,0,88,0,116,125,0,241,1,159,169,0,329,338,0,338,667
06/09/2018,VRB,FL,ASO,ES,Towers with Radar,0,28,40,0,68,0,109,167,0,276,0,137,207,0,344,280,0,280,624
06/10/2018,VRB,FL,ASO,ES,Towers with Radar,4,26,65,0,95,0,121,98,0,219,4,147,163,0,314,318,0,318,632
06/11/2018,VRB,FL,ASO,ES,Towers with Radar,0,43,47,0,90,0,129,137,0,266,0,172,184,0,356,314,0,314,670
06/12/2018,VRB,FL,ASO,ES,Towers with Radar,0,50,51,0,101,0,184,172,0,356,0,234,223,0,457,450,0,450,907
06/13/2018,VRB,FL,ASO,ES,Towers with Radar,0,35,51,0,86,0,131,131,0,262,0,166,182,0,348,426,0,426,774
06/14/2018,VRB,FL,ASO,ES,Towers with Radar,0,38,36,0,74,0,194,142,0,336,0,232,178,0,410,417,0,417,827
06/15/2018,VRB,FL,ASO,ES,Towers with Radar,0,29,38,0,67,0,109,120,0,229,0,138,158,0,296,368,0,368,664
06/16/2018,VRB,FL,ASO,ES,Towers with Radar,0,37,34,0,71,0,115,165,0,280,0,152,199,0,351,327,0,327,678
06/17/2018,VRB,FL,ASO,ES,Towers with Radar,0,29,34,0,63,0,94,126,0,220,0,123,160,0,283,230,0,230,513
06/18/2018,VRB,FL,ASO,ES,Towers with Radar,0,42,43,0,85,0,198,147,0,345,0,240,190,0,430,399,0,399,829
06/19/2018,VRB,FL,ASO,ES,Towers with Radar,0,37,52,0,89,0,215,184,0,399,0,252,236,0,488,424,0,424,912
06/20/2018,VRB,FL,ASO,ES,Towers with Radar,0,45,34,0,79,0,168,161,0,329,0,213,195,0,408,390,0,390,798
06/21/2018,VRB,FL,ASO,ES,Towers with Radar,0,42,36,0,78,0,138,137,0,275,0,180,173,0,353,396,0,396,749
06/22/2018,VRB,FL,ASO,ES,Towers with Radar,0,30,35,0,65,0,149,105,0,254,0,179,140,0,319,464,0,464,783
06/23/2018,VRB,FL,ASO,ES,Towers with Radar,0,17,30,0,47,0,115,132,1,248,0,132,162,1,295,263,0,263,558
06/24/2018,VRB,FL,ASO,ES,Towers with Radar,0,38,48,0,86,0,98,125,0,223,0,136,173,0,309,239,0,239,548
06/25/2018,VRB,FL,ASO,ES,Towers with Radar,0,37,22,0,59,0,165,147,0,312,0,202,169,0,371,305,0,305,676
06/26/2018,VRB,FL,ASO,ES,Towers with Radar,0,31,46,0,77,0,163,170,0,333,0,194,216,0,410,492,0,492,902
06/27/2018,VRB,FL,ASO,ES,Towers with Radar,0,35,39,0,74,0,169,148,0,317,0,204,187,0,391,412,0,412,803
06/28/2018,VRB,FL,ASO,ES,Towers with Radar,0,39,44,0,83,0,175,167,0,342,0,214,211,0,425,430,0,430,855
06/29/2018,VRB,FL,ASO,ES,Towers with Radar,0,28,37,0,65,0,144,143,0,287,0,172,180,0,352,373,0,373,725
06/30/2018,VRB,FL,ASO,ES,Towers with Radar,0,6,36,0,42,0,117,80,0,197,0,123,116,0,239,317,0,317,556
07/01/2018,VRB,FL,ASO,ES,Towers with Radar,0,16,35,0,51,0,173,128,0,301,0,189,163,0,352,496,0,496,848
07/02/2018,VRB,FL,ASO,ES,Towers with Radar,0,29,54,0,83,0,193,182,0,375,0,222,236,0,458,305,0,305,763
07/03/2018,VRB,FL,ASO,ES,Towers with Radar,0,24,22,0,46,0,179,170,0,349,0,203,192,0,395,417,0,417,812
07/04/2018,VRB,FL,ASO,ES,Towers with Radar,0,3,11,0,14,0,4,57,0,61,0,7,68,0,75,106,0,106,181
07/05/2018,VRB,FL,ASO,ES,Towers with Radar,0,25,25,1,51,0,117,126,0,243,0,142,151,1,294,434,0,434,728
07/06/2018,VRB,FL,ASO,ES,Towers with Radar,0,23,26,0,49,0,145,119,0,264,0,168,145,0,313,315,0,315,628
07/07/2018,VRB,FL,ASO,ES,Towers with Radar,0,28,27,0,55,0,131,150,0,281,0,159,177,0,336,305,0,305,641
07/08/2018,VRB,FL,ASO,ES,Towers with Radar,0,24,39,0,63,0,160,164,0,324,0,184,203,0,387,378,0,378,765
07/09/2018,VRB,FL,ASO,ES,Towers with Radar,0,35,34,0,69,0,224,156,0,380,0,259,190,0,449,531,0,531,980
07/10/2018,VRB,FL,ASO,ES,Towers with Radar,0,31,40,0,71,0,186,169,0,355,0,217,209,0,426,413,0,413,839
07/11/2018,VRB,FL,ASO,ES,Towers with Radar,0,22,56,0,78,0,144,165,0,309,0,166,221,0,387,308,0,308,695
07/12/2018,VRB,FL,ASO,ES,Towers with Radar,0,38,37,0,75,0,148,189,0,337,0,186,226,0,412,383,0,383,795
07/13/2018,VRB,FL,ASO,ES,Towers with Radar,0,25,46,0,71,0,188,188,0,376,0,213,234,0,447,329,0,329,776
07/14/2018,VRB,FL,ASO,ES,Towers with Radar,0,19,37,0,56,0,141,164,0,305,0,160,201,0,361,380,0,380,741
07/15/2018,VRB,FL,ASO,ES,Towers with Radar,0,20,20,0,40,0,97,141,1,239,0,117,161,1,279,319,0,319,598
07/16/2018,VRB,FL,ASO,ES,Towers with Radar,0,54,38,0,92,0,181,182,0,363,0,235,220,0,455,370,0,370,825
07/17/2018,VRB,FL,ASO,ES,Towers with Radar,0,36,48,0,84,0,155,149,0,304,0,191,197,0,388,245,0,245,633
07/18/2018,VRB,FL,ASO,ES,Towers with Radar,0,39,33,0,72,0,170,162,0,332,0,209,195,0,404,268,0,268,672
07/19/2018,VRB,FL,ASO,ES,Towers with Radar,0,48,50,0,98,0,146,173,7,326,0,194,223,7,424,213,0,213,637
07/20/2018,VRB,FL,ASO,ES,Towers with Radar,0,42,43,0,85,0,200,180,0,380,0,242,223,0,465,230,0,230,695
07/21/2018,VRB,FL,ASO,ES,Towers with Radar,0,9,23,0,32,0,89,68,0,157,0,98,91,0,189,159,0,159,348
07/22/2018,VRB,FL,ASO,ES,Towers with Radar,0,29,37,0,66,0,46,49,0,95,0,75,86,0,161,153,0,153,314
07/23/2018,VRB,FL,ASO,ES,Towers with Radar,0,28,30,0,58,0,178,132,0,310,0,206,162,0,368,192,0,192,560
07/24/2018,VRB,FL,ASO,ES,Towers with Radar,0,34,20,0,54,0,177,138,0,315,0,211,158,0,369,256,0,256,625
07/25/2018,VRB,FL,ASO,ES,Towers with Radar,0,26,34,0,60,0,165,127,2,294,0,191,161,2,354,138,0,138,492
07/26/2018,VRB,FL,ASO,ES,Towers with Radar,2,25,53,0,80,0,185,141,0,326,2,210,194,0,406,187,0,187,593
07/27/2018,VRB,FL,ASO,ES,Towers with Radar,0,24,32,0,56,0,103,79,0,182,0,127,111,0,238,280,0,280,518
07/28/2018,VRB,FL,ASO,ES,Towers with Radar,0,8,20,0,28,0,67,88,0,155,0,75,108,0,183,211,0,211,394
07/29/2018,VRB,FL,ASO,ES,Towers with Radar,0,20,30,0,50,0,67,86,0,153,0,87,116,0,203,272,0,272,475
07/30/2018,VRB,FL,ASO,ES,Towers with Radar,0,42,42,0,84,0,154,184,0,338,0,196,226,0,422,193,0,193,615
07/31/2018,VRB,FL,ASO,ES,Towers with Radar,0,28,27,0,55,0,138,178,2,318,0,166,205,2,373,349,0,349,722
08/01/2018,VRB,FL,ASO,ES,Towers with Radar,0,23,39,0,62,0,138,146,0,284,0,161,185,0,346,295,0,295,641
08/02/2018,VRB,FL,ASO,ES,Towers with Radar,0,37,36,0,73,0,212,182,1,395,0,249,218,1,468,412,2,414,882
08/03/2018,VRB,FL,ASO,ES,Towers with Radar,0,27,36,0,63,0,173,151,0,324,0,200,187,0,387,451,0,451,838
08/04/2018,VRB,FL,ASO,ES,Towers with Radar,0,20,26,0,46,0,102,118,1,221,0,122,144,1,267,300,0,300,567
08/05/2018,VRB,FL,ASO,ES,Towers with Radar,0,28,36,0,64,0,140,106,0,246,0,168,142,0,310,371,0,371,681
08/06/2018,VRB,FL,ASO,ES,Towers with Radar,0,28,18,0,46,0,163,161,0,324,0,191,179,0,370,296,0,296,666
08/07/2018,VRB,FL,ASO,ES,Towers with Radar,0,20,49,0,69,0,188,193,0,381,0,208,242,0,450,472,0,472,922
08/08/2018,VRB,FL,ASO,ES,Towers with Radar,0,34,37,0,71,0,192,139,0,331,0,226,176,0,402,485,0,485,887
08/09/2018,VRB,FL,ASO,ES,Towers with Radar,2,55,62,0,119,0,160,156,1,317,2,215,218,1,436,360,0,360,796
08/10/2018,VRB,FL,ASO,ES,Towers with Radar,0,22,36,13,71,0,136,133,0,269,0,158,169,13,340,335,0,335,675
08/11/2018,VRB,FL,ASO,ES,Towers with Radar,0,21,20,0,41,0,76,104,0,180,0,97,124,0,221,357,0,357,578
08/12/2018,VRB,FL,ASO,ES,Towers with Radar,2,14,35,0,51,0,79,82,0,161,2,93,117,0,212,279,0,279,491
08/13/2018,VRB,FL,ASO,ES,Towers with Radar,1,43,31,0,75,0,185,205,0,390,1,228,236,0,465,329,0,329,794
08/14/2018,VRB,FL,ASO,ES,Towers with Radar,1,28,40,0,69,0,199,169,2,370,1,227,209,2,439,556,0,556,995
08/15/2018,VRB,FL,ASO,ES,Towers with Radar,0,23,45,0,68,0,192,180,0,372,0,215,225,0,440,430,0,430,870
08/16/2018,VRB,FL,ASO,ES,Towers with Radar,0,43,36,0,79,0,198,177,0,375,0,241,213,0,454,430,0,430,884
08/17/2018,VRB,FL,ASO,ES,Towers with Radar,1,45,30,0,76,0,189,188,0,377,1,234,218,0,453,461,0,461,914
08/18/2018,VRB,FL,ASO,ES,Towers with Radar,0,11,25,0,36,0,92,88,0,180,0,103,113,0,216,329,0,329,545
08/19/2018,VRB,FL,ASO,ES,Towers with Radar,2,26,27,0,55,0,112,134,0,246,2,138,161,0,301,460,0,460,761
08/20/2018,VRB,FL,ASO,ES,Towers with Radar,3,47,39,0,89,0,162,109,0,271,3,209,148,0,360,281,0,281,641
08/21/2018,VRB,FL,ASO,ES,Towers with Radar,0,34,34,2,70,0,233,155,0,388,0,267,189,2,458,569,0,569,1027
08/22/2018,VRB,FL,ASO,ES,Towers with Radar,0,25,53,0,78,0,130,108,0,238,0,155,161,0,316,288,0,288,604
08/23/2018,VRB,FL,ASO,ES,Towers with Radar,2,48,45,2,97,0,208,148,0,356,2,256,193,2,453,400,0,400,853
08/24/2018,VRB,FL,ASO,ES,Towers with Radar,0,46,36,0,82,0,166,155,0,321,0,212,191,0,403,459,2,461,864
08/25/2018,VRB,FL,ASO,ES,Towers with Radar,0,29,29,0,58,0,89,64,0,153,0,118,93,0,211,336,0,336,547
08/26/2018,VRB,FL,ASO,ES,Towers with Radar,0,26,39,0,65,0,142,121,1,264,0,168,160,1,329,366,1,367,696
08/27/2018,VRB,FL,ASO,ES,Towers with Radar,0,44,32,0,76,0,224,162,0,386,0,268,194,0,462,378,0,378,840
08/28/2018,VRB,FL,ASO,ES,Towers with Radar,0,47,37,0,84,0,182,140,1,323,0,229,177,1,407,330,1,331,738
08/29/2018,VRB,FL,ASO,ES,Towers with Radar,0,48,45,0,93,0,175,184,0,359,0,223,229,0,452,464,0,464,916
08/30/2018,VRB,FL,ASO,ES,Towers with Radar,0,65,62,0,127,0,205,128,0,333,0,270,190,0,460,423,0,423,883
08/31/2018,VRB,FL,ASO,ES,Towers with Radar,0,49,42,0,91,0,171,143,0,314,0,220,185,0,405,386,0,386,791
09/01/2018,VRB,FL,ASO,ES,Towers with Radar,0,28,38,0,66,0,119,82,0,201,0,147,120,0,267,221,0,221,488
09/02/2018,VRB,FL,ASO,ES,Towers with Radar,0,22,21,0,43,0,64,50,0,114,0,86,71,0,157,240,0,240,397
09/03/2018,VRB,FL,ASO,ES,Towers with Radar,0,9,12,0,21,0,0,25,0,25,0,9,37,0,46,40,0,40,86
09/04/2018,VRB,FL,ASO,ES,Towers with Radar,0,64,28,0,92,0,189,163,0,352,0,253,191,0,444,434,0,434,878
09/05/2018,VRB,FL,ASO,ES,Towers with Radar,0,75,44,0,119,0,175,154,0,329,0,250,198,0,448,412,0,412,860
09/06/2018,VRB,FL,ASO,ES,Towers with Radar,0,52,45,0,97,0,145,122,0,267,0,197,167,0,364,275,0,275,639
09/07/2018,VRB,FL,ASO,ES,Towers with Radar,0,47,41,0,88,0,180,159,0,339,0,227,200,0,427,394,0,394,821
09/08/2018,VRB,FL,ASO,ES,Towers with Radar,0,31,30,0,61,0,95,120,0,215,0,126,150,0,276,437,0,437,713
09/09/2018,VRB,FL,ASO,ES,Towers with Radar,0,39,25,0,64,0,104,118,0,222,0,143,143,0,286,288,0,288,574
09/10/2018,VRB,FL,ASO,ES,Towers with Radar,0,51,39,0,90,0,185,115,0,300,0,236,154,0,390,338,0,338,728
09/11/2018,VRB,FL,ASO,ES,Towers with Radar,0,42,50,0,92,0,202,183,0,385,0,244,233,0,477,361,0,361,838
09/12/2018,VRB,FL,ASO,ES,Towers with Radar,0,70,81,0,151,0,172,148,0,320,0,242,229,0,471,196,0,196,667
09/13/2018,VRB,FL,ASO,ES,Towers with Radar,0,75,43,0,118,0,200,117,0,317,0,275,160,0,435,448,0,448,883
09/14/2018,VRB,FL,ASO,ES,Towers with Radar,0,29,39,0,68,0,169,150,0,319,0,198,189,0,387,442,0,442,829
09/15/2018,VRB,FL,ASO,ES,Towers with Radar,0,19,32,0,51,0,155,114,0,269,0,174,146,0,320,302,0,302,622
09/16/2018,VRB,FL,ASO,ES,Towers with Radar,0,50,25,0,75,0,123,129,0,252,0,173,154,0,327,272,0,272,599
09/17/2018,VRB,FL,ASO,ES,Towers with Radar,1,52,50,0,103,0,168,143,0,311,1,220,193,0,414,408,0,408,822
09/18/2018,VRB,FL,ASO,ES,Towers with Radar,0,46,52,0,98,0,224,172,0,396,0,270,224,0,494,376,0,376,870
09/19/2018,VRB,FL,ASO,ES,Towers with Radar,1,30,48,0,79,0,178,154,0,332,1,208,202,0,411,264,0,264,675
09/20/2018,VRB,FL,ASO,ES,Towers with Radar,0,27,54,0,81,0,214,141,0,355,0,241,195,0,436,329,0,329,765
09/21/2018,VRB,FL,ASO,ES,Towers with Radar,0,42,57,4,103,0,144,137,0,281,0,186,194,4,384,309,0,309,693
09/22/2018,VRB,FL,ASO,ES,Towers with Radar,0,18,38,1,57,0,100,68,1,169,0,118,106,2,226,221,0,221,447
09/23/2018,VRB,FL,ASO,ES,Towers with Radar,0,31,33,0,64,0,114,79,0,193,0,145,112,0,257,341,0,341,598
09/24/2018,VRB,FL,ASO,ES,Towers with Radar,0,55,65,0,120,0,176,207,0,383,0,231,272,0,503,557,0,557,1060
09/25/2018,VRB,FL,ASO,ES,Towers with Radar,0,45,62,0,107,0,195,180,0,375,0,240,242,0,482,483,0,483,965
09/26/2018,VRB,FL,ASO,ES,Towers with Radar,0,58,51,0,109,0,187,152,0,339,0,245,203,0,448,489,0,489,937
09/27/2018,VRB,FL,ASO,ES,Towers with Radar,0,44,47,0,91,0,232,135,0,367,0,276,182,0,458,360,0,360,818
09/28/2018,VRB,FL,ASO,ES,Towers with Radar,0,51,59,0,110,0,201,122,0,323,0,252,181,0,433,346,0,346,779
09/29/2018,VRB,FL,ASO,ES,Towers with Radar,0,25,32,0,57,0,149,109,0,258,0,174,141,0,315,304,0,304,619
09/30/2018,VRB,FL,ASO,ES,Towers with Radar,0,22,43,0,65,0,107,123,0,230,0,129,166,0,295,207,0,207,502
10/01/2018,VRB,FL,ASO,ES,Towers with Radar,0,46,49,0,95,0,180,130,0,310,0,226,179,0,405,533,0,533,938
10/02/2018,VRB,FL,ASO,ES,Towers with Radar,0,52,61,0,113,0,200,161,0,361,0,252,222,0,474,425,0,425,899
10/03/2018,VRB,FL,ASO,ES,Towers with Radar,0,63,55,0,118,0,196,126,0,322,0,259,181,0,440,322,0,322,762
10/04/2018,VRB,FL,ASO,ES,Towers with Radar,0,59,46,0,105,0,218,152,0,370,0,277,198,0,475,325,0,325,800
10/05/2018,VRB,FL,ASO,ES,Towers with Radar,1,59,48,2,110,0,201,142,0,343,1,260,190,2,453,417,0,417,870
10/06/2018,VRB,FL,ASO,ES,Towers with Radar,0,28,24,0,52,0,132,86,0,218,0,160,110,0,270,428,0,428,698
10/07/2018,VRB,FL,ASO,ES,Towers with Radar,2,16,26,0,44,0,139,95,0,234,2,155,121,0,278,446,0,446,724
10/08/2018,VRB,FL,ASO,ES,Towers with Radar,0,77,53,0,130,0,172,80,0,252,0,249,133,0,382,256,0,256,638
10/09/2018,VRB,FL,ASO,ES,Towers with Radar,1,59,40,0,100,0,157,109,0,266,1,216,149,0,366,230,0,230,596
10/10/2018,VRB,FL,ASO,ES,Towers with Radar,0,47,35,0,82,0,171,102,0,273,0,218,137,0,355,410,0,410,765
10/11/2018,VRB,FL,ASO,ES,Towers with Radar,1,47,38,0,86,0,203,124,0,327,1,250,162,0,413,277,0,277,690
10/12/2018,VRB,FL,ASO,ES,Towers with Radar,3,67,71,0,141,0,165,131,1,297,3,232,202,1,438,396,0,396,834
10/13/2018,VRB,FL,ASO,ES,Towers with Radar,0,24,34,0,58,0,226,87,0,313,0,250,121,0,371,369,0,369,740
10/14/2018,VRB,FL,ASO,ES,Towers with Radar,0,24,51,0,75,0,181,102,0,283,0,205,153,0,358,399,0,399,757
10/15/2018,VRB,FL,ASO,ES,Towers with Radar,0,87,42,0,129,0,227,177,0,404,0,314,219,0,533,506,0,506,1039
10/16/2018,VRB,FL,ASO,ES,Towers with Radar,0,73,66,0,139,0,241,169,1,411,0,314,235,1,550,489,0,489,1039
10/17/2018,VRB,FL,ASO,ES,Towers with Radar,0,61,49,0,110,0,232,159,0,391,0,293,208,0,501,416,0,416,917
10/18/2018,VRB,FL,ASO,ES,Towers with Radar,0,51,37,0,88,0,179,124,0,303,0,230,161,0,391,289,0,289,680
10/19/2018,VRB,FL,ASO,ES,Towers with Radar,0,63,50,0,113,0,210,148,0,358,0,273,198,0,471,445,0,445,916
10/20/2018,VRB,FL,ASO,ES,Towers with Radar,0,28,35,0,63,0,206,134,0,340,0,234,169,0,403,427,0,427,830
10/21/2018,VRB,FL,ASO,ES,Towers with Radar,0,53,41,0,94,0,92,124,0,216,0,145,165,0,310,235,0,235,545
10/22/2018,VRB,FL,ASO,ES,Towers with Radar,0,70,53,0,123,0,197,171,0,368,0,267,224,0,491,256,0,256,747
10/23/2018,VRB,FL,ASO,ES,Towers with Radar,0,71,64,0,135,0,223,175,0,398,0,294,239,0,533,441,0,441,974
10/24/2018,VRB,FL,ASO,ES,Towers with Radar,0,89,60,0,149,0,198,169,0,367,0,287,229,0,516,236,0,236,752
10/25/2018,VRB,FL,ASO,ES,Towers with Radar,6,69,46,0,121,0,136,135,0,271,6,205,181,0,392,370,0,370,762
10/26/2018,VRB,FL,ASO,ES,Towers with Radar,0,74,50,0,124,0,156,99,1,256,0,230,149,1,380,181,0,181,561
10/27/2018,VRB,FL,ASO,ES,Towers with Radar,0,32,49,0,81,0,142,71,0,213,0,174,120,0,294,340,0,340,634
10/28/2018,VRB,FL,ASO,ES,Towers with Radar,0,40,37,0,77,0,122,82,0,204,0,162,119,0,281,153,0,153,434
10/29/2018,VRB,FL,ASO,ES,Towers with Radar,1,89,52,0,142,0,248,186,1,435,1,337,238,1,577,334,0,334,911
10/30/2018,VRB,FL,ASO,ES,Towers with Radar,1,82,46,1,130,0,228,185,0,413,1,310,231,1,543,267,0,267,810
10/31/2018,VRB,FL,ASO,ES,Towers with Radar,0,91,77,1,169,0,169,194,0,363,0,260,271,1,532,384,2,386,918
11/01/2018,VRB,FL,ASO,ES,Towers with Radar,0,76,56,0,132,0,156,191,0,347,0,232,247,0,479,428,0,428,907
11/02/2018,VRB,FL,ASO,ES,Towers with Radar,0,90,46,0,136,0,123,98,0,221,0,213,144,0,357,201,0,201,558
11/03/2018,VRB,FL,ASO,ES,Towers with Radar,1,35,35,0,71,0,81,115,0,196,1,116,150,0,267,283,0,283,550
11/04/2018,VRB,FL,ASO,ES,Towers with Radar,3,38,52,0,93,0,50,55,0,105,3,88,107,0,198,125,0,125,323
11/05/2018,VRB,FL,ASO,ES,Towers with Radar,1,100,60,0,161,0,204,151,0,355,1,304,211,0,516,417,0,417,933
11/06/2018,VRB,FL,ASO,ES,Towers with Radar,1,94,42,0,137,0,176,141,0,317,1,270,183,0,454,431,0,431,885
11/07/2018,VRB,FL,ASO,ES,Towers with Radar,0,94,61,0,155,0,201,175,0,376,0,295,236,0,531,367,0,367,898
11/08/2018,VRB,FL,ASO,ES,Towers with Radar,1,71,66,0,138,0,214,151,0,365,1,285,217,0,503,465,0,465,968
11/09/2018,VRB,FL,ASO,ES,Towers with Radar,1,69,45,0,115,0,210,146,0,356,1,279,191,0,471,466,0,466,937
11/10/2018,VRB,FL,ASO,ES,Towers with Radar,0,23,46,0,69,0,111,88,0,199,0,134,134,0,268,305,0,305,573
11/11/2018,VRB,FL,ASO,ES,Towers with Radar,2,30,46,0,78,0,144,101,5,250,2,174,147,5,328,248,0,248,576
11/12/2018,VRB,FL,ASO,ES,Towers with Radar,3,84,59,0,146,0,133,91,0,224,3,217,150,0,370,278,0,278,648
11/13/2018,VRB,FL,ASO,ES,Towers with Radar,0,72,56,0,128,0,192,129,1,322,0,264,185,1,450,388,0,388,838
11/14/2018,VRB,FL,ASO,ES,Towers with Radar,0,100,55,0,155,0,177,141,0,318,0,277,196,0,473,270,0,270,743
11/15/2018,VRB,FL,ASO,ES,Towers with Radar,0,98,33,0,131,0,79,71,0,150,0,177,104,0,281,345,0,345,626
11/16/2018,VRB,FL,ASO,ES,Towers with Radar,3,60,63,0,126,0,211,148,0,359,3,271,211,0,485,291,0,291,776
11/17/2018,VRB,FL,ASO,ES,Towers with Radar,0,34,59,0,93,0,153,145,0,298,0,187,204,0,391,275,0,275,666
11/18/2018,VRB,FL,ASO,ES,Towers with Radar,3,56,51,0,110,0,176,107,0,283,3,232,158,0,393,355,0,355,748
11/19/2018,VRB,FL,ASO,ES,Towers with Radar,0,86,62,0,148,0,201,157,0,358,0,287,219,0,506,497,0,497,1003
11/20/2018,VRB,FL,ASO,ES,Towers with Radar,0,100,55,0,155,0,202,150,0,352,0,302,205,0,507,333,0,333,840
11/21/2018,VRB,FL,ASO,ES,Towers with Radar,0,49,71,0,120,0,227,139,0,366,0,276,210,0,486,339,0,339,825
11/22/2018,VRB,FL,ASO,ES,Towers with Radar,2,8,13,0,23,0,2,51,0,53,2,10,64,0,76,145,0,145,221
11/23/2018,VRB,FL,ASO,ES,Towers with Radar,2,13,29,0,44,0,6,83,0,89,2,19,112,0,133,48,0,48,181
11/24/2018,VRB,FL,ASO,ES,Towers with Radar,0,49,54,0,103,0,127,92,0,219,0,176,146,0,322,253,0,253,575
11/25/2018,VRB,FL,ASO,ES,Towers with Radar,3,66,97,0,166,0,94,76,0,170,3,160,173,0,336,220,0,220,556
11/26/2018,VRB,FL,ASO,ES,Towers with Radar,2,68,57,4,131,0,191,144,0,335,2,259,201,4,466,246,0,246,712
11/27/2018,VRB,FL,ASO,ES,Towers with Radar,1,69,85,0,155,0,223,173,0,396,1,292,258,0,551,489,0,489,1040
11/28/2018,VRB,FL,ASO,ES,Towers with Radar,0,61,48,0,109,0,197,160,0,357,0,258,208,0,466,500,0,500,966
11/29/2018,VRB,FL,ASO,ES,Towers with Radar,0,64,45,0,109,0,202,168,0,370,0,266,213,0,479,454,0,454,933
11/30/2018,VRB,FL,ASO,ES,Towers with Radar,2,38,53,0,93,0,196,159,0,355,2,234,212,0,448,561,0,561,1009
12/01/2018,VRB,FL,ASO,ES,Towers with Radar,2,26,52,0,80,0,122,118,0,240,2,148,170,0,320,392,0,392,712
12/02/2018,VRB,FL,ASO,ES,Towers with Radar,2,45,52,0,99,0,143,104,0,247,2,188,156,0,346,260,0,260,606
12/03/2018,VRB,FL,ASO,ES,Towers with Radar,3,84,57,1,145,0,128,147,2,277,3,212,204,3,422,150,0,150,572
12/04/2018,VRB,FL,ASO,ES,Towers with Radar,0,110,61,0,171,0,30,67,0,97,0,140,128,0,268,117,0,117,385
12/05/2018,VRB,FL,ASO,ES,Towers with Radar,0,56,73,0,129,0,185,197,0,382,0,241,270,0,511,291,0,291,802
12/06/2018,VRB,FL,ASO,ES,Towers with Radar,4,54,45,0,103,0,194,175,0,369,4,248,220,0,472,334,0,334,806
12/07/2018,VRB,FL,ASO,ES,Towers with Radar,3,47,52,2,104,0,163,153,0,316,3,210,205,2,420,369,0,369,789
12/08/2018,VRB,FL,ASO,ES,Towers with Radar,0,42,30,0,72,0,114,124,0,238,0,156,154,0,310,473,0,473,783
12/09/2018,VRB,FL,ASO,ES,Towers with Radar,1,31,26,0,58,0,44,48,0,92,1,75,74,0,150,121,0,121,271
12/10/2018,VRB,FL,ASO,ES,Towers with Radar,1,93,58,0,152,0,192,135,0,327,1,285,193,0,479,603,0,603,1082
12/11/2018,VRB,FL,ASO,ES,Towers with Radar,0,100,47,0,147,0,204,158,0,362,0,304,205,0,509,468,0,468,977
12/12/2018,VRB,FL,ASO,ES,Towers with Radar,1,80,61,0,142,0,248,162,0,410,1,328,223,0,552,351,0,351,903
12/13/2018,VRB,FL,ASO,ES,Towers with Radar,1,82,62,0,145,0,169,104,0,273,1,251,166,0,418,444,0,444,862
12/14/2018,VRB,FL,ASO,ES,Towers with Radar,0,65,49,0,114,0,119,97,2,218,0,184,146,2,332,408,0,408,740
12/15/2018,VRB,FL,ASO,ES,Towers with Radar,0,73,38,1,112,0,34,38,1,73,0,107,76,2,185,136,0,136,321
12/16/2018,VRB,FL,ASO,ES,Towers with Radar,0,56,40,0,96,0,143,123,0,266,0,199,163,0,362,467,0,467,829
12/17/2018,VRB,FL,ASO,ES,Towers with Radar,0,55,49,0,104,0,224,174,0,398,0,279,223,0,502,479,0,479,981
12/18/2018,VRB,FL,ASO,ES,Towers with Radar,0,55,54,0,109,0,190,149,0,339,0,245,203,0,448,421,0,421,869
12/19/2018,VRB,FL,ASO,ES,Towers with Radar,0,64,72,0,136,0,229,166,0,395,0,293,238,0,531,485,0,485,1016
12/20/2018,VRB,FL,ASO,ES,Towers with Radar,0,14,24,0,38,0,0,13,1,14,0,14,37,1,52,7,0,7,59
12/21/2018,VRB,FL,ASO,ES,Towers with Radar,1,35,33,0,69,0,52,38,1,91,1,87,71,1,160,29,0,29,189
12/22/2018,VRB,FL,ASO,ES,Towers with Radar,0,52,44,0,96,0,181,121,0,302,0,233,165,0,398,441,0,441,839
12/23/2018,VRB,FL,ASO,ES,Towers with Radar,2,26,37,0,65,0,174,118,0,292,2,200,155,0,357,477,0,477,834
12/24/2018,VRB,FL,ASO,ES,Towers with Radar,2,14,15,0,31,0,2,78,0,80,2,16,93,0,111,121,0,121,232
12/25/2018,VRB,FL,ASO,ES,Towers with Radar,0,30,10,0,40,0,0,11,0,11,0,30,21,0,51,7,0,7,58
12/26/2018,VRB,FL,ASO,ES,Towers with Radar,2,102,57,0,161,0,159,114,0,273,2,261,171,0,434,306,0,306,740
12/27/2018,VRB,FL,ASO,ES,Towers with Radar,1,85,52,0,138,0,177,55,0,232,1,262,107,0,370,343,0,343,713
12/28/2018,VRB,FL,ASO,ES,Towers with Radar,2,66,36,0,104,0,169,68,0,237,2,235,104,0,341,399,0,399,740
12/29/2018,VRB,FL,ASO,ES,Towers with Radar,1,70,39,0,110,0,129,110,0,239,1,199,149,0,349,406,0,406,755
12/30/2018,VRB,FL,ASO,ES,Towers with Radar,3,36,30,0,69,0,155,93,0,248,3,191,123,0,317,539,0,539,856
12/31/2018,VRB,FL,ASO,ES,Towers with Radar,4,25,22,0,51,0,10,102,0,112,4,35,124,0,163,226,0,226,389
01/01/2019,VRB,FL,ASO,ES,Towers with Radar,1,25,21,0,47,0,14,61,0,75,1,39,82,0,122,54,0,54,176
01/02/2019,VRB,FL,ASO,ES,Towers with Radar,1,77,62,0,140,0,198,127,0,325,1,275,189,0,465,481,0,481,946
01/03/2019,VRB,FL,ASO,ES,Towers with Radar,2,52,36,0,90,0,185,85,0,270,2,237,121,0,360,498,0,498,858
01/04/2019,VRB,FL,ASO,ES,Towers with Radar,1,54,57,0,112,0,182,90,0,272,1,236,147,0,384,171,0,171,555
01/05/2019,VRB,FL,ASO,ES,Towers with Radar,0,55,61,0,116,0,166,132,1,299,0,221,193,1,415,357,0,357,772
01/06/2019,VRB,FL,ASO,ES,Towers with Radar,2,34,47,0,83,0,177,140,0,317,2,211,187,0,400,309,0,309,709
01/07/2019,VRB,FL,ASO,ES,Towers with Radar,2,73,40,0,115,0,204,163,0,367,2,277,203,0,482,415,0,415,897
01/08/2019,VRB,FL,ASO,ES,Towers with Radar,1,76,52,0,129,0,196,133,1,330,1,272,185,1,459,460,0,460,919
01/09/2019,VRB,FL,ASO,ES,Towers with Radar,0,48,45,2,95,0,276,148,0,424,0,324,193,2,519,402,0,402,921
01/10/2019,VRB,FL,ASO,ES,Towers with Radar,0,75,56,0,131,0,231,152,0,383,0,306,208,0,514,329,0,329,843
01/11/2019,VRB,FL,ASO,ES,Towers with Radar,3,49,52,0,104,0,189,154,0,343,3,238,206,0,447,412,0,412,859
01/12/2019,VRB,FL,ASO,ES,Towers with Radar,0,30,33,0,63,0,172,123,0,295,0,202,156,0,358,580,0,580,938
01/13/2019,VRB,FL,ASO,ES,Towers with Radar,1,31,39,0,71,0,148,95,0,243,1,179,134,0,314,359,0,359,673
01/14/2019,VRB,FL,ASO,ES,Towers with Radar,3,55,43,0,101,0,131,110,0,241,3,186,153,0,342,276,0,276,618
01/15/2019,VRB,FL,ASO,ES,Towers with Radar,0,45,46,0,91,0,237,155,0,392,0,282,201,0,483,457,0,457,940
01/16/2019,VRB,FL,ASO,ES,Towers with Radar,0,59,43,0,102,0,216,130,0,346,0,275,173,0,448,615,0,615,1063
01/17/2019,VRB,FL,ASO,ES,Towers with Radar,0,36,66,0,102,0,228,169,0,397,0,264,235,0,499,556,0,556,1055
01/18/2019,VRB,FL,ASO,ES,Towers with Radar,3,72,81,0,156,0,267,196,0,463,3,339,277,0,619,537,0,537,1156
01/19/2019,VRB,FL,ASO,ES,Towers with Radar,0,49,46,0,95,0,164,149,0,313,0,213,195,0,408,423,0,423,831
01/20/2019,VRB,FL,ASO,ES,Towers with Radar,0,23,33,0,56,0,20,25,0,45,0,43,58,0,101,13,0,13,114
01/21/2019,VRB,FL,ASO,ES,Towers with Radar,2,42,46,0,90,0,195,156,0,351,2,237,202,0,441,262,0,262,703
01/22/2019,VRB,FL,ASO,ES,Towers with Radar,1,75,44,0,120,0,201,163,0,364,1,276,207,0,484,392,0,392,876
01/23/2019,VRB,FL,ASO,ES,Towers with Radar,0,62,47,0,109,0,118,100,0,218,0,180,147,0,327,325,0,325,652
01/24/2019,VRB,FL,ASO,ES,Towers with Radar,0,53,42,0,95,0,49,65,0,114,0,102,107,0,209,192,0,192,401
01/25/2019,VRB,FL,ASO,ES,Towers with Radar,0,49,73,2,124,0,231,225,0,456,0,280,298,2,580,519,0,519,1099
01/26/2019,VRB,FL,ASO,ES,Towers with Radar,0,59,35,0,94,0,119,87,0,206,0,178,122,0,300,212,0,212,512
01/27/2019,VRB,FL,ASO,ES,Towers with Radar,0,18,29,0,47,0,0,0,0,0,0,18,29,0,47,0,0,0,47
01/28/2019,VRB,FL,ASO,ES,Towers with Radar,0,77,86,0,163,0,72,81,0,153,0,149,167,0,316,375,0,375,691
01/29/2019,VRB,FL,ASO,ES,Towers with Radar,3,47,50,0,100,0,255,186,0,441,3,302,236,0,541,590,0,590,1131
01/30/2019,VRB,FL,ASO,ES,Towers with Radar,0,45,71,0,116,0,180,145,0,325,0,225,216,0,441,372,0,372,813
01/31/2019,VRB,FL,ASO,ES,Towers with Radar,0,69,75,0,144,0,172,109,0,281,0,241,184,0,425,215,0,215,640
02/01/2019,VRB,FL,ASO,ES,Towers with Radar,3,76,63,0,142,0,64,51,1,116,3,140,114,1,258,204,0,204,462
02/02/2019,VRB,FL,ASO,ES,Towers with Radar,0,60,48,0,108,0,192,157,0,349,0,252,205,0,457,400,0,400,857
02/03/2019,VRB,FL,ASO,ES,Towers with Radar,1,60,42,0,103,0,117,103,0,220,1,177,145,0,323,407,0,407,730
02/04/2019,VRB,FL,ASO,ES,Towers with Radar,2,68,84,0,154,0,141,123,0,264,2,209,207,0,418,287,0,287,705
02/05/2019,VRB,FL,ASO,ES,Towers with Radar,1,81,62,0,144,0,254,194,0,448,1,335,256,0,592,544,0,544,1136
02/06/2019,VRB,FL,ASO,ES,Towers with Radar,0,66,69,0,135,0,198,183,2,383,0,264,252,2,518,511,0,511,1029
02/07/2019,VRB,FL,ASO,ES,Towers with Radar,2,80,61,0,143,0,239,208,0,447,2,319,269,0,590,549,0,549,1139
02/08/2019,VRB,FL,ASO,ES,Towers with Radar,4,60,43,0,107,0,213,167,0,380,4,273,210,0,487,376,0,376,863
02/09/2019,VRB,FL,ASO,ES,Towers with Radar,0,43,50,0,93,0,164,123,0,287,0,207,173,0,380,251,0,251,631
02/10/2019,VRB,FL,ASO,ES,Towers with Radar,0,75,47,0,122,0,108,61,0,169,0,183,108,0,291,504,0,504,795
02/11/2019,VRB,FL,ASO,ES,Towers with Radar,2,75,56,0,133,0,214,145,0,359,2,289,201,0,492,417,0,417,909
02/12/2019,VRB,FL,ASO,ES,Towers with Radar,0,74,75,0,149,0,188,150,0,338,0,262,225,0,487,405,0,405,892
02/13/2019,VRB,FL,ASO,ES,Towers with Radar,0,46,54,0,100,0,9,17,0,26,0,55,71,0,126,6,0,6,132
02/14/2019,VRB,FL,ASO,ES,Towers with Radar,0,54,47,0,101,0,291,189,1,481,0,345,236,1,582,457,0,457,1039
02/15/2019,VRB,FL,ASO,ES,Towers with Radar,2,39,69,0,110,0,242,204,0,446,2,281,273,0,556,562,0,562,1118
02/16/2019,VRB,FL,ASO,ES,Towers with Radar,0,37,50,0,87,0,194,113,0,307,0,231,163,0,394,299,0,299,693
02/17/2019,VRB,FL,ASO,ES,Towers with Radar,0,42,41,0,83,0,204,142,0,346,0,246,183,0,429,510,0,510,939
02/18/2019,VRB,FL,ASO,ES,Towers with Radar,2,82,73,1,158,0,230,196,0,426,2,312,269,1,584,353,0,353,937
02/19/2019,VRB,FL,ASO,ES,Towers with Radar,0,89,78,0,167,0,203,173,0,376,0,292,251,0,543,472,0,472,1015
02/20/2019,VRB,FL,ASO,ES,Towers with Radar,0,81,68,0,149,0,162,160,0,322,0,243,228,0,471,499,0,499,970
02/21/2019,VRB,FL,ASO,ES,Towers with Radar,0,82,68,4,154,0,232,157,0,389,0,314,225,4,543,557,0,557,1100
02/22/2019,VRB,FL,ASO,ES,Towers with Radar,1,60,82,0,143,0,227,142,0,369,1,287,224,0,512,525,0,525,1037
02/23/2019,VRB,FL,ASO,ES,Towers with Radar,0,31,63,2,96,0,138,103,0,241,0,169,166,2,337,443,0,443,780
02/24/2019,VRB,FL,ASO,ES,Towers with Radar,0,36,70,2,108,0,132,77,0,209,0,168,147,2,317,304,0,304,621
02/25/2019,VRB,FL,ASO,ES,Towers with Radar,3,84,61,1,149,0,226,173,2,401,3,310,234,3,550,246,0,246,796
02/26/2019,VRB,FL,ASO,ES,Towers with Radar,1,81,62,0,144,0,249,185,2,436,1,330,247,2,580,516,0,516,1096
02/27/2019,VRB,FL,ASO,ES,Towers with Radar,0,67,46,0,113,0,189,168,0,357,0,256,214,0,470,515,0,515,985
02/28/2019,VRB,FL,ASO,ES,Towers with Radar,0,96,79,0,175,0,153,119,2,274,0,249,198,2,449,408,0,408,857
03/01/2019,VRB,FL,ASO,ES,Towers with Radar,0,78,62,0,140,0,231,183,0,414,0,309,245,0,554,485,0,485,1039
03/02/2019,VRB,FL,ASO,ES,Towers with Radar,3,49,35,1,88,0,236,178,0,414,3,285,213,1,502,503,0,503,1005
03/03/2019,VRB,FL,ASO,ES,Towers with Radar,0,39,66,0,105,0,133,120,0,253,0,172,186,0,358,322,0,322,680
03/04/2019,VRB,FL,ASO,ES,Towers with Radar,3,67,46,0,116,0,164,115,0,279,3,231,161,0,395,354,0,354,749
03/05/2019,VRB,FL,ASO,ES,Towers with Radar,0,43,90,0,133,0,4,49,0,53,0,47,139,0,186,79,0,79,265
03/06/2019,VRB,FL,ASO,ES,Towers with Radar,0,23,64,0,87,0,7,126,0,133,0,30,190,0,220,83,0,83,303
03/07/2019,VRB,FL,ASO,ES,Towers with Radar,0,53,58,0,111,0,185,216,0,401,0,238,274,0,512,352,0,352,864
03/08/2019,VRB,FL,ASO,ES,Towers with Radar,4,58,71,0,133,0,238,200,0,438,4,296,271,0,571,640,0,640,1211
03/09/2019,VRB,FL,ASO,ES,Towers with Radar,0,54,66,0,120,0,162,119,0,281,0,216,185,0,401,398,0,398,799
03/10/2019,VRB,FL,ASO,ES,Towers with Radar,0,43,58,0,101,0,140,106,0,246,0,183,164,0,347,315,0,315,662
03/11/2019,VRB,FL,ASO,ES,Towers with Radar,4,60,80,0,144,0,246,196,0,442,4,306,276,0,586,453,0,453,1039
03/12/2019,VRB,FL,ASO,ES,Towers with Radar,0,88,90,0,178,0,95,118,0,213,0,183,208,0,391,396,0,396,787
03/13/2019,VRB,FL,ASO,ES,Towers with Radar,0,79,62,0,141,0,226,158,0,384,0,305,220,0,525,439,0,439,964
03/14/2019,VRB,FL,ASO,ES,Towers with Radar,0,86,60,0,146,0,247,188,0,435,0,333,248,0,581,568,0,568,1149
03/15/2019,VRB,FL,ASO,ES,Towers with Radar,4,66,66,0,136,0,186,191,0,377,4,252,257,0,513,427,0,427,940
03/16/2019,VRB,FL,ASO,ES,Towers with Radar,0,64,73,0,137,0,11,17,0,28,0,75,90,0,165,32,0,32,197
03/17/2019,VRB,FL,ASO,ES,Towers with Radar,0,61,69,0,130,0,54,61,0,115,0,115,130,0,245,450,0,450,695
03/18/2019,VRB,FL,ASO,ES,Towers with Radar,1,110,91,0,202,0,95,115,0,210,1,205,206,0,412,237,0,237,649
03/19/2019,VRB,FL,ASO,ES,Towers with Radar,0,12,48,0,60,0,1,22,0,23,0,13,70,0,83,12,0,12,95
03/20/2019,VRB,FL,ASO,ES,Towers with Radar,0,95,85,0,180,0,68,66,2,136,0,163,151,2,316,206,3,209,525
03/21/2019,VRB,FL,ASO,ES,Towers with Radar,1,66,50,0,117,0,277,273,0,550,1,343,323,0,667,525,0,525,1192
03/22/2019,VRB,FL,ASO,ES,Towers with Radar,2,65,66,0,133,0,203,194,0,397,2,268,260,0,530,537,0,537,1067
03/23/2019,VRB,FL,ASO,ES,Towers with Radar,1,68,44,0,113,0,182,168,0,350,1,250,212,0,463,387,0,387,850
03/24/2019,VRB,FL,ASO,ES,Towers with Radar,0,70,45,0,115,0,160,116,0,276,0,230,161,0,391,510,0,510,901
03/25/2019,VRB,FL,ASO,ES,Towers with Radar,2,68,78,0,148,0,262,223,0,485,2,330,301,0,633,722,0,722,1355
03/26/2019,VRB,FL,ASO,ES,Towers with Radar,0,62,84,0,146,0,178,204,0,382,0,240,288,0,528,492,0,492,1020
03/27/2019,VRB,FL,ASO,ES,Towers with Radar,0,20,21,0,41,0,2,20,0,22,0,22,41,0,63,10,0,10,73
03/28/2019,VRB,FL,ASO,ES,Towers with Radar,1,91,43,2,137,0,142,102,0,244,1,233,145,2,381,223,0,223,604
03/29/2019,VRB,FL,ASO,ES,Towers with Radar,3,84,78,0,165,0,173,185,0,358,3,257,263,0,523,222,0,222,745
03/30/2019,VRB,FL,ASO,ES,Towers with Radar,0,64,47,0,111,0,156,129,1,286,0,220,176,1,397,663,0,663,1060
03/31/2019,VRB,FL,ASO,ES,Towers with Radar,0,73,72,0,145,0,186,157,1,344,0,259,229,1,489,611,0,611,1100
04/01/2019,VRB,FL,ASO,ES,Towers with Radar,3,97,58,0,158,0,173,146,0,319,3,270,204,0,477,562,0,562,1039
04/02/2019,VRB,FL,ASO,ES,Towers with Radar,0,50,59,0,109,0,37,48,0,85,0,87,107,0,194,136,0,136,330
04/03/2019,VRB,FL,ASO,ES,Towers with Radar,0,77,61,0,138,0,226,147,0,373,0,303,208,0,511,275,0,275,786
04/04/2019,VRB,FL,ASO,ES,Towers with Radar,3,64,65,0,132,0,231,168,0,399,3,295,233,0,531,551,0,551,1082
04/05/2019,VRB,FL,ASO,ES,Towers with Radar,3,33,44,0,80,0,103,110,1,214,3,136,154,1,294,414,0,414,708
04/06/2019,VRB,FL,ASO,ES,Towers with Radar,1,25,34,0,60,0,139,136,0,275,1,164,170,0,335,476,0,476,811
04/07/2019,VRB,FL,ASO,ES,Towers with Radar,1,45,41,0,87,0,145,107,0,252,1,190,148,0,339,437,0,437,776
04/08/2019,VRB,FL,ASO,ES,Towers with Radar,2,55,69,0,126,0,214,175,0,389,2,269,244,0,515,479,0,479,994
04/09/2019,VRB,FL,ASO,ES,Towers with Radar,0,50,37,0,87,0,84,65,0,149,0,134,102,0,236,241,0,241,477
04/10/2019,VRB,FL,ASO,ES,Towers with Radar,1,65,55,0,121,0,206,167,0,373,1,271,222,0,494,380,0,380,874
04/11/2019,VRB,FL,ASO,ES,Towers with Radar,1,76,73,2,152,0,217,141,0,358,1,293,214,2,510,533,0,533,1043
04/12/2019,VRB,FL,ASO,ES,Towers with Radar,3,49,64,0,116,0,215,181,0,396,3,264,245,0,512,577,0,577,1089
04/13/2019,VRB,FL,ASO,ES,Towers with Radar,1,40,54,0,95,0,144,107,0,251,1,184,161,0,346,361,0,361,707
04/14/2019,VRB,FL,ASO,ES,Towers with Radar,2,43,40,0,85,0,33,42,0,75,2,76,82,0,160,154,0,154,314
04/15/2019,VRB,FL,ASO,ES,Towers with Radar,0,64,76,0,140,0,188,149,0,337,0,252,225,0,477,330,0,330,807
04/16/2019,VRB,FL,ASO,ES,Towers with Radar,0,66,63,0,129,0,214,200,0,414,0,280,263,0,543,232,0,232,775
04/17/2019,VRB,FL,ASO,ES,Towers with Radar,1,61,64,0,126,0,213,162,0,375,1,274,226,0,501,475,0,475,976
04/18/2019,VRB,FL,ASO,ES,Towers with Radar,1,72,91,0,164,0,182,134,0,316,1,254,225,0,480,309,0,309,789
04/19/2019,VRB,FL,ASO,ES,Towers with Radar,2,19,37,0,58,0,18,41,0,59,2,37,78,0,117,93,0,93,210
04/20/2019,VRB,FL,ASO,ES,Towers with Radar,1,50,37,0,88,0,96,100,0,196,1,146,137,0,284,332,0,332,616
04/21/2019,VRB,FL,ASO,ES,Towers with Radar,1,22,38,0,61,0,26,92,0,118,1,48,130,0,179,104,0,104,283
04/22/2019,VRB,FL,ASO,ES,Towers with Radar,3,54,59,0,116,0,209,177,0,386,3,263,236,0,502,334,0,334,836
04/23/2019,VRB,FL,ASO,ES,Towers with Radar,0,61,61,0,122,0,215,164,0,379,0,276,225,0,501,377,0,377,878
04/24/2019,VRB,FL,ASO,ES,Towers with Radar,0,62,62,0,124,0,203,160,0,363,0,265,222,0,487,557,0,557,1044
04/25/2019,VRB,FL,ASO,ES,Towers with Radar,2,64,65,0,131,0,210,159,0,369,2,274,224,0,500,468,0,468,968
04/26/2019,VRB,FL,ASO,ES,Towers with Radar,2,43,39,4,88,0,55,90,0,145,2,98,129,4,233,154,0,154,387
04/27/2019,VRB,FL,ASO,ES,Towers with Radar,0,16,43,0,59,0,115,137,0,252,0,131,180,0,311,174,0,174,485
04/28/2019,VRB,FL,ASO,ES,Towers with Radar,2,18,39,0,59,0,122,111,0,233,2,140,150,0,292,271,0,271,563
04/29/2019,VRB,FL,ASO,ES,Towers with Radar,3,35,58,0,96,0,230,177,0,407,3,265,235,0,503,447,0,447,950
04/30/2019,VRB,FL,ASO,ES,Towers with Radar,0,60,44,0,104,0,187,123,0,310,0,247,167,0,414,393,0,393,807
05/01/2019,VRB,FL,ASO,ES,Towers with Radar,0,37,47,2,86,0,109,112,0,221,0,146,159,2,307,188,10,198,505
05/02/2019,VRB,FL,ASO,ES,Towers with Radar,0,83,59,0,142,0,104,86,0,190,0,187,145,0,332,442,0,442,774
05/03/2019,VRB,FL,ASO,ES,Towers with Radar,0,46,36,0,82,0,30,68,0,98,0,76,104,0,180,255,0,255,435
05/04/2019,VRB,FL,ASO,ES,Towers with Radar,0,22,26,0,48,0,33,47,0,80,0,55,73,0,128,164,0,164,292
05/05/2019,VRB,FL,ASO,ES,Towers with Radar,3,29,17,0,49,0,33,61,0,94,3,62,78,0,143,94,0,94,237
05/06/2019,VRB,FL,ASO,ES,Towers with Radar,2,35,18,0,55,0,130,107,0,237,2,165,125,0,292,124,0,124,416
05/07/2019,VRB,FL,ASO,ES,Towers with Radar,1,39,19,0,59,0,206,157,0,363,1,245,176,0,422,401,0,401,823
05/08/2019,VRB,FL,ASO,ES,Towers with Radar,1,51,42,1,95,0,216,145,0,361,1,267,187,1,456,374,0,374,830
05/09/2019,VRB,FL,ASO,ES,Towers with Radar,2,25,46,2,75,0,207,128,0,335,2,232,174,2,410,500,0,500,910
05/10/2019,VRB,FL,ASO,ES,Towers with Radar,3,49,59,0,111,0,199,146,0,345,3,248,205,0,456,420,0,420,876
05/11/2019,VRB,FL,ASO,ES,Towers with Radar,1,22,36,0,59,0,95,113,0,208,1,117,149,0,267,345,0,345,612
05/12/2019,VRB,FL,ASO,ES,Towers with Radar,2,14,27,0,43,0,72,69,0,141,2,86,96,0,184,238,0,238,422
05/13/2019,VRB,FL,ASO,ES,Towers with Radar,3,37,59,0,99,0,90,84,0,174,3,127,143,0,273,110,0,110,383
05/14/2019,VRB,FL,ASO,ES,Towers with Radar,0,44,48,0,92,0,168,154,0,322,0,212,202,0,414,342,0,342,756
05/15/2019,VRB,FL,ASO,ES,Towers with Radar,0,66,62,0,128,0,200,161,0,361,0,266,223,0,489,436,0,436,925
05/16/2019,VRB,FL,ASO,ES,Towers with Radar,0,42,54,0,96,0,258,193,0,451,0,300,247,0,547,465,0,465,1012
05/17/2019,VRB,FL,ASO,ES,Towers with Radar,0,34,46,0,80,0,231,194,0,425,0,265,240,0,505,526,0,526,1031
05/18/2019,VRB,FL,ASO,ES,Towers with Radar,0,45,42,0,87,0,146,146,0,292,0,191,188,0,379,424,0,424,803
05/19/2019,VRB,FL,ASO,ES,Towers with Radar,0,28,33,0,61,0,91,141,0,232,0,119,174,0,293,292,0,292,585
05/20/2019,VRB,FL,ASO,ES,Towers with Radar,2,46,37,1,86,0,218,127,0,345,2,264,164,1,431,365,0,365,796
05/21/2019,VRB,FL,ASO,ES,Towers with Radar,0,42,44,0,86,0,231,147,0,378,0,273,191,0,464,203,0,203,667
05/22/2019,VRB,FL,ASO,ES,Towers with Radar,0,27,45,0,72,0,193,147,0,340,0,220,192,0,412,245,0,245,657
05/23/2019,VRB,FL,ASO,ES,Towers with Radar,0,38,69,2,109,0,183,123,0,306,0,221,192,2,415,164,0,164,579
05/24/2019,VRB,FL,ASO,ES,Towers with Radar,0,28,59,0,87,0,217,149,0,366,0,245,208,0,453,349,0,349,802
05/25/2019,VRB,FL,ASO,ES,Towers with Radar,1,19,25,0,45,0,116,95,0,211,1,135,120,0,256,376,0,376,632
05/26/2019,VRB,FL,ASO,ES,Towers with Radar,3,20,23,0,46,0,67,86,0,153,3,87,109,0,199,214,0,214,413
05/27/2019,VRB,FL,ASO,ES,Towers with Radar,0,25,43,0,68,0,26,109,0,135,0,51,152,0,203,96,0,96,299
05/28/2019,VRB,FL,ASO,ES,Towers with Radar,0,32,44,4,80,0,217,170,0,387,0,249,214,4,467,142,0,142,609
05/29/2019,VRB,FL,ASO,ES,Towers with Radar,0,49,58,0,107,0,163,140,0,303,0,212,198,0,410,297,0,297,707
05/30/2019,VRB,FL,ASO,ES,Towers with Radar,4,64,34,0,102,0,208,108,0,316,4,272,142,0,418,351,0,351,769
05/31/2019,VRB,FL,ASO,ES,Towers with Radar,2,78,29,0,109,0,175,120,0,295,2,253,149,0,404,368,0,368,772
06/01/2019,VRB,FL,ASO,ES,Towers with Radar,0,47,26,0,73,0,89,85,0,174,0,136,111,0,247,257,0,257,504
06/02/2019,VRB,FL,ASO,ES,Towers with Radar,2,25,21,0,48,0,33,63,0,96,2,58,84,0,144,239,0,239,383
06/03/2019,VRB,FL,ASO,ES,Towers with Radar,0,70,48,0,118,0,165,79,0,244,0,235,127,0,362,289,0,289,651
06/04/2019,VRB,FL,ASO,ES,Towers with Radar,0,69,34,0,103,0,161,117,1,279,0,230,151,1,382,219,0,219,601
06/05/2019,VRB,FL,ASO,ES,Towers with Radar,1,79,28,0,108,0,232,143,0,375,1,311,171,0,483,157,0,157,640
06/06/2019,VRB,FL,ASO,ES,Towers with Radar,0,76,48,0,124,0,209,132,0,341,0,285,180,0,465,533,0,533,998
06/07/2019,VRB,FL,ASO,ES,Towers with Radar,2,82,38,0,122,0,168,94,1,263,2,250,132,1,385,232,0,232,617
06/08/2019,VRB,FL,ASO,ES,Towers with Radar,1,26,31,0,58,0,60,62,0,122,1,86,93,0,180,196,0,196,376
06/09/2019,VRB,FL,ASO,ES,Towers with Radar,1,19,14,0,34,0,57,64,0,121,1,76,78,0,155,144,0,144,299
06/10/2019,VRB,FL,ASO,ES,Towers with Radar,1,50,45,0,96,0,129,104,0,233,1,179,149,0,329,162,0,162,491
06/11/2019,VRB,FL,ASO,ES,Towers with Radar,0,89,41,0,130,0,151,114,0,265,0,240,155,0,395,156,0,156,551
06/12/2019,VRB,FL,ASO,ES,Towers with Radar,0,81,20,0,101,0,167,138,0,305,0,248,158,0,406,177,0,177,583
06/13/2019,VRB,FL,ASO,ES,Towers with Radar,1,49,34,0,84,0,140,116,0,256,1,189,150,0,340,314,0,314,654
06/14/2019,VRB,FL,ASO,ES,Towers with Radar,0,89,29,0,118,0,204,156,0,360,0,293,185,0,478,415,0,415,893
06/15/2019,VRB,FL,ASO,ES,Towers with Radar,0,42,17,0,59,0,135,96,0,231,0,177,113,0,290,449,0,449,739
06/16/2019,VRB,FL,ASO,ES,Towers with Radar,0,20,24,0,44,0,22,40,0,62,0,42,64,0,106,256,0,256,362
06/17/2019,VRB,FL,ASO,ES,Towers with Radar,0,65,25,0,90,0,104,69,0,173,0,169,94,0,263,276,0,276,539
06/18/2019,VRB,FL,ASO,ES,Towers with Radar,0,56,33,0,89,0,220,131,0,351,0,276,164,0,440,205,0,205,645
06/19/2019,VRB,FL,ASO,ES,Towers with Radar,0,58,15,0,73,0,192,108,0,300,0,250,123,0,373,197,0,197,570
06/20/2019,VRB,FL,ASO,ES,Towers with Radar,0,74,36,0,110,0,224,115,0,339,0,298,151,0,449,368,0,368,817
06/21/2019,VRB,FL,ASO,ES,Towers with Radar,0,78,29,0,107,0,244,141,0,385,0,322,170,0,492,584,0,584,1076
06/22/2019,VRB,FL,ASO,ES,Towers with Radar,0,61,17,0,78,0,188,66,0,254,0,249,83,0,332,504,0,504,836
06/23/2019,VRB,FL,ASO,ES,Towers with Radar,0,38,24,0,62,0,158,83,0,241,0,196,107,0,303,368,0,368,671
06/24/2019,VRB,FL,ASO,ES,Towers with Radar,0,55,29,0,84,0,218,141,0,359,0,273,170,0,443,305,0,305,748
06/25/2019,VRB,FL,ASO,ES,Towers with Radar,0,49,26,0,75,0,263,148,0,411,0,312,174,0,486,371,0,371,857
06/26/2019,VRB,FL,ASO,ES,Towers with Radar,0,47,44,0,91,0,196,155,0,351,0,243,199,0,442,347,0,347,789
06/27/2019,VRB,FL,ASO,ES,Towers with Radar,3,62,22,4,91,0,244,142,2,388,3,306,164,6,479,276,0,276,755
06/28/2019,VRB,FL,ASO,ES,Towers with Radar,2,32,29,0,63,0,107,109,0,216,2,139,138,0,279,325,0,325,604
06/29/2019,VRB,FL,ASO,ES,Towers with Radar,1,23,17,0,41,0,33,42,1,76,1,56,59,1,117,216,0,216,333
06/30/2019,VRB,FL,ASO,ES,Towers with Radar,0,32,23,0,55,0,122,51,0,173,0,154,74,0,228,264,0,264,492
07/01/2019,VRB,FL,ASO,ES,Towers with Radar,0,43,33,0,76,0,227,120,0,347,0,270,153,0,423,353,0,353,776
07/02/2019,VRB,FL,ASO,ES,Towers with Radar,0,58,34,0,92,0,211,112,0,323,0,269,146,0,415,386,0,386,801
07/03/2019,VRB,FL,ASO,ES,Towers with Radar,0,71,38,0,109,0,171,125,0,296,0,242,163,0,405,350,0,350,755
07/04/2019,VRB,FL,ASO,ES,Towers with Radar,0,7,12,0,19,0,4,86,0,90,0,11,98,0,109,81,0,81,190
07/05/2019,VRB,FL,ASO,ES,Towers with Radar,0,2,29,0,31,0,0,87,0,87,0,2,116,0,118,73,0,73,191
07/06/2019,VRB,FL,ASO,ES,Towers with Radar,0,38,31,0,69,0,63,67,0,130,0,101,98,0,199,155,0,155,354
07/07/2019,VRB,FL,ASO,ES,Towers with Radar,0,21,32,0,53,0,70,78,0,148,0,91,110,0,201,136,0,136,337
07/08/2019,VRB,FL,ASO,ES,Towers with Radar,0,58,31,2,91,0,121,89,0,210,0,179,120,2,301,137,0,137,438
07/09/2019,VRB,FL,ASO,ES,Towers with Radar,0,43,32,1,76,0,111,104,2,217,0,154,136,3,293,187,0,187,480
07/10/2019,VRB,FL,ASO,ES,Towers with Radar,0,84,29,4,117,0,227,180,0,407,0,311,209,4,524,382,0,382,906
07/11/2019,VRB,FL,ASO,ES,Towers with Radar,0,67,27,2,96,0,157,142,0,299,0,224,169,2,395,368,0,368,763
07/12/2019,VRB,FL,ASO,ES,Towers with Radar,2,52,38,0,92,0,212,137,1,350,2,264,175,1,442,424,0,424,866
07/13/2019,VRB,FL,ASO,ES,Towers with Radar,0,36,31,0,67,0,174,97,0,271,0,210,128,0,338,286,0,286,624
07/14/2019,VRB,FL,ASO,ES,Towers with Radar,2,28,23,0,53,0,103,93,0,196,2,131,116,0,249,188,0,188,437
07/15/2019,VRB,FL,ASO,ES,Towers with Radar,0,41,29,0,70,0,215,155,0,370,0,256,184,0,440,368,0,368,808
07/16/2019,VRB,FL,ASO,ES,Towers with Radar,0,65,26,0,91,0,240,139,2,381,0,305,165,2,472,433,0,433,905
07/17/2019,VRB,FL,ASO,ES,Towers with Radar,0,67,36,0,103,0,181,141,0,322,0,248,177,0,425,351,0,351,776
07/18/2019,VRB,FL,ASO,ES,Towers with Radar,0,50,40,2,92,0,148,119,0,267,0,198,159,2,359,427,0,427,786
07/19/2019,VRB,FL,ASO,ES,Towers with Radar,1,44,33,0,78,0,154,94,0,248,1,198,127,0,326,307,0,307,633
07/20/2019,VRB,FL,ASO,ES,Towers with Radar,0,40,23,0,63,0,91,78,0,169,0,131,101,0,232,174,0,174,406
07/21/2019,VRB,FL,ASO,ES,Towers with Radar,4,15,38,0,57,0,100,73,0,173,4,115,111,0,230,313,0,313,543
07/22/2019,VRB,FL,ASO,ES,Towers with Radar,2,45,35,0,82,0,226,109,0,335,2,271,144,0,417,298,0,298,715
07/23/2019,VRB,FL,ASO,ES,Towers with Radar,2,61,39,0,102,0,173,108,0,281,2,234,147,0,383,316,0,316,699
07/24/2019,VRB,FL,ASO,ES,Towers with Radar,0,41,37,0,78,0,162,105,0,267,0,203,142,0,345,171,0,171,516
07/25/2019,VRB,FL,ASO,ES,Towers with Radar,3,42,42,2,89,0,154,126,0,280,3,196,168,2,369,367,0,367,736
07/26/2019,VRB,FL,ASO,ES,Towers with Radar,2,36,37,0,75,0,158,146,0,304,2,194,183,0,379,317,0,317,696
07/27/2019,VRB,FL,ASO,ES,Towers with Radar,0,43,26,0,69,0,91,107,0,198,0,134,133,0,267,306,0,306,573
07/28/2019,VRB,FL,ASO,ES,Towers with Radar,4,9,29,0,42,0,102,84,0,186,4,111,113,0,228,254,0,254,482
07/29/2019,VRB,FL,ASO,ES,Towers with Radar,1,61,30,0,92,0,199,138,2,339,1,260,168,2,431,362,0,362,793
07/30/2019,VRB,FL,ASO,ES,Towers with Radar,0,42,27,0,69,0,189,122,0,311,0,231,149,0,380,286,0,286,666
07/31/2019,VRB,FL,ASO,ES,Towers with Radar,0,47,39,0,86,0,211,146,0,357,0,258,185,0,443,580,0,580,1023
08/01/2019,VRB,FL,ASO,ES,Towers with Radar,4,45,21,0,70,0,80,82,0,162,4,125,103,0,232,235,0,235,467
08/02/2019,VRB,FL,ASO,ES,Towers with Radar,2,35,36,0,73,0,45,71,0,116,2,80,107,0,189,154,0,154,343
08/03/2019,VRB,FL,ASO,ES,Towers with Radar,0,32,25,0,57,0,72,56,0,128,0,104,81,0,185,243,0,243,428
08/04/2019,VRB,FL,ASO,ES,Towers with Radar,4,19,25,0,48,0,68,56,0,124,4,87,81,0,172,92,0,92,264
08/05/2019,VRB,FL,ASO,ES,Towers with Radar,2,54,27,2,85,0,122,89,0,211,2,176,116,2,296,151,0,151,447
08/06/2019,VRB,FL,ASO,ES,Towers with Radar,1,59,38,0,98,0,173,99,0,272,1,232,137,0,370,244,0,244,614
08/07/2019,VRB,FL,ASO,ES,Towers with Radar,0,53,29,0,82,0,149,100,0,249,0,202,129,0,331,257,0,257,588
08/08/2019,VRB,FL,ASO,ES,Towers with Radar,6,47,35,0,88,0,179,121,0,300,6,226,156,0,388,361,0,361,749
08/09/2019,VRB,FL,ASO,ES,Towers with Radar,2,103,27,0,132,0,176,120,0,296,2,279,147,0,428,303,0,303,731
08/10/2019,VRB,FL,ASO,ES,Towers with Radar,0,66,39,0,105,0,142,88,0,230,0,208,127,0,335,360,0,360,695
08/11/2019,VRB,FL,ASO,ES,Towers with Radar,0,21,27,0,48,0,75,71,0,146,0,96,98,0,194,207,0,207,401
08/12/2019,VRB,FL,ASO,ES,Towers with Radar,0,68,26,0,94,0,63,53,0,116,0,131,79,0,210,98,0,98,308
08/13/2019,VRB,FL,ASO,ES,Towers with Radar,0,62,37,0,99,0,127,112,0,239,0,189,149,0,338,179,0,179,517
08/14/2019,VRB,FL,ASO,ES,Towers with Radar,1,61,40,0,102,0,151,116,0,267,1,212,156,0,369,269,0,269,638
08/15/2019,VRB,FL,ASO,ES,Towers with Radar,0,44,30,0,74,0,149,128,0,277,0,193,158,0,351,243,0,243,594
08/16/2019,VRB,FL,ASO,ES,Towers with Radar,0,74,50,0,124,0,180,140,0,320,0,254,190,0,444,228,0,228,672
08/17/2019,VRB,FL,ASO,ES,Towers with Radar,0,39,35,0,74,0,132,98,0,230,0,171,133,0,304,260,0,260,564
08/18/2019,VRB,FL,ASO,ES,Towers with Radar,0,42,53,0,95,0,147,95,0,242,0,189,148,0,337,132,0,132,469
08/19/2019,VRB,FL,ASO,ES,Towers with Radar,0,76,73,0,149,0,190,125,0,315,0,266,198,0,464,284,0,284,748
08/20/2019,VRB,FL,ASO,ES,Towers with Radar,0,72,35,0,107,0,231,151,0,382,0,303,186,0,489,363,0,363,852
08/21/2019,VRB,FL,ASO,ES,Towers with Radar,0,67,50,4,121,0,207,157,0,364,0,274,207,4,485,309,0,309,794
08/22/2019,VRB,FL,ASO,ES,Towers with Radar,0,78,44,2,124,0,185,120,0,305,0,263,164,2,429,295,0,295,724
08/23/2019,VRB,FL,ASO,ES,Towers with Radar,0,64,54,0,118,0,153,108,0,261,0,217,162,0,379,326,0,326,705
08/24/2019,VRB,FL,ASO,ES,Towers with Radar,0,31,43,0,74,0,72,69,0,141,0,103,112,0,215,260,0,260,475
08/25/2019,VRB,FL,ASO,ES,Towers with Radar,0,17,39,0,56,0,60,64,0,124,0,77,103,0,180,214,0,214,394
08/26/2019,VRB,FL,ASO,ES,Towers with Radar,0,62,41,0,103,0,182,106,2,290,0,244,147,2,393,398,0,398,791
08/27/2019,VRB,FL,ASO,ES,Towers with Radar,0,49,34,0,83,0,191,118,0,309,0,240,152,0,392,358,0,358,750
08/28/2019,VRB,FL,ASO,ES,Towers with Radar,0,73,56,4,133,0,149,106,0,255,0,222,162,4,388,302,0,302,690
08/29/2019,VRB,FL,ASO,ES,Towers with Radar,0,79,39,0,118,0,125,126,1,252,0,204,165,1,370,244,0,244,614
08/30/2019,VRB,FL,ASO,ES,Towers with Radar,0,24,28,0,52,0,60,36,0,96,0,84,64,0,148,9,0,9,157
08/31/2019,VRB,FL,ASO,ES,Towers with Radar,0,21,19,0,40,0,2,17,0,19,0,23,36,0,59,1,0,1,60
09/01/2019,VRB,FL,ASO,ES,Towers with Radar,0,2,6,0,8,0,0,17,0,17,0,2,23,0,25,0,0,0,25
09/02/2019,VRB,FL,ASO,ES,Towers with Radar,0,0,0,0,0,0,0,0,0,0,0,0,0,0,0,0,0,0,0
09/03/2019,VRB,FL,ASO,ES,Towers with Radar,0,0,0,0,0,0,0,0,0,0,0,0,0,0,0,0,0,0,0
09/04/2019,VRB,FL,ASO,ES,Towers with Radar,0,2,22,0,24,0,1,8,0,9,0,3,30,0,33,1,1,2,35
09/05/2019,VRB,FL,ASO,ES,Towers with Radar,0,21,13,0,34,0,10,55,0,65,0,31,68,0,99,18,0,18,117
09/06/2019,VRB,FL,ASO,ES,Towers with Radar,0,16,21,0,37,0,61,42,0,103,0,77,63,0,140,4,0,4,144
09/07/2019,VRB,FL,ASO,ES,Towers with Radar,0,51,16,0,67,0,168,59,0,227,0,219,75,0,294,275,0,275,569
09/08/2019,VRB,FL,ASO,ES,Towers with Radar,0,37,21,0,58,0,164,61,0,225,0,201,82,0,283,199,0,199,482
09/09/2019,VRB,FL,ASO,ES,Towers with Radar,0,67,35,0,102,0,246,110,0,356,0,313,145,0,458,563,0,563,1021
09/10/2019,VRB,FL,ASO,ES,Towers with Radar,0,86,51,0,137,0,212,118,0,330,0,298,169,0,467,448,0,448,915
09/11/2019,VRB,FL,ASO,ES,Towers with Radar,0,98,32,0,130,0,166,117,0,283,0,264,149,0,413,365,0,365,778
09/12/2019,VRB,FL,ASO,ES,Towers with Radar,1,58,47,0,106,0,151,76,0,227,1,209,123,0,333,207,0,207,540
09/13/2019,VRB,FL,ASO,ES,Towers with Radar,0,45,36,1,82,0,22,64,0,86,0,67,100,1,168,123,0,123,291
09/14/2019,VRB,FL,ASO,ES,Towers with Radar,0,2,15,0,17,0,1,13,0,14,0,3,28,0,31,21,0,21,52
09/15/2019,VRB,FL,ASO,ES,Towers with Radar,0,9,29,0,38,0,2,29,0,31,0,11,58,0,69,84,0,84,153
09/16/2019,VRB,FL,ASO,ES,Towers with Radar,3,90,33,3,129,0,212,128,0,340,3,302,161,3,469,290,0,290,759
09/17/2019,VRB,FL,ASO,ES,Towers with Radar,0,120,43,0,163,0,208,135,0,343,0,328,178,0,506,327,0,327,833
09/18/2019,VRB,FL,ASO,ES,Towers with Radar,1,76,43,0,120,0,202,180,0,382,1,278,223,0,502,209,0,209,711
09/19/2019,VRB,FL,ASO,ES,Towers with Radar,0,85,29,0,114,0,168,118,0,286,0,253,147,0,400,162,0,162,562
09/20/2019,VRB,FL,ASO,ES,Towers with Radar,0,79,31,0,110,0,62,59,0,121,0,141,90,0,231,152,0,152,383
09/21/2019,VRB,FL,ASO,ES,Towers with Radar,0,37,40,0,77,0,82,62,0,144,0,119,102,0,221,146,0,146,367
09/22/2019,VRB,FL,ASO,ES,Towers with Radar,0,30,24,0,54,0,92,45,0,137,0,122,69,0,191,210,0,210,401
09/23/2019,VRB,FL,ASO,ES,Towers with Radar,0,108,38,0,146,0,204,109,0,313,0,312,147,0,459,197,0,197,656
09/24/2019,VRB,FL,ASO,ES,Towers with Radar,0,87,52,0,139,0,226,160,0,386,0,313,212,0,525,434,0,434,959
09/25/2019,VRB,FL,ASO,ES,Towers with Radar,0,83,36,0,119,0,226,154,0,380,0,309,190,0,499,440,0,440,939
09/26/2019,VRB,FL,ASO,ES,Towers with Radar,0,97,55,2,154,0,249,158,0,407,0,346,213,2,561,456,0,456,1017
09/27/2019,VRB,FL,ASO,ES,Towers with Radar,2,84,47,3,136,0,217,162,0,379,2,301,209,3,515,391,0,391,906
09/28/2019,VRB,FL,ASO,ES,Towers with Radar,1,27,25,0,53,0,189,128,0,317,1,216,153,0,370,434,0,434,804
09/29/2019,VRB,FL,ASO,ES,Towers with Radar,0,13,24,0,37,0,109,67,0,176,0,122,91,0,213,187,0,187,400
09/30/2019,VRB,FL,ASO,ES,Towers with Radar,0,96,49,0,145,0,176,128,0,304,0,272,177,0,449,188,0,188,637
10/01/2019,VRB,FL,ASO,ES,Towers with Radar,0,78,38,0,116,0,195,109,0,304,0,273,147,0,420,204,0,204,624
10/02/2019,VRB,FL,ASO,ES,Towers with Radar,4,74,29,2,109,18,202,122,0,342,22,276,151,2,451,440,0,440,891
10/03/2019,VRB,FL,ASO,ES,Towers with Radar,0,76,36,0,112,0,217,146,0,363,0,293,182,0,475,527,0,527,1002
10/04/2019,VRB,FL,ASO,ES,Towers with Radar,0,72,47,0,119,0,223,129,0,352,0,295,176,0,471,563,0,563,1034
10/05/2019,VRB,FL,ASO,ES,Towers with Radar,0,29,29,1,59,0,144,106,0,250,0,173,135,1,309,580,0,580,889
10/06/2019,VRB,FL,ASO,ES,Towers with Radar,0,18,27,0,45,0,2,44,0,46,0,20,71,0,91,13,0,13,104
10/07/2019,VRB,FL,ASO,ES,Towers with Radar,0,75,43,0,118,0,63,41,0,104,0,138,84,0,222,285,0,285,507
10/08/2019,VRB,FL,ASO,ES,Towers with Radar,0,66,77,0,143,0,63,66,0,129,0,129,143,0,272,287,0,287,559
10/09/2019,VRB,FL,ASO,ES,Towers with Radar,0,80,32,0,112,0,89,79,0,168,0,169,111,0,280,300,0,300,580
10/10/2019,VRB,FL,ASO,ES,Towers with Radar,0,117,51,0,168,0,133,101,0,234,0,250,152,0,402,320,0,320,722
10/11/2019,VRB,FL,ASO,ES,Towers with Radar,0,101,57,0,158,0,221,88,0,309,0,322,145,0,467,257,0,257,724
10/12/2019,VRB,FL,ASO,ES,Towers with Radar,0,60,39,0,99,0,194,131,0,325,0,254,170,0,424,569,0,569,993
10/13/2019,VRB,FL,ASO,ES,Towers with Radar,0,10,40,1,51,0,5,80,0,85,0,15,120,1,136,124,0,124,260
10/14/2019,VRB,FL,ASO,ES,Towers with Radar,0,90,52,1,143,0,272,161,0,433,0,362,213,1,576,753,0,753,1329
10/15/2019,VRB,FL,ASO,ES,Towers with Radar,0,97,60,0,157,0,284,208,0,492,0,381,268,0,649,551,0,551,1200
10/16/2019,VRB,FL,ASO,ES,Towers with Radar,0,114,56,0,170,22,151,137,0,310,22,265,193,0,480,299,0,299,779
10/17/2019,VRB,FL,ASO,ES,Towers with Radar,0,97,55,0,152,0,194,159,0,353,0,291,214,0,505,495,0,495,1000
10/18/2019,VRB,FL,ASO,ES,Towers with Radar,0,90,63,0,153,0,162,141,0,303,0,252,204,0,456,536,0,536,992
10/19/2019,VRB,FL,ASO,ES,Towers with Radar,0,12,12,0,24,0,0,18,0,18,0,12,30,0,42,7,0,7,49
10/20/2019,VRB,FL,ASO,ES,Towers with Radar,0,19,38,0,57,0,0,84,0,84,0,19,122,0,141,105,0,105,246
10/21/2019,VRB,FL,ASO,ES,Towers with Radar,0,90,52,5,147,0,237,174,1,412,0,327,226,6,559,425,0,425,984
10/22/2019,VRB,FL,ASO,ES,Towers with Radar,0,96,51,0,147,0,239,181,0,420,0,335,232,0,567,520,0,520,1087
10/23/2019,VRB,FL,ASO,ES,Towers with Radar,1,82,56,0,139,0,138,129,0,267,1,220,185,0,406,153,0,153,559
10/24/2019,VRB,FL,ASO,ES,Towers with Radar,2,106,61,0,169,0,168,105,0,273,2,274,166,0,442,318,0,318,760
10/25/2019,VRB,FL,ASO,ES,Towers with Radar,2,75,55,2,134,0,112,67,0,179,2,187,122,2,313,256,0,256,569
10/26/2019,VRB,FL,ASO,ES,Towers with Radar,1,28,25,0,54,0,50,48,0,98,1,78,73,0,152,205,0,205,357
10/27/2019,VRB,FL,ASO,ES,Towers with Radar,0,26,49,0,75,0,8,72,0,80,0,34,121,0,155,32,0,32,187
10/28/2019,VRB,FL,ASO,ES,Towers with Radar,0,103,66,0,169,0,241,178,0,419,0,344,244,0,588,645,0,645,1233
10/29/2019,VRB,FL,ASO,ES,Towers with Radar,0,95,49,0,144,0,258,192,0,450,0,353,241,0,594,645,0,645,1239
10/30/2019,VRB,FL,ASO,ES,Towers with Radar,0,48,78,0,126,0,230,182,0,412,0,278,260,0,538,515,0,515,1053
10/31/2019,VRB,FL,ASO,ES,Towers with Radar,0,90,62,0,152,0,238,131,0,369,0,328,193,0,521,493,0,493,1014
11/01/2019,VRB,FL,ASO,ES,Towers with Radar,0,111,60,0,171,0,55,64,0,119,0,166,124,0,290,142,0,142,432
11/02/2019,VRB,FL,ASO,ES,Towers with Radar,0,62,37,0,99,0,124,80,0,204,0,186,117,0,303,402,0,402,705
11/03/2019,VRB,FL,ASO,ES,Towers with Radar,0,33,28,0,61,0,2,22,0,24,0,35,50,0,85,40,0,40,125
11/04/2019,VRB,FL,ASO,ES,Towers with Radar,0,125,33,0,158,0,118,105,0,223,0,243,138,0,381,430,0,430,811
11/05/2019,VRB,FL,ASO,ES,Towers with Radar,0,102,58,0,160,0,233,165,0,398,0,335,223,0,558,418,0,418,976
11/06/2019,VRB,FL,ASO,ES,Towers with Radar,0,101,76,0,177,0,175,149,0,324,0,276,225,0,501,503,0,503,1004
11/07/2019,VRB,FL,ASO,ES,Towers with Radar,0,93,59,0,152,0,267,186,0,453,0,360,245,0,605,445,0,445,1050
11/08/2019,VRB,FL,ASO,ES,Towers with Radar,0,84,40,0,124,0,170,134,0,304,0,254,174,0,428,389,0,389,817
11/09/2019,VRB,FL,ASO,ES,Towers with Radar,0,27,24,0,51,0,49,25,0,74,0,76,49,0,125,111,0,111,236
11/10/2019,VRB,FL,ASO,ES,Towers with Radar,1,22,40,0,63,0,22,92,0,114,1,44,132,0,177,93,0,93,270
11/11/2019,VRB,FL,ASO,ES,Towers with Radar,2,103,49,2,156,0,284,186,0,470,2,387,235,2,626,529,0,529,1155
11/12/2019,VRB,FL,ASO,ES,Towers with Radar,0,102,46,0,148,0,238,212,0,450,0,340,258,0,598,526,0,526,1124
11/13/2019,VRB,FL,ASO,ES,Towers with Radar,0,84,61,0,145,0,8,12,0,20,0,92,73,0,165,97,0,97,262
11/14/2019,VRB,FL,ASO,ES,Towers with Radar,1,77,53,2,133,0,150,105,0,255,1,227,158,2,388,266,0,266,654
11/15/2019,VRB,FL,ASO,ES,Towers with Radar,2,118,72,0,192,0,119,134,0,253,2,237,206,0,445,367,0,367,812
11/16/2019,VRB,FL,ASO,ES,Towers with Radar,0,50,47,0,97,0,136,95,0,231,0,186,142,0,328,356,0,356,684
11/17/2019,VRB,FL,ASO,ES,Towers with Radar,1,18,73,0,92,0,0,2,0,2,1,18,75,0,94,2,0,2,96
11/18/2019,VRB,FL,ASO,ES,Towers with Radar,2,98,46,0,146,0,173,141,0,314,2,271,187,0,460,349,0,349,809
11/19/2019,VRB,FL,ASO,ES,Towers with Radar,0,96,31,0,127,0,239,195,0,434,0,335,226,0,561,529,0,529,1090
11/20/2019,VRB,FL,ASO,ES,Towers with Radar,1,60,37,0,98,0,272,224,0,496,1,332,261,0,594,400,0,400,994
11/21/2019,VRB,FL,ASO,ES,Towers with Radar,1,72,60,0,133,0,236,202,0,438,1,308,262,0,571,433,0,433,1004
11/22/2019,VRB,FL,ASO,ES,Towers with Radar,2,72,72,0,146,0,252,193,0,445,2,324,265,0,591,536,0,536,1127
11/23/2019,VRB,FL,ASO,ES,Towers with Radar,1,66,46,0,113,0,180,139,0,319,1,246,185,0,432,431,0,431,863
11/24/2019,VRB,FL,ASO,ES,Towers with Radar,0,21,39,0,60,0,1,60,0,61,0,22,99,0,121,46,0,46,167
11/25/2019,VRB,FL,ASO,ES,Towers with Radar,0,85,52,3,140,0,206,165,0,371,0,291,217,3,511,443,0,443,954
11/26/2019,VRB,FL,ASO,ES,Towers with Radar,3,113,52,0,168,0,195,189,0,384,3,308,241,0,552,393,0,393,945
11/27/2019,VRB,FL,ASO,ES,Towers with Radar,2,75,60,0,137,0,206,174,0,380,2,281,234,0,517,366,0,366,883
11/28/2019,VRB,FL,ASO,ES,Towers with Radar,0,10,8,0,18,0,3,19,0,22,0,13,27,0,40,0,0,0,40
11/29/2019,VRB,FL,ASO,ES,Towers with Radar,2,27,52,0,81,0,8,152,0,160,2,35,204,0,241,66,0,66,307
11/30/2019,VRB,FL,ASO,ES,Towers with Radar,1,65,38,0,104,0,107,102,0,209,1,172,140,0,313,398,0,398,711
12/01/2019,VRB,FL,ASO,ES,Towers with Radar,0,49,76,0,125,0,8,62,0,70,0,57,138,0,195,24,0,24,219
12/02/2019,VRB,FL,ASO,ES,Towers with Radar,1,103,43,0,147,0,155,129,0,284,1,258,172,0,431,441,0,441,872
12/03/2019,VRB,FL,ASO,ES,Towers with Radar,0,98,71,0,169,0,218,164,0,382,0,316,235,0,551,559,0,559,1110
12/04/2019,VRB,FL,ASO,ES,Towers with Radar,0,83,52,0,135,0,200,132,0,332,0,283,184,0,467,475,0,475,942
12/05/2019,VRB,FL,ASO,ES,Towers with Radar,3,63,38,2,106,0,202,165,0,367,3,265,203,2,473,575,0,575,1048
12/06/2019,VRB,FL,ASO,ES,Towers with Radar,2,83,48,0,133,0,229,200,0,429,2,312,248,0,562,503,0,503,1065
12/07/2019,VRB,FL,ASO,ES,Towers with Radar,1,54,37,0,92,0,181,154,0,335,1,235,191,0,427,454,0,454,881
12/08/2019,VRB,FL,ASO,ES,Towers with Radar,0,24,35,0,59,0,19,119,0,138,0,43,154,0,197,126,0,126,323
12/09/2019,VRB,FL,ASO,ES,Towers with Radar,2,85,44,4,135,0,195,158,0,353,2,280,202,4,488,563,0,563,1051
12/10/2019,VRB,FL,ASO,ES,Towers with Radar,0,85,44,0,129,0,209,162,0,371,0,294,206,0,500,430,0,430,930
12/11/2019,VRB,FL,ASO,ES,Towers with Radar,0,52,53,0,105,0,12,18,0,30,0,64,71,0,135,36,0,36,171
12/12/2019,VRB,FL,ASO,ES,Towers with Radar,0,21,28,0,49,0,0,2,0,2,0,21,30,0,51,0,0,0,51
12/13/2019,VRB,FL,ASO,ES,Towers with Radar,0,54,39,0,93,0,208,183,0,391,0,262,222,0,484,718,0,718,1202
12/14/2019,VRB,FL,ASO,ES,Towers with Radar,0,36,37,1,74,0,96,52,0,148,0,132,89,1,222,240,0,240,462
12/15/2019,VRB,FL,ASO,ES,Towers with Radar,0,25,29,0,54,0,24,112,1,137,0,49,141,1,191,116,0,116,307
12/16/2019,VRB,FL,ASO,ES,Towers with Radar,3,54,51,0,108,0,237,184,0,421,3,291,235,0,529,535,0,535,1064
12/17/2019,VRB,FL,ASO,ES,Towers with Radar,0,45,38,2,85,0,172,133,0,305,0,217,171,2,390,253,0,253,643
12/18/2019,VRB,FL,ASO,ES,Towers with Radar,0,51,57,0,108,0,4,7,0,11,0,55,64,0,119,15,0,15,134
12/19/2019,VRB,FL,ASO,ES,Towers with Radar,1,52,62,4,119,0,177,145,0,322,1,229,207,4,441,271,0,271,712
12/20/2019,VRB,FL,ASO,ES,Towers with Radar,2,67,59,0,128,0,124,93,0,217,2,191,152,0,345,382,0,382,727
12/21/2019,VRB,FL,ASO,ES,Towers with Radar,2,42,39,0,83,0,87,62,0,149,2,129,101,0,232,342,0,342,574
12/22/2019,VRB,FL,ASO,ES,Towers with Radar,1,33,34,0,68,0,0,14,0,14,1,33,48,0,82,0,0,0,82
12/23/2019,VRB,FL,ASO,ES,Towers with Radar,1,57,33,0,91,0,103,115,0,218,1,160,148,0,309,348,0,348,657
12/24/2019,VRB,FL,ASO,ES,Towers with Radar,2,24,22,0,48,0,76,88,0,164,2,100,110,0,212,170,0,170,382
12/25/2019,VRB,FL,ASO,ES,Towers with Radar,0,17,11,0,28,0,0,9,0,9,0,17,20,0,37,1,0,1,38
12/26/2019,VRB,FL,ASO,ES,Towers with Radar,2,76,61,0,139,0,114,167,0,281,2,190,228,0,420,414,0,414,834
12/27/2019,VRB,FL,ASO,ES,Towers with Radar,2,83,78,0,163,0,12,16,0,28,2,95,94,0,191,65,0,65,256
12/28/2019,VRB,FL,ASO,ES,Towers with Radar,4,37,43,0,84,0,83,59,0,142,4,120,102,0,226,541,0,541,767
12/29/2019,VRB,FL,ASO,ES,Towers with Radar,2,44,45,0,91,0,6,49,0,55,2,50,94,0,146,75,0,75,221
12/30/2019,VRB,FL,ASO,ES,Towers with Radar,3,88,61,0,152,0,161,159,0,320,3,249,220,0,472,435,0,435,907
12/31/2019,VRB,FL,ASO,ES,Towers with Radar,3,38,38,0,79,0,89,145,1,235,3,127,183,1,314,411,0,411,725
01/01/2020,VRB,FL,ASO,ES,Towers with Radar,0,21,31,0,52,0,7,34,0,41,0,28,65,0,93,16,0,16,109
01/02/2020,VRB,FL,ASO,ES,Towers with Radar,2,75,53,0,130,0,191,160,0,351,2,266,213,0,481,520,0,520,1001
01/03/2020,VRB,FL,ASO,ES,Towers with Radar,2,69,55,0,126,0,138,128,0,266,2,207,183,0,392,419,0,419,811
01/04/2020,VRB,FL,ASO,ES,Towers with Radar,1,57,53,0,111,0,15,31,0,46,1,72,84,0,157,81,0,81,238
01/05/2020,VRB,FL,ASO,ES,Towers with Radar,1,31,47,0,79,0,16,64,0,80,1,47,111,0,159,113,0,113,272
01/06/2020,VRB,FL,ASO,ES,Towers with Radar,4,46,28,0,78,0,219,159,0,378,4,265,187,0,456,444,0,444,900
01/07/2020,VRB,FL,ASO,ES,Towers with Radar,0,39,41,0,80,0,250,167,0,417,0,289,208,0,497,539,0,539,1036
01/08/2020,VRB,FL,ASO,ES,Towers with Radar,1,41,57,0,99,0,249,193,0,442,1,290,250,0,541,385,0,385,926
01/09/2020,VRB,FL,ASO,ES,Towers with Radar,0,51,42,0,93,0,208,122,0,330,0,259,164,0,423,384,0,384,807
01/10/2020,VRB,FL,ASO,ES,Towers with Radar,0,73,49,0,122,0,202,122,0,324,0,275,171,0,446,354,0,354,800
01/11/2020,VRB,FL,ASO,ES,Towers with Radar,0,56,43,0,99,0,73,30,0,103,0,129,73,0,202,286,0,286,488
01/12/2020,VRB,FL,ASO,ES,Towers with Radar,0,22,41,0,63,0,1,51,0,52,0,23,92,0,115,47,0,47,162
01/13/2020,VRB,FL,ASO,ES,Towers with Radar,0,58,45,0,103,0,252,183,0,435,0,310,228,0,538,593,0,593,1131
01/14/2020,VRB,FL,ASO,ES,Towers with Radar,0,53,47,0,100,0,141,106,0,247,0,194,153,0,347,469,0,469,816
01/15/2020,VRB,FL,ASO,ES,Towers with Radar,0,56,53,2,111,0,283,225,0,508,0,339,278,2,619,591,0,591,1210
01/16/2020,VRB,FL,ASO,ES,Towers with Radar,0,63,65,0,128,0,267,253,0,520,0,330,318,0,648,691,0,691,1339
01/17/2020,VRB,FL,ASO,ES,Towers with Radar,0,62,52,0,114,0,185,121,0,306,0,247,173,0,420,205,0,205,625
01/18/2020,VRB,FL,ASO,ES,Towers with Radar,0,34,58,0,92,0,169,118,0,287,0,203,176,0,379,384,0,384,763
01/19/2020,VRB,FL,ASO,ES,Towers with Radar,1,23,46,0,70,0,5,139,0,144,1,28,185,0,214,134,0,134,348
01/20/2020,VRB,FL,ASO,ES,Towers with Radar,2,54,60,0,116,0,305,196,0,501,2,359,256,0,617,548,0,548,1165
01/21/2020,VRB,FL,ASO,ES,Towers with Radar,0,41,59,1,101,0,149,190,1,340,0,190,249,2,441,123,0,123,564
01/22/2020,VRB,FL,ASO,ES,Towers with Radar,0,74,49,0,123,0,50,50,0,100,0,124,99,0,223,137,0,137,360
01/23/2020,VRB,FL,ASO,ES,Towers with Radar,0,86,69,0,155,0,117,57,0,174,0,203,126,0,329,382,0,382,711
01/24/2020,VRB,FL,ASO,ES,Towers with Radar,0,72,65,2,139,0,149,105,0,254,0,221,170,2,393,525,0,525,918
01/25/2020,VRB,FL,ASO,ES,Towers with Radar,0,43,41,0,84,0,227,171,0,398,0,270,212,0,482,405,0,405,887
01/26/2020,VRB,FL,ASO,ES,Towers with Radar,0,22,63,0,85,0,4,141,0,145,0,26,204,0,230,145,0,145,375
01/27/2020,VRB,FL,ASO,ES,Towers with Radar,0,100,61,0,161,0,276,175,0,451,0,376,236,0,612,706,0,706,1318
01/28/2020,VRB,FL,ASO,ES,Towers with Radar,0,91,52,0,143,0,227,190,0,417,0,318,242,0,560,462,0,462,1022
01/29/2020,VRB,FL,ASO,ES,Towers with Radar,0,70,57,0,127,0,229,156,0,385,0,299,213,0,512,595,0,595,1107
01/30/2020,VRB,FL,ASO,ES,Towers with Radar,1,73,80,0,154,0,99,108,0,207,1,172,188,0,361,237,0,237,598
01/31/2020,VRB,FL,ASO,ES,Towers with Radar,2,101,60,0,163,0,216,165,1,382,2,317,225,1,545,555,0,555,1100
02/01/2020,VRB,FL,ASO,ES,Towers with Radar,0,38,20,0,58,0,3,3,0,6,0,41,23,0,64,18,0,18,82
02/02/2020,VRB,FL,ASO,ES,Towers with Radar,1,27,37,0,65,0,6,112,0,118,1,33,149,0,183,187,0,187,370
02/03/2020,VRB,FL,ASO,ES,Towers with Radar,3,87,60,0,150,0,222,203,0,425,3,309,263,0,575,512,0,512,1087
02/04/2020,VRB,FL,ASO,ES,Towers with Radar,0,93,85,0,178,0,274,182,2,458,0,367,267,2,636,460,0,460,1096
02/05/2020,VRB,FL,ASO,ES,Towers with Radar,0,85,71,0,156,0,240,168,0,408,0,325,239,0,564,576,0,576,1140
02/06/2020,VRB,FL,ASO,ES,Towers with Radar,0,78,46,0,124,0,109,85,0,194,0,187,131,0,318,181,0,181,499
02/07/2020,VRB,FL,ASO,ES,Towers with Radar,0,59,43,0,102,0,162,141,0,303,0,221,184,0,405,368,0,368,773
02/08/2020,VRB,FL,ASO,ES,Towers with Radar,0,73,67,0,140,0,212,157,0,369,0,285,224,0,509,377,0,377,886
02/09/2020,VRB,FL,ASO,ES,Towers with Radar,0,34,37,0,71,0,8,82,0,90,0,42,119,0,161,56,0,56,217
02/10/2020,VRB,FL,ASO,ES,Towers with Radar,0,87,55,0,142,0,291,187,0,478,0,378,242,0,620,666,0,666,1286
02/11/2020,VRB,FL,ASO,ES,Towers with Radar,0,92,81,0,173,0,266,192,0,458,0,358,273,0,631,542,0,542,1173
02/12/2020,VRB,FL,ASO,ES,Towers with Radar,0,100,76,2,178,0,210,191,0,401,0,310,267,2,579,609,0,609,1188
02/13/2020,VRB,FL,ASO,ES,Towers with Radar,0,75,66,0,141,0,206,181,0,387,0,281,247,0,528,297,0,297,825
02/14/2020,VRB,FL,ASO,ES,Towers with Radar,0,61,110,0,171,0,1,12,0,13,0,62,122,0,184,3,0,3,187
02/15/2020,VRB,FL,ASO,ES,Towers with Radar,0,61,31,0,92,0,44,36,0,80,0,105,67,0,172,167,0,167,339
02/16/2020,VRB,FL,ASO,ES,Towers with Radar,0,16,52,0,68,0,0,64,0,64,0,16,116,0,132,121,0,121,253
02/17/2020,VRB,FL,ASO,ES,Towers with Radar,0,115,93,0,208,0,240,196,0,436,0,355,289,0,644,596,0,596,1240
02/18/2020,VRB,FL,ASO,ES,Towers with Radar,0,103,71,0,174,0,291,203,0,494,0,394,274,0,668,646,0,646,1314
02/19/2020,VRB,FL,ASO,ES,Towers with Radar,0,80,74,6,160,0,243,152,0,395,0,323,226,6,555,719,0,719,1274
02/20/2020,VRB,FL,ASO,ES,Towers with Radar,2,86,88,0,176,0,181,170,0,351,2,267,258,0,527,693,0,693,1220
02/21/2020,VRB,FL,ASO,ES,Towers with Radar,3,19,51,2,75,0,0,0,0,0,3,19,51,2,75,0,0,0,75
02/22/2020,VRB,FL,ASO,ES,Towers with Radar,0,61,43,0,104,0,90,48,0,138,0,151,91,0,242,179,0,179,421
02/23/2020,VRB,FL,ASO,ES,Towers with Radar,3,21,54,0,78,0,3,119,2,124,3,24,173,2,202,138,16,154,356
02/24/2020,VRB,FL,ASO,ES,Towers with Radar,3,70,76,0,149,0,309,197,0,506,3,379,273,0,655,554,0,554,1209
02/25/2020,VRB,FL,ASO,ES,Towers with Radar,0,70,49,0,119,0,217,157,0,374,0,287,206,0,493,309,0,309,802
02/26/2020,VRB,FL,ASO,ES,Towers with Radar,0,55,41,0,96,0,69,57,0,126,0,124,98,0,222,230,0,230,452
02/27/2020,VRB,FL,ASO,ES,Towers with Radar,0,86,69,0,155,0,183,188,2,373,0,269,257,2,528,469,0,469,997
02/28/2020,VRB,FL,ASO,ES,Towers with Radar,3,72,71,0,146,0,210,178,0,388,3,282,249,0,534,479,0,479,1013
02/29/2020,VRB,FL,ASO,ES,Towers with Radar,0,34,48,0,82,0,127,104,0,231,0,161,152,0,313,326,0,326,639
03/01/2020,VRB,FL,ASO,ES,Towers with Radar,1,22,49,0,72,0,31,140,0,171,1,53,189,0,243,105,0,105,348
03/02/2020,VRB,FL,ASO,ES,Towers with Radar,2,78,51,0,131,0,171,126,0,297,2,249,177,0,428,570,0,570,998
03/03/2020,VRB,FL,ASO,ES,Towers with Radar,1,100,59,0,160,0,196,189,0,385,1,296,248,0,545,195,0,195,740
03/04/2020,VRB,FL,ASO,ES,Towers with Radar,0,82,74,0,156,0,162,128,0,290,0,244,202,0,446,154,0,154,600
03/05/2020,VRB,FL,ASO,ES,Towers with Radar,1,78,43,0,122,0,185,155,0,340,1,263,198,0,462,265,0,265,727
03/06/2020,VRB,FL,ASO,ES,Towers with Radar,1,60,79,0,140,0,111,104,0,215,1,171,183,0,355,403,0,403,758
03/07/2020,VRB,FL,ASO,ES,Towers with Radar,0,34,41,0,75,0,37,50,0,87,0,71,91,0,162,39,0,39,201
03/08/2020,VRB,FL,ASO,ES,Towers with Radar,0,39,68,0,107,0,1,49,0,50,0,40,117,0,157,75,0,75,232
03/09/2020,VRB,FL,ASO,ES,Towers with Radar,2,70,65,0,137,0,165,77,0,242,2,235,142,0,379,342,0,342,721
03/10/2020,VRB,FL,ASO,ES,Towers with Radar,1,65,54,0,120,0,242,189,0,431,1,307,243,0,551,682,0,682,1233
03/11/2020,VRB,FL,ASO,ES,Towers with Radar,0,76,84,0,160,0,269,190,0,459,0,345,274,0,619,668,0,668,1287
03/12/2020,VRB,FL,ASO,ES,Towers with Radar,0,59,77,0,136,0,252,176,0,428,0,311,253,0,564,714,0,714,1278
03/13/2020,VRB,FL,ASO,ES,Towers with Radar,0,56,63,0,119,0,230,212,0,442,0,286,275,0,561,600,0,600,1161
03/14/2020,VRB,FL,ASO,ES,Towers with Radar,0,44,55,0,99,0,99,101,0,200,0,143,156,0,299,398,0,398,697
03/15/2020,VRB,FL,ASO,ES,Towers with Radar,0,17,63,0,80,0,6,73,0,79,0,23,136,0,159,136,0,136,295
03/16/2020,VRB,FL,ASO,ES,Towers with Radar,0,25,70,0,95,0,8,139,4,151,0,33,209,4,246,80,0,80,326
03/17/2020,VRB,FL,ASO,ES,Towers with Radar,0,20,55,0,75,0,12,158,0,170,0,32,213,0,245,105,0,105,350
03/18/2020,VRB,FL,ASO,ES,Towers with Radar,0,54,66,0,120,0,122,143,0,265,0,176,209,0,385,536,0,536,921
03/19/2020,VRB,FL,ASO,ES,Towers with Radar,0,33,73,0,106,0,140,154,2,296,0,173,227,2,402,415,0,415,817
03/20/2020,VRB,FL,ASO,ES,Towers with Radar,0,49,65,0,114,0,144,142,0,286,0,193,207,0,400,450,0,450,850
03/21/2020,VRB,FL,ASO,ES,Towers with Radar,0,33,35,0,68,0,89,67,0,156,0,122,102,0,224,295,0,295,519
03/22/2020,VRB,FL,ASO,ES,Towers with Radar,0,10,37,0,47,0,15,86,0,101,0,25,123,0,148,92,0,92,240
03/23/2020,VRB,FL,ASO,ES,Towers with Radar,0,34,28,0,62,0,172,146,0,318,0,206,174,0,380,576,0,576,956
03/24/2020,VRB,FL,ASO,ES,Towers with Radar,0,32,30,0,62,0,167,132,2,301,0,199,162,2,363,415,0,415,778
03/25/2020,VRB,FL,ASO,ES,Towers with Radar,0,44,54,0,98,0,77,124,0,201,0,121,178,0,299,413,0,413,712
03/26/2020,VRB,FL,ASO,ES,Towers with Radar,0,33,29,0,62,0,82,105,0,187,0,115,134,0,249,288,0,288,537
03/27/2020,VRB,FL,ASO,ES,Towers with Radar,0,34,47,0,81,0,140,117,0,257,0,174,164,0,338,496,0,496,834
03/28/2020,VRB,FL,ASO,ES,Towers with Radar,0,20,17,0,37,0,77,83,0,160,0,97,100,0,197,239,0,239,436
03/29/2020,VRB,FL,ASO,ES,Towers with Radar,0,5,38,0,43,0,7,66,0,73,0,12,104,0,116,29,0,29,145
03/30/2020,VRB,FL,ASO,ES,Towers with Radar,0,53,40,0,93,0,152,109,0,261,0,205,149,0,354,333,0,333,687
03/31/2020,VRB,FL,ASO,ES,Towers with Radar,0,23,24,0,47,0,123,117,0,240,0,146,141,0,287,201,0,201,488
04/01/2020,VRB,FL,ASO,ES,Towers with Radar,0,32,33,0,65,0,111,122,0,233,0,143,155,0,298,244,0,244,542
04/02/2020,VRB,FL,ASO,ES,Towers with Radar,0,31,43,0,74,0,93,119,0,212,0,124,162,0,286,229,0,229,515
04/03/2020,VRB,FL,ASO,ES,Towers with Radar,0,23,8,0,31,0,49,103,0,152,0,72,111,0,183,262,0,262,445
04/04/2020,VRB,FL,ASO,ES,Towers with Radar,0,15,16,0,31,0,31,87,0,118,0,46,103,0,149,74,0,74,223
04/05/2020,VRB,FL,ASO,ES,Towers with Radar,0,1,7,0,8,0,1,28,0,29,0,2,35,0,37,62,0,62,99
04/06/2020,VRB,FL,ASO,ES,Towers with Radar,0,25,27,0,52,0,2,20,0,22,0,27,47,0,74,12,0,12,86
04/07/2020,VRB,FL,ASO,ES,Towers with Radar,0,32,22,0,54,0,66,132,0,198,0,98,154,0,252,343,0,343,595
04/08/2020,VRB,FL,ASO,ES,Towers with Radar,0,14,32,0,46,0,104,128,0,232,0,118,160,0,278,274,0,274,552
04/09/2020,VRB,FL,ASO,ES,Towers with Radar,0,28,45,0,73,0,33,52,0,85,0,61,97,0,158,82,0,82,240
04/10/2020,VRB,FL,ASO,ES,Towers with Radar,0,28,24,0,52,0,0,24,0,24,0,28,48,0,76,96,0,96,172
04/11/2020,VRB,FL,ASO,ES,Towers with Radar,0,4,15,0,19,0,0,89,0,89,0,4,104,0,108,77,0,77,185
04/12/2020,VRB,FL,ASO,ES,Towers with Radar,0,4,12,0,16,0,1,11,0,12,0,5,23,0,28,0,0,0,28
04/13/2020,VRB,FL,ASO,ES,Towers with Radar,0,25,12,0,37,0,20,31,0,51,0,45,43,0,88,38,0,38,126
04/14/2020,VRB,FL,ASO,ES,Towers with Radar,0,17,24,0,41,0,86,96,0,182,0,103,120,0,223,260,0,260,483
04/15/2020,VRB,FL,ASO,ES,Towers with Radar,0,33,26,0,59,0,48,85,0,133,0,81,111,0,192,138,0,138,330
04/16/2020,VRB,FL,ASO,ES,Towers with Radar,0,22,15,0,37,0,6,2,0,8,0,28,17,0,45,6,0,6,51
04/17/2020,VRB,FL,ASO,ES,Towers with Radar,0,34,47,0,81,0,12,23,0,35,0,46,70,0,116,29,0,29,145
04/18/2020,VRB,FL,ASO,ES,Towers with Radar,0,3,23,0,26,0,2,29,0,31,0,5,52,0,57,36,0,36,93
04/19/2020,VRB,FL,ASO,ES,Towers with Radar,0,8,32,0,40,0,8,78,0,86,0,16,110,0,126,41,0,41,167
04/20/2020,VRB,FL,ASO,ES,Towers with Radar,0,21,7,0,28,0,28,34,0,62,0,49,41,0,90,97,0,97,187
04/21/2020,VRB,FL,ASO,ES,Towers with Radar,0,38,48,0,86,0,115,193,0,308,0,153,241,0,394,103,0,103,497
04/22/2020,VRB,FL,ASO,ES,Towers with Radar,0,47,48,0,95,0,87,159,0,246,0,134,207,0,341,105,0,105,446
04/23/2020,VRB,FL,ASO,ES,Towers with Radar,0,21,18,0,39,0,44,100,0,144,0,65,118,0,183,58,0,58,241
04/24/2020,VRB,FL,ASO,ES,Towers with Radar,0,5,13,0,18,0,0,29,0,29,0,5,42,0,47,27,0,27,74
04/25/2020,VRB,FL,ASO,ES,Towers with Radar,0,6,41,0,47,0,0,33,0,33,0,6,74,0,80,39,0,39,119
04/26/2020,VRB,FL,ASO,ES,Towers with Radar,0,7,7,0,14,0,0,12,0,12,0,7,19,0,26,3,0,3,29
04/27/2020,VRB,FL,ASO,ES,Towers with Radar,0,24,46,0,70,0,97,171,0,268,0,121,217,0,338,99,0,99,437
04/28/2020,VRB,FL,ASO,ES,Towers with Radar,0,35,39,0,74,0,94,129,0,223,0,129,168,0,297,168,0,168,465
04/29/2020,VRB,FL,ASO,ES,Towers with Radar,0,43,57,0,100,0,75,111,0,186,0,118,168,0,286,153,0,153,439
04/30/2020,VRB,FL,ASO,ES,Towers with Radar,0,24,26,0,50,0,33,54,0,87,0,57,80,0,137,70,0,70,207
05/01/2020,VRB,FL,ASO,ES,Towers with Radar,0,50,37,0,87,0,114,166,0,280,0,164,203,0,367,136,0,136,503
05/02/2020,VRB,FL,ASO,ES,Towers with Radar,0,15,37,0,52,0,3,113,0,116,0,18,150,0,168,74,0,74,242
05/03/2020,VRB,FL,ASO,ES,Towers with Radar,0,9,28,0,37,0,0,103,0,103,0,9,131,0,140,32,0,32,172
05/04/2020,VRB,FL,ASO,ES,Towers with Radar,0,31,38,0,69,0,74,171,0,245,0,105,209,0,314,227,0,227,541
05/05/2020,VRB,FL,ASO,ES,Towers with Radar,0,27,36,0,63,0,62,159,0,221,0,89,195,0,284,149,0,149,433
05/06/2020,VRB,FL,ASO,ES,Towers with Radar,0,44,38,0,82,0,66,164,0,230,0,110,202,0,312,223,0,223,535
05/07/2020,VRB,FL,ASO,ES,Towers with Radar,0,36,54,0,90,0,51,115,0,166,0,87,169,0,256,58,0,58,314
05/08/2020,VRB,FL,ASO,ES,Towers with Radar,2,30,53,0,85,0,86,145,0,231,2,116,198,0,316,137,0,137,453
05/09/2020,VRB,FL,ASO,ES,Towers with Radar,1,9,39,0,49,0,1,90,0,91,1,10,129,0,140,28,0,28,168
05/10/2020,VRB,FL,ASO,ES,Towers with Radar,0,7,17,4,28,0,0,6,0,6,0,7,23,4,34,0,0,0,34
05/11/2020,VRB,FL,ASO,ES,Towers with Radar,0,49,36,0,85,0,37,117,0,154,0,86,153,0,239,82,0,82,321
05/12/2020,VRB,FL,ASO,ES,Towers with Radar,0,37,41,0,78,0,81,172,0,253,0,118,213,0,331,130,0,130,461
05/13/2020,VRB,FL,ASO,ES,Towers with Radar,0,33,29,1,63,0,47,112,0,159,0,80,141,1,222,91,0,91,313
05/14/2020,VRB,FL,ASO,ES,Towers with Radar,0,41,47,0,88,0,28,66,0,94,0,69,113,0,182,52,0,52,234
05/15/2020,VRB,FL,ASO,ES,Towers with Radar,0,25,39,0,64,0,15,30,0,45,0,40,69,0,109,2,0,2,111
05/16/2020,VRB,FL,ASO,ES,Towers with Radar,0,12,35,0,47,0,3,31,0,34,0,15,66,0,81,30,0,30,111
05/17/2020,VRB,FL,ASO,ES,Towers with Radar,0,15,48,0,63,0,4,41,0,45,0,19,89,0,108,22,0,22,130
05/18/2020,VRB,FL,ASO,ES,Towers with Radar,0,31,37,0,68,0,43,64,0,107,0,74,101,0,175,82,0,82,257
05/19/2020,VRB,FL,ASO,ES,Towers with Radar,0,30,52,0,82,0,46,113,0,159,0,76,165,0,241,84,0,84,325
05/20/2020,VRB,FL,ASO,ES,Towers with Radar,0,60,57,0,117,0,109,171,0,280,0,169,228,0,397,141,0,141,538
05/21/2020,VRB,FL,ASO,ES,Towers with Radar,0,31,54,0,85,0,61,117,0,178,0,92,171,0,263,118,0,118,381
05/22/2020,VRB,FL,ASO,ES,Towers with Radar,0,46,66,0,112,0,78,159,0,237,0,124,225,0,349,181,0,181,530
05/23/2020,VRB,FL,ASO,ES,Towers with Radar,0,21,37,0,58,0,2,66,0,68,0,23,103,0,126,44,0,44,170
05/24/2020,VRB,FL,ASO,ES,Towers with Radar,0,6,37,0,43,0,0,17,0,17,0,6,54,0,60,15,0,15,75
05/25/2020,VRB,FL,ASO,ES,Towers with Radar,0,9,7,0,16,0,0,1,0,1,0,9,8,0,17,0,0,0,17
05/26/2020,VRB,FL,ASO,ES,Towers with Radar,0,24,58,0,82,0,6,35,0,41,0,30,93,0,123,58,0,58,181
05/27/2020,VRB,FL,ASO,ES,Towers with Radar,0,39,39,0,78,0,44,107,0,151,0,83,146,0,229,70,0,70,299
05/28/2020,VRB,FL,ASO,ES,Towers with Radar,0,55,73,0,128,0,52,84,0,136,0,107,157,0,264,114,0,114,378
05/29/2020,VRB,FL,ASO,ES,Towers with Radar,1,43,71,8,123,0,94,113,0,207,1,137,184,8,330,113,0,113,443
05/30/2020,VRB,FL,ASO,ES,Towers with Radar,0,20,55,0,75,0,8,80,0,88,0,28,135,0,163,52,0,52,215
05/31/2020,VRB,FL,ASO,ES,Towers with Radar,0,20,34,4,58,0,4,92,0,96,0,24,126,4,154,60,0,60,214
06/01/2020,VRB,FL,ASO,ES,Towers with Radar,0,69,63,0,132,0,79,122,0,201,0,148,185,0,333,136,0,136,469
06/02/2020,VRB,FL,ASO,ES,Towers with Radar,0,44,68,0,112,0,8,33,0,41,0,52,101,0,153,77,0,77,230
06/03/2020,VRB,FL,ASO,ES,Towers with Radar,0,15,34,0,49,0,0,15,0,15,0,15,49,0,64,43,0,43,107
06/04/2020,VRB,FL,ASO,ES,Towers with Radar,0,18,42,0,60,0,8,38,0,46,0,26,80,0,106,107,0,107,213
06/05/2020,VRB,FL,ASO,ES,Towers with Radar,0,51,55,0,106,0,54,109,0,163,0,105,164,0,269,151,0,151,420
06/06/2020,VRB,FL,ASO,ES,Towers with Radar,0,15,51,0,66,0,1,28,0,29,0,16,79,0,95,35,0,35,130
06/07/2020,VRB,FL,ASO,ES,Towers with Radar,0,7,42,0,49,0,0,35,0,35,0,7,77,0,84,23,0,23,107
06/08/2020,VRB,FL,ASO,ES,Towers with Radar,0,62,46,0,108,0,62,98,0,160,0,124,144,0,268,163,0,163,431
06/09/2020,VRB,FL,ASO,ES,Towers with Radar,0,60,79,8,147,0,52,108,0,160,0,112,187,8,307,213,0,213,520
06/10/2020,VRB,FL,ASO,ES,Towers with Radar,0,43,45,0,88,0,90,130,0,220,0,133,175,0,308,317,0,317,625
06/11/2020,VRB,FL,ASO,ES,Towers with Radar,0,47,57,0,104,0,95,145,0,240,0,142,202,0,344,248,0,248,592
06/12/2020,VRB,FL,ASO,ES,Towers with Radar,1,47,69,0,117,0,94,161,0,255,1,141,230,0,372,210,0,210,582
06/13/2020,VRB,FL,ASO,ES,Towers with Radar,0,15,35,8,58,0,3,82,2,87,0,18,117,10,145,55,0,55,200
06/14/2020,VRB,FL,ASO,ES,Towers with Radar,0,14,26,0,40,0,8,54,0,62,0,22,80,0,102,2,0,2,104
06/15/2020,VRB,FL,ASO,ES,Towers with Radar,0,64,74,0,138,0,91,107,0,198,0,155,181,0,336,119,0,119,455
06/16/2020,VRB,FL,ASO,ES,Towers with Radar,0,59,74,0,133,0,109,142,0,251,0,168,216,0,384,176,0,176,560
06/17/2020,VRB,FL,ASO,ES,Towers with Radar,0,58,51,0,109,0,75,155,0,230,0,133,206,0,339,260,0,260,599
06/18/2020,VRB,FL,ASO,ES,Towers with Radar,0,27,40,0,67,0,28,48,0,76,0,55,88,0,143,110,0,110,253
06/19/2020,VRB,FL,ASO,ES,Towers with Radar,0,27,38,0,65,0,37,57,2,96,0,64,95,2,161,109,2,111,272
06/20/2020,VRB,FL,ASO,ES,Towers with Radar,0,24,47,0,71,0,0,59,0,59,0,24,106,0,130,39,0,39,169
06/21/2020,VRB,FL,ASO,ES,Towers with Radar,0,15,26,0,41,0,3,58,0,61,0,18,84,0,102,38,0,38,140
06/22/2020,VRB,FL,ASO,ES,Towers with Radar,1,30,46,0,77,0,102,127,0,229,1,132,173,0,306,158,0,158,464
06/23/2020,VRB,FL,ASO,ES,Towers with Radar,0,28,57,0,85,0,53,122,0,175,0,81,179,0,260,237,0,237,497
06/24/2020,VRB,FL,ASO,ES,Towers with Radar,0,34,50,0,84,0,107,152,0,259,0,141,202,0,343,323,0,323,666
06/25/2020,VRB,FL,ASO,ES,Towers with Radar,0,37,50,0,87,0,88,142,0,230,0,125,192,0,317,242,0,242,559
06/26/2020,VRB,FL,ASO,ES,Towers with Radar,0,34,57,0,91,0,82,117,0,199,0,116,174,0,290,254,0,254,544
06/27/2020,VRB,FL,ASO,ES,Towers with Radar,0,14,49,0,63,0,4,103,0,107,0,18,152,0,170,48,0,48,218
06/28/2020,VRB,FL,ASO,ES,Towers with Radar,0,12,35,0,47,0,2,62,0,64,0,14,97,0,111,130,0,130,241
06/29/2020,VRB,FL,ASO,ES,Towers with Radar,0,45,43,0,88,0,75,83,0,158,0,120,126,0,246,171,0,171,417
06/30/2020,VRB,FL,ASO,ES,Towers with Radar,0,31,44,0,75,0,68,105,0,173,0,99,149,0,248,159,0,159,407
07/01/2020,VRB,FL,ASO,ES,Towers with Radar,0,31,23,0,54,0,59,100,0,159,0,90,123,0,213,155,0,155,368
07/02/2020,VRB,FL,ASO,ES,Towers with Radar,0,23,33,0,56,0,63,121,0,184,0,86,154,0,240,163,0,163,403
07/03/2020,VRB,FL,ASO,ES,Towers with Radar,0,12,18,0,30,0,6,48,0,54,0,18,66,0,84,36,0,36,120
07/04/2020,VRB,FL,ASO,ES,Towers with Radar,0,4,8,0,12,0,0,18,0,18,0,4,26,0,30,0,0,0,30
07/05/2020,VRB,FL,ASO,ES,Towers with Radar,0,9,21,0,30,0,0,56,0,56,0,9,77,0,86,22,0,22,108
07/06/2020,VRB,FL,ASO,ES,Towers with Radar,1,29,29,0,59,0,71,104,0,175,1,100,133,0,234,200,0,200,434
07/07/2020,VRB,FL,ASO,ES,Towers with Radar,0,14,37,0,51,0,60,102,0,162,0,74,139,0,213,119,0,119,332
07/08/2020,VRB,FL,ASO,ES,Towers with Radar,0,19,26,0,45,0,51,93,0,144,0,70,119,0,189,177,0,177,366
07/09/2020,VRB,FL,ASO,ES,Towers with Radar,0,35,52,0,87,0,67,122,0,189,0,102,174,0,276,223,0,223,499
07/10/2020,VRB,FL,ASO,ES,Towers with Radar,0,20,43,0,63,0,31,79,0,110,0,51,122,0,173,159,0,159,332
07/11/2020,VRB,FL,ASO,ES,Towers with Radar,0,9,14,0,23,0,0,31,0,31,0,9,45,0,54,6,0,6,60
07/12/2020,VRB,FL,ASO,ES,Towers with Radar,0,9,29,0,38,0,4,41,0,45,0,13,70,0,83,48,0,48,131
07/13/2020,VRB,FL,ASO,ES,Towers with Radar,1,43,44,0,88,0,56,86,0,142,1,99,130,0,230,119,30,149,379
07/14/2020,VRB,FL,ASO,ES,Towers with Radar,0,30,37,0,67,0,76,103,0,179,0,106,140,0,246,200,0,200,446
07/15/2020,VRB,FL,ASO,ES,Towers with Radar,0,28,38,0,66,0,89,122,0,211,0,117,160,0,277,216,0,216,493
07/16/2020,VRB,FL,ASO,ES,Towers with Radar,1,30,31,0,62,0,89,97,0,186,1,119,128,0,248,225,0,225,473
07/17/2020,VRB,FL,ASO,ES,Towers with Radar,0,16,28,0,44,0,55,94,0,149,0,71,122,0,193,229,0,229,422
07/18/2020,VRB,FL,ASO,ES,Towers with Radar,0,7,29,0,36,0,2,33,0,35,0,9,62,0,71,14,0,14,85
07/19/2020,VRB,FL,ASO,ES,Towers with Radar,0,6,26,0,32,0,0,26,0,26,0,6,52,0,58,88,0,88,146
07/20/2020,VRB,FL,ASO,ES,Towers with Radar,0,31,38,0,69,0,51,103,0,154,0,82,141,0,223,155,0,155,378
07/21/2020,VRB,FL,ASO,ES,Towers with Radar,0,22,22,2,46,0,33,74,0,107,0,55,96,2,153,275,0,275,428
07/22/2020,VRB,FL,ASO,ES,Towers with Radar,0,45,26,0,71,0,38,32,0,70,0,83,58,0,141,159,0,159,300
07/23/2020,VRB,FL,ASO,ES,Towers with Radar,0,28,29,0,57,0,51,82,0,133,0,79,111,0,190,237,0,237,427
07/24/2020,VRB,FL,ASO,ES,Towers with Radar,1,28,41,0,70,0,73,101,0,174,1,101,142,0,244,226,0,226,470
07/25/2020,VRB,FL,ASO,ES,Towers with Radar,0,4,14,0,18,0,4,55,0,59,0,8,69,0,77,18,0,18,95
07/26/2020,VRB,FL,ASO,ES,Towers with Radar,0,10,26,0,36,0,4,66,0,70,0,14,92,0,106,60,0,60,166
07/27/2020,VRB,FL,ASO,ES,Towers with Radar,0,28,29,0,57,0,71,91,0,162,0,99,120,0,219,293,0,293,512
07/28/2020,VRB,FL,ASO,ES,Towers with Radar,0,25,31,0,56,0,73,107,0,180,0,98,138,0,236,237,0,237,473
07/29/2020,VRB,FL,ASO,ES,Towers with Radar,0,17,37,0,54,0,71,92,0,163,0,88,129,0,217,223,0,223,440
07/30/2020,VRB,FL,ASO,ES,Towers with Radar,0,29,45,0,74,0,55,100,0,155,0,84,145,0,229,263,0,263,492
07/31/2020,VRB,FL,ASO,ES,Towers with Radar,0,15,50,0,65,0,30,144,0,174,0,45,194,0,239,33,0,33,272
08/01/2020,VRB,FL,ASO,ES,Towers with Radar,0,4,9,0,13,0,1,9,0,10,0,5,18,0,23,1,0,1,24
08/02/2020,VRB,FL,ASO,ES,Towers with Radar,0,0,0,0,0,0,0,0,0,0,0,0,0,0,0,0,0,0,0
08/03/2020,VRB,FL,ASO,ES,Towers with Radar,0,10,23,0,33,0,3,34,0,37,0,13,57,0,70,30,0,30,100
08/04/2020,VRB,FL,ASO,ES,Towers with Radar,0,19,21,0,40,0,27,47,0,74,0,46,68,0,114,28,0,28,142
08/05/2020,VRB,FL,ASO,ES,Towers with Radar,0,31,31,0,62,0,46,71,0,117,0,77,102,0,179,59,0,59,238
08/06/2020,VRB,FL,ASO,ES,Towers with Radar,1,25,29,0,55,0,67,84,0,151,1,92,113,0,206,234,0,234,440
08/07/2020,VRB,FL,ASO,ES,Towers with Radar,0,29,48,0,77,0,74,101,0,175,0,103,149,0,252,284,0,284,536
08/08/2020,VRB,FL,ASO,ES,Towers with Radar,0,10,43,0,53,0,0,91,0,91,0,10,134,0,144,41,0,41,185
08/09/2020,VRB,FL,ASO,ES,Towers with Radar,0,9,15,0,24,0,5,58,0,63,0,14,73,0,87,13,0,13,100
08/10/2020,VRB,FL,ASO,ES,Towers with Radar,0,24,29,0,53,0,73,78,0,151,0,97,107,0,204,171,0,171,375
08/11/2020,VRB,FL,ASO,ES,Towers with Radar,0,33,54,0,87,0,65,123,0,188,0,98,177,0,275,285,0,285,560
08/12/2020,VRB,FL,ASO,ES,Towers with Radar,0,27,27,0,54,0,62,99,0,161,0,89,126,0,215,292,0,292,507
08/13/2020,VRB,FL,ASO,ES,Towers with Radar,0,22,31,0,53,0,64,112,0,176,0,86,143,0,229,203,0,203,432
08/14/2020,VRB,FL,ASO,ES,Towers with Radar,0,20,46,0,66,0,55,113,0,168,0,75,159,0,234,311,0,311,545
08/15/2020,VRB,FL,ASO,ES,Towers with Radar,0,6,26,0,32,0,2,81,0,83,0,8,107,0,115,36,0,36,151
08/16/2020,VRB,FL,ASO,ES,Towers with Radar,0,5,27,0,32,0,2,52,0,54,0,7,79,0,86,35,0,35,121
08/17/2020,VRB,FL,ASO,ES,Towers with Radar,0,35,21,0,56,0,73,97,0,170,0,108,118,0,226,142,0,142,368
08/18/2020,VRB,FL,ASO,ES,Towers with Radar,0,31,31,0,62,0,56,136,0,192,0,87,167,0,254,239,0,239,493
08/19/2020,VRB,FL,ASO,ES,Towers with Radar,0,20,30,0,50,0,46,98,0,144,0,66,128,0,194,147,0,147,341
08/20/2020,VRB,FL,ASO,ES,Towers with Radar,1,26,29,0,56,0,48,99,2,149,1,74,128,2,205,179,0,179,384
08/21/2020,VRB,FL,ASO,ES,Towers with Radar,1,33,39,0,73,0,34,106,0,140,1,67,145,0,213,234,0,234,447
08/22/2020,VRB,FL,ASO,ES,Towers with Radar,0,10,35,0,45,0,3,91,0,94,0,13,126,0,139,48,0,48,187
08/23/2020,VRB,FL,ASO,ES,Towers with Radar,0,3,24,0,27,0,0,76,0,76,0,3,100,0,103,0,0,0,103
08/24/2020,VRB,FL,ASO,ES,Towers with Radar,0,21,26,0,47,0,36,63,0,99,0,57,89,0,146,145,0,145,291
08/25/2020,VRB,FL,ASO,ES,Towers with Radar,0,20,40,0,60,0,67,104,0,171,0,87,144,0,231,283,0,283,514
08/26/2020,VRB,FL,ASO,ES,Towers with Radar,0,27,53,0,80,0,57,110,0,167,0,84,163,0,247,262,0,262,509
08/27/2020,VRB,FL,ASO,ES,Towers with Radar,0,27,25,0,52,0,44,96,0,140,0,71,121,0,192,136,0,136,328
08/28/2020,VRB,FL,ASO,ES,Towers with Radar,1,23,31,0,55,0,86,135,0,221,1,109,166,0,276,245,0,245,521
08/29/2020,VRB,FL,ASO,ES,Towers with Radar,0,4,21,0,25,0,0,77,0,77,0,4,98,0,102,57,0,57,159
08/30/2020,VRB,FL,ASO,ES,Towers with Radar,0,8,14,2,24,0,1,51,0,52,0,9,65,2,76,9,0,9,85
08/31/2020,VRB,FL,ASO,ES,Towers with Radar,0,20,19,0,39,0,50,74,0,124,0,70,93,0,163,134,0,134,297
09/01/2020,VRB,FL,ASO,ES,Towers with Radar,0,22,36,0,58,0,77,129,0,206,0,99,165,0,264,261,0,261,525
09/02/2020,VRB,FL,ASO,ES,Towers with Radar,0,23,34,0,57,0,85,143,0,228,0,108,177,0,285,246,0,246,531
09/03/2020,VRB,FL,ASO,ES,Towers with Radar,1,21,45,0,67,0,96,145,0,241,1,117,190,0,308,259,0,259,567
09/04/2020,VRB,FL,ASO,ES,Towers with Radar,1,26,36,0,63,0,81,149,0,230,1,107,185,0,293,211,0,211,504
09/05/2020,VRB,FL,ASO,ES,Towers with Radar,0,2,20,0,22,0,5,134,0,139,0,7,154,0,161,71,0,71,232
09/06/2020,VRB,FL,ASO,ES,Towers with Radar,0,1,18,0,19,0,0,38,0,38,0,1,56,0,57,21,0,21,78
09/07/2020,VRB,FL,ASO,ES,Towers with Radar,0,13,23,0,36,0,1,36,0,37,0,14,59,0,73,30,0,30,103
09/08/2020,VRB,FL,ASO,ES,Towers with Radar,0,27,31,0,58,0,45,97,0,142,0,72,128,0,200,147,0,147,347
09/09/2020,VRB,FL,ASO,ES,Towers with Radar,0,33,35,0,68,0,55,99,0,154,0,88,134,0,222,189,0,189,411
09/10/2020,VRB,FL,ASO,ES,Towers with Radar,1,37,59,0,97,0,57,136,0,193,1,94,195,0,290,221,0,221,511
09/11/2020,VRB,FL,ASO,ES,Towers with Radar,1,20,36,0,57,0,36,86,0,122,1,56,122,0,179,154,0,154,333
09/12/2020,VRB,FL,ASO,ES,Towers with Radar,1,2,7,0,10,0,1,13,0,14,1,3,20,0,24,13,0,13,37
09/13/2020,VRB,FL,ASO,ES,Towers with Radar,0,8,19,0,27,0,2,32,0,34,0,10,51,0,61,13,0,13,74
09/14/2020,VRB,FL,ASO,ES,Towers with Radar,0,26,35,0,61,0,90,102,0,192,0,116,137,0,253,295,0,295,548
09/15/2020,VRB,FL,ASO,ES,Towers with Radar,0,30,41,0,71,0,78,167,2,247,0,108,208,2,318,215,0,215,533
09/16/2020,VRB,FL,ASO,ES,Towers with Radar,0,24,42,0,66,0,60,102,0,162,0,84,144,0,228,157,0,157,385
09/17/2020,VRB,FL,ASO,ES,Towers with Radar,0,42,51,0,93,0,66,142,0,208,0,108,193,0,301,225,0,225,526
09/18/2020,VRB,FL,ASO,ES,Towers with Radar,0,26,53,0,79,0,27,85,0,112,0,53,138,0,191,79,0,79,270
09/19/2020,VRB,FL,ASO,ES,Towers with Radar,0,6,31,0,37,0,2,91,0,93,0,8,122,0,130,96,0,96,226
09/20/2020,VRB,FL,ASO,ES,Towers with Radar,0,11,27,0,38,0,3,29,0,32,0,14,56,0,70,15,0,15,85
09/21/2020,VRB,FL,ASO,ES,Towers with Radar,0,13,28,0,41,0,4,22,0,26,0,17,50,0,67,20,0,20,87
09/22/2020,VRB,FL,ASO,ES,Towers with Radar,0,32,42,0,74,0,74,94,0,168,0,106,136,0,242,143,0,143,385
09/23/2020,VRB,FL,ASO,ES,Towers with Radar,0,26,47,0,73,0,90,150,0,240,0,116,197,0,313,349,0,349,662
09/24/2020,VRB,FL,ASO,ES,Towers with Radar,0,21,34,0,55,0,60,103,0,163,0,81,137,0,218,256,0,256,474
09/25/2020,VRB,FL,ASO,ES,Towers with Radar,0,18,42,0,60,0,54,87,0,141,0,72,129,0,201,195,0,195,396
09/26/2020,VRB,FL,ASO,ES,Towers with Radar,0,5,39,0,44,0,3,64,0,67,0,8,103,0,111,53,0,53,164
09/27/2020,VRB,FL,ASO,ES,Towers with Radar,0,6,22,0,28,0,5,77,0,82,0,11,99,0,110,16,0,16,126
09/28/2020,VRB,FL,ASO,ES,Towers with Radar,0,23,31,0,54,0,50,79,0,129,0,73,110,0,183,186,0,186,369
09/29/2020,VRB,FL,ASO,ES,Towers with Radar,0,28,27,0,55,0,53,125,0,178,0,81,152,0,233,164,0,164,397
09/30/2020,VRB,FL,ASO,ES,Towers with Radar,0,20,53,0,73,0,15,42,0,57,0,35,95,0,130,78,0,78,208
10/01/2020,VRB,FL,ASO,ES,Towers with Radar,0,25,35,0,60,0,11,37,0,48,0,36,72,0,108,94,0,94,202
10/02/2020,VRB,FL,ASO,ES,Towers with Radar,2,31,58,0,91,0,99,143,0,242,2,130,201,0,333,228,0,228,561
10/03/2020,VRB,FL,ASO,ES,Towers with Radar,1,4,21,0,26,0,0,26,0,26,1,4,47,0,52,65,0,65,117
10/04/2020,VRB,FL,ASO,ES,Towers with Radar,0,9,41,0,50,0,1,34,0,35,0,10,75,0,85,0,0,0,85
10/05/2020,VRB,FL,ASO,ES,Towers with Radar,0,19,42,0,61,0,46,80,0,126,0,65,122,0,187,215,0,215,402
10/06/2020,VRB,FL,ASO,ES,Towers with Radar,0,18,59,0,77,0,55,120,0,175,0,73,179,0,252,284,0,284,536
10/07/2020,VRB,FL,ASO,ES,Towers with Radar,0,48,47,0,95,0,59,143,0,202,0,107,190,0,297,338,0,338,635
10/08/2020,VRB,FL,ASO,ES,Towers with Radar,2,35,45,0,82,0,58,142,0,200,2,93,187,0,282,297,0,297,579
10/09/2020,VRB,FL,ASO,ES,Towers with Radar,2,27,36,0,65,0,33,120,0,153,2,60,156,0,218,194,0,194,412
10/10/2020,VRB,FL,ASO,ES,Towers with Radar,0,9,40,0,49,0,3,55,0,58,0,12,95,0,107,102,0,102,209
10/11/2020,VRB,FL,ASO,ES,Towers with Radar,0,9,31,0,40,0,0,68,0,68,0,9,99,0,108,13,0,13,121
10/12/2020,VRB,FL,ASO,ES,Towers with Radar,0,24,45,0,69,0,34,79,0,113,0,58,124,0,182,92,0,92,274
10/13/2020,VRB,FL,ASO,ES,Towers with Radar,0,35,58,0,93,0,83,163,0,246,0,118,221,0,339,292,0,292,631
10/14/2020,VRB,FL,ASO,ES,Towers with Radar,0,32,71,0,103,0,102,189,0,291,0,134,260,0,394,188,0,188,582
10/15/2020,VRB,FL,ASO,ES,Towers with Radar,2,37,65,0,104,0,83,147,0,230,2,120,212,0,334,225,0,225,559
10/16/2020,VRB,FL,ASO,ES,Towers with Radar,3,29,49,0,81,0,33,121,0,154,3,62,170,0,235,129,0,129,364
10/17/2020,VRB,FL,ASO,ES,Towers with Radar,0,16,42,0,58,0,3,66,0,69,0,19,108,0,127,90,0,90,217
10/18/2020,VRB,FL,ASO,ES,Towers with Radar,0,22,43,0,65,0,0,29,0,29,0,22,72,0,94,8,0,8,102
10/19/2020,VRB,FL,ASO,ES,Towers with Radar,1,46,45,2,94,0,8,27,1,36,1,54,72,3,130,33,0,33,163
10/20/2020,VRB,FL,ASO,ES,Towers with Radar,0,32,50,0,82,0,42,57,0,99,0,74,107,0,181,65,0,65,246
10/21/2020,VRB,FL,ASO,ES,Towers with Radar,0,35,57,0,92,0,19,55,0,74,0,54,112,0,166,91,0,91,257
10/22/2020,VRB,FL,ASO,ES,Towers with Radar,3,26,86,0,115,0,85,93,0,178,3,111,179,0,293,307,0,307,600
10/23/2020,VRB,FL,ASO,ES,Towers with Radar,0,33,76,0,109,0,56,125,0,181,0,89,201,0,290,298,0,298,588
10/24/2020,VRB,FL,ASO,ES,Towers with Radar,0,9,47,0,56,0,1,86,0,87,0,10,133,0,143,96,0,96,239
10/25/2020,VRB,FL,ASO,ES,Towers with Radar,0,17,40,0,57,0,3,40,2,45,0,20,80,2,102,55,0,55,157
10/26/2020,VRB,FL,ASO,ES,Towers with Radar,0,32,71,0,103,0,71,133,0,204,0,103,204,0,307,373,0,373,680
10/27/2020,VRB,FL,ASO,ES,Towers with Radar,0,39,67,0,106,0,50,147,0,197,0,89,214,0,303,304,0,304,607
10/28/2020,VRB,FL,ASO,ES,Towers with Radar,0,62,84,0,146,0,80,141,0,221,0,142,225,0,367,291,0,291,658
10/29/2020,VRB,FL,ASO,ES,Towers with Radar,2,37,71,0,110,0,58,120,0,178,2,95,191,0,288,186,0,186,474
10/30/2020,VRB,FL,ASO,ES,Towers with Radar,2,39,56,0,97,0,32,121,0,153,2,71,177,0,250,106,0,106,356
10/31/2020,VRB,FL,ASO,ES,Towers with Radar,0,17,42,0,59,0,3,79,0,82,0,20,121,0,141,83,0,83,224
11/01/2020,VRB,FL,ASO,ES,Towers with Radar,0,38,43,0,81,0,4,42,0,46,0,42,85,0,127,0,0,0,127
11/02/2020,VRB,FL,ASO,ES,Towers with Radar,4,32,31,0,67,0,26,36,0,62,4,58,67,0,129,43,0,43,172
11/03/2020,VRB,FL,ASO,ES,Towers with Radar,0,21,40,1,62,0,5,130,1,136,0,26,170,2,198,93,9,102,300
11/04/2020,VRB,FL,ASO,ES,Towers with Radar,0,36,56,0,92,0,66,104,0,170,0,102,160,0,262,212,0,212,474
11/05/2020,VRB,FL,ASO,ES,Towers with Radar,2,38,47,0,87,0,65,91,0,156,2,103,138,0,243,163,0,163,406
11/06/2020,VRB,FL,ASO,ES,Towers with Radar,2,36,53,0,91,0,51,114,2,167,2,87,167,2,258,194,0,194,452
11/07/2020,VRB,FL,ASO,ES,Towers with Radar,0,11,39,0,50,0,0,34,0,34,0,11,73,0,84,0,0,0,84
11/08/2020,VRB,FL,ASO,ES,Towers with Radar,0,16,19,0,35,0,0,1,0,1,0,16,20,0,36,0,0,0,36
11/09/2020,VRB,FL,ASO,ES,Towers with Radar,2,3,11,0,16,0,0,8,0,8,2,3,19,0,24,2,0,2,26
11/10/2020,VRB,FL,ASO,ES,Towers with Radar,0,32,40,0,72,0,17,41,0,58,0,49,81,0,130,42,0,42,172
11/11/2020,VRB,FL,ASO,ES,Towers with Radar,0,21,32,0,53,0,20,43,1,64,0,41,75,1,117,47,0,47,164
11/12/2020,VRB,FL,ASO,ES,Towers with Radar,2,22,48,2,74,0,29,41,0,70,2,51,89,2,144,101,0,101,245
11/13/2020,VRB,FL,ASO,ES,Towers with Radar,1,50,82,0,133,0,48,72,0,120,1,98,154,0,253,174,0,174,427
11/14/2020,VRB,FL,ASO,ES,Towers with Radar,0,11,57,0,68,0,0,119,0,119,0,11,176,0,187,110,0,110,297
11/15/2020,VRB,FL,ASO,ES,Towers with Radar,5,20,45,0,70,0,0,18,0,18,5,20,63,0,88,1,0,1,89
11/16/2020,VRB,FL,ASO,ES,Towers with Radar,1,47,64,4,116,0,71,125,0,196,1,118,189,4,312,225,0,225,537
11/17/2020,VRB,FL,ASO,ES,Towers with Radar,0,28,42,0,70,0,89,138,0,227,0,117,180,0,297,185,0,185,482
11/18/2020,VRB,FL,ASO,ES,Towers with Radar,0,38,50,0,88,0,43,130,0,173,0,81,180,0,261,120,0,120,381
11/19/2020,VRB,FL,ASO,ES,Towers with Radar,2,35,57,0,94,0,32,54,0,86,2,67,111,0,180,62,0,62,242
11/20/2020,VRB,FL,ASO,ES,Towers with Radar,1,5,9,0,15,0,14,12,0,26,1,19,21,0,41,4,0,4,45
11/21/2020,VRB,FL,ASO,ES,Towers with Radar,0,22,76,0,98,0,2,40,0,42,0,24,116,0,140,12,0,12,152
11/22/2020,VRB,FL,ASO,ES,Towers with Radar,0,25,56,0,81,0,0,23,0,23,0,25,79,0,104,0,0,0,104
11/23/2020,VRB,FL,ASO,ES,Towers with Radar,1,42,81,0,124,0,21,77,0,98,1,63,158,0,222,107,0,107,329
11/24/2020,VRB,FL,ASO,ES,Towers with Radar,2,35,82,0,119,0,72,172,0,244,2,107,254,0,363,332,0,332,695
11/25/2020,VRB,FL,ASO,ES,Towers with Radar,1,26,76,1,104,0,34,161,0,195,1,60,237,1,299,322,0,322,621
11/26/2020,VRB,FL,ASO,ES,Towers with Radar,0,12,10,0,22,0,3,28,0,31,0,15,38,0,53,16,0,16,69
11/27/2020,VRB,FL,ASO,ES,Towers with Radar,2,21,41,0,64,0,11,110,0,121,2,32,151,0,185,266,0,266,451
11/28/2020,VRB,FL,ASO,ES,Towers with Radar,0,24,56,0,80,0,16,107,0,123,0,40,163,0,203,72,0,72,275
11/29/2020,VRB,FL,ASO,ES,Towers with Radar,0,40,62,0,102,0,11,67,0,78,0,51,129,0,180,13,0,13,193
11/30/2020,VRB,FL,ASO,ES,Towers with Radar,1,34,43,0,78,0,21,68,0,89,1,55,111,0,167,105,0,105,272
12/01/2020,VRB,FL,ASO,ES,Towers with Radar,0,39,72,0,111,0,89,155,0,244,0,128,227,0,355,337,0,337,692
12/02/2020,VRB,FL,ASO,ES,Towers with Radar,0,38,62,0,100,0,71,166,0,237,0,109,228,0,337,325,0,325,662
12/03/2020,VRB,FL,ASO,ES,Towers with Radar,1,26,40,0,67,0,101,168,0,269,1,127,208,0,336,435,0,435,771
12/04/2020,VRB,FL,ASO,ES,Towers with Radar,2,31,64,0,97,0,71,140,1,212,2,102,204,1,309,327,0,327,636
12/05/2020,VRB,FL,ASO,ES,Towers with Radar,1,15,40,0,56,0,9,107,0,116,1,24,147,0,172,82,0,82,254
12/06/2020,VRB,FL,ASO,ES,Towers with Radar,0,33,40,0,73,0,2,110,0,112,0,35,150,0,185,37,0,37,222
12/07/2020,VRB,FL,ASO,ES,Towers with Radar,2,28,48,0,78,0,3,39,0,42,2,31,87,0,120,33,0,33,153
12/08/2020,VRB,FL,ASO,ES,Towers with Radar,0,29,38,0,67,0,115,195,0,310,0,144,233,0,377,346,0,346,723
12/09/2020,VRB,FL,ASO,ES,Towers with Radar,0,35,69,1,105,0,93,157,0,250,0,128,226,1,355,255,0,255,610
12/10/2020,VRB,FL,ASO,ES,Towers with Radar,2,32,57,0,91,0,81,188,0,269,2,113,245,0,360,255,0,255,615
12/11/2020,VRB,FL,ASO,ES,Towers with Radar,2,50,68,0,120,0,65,172,0,237,2,115,240,0,357,241,0,241,598
12/12/2020,VRB,FL,ASO,ES,Towers with Radar,0,16,70,0,86,0,3,43,0,46,0,19,113,0,132,35,0,35,167
12/13/2020,VRB,FL,ASO,ES,Towers with Radar,0,21,44,0,65,0,0,76,0,76,0,21,120,0,141,50,0,50,191
12/14/2020,VRB,FL,ASO,ES,Towers with Radar,2,33,52,0,87,0,51,145,0,196,2,84,197,0,283,168,0,168,451
12/15/2020,VRB,FL,ASO,ES,Towers with Radar,0,25,72,0,97,0,10,29,0,39,0,35,101,0,136,119,0,119,255
12/16/2020,VRB,FL,ASO,ES,Towers with Radar,1,33,61,0,95,0,27,108,0,135,1,60,169,0,230,284,0,284,514
12/17/2020,VRB,FL,ASO,ES,Towers with Radar,0,30,89,0,119,0,4,42,0,46,0,34,131,0,165,77,0,77,242
12/18/2020,VRB,FL,ASO,ES,Towers with Radar,2,30,81,0,113,0,44,139,0,183,2,74,220,0,296,189,0,189,485
12/19/2020,VRB,FL,ASO,ES,Towers with Radar,0,26,73,0,99,0,3,109,0,112,0,29,182,0,211,135,0,135,346
12/20/2020,VRB,FL,ASO,ES,Towers with Radar,0,28,37,0,65,0,5,65,0,70,0,33,102,0,135,54,0,54,189
12/21/2020,VRB,FL,ASO,ES,Towers with Radar,2,43,63,2,110,0,45,104,0,149,2,88,167,2,259,165,0,165,424
12/22/2020,VRB,FL,ASO,ES,Towers with Radar,2,41,44,3,90,0,44,116,0,160,2,85,160,3,250,224,0,224,474
12/23/2020,VRB,FL,ASO,ES,Towers with Radar,2,33,61,0,96,0,45,108,0,153,2,78,169,0,249,118,0,118,367
12/24/2020,VRB,FL,ASO,ES,Towers with Radar,0,11,16,0,27,0,5,44,0,49,0,16,60,0,76,60,0,60,136
12/25/2020,VRB,FL,ASO,ES,Towers with Radar,0,18,12,0,30,0,0,5,0,5,0,18,17,0,35,0,0,0,35
12/26/2020,VRB,FL,ASO,ES,Towers with Radar,0,44,59,0,103,0,4,92,0,96,0,48,151,0,199,32,0,32,231
12/27/2020,VRB,FL,ASO,ES,Towers with Radar,5,47,68,0,120,0,0,77,0,77,5,47,145,0,197,31,0,31,228
12/28/2020,VRB,FL,ASO,ES,Towers with Radar,3,44,73,0,120,0,21,90,2,113,3,65,163,2,233,79,0,79,312
12/29/2020,VRB,FL,ASO,ES,Towers with Radar,0,50,59,0,109,0,37,94,0,131,0,87,153,0,240,140,0,140,380
12/30/2020,VRB,FL,ASO,ES,Towers with Radar,1,20,59,0,80,0,24,89,0,113,1,44,148,0,193,149,0,149,342
12/31/2020,VRB,FL,ASO,ES,Towers with Radar,0,24,31,0,55,0,12,63,0,75,0,36,94,0,130,16,0,16,146
01/01/2021,VRB,FL,ASO,ES,Towers with Radar,2,21,24,0,47,0,2,22,0,24,2,23,46,0,71,0,0,0,71
01/02/2021,VRB,FL,ASO,ES,Towers with Radar,0,34,40,0,74,0,3,77,0,80,0,37,117,0,154,6,0,6,160
01/03/2021,VRB,FL,ASO,ES,Towers with Radar,2,40,51,0,93,0,0,52,0,52,2,40,103,0,145,10,0,10,155
01/04/2021,VRB,FL,ASO,ES,Towers with Radar,0,42,85,0,127,0,54,84,0,138,0,96,169,0,265,178,0,178,443
01/05/2021,VRB,FL,ASO,ES,Towers with Radar,1,37,70,0,108,0,62,128,0,190,1,99,198,0,298,309,0,309,607
01/06/2021,VRB,FL,ASO,ES,Towers with Radar,0,38,42,0,80,0,67,168,0,235,0,105,210,0,315,170,0,170,485
01/07/2021,VRB,FL,ASO,ES,Towers with Radar,2,40,55,1,98,0,52,141,0,193,2,92,196,1,291,201,0,201,492
01/08/2021,VRB,FL,ASO,ES,Towers with Radar,1,33,66,0,100,0,13,87,0,100,1,46,153,0,200,70,0,70,270
01/09/2021,VRB,FL,ASO,ES,Towers with Radar,0,19,39,0,58,0,2,74,0,76,0,21,113,0,134,55,0,55,189
01/10/2021,VRB,FL,ASO,ES,Towers with Radar,0,33,55,0,88,0,5,66,0,71,0,38,121,0,159,36,0,36,195
01/11/2021,VRB,FL,ASO,ES,Towers with Radar,1,58,43,2,104,0,66,145,2,213,1,124,188,4,317,276,0,276,593
01/12/2021,VRB,FL,ASO,ES,Towers with Radar,0,45,70,2,117,0,36,63,0,99,0,81,133,2,216,164,0,164,380
01/13/2021,VRB,FL,ASO,ES,Towers with Radar,0,54,86,4,144,0,42,110,0,152,0,96,196,4,296,257,0,257,553
01/14/2021,VRB,FL,ASO,ES,Towers with Radar,0,56,90,0,146,0,60,126,0,186,0,116,216,0,332,314,0,314,646
01/15/2021,VRB,FL,ASO,ES,Towers with Radar,0,55,87,0,142,0,63,132,0,195,0,118,219,0,337,259,0,259,596
01/16/2021,VRB,FL,ASO,ES,Towers with Radar,0,9,39,1,49,0,0,35,0,35,0,9,74,1,84,25,0,25,109
01/17/2021,VRB,FL,ASO,ES,Towers with Radar,0,24,49,0,73,0,6,98,0,104,0,30,147,0,177,58,0,58,235
01/18/2021,VRB,FL,ASO,ES,Towers with Radar,0,43,60,0,103,0,75,127,0,202,0,118,187,0,305,226,0,226,531
01/19/2021,VRB,FL,ASO,ES,Towers with Radar,0,34,68,0,102,0,75,161,0,236,0,109,229,0,338,270,0,270,608
01/20/2021,VRB,FL,ASO,ES,Towers with Radar,0,27,59,1,87,0,68,173,0,241,0,95,232,1,328,184,0,184,512
01/21/2021,VRB,FL,ASO,ES,Towers with Radar,0,39,55,0,94,0,62,121,0,183,0,101,176,0,277,149,0,149,426
01/22/2021,VRB,FL,ASO,ES,Towers with Radar,0,41,90,8,139,0,70,142,0,212,0,111,232,8,351,157,35,192,543
01/23/2021,VRB,FL,ASO,ES,Towers with Radar,0,13,38,0,51,0,0,49,0,49,0,13,87,0,100,5,0,5,105
01/24/2021,VRB,FL,ASO,ES,Towers with Radar,0,18,46,1,65,0,0,46,1,47,0,18,92,2,112,31,0,31,143
01/25/2021,VRB,FL,ASO,ES,Towers with Radar,0,48,62,0,110,0,26,74,0,100,0,74,136,0,210,62,0,62,272
01/26/2021,VRB,FL,ASO,ES,Towers with Radar,0,31,58,0,89,0,39,112,0,151,0,70,170,0,240,176,0,176,416
01/27/2021,VRB,FL,ASO,ES,Towers with Radar,0,35,69,0,104,0,40,118,0,158,0,75,187,0,262,186,0,186,448
01/28/2021,VRB,FL,ASO,ES,Towers with Radar,0,23,43,0,66,0,15,76,0,91,0,38,119,0,157,14,0,14,171
01/29/2021,VRB,FL,ASO,ES,Towers with Radar,1,35,81,0,117,0,33,128,2,163,1,68,209,2,280,124,0,124,404
01/30/2021,VRB,FL,ASO,ES,Towers with Radar,0,14,31,0,45,0,20,81,0,101,0,34,112,0,146,69,0,69,215
01/31/2021,VRB,FL,ASO,ES,Towers with Radar,0,14,41,0,55,0,3,74,0,77,0,17,115,0,132,24,0,24,156
02/01/2021,VRB,FL,ASO,ES,Towers with Radar,0,30,50,0,80,0,16,49,0,65,0,46,99,0,145,54,0,54,199
02/02/2021,VRB,FL,ASO,ES,Towers with Radar,0,15,42,0,57,0,24,45,0,69,0,39,87,0,126,41,0,41,167
02/03/2021,VRB,FL,ASO,ES,Towers with Radar,0,52,81,0,133,0,82,119,0,201,0,134,200,0,334,258,0,258,592
02/04/2021,VRB,FL,ASO,ES,Towers with Radar,0,48,67,0,115,0,66,151,0,217,0,114,218,0,332,289,0,289,621
02/05/2021,VRB,FL,ASO,ES,Towers with Radar,2,31,58,0,91,0,3,129,0,132,2,34,187,0,223,133,0,133,356
02/06/2021,VRB,FL,ASO,ES,Towers with Radar,1,25,43,0,69,0,3,17,0,20,1,28,60,0,89,26,0,26,115
02/07/2021,VRB,FL,ASO,ES,Towers with Radar,0,21,41,0,62,0,1,25,0,26,0,22,66,0,88,12,0,12,100
02/08/2021,VRB,FL,ASO,ES,Towers with Radar,0,22,55,0,77,0,0,15,0,15,0,22,70,0,92,4,0,4,96
02/09/2021,VRB,FL,ASO,ES,Towers with Radar,0,42,70,0,112,0,40,83,0,123,0,82,153,0,235,224,0,224,459
02/10/2021,VRB,FL,ASO,ES,Towers with Radar,0,32,69,0,101,0,58,145,0,203,0,90,214,0,304,250,0,250,554
02/11/2021,VRB,FL,ASO,ES,Towers with Radar,0,48,76,0,124,0,59,101,0,160,0,107,177,0,284,151,0,151,435
02/12/2021,VRB,FL,ASO,ES,Towers with Radar,2,29,70,0,101,0,45,142,4,191,2,74,212,4,292,105,14,119,411
02/13/2021,VRB,FL,ASO,ES,Towers with Radar,1,20,29,0,50,0,0,23,0,23,1,20,52,0,73,49,0,49,122
02/14/2021,VRB,FL,ASO,ES,Towers with Radar,0,22,30,0,52,0,1,23,0,24,0,23,53,0,76,5,0,5,81
02/15/2021,VRB,FL,ASO,ES,Towers with Radar,0,26,38,0,64,0,1,95,0,96,0,27,133,0,160,142,0,142,302
02/16/2021,VRB,FL,ASO,ES,Towers with Radar,0,29,54,0,83,0,3,80,0,83,0,32,134,0,166,65,0,65,231
02/17/2021,VRB,FL,ASO,ES,Towers with Radar,0,62,89,0,151,0,8,46,0,54,0,70,135,0,205,11,0,11,216
02/18/2021,VRB,FL,ASO,ES,Towers with Radar,3,44,53,0,100,0,65,142,0,207,3,109,195,0,307,96,0,96,403
02/19/2021,VRB,FL,ASO,ES,Towers with Radar,2,16,66,0,84,0,13,53,0,66,2,29,119,0,150,34,0,34,184
02/20/2021,VRB,FL,ASO,ES,Towers with Radar,0,23,63,0,86,0,7,57,0,64,0,30,120,0,150,4,0,4,154
02/21/2021,VRB,FL,ASO,ES,Towers with Radar,0,24,61,0,85,0,2,40,1,43,0,26,101,1,128,2,0,2,130
02/22/2021,VRB,FL,ASO,ES,Towers with Radar,0,47,43,0,90,0,86,118,0,204,0,133,161,0,294,279,0,279,573
02/23/2021,VRB,FL,ASO,ES,Towers with Radar,0,33,58,0,91,0,91,89,0,180,0,124,147,0,271,152,0,152,423
02/24/2021,VRB,FL,ASO,ES,Towers with Radar,1,42,68,2,113,0,79,135,0,214,1,121,203,2,327,248,0,248,575
02/25/2021,VRB,FL,ASO,ES,Towers with Radar,2,33,72,0,107,0,85,169,0,254,2,118,241,0,361,212,0,212,573
02/26/2021,VRB,FL,ASO,ES,Towers with Radar,2,43,77,0,122,0,65,130,0,195,2,108,207,0,317,200,0,200,517
02/27/2021,VRB,FL,ASO,ES,Towers with Radar,1,32,57,0,90,0,6,90,0,96,1,38,147,0,186,17,0,17,203
02/28/2021,VRB,FL,ASO,ES,Towers with Radar,0,40,53,0,93,0,3,50,0,53,0,43,103,0,146,4,0,4,150
03/01/2021,VRB,FL,ASO,ES,Towers with Radar,0,46,52,0,98,0,61,109,0,170,0,107,161,0,268,170,0,170,438
03/02/2021,VRB,FL,ASO,ES,Towers with Radar,1,35,68,0,104,0,62,97,0,159,1,97,165,0,263,279,0,279,542
03/03/2021,VRB,FL,ASO,ES,Towers with Radar,0,30,72,2,104,0,24,52,0,76,0,54,124,2,180,43,0,43,223
03/04/2021,VRB,FL,ASO,ES,Towers with Radar,2,45,97,0,144,0,23,75,0,98,2,68,172,0,242,105,0,105,347
03/05/2021,VRB,FL,ASO,ES,Towers with Radar,3,34,76,0,113,0,78,152,0,230,3,112,228,0,343,132,0,132,475
03/06/2021,VRB,FL,ASO,ES,Towers with Radar,0,24,51,0,75,0,0,22,0,22,0,24,73,0,97,3,0,3,100
03/07/2021,VRB,FL,ASO,ES,Towers with Radar,2,19,42,0,63,0,0,12,0,12,2,19,54,0,75,0,0,0,75
03/08/2021,VRB,FL,ASO,ES,Towers with Radar,0,36,55,0,91,0,47,62,0,109,0,83,117,0,200,235,0,235,435
03/09/2021,VRB,FL,ASO,ES,Towers with Radar,0,28,62,0,90,0,51,93,0,144,0,79,155,0,234,210,0,210,444
03/10/2021,VRB,FL,ASO,ES,Towers with Radar,0,43,54,0,97,0,70,113,0,183,0,113,167,0,280,340,0,340,620
03/11/2021,VRB,FL,ASO,ES,Towers with Radar,5,33,58,0,96,0,63,157,0,220,5,96,215,0,316,252,0,252,568
03/12/2021,VRB,FL,ASO,ES,Towers with Radar,1,46,76,0,123,0,69,102,0,171,1,115,178,0,294,309,0,309,603
03/13/2021,VRB,FL,ASO,ES,Towers with Radar,0,33,59,0,92,0,44,67,0,111,0,77,126,0,203,31,0,31,234
03/14/2021,VRB,FL,ASO,ES,Towers with Radar,3,25,57,0,85,0,19,63,0,82,3,44,120,0,167,1,0,1,168
03/15/2021,VRB,FL,ASO,ES,Towers with Radar,0,30,59,0,89,0,61,116,0,177,0,91,175,0,266,247,0,247,513
03/16/2021,VRB,FL,ASO,ES,Towers with Radar,0,27,55,0,82,0,57,104,0,161,0,84,159,0,243,210,0,210,453
03/17/2021,VRB,FL,ASO,ES,Towers with Radar,0,39,67,0,106,0,46,152,0,198,0,85,219,0,304,166,0,166,470
03/18/2021,VRB,FL,ASO,ES,Towers with Radar,2,17,71,0,90,0,23,88,0,111,2,40,159,0,201,145,0,145,346
03/19/2021,VRB,FL,ASO,ES,Towers with Radar,3,34,65,0,102,0,48,100,0,148,3,82,165,0,250,347,0,347,597
03/20/2021,VRB,FL,ASO,ES,Towers with Radar,0,41,46,0,87,0,0,43,0,43,0,41,89,0,130,17,0,17,147
03/21/2021,VRB,FL,ASO,ES,Towers with Radar,0,28,58,0,86,0,0,50,0,50,0,28,108,0,136,24,0,24,160
03/22/2021,VRB,FL,ASO,ES,Towers with Radar,0,35,47,1,83,0,25,78,0,103,0,60,125,1,186,170,0,170,356
03/23/2021,VRB,FL,ASO,ES,Towers with Radar,0,48,60,0,108,0,71,119,0,190,0,119,179,0,298,336,0,336,634
03/24/2021,VRB,FL,ASO,ES,Towers with Radar,0,33,64,0,97,0,76,131,0,207,0,109,195,0,304,284,0,284,588
03/25/2021,VRB,FL,ASO,ES,Towers with Radar,2,35,68,2,107,1,38,105,0,144,3,73,173,2,251,192,0,192,443
03/26/2021,VRB,FL,ASO,ES,Towers with Radar,2,39,81,0,122,0,28,109,0,137,2,67,190,0,259,167,0,167,426
03/27/2021,VRB,FL,ASO,ES,Towers with Radar,0,35,64,0,99,0,39,64,0,103,0,74,128,0,202,87,0,87,289
03/28/2021,VRB,FL,ASO,ES,Towers with Radar,1,37,67,0,105,0,7,57,0,64,1,44,124,0,169,4,0,4,173
03/29/2021,VRB,FL,ASO,ES,Towers with Radar,0,38,62,0,100,0,18,77,0,95,0,56,139,0,195,154,0,154,349
03/30/2021,VRB,FL,ASO,ES,Towers with Radar,0,48,37,0,85,0,47,134,0,181,0,95,171,0,266,334,0,334,600
03/31/2021,VRB,FL,ASO,ES,Towers with Radar,0,31,51,0,82,0,46,93,0,139,0,77,144,0,221,219,0,219,440
04/01/2021,VRB,FL,ASO,ES,Towers with Radar,2,38,70,0,110,0,17,44,0,61,2,55,114,0,171,37,0,37,208
04/02/2021,VRB,FL,ASO,ES,Towers with Radar,2,44,35,0,81,0,11,51,0,62,2,55,86,0,143,40,0,40,183
04/03/2021,VRB,FL,ASO,ES,Towers with Radar,3,38,41,0,82,0,1,36,0,37,3,39,77,0,119,28,0,28,147
04/04/2021,VRB,FL,ASO,ES,Towers with Radar,0,24,43,0,67,0,2,59,0,61,0,26,102,0,128,26,0,26,154
04/05/2021,VRB,FL,ASO,ES,Towers with Radar,2,54,74,0,130,0,63,120,0,183,2,117,194,0,313,184,0,184,497
04/06/2021,VRB,FL,ASO,ES,Towers with Radar,0,29,55,0,84,0,48,171,0,219,0,77,226,0,303,312,0,312,615
04/07/2021,VRB,FL,ASO,ES,Towers with Radar,2,36,60,0,98,0,47,136,0,183,2,83,196,0,281,231,0,231,512
04/08/2021,VRB,FL,ASO,ES,Towers with Radar,2,30,58,0,90,0,70,132,0,202,2,100,190,0,292,215,0,215,507
04/09/2021,VRB,FL,ASO,ES,Towers with Radar,3,26,61,0,90,0,53,155,0,208,3,79,216,0,298,260,0,260,558
04/10/2021,VRB,FL,ASO,ES,Towers with Radar,0,14,49,0,63,0,9,70,0,79,0,23,119,0,142,41,0,41,183
04/11/2021,VRB,FL,ASO,ES,Towers with Radar,4,16,28,0,48,0,0,16,0,16,4,16,44,0,64,0,0,0,64
04/12/2021,VRB,FL,ASO,ES,Towers with Radar,2,60,57,0,119,0,42,89,0,131,2,102,146,0,250,137,0,137,387
04/13/2021,VRB,FL,ASO,ES,Towers with Radar,0,23,53,0,76,0,65,146,0,211,0,88,199,0,287,235,0,235,522
04/14/2021,VRB,FL,ASO,ES,Towers with Radar,0,45,52,0,97,0,67,140,0,207,0,112,192,0,304,331,0,331,635
04/15/2021,VRB,FL,ASO,ES,Towers with Radar,2,49,65,0,116,0,49,148,0,197,2,98,213,0,313,187,0,187,500
04/16/2021,VRB,FL,ASO,ES,Towers with Radar,2,27,40,0,69,0,9,79,0,88,2,36,119,0,157,112,0,112,269
04/17/2021,VRB,FL,ASO,ES,Towers with Radar,1,19,48,0,68,0,0,33,0,33,1,19,81,0,101,42,0,42,143
04/18/2021,VRB,FL,ASO,ES,Towers with Radar,0,28,39,0,67,0,0,22,0,22,0,28,61,0,89,44,0,44,133
04/19/2021,VRB,FL,ASO,ES,Towers with Radar,0,16,26,0,42,0,0,8,0,8,0,16,34,0,50,0,0,0,50
04/20/2021,VRB,FL,ASO,ES,Towers with Radar,0,29,28,0,57,0,2,18,0,20,0,31,46,0,77,95,0,95,172
04/21/2021,VRB,FL,ASO,ES,Towers with Radar,1,56,50,0,107,0,31,75,0,106,1,87,125,0,213,174,0,174,387
04/22/2021,VRB,FL,ASO,ES,Towers with Radar,3,23,63,0,89,0,45,145,1,191,3,68,208,1,280,155,0,155,435
04/23/2021,VRB,FL,ASO,ES,Towers with Radar,2,36,52,0,90,0,12,118,0,130,2,48,170,0,220,155,0,155,375
04/24/2021,VRB,FL,ASO,ES,Towers with Radar,1,13,38,0,52,0,0,49,0,49,1,13,87,0,101,16,0,16,117
04/25/2021,VRB,FL,ASO,ES,Towers with Radar,0,16,51,0,67,0,0,30,0,30,0,16,81,0,97,9,0,9,106
04/26/2021,VRB,FL,ASO,ES,Towers with Radar,0,48,77,0,125,0,45,139,0,184,0,93,216,0,309,147,0,147,456
04/27/2021,VRB,FL,ASO,ES,Towers with Radar,0,37,61,0,98,0,47,122,0,169,0,84,183,0,267,225,0,225,492
04/28/2021,VRB,FL,ASO,ES,Towers with Radar,0,40,71,2,113,0,33,139,2,174,0,73,210,4,287,188,0,188,475
04/29/2021,VRB,FL,ASO,ES,Towers with Radar,1,51,56,0,108,0,21,80,0,101,1,72,136,0,209,146,0,146,355
04/30/2021,VRB,FL,ASO,ES,Towers with Radar,2,42,49,0,93,0,2,101,0,103,2,44,150,0,196,106,0,106,302
05/01/2021,VRB,FL,ASO,ES,Towers with Radar,0,32,45,0,77,0,0,71,0,71,0,32,116,0,148,7,0,7,155
05/02/2021,VRB,FL,ASO,ES,Towers with Radar,0,39,41,0,80,0,1,57,0,58,0,40,98,0,138,8,0,8,146
05/03/2021,VRB,FL,ASO,ES,Towers with Radar,0,18,45,0,63,0,1,87,0,88,0,19,132,0,151,68,0,68,219
05/04/2021,VRB,FL,ASO,ES,Towers with Radar,0,28,51,2,81,0,43,119,0,162,0,71,170,2,243,117,0,117,360
05/05/2021,VRB,FL,ASO,ES,Towers with Radar,0,40,45,0,85,0,32,113,0,145,0,72,158,0,230,121,0,121,351
05/06/2021,VRB,FL,ASO,ES,Towers with Radar,4,33,65,0,102,0,26,42,0,68,4,59,107,0,170,111,0,111,281
05/07/2021,VRB,FL,ASO,ES,Towers with Radar,3,44,67,0,114,0,22,119,0,141,3,66,186,0,255,104,0,104,359
05/08/2021,VRB,FL,ASO,ES,Towers with Radar,0,27,31,0,58,0,4,76,0,80,0,31,107,0,138,12,0,12,150
05/09/2021,VRB,FL,ASO,ES,Towers with Radar,0,25,25,0,50,0,3,43,0,46,0,28,68,0,96,6,0,6,102
05/10/2021,VRB,FL,ASO,ES,Towers with Radar,0,23,56,2,81,0,36,68,0,104,0,59,124,2,185,181,0,181,366
05/11/2021,VRB,FL,ASO,ES,Towers with Radar,0,30,57,0,87,0,63,104,0,167,0,93,161,0,254,218,0,218,472
05/12/2021,VRB,FL,ASO,ES,Towers with Radar,0,29,46,0,75,0,34,116,0,150,0,63,162,0,225,124,0,124,349
05/13/2021,VRB,FL,ASO,ES,Towers with Radar,2,37,104,0,143,0,15,60,0,75,2,52,164,0,218,69,0,69,287
05/14/2021,VRB,FL,ASO,ES,Towers with Radar,2,45,55,0,102,0,32,102,0,134,2,77,157,0,236,108,0,108,344
05/15/2021,VRB,FL,ASO,ES,Towers with Radar,1,19,29,0,49,0,0,51,0,51,1,19,80,0,100,26,0,26,126
05/16/2021,VRB,FL,ASO,ES,Towers with Radar,0,22,55,0,77,0,5,53,0,58,0,27,108,0,135,11,0,11,146
05/17/2021,VRB,FL,ASO,ES,Towers with Radar,0,34,45,0,79,0,52,96,0,148,0,86,141,0,227,135,0,135,362
05/18/2021,VRB,FL,ASO,ES,Towers with Radar,0,37,50,0,87,0,22,48,0,70,0,59,98,0,157,56,0,56,213
05/19/2021,VRB,FL,ASO,ES,Towers with Radar,3,51,51,0,105,0,32,57,0,89,3,83,108,0,194,73,0,73,267
05/20/2021,VRB,FL,ASO,ES,Towers with Radar,3,38,55,0,96,0,24,61,0,85,3,62,116,0,181,61,0,61,242
05/21/2021,VRB,FL,ASO,ES,Towers with Radar,2,30,43,0,75,0,35,82,0,117,2,65,125,0,192,65,0,65,257
05/22/2021,VRB,FL,ASO,ES,Towers with Radar,0,20,18,0,38,0,3,59,0,62,0,23,77,0,100,16,0,16,116
05/23/2021,VRB,FL,ASO,ES,Towers with Radar,0,11,57,0,68,0,14,75,0,89,0,25,132,0,157,1,0,1,158
05/24/2021,VRB,FL,ASO,ES,Towers with Radar,0,46,43,0,89,0,60,124,0,184,0,106,167,0,273,286,0,286,559
05/25/2021,VRB,FL,ASO,ES,Towers with Radar,0,39,63,2,104,0,55,130,3,188,0,94,193,5,292,231,4,235,527
05/26/2021,VRB,FL,ASO,ES,Towers with Radar,0,30,66,0,96,0,67,137,0,204,0,97,203,0,300,194,0,194,494
05/27/2021,VRB,FL,ASO,ES,Towers with Radar,2,35,66,2,105,0,58,136,0,194,2,93,202,2,299,213,0,213,512
05/28/2021,VRB,FL,ASO,ES,Towers with Radar,2,38,52,0,92,0,45,128,0,173,2,83,180,0,265,93,0,93,358
05/29/2021,VRB,FL,ASO,ES,Towers with Radar,1,16,34,0,51,0,1,43,0,44,1,17,77,0,95,33,0,33,128
05/30/2021,VRB,FL,ASO,ES,Towers with Radar,0,21,12,0,33,0,0,44,0,44,0,21,56,0,77,0,0,0,77
05/31/2021,VRB,FL,ASO,ES,Towers with Radar,1,17,37,0,55,0,1,73,0,74,1,18,110,0,129,34,0,34,163
06/01/2021,VRB,FL,ASO,ES,Towers with Radar,1,24,36,0,61,0,50,103,0,153,1,74,139,0,214,145,0,145,359
06/02/2021,VRB,FL,ASO,ES,Towers with Radar,0,27,51,0,78,0,14,59,0,73,0,41,110,0,151,106,0,106,257
06/03/2021,VRB,FL,ASO,ES,Towers with Radar,2,22,44,0,68,0,26,42,0,68,2,48,86,0,136,149,0,149,285
06/04/2021,VRB,FL,ASO,ES,Towers with Radar,2,24,46,1,73,0,45,58,1,104,2,69,104,2,177,140,0,140,317
06/05/2021,VRB,FL,ASO,ES,Towers with Radar,0,29,50,0,79,0,4,72,1,77,0,33,122,1,156,20,0,20,176
06/06/2021,VRB,FL,ASO,ES,Towers with Radar,0,11,52,0,63,0,0,39,0,39,0,11,91,0,102,0,0,0,102
06/07/2021,VRB,FL,ASO,ES,Towers with Radar,2,33,52,2,89,0,66,118,0,184,2,99,170,2,273,168,0,168,441
06/08/2021,VRB,FL,ASO,ES,Towers with Radar,1,18,53,0,72,0,66,162,0,228,1,84,215,0,300,158,0,158,458
06/09/2021,VRB,FL,ASO,ES,Towers with Radar,1,32,63,0,96,0,68,138,0,206,1,100,201,0,302,172,0,172,474
06/10/2021,VRB,FL,ASO,ES,Towers with Radar,2,16,49,2,69,0,66,119,0,185,2,82,168,2,254,243,0,243,497
06/11/2021,VRB,FL,ASO,ES,Towers with Radar,2,27,51,0,80,0,62,113,0,175,2,89,164,0,255,163,0,163,418
06/12/2021,VRB,FL,ASO,ES,Towers with Radar,0,14,41,0,55,0,3,66,0,69,0,17,107,0,124,30,0,30,154
06/13/2021,VRB,FL,ASO,ES,Towers with Radar,0,18,31,0,49,0,3,64,0,67,0,21,95,0,116,44,1,45,161
06/14/2021,VRB,FL,ASO,ES,Towers with Radar,2,10,43,0,55,0,38,60,0,98,2,48,103,0,153,109,0,109,262
06/15/2021,VRB,FL,ASO,ES,Towers with Radar,0,16,44,0,60,0,61,59,0,120,0,77,103,0,180,195,0,195,375
06/16/2021,VRB,FL,ASO,ES,Towers with Radar,0,28,54,0,82,0,55,80,0,135,0,83,134,0,217,177,0,177,394
06/17/2021,VRB,FL,ASO,ES,Towers with Radar,2,24,56,2,84,0,54,126,0,180,2,78,182,2,264,145,0,145,409
06/18/2021,VRB,FL,ASO,ES,Towers with Radar,2,9,75,0,86,0,66,134,0,200,2,75,209,0,286,154,0,154,440
06/19/2021,VRB,FL,ASO,ES,Towers with Radar,1,17,37,0,55,0,2,64,0,66,1,19,101,0,121,33,0,33,154
06/20/2021,VRB,FL,ASO,ES,Towers with Radar,0,6,33,0,39,0,0,41,0,41,0,6,74,0,80,42,0,42,122
06/21/2021,VRB,FL,ASO,ES,Towers with Radar,3,9,43,0,55,0,53,84,0,137,3,62,127,0,192,172,0,172,364
06/22/2021,VRB,FL,ASO,ES,Towers with Radar,2,14,26,0,42,0,33,63,0,96,2,47,89,0,138,132,0,132,270
06/23/2021,VRB,FL,ASO,ES,Towers with Radar,0,16,41,0,57,0,52,92,0,144,0,68,133,0,201,178,0,178,379
06/24/2021,VRB,FL,ASO,ES,Towers with Radar,3,24,48,2,77,0,52,97,0,149,3,76,145,2,226,156,0,156,382
06/25/2021,VRB,FL,ASO,ES,Towers with Radar,3,9,47,0,59,0,41,66,0,107,3,50,113,0,166,154,0,154,320
06/26/2021,VRB,FL,ASO,ES,Towers with Radar,1,9,20,0,30,0,0,61,0,61,1,9,81,0,91,3,0,3,94
06/27/2021,VRB,FL,ASO,ES,Towers with Radar,0,12,46,0,58,0,4,52,0,56,0,16,98,0,114,23,0,23,137
06/28/2021,VRB,FL,ASO,ES,Towers with Radar,2,24,39,0,65,0,48,99,0,147,2,72,138,0,212,112,0,112,324
06/29/2021,VRB,FL,ASO,ES,Towers with Radar,0,14,45,0,59,0,31,67,1,99,0,45,112,1,158,143,0,143,301
06/30/2021,VRB,FL,ASO,ES,Towers with Radar,0,19,42,0,61,0,45,64,0,109,0,64,106,0,170,141,0,141,311
07/01/2021,VRB,FL,ASO,ES,Towers with Radar,2,27,45,0,74,0,55,80,0,135,2,82,125,0,209,212,0,212,421
07/02/2021,VRB,FL,ASO,ES,Towers with Radar,2,14,57,0,73,0,46,86,0,132,2,60,143,0,205,139,0,139,344
07/03/2021,VRB,FL,ASO,ES,Towers with Radar,0,7,31,0,38,0,0,33,0,33,0,7,64,0,71,4,0,4,75
07/04/2021,VRB,FL,ASO,ES,Towers with Radar,0,9,14,1,24,0,0,56,3,59,0,9,70,4,83,7,0,7,90
07/05/2021,VRB,FL,ASO,ES,Towers with Radar,2,5,18,0,25,0,0,21,2,23,2,5,39,2,48,4,0,4,52
07/06/2021,VRB,FL,ASO,ES,Towers with Radar,0,14,19,0,33,0,0,5,1,6,0,14,24,1,39,0,0,0,39
07/07/2021,VRB,FL,ASO,ES,Towers with Radar,0,13,13,0,26,0,32,23,0,55,0,45,36,0,81,76,0,76,157
07/08/2021,VRB,FL,ASO,ES,Towers with Radar,2,17,42,0,61,0,68,98,0,166,2,85,140,0,227,165,0,165,392
07/09/2021,VRB,FL,ASO,ES,Towers with Radar,1,24,39,1,65,0,90,94,2,186,1,114,133,3,251,247,0,247,498
07/10/2021,VRB,FL,ASO,ES,Towers with Radar,0,23,28,0,51,0,69,55,0,124,0,92,83,0,175,189,0,189,364
07/11/2021,VRB,FL,ASO,ES,Towers with Radar,0,13,15,0,28,0,1,33,0,34,0,14,48,0,62,6,0,6,68
07/12/2021,VRB,FL,ASO,ES,Towers with Radar,2,21,37,0,60,0,47,87,0,134,2,68,124,0,194,123,0,123,317
07/13/2021,VRB,FL,ASO,ES,Towers with Radar,0,19,40,0,59,0,48,89,0,137,0,67,129,0,196,143,0,143,339
07/14/2021,VRB,FL,ASO,ES,Towers with Radar,0,18,47,0,65,0,56,77,0,133,0,74,124,0,198,223,0,223,421
07/15/2021,VRB,FL,ASO,ES,Towers with Radar,2,29,62,0,93,0,79,140,0,219,2,108,202,0,312,195,0,195,507
07/16/2021,VRB,FL,ASO,ES,Towers with Radar,2,26,29,0,57,0,80,134,0,214,2,106,163,0,271,238,0,238,509
07/17/2021,VRB,FL,ASO,ES,Towers with Radar,0,9,29,0,38,0,0,67,0,67,0,9,96,0,105,22,0,22,127
07/18/2021,VRB,FL,ASO,ES,Towers with Radar,0,8,27,0,35,0,2,57,1,60,0,10,84,1,95,5,0,5,100
07/19/2021,VRB,FL,ASO,ES,Towers with Radar,2,19,45,2,68,0,56,109,0,165,2,75,154,2,233,197,0,197,430
07/20/2021,VRB,FL,ASO,ES,Towers with Radar,0,32,30,0,62,1,55,117,0,173,1,87,147,0,235,206,0,206,441
07/21/2021,VRB,FL,ASO,ES,Towers with Radar,0,26,52,0,78,0,52,96,0,148,0,78,148,0,226,284,0,284,510
07/22/2021,VRB,FL,ASO,ES,Towers with Radar,3,24,42,0,69,0,89,79,0,168,3,113,121,0,237,257,0,257,494
07/23/2021,VRB,FL,ASO,ES,Towers with Radar,2,16,44,0,62,0,67,88,0,155,2,83,132,0,217,213,0,213,430
07/24/2021,VRB,FL,ASO,ES,Towers with Radar,0,11,41,0,52,0,3,54,0,57,0,14,95,0,109,2,0,2,111
07/25/2021,VRB,FL,ASO,ES,Towers with Radar,0,5,28,0,33,0,3,40,0,43,0,8,68,0,76,19,0,19,95
07/26/2021,VRB,FL,ASO,ES,Towers with Radar,3,24,36,2,65,0,58,72,0,130,3,82,108,2,195,183,0,183,378
07/27/2021,VRB,FL,ASO,ES,Towers with Radar,0,11,53,0,64,0,82,94,0,176,0,93,147,0,240,227,0,227,467
07/28/2021,VRB,FL,ASO,ES,Towers with Radar,0,9,39,0,48,0,58,82,0,140,0,67,121,0,188,168,0,168,356
07/29/2021,VRB,FL,ASO,ES,Towers with Radar,2,19,33,0,54,0,90,96,0,186,2,109,129,0,240,213,0,213,453
07/30/2021,VRB,FL,ASO,ES,Towers with Radar,2,14,41,0,57,0,92,106,0,198,2,106,147,0,255,208,0,208,463
07/31/2021,VRB,FL,ASO,ES,Towers with Radar,0,2,21,0,23,0,10,58,0,68,0,12,79,0,91,30,0,30,121
08/01/2021,VRB,FL,ASO,ES,Towers with Radar,1,14,25,0,40,0,2,39,1,42,1,16,64,1,82,5,0,5,87
08/02/2021,VRB,FL,ASO,ES,Towers with Radar,2,14,42,4,62,0,76,61,0,137,2,90,103,4,199,188,0,188,387
08/03/2021,VRB,FL,ASO,ES,Towers with Radar,0,13,26,0,39,0,60,50,0,110,0,73,76,0,149,131,0,131,280
08/04/2021,VRB,FL,ASO,ES,Towers with Radar,0,21,50,0,71,0,48,51,0,99,0,69,101,0,170,125,0,125,295
08/05/2021,VRB,FL,ASO,ES,Towers with Radar,2,28,33,0,63,0,40,116,0,156,2,68,149,0,219,150,0,150,369
08/06/2021,VRB,FL,ASO,ES,Towers with Radar,2,31,42,0,75,0,87,93,0,180,2,118,135,0,255,242,0,242,497
08/07/2021,VRB,FL,ASO,ES,Towers with Radar,0,2,37,0,39,0,6,42,4,52,0,8,79,4,91,28,0,28,119
08/08/2021,VRB,FL,ASO,ES,Towers with Radar,0,6,28,0,34,0,3,66,0,69,0,9,94,0,103,14,0,14,117
08/09/2021,VRB,FL,ASO,ES,Towers with Radar,2,32,34,0,68,0,54,71,0,125,2,86,105,0,193,212,0,212,405
08/10/2021,VRB,FL,ASO,ES,Towers with Radar,0,34,17,0,51,0,77,97,0,174,0,111,114,0,225,215,0,215,440
08/11/2021,VRB,FL,ASO,ES,Towers with Radar,2,30,41,0,73,0,101,99,0,200,2,131,140,0,273,219,0,219,492
08/12/2021,VRB,FL,ASO,ES,Towers with Radar,2,35,54,0,91,0,69,107,0,176,2,104,161,0,267,167,0,167,434
08/13/2021,VRB,FL,ASO,ES,Towers with Radar,2,28,24,0,54,0,72,63,0,135,2,100,87,0,189,221,0,221,410
08/14/2021,VRB,FL,ASO,ES,Towers with Radar,0,8,8,0,16,0,3,14,0,17,0,11,22,0,33,17,0,17,50
08/15/2021,VRB,FL,ASO,ES,Towers with Radar,1,6,23,0,30,0,3,35,0,38,1,9,58,0,68,16,0,16,84
08/16/2021,VRB,FL,ASO,ES,Towers with Radar,2,18,50,0,70,0,53,80,0,133,2,71,130,0,203,234,0,234,437
08/17/2021,VRB,FL,ASO,ES,Towers with Radar,0,34,40,0,74,0,88,87,0,175,0,122,127,0,249,251,0,251,500
08/18/2021,VRB,FL,ASO,ES,Towers with Radar,0,22,41,0,63,0,87,117,0,204,0,109,158,0,267,295,0,295,562
08/19/2021,VRB,FL,ASO,ES,Towers with Radar,2,30,26,0,58,0,87,112,1,200,2,117,138,1,258,331,0,331,589
08/20/2021,VRB,FL,ASO,ES,Towers with Radar,0,16,31,0,47,0,89,94,0,183,0,105,125,0,230,187,0,187,417
08/21/2021,VRB,FL,ASO,ES,Towers with Radar,0,6,20,0,26,0,4,52,0,56,0,10,72,0,82,38,0,38,120
08/22/2021,VRB,FL,ASO,ES,Towers with Radar,0,13,18,0,31,0,2,64,0,66,0,15,82,0,97,3,0,3,100
08/23/2021,VRB,FL,ASO,ES,Towers with Radar,2,17,25,0,44,0,62,55,1,118,2,79,80,1,162,387,0,387,549
08/24/2021,VRB,FL,ASO,ES,Towers with Radar,0,30,42,0,72,0,83,101,0,184,0,113,143,0,256,412,0,412,668
08/25/2021,VRB,FL,ASO,ES,Towers with Radar,0,30,41,0,71,0,86,97,0,183,0,116,138,0,254,235,0,235,489
08/26/2021,VRB,FL,ASO,ES,Towers with Radar,1,27,37,0,65,0,54,77,0,131,1,81,114,0,196,258,0,258,454
08/27/2021,VRB,FL,ASO,ES,Towers with Radar,2,14,23,0,39,0,37,41,0,78,2,51,64,0,117,69,0,69,186
08/28/2021,VRB,FL,ASO,ES,Towers with Radar,0,6,26,0,32,0,1,65,0,66,0,7,91,0,98,26,0,26,124
08/29/2021,VRB,FL,ASO,ES,Towers with Radar,1,9,26,0,36,0,3,58,0,61,1,12,84,0,97,29,0,29,126
08/30/2021,VRB,FL,ASO,ES,Towers with Radar,0,22,44,0,66,0,140,100,0,240,0,162,144,0,306,351,0,351,657
08/31/2021,VRB,FL,ASO,ES,Towers with Radar,0,32,31,0,63,0,110,86,0,196,0,142,117,0,259,373,0,373,632
09/01/2021,VRB,FL,ASO,ES,Towers with Radar,0,34,28,0,62,0,76,88,0,164,0,110,116,0,226,270,0,270,496
09/02/2021,VRB,FL,ASO,ES,Towers with Radar,1,36,51,0,88,0,92,68,0,160,1,128,119,0,248,287,0,287,535
09/03/2021,VRB,FL,ASO,ES,Towers with Radar,2,37,45,0,84,0,36,50,0,86,2,73,95,0,170,190,0,190,360
09/04/2021,VRB,FL,ASO,ES,Towers with Radar,0,8,26,0,34,0,2,52,0,54,0,10,78,0,88,16,0,16,104
09/05/2021,VRB,FL,ASO,ES,Towers with Radar,0,5,13,0,18,0,1,43,0,44,0,6,56,0,62,0,0,0,62
09/06/2021,VRB,FL,ASO,ES,Towers with Radar,2,8,26,0,36,0,1,129,0,130,2,9,155,0,166,130,0,130,296
09/07/2021,VRB,FL,ASO,ES,Towers with Radar,0,27,29,0,56,0,84,86,0,170,0,111,115,0,226,353,0,353,579
09/08/2021,VRB,FL,ASO,ES,Towers with Radar,0,38,32,0,70,0,87,119,0,206,0,125,151,0,276,289,0,289,565
09/09/2021,VRB,FL,ASO,ES,Towers with Radar,0,27,30,0,57,0,77,71,0,148,0,104,101,0,205,284,0,284,489
09/10/2021,VRB,FL,ASO,ES,Towers with Radar,0,20,35,0,55,0,78,99,0,177,0,98,134,0,232,387,0,387,619
09/11/2021,VRB,FL,ASO,ES,Towers with Radar,0,16,16,0,32,0,4,45,0,49,0,20,61,0,81,25,0,25,106
09/12/2021,VRB,FL,ASO,ES,Towers with Radar,0,13,40,0,53,0,0,48,0,48,0,13,88,0,101,10,0,10,111
09/13/2021,VRB,FL,ASO,ES,Towers with Radar,0,15,15,0,30,0,58,70,0,128,0,73,85,0,158,411,0,411,569
09/14/2021,VRB,FL,ASO,ES,Towers with Radar,0,46,41,0,87,0,77,119,0,196,0,123,160,0,283,481,0,481,764
09/15/2021,VRB,FL,ASO,ES,Towers with Radar,0,42,37,0,79,0,90,106,0,196,0,132,143,0,275,322,0,322,597
09/16/2021,VRB,FL,ASO,ES,Towers with Radar,0,28,42,0,70,0,63,103,0,166,0,91,145,0,236,284,0,284,520
09/17/2021,VRB,FL,ASO,ES,Towers with Radar,0,18,26,2,46,0,79,84,0,163,0,97,110,2,209,225,0,225,434
09/18/2021,VRB,FL,ASO,ES,Towers with Radar,0,13,26,0,39,0,1,57,0,58,0,14,83,0,97,9,0,9,106
09/19/2021,VRB,FL,ASO,ES,Towers with Radar,0,8,33,0,41,0,0,43,0,43,0,8,76,0,84,44,0,44,128
09/20/2021,VRB,FL,ASO,ES,Towers with Radar,0,8,27,0,35,0,71,56,0,127,0,79,83,0,162,119,0,119,281
09/21/2021,VRB,FL,ASO,ES,Towers with Radar,0,27,32,0,59,0,52,44,0,96,0,79,76,0,155,46,0,46,201
09/22/2021,VRB,FL,ASO,ES,Towers with Radar,0,33,45,0,78,0,76,79,0,155,0,109,124,0,233,54,0,54,287
09/23/2021,VRB,FL,ASO,ES,Towers with Radar,0,32,40,0,72,0,21,45,3,69,0,53,85,3,141,64,0,64,205
09/24/2021,VRB,FL,ASO,ES,Towers with Radar,0,28,37,0,65,0,118,120,0,238,0,146,157,0,303,110,0,110,413
09/25/2021,VRB,FL,ASO,ES,Towers with Radar,0,14,26,0,40,0,8,73,0,81,0,22,99,0,121,25,0,25,146
09/26/2021,VRB,FL,ASO,ES,Towers with Radar,0,13,27,1,41,0,3,70,0,73,0,16,97,1,114,10,0,10,124
09/27/2021,VRB,FL,ASO,ES,Towers with Radar,0,17,35,0,52,0,95,131,0,226,0,112,166,0,278,80,0,80,358
09/28/2021,VRB,FL,ASO,ES,Towers with Radar,0,33,31,0,64,0,101,110,0,211,0,134,141,0,275,84,0,84,359
09/29/2021,VRB,FL,ASO,ES,Towers with Radar,0,22,45,0,67,0,113,106,0,219,0,135,151,0,286,73,0,73,359
09/30/2021,VRB,FL,ASO,ES,Towers with Radar,0,20,43,0,63,0,138,130,0,268,0,158,173,0,331,101,0,101,432
10/01/2021,VRB,FL,ASO,ES,Towers with Radar,0,16,50,0,66,0,87,85,0,172,0,103,135,0,238,37,0,37,275
10/02/2021,VRB,FL,ASO,ES,Towers with Radar,0,12,24,0,36,0,4,44,0,48,0,16,68,0,84,6,0,6,90
10/03/2021,VRB,FL,ASO,ES,Towers with Radar,0,24,34,0,58,0,8,34,0,42,0,32,68,0,100,13,0,13,113
10/04/2021,VRB,FL,ASO,ES,Towers with Radar,0,15,36,0,51,0,127,106,0,233,0,142,142,0,284,92,0,92,376
10/05/2021,VRB,FL,ASO,ES,Towers with Radar,0,30,35,0,65,0,112,107,1,220,0,142,142,1,285,51,0,51,336
10/06/2021,VRB,FL,ASO,ES,Towers with Radar,0,32,41,1,74,0,112,153,0,265,0,144,194,1,339,50,0,50,389
10/07/2021,VRB,FL,ASO,ES,Towers with Radar,0,46,30,0,76,0,69,76,1,146,0,115,106,1,222,83,0,83,305
10/08/2021,VRB,FL,ASO,ES,Towers with Radar,0,26,35,0,61,0,53,68,0,121,0,79,103,0,182,25,0,25,207
10/09/2021,VRB,FL,ASO,ES,Towers with Radar,0,13,27,0,40,0,7,19,0,26,0,20,46,0,66,17,0,17,83
10/10/2021,VRB,FL,ASO,ES,Towers with Radar,0,9,31,0,40,0,1,50,0,51,0,10,81,0,91,36,0,36,127
10/11/2021,VRB,FL,ASO,ES,Towers with Radar,0,32,48,0,80,0,114,97,0,211,0,146,145,0,291,71,0,71,362
10/12/2021,VRB,FL,ASO,ES,Towers with Radar,0,56,41,1,98,0,94,122,1,217,0,150,163,2,315,102,0,102,417
10/13/2021,VRB,FL,ASO,ES,Towers with Radar,0,41,48,0,89,0,96,136,0,232,0,137,184,0,321,82,0,82,403
10/14/2021,VRB,FL,ASO,ES,Towers with Radar,0,45,48,0,93,0,133,101,0,234,0,178,149,0,327,59,0,59,386
10/15/2021,VRB,FL,ASO,ES,Towers with Radar,0,28,43,0,71,0,59,85,0,144,0,87,128,0,215,107,0,107,322
10/16/2021,VRB,FL,ASO,ES,Towers with Radar,0,22,15,0,37,0,45,101,0,146,0,67,116,0,183,48,0,48,231
10/17/2021,VRB,FL,ASO,ES,Towers with Radar,0,17,41,0,58,0,8,35,0,43,0,25,76,0,101,10,0,10,111
10/18/2021,VRB,FL,ASO,ES,Towers with Radar,0,28,34,0,62,0,101,98,0,199,0,129,132,0,261,87,0,87,348
10/19/2021,VRB,FL,ASO,ES,Towers with Radar,0,32,38,0,70,0,107,103,0,210,0,139,141,0,280,64,0,64,344
10/20/2021,VRB,FL,ASO,ES,Towers with Radar,0,51,54,0,105,0,118,106,0,224,0,169,160,0,329,51,0,51,380
10/21/2021,VRB,FL,ASO,ES,Towers with Radar,0,42,49,0,91,0,110,148,0,258,0,152,197,0,349,37,0,37,386
10/22/2021,VRB,FL,ASO,ES,Towers with Radar,0,39,37,0,76,0,113,127,0,240,0,152,164,0,316,110,0,110,426
10/23/2021,VRB,FL,ASO,ES,Towers with Radar,0,29,18,0,47,0,8,51,0,59,0,37,69,0,106,22,0,22,128
10/24/2021,VRB,FL,ASO,ES,Towers with Radar,0,21,35,0,56,0,0,32,0,32,0,21,67,0,88,11,0,11,99
10/25/2021,VRB,FL,ASO,ES,Towers with Radar,0,38,40,0,78,0,59,24,0,83,0,97,64,0,161,54,0,54,215
10/26/2021,VRB,FL,ASO,ES,Towers with Radar,0,50,47,0,97,0,43,63,0,106,0,93,110,0,203,26,0,26,229
10/27/2021,VRB,FL,ASO,ES,Towers with Radar,0,51,46,0,97,0,155,152,0,307,0,206,198,0,404,28,0,28,432
10/28/2021,VRB,FL,ASO,ES,Towers with Radar,0,40,52,2,94,0,60,62,0,122,0,100,114,2,216,11,0,11,227
10/29/2021,VRB,FL,ASO,ES,Towers with Radar,0,56,60,0,116,0,69,59,0,128,0,125,119,0,244,16,0,16,260
10/30/2021,VRB,FL,ASO,ES,Towers with Radar,0,24,35,0,59,0,14,30,0,44,0,38,65,0,103,7,0,7,110
10/31/2021,VRB,FL,ASO,ES,Towers with Radar,0,20,60,0,80,0,34,48,0,82,0,54,108,0,162,15,0,15,177
11/01/2021,VRB,FL,ASO,ES,Towers with Radar,0,68,57,0,125,0,131,105,0,236,0,199,162,0,361,64,0,64,425
11/02/2021,VRB,FL,ASO,ES,Towers with Radar,0,43,37,0,80,0,106,126,0,232,0,149,163,0,312,86,0,86,398
11/03/2021,VRB,FL,ASO,ES,Towers with Radar,0,55,42,0,97,0,113,149,0,262,0,168,191,0,359,49,0,49,408
11/04/2021,VRB,FL,ASO,ES,Towers with Radar,0,73,44,0,117,0,127,116,0,243,0,200,160,0,360,42,0,42,402
11/05/2021,VRB,FL,ASO,ES,Towers with Radar,0,14,10,0,24,0,0,0,0,0,0,14,10,0,24,0,0,0,24
11/06/2021,VRB,FL,ASO,ES,Towers with Radar,0,11,21,0,32,0,4,30,0,34,0,15,51,0,66,5,0,5,71
11/07/2021,VRB,FL,ASO,ES,Towers with Radar,0,21,30,0,51,0,3,40,0,43,0,24,70,0,94,27,0,27,121
11/08/2021,VRB,FL,ASO,ES,Towers with Radar,0,43,39,0,82,0,118,112,0,230,0,161,151,0,312,39,0,39,351
11/09/2021,VRB,FL,ASO,ES,Towers with Radar,0,51,40,0,91,0,157,142,0,299,0,208,182,0,390,108,0,108,498
11/10/2021,VRB,FL,ASO,ES,Towers with Radar,0,94,55,0,149,0,21,9,0,30,0,115,64,0,179,34,0,34,213
11/11/2021,VRB,FL,ASO,ES,Towers with Radar,0,50,53,0,103,0,129,84,0,213,0,179,137,0,316,56,0,56,372
11/12/2021,VRB,FL,ASO,ES,Towers with Radar,0,42,44,0,86,0,16,25,0,41,0,58,69,0,127,64,0,64,191
11/13/2021,VRB,FL,ASO,ES,Towers with Radar,0,31,55,0,86,0,6,81,0,87,0,37,136,0,173,34,0,34,207
11/14/2021,VRB,FL,ASO,ES,Towers with Radar,0,32,49,0,81,0,2,87,0,89,0,34,136,0,170,40,0,40,210
11/15/2021,VRB,FL,ASO,ES,Towers with Radar,0,18,22,0,40,0,160,143,0,303,0,178,165,0,343,34,0,34,377
11/16/2021,VRB,FL,ASO,ES,Towers with Radar,0,11,29,0,40,0,135,156,0,291,0,146,185,0,331,36,0,36,367
11/17/2021,VRB,FL,ASO,ES,Towers with Radar,0,26,27,0,53,0,150,129,0,279,0,176,156,0,332,44,0,44,376
11/18/2021,VRB,FL,ASO,ES,Towers with Radar,0,44,33,0,77,0,79,66,0,145,0,123,99,0,222,8,0,8,230
11/19/2021,VRB,FL,ASO,ES,Towers with Radar,0,15,34,0,49,0,30,59,0,89,0,45,93,0,138,35,0,35,173
11/20/2021,VRB,FL,ASO,ES,Towers with Radar,0,21,42,0,63,0,4,12,0,16,0,25,54,0,79,6,0,6,85
11/21/2021,VRB,FL,ASO,ES,Towers with Radar,0,27,31,0,58,0,0,4,0,4,0,27,35,0,62,0,0,0,62
11/22/2021,VRB,FL,ASO,ES,Towers with Radar,0,90,38,0,128,0,51,74,0,125,0,141,112,0,253,21,0,21,274
11/23/2021,VRB,FL,ASO,ES,Towers with Radar,0,68,57,0,125,0,52,82,0,134,0,120,139,0,259,42,0,42,301
11/24/2021,VRB,FL,ASO,ES,Towers with Radar,0,68,46,0,114,0,113,112,0,225,0,181,158,0,339,47,0,47,386
11/25/2021,VRB,FL,ASO,ES,Towers with Radar,0,8,11,0,19,0,0,44,0,44,0,8,55,0,63,9,0,9,72
11/26/2021,VRB,FL,ASO,ES,Towers with Radar,0,30,33,0,63,0,5,119,0,124,0,35,152,0,187,82,0,82,269
11/27/2021,VRB,FL,ASO,ES,Towers with Radar,0,31,39,0,70,0,9,57,0,66,0,40,96,0,136,20,0,20,156
11/28/2021,VRB,FL,ASO,ES,Towers with Radar,0,29,52,0,81,0,3,57,0,60,0,32,109,0,141,14,0,14,155
11/29/2021,VRB,FL,ASO,ES,Towers with Radar,0,90,52,0,142,0,124,137,0,261,0,214,189,0,403,67,0,67,470
11/30/2021,VRB,FL,ASO,ES,Towers with Radar,0,58,29,2,89,0,142,133,0,275,0,200,162,2,364,87,0,87,451
12/01/2021,VRB,FL,ASO,ES,Towers with Radar,0,82,34,0,116,0,136,145,0,281,0,218,179,0,397,122,0,122,519
12/02/2021,VRB,FL,ASO,ES,Towers with Radar,0,80,52,0,132,0,132,121,1,254,0,212,173,1,386,58,0,58,444
12/03/2021,VRB,FL,ASO,ES,Towers with Radar,0,73,39,0,112,0,99,144,0,243,0,172,183,0,355,56,0,56,411
12/04/2021,VRB,FL,ASO,ES,Towers with Radar,0,19,33,0,52,0,14,113,5,132,0,33,146,5,184,34,9,43,227
12/05/2021,VRB,FL,ASO,ES,Towers with Radar,0,26,32,0,58,0,12,70,0,82,0,38,102,0,140,13,0,13,153
12/06/2021,VRB,FL,ASO,ES,Towers with Radar,0,88,39,0,127,0,64,61,0,125,0,152,100,0,252,66,0,66,318
12/07/2021,VRB,FL,ASO,ES,Towers with Radar,0,54,33,0,87,0,121,115,0,236,0,175,148,0,323,16,0,16,339
12/08/2021,VRB,FL,ASO,ES,Towers with Radar,0,82,39,0,121,0,117,123,0,240,0,199,162,0,361,71,0,71,432
12/09/2021,VRB,FL,ASO,ES,Towers with Radar,0,85,40,0,125,0,68,94,0,162,0,153,134,0,287,45,0,45,332
12/10/2021,VRB,FL,ASO,ES,Towers with Radar,0,70,45,0,115,0,95,157,0,252,0,165,202,0,367,77,0,77,444
12/11/2021,VRB,FL,ASO,ES,Towers with Radar,0,18,37,0,55,0,21,90,0,111,0,39,127,0,166,46,0,46,212
12/12/2021,VRB,FL,ASO,ES,Towers with Radar,0,22,48,0,70,0,4,75,0,79,0,26,123,0,149,24,0,24,173
12/13/2021,VRB,FL,ASO,ES,Towers with Radar,0,69,48,0,117,0,112,126,0,238,0,181,174,0,355,93,0,93,448
12/14/2021,VRB,FL,ASO,ES,Towers with Radar,0,59,40,0,99,0,26,28,0,54,0,85,68,0,153,48,0,48,201
12/15/2021,VRB,FL,ASO,ES,Towers with Radar,0,84,55,0,139,0,33,59,0,92,0,117,114,0,231,89,0,89,320
12/16/2021,VRB,FL,ASO,ES,Towers with Radar,0,54,50,0,104,0,116,142,0,258,0,170,192,0,362,53,0,53,415
12/17/2021,VRB,FL,ASO,ES,Towers with Radar,0,38,60,0,98,0,117,161,0,278,0,155,221,0,376,56,0,56,432
12/18/2021,VRB,FL,ASO,ES,Towers with Radar,0,18,42,0,60,0,6,56,0,62,0,24,98,0,122,28,0,28,150
12/19/2021,VRB,FL,ASO,ES,Towers with Radar,0,31,37,0,68,0,2,35,0,37,0,33,72,0,105,37,0,37,142
12/20/2021,VRB,FL,ASO,ES,Towers with Radar,0,51,43,0,94,0,17,53,0,70,0,68,96,0,164,70,0,70,234
12/21/2021,VRB,FL,ASO,ES,Towers with Radar,0,20,29,0,49,0,1,14,0,15,0,21,43,0,64,0,0,0,64
12/22/2021,VRB,FL,ASO,ES,Towers with Radar,0,64,38,0,102,0,58,120,0,178,0,122,158,0,280,101,0,101,381
12/23/2021,VRB,FL,ASO,ES,Towers with Radar,0,51,69,0,120,0,75,138,0,213,0,126,207,0,333,66,0,66,399
12/24/2021,VRB,FL,ASO,ES,Towers with Radar,0,14,22,0,36,0,0,35,0,35,0,14,57,0,71,28,0,28,99
12/25/2021,VRB,FL,ASO,ES,Towers with Radar,0,26,5,0,31,0,0,30,0,30,0,26,35,0,61,2,0,2,63
12/26/2021,VRB,FL,ASO,ES,Towers with Radar,0,35,59,0,94,0,0,76,0,76,0,35,135,0,170,31,0,31,201
12/27/2021,VRB,FL,ASO,ES,Towers with Radar,0,58,50,0,108,0,7,138,0,145,0,65,188,0,253,86,0,86,339
12/28/2021,VRB,FL,ASO,ES,Towers with Radar,0,51,58,0,109,0,46,140,0,186,0,97,198,0,295,65,0,65,360
12/29/2021,VRB,FL,ASO,ES,Towers with Radar,0,46,57,0,103,0,47,155,0,202,0,93,212,0,305,85,0,85,390
12/30/2021,VRB,FL,ASO,ES,Towers with Radar,0,45,58,0,103,0,46,126,0,172,0,91,184,0,275,58,0,58,333
12/31/2021,VRB,FL,ASO,ES,Towers with Radar,0,26,47,0,73,0,0,58,0,58,0,26,105,0,131,5,0,5,136
01/01/2022,VRB,FL,ASO,ES,Towers with Radar,0,17,30,0,47,0,0,25,0,25,0,17,55,0,72,13,0,13,85
01/02/2022,VRB,FL,ASO,ES,Towers with Radar,0,37,44,0,81,0,2,68,0,70,0,39,112,0,151,29,0,29,180
01/03/2022,VRB,FL,ASO,ES,Towers with Radar,0,54,45,0,99,0,30,48,0,78,0,84,93,0,177,77,0,77,254
01/04/2022,VRB,FL,ASO,ES,Towers with Radar,0,55,49,0,104,0,94,88,0,182,0,149,137,0,286,18,0,18,304
01/05/2022,VRB,FL,ASO,ES,Towers with Radar,0,53,54,0,107,0,79,94,1,174,0,132,148,1,281,54,0,54,335
01/06/2022,VRB,FL,ASO,ES,Towers with Radar,0,84,49,0,133,0,96,138,0,234,0,180,187,0,367,43,0,43,410
01/07/2022,VRB,FL,ASO,ES,Towers with Radar,0,43,49,0,92,0,57,123,0,180,0,100,172,0,272,73,0,73,345
01/08/2022,VRB,FL,ASO,ES,Towers with Radar,0,34,32,1,67,0,7,53,4,64,0,41,85,5,131,4,0,4,135
01/09/2022,VRB,FL,ASO,ES,Towers with Radar,0,30,30,6,66,0,2,43,1,46,0,32,73,7,112,24,0,24,136
01/10/2022,VRB,FL,ASO,ES,Towers with Radar,0,39,27,0,66,0,66,74,0,140,0,105,101,0,206,38,0,38,244
01/11/2022,VRB,FL,ASO,ES,Towers with Radar,0,36,44,0,80,0,59,47,0,106,0,95,91,0,186,11,0,11,197
01/12/2022,VRB,FL,ASO,ES,Towers with Radar,0,43,54,2,99,0,57,37,0,94,0,100,91,2,193,12,0,12,205
01/13/2022,VRB,FL,ASO,ES,Towers with Radar,0,59,63,0,122,0,87,104,0,191,0,146,167,0,313,83,0,83,396
01/14/2022,VRB,FL,ASO,ES,Towers with Radar,0,83,70,0,153,0,44,120,0,164,0,127,190,0,317,37,0,37,354
01/15/2022,VRB,FL,ASO,ES,Towers with Radar,0,27,49,0,76,0,25,95,0,120,0,52,144,0,196,57,0,57,253
01/16/2022,VRB,FL,ASO,ES,Towers with Radar,0,21,14,0,35,0,2,7,0,9,0,23,21,0,44,0,0,0,44
01/17/2022,VRB,FL,ASO,ES,Towers with Radar,0,21,27,0,48,0,57,71,0,128,0,78,98,0,176,19,0,19,195
01/18/2022,VRB,FL,ASO,ES,Towers with Radar,0,22,32,0,54,0,107,144,0,251,0,129,176,0,305,60,0,60,365
01/19/2022,VRB,FL,ASO,ES,Towers with Radar,0,17,29,0,46,0,95,135,0,230,0,112,164,0,276,85,0,85,361
01/20/2022,VRB,FL,ASO,ES,Towers with Radar,0,23,53,0,76,0,76,131,1,208,0,99,184,1,284,93,0,93,377
01/21/2022,VRB,FL,ASO,ES,Towers with Radar,0,63,53,0,116,0,88,122,0,210,0,151,175,0,326,51,0,51,377
01/22/2022,VRB,FL,ASO,ES,Towers with Radar,0,19,32,0,51,0,0,0,0,0,0,19,32,0,51,0,0,0,51
01/23/2022,VRB,FL,ASO,ES,Towers with Radar,0,19,48,0,67,0,0,15,0,15,0,19,63,0,82,20,0,20,102
01/24/2022,VRB,FL,ASO,ES,Towers with Radar,0,44,54,0,98,0,116,140,0,256,0,160,194,0,354,76,0,76,430
01/25/2022,VRB,FL,ASO,ES,Towers with Radar,0,37,50,0,87,0,118,79,0,197,0,155,129,0,284,81,0,81,365
01/26/2022,VRB,FL,ASO,ES,Towers with Radar,0,44,40,3,87,0,0,0,0,0,0,44,40,3,87,0,0,0,87
01/27/2022,VRB,FL,ASO,ES,Towers with Radar,0,62,49,0,111,0,42,73,0,115,0,104,122,0,226,82,0,82,308
01/28/2022,VRB,FL,ASO,ES,Towers with Radar,0,36,55,0,91,0,8,14,0,22,0,44,69,0,113,4,0,4,117
01/29/2022,VRB,FL,ASO,ES,Towers with Radar,0,22,8,0,30,0,4,19,0,23,0,26,27,0,53,10,0,10,63
01/30/2022,VRB,FL,ASO,ES,Towers with Radar,0,16,42,0,58,0,4,94,0,98,0,20,136,0,156,32,0,32,188
01/31/2022,VRB,FL,ASO,ES,Towers with Radar,1,62,30,2,95,0,129,162,0,291,1,191,192,2,386,108,0,108,494
02/01/2022,VRB,FL,ASO,ES,Towers with Radar,0,46,45,0,91,0,132,121,0,253,0,178,166,0,344,62,0,62,406
02/02/2022,VRB,FL,ASO,ES,Towers with Radar,0,54,41,0,95,0,91,116,0,207,0,145,157,0,302,22,0,22,324
02/03/2022,VRB,FL,ASO,ES,Towers with Radar,0,46,40,0,86,0,74,102,0,176,0,120,142,0,262,85,0,85,347
02/04/2022,VRB,FL,ASO,ES,Towers with Radar,0,48,46,0,94,0,94,139,0,233,0,142,185,0,327,65,0,65,392
02/05/2022,VRB,FL,ASO,ES,Towers with Radar,0,28,46,0,74,0,0,7,0,7,0,28,53,0,81,23,0,23,104
02/06/2022,VRB,FL,ASO,ES,Towers with Radar,0,37,26,0,63,0,3,25,0,28,0,40,51,0,91,50,0,50,141
02/07/2022,VRB,FL,ASO,ES,Towers with Radar,0,35,41,0,76,0,32,37,0,69,0,67,78,0,145,71,0,71,216
02/08/2022,VRB,FL,ASO,ES,Towers with Radar,0,41,59,0,100,0,50,38,0,88,0,91,97,0,188,19,0,19,207
02/09/2022,VRB,FL,ASO,ES,Towers with Radar,0,78,64,1,143,0,110,65,0,175,0,188,129,1,318,183,0,183,501
02/10/2022,VRB,FL,ASO,ES,Towers with Radar,0,60,86,0,146,0,140,177,0,317,0,200,263,0,463,115,0,115,578
02/11/2022,VRB,FL,ASO,ES,Towers with Radar,0,51,72,0,123,0,152,135,0,287,0,203,207,0,410,83,0,83,493
02/12/2022,VRB,FL,ASO,ES,Towers with Radar,0,51,30,0,81,0,78,92,0,170,0,129,122,0,251,36,0,36,287
02/13/2022,VRB,FL,ASO,ES,Towers with Radar,0,25,35,0,60,0,1,14,0,15,0,26,49,0,75,10,0,10,85
02/14/2022,VRB,FL,ASO,ES,Towers with Radar,0,53,47,0,100,0,61,55,0,116,0,114,102,0,216,36,0,36,252
02/15/2022,VRB,FL,ASO,ES,Towers with Radar,0,39,36,0,75,0,82,90,0,172,0,121,126,0,247,61,0,61,308
02/16/2022,VRB,FL,ASO,ES,Towers with Radar,0,54,41,0,95,0,84,52,0,136,0,138,93,0,231,75,0,75,306
02/17/2022,VRB,FL,ASO,ES,Towers with Radar,0,52,51,0,103,0,69,53,0,122,0,121,104,0,225,40,0,40,265
02/18/2022,VRB,FL,ASO,ES,Towers with Radar,0,69,53,0,122,0,65,156,0,221,0,134,209,0,343,122,0,122,465
02/19/2022,VRB,FL,ASO,ES,Towers with Radar,0,58,60,0,118,0,0,11,0,11,0,58,71,0,129,14,0,14,143
02/20/2022,VRB,FL,ASO,ES,Towers with Radar,0,27,50,0,77,0,1,72,0,73,0,28,122,0,150,29,0,29,179
02/21/2022,VRB,FL,ASO,ES,Towers with Radar,0,59,42,0,101,0,151,113,0,264,0,210,155,0,365,151,0,151,516
02/22/2022,VRB,FL,ASO,ES,Towers with Radar,0,56,57,0,113,0,144,133,0,277,0,200,190,0,390,76,0,76,466
02/23/2022,VRB,FL,ASO,ES,Towers with Radar,0,65,46,0,111,0,105,105,0,210,0,170,151,0,321,103,0,103,424
02/24/2022,VRB,FL,ASO,ES,Towers with Radar,0,55,30,0,85,0,109,107,0,216,0,164,137,0,301,99,0,99,400
02/25/2022,VRB,FL,ASO,ES,Towers with Radar,0,46,30,0,76,0,120,144,0,264,0,166,174,0,340,117,0,117,457
02/26/2022,VRB,FL,ASO,ES,Towers with Radar,0,46,59,0,105,0,61,81,0,142,0,107,140,0,247,57,0,57,304
02/27/2022,VRB,FL,ASO,ES,Towers with Radar,0,30,59,0,89,0,3,69,0,72,0,33,128,0,161,69,0,69,230
02/28/2022,VRB,FL,ASO,ES,Towers with Radar,0,75,51,0,126,0,100,114,0,214,0,175,165,0,340,186,0,186,526
03/01/2022,VRB,FL,ASO,ES,Towers with Radar,0,79,69,0,148,0,34,76,0,110,0,113,145,0,258,64,0,64,322
03/02/2022,VRB,FL,ASO,ES,Towers with Radar,0,74,62,0,136,0,131,180,0,311,0,205,242,0,447,136,0,136,583
03/03/2022,VRB,FL,ASO,ES,Towers with Radar,0,58,55,0,113,0,113,136,0,249,0,171,191,0,362,256,0,256,618
03/04/2022,VRB,FL,ASO,ES,Towers with Radar,0,60,40,3,103,0,137,105,0,242,0,197,145,3,345,269,0,269,614
03/05/2022,VRB,FL,ASO,ES,Towers with Radar,0,47,48,0,95,0,19,61,0,80,0,66,109,0,175,25,0,25,200
03/06/2022,VRB,FL,ASO,ES,Towers with Radar,0,23,45,0,68,0,4,38,0,42,0,27,83,0,110,0,0,0,110
03/07/2022,VRB,FL,ASO,ES,Towers with Radar,0,38,44,0,82,0,105,63,0,168,0,143,107,0,250,282,0,282,532
03/08/2022,VRB,FL,ASO,ES,Towers with Radar,0,43,43,0,86,0,106,99,0,205,0,149,142,0,291,160,0,160,451
03/09/2022,VRB,FL,ASO,ES,Towers with Radar,0,45,48,0,93,0,74,85,0,159,0,119,133,0,252,145,0,145,397
03/10/2022,VRB,FL,ASO,ES,Towers with Radar,0,63,45,0,108,0,55,103,0,158,0,118,148,0,266,163,0,163,429
03/11/2022,VRB,FL,ASO,ES,Towers with Radar,0,56,77,0,133,0,80,98,0,178,0,136,175,0,311,230,0,230,541
03/12/2022,VRB,FL,ASO,ES,Towers with Radar,0,16,26,0,42,0,0,3,0,3,0,16,29,0,45,5,0,5,50
03/13/2022,VRB,FL,ASO,ES,Towers with Radar,0,30,69,0,99,0,2,49,0,51,0,32,118,0,150,26,0,26,176
03/14/2022,VRB,FL,ASO,ES,Towers with Radar,0,64,42,2,108,0,111,78,0,189,0,175,120,2,297,279,0,279,576
03/15/2022,VRB,FL,ASO,ES,Towers with Radar,0,42,61,0,103,0,60,77,0,137,0,102,138,0,240,242,0,242,482
03/16/2022,VRB,FL,ASO,ES,Towers with Radar,0,62,36,0,98,0,28,62,0,90,0,90,98,0,188,88,0,88,276
03/17/2022,VRB,FL,ASO,ES,Towers with Radar,0,68,73,0,141,0,93,145,0,238,0,161,218,0,379,332,0,332,711
03/18/2022,VRB,FL,ASO,ES,Towers with Radar,0,43,73,0,116,0,83,115,0,198,0,126,188,0,314,251,0,251,565
03/19/2022,VRB,FL,ASO,ES,Towers with Radar,0,45,56,0,101,0,22,50,0,72,0,67,106,0,173,69,0,69,242
03/20/2022,VRB,FL,ASO,ES,Towers with Radar,0,31,61,0,92,0,3,62,0,65,0,34,123,0,157,30,0,30,187
03/21/2022,VRB,FL,ASO,ES,Towers with Radar,0,40,49,3,92,0,78,105,0,183,0,118,154,3,275,175,0,175,450
03/22/2022,VRB,FL,ASO,ES,Towers with Radar,0,46,46,0,92,0,106,111,0,217,0,152,157,0,309,298,0,298,607
03/23/2022,VRB,FL,ASO,ES,Towers with Radar,0,47,39,0,86,0,45,91,0,136,0,92,130,0,222,137,0,137,359
03/24/2022,VRB,FL,ASO,ES,Towers with Radar,0,29,27,0,56,0,53,43,2,98,0,82,70,2,154,126,0,126,280
03/25/2022,VRB,FL,ASO,ES,Towers with Radar,1,85,53,0,139,0,135,135,0,270,1,220,188,0,409,361,0,361,770
03/26/2022,VRB,FL,ASO,ES,Towers with Radar,0,32,35,0,67,0,31,115,0,146,0,63,150,0,213,138,0,138,351
03/27/2022,VRB,FL,ASO,ES,Towers with Radar,0,44,50,0,94,0,3,84,0,87,0,47,134,0,181,25,0,25,206
03/28/2022,VRB,FL,ASO,ES,Towers with Radar,0,30,48,0,78,0,116,116,0,232,0,146,164,0,310,406,0,406,716
03/29/2022,VRB,FL,ASO,ES,Towers with Radar,1,43,52,0,96,0,117,165,0,282,1,160,217,0,378,363,0,363,741
03/30/2022,VRB,FL,ASO,ES,Towers with Radar,0,42,63,1,106,0,74,90,0,164,0,116,153,1,270,109,0,109,379
03/31/2022,VRB,FL,ASO,ES,Towers with Radar,0,40,35,0,75,0,38,63,0,101,0,78,98,0,176,76,0,76,252
04/01/2022,VRB,FL,ASO,ES,Towers with Radar,0,43,46,0,89,0,30,17,0,47,0,73,63,0,136,116,0,116,252
04/02/2022,VRB,FL,ASO,ES,Towers with Radar,1,26,35,1,63,0,11,21,0,32,1,37,56,1,95,77,0,77,172
04/03/2022,VRB,FL,ASO,ES,Towers with Radar,1,37,66,3,107,0,14,50,1,65,1,51,116,4,172,26,0,26,198
04/04/2022,VRB,FL,ASO,ES,Towers with Radar,1,68,42,0,111,0,113,169,0,282,1,181,211,0,393,434,0,434,827
04/05/2022,VRB,FL,ASO,ES,Towers with Radar,1,58,37,0,96,0,79,122,0,201,1,137,159,0,297,215,0,215,512
04/06/2022,VRB,FL,ASO,ES,Towers with Radar,1,53,45,0,99,0,88,103,1,192,1,141,148,1,291,171,0,171,462
04/07/2022,VRB,FL,ASO,ES,Towers with Radar,1,30,47,0,78,0,44,55,0,99,1,74,102,0,177,132,0,132,309
04/08/2022,VRB,FL,ASO,ES,Towers with Radar,2,59,53,0,114,0,101,177,0,278,2,160,230,0,392,337,0,337,729
04/09/2022,VRB,FL,ASO,ES,Towers with Radar,1,26,38,0,65,0,31,83,0,114,1,57,121,0,179,136,0,136,315
04/10/2022,VRB,FL,ASO,ES,Towers with Radar,1,21,56,0,78,0,6,126,0,132,1,27,182,0,210,10,0,10,220
04/11/2022,VRB,FL,ASO,ES,Towers with Radar,1,52,49,2,104,0,115,141,0,256,1,167,190,2,360,436,0,436,796
04/12/2022,VRB,FL,ASO,ES,Towers with Radar,1,51,51,2,105,0,129,125,0,254,1,180,176,2,359,385,0,385,744
04/13/2022,VRB,FL,ASO,ES,Towers with Radar,2,58,40,2,102,0,93,129,0,222,2,151,169,2,324,496,0,496,820
04/14/2022,VRB,FL,ASO,ES,Towers with Radar,1,78,53,0,132,0,109,134,0,243,1,187,187,0,375,572,0,572,947
04/15/2022,VRB,FL,ASO,ES,Towers with Radar,2,56,50,0,108,0,33,38,0,71,2,89,88,0,179,241,0,241,420
04/16/2022,VRB,FL,ASO,ES,Towers with Radar,2,26,40,0,68,0,43,109,0,152,2,69,149,0,220,160,0,160,380
04/17/2022,VRB,FL,ASO,ES,Towers with Radar,1,24,32,0,57,0,1,37,0,38,1,25,69,0,95,20,0,20,115
04/18/2022,VRB,FL,ASO,ES,Towers with Radar,1,80,69,0,150,0,97,100,0,197,1,177,169,0,347,384,0,384,731
04/19/2022,VRB,FL,ASO,ES,Towers with Radar,1,70,48,4,123,0,69,67,0,136,1,139,115,4,259,166,0,166,425
04/20/2022,VRB,FL,ASO,ES,Towers with Radar,1,76,54,0,131,0,67,85,0,152,1,143,139,0,283,215,0,215,498
04/21/2022,VRB,FL,ASO,ES,Towers with Radar,1,82,47,0,130,0,74,94,1,169,1,156,141,1,299,158,0,158,457
04/22/2022,VRB,FL,ASO,ES,Towers with Radar,2,73,74,0,149,0,70,68,0,138,2,143,142,0,287,228,0,228,515
04/23/2022,VRB,FL,ASO,ES,Towers with Radar,0,33,43,0,76,0,21,63,0,84,0,54,106,0,160,59,0,59,219
04/24/2022,VRB,FL,ASO,ES,Towers with Radar,1,30,51,0,82,0,7,49,0,56,1,37,100,0,138,46,0,46,184
04/25/2022,VRB,FL,ASO,ES,Towers with Radar,1,61,43,0,105,0,151,142,0,293,1,212,185,0,398,622,0,622,1020
04/26/2022,VRB,FL,ASO,ES,Towers with Radar,1,49,48,2,100,0,127,165,0,292,1,176,213,2,392,475,0,475,867
04/27/2022,VRB,FL,ASO,ES,Towers with Radar,2,29,34,5,70,0,122,146,0,268,2,151,180,5,338,250,0,250,588
04/28/2022,VRB,FL,ASO,ES,Towers with Radar,1,36,21,4,62,0,13,17,0,30,1,49,38,4,92,10,3,13,105
04/29/2022,VRB,FL,ASO,ES,Towers with Radar,0,18,12,4,34,0,4,20,1,25,0,22,32,5,59,4,0,4,63
04/30/2022,VRB,FL,ASO,ES,Towers with Radar,0,16,11,0,27,0,2,10,2,14,0,18,21,2,41,0,0,0,41
05/01/2022,VRB,FL,ASO,ES,Towers with Radar,0,15,18,4,37,0,3,11,3,17,0,18,29,7,54,1,2,3,57
05/02/2022,VRB,FL,ASO,ES,Towers with Radar,3,53,48,8,112,0,70,63,2,135,3,123,111,10,247,185,3,188,435
05/03/2022,VRB,FL,ASO,ES,Towers with Radar,0,58,56,0,114,0,110,120,0,230,0,168,176,0,344,315,0,315,659
05/04/2022,VRB,FL,ASO,ES,Towers with Radar,2,53,46,0,101,0,90,80,0,170,2,143,126,0,271,353,0,353,624
05/05/2022,VRB,FL,ASO,ES,Towers with Radar,0,62,59,0,121,0,131,137,0,268,0,193,196,0,389,304,0,304,693
05/06/2022,VRB,FL,ASO,ES,Towers with Radar,0,77,47,0,124,0,106,112,0,218,0,183,159,0,342,289,0,289,631
05/07/2022,VRB,FL,ASO,ES,Towers with Radar,2,28,24,0,54,0,8,19,0,27,2,36,43,0,81,10,0,10,91
05/08/2022,VRB,FL,ASO,ES,Towers with Radar,1,26,42,0,69,0,2,62,0,64,1,28,104,0,133,19,0,19,152
05/09/2022,VRB,FL,ASO,ES,Towers with Radar,1,39,48,0,88,0,106,105,0,211,1,145,153,0,299,200,0,200,499
05/10/2022,VRB,FL,ASO,ES,Towers with Radar,2,41,38,0,81,0,61,117,0,178,2,102,155,0,259,224,0,224,483
05/11/2022,VRB,FL,ASO,ES,Towers with Radar,1,49,30,0,80,0,51,72,0,123,1,100,102,0,203,240,0,240,443
05/12/2022,VRB,FL,ASO,ES,Towers with Radar,2,42,46,2,92,0,92,115,0,207,2,134,161,2,299,346,0,346,645
05/13/2022,VRB,FL,ASO,ES,Towers with Radar,1,24,46,0,71,0,109,74,0,183,1,133,120,0,254,243,0,243,497
05/14/2022,VRB,FL,ASO,ES,Towers with Radar,0,26,44,0,70,0,48,79,0,127,0,74,123,0,197,93,0,93,290
05/15/2022,VRB,FL,ASO,ES,Towers with Radar,1,28,37,0,66,0,4,65,0,69,1,32,102,0,135,24,0,24,159
05/16/2022,VRB,FL,ASO,ES,Towers with Radar,1,52,48,0,101,0,123,108,0,231,1,175,156,0,332,346,0,346,678
05/17/2022,VRB,FL,ASO,ES,Towers with Radar,1,63,54,0,118,0,95,129,0,224,1,158,183,0,342,364,0,364,706
05/18/2022,VRB,FL,ASO,ES,Towers with Radar,0,39,40,1,80,0,116,125,1,242,0,155,165,2,322,375,0,375,697
05/19/2022,VRB,FL,ASO,ES,Towers with Radar,2,41,58,0,101,0,149,104,1,254,2,190,162,1,355,511,0,511,866
05/20/2022,VRB,FL,ASO,ES,Towers with Radar,2,30,28,0,60,0,37,34,0,71,2,67,62,0,131,227,0,227,358
05/21/2022,VRB,FL,ASO,ES,Towers with Radar,0,14,21,0,35,0,13,20,0,33,0,27,41,0,68,40,0,40,108
05/22/2022,VRB,FL,ASO,ES,Towers with Radar,1,16,28,0,45,0,0,56,0,56,1,16,84,0,101,30,0,30,131
05/23/2022,VRB,FL,ASO,ES,Towers with Radar,1,32,43,0,76,0,121,106,0,227,1,153,149,0,303,442,0,442,745
05/24/2022,VRB,FL,ASO,ES,Towers with Radar,3,40,61,3,107,0,116,107,0,223,3,156,168,3,330,367,0,367,697
05/25/2022,VRB,FL,ASO,ES,Towers with Radar,1,45,52,1,99,0,66,98,0,164,1,111,150,1,263,339,0,339,602
05/26/2022,VRB,FL,ASO,ES,Towers with Radar,1,33,52,2,88,0,92,113,0,205,1,125,165,2,293,270,0,270,563
05/27/2022,VRB,FL,ASO,ES,Towers with Radar,0,35,32,0,67,0,55,80,0,135,0,90,112,0,202,155,0,155,357
05/28/2022,VRB,FL,ASO,ES,Towers with Radar,0,10,28,0,38,0,15,44,0,59,0,25,72,0,97,99,0,99,196
05/29/2022,VRB,FL,ASO,ES,Towers with Radar,2,12,28,0,42,0,3,41,0,44,2,15,69,0,86,2,0,2,88
05/30/2022,VRB,FL,ASO,ES,Towers with Radar,3,11,24,0,38,0,2,73,0,75,3,13,97,0,113,136,0,136,249
05/31/2022,VRB,FL,ASO,ES,Towers with Radar,1,39,63,0,103,0,96,94,0,190,1,135,157,0,293,275,0,275,568
06/01/2022,VRB,FL,ASO,ES,Towers with Radar,0,52,41,0,93,0,37,40,0,77,0,89,81,0,170,85,0,85,255
06/02/2022,VRB,FL,ASO,ES,Towers with Radar,0,46,38,0,84,0,119,125,0,244,0,165,163,0,328,432,0,432,760
06/03/2022,VRB,FL,ASO,ES,Towers with Radar,0,29,56,0,85,0,37,27,0,64,0,66,83,0,149,93,0,93,242
06/04/2022,VRB,FL,ASO,ES,Towers with Radar,1,12,6,0,19,0,0,3,0,3,1,12,9,0,22,0,0,0,22
06/05/2022,VRB,FL,ASO,ES,Towers with Radar,1,22,46,0,69,0,14,52,1,67,1,36,98,1,136,33,0,33,169
06/06/2022,VRB,FL,ASO,ES,Towers with Radar,0,22,39,0,61,0,88,96,0,184,0,110,135,0,245,341,0,341,586
06/07/2022,VRB,FL,ASO,ES,Towers with Radar,0,49,29,0,78,0,60,113,0,173,0,109,142,0,251,310,0,310,561
06/08/2022,VRB,FL,ASO,ES,Towers with Radar,0,26,28,0,54,0,81,106,0,187,0,107,134,0,241,327,0,327,568
06/09/2022,VRB,FL,ASO,ES,Towers with Radar,0,38,48,0,86,0,85,102,0,187,0,123,150,0,273,251,0,251,524
06/10/2022,VRB,FL,ASO,ES,Towers with Radar,0,25,35,0,60,0,57,83,0,140,0,82,118,0,200,115,0,115,315
06/11/2022,VRB,FL,ASO,ES,Towers with Radar,0,19,40,0,59,0,33,32,0,65,0,52,72,0,124,123,0,123,247
06/12/2022,VRB,FL,ASO,ES,Towers with Radar,0,15,24,0,39,0,2,61,0,63,0,17,85,0,102,8,0,8,110
06/13/2022,VRB,FL,ASO,ES,Towers with Radar,0,49,22,0,71,0,119,159,0,278,0,168,181,0,349,349,0,349,698
06/14/2022,VRB,FL,ASO,ES,Towers with Radar,1,20,36,0,57,0,91,135,2,228,1,111,171,2,285,439,10,449,734
06/15/2022,VRB,FL,ASO,ES,Towers with Radar,0,31,47,0,78,0,87,119,0,206,0,118,166,0,284,432,0,432,716
06/16/2022,VRB,FL,ASO,ES,Towers with Radar,0,25,35,0,60,0,93,133,1,227,0,118,168,1,287,399,0,399,686
06/17/2022,VRB,FL,ASO,ES,Towers with Radar,0,30,59,0,89,0,98,90,0,188,0,128,149,0,277,357,0,357,634
06/18/2022,VRB,FL,ASO,ES,Towers with Radar,0,8,27,0,35,0,49,69,0,118,0,57,96,0,153,185,0,185,338
06/19/2022,VRB,FL,ASO,ES,Towers with Radar,0,9,24,0,33,0,0,59,0,59,0,9,83,0,92,26,0,26,118
06/20/2022,VRB,FL,ASO,ES,Towers with Radar,0,41,45,0,86,0,59,95,0,154,0,100,140,0,240,273,0,273,513
06/21/2022,VRB,FL,ASO,ES,Towers with Radar,0,33,46,0,79,0,92,113,0,205,0,125,159,0,284,332,0,332,616
06/22/2022,VRB,FL,ASO,ES,Towers with Radar,0,28,47,1,76,0,112,137,0,249,0,140,184,1,325,420,0,420,745
06/23/2022,VRB,FL,ASO,ES,Towers with Radar,0,33,37,2,72,0,103,112,0,215,0,136,149,2,287,273,0,273,560
06/24/2022,VRB,FL,ASO,ES,Towers with Radar,0,36,47,1,84,0,67,92,0,159,0,103,139,1,243,283,0,283,526
06/25/2022,VRB,FL,ASO,ES,Towers with Radar,0,16,21,1,38,0,18,40,0,58,0,34,61,1,96,36,0,36,132
06/26/2022,VRB,FL,ASO,ES,Towers with Radar,1,9,15,0,25,0,1,37,0,38,1,10,52,0,63,28,0,28,91
06/27/2022,VRB,FL,ASO,ES,Towers with Radar,0,20,36,0,56,0,68,120,0,188,0,88,156,0,244,278,0,278,522
06/28/2022,VRB,FL,ASO,ES,Towers with Radar,0,79,32,0,111,0,70,109,0,179,0,149,141,0,290,256,0,256,546
06/29/2022,VRB,FL,ASO,ES,Towers with Radar,0,43,48,0,91,0,46,62,0,108,0,89,110,0,199,270,0,270,469
06/30/2022,VRB,FL,ASO,ES,Towers with Radar,1,36,34,0,71,0,41,63,0,104,1,77,97,0,175,229,0,229,404
07/01/2022,VRB,FL,ASO,ES,Towers with Radar,0,58,36,0,94,0,45,100,0,145,0,103,136,0,239,238,0,238,477
07/02/2022,VRB,FL,ASO,ES,Towers with Radar,0,21,35,0,56,0,19,29,0,48,0,40,64,0,104,114,0,114,218
07/03/2022,VRB,FL,ASO,ES,Towers with Radar,0,1,16,0,17,0,2,53,0,55,0,3,69,0,72,31,0,31,103
07/04/2022,VRB,FL,ASO,ES,Towers with Radar,0,6,15,0,21,0,0,33,0,33,0,6,48,0,54,2,0,2,56
07/05/2022,VRB,FL,ASO,ES,Towers with Radar,0,59,45,3,107,0,60,106,2,168,0,119,151,5,275,332,0,332,607
07/06/2022,VRB,FL,ASO,ES,Towers with Radar,0,51,24,0,75,0,46,73,0,119,0,97,97,0,194,190,0,190,384
07/07/2022,VRB,FL,ASO,ES,Towers with Radar,0,53,54,0,107,0,70,102,0,172,0,123,156,0,279,315,0,315,594
07/08/2022,VRB,FL,ASO,ES,Towers with Radar,0,46,35,0,81,0,73,92,0,165,0,119,127,0,246,266,0,266,512
07/09/2022,VRB,FL,ASO,ES,Towers with Radar,0,24,24,0,48,0,35,51,0,86,0,59,75,0,134,96,0,96,230
07/10/2022,VRB,FL,ASO,ES,Towers with Radar,0,9,23,0,32,0,0,30,0,30,0,9,53,0,62,2,0,2,64
07/11/2022,VRB,FL,ASO,ES,Towers with Radar,0,40,23,0,63,0,63,75,0,138,0,103,98,0,201,210,0,210,411
07/12/2022,VRB,FL,ASO,ES,Towers with Radar,0,53,48,0,101,0,51,104,0,155,0,104,152,0,256,244,0,244,500
07/13/2022,VRB,FL,ASO,ES,Towers with Radar,0,58,33,0,91,0,67,63,0,130,0,125,96,0,221,324,0,324,545
07/14/2022,VRB,FL,ASO,ES,Towers with Radar,0,41,30,0,71,0,67,74,0,141,0,108,104,0,212,305,0,305,517
07/15/2022,VRB,FL,ASO,ES,Towers with Radar,0,42,37,0,79,0,68,87,0,155,0,110,124,0,234,215,0,215,449
07/16/2022,VRB,FL,ASO,ES,Towers with Radar,0,18,29,0,47,0,24,40,0,64,0,42,69,0,111,70,0,70,181
07/17/2022,VRB,FL,ASO,ES,Towers with Radar,0,5,20,0,25,0,1,7,0,8,0,6,27,0,33,6,0,6,39
07/18/2022,VRB,FL,ASO,ES,Towers with Radar,0,30,35,0,65,0,60,92,0,152,0,90,127,0,217,207,0,207,424
07/19/2022,VRB,FL,ASO,ES,Towers with Radar,0,51,32,1,84,0,81,118,0,199,0,132,150,1,283,242,0,242,525
07/20/2022,VRB,FL,ASO,ES,Towers with Radar,2,45,56,0,103,0,98,125,0,223,2,143,181,0,326,336,0,336,662
07/21/2022,VRB,FL,ASO,ES,Towers with Radar,0,28,51,0,79,0,68,104,0,172,0,96,155,0,251,241,0,241,492
07/22/2022,VRB,FL,ASO,ES,Towers with Radar,0,45,29,0,74,0,74,49,0,123,0,119,78,0,197,245,0,245,442
07/23/2022,VRB,FL,ASO,ES,Towers with Radar,0,24,31,0,55,0,29,30,0,59,0,53,61,0,114,77,0,77,191
07/24/2022,VRB,FL,ASO,ES,Towers with Radar,0,7,34,0,41,0,6,57,0,63,0,13,91,0,104,25,0,25,129
07/25/2022,VRB,FL,ASO,ES,Towers with Radar,0,34,20,0,54,0,70,72,0,142,0,104,92,0,196,274,0,274,470
07/26/2022,VRB,FL,ASO,ES,Towers with Radar,0,21,30,0,51,0,37,44,0,81,0,58,74,0,132,164,0,164,296
07/27/2022,VRB,FL,ASO,ES,Towers with Radar,0,49,31,0,80,0,96,93,0,189,0,145,124,0,269,337,0,337,606
07/28/2022,VRB,FL,ASO,ES,Towers with Radar,0,49,33,0,82,0,94,87,0,181,0,143,120,0,263,238,0,238,501
07/29/2022,VRB,FL,ASO,ES,Towers with Radar,0,34,33,0,67,0,94,121,0,215,0,128,154,0,282,277,0,277,559
07/30/2022,VRB,FL,ASO,ES,Towers with Radar,0,15,19,0,34,0,20,93,0,113,0,35,112,0,147,52,0,52,199
07/31/2022,VRB,FL,ASO,ES,Towers with Radar,0,2,32,0,34,0,2,64,0,66,0,4,96,0,100,16,0,16,116
08/01/2022,VRB,FL,ASO,ES,Towers with Radar,0,52,33,0,85,0,55,100,0,155,0,107,133,0,240,295,0,295,535
08/02/2022,VRB,FL,ASO,ES,Towers with Radar,0,41,33,0,74,0,50,91,0,141,0,91,124,0,215,371,0,371,586
08/03/2022,VRB,FL,ASO,ES,Towers with Radar,0,49,42,0,91,0,72,94,1,167,0,121,136,1,258,338,0,338,596
08/04/2022,VRB,FL,ASO,ES,Towers with Radar,0,35,34,0,69,0,77,104,0,181,0,112,138,0,250,314,0,314,564
08/05/2022,VRB,FL,ASO,ES,Towers with Radar,0,49,37,0,86,0,58,80,0,138,0,107,117,0,224,295,0,295,519
08/06/2022,VRB,FL,ASO,ES,Towers with Radar,0,11,19,0,30,0,17,57,0,74,0,28,76,0,104,81,0,81,185
08/07/2022,VRB,FL,ASO,ES,Towers with Radar,0,11,23,0,34,0,3,56,0,59,0,14,79,0,93,3,0,3,96
08/08/2022,VRB,FL,ASO,ES,Towers with Radar,0,36,32,0,68,0,66,113,0,179,0,102,145,0,247,316,0,316,563
08/09/2022,VRB,FL,ASO,ES,Towers with Radar,0,33,22,0,55,0,40,44,0,84,0,73,66,0,139,301,0,301,440
08/10/2022,VRB,FL,ASO,ES,Towers with Radar,0,54,50,0,104,0,83,95,1,179,0,137,145,1,283,261,0,261,544
08/11/2022,VRB,FL,ASO,ES,Towers with Radar,0,49,52,2,103,0,66,116,0,182,0,115,168,2,285,425,0,425,710
08/12/2022,VRB,FL,ASO,ES,Towers with Radar,0,28,37,0,65,0,75,109,0,184,0,103,146,0,249,327,0,327,576
08/13/2022,VRB,FL,ASO,ES,Towers with Radar,0,18,25,0,43,0,19,41,0,60,0,37,66,0,103,93,0,93,196
08/14/2022,VRB,FL,ASO,ES,Towers with Radar,0,9,25,0,34,0,2,56,0,58,0,11,81,0,92,8,0,8,100
08/15/2022,VRB,FL,ASO,ES,Towers with Radar,0,22,30,0,52,0,48,98,1,147,0,70,128,1,199,331,0,331,530
08/16/2022,VRB,FL,ASO,ES,Towers with Radar,0,38,43,0,81,0,70,90,0,160,0,108,133,0,241,215,0,215,456
08/17/2022,VRB,FL,ASO,ES,Towers with Radar,0,53,46,0,99,0,89,92,0,181,0,142,138,0,280,255,0,255,535
08/18/2022,VRB,FL,ASO,ES,Towers with Radar,0,47,45,0,92,0,51,105,0,156,0,98,150,0,248,292,0,292,540
08/19/2022,VRB,FL,ASO,ES,Towers with Radar,0,46,49,0,95,0,83,126,6,215,0,129,175,6,310,356,0,356,666
08/20/2022,VRB,FL,ASO,ES,Towers with Radar,0,19,35,0,54,0,17,79,0,96,0,36,114,0,150,79,0,79,229
08/21/2022,VRB,FL,ASO,ES,Towers with Radar,0,10,21,0,31,0,0,63,0,63,0,10,84,0,94,14,0,14,108
08/22/2022,VRB,FL,ASO,ES,Towers with Radar,0,29,32,0,61,0,73,138,0,211,0,102,170,0,272,358,0,358,630
08/23/2022,VRB,FL,ASO,ES,Towers with Radar,0,49,33,0,82,0,82,147,0,229,0,131,180,0,311,345,0,345,656
08/24/2022,VRB,FL,ASO,ES,Towers with Radar,0,41,27,0,68,0,61,84,0,145,0,102,111,0,213,286,0,286,499
08/25/2022,VRB,FL,ASO,ES,Towers with Radar,0,31,38,0,69,0,53,69,0,122,0,84,107,0,191,296,0,296,487
08/26/2022,VRB,FL,ASO,ES,Towers with Radar,0,44,39,0,83,0,96,110,0,206,0,140,149,0,289,331,0,331,620
08/27/2022,VRB,FL,ASO,ES,Towers with Radar,0,6,9,0,15,0,10,28,0,38,0,16,37,0,53,53,0,53,106
08/28/2022,VRB,FL,ASO,ES,Towers with Radar,0,11,19,0,30,0,0,26,0,26,0,11,45,0,56,28,0,28,84
08/29/2022,VRB,FL,ASO,ES,Towers with Radar,0,31,24,0,55,0,55,87,0,142,0,86,111,0,197,224,0,224,421
08/30/2022,VRB,FL,ASO,ES,Towers with Radar,0,28,37,0,65,0,72,108,4,184,0,100,145,4,249,220,0,220,469
08/31/2022,VRB,FL,ASO,ES,Towers with Radar,0,28,43,0,71,0,90,132,0,222,0,118,175,0,293,326,1,327,620
09/01/2022,VRB,FL,ASO,ES,Towers with Radar,0,26,38,0,64,0,83,88,0,171,0,109,126,0,235,309,0,309,544
09/02/2022,VRB,FL,ASO,ES,Towers with Radar,0,38,49,0,87,0,79,110,0,189,0,117,159,0,276,292,0,292,568
09/03/2022,VRB,FL,ASO,ES,Towers with Radar,0,8,22,0,30,0,5,63,0,68,0,13,85,0,98,11,0,11,109
09/04/2022,VRB,FL,ASO,ES,Towers with Radar,0,5,13,0,18,0,6,51,2,59,0,11,64,2,77,18,4,22,99
09/05/2022,VRB,FL,ASO,ES,Towers with Radar,0,8,49,0,57,0,13,113,0,126,0,21,162,0,183,257,0,257,440
09/06/2022,VRB,FL,ASO,ES,Towers with Radar,0,31,46,0,77,0,77,118,0,195,0,108,164,0,272,347,0,347,619
09/07/2022,VRB,FL,ASO,ES,Towers with Radar,0,37,47,2,86,0,102,121,0,223,0,139,168,2,309,338,0,338,647
09/08/2022,VRB,FL,ASO,ES,Towers with Radar,0,29,26,0,55,0,85,86,0,171,0,114,112,0,226,226,0,226,452
09/09/2022,VRB,FL,ASO,ES,Towers with Radar,0,37,39,0,76,0,79,90,0,169,0,116,129,0,245,228,0,228,473
09/10/2022,VRB,FL,ASO,ES,Towers with Radar,0,20,29,0,49,0,55,81,0,136,0,75,110,0,185,119,0,119,304
09/11/2022,VRB,FL,ASO,ES,Towers with Radar,0,9,30,0,39,0,1,63,0,64,0,10,93,0,103,4,0,4,107
09/12/2022,VRB,FL,ASO,ES,Towers with Radar,0,23,53,0,76,0,113,136,0,249,0,136,189,0,325,291,0,291,616
09/13/2022,VRB,FL,ASO,ES,Towers with Radar,0,18,22,0,40,0,71,98,0,169,0,89,120,0,209,248,0,248,457
09/14/2022,VRB,FL,ASO,ES,Towers with Radar,0,17,25,0,42,0,83,73,0,156,0,100,98,0,198,330,0,330,528
09/15/2022,VRB,FL,ASO,ES,Towers with Radar,0,20,39,0,59,0,43,63,0,106,0,63,102,0,165,268,0,268,433
09/16/2022,VRB,FL,ASO,ES,Towers with Radar,0,47,46,0,93,0,41,56,0,97,0,88,102,0,190,252,0,252,442
09/17/2022,VRB,FL,ASO,ES,Towers with Radar,0,19,13,0,32,0,23,36,0,59,0,42,49,0,91,85,0,85,176
09/18/2022,VRB,FL,ASO,ES,Towers with Radar,0,2,42,0,44,0,0,45,0,45,0,2,87,0,89,9,0,9,98
09/19/2022,VRB,FL,ASO,ES,Towers with Radar,0,22,42,0,64,0,74,97,0,171,0,96,139,0,235,277,0,277,512
09/20/2022,VRB,FL,ASO,ES,Towers with Radar,0,38,31,0,69,0,94,128,0,222,0,132,159,0,291,238,0,238,529
09/21/2022,VRB,FL,ASO,ES,Towers with Radar,0,26,44,0,70,0,72,106,0,178,0,98,150,0,248,261,0,261,509
09/22/2022,VRB,FL,ASO,ES,Towers with Radar,0,34,46,0,80,0,92,113,1,206,0,126,159,1,286,300,0,300,586
09/23/2022,VRB,FL,ASO,ES,Towers with Radar,0,22,46,2,70,0,64,153,0,217,0,86,199,2,287,390,0,390,677
09/24/2022,VRB,FL,ASO,ES,Towers with Radar,0,12,19,0,31,0,20,24,0,44,0,32,43,0,75,69,0,69,144
09/25/2022,VRB,FL,ASO,ES,Towers with Radar,0,11,18,0,29,0,1,26,0,27,0,12,44,0,56,7,0,7,63
09/26/2022,VRB,FL,ASO,ES,Towers with Radar,0,34,30,0,64,0,69,96,0,165,0,103,126,0,229,375,0,375,604
09/27/2022,VRB,FL,ASO,ES,Towers with Radar,0,18,18,2,38,0,16,8,2,26,0,34,26,4,64,81,0,81,145
09/28/2022,VRB,FL,ASO,ES,Towers with Radar,0,2,3,0,5,0,0,0,0,0,0,2,3,0,5,0,0,0,5
09/29/2022,VRB,FL,ASO,ES,Towers with Radar,0,0,0,0,0,0,0,0,0,0,0,0,0,0,0,0,0,0,0
09/30/2022,VRB,FL,ASO,ES,Towers with Radar,0,21,27,0,48,0,79,81,0,160,0,100,108,0,208,286,0,286,494
10/01/2022,VRB,FL,ASO,ES,Towers with Radar,0,22,27,0,49,0,59,88,2,149,0,81,115,2,198,123,0,123,321
10/02/2022,VRB,FL,ASO,ES,Towers with Radar,0,13,19,0,32,0,8,84,0,92,0,21,103,0,124,5,0,5,129
10/03/2022,VRB,FL,ASO,ES,Towers with Radar,0,29,32,0,61,0,130,129,0,259,0,159,161,0,320,355,0,355,675
10/04/2022,VRB,FL,ASO,ES,Towers with Radar,0,35,28,0,63,0,82,146,2,230,0,117,174,2,293,285,2,287,580
10/05/2022,VRB,FL,ASO,ES,Towers with Radar,0,24,47,0,71,0,107,138,0,245,0,131,185,0,316,418,0,418,734
10/06/2022,VRB,FL,ASO,ES,Towers with Radar,0,25,32,0,57,0,82,156,0,238,0,107,188,0,295,338,0,338,633
10/07/2022,VRB,FL,ASO,ES,Towers with Radar,0,36,47,0,83,0,69,123,0,192,0,105,170,0,275,343,0,343,618
10/08/2022,VRB,FL,ASO,ES,Towers with Radar,0,16,25,0,41,0,16,100,0,116,0,32,125,0,157,58,0,58,215
10/09/2022,VRB,FL,ASO,ES,Towers with Radar,0,13,21,0,34,0,1,46,0,47,0,14,67,0,81,1,0,1,82
10/10/2022,VRB,FL,ASO,ES,Towers with Radar,0,22,35,0,57,0,104,97,0,201,0,126,132,0,258,384,0,384,642
10/11/2022,VRB,FL,ASO,ES,Towers with Radar,0,31,57,0,88,0,107,119,0,226,0,138,176,0,314,459,0,459,773
10/12/2022,VRB,FL,ASO,ES,Towers with Radar,0,28,33,0,61,0,73,99,0,172,0,101,132,0,233,503,0,503,736
10/13/2022,VRB,FL,ASO,ES,Towers with Radar,0,40,53,0,93,0,107,95,2,204,0,147,148,2,297,368,0,368,665
10/14/2022,VRB,FL,ASO,ES,Towers with Radar,0,33,35,0,68,0,97,116,1,214,0,130,151,1,282,385,0,385,667
10/15/2022,VRB,FL,ASO,ES,Towers with Radar,0,25,29,0,54,0,24,37,0,61,0,49,66,0,115,61,0,61,176
10/16/2022,VRB,FL,ASO,ES,Towers with Radar,0,18,31,0,49,0,3,73,0,76,0,21,104,0,125,26,0,26,151
10/17/2022,VRB,FL,ASO,ES,Towers with Radar,0,34,65,0,99,0,116,109,0,225,0,150,174,0,324,351,0,351,675
10/18/2022,VRB,FL,ASO,ES,Towers with Radar,0,39,40,1,80,0,57,71,0,128,0,96,111,1,208,309,6,315,523
10/19/2022,VRB,FL,ASO,ES,Towers with Radar,0,39,40,0,79,0,125,115,0,240,0,164,155,0,319,362,0,362,681
10/20/2022,VRB,FL,ASO,ES,Towers with Radar,0,72,45,0,117,0,87,119,0,206,0,159,164,0,323,312,0,312,635
10/21/2022,VRB,FL,ASO,ES,Towers with Radar,0,37,40,0,77,0,78,105,0,183,0,115,145,0,260,223,0,223,483
10/22/2022,VRB,FL,ASO,ES,Towers with Radar,0,41,43,0,84,0,36,82,0,118,0,77,125,0,202,101,0,101,303
10/23/2022,VRB,FL,ASO,ES,Towers with Radar,0,17,39,1,57,0,6,79,0,85,0,23,118,1,142,32,0,32,174
10/24/2022,VRB,FL,ASO,ES,Towers with Radar,0,41,42,0,83,0,104,117,0,221,0,145,159,0,304,254,0,254,558
10/25/2022,VRB,FL,ASO,ES,Towers with Radar,0,40,52,2,94,0,134,123,0,257,0,174,175,2,351,460,0,460,811
10/26/2022,VRB,FL,ASO,ES,Towers with Radar,0,47,56,0,103,0,96,142,0,238,0,143,198,0,341,392,0,392,733
10/27/2022,VRB,FL,ASO,ES,Towers with Radar,0,44,57,0,101,0,72,140,0,212,0,116,197,0,313,426,0,426,739
10/28/2022,VRB,FL,ASO,ES,Towers with Radar,0,47,45,0,92,0,86,136,0,222,0,133,181,0,314,353,0,353,667
10/29/2022,VRB,FL,ASO,ES,Towers with Radar,0,30,35,0,65,0,15,56,0,71,0,45,91,0,136,89,0,89,225
10/30/2022,VRB,FL,ASO,ES,Towers with Radar,0,29,36,0,65,0,0,54,0,54,0,29,90,0,119,26,0,26,145
10/31/2022,VRB,FL,ASO,ES,Towers with Radar,0,44,53,2,99,0,110,85,0,195,0,154,138,2,294,407,0,407,701
11/01/2022,VRB,FL,ASO,ES,Towers with Radar,0,35,40,0,75,0,66,115,0,181,0,101,155,0,256,450,0,450,706
11/02/2022,VRB,FL,ASO,ES,Towers with Radar,0,40,45,0,85,0,80,135,0,215,0,120,180,0,300,446,0,446,746
11/03/2022,VRB,FL,ASO,ES,Towers with Radar,0,48,48,0,96,0,70,145,0,215,0,118,193,0,311,318,0,318,629
11/04/2022,VRB,FL,ASO,ES,Towers with Radar,0,54,54,0,108,0,74,126,0,200,0,128,180,0,308,171,0,171,479
11/05/2022,VRB,FL,ASO,ES,Towers with Radar,0,25,23,0,48,0,37,67,0,104,0,62,90,0,152,70,0,70,222
11/06/2022,VRB,FL,ASO,ES,Towers with Radar,0,20,42,0,62,0,1,33,2,36,0,21,75,2,98,18,0,18,116
11/07/2022,VRB,FL,ASO,ES,Towers with Radar,0,52,30,0,82,0,53,65,0,118,0,105,95,0,200,95,0,95,295
11/08/2022,VRB,FL,ASO,ES,Towers with Radar,0,16,27,0,43,0,3,59,0,62,0,19,86,0,105,24,0,24,129
11/09/2022,VRB,FL,ASO,ES,Towers with Radar,0,1,1,0,2,0,0,0,0,0,0,1,1,0,2,0,0,0,2
11/10/2022,VRB,FL,ASO,ES,Towers with Radar,0,6,2,0,8,0,0,6,0,6,0,6,8,0,14,0,0,0,14
11/11/2022,VRB,FL,ASO,ES,Towers with Radar,0,47,37,0,84,0,86,73,2,161,0,133,110,2,245,235,0,235,480
11/12/2022,VRB,FL,ASO,ES,Towers with Radar,0,43,41,1,85,0,29,73,2,104,0,72,114,3,189,76,0,76,265
11/13/2022,VRB,FL,ASO,ES,Towers with Radar,0,32,46,0,78,0,4,55,2,61,0,36,101,2,139,10,0,10,149
11/14/2022,VRB,FL,ASO,ES,Towers with Radar,0,57,63,0,120,0,108,138,0,246,0,165,201,0,366,488,0,488,854
11/15/2022,VRB,FL,ASO,ES,Towers with Radar,0,60,46,1,107,0,114,183,0,297,0,174,229,1,404,426,0,426,830
11/16/2022,VRB,FL,ASO,ES,Towers with Radar,0,46,42,3,91,0,99,116,0,215,0,145,158,3,306,535,0,535,841
11/17/2022,VRB,FL,ASO,ES,Towers with Radar,0,48,39,0,87,0,43,105,0,148,0,91,144,0,235,166,0,166,401
11/18/2022,VRB,FL,ASO,ES,Towers with Radar,0,57,61,0,118,0,54,161,0,215,0,111,222,0,333,244,0,244,577
11/19/2022,VRB,FL,ASO,ES,Towers with Radar,0,40,47,0,87,0,24,72,0,96,0,64,119,0,183,138,0,138,321
11/20/2022,VRB,FL,ASO,ES,Towers with Radar,0,30,32,0,62,0,0,1,0,1,0,30,33,0,63,0,0,0,63
11/21/2022,VRB,FL,ASO,ES,Towers with Radar,0,52,50,0,102,0,3,13,0,16,0,55,63,0,118,37,0,37,155
11/22/2022,VRB,FL,ASO,ES,Towers with Radar,0,35,60,0,95,0,0,2,0,2,0,35,62,0,97,0,0,0,97
11/23/2022,VRB,FL,ASO,ES,Towers with Radar,0,50,46,0,96,0,0,0,0,0,0,50,46,0,96,0,0,0,96
11/24/2022,VRB,FL,ASO,ES,Towers with Radar,0,9,8,0,17,0,1,19,0,20,0,10,27,0,37,14,0,14,51
11/25/2022,VRB,FL,ASO,ES,Towers with Radar,0,21,44,0,65,0,14,76,0,90,0,35,120,0,155,130,0,130,285
11/26/2022,VRB,FL,ASO,ES,Towers with Radar,0,39,56,1,96,0,7,43,0,50,0,46,99,1,146,30,0,30,176
11/27/2022,VRB,FL,ASO,ES,Towers with Radar,0,35,54,0,89,0,10,39,0,49,0,45,93,0,138,17,0,17,155
11/28/2022,VRB,FL,ASO,ES,Towers with Radar,0,52,68,0,120,0,105,138,0,243,0,157,206,0,363,474,0,474,837
11/29/2022,VRB,FL,ASO,ES,Towers with Radar,0,33,66,0,99,0,112,206,0,318,0,145,272,0,417,422,0,422,839
11/30/2022,VRB,FL,ASO,ES,Towers with Radar,0,58,30,0,88,0,96,135,0,231,0,154,165,0,319,521,0,521,840
12/01/2022,VRB,FL,ASO,ES,Towers with Radar,0,46,59,0,105,0,76,131,0,207,0,122,190,0,312,239,0,239,551
12/02/2022,VRB,FL,ASO,ES,Towers with Radar,0,38,56,0,94,0,51,85,0,136,0,89,141,0,230,170,0,170,400
12/03/2022,VRB,FL,ASO,ES,Towers with Radar,0,40,28,0,68,0,46,86,0,132,0,86,114,0,200,225,0,225,425
12/04/2022,VRB,FL,ASO,ES,Towers with Radar,0,26,34,0,60,0,25,86,0,111,0,51,120,0,171,40,0,40,211
12/05/2022,VRB,FL,ASO,ES,Towers with Radar,0,52,39,0,91,0,112,135,0,247,0,164,174,0,338,380,0,380,718
12/06/2022,VRB,FL,ASO,ES,Towers with Radar,0,37,43,0,80,0,98,127,0,225,0,135,170,0,305,455,0,455,760
12/07/2022,VRB,FL,ASO,ES,Towers with Radar,0,41,55,0,96,0,107,147,0,254,0,148,202,0,350,409,0,409,759
12/08/2022,VRB,FL,ASO,ES,Towers with Radar,0,40,48,2,90,0,99,112,0,211,0,139,160,2,301,367,0,367,668
12/09/2022,VRB,FL,ASO,ES,Towers with Radar,0,39,65,0,104,0,86,134,0,220,0,125,199,0,324,265,0,265,589
12/10/2022,VRB,FL,ASO,ES,Towers with Radar,0,39,33,0,72,0,47,89,0,136,0,86,122,0,208,127,0,127,335
12/11/2022,VRB,FL,ASO,ES,Towers with Radar,0,13,41,0,54,0,0,39,0,39,0,13,80,0,93,37,0,37,130
12/12/2022,VRB,FL,ASO,ES,Towers with Radar,0,42,44,0,86,0,10,33,0,43,0,52,77,0,129,133,0,133,262
12/13/2022,VRB,FL,ASO,ES,Towers with Radar,0,42,48,0,90,0,77,91,0,168,0,119,139,0,258,199,0,199,457
12/14/2022,VRB,FL,ASO,ES,Towers with Radar,0,56,54,0,110,0,43,66,0,109,0,99,120,0,219,211,0,211,430
12/15/2022,VRB,FL,ASO,ES,Towers with Radar,0,36,21,0,57,0,19,58,0,77,0,55,79,0,134,57,0,57,191
12/16/2022,VRB,FL,ASO,ES,Towers with Radar,0,55,61,0,116,0,67,87,0,154,0,122,148,0,270,381,0,381,651
12/17/2022,VRB,FL,ASO,ES,Towers with Radar,0,42,48,0,90,0,39,65,0,104,0,81,113,0,194,93,0,93,287
12/18/2022,VRB,FL,ASO,ES,Towers with Radar,0,15,47,2,64,0,5,58,6,69,0,20,105,8,133,19,0,19,152
12/19/2022,VRB,FL,ASO,ES,Towers with Radar,0,47,42,0,89,0,96,158,0,254,0,143,200,0,343,312,0,312,655
12/20/2022,VRB,FL,ASO,ES,Towers with Radar,0,29,40,0,69,0,65,97,1,163,0,94,137,1,232,313,0,313,545
12/21/2022,VRB,FL,ASO,ES,Towers with Radar,0,47,78,0,125,0,24,58,0,82,0,71,136,0,207,209,0,209,416
12/22/2022,VRB,FL,ASO,ES,Towers with Radar,0,38,50,0,88,0,6,12,0,18,0,44,62,0,106,52,0,52,158
12/23/2022,VRB,FL,ASO,ES,Towers with Radar,0,19,39,0,58,0,1,125,0,126,0,20,164,0,184,44,0,44,228
12/24/2022,VRB,FL,ASO,ES,Towers with Radar,0,13,20,0,33,0,0,43,0,43,0,13,63,0,76,24,0,24,100
12/25/2022,VRB,FL,ASO,ES,Towers with Radar,0,33,10,0,43,0,0,10,0,10,0,33,20,0,53,0,0,0,53
12/26/2022,VRB,FL,ASO,ES,Towers with Radar,0,43,70,0,113,0,2,50,0,52,0,45,120,0,165,28,0,28,193
12/27/2022,VRB,FL,ASO,ES,Towers with Radar,0,68,71,0,139,0,49,118,0,167,0,117,189,0,306,200,0,200,506
12/28/2022,VRB,FL,ASO,ES,Towers with Radar,0,56,75,0,131,0,60,145,0,205,0,116,220,0,336,259,0,259,595
12/29/2022,VRB,FL,ASO,ES,Towers with Radar,0,50,58,4,112,0,39,165,0,204,0,89,223,4,316,344,0,344,660
12/30/2022,VRB,FL,ASO,ES,Towers with Radar,0,54,69,0,123,0,35,88,0,123,0,89,157,0,246,238,0,238,484
12/31/2022,VRB,FL,ASO,ES,Towers with Radar,0,27,27,0,54,0,6,39,0,45,0,33,66,0,99,41,0,41,140
01/01/2023,VRB,FL,ASO,ES,Towers with Radar,0,26,37,0,63,0,1,22,0,23,0,27,59,0,86,18,0,18,104
01/02/2023,VRB,FL,ASO,ES,Towers with Radar,0,27,64,0,91,0,0,45,0,45,0,27,109,0,136,2,0,2,138
01/03/2023,VRB,FL,ASO,ES,Towers with Radar,0,47,58,0,105,0,63,93,0,156,0,110,151,0,261,384,0,384,645
01/04/2023,VRB,FL,ASO,ES,Towers with Radar,0,42,72,0,114,0,61,132,0,193,0,103,204,0,307,247,0,247,554
01/05/2023,VRB,FL,ASO,ES,Towers with Radar,0,54,64,0,118,0,40,71,0,111,0,94,135,0,229,203,0,203,432
01/06/2023,VRB,FL,ASO,ES,Towers with Radar,0,41,58,0,99,0,96,117,0,213,0,137,175,0,312,302,0,302,614
01/07/2023,VRB,FL,ASO,ES,Towers with Radar,0,33,34,0,67,0,52,69,1,122,0,85,103,1,189,164,0,164,353
01/08/2023,VRB,FL,ASO,ES,Towers with Radar,0,31,29,2,62,0,4,35,0,39,0,35,64,2,101,19,0,19,120
01/09/2023,VRB,FL,ASO,ES,Towers with Radar,0,33,52,0,85,0,96,108,0,204,0,129,160,0,289,508,0,508,797
01/10/2023,VRB,FL,ASO,ES,Towers with Radar,0,38,65,0,103,0,92,99,0,191,0,130,164,0,294,331,0,331,625
01/11/2023,VRB,FL,ASO,ES,Towers with Radar,0,48,46,0,94,0,111,148,0,259,0,159,194,0,353,415,0,415,768
01/12/2023,VRB,FL,ASO,ES,Towers with Radar,0,49,58,0,107,0,122,181,0,303,0,171,239,0,410,443,0,443,853
01/13/2023,VRB,FL,ASO,ES,Towers with Radar,0,40,26,0,66,0,13,34,0,47,0,53,60,0,113,97,0,97,210
01/14/2023,VRB,FL,ASO,ES,Towers with Radar,0,16,24,0,40,0,9,26,0,35,0,25,50,0,75,52,0,52,127
01/15/2023,VRB,FL,ASO,ES,Towers with Radar,0,27,37,0,64,0,3,75,0,78,0,30,112,0,142,26,0,26,168
01/16/2023,VRB,FL,ASO,ES,Towers with Radar,0,45,55,0,100,0,96,152,0,248,0,141,207,0,348,542,0,542,890
01/17/2023,VRB,FL,ASO,ES,Towers with Radar,0,39,50,0,89,0,113,117,0,230,0,152,167,0,319,405,0,405,724
01/18/2023,VRB,FL,ASO,ES,Towers with Radar,0,57,55,2,114,0,124,125,0,249,0,181,180,2,363,368,0,368,731
01/19/2023,VRB,FL,ASO,ES,Towers with Radar,0,31,48,2,81,0,118,144,0,262,0,149,192,2,343,266,0,266,609
01/20/2023,VRB,FL,ASO,ES,Towers with Radar,0,59,71,0,130,0,124,100,0,224,0,183,171,0,354,425,0,425,779
01/21/2023,VRB,FL,ASO,ES,Towers with Radar,0,27,47,4,78,0,28,74,1,103,0,55,121,5,181,123,0,123,304
01/22/2023,VRB,FL,ASO,ES,Towers with Radar,0,30,31,0,61,0,3,64,0,67,0,33,95,0,128,14,0,14,142
01/23/2023,VRB,FL,ASO,ES,Towers with Radar,0,43,68,2,113,0,59,57,0,116,0,102,125,2,229,256,0,256,485
01/24/2023,VRB,FL,ASO,ES,Towers with Radar,0,68,52,0,120,0,106,137,0,243,0,174,189,0,363,324,0,324,687
01/25/2023,VRB,FL,ASO,ES,Towers with Radar,0,52,42,0,94,0,66,94,0,160,0,118,136,0,254,174,0,174,428
01/26/2023,VRB,FL,ASO,ES,Towers with Radar,0,78,65,0,143,0,84,115,0,199,0,162,180,0,342,504,0,504,846
01/27/2023,VRB,FL,ASO,ES,Towers with Radar,0,55,63,0,118,0,57,111,0,168,0,112,174,0,286,161,0,161,447
01/28/2023,VRB,FL,ASO,ES,Towers with Radar,0,32,54,0,86,0,17,48,0,65,0,49,102,0,151,134,0,134,285
01/29/2023,VRB,FL,ASO,ES,Towers with Radar,0,26,61,0,87,0,2,73,0,75,0,28,134,0,162,35,0,35,197
01/30/2023,VRB,FL,ASO,ES,Towers with Radar,0,70,64,0,134,0,78,116,0,194,0,148,180,0,328,452,0,452,780
01/31/2023,VRB,FL,ASO,ES,Towers with Radar,0,45,52,0,97,0,99,126,0,225,0,144,178,0,322,523,0,523,845
02/01/2023,VRB,FL,ASO,ES,Towers with Radar,0,48,73,0,121,0,112,169,2,283,0,160,242,2,404,421,0,421,825
02/02/2023,VRB,FL,ASO,ES,Towers with Radar,2,63,57,0,122,0,77,137,0,214,2,140,194,0,336,203,0,203,539
02/03/2023,VRB,FL,ASO,ES,Towers with Radar,2,63,53,0,118,0,4,16,0,20,2,67,69,0,138,45,0,45,183
02/04/2023,VRB,FL,ASO,ES,Towers with Radar,2,19,38,2,61,0,10,28,0,38,2,29,66,2,99,31,0,31,130
02/05/2023,VRB,FL,ASO,ES,Towers with Radar,2,23,37,0,62,0,0,1,0,1,2,23,38,0,63,0,0,0,63
02/06/2023,VRB,FL,ASO,ES,Towers with Radar,2,61,60,3,126,0,98,142,1,241,2,159,202,4,367,322,0,322,689
02/07/2023,VRB,FL,ASO,ES,Towers with Radar,0,39,60,0,99,0,131,174,0,305,0,170,234,0,404,527,0,527,931
02/08/2023,VRB,FL,ASO,ES,Towers with Radar,0,54,66,4,124,0,125,147,0,272,0,179,213,4,396,482,0,482,878
02/09/2023,VRB,FL,ASO,ES,Towers with Radar,2,54,87,2,145,0,108,109,0,217,2,162,196,2,362,388,0,388,750
02/10/2023,VRB,FL,ASO,ES,Towers with Radar,2,40,71,0,113,0,100,135,0,235,2,140,206,0,348,424,0,424,772
02/11/2023,VRB,FL,ASO,ES,Towers with Radar,2,32,37,0,71,0,27,43,0,70,2,59,80,0,141,79,0,79,220
02/12/2023,VRB,FL,ASO,ES,Towers with Radar,2,26,30,0,58,0,1,14,0,15,2,27,44,0,73,0,0,0,73
02/13/2023,VRB,FL,ASO,ES,Towers with Radar,0,45,70,0,115,0,97,142,0,239,0,142,212,0,354,479,0,479,833
02/14/2023,VRB,FL,ASO,ES,Towers with Radar,0,53,43,2,98,0,108,153,0,261,0,161,196,2,359,611,0,611,970
02/15/2023,VRB,FL,ASO,ES,Towers with Radar,2,50,57,0,109,0,99,122,0,221,2,149,179,0,330,250,0,250,580
02/16/2023,VRB,FL,ASO,ES,Towers with Radar,4,55,71,4,134,0,71,116,0,187,4,126,187,4,321,289,0,289,610
02/17/2023,VRB,FL,ASO,ES,Towers with Radar,0,44,52,0,96,0,75,118,0,193,0,119,170,0,289,166,0,166,455
02/18/2023,VRB,FL,ASO,ES,Towers with Radar,4,34,76,0,114,0,18,24,0,42,4,52,100,0,156,20,0,20,176
02/19/2023,VRB,FL,ASO,ES,Towers with Radar,4,36,44,0,84,0,0,64,0,64,4,36,108,0,148,33,0,33,181
02/20/2023,VRB,FL,ASO,ES,Towers with Radar,0,87,66,0,153,0,130,190,0,320,0,217,256,0,473,436,0,436,909
02/21/2023,VRB,FL,ASO,ES,Towers with Radar,2,43,40,3,88,0,95,144,0,239,2,138,184,3,327,330,0,330,657
02/22/2023,VRB,FL,ASO,ES,Towers with Radar,2,44,51,0,97,0,101,173,0,274,2,145,224,0,371,377,0,377,748
02/23/2023,VRB,FL,ASO,ES,Towers with Radar,4,51,56,0,111,0,91,159,0,250,4,142,215,0,361,439,0,439,800
02/24/2023,VRB,FL,ASO,ES,Towers with Radar,0,63,65,0,128,0,103,176,0,279,0,166,241,0,407,454,0,454,861
02/25/2023,VRB,FL,ASO,ES,Towers with Radar,4,30,58,2,94,0,40,74,2,116,4,70,132,4,210,67,0,67,277
02/26/2023,VRB,FL,ASO,ES,Towers with Radar,4,35,58,0,97,0,22,93,0,115,4,57,151,0,212,26,0,26,238
02/27/2023,VRB,FL,ASO,ES,Towers with Radar,0,65,40,0,105,0,134,150,0,284,0,199,190,0,389,385,0,385,774
02/28/2023,VRB,FL,ASO,ES,Towers with Radar,0,42,49,0,91,0,111,182,0,293,0,153,231,0,384,428,0,428,812
03/01/2023,VRB,FL,ASO,ES,Towers with Radar,0,71,64,0,135,0,80,107,0,187,0,151,171,0,322,409,0,409,731
03/02/2023,VRB,FL,ASO,ES,Towers with Radar,0,62,56,0,118,0,128,168,0,296,0,190,224,0,414,392,0,392,806
03/03/2023,VRB,FL,ASO,ES,Towers with Radar,3,65,33,0,101,0,47,52,0,99,3,112,85,0,200,162,0,162,362
03/04/2023,VRB,FL,ASO,ES,Towers with Radar,3,39,34,0,76,0,14,38,0,52,3,53,72,0,128,67,0,67,195
03/05/2023,VRB,FL,ASO,ES,Towers with Radar,4,49,63,0,116,0,7,69,0,76,4,56,132,0,192,30,0,30,222
03/06/2023,VRB,FL,ASO,ES,Towers with Radar,0,41,27,0,68,0,101,163,0,264,0,142,190,0,332,564,0,564,896
03/07/2023,VRB,FL,ASO,ES,Towers with Radar,0,46,48,0,94,0,95,158,0,253,0,141,206,0,347,355,0,355,702
03/08/2023,VRB,FL,ASO,ES,Towers with Radar,0,74,50,2,126,0,91,131,0,222,0,165,181,2,348,297,0,297,645
03/09/2023,VRB,FL,ASO,ES,Towers with Radar,4,57,51,0,112,0,108,150,0,258,4,165,201,0,370,698,0,698,1068
03/10/2023,VRB,FL,ASO,ES,Towers with Radar,0,70,56,0,126,0,80,131,0,211,0,150,187,0,337,509,0,509,846
03/11/2023,VRB,FL,ASO,ES,Towers with Radar,4,40,59,0,103,0,16,83,0,99,4,56,142,0,202,55,0,55,257
03/12/2023,VRB,FL,ASO,ES,Towers with Radar,4,45,42,0,91,0,7,74,0,81,4,52,116,0,172,20,0,20,192
03/13/2023,VRB,FL,ASO,ES,Towers with Radar,0,20,40,0,60,0,13,38,0,51,0,33,78,0,111,103,0,103,214
03/14/2023,VRB,FL,ASO,ES,Towers with Radar,0,52,54,0,106,0,110,181,0,291,0,162,235,0,397,372,0,372,769
03/15/2023,VRB,FL,ASO,ES,Towers with Radar,0,51,56,0,107,0,106,165,0,271,0,157,221,0,378,422,0,422,800
03/16/2023,VRB,FL,ASO,ES,Towers with Radar,4,54,65,0,123,0,95,138,0,233,4,149,203,0,356,423,0,423,779
03/17/2023,VRB,FL,ASO,ES,Towers with Radar,0,44,58,1,103,0,90,137,0,227,0,134,195,1,330,423,0,423,753
03/18/2023,VRB,FL,ASO,ES,Towers with Radar,3,32,47,0,82,0,18,46,0,64,3,50,93,0,146,37,0,37,183
03/19/2023,VRB,FL,ASO,ES,Towers with Radar,2,37,45,0,84,0,0,5,0,5,2,37,50,0,89,4,0,4,93
03/20/2023,VRB,FL,ASO,ES,Towers with Radar,1,50,51,0,102,0,57,107,0,164,1,107,158,0,266,330,0,330,596
03/21/2023,VRB,FL,ASO,ES,Towers with Radar,0,35,64,0,99,0,122,179,0,301,0,157,243,0,400,524,0,524,924
03/22/2023,VRB,FL,ASO,ES,Towers with Radar,0,36,56,1,93,0,106,150,0,256,0,142,206,1,349,487,0,487,836
03/23/2023,VRB,FL,ASO,ES,Towers with Radar,4,67,61,0,132,0,102,136,0,238,4,169,197,0,370,482,0,482,852
03/24/2023,VRB,FL,ASO,ES,Towers with Radar,0,53,78,4,135,0,85,114,0,199,0,138,192,4,334,364,0,364,698
03/25/2023,VRB,FL,ASO,ES,Towers with Radar,4,38,50,0,92,0,25,63,0,88,4,63,113,0,180,99,0,99,279
03/26/2023,VRB,FL,ASO,ES,Towers with Radar,4,21,51,0,76,0,1,72,0,73,4,22,123,0,149,22,0,22,171
03/27/2023,VRB,FL,ASO,ES,Towers with Radar,0,46,62,0,108,0,84,128,0,212,0,130,190,0,320,409,0,409,729
03/28/2023,VRB,FL,ASO,ES,Towers with Radar,0,56,55,1,112,0,113,123,0,236,0,169,178,1,348,434,0,434,782
03/29/2023,VRB,FL,ASO,ES,Towers with Radar,0,57,68,0,125,0,60,57,0,117,0,117,125,0,242,246,0,246,488
03/30/2023,VRB,FL,ASO,ES,Towers with Radar,4,56,62,0,122,0,134,128,0,262,4,190,190,0,384,291,0,291,675
03/31/2023,VRB,FL,ASO,ES,Towers with Radar,0,51,57,0,108,0,79,93,0,172,0,130,150,0,280,212,0,212,492
04/01/2023,VRB,FL,ASO,ES,Towers with Radar,2,39,27,0,68,0,28,49,0,77,2,67,76,0,145,94,0,94,239
04/02/2023,VRB,FL,ASO,ES,Towers with Radar,4,38,60,0,102,0,1,45,0,46,4,39,105,0,148,24,0,24,172
04/03/2023,VRB,FL,ASO,ES,Towers with Radar,0,41,62,0,103,0,65,91,0,156,0,106,153,0,259,355,0,355,614
04/04/2023,VRB,FL,ASO,ES,Towers with Radar,0,53,59,2,114,0,141,142,0,283,0,194,201,2,397,484,0,484,881
04/05/2023,VRB,FL,ASO,ES,Towers with Radar,2,58,83,4,147,0,111,154,0,265,2,169,237,4,412,324,0,324,736
04/06/2023,VRB,FL,ASO,ES,Towers with Radar,4,69,64,6,143,0,96,109,1,206,4,165,173,7,349,339,0,339,688
04/07/2023,VRB,FL,ASO,ES,Towers with Radar,2,45,70,0,117,0,103,108,0,211,2,148,178,0,328,370,0,370,698
04/08/2023,VRB,FL,ASO,ES,Towers with Radar,4,26,40,0,70,0,31,54,0,85,4,57,94,0,155,108,0,108,263
04/09/2023,VRB,FL,ASO,ES,Towers with Radar,4,32,45,0,81,0,0,28,0,28,4,32,73,0,109,0,0,0,109
04/10/2023,VRB,FL,ASO,ES,Towers with Radar,2,43,48,0,93,0,12,18,0,30,2,55,66,0,123,25,0,25,148
04/11/2023,VRB,FL,ASO,ES,Towers with Radar,2,39,33,0,74,0,17,26,0,43,2,56,59,0,117,17,0,17,134
04/12/2023,VRB,FL,ASO,ES,Towers with Radar,2,24,37,0,63,0,14,18,0,32,2,38,55,0,95,33,0,33,128
04/13/2023,VRB,FL,ASO,ES,Towers with Radar,7,40,30,0,77,0,60,85,0,145,7,100,115,0,222,217,0,217,439
04/14/2023,VRB,FL,ASO,ES,Towers with Radar,0,70,51,1,122,0,100,118,0,218,0,170,169,1,340,483,0,483,823
04/15/2023,VRB,FL,ASO,ES,Towers with Radar,4,34,55,1,94,0,99,93,0,192,4,133,148,1,286,305,0,305,591
04/16/2023,VRB,FL,ASO,ES,Towers with Radar,4,37,53,0,94,0,7,42,0,49,4,44,95,0,143,0,0,0,143
04/17/2023,VRB,FL,ASO,ES,Towers with Radar,2,51,40,0,93,0,18,29,0,47,2,69,69,0,140,154,0,154,294
04/18/2023,VRB,FL,ASO,ES,Towers with Radar,0,57,60,0,117,0,115,148,0,263,0,172,208,0,380,299,0,299,679
04/19/2023,VRB,FL,ASO,ES,Towers with Radar,2,50,66,0,118,0,113,170,0,283,2,163,236,0,401,389,0,389,790
04/20/2023,VRB,FL,ASO,ES,Towers with Radar,2,63,60,0,125,0,95,134,0,229,2,158,194,0,354,382,0,382,736
04/21/2023,VRB,FL,ASO,ES,Towers with Radar,2,58,52,2,114,0,115,123,0,238,2,173,175,2,352,448,0,448,800
04/22/2023,VRB,FL,ASO,ES,Towers with Radar,4,27,31,0,62,0,52,71,0,123,4,79,102,0,185,140,0,140,325
04/23/2023,VRB,FL,ASO,ES,Towers with Radar,2,29,52,0,83,0,8,57,0,65,2,37,109,0,148,4,0,4,152
04/24/2023,VRB,FL,ASO,ES,Towers with Radar,2,38,67,0,107,0,39,46,0,85,2,77,113,0,192,332,0,332,524
04/25/2023,VRB,FL,ASO,ES,Towers with Radar,0,36,43,0,79,0,43,110,0,153,0,79,153,0,232,293,0,293,525
04/26/2023,VRB,FL,ASO,ES,Towers with Radar,2,42,75,0,119,0,86,118,0,204,2,128,193,0,323,431,0,431,754
04/27/2023,VRB,FL,ASO,ES,Towers with Radar,2,41,56,0,99,0,135,129,0,264,2,176,185,0,363,299,0,299,662
04/28/2023,VRB,FL,ASO,ES,Towers with Radar,2,54,53,0,109,0,102,88,0,190,2,156,141,0,299,289,0,289,588
04/29/2023,VRB,FL,ASO,ES,Towers with Radar,4,49,34,0,87,0,26,74,0,100,4,75,108,0,187,197,0,197,384
04/30/2023,VRB,FL,ASO,ES,Towers with Radar,2,30,29,0,61,0,1,5,0,6,2,31,34,0,67,0,0,0,67
05/01/2023,VRB,FL,ASO,ES,Towers with Radar,2,43,55,0,100,0,157,177,0,334,2,200,232,0,434,417,0,417,851
05/02/2023,VRB,FL,ASO,ES,Towers with Radar,0,51,55,0,106,0,126,187,0,313,0,177,242,0,419,329,0,329,748
05/03/2023,VRB,FL,ASO,ES,Towers with Radar,2,65,84,0,151,0,94,146,0,240,2,159,230,0,391,374,0,374,765
05/04/2023,VRB,FL,ASO,ES,Towers with Radar,2,63,59,0,124,0,133,149,0,282,2,196,208,0,406,213,0,213,619
05/05/2023,VRB,FL,ASO,ES,Towers with Radar,4,51,54,2,111,0,145,124,0,269,4,196,178,2,380,368,0,368,748
05/06/2023,VRB,FL,ASO,ES,Towers with Radar,4,32,37,0,73,0,13,33,0,46,4,45,70,0,119,23,0,23,142
05/07/2023,VRB,FL,ASO,ES,Towers with Radar,2,17,49,0,68,0,2,40,0,42,2,19,89,0,110,7,0,7,117
05/08/2023,VRB,FL,ASO,ES,Towers with Radar,4,70,61,1,136,0,111,129,0,240,4,181,190,1,376,494,0,494,870
05/09/2023,VRB,FL,ASO,ES,Towers with Radar,0,51,58,0,109,0,170,167,0,337,0,221,225,0,446,544,0,544,990
05/10/2023,VRB,FL,ASO,ES,Towers with Radar,2,58,84,0,144,0,140,168,0,308,2,198,252,0,452,563,0,563,1015
05/11/2023,VRB,FL,ASO,ES,Towers with Radar,2,38,60,0,100,0,115,112,0,227,2,153,172,0,327,606,0,606,933
05/12/2023,VRB,FL,ASO,ES,Towers with Radar,3,38,35,0,76,0,86,105,1,192,3,124,140,1,268,269,0,269,537
05/13/2023,VRB,FL,ASO,ES,Towers with Radar,3,13,47,0,63,0,34,74,0,108,3,47,121,0,171,137,0,137,308
05/14/2023,VRB,FL,ASO,ES,Towers with Radar,2,29,35,0,66,0,5,37,0,42,2,34,72,0,108,2,0,2,110
05/15/2023,VRB,FL,ASO,ES,Towers with Radar,3,58,48,0,109,0,109,124,0,233,3,167,172,0,342,258,0,258,600
05/16/2023,VRB,FL,ASO,ES,Towers with Radar,0,47,39,0,86,0,115,142,0,257,0,162,181,0,343,466,0,466,809
05/17/2023,VRB,FL,ASO,ES,Towers with Radar,0,34,49,0,83,0,106,126,0,232,0,140,175,0,315,512,0,512,827
05/18/2023,VRB,FL,ASO,ES,Towers with Radar,1,51,40,0,92,0,91,133,0,224,1,142,173,0,316,335,0,335,651
05/19/2023,VRB,FL,ASO,ES,Towers with Radar,4,47,45,0,96,0,97,141,0,238,4,144,186,0,334,431,0,431,765
05/20/2023,VRB,FL,ASO,ES,Towers with Radar,2,27,14,0,43,0,22,61,0,83,2,49,75,0,126,190,0,190,316
05/21/2023,VRB,FL,ASO,ES,Towers with Radar,2,14,27,0,43,0,4,49,0,53,2,18,76,0,96,2,0,2,98
05/22/2023,VRB,FL,ASO,ES,Towers with Radar,3,43,48,0,94,0,98,78,0,176,3,141,126,0,270,380,0,380,650
05/23/2023,VRB,FL,ASO,ES,Towers with Radar,0,29,45,0,74,0,50,53,0,103,0,79,98,0,177,284,0,284,461
05/24/2023,VRB,FL,ASO,ES,Towers with Radar,0,14,44,0,58,0,61,79,0,140,0,75,123,0,198,291,0,291,489
05/25/2023,VRB,FL,ASO,ES,Towers with Radar,2,46,53,0,101,0,61,60,0,121,2,107,113,0,222,371,0,371,593
05/26/2023,VRB,FL,ASO,ES,Towers with Radar,3,23,41,0,67,0,71,89,0,160,3,94,130,0,227,340,0,340,567
05/27/2023,VRB,FL,ASO,ES,Towers with Radar,2,28,46,0,76,0,40,69,0,109,2,68,115,0,185,152,0,152,337
05/28/2023,VRB,FL,ASO,ES,Towers with Radar,2,7,26,0,35,0,6,24,0,30,2,13,50,0,65,8,0,8,73
05/29/2023,VRB,FL,ASO,ES,Towers with Radar,3,19,62,0,84,0,4,98,0,102,3,23,160,0,186,126,0,126,312
05/30/2023,VRB,FL,ASO,ES,Towers with Radar,0,32,45,2,79,0,152,161,0,313,0,184,206,2,392,374,0,374,766
05/31/2023,VRB,FL,ASO,ES,Towers with Radar,0,36,39,0,75,0,34,36,0,70,0,70,75,0,145,198,0,198,343
06/01/2023,VRB,FL,ASO,ES,Towers with Radar,2,25,63,1,91,0,53,57,0,110,2,78,120,1,201,169,0,169,370
06/02/2023,VRB,FL,ASO,ES,Towers with Radar,4,46,42,0,92,0,67,81,1,149,4,113,123,1,241,420,0,420,661
06/03/2023,VRB,FL,ASO,ES,Towers with Radar,2,37,20,0,59,0,18,42,0,60,2,55,62,0,119,127,0,127,246
06/04/2023,VRB,FL,ASO,ES,Towers with Radar,2,17,27,0,46,0,2,24,0,26,2,19,51,0,72,6,0,6,78
06/05/2023,VRB,FL,ASO,ES,Towers with Radar,3,27,50,1,81,0,71,102,2,175,3,98,152,3,256,167,8,175,431
06/06/2023,VRB,FL,ASO,ES,Towers with Radar,0,33,48,2,83,0,167,207,0,374,0,200,255,2,457,530,0,530,987
06/07/2023,VRB,FL,ASO,ES,Towers with Radar,0,42,52,0,94,0,71,118,0,189,0,113,170,0,283,323,0,323,606
06/08/2023,VRB,FL,ASO,ES,Towers with Radar,2,21,48,0,71,0,84,72,0,156,2,105,120,0,227,202,0,202,429
06/09/2023,VRB,FL,ASO,ES,Towers with Radar,4,30,49,0,83,0,131,94,0,225,4,161,143,0,308,485,0,485,793
06/10/2023,VRB,FL,ASO,ES,Towers with Radar,2,8,29,0,39,0,37,63,0,100,2,45,92,0,139,141,0,141,280
06/11/2023,VRB,FL,ASO,ES,Towers with Radar,1,20,32,0,53,0,9,73,2,84,1,29,105,2,137,27,0,27,164
06/12/2023,VRB,FL,ASO,ES,Towers with Radar,4,26,32,0,62,0,110,107,0,217,4,136,139,0,279,327,0,327,606
06/13/2023,VRB,FL,ASO,ES,Towers with Radar,0,27,34,0,61,0,137,169,0,306,0,164,203,0,367,454,0,454,821
06/14/2023,VRB,FL,ASO,ES,Towers with Radar,0,27,35,0,62,0,106,135,0,241,0,133,170,0,303,320,0,320,623
06/15/2023,VRB,FL,ASO,ES,Towers with Radar,2,36,50,0,88,0,104,126,0,230,2,140,176,0,318,307,0,307,625
06/16/2023,VRB,FL,ASO,ES,Towers with Radar,4,29,30,0,63,0,93,63,0,156,4,122,93,0,219,247,0,247,466
06/17/2023,VRB,FL,ASO,ES,Towers with Radar,2,11,27,0,40,0,8,22,0,30,2,19,49,0,70,9,0,9,79
06/18/2023,VRB,FL,ASO,ES,Towers with Radar,2,10,21,0,33,0,3,26,0,29,2,13,47,0,62,12,0,12,74
06/19/2023,VRB,FL,ASO,ES,Towers with Radar,3,32,37,0,72,0,122,123,0,245,3,154,160,0,317,473,0,473,790
06/20/2023,VRB,FL,ASO,ES,Towers with Radar,0,26,31,0,57,0,65,69,0,134,0,91,100,0,191,172,0,172,363
06/21/2023,VRB,FL,ASO,ES,Towers with Radar,0,34,38,0,72,0,107,105,0,212,0,141,143,0,284,448,0,448,732
06/22/2023,VRB,FL,ASO,ES,Towers with Radar,2,30,50,0,82,0,104,109,0,213,2,134,159,0,295,454,0,454,749
06/23/2023,VRB,FL,ASO,ES,Towers with Radar,2,39,36,0,77,0,129,105,0,234,2,168,141,0,311,395,0,395,706
06/24/2023,VRB,FL,ASO,ES,Towers with Radar,1,15,30,2,48,0,72,34,0,106,1,87,64,2,154,100,0,100,254
06/25/2023,VRB,FL,ASO,ES,Towers with Radar,1,10,22,0,33,0,3,48,0,51,1,13,70,0,84,20,0,20,104
06/26/2023,VRB,FL,ASO,ES,Towers with Radar,3,46,39,3,91,0,123,119,0,242,3,169,158,3,333,513,0,513,846
06/27/2023,VRB,FL,ASO,ES,Towers with Radar,1,26,28,0,55,0,128,132,0,260,1,154,160,0,315,385,0,385,700
06/28/2023,VRB,FL,ASO,ES,Towers with Radar,0,28,41,0,69,0,63,57,0,120,0,91,98,0,189,275,0,275,464
06/29/2023,VRB,FL,ASO,ES,Towers with Radar,2,32,47,0,81,0,110,111,0,221,2,142,158,0,302,409,0,409,711
06/30/2023,VRB,FL,ASO,ES,Towers with Radar,4,38,44,0,86,0,153,124,0,277,4,191,168,0,363,307,0,307,670
07/01/2023,VRB,FL,ASO,ES,Towers with Radar,2,18,30,0,50,0,49,46,0,95,2,67,76,0,145,132,0,132,277
07/02/2023,VRB,FL,ASO,ES,Towers with Radar,2,14,16,0,32,0,2,54,0,56,2,16,70,0,88,21,0,21,109
07/03/2023,VRB,FL,ASO,ES,Towers with Radar,5,14,25,0,44,0,112,119,0,231,5,126,144,0,275,411,0,411,686
07/04/2023,VRB,FL,ASO,ES,Towers with Radar,0,4,6,0,10,0,8,24,0,32,0,12,30,0,42,26,0,26,68
07/05/2023,VRB,FL,ASO,ES,Towers with Radar,0,22,32,2,56,0,95,82,0,177,0,117,114,2,233,491,0,491,724
07/06/2023,VRB,FL,ASO,ES,Towers with Radar,2,9,39,0,50,0,95,64,1,160,2,104,103,1,210,334,0,334,544
07/07/2023,VRB,FL,ASO,ES,Towers with Radar,3,23,33,0,59,0,116,97,0,213,3,139,130,0,272,353,0,353,625
07/08/2023,VRB,FL,ASO,ES,Towers with Radar,3,18,26,0,47,0,72,46,0,118,3,90,72,0,165,167,0,167,332
07/09/2023,VRB,FL,ASO,ES,Towers with Radar,0,12,28,0,40,0,0,38,0,38,0,12,66,0,78,35,0,35,113
07/10/2023,VRB,FL,ASO,ES,Towers with Radar,7,21,34,0,62,0,112,128,0,240,7,133,162,0,302,351,0,351,653
07/11/2023,VRB,FL,ASO,ES,Towers with Radar,1,24,30,0,55,0,129,126,0,255,1,153,156,0,310,435,0,435,745
07/12/2023,VRB,FL,ASO,ES,Towers with Radar,0,14,37,0,51,0,138,135,0,273,0,152,172,0,324,516,0,516,840
07/13/2023,VRB,FL,ASO,ES,Towers with Radar,2,26,27,0,55,0,100,103,0,203,2,126,130,0,258,348,0,348,606
07/14/2023,VRB,FL,ASO,ES,Towers with Radar,4,17,31,0,52,0,130,113,0,243,4,147,144,0,295,360,0,360,655
07/15/2023,VRB,FL,ASO,ES,Towers with Radar,2,14,18,0,34,0,79,59,0,138,2,93,77,0,172,210,0,210,382
07/16/2023,VRB,FL,ASO,ES,Towers with Radar,2,1,30,0,33,0,2,41,0,43,2,3,71,0,76,10,0,10,86
07/17/2023,VRB,FL,ASO,ES,Towers with Radar,2,9,29,0,40,0,90,69,0,159,2,99,98,0,199,371,0,371,570
07/18/2023,VRB,FL,ASO,ES,Towers with Radar,0,11,34,0,45,0,117,98,0,215,0,128,132,0,260,355,0,355,615
07/19/2023,VRB,FL,ASO,ES,Towers with Radar,0,17,47,0,64,0,149,109,0,258,0,166,156,0,322,602,0,602,924
07/20/2023,VRB,FL,ASO,ES,Towers with Radar,2,17,45,0,64,0,158,96,0,254,2,175,141,0,318,600,0,600,918
07/21/2023,VRB,FL,ASO,ES,Towers with Radar,3,18,24,0,45,0,170,126,0,296,3,188,150,0,341,433,0,433,774
07/22/2023,VRB,FL,ASO,ES,Towers with Radar,2,9,36,0,47,0,92,80,0,172,2,101,116,0,219,313,0,313,532
07/23/2023,VRB,FL,ASO,ES,Towers with Radar,2,9,19,0,30,0,2,67,0,69,2,11,86,0,99,24,0,24,123
07/24/2023,VRB,FL,ASO,ES,Towers with Radar,4,30,36,0,70,0,150,114,0,264,4,180,150,0,334,561,0,561,895
07/25/2023,VRB,FL,ASO,ES,Towers with Radar,0,20,35,0,55,0,158,102,0,260,0,178,137,0,315,670,0,670,985
07/26/2023,VRB,FL,ASO,ES,Towers with Radar,0,11,28,0,39,0,140,139,0,279,0,151,167,0,318,545,0,545,863
07/27/2023,VRB,FL,ASO,ES,Towers with Radar,1,7,30,0,38,0,73,45,0,118,1,80,75,0,156,419,0,419,575
07/28/2023,VRB,FL,ASO,ES,Towers with Radar,3,13,38,0,54,0,113,70,0,183,3,126,108,0,237,346,0,346,583
07/29/2023,VRB,FL,ASO,ES,Towers with Radar,2,12,19,0,33,0,85,43,1,129,2,97,62,1,162,179,0,179,341
07/30/2023,VRB,FL,ASO,ES,Towers with Radar,2,13,20,0,35,0,6,57,2,65,2,19,77,2,100,26,0,26,126
07/31/2023,VRB,FL,ASO,ES,Towers with Radar,3,14,31,0,48,0,132,130,0,262,3,146,161,0,310,366,0,366,676
08/01/2023,VRB,FL,ASO,ES,Towers with Radar,0,26,38,0,64,0,134,134,0,268,0,160,172,0,332,607,0,607,939
08/02/2023,VRB,FL,ASO,ES,Towers with Radar,0,18,32,0,50,0,202,180,0,382,0,220,212,0,432,588,0,588,1020
08/03/2023,VRB,FL,ASO,ES,Towers with Radar,2,28,45,0,75,0,160,130,0,290,2,188,175,0,365,706,0,706,1071
08/04/2023,VRB,FL,ASO,ES,Towers with Radar,3,13,36,0,52,0,147,122,0,269,3,160,158,0,321,654,0,654,975
08/05/2023,VRB,FL,ASO,ES,Towers with Radar,2,14,20,0,36,0,80,78,0,158,2,94,98,0,194,169,0,169,363
08/06/2023,VRB,FL,ASO,ES,Towers with Radar,2,10,23,0,35,0,3,58,0,61,2,13,81,0,96,19,2,21,117
08/07/2023,VRB,FL,ASO,ES,Towers with Radar,4,14,33,0,51,0,141,133,0,274,4,155,166,0,325,442,0,442,767
08/08/2023,VRB,FL,ASO,ES,Towers with Radar,0,15,45,2,62,0,209,147,0,356,0,224,192,2,418,457,0,457,875
08/09/2023,VRB,FL,ASO,ES,Towers with Radar,0,14,37,0,51,0,205,116,0,321,0,219,153,0,372,482,0,482,854
08/10/2023,VRB,FL,ASO,ES,Towers with Radar,2,7,39,0,48,0,151,128,0,279,2,158,167,0,327,313,0,313,640
08/11/2023,VRB,FL,ASO,ES,Towers with Radar,3,19,32,0,54,0,186,146,0,332,3,205,178,0,386,537,0,537,923
08/12/2023,VRB,FL,ASO,ES,Towers with Radar,2,7,13,0,22,0,86,58,0,144,2,93,71,0,166,166,0,166,332
08/13/2023,VRB,FL,ASO,ES,Towers with Radar,2,4,23,0,29,0,2,40,0,42,2,6,63,0,71,5,0,5,76
08/14/2023,VRB,FL,ASO,ES,Towers with Radar,2,18,35,0,55,0,114,113,0,227,2,132,148,0,282,397,0,397,679
08/15/2023,VRB,FL,ASO,ES,Towers with Radar,1,14,39,0,54,0,172,121,0,293,1,186,160,0,347,550,0,550,897
08/16/2023,VRB,FL,ASO,ES,Towers with Radar,0,21,47,0,68,0,121,70,0,191,0,142,117,0,259,316,0,316,575
08/17/2023,VRB,FL,ASO,ES,Towers with Radar,2,18,35,0,55,0,106,75,0,181,2,124,110,0,236,197,0,197,433
08/18/2023,VRB,FL,ASO,ES,Towers with Radar,4,20,34,0,58,0,199,137,0,336,4,219,171,0,394,623,0,623,1017
08/19/2023,VRB,FL,ASO,ES,Towers with Radar,2,19,19,0,40,0,52,27,0,79,2,71,46,0,119,143,0,143,262
08/20/2023,VRB,FL,ASO,ES,Towers with Radar,2,21,16,0,39,0,2,16,0,18,2,23,32,0,57,20,0,20,77
08/21/2023,VRB,FL,ASO,ES,Towers with Radar,3,19,32,0,54,0,79,72,0,151,3,98,104,0,205,238,0,238,443
08/22/2023,VRB,FL,ASO,ES,Towers with Radar,0,26,38,1,65,0,153,132,1,286,0,179,170,2,351,287,0,287,638
08/23/2023,VRB,FL,ASO,ES,Towers with Radar,0,35,49,0,84,0,163,129,0,292,0,198,178,0,376,462,0,462,838
08/24/2023,VRB,FL,ASO,ES,Towers with Radar,2,36,48,2,88,0,124,82,0,206,2,160,130,2,294,339,0,339,633
08/25/2023,VRB,FL,ASO,ES,Towers with Radar,4,31,53,0,88,0,190,143,0,333,4,221,196,0,421,191,0,191,612
08/26/2023,VRB,FL,ASO,ES,Towers with Radar,2,12,26,0,40,0,106,49,1,156,2,118,75,1,196,161,0,161,357
08/27/2023,VRB,FL,ASO,ES,Towers with Radar,2,8,26,1,37,0,0,45,0,45,2,8,71,1,82,38,2,40,122
08/28/2023,VRB,FL,ASO,ES,Towers with Radar,4,20,23,0,47,0,72,48,0,120,4,92,71,0,167,297,0,297,464
08/29/2023,VRB,FL,ASO,ES,Towers with Radar,0,17,25,0,42,0,105,77,0,182,0,122,102,0,224,482,0,482,706
08/30/2023,VRB,FL,ASO,ES,Towers with Radar,0,5,1,0,6,0,0,7,0,7,0,5,8,0,13,0,0,0,13
08/31/2023,VRB,FL,ASO,ES,Towers with Radar,2,19,35,0,56,0,112,48,0,160,2,131,83,0,216,243,0,243,459
