01/01/2000,WDG,OK,ASW,CE,Federal Contract Tower,0,0,0,0,0,4,0,22,0,26,4,0,22,0,26,2,0,2,28
01/02/2000,WDG,OK,ASW,CE,Federal Contract Tower,0,1,0,0,1,2,1,29,0,32,2,2,29,0,33,44,0,44,77
01/03/2000,WDG,OK,ASW,CE,Federal Contract Tower,0,1,0,0,1,5,1,12,0,18,5,2,12,0,19,0,0,0,19
01/04/2000,WDG,OK,ASW,CE,Federal Contract Tower,7,2,6,57,72,0,0,8,0,8,7,2,14,57,80,12,67,79,159
01/05/2000,WDG,OK,ASW,CE,Federal Contract Tower,4,2,6,58,70,0,0,4,0,4,4,2,10,58,74,18,82,100,174
01/06/2000,WDG,OK,ASW,CE,Federal Contract Tower,7,2,6,55,70,0,0,13,0,13,7,2,19,55,83,12,63,75,158
01/07/2000,WDG,OK,ASW,CE,Federal Contract Tower,4,2,2,21,29,3,0,19,0,22,7,2,21,21,51,28,39,67,118
01/08/2000,WDG,OK,ASW,CE,Federal Contract Tower,0,1,0,0,1,4,1,13,0,18,4,2,13,0,19,0,0,0,19
01/09/2000,WDG,OK,ASW,CE,Federal Contract Tower,2,0,2,18,22,0,0,16,0,16,2,0,18,18,38,42,30,72,110
01/10/2000,WDG,OK,ASW,CE,Federal Contract Tower,5,2,7,67,81,0,0,22,0,22,5,2,29,67,103,26,87,113,216
01/11/2000,WDG,OK,ASW,CE,Federal Contract Tower,7,2,9,75,93,0,0,32,0,32,7,2,41,75,125,6,77,83,208
01/12/2000,WDG,OK,ASW,CE,Federal Contract Tower,7,2,10,77,96,0,0,30,0,30,7,2,40,77,126,52,97,149,275
01/13/2000,WDG,OK,ASW,CE,Federal Contract Tower,7,2,9,76,94,0,0,29,0,29,7,2,38,76,123,42,81,123,246
01/14/2000,WDG,OK,ASW,CE,Federal Contract Tower,5,2,8,67,82,0,0,35,0,35,5,2,43,67,117,34,94,128,245
01/15/2000,WDG,OK,ASW,CE,Federal Contract Tower,0,0,1,0,1,5,2,71,0,78,5,2,72,0,79,46,0,46,125
01/16/2000,WDG,OK,ASW,CE,Federal Contract Tower,0,0,1,0,1,0,0,2,0,2,0,0,3,0,3,0,0,0,3
01/17/2000,WDG,OK,ASW,CE,Federal Contract Tower,0,0,1,0,1,3,2,1,0,6,3,2,2,0,7,0,0,0,7
01/18/2000,WDG,OK,ASW,CE,Federal Contract Tower,7,2,9,78,96,0,0,28,0,28,7,2,37,78,124,58,86,144,268
01/19/2000,WDG,OK,ASW,CE,Federal Contract Tower,7,2,6,46,61,0,0,35,0,35,7,2,41,46,96,62,54,116,212
01/20/2000,WDG,OK,ASW,CE,Federal Contract Tower,6,2,8,61,77,0,0,17,0,17,6,2,25,61,94,22,74,96,190
01/21/2000,WDG,OK,ASW,CE,Federal Contract Tower,5,2,6,42,55,0,0,25,0,25,5,2,31,42,80,20,52,72,152
01/22/2000,WDG,OK,ASW,CE,Federal Contract Tower,2,0,1,0,3,3,2,58,0,63,5,2,59,0,66,136,0,136,202
01/23/2000,WDG,OK,ASW,CE,Federal Contract Tower,2,0,1,8,11,0,0,14,0,14,2,0,15,8,25,6,16,22,47
01/24/2000,WDG,OK,ASW,CE,Federal Contract Tower,7,2,5,52,66,0,0,12,0,12,7,2,17,52,78,32,58,90,168
01/25/2000,WDG,OK,ASW,CE,Federal Contract Tower,5,2,7,65,79,0,0,22,0,22,5,2,29,65,101,12,75,87,188
01/26/2000,WDG,OK,ASW,CE,Federal Contract Tower,0,0,0,0,0,4,2,0,0,6,4,2,0,0,6,0,0,0,6
01/27/2000,WDG,OK,ASW,CE,Federal Contract Tower,0,0,0,0,0,0,0,0,0,0,0,0,0,0,0,0,0,0,0
01/28/2000,WDG,OK,ASW,CE,Federal Contract Tower,0,0,0,0,0,6,2,6,0,14,6,2,6,0,14,0,0,0,14
01/29/2000,WDG,OK,ASW,CE,Federal Contract Tower,0,0,0,0,0,5,2,17,0,24,5,2,17,0,24,13,0,13,37
01/30/2000,WDG,OK,ASW,CE,Federal Contract Tower,0,0,0,0,0,2,0,16,0,18,2,0,16,0,18,28,0,28,46
01/31/2000,WDG,OK,ASW,CE,Federal Contract Tower,3,1,3,16,23,2,1,17,0,20,5,2,20,16,43,0,16,16,59
02/01/2000,WDG,OK,ASW,CE,Federal Contract Tower,0,0,1,0,1,0,2,1,0,3,0,2,2,0,4,0,0,0,4
02/02/2000,WDG,OK,ASW,CE,Federal Contract Tower,0,6,8,44,58,0,0,8,0,8,0,6,16,44,66,24,66,90,156
02/03/2000,WDG,OK,ASW,CE,Federal Contract Tower,0,9,13,75,97,0,0,28,0,28,0,9,41,75,125,26,97,123,248
02/04/2000,WDG,OK,ASW,CE,Federal Contract Tower,0,7,7,44,58,0,2,15,0,17,0,9,22,44,75,16,96,112,187
02/05/2000,WDG,OK,ASW,CE,Federal Contract Tower,0,1,1,0,2,0,8,47,0,55,0,9,48,0,57,84,0,84,141
02/06/2000,WDG,OK,ASW,CE,Federal Contract Tower,0,2,2,10,14,0,0,37,0,37,0,2,39,10,51,46,8,54,105
02/07/2000,WDG,OK,ASW,CE,Federal Contract Tower,0,9,10,58,77,0,0,28,0,28,0,9,38,58,105,42,74,116,221
02/08/2000,WDG,OK,ASW,CE,Federal Contract Tower,0,8,18,109,135,0,0,16,0,16,0,8,34,109,151,62,132,194,345
02/09/2000,WDG,OK,ASW,CE,Federal Contract Tower,0,9,15,85,109,0,0,32,0,32,0,9,47,85,141,76,110,186,327
02/10/2000,WDG,OK,ASW,CE,Federal Contract Tower,0,9,13,73,95,0,0,22,0,22,0,9,35,73,117,52,83,135,252
02/11/2000,WDG,OK,ASW,CE,Federal Contract Tower,0,9,7,31,47,0,0,22,0,22,0,9,29,31,69,42,29,71,140
02/12/2000,WDG,OK,ASW,CE,Federal Contract Tower,0,2,1,0,3,0,5,64,0,69,0,7,65,0,72,88,0,88,160
02/13/2000,WDG,OK,ASW,CE,Federal Contract Tower,0,3,3,13,19,0,0,10,0,10,0,3,13,13,29,6,18,24,53
02/14/2000,WDG,OK,ASW,CE,Federal Contract Tower,0,9,9,49,67,0,0,32,0,32,0,9,41,49,99,52,64,116,215
02/15/2000,WDG,OK,ASW,CE,Federal Contract Tower,0,9,9,49,67,0,0,31,0,31,0,9,40,49,98,68,59,127,225
02/16/2000,WDG,OK,ASW,CE,Federal Contract Tower,0,7,8,42,57,0,0,28,0,28,0,7,36,42,85,28,52,80,165
02/17/2000,WDG,OK,ASW,CE,Federal Contract Tower,0,2,1,0,3,0,5,6,0,11,0,7,7,0,14,0,0,0,14
02/18/2000,WDG,OK,ASW,CE,Federal Contract Tower,0,8,6,33,47,0,0,5,0,5,0,8,11,33,52,32,33,65,117
02/19/2000,WDG,OK,ASW,CE,Federal Contract Tower,0,3,1,3,7,0,5,53,0,58,0,8,54,3,65,78,10,88,153
02/20/2000,WDG,OK,ASW,CE,Federal Contract Tower,0,0,0,2,2,0,3,31,0,34,0,3,31,2,36,12,0,12,48
02/21/2000,WDG,OK,ASW,CE,Federal Contract Tower,0,2,0,0,2,0,7,28,0,35,0,9,28,0,37,10,0,10,47
02/22/2000,WDG,OK,ASW,CE,Federal Contract Tower,0,3,2,7,12,0,4,8,0,12,0,7,10,7,24,0,5,5,29
02/23/2000,WDG,OK,ASW,CE,Federal Contract Tower,0,8,7,41,56,0,0,12,0,12,0,8,19,41,68,14,42,56,124
02/24/2000,WDG,OK,ASW,CE,Federal Contract Tower,0,10,8,51,69,0,0,29,0,29,0,10,37,51,98,34,55,89,187
02/25/2000,WDG,OK,ASW,CE,Federal Contract Tower,0,3,3,12,18,0,6,12,0,18,0,9,15,12,36,24,18,42,78
02/26/2000,WDG,OK,ASW,CE,Federal Contract Tower,0,3,1,4,8,0,4,47,0,51,0,7,48,4,59,122,10,132,191
02/27/2000,WDG,OK,ASW,CE,Federal Contract Tower,0,3,1,16,20,0,1,41,6,48,0,4,42,22,68,38,22,60,128
02/28/2000,WDG,OK,ASW,CE,Federal Contract Tower,0,5,4,23,32,0,5,34,0,39,0,10,38,23,71,40,31,71,142
02/29/2000,WDG,OK,ASW,CE,Federal Contract Tower,0,2,1,4,7,0,7,20,0,27,0,9,21,4,34,8,4,12,46
03/01/2000,WDG,OK,ASW,CE,Federal Contract Tower,0,8,7,31,46,0,0,40,0,40,0,8,47,31,86,68,42,110,196
03/02/2000,WDG,OK,ASW,CE,Federal Contract Tower,0,1,2,0,3,0,6,7,0,13,0,7,9,0,16,0,0,0,16
03/03/2000,WDG,OK,ASW,CE,Federal Contract Tower,0,5,11,39,55,0,0,20,0,20,0,5,31,39,75,46,52,98,173
03/04/2000,WDG,OK,ASW,CE,Federal Contract Tower,0,1,2,0,3,0,6,90,0,96,0,7,92,0,99,138,0,138,237
03/05/2000,WDG,OK,ASW,CE,Federal Contract Tower,0,3,3,7,13,0,2,34,0,36,0,5,37,7,49,43,7,50,99
03/06/2000,WDG,OK,ASW,CE,Federal Contract Tower,0,9,13,55,77,0,0,26,0,26,0,9,39,55,103,8,65,73,176
03/07/2000,WDG,OK,ASW,CE,Federal Contract Tower,0,7,14,62,83,0,0,9,0,9,0,7,23,62,92,14,50,64,156
03/08/2000,WDG,OK,ASW,CE,Federal Contract Tower,0,8,9,30,47,0,0,26,0,26,0,8,35,30,73,16,40,56,129
03/09/2000,WDG,OK,ASW,CE,Federal Contract Tower,0,10,13,63,86,0,0,16,0,16,0,10,29,63,102,22,78,100,202
03/10/2000,WDG,OK,ASW,CE,Federal Contract Tower,0,5,2,21,28,0,4,0,0,4,0,9,2,21,32,18,23,41,73
03/11/2000,WDG,OK,ASW,CE,Federal Contract Tower,0,2,2,0,4,0,4,22,0,26,0,6,24,0,30,34,0,34,64
03/12/2000,WDG,OK,ASW,CE,Federal Contract Tower,0,2,2,7,11,0,1,19,0,20,0,3,21,7,31,24,12,36,67
03/13/2000,WDG,OK,ASW,CE,Federal Contract Tower,0,8,15,60,83,0,0,22,0,22,0,8,37,60,105,46,67,113,218
03/14/2000,WDG,OK,ASW,CE,Federal Contract Tower,0,9,14,62,85,0,0,16,0,16,0,9,30,62,101,60,70,130,231
03/15/2000,WDG,OK,ASW,CE,Federal Contract Tower,0,9,9,30,48,0,0,12,0,12,0,9,21,30,60,22,38,60,120
03/16/2000,WDG,OK,ASW,CE,Federal Contract Tower,0,1,2,0,3,0,3,4,0,7,0,4,6,0,10,0,0,0,10
03/17/2000,WDG,OK,ASW,CE,Federal Contract Tower,0,2,1,0,3,0,6,5,0,11,0,8,6,0,14,0,14,14,28
03/18/2000,WDG,OK,ASW,CE,Federal Contract Tower,0,1,1,0,2,0,6,8,0,14,0,7,9,0,16,0,0,0,16
03/19/2000,WDG,OK,ASW,CE,Federal Contract Tower,0,2,2,4,8,0,2,16,0,18,0,4,18,4,26,22,4,26,52
03/20/2000,WDG,OK,ASW,CE,Federal Contract Tower,0,9,11,54,74,0,0,25,0,25,0,9,36,54,99,54,62,116,215
03/21/2000,WDG,OK,ASW,CE,Federal Contract Tower,0,9,12,49,70,0,0,12,0,12,0,9,24,49,82,66,54,120,202
03/22/2000,WDG,OK,ASW,CE,Federal Contract Tower,0,2,2,3,7,0,3,10,0,13,0,5,12,3,20,0,1,1,21
03/23/2000,WDG,OK,ASW,CE,Federal Contract Tower,0,2,1,0,3,0,6,6,0,12,0,8,7,0,15,13,0,13,28
03/24/2000,WDG,OK,ASW,CE,Federal Contract Tower,0,10,9,37,56,0,0,28,0,28,0,10,37,37,84,164,57,221,305
03/25/2000,WDG,OK,ASW,CE,Federal Contract Tower,0,1,1,0,2,0,7,70,0,77,0,8,71,0,79,38,0,38,117
03/26/2000,WDG,OK,ASW,CE,Federal Contract Tower,0,2,0,3,5,0,2,16,0,18,0,4,16,3,23,14,10,24,47
03/27/2000,WDG,OK,ASW,CE,Federal Contract Tower,0,9,11,56,76,0,0,20,0,20,0,9,31,56,96,74,66,140,236
03/28/2000,WDG,OK,ASW,CE,Federal Contract Tower,0,3,2,12,17,0,7,24,0,31,0,10,26,12,48,40,12,52,100
03/29/2000,WDG,OK,ASW,CE,Federal Contract Tower,0,6,5,30,41,0,3,3,0,6,0,9,8,30,47,0,30,30,77
03/30/2000,WDG,OK,ASW,CE,Federal Contract Tower,0,7,6,21,34,0,2,21,0,23,0,9,27,21,57,52,25,77,134
03/31/2000,WDG,OK,ASW,CE,Federal Contract Tower,0,5,3,20,28,0,4,19,0,23,0,9,22,20,51,42,42,84,135
04/01/2000,WDG,OK,ASW,CE,Federal Contract Tower,0,3,1,0,4,0,4,6,0,10,0,7,7,0,14,0,0,0,14
04/02/2000,WDG,OK,ASW,CE,Federal Contract Tower,0,2,1,0,3,0,4,21,0,25,0,6,22,0,28,32,0,32,60
04/03/2000,WDG,OK,ASW,CE,Federal Contract Tower,0,6,3,23,32,0,3,22,0,25,0,9,25,23,57,12,27,39,96
04/04/2000,WDG,OK,ASW,CE,Federal Contract Tower,0,8,4,36,48,0,0,44,0,44,0,8,48,36,92,61,59,120,212
04/05/2000,WDG,OK,ASW,CE,Federal Contract Tower,0,9,6,32,47,0,0,30,0,30,0,9,36,32,77,52,38,90,167
04/06/2000,WDG,OK,ASW,CE,Federal Contract Tower,0,8,6,29,43,0,1,48,0,49,0,9,54,29,92,59,52,111,203
04/07/2000,WDG,OK,ASW,CE,Federal Contract Tower,0,8,5,21,34,0,1,26,0,27,0,9,31,21,61,14,26,40,101
04/08/2000,WDG,OK,ASW,CE,Federal Contract Tower,0,2,2,0,4,0,5,70,0,75,0,7,72,0,79,128,0,128,207
04/09/2000,WDG,OK,ASW,CE,Federal Contract Tower,0,3,2,11,16,0,1,19,0,20,0,4,21,11,36,10,10,20,56
04/10/2000,WDG,OK,ASW,CE,Federal Contract Tower,0,8,6,43,57,0,0,29,4,33,0,8,35,47,90,81,57,138,228
04/11/2000,WDG,OK,ASW,CE,Federal Contract Tower,0,9,10,48,67,0,0,17,0,17,0,9,27,48,84,64,68,132,216
04/12/2000,WDG,OK,ASW,CE,Federal Contract Tower,0,10,11,58,79,0,0,12,0,12,0,10,23,58,91,50,77,127,218
04/13/2000,WDG,OK,ASW,CE,Federal Contract Tower,0,9,12,62,83,0,0,17,0,17,0,9,29,62,100,44,78,122,222
04/14/2000,WDG,OK,ASW,CE,Federal Contract Tower,0,8,6,19,33,0,2,25,0,27,0,10,31,19,60,22,44,66,126
04/15/2000,WDG,OK,ASW,CE,Federal Contract Tower,0,2,2,0,4,0,6,6,0,12,0,8,8,0,16,0,0,0,16
04/16/2000,WDG,OK,ASW,CE,Federal Contract Tower,0,1,2,4,7,0,3,28,0,31,0,4,30,4,38,30,19,49,87
04/17/2000,WDG,OK,ASW,CE,Federal Contract Tower,0,9,7,35,51,0,0,46,0,46,0,9,53,35,97,62,76,138,235
04/18/2000,WDG,OK,ASW,CE,Federal Contract Tower,0,10,10,49,69,0,0,34,0,34,0,10,44,49,103,56,78,134,237
04/19/2000,WDG,OK,ASW,CE,Federal Contract Tower,0,10,8,39,57,0,0,28,0,28,0,10,36,39,85,84,46,130,215
04/20/2000,WDG,OK,ASW,CE,Federal Contract Tower,0,6,8,54,68,0,0,19,0,19,0,6,27,54,87,22,68,90,177
04/21/2000,WDG,OK,ASW,CE,Federal Contract Tower,0,8,5,39,52,0,2,50,0,52,0,10,55,39,104,134,42,176,280
04/22/2000,WDG,OK,ASW,CE,Federal Contract Tower,0,1,1,4,6,0,6,28,0,34,0,7,29,4,40,86,0,86,126
04/23/2000,WDG,OK,ASW,CE,Federal Contract Tower,0,2,0,0,2,0,3,6,0,9,0,5,6,0,11,0,0,0,11
04/24/2000,WDG,OK,ASW,CE,Federal Contract Tower,0,10,6,36,52,0,0,22,0,22,0,10,28,36,74,44,40,84,158
04/25/2000,WDG,OK,ASW,CE,Federal Contract Tower,0,10,6,38,54,0,0,40,0,40,0,10,46,38,94,68,56,124,218
04/26/2000,WDG,OK,ASW,CE,Federal Contract Tower,0,9,6,44,59,0,0,38,0,38,0,9,44,44,97,52,66,118,215
04/27/2000,WDG,OK,ASW,CE,Federal Contract Tower,0,9,5,46,60,0,0,30,3,33,0,9,35,49,93,78,71,149,242
04/28/2000,WDG,OK,ASW,CE,Federal Contract Tower,0,9,5,42,56,0,1,48,0,49,0,10,53,42,105,102,102,204,309
04/29/2000,WDG,OK,ASW,CE,Federal Contract Tower,0,1,0,0,1,0,5,34,0,39,0,6,34,0,40,166,0,166,206
04/30/2000,WDG,OK,ASW,CE,Federal Contract Tower,0,0,0,0,0,0,4,2,0,6,0,4,2,0,6,0,0,0,6
05/01/2000,WDG,OK,ASW,CE,Federal Contract Tower,0,12,14,29,55,0,0,19,0,19,0,12,33,29,74,42,38,80,154
05/02/2000,WDG,OK,ASW,CE,Federal Contract Tower,0,10,13,35,58,0,0,15,0,15,0,10,28,35,73,110,45,155,228
05/03/2000,WDG,OK,ASW,CE,Federal Contract Tower,0,9,8,36,53,0,0,20,4,24,0,9,28,40,77,80,68,148,225
05/04/2000,WDG,OK,ASW,CE,Federal Contract Tower,0,10,10,44,64,0,0,50,7,57,0,10,60,51,121,175,73,248,369
05/05/2000,WDG,OK,ASW,CE,Federal Contract Tower,0,9,8,18,35,0,0,14,0,14,0,9,22,18,49,102,15,117,166
05/06/2000,WDG,OK,ASW,CE,Federal Contract Tower,0,4,4,0,8,0,2,33,0,35,0,6,37,0,43,5,0,5,48
05/07/2000,WDG,OK,ASW,CE,Federal Contract Tower,0,2,2,9,13,0,0,25,3,28,0,2,27,12,41,28,32,60,101
05/08/2000,WDG,OK,ASW,CE,Federal Contract Tower,0,10,12,40,62,0,0,19,0,19,0,10,31,40,81,88,54,142,223
05/09/2000,WDG,OK,ASW,CE,Federal Contract Tower,0,7,11,48,66,0,0,16,11,27,0,7,27,59,93,90,88,178,271
05/10/2000,WDG,OK,ASW,CE,Federal Contract Tower,0,9,12,47,68,0,0,13,11,24,0,9,25,58,92,40,84,124,216
05/11/2000,WDG,OK,ASW,CE,Federal Contract Tower,0,9,13,33,55,0,0,22,0,22,0,9,35,33,77,37,43,80,157
05/12/2000,WDG,OK,ASW,CE,Federal Contract Tower,0,8,8,19,35,0,1,19,0,20,0,9,27,19,55,66,19,85,140
05/13/2000,WDG,OK,ASW,CE,Federal Contract Tower,0,2,2,0,4,0,6,64,0,70,0,8,66,0,74,92,0,92,166
05/14/2000,WDG,OK,ASW,CE,Federal Contract Tower,0,3,4,8,15,0,1,38,0,39,0,4,42,8,54,28,14,42,96
05/15/2000,WDG,OK,ASW,CE,Federal Contract Tower,0,8,9,25,42,0,2,34,0,36,0,10,43,25,78,108,52,160,238
05/16/2000,WDG,OK,ASW,CE,Federal Contract Tower,0,9,9,38,56,0,1,17,1,19,0,10,26,39,75,104,46,150,225
05/17/2000,WDG,OK,ASW,CE,Federal Contract Tower,0,9,10,31,50,0,1,6,0,7,0,10,16,31,57,88,29,117,174
05/18/2000,WDG,OK,ASW,CE,Federal Contract Tower,0,5,6,12,23,0,4,40,0,44,0,9,46,12,67,164,12,176,243
05/19/2000,WDG,OK,ASW,CE,Federal Contract Tower,0,10,11,23,44,0,0,43,0,43,0,10,54,23,87,76,48,124,211
05/20/2000,WDG,OK,ASW,CE,Federal Contract Tower,0,1,2,0,3,0,5,63,0,68,0,6,65,0,71,68,0,68,139
05/21/2000,WDG,OK,ASW,CE,Federal Contract Tower,0,1,2,8,11,0,3,41,0,44,0,4,43,8,55,41,8,49,104
05/22/2000,WDG,OK,ASW,CE,Federal Contract Tower,0,5,6,24,35,0,4,31,0,35,0,9,37,24,70,201,45,246,316
05/23/2000,WDG,OK,ASW,CE,Federal Contract Tower,0,8,14,37,59,0,0,22,0,22,0,8,36,37,81,96,81,177,258
05/24/2000,WDG,OK,ASW,CE,Federal Contract Tower,0,9,10,25,44,0,0,38,0,38,0,9,48,25,82,63,72,135,217
05/25/2000,WDG,OK,ASW,CE,Federal Contract Tower,0,8,12,29,49,0,0,9,0,9,0,8,21,29,58,50,36,86,144
05/26/2000,WDG,OK,ASW,CE,Federal Contract Tower,0,2,2,0,4,0,5,41,0,46,0,7,43,0,50,102,0,102,152
05/27/2000,WDG,OK,ASW,CE,Federal Contract Tower,0,1,2,0,3,0,7,40,0,47,0,8,42,0,50,70,0,70,120
05/28/2000,WDG,OK,ASW,CE,Federal Contract Tower,0,0,0,0,0,0,4,28,0,32,0,4,28,0,32,27,0,27,59
05/29/2000,WDG,OK,ASW,CE,Federal Contract Tower,0,1,1,2,4,0,4,25,0,29,0,5,26,2,33,13,4,17,50
05/30/2000,WDG,OK,ASW,CE,Federal Contract Tower,0,11,13,44,68,0,0,11,0,11,0,11,24,44,79,37,88,125,204
05/31/2000,WDG,OK,ASW,CE,Federal Contract Tower,0,9,12,38,59,0,0,29,0,29,0,9,41,38,88,132,54,186,274
06/01/2000,WDG,OK,ASW,CE,Federal Contract Tower,0,9,15,44,68,0,0,29,0,29,0,9,44,44,97,132,66,198,295
06/02/2000,WDG,OK,ASW,CE,Federal Contract Tower,0,7,7,28,42,0,1,2,0,3,0,8,9,28,45,0,28,28,73
06/03/2000,WDG,OK,ASW,CE,Federal Contract Tower,0,4,3,0,7,0,4,33,0,37,0,8,36,0,44,58,0,58,102
06/04/2000,WDG,OK,ASW,CE,Federal Contract Tower,0,3,2,3,8,0,1,12,0,13,0,4,14,3,21,18,1,19,40
06/05/2000,WDG,OK,ASW,CE,Federal Contract Tower,0,10,11,32,53,0,0,31,0,31,0,10,42,32,84,79,47,126,210
06/06/2000,WDG,OK,ASW,CE,Federal Contract Tower,0,7,10,29,46,0,0,27,0,27,0,7,37,29,73,82,38,120,193
06/07/2000,WDG,OK,ASW,CE,Federal Contract Tower,0,10,18,54,82,0,0,14,0,14,0,10,32,54,96,62,68,130,226
06/08/2000,WDG,OK,ASW,CE,Federal Contract Tower,0,8,9,35,52,0,2,23,0,25,0,10,32,35,77,84,43,127,204
06/09/2000,WDG,OK,ASW,CE,Federal Contract Tower,0,7,6,22,35,0,7,14,0,21,0,14,20,22,56,14,30,44,100
06/10/2000,WDG,OK,ASW,CE,Federal Contract Tower,0,4,4,1,9,0,2,25,0,27,0,6,29,1,36,29,0,29,65
06/11/2000,WDG,OK,ASW,CE,Federal Contract Tower,0,4,3,9,16,0,1,22,0,23,0,5,25,9,39,36,9,45,84
06/12/2000,WDG,OK,ASW,CE,Federal Contract Tower,0,9,19,44,72,0,0,25,0,25,0,9,44,44,97,106,56,162,259
06/13/2000,WDG,OK,ASW,CE,Federal Contract Tower,0,9,12,32,53,0,0,17,0,17,0,9,29,32,70,14,46,60,130
06/14/2000,WDG,OK,ASW,CE,Federal Contract Tower,0,7,10,35,52,0,0,13,4,17,0,7,23,39,69,84,71,155,224
06/15/2000,WDG,OK,ASW,CE,Federal Contract Tower,0,9,12,47,68,0,1,25,8,34,0,10,37,55,102,108,71,179,281
06/16/2000,WDG,OK,ASW,CE,Federal Contract Tower,0,10,12,36,58,0,0,1,0,1,0,10,13,36,59,71,52,123,182
06/17/2000,WDG,OK,ASW,CE,Federal Contract Tower,0,1,1,0,2,0,6,1,0,7,0,7,2,0,9,0,0,0,9
06/18/2000,WDG,OK,ASW,CE,Federal Contract Tower,0,3,4,2,9,0,1,23,0,24,0,4,27,2,33,26,2,28,61
06/19/2000,WDG,OK,ASW,CE,Federal Contract Tower,0,11,13,31,55,0,0,10,0,10,0,11,23,31,65,32,46,78,143
06/20/2000,WDG,OK,ASW,CE,Federal Contract Tower,0,8,9,38,55,0,2,15,3,20,0,10,24,41,75,39,39,78,153
06/21/2000,WDG,OK,ASW,CE,Federal Contract Tower,0,6,8,22,36,0,5,8,0,13,0,11,16,22,49,26,22,48,97
06/22/2000,WDG,OK,ASW,CE,Federal Contract Tower,0,10,15,37,62,0,0,8,0,8,0,10,23,37,70,29,45,74,144
06/23/2000,WDG,OK,ASW,CE,Federal Contract Tower,0,9,12,30,51,0,1,26,0,27,0,10,38,30,78,35,36,71,149
06/24/2000,WDG,OK,ASW,CE,Federal Contract Tower,0,3,5,0,8,0,4,36,0,40,0,7,41,0,48,68,0,68,116
06/25/2000,WDG,OK,ASW,CE,Federal Contract Tower,0,1,2,6,9,0,3,13,0,16,0,4,15,6,25,14,4,18,43
06/26/2000,WDG,OK,ASW,CE,Federal Contract Tower,0,7,8,30,45,0,2,2,0,4,0,9,10,30,49,58,29,87,136
06/27/2000,WDG,OK,ASW,CE,Federal Contract Tower,0,8,10,42,60,0,2,21,2,25,0,10,31,44,85,94,68,162,247
06/28/2000,WDG,OK,ASW,CE,Federal Contract Tower,0,7,9,33,49,0,1,10,0,11,0,8,19,33,60,32,33,65,125
06/29/2000,WDG,OK,ASW,CE,Federal Contract Tower,0,6,7,31,44,0,2,11,0,13,0,8,18,31,57,102,29,131,188
06/30/2000,WDG,OK,ASW,CE,Federal Contract Tower,0,9,14,41,64,0,0,22,0,22,0,9,36,41,86,126,48,174,260
07/01/2000,WDG,OK,ASW,CE,Federal Contract Tower,0,3,1,0,4,0,2,47,0,49,0,5,48,0,53,56,0,56,109
07/02/2000,WDG,OK,ASW,CE,Federal Contract Tower,0,0,1,0,1,0,4,23,0,27,0,4,24,0,28,32,0,32,60
07/03/2000,WDG,OK,ASW,CE,Federal Contract Tower,0,2,1,2,5,0,8,21,0,29,0,10,22,2,34,92,0,92,126
07/04/2000,WDG,OK,ASW,CE,Federal Contract Tower,0,2,1,0,3,0,5,11,0,16,0,7,12,0,19,20,0,20,39
07/05/2000,WDG,OK,ASW,CE,Federal Contract Tower,0,10,8,69,87,0,0,4,9,13,0,10,12,78,100,61,86,147,247
07/06/2000,WDG,OK,ASW,CE,Federal Contract Tower,0,9,9,50,68,0,0,21,0,21,0,9,30,50,89,110,50,160,249
07/07/2000,WDG,OK,ASW,CE,Federal Contract Tower,0,9,9,54,72,0,0,32,0,32,0,9,41,54,104,57,81,138,242
07/08/2000,WDG,OK,ASW,CE,Federal Contract Tower,0,1,1,0,2,0,7,29,0,36,0,8,30,0,38,116,0,116,154
07/09/2000,WDG,OK,ASW,CE,Federal Contract Tower,0,3,3,9,15,0,1,9,0,10,0,4,12,9,25,24,17,41,66
07/10/2000,WDG,OK,ASW,CE,Federal Contract Tower,0,11,8,66,85,0,0,6,9,15,0,11,14,75,100,56,95,151,251
07/11/2000,WDG,OK,ASW,CE,Federal Contract Tower,0,7,5,37,49,0,0,14,1,15,0,7,19,38,64,28,52,80,144
07/12/2000,WDG,OK,ASW,CE,Federal Contract Tower,0,10,9,53,72,0,0,16,0,16,0,10,25,53,88,138,69,207,295
07/13/2000,WDG,OK,ASW,CE,Federal Contract Tower,0,9,7,44,60,0,0,31,0,31,0,9,38,44,91,62,54,116,207
07/14/2000,WDG,OK,ASW,CE,Federal Contract Tower,0,4,3,17,24,0,5,22,0,27,0,9,25,17,51,101,27,128,179
07/15/2000,WDG,OK,ASW,CE,Federal Contract Tower,0,2,1,0,3,0,6,53,0,59,0,8,54,0,62,127,0,127,189
07/16/2000,WDG,OK,ASW,CE,Federal Contract Tower,0,2,1,5,8,0,2,21,0,23,0,4,22,5,31,64,13,77,108
07/17/2000,WDG,OK,ASW,CE,Federal Contract Tower,0,9,5,44,58,0,0,17,0,17,0,9,22,44,75,111,72,183,258
07/18/2000,WDG,OK,ASW,CE,Federal Contract Tower,0,9,8,55,72,0,0,23,0,23,0,9,31,55,95,96,78,174,269
07/19/2000,WDG,OK,ASW,CE,Federal Contract Tower,0,9,9,56,74,0,0,33,0,33,0,9,42,56,107,58,102,160,267
07/20/2000,WDG,OK,ASW,CE,Federal Contract Tower,0,6,3,28,37,0,5,18,0,23,0,11,21,28,60,74,28,102,162
07/21/2000,WDG,OK,ASW,CE,Federal Contract Tower,0,4,2,17,23,0,5,29,0,34,0,9,31,17,57,61,22,83,140
07/22/2000,WDG,OK,ASW,CE,Federal Contract Tower,0,2,0,0,2,0,5,28,0,33,0,7,28,0,35,91,0,91,126
07/23/2000,WDG,OK,ASW,CE,Federal Contract Tower,0,2,0,2,4,0,3,11,0,14,0,5,11,2,18,106,2,108,126
07/24/2000,WDG,OK,ASW,CE,Federal Contract Tower,0,9,8,53,70,0,0,48,0,48,0,9,56,53,118,98,68,166,284
07/25/2000,WDG,OK,ASW,CE,Federal Contract Tower,0,11,9,51,71,0,0,29,0,29,0,11,38,51,100,56,72,128,228
07/26/2000,WDG,OK,ASW,CE,Federal Contract Tower,0,9,6,56,71,0,0,26,5,31,0,9,32,61,102,71,88,159,261
07/27/2000,WDG,OK,ASW,CE,Federal Contract Tower,0,6,3,32,41,0,2,8,0,10,0,8,11,32,51,8,50,58,109
07/28/2000,WDG,OK,ASW,CE,Federal Contract Tower,0,8,4,44,56,0,2,9,0,11,0,10,13,44,67,42,65,107,174
07/29/2000,WDG,OK,ASW,CE,Federal Contract Tower,0,1,1,0,2,0,6,18,0,24,0,7,19,0,26,40,0,40,66
07/30/2000,WDG,OK,ASW,CE,Federal Contract Tower,0,2,0,5,7,0,2,25,0,27,0,4,25,5,34,36,32,68,102
07/31/2000,WDG,OK,ASW,CE,Federal Contract Tower,0,10,11,77,98,0,0,25,0,25,0,10,36,77,123,82,134,216,339
08/01/2000,WDG,OK,ASW,CE,Federal Contract Tower,0,8,9,54,71,0,0,27,6,33,0,8,36,60,104,101,96,197,301
08/02/2000,WDG,OK,ASW,CE,Federal Contract Tower,0,10,7,43,60,0,0,24,4,28,0,10,31,47,88,40,85,125,213
08/03/2000,WDG,OK,ASW,CE,Federal Contract Tower,0,8,6,36,50,0,2,17,0,19,0,10,23,36,69,106,54,160,229
08/04/2000,WDG,OK,ASW,CE,Federal Contract Tower,0,6,4,19,29,0,4,23,0,27,0,10,27,19,56,46,19,65,121
08/05/2000,WDG,OK,ASW,CE,Federal Contract Tower,0,1,2,0,3,0,6,52,0,58,0,7,54,0,61,26,0,26,87
08/06/2000,WDG,OK,ASW,CE,Federal Contract Tower,0,4,5,16,25,0,0,18,0,18,0,4,23,16,43,32,22,54,97
08/07/2000,WDG,OK,ASW,CE,Federal Contract Tower,0,6,5,27,38,0,4,31,0,35,0,10,36,27,73,25,33,58,131
08/08/2000,WDG,OK,ASW,CE,Federal Contract Tower,0,7,5,32,44,0,3,21,0,24,0,10,26,32,68,66,36,102,170
08/09/2000,WDG,OK,ASW,CE,Federal Contract Tower,0,7,7,40,54,0,0,17,1,18,0,7,24,41,72,50,41,91,163
08/10/2000,WDG,OK,ASW,CE,Federal Contract Tower,0,8,6,32,46,0,2,25,0,27,0,10,31,32,73,36,32,68,141
08/11/2000,WDG,OK,ASW,CE,Federal Contract Tower,0,10,8,35,53,0,0,31,0,31,0,10,39,35,84,54,48,102,186
08/12/2000,WDG,OK,ASW,CE,Federal Contract Tower,0,2,2,0,4,0,5,44,0,49,0,7,46,0,53,42,0,42,95
08/13/2000,WDG,OK,ASW,CE,Federal Contract Tower,0,2,2,2,6,0,2,32,0,34,0,4,34,2,40,42,1,43,83
08/14/2000,WDG,OK,ASW,CE,Federal Contract Tower,0,9,11,66,86,0,0,20,20,40,0,9,31,86,126,105,117,222,348
08/15/2000,WDG,OK,ASW,CE,Federal Contract Tower,0,9,8,46,63,0,2,15,0,17,0,11,23,46,80,44,132,176,256
08/16/2000,WDG,OK,ASW,CE,Federal Contract Tower,0,9,8,59,76,0,0,20,4,24,0,9,28,63,100,56,147,203,303
08/17/2000,WDG,OK,ASW,CE,Federal Contract Tower,0,9,12,59,80,0,0,30,0,30,0,9,42,59,110,52,104,156,266
08/18/2000,WDG,OK,ASW,CE,Federal Contract Tower,0,6,5,24,35,0,0,28,0,28,0,6,33,24,63,66,36,102,165
08/19/2000,WDG,OK,ASW,CE,Federal Contract Tower,0,1,1,0,2,0,4,46,0,50,0,5,47,0,52,60,0,60,112
08/20/2000,WDG,OK,ASW,CE,Federal Contract Tower,0,2,1,4,7,0,4,25,0,29,0,6,26,4,36,0,6,6,42
08/21/2000,WDG,OK,ASW,CE,Federal Contract Tower,0,8,7,50,65,0,0,26,1,27,0,8,33,51,92,31,89,120,212
08/22/2000,WDG,OK,ASW,CE,Federal Contract Tower,0,7,5,39,51,0,0,28,5,33,0,7,33,44,84,118,44,162,246
08/23/2000,WDG,OK,ASW,CE,Federal Contract Tower,0,9,9,43,61,0,0,32,0,32,0,9,41,43,93,54,72,126,219
08/24/2000,WDG,OK,ASW,CE,Federal Contract Tower,0,9,9,46,64,0,0,39,0,39,0,9,48,46,103,82,68,150,253
08/25/2000,WDG,OK,ASW,CE,Federal Contract Tower,0,7,4,30,41,0,3,36,0,39,0,10,40,30,80,130,45,175,255
08/26/2000,WDG,OK,ASW,CE,Federal Contract Tower,0,1,1,0,2,0,7,49,0,56,0,8,50,0,58,50,0,50,108
08/27/2000,WDG,OK,ASW,CE,Federal Contract Tower,0,3,1,4,8,0,1,15,0,16,0,4,16,4,24,7,4,11,35
08/28/2000,WDG,OK,ASW,CE,Federal Contract Tower,0,7,5,24,36,0,0,6,0,6,0,7,11,24,42,46,26,72,114
08/29/2000,WDG,OK,ASW,CE,Federal Contract Tower,0,8,6,29,43,0,0,30,0,30,0,8,36,29,73,74,38,112,185
08/30/2000,WDG,OK,ASW,CE,Federal Contract Tower,0,10,7,32,49,0,0,41,0,41,0,10,48,32,90,86,46,132,222
08/31/2000,WDG,OK,ASW,CE,Federal Contract Tower,0,5,4,26,35,0,3,15,0,18,0,8,19,26,53,58,38,96,149
09/01/2000,WDG,OK,ASW,CE,Federal Contract Tower,0,5,3,11,19,0,4,41,0,45,0,9,44,11,64,103,16,119,183
09/02/2000,WDG,OK,ASW,CE,Federal Contract Tower,0,2,0,5,7,0,5,50,5,60,0,7,50,10,67,42,2,44,111
09/03/2000,WDG,OK,ASW,CE,Federal Contract Tower,0,1,0,0,1,0,4,16,0,20,0,5,16,0,21,48,10,58,79
09/04/2000,WDG,OK,ASW,CE,Federal Contract Tower,0,2,1,0,3,0,3,22,0,25,0,5,23,0,28,28,0,28,56
09/05/2000,WDG,OK,ASW,CE,Federal Contract Tower,0,9,10,22,41,0,2,21,0,23,0,11,31,22,64,52,32,84,148
09/06/2000,WDG,OK,ASW,CE,Federal Contract Tower,0,4,3,14,21,0,5,30,11,46,0,9,33,25,67,160,11,171,238
09/07/2000,WDG,OK,ASW,CE,Federal Contract Tower,0,11,11,46,68,0,0,35,14,49,0,11,46,60,117,112,76,188,305
09/08/2000,WDG,OK,ASW,CE,Federal Contract Tower,0,8,12,39,59,0,0,17,0,17,0,8,29,39,76,99,38,137,213
09/09/2000,WDG,OK,ASW,CE,Federal Contract Tower,0,2,2,0,4,0,4,53,0,57,0,6,55,0,61,48,0,48,109
09/10/2000,WDG,OK,ASW,CE,Federal Contract Tower,0,4,3,7,14,0,2,14,0,16,0,6,17,7,30,34,14,48,78
09/11/2000,WDG,OK,ASW,CE,Federal Contract Tower,0,10,14,54,78,0,0,14,0,14,0,10,28,54,92,62,78,140,232
09/12/2000,WDG,OK,ASW,CE,Federal Contract Tower,0,10,14,49,73,0,0,22,0,22,0,10,36,49,95,38,72,110,205
09/13/2000,WDG,OK,ASW,CE,Federal Contract Tower,0,9,9,41,59,0,0,32,10,42,0,9,41,51,101,101,97,198,299
09/14/2000,WDG,OK,ASW,CE,Federal Contract Tower,0,9,18,59,86,0,0,19,0,19,0,9,37,59,105,56,83,139,244
09/15/2000,WDG,OK,ASW,CE,Federal Contract Tower,0,9,10,34,53,0,0,34,0,34,0,9,44,34,87,58,68,126,213
09/16/2000,WDG,OK,ASW,CE,Federal Contract Tower,0,2,2,5,9,0,6,52,0,58,0,8,54,5,67,56,0,56,123
09/17/2000,WDG,OK,ASW,CE,Federal Contract Tower,0,2,2,5,9,0,2,45,0,47,0,4,47,5,56,82,18,100,156
09/18/2000,WDG,OK,ASW,CE,Federal Contract Tower,0,10,13,56,79,0,0,19,13,32,0,10,32,69,111,116,148,264,375
09/19/2000,WDG,OK,ASW,CE,Federal Contract Tower,0,6,7,29,42,0,5,32,2,39,0,11,39,31,81,18,59,77,158
09/20/2000,WDG,OK,ASW,CE,Federal Contract Tower,0,9,12,42,63,0,0,6,0,6,0,9,18,42,69,40,50,90,159
09/21/2000,WDG,OK,ASW,CE,Federal Contract Tower,0,9,11,19,39,0,0,41,0,41,0,9,52,19,80,88,26,114,194
09/22/2000,WDG,OK,ASW,CE,Federal Contract Tower,0,7,9,27,43,0,0,13,0,13,0,7,22,27,56,30,44,74,130
09/23/2000,WDG,OK,ASW,CE,Federal Contract Tower,0,1,2,0,3,0,6,13,0,19,0,7,15,0,22,0,0,0,22
09/24/2000,WDG,OK,ASW,CE,Federal Contract Tower,0,1,1,2,4,0,4,0,0,4,0,5,1,2,8,0,1,1,9
09/25/2000,WDG,OK,ASW,CE,Federal Contract Tower,0,10,12,52,74,0,0,26,9,35,0,10,38,61,109,90,81,171,280
09/26/2000,WDG,OK,ASW,CE,Federal Contract Tower,0,10,23,74,107,0,0,11,0,11,0,10,34,74,118,151,76,227,345
09/27/2000,WDG,OK,ASW,CE,Federal Contract Tower,0,11,16,48,75,0,0,33,0,33,0,11,49,48,108,70,50,120,228
09/28/2000,WDG,OK,ASW,CE,Federal Contract Tower,0,4,5,7,16,0,7,56,0,63,0,11,61,7,79,104,14,118,197
09/29/2000,WDG,OK,ASW,CE,Federal Contract Tower,0,2,3,6,11,0,7,47,0,54,0,9,50,6,65,56,0,56,121
09/30/2000,WDG,OK,ASW,CE,Federal Contract Tower,0,2,2,0,4,0,5,51,0,56,0,7,53,0,60,100,0,100,160
10/01/2000,WDG,OK,ASW,CE,Federal Contract Tower,0,2,1,2,5,0,2,22,0,24,0,4,23,2,29,30,4,34,63
10/02/2000,WDG,OK,ASW,CE,Federal Contract Tower,0,9,11,39,59,0,0,12,0,12,0,9,23,39,71,104,49,153,224
10/03/2000,WDG,OK,ASW,CE,Federal Contract Tower,0,9,12,47,68,0,0,25,0,25,0,9,37,47,93,58,69,127,220
10/04/2000,WDG,OK,ASW,CE,Federal Contract Tower,0,10,13,51,74,0,0,34,0,34,0,10,47,51,108,110,68,178,286
10/05/2000,WDG,OK,ASW,CE,Federal Contract Tower,0,10,11,39,60,0,0,11,0,11,0,10,22,39,71,116,52,168,239
10/06/2000,WDG,OK,ASW,CE,Federal Contract Tower,0,5,5,21,31,0,4,27,0,31,0,9,32,21,62,20,28,48,110
10/07/2000,WDG,OK,ASW,CE,Federal Contract Tower,0,1,2,0,3,0,7,46,0,53,0,8,48,0,56,42,0,42,98
10/08/2000,WDG,OK,ASW,CE,Federal Contract Tower,0,2,2,0,4,0,2,37,0,39,0,4,39,0,43,26,0,26,69
10/09/2000,WDG,OK,ASW,CE,Federal Contract Tower,0,1,1,0,2,0,6,34,0,40,0,7,35,0,42,140,0,140,182
10/10/2000,WDG,OK,ASW,CE,Federal Contract Tower,0,8,9,29,46,0,3,24,0,27,0,11,33,29,73,32,48,80,153
10/11/2000,WDG,OK,ASW,CE,Federal Contract Tower,0,10,11,36,57,0,0,30,0,30,0,10,41,36,87,22,74,96,183
10/12/2000,WDG,OK,ASW,CE,Federal Contract Tower,0,9,9,44,62,0,1,4,6,11,0,10,13,50,73,42,111,153,226
10/13/2000,WDG,OK,ASW,CE,Federal Contract Tower,0,3,4,11,18,0,6,16,0,22,0,9,20,11,40,66,11,77,117
10/14/2000,WDG,OK,ASW,CE,Federal Contract Tower,0,2,3,0,5,0,5,15,0,20,0,7,18,0,25,48,0,48,73
10/15/2000,WDG,OK,ASW,CE,Federal Contract Tower,0,2,3,4,9,0,2,6,0,8,0,4,9,4,17,30,4,34,51
10/16/2000,WDG,OK,ASW,CE,Federal Contract Tower,0,10,14,46,70,0,0,22,0,22,0,10,36,46,92,53,55,108,200
10/17/2000,WDG,OK,ASW,CE,Federal Contract Tower,0,10,10,38,58,0,0,34,0,34,0,10,44,38,92,92,52,144,236
10/18/2000,WDG,OK,ASW,CE,Federal Contract Tower,0,10,9,52,71,0,0,39,2,41,0,10,48,54,112,22,77,99,211
10/19/2000,WDG,OK,ASW,CE,Federal Contract Tower,0,10,10,56,76,0,0,54,2,56,0,10,64,58,132,131,72,203,335
10/20/2000,WDG,OK,ASW,CE,Federal Contract Tower,0,8,10,30,48,0,0,20,0,20,0,8,30,30,68,182,30,212,280
10/21/2000,WDG,OK,ASW,CE,Federal Contract Tower,0,5,4,6,15,0,2,22,0,24,0,7,26,6,39,10,5,15,54
10/22/2000,WDG,OK,ASW,CE,Federal Contract Tower,0,1,1,0,2,0,2,11,0,13,0,3,12,0,15,0,0,0,15
10/23/2000,WDG,OK,ASW,CE,Federal Contract Tower,0,9,17,60,86,0,0,6,0,6,0,9,23,60,92,22,74,96,188
10/24/2000,WDG,OK,ASW,CE,Federal Contract Tower,0,4,6,33,43,0,0,0,3,3,0,4,6,36,46,102,42,144,190
10/25/2000,WDG,OK,ASW,CE,Federal Contract Tower,0,2,2,2,6,0,4,10,0,14,0,6,12,2,20,26,2,28,48
10/26/2000,WDG,OK,ASW,CE,Federal Contract Tower,0,7,9,26,42,0,0,10,0,10,0,7,19,26,52,66,26,92,144
10/27/2000,WDG,OK,ASW,CE,Federal Contract Tower,0,1,1,0,2,0,4,6,0,10,0,5,7,0,12,0,0,0,12
10/28/2000,WDG,OK,ASW,CE,Federal Contract Tower,0,2,1,0,3,0,7,33,0,40,0,9,34,0,43,68,0,68,111
10/29/2000,WDG,OK,ASW,CE,Federal Contract Tower,0,2,1,1,4,0,2,35,0,37,0,4,36,1,41,18,6,24,65
10/30/2000,WDG,OK,ASW,CE,Federal Contract Tower,0,6,6,33,45,0,4,33,0,37,0,10,39,33,82,110,37,147,229
10/31/2000,WDG,OK,ASW,CE,Federal Contract Tower,0,9,7,43,59,0,1,11,4,16,0,10,18,47,75,42,47,89,164
11/01/2000,WDG,OK,ASW,CE,Federal Contract Tower,0,9,9,26,44,0,1,19,0,20,0,10,28,26,64,48,28,76,140
11/02/2000,WDG,OK,ASW,CE,Federal Contract Tower,0,8,14,48,70,0,0,17,0,17,0,8,31,48,87,86,76,162,249
11/03/2000,WDG,OK,ASW,CE,Federal Contract Tower,0,6,14,50,70,0,0,14,0,14,0,6,28,50,84,42,72,114,198
11/04/2000,WDG,OK,ASW,CE,Federal Contract Tower,0,3,3,9,15,0,3,8,0,11,0,6,11,9,26,22,14,36,62
11/05/2000,WDG,OK,ASW,CE,Federal Contract Tower,0,2,2,5,9,0,2,1,0,3,0,4,3,5,12,0,1,1,13
11/06/2000,WDG,OK,ASW,CE,Federal Contract Tower,0,7,7,31,45,0,1,15,0,16,0,8,22,31,61,35,37,72,133
11/07/2000,WDG,OK,ASW,CE,Federal Contract Tower,0,9,20,72,101,0,0,0,0,0,0,9,20,72,101,40,86,126,227
11/08/2000,WDG,OK,ASW,CE,Federal Contract Tower,0,2,2,0,4,0,3,4,0,7,0,5,6,0,11,0,0,0,11
11/09/2000,WDG,OK,ASW,CE,Federal Contract Tower,0,9,12,40,61,0,0,36,0,36,0,9,48,40,97,114,56,170,267
11/10/2000,WDG,OK,ASW,CE,Federal Contract Tower,0,3,2,0,5,0,6,49,0,55,0,9,51,0,60,122,0,122,182
11/11/2000,WDG,OK,ASW,CE,Federal Contract Tower,0,2,2,1,5,0,6,1,0,7,0,8,3,1,12,0,0,0,12
11/12/2000,WDG,OK,ASW,CE,Federal Contract Tower,0,1,0,1,2,0,3,4,0,7,0,4,4,1,9,64,0,64,73
11/13/2000,WDG,OK,ASW,CE,Federal Contract Tower,0,8,12,47,67,0,0,15,0,15,0,8,27,47,82,64,76,140,222
11/14/2000,WDG,OK,ASW,CE,Federal Contract Tower,0,10,14,46,70,0,0,18,0,18,0,10,32,46,88,92,66,158,246
11/15/2000,WDG,OK,ASW,CE,Federal Contract Tower,0,8,15,48,71,0,0,20,0,20,0,8,35,48,91,34,64,98,189
11/16/2000,WDG,OK,ASW,CE,Federal Contract Tower,0,5,13,52,70,0,0,24,0,24,0,5,37,52,94,44,94,138,232
11/17/2000,WDG,OK,ASW,CE,Federal Contract Tower,0,5,7,31,43,0,3,31,0,34,0,8,38,31,77,59,73,132,209
11/18/2000,WDG,OK,ASW,CE,Federal Contract Tower,0,2,3,0,5,0,5,51,0,56,0,7,54,0,61,79,0,79,140
11/19/2000,WDG,OK,ASW,CE,Federal Contract Tower,0,1,2,4,7,0,3,18,0,21,0,4,20,4,28,3,8,11,39
11/20/2000,WDG,OK,ASW,CE,Federal Contract Tower,0,10,12,38,60,0,1,15,0,16,0,11,27,38,76,67,58,125,201
11/21/2000,WDG,OK,ASW,CE,Federal Contract Tower,0,7,7,26,40,0,2,30,0,32,0,9,37,26,72,24,42,66,138
11/22/2000,WDG,OK,ASW,CE,Federal Contract Tower,0,9,12,44,65,0,0,18,0,18,0,9,30,44,83,36,66,102,185
11/23/2000,WDG,OK,ASW,CE,Federal Contract Tower,0,0,0,0,0,0,4,0,0,4,0,4,0,0,4,0,0,0,4
11/24/2000,WDG,OK,ASW,CE,Federal Contract Tower,0,2,2,0,4,0,6,5,0,11,0,8,7,0,15,10,0,10,25
11/25/2000,WDG,OK,ASW,CE,Federal Contract Tower,0,1,1,0,2,0,6,31,0,37,0,7,32,0,39,80,0,80,119
11/26/2000,WDG,OK,ASW,CE,Federal Contract Tower,0,1,1,0,2,0,5,30,0,35,0,6,31,0,37,22,0,22,59
11/27/2000,WDG,OK,ASW,CE,Federal Contract Tower,0,12,17,64,93,0,0,35,0,35,0,12,52,64,128,122,104,226,354
11/28/2000,WDG,OK,ASW,CE,Federal Contract Tower,0,10,11,45,66,0,1,30,0,31,0,11,41,45,97,62,92,154,251
11/29/2000,WDG,OK,ASW,CE,Federal Contract Tower,0,7,8,31,46,0,4,46,0,50,0,11,54,31,96,84,59,143,239
11/30/2000,WDG,OK,ASW,CE,Federal Contract Tower,0,7,7,33,47,0,2,18,0,20,0,9,25,33,67,47,59,106,173
12/01/2000,WDG,OK,ASW,CE,Federal Contract Tower,0,12,12,48,72,0,0,7,0,7,0,12,19,48,79,44,62,106,185
12/02/2000,WDG,OK,ASW,CE,Federal Contract Tower,0,5,2,0,7,0,3,38,0,41,0,8,40,0,48,60,0,60,108
12/03/2000,WDG,OK,ASW,CE,Federal Contract Tower,0,4,2,3,9,0,0,22,0,22,0,4,24,3,31,22,12,34,65
12/04/2000,WDG,OK,ASW,CE,Federal Contract Tower,0,14,17,61,92,0,0,30,0,30,0,14,47,61,122,64,86,150,272
12/05/2000,WDG,OK,ASW,CE,Federal Contract Tower,0,10,10,43,63,0,0,21,7,28,0,10,31,50,91,56,75,131,222
12/06/2000,WDG,OK,ASW,CE,Federal Contract Tower,0,11,11,47,69,0,0,6,3,9,0,11,17,50,78,30,74,104,182
12/07/2000,WDG,OK,ASW,CE,Federal Contract Tower,0,8,14,46,68,0,0,15,0,15,0,8,29,46,83,44,62,106,189
12/08/2000,WDG,OK,ASW,CE,Federal Contract Tower,0,11,11,36,58,0,0,19,0,19,0,11,30,36,77,54,88,142,219
12/09/2000,WDG,OK,ASW,CE,Federal Contract Tower,0,3,3,0,6,0,5,19,0,24,0,8,22,0,30,58,0,58,88
12/10/2000,WDG,OK,ASW,CE,Federal Contract Tower,0,0,1,0,1,0,4,0,0,4,0,4,1,0,5,0,0,0,5
12/11/2000,WDG,OK,ASW,CE,Federal Contract Tower,0,3,2,0,5,0,9,10,0,19,0,12,12,0,24,0,0,0,24
12/12/2000,WDG,OK,ASW,CE,Federal Contract Tower,0,4,8,33,45,0,0,3,9,12,0,4,11,42,57,40,56,96,153
12/13/2000,WDG,OK,ASW,CE,Federal Contract Tower,0,2,0,0,2,0,5,0,0,5,0,7,0,0,7,0,0,0,7
12/14/2000,WDG,OK,ASW,CE,Federal Contract Tower,0,3,2,0,5,0,7,4,0,11,0,10,6,0,16,2,1,3,19
12/15/2000,WDG,OK,ASW,CE,Federal Contract Tower,0,1,2,0,3,0,3,2,0,5,0,4,4,0,8,0,0,0,8
12/16/2000,WDG,OK,ASW,CE,Federal Contract Tower,0,0,1,0,1,0,6,6,0,12,0,6,7,0,13,0,0,0,13
12/17/2000,WDG,OK,ASW,CE,Federal Contract Tower,0,3,2,2,7,0,3,15,0,18,0,6,17,2,25,27,2,29,54
12/18/2000,WDG,OK,ASW,CE,Federal Contract Tower,0,10,9,37,56,0,0,1,9,10,0,10,10,46,66,68,80,148,214
12/19/2000,WDG,OK,ASW,CE,Federal Contract Tower,0,10,14,50,74,0,0,10,0,10,0,10,24,50,84,104,102,206,290
12/20/2000,WDG,OK,ASW,CE,Federal Contract Tower,0,10,11,39,60,0,0,19,0,19,0,10,30,39,79,94,45,139,218
12/21/2000,WDG,OK,ASW,CE,Federal Contract Tower,0,12,13,46,71,0,0,50,0,50,0,12,63,46,121,74,106,180,301
12/22/2000,WDG,OK,ASW,CE,Federal Contract Tower,0,3,2,0,5,0,9,76,0,85,0,12,78,0,90,56,0,56,146
12/23/2000,WDG,OK,ASW,CE,Federal Contract Tower,0,2,1,0,3,0,5,82,0,87,0,7,83,0,90,114,0,114,204
12/24/2000,WDG,OK,ASW,CE,Federal Contract Tower,0,1,1,0,2,0,3,17,0,20,0,4,18,0,22,16,0,16,38
12/25/2000,WDG,OK,ASW,CE,Federal Contract Tower,0,0,0,0,0,0,2,0,0,2,0,2,0,0,2,0,0,0,2
12/26/2000,WDG,OK,ASW,CE,Federal Contract Tower,0,0,0,0,0,0,0,0,0,0,0,0,0,0,0,0,0,0,0
12/27/2000,WDG,OK,ASW,CE,Federal Contract Tower,0,0,0,0,0,0,0,2,0,2,0,0,2,0,2,0,0,0,2
12/28/2000,WDG,OK,ASW,CE,Federal Contract Tower,0,5,3,0,8,0,4,24,0,28,0,9,27,0,36,16,0,16,52
12/29/2000,WDG,OK,ASW,CE,Federal Contract Tower,0,3,2,0,5,0,5,21,0,26,0,8,23,0,31,22,0,22,53
12/30/2000,WDG,OK,ASW,CE,Federal Contract Tower,0,0,0,0,0,0,2,32,0,34,0,2,32,0,34,24,0,24,58
12/31/2000,WDG,OK,ASW,CE,Federal Contract Tower,0,0,0,0,0,0,0,0,0,0,0,0,0,0,0,0,0,0,0
01/01/2001,WDG,OK,ASW,CE,Federal Contract Tower,0,2,0,0,2,0,4,0,0,4,0,6,0,0,6,0,0,0,6
01/02/2001,WDG,OK,ASW,CE,Federal Contract Tower,0,5,2,0,7,0,5,16,0,21,0,10,18,0,28,26,0,26,54
01/03/2001,WDG,OK,ASW,CE,Federal Contract Tower,0,4,2,0,6,0,10,22,0,32,0,14,24,0,38,22,0,22,60
01/04/2001,WDG,OK,ASW,CE,Federal Contract Tower,0,12,12,78,102,0,0,11,14,25,0,12,23,92,127,8,106,114,241
01/05/2001,WDG,OK,ASW,CE,Federal Contract Tower,0,10,6,34,50,0,1,18,2,21,0,11,24,36,71,42,36,78,149
01/06/2001,WDG,OK,ASW,CE,Federal Contract Tower,0,9,8,47,64,0,0,29,11,40,0,9,37,58,104,48,96,144,248
01/07/2001,WDG,OK,ASW,CE,Federal Contract Tower,0,3,3,8,14,0,3,20,0,23,0,6,23,8,37,12,14,26,63
01/08/2001,WDG,OK,ASW,CE,Federal Contract Tower,0,10,8,45,63,0,0,16,9,25,0,10,24,54,88,88,70,158,246
01/09/2001,WDG,OK,ASW,CE,Federal Contract Tower,0,12,9,53,74,0,0,13,8,21,0,12,22,61,95,46,82,128,223
01/10/2001,WDG,OK,ASW,CE,Federal Contract Tower,0,12,9,52,73,0,0,9,6,15,0,12,18,58,88,70,96,166,254
01/11/2001,WDG,OK,ASW,CE,Federal Contract Tower,0,10,6,33,49,0,2,18,0,20,0,12,24,33,69,78,42,120,189
01/12/2001,WDG,OK,ASW,CE,Federal Contract Tower,0,8,5,20,33,0,5,26,0,31,0,13,31,20,64,88,46,134,198
01/13/2001,WDG,OK,ASW,CE,Federal Contract Tower,0,3,2,0,5,0,5,15,0,20,0,8,17,0,25,12,0,12,37
01/14/2001,WDG,OK,ASW,CE,Federal Contract Tower,0,6,5,27,38,0,0,48,9,57,0,6,53,36,95,54,42,96,191
01/15/2001,WDG,OK,ASW,CE,Federal Contract Tower,0,4,3,4,11,0,7,34,0,41,0,11,37,4,52,78,0,78,130
01/16/2001,WDG,OK,ASW,CE,Federal Contract Tower,0,7,4,24,35,0,2,2,1,5,0,9,6,25,40,0,28,28,68
01/17/2001,WDG,OK,ASW,CE,Federal Contract Tower,0,3,2,0,5,0,10,10,0,20,0,13,12,0,25,38,0,38,63
01/18/2001,WDG,OK,ASW,CE,Federal Contract Tower,0,12,8,46,66,0,0,10,7,17,0,12,18,53,83,88,62,150,233
01/19/2001,WDG,OK,ASW,CE,Federal Contract Tower,0,12,8,54,74,0,0,14,9,23,0,12,22,63,97,34,72,106,203
01/20/2001,WDG,OK,ASW,CE,Federal Contract Tower,0,2,1,0,3,0,7,43,0,50,0,9,44,0,53,110,0,110,163
01/21/2001,WDG,OK,ASW,CE,Federal Contract Tower,0,3,1,6,10,0,3,47,0,50,0,6,48,6,60,68,12,80,140
01/22/2001,WDG,OK,ASW,CE,Federal Contract Tower,0,12,12,76,100,0,0,20,17,37,0,12,32,93,137,78,113,191,328
01/23/2001,WDG,OK,ASW,CE,Federal Contract Tower,0,12,13,85,110,0,0,17,18,35,0,12,30,103,145,110,124,234,379
01/24/2001,WDG,OK,ASW,CE,Federal Contract Tower,0,9,9,57,75,0,0,12,8,20,0,9,21,65,95,35,78,113,208
01/25/2001,WDG,OK,ASW,CE,Federal Contract Tower,0,12,7,46,65,0,0,28,5,33,0,12,35,51,98,70,90,160,258
01/26/2001,WDG,OK,ASW,CE,Federal Contract Tower,0,9,5,27,41,0,3,21,0,24,0,12,26,27,65,42,70,112,177
01/27/2001,WDG,OK,ASW,CE,Federal Contract Tower,0,6,4,25,35,0,0,35,0,35,0,6,39,25,70,93,46,139,209
01/28/2001,WDG,OK,ASW,CE,Federal Contract Tower,0,0,0,0,0,0,4,1,0,5,0,4,1,0,5,0,0,0,5
01/29/2001,WDG,OK,ASW,CE,Federal Contract Tower,0,2,1,0,3,0,4,4,0,8,0,6,5,0,11,0,0,0,11
01/30/2001,WDG,OK,ASW,CE,Federal Contract Tower,0,5,2,0,7,0,2,14,0,16,0,7,16,0,23,22,0,22,45
01/31/2001,WDG,OK,ASW,CE,Federal Contract Tower,0,12,8,51,71,0,0,21,2,23,0,12,29,53,94,30,118,148,242
02/01/2001,WDG,OK,ASW,CE,Federal Contract Tower,0,10,8,30,48,0,0,18,4,22,0,10,26,34,70,38,56,94,164
02/02/2001,WDG,OK,ASW,CE,Federal Contract Tower,0,10,6,23,39,0,0,22,1,23,0,10,28,24,62,35,26,61,123
02/03/2001,WDG,OK,ASW,CE,Federal Contract Tower,0,2,2,0,4,0,5,76,0,81,0,7,78,0,85,74,0,74,159
02/04/2001,WDG,OK,ASW,CE,Federal Contract Tower,0,3,3,8,14,0,3,21,2,26,0,6,24,10,40,34,10,44,84
02/05/2001,WDG,OK,ASW,CE,Federal Contract Tower,0,12,9,32,53,0,0,15,7,22,0,12,24,39,75,19,55,74,149
02/06/2001,WDG,OK,ASW,CE,Federal Contract Tower,0,12,12,41,65,0,0,27,14,41,0,12,39,55,106,58,102,160,266
02/07/2001,WDG,OK,ASW,CE,Federal Contract Tower,0,10,10,35,55,0,0,8,10,18,0,10,18,45,73,20,58,78,151
02/08/2001,WDG,OK,ASW,CE,Federal Contract Tower,0,9,7,21,37,0,1,0,0,1,0,10,7,21,38,0,22,22,60
02/09/2001,WDG,OK,ASW,CE,Federal Contract Tower,0,3,2,1,6,0,3,3,0,6,0,6,5,1,12,8,0,8,20
02/10/2001,WDG,OK,ASW,CE,Federal Contract Tower,0,3,3,1,7,0,6,47,0,53,0,9,50,1,60,92,0,92,152
02/11/2001,WDG,OK,ASW,CE,Federal Contract Tower,0,1,2,1,4,0,5,14,0,19,0,6,16,1,23,26,1,27,50
02/12/2001,WDG,OK,ASW,CE,Federal Contract Tower,0,4,3,0,7,0,4,7,0,11,0,8,10,0,18,0,0,0,18
02/13/2001,WDG,OK,ASW,CE,Federal Contract Tower,0,0,0,0,0,0,0,0,0,0,0,0,0,0,0,0,0,0,0
02/14/2001,WDG,OK,ASW,CE,Federal Contract Tower,0,3,3,1,7,0,3,3,0,6,0,6,6,1,13,0,1,1,14
02/15/2001,WDG,OK,ASW,CE,Federal Contract Tower,0,1,2,1,4,0,3,0,0,3,0,4,2,1,7,0,1,1,8
02/16/2001,WDG,OK,ASW,CE,Federal Contract Tower,0,10,3,69,82,0,0,0,35,35,0,10,3,104,117,7,10,17,134
02/17/2001,WDG,OK,ASW,CE,Federal Contract Tower,0,3,2,0,5,0,5,60,0,65,0,8,62,0,70,74,0,74,144
02/18/2001,WDG,OK,ASW,CE,Federal Contract Tower,0,2,0,2,4,0,2,32,0,34,0,4,32,2,38,80,0,80,118
02/19/2001,WDG,OK,ASW,CE,Federal Contract Tower,0,4,2,0,6,0,8,44,0,52,0,12,46,0,58,86,0,86,144
02/20/2001,WDG,OK,ASW,CE,Federal Contract Tower,0,4,2,0,6,0,4,5,0,9,0,8,7,0,15,0,0,0,15
02/21/2001,WDG,OK,ASW,CE,Federal Contract Tower,0,7,9,35,51,0,0,6,0,6,0,7,15,35,57,80,52,132,189
02/22/2001,WDG,OK,ASW,CE,Federal Contract Tower,0,4,2,6,12,0,3,17,0,20,0,7,19,6,32,20,0,20,52
02/23/2001,WDG,OK,ASW,CE,Federal Contract Tower,0,3,1,0,4,0,3,5,0,8,0,6,6,0,12,0,0,0,12
02/24/2001,WDG,OK,ASW,CE,Federal Contract Tower,0,2,0,1,3,0,2,11,0,13,0,4,11,1,16,8,0,8,24
02/25/2001,WDG,OK,ASW,CE,Federal Contract Tower,0,6,8,33,47,0,0,41,61,102,0,6,49,94,149,92,20,112,261
02/26/2001,WDG,OK,ASW,CE,Federal Contract Tower,0,8,14,52,74,0,0,3,50,53,0,8,17,102,127,18,78,96,223
02/27/2001,WDG,OK,ASW,CE,Federal Contract Tower,0,2,1,0,3,0,4,2,0,6,0,6,3,0,9,0,0,0,9
02/28/2001,WDG,OK,ASW,CE,Federal Contract Tower,0,2,0,0,2,0,2,2,0,4,0,4,2,0,6,0,0,0,6
03/01/2001,WDG,OK,ASW,CE,Federal Contract Tower,0,9,5,33,47,0,1,1,29,31,0,10,6,62,78,0,0,0,78
03/02/2001,WDG,OK,ASW,CE,Federal Contract Tower,0,8,9,55,72,0,0,15,81,96,0,8,24,136,168,40,28,68,236
03/03/2001,WDG,OK,ASW,CE,Federal Contract Tower,0,6,8,52,66,0,0,33,86,119,0,6,41,138,185,60,44,104,289
03/04/2001,WDG,OK,ASW,CE,Federal Contract Tower,0,4,2,9,15,0,0,17,0,17,0,4,19,9,32,66,9,75,107
03/05/2001,WDG,OK,ASW,CE,Federal Contract Tower,0,10,7,41,58,0,0,14,35,49,0,10,21,76,107,38,12,50,157
03/06/2001,WDG,OK,ASW,CE,Federal Contract Tower,0,9,8,48,65,0,0,16,60,76,0,9,24,108,141,58,40,98,239
03/07/2001,WDG,OK,ASW,CE,Federal Contract Tower,0,8,8,41,57,0,0,15,51,66,0,8,23,92,123,46,9,55,178
03/08/2001,WDG,OK,ASW,CE,Federal Contract Tower,0,11,9,48,68,0,1,20,56,77,0,12,29,104,145,20,14,34,179
03/09/2001,WDG,OK,ASW,CE,Federal Contract Tower,0,10,7,38,55,0,0,50,36,86,0,10,57,74,141,72,34,106,247
03/10/2001,WDG,OK,ASW,CE,Federal Contract Tower,0,8,7,36,51,0,0,29,48,77,0,8,36,84,128,63,10,73,201
03/11/2001,WDG,OK,ASW,CE,Federal Contract Tower,0,1,2,0,3,0,5,10,0,15,0,6,12,0,18,4,0,4,22
03/12/2001,WDG,OK,ASW,CE,Federal Contract Tower,0,14,11,60,85,0,0,18,74,92,0,14,29,134,177,35,28,63,240
03/13/2001,WDG,OK,ASW,CE,Federal Contract Tower,0,11,8,45,64,0,1,37,47,85,0,12,45,92,149,102,12,114,263
03/14/2001,WDG,OK,ASW,CE,Federal Contract Tower,0,10,8,42,60,0,2,23,68,93,0,12,31,110,153,58,16,74,227
03/15/2001,WDG,OK,ASW,CE,Federal Contract Tower,0,2,2,0,4,0,6,4,0,10,0,8,6,0,14,0,0,0,14
03/16/2001,WDG,OK,ASW,CE,Federal Contract Tower,0,10,10,55,75,0,0,40,69,109,0,10,50,124,184,108,30,138,322
03/17/2001,WDG,OK,ASW,CE,Federal Contract Tower,0,3,2,0,5,0,5,41,0,46,0,8,43,0,51,90,0,90,141
03/18/2001,WDG,OK,ASW,CE,Federal Contract Tower,0,3,3,14,20,0,3,3,0,6,0,6,6,14,26,0,0,0,26
03/19/2001,WDG,OK,ASW,CE,Federal Contract Tower,0,12,10,55,77,0,0,4,71,75,0,12,14,126,152,20,16,36,188
03/20/2001,WDG,OK,ASW,CE,Federal Contract Tower,0,12,9,50,71,0,0,49,62,111,0,12,58,112,182,72,32,104,286
03/21/2001,WDG,OK,ASW,CE,Federal Contract Tower,0,12,8,51,71,0,0,33,69,102,0,12,41,120,173,32,54,86,259
03/22/2001,WDG,OK,ASW,CE,Federal Contract Tower,0,10,8,51,69,0,0,28,55,83,0,10,36,106,152,74,72,146,298
03/23/2001,WDG,OK,ASW,CE,Federal Contract Tower,0,10,7,44,61,0,0,18,48,66,0,10,25,92,127,83,62,145,272
03/24/2001,WDG,OK,ASW,CE,Federal Contract Tower,0,2,1,0,3,0,5,23,0,28,0,7,24,0,31,26,0,26,57
03/25/2001,WDG,OK,ASW,CE,Federal Contract Tower,0,2,1,2,5,0,4,37,0,41,0,6,38,2,46,28,0,28,74
03/26/2001,WDG,OK,ASW,CE,Federal Contract Tower,0,12,9,54,75,0,0,24,84,108,0,12,33,138,183,114,30,144,327
03/27/2001,WDG,OK,ASW,CE,Federal Contract Tower,0,12,9,55,76,0,0,33,59,92,0,12,42,114,168,142,58,200,368
03/28/2001,WDG,OK,ASW,CE,Federal Contract Tower,0,8,5,34,47,0,0,19,10,29,0,8,24,44,76,87,0,87,163
03/29/2001,WDG,OK,ASW,CE,Federal Contract Tower,0,6,8,52,66,0,0,10,30,40,0,6,18,82,106,128,8,136,242
03/30/2001,WDG,OK,ASW,CE,Federal Contract Tower,0,5,4,25,34,0,7,21,3,31,0,12,25,28,65,28,132,160,225
03/31/2001,WDG,OK,ASW,CE,Federal Contract Tower,0,3,1,0,4,0,5,34,0,39,0,8,35,0,43,73,0,73,116
04/01/2001,WDG,OK,ASW,CE,Federal Contract Tower,0,5,9,3,17,0,1,40,5,46,0,6,49,8,63,56,12,68,131
04/02/2001,WDG,OK,ASW,CE,Federal Contract Tower,0,12,9,45,66,0,0,14,57,71,0,12,23,102,137,34,26,60,197
04/03/2001,WDG,OK,ASW,CE,Federal Contract Tower,0,9,6,53,68,0,1,20,57,78,0,10,26,110,146,55,8,63,209
04/04/2001,WDG,OK,ASW,CE,Federal Contract Tower,0,10,4,24,38,0,0,10,14,24,0,10,14,38,62,6,0,6,68
04/05/2001,WDG,OK,ASW,CE,Federal Contract Tower,0,12,14,49,75,0,0,10,47,57,0,12,24,96,132,18,0,18,150
04/06/2001,WDG,OK,ASW,CE,Federal Contract Tower,0,8,0,25,33,0,0,2,25,27,0,8,2,50,60,0,0,0,60
04/07/2001,WDG,OK,ASW,CE,Federal Contract Tower,0,6,0,0,6,0,2,54,0,56,0,8,54,0,62,36,0,36,98
04/08/2001,WDG,OK,ASW,CE,Federal Contract Tower,0,6,0,6,12,0,0,21,8,29,0,6,21,14,41,18,10,28,69
04/09/2001,WDG,OK,ASW,CE,Federal Contract Tower,0,10,6,15,31,0,0,19,17,36,0,10,25,32,67,40,28,68,135
04/10/2001,WDG,OK,ASW,CE,Federal Contract Tower,0,8,6,40,54,0,0,7,48,55,0,8,13,88,109,0,0,0,109
04/11/2001,WDG,OK,ASW,CE,Federal Contract Tower,0,8,3,0,11,0,2,1,0,3,0,10,4,0,14,2,0,2,16
04/12/2001,WDG,OK,ASW,CE,Federal Contract Tower,0,10,8,34,52,0,2,39,34,75,0,12,47,68,127,60,30,90,217
04/13/2001,WDG,OK,ASW,CE,Federal Contract Tower,0,11,4,19,34,0,0,33,21,54,0,11,37,40,88,36,18,54,142
04/14/2001,WDG,OK,ASW,CE,Federal Contract Tower,0,8,6,0,14,0,0,16,0,16,0,8,22,0,30,24,0,24,54
04/15/2001,WDG,OK,ASW,CE,Federal Contract Tower,0,6,1,0,7,0,0,30,0,30,0,6,31,0,37,96,0,96,133
04/16/2001,WDG,OK,ASW,CE,Federal Contract Tower,0,10,3,30,43,0,0,21,34,55,0,10,24,64,98,39,22,61,159
04/17/2001,WDG,OK,ASW,CE,Federal Contract Tower,0,10,7,42,59,0,0,43,50,93,0,10,50,92,152,32,12,44,196
04/18/2001,WDG,OK,ASW,CE,Federal Contract Tower,0,9,5,38,52,0,3,31,48,82,0,12,36,86,134,92,8,100,234
04/19/2001,WDG,OK,ASW,CE,Federal Contract Tower,0,12,7,46,65,0,0,17,34,51,0,12,24,80,116,22,42,64,180
04/20/2001,WDG,OK,ASW,CE,Federal Contract Tower,0,12,7,28,47,0,0,25,34,59,0,12,32,62,106,52,38,90,196
04/21/2001,WDG,OK,ASW,CE,Federal Contract Tower,0,8,3,44,55,0,0,29,44,73,0,8,32,88,128,84,26,110,238
04/22/2001,WDG,OK,ASW,CE,Federal Contract Tower,0,4,2,2,8,0,0,6,0,6,0,4,8,2,14,38,0,38,52
04/23/2001,WDG,OK,ASW,CE,Federal Contract Tower,0,10,4,21,35,0,2,22,23,47,0,12,26,44,82,114,10,124,206
04/24/2001,WDG,OK,ASW,CE,Federal Contract Tower,0,11,8,51,70,0,1,40,52,93,0,12,48,103,163,40,24,64,227
04/25/2001,WDG,OK,ASW,CE,Federal Contract Tower,0,12,3,35,50,0,0,65,38,103,0,12,68,73,153,86,38,124,277
04/26/2001,WDG,OK,ASW,CE,Federal Contract Tower,0,13,7,46,66,0,1,45,34,80,0,14,52,80,146,78,52,130,276
04/27/2001,WDG,OK,ASW,CE,Federal Contract Tower,0,8,8,36,52,0,0,17,40,57,0,8,25,76,109,70,38,108,217
04/28/2001,WDG,OK,ASW,CE,Federal Contract Tower,0,8,10,0,18,0,0,40,0,40,0,8,50,0,58,54,0,54,112
04/29/2001,WDG,OK,ASW,CE,Federal Contract Tower,0,5,1,5,11,0,1,22,5,28,0,6,23,10,39,16,0,16,55
04/30/2001,WDG,OK,ASW,CE,Federal Contract Tower,0,9,8,24,41,0,3,2,24,29,0,12,10,48,70,60,14,74,144
05/01/2001,WDG,OK,ASW,CE,Federal Contract Tower,0,12,5,44,61,0,2,31,46,79,0,14,36,90,140,34,28,62,202
05/02/2001,WDG,OK,ASW,CE,Federal Contract Tower,0,13,17,38,68,0,2,16,34,52,0,15,33,72,120,28,32,60,180
05/03/2001,WDG,OK,ASW,CE,Federal Contract Tower,0,10,10,16,36,0,0,0,18,18,0,10,10,34,54,63,10,73,127
05/04/2001,WDG,OK,ASW,CE,Federal Contract Tower,0,10,10,40,60,0,0,13,42,55,0,10,23,82,115,114,8,122,237
05/05/2001,WDG,OK,ASW,CE,Federal Contract Tower,0,8,3,0,11,0,0,37,0,37,0,8,40,0,48,64,0,64,112
05/06/2001,WDG,OK,ASW,CE,Federal Contract Tower,0,5,5,17,27,0,1,12,17,30,0,6,17,34,57,40,0,40,97
05/07/2001,WDG,OK,ASW,CE,Federal Contract Tower,0,12,7,62,81,0,1,38,70,109,0,13,45,132,190,58,44,102,292
05/08/2001,WDG,OK,ASW,CE,Federal Contract Tower,0,12,3,46,61,0,0,62,46,108,0,12,65,92,169,128,32,160,329
05/09/2001,WDG,OK,ASW,CE,Federal Contract Tower,0,12,5,50,67,0,0,31,54,85,0,12,36,104,152,62,28,90,242
05/10/2001,WDG,OK,ASW,CE,Federal Contract Tower,0,10,7,46,63,0,0,15,48,63,0,10,22,94,126,62,14,76,202
05/11/2001,WDG,OK,ASW,CE,Federal Contract Tower,0,12,7,13,32,0,0,14,13,27,0,12,21,26,59,42,6,48,107
05/12/2001,WDG,OK,ASW,CE,Federal Contract Tower,0,7,0,0,7,0,1,34,0,35,0,8,34,0,42,76,0,76,118
05/13/2001,WDG,OK,ASW,CE,Federal Contract Tower,0,6,2,13,21,0,0,36,16,52,0,6,38,29,73,48,10,58,131
05/14/2001,WDG,OK,ASW,CE,Federal Contract Tower,0,12,6,24,42,0,0,45,22,67,0,12,51,46,109,32,18,50,159
05/15/2001,WDG,OK,ASW,CE,Federal Contract Tower,0,10,19,30,59,0,0,21,34,55,0,10,40,64,114,70,20,90,204
05/16/2001,WDG,OK,ASW,CE,Federal Contract Tower,0,8,5,54,67,0,0,33,54,87,0,8,38,108,154,60,14,74,228
05/17/2001,WDG,OK,ASW,CE,Federal Contract Tower,0,10,7,18,35,0,0,40,18,58,0,10,47,36,93,86,18,104,197
05/18/2001,WDG,OK,ASW,CE,Federal Contract Tower,0,10,4,43,57,0,2,31,40,73,0,12,35,83,130,138,4,142,272
05/19/2001,WDG,OK,ASW,CE,Federal Contract Tower,0,7,4,0,11,0,1,37,0,38,0,8,41,0,49,52,0,52,101
05/20/2001,WDG,OK,ASW,CE,Federal Contract Tower,0,6,4,3,13,0,0,14,4,18,0,6,18,7,31,26,6,32,63
05/21/2001,WDG,OK,ASW,CE,Federal Contract Tower,0,8,6,58,72,0,0,18,62,80,0,8,24,120,152,55,50,105,257
05/22/2001,WDG,OK,ASW,CE,Federal Contract Tower,0,12,2,43,57,0,0,45,43,88,0,12,47,86,145,40,20,60,205
05/23/2001,WDG,OK,ASW,CE,Federal Contract Tower,0,11,7,53,71,0,1,37,54,92,0,12,44,107,163,44,24,68,231
05/24/2001,WDG,OK,ASW,CE,Federal Contract Tower,0,11,10,60,81,0,1,39,60,100,0,12,49,120,181,52,42,94,275
05/25/2001,WDG,OK,ASW,CE,Federal Contract Tower,0,12,4,17,33,0,0,51,10,61,0,12,55,27,94,88,0,88,182
05/26/2001,WDG,OK,ASW,CE,Federal Contract Tower,0,8,4,0,12,0,0,34,0,34,0,8,38,0,46,64,0,64,110
05/27/2001,WDG,OK,ASW,CE,Federal Contract Tower,0,6,2,0,8,0,0,28,0,28,0,6,30,0,36,80,0,80,116
05/28/2001,WDG,OK,ASW,CE,Federal Contract Tower,0,4,2,0,6,0,0,8,0,8,0,4,10,0,14,42,0,42,56
05/29/2001,WDG,OK,ASW,CE,Federal Contract Tower,0,11,3,4,18,0,1,6,4,11,0,12,9,8,29,2,0,2,31
05/30/2001,WDG,OK,ASW,CE,Federal Contract Tower,0,6,6,44,56,0,2,29,44,75,0,8,35,88,131,56,24,80,211
05/31/2001,WDG,OK,ASW,CE,Federal Contract Tower,0,12,14,41,67,0,0,28,39,67,0,12,42,80,134,64,42,106,240
06/01/2001,WDG,OK,ASW,CE,Federal Contract Tower,0,12,10,32,54,0,0,47,27,74,0,12,57,59,128,60,36,96,224
06/02/2001,WDG,OK,ASW,CE,Federal Contract Tower,0,8,5,8,21,0,0,40,0,40,0,8,45,8,61,60,10,70,131
06/03/2001,WDG,OK,ASW,CE,Federal Contract Tower,0,8,0,6,14,0,0,20,4,24,0,8,20,10,38,20,0,20,58
06/04/2001,WDG,OK,ASW,CE,Federal Contract Tower,0,10,3,48,61,0,0,17,48,65,0,10,20,96,126,22,2,24,150
06/05/2001,WDG,OK,ASW,CE,Federal Contract Tower,0,10,6,62,78,0,0,23,64,87,0,10,29,126,165,60,10,70,235
06/06/2001,WDG,OK,ASW,CE,Federal Contract Tower,0,10,5,45,60,0,0,48,49,97,0,10,53,94,157,84,30,114,271
06/07/2001,WDG,OK,ASW,CE,Federal Contract Tower,0,11,8,47,66,0,1,68,49,118,0,12,76,96,184,112,28,140,324
06/08/2001,WDG,OK,ASW,CE,Federal Contract Tower,0,14,8,52,74,0,0,30,58,88,0,14,38,110,162,118,34,152,314
06/09/2001,WDG,OK,ASW,CE,Federal Contract Tower,0,10,8,2,20,0,0,46,0,46,0,10,54,2,66,74,2,76,142
06/10/2001,WDG,OK,ASW,CE,Federal Contract Tower,0,5,5,14,24,0,1,27,17,45,0,6,32,31,69,76,0,76,145
06/11/2001,WDG,OK,ASW,CE,Federal Contract Tower,0,8,9,26,43,0,2,21,26,49,0,10,30,52,92,46,0,46,138
06/12/2001,WDG,OK,ASW,CE,Federal Contract Tower,0,12,4,32,48,0,0,35,23,58,0,12,39,55,106,22,30,52,158
06/13/2001,WDG,OK,ASW,CE,Federal Contract Tower,0,12,6,31,49,0,0,16,25,41,0,12,22,56,90,12,46,58,148
06/14/2001,WDG,OK,ASW,CE,Federal Contract Tower,0,4,4,40,48,0,0,30,44,74,0,4,34,84,122,136,28,164,286
06/15/2001,WDG,OK,ASW,CE,Federal Contract Tower,0,10,10,33,53,0,4,56,42,102,0,14,66,75,155,92,60,152,307
06/16/2001,WDG,OK,ASW,CE,Federal Contract Tower,0,6,16,1,23,0,0,50,1,51,0,6,66,2,74,32,0,32,106
06/17/2001,WDG,OK,ASW,CE,Federal Contract Tower,0,5,11,1,17,0,1,30,3,34,0,6,41,4,51,68,0,68,119
06/18/2001,WDG,OK,ASW,CE,Federal Contract Tower,0,12,6,45,63,0,0,22,45,67,0,12,28,90,130,12,46,58,188
06/19/2001,WDG,OK,ASW,CE,Federal Contract Tower,0,11,3,57,71,0,1,36,65,102,0,12,39,122,173,82,54,136,309
06/20/2001,WDG,OK,ASW,CE,Federal Contract Tower,0,10,4,30,44,0,0,40,32,72,0,10,44,62,116,122,50,172,288
06/21/2001,WDG,OK,ASW,CE,Federal Contract Tower,0,8,7,44,59,0,0,30,44,74,0,8,37,88,133,88,42,130,263
06/22/2001,WDG,OK,ASW,CE,Federal Contract Tower,0,9,2,30,41,0,3,24,32,59,0,12,26,62,100,140,0,140,240
06/23/2001,WDG,OK,ASW,CE,Federal Contract Tower,0,7,5,0,12,0,1,30,0,31,0,8,35,0,43,56,0,56,99
06/24/2001,WDG,OK,ASW,CE,Federal Contract Tower,0,6,2,1,9,0,0,40,11,51,0,6,42,12,60,26,16,42,102
06/25/2001,WDG,OK,ASW,CE,Federal Contract Tower,0,11,5,52,68,0,0,39,55,94,0,11,44,107,162,108,38,146,308
06/26/2001,WDG,OK,ASW,CE,Federal Contract Tower,0,10,9,33,52,0,0,31,33,64,0,10,40,66,116,114,30,144,260
06/27/2001,WDG,OK,ASW,CE,Federal Contract Tower,0,10,14,20,44,0,0,18,20,38,0,10,32,40,82,120,10,130,212
06/28/2001,WDG,OK,ASW,CE,Federal Contract Tower,0,16,10,18,44,0,0,26,18,44,0,16,36,36,88,96,10,106,194
06/29/2001,WDG,OK,ASW,CE,Federal Contract Tower,0,9,2,11,22,0,1,22,11,34,0,10,24,22,56,46,10,56,112
06/30/2001,WDG,OK,ASW,CE,Federal Contract Tower,0,10,6,0,16,0,0,57,0,57,0,10,63,0,73,42,0,42,115
07/01/2001,WDG,OK,ASW,CE,Federal Contract Tower,0,5,0,16,21,0,1,33,18,52,0,6,33,34,73,66,12,78,151
07/02/2001,WDG,OK,ASW,CE,Federal Contract Tower,0,9,8,43,60,0,1,12,43,56,0,10,20,86,116,50,22,72,188
07/03/2001,WDG,OK,ASW,CE,Federal Contract Tower,0,7,7,49,63,0,1,50,29,80,0,8,57,78,143,96,47,143,286
07/04/2001,WDG,OK,ASW,CE,Federal Contract Tower,0,6,2,0,8,0,2,19,0,21,0,8,21,0,29,14,0,14,43
07/05/2001,WDG,OK,ASW,CE,Federal Contract Tower,0,12,7,2,21,0,0,32,0,32,0,12,39,2,53,78,0,78,131
07/06/2001,WDG,OK,ASW,CE,Federal Contract Tower,0,9,7,35,51,0,1,20,26,47,0,10,27,61,98,62,36,98,196
07/07/2001,WDG,OK,ASW,CE,Federal Contract Tower,0,6,3,0,9,0,2,61,2,65,0,8,64,2,74,56,0,56,130
07/08/2001,WDG,OK,ASW,CE,Federal Contract Tower,0,6,5,11,22,0,0,23,11,34,0,6,28,22,56,74,0,74,130
07/09/2001,WDG,OK,ASW,CE,Federal Contract Tower,0,7,4,27,38,0,1,26,23,50,0,8,30,50,88,32,8,40,128
07/10/2001,WDG,OK,ASW,CE,Federal Contract Tower,0,11,7,43,61,0,1,22,43,66,0,12,29,86,127,26,8,34,161
07/11/2001,WDG,OK,ASW,CE,Federal Contract Tower,0,12,8,53,73,0,0,18,53,71,0,12,26,106,144,24,6,30,174
07/12/2001,WDG,OK,ASW,CE,Federal Contract Tower,0,12,15,63,90,0,0,62,73,135,0,12,77,136,225,44,28,72,297
07/13/2001,WDG,OK,ASW,CE,Federal Contract Tower,0,10,11,47,68,0,0,25,39,64,0,10,36,86,132,30,32,62,194
07/14/2001,WDG,OK,ASW,CE,Federal Contract Tower,0,8,4,0,12,0,0,21,0,21,0,8,25,0,33,32,0,32,65
07/15/2001,WDG,OK,ASW,CE,Federal Contract Tower,0,4,5,8,17,0,0,19,8,27,0,4,24,16,44,74,0,74,118
07/16/2001,WDG,OK,ASW,CE,Federal Contract Tower,0,12,9,61,82,0,0,5,79,84,0,12,14,140,166,40,4,44,210
07/17/2001,WDG,OK,ASW,CE,Federal Contract Tower,0,13,4,60,77,0,1,28,60,89,0,14,32,120,166,68,24,92,258
07/18/2001,WDG,OK,ASW,CE,Federal Contract Tower,0,12,4,75,91,0,0,39,77,116,0,12,43,152,207,70,42,112,319
07/19/2001,WDG,OK,ASW,CE,Federal Contract Tower,0,11,7,50,68,0,0,34,56,90,0,11,41,106,158,34,24,58,216
07/20/2001,WDG,OK,ASW,CE,Federal Contract Tower,0,9,4,40,53,0,0,40,40,80,0,9,44,80,133,32,22,54,187
07/21/2001,WDG,OK,ASW,CE,Federal Contract Tower,0,6,4,0,10,0,0,36,0,36,0,6,40,0,46,92,0,92,138
07/22/2001,WDG,OK,ASW,CE,Federal Contract Tower,0,6,0,15,21,0,1,15,15,31,0,7,15,30,52,8,6,14,66
07/23/2001,WDG,OK,ASW,CE,Federal Contract Tower,0,12,1,47,60,0,0,22,47,69,0,12,23,94,129,36,6,42,171
07/24/2001,WDG,OK,ASW,CE,Federal Contract Tower,0,10,5,54,69,0,0,38,44,82,0,10,43,98,151,48,14,62,213
07/25/2001,WDG,OK,ASW,CE,Federal Contract Tower,0,12,6,48,66,0,0,36,46,82,0,12,42,94,148,22,26,48,196
07/26/2001,WDG,OK,ASW,CE,Federal Contract Tower,0,10,5,32,47,0,0,19,32,51,0,10,24,64,98,50,10,60,158
07/27/2001,WDG,OK,ASW,CE,Federal Contract Tower,0,10,3,30,43,0,0,27,32,59,0,10,30,62,102,38,4,42,144
07/28/2001,WDG,OK,ASW,CE,Federal Contract Tower,0,6,7,0,13,0,2,23,0,25,0,8,30,0,38,58,0,58,96
07/29/2001,WDG,OK,ASW,CE,Federal Contract Tower,0,6,3,12,21,0,0,19,14,33,0,6,22,26,54,26,22,48,102
07/30/2001,WDG,OK,ASW,CE,Federal Contract Tower,0,12,3,42,57,0,2,30,40,72,0,14,33,82,129,10,6,16,145
07/31/2001,WDG,OK,ASW,CE,Federal Contract Tower,0,10,8,45,63,0,0,28,45,73,0,10,36,90,136,18,10,28,164
08/01/2001,WDG,OK,ASW,CE,Federal Contract Tower,0,12,8,42,62,0,0,22,42,64,0,12,30,84,126,20,40,60,186
08/02/2001,WDG,OK,ASW,CE,Federal Contract Tower,0,8,5,48,61,0,0,29,48,77,0,8,34,96,138,58,42,100,238
08/03/2001,WDG,OK,ASW,CE,Federal Contract Tower,0,11,4,32,47,0,1,31,32,64,0,12,35,64,111,52,44,96,207
08/04/2001,WDG,OK,ASW,CE,Federal Contract Tower,0,7,2,0,9,0,1,43,0,44,0,8,45,0,53,70,0,70,123
08/05/2001,WDG,OK,ASW,CE,Federal Contract Tower,0,5,1,12,18,0,0,27,17,44,0,5,28,29,62,20,14,34,96
08/06/2001,WDG,OK,ASW,CE,Federal Contract Tower,0,12,3,41,56,0,0,40,42,82,0,12,43,83,138,42,52,94,232
08/07/2001,WDG,OK,ASW,CE,Federal Contract Tower,0,10,8,40,58,0,0,30,40,70,0,10,38,80,128,64,78,142,270
08/08/2001,WDG,OK,ASW,CE,Federal Contract Tower,0,10,8,37,55,0,0,22,37,59,0,10,30,74,114,54,86,140,254
08/09/2001,WDG,OK,ASW,CE,Federal Contract Tower,0,6,4,24,34,0,2,29,24,55,0,8,33,48,89,36,61,97,186
08/10/2001,WDG,OK,ASW,CE,Federal Contract Tower,0,8,17,25,50,0,0,25,26,51,0,8,42,51,101,57,6,63,164
08/11/2001,WDG,OK,ASW,CE,Federal Contract Tower,0,8,4,0,12,0,0,26,0,26,0,8,30,0,38,42,0,42,80
08/12/2001,WDG,OK,ASW,CE,Federal Contract Tower,0,6,9,10,25,0,0,35,15,50,0,6,44,25,75,58,14,72,147
08/13/2001,WDG,OK,ASW,CE,Federal Contract Tower,0,10,5,40,55,0,0,30,40,70,0,10,35,80,125,62,32,94,219
08/14/2001,WDG,OK,ASW,CE,Federal Contract Tower,0,10,3,50,63,0,0,21,50,71,0,10,24,100,134,28,26,54,188
08/15/2001,WDG,OK,ASW,CE,Federal Contract Tower,0,10,8,13,31,0,0,17,13,30,0,10,25,26,61,20,4,24,85
08/16/2001,WDG,OK,ASW,CE,Federal Contract Tower,0,10,4,25,39,0,0,26,26,52,0,10,30,51,91,48,0,48,139
08/17/2001,WDG,OK,ASW,CE,Federal Contract Tower,0,10,4,20,34,0,0,32,10,42,0,10,36,30,76,24,14,38,114
08/18/2001,WDG,OK,ASW,CE,Federal Contract Tower,0,6,1,1,8,0,0,65,0,65,0,6,66,1,73,78,0,78,151
08/19/2001,WDG,OK,ASW,CE,Federal Contract Tower,0,6,2,16,24,0,0,30,16,46,0,6,32,32,70,30,4,34,104
08/20/2001,WDG,OK,ASW,CE,Federal Contract Tower,0,8,10,47,65,0,0,20,47,67,0,8,30,94,132,50,48,98,230
08/21/2001,WDG,OK,ASW,CE,Federal Contract Tower,0,12,3,65,80,0,0,11,65,76,0,12,14,130,156,4,14,18,174
08/22/2001,WDG,OK,ASW,CE,Federal Contract Tower,0,12,4,67,83,0,0,21,67,88,0,12,25,134,171,24,30,54,225
08/23/2001,WDG,OK,ASW,CE,Federal Contract Tower,0,6,5,60,71,0,0,23,57,80,0,6,28,117,151,24,82,106,257
08/24/2001,WDG,OK,ASW,CE,Federal Contract Tower,0,14,6,16,36,0,0,29,16,45,0,14,35,32,81,48,36,84,165
08/25/2001,WDG,OK,ASW,CE,Federal Contract Tower,0,8,4,0,12,0,0,20,0,20,0,8,24,0,32,78,0,78,110
08/26/2001,WDG,OK,ASW,CE,Federal Contract Tower,0,6,4,48,58,0,0,20,48,68,0,6,24,96,126,30,34,64,190
08/27/2001,WDG,OK,ASW,CE,Federal Contract Tower,0,9,14,60,83,0,1,20,60,81,0,10,34,120,164,32,36,68,232
08/28/2001,WDG,OK,ASW,CE,Federal Contract Tower,0,9,3,72,84,0,4,33,72,109,0,13,36,144,193,20,22,42,235
08/29/2001,WDG,OK,ASW,CE,Federal Contract Tower,0,9,12,51,72,0,1,35,53,89,0,10,47,104,161,32,42,74,235
08/30/2001,WDG,OK,ASW,CE,Federal Contract Tower,0,9,12,54,75,0,1,18,54,73,0,10,30,108,148,26,32,58,206
08/31/2001,WDG,OK,ASW,CE,Federal Contract Tower,0,8,12,54,74,0,0,24,54,78,0,8,36,108,152,72,26,98,250
09/01/2001,WDG,OK,ASW,CE,Federal Contract Tower,0,6,3,2,11,0,0,57,0,57,0,6,60,2,68,100,0,100,168
09/02/2001,WDG,OK,ASW,CE,Federal Contract Tower,0,6,0,0,6,0,0,32,1,33,0,6,32,1,39,32,0,32,71
09/03/2001,WDG,OK,ASW,CE,Federal Contract Tower,0,4,0,0,4,0,0,18,1,19,0,4,18,1,23,22,0,22,45
09/04/2001,WDG,OK,ASW,CE,Federal Contract Tower,0,14,3,52,69,0,1,31,52,84,0,15,34,104,153,50,20,70,223
09/05/2001,WDG,OK,ASW,CE,Federal Contract Tower,0,10,7,60,77,0,0,23,62,85,0,10,30,122,162,22,12,34,196
09/06/2001,WDG,OK,ASW,CE,Federal Contract Tower,0,11,4,64,79,0,1,16,65,82,0,12,20,129,161,22,14,36,197
09/07/2001,WDG,OK,ASW,CE,Federal Contract Tower,0,8,7,24,39,0,0,15,24,39,0,8,22,48,78,14,10,24,102
09/08/2001,WDG,OK,ASW,CE,Federal Contract Tower,0,8,2,4,14,0,0,20,1,21,0,8,22,5,35,22,0,22,57
09/09/2001,WDG,OK,ASW,CE,Federal Contract Tower,0,5,1,88,94,0,1,19,8,28,0,6,20,96,122,24,6,30,152
09/10/2001,WDG,OK,ASW,CE,Federal Contract Tower,0,12,5,55,72,0,0,22,55,77,0,12,27,110,149,30,42,72,221
09/11/2001,WDG,OK,ASW,CE,Federal Contract Tower,0,2,1,1,4,0,0,7,1,8,0,2,8,2,12,0,0,0,12
09/12/2001,WDG,OK,ASW,CE,Federal Contract Tower,0,0,0,0,0,0,0,0,0,0,0,0,0,0,0,0,0,0,0
09/13/2001,WDG,OK,ASW,CE,Federal Contract Tower,0,0,3,43,46,0,0,0,43,43,0,0,3,86,89,0,16,16,105
09/14/2001,WDG,OK,ASW,CE,Federal Contract Tower,0,4,4,33,41,0,0,0,33,33,0,4,4,66,74,0,42,42,116
09/15/2001,WDG,OK,ASW,CE,Federal Contract Tower,0,5,4,0,9,0,0,0,0,0,0,5,4,0,9,0,0,0,9
09/16/2001,WDG,OK,ASW,CE,Federal Contract Tower,0,7,2,0,9,0,0,0,0,0,0,7,2,0,9,0,0,0,9
09/17/2001,WDG,OK,ASW,CE,Federal Contract Tower,0,12,13,43,68,0,0,0,43,43,0,12,13,86,111,8,52,60,171
09/18/2001,WDG,OK,ASW,CE,Federal Contract Tower,0,12,18,68,98,0,0,0,68,68,0,12,18,136,166,4,20,24,190
09/19/2001,WDG,OK,ASW,CE,Federal Contract Tower,0,10,25,50,85,0,0,9,50,59,0,10,34,100,144,22,20,42,186
09/20/2001,WDG,OK,ASW,CE,Federal Contract Tower,0,18,9,60,87,0,0,23,6,29,0,18,32,66,116,22,4,26,142
09/21/2001,WDG,OK,ASW,CE,Federal Contract Tower,0,12,8,62,82,0,0,22,2,24,0,12,30,64,106,56,34,90,196
09/22/2001,WDG,OK,ASW,CE,Federal Contract Tower,0,6,16,0,22,0,0,27,0,27,0,6,43,0,49,44,0,44,93
09/23/2001,WDG,OK,ASW,CE,Federal Contract Tower,0,6,14,25,45,0,0,21,27,48,0,6,35,52,93,26,20,46,139
09/24/2001,WDG,OK,ASW,CE,Federal Contract Tower,0,10,12,45,67,0,0,20,45,65,0,10,32,90,132,40,22,62,194
09/25/2001,WDG,OK,ASW,CE,Federal Contract Tower,0,6,10,56,72,0,0,16,56,72,0,6,26,112,144,44,42,86,230
09/26/2001,WDG,OK,ASW,CE,Federal Contract Tower,0,11,10,53,74,0,0,0,55,55,0,11,10,108,129,22,20,42,171
09/27/2001,WDG,OK,ASW,CE,Federal Contract Tower,0,11,13,36,60,0,3,32,38,73,0,14,45,74,133,48,40,88,221
09/28/2001,WDG,OK,ASW,CE,Federal Contract Tower,0,14,14,0,28,0,0,37,0,37,0,14,51,0,65,42,0,42,107
09/29/2001,WDG,OK,ASW,CE,Federal Contract Tower,0,8,10,0,18,0,0,63,0,63,0,8,73,0,81,48,0,48,129
09/30/2001,WDG,OK,ASW,CE,Federal Contract Tower,0,6,3,0,9,0,0,31,0,31,0,6,34,0,40,20,0,20,60
10/01/2001,WDG,OK,ASW,CE,Federal Contract Tower,0,10,8,0,18,0,0,26,0,26,0,10,34,0,44,86,0,86,130
10/02/2001,WDG,OK,ASW,CE,Federal Contract Tower,0,8,5,45,58,0,0,25,45,70,0,8,30,90,128,24,20,44,172
10/03/2001,WDG,OK,ASW,CE,Federal Contract Tower,0,12,7,42,61,0,0,18,46,64,0,12,25,88,125,70,28,98,223
10/04/2001,WDG,OK,ASW,CE,Federal Contract Tower,0,12,7,57,76,0,0,24,73,97,0,12,31,130,173,48,66,114,287
10/05/2001,WDG,OK,ASW,CE,Federal Contract Tower,0,13,11,41,65,0,0,26,39,65,0,13,37,80,130,28,0,28,158
10/06/2001,WDG,OK,ASW,CE,Federal Contract Tower,0,8,8,0,16,0,0,56,0,56,0,8,64,0,72,40,0,40,112
10/07/2001,WDG,OK,ASW,CE,Federal Contract Tower,0,6,5,2,13,0,0,13,0,13,0,6,18,2,26,40,0,40,66
10/08/2001,WDG,OK,ASW,CE,Federal Contract Tower,0,12,4,0,16,0,0,23,0,23,0,12,27,0,39,35,0,35,74
10/09/2001,WDG,OK,ASW,CE,Federal Contract Tower,0,12,2,30,44,0,0,5,26,31,0,12,7,56,75,0,16,16,91
10/10/2001,WDG,OK,ASW,CE,Federal Contract Tower,0,7,11,39,57,0,1,12,51,64,0,8,23,90,121,40,52,92,213
10/11/2001,WDG,OK,ASW,CE,Federal Contract Tower,0,12,7,73,92,0,0,22,83,105,0,12,29,156,197,52,64,116,313
10/12/2001,WDG,OK,ASW,CE,Federal Contract Tower,0,10,10,28,48,0,0,10,28,38,0,10,20,56,86,60,40,100,186
10/13/2001,WDG,OK,ASW,CE,Federal Contract Tower,0,8,12,4,24,0,0,22,0,22,0,8,34,4,46,110,0,110,156
10/14/2001,WDG,OK,ASW,CE,Federal Contract Tower,0,6,9,14,29,0,0,17,14,31,0,6,26,28,60,30,0,30,90
10/15/2001,WDG,OK,ASW,CE,Federal Contract Tower,0,10,4,28,42,0,0,6,28,34,0,10,10,56,76,0,0,0,76
10/16/2001,WDG,OK,ASW,CE,Federal Contract Tower,0,12,2,54,68,0,0,33,60,93,0,12,35,114,161,42,18,60,221
10/17/2001,WDG,OK,ASW,CE,Federal Contract Tower,0,12,12,74,98,0,0,26,78,104,0,12,38,152,202,12,22,34,236
10/18/2001,WDG,OK,ASW,CE,Federal Contract Tower,0,8,9,58,75,0,0,21,58,79,0,8,30,116,154,30,20,50,204
10/19/2001,WDG,OK,ASW,CE,Federal Contract Tower,0,10,16,37,63,0,0,24,37,61,0,10,40,74,124,35,30,65,189
10/20/2001,WDG,OK,ASW,CE,Federal Contract Tower,0,6,9,0,15,0,0,41,0,41,0,6,50,0,56,42,0,42,98
10/21/2001,WDG,OK,ASW,CE,Federal Contract Tower,0,6,8,31,45,0,0,27,31,58,0,6,35,62,103,10,0,10,113
10/22/2001,WDG,OK,ASW,CE,Federal Contract Tower,0,12,10,74,96,0,0,43,80,123,0,12,53,154,219,64,32,96,315
10/23/2001,WDG,OK,ASW,CE,Federal Contract Tower,0,13,6,88,107,0,0,49,98,147,0,13,55,186,254,66,44,110,364
10/24/2001,WDG,OK,ASW,CE,Federal Contract Tower,0,9,6,74,89,0,1,19,80,100,0,10,25,154,189,34,12,46,235
10/25/2001,WDG,OK,ASW,CE,Federal Contract Tower,0,10,5,75,90,0,0,25,75,100,0,10,30,150,190,40,42,82,272
10/26/2001,WDG,OK,ASW,CE,Federal Contract Tower,0,10,14,37,61,0,0,22,37,59,0,10,36,74,120,90,72,162,282
10/27/2001,WDG,OK,ASW,CE,Federal Contract Tower,0,6,5,0,11,0,0,19,0,19,0,6,24,0,30,48,0,48,78
10/28/2001,WDG,OK,ASW,CE,Federal Contract Tower,0,6,6,12,24,0,0,16,16,32,0,6,22,28,56,0,8,8,64
10/29/2001,WDG,OK,ASW,CE,Federal Contract Tower,0,10,1,70,81,0,0,28,76,104,0,10,29,146,185,66,98,164,349
10/30/2001,WDG,OK,ASW,CE,Federal Contract Tower,0,8,10,64,82,0,0,30,64,94,0,8,40,128,176,30,80,110,286
10/31/2001,WDG,OK,ASW,CE,Federal Contract Tower,0,10,8,53,71,0,0,12,53,65,0,10,20,106,136,0,14,14,150
11/01/2001,WDG,OK,ASW,CE,Federal Contract Tower,0,10,14,47,71,0,0,30,49,79,0,10,44,96,150,34,10,44,194
11/02/2001,WDG,OK,ASW,CE,Federal Contract Tower,0,8,9,36,53,0,0,27,38,65,0,8,36,74,118,78,16,94,212
11/03/2001,WDG,OK,ASW,CE,Federal Contract Tower,0,5,6,0,11,0,0,12,0,12,0,5,18,0,23,28,0,28,51
11/04/2001,WDG,OK,ASW,CE,Federal Contract Tower,0,6,9,2,17,0,0,22,4,26,0,6,31,6,43,24,12,36,79
11/05/2001,WDG,OK,ASW,CE,Federal Contract Tower,0,8,16,49,73,0,0,10,51,61,0,8,26,100,134,20,20,40,174
11/06/2001,WDG,OK,ASW,CE,Federal Contract Tower,0,10,13,41,64,0,0,27,43,70,0,10,40,84,134,30,30,60,194
11/07/2001,WDG,OK,ASW,CE,Federal Contract Tower,0,8,10,27,45,0,0,16,29,45,0,8,26,56,90,40,32,72,162
11/08/2001,WDG,OK,ASW,CE,Federal Contract Tower,0,8,8,53,69,0,0,23,55,78,0,8,31,108,147,28,20,48,195
11/09/2001,WDG,OK,ASW,CE,Federal Contract Tower,0,13,8,28,49,0,0,43,38,81,0,13,51,66,130,58,16,74,204
11/10/2001,WDG,OK,ASW,CE,Federal Contract Tower,0,8,1,2,11,0,0,82,0,82,0,8,83,2,93,44,0,44,137
11/11/2001,WDG,OK,ASW,CE,Federal Contract Tower,0,6,8,2,16,0,0,17,0,17,0,6,25,2,33,12,0,12,45
11/12/2001,WDG,OK,ASW,CE,Federal Contract Tower,0,10,8,0,18,0,0,7,0,7,0,10,15,0,25,20,0,20,45
11/13/2001,WDG,OK,ASW,CE,Federal Contract Tower,0,10,14,47,71,0,0,2,47,49,0,10,16,94,120,38,0,38,158
11/14/2001,WDG,OK,ASW,CE,Federal Contract Tower,0,6,6,49,61,0,0,23,49,72,0,6,29,98,133,82,6,88,221
11/15/2001,WDG,OK,ASW,CE,Federal Contract Tower,0,8,8,46,62,0,0,23,48,71,0,8,31,94,133,74,26,100,233
11/16/2001,WDG,OK,ASW,CE,Federal Contract Tower,0,12,12,28,52,0,0,34,30,64,0,12,46,58,116,106,38,144,260
11/17/2001,WDG,OK,ASW,CE,Federal Contract Tower,0,8,11,0,19,0,0,14,0,14,0,8,25,0,33,20,0,20,53
11/18/2001,WDG,OK,ASW,CE,Federal Contract Tower,0,6,2,4,12,0,0,2,4,6,0,6,4,8,18,0,0,0,18
11/19/2001,WDG,OK,ASW,CE,Federal Contract Tower,0,8,6,63,77,0,0,28,63,91,0,8,34,126,168,70,32,102,270
11/20/2001,WDG,OK,ASW,CE,Federal Contract Tower,0,10,7,47,64,0,0,25,47,72,0,10,32,94,136,90,40,130,266
11/21/2001,WDG,OK,ASW,CE,Federal Contract Tower,0,12,6,26,44,0,0,41,32,73,0,12,47,58,117,62,10,72,189
11/22/2001,WDG,OK,ASW,CE,Federal Contract Tower,0,8,0,0,8,0,0,26,0,26,0,8,26,0,34,36,0,36,70
11/23/2001,WDG,OK,ASW,CE,Federal Contract Tower,0,3,2,0,5,0,5,18,0,23,0,8,20,0,28,44,0,44,72
11/24/2001,WDG,OK,ASW,CE,Federal Contract Tower,0,6,2,0,8,0,0,10,0,10,0,6,12,0,18,12,0,12,30
11/25/2001,WDG,OK,ASW,CE,Federal Contract Tower,0,6,5,0,11,0,0,13,0,13,0,6,18,0,24,38,0,38,62
11/26/2001,WDG,OK,ASW,CE,Federal Contract Tower,0,10,6,11,27,0,0,23,11,34,0,10,29,22,61,42,0,42,103
11/27/2001,WDG,OK,ASW,CE,Federal Contract Tower,0,11,5,77,93,0,0,23,81,104,0,11,28,158,197,110,62,172,369
11/28/2001,WDG,OK,ASW,CE,Federal Contract Tower,0,11,13,32,56,0,0,12,32,44,0,11,25,64,100,34,2,36,136
11/29/2001,WDG,OK,ASW,CE,Federal Contract Tower,0,10,10,29,49,0,0,20,29,49,0,10,30,58,98,96,10,106,204
11/30/2001,WDG,OK,ASW,CE,Federal Contract Tower,0,8,12,0,20,0,0,24,0,24,0,8,36,0,44,90,0,90,134
12/01/2001,WDG,OK,ASW,CE,Federal Contract Tower,0,5,5,0,10,0,1,28,0,29,0,6,33,0,39,40,0,40,79
12/02/2001,WDG,OK,ASW,CE,Federal Contract Tower,0,5,9,10,24,0,1,25,10,36,0,6,34,20,60,54,4,58,118
12/03/2001,WDG,OK,ASW,CE,Federal Contract Tower,0,11,7,28,46,0,0,11,30,41,0,11,18,58,87,50,6,56,143
12/04/2001,WDG,OK,ASW,CE,Federal Contract Tower,0,11,4,61,76,0,0,13,53,66,0,11,17,114,142,14,12,26,168
12/05/2001,WDG,OK,ASW,CE,Federal Contract Tower,0,10,12,15,37,0,0,18,15,33,0,10,30,30,70,60,20,80,150
12/06/2001,WDG,OK,ASW,CE,Federal Contract Tower,0,8,12,40,60,0,0,28,40,68,0,8,40,80,128,80,10,90,218
12/07/2001,WDG,OK,ASW,CE,Federal Contract Tower,0,8,4,54,66,0,2,29,54,85,0,10,33,108,151,48,52,100,251
12/08/2001,WDG,OK,ASW,CE,Federal Contract Tower,0,4,6,3,13,0,2,36,3,41,0,6,42,6,54,112,0,112,166
12/09/2001,WDG,OK,ASW,CE,Federal Contract Tower,0,6,4,3,13,0,0,36,3,39,0,6,40,6,52,58,0,58,110
12/10/2001,WDG,OK,ASW,CE,Federal Contract Tower,0,10,12,45,67,0,1,27,47,75,0,11,39,92,142,98,12,110,252
12/11/2001,WDG,OK,ASW,CE,Federal Contract Tower,0,10,2,60,72,0,0,23,60,83,0,10,25,120,155,120,14,134,289
12/12/2001,WDG,OK,ASW,CE,Federal Contract Tower,0,4,11,0,15,0,0,5,0,5,0,4,16,0,20,0,0,0,20
12/13/2001,WDG,OK,ASW,CE,Federal Contract Tower,0,8,8,0,16,0,0,6,0,6,0,8,14,0,22,0,0,0,22
12/14/2001,WDG,OK,ASW,CE,Federal Contract Tower,0,8,12,37,57,0,2,17,37,56,0,10,29,74,113,54,6,60,173
12/15/2001,WDG,OK,ASW,CE,Federal Contract Tower,0,6,14,2,22,0,0,18,0,18,0,6,32,2,40,88,0,88,128
12/16/2001,WDG,OK,ASW,CE,Federal Contract Tower,0,6,0,9,15,0,0,0,9,9,0,6,0,18,24,0,0,0,24
12/17/2001,WDG,OK,ASW,CE,Federal Contract Tower,0,10,1,53,64,0,0,29,53,82,0,10,30,106,146,148,20,168,314
12/18/2001,WDG,OK,ASW,CE,Federal Contract Tower,0,10,8,50,68,0,0,17,50,67,0,10,25,100,135,126,40,166,301
12/19/2001,WDG,OK,ASW,CE,Federal Contract Tower,0,8,7,44,59,0,2,28,44,74,0,10,35,88,133,140,4,144,277
12/20/2001,WDG,OK,ASW,CE,Federal Contract Tower,0,8,12,39,59,0,2,52,39,93,0,10,64,78,152,92,4,96,248
12/21/2001,WDG,OK,ASW,CE,Federal Contract Tower,0,12,12,27,51,0,0,42,25,67,0,12,54,52,118,112,6,118,236
12/22/2001,WDG,OK,ASW,CE,Federal Contract Tower,0,8,2,0,10,0,0,60,0,60,0,8,62,0,70,14,0,14,84
12/23/2001,WDG,OK,ASW,CE,Federal Contract Tower,0,6,5,0,11,0,0,17,0,17,0,6,22,0,28,20,0,20,48
12/24/2001,WDG,OK,ASW,CE,Federal Contract Tower,0,10,2,0,12,0,0,13,0,13,0,10,15,0,25,20,0,20,45
12/25/2001,WDG,OK,ASW,CE,Federal Contract Tower,0,6,1,0,7,0,2,25,0,27,0,8,26,0,34,0,0,0,34
12/26/2001,WDG,OK,ASW,CE,Federal Contract Tower,0,8,7,0,15,0,2,41,0,43,0,10,48,0,58,68,0,68,126
12/27/2001,WDG,OK,ASW,CE,Federal Contract Tower,0,11,12,0,23,0,1,50,0,51,0,12,62,0,74,74,0,74,148
12/28/2001,WDG,OK,ASW,CE,Federal Contract Tower,0,11,16,14,41,0,1,38,14,53,0,12,54,28,94,56,0,56,150
12/29/2001,WDG,OK,ASW,CE,Federal Contract Tower,0,6,7,0,13,0,0,33,0,33,0,6,40,0,46,80,0,80,126
12/30/2001,WDG,OK,ASW,CE,Federal Contract Tower,0,6,1,0,7,0,0,0,0,0,0,6,1,0,7,0,0,0,7
12/31/2001,WDG,OK,ASW,CE,Federal Contract Tower,0,9,5,0,14,0,1,20,0,21,0,10,25,0,35,32,0,32,67
01/01/2002,WDG,OK,ASW,CE,Federal Contract Tower,0,8,0,0,8,0,0,5,0,5,0,8,5,0,13,0,0,0,13
01/02/2002,WDG,OK,ASW,CE,Federal Contract Tower,0,12,8,23,43,0,0,28,27,55,0,12,36,50,98,38,8,46,144
01/03/2002,WDG,OK,ASW,CE,Federal Contract Tower,0,12,5,20,37,0,0,36,24,60,0,12,41,44,97,54,12,66,163
01/04/2002,WDG,OK,ASW,CE,Federal Contract Tower,0,10,5,9,24,0,0,15,9,24,0,10,20,18,48,4,6,10,58
01/05/2002,WDG,OK,ASW,CE,Federal Contract Tower,0,6,2,0,8,0,0,0,0,0,0,6,2,0,8,0,0,0,8
01/06/2002,WDG,OK,ASW,CE,Federal Contract Tower,0,4,3,1,8,0,2,30,1,33,0,6,33,2,41,46,24,70,111
01/07/2002,WDG,OK,ASW,CE,Federal Contract Tower,0,9,9,18,36,0,1,39,18,58,0,10,48,36,94,28,0,28,122
01/08/2002,WDG,OK,ASW,CE,Federal Contract Tower,0,12,11,18,41,0,0,30,20,50,0,12,41,38,91,82,8,90,181
01/09/2002,WDG,OK,ASW,CE,Federal Contract Tower,0,12,12,13,37,0,0,42,17,59,0,12,54,30,96,102,40,142,238
01/10/2002,WDG,OK,ASW,CE,Federal Contract Tower,0,10,9,35,54,0,0,25,35,60,0,10,34,70,114,100,40,140,254
01/11/2002,WDG,OK,ASW,CE,Federal Contract Tower,0,10,7,17,34,0,0,28,17,45,0,10,35,34,79,40,50,90,169
01/12/2002,WDG,OK,ASW,CE,Federal Contract Tower,0,2,6,0,8,0,2,45,0,47,0,4,51,0,55,78,0,78,133
01/13/2002,WDG,OK,ASW,CE,Federal Contract Tower,0,5,0,1,6,0,1,22,1,24,0,6,22,2,30,18,0,18,48
01/14/2002,WDG,OK,ASW,CE,Federal Contract Tower,0,10,4,24,38,0,0,30,24,54,0,10,34,48,92,92,52,144,236
01/15/2002,WDG,OK,ASW,CE,Federal Contract Tower,0,12,10,12,34,0,0,42,14,56,0,12,52,26,90,62,16,78,168
01/16/2002,WDG,OK,ASW,CE,Federal Contract Tower,0,10,2,21,33,0,0,14,21,35,0,10,16,42,68,10,20,30,98
01/17/2002,WDG,OK,ASW,CE,Federal Contract Tower,0,8,3,24,35,0,0,23,24,47,0,8,26,48,82,60,60,120,202
01/18/2002,WDG,OK,ASW,CE,Federal Contract Tower,0,4,2,5,11,0,0,1,5,6,0,4,3,10,17,0,0,0,17
01/19/2002,WDG,OK,ASW,CE,Federal Contract Tower,0,6,5,0,11,0,0,26,0,26,0,6,31,0,37,18,0,18,55
01/20/2002,WDG,OK,ASW,CE,Federal Contract Tower,0,6,5,0,11,0,0,6,0,6,0,6,11,0,17,12,0,12,29
01/21/2002,WDG,OK,ASW,CE,Federal Contract Tower,0,14,3,0,17,0,0,43,0,43,0,14,46,0,60,86,0,86,146
01/22/2002,WDG,OK,ASW,CE,Federal Contract Tower,0,8,6,13,27,0,0,14,13,27,0,8,20,26,54,2,8,10,64
01/23/2002,WDG,OK,ASW,CE,Federal Contract Tower,0,10,3,17,30,0,0,19,17,36,0,10,22,34,66,120,20,140,206
01/24/2002,WDG,OK,ASW,CE,Federal Contract Tower,0,8,5,10,23,0,2,32,0,34,0,10,37,10,57,56,10,66,123
01/25/2002,WDG,OK,ASW,CE,Federal Contract Tower,0,5,8,8,21,0,3,31,18,52,0,8,39,26,73,42,12,54,127
01/26/2002,WDG,OK,ASW,CE,Federal Contract Tower,0,7,3,4,14,0,1,55,4,60,0,8,58,8,74,12,0,12,86
01/27/2002,WDG,OK,ASW,CE,Federal Contract Tower,0,6,2,4,12,0,0,21,4,25,0,6,23,8,37,0,12,12,49
01/28/2002,WDG,OK,ASW,CE,Federal Contract Tower,0,10,6,14,30,0,0,20,16,36,0,10,26,30,66,80,10,90,156
01/29/2002,WDG,OK,ASW,CE,Federal Contract Tower,0,10,3,5,18,0,0,5,5,10,0,10,8,10,28,0,0,0,28
01/30/2002,WDG,OK,ASW,CE,Federal Contract Tower,0,0,0,0,0,0,0,0,0,0,0,0,0,0,0,0,0,0,0
01/31/2002,WDG,OK,ASW,CE,Federal Contract Tower,0,0,0,0,0,0,0,0,0,0,0,0,0,0,0,0,0,0,0
02/01/2002,WDG,OK,ASW,CE,Federal Contract Tower,0,2,0,0,2,0,0,16,0,16,0,2,16,0,18,0,0,0,18
02/02/2002,WDG,OK,ASW,CE,Federal Contract Tower,0,0,0,0,0,0,8,17,0,25,0,8,17,0,25,0,0,0,25
02/03/2002,WDG,OK,ASW,CE,Federal Contract Tower,0,3,0,0,3,0,1,8,0,9,0,4,8,0,12,2,0,2,14
02/04/2002,WDG,OK,ASW,CE,Federal Contract Tower,0,10,2,7,19,0,0,18,9,27,0,10,20,16,46,80,20,100,146
02/05/2002,WDG,OK,ASW,CE,Federal Contract Tower,0,0,1,0,1,0,2,1,0,3,0,2,2,0,4,0,0,0,4
02/06/2002,WDG,OK,ASW,CE,Federal Contract Tower,0,10,5,0,15,0,0,6,0,6,0,10,11,0,21,0,0,0,21
02/07/2002,WDG,OK,ASW,CE,Federal Contract Tower,0,10,7,11,28,0,0,18,21,39,0,10,25,32,67,48,16,64,131
02/08/2002,WDG,OK,ASW,CE,Federal Contract Tower,0,12,2,6,20,0,0,31,6,37,0,12,33,12,57,16,2,18,75
02/09/2002,WDG,OK,ASW,CE,Federal Contract Tower,0,6,3,0,9,0,0,27,0,27,0,6,30,0,36,40,0,40,76
02/10/2002,WDG,OK,ASW,CE,Federal Contract Tower,0,4,0,10,14,0,0,10,10,20,0,4,10,20,34,10,0,10,44
02/11/2002,WDG,OK,ASW,CE,Federal Contract Tower,0,12,1,30,43,0,0,35,0,35,0,12,36,30,78,25,10,35,113
02/12/2002,WDG,OK,ASW,CE,Federal Contract Tower,0,12,8,12,32,0,0,38,0,38,0,12,46,12,70,30,14,44,114
02/13/2002,WDG,OK,ASW,CE,Federal Contract Tower,0,12,19,14,45,0,0,57,18,75,0,12,76,32,120,104,16,120,240
02/14/2002,WDG,OK,ASW,CE,Federal Contract Tower,0,13,6,7,26,0,0,26,11,37,0,13,32,18,63,0,0,0,63
02/15/2002,WDG,OK,ASW,CE,Federal Contract Tower,0,10,5,8,23,0,0,15,8,23,0,10,20,16,46,40,4,44,90
02/16/2002,WDG,OK,ASW,CE,Federal Contract Tower,0,6,3,0,9,0,0,37,0,37,0,6,40,0,46,60,0,60,106
02/17/2002,WDG,OK,ASW,CE,Federal Contract Tower,0,5,3,0,8,0,1,42,0,43,0,6,45,0,51,18,0,18,69
02/18/2002,WDG,OK,ASW,CE,Federal Contract Tower,0,12,6,0,18,0,0,33,0,33,0,12,39,0,51,20,0,20,71
02/19/2002,WDG,OK,ASW,CE,Federal Contract Tower,0,11,5,10,26,0,1,15,10,26,0,12,20,20,52,8,0,8,60
02/20/2002,WDG,OK,ASW,CE,Federal Contract Tower,0,8,8,31,47,0,4,37,35,76,0,12,45,66,123,46,4,50,173
02/21/2002,WDG,OK,ASW,CE,Federal Contract Tower,0,10,6,30,46,0,0,24,30,54,0,10,30,60,100,30,10,40,140
02/22/2002,WDG,OK,ASW,CE,Federal Contract Tower,0,10,4,20,34,0,0,26,20,46,0,10,30,40,80,20,30,50,130
02/23/2002,WDG,OK,ASW,CE,Federal Contract Tower,0,7,1,0,8,0,1,33,0,34,0,8,34,0,42,88,0,88,130
02/24/2002,WDG,OK,ASW,CE,Federal Contract Tower,0,6,3,10,19,0,0,6,0,6,0,6,9,10,25,0,0,0,25
02/25/2002,WDG,OK,ASW,CE,Federal Contract Tower,0,10,9,28,47,0,0,9,28,37,0,10,18,56,84,22,12,34,118
02/26/2002,WDG,OK,ASW,CE,Federal Contract Tower,0,11,6,6,23,0,1,22,6,29,0,12,28,12,52,0,30,30,82
02/27/2002,WDG,OK,ASW,CE,Federal Contract Tower,0,10,5,27,42,0,0,19,27,46,0,10,24,54,88,40,50,90,178
02/28/2002,WDG,OK,ASW,CE,Federal Contract Tower,0,10,8,27,45,0,0,17,27,44,0,10,25,54,89,40,20,60,149
03/01/2002,WDG,OK,ASW,CE,Federal Contract Tower,0,10,6,17,33,0,0,2,17,19,0,10,8,34,52,0,76,76,128
03/02/2002,WDG,OK,ASW,CE,Federal Contract Tower,0,6,1,0,7,0,0,2,0,2,0,6,3,0,9,0,0,0,9
03/03/2002,WDG,OK,ASW,CE,Federal Contract Tower,0,6,1,0,7,0,0,18,0,18,0,6,19,0,25,0,0,0,25
03/04/2002,WDG,OK,ASW,CE,Federal Contract Tower,0,13,1,10,24,0,0,32,10,42,0,13,33,20,66,26,20,46,112
03/05/2002,WDG,OK,ASW,CE,Federal Contract Tower,0,10,9,27,46,0,0,23,27,50,0,10,32,54,96,20,10,30,126
03/06/2002,WDG,OK,ASW,CE,Federal Contract Tower,0,10,4,22,36,0,0,16,22,38,0,10,20,44,74,4,10,14,88
03/07/2002,WDG,OK,ASW,CE,Federal Contract Tower,0,8,6,19,33,0,0,14,19,33,0,8,20,38,66,6,2,8,74
03/08/2002,WDG,OK,ASW,CE,Federal Contract Tower,0,8,5,6,19,0,0,11,6,17,0,8,16,12,36,0,0,0,36
03/09/2002,WDG,OK,ASW,CE,Federal Contract Tower,0,5,3,0,8,0,1,34,0,35,0,6,37,0,43,44,0,44,87
03/10/2002,WDG,OK,ASW,CE,Federal Contract Tower,0,6,0,7,13,0,0,32,7,39,0,6,32,14,52,18,10,28,80
03/11/2002,WDG,OK,ASW,CE,Federal Contract Tower,0,10,6,12,28,0,0,16,12,28,0,10,22,24,56,40,0,40,96
03/12/2002,WDG,OK,ASW,CE,Federal Contract Tower,0,10,12,25,47,0,0,12,25,37,0,10,24,50,84,30,10,40,124
03/13/2002,WDG,OK,ASW,CE,Federal Contract Tower,0,12,6,25,43,0,0,34,25,59,0,12,40,50,102,48,30,78,180
03/14/2002,WDG,OK,ASW,CE,Federal Contract Tower,0,10,15,41,66,0,0,25,51,76,0,10,40,92,142,54,14,68,210
03/15/2002,WDG,OK,ASW,CE,Federal Contract Tower,0,12,9,19,40,0,0,37,18,55,0,12,46,37,95,102,22,124,219
03/16/2002,WDG,OK,ASW,CE,Federal Contract Tower,0,8,14,0,22,0,0,39,0,39,0,8,53,0,61,52,0,52,113
03/17/2002,WDG,OK,ASW,CE,Federal Contract Tower,0,6,3,12,21,0,0,17,12,29,0,6,20,24,50,20,20,40,90
03/18/2002,WDG,OK,ASW,CE,Federal Contract Tower,0,8,15,18,41,0,0,0,18,18,0,8,15,36,59,16,4,20,79
03/19/2002,WDG,OK,ASW,CE,Federal Contract Tower,0,10,11,0,21,0,0,6,0,6,0,10,17,0,27,0,0,0,27
03/20/2002,WDG,OK,ASW,CE,Federal Contract Tower,0,9,6,70,85,0,0,39,74,113,0,9,45,144,198,46,38,84,282
03/21/2002,WDG,OK,ASW,CE,Federal Contract Tower,0,10,5,46,61,0,0,9,46,55,0,10,14,92,116,4,54,58,174
03/22/2002,WDG,OK,ASW,CE,Federal Contract Tower,0,12,5,40,57,0,0,32,44,76,0,12,37,84,133,34,64,98,231
03/23/2002,WDG,OK,ASW,CE,Federal Contract Tower,0,6,6,0,12,0,0,14,0,14,0,6,20,0,26,14,0,14,40
03/24/2002,WDG,OK,ASW,CE,Federal Contract Tower,0,6,4,0,10,0,0,16,0,16,0,6,20,0,26,14,10,24,50
03/25/2002,WDG,OK,ASW,CE,Federal Contract Tower,0,12,3,0,15,0,0,0,0,0,0,12,3,0,15,0,0,0,15
03/26/2002,WDG,OK,ASW,CE,Federal Contract Tower,0,10,8,72,90,0,0,36,72,108,0,10,44,144,198,48,8,56,254
03/27/2002,WDG,OK,ASW,CE,Federal Contract Tower,0,12,8,63,83,0,0,38,69,107,0,12,46,132,190,60,68,128,318
03/28/2002,WDG,OK,ASW,CE,Federal Contract Tower,0,12,6,46,64,0,0,35,58,93,0,12,41,104,157,24,48,72,229
03/29/2002,WDG,OK,ASW,CE,Federal Contract Tower,0,10,14,0,24,0,0,16,0,16,0,10,30,0,40,50,0,50,90
03/30/2002,WDG,OK,ASW,CE,Federal Contract Tower,0,8,5,0,13,0,0,20,0,20,0,8,25,0,33,50,0,50,83
03/31/2002,WDG,OK,ASW,CE,Federal Contract Tower,0,6,0,0,6,0,0,20,0,20,0,6,20,0,26,8,0,8,34
04/01/2002,WDG,OK,ASW,CE,Federal Contract Tower,0,12,5,29,46,0,0,18,29,47,0,12,23,58,93,22,30,52,145
04/02/2002,WDG,OK,ASW,CE,Federal Contract Tower,0,10,2,32,44,0,0,9,32,41,0,10,11,64,85,0,18,18,103
04/03/2002,WDG,OK,ASW,CE,Federal Contract Tower,0,11,9,75,95,0,1,47,81,129,0,12,56,156,224,38,56,94,318
04/04/2002,WDG,OK,ASW,CE,Federal Contract Tower,0,10,4,45,59,0,0,26,45,71,0,10,30,90,130,50,30,80,210
04/05/2002,WDG,OK,ASW,CE,Federal Contract Tower,0,10,5,25,40,0,0,17,25,42,0,10,22,50,82,10,4,14,96
04/06/2002,WDG,OK,ASW,CE,Federal Contract Tower,0,8,2,0,10,0,0,26,0,26,0,8,28,0,36,34,0,34,70
04/07/2002,WDG,OK,ASW,CE,Federal Contract Tower,0,4,2,0,6,0,0,0,0,0,0,4,2,0,6,0,0,0,6
04/08/2002,WDG,OK,ASW,CE,Federal Contract Tower,0,8,5,8,21,0,0,2,6,8,0,8,7,14,29,0,0,0,29
04/09/2002,WDG,OK,ASW,CE,Federal Contract Tower,0,12,10,28,50,0,0,47,32,79,0,12,57,60,129,70,18,88,217
04/10/2002,WDG,OK,ASW,CE,Federal Contract Tower,0,8,10,40,58,0,0,20,40,60,0,8,30,80,118,20,20,40,158
04/11/2002,WDG,OK,ASW,CE,Federal Contract Tower,0,8,11,57,76,0,0,19,57,76,0,8,30,114,152,42,100,142,294
04/12/2002,WDG,OK,ASW,CE,Federal Contract Tower,0,10,14,1,25,0,0,36,1,37,0,10,50,2,62,76,0,76,138
04/13/2002,WDG,OK,ASW,CE,Federal Contract Tower,0,2,1,0,3,0,0,10,0,10,0,2,11,0,13,2,0,2,15
04/14/2002,WDG,OK,ASW,CE,Federal Contract Tower,0,6,9,4,19,0,0,25,22,47,0,6,34,26,66,48,16,64,130
04/15/2002,WDG,OK,ASW,CE,Federal Contract Tower,0,12,7,29,48,0,0,21,33,54,0,12,28,62,102,34,44,78,180
04/16/2002,WDG,OK,ASW,CE,Federal Contract Tower,0,8,6,40,54,0,0,16,40,56,0,8,22,80,110,20,20,40,150
04/17/2002,WDG,OK,ASW,CE,Federal Contract Tower,0,8,15,20,43,0,0,19,20,39,0,8,34,40,82,130,10,140,222
04/18/2002,WDG,OK,ASW,CE,Federal Contract Tower,0,10,8,39,57,0,0,22,33,55,0,10,30,72,112,54,70,124,236
04/19/2002,WDG,OK,ASW,CE,Federal Contract Tower,0,8,6,30,44,0,0,25,32,57,0,8,31,62,101,104,2,106,207
04/20/2002,WDG,OK,ASW,CE,Federal Contract Tower,0,8,5,0,13,0,0,0,0,0,0,8,5,0,13,0,0,0,13
04/21/2002,WDG,OK,ASW,CE,Federal Contract Tower,0,8,4,5,17,0,0,51,7,58,0,8,55,12,75,72,14,86,161
04/22/2002,WDG,OK,ASW,CE,Federal Contract Tower,0,10,13,38,61,0,0,31,38,69,0,10,44,76,130,120,32,152,282
04/23/2002,WDG,OK,ASW,CE,Federal Contract Tower,0,8,10,27,45,0,0,14,27,41,0,8,24,54,86,60,0,60,146
04/24/2002,WDG,OK,ASW,CE,Federal Contract Tower,0,8,7,42,57,0,0,20,42,62,0,8,27,84,119,20,0,20,139
04/25/2002,WDG,OK,ASW,CE,Federal Contract Tower,0,8,15,15,38,0,0,32,19,51,0,8,47,34,89,86,16,102,191
04/26/2002,WDG,OK,ASW,CE,Federal Contract Tower,0,12,6,0,18,0,0,0,0,0,0,12,6,0,18,2,0,2,20
04/27/2002,WDG,OK,ASW,CE,Federal Contract Tower,0,8,8,2,18,0,0,16,0,16,0,8,24,2,34,6,0,6,40
04/28/2002,WDG,OK,ASW,CE,Federal Contract Tower,0,6,1,0,7,0,0,29,0,29,0,6,30,0,36,94,0,94,130
04/29/2002,WDG,OK,ASW,CE,Federal Contract Tower,0,10,10,35,55,0,0,25,35,60,0,10,35,70,115,80,20,100,215
04/30/2002,WDG,OK,ASW,CE,Federal Contract Tower,0,12,10,32,54,0,0,10,32,42,0,12,20,64,96,0,0,0,96
05/01/2002,WDG,OK,ASW,CE,Federal Contract Tower,0,11,5,40,56,0,1,31,38,70,0,12,36,78,126,116,32,148,274
05/02/2002,WDG,OK,ASW,CE,Federal Contract Tower,0,9,14,48,71,0,1,33,50,84,0,10,47,98,155,162,34,196,351
05/03/2002,WDG,OK,ASW,CE,Federal Contract Tower,0,9,14,25,48,0,1,26,27,54,0,10,40,52,102,104,12,116,218
05/04/2002,WDG,OK,ASW,CE,Federal Contract Tower,0,10,2,0,12,0,0,8,0,8,0,10,10,0,20,30,0,30,50
05/05/2002,WDG,OK,ASW,CE,Federal Contract Tower,0,6,5,11,22,0,0,5,9,14,0,6,10,20,36,4,10,14,50
05/06/2002,WDG,OK,ASW,CE,Federal Contract Tower,0,8,8,39,55,0,0,27,37,64,0,8,35,76,119,16,30,46,165
05/07/2002,WDG,OK,ASW,CE,Federal Contract Tower,0,10,7,13,30,0,0,9,11,20,0,10,16,24,50,14,2,16,66
05/08/2002,WDG,OK,ASW,CE,Federal Contract Tower,0,12,3,39,54,0,0,25,41,66,0,12,28,80,120,4,60,64,184
05/09/2002,WDG,OK,ASW,CE,Federal Contract Tower,0,10,6,37,53,0,0,46,39,85,0,10,52,76,138,68,26,94,232
05/10/2002,WDG,OK,ASW,CE,Federal Contract Tower,0,4,10,14,28,0,0,10,12,22,0,4,20,26,50,12,8,20,70
05/11/2002,WDG,OK,ASW,CE,Federal Contract Tower,0,7,2,0,9,0,0,2,0,2,0,7,4,0,11,0,0,0,11
05/12/2002,WDG,OK,ASW,CE,Federal Contract Tower,0,6,7,0,13,0,0,1,0,1,0,6,8,0,14,0,0,0,14
05/13/2002,WDG,OK,ASW,CE,Federal Contract Tower,0,12,11,48,71,0,0,40,48,88,0,12,51,96,159,92,44,136,295
05/14/2002,WDG,OK,ASW,CE,Federal Contract Tower,0,12,7,38,57,0,0,51,34,85,0,12,58,72,142,76,24,100,242
05/15/2002,WDG,OK,ASW,CE,Federal Contract Tower,0,11,4,40,55,0,1,28,44,73,0,12,32,84,128,34,18,52,180
05/16/2002,WDG,OK,ASW,CE,Federal Contract Tower,0,10,11,35,56,0,0,21,57,78,0,10,32,92,134,130,10,140,274
05/17/2002,WDG,OK,ASW,CE,Federal Contract Tower,0,10,15,26,51,0,0,17,26,43,0,10,32,52,94,10,10,20,114
05/18/2002,WDG,OK,ASW,CE,Federal Contract Tower,0,8,6,0,14,0,0,50,0,50,0,8,56,0,64,58,0,58,122
05/19/2002,WDG,OK,ASW,CE,Federal Contract Tower,0,6,4,7,17,0,0,14,7,21,0,6,18,14,38,0,0,0,38
05/20/2002,WDG,OK,ASW,CE,Federal Contract Tower,0,12,12,53,77,0,0,25,59,84,0,12,37,112,161,72,24,96,257
05/21/2002,WDG,OK,ASW,CE,Federal Contract Tower,0,10,9,40,59,0,0,50,44,94,0,10,59,84,153,94,38,132,285
05/22/2002,WDG,OK,ASW,CE,Federal Contract Tower,0,7,17,30,54,0,0,23,30,53,0,7,40,60,107,0,40,40,147
05/23/2002,WDG,OK,ASW,CE,Federal Contract Tower,0,7,8,17,32,0,0,16,17,33,0,7,24,34,65,0,0,0,65
05/24/2002,WDG,OK,ASW,CE,Federal Contract Tower,0,11,11,26,48,0,0,16,26,42,0,11,27,52,90,36,0,36,126
05/25/2002,WDG,OK,ASW,CE,Federal Contract Tower,0,5,3,0,8,0,1,36,0,37,0,6,39,0,45,18,0,18,63
05/26/2002,WDG,OK,ASW,CE,Federal Contract Tower,0,6,0,0,6,0,0,24,0,24,0,6,24,0,30,12,0,12,42
05/27/2002,WDG,OK,ASW,CE,Federal Contract Tower,0,8,3,0,11,0,0,22,0,22,0,8,25,0,33,16,0,16,49
05/28/2002,WDG,OK,ASW,CE,Federal Contract Tower,0,12,6,25,43,0,0,8,25,33,0,12,14,50,76,2,0,2,78
05/29/2002,WDG,OK,ASW,CE,Federal Contract Tower,0,6,9,31,46,0,0,31,31,62,0,6,40,62,108,30,50,80,188
05/30/2002,WDG,OK,ASW,CE,Federal Contract Tower,0,12,7,22,41,0,0,41,22,63,0,12,48,44,104,8,14,22,126
05/31/2002,WDG,OK,ASW,CE,Federal Contract Tower,0,12,6,16,34,0,0,39,28,67,0,12,45,44,101,58,10,68,169
06/01/2002,WDG,OK,ASW,CE,Federal Contract Tower,0,8,1,0,9,0,0,43,2,45,0,8,44,2,54,32,0,32,86
06/02/2002,WDG,OK,ASW,CE,Federal Contract Tower,0,6,2,2,10,0,0,21,2,23,0,6,23,4,33,16,0,16,49
06/03/2002,WDG,OK,ASW,CE,Federal Contract Tower,0,12,4,31,47,0,0,42,31,73,0,12,46,62,120,40,40,80,200
06/04/2002,WDG,OK,ASW,CE,Federal Contract Tower,0,8,13,17,38,0,0,27,17,44,0,8,40,34,82,54,6,60,142
06/05/2002,WDG,OK,ASW,CE,Federal Contract Tower,0,10,4,8,22,0,0,11,8,19,0,10,15,16,41,2,0,2,43
06/06/2002,WDG,OK,ASW,CE,Federal Contract Tower,0,11,12,33,56,0,1,75,33,109,0,12,87,66,165,78,22,100,265
06/07/2002,WDG,OK,ASW,CE,Federal Contract Tower,0,14,5,27,46,0,0,43,31,74,0,14,48,58,120,54,20,74,194
06/08/2002,WDG,OK,ASW,CE,Federal Contract Tower,0,8,2,0,10,0,0,40,0,40,0,8,42,0,50,30,0,30,80
06/09/2002,WDG,OK,ASW,CE,Federal Contract Tower,0,6,9,2,17,0,0,11,2,13,0,6,20,4,30,10,0,10,40
06/10/2002,WDG,OK,ASW,CE,Federal Contract Tower,0,10,11,20,41,0,0,19,20,39,0,10,30,40,80,50,10,60,140
06/11/2002,WDG,OK,ASW,CE,Federal Contract Tower,0,9,9,20,38,0,1,29,20,50,0,10,38,40,88,42,10,52,140
06/12/2002,WDG,OK,ASW,CE,Federal Contract Tower,0,13,8,14,35,0,0,33,14,47,0,13,41,28,82,82,0,82,164
06/13/2002,WDG,OK,ASW,CE,Federal Contract Tower,0,10,7,19,36,0,0,16,21,37,0,10,23,40,73,42,32,74,147
06/14/2002,WDG,OK,ASW,CE,Federal Contract Tower,0,12,8,26,46,0,2,48,36,86,0,14,56,62,132,66,26,92,224
06/15/2002,WDG,OK,ASW,CE,Federal Contract Tower,0,8,3,0,11,0,0,31,0,31,0,8,34,0,42,50,0,50,92
06/16/2002,WDG,OK,ASW,CE,Federal Contract Tower,0,6,3,0,9,0,0,11,0,11,0,6,14,0,20,20,0,20,40
06/17/2002,WDG,OK,ASW,CE,Federal Contract Tower,0,8,8,59,75,0,0,23,59,82,0,8,31,118,157,50,20,70,227
06/18/2002,WDG,OK,ASW,CE,Federal Contract Tower,0,10,6,52,68,0,0,19,52,71,0,10,25,104,139,0,24,24,163
06/19/2002,WDG,OK,ASW,CE,Federal Contract Tower,0,12,12,41,65,0,0,35,47,82,0,12,47,88,147,14,20,34,181
06/20/2002,WDG,OK,ASW,CE,Federal Contract Tower,0,10,5,42,57,0,0,35,48,83,0,10,40,90,140,42,14,56,196
06/21/2002,WDG,OK,ASW,CE,Federal Contract Tower,0,10,5,18,33,0,0,27,18,45,0,10,32,36,78,60,30,90,168
06/22/2002,WDG,OK,ASW,CE,Federal Contract Tower,0,8,5,0,13,0,0,25,0,25,0,8,30,0,38,60,0,60,98
06/23/2002,WDG,OK,ASW,CE,Federal Contract Tower,0,6,2,8,16,0,0,16,6,22,0,6,18,14,38,4,0,4,42
06/24/2002,WDG,OK,ASW,CE,Federal Contract Tower,0,11,6,40,57,0,1,34,40,75,0,12,40,80,132,66,0,66,198
06/25/2002,WDG,OK,ASW,CE,Federal Contract Tower,0,10,5,37,52,0,0,30,41,71,0,10,35,78,123,40,22,62,185
06/26/2002,WDG,OK,ASW,CE,Federal Contract Tower,0,11,5,39,55,0,0,106,39,145,0,11,111,78,200,44,18,62,262
06/27/2002,WDG,OK,ASW,CE,Federal Contract Tower,0,10,5,41,56,0,0,59,41,100,0,10,64,82,156,50,10,60,216
06/28/2002,WDG,OK,ASW,CE,Federal Contract Tower,0,10,5,35,50,0,1,37,35,73,0,11,42,70,123,74,0,74,197
06/29/2002,WDG,OK,ASW,CE,Federal Contract Tower,0,6,8,0,14,0,0,24,0,24,0,6,32,0,38,4,0,4,42
06/30/2002,WDG,OK,ASW,CE,Federal Contract Tower,0,4,8,0,12,0,0,16,0,16,0,4,24,0,28,20,0,20,48
07/01/2002,WDG,OK,ASW,CE,Federal Contract Tower,0,12,3,34,49,0,0,7,34,41,0,12,10,68,90,2,2,4,94
07/02/2002,WDG,OK,ASW,CE,Federal Contract Tower,0,10,6,43,59,0,0,16,43,59,0,10,22,86,118,38,6,44,162
07/03/2002,WDG,OK,ASW,CE,Federal Contract Tower,0,8,10,54,72,0,0,14,54,68,0,8,24,108,140,14,16,30,170
07/04/2002,WDG,OK,ASW,CE,Federal Contract Tower,0,6,1,0,7,0,0,19,0,19,0,6,20,0,26,20,0,20,46
07/05/2002,WDG,OK,ASW,CE,Federal Contract Tower,0,9,6,0,15,0,1,20,0,21,0,10,26,0,36,8,0,8,44
07/06/2002,WDG,OK,ASW,CE,Federal Contract Tower,0,8,4,0,12,0,0,31,0,31,0,8,35,0,43,12,0,12,55
07/07/2002,WDG,OK,ASW,CE,Federal Contract Tower,0,6,7,0,13,0,0,17,0,17,0,6,24,0,30,18,0,18,48
07/08/2002,WDG,OK,ASW,CE,Federal Contract Tower,0,8,2,30,40,0,0,39,34,73,0,8,41,64,113,68,26,94,207
07/09/2002,WDG,OK,ASW,CE,Federal Contract Tower,0,10,12,33,55,0,0,28,33,61,0,10,40,66,116,40,60,100,216
07/10/2002,WDG,OK,ASW,CE,Federal Contract Tower,0,10,5,40,55,0,0,25,40,65,0,10,30,80,120,60,40,100,220
07/11/2002,WDG,OK,ASW,CE,Federal Contract Tower,0,10,3,12,25,0,0,20,12,32,0,10,23,24,57,80,0,80,137
07/12/2002,WDG,OK,ASW,CE,Federal Contract Tower,0,9,7,15,31,0,1,34,15,50,0,10,41,30,81,74,16,90,171
07/13/2002,WDG,OK,ASW,CE,Federal Contract Tower,0,8,2,0,10,0,0,32,8,40,0,8,34,8,50,26,0,26,76
07/14/2002,WDG,OK,ASW,CE,Federal Contract Tower,0,6,4,1,11,0,0,37,1,38,0,6,41,2,49,62,24,86,135
07/15/2002,WDG,OK,ASW,CE,Federal Contract Tower,0,8,3,28,39,0,0,33,28,61,0,8,36,56,100,100,20,120,220
07/16/2002,WDG,OK,ASW,CE,Federal Contract Tower,0,6,6,30,42,0,2,34,30,66,0,8,40,60,108,40,10,50,158
07/17/2002,WDG,OK,ASW,CE,Federal Contract Tower,0,10,9,21,40,0,0,29,21,50,0,10,38,42,90,20,6,26,116
07/18/2002,WDG,OK,ASW,CE,Federal Contract Tower,0,8,5,25,38,0,0,28,25,53,0,8,33,50,91,26,0,26,117
07/19/2002,WDG,OK,ASW,CE,Federal Contract Tower,0,12,9,17,38,0,0,51,21,72,0,12,60,38,110,26,12,38,148
07/20/2002,WDG,OK,ASW,CE,Federal Contract Tower,0,8,2,0,10,0,0,47,0,47,0,8,49,0,57,32,0,32,89
07/21/2002,WDG,OK,ASW,CE,Federal Contract Tower,0,6,2,3,11,0,0,22,3,25,0,6,24,6,36,14,0,14,50
07/22/2002,WDG,OK,ASW,CE,Federal Contract Tower,0,6,4,42,52,0,0,20,42,62,0,6,24,84,114,40,20,60,174
07/23/2002,WDG,OK,ASW,CE,Federal Contract Tower,0,10,8,48,66,0,0,35,48,83,0,10,43,96,149,66,42,108,257
07/24/2002,WDG,OK,ASW,CE,Federal Contract Tower,0,8,8,34,50,0,0,37,34,71,0,8,45,68,121,80,24,104,225
07/25/2002,WDG,OK,ASW,CE,Federal Contract Tower,0,8,6,47,61,0,0,48,61,109,0,8,54,108,170,88,34,122,292
07/26/2002,WDG,OK,ASW,CE,Federal Contract Tower,0,12,4,56,72,0,0,57,6,63,0,12,61,62,135,106,34,140,275
07/27/2002,WDG,OK,ASW,CE,Federal Contract Tower,0,8,1,0,9,0,0,29,0,29,0,8,30,0,38,90,0,90,128
07/28/2002,WDG,OK,ASW,CE,Federal Contract Tower,0,5,5,1,11,0,1,14,1,16,0,6,19,2,27,18,2,20,47
07/29/2002,WDG,OK,ASW,CE,Federal Contract Tower,0,10,11,63,84,0,0,35,63,98,0,10,46,126,182,130,6,136,318
07/30/2002,WDG,OK,ASW,CE,Federal Contract Tower,0,10,6,56,72,0,0,37,56,93,0,10,43,112,165,92,18,110,275
07/31/2002,WDG,OK,ASW,CE,Federal Contract Tower,0,7,8,30,45,0,0,36,34,70,0,7,44,64,115,54,14,68,183
08/01/2002,WDG,OK,ASW,CE,Federal Contract Tower,0,11,9,31,51,0,0,34,35,69,0,11,43,66,120,68,32,100,220
08/02/2002,WDG,OK,ASW,CE,Federal Contract Tower,0,11,5,27,43,0,1,25,27,53,0,12,30,54,96,48,18,66,162
08/03/2002,WDG,OK,ASW,CE,Federal Contract Tower,0,8,3,1,12,0,0,47,3,50,0,8,50,4,62,32,0,32,94
08/04/2002,WDG,OK,ASW,CE,Federal Contract Tower,0,6,1,8,15,0,0,14,8,22,0,6,15,16,37,0,2,2,39
08/05/2002,WDG,OK,ASW,CE,Federal Contract Tower,0,12,8,49,69,0,0,35,49,84,0,12,43,98,153,52,2,54,207
08/06/2002,WDG,OK,ASW,CE,Federal Contract Tower,0,10,11,35,56,0,0,40,39,79,0,10,51,74,135,66,20,86,221
08/07/2002,WDG,OK,ASW,CE,Federal Contract Tower,0,8,8,47,63,0,0,41,55,96,0,8,49,102,159,110,44,154,313
08/08/2002,WDG,OK,ASW,CE,Federal Contract Tower,0,8,9,54,71,0,0,46,64,110,0,8,55,118,181,90,28,118,299
08/09/2002,WDG,OK,ASW,CE,Federal Contract Tower,0,12,15,37,64,0,0,51,43,94,0,12,66,80,158,98,54,152,310
08/10/2002,WDG,OK,ASW,CE,Federal Contract Tower,0,8,6,0,14,0,0,44,0,44,0,8,50,0,58,62,0,62,120
08/11/2002,WDG,OK,ASW,CE,Federal Contract Tower,0,5,6,0,11,0,1,25,0,26,0,6,31,0,37,8,0,8,45
08/12/2002,WDG,OK,ASW,CE,Federal Contract Tower,0,8,12,33,53,0,0,12,39,51,0,8,24,72,104,24,34,58,162
08/13/2002,WDG,OK,ASW,CE,Federal Contract Tower,0,8,1,0,9,0,0,1,0,1,0,8,2,0,10,0,0,0,10
08/14/2002,WDG,OK,ASW,CE,Federal Contract Tower,0,12,9,67,88,0,0,55,77,132,0,12,64,144,220,106,82,188,408
08/15/2002,WDG,OK,ASW,CE,Federal Contract Tower,0,11,17,56,84,0,1,46,62,109,0,12,63,118,193,106,46,152,345
08/16/2002,WDG,OK,ASW,CE,Federal Contract Tower,0,11,6,52,69,0,1,25,52,78,0,12,31,104,147,62,12,74,221
08/17/2002,WDG,OK,ASW,CE,Federal Contract Tower,0,8,9,8,25,0,0,23,8,31,0,8,32,16,56,14,16,30,86
08/18/2002,WDG,OK,ASW,CE,Federal Contract Tower,0,6,5,0,11,0,0,28,0,28,0,6,33,0,39,22,0,22,61
08/19/2002,WDG,OK,ASW,CE,Federal Contract Tower,0,7,7,53,67,0,0,37,59,96,0,7,44,112,163,66,42,108,271
08/20/2002,WDG,OK,ASW,CE,Federal Contract Tower,0,11,5,68,84,0,1,33,78,112,0,12,38,146,196,46,70,116,312
08/21/2002,WDG,OK,ASW,CE,Federal Contract Tower,0,11,8,26,45,0,1,19,38,58,0,12,27,64,103,26,64,90,193
08/22/2002,WDG,OK,ASW,CE,Federal Contract Tower,0,11,11,39,61,0,1,32,39,72,0,12,43,78,133,68,8,76,209
08/23/2002,WDG,OK,ASW,CE,Federal Contract Tower,0,9,9,35,53,0,3,40,35,78,0,12,49,70,131,94,38,132,263
08/24/2002,WDG,OK,ASW,CE,Federal Contract Tower,0,6,8,0,14,0,0,13,0,13,0,6,21,0,27,14,0,14,41
08/25/2002,WDG,OK,ASW,CE,Federal Contract Tower,0,6,2,4,12,0,0,26,4,30,0,6,28,8,42,36,4,40,82
08/26/2002,WDG,OK,ASW,CE,Federal Contract Tower,0,9,2,39,50,0,1,36,45,82,0,10,38,84,132,52,24,76,208
08/27/2002,WDG,OK,ASW,CE,Federal Contract Tower,0,9,0,49,58,0,1,48,55,104,0,10,48,104,162,68,14,82,244
08/28/2002,WDG,OK,ASW,CE,Federal Contract Tower,0,9,2,54,65,0,1,45,54,100,0,10,47,108,165,38,16,54,219
08/29/2002,WDG,OK,ASW,CE,Federal Contract Tower,0,7,7,50,64,0,1,77,50,128,0,8,84,100,192,42,40,82,274
08/30/2002,WDG,OK,ASW,CE,Federal Contract Tower,0,10,11,34,55,0,0,47,38,85,0,10,58,72,140,48,14,62,202
08/31/2002,WDG,OK,ASW,CE,Federal Contract Tower,0,9,3,0,12,0,0,35,0,35,0,9,38,0,47,34,0,34,81
09/01/2002,WDG,OK,ASW,CE,Federal Contract Tower,0,5,0,0,5,0,1,16,0,17,0,6,16,0,22,16,0,16,38
09/02/2002,WDG,OK,ASW,CE,Federal Contract Tower,0,8,3,0,11,0,0,29,0,29,0,8,32,0,40,0,0,0,40
09/03/2002,WDG,OK,ASW,CE,Federal Contract Tower,0,13,6,47,66,0,0,54,47,101,0,13,60,94,167,56,52,108,275
09/04/2002,WDG,OK,ASW,CE,Federal Contract Tower,0,7,5,65,77,0,3,39,65,107,0,10,44,130,184,60,24,84,268
09/05/2002,WDG,OK,ASW,CE,Federal Contract Tower,0,9,4,35,48,0,1,42,37,80,0,10,46,72,128,72,16,88,216
09/06/2002,WDG,OK,ASW,CE,Federal Contract Tower,0,12,8,47,67,0,0,48,51,99,0,12,56,98,166,82,46,128,294
09/07/2002,WDG,OK,ASW,CE,Federal Contract Tower,0,10,5,0,15,0,1,60,0,61,0,11,65,0,76,70,0,70,146
09/08/2002,WDG,OK,ASW,CE,Federal Contract Tower,0,6,3,4,13,0,0,20,4,24,0,6,23,8,37,6,0,6,43
09/09/2002,WDG,OK,ASW,CE,Federal Contract Tower,0,10,6,52,68,0,0,36,52,88,0,10,42,104,156,26,10,36,192
09/10/2002,WDG,OK,ASW,CE,Federal Contract Tower,0,12,5,49,66,0,0,45,49,94,0,12,50,98,160,66,12,78,238
09/11/2002,WDG,OK,ASW,CE,Federal Contract Tower,0,11,12,50,73,0,1,36,54,91,0,12,48,104,164,86,26,112,276
09/12/2002,WDG,OK,ASW,CE,Federal Contract Tower,0,10,4,52,66,0,0,32,58,90,0,10,36,110,156,48,42,90,246
09/13/2002,WDG,OK,ASW,CE,Federal Contract Tower,0,6,12,5,23,0,0,21,5,26,0,6,33,10,49,46,2,48,97
09/14/2002,WDG,OK,ASW,CE,Federal Contract Tower,0,6,7,0,13,0,0,8,0,8,0,6,15,0,21,0,0,0,21
09/15/2002,WDG,OK,ASW,CE,Federal Contract Tower,0,6,4,7,17,0,0,37,7,44,0,6,41,14,61,56,10,66,127
09/16/2002,WDG,OK,ASW,CE,Federal Contract Tower,0,10,4,27,41,0,0,35,27,62,0,10,39,54,103,54,2,56,159
09/17/2002,WDG,OK,ASW,CE,Federal Contract Tower,0,12,8,26,46,0,1,33,34,68,0,13,41,60,114,46,24,70,184
09/18/2002,WDG,OK,ASW,CE,Federal Contract Tower,0,10,13,28,51,0,0,22,30,52,0,10,35,58,103,36,10,46,149
09/19/2002,WDG,OK,ASW,CE,Federal Contract Tower,0,4,6,32,42,0,0,15,34,49,0,4,21,66,91,28,26,54,145
09/20/2002,WDG,OK,ASW,CE,Federal Contract Tower,0,4,3,50,57,0,2,46,8,56,0,6,49,58,113,67,28,95,208
09/21/2002,WDG,OK,ASW,CE,Federal Contract Tower,0,6,1,0,7,0,0,59,0,59,0,6,60,0,66,62,0,62,128
09/22/2002,WDG,OK,ASW,CE,Federal Contract Tower,0,5,8,10,23,0,1,35,10,46,0,6,43,20,69,16,2,18,87
09/23/2002,WDG,OK,ASW,CE,Federal Contract Tower,0,8,3,28,39,0,2,32,30,64,0,10,35,58,103,40,16,56,159
09/24/2002,WDG,OK,ASW,CE,Federal Contract Tower,0,7,9,22,38,0,1,38,26,65,0,8,47,48,103,82,12,94,197
09/25/2002,WDG,OK,ASW,CE,Federal Contract Tower,0,10,5,17,32,0,0,48,19,67,0,10,53,36,99,54,10,64,163
09/26/2002,WDG,OK,ASW,CE,Federal Contract Tower,0,14,3,3,20,0,0,45,3,48,0,14,48,6,68,66,0,66,134
09/27/2002,WDG,OK,ASW,CE,Federal Contract Tower,0,9,2,0,11,0,1,38,0,39,0,10,40,0,50,92,0,92,142
09/28/2002,WDG,OK,ASW,CE,Federal Contract Tower,0,8,3,0,11,0,0,45,0,45,0,8,48,0,56,46,0,46,102
09/29/2002,WDG,OK,ASW,CE,Federal Contract Tower,0,4,1,0,5,0,0,35,0,35,0,4,36,0,40,38,0,38,78
09/30/2002,WDG,OK,ASW,CE,Federal Contract Tower,0,9,7,0,16,0,1,46,0,47,0,10,53,0,63,76,0,76,139
10/01/2002,WDG,OK,ASW,CE,Federal Contract Tower,0,12,6,20,38,0,0,33,26,59,0,12,39,46,97,58,16,74,171
10/02/2002,WDG,OK,ASW,CE,Federal Contract Tower,0,10,9,30,49,0,0,19,30,49,0,10,28,60,98,50,6,56,154
10/03/2002,WDG,OK,ASW,CE,Federal Contract Tower,0,12,10,22,44,0,0,18,22,40,0,12,28,44,84,52,16,68,152
10/04/2002,WDG,OK,ASW,CE,Federal Contract Tower,0,8,9,26,43,0,0,32,26,58,0,8,41,52,101,50,10,60,161
10/05/2002,WDG,OK,ASW,CE,Federal Contract Tower,0,7,4,0,11,0,1,71,0,72,0,8,75,0,83,118,0,118,201
10/06/2002,WDG,OK,ASW,CE,Federal Contract Tower,0,8,1,3,12,0,0,28,3,31,0,8,29,6,43,34,0,34,77
10/07/2002,WDG,OK,ASW,CE,Federal Contract Tower,0,12,4,29,45,0,0,53,31,84,0,12,57,60,129,120,52,172,301
10/08/2002,WDG,OK,ASW,CE,Federal Contract Tower,0,12,15,46,73,0,0,16,46,62,0,12,31,92,135,32,16,48,183
10/09/2002,WDG,OK,ASW,CE,Federal Contract Tower,0,12,12,39,63,0,0,33,39,72,0,12,45,78,135,68,0,68,203
10/10/2002,WDG,OK,ASW,CE,Federal Contract Tower,0,12,12,43,67,0,0,25,43,68,0,12,37,86,135,58,26,84,219
10/11/2002,WDG,OK,ASW,CE,Federal Contract Tower,0,10,11,34,55,0,0,24,38,62,0,10,35,72,117,62,18,80,197
10/12/2002,WDG,OK,ASW,CE,Federal Contract Tower,0,12,6,0,18,0,0,12,0,12,0,12,18,0,30,14,0,14,44
10/13/2002,WDG,OK,ASW,CE,Federal Contract Tower,0,8,6,0,14,0,0,51,0,51,0,8,57,0,65,50,0,50,115
10/14/2002,WDG,OK,ASW,CE,Federal Contract Tower,0,12,12,0,24,0,0,66,0,66,0,12,78,0,90,72,0,72,162
10/15/2002,WDG,OK,ASW,CE,Federal Contract Tower,0,12,8,33,53,0,0,63,33,96,0,12,71,66,149,58,50,108,257
10/16/2002,WDG,OK,ASW,CE,Federal Contract Tower,0,10,7,52,69,0,0,48,52,100,0,10,55,104,169,82,58,140,309
10/17/2002,WDG,OK,ASW,CE,Federal Contract Tower,0,12,8,22,42,0,0,36,22,58,0,12,44,44,100,52,22,74,174
10/18/2002,WDG,OK,ASW,CE,Federal Contract Tower,0,12,5,28,45,0,0,23,38,61,0,12,28,66,106,92,32,124,230
10/19/2002,WDG,OK,ASW,CE,Federal Contract Tower,0,8,3,0,11,0,0,0,0,0,0,8,3,0,11,0,0,0,11
10/20/2002,WDG,OK,ASW,CE,Federal Contract Tower,0,10,5,3,18,0,0,96,3,99,0,10,101,6,117,52,0,52,169
10/21/2002,WDG,OK,ASW,CE,Federal Contract Tower,0,10,7,35,52,0,0,14,35,49,0,10,21,70,101,30,4,34,135
10/22/2002,WDG,OK,ASW,CE,Federal Contract Tower,0,10,5,24,39,0,0,17,24,41,0,10,22,48,80,16,0,16,96
10/23/2002,WDG,OK,ASW,CE,Federal Contract Tower,0,10,2,11,23,0,0,0,10,10,0,10,2,21,33,0,0,0,33
10/24/2002,WDG,OK,ASW,CE,Federal Contract Tower,0,12,6,0,18,0,0,0,0,0,0,12,6,0,18,0,0,0,18
10/25/2002,WDG,OK,ASW,CE,Federal Contract Tower,0,8,14,49,71,0,0,16,49,65,0,8,30,98,136,68,2,70,206
10/26/2002,WDG,OK,ASW,CE,Federal Contract Tower,0,9,7,0,16,0,0,16,0,16,0,9,23,0,32,2,0,2,34
10/27/2002,WDG,OK,ASW,CE,Federal Contract Tower,0,2,3,0,5,0,0,2,0,2,0,2,5,0,7,0,0,0,7
10/28/2002,WDG,OK,ASW,CE,Federal Contract Tower,0,9,5,0,14,0,0,0,0,0,0,9,5,0,14,0,0,0,14
10/29/2002,WDG,OK,ASW,CE,Federal Contract Tower,0,9,21,46,76,0,0,5,45,50,0,9,26,91,126,0,0,0,126
10/30/2002,WDG,OK,ASW,CE,Federal Contract Tower,0,10,9,58,77,0,0,28,62,90,0,10,37,120,167,66,28,94,261
10/31/2002,WDG,OK,ASW,CE,Federal Contract Tower,0,11,8,50,69,0,0,17,50,67,0,11,25,100,136,52,12,64,200
11/01/2002,WDG,OK,ASW,CE,Federal Contract Tower,0,9,4,27,40,0,1,9,25,35,0,10,13,52,75,0,0,0,75
11/02/2002,WDG,OK,ASW,CE,Federal Contract Tower,0,10,2,0,12,0,1,0,0,1,0,11,2,0,13,0,0,0,13
11/03/2002,WDG,OK,ASW,CE,Federal Contract Tower,0,4,3,7,14,0,1,14,5,20,0,5,17,12,34,20,0,20,54
11/04/2002,WDG,OK,ASW,CE,Federal Contract Tower,0,10,6,33,49,0,1,44,37,82,0,11,50,70,131,74,62,136,267
11/05/2002,WDG,OK,ASW,CE,Federal Contract Tower,0,12,10,44,66,0,0,34,44,78,0,12,44,88,144,26,40,66,210
11/06/2002,WDG,OK,ASW,CE,Federal Contract Tower,0,15,2,28,45,0,0,70,26,96,0,15,72,54,141,38,72,110,251
11/07/2002,WDG,OK,ASW,CE,Federal Contract Tower,0,12,5,29,46,0,0,59,33,92,0,12,64,62,138,24,96,120,258
11/08/2002,WDG,OK,ASW,CE,Federal Contract Tower,0,12,4,20,36,0,0,64,25,89,0,12,68,45,125,72,26,98,223
11/09/2002,WDG,OK,ASW,CE,Federal Contract Tower,0,8,4,0,12,0,0,116,0,116,0,8,120,0,128,62,0,62,190
11/10/2002,WDG,OK,ASW,CE,Federal Contract Tower,0,4,12,1,17,0,0,86,2,88,0,4,98,3,105,84,0,84,189
11/11/2002,WDG,OK,ASW,CE,Federal Contract Tower,0,12,10,1,23,0,0,46,0,46,0,12,56,1,69,92,0,92,161
11/12/2002,WDG,OK,ASW,CE,Federal Contract Tower,0,12,8,23,43,0,0,42,23,65,0,12,50,46,108,60,8,68,176
11/13/2002,WDG,OK,ASW,CE,Federal Contract Tower,0,12,19,37,68,0,0,46,37,83,0,12,65,74,151,70,32,102,253
11/14/2002,WDG,OK,ASW,CE,Federal Contract Tower,0,10,14,50,74,0,0,36,50,86,0,10,50,100,160,30,66,96,256
11/15/2002,WDG,OK,ASW,CE,Federal Contract Tower,0,10,13,31,54,0,0,25,31,56,0,10,38,62,110,30,14,44,154
11/16/2002,WDG,OK,ASW,CE,Federal Contract Tower,0,8,10,0,18,0,0,38,0,38,0,8,48,0,56,22,0,22,78
11/17/2002,WDG,OK,ASW,CE,Federal Contract Tower,0,6,7,7,20,0,0,48,10,58,0,6,55,17,78,26,18,44,122
11/18/2002,WDG,OK,ASW,CE,Federal Contract Tower,0,12,9,35,56,0,0,12,33,45,0,12,21,68,101,0,14,14,115
11/19/2002,WDG,OK,ASW,CE,Federal Contract Tower,0,12,13,54,79,0,0,38,54,92,0,12,51,108,171,36,50,86,257
11/20/2002,WDG,OK,ASW,CE,Federal Contract Tower,0,12,8,33,53,0,0,28,33,61,0,12,36,66,114,46,14,60,174
11/21/2002,WDG,OK,ASW,CE,Federal Contract Tower,0,12,12,32,56,0,0,33,32,65,0,12,45,64,121,32,36,68,189
11/22/2002,WDG,OK,ASW,CE,Federal Contract Tower,0,12,8,14,34,0,0,40,18,58,0,12,48,32,92,38,20,58,150
11/23/2002,WDG,OK,ASW,CE,Federal Contract Tower,0,10,5,0,15,0,0,39,0,39,0,10,44,0,54,42,0,42,96
11/24/2002,WDG,OK,ASW,CE,Federal Contract Tower,0,4,1,1,6,0,0,8,1,9,0,4,9,2,15,8,0,8,23
11/25/2002,WDG,OK,ASW,CE,Federal Contract Tower,0,13,15,31,59,0,0,33,31,64,0,13,48,62,123,36,32,68,191
11/26/2002,WDG,OK,ASW,CE,Federal Contract Tower,0,12,12,31,55,0,0,21,83,104,0,12,33,114,159,8,76,84,243
11/27/2002,WDG,OK,ASW,CE,Federal Contract Tower,0,10,9,32,51,0,0,45,32,77,0,10,54,64,128,26,78,104,232
11/28/2002,WDG,OK,ASW,CE,Federal Contract Tower,0,10,0,0,10,0,0,11,0,11,0,10,11,0,21,16,0,16,37
11/29/2002,WDG,OK,ASW,CE,Federal Contract Tower,0,12,10,0,22,0,0,24,0,24,0,12,34,0,46,32,0,32,78
11/30/2002,WDG,OK,ASW,CE,Federal Contract Tower,0,8,5,0,13,0,0,40,0,40,0,8,45,0,53,26,0,26,79
12/01/2002,WDG,OK,ASW,CE,Federal Contract Tower,0,6,3,0,9,0,0,22,0,22,0,6,25,0,31,20,0,20,51
12/02/2002,WDG,OK,ASW,CE,Federal Contract Tower,0,12,6,43,61,0,0,24,43,67,0,12,30,86,128,38,44,82,210
12/03/2002,WDG,OK,ASW,CE,Federal Contract Tower,0,7,5,8,20,0,0,3,8,11,0,7,8,16,31,0,0,0,31
12/04/2002,WDG,OK,ASW,CE,Federal Contract Tower,0,2,9,0,11,0,0,0,0,0,0,2,9,0,11,0,0,0,11
12/05/2002,WDG,OK,ASW,CE,Federal Contract Tower,0,5,7,0,12,0,0,21,0,21,0,5,28,0,33,6,0,6,39
12/06/2002,WDG,OK,ASW,CE,Federal Contract Tower,0,12,8,6,26,0,0,14,6,20,0,12,22,12,46,22,2,24,70
12/07/2002,WDG,OK,ASW,CE,Federal Contract Tower,0,8,27,0,35,0,0,22,0,22,0,8,49,0,57,0,0,0,57
12/08/2002,WDG,OK,ASW,CE,Federal Contract Tower,0,6,14,2,22,0,0,0,0,0,0,6,14,2,22,0,0,0,22
12/09/2002,WDG,OK,ASW,CE,Federal Contract Tower,0,11,17,56,84,0,0,12,56,68,0,11,29,112,152,22,2,24,176
12/10/2002,WDG,OK,ASW,CE,Federal Contract Tower,0,10,13,36,59,0,0,4,36,40,0,10,17,72,99,0,4,4,103
12/11/2002,WDG,OK,ASW,CE,Federal Contract Tower,0,14,14,38,66,0,0,7,40,47,0,14,21,78,113,4,8,12,125
12/12/2002,WDG,OK,ASW,CE,Federal Contract Tower,0,12,2,19,33,0,0,0,19,19,0,12,2,38,52,0,0,0,52
12/13/2002,WDG,OK,ASW,CE,Federal Contract Tower,0,12,12,28,52,0,0,29,28,57,0,12,41,56,109,14,88,102,211
12/14/2002,WDG,OK,ASW,CE,Federal Contract Tower,0,8,7,0,15,0,0,93,0,93,0,8,100,0,108,78,0,78,186
12/15/2002,WDG,OK,ASW,CE,Federal Contract Tower,0,6,4,22,32,0,0,26,22,48,0,6,30,44,80,16,38,54,134
12/16/2002,WDG,OK,ASW,CE,Federal Contract Tower,0,12,16,30,58,0,0,21,38,59,0,12,37,68,117,22,84,106,223
12/17/2002,WDG,OK,ASW,CE,Federal Contract Tower,0,12,18,28,58,0,0,38,32,70,0,12,56,60,128,30,34,64,192
12/18/2002,WDG,OK,ASW,CE,Federal Contract Tower,0,12,9,34,55,0,0,47,34,81,0,12,56,68,136,20,26,46,182
12/19/2002,WDG,OK,ASW,CE,Federal Contract Tower,0,12,4,43,59,0,0,62,43,105,0,12,66,86,164,12,78,90,254
12/20/2002,WDG,OK,ASW,CE,Federal Contract Tower,0,9,6,34,49,0,0,95,34,129,0,9,101,68,178,18,36,54,232
12/21/2002,WDG,OK,ASW,CE,Federal Contract Tower,0,7,4,0,11,0,0,102,0,102,0,7,106,0,113,46,0,46,159
12/22/2002,WDG,OK,ASW,CE,Federal Contract Tower,0,6,3,0,9,0,0,60,0,60,0,6,63,0,69,50,0,50,119
12/23/2002,WDG,OK,ASW,CE,Federal Contract Tower,0,2,1,0,3,0,0,5,0,5,0,2,6,0,8,0,0,0,8
12/24/2002,WDG,OK,ASW,CE,Federal Contract Tower,0,8,0,0,8,0,0,9,0,9,0,8,9,0,17,4,0,4,21
12/25/2002,WDG,OK,ASW,CE,Federal Contract Tower,0,9,1,0,10,0,0,0,0,0,0,9,1,0,10,0,0,0,10
12/26/2002,WDG,OK,ASW,CE,Federal Contract Tower,0,12,9,0,21,0,0,22,0,22,0,12,31,0,43,20,0,20,63
12/27/2002,WDG,OK,ASW,CE,Federal Contract Tower,0,12,13,0,25,0,0,20,0,20,0,12,33,0,45,14,0,14,59
12/28/2002,WDG,OK,ASW,CE,Federal Contract Tower,0,8,14,0,22,0,0,40,0,40,0,8,54,0,62,52,0,52,114
12/29/2002,WDG,OK,ASW,CE,Federal Contract Tower,0,6,1,0,7,0,0,18,0,18,0,6,19,0,25,22,0,22,47
12/30/2002,WDG,OK,ASW,CE,Federal Contract Tower,0,10,0,0,10,0,0,7,0,7,0,10,7,0,17,0,0,0,17
12/31/2002,WDG,OK,ASW,CE,Federal Contract Tower,0,12,3,0,15,0,0,42,0,42,0,12,45,0,57,18,0,18,75
01/01/2003,WDG,OK,ASW,CE,Federal Contract Tower,0,12,3,0,15,0,0,23,0,23,0,12,26,0,38,0,0,0,38
01/02/2003,WDG,OK,ASW,CE,Federal Contract Tower,0,12,14,58,84,0,0,21,58,79,0,12,35,116,163,0,26,26,189
01/03/2003,WDG,OK,ASW,CE,Federal Contract Tower,0,12,11,37,60,0,0,23,41,64,0,12,34,78,124,14,28,42,166
01/04/2003,WDG,OK,ASW,CE,Federal Contract Tower,0,8,9,0,17,0,0,42,0,42,0,8,51,0,59,48,0,48,107
01/05/2003,WDG,OK,ASW,CE,Federal Contract Tower,0,6,1,2,9,0,0,23,2,25,0,6,24,4,34,24,12,36,70
01/06/2003,WDG,OK,ASW,CE,Federal Contract Tower,0,12,4,9,25,0,0,6,9,15,0,12,10,18,40,0,0,0,40
01/07/2003,WDG,OK,ASW,CE,Federal Contract Tower,0,12,2,67,81,0,0,44,67,111,0,12,46,134,192,42,56,98,290
01/08/2003,WDG,OK,ASW,CE,Federal Contract Tower,0,12,11,59,82,0,0,49,59,108,0,12,60,118,190,36,68,104,294
01/09/2003,WDG,OK,ASW,CE,Federal Contract Tower,0,10,5,50,65,0,0,18,58,76,0,10,23,108,141,20,52,72,213
01/10/2003,WDG,OK,ASW,CE,Federal Contract Tower,0,13,4,29,46,0,0,23,33,56,0,13,27,62,102,38,28,66,168
01/11/2003,WDG,OK,ASW,CE,Federal Contract Tower,0,6,3,0,9,0,0,27,0,27,0,6,30,0,36,14,0,14,50
01/12/2003,WDG,OK,ASW,CE,Federal Contract Tower,0,2,7,16,25,0,0,14,16,30,0,2,21,32,55,2,4,6,61
01/13/2003,WDG,OK,ASW,CE,Federal Contract Tower,0,8,4,50,62,0,0,13,50,63,0,8,17,100,125,8,8,16,141
01/14/2003,WDG,OK,ASW,CE,Federal Contract Tower,0,12,17,63,92,0,0,49,63,112,0,12,66,126,204,42,68,110,314
01/15/2003,WDG,OK,ASW,CE,Federal Contract Tower,0,13,4,69,86,0,0,9,56,65,0,13,13,125,151,0,12,12,163
01/16/2003,WDG,OK,ASW,CE,Federal Contract Tower,0,12,4,57,73,0,0,7,63,70,0,12,11,120,143,12,60,72,215
01/17/2003,WDG,OK,ASW,CE,Federal Contract Tower,0,12,8,45,65,0,0,26,45,71,0,12,34,90,136,16,40,56,192
01/18/2003,WDG,OK,ASW,CE,Federal Contract Tower,0,8,17,0,25,0,0,49,0,49,0,8,66,0,74,34,0,34,108
01/19/2003,WDG,OK,ASW,CE,Federal Contract Tower,0,6,8,0,14,0,0,26,0,26,0,6,34,0,40,6,0,6,46
01/20/2003,WDG,OK,ASW,CE,Federal Contract Tower,0,12,15,0,27,0,0,65,4,69,0,12,80,4,96,20,12,32,128
01/21/2003,WDG,OK,ASW,CE,Federal Contract Tower,0,12,18,71,101,0,0,20,75,95,0,12,38,146,196,16,38,54,250
01/22/2003,WDG,OK,ASW,CE,Federal Contract Tower,0,12,3,40,55,0,0,8,46,54,0,12,11,86,109,12,78,90,199
01/23/2003,WDG,OK,ASW,CE,Federal Contract Tower,0,12,7,32,51,0,0,12,32,44,0,12,19,64,95,4,62,66,161
01/24/2003,WDG,OK,ASW,CE,Federal Contract Tower,0,12,9,21,42,0,0,28,21,49,0,12,37,42,91,16,52,68,159
01/25/2003,WDG,OK,ASW,CE,Federal Contract Tower,0,8,8,1,17,0,0,33,1,34,0,8,41,2,51,36,0,36,87
01/26/2003,WDG,OK,ASW,CE,Federal Contract Tower,0,6,3,1,10,0,0,10,1,11,0,6,13,2,21,8,0,8,29
01/27/2003,WDG,OK,ASW,CE,Federal Contract Tower,0,12,5,33,50,0,0,23,37,60,0,12,28,70,110,10,12,22,132
01/28/2003,WDG,OK,ASW,CE,Federal Contract Tower,0,12,14,40,66,0,0,21,46,67,0,12,35,86,133,24,62,86,219
01/29/2003,WDG,OK,ASW,CE,Federal Contract Tower,0,12,12,44,68,0,0,12,44,56,0,12,24,88,124,4,24,28,152
01/30/2003,WDG,OK,ASW,CE,Federal Contract Tower,0,12,8,39,59,0,0,16,39,55,0,12,24,78,114,36,6,42,156
01/31/2003,WDG,OK,ASW,CE,Federal Contract Tower,0,10,14,28,52,0,0,33,28,61,0,10,47,56,113,4,30,34,147
02/01/2003,WDG,OK,ASW,CE,Federal Contract Tower,0,8,13,0,21,0,0,79,0,79,0,8,92,0,100,50,0,50,150
02/02/2003,WDG,OK,ASW,CE,Federal Contract Tower,0,6,2,0,8,0,0,20,3,23,0,6,22,3,31,14,0,14,45
02/03/2003,WDG,OK,ASW,CE,Federal Contract Tower,0,12,6,12,30,0,0,8,18,26,0,12,14,30,56,14,6,20,76
02/04/2003,WDG,OK,ASW,CE,Federal Contract Tower,0,14,9,25,48,0,0,43,27,70,0,14,52,52,118,66,24,90,208
02/05/2003,WDG,OK,ASW,CE,Federal Contract Tower,0,10,15,23,48,0,0,27,25,52,0,10,42,48,100,70,30,100,200
02/06/2003,WDG,OK,ASW,CE,Federal Contract Tower,0,10,0,0,10,0,0,0,0,0,0,10,0,0,10,0,0,0,10
02/07/2003,WDG,OK,ASW,CE,Federal Contract Tower,0,12,12,7,31,0,0,21,9,30,0,12,33,16,61,14,0,14,75
02/10/2003,WDG,OK,ASW,CE,Federal Contract Tower,0,12,5,30,47,0,0,38,38,76,0,12,43,68,123,66,58,124,247
02/11/2003,WDG,OK,ASW,CE,Federal Contract Tower,0,12,13,33,58,0,0,43,39,82,0,12,56,72,140,88,54,142,282
02/12/2003,WDG,OK,ASW,CE,Federal Contract Tower,0,10,13,18,41,0,0,39,20,59,0,10,52,38,100,10,18,28,128
02/13/2003,WDG,OK,ASW,CE,Federal Contract Tower,0,8,8,44,60,0,0,0,46,46,0,8,8,90,106,0,0,0,106
02/14/2003,WDG,OK,ASW,CE,Federal Contract Tower,0,10,11,24,45,0,0,8,32,40,0,10,19,56,85,16,62,78,163
02/15/2003,WDG,OK,ASW,CE,Federal Contract Tower,0,8,7,0,15,0,0,4,0,4,0,8,11,0,19,12,0,12,31
02/16/2003,WDG,OK,ASW,CE,Federal Contract Tower,0,4,1,0,5,0,0,18,0,18,0,4,19,0,23,16,0,16,39
02/17/2003,WDG,OK,ASW,CE,Federal Contract Tower,0,12,18,0,30,0,0,61,0,61,0,12,79,0,91,94,0,94,185
02/18/2003,WDG,OK,ASW,CE,Federal Contract Tower,0,12,5,38,55,0,0,19,48,67,0,12,24,86,122,6,30,36,158
02/19/2003,WDG,OK,ASW,CE,Federal Contract Tower,0,12,12,60,84,0,0,30,60,90,0,12,42,120,174,86,40,126,300
02/20/2003,WDG,OK,ASW,CE,Federal Contract Tower,0,10,9,28,47,0,0,48,32,80,0,10,57,60,127,80,14,94,221
02/21/2003,WDG,OK,ASW,CE,Federal Contract Tower,0,12,11,20,43,0,0,4,20,24,0,12,15,40,67,2,0,2,69
02/22/2003,WDG,OK,ASW,CE,Federal Contract Tower,0,8,9,0,17,0,0,8,0,8,0,8,17,0,25,20,0,20,45
02/23/2003,WDG,OK,ASW,CE,Federal Contract Tower,0,0,5,0,5,0,0,0,0,0,0,0,5,0,5,0,0,0,5
02/24/2003,WDG,OK,ASW,CE,Federal Contract Tower,0,5,3,0,8,0,0,6,0,6,0,5,9,0,14,0,0,0,14
02/25/2003,WDG,OK,ASW,CE,Federal Contract Tower,0,9,10,1,20,0,0,22,1,23,0,9,32,2,43,12,0,12,55
02/26/2003,WDG,OK,ASW,CE,Federal Contract Tower,0,10,0,0,10,0,0,4,0,4,0,10,4,0,14,6,0,6,20
02/27/2003,WDG,OK,ASW,CE,Federal Contract Tower,0,11,3,8,22,0,0,9,8,17,0,11,12,16,39,32,6,38,77
02/28/2003,WDG,OK,ASW,CE,Federal Contract Tower,0,7,8,8,23,0,5,2,8,15,0,12,10,16,38,72,0,72,110
03/01/2003,WDG,OK,ASW,CE,Federal Contract Tower,0,8,1,0,9,0,0,0,0,0,0,8,1,0,9,0,0,0,9
03/02/2003,WDG,OK,ASW,CE,Federal Contract Tower,0,6,0,2,8,0,0,12,2,14,0,6,12,4,22,24,0,24,46
03/03/2003,WDG,OK,ASW,CE,Federal Contract Tower,0,7,10,55,72,0,0,30,55,85,0,7,40,110,157,2,16,18,175
03/04/2003,WDG,OK,ASW,CE,Federal Contract Tower,0,10,1,47,58,0,0,11,55,66,0,10,12,102,124,8,42,50,174
03/05/2003,WDG,OK,ASW,CE,Federal Contract Tower,0,13,9,1,23,0,0,13,1,14,0,13,22,2,37,22,0,22,59
03/06/2003,WDG,OK,ASW,CE,Federal Contract Tower,0,12,8,55,75,0,0,43,55,98,0,12,51,110,173,46,66,112,285
03/07/2003,WDG,OK,ASW,CE,Federal Contract Tower,0,12,9,67,88,0,0,79,67,146,0,12,88,134,234,36,14,50,284
03/08/2003,WDG,OK,ASW,CE,Federal Contract Tower,0,7,5,0,12,0,0,45,0,45,0,7,50,0,57,48,0,48,105
03/09/2003,WDG,OK,ASW,CE,Federal Contract Tower,0,6,4,43,53,0,0,31,43,74,0,6,35,86,127,25,0,25,152
03/10/2003,WDG,OK,ASW,CE,Federal Contract Tower,0,12,15,35,62,0,0,22,37,59,0,12,37,72,121,26,18,44,165
03/11/2003,WDG,OK,ASW,CE,Federal Contract Tower,0,12,14,52,78,0,0,18,58,76,0,12,32,110,154,34,42,76,230
03/12/2003,WDG,OK,ASW,CE,Federal Contract Tower,0,8,16,41,65,0,0,25,41,66,0,8,41,82,131,36,22,58,189
03/13/2003,WDG,OK,ASW,CE,Federal Contract Tower,0,8,10,34,52,0,0,20,36,56,0,8,30,70,108,26,24,50,158
03/14/2003,WDG,OK,ASW,CE,Federal Contract Tower,0,8,8,19,35,0,1,18,21,40,0,9,26,40,75,24,8,32,107
03/15/2003,WDG,OK,ASW,CE,Federal Contract Tower,0,8,17,0,25,0,0,111,0,111,0,8,128,0,136,20,0,20,156
03/16/2003,WDG,OK,ASW,CE,Federal Contract Tower,0,6,7,10,23,0,0,44,12,56,0,6,51,22,79,46,36,82,161
03/17/2003,WDG,OK,ASW,CE,Federal Contract Tower,0,10,3,35,48,0,0,10,39,49,0,10,13,74,97,4,46,50,147
03/18/2003,WDG,OK,ASW,CE,Federal Contract Tower,0,12,3,34,49,0,0,14,34,48,0,12,17,68,97,22,0,22,119
03/19/2003,WDG,OK,ASW,CE,Federal Contract Tower,0,9,8,41,58,0,0,0,41,41,0,9,8,82,99,0,0,0,99
03/20/2003,WDG,OK,ASW,CE,Federal Contract Tower,0,10,11,46,67,0,0,22,46,68,0,10,33,92,135,0,0,0,135
03/21/2003,WDG,OK,ASW,CE,Federal Contract Tower,0,11,11,21,43,0,0,51,21,72,0,11,62,42,115,20,0,20,135
03/22/2003,WDG,OK,ASW,CE,Federal Contract Tower,0,9,12,0,21,0,0,37,0,37,0,9,49,0,58,44,0,44,102
03/23/2003,WDG,OK,ASW,CE,Federal Contract Tower,0,7,4,13,24,0,0,36,19,55,0,7,40,32,79,24,48,72,151
03/24/2003,WDG,OK,ASW,CE,Federal Contract Tower,0,11,12,61,84,0,0,30,61,91,0,11,42,122,175,20,52,72,247
03/25/2003,WDG,OK,ASW,CE,Federal Contract Tower,0,12,9,63,84,0,0,13,63,76,0,12,22,126,160,46,16,62,222
03/26/2003,WDG,OK,ASW,CE,Federal Contract Tower,0,9,6,44,59,0,0,37,44,81,0,9,43,88,140,16,62,78,218
03/27/2003,WDG,OK,ASW,CE,Federal Contract Tower,0,11,8,16,35,0,0,16,16,32,0,11,24,32,67,38,0,38,105
03/28/2003,WDG,OK,ASW,CE,Federal Contract Tower,0,11,7,45,63,0,0,26,49,75,0,11,33,94,138,32,108,140,278
03/29/2003,WDG,OK,ASW,CE,Federal Contract Tower,0,6,14,3,23,0,0,40,3,43,0,6,54,6,66,40,10,50,116
03/30/2003,WDG,OK,ASW,CE,Federal Contract Tower,0,6,9,2,17,0,0,43,1,44,0,6,52,3,61,16,0,16,77
03/31/2003,WDG,OK,ASW,CE,Federal Contract Tower,0,11,17,28,56,0,0,42,28,70,0,11,59,56,126,22,14,36,162
04/01/2003,WDG,OK,ASW,CE,Federal Contract Tower,0,11,14,34,59,0,0,26,34,60,0,11,40,68,119,14,44,58,177
04/02/2003,WDG,OK,ASW,CE,Federal Contract Tower,0,8,6,41,55,0,0,9,41,50,0,8,15,82,105,4,52,56,161
04/03/2003,WDG,OK,ASW,CE,Federal Contract Tower,0,12,8,49,69,0,0,26,53,79,0,12,34,102,148,8,44,52,200
04/04/2003,WDG,OK,ASW,CE,Federal Contract Tower,0,9,12,22,43,0,0,16,26,42,0,9,28,48,85,32,24,56,141
04/05/2003,WDG,OK,ASW,CE,Federal Contract Tower,0,7,5,0,12,0,0,32,0,32,0,7,37,0,44,8,0,8,52
04/06/2003,WDG,OK,ASW,CE,Federal Contract Tower,0,6,0,1,7,0,0,13,1,14,0,6,13,2,21,24,0,24,45
04/07/2003,WDG,OK,ASW,CE,Federal Contract Tower,0,12,17,32,61,0,0,34,32,66,0,12,51,64,127,26,42,68,195
04/08/2003,WDG,OK,ASW,CE,Federal Contract Tower,0,12,11,50,73,0,0,37,50,87,0,12,48,100,160,40,20,60,220
04/09/2003,WDG,OK,ASW,CE,Federal Contract Tower,0,11,14,54,79,0,0,37,60,97,0,11,51,114,176,52,58,110,286
04/10/2003,WDG,OK,ASW,CE,Federal Contract Tower,0,12,5,47,64,0,0,37,55,92,0,12,42,102,156,20,32,52,208
04/11/2003,WDG,OK,ASW,CE,Federal Contract Tower,0,11,4,22,37,0,0,96,22,118,0,11,100,44,155,56,22,78,233
04/12/2003,WDG,OK,ASW,CE,Federal Contract Tower,0,7,8,2,17,0,0,58,1,59,0,7,66,3,76,26,0,26,102
04/13/2003,WDG,OK,ASW,CE,Federal Contract Tower,0,6,12,14,32,0,0,67,14,81,0,6,79,28,113,22,0,22,135
04/14/2003,WDG,OK,ASW,CE,Federal Contract Tower,0,7,7,36,50,0,0,14,36,50,0,7,21,72,100,0,0,0,100
04/15/2003,WDG,OK,ASW,CE,Federal Contract Tower,0,11,8,14,33,0,0,10,14,24,0,11,18,28,57,0,0,0,57
04/16/2003,WDG,OK,ASW,CE,Federal Contract Tower,0,11,1,0,12,0,0,8,0,8,0,11,9,0,20,0,0,0,20
04/17/2003,WDG,OK,ASW,CE,Federal Contract Tower,0,10,11,58,79,0,0,51,58,109,0,10,62,116,188,58,30,88,276
04/18/2003,WDG,OK,ASW,CE,Federal Contract Tower,0,12,8,44,64,0,0,29,44,73,0,12,37,88,137,20,14,34,171
04/19/2003,WDG,OK,ASW,CE,Federal Contract Tower,0,6,3,0,9,0,0,9,0,9,0,6,12,0,18,8,0,8,26
04/20/2003,WDG,OK,ASW,CE,Federal Contract Tower,0,6,7,0,13,0,0,34,0,34,0,6,41,0,47,4,0,4,51
04/21/2003,WDG,OK,ASW,CE,Federal Contract Tower,0,7,3,45,55,0,0,58,49,107,0,7,61,94,162,34,16,50,212
04/22/2003,WDG,OK,ASW,CE,Federal Contract Tower,0,16,14,40,70,0,0,41,46,87,0,16,55,86,157,26,68,94,251
04/23/2003,WDG,OK,ASW,CE,Federal Contract Tower,0,9,12,0,21,0,0,0,0,0,0,9,12,0,21,0,0,0,21
04/24/2003,WDG,OK,ASW,CE,Federal Contract Tower,0,12,14,3,29,0,0,20,3,23,0,12,34,6,52,8,0,8,60
04/25/2003,WDG,OK,ASW,CE,Federal Contract Tower,0,11,11,53,75,0,0,28,59,87,0,11,39,112,162,32,44,76,238
04/26/2003,WDG,OK,ASW,CE,Federal Contract Tower,0,7,6,0,13,0,0,67,0,67,0,7,73,0,80,42,0,42,122
04/27/2003,WDG,OK,ASW,CE,Federal Contract Tower,0,6,5,3,14,0,0,29,3,32,0,6,34,6,46,22,0,22,68
04/28/2003,WDG,OK,ASW,CE,Federal Contract Tower,0,7,8,24,39,0,0,31,28,59,0,7,39,52,98,18,36,54,152
04/29/2003,WDG,OK,ASW,CE,Federal Contract Tower,0,11,8,32,51,0,0,33,32,65,0,11,41,64,116,8,76,84,200
04/30/2003,WDG,OK,ASW,CE,Federal Contract Tower,0,11,6,23,40,0,0,20,23,43,0,11,26,46,83,14,16,30,113
05/01/2003,WDG,OK,ASW,CE,Federal Contract Tower,0,12,19,36,67,0,0,11,36,47,0,12,30,72,114,14,10,24,138
05/02/2003,WDG,OK,ASW,CE,Federal Contract Tower,0,11,7,10,28,0,0,30,14,44,0,11,37,24,72,12,8,20,92
05/03/2003,WDG,OK,ASW,CE,Federal Contract Tower,0,7,3,0,10,0,0,38,0,38,0,7,41,0,48,32,0,32,80
05/04/2003,WDG,OK,ASW,CE,Federal Contract Tower,0,6,3,0,9,0,0,13,6,19,0,6,16,6,28,14,12,26,54
05/05/2003,WDG,OK,ASW,CE,Federal Contract Tower,0,11,5,29,45,0,0,24,29,53,0,11,29,58,98,4,50,54,152
05/06/2003,WDG,OK,ASW,CE,Federal Contract Tower,0,11,8,21,40,0,0,31,49,80,0,11,39,70,120,38,14,52,172
05/07/2003,WDG,OK,ASW,CE,Federal Contract Tower,0,11,8,38,57,0,0,49,37,86,0,11,57,75,143,0,32,32,175
05/08/2003,WDG,OK,ASW,CE,Federal Contract Tower,0,11,11,21,43,0,0,11,22,33,0,11,22,43,76,0,0,0,76
05/09/2003,WDG,OK,ASW,CE,Federal Contract Tower,0,12,8,0,20,0,0,44,0,44,0,12,52,0,64,26,0,26,90
05/10/2003,WDG,OK,ASW,CE,Federal Contract Tower,0,7,3,0,10,0,0,31,0,31,0,7,34,0,41,18,0,18,59
05/11/2003,WDG,OK,ASW,CE,Federal Contract Tower,0,4,4,16,24,0,0,35,16,51,0,4,39,32,75,26,12,38,113
05/12/2003,WDG,OK,ASW,CE,Federal Contract Tower,0,11,4,45,60,0,0,21,45,66,0,11,25,90,126,10,88,98,224
05/13/2003,WDG,OK,ASW,CE,Federal Contract Tower,0,11,8,42,61,0,0,12,42,54,0,11,20,84,115,22,26,48,163
05/14/2003,WDG,OK,ASW,CE,Federal Contract Tower,0,8,11,33,52,0,0,11,33,44,0,8,22,66,96,44,40,84,180
05/15/2003,WDG,OK,ASW,CE,Federal Contract Tower,0,12,6,34,52,0,0,13,38,51,0,12,19,72,103,16,12,28,131
05/16/2003,WDG,OK,ASW,CE,Federal Contract Tower,0,5,1,0,6,0,0,10,0,10,0,5,11,0,16,12,0,12,28
05/17/2003,WDG,OK,ASW,CE,Federal Contract Tower,0,6,7,0,13,0,0,21,0,21,0,6,28,0,34,26,0,26,60
05/18/2003,WDG,OK,ASW,CE,Federal Contract Tower,0,8,13,12,33,0,0,33,12,45,0,8,46,24,78,20,8,28,106
05/19/2003,WDG,OK,ASW,CE,Federal Contract Tower,0,10,9,48,67,0,0,6,48,54,0,10,15,96,121,32,0,32,153
05/20/2003,WDG,OK,ASW,CE,Federal Contract Tower,0,11,6,52,69,0,0,34,52,86,0,11,40,104,155,14,12,26,181
05/21/2003,WDG,OK,ASW,CE,Federal Contract Tower,0,11,9,64,84,0,0,34,72,106,0,11,43,136,190,52,64,116,306
05/22/2003,WDG,OK,ASW,CE,Federal Contract Tower,0,11,13,43,67,0,0,37,49,86,0,11,50,92,153,32,40,72,225
05/23/2003,WDG,OK,ASW,CE,Federal Contract Tower,0,11,3,0,14,0,0,10,0,10,0,11,13,0,24,0,0,0,24
05/24/2003,WDG,OK,ASW,CE,Federal Contract Tower,0,8,1,0,9,0,0,14,0,14,0,8,15,0,23,2,0,2,25
05/25/2003,WDG,OK,ASW,CE,Federal Contract Tower,0,6,9,0,15,0,0,8,0,8,0,6,17,0,23,0,0,0,23
05/26/2003,WDG,OK,ASW,CE,Federal Contract Tower,0,10,3,0,13,0,0,40,0,40,0,10,43,0,53,0,0,0,53
05/27/2003,WDG,OK,ASW,CE,Federal Contract Tower,0,14,4,59,77,0,0,22,65,87,0,14,26,124,164,26,38,64,228
05/28/2003,WDG,OK,ASW,CE,Federal Contract Tower,0,12,12,68,92,0,0,40,78,118,0,12,52,146,210,44,68,112,322
05/29/2003,WDG,OK,ASW,CE,Federal Contract Tower,0,10,8,68,86,0,0,36,72,108,0,10,44,140,194,14,62,76,270
05/30/2003,WDG,OK,ASW,CE,Federal Contract Tower,0,12,8,58,78,0,0,33,58,91,0,12,41,116,169,26,22,48,217
05/31/2003,WDG,OK,ASW,CE,Federal Contract Tower,0,8,5,0,13,0,0,33,0,33,0,8,38,0,46,4,0,4,50
06/01/2003,WDG,OK,ASW,CE,Federal Contract Tower,0,6,4,12,22,0,0,21,12,33,0,6,25,24,55,4,8,12,67
06/02/2003,WDG,OK,ASW,CE,Federal Contract Tower,0,11,10,37,58,0,0,18,41,59,0,11,28,78,117,18,34,52,169
06/03/2003,WDG,OK,ASW,CE,Federal Contract Tower,0,11,7,53,71,0,0,13,55,68,0,11,20,108,139,2,12,14,153
06/04/2003,WDG,OK,ASW,CE,Federal Contract Tower,0,11,8,44,63,0,0,30,46,76,0,11,38,90,139,38,64,102,241
06/05/2003,WDG,OK,ASW,CE,Federal Contract Tower,0,10,9,40,59,0,0,7,40,47,0,10,16,80,106,0,0,0,106
06/06/2003,WDG,OK,ASW,CE,Federal Contract Tower,0,12,9,46,67,0,0,26,50,76,0,12,35,96,143,16,30,46,189
06/07/2003,WDG,OK,ASW,CE,Federal Contract Tower,0,8,1,0,9,0,0,27,0,27,0,8,28,0,36,4,0,4,40
06/08/2003,WDG,OK,ASW,CE,Federal Contract Tower,0,6,4,8,18,0,0,27,12,39,0,6,31,20,57,16,48,64,121
06/09/2003,WDG,OK,ASW,CE,Federal Contract Tower,0,11,0,44,55,0,0,32,46,78,0,11,32,90,133,26,18,44,177
06/10/2003,WDG,OK,ASW,CE,Federal Contract Tower,0,8,9,25,42,0,0,26,33,59,0,8,35,58,101,24,28,52,153
06/11/2003,WDG,OK,ASW,CE,Federal Contract Tower,0,10,10,28,48,0,0,37,34,71,0,10,47,62,119,62,32,94,213
06/12/2003,WDG,OK,ASW,CE,Federal Contract Tower,0,12,12,30,54,0,0,104,30,134,0,12,116,60,188,76,12,88,276
06/13/2003,WDG,OK,ASW,CE,Federal Contract Tower,0,10,7,15,32,0,0,50,17,67,0,10,57,32,99,84,14,98,197
06/14/2003,WDG,OK,ASW,CE,Federal Contract Tower,0,5,0,0,5,0,0,39,0,39,0,5,39,0,44,18,0,18,62
06/15/2003,WDG,OK,ASW,CE,Federal Contract Tower,0,4,5,9,18,0,0,25,13,38,0,4,30,22,56,8,34,42,98
06/16/2003,WDG,OK,ASW,CE,Federal Contract Tower,0,8,13,34,55,0,0,20,38,58,0,8,33,72,113,68,42,110,223
06/17/2003,WDG,OK,ASW,CE,Federal Contract Tower,0,11,17,30,58,0,0,42,34,76,0,11,59,64,134,84,44,128,262
06/18/2003,WDG,OK,ASW,CE,Federal Contract Tower,0,12,27,44,83,0,0,60,44,104,0,12,87,88,187,78,40,118,305
06/19/2003,WDG,OK,ASW,CE,Federal Contract Tower,0,11,5,30,46,0,0,28,30,58,0,11,33,60,104,30,12,42,146
06/20/2003,WDG,OK,ASW,CE,Federal Contract Tower,0,9,6,24,39,0,0,34,28,62,0,9,40,52,101,38,56,94,195
06/21/2003,WDG,OK,ASW,CE,Federal Contract Tower,0,6,4,0,10,0,0,21,0,21,0,6,25,0,31,44,0,44,75
06/22/2003,WDG,OK,ASW,CE,Federal Contract Tower,0,6,4,8,18,0,0,29,10,39,0,6,33,18,57,16,18,34,91
06/23/2003,WDG,OK,ASW,CE,Federal Contract Tower,0,11,10,41,62,0,0,38,43,81,0,11,48,84,143,30,22,52,195
06/24/2003,WDG,OK,ASW,CE,Federal Contract Tower,0,6,4,25,35,0,0,31,25,56,0,6,35,50,91,46,18,64,155
06/25/2003,WDG,OK,ASW,CE,Federal Contract Tower,0,12,13,42,67,0,0,12,42,54,0,12,25,84,121,0,60,60,181
06/26/2003,WDG,OK,ASW,CE,Federal Contract Tower,0,7,13,27,47,0,0,23,32,55,0,7,36,59,102,54,68,122,224
06/27/2003,WDG,OK,ASW,CE,Federal Contract Tower,0,12,9,34,55,0,0,52,38,90,0,12,61,72,145,74,52,126,271
06/28/2003,WDG,OK,ASW,CE,Federal Contract Tower,0,9,2,0,11,0,0,49,0,49,0,9,51,0,60,46,0,46,106
06/29/2003,WDG,OK,ASW,CE,Federal Contract Tower,0,6,5,4,15,0,0,23,4,27,0,6,28,8,42,12,0,12,54
06/30/2003,WDG,OK,ASW,CE,Federal Contract Tower,0,12,14,36,62,0,0,40,36,76,0,12,54,72,138,18,16,34,172
07/01/2003,WDG,OK,ASW,CE,Federal Contract Tower,0,12,8,29,49,0,0,40,29,69,0,12,48,58,118,44,44,88,206
07/02/2003,WDG,OK,ASW,CE,Federal Contract Tower,0,7,7,24,38,0,0,23,24,47,0,7,30,48,85,42,10,52,137
07/03/2003,WDG,OK,ASW,CE,Federal Contract Tower,0,10,9,1,20,0,0,37,0,37,0,10,46,1,57,54,0,54,111
07/04/2003,WDG,OK,ASW,CE,Federal Contract Tower,0,6,6,0,12,0,0,31,0,31,0,6,37,0,43,38,0,38,81
07/05/2003,WDG,OK,ASW,CE,Federal Contract Tower,0,2,9,0,11,0,0,29,0,29,0,2,38,0,40,18,0,18,58
07/06/2003,WDG,OK,ASW,CE,Federal Contract Tower,0,6,7,0,13,0,0,29,0,29,0,6,36,0,42,0,0,0,42
07/07/2003,WDG,OK,ASW,CE,Federal Contract Tower,0,11,7,51,69,0,0,19,51,70,0,11,26,102,139,28,10,38,177
07/08/2003,WDG,OK,ASW,CE,Federal Contract Tower,0,11,5,58,74,0,0,29,62,91,0,11,34,120,165,24,34,58,223
07/09/2003,WDG,OK,ASW,CE,Federal Contract Tower,0,11,2,48,61,0,0,25,50,75,0,11,27,98,136,28,48,76,212
07/10/2003,WDG,OK,ASW,CE,Federal Contract Tower,0,11,17,62,90,0,0,33,66,99,0,11,50,128,189,70,66,136,325
07/11/2003,WDG,OK,ASW,CE,Federal Contract Tower,0,10,9,25,44,0,0,34,25,59,0,10,43,50,103,52,30,82,185
07/12/2003,WDG,OK,ASW,CE,Federal Contract Tower,0,6,8,6,20,0,0,72,8,80,0,6,80,14,100,46,4,50,150
07/13/2003,WDG,OK,ASW,CE,Federal Contract Tower,0,6,5,0,11,0,0,50,0,50,0,6,55,0,61,34,0,34,95
07/14/2003,WDG,OK,ASW,CE,Federal Contract Tower,0,10,6,46,62,0,0,24,46,70,0,10,30,92,132,46,26,72,204
07/15/2003,WDG,OK,ASW,CE,Federal Contract Tower,0,11,3,64,78,0,0,51,66,117,0,11,54,130,195,78,36,114,309
07/16/2003,WDG,OK,ASW,CE,Federal Contract Tower,0,12,3,65,80,0,2,55,67,124,0,14,58,132,204,46,48,94,298
07/17/2003,WDG,OK,ASW,CE,Federal Contract Tower,0,12,8,69,89,0,0,62,69,131,0,12,70,138,220,12,40,52,272
07/18/2003,WDG,OK,ASW,CE,Federal Contract Tower,0,12,7,38,57,0,0,41,42,83,0,12,48,80,140,46,48,94,234
07/19/2003,WDG,OK,ASW,CE,Federal Contract Tower,0,8,3,0,11,0,0,42,0,42,0,8,45,0,53,66,0,66,119
07/20/2003,WDG,OK,ASW,CE,Federal Contract Tower,0,6,3,5,14,0,0,18,5,23,0,6,21,10,37,12,26,38,75
07/21/2003,WDG,OK,ASW,CE,Federal Contract Tower,0,8,6,40,54,0,0,26,46,72,0,8,32,86,126,34,56,90,216
07/22/2003,WDG,OK,ASW,CE,Federal Contract Tower,0,12,11,60,83,0,0,36,63,99,0,12,47,123,182,54,48,102,284
07/23/2003,WDG,OK,ASW,CE,Federal Contract Tower,0,12,16,49,77,0,0,49,69,118,0,12,65,118,195,50,48,98,293
07/24/2003,WDG,OK,ASW,CE,Federal Contract Tower,0,12,12,32,56,0,0,40,32,72,0,12,52,64,128,96,58,154,282
07/25/2003,WDG,OK,ASW,CE,Federal Contract Tower,0,12,9,24,45,0,0,41,24,65,0,12,50,48,110,24,58,82,192
07/26/2003,WDG,OK,ASW,CE,Federal Contract Tower,0,6,6,1,13,0,0,29,1,30,0,6,35,2,43,42,0,42,85
07/27/2003,WDG,OK,ASW,CE,Federal Contract Tower,0,6,1,5,12,0,0,25,5,30,0,6,26,10,42,18,12,30,72
07/28/2003,WDG,OK,ASW,CE,Federal Contract Tower,0,7,6,36,49,0,0,24,40,64,0,7,30,76,113,28,22,50,163
07/29/2003,WDG,OK,ASW,CE,Federal Contract Tower,0,12,3,30,45,0,0,25,34,59,0,12,28,64,104,42,24,66,170
07/30/2003,WDG,OK,ASW,CE,Federal Contract Tower,0,12,9,29,50,0,0,21,29,50,0,12,30,58,100,70,0,70,170
07/31/2003,WDG,OK,ASW,CE,Federal Contract Tower,0,12,13,33,58,0,0,27,35,62,0,12,40,68,120,44,38,82,202
08/01/2003,WDG,OK,ASW,CE,Federal Contract Tower,0,10,6,16,32,0,0,21,18,39,0,10,27,34,71,70,22,92,163
08/02/2003,WDG,OK,ASW,CE,Federal Contract Tower,0,8,4,0,12,0,0,49,0,49,0,8,53,0,61,94,0,94,155
08/03/2003,WDG,OK,ASW,CE,Federal Contract Tower,0,6,4,0,10,0,0,22,0,22,0,6,26,0,32,102,0,102,134
08/04/2003,WDG,OK,ASW,CE,Federal Contract Tower,0,11,8,15,34,0,0,16,21,37,0,11,24,36,71,34,26,60,131
08/05/2003,WDG,OK,ASW,CE,Federal Contract Tower,0,12,10,35,57,0,0,17,35,52,0,12,27,70,109,24,28,52,161
08/06/2003,WDG,OK,ASW,CE,Federal Contract Tower,0,9,10,27,46,0,0,16,27,43,0,9,26,54,89,16,50,66,155
08/07/2003,WDG,OK,ASW,CE,Federal Contract Tower,0,11,1,27,39,0,0,31,31,62,0,11,32,58,101,14,36,50,151
08/08/2003,WDG,OK,ASW,CE,Federal Contract Tower,0,11,12,25,48,0,0,27,28,55,0,11,39,53,103,22,46,68,171
08/09/2003,WDG,OK,ASW,CE,Federal Contract Tower,0,6,3,1,10,0,0,64,0,64,0,6,67,1,74,92,0,92,166
08/10/2003,WDG,OK,ASW,CE,Federal Contract Tower,0,6,3,8,17,0,0,22,10,32,0,6,25,18,49,18,6,24,73
08/11/2003,WDG,OK,ASW,CE,Federal Contract Tower,0,11,13,35,59,0,0,27,35,62,0,11,40,70,121,100,38,138,259
08/12/2003,WDG,OK,ASW,CE,Federal Contract Tower,0,12,9,42,63,0,0,39,42,81,0,12,48,84,144,76,52,128,272
08/13/2003,WDG,OK,ASW,CE,Federal Contract Tower,0,10,2,21,33,0,0,19,25,44,0,10,21,46,77,36,14,50,127
08/14/2003,WDG,OK,ASW,CE,Federal Contract Tower,0,12,9,54,75,0,0,26,60,86,0,12,35,114,161,74,68,142,303
08/15/2003,WDG,OK,ASW,CE,Federal Contract Tower,0,9,7,34,50,0,0,33,34,67,0,9,40,68,117,76,28,104,221
08/16/2003,WDG,OK,ASW,CE,Federal Contract Tower,0,7,3,0,10,0,0,35,0,35,0,7,38,0,45,70,0,70,115
08/17/2003,WDG,OK,ASW,CE,Federal Contract Tower,0,6,3,1,10,0,0,34,1,35,0,6,37,2,45,54,0,54,99
08/18/2003,WDG,OK,ASW,CE,Federal Contract Tower,0,9,8,37,54,0,0,23,37,60,0,9,31,74,114,26,22,48,162
08/19/2003,WDG,OK,ASW,CE,Federal Contract Tower,0,11,4,37,52,0,0,23,41,64,0,11,27,78,116,32,28,60,176
08/20/2003,WDG,OK,ASW,CE,Federal Contract Tower,0,13,3,40,56,0,0,30,44,74,0,13,33,84,130,42,54,96,226
08/21/2003,WDG,OK,ASW,CE,Federal Contract Tower,0,11,4,42,57,0,0,36,42,78,0,11,40,84,135,76,36,112,247
08/22/2003,WDG,OK,ASW,CE,Federal Contract Tower,0,11,4,42,57,0,0,22,0,22,0,11,26,42,79,122,16,138,217
08/23/2003,WDG,OK,ASW,CE,Federal Contract Tower,0,8,9,0,17,0,0,56,0,56,0,8,65,0,73,164,0,164,237
08/24/2003,WDG,OK,ASW,CE,Federal Contract Tower,0,6,7,0,13,0,0,29,0,29,0,6,36,0,42,94,0,94,136
08/25/2003,WDG,OK,ASW,CE,Federal Contract Tower,0,11,13,42,66,0,0,17,46,63,0,11,30,88,129,42,26,68,197
08/26/2003,WDG,OK,ASW,CE,Federal Contract Tower,0,8,6,52,66,0,0,40,56,96,0,8,46,108,162,72,34,106,268
08/27/2003,WDG,OK,ASW,CE,Federal Contract Tower,0,4,6,44,54,0,0,40,44,84,0,4,46,88,138,130,56,186,324
08/28/2003,WDG,OK,ASW,CE,Federal Contract Tower,0,11,10,58,79,0,0,32,58,90,0,11,42,116,169,40,28,68,237
08/29/2003,WDG,OK,ASW,CE,Federal Contract Tower,0,7,8,0,15,0,0,3,0,3,0,7,11,0,18,12,0,12,30
08/30/2003,WDG,OK,ASW,CE,Federal Contract Tower,0,8,3,0,11,0,0,5,0,5,0,8,8,0,16,0,0,0,16
08/31/2003,WDG,OK,ASW,CE,Federal Contract Tower,0,6,5,0,11,0,0,7,0,7,0,6,12,0,18,34,0,34,52
09/01/2003,WDG,OK,ASW,CE,Federal Contract Tower,0,9,4,0,13,0,0,9,0,9,0,9,13,0,22,0,0,0,22
09/02/2003,WDG,OK,ASW,CE,Federal Contract Tower,0,14,9,25,48,0,0,9,27,36,0,14,18,52,84,40,16,56,140
09/03/2003,WDG,OK,ASW,CE,Federal Contract Tower,0,6,8,42,56,0,0,16,42,58,0,6,24,84,114,16,28,44,158
09/04/2003,WDG,OK,ASW,CE,Federal Contract Tower,0,10,8,53,71,0,0,30,53,83,0,10,38,106,154,44,30,74,228
09/05/2003,WDG,OK,ASW,CE,Federal Contract Tower,0,11,14,53,78,0,0,26,53,79,0,11,40,106,157,10,24,34,191
09/06/2003,WDG,OK,ASW,CE,Federal Contract Tower,0,7,5,9,21,0,0,52,9,61,0,7,57,18,82,22,34,56,138
09/07/2003,WDG,OK,ASW,CE,Federal Contract Tower,0,6,7,21,34,0,0,29,25,54,0,6,36,46,88,26,52,78,166
09/08/2003,WDG,OK,ASW,CE,Federal Contract Tower,0,11,7,45,63,0,0,29,49,78,0,11,36,94,141,54,22,76,217
09/09/2003,WDG,OK,ASW,CE,Federal Contract Tower,0,15,10,62,87,0,0,42,64,106,0,15,52,126,193,18,44,62,255
09/10/2003,WDG,OK,ASW,CE,Federal Contract Tower,0,11,12,69,92,0,0,36,69,105,0,11,48,138,197,86,70,156,353
09/11/2003,WDG,OK,ASW,CE,Federal Contract Tower,0,7,9,34,50,0,0,17,34,51,0,7,26,68,101,96,8,104,205
09/12/2003,WDG,OK,ASW,CE,Federal Contract Tower,0,9,9,39,57,0,0,43,49,92,0,9,52,88,149,104,44,148,297
09/13/2003,WDG,OK,ASW,CE,Federal Contract Tower,0,6,2,0,8,0,0,12,0,12,0,6,14,0,20,32,0,32,52
09/14/2003,WDG,OK,ASW,CE,Federal Contract Tower,0,6,5,13,24,0,0,55,13,68,0,6,60,26,92,60,0,60,152
09/15/2003,WDG,OK,ASW,CE,Federal Contract Tower,0,11,8,42,61,0,0,42,42,84,0,11,50,84,145,80,66,146,291
09/16/2003,WDG,OK,ASW,CE,Federal Contract Tower,0,9,11,46,66,0,0,39,64,103,0,9,50,110,169,80,34,114,283
09/17/2003,WDG,OK,ASW,CE,Federal Contract Tower,0,10,7,26,43,0,0,18,26,44,0,10,25,52,87,40,28,68,155
09/18/2003,WDG,OK,ASW,CE,Federal Contract Tower,0,11,9,36,56,0,0,12,40,52,0,11,21,76,108,26,32,58,166
09/19/2003,WDG,OK,ASW,CE,Federal Contract Tower,0,12,11,16,39,0,0,32,20,52,0,12,43,36,91,94,24,118,209
09/20/2003,WDG,OK,ASW,CE,Federal Contract Tower,0,5,13,6,24,0,0,63,8,71,0,5,76,14,95,106,2,108,203
09/21/2003,WDG,OK,ASW,CE,Federal Contract Tower,0,6,3,9,18,0,0,13,11,24,0,6,16,20,42,20,4,24,66
09/22/2003,WDG,OK,ASW,CE,Federal Contract Tower,0,12,19,36,67,0,0,21,36,57,0,12,40,72,124,6,24,30,154
09/23/2003,WDG,OK,ASW,CE,Federal Contract Tower,0,10,17,34,61,0,0,28,34,62,0,10,45,68,123,28,14,42,165
09/24/2003,WDG,OK,ASW,CE,Federal Contract Tower,0,10,18,16,44,0,0,35,18,53,0,10,53,34,97,54,20,74,171
09/25/2003,WDG,OK,ASW,CE,Federal Contract Tower,0,11,11,16,38,0,0,18,20,38,0,11,29,36,76,28,32,60,136
09/26/2003,WDG,OK,ASW,CE,Federal Contract Tower,0,11,10,5,26,0,0,36,5,41,0,11,46,10,67,20,16,36,103
09/27/2003,WDG,OK,ASW,CE,Federal Contract Tower,0,4,3,0,7,0,0,41,0,41,0,4,44,0,48,50,0,50,98
09/28/2003,WDG,OK,ASW,CE,Federal Contract Tower,0,6,10,0,16,0,0,25,0,25,0,6,35,0,41,40,0,40,81
09/29/2003,WDG,OK,ASW,CE,Federal Contract Tower,0,11,6,0,17,0,0,5,0,5,0,11,11,0,22,20,0,20,42
09/30/2003,WDG,OK,ASW,CE,Federal Contract Tower,0,11,9,0,20,0,0,4,0,4,0,11,13,0,24,4,0,4,28
10/01/2003,WDG,OK,ASW,CE,Federal Contract Tower,0,7,19,38,64,0,0,32,44,76,0,7,51,82,140,64,18,82,222
10/02/2003,WDG,OK,ASW,CE,Federal Contract Tower,0,10,15,38,63,0,0,37,46,83,0,10,52,84,146,52,16,68,214
10/03/2003,WDG,OK,ASW,CE,Federal Contract Tower,0,12,9,45,66,0,0,67,55,122,0,12,76,100,188,100,30,130,318
10/04/2003,WDG,OK,ASW,CE,Federal Contract Tower,0,7,2,4,13,0,0,25,0,25,0,7,27,4,38,28,0,28,66
10/05/2003,WDG,OK,ASW,CE,Federal Contract Tower,0,7,9,1,17,0,0,24,1,25,0,7,33,2,42,44,0,44,86
10/06/2003,WDG,OK,ASW,CE,Federal Contract Tower,0,15,7,36,58,0,0,19,40,59,0,15,26,76,117,18,36,54,171
10/07/2003,WDG,OK,ASW,CE,Federal Contract Tower,0,13,22,46,81,0,0,29,50,79,0,13,51,96,160,66,42,108,268
10/08/2003,WDG,OK,ASW,CE,Federal Contract Tower,0,7,12,55,74,0,0,32,65,97,0,7,44,120,171,50,74,124,295
10/09/2003,WDG,OK,ASW,CE,Federal Contract Tower,0,8,11,29,48,0,0,31,49,80,0,8,42,78,128,58,52,110,238
10/10/2003,WDG,OK,ASW,CE,Federal Contract Tower,0,12,16,29,57,0,0,26,29,55,0,12,42,58,112,34,40,74,186
10/11/2003,WDG,OK,ASW,CE,Federal Contract Tower,0,7,8,0,15,0,0,22,0,22,0,7,30,0,37,16,0,16,53
10/12/2003,WDG,OK,ASW,CE,Federal Contract Tower,0,6,11,0,17,0,0,32,0,32,0,6,43,0,49,28,0,28,77
10/13/2003,WDG,OK,ASW,CE,Federal Contract Tower,0,12,10,0,22,0,0,23,0,23,0,12,33,0,45,54,0,54,99
10/14/2003,WDG,OK,ASW,CE,Federal Contract Tower,0,11,15,31,57,0,0,45,41,86,0,11,60,72,143,40,70,110,253
10/15/2003,WDG,OK,ASW,CE,Federal Contract Tower,0,11,13,35,59,0,0,65,45,110,0,11,78,80,169,50,30,80,249
10/16/2003,WDG,OK,ASW,CE,Federal Contract Tower,0,11,6,39,56,0,0,22,39,61,0,11,28,78,117,64,28,92,209
10/17/2003,WDG,OK,ASW,CE,Federal Contract Tower,0,9,5,16,30,0,0,20,16,36,0,9,25,32,66,64,16,80,146
10/18/2003,WDG,OK,ASW,CE,Federal Contract Tower,0,8,3,0,11,0,0,58,0,58,0,8,61,0,69,48,0,48,117
10/19/2003,WDG,OK,ASW,CE,Federal Contract Tower,0,6,8,11,25,0,0,38,13,51,0,6,46,24,76,36,18,54,130
10/20/2003,WDG,OK,ASW,CE,Federal Contract Tower,0,8,14,50,72,0,0,56,60,116,0,8,70,110,188,36,40,76,264
10/21/2003,WDG,OK,ASW,CE,Federal Contract Tower,0,12,16,42,70,0,0,32,48,80,0,12,48,90,150,98,72,170,320
10/22/2003,WDG,OK,ASW,CE,Federal Contract Tower,0,11,7,37,55,0,0,36,37,73,0,11,43,74,128,40,88,128,256
10/23/2003,WDG,OK,ASW,CE,Federal Contract Tower,0,11,7,44,62,0,0,29,44,73,0,11,36,88,135,78,84,162,297
10/24/2003,WDG,OK,ASW,CE,Federal Contract Tower,0,11,7,38,56,0,0,31,42,73,0,11,38,80,129,36,68,104,233
10/25/2003,WDG,OK,ASW,CE,Federal Contract Tower,0,8,4,0,12,0,0,38,0,38,0,8,42,0,50,28,0,28,78
10/26/2003,WDG,OK,ASW,CE,Federal Contract Tower,0,4,6,6,16,0,0,32,6,38,0,4,38,12,54,32,2,34,88
10/27/2003,WDG,OK,ASW,CE,Federal Contract Tower,0,10,9,36,55,0,0,41,58,99,0,10,50,94,154,88,58,146,300
10/28/2003,WDG,OK,ASW,CE,Federal Contract Tower,0,11,10,44,65,0,0,28,44,72,0,11,38,88,137,32,40,72,209
10/29/2003,WDG,OK,ASW,CE,Federal Contract Tower,0,11,7,42,60,0,0,11,42,53,0,11,18,84,113,12,54,66,179
10/30/2003,WDG,OK,ASW,CE,Federal Contract Tower,0,11,10,32,53,0,0,29,36,65,0,11,39,68,118,44,82,126,244
10/31/2003,WDG,OK,ASW,CE,Federal Contract Tower,0,12,9,38,59,0,0,38,35,73,0,12,47,73,132,52,84,136,268
11/01/2003,WDG,OK,ASW,CE,Federal Contract Tower,0,8,11,0,19,0,0,9,0,9,0,8,20,0,28,0,0,0,28
11/02/2003,WDG,OK,ASW,CE,Federal Contract Tower,0,6,4,2,12,0,0,14,2,16,0,6,18,4,28,36,0,36,64
11/03/2003,WDG,OK,ASW,CE,Federal Contract Tower,0,11,9,27,47,0,0,13,27,40,0,11,22,54,87,4,2,6,93
11/04/2003,WDG,OK,ASW,CE,Federal Contract Tower,0,12,8,38,58,0,0,16,38,54,0,12,24,76,112,28,0,28,140
11/05/2003,WDG,OK,ASW,CE,Federal Contract Tower,0,11,9,0,20,0,0,14,0,14,0,11,23,0,34,18,0,18,52
11/06/2003,WDG,OK,ASW,CE,Federal Contract Tower,0,11,12,14,37,0,0,19,15,34,0,11,31,29,71,32,14,46,117
11/07/2003,WDG,OK,ASW,CE,Federal Contract Tower,0,12,7,9,28,0,0,16,11,27,0,12,23,20,55,20,10,30,85
11/08/2003,WDG,OK,ASW,CE,Federal Contract Tower,0,8,8,1,17,0,0,0,0,0,0,8,8,1,17,0,0,0,17
11/09/2003,WDG,OK,ASW,CE,Federal Contract Tower,0,6,7,3,16,0,0,6,3,9,0,6,13,6,25,16,0,16,41
11/10/2003,WDG,OK,ASW,CE,Federal Contract Tower,0,11,7,6,24,0,0,5,6,11,0,11,12,12,35,0,0,0,35
11/11/2003,WDG,OK,ASW,CE,Federal Contract Tower,0,9,20,0,29,0,0,43,0,43,0,9,63,0,72,62,0,62,134
11/12/2003,WDG,OK,ASW,CE,Federal Contract Tower,0,12,4,34,50,0,0,28,40,68,0,12,32,74,118,46,32,78,196
11/13/2003,WDG,OK,ASW,CE,Federal Contract Tower,0,10,2,17,29,0,0,26,89,115,0,10,28,106,144,12,282,294,438
11/14/2003,WDG,OK,ASW,CE,Federal Contract Tower,0,11,8,10,29,0,0,16,23,39,0,11,24,33,68,32,46,78,146
11/15/2003,WDG,OK,ASW,CE,Federal Contract Tower,0,8,8,4,20,0,0,9,0,9,0,8,17,4,29,0,0,0,29
11/16/2003,WDG,OK,ASW,CE,Federal Contract Tower,0,6,14,5,25,0,0,26,5,31,0,6,40,10,56,26,0,26,82
11/17/2003,WDG,OK,ASW,CE,Federal Contract Tower,0,10,3,6,19,0,0,1,6,7,0,10,4,12,26,0,0,0,26
11/18/2003,WDG,OK,ASW,CE,Federal Contract Tower,0,12,8,14,34,0,0,23,126,149,0,12,31,140,183,18,290,308,491
11/19/2003,WDG,OK,ASW,CE,Federal Contract Tower,0,12,4,0,16,0,0,34,168,202,0,12,38,168,218,50,400,450,668
11/20/2003,WDG,OK,ASW,CE,Federal Contract Tower,0,10,6,8,24,0,1,32,237,270,0,11,38,245,294,24,382,406,700
11/21/2003,WDG,OK,ASW,CE,Federal Contract Tower,0,11,11,0,22,0,0,47,142,189,0,11,58,142,211,14,370,384,595
11/22/2003,WDG,OK,ASW,CE,Federal Contract Tower,0,7,7,1,15,0,0,46,0,46,0,7,53,1,61,24,0,24,85
11/23/2003,WDG,OK,ASW,CE,Federal Contract Tower,0,6,1,9,16,0,0,13,8,21,0,6,14,17,37,6,12,18,55
11/24/2003,WDG,OK,ASW,CE,Federal Contract Tower,0,11,13,1,25,0,0,22,121,143,0,11,35,122,168,12,262,274,442
11/25/2003,WDG,OK,ASW,CE,Federal Contract Tower,0,11,11,1,23,0,0,45,158,203,0,11,56,159,226,40,364,404,630
11/26/2003,WDG,OK,ASW,CE,Federal Contract Tower,0,11,14,0,25,0,0,38,68,106,0,11,52,68,131,52,154,206,337
11/27/2003,WDG,OK,ASW,CE,Federal Contract Tower,0,9,1,0,10,0,0,5,0,5,0,9,6,0,15,0,0,0,15
11/28/2003,WDG,OK,ASW,CE,Federal Contract Tower,0,10,11,0,21,0,0,36,0,36,0,10,47,0,57,12,0,12,69
11/29/2003,WDG,OK,ASW,CE,Federal Contract Tower,0,8,5,0,13,0,0,22,0,22,0,8,27,0,35,16,0,16,51
11/30/2003,WDG,OK,ASW,CE,Federal Contract Tower,0,6,4,0,10,0,0,25,0,25,0,6,29,0,35,22,0,22,57
12/01/2003,WDG,OK,ASW,CE,Federal Contract Tower,0,11,11,0,22,0,1,17,134,152,0,12,28,134,174,18,350,368,542
12/02/2003,WDG,OK,ASW,CE,Federal Contract Tower,0,8,7,21,36,0,0,29,49,78,0,8,36,70,114,38,154,192,306
12/03/2003,WDG,OK,ASW,CE,Federal Contract Tower,0,11,10,15,36,0,0,23,23,46,0,11,33,38,82,40,60,100,182
12/04/2003,WDG,OK,ASW,CE,Federal Contract Tower,0,11,9,2,22,0,0,23,48,71,0,11,32,50,93,50,112,162,255
12/05/2003,WDG,OK,ASW,CE,Federal Contract Tower,0,12,10,11,33,0,0,21,115,136,0,12,31,126,169,34,268,302,471
12/06/2003,WDG,OK,ASW,CE,Federal Contract Tower,0,7,9,19,35,0,0,34,3,37,0,7,43,22,72,28,22,50,122
12/07/2003,WDG,OK,ASW,CE,Federal Contract Tower,0,6,5,11,22,0,0,5,10,15,0,6,10,21,37,0,0,0,37
12/08/2003,WDG,OK,ASW,CE,Federal Contract Tower,0,10,3,6,19,0,1,26,116,143,0,11,29,122,162,20,266,286,448
12/09/2003,WDG,OK,ASW,CE,Federal Contract Tower,0,6,2,0,8,0,0,0,0,0,0,6,2,0,8,0,0,0,8
12/10/2003,WDG,OK,ASW,CE,Federal Contract Tower,0,10,11,3,24,0,0,21,79,100,0,10,32,82,124,30,166,196,320
12/11/2003,WDG,OK,ASW,CE,Federal Contract Tower,0,11,15,3,29,0,0,47,137,184,0,11,62,140,213,54,266,320,533
12/12/2003,WDG,OK,ASW,CE,Federal Contract Tower,0,8,4,0,12,0,0,7,18,25,0,8,11,18,37,16,44,60,97
12/13/2003,WDG,OK,ASW,CE,Federal Contract Tower,0,6,1,0,7,0,0,0,0,0,0,6,1,0,7,0,0,0,7
12/14/2003,WDG,OK,ASW,CE,Federal Contract Tower,0,6,7,15,28,0,0,5,15,20,0,6,12,30,48,2,0,2,50
12/15/2003,WDG,OK,ASW,CE,Federal Contract Tower,0,14,2,0,16,0,0,23,98,121,0,14,25,98,137,54,214,268,405
12/16/2003,WDG,OK,ASW,CE,Federal Contract Tower,0,11,8,7,26,0,0,38,155,193,0,11,46,162,219,56,348,404,623
12/17/2003,WDG,OK,ASW,CE,Federal Contract Tower,0,11,6,5,22,0,0,101,247,348,0,11,107,252,370,68,462,530,900
12/18/2003,WDG,OK,ASW,CE,Federal Contract Tower,0,11,13,1,25,0,0,71,133,204,0,11,84,134,229,46,308,354,583
12/19/2003,WDG,OK,ASW,CE,Federal Contract Tower,0,11,7,3,21,0,0,99,133,232,0,11,106,136,253,50,274,324,577
12/20/2003,WDG,OK,ASW,CE,Federal Contract Tower,0,7,4,7,18,0,0,52,1,53,0,7,56,8,71,76,0,76,147
12/21/2003,WDG,OK,ASW,CE,Federal Contract Tower,0,6,5,4,15,0,0,79,1,80,0,6,84,5,95,16,0,16,111
12/22/2003,WDG,OK,ASW,CE,Federal Contract Tower,0,11,4,9,24,0,0,44,7,51,0,11,48,16,75,0,10,10,85
12/23/2003,WDG,OK,ASW,CE,Federal Contract Tower,0,10,9,0,19,0,0,59,0,59,0,10,68,0,78,42,0,42,120
12/24/2003,WDG,OK,ASW,CE,Federal Contract Tower,0,12,4,0,16,0,0,31,0,31,0,12,35,0,47,18,0,18,65
12/25/2003,WDG,OK,ASW,CE,Federal Contract Tower,0,9,0,0,9,0,0,14,4,18,0,9,14,4,27,10,2,12,39
12/26/2003,WDG,OK,ASW,CE,Federal Contract Tower,0,8,8,0,16,0,0,15,0,15,0,8,23,0,31,2,0,2,33
12/27/2003,WDG,OK,ASW,CE,Federal Contract Tower,0,7,4,0,11,0,0,23,0,23,0,7,27,0,34,6,0,6,40
12/28/2003,WDG,OK,ASW,CE,Federal Contract Tower,0,5,4,0,9,0,0,28,0,28,0,5,32,0,37,16,0,16,53
12/29/2003,WDG,OK,ASW,CE,Federal Contract Tower,0,12,6,0,18,0,0,37,0,37,0,12,43,0,55,46,0,46,101
12/30/2003,WDG,OK,ASW,CE,Federal Contract Tower,0,12,1,0,13,0,0,21,0,21,0,12,22,0,34,12,0,12,46
12/31/2003,WDG,OK,ASW,CE,Federal Contract Tower,0,12,5,0,17,0,0,28,0,28,0,12,33,0,45,74,0,74,119
01/01/2004,WDG,OK,ASW,CE,Federal Contract Tower,0,9,4,0,13,0,0,7,0,7,0,9,11,0,20,0,0,0,20
01/02/2004,WDG,OK,ASW,CE,Federal Contract Tower,0,12,5,0,17,0,0,15,0,15,0,12,20,0,32,10,0,10,42
01/03/2004,WDG,OK,ASW,CE,Federal Contract Tower,0,7,5,0,12,0,0,35,0,35,0,7,40,0,47,28,0,28,75
01/04/2004,WDG,OK,ASW,CE,Federal Contract Tower,0,6,5,0,11,0,0,13,0,13,0,6,18,0,24,0,0,0,24
01/05/2004,WDG,OK,ASW,CE,Federal Contract Tower,0,12,7,0,19,0,0,14,60,74,0,12,21,60,93,0,128,128,221
01/06/2004,WDG,OK,ASW,CE,Federal Contract Tower,0,12,10,0,22,0,0,19,92,111,0,12,29,92,133,4,244,248,381
01/07/2004,WDG,OK,ASW,CE,Federal Contract Tower,0,12,6,2,20,0,0,15,162,177,0,12,21,164,197,12,444,456,653
01/08/2004,WDG,OK,ASW,CE,Federal Contract Tower,0,11,8,4,23,0,0,42,136,178,0,11,50,140,201,4,350,354,555
01/09/2004,WDG,OK,ASW,CE,Federal Contract Tower,0,11,5,11,27,0,0,30,143,173,0,11,35,154,200,12,320,332,532
01/10/2004,WDG,OK,ASW,CE,Federal Contract Tower,0,6,3,0,9,0,0,68,0,68,0,6,71,0,77,62,0,62,139
01/11/2004,WDG,OK,ASW,CE,Federal Contract Tower,0,6,6,5,17,0,0,18,9,27,0,6,24,14,44,32,28,60,104
01/12/2004,WDG,OK,ASW,CE,Federal Contract Tower,0,11,2,15,28,0,0,13,125,138,0,11,15,140,166,32,296,328,494
01/13/2004,WDG,OK,ASW,CE,Federal Contract Tower,0,11,10,9,30,0,0,31,155,186,0,11,41,164,216,10,400,410,626
01/14/2004,WDG,OK,ASW,CE,Federal Contract Tower,0,10,8,11,29,0,0,32,93,125,0,10,40,104,154,24,180,204,358
01/15/2004,WDG,OK,ASW,CE,Federal Contract Tower,0,9,5,1,15,0,0,16,121,137,0,9,21,122,152,50,280,330,482
01/16/2004,WDG,OK,ASW,CE,Federal Contract Tower,0,6,3,0,9,0,0,1,0,1,0,6,4,0,10,0,0,0,10
01/17/2004,WDG,OK,ASW,CE,Federal Contract Tower,0,6,3,0,9,0,0,0,0,0,0,6,3,0,9,0,0,0,9
01/18/2004,WDG,OK,ASW,CE,Federal Contract Tower,0,6,6,1,13,0,0,9,0,9,0,6,15,1,22,4,0,4,26
01/19/2004,WDG,OK,ASW,CE,Federal Contract Tower,0,9,5,0,14,0,0,33,0,33,0,9,38,0,47,32,0,32,79
01/20/2004,WDG,OK,ASW,CE,Federal Contract Tower,0,5,13,46,64,0,7,41,50,98,0,12,54,96,162,40,8,48,210
01/21/2004,WDG,OK,ASW,CE,Federal Contract Tower,0,12,6,28,46,0,0,31,34,65,0,12,37,62,111,44,14,58,169
01/22/2004,WDG,OK,ASW,CE,Federal Contract Tower,0,11,4,51,66,0,0,31,57,88,0,11,35,108,154,26,56,82,236
01/23/2004,WDG,OK,ASW,CE,Federal Contract Tower,0,11,6,22,39,0,0,30,26,56,0,11,36,48,95,52,24,76,171
01/24/2004,WDG,OK,ASW,CE,Federal Contract Tower,0,8,5,0,13,0,0,0,0,0,0,8,5,0,13,0,0,0,13
01/25/2004,WDG,OK,ASW,CE,Federal Contract Tower,0,1,0,1,2,0,0,0,0,0,0,1,0,1,2,0,0,0,2
01/26/2004,WDG,OK,ASW,CE,Federal Contract Tower,0,10,5,0,15,0,0,1,0,1,0,10,6,0,16,0,0,0,16
01/27/2004,WDG,OK,ASW,CE,Federal Contract Tower,0,10,4,33,47,0,0,22,37,59,0,10,26,70,106,10,40,50,156
01/28/2004,WDG,OK,ASW,CE,Federal Contract Tower,0,11,12,64,87,0,0,33,72,105,0,11,45,136,192,32,46,78,270
01/29/2004,WDG,OK,ASW,CE,Federal Contract Tower,0,8,5,6,19,0,0,2,6,8,0,8,7,12,27,10,0,10,37
01/30/2004,WDG,OK,ASW,CE,Federal Contract Tower,0,12,10,26,48,0,0,36,32,68,0,12,46,58,116,78,14,92,208
01/31/2004,WDG,OK,ASW,CE,Federal Contract Tower,0,6,6,6,18,0,0,3,0,3,0,6,9,6,21,4,0,4,25
02/01/2004,WDG,OK,ASW,CE,Federal Contract Tower,0,4,0,0,4,0,0,0,0,0,0,4,0,0,4,0,0,0,4
02/02/2004,WDG,OK,ASW,CE,Federal Contract Tower,0,6,1,25,32,0,0,26,25,51,0,6,27,50,83,24,2,26,109
02/03/2004,WDG,OK,ASW,CE,Federal Contract Tower,0,9,7,49,65,0,0,21,43,64,0,9,28,92,129,70,26,96,225
02/04/2004,WDG,OK,ASW,CE,Federal Contract Tower,0,1,2,0,3,0,0,1,0,1,0,1,3,0,4,2,0,2,6
02/05/2004,WDG,OK,ASW,CE,Federal Contract Tower,0,7,2,0,9,0,0,0,0,0,0,7,2,0,9,0,0,0,9
02/06/2004,WDG,OK,ASW,CE,Federal Contract Tower,0,12,11,30,53,0,0,10,0,10,0,12,21,30,63,50,18,68,131
02/07/2004,WDG,OK,ASW,CE,Federal Contract Tower,0,7,7,3,17,0,0,36,0,36,0,7,43,3,53,66,0,66,119
02/08/2004,WDG,OK,ASW,CE,Federal Contract Tower,0,6,4,17,27,0,0,7,17,24,0,6,11,34,51,0,30,30,81
02/09/2004,WDG,OK,ASW,CE,Federal Contract Tower,0,8,8,52,68,0,0,24,56,80,0,8,32,108,148,42,24,66,214
02/10/2004,WDG,OK,ASW,CE,Federal Contract Tower,0,12,2,69,83,0,0,57,87,144,0,12,59,156,227,92,54,146,373
02/11/2004,WDG,OK,ASW,CE,Federal Contract Tower,0,11,11,76,98,0,0,41,84,125,0,11,52,160,223,94,28,122,345
02/12/2004,WDG,OK,ASW,CE,Federal Contract Tower,0,12,1,63,76,0,0,45,73,118,0,12,46,136,194,98,134,232,426
02/13/2004,WDG,OK,ASW,CE,Federal Contract Tower,0,11,8,48,67,0,0,58,48,106,0,11,66,96,173,136,20,156,329
02/14/2004,WDG,OK,ASW,CE,Federal Contract Tower,0,8,2,0,10,0,0,32,0,32,0,8,34,0,42,50,0,50,92
02/15/2004,WDG,OK,ASW,CE,Federal Contract Tower,0,6,3,0,9,0,0,19,0,19,0,6,22,0,28,30,0,30,58
02/16/2004,WDG,OK,ASW,CE,Federal Contract Tower,0,14,6,1,21,0,0,61,0,61,0,14,67,1,82,110,2,112,194
02/17/2004,WDG,OK,ASW,CE,Federal Contract Tower,0,13,13,36,62,0,0,37,40,77,0,13,50,76,139,54,8,62,201
02/18/2004,WDG,OK,ASW,CE,Federal Contract Tower,0,11,8,57,76,0,0,43,93,136,0,11,51,150,212,34,80,114,326
02/19/2004,WDG,OK,ASW,CE,Federal Contract Tower,0,10,7,38,55,0,0,21,38,59,0,10,28,76,114,0,20,20,134
02/20/2004,WDG,OK,ASW,CE,Federal Contract Tower,0,11,6,28,45,0,0,32,28,60,0,11,38,56,105,18,10,28,133
02/21/2004,WDG,OK,ASW,CE,Federal Contract Tower,0,7,6,11,24,0,0,62,2,64,0,7,68,13,88,32,6,38,126
02/22/2004,WDG,OK,ASW,CE,Federal Contract Tower,0,6,11,31,48,0,0,16,40,56,0,6,27,71,104,22,40,62,166
02/23/2004,WDG,OK,ASW,CE,Federal Contract Tower,0,11,8,78,97,0,0,26,102,128,0,11,34,180,225,70,100,170,395
02/24/2004,WDG,OK,ASW,CE,Federal Contract Tower,0,11,4,16,31,0,0,8,18,26,0,11,12,34,57,34,12,46,103
02/25/2004,WDG,OK,ASW,CE,Federal Contract Tower,0,11,6,28,45,0,0,36,28,64,0,11,42,56,109,38,4,42,151
02/26/2004,WDG,OK,ASW,CE,Federal Contract Tower,0,12,11,30,53,0,0,47,30,77,0,12,58,60,130,50,18,68,198
02/27/2004,WDG,OK,ASW,CE,Federal Contract Tower,0,11,7,17,35,0,0,30,21,51,0,11,37,38,86,38,32,70,156
02/28/2004,WDG,OK,ASW,CE,Federal Contract Tower,0,7,5,3,15,0,0,11,3,14,0,7,16,6,29,16,10,26,55
02/29/2004,WDG,OK,ASW,CE,Federal Contract Tower,0,6,2,9,17,0,0,5,27,32,0,6,7,36,49,0,20,20,69
03/01/2004,WDG,OK,ASW,CE,Federal Contract Tower,0,11,5,16,32,0,0,16,18,34,0,11,21,34,66,14,6,20,86
03/02/2004,WDG,OK,ASW,CE,Federal Contract Tower,0,11,11,32,54,0,0,43,32,75,0,11,54,64,129,68,20,88,217
03/03/2004,WDG,OK,ASW,CE,Federal Contract Tower,0,11,2,0,13,0,0,0,0,0,0,11,2,0,13,0,0,0,13
03/04/2004,WDG,OK,ASW,CE,Federal Contract Tower,0,2,2,0,4,0,0,0,0,0,0,2,2,0,4,0,0,0,4
03/05/2004,WDG,OK,ASW,CE,Federal Contract Tower,0,12,23,35,70,0,0,42,45,87,0,12,65,80,157,32,28,60,217
03/06/2004,WDG,OK,ASW,CE,Federal Contract Tower,0,3,5,2,10,0,0,64,2,66,0,3,69,4,76,102,0,102,178
03/07/2004,WDG,OK,ASW,CE,Federal Contract Tower,0,2,4,11,17,0,0,26,15,41,0,2,30,26,58,60,12,72,130
03/08/2004,WDG,OK,ASW,CE,Federal Contract Tower,0,11,16,47,74,0,0,48,47,95,0,11,64,94,169,98,12,110,279
03/09/2004,WDG,OK,ASW,CE,Federal Contract Tower,0,11,3,40,54,0,0,40,40,80,0,11,43,80,134,90,10,100,234
03/10/2004,WDG,OK,ASW,CE,Federal Contract Tower,0,9,3,42,54,0,0,29,48,77,0,9,32,90,131,82,34,116,247
03/11/2004,WDG,OK,ASW,CE,Federal Contract Tower,0,13,14,75,102,0,0,43,85,128,0,13,57,160,230,134,54,188,418
03/12/2004,WDG,OK,ASW,CE,Federal Contract Tower,0,11,11,45,67,0,0,55,65,120,0,11,66,110,187,104,58,162,349
03/13/2004,WDG,OK,ASW,CE,Federal Contract Tower,0,8,4,0,12,0,0,6,0,6,0,8,10,0,18,6,0,6,24
03/14/2004,WDG,OK,ASW,CE,Federal Contract Tower,0,6,8,19,33,0,0,20,19,39,0,6,28,38,72,40,0,40,112
03/15/2004,WDG,OK,ASW,CE,Federal Contract Tower,0,12,4,39,55,0,0,33,35,68,0,12,37,74,123,66,0,66,189
03/16/2004,WDG,OK,ASW,CE,Federal Contract Tower,0,11,4,75,90,0,0,49,85,134,0,11,53,160,224,78,46,124,348
03/17/2004,WDG,OK,ASW,CE,Federal Contract Tower,0,11,3,60,74,0,0,41,68,109,0,11,44,128,183,80,94,174,357
03/18/2004,WDG,OK,ASW,CE,Federal Contract Tower,0,11,9,23,43,0,0,28,29,57,0,11,37,52,100,38,44,82,182
03/19/2004,WDG,OK,ASW,CE,Federal Contract Tower,0,10,14,10,34,0,0,4,3,7,0,10,18,13,41,36,0,36,77
03/20/2004,WDG,OK,ASW,CE,Federal Contract Tower,0,8,5,8,21,0,0,26,3,29,0,8,31,11,50,38,2,40,90
03/21/2004,WDG,OK,ASW,CE,Federal Contract Tower,0,6,2,14,22,0,0,36,8,44,0,6,38,22,66,54,2,56,122
03/22/2004,WDG,OK,ASW,CE,Federal Contract Tower,0,11,3,37,51,0,0,24,43,67,0,11,27,80,118,22,34,56,174
03/23/2004,WDG,OK,ASW,CE,Federal Contract Tower,0,13,6,54,73,0,0,25,62,87,0,13,31,116,160,28,102,130,290
03/24/2004,WDG,OK,ASW,CE,Federal Contract Tower,0,11,10,82,103,0,0,7,88,95,0,11,17,170,198,16,12,28,226
03/25/2004,WDG,OK,ASW,CE,Federal Contract Tower,0,9,3,38,50,0,2,13,52,67,0,11,16,90,117,0,44,44,161
03/26/2004,WDG,OK,ASW,CE,Federal Contract Tower,0,12,12,47,71,0,0,12,46,58,0,12,24,93,129,12,76,88,217
03/27/2004,WDG,OK,ASW,CE,Federal Contract Tower,0,3,2,1,6,0,0,1,0,1,0,3,3,1,7,0,0,0,7
03/28/2004,WDG,OK,ASW,CE,Federal Contract Tower,0,6,10,15,31,0,0,32,15,47,0,6,42,30,78,32,20,52,130
03/29/2004,WDG,OK,ASW,CE,Federal Contract Tower,0,11,8,24,43,0,0,38,30,68,0,11,46,54,111,40,46,86,197
03/30/2004,WDG,OK,ASW,CE,Federal Contract Tower,0,10,15,29,54,0,0,25,41,66,0,10,40,70,120,46,28,74,194
03/31/2004,WDG,OK,ASW,CE,Federal Contract Tower,0,7,11,27,45,0,0,44,34,78,0,7,55,61,123,50,32,82,205
04/01/2004,WDG,OK,ASW,CE,Federal Contract Tower,0,11,9,27,47,0,0,23,31,54,0,11,32,58,101,56,26,82,183
04/02/2004,WDG,OK,ASW,CE,Federal Contract Tower,0,11,6,18,35,0,0,43,18,61,0,11,49,36,96,24,28,52,148
04/03/2004,WDG,OK,ASW,CE,Federal Contract Tower,0,3,3,0,6,0,0,48,0,48,0,3,51,0,54,18,0,18,72
04/04/2004,WDG,OK,ASW,CE,Federal Contract Tower,0,4,9,2,15,0,0,25,4,29,0,4,34,6,44,34,12,46,90
04/05/2004,WDG,OK,ASW,CE,Federal Contract Tower,0,11,11,21,43,0,0,36,37,73,0,11,47,58,116,22,24,46,162
04/06/2004,WDG,OK,ASW,CE,Federal Contract Tower,0,11,13,39,63,0,0,28,59,87,0,11,41,98,150,34,50,84,234
04/07/2004,WDG,OK,ASW,CE,Federal Contract Tower,0,11,8,23,42,0,0,22,23,45,0,11,30,46,87,24,20,44,131
04/08/2004,WDG,OK,ASW,CE,Federal Contract Tower,0,11,24,0,35,0,0,41,0,41,0,11,65,0,76,24,0,24,100
04/09/2004,WDG,OK,ASW,CE,Federal Contract Tower,0,13,7,24,44,0,0,15,28,43,0,13,22,52,87,26,34,60,147
04/10/2004,WDG,OK,ASW,CE,Federal Contract Tower,0,7,2,0,9,0,0,10,0,10,0,7,12,0,19,0,0,0,19
04/11/2004,WDG,OK,ASW,CE,Federal Contract Tower,0,6,4,2,12,0,0,22,0,22,0,6,26,2,34,28,0,28,62
04/12/2004,WDG,OK,ASW,CE,Federal Contract Tower,0,10,8,11,29,0,0,0,11,11,0,10,8,22,40,12,38,50,90
04/13/2004,WDG,OK,ASW,CE,Federal Contract Tower,0,8,7,27,42,0,0,27,27,54,0,8,34,54,96,20,22,42,138
04/14/2004,WDG,OK,ASW,CE,Federal Contract Tower,0,11,17,30,58,0,0,52,32,84,0,11,69,62,142,20,40,60,202
04/15/2004,WDG,OK,ASW,CE,Federal Contract Tower,0,11,12,26,49,0,0,21,30,51,0,11,33,56,100,24,28,52,152
04/16/2004,WDG,OK,ASW,CE,Federal Contract Tower,0,11,9,17,37,0,0,33,21,54,0,11,42,38,91,36,24,60,151
04/17/2004,WDG,OK,ASW,CE,Federal Contract Tower,0,8,4,2,14,0,0,26,0,26,0,8,30,2,40,6,12,18,58
04/18/2004,WDG,OK,ASW,CE,Federal Contract Tower,0,6,3,7,16,0,0,1,5,6,0,6,4,12,22,0,20,20,42
04/19/2004,WDG,OK,ASW,CE,Federal Contract Tower,0,14,8,25,47,0,0,7,25,32,0,14,15,50,79,10,30,40,119
04/20/2004,WDG,OK,ASW,CE,Federal Contract Tower,0,11,8,14,33,0,0,20,14,34,0,11,28,28,67,6,0,6,73
04/21/2004,WDG,OK,ASW,CE,Federal Contract Tower,0,14,9,15,38,0,0,35,17,52,0,14,44,32,90,12,30,42,132
04/22/2004,WDG,OK,ASW,CE,Federal Contract Tower,0,11,8,33,52,0,0,9,39,48,0,11,17,72,100,28,22,50,150
04/23/2004,WDG,OK,ASW,CE,Federal Contract Tower,0,12,8,5,25,0,0,2,0,2,0,12,10,5,27,0,0,0,27
04/24/2004,WDG,OK,ASW,CE,Federal Contract Tower,0,8,8,0,16,0,0,12,0,12,0,8,20,0,28,10,0,10,38
04/25/2004,WDG,OK,ASW,CE,Federal Contract Tower,0,6,8,8,22,0,0,28,10,38,0,6,36,18,60,40,0,40,100
04/26/2004,WDG,OK,ASW,CE,Federal Contract Tower,0,8,6,24,38,0,2,33,24,59,0,10,39,48,97,44,28,72,169
04/27/2004,WDG,OK,ASW,CE,Federal Contract Tower,0,12,18,44,74,0,0,55,50,105,0,12,73,94,179,84,82,166,345
04/28/2004,WDG,OK,ASW,CE,Federal Contract Tower,0,6,8,40,54,0,0,20,44,64,0,6,28,84,118,18,44,62,180
04/29/2004,WDG,OK,ASW,CE,Federal Contract Tower,0,9,6,42,57,0,1,12,74,87,0,10,18,116,144,34,66,100,244
04/30/2004,WDG,OK,ASW,CE,Federal Contract Tower,0,8,11,6,25,0,0,4,1,5,0,8,15,7,30,0,0,0,30
05/01/2004,WDG,OK,ASW,CE,Federal Contract Tower,0,6,4,6,16,0,0,16,3,19,0,6,20,9,35,10,0,10,45
05/02/2004,WDG,OK,ASW,CE,Federal Contract Tower,0,6,12,11,29,0,0,23,11,34,0,6,35,22,63,16,10,26,89
05/03/2004,WDG,OK,ASW,CE,Federal Contract Tower,0,11,8,42,61,0,0,25,49,74,0,11,33,91,135,24,64,88,223
05/04/2004,WDG,OK,ASW,CE,Federal Contract Tower,0,10,7,17,34,0,0,43,19,62,0,10,50,36,96,22,26,48,144
05/05/2004,WDG,OK,ASW,CE,Federal Contract Tower,0,10,13,27,50,0,1,24,37,62,0,11,37,64,112,32,30,62,174
05/06/2004,WDG,OK,ASW,CE,Federal Contract Tower,0,11,9,11,31,0,0,29,11,40,0,11,38,22,71,16,4,20,91
05/07/2004,WDG,OK,ASW,CE,Federal Contract Tower,0,11,14,16,41,0,0,28,24,52,0,11,42,40,93,2,36,38,131
05/08/2004,WDG,OK,ASW,CE,Federal Contract Tower,0,7,5,0,12,0,0,25,0,25,0,7,30,0,37,10,0,10,47
05/09/2004,WDG,OK,ASW,CE,Federal Contract Tower,0,6,8,22,36,0,0,26,26,52,0,6,34,48,88,26,24,50,138
05/10/2004,WDG,OK,ASW,CE,Federal Contract Tower,0,11,18,37,66,0,0,26,43,69,0,11,44,80,135,60,36,96,231
05/11/2004,WDG,OK,ASW,CE,Federal Contract Tower,0,12,13,31,56,0,0,27,43,70,0,12,40,74,126,88,40,128,254
05/12/2004,WDG,OK,ASW,CE,Federal Contract Tower,0,12,14,23,49,0,0,16,43,59,0,12,30,66,108,20,90,110,218
05/13/2004,WDG,OK,ASW,CE,Federal Contract Tower,0,9,5,1,15,0,0,0,1,1,0,9,5,2,16,0,0,0,16
05/14/2004,WDG,OK,ASW,CE,Federal Contract Tower,0,10,9,32,51,0,0,32,30,62,0,10,41,62,113,10,2,12,125
05/15/2004,WDG,OK,ASW,CE,Federal Contract Tower,0,6,8,1,15,0,0,60,3,63,0,6,68,4,78,60,0,60,138
05/16/2004,WDG,OK,ASW,CE,Federal Contract Tower,0,5,6,4,15,0,0,48,2,50,0,5,54,6,65,26,12,38,103
05/17/2004,WDG,OK,ASW,CE,Federal Contract Tower,0,11,21,8,40,0,0,13,66,79,0,11,34,74,119,14,30,44,163
05/18/2004,WDG,OK,ASW,CE,Federal Contract Tower,0,7,34,10,51,0,0,6,60,66,0,7,40,70,117,84,8,92,209
05/19/2004,WDG,OK,ASW,CE,Federal Contract Tower,0,12,5,18,35,0,0,30,18,48,0,12,35,36,83,18,2,20,103
05/20/2004,WDG,OK,ASW,CE,Federal Contract Tower,0,11,3,15,29,0,0,29,15,44,0,11,32,30,73,16,8,24,97
05/21/2004,WDG,OK,ASW,CE,Federal Contract Tower,0,9,12,17,38,0,0,22,21,43,0,9,34,38,81,42,22,64,145
05/22/2004,WDG,OK,ASW,CE,Federal Contract Tower,0,7,5,18,30,0,0,32,6,38,0,7,37,24,68,34,12,46,114
05/23/2004,WDG,OK,ASW,CE,Federal Contract Tower,0,6,5,11,22,0,0,40,5,45,0,6,45,16,67,12,2,14,81
05/24/2004,WDG,OK,ASW,CE,Federal Contract Tower,0,11,12,11,34,0,0,23,23,46,0,11,35,34,80,36,46,82,162
05/25/2004,WDG,OK,ASW,CE,Federal Contract Tower,0,7,13,28,48,0,0,5,28,33,0,7,18,56,81,16,0,16,97
05/26/2004,WDG,OK,ASW,CE,Federal Contract Tower,0,10,14,41,65,0,0,16,41,57,0,10,30,82,122,16,12,28,150
05/27/2004,WDG,OK,ASW,CE,Federal Contract Tower,0,10,6,27,43,0,0,40,33,73,0,10,46,60,116,46,58,104,220
05/28/2004,WDG,OK,ASW,CE,Federal Contract Tower,0,10,12,3,25,0,0,54,0,54,0,10,66,3,79,62,0,62,141
05/29/2004,WDG,OK,ASW,CE,Federal Contract Tower,0,7,7,1,15,0,1,11,0,12,0,8,18,1,27,6,0,6,33
05/30/2004,WDG,OK,ASW,CE,Federal Contract Tower,0,6,5,0,11,0,0,22,0,22,0,6,27,0,33,30,0,30,63
05/31/2004,WDG,OK,ASW,CE,Federal Contract Tower,0,9,8,2,19,0,0,65,0,65,0,9,73,2,84,34,0,34,118
06/01/2004,WDG,OK,ASW,CE,Federal Contract Tower,0,10,11,34,55,0,1,32,32,65,0,11,43,66,120,14,42,56,176
06/02/2004,WDG,OK,ASW,CE,Federal Contract Tower,0,5,5,14,24,0,6,27,4,37,0,11,32,18,61,32,0,32,93
06/03/2004,WDG,OK,ASW,CE,Federal Contract Tower,0,11,11,36,58,0,0,29,58,87,0,11,40,94,145,44,154,198,343
06/04/2004,WDG,OK,ASW,CE,Federal Contract Tower,0,8,7,22,37,0,3,14,10,27,0,11,21,32,64,0,60,60,124
06/05/2004,WDG,OK,ASW,CE,Federal Contract Tower,0,5,5,4,14,0,3,33,0,36,0,8,38,4,50,22,0,22,72
06/06/2004,WDG,OK,ASW,CE,Federal Contract Tower,0,2,3,9,14,0,0,30,8,38,0,2,33,17,52,16,0,16,68
06/07/2004,WDG,OK,ASW,CE,Federal Contract Tower,0,12,13,41,66,0,0,5,54,59,0,12,18,95,125,10,6,16,141
06/08/2004,WDG,OK,ASW,CE,Federal Contract Tower,0,9,9,27,45,0,2,19,43,64,0,11,28,70,109,62,58,120,229
06/09/2004,WDG,OK,ASW,CE,Federal Contract Tower,0,8,7,21,36,0,2,0,27,29,0,10,7,48,65,0,12,12,77
06/10/2004,WDG,OK,ASW,CE,Federal Contract Tower,0,11,11,36,58,0,0,37,40,77,0,11,48,76,135,10,14,24,159
06/11/2004,WDG,OK,ASW,CE,Federal Contract Tower,0,9,8,26,43,0,1,37,50,88,0,10,45,76,131,38,66,104,235
06/12/2004,WDG,OK,ASW,CE,Federal Contract Tower,0,2,3,0,5,0,5,43,0,48,0,7,46,0,53,72,0,72,125
06/13/2004,WDG,OK,ASW,CE,Federal Contract Tower,0,5,5,14,24,0,1,30,24,55,0,6,35,38,79,12,64,76,155
06/14/2004,WDG,OK,ASW,CE,Federal Contract Tower,0,11,12,38,61,0,0,24,58,82,0,11,36,96,143,32,122,154,297
06/15/2004,WDG,OK,ASW,CE,Federal Contract Tower,0,11,13,40,64,0,0,31,58,89,0,11,44,98,153,30,90,120,273
06/16/2004,WDG,OK,ASW,CE,Federal Contract Tower,0,11,9,29,49,0,0,39,47,86,0,11,48,76,135,54,88,142,277
06/17/2004,WDG,OK,ASW,CE,Federal Contract Tower,0,9,8,24,41,0,3,54,22,79,0,12,62,46,120,80,8,88,208
06/18/2004,WDG,OK,ASW,CE,Federal Contract Tower,0,10,8,29,47,0,1,29,39,69,0,11,37,68,116,74,20,94,210
06/19/2004,WDG,OK,ASW,CE,Federal Contract Tower,0,3,3,3,9,0,3,17,0,20,0,6,20,3,29,6,2,8,37
06/20/2004,WDG,OK,ASW,CE,Federal Contract Tower,0,6,6,22,34,0,0,15,25,40,0,6,21,47,74,48,16,64,138
06/21/2004,WDG,OK,ASW,CE,Federal Contract Tower,0,7,8,29,44,0,0,28,50,78,0,7,36,79,122,38,32,70,192
06/22/2004,WDG,OK,ASW,CE,Federal Contract Tower,0,11,11,38,60,0,0,40,48,88,0,11,51,86,148,8,86,94,242
06/23/2004,WDG,OK,ASW,CE,Federal Contract Tower,0,10,12,42,64,0,0,63,84,147,0,10,75,126,211,156,72,228,439
06/24/2004,WDG,OK,ASW,CE,Federal Contract Tower,0,7,10,37,54,0,0,66,47,113,0,7,76,84,167,88,46,134,301
06/25/2004,WDG,OK,ASW,CE,Federal Contract Tower,0,11,8,30,49,0,0,44,17,61,0,11,52,47,110,8,2,10,120
06/26/2004,WDG,OK,ASW,CE,Federal Contract Tower,0,4,2,4,10,0,3,49,0,52,0,7,51,4,62,40,4,44,106
06/27/2004,WDG,OK,ASW,CE,Federal Contract Tower,0,6,8,30,44,0,0,29,49,78,0,6,37,79,122,16,54,70,192
06/28/2004,WDG,OK,ASW,CE,Federal Contract Tower,0,8,7,24,39,0,3,8,18,29,0,11,15,42,68,24,2,26,94
06/29/2004,WDG,OK,ASW,CE,Federal Contract Tower,0,10,9,33,52,0,0,27,30,57,0,10,36,63,109,18,0,18,127
06/30/2004,WDG,OK,ASW,CE,Federal Contract Tower,0,12,10,36,58,0,0,22,28,50,0,12,32,64,108,80,26,106,214
07/01/2004,WDG,OK,ASW,CE,Federal Contract Tower,0,12,12,27,51,0,0,32,20,52,0,12,44,47,103,34,20,54,157
07/02/2004,WDG,OK,ASW,CE,Federal Contract Tower,0,7,5,1,13,0,2,57,0,59,0,9,62,1,72,54,0,54,126
07/03/2004,WDG,OK,ASW,CE,Federal Contract Tower,0,3,4,0,7,0,3,61,0,64,0,6,65,0,71,52,0,52,123
07/04/2004,WDG,OK,ASW,CE,Federal Contract Tower,0,2,2,0,4,0,4,3,0,7,0,6,5,0,11,2,0,2,13
07/05/2004,WDG,OK,ASW,CE,Federal Contract Tower,0,4,5,0,9,0,4,19,0,23,0,8,24,0,32,60,0,60,92
07/06/2004,WDG,OK,ASW,CE,Federal Contract Tower,0,10,12,25,47,0,0,35,31,66,0,10,47,56,113,26,0,26,139
07/07/2004,WDG,OK,ASW,CE,Federal Contract Tower,0,11,13,26,50,0,0,60,48,108,0,11,73,74,158,54,84,138,296
07/08/2004,WDG,OK,ASW,CE,Federal Contract Tower,0,12,16,34,62,0,0,37,60,97,0,12,53,94,159,34,150,184,343
07/09/2004,WDG,OK,ASW,CE,Federal Contract Tower,0,12,12,25,49,0,0,30,46,76,0,12,42,71,125,28,62,90,215
07/10/2004,WDG,OK,ASW,CE,Federal Contract Tower,0,4,4,6,14,0,3,53,0,56,0,7,57,6,70,52,2,54,124
07/11/2004,WDG,OK,ASW,CE,Federal Contract Tower,0,4,5,9,18,0,2,29,1,32,0,6,34,10,50,26,8,34,84
07/12/2004,WDG,OK,ASW,CE,Federal Contract Tower,0,12,14,28,54,0,0,65,60,125,0,12,79,88,179,186,84,270,449
07/13/2004,WDG,OK,ASW,CE,Federal Contract Tower,0,8,11,23,42,0,0,67,41,108,0,8,78,64,150,88,32,120,270
07/14/2004,WDG,OK,ASW,CE,Federal Contract Tower,0,11,11,23,45,0,0,38,25,63,0,11,49,48,108,88,36,124,232
07/15/2004,WDG,OK,ASW,CE,Federal Contract Tower,0,7,8,15,30,0,4,26,7,37,0,11,34,22,67,76,2,78,145
07/16/2004,WDG,OK,ASW,CE,Federal Contract Tower,0,8,9,19,36,0,0,51,31,82,0,8,60,50,118,142,30,172,290
07/17/2004,WDG,OK,ASW,CE,Federal Contract Tower,0,3,3,2,8,0,4,63,0,67,0,7,66,2,75,50,2,52,127
07/18/2004,WDG,OK,ASW,CE,Federal Contract Tower,0,6,10,23,39,0,0,41,37,78,0,6,51,60,117,16,0,16,133
07/19/2004,WDG,OK,ASW,CE,Federal Contract Tower,0,11,11,25,47,0,0,58,41,99,0,11,69,66,146,118,24,142,288
07/20/2004,WDG,OK,ASW,CE,Federal Contract Tower,0,11,12,28,51,0,0,44,78,122,0,11,56,106,173,52,64,116,289
07/21/2004,WDG,OK,ASW,CE,Federal Contract Tower,0,11,11,25,47,0,0,22,43,65,0,11,33,68,112,82,54,136,248
07/22/2004,WDG,OK,ASW,CE,Federal Contract Tower,0,11,15,34,60,0,0,32,60,92,0,11,47,94,152,122,104,226,378
07/23/2004,WDG,OK,ASW,CE,Federal Contract Tower,0,7,10,23,40,0,0,8,53,61,0,7,18,76,101,18,70,88,189
07/24/2004,WDG,OK,ASW,CE,Federal Contract Tower,0,4,3,0,7,0,6,6,0,12,0,10,9,0,19,0,0,0,19
07/25/2004,WDG,OK,ASW,CE,Federal Contract Tower,0,5,4,6,15,0,1,50,0,51,0,6,54,6,66,22,0,22,88
07/26/2004,WDG,OK,ASW,CE,Federal Contract Tower,0,12,12,27,51,0,1,38,41,80,0,13,50,68,131,90,64,154,285
07/27/2004,WDG,OK,ASW,CE,Federal Contract Tower,0,11,17,38,66,0,0,30,58,88,0,11,47,96,154,78,50,128,282
07/28/2004,WDG,OK,ASW,CE,Federal Contract Tower,0,8,7,10,25,0,2,7,0,9,0,10,14,10,34,0,0,0,34
07/29/2004,WDG,OK,ASW,CE,Federal Contract Tower,0,8,6,15,29,0,6,0,3,9,0,14,6,18,38,0,0,0,38
07/30/2004,WDG,OK,ASW,CE,Federal Contract Tower,0,7,11,26,44,0,0,31,18,49,0,7,42,44,93,52,0,52,145
07/31/2004,WDG,OK,ASW,CE,Federal Contract Tower,0,4,3,7,14,0,2,42,0,44,0,6,45,7,58,14,0,14,72
08/01/2004,WDG,OK,ASW,CE,Federal Contract Tower,0,5,6,18,29,0,1,35,23,59,0,6,41,41,88,24,12,36,124
08/02/2004,WDG,OK,ASW,CE,Federal Contract Tower,0,12,15,50,77,0,0,56,64,120,0,12,71,114,197,24,30,54,251
08/03/2004,WDG,OK,ASW,CE,Federal Contract Tower,0,11,11,34,56,0,0,27,32,59,0,11,38,66,115,14,10,24,139
08/04/2004,WDG,OK,ASW,CE,Federal Contract Tower,0,11,15,48,74,0,0,25,66,91,0,11,40,114,165,50,60,110,275
08/05/2004,WDG,OK,ASW,CE,Federal Contract Tower,0,10,13,42,65,0,0,27,58,85,0,10,40,100,150,48,14,62,212
08/06/2004,WDG,OK,ASW,CE,Federal Contract Tower,0,11,12,38,61,0,0,42,41,83,0,11,54,79,144,48,12,60,204
08/07/2004,WDG,OK,ASW,CE,Federal Contract Tower,0,3,4,4,11,0,7,37,0,44,0,10,41,4,55,8,0,8,63
08/08/2004,WDG,OK,ASW,CE,Federal Contract Tower,0,5,4,13,22,0,1,24,8,33,0,6,28,21,55,12,14,26,81
08/09/2004,WDG,OK,ASW,CE,Federal Contract Tower,0,11,13,43,67,0,0,25,64,89,0,11,38,107,156,42,20,62,218
08/10/2004,WDG,OK,ASW,CE,Federal Contract Tower,0,11,14,44,69,0,0,29,50,79,0,11,43,94,148,30,26,56,204
08/11/2004,WDG,OK,ASW,CE,Federal Contract Tower,0,9,14,46,69,0,0,1,71,72,0,9,15,117,141,12,30,42,183
08/12/2004,WDG,OK,ASW,CE,Federal Contract Tower,0,10,9,30,49,0,2,42,32,76,0,12,51,62,125,26,24,50,175
08/13/2004,WDG,OK,ASW,CE,Federal Contract Tower,0,9,9,27,45,0,2,28,23,53,0,11,37,50,98,32,18,50,148
08/14/2004,WDG,OK,ASW,CE,Federal Contract Tower,0,2,2,2,6,0,5,49,0,54,0,7,51,2,60,46,0,46,106
08/15/2004,WDG,OK,ASW,CE,Federal Contract Tower,0,2,2,0,4,0,2,25,0,27,0,4,27,0,31,14,0,14,45
08/16/2004,WDG,OK,ASW,CE,Federal Contract Tower,0,10,9,29,48,0,2,9,33,44,0,12,18,62,92,14,64,78,170
08/17/2004,WDG,OK,ASW,CE,Federal Contract Tower,0,10,9,28,47,0,1,26,36,63,0,11,35,64,110,18,10,28,138
08/18/2004,WDG,OK,ASW,CE,Federal Contract Tower,0,10,9,28,47,0,1,44,48,93,0,11,53,76,140,34,102,136,276
08/19/2004,WDG,OK,ASW,CE,Federal Contract Tower,0,6,5,19,30,0,1,8,9,18,0,7,13,28,48,0,6,6,54
08/20/2004,WDG,OK,ASW,CE,Federal Contract Tower,0,12,10,37,59,0,0,42,17,59,0,12,52,54,118,72,36,108,226
08/21/2004,WDG,OK,ASW,CE,Federal Contract Tower,0,3,2,0,5,0,6,53,0,59,0,9,55,0,64,52,0,52,116
08/22/2004,WDG,OK,ASW,CE,Federal Contract Tower,0,2,2,8,12,0,4,18,1,23,0,6,20,9,35,8,20,28,63
08/23/2004,WDG,OK,ASW,CE,Federal Contract Tower,0,10,8,30,48,0,1,40,32,73,0,11,48,62,121,84,20,104,225
08/24/2004,WDG,OK,ASW,CE,Federal Contract Tower,0,11,11,39,61,0,0,42,39,81,0,11,53,78,142,86,32,118,260
08/25/2004,WDG,OK,ASW,CE,Federal Contract Tower,0,9,7,27,43,0,2,46,21,69,0,11,53,48,112,78,50,128,240
08/26/2004,WDG,OK,ASW,CE,Federal Contract Tower,0,11,10,37,58,0,0,41,45,86,0,11,51,82,144,74,30,104,248
08/27/2004,WDG,OK,ASW,CE,Federal Contract Tower,0,8,8,31,47,0,0,53,27,80,0,8,61,58,127,104,20,124,251
08/28/2004,WDG,OK,ASW,CE,Federal Contract Tower,0,5,4,2,11,0,3,98,0,101,0,8,102,2,112,60,0,60,172
08/29/2004,WDG,OK,ASW,CE,Federal Contract Tower,0,4,2,8,14,0,2,38,0,40,0,6,40,8,54,8,0,8,62
08/30/2004,WDG,OK,ASW,CE,Federal Contract Tower,0,8,11,39,58,0,0,48,53,101,0,8,59,92,159,100,26,126,285
08/31/2004,WDG,OK,ASW,CE,Federal Contract Tower,0,12,10,36,58,0,1,19,44,64,0,13,29,80,122,34,16,50,172
09/01/2004,WDG,OK,ASW,CE,Federal Contract Tower,0,11,15,38,64,0,0,37,58,95,0,11,52,96,159,62,62,124,283
09/02/2004,WDG,OK,ASW,CE,Federal Contract Tower,0,11,14,34,59,0,0,69,51,120,0,11,83,85,179,140,94,234,413
09/03/2004,WDG,OK,ASW,CE,Federal Contract Tower,0,11,12,30,53,0,0,74,34,108,0,11,86,64,161,146,74,220,381
09/04/2004,WDG,OK,ASW,CE,Federal Contract Tower,0,2,3,0,5,0,5,42,0,47,0,7,45,0,52,26,0,26,78
09/05/2004,WDG,OK,ASW,CE,Federal Contract Tower,0,2,3,2,7,0,3,17,0,20,0,5,20,2,27,2,0,2,29
09/06/2004,WDG,OK,ASW,CE,Federal Contract Tower,0,5,5,0,10,0,3,50,0,53,0,8,55,0,63,24,0,24,87
09/07/2004,WDG,OK,ASW,CE,Federal Contract Tower,0,6,20,49,75,0,0,47,85,132,0,6,67,134,207,108,90,198,405
09/08/2004,WDG,OK,ASW,CE,Federal Contract Tower,0,12,13,32,57,0,0,50,70,120,0,12,63,102,177,130,78,208,385
09/09/2004,WDG,OK,ASW,CE,Federal Contract Tower,0,9,11,26,46,0,0,58,50,108,0,9,69,76,154,142,82,224,378
09/10/2004,WDG,OK,ASW,CE,Federal Contract Tower,0,12,11,27,50,0,0,34,26,60,0,12,45,53,110,116,0,116,226
09/11/2004,WDG,OK,ASW,CE,Federal Contract Tower,0,2,3,0,5,0,6,48,0,54,0,8,51,0,59,64,0,64,123
09/12/2004,WDG,OK,ASW,CE,Federal Contract Tower,0,5,5,11,21,0,1,36,5,42,0,6,41,16,63,4,0,4,67
09/13/2004,WDG,OK,ASW,CE,Federal Contract Tower,0,8,10,24,42,0,0,49,28,77,0,8,59,52,119,126,8,134,253
09/14/2004,WDG,OK,ASW,CE,Federal Contract Tower,0,8,10,24,42,0,0,66,42,108,0,8,76,66,150,40,68,108,258
09/15/2004,WDG,OK,ASW,CE,Federal Contract Tower,0,12,16,40,68,0,0,39,47,86,0,12,55,87,154,80,0,80,234
09/16/2004,WDG,OK,ASW,CE,Federal Contract Tower,0,11,13,31,55,0,0,17,51,68,0,11,30,82,123,20,20,40,163
09/17/2004,WDG,OK,ASW,CE,Federal Contract Tower,0,9,10,27,46,0,0,54,36,90,0,9,64,63,136,90,38,128,264
09/18/2004,WDG,OK,ASW,CE,Federal Contract Tower,0,3,2,2,7,0,5,42,0,47,0,8,44,2,54,80,0,80,134
09/19/2004,WDG,OK,ASW,CE,Federal Contract Tower,0,5,4,12,21,0,1,47,6,54,0,6,51,18,75,54,12,66,141
09/20/2004,WDG,OK,ASW,CE,Federal Contract Tower,0,10,9,26,45,0,1,46,32,79,0,11,55,58,124,102,0,102,226
09/21/2004,WDG,OK,ASW,CE,Federal Contract Tower,0,11,11,29,51,0,0,91,19,110,0,11,102,48,161,172,50,222,383
09/22/2004,WDG,OK,ASW,CE,Federal Contract Tower,0,5,10,27,42,0,0,57,49,106,0,5,67,76,148,118,10,128,276
09/23/2004,WDG,OK,ASW,CE,Federal Contract Tower,0,9,9,25,43,0,2,44,23,69,0,11,53,48,112,56,10,66,178
09/24/2004,WDG,OK,ASW,CE,Federal Contract Tower,0,11,10,27,48,0,0,46,37,83,0,11,56,64,131,54,46,100,231
09/25/2004,WDG,OK,ASW,CE,Federal Contract Tower,0,4,3,2,9,0,3,60,0,63,0,7,63,2,72,96,0,96,168
09/26/2004,WDG,OK,ASW,CE,Federal Contract Tower,0,2,2,1,5,0,4,33,0,37,0,6,35,1,42,46,0,46,88
09/27/2004,WDG,OK,ASW,CE,Federal Contract Tower,0,9,9,25,43,0,0,28,24,52,0,9,37,49,95,30,30,60,155
09/28/2004,WDG,OK,ASW,CE,Federal Contract Tower,0,5,5,13,23,0,1,45,5,51,0,6,50,18,74,60,8,68,142
09/29/2004,WDG,OK,ASW,CE,Federal Contract Tower,0,4,3,0,7,0,6,58,0,64,0,10,61,0,71,106,0,106,177
09/30/2004,WDG,OK,ASW,CE,Federal Contract Tower,0,7,6,0,13,0,4,59,0,63,0,11,65,0,76,52,0,52,128
10/01/2004,WDG,OK,ASW,CE,Federal Contract Tower,0,6,11,23,40,0,0,33,23,56,0,6,44,46,96,94,24,118,214
10/02/2004,WDG,OK,ASW,CE,Federal Contract Tower,0,4,2,0,6,0,0,44,0,44,0,4,46,0,50,42,0,42,92
10/03/2004,WDG,OK,ASW,CE,Federal Contract Tower,0,2,3,5,10,0,0,35,7,42,0,2,38,12,52,36,26,62,114
10/04/2004,WDG,OK,ASW,CE,Federal Contract Tower,0,4,7,30,41,0,0,23,36,59,0,4,30,66,100,10,86,96,196
10/05/2004,WDG,OK,ASW,CE,Federal Contract Tower,0,6,13,31,50,0,0,51,41,92,0,6,64,72,142,50,56,106,248
10/06/2004,WDG,OK,ASW,CE,Federal Contract Tower,0,6,14,37,57,0,0,31,37,68,0,6,45,74,125,120,28,148,273
10/07/2004,WDG,OK,ASW,CE,Federal Contract Tower,0,6,8,21,35,0,0,15,21,36,0,6,23,42,71,50,42,92,163
10/08/2004,WDG,OK,ASW,CE,Federal Contract Tower,0,6,12,13,31,0,0,24,45,69,0,6,36,58,100,28,140,168,268
10/09/2004,WDG,OK,ASW,CE,Federal Contract Tower,0,4,15,0,19,0,0,18,0,18,0,4,33,0,37,70,0,70,107
10/10/2004,WDG,OK,ASW,CE,Federal Contract Tower,0,2,8,1,11,0,0,8,0,8,0,2,16,1,19,42,0,42,61
10/11/2004,WDG,OK,ASW,CE,Federal Contract Tower,0,6,5,0,11,0,0,2,0,2,0,6,7,0,13,0,0,0,13
10/12/2004,WDG,OK,ASW,CE,Federal Contract Tower,0,6,3,27,36,0,0,44,31,75,0,6,47,58,111,62,20,82,193
10/13/2004,WDG,OK,ASW,CE,Federal Contract Tower,0,6,9,29,44,0,0,39,29,68,0,6,48,58,112,60,44,104,216
10/14/2004,WDG,OK,ASW,CE,Federal Contract Tower,0,6,2,49,57,0,0,33,55,88,0,6,35,104,145,42,38,80,225
10/15/2004,WDG,OK,ASW,CE,Federal Contract Tower,0,6,8,33,47,0,0,34,39,73,0,6,42,72,120,36,62,98,218
10/16/2004,WDG,OK,ASW,CE,Federal Contract Tower,0,4,14,0,18,0,0,49,0,49,0,4,63,0,67,26,0,26,93
10/17/2004,WDG,OK,ASW,CE,Federal Contract Tower,0,2,5,8,15,0,0,33,8,41,0,2,38,16,56,30,4,34,90
10/18/2004,WDG,OK,ASW,CE,Federal Contract Tower,0,4,12,49,65,0,0,45,49,94,0,4,57,98,159,72,26,98,257
10/19/2004,WDG,OK,ASW,CE,Federal Contract Tower,0,4,10,16,30,0,0,2,16,18,0,4,12,32,48,4,0,4,52
10/20/2004,WDG,OK,ASW,CE,Federal Contract Tower,0,6,14,36,56,0,0,20,36,56,0,6,34,72,112,20,36,56,168
10/21/2004,WDG,OK,ASW,CE,Federal Contract Tower,0,4,20,9,33,0,0,26,15,41,0,4,46,24,74,10,30,40,114
10/22/2004,WDG,OK,ASW,CE,Federal Contract Tower,0,5,10,23,38,0,1,12,25,38,0,6,22,48,76,24,28,52,128
10/23/2004,WDG,OK,ASW,CE,Federal Contract Tower,0,2,9,2,13,0,2,60,3,65,0,4,69,5,78,56,6,62,140
10/24/2004,WDG,OK,ASW,CE,Federal Contract Tower,0,2,8,14,24,0,0,39,8,47,0,2,47,22,71,28,30,58,129
10/25/2004,WDG,OK,ASW,CE,Federal Contract Tower,0,6,13,56,75,0,0,20,54,74,0,6,33,110,149,92,52,144,293
10/26/2004,WDG,OK,ASW,CE,Federal Contract Tower,0,6,5,39,50,0,0,6,49,55,0,6,11,88,105,0,62,62,167
10/27/2004,WDG,OK,ASW,CE,Federal Contract Tower,0,3,2,8,13,0,0,8,8,16,0,3,10,16,29,0,0,0,29
10/28/2004,WDG,OK,ASW,CE,Federal Contract Tower,0,4,6,25,35,0,2,6,25,33,0,6,12,50,68,0,20,20,88
10/29/2004,WDG,OK,ASW,CE,Federal Contract Tower,0,6,13,0,19,0,0,34,0,34,0,6,47,0,53,80,0,80,133
10/30/2004,WDG,OK,ASW,CE,Federal Contract Tower,0,4,9,7,20,0,0,56,2,58,0,4,65,9,78,100,10,110,188
10/31/2004,WDG,OK,ASW,CE,Federal Contract Tower,0,2,3,9,14,0,0,3,6,9,0,2,6,15,23,0,0,0,23
11/01/2004,WDG,OK,ASW,CE,Federal Contract Tower,0,6,3,42,51,0,0,16,48,64,0,6,19,90,115,28,22,50,165
11/02/2004,WDG,OK,ASW,CE,Federal Contract Tower,0,4,5,48,57,0,0,8,60,68,0,4,13,108,125,22,42,64,189
11/03/2004,WDG,OK,ASW,CE,Federal Contract Tower,0,5,6,0,11,0,1,0,0,1,0,6,6,0,12,0,0,0,12
11/04/2004,WDG,OK,ASW,CE,Federal Contract Tower,0,6,22,36,64,0,0,53,43,96,0,6,75,79,160,28,82,110,270
11/05/2004,WDG,OK,ASW,CE,Federal Contract Tower,0,6,15,8,29,0,0,50,11,61,0,6,65,19,90,58,22,80,170
11/06/2004,WDG,OK,ASW,CE,Federal Contract Tower,0,4,16,0,20,0,0,97,0,97,0,4,113,0,117,162,0,162,279
11/07/2004,WDG,OK,ASW,CE,Federal Contract Tower,0,2,22,18,42,0,0,71,36,107,0,2,93,54,149,78,80,158,307
11/08/2004,WDG,OK,ASW,CE,Federal Contract Tower,0,6,6,33,45,0,0,57,53,110,0,6,63,86,155,78,70,148,303
11/09/2004,WDG,OK,ASW,CE,Federal Contract Tower,0,6,15,28,49,0,0,38,38,76,0,6,53,66,125,36,38,74,199
11/10/2004,WDG,OK,ASW,CE,Federal Contract Tower,0,6,4,1,11,0,0,2,0,2,0,6,6,1,13,2,0,2,15
11/11/2004,WDG,OK,ASW,CE,Federal Contract Tower,0,6,9,3,18,0,0,13,0,13,0,6,22,3,31,12,2,14,45
11/12/2004,WDG,OK,ASW,CE,Federal Contract Tower,0,8,16,7,31,0,0,40,4,44,0,8,56,11,75,36,8,44,119
11/13/2004,WDG,OK,ASW,CE,Federal Contract Tower,0,4,14,2,20,0,0,51,2,53,0,4,65,4,73,28,4,32,105
11/14/2004,WDG,OK,ASW,CE,Federal Contract Tower,0,2,12,4,18,0,0,26,1,27,0,2,38,5,45,18,0,18,63
11/15/2004,WDG,OK,ASW,CE,Federal Contract Tower,0,4,2,14,20,0,0,0,13,13,0,4,2,27,33,0,0,0,33
11/16/2004,WDG,OK,ASW,CE,Federal Contract Tower,0,4,4,4,12,0,0,0,4,4,0,4,4,8,16,0,0,0,16
11/17/2004,WDG,OK,ASW,CE,Federal Contract Tower,0,8,10,6,24,0,0,7,5,12,0,8,17,11,36,0,0,0,36
11/18/2004,WDG,OK,ASW,CE,Federal Contract Tower,0,6,11,10,27,0,0,6,9,15,0,6,17,19,42,0,0,0,42
11/19/2004,WDG,OK,ASW,CE,Federal Contract Tower,0,6,10,33,49,0,0,38,39,77,0,6,48,72,126,58,14,72,198
11/20/2004,WDG,OK,ASW,CE,Federal Contract Tower,0,6,22,0,28,0,0,44,0,44,0,6,66,0,72,52,0,52,124
11/21/2004,WDG,OK,ASW,CE,Federal Contract Tower,0,2,8,7,17,0,0,0,5,5,0,2,8,12,22,0,0,0,22
11/22/2004,WDG,OK,ASW,CE,Federal Contract Tower,0,4,5,0,9,0,0,2,0,2,0,4,7,0,11,0,0,0,11
11/23/2004,WDG,OK,ASW,CE,Federal Contract Tower,0,4,4,0,8,0,0,0,0,0,0,4,4,0,8,0,0,0,8
11/24/2004,WDG,OK,ASW,CE,Federal Contract Tower,0,6,9,22,37,0,0,33,20,53,0,6,42,42,90,48,28,76,166
11/25/2004,WDG,OK,ASW,CE,Federal Contract Tower,0,4,5,0,9,0,0,37,0,37,0,4,42,0,46,28,0,28,74
11/26/2004,WDG,OK,ASW,CE,Federal Contract Tower,0,6,5,0,11,0,0,49,0,49,0,6,54,0,60,62,0,62,122
11/27/2004,WDG,OK,ASW,CE,Federal Contract Tower,0,4,10,0,14,0,0,52,0,52,0,4,62,0,66,72,0,72,138
11/28/2004,WDG,OK,ASW,CE,Federal Contract Tower,0,2,5,0,7,0,0,4,0,4,0,2,9,0,11,10,0,10,21
11/29/2004,WDG,OK,ASW,CE,Federal Contract Tower,0,6,3,0,9,0,0,0,0,0,0,6,3,0,9,0,0,0,9
11/30/2004,WDG,OK,ASW,CE,Federal Contract Tower,0,6,5,27,38,0,0,12,27,39,0,6,17,54,77,22,38,60,137
12/01/2004,WDG,OK,ASW,CE,Federal Contract Tower,0,6,8,51,65,0,0,34,63,97,0,6,42,114,162,46,44,90,252
12/02/2004,WDG,OK,ASW,CE,Federal Contract Tower,0,6,7,46,59,0,0,50,54,104,0,6,57,100,163,114,34,148,311
12/03/2004,WDG,OK,ASW,CE,Federal Contract Tower,0,6,10,30,46,0,0,49,36,85,0,6,59,66,131,40,26,66,197
12/04/2004,WDG,OK,ASW,CE,Federal Contract Tower,0,4,9,0,13,0,0,105,0,105,0,4,114,0,118,82,0,82,200
12/05/2004,WDG,OK,ASW,CE,Federal Contract Tower,0,2,4,2,8,0,0,4,2,6,0,2,8,4,14,10,2,12,26
12/06/2004,WDG,OK,ASW,CE,Federal Contract Tower,0,2,7,22,31,0,0,18,22,40,0,2,25,44,71,20,18,38,109
12/07/2004,WDG,OK,ASW,CE,Federal Contract Tower,0,6,11,46,63,0,0,45,58,103,0,6,56,104,166,66,64,130,296
12/08/2004,WDG,OK,ASW,CE,Federal Contract Tower,0,6,6,31,43,0,0,46,33,79,0,6,52,64,122,62,8,70,192
12/09/2004,WDG,OK,ASW,CE,Federal Contract Tower,0,6,7,41,54,0,0,43,45,88,0,6,50,86,142,52,20,72,214
12/10/2004,WDG,OK,ASW,CE,Federal Contract Tower,0,6,9,11,26,0,0,25,12,37,0,6,34,23,63,36,22,58,121
12/11/2004,WDG,OK,ASW,CE,Federal Contract Tower,0,3,26,1,30,0,1,73,0,74,0,4,99,1,104,82,0,82,186
12/12/2004,WDG,OK,ASW,CE,Federal Contract Tower,0,2,16,14,32,0,0,68,16,84,0,2,84,30,116,42,10,52,168
12/13/2004,WDG,OK,ASW,CE,Federal Contract Tower,0,6,8,54,68,0,0,75,62,137,0,6,83,116,205,52,36,88,293
12/14/2004,WDG,OK,ASW,CE,Federal Contract Tower,0,6,13,65,84,0,0,23,81,104,0,6,36,146,188,50,76,126,314
12/15/2004,WDG,OK,ASW,CE,Federal Contract Tower,0,6,14,53,73,0,0,26,61,87,0,6,40,114,160,26,84,110,270
12/16/2004,WDG,OK,ASW,CE,Federal Contract Tower,0,6,12,55,73,0,0,74,63,137,0,6,86,118,210,104,110,214,424
12/17/2004,WDG,OK,ASW,CE,Federal Contract Tower,0,7,13,27,47,0,0,67,34,101,0,7,80,61,148,46,80,126,274
12/18/2004,WDG,OK,ASW,CE,Federal Contract Tower,0,4,5,4,13,0,0,95,0,95,0,4,100,4,108,100,0,100,208
12/19/2004,WDG,OK,ASW,CE,Federal Contract Tower,0,4,7,16,27,0,0,54,22,76,0,4,61,38,103,24,22,46,149
12/20/2004,WDG,OK,ASW,CE,Federal Contract Tower,0,6,8,60,74,0,0,104,77,181,0,6,112,137,255,86,48,134,389
12/21/2004,WDG,OK,ASW,CE,Federal Contract Tower,0,6,5,43,54,0,0,93,55,148,0,6,98,98,202,92,30,122,324
12/22/2004,WDG,OK,ASW,CE,Federal Contract Tower,0,4,5,36,45,0,0,21,42,63,0,4,26,78,108,10,34,44,152
12/23/2004,WDG,OK,ASW,CE,Federal Contract Tower,0,6,6,2,14,0,0,25,0,25,0,6,31,2,39,36,0,36,75
12/24/2004,WDG,OK,ASW,CE,Federal Contract Tower,0,6,2,0,8,0,0,19,0,19,0,6,21,0,27,24,0,24,51
12/25/2004,WDG,OK,ASW,CE,Federal Contract Tower,0,2,0,0,2,0,0,7,0,7,0,2,7,0,9,0,0,0,9
12/26/2004,WDG,OK,ASW,CE,Federal Contract Tower,0,2,6,0,8,0,0,14,0,14,0,2,20,0,22,4,0,4,26
12/27/2004,WDG,OK,ASW,CE,Federal Contract Tower,0,6,6,0,12,0,0,14,0,14,0,6,20,0,26,2,0,2,28
12/28/2004,WDG,OK,ASW,CE,Federal Contract Tower,0,6,5,2,13,0,0,29,0,29,0,6,34,2,42,6,0,6,48
12/29/2004,WDG,OK,ASW,CE,Federal Contract Tower,0,6,2,0,8,0,0,32,0,32,0,6,34,0,40,94,0,94,134
12/30/2004,WDG,OK,ASW,CE,Federal Contract Tower,0,6,2,0,8,0,0,20,0,20,0,6,22,0,28,16,0,16,44
12/31/2004,WDG,OK,ASW,CE,Federal Contract Tower,0,6,4,0,10,0,0,31,0,31,0,6,35,0,41,16,0,16,57
01/01/2005,WDG,OK,ASW,CE,Federal Contract Tower,0,3,2,0,5,0,2,15,0,17,0,5,17,0,22,14,0,14,36
01/02/2005,WDG,OK,ASW,CE,Federal Contract Tower,0,0,3,2,5,0,0,0,0,0,0,0,3,2,5,0,0,0,5
01/03/2005,WDG,OK,ASW,CE,Federal Contract Tower,0,6,5,0,11,0,0,0,0,0,0,6,5,0,11,0,0,0,11
01/04/2005,WDG,OK,ASW,CE,Federal Contract Tower,0,4,0,0,4,0,0,0,0,0,0,4,0,0,4,0,0,0,4
01/05/2005,WDG,OK,ASW,CE,Federal Contract Tower,0,0,2,0,2,0,0,0,0,0,0,0,2,0,2,0,0,0,2
01/06/2005,WDG,OK,ASW,CE,Federal Contract Tower,0,2,0,0,2,0,0,21,0,21,0,2,21,0,23,0,0,0,23
01/07/2005,WDG,OK,ASW,CE,Federal Contract Tower,0,6,8,0,14,0,0,3,0,3,0,6,11,0,17,0,0,0,17
01/08/2005,WDG,OK,ASW,CE,Federal Contract Tower,0,4,1,0,5,0,0,17,0,17,0,4,18,0,22,0,0,0,22
01/09/2005,WDG,OK,ASW,CE,Federal Contract Tower,0,2,5,2,9,0,0,38,2,40,0,2,43,4,49,10,0,10,59
01/10/2005,WDG,OK,ASW,CE,Federal Contract Tower,0,1,10,2,13,0,0,2,2,4,0,1,12,4,17,0,0,0,17
01/11/2005,WDG,OK,ASW,CE,Federal Contract Tower,0,6,0,0,6,0,0,0,0,0,0,6,0,0,6,0,0,0,6
01/12/2005,WDG,OK,ASW,CE,Federal Contract Tower,0,6,3,42,51,0,0,7,41,48,0,6,10,83,99,10,20,30,129
01/13/2005,WDG,OK,ASW,CE,Federal Contract Tower,0,6,9,69,84,0,0,48,68,116,0,6,57,137,200,38,70,108,308
01/14/2005,WDG,OK,ASW,CE,Federal Contract Tower,0,4,6,52,62,0,0,11,44,55,0,4,17,96,117,42,6,48,165
01/15/2005,WDG,OK,ASW,CE,Federal Contract Tower,0,4,6,22,32,0,0,6,7,13,0,4,12,29,45,8,40,48,93
01/16/2005,WDG,OK,ASW,CE,Federal Contract Tower,0,2,4,11,17,0,0,22,12,34,0,2,26,23,51,18,54,72,123
01/17/2005,WDG,OK,ASW,CE,Federal Contract Tower,0,6,5,1,12,0,0,51,0,51,0,6,56,1,63,92,0,92,155
01/18/2005,WDG,OK,ASW,CE,Federal Contract Tower,0,6,14,52,72,0,0,34,44,78,0,6,48,96,150,38,58,96,246
01/19/2005,WDG,OK,ASW,CE,Federal Contract Tower,0,6,11,38,55,0,0,36,45,81,0,6,47,83,136,48,34,82,218
01/20/2005,WDG,OK,ASW,CE,Federal Contract Tower,0,6,13,44,63,0,0,42,48,90,0,6,55,92,153,46,34,80,233
01/21/2005,WDG,OK,ASW,CE,Federal Contract Tower,0,6,13,39,58,0,0,35,41,76,0,6,48,80,134,32,46,78,212
01/22/2005,WDG,OK,ASW,CE,Federal Contract Tower,0,4,8,8,20,0,0,16,0,16,0,4,24,8,36,4,0,4,40
01/23/2005,WDG,OK,ASW,CE,Federal Contract Tower,0,0,12,7,19,0,0,24,4,28,0,0,36,11,47,12,18,30,77
01/24/2005,WDG,OK,ASW,CE,Federal Contract Tower,0,4,5,23,32,0,0,44,24,68,0,4,49,47,100,20,12,32,132
01/25/2005,WDG,OK,ASW,CE,Federal Contract Tower,0,6,16,37,59,0,0,36,45,81,0,6,52,82,140,30,42,72,212
01/26/2005,WDG,OK,ASW,CE,Federal Contract Tower,0,6,11,22,39,0,0,39,30,69,0,6,50,52,108,0,112,112,220
01/27/2005,WDG,OK,ASW,CE,Federal Contract Tower,0,6,11,33,50,0,0,9,33,42,0,6,20,66,92,0,68,68,160
01/28/2005,WDG,OK,ASW,CE,Federal Contract Tower,0,5,1,0,6,0,0,0,0,0,0,5,1,0,6,0,0,0,6
01/29/2005,WDG,OK,ASW,CE,Federal Contract Tower,0,5,7,0,12,0,0,5,0,5,0,5,12,0,17,0,0,0,17
01/30/2005,WDG,OK,ASW,CE,Federal Contract Tower,0,2,0,0,2,0,0,0,0,0,0,2,0,0,2,0,0,0,2
01/31/2005,WDG,OK,ASW,CE,Federal Contract Tower,0,6,10,11,27,0,0,1,11,12,0,6,11,22,39,0,0,0,39
02/01/2005,WDG,OK,ASW,CE,Federal Contract Tower,0,6,3,6,15,0,0,0,6,6,0,6,3,12,21,0,0,0,21
02/02/2005,WDG,OK,ASW,CE,Federal Contract Tower,0,6,7,14,27,0,0,10,18,28,0,6,17,32,55,16,44,60,115
02/03/2005,WDG,OK,ASW,CE,Federal Contract Tower,0,6,13,15,34,0,0,49,15,64,0,6,62,30,98,30,56,86,184
02/04/2005,WDG,OK,ASW,CE,Federal Contract Tower,0,6,16,24,46,0,0,47,20,67,0,6,63,44,113,36,32,68,181
02/05/2005,WDG,OK,ASW,CE,Federal Contract Tower,0,4,5,2,11,0,0,41,1,42,0,4,46,3,53,42,0,42,95
02/06/2005,WDG,OK,ASW,CE,Federal Contract Tower,0,2,4,0,6,0,0,0,0,0,0,2,4,0,6,0,0,0,6
02/07/2005,WDG,OK,ASW,CE,Federal Contract Tower,0,6,6,9,21,0,0,2,9,11,0,6,8,18,32,0,0,0,32
02/08/2005,WDG,OK,ASW,CE,Federal Contract Tower,0,2,12,0,14,0,0,0,0,0,0,2,12,0,14,0,0,0,14
02/09/2005,WDG,OK,ASW,CE,Federal Contract Tower,0,4,18,15,37,0,0,46,17,63,0,4,64,32,100,50,44,94,194
02/10/2005,WDG,OK,ASW,CE,Federal Contract Tower,0,6,19,18,43,0,0,46,18,64,0,6,65,36,107,74,46,120,227
02/11/2005,WDG,OK,ASW,CE,Federal Contract Tower,0,5,12,26,43,0,1,42,24,67,0,6,54,50,110,26,40,66,176
02/12/2005,WDG,OK,ASW,CE,Federal Contract Tower,0,4,4,0,8,0,0,6,0,6,0,4,10,0,14,12,0,12,26
02/13/2005,WDG,OK,ASW,CE,Federal Contract Tower,0,2,4,3,9,0,0,12,0,12,0,2,16,3,21,12,0,12,33
02/14/2005,WDG,OK,ASW,CE,Federal Contract Tower,0,5,8,35,48,0,1,42,37,80,0,6,50,72,128,12,26,38,166
02/15/2005,WDG,OK,ASW,CE,Federal Contract Tower,0,6,13,20,39,0,0,21,19,40,0,6,34,39,79,22,46,68,147
02/16/2005,WDG,OK,ASW,CE,Federal Contract Tower,0,7,6,49,62,0,0,31,47,78,0,7,37,96,140,32,90,122,262
02/17/2005,WDG,OK,ASW,CE,Federal Contract Tower,0,5,10,24,39,0,0,30,32,62,0,5,40,56,101,28,62,90,191
02/18/2005,WDG,OK,ASW,CE,Federal Contract Tower,0,4,11,12,27,0,0,30,14,44,0,4,41,26,71,24,16,40,111
02/19/2005,WDG,OK,ASW,CE,Federal Contract Tower,0,2,22,0,24,0,0,4,0,4,0,2,26,0,28,0,0,0,28
02/20/2005,WDG,OK,ASW,CE,Federal Contract Tower,0,2,6,0,8,0,0,64,0,64,0,2,70,0,72,54,0,54,126
02/21/2005,WDG,OK,ASW,CE,Federal Contract Tower,0,6,17,1,24,0,0,8,0,8,0,6,25,1,32,0,0,0,32
02/22/2005,WDG,OK,ASW,CE,Federal Contract Tower,0,4,10,9,23,0,0,1,4,5,0,4,11,13,28,0,0,0,28
02/23/2005,WDG,OK,ASW,CE,Federal Contract Tower,0,8,3,2,13,0,0,0,0,0,0,8,3,2,13,0,0,0,13
02/24/2005,WDG,OK,ASW,CE,Federal Contract Tower,0,6,5,40,51,0,0,24,52,76,0,6,29,92,127,28,48,76,203
02/25/2005,WDG,OK,ASW,CE,Federal Contract Tower,0,6,14,22,42,0,0,58,22,80,0,6,72,44,122,36,10,46,168
02/26/2005,WDG,OK,ASW,CE,Federal Contract Tower,0,2,6,1,9,0,0,52,0,52,0,2,58,1,61,56,0,56,117
02/27/2005,WDG,OK,ASW,CE,Federal Contract Tower,0,2,4,2,8,0,0,29,2,31,0,2,33,4,39,22,2,24,63
02/28/2005,WDG,OK,ASW,CE,Federal Contract Tower,0,6,16,30,52,0,0,54,31,85,0,6,70,61,137,28,32,60,197
03/01/2005,WDG,OK,ASW,CE,Federal Contract Tower,0,6,7,31,44,0,0,28,37,65,0,6,35,68,109,30,18,48,157
03/02/2005,WDG,OK,ASW,CE,Federal Contract Tower,0,6,12,0,18,0,0,22,0,22,0,6,34,0,40,28,0,28,68
03/03/2005,WDG,OK,ASW,CE,Federal Contract Tower,0,6,17,28,51,0,0,14,39,53,0,6,31,67,104,4,18,22,126
03/04/2005,WDG,OK,ASW,CE,Federal Contract Tower,0,6,17,33,56,0,0,34,30,64,0,6,51,63,120,12,4,16,136
03/05/2005,WDG,OK,ASW,CE,Federal Contract Tower,0,4,9,12,25,0,0,72,7,79,0,4,81,19,104,76,4,80,184
03/06/2005,WDG,OK,ASW,CE,Federal Contract Tower,0,2,5,5,12,0,0,27,3,30,0,2,32,8,42,0,0,0,42
03/07/2005,WDG,OK,ASW,CE,Federal Contract Tower,0,6,8,19,33,0,0,21,25,46,0,6,29,44,79,28,108,136,215
03/08/2005,WDG,OK,ASW,CE,Federal Contract Tower,0,6,20,39,65,0,0,35,43,78,0,6,55,82,143,22,18,40,183
03/09/2005,WDG,OK,ASW,CE,Federal Contract Tower,0,6,8,46,60,0,0,13,52,65,0,6,21,98,125,2,46,48,173
03/10/2005,WDG,OK,ASW,CE,Federal Contract Tower,0,6,14,41,61,0,0,21,45,66,0,6,35,86,127,0,46,46,173
03/11/2005,WDG,OK,ASW,CE,Federal Contract Tower,0,8,12,22,42,0,0,27,25,52,0,8,39,47,94,28,22,50,144
03/12/2005,WDG,OK,ASW,CE,Federal Contract Tower,0,5,9,1,15,0,0,42,1,43,0,5,51,2,58,12,0,12,70
03/13/2005,WDG,OK,ASW,CE,Federal Contract Tower,0,1,6,5,12,0,0,7,5,12,0,1,13,10,24,0,0,0,24
03/14/2005,WDG,OK,ASW,CE,Federal Contract Tower,0,4,2,15,21,0,0,29,15,44,0,4,31,30,65,2,34,36,101
03/15/2005,WDG,OK,ASW,CE,Federal Contract Tower,0,4,8,1,13,0,0,0,0,0,0,4,8,1,13,0,0,0,13
03/16/2005,WDG,OK,ASW,CE,Federal Contract Tower,0,4,6,9,19,0,0,0,9,9,0,4,6,18,28,44,4,48,76
03/17/2005,WDG,OK,ASW,CE,Federal Contract Tower,0,4,6,23,33,0,0,16,23,39,0,4,22,46,72,0,16,16,88
03/18/2005,WDG,OK,ASW,CE,Federal Contract Tower,0,6,3,16,25,0,0,30,16,46,0,6,33,32,71,44,40,84,155
03/19/2005,WDG,OK,ASW,CE,Federal Contract Tower,0,3,7,0,10,0,0,67,0,67,0,3,74,0,77,118,0,118,195
03/20/2005,WDG,OK,ASW,CE,Federal Contract Tower,0,1,6,4,11,0,0,42,8,50,0,1,48,12,61,24,12,36,97
03/21/2005,WDG,OK,ASW,CE,Federal Contract Tower,0,4,2,2,8,0,0,1,2,3,0,4,3,4,11,0,12,12,23
03/22/2005,WDG,OK,ASW,CE,Federal Contract Tower,0,4,4,7,15,0,0,2,7,9,0,4,6,14,24,0,0,0,24
03/23/2005,WDG,OK,ASW,CE,Federal Contract Tower,0,4,7,29,40,0,0,18,29,47,0,4,25,58,87,0,12,12,99
03/24/2005,WDG,OK,ASW,CE,Federal Contract Tower,0,4,4,14,22,0,0,27,14,41,0,4,31,28,63,16,10,26,89
03/25/2005,WDG,OK,ASW,CE,Federal Contract Tower,0,6,12,9,27,0,0,5,11,16,0,6,17,20,43,18,12,30,73
03/26/2005,WDG,OK,ASW,CE,Federal Contract Tower,0,3,2,0,5,0,0,0,0,0,0,3,2,0,5,0,0,0,5
03/27/2005,WDG,OK,ASW,CE,Federal Contract Tower,0,1,2,0,3,0,0,27,0,27,0,1,29,0,30,44,0,44,74
03/28/2005,WDG,OK,ASW,CE,Federal Contract Tower,0,4,7,16,27,0,0,32,16,48,0,4,39,32,75,16,38,54,129
03/29/2005,WDG,OK,ASW,CE,Federal Contract Tower,0,4,8,23,35,0,0,13,23,36,0,4,21,46,71,0,10,10,81
03/30/2005,WDG,OK,ASW,CE,Federal Contract Tower,0,4,11,14,29,0,0,15,16,31,0,4,26,30,60,6,18,24,84
03/31/2005,WDG,OK,ASW,CE,Federal Contract Tower,0,4,8,0,12,0,0,4,0,4,0,4,12,0,16,0,0,0,16
04/01/2005,WDG,OK,ASW,CE,Federal Contract Tower,0,4,9,12,25,0,0,17,12,29,0,4,26,24,54,10,4,14,68
04/02/2005,WDG,OK,ASW,CE,Federal Contract Tower,0,3,2,0,5,0,0,33,0,33,0,3,35,0,38,22,0,22,60
04/03/2005,WDG,OK,ASW,CE,Federal Contract Tower,0,1,4,8,13,0,2,20,8,30,0,3,24,16,43,4,4,8,51
04/04/2005,WDG,OK,ASW,CE,Federal Contract Tower,0,5,5,18,28,0,0,26,20,46,0,5,31,38,74,0,0,0,74
04/05/2005,WDG,OK,ASW,CE,Federal Contract Tower,0,3,10,4,17,0,0,9,4,13,0,3,19,8,30,0,0,0,30
04/06/2005,WDG,OK,ASW,CE,Federal Contract Tower,0,4,4,8,16,0,0,1,8,9,0,4,5,16,25,0,0,0,25
04/07/2005,WDG,OK,ASW,CE,Federal Contract Tower,0,5,13,13,31,0,0,9,17,26,0,5,22,30,57,10,8,18,75
04/08/2005,WDG,OK,ASW,CE,Federal Contract Tower,0,4,8,9,21,0,0,21,9,30,0,4,29,18,51,28,0,28,79
04/09/2005,WDG,OK,ASW,CE,Federal Contract Tower,0,3,4,1,8,0,0,17,0,17,0,3,21,1,25,0,0,0,25
04/10/2005,WDG,OK,ASW,CE,Federal Contract Tower,0,0,3,6,9,0,0,3,3,6,0,0,6,9,15,0,18,18,33
04/11/2005,WDG,OK,ASW,CE,Federal Contract Tower,0,4,3,4,11,0,0,20,4,24,0,4,23,8,35,28,2,30,65
04/12/2005,WDG,OK,ASW,CE,Federal Contract Tower,0,4,9,11,24,0,0,26,11,37,0,4,35,22,61,20,0,20,81
04/13/2005,WDG,OK,ASW,CE,Federal Contract Tower,0,5,8,28,41,0,0,21,34,55,0,5,29,62,96,18,20,38,134
04/14/2005,WDG,OK,ASW,CE,Federal Contract Tower,0,4,8,9,21,0,0,29,17,46,0,4,37,26,67,24,14,38,105
04/15/2005,WDG,OK,ASW,CE,Federal Contract Tower,0,4,12,4,20,0,0,43,6,49,0,4,55,10,69,48,6,54,123
04/16/2005,WDG,OK,ASW,CE,Federal Contract Tower,0,3,4,0,7,0,0,47,0,47,0,3,51,0,54,52,0,52,106
04/17/2005,WDG,OK,ASW,CE,Federal Contract Tower,0,1,7,8,16,0,0,46,8,54,0,1,53,16,70,20,0,20,90
04/18/2005,WDG,OK,ASW,CE,Federal Contract Tower,0,4,7,23,34,0,0,9,23,32,0,4,16,46,66,0,20,20,86
04/19/2005,WDG,OK,ASW,CE,Federal Contract Tower,0,6,5,23,34,0,0,14,23,37,0,6,19,46,71,4,6,10,81
04/20/2005,WDG,OK,ASW,CE,Federal Contract Tower,0,4,9,22,35,0,0,11,23,34,0,4,20,45,69,8,8,16,85
04/21/2005,WDG,OK,ASW,CE,Federal Contract Tower,0,4,9,9,22,0,0,13,12,25,0,4,22,21,47,0,2,2,49
04/22/2005,WDG,OK,ASW,CE,Federal Contract Tower,0,4,13,14,31,0,0,13,15,28,0,4,26,29,59,12,0,12,71
04/23/2005,WDG,OK,ASW,CE,Federal Contract Tower,0,3,2,0,5,0,0,74,0,74,0,3,76,0,79,0,0,0,79
04/24/2005,WDG,OK,ASW,CE,Federal Contract Tower,0,1,4,4,9,0,0,32,4,36,0,1,36,8,45,22,0,22,67
04/25/2005,WDG,OK,ASW,CE,Federal Contract Tower,0,4,5,28,37,0,0,14,28,42,0,4,19,56,79,20,20,40,119
04/26/2005,WDG,OK,ASW,CE,Federal Contract Tower,0,4,10,11,25,0,0,37,10,47,0,4,47,21,72,64,10,74,146
04/27/2005,WDG,OK,ASW,CE,Federal Contract Tower,0,4,11,12,27,0,0,36,22,58,0,4,47,34,85,80,22,102,187
04/28/2005,WDG,OK,ASW,CE,Federal Contract Tower,0,4,11,13,28,0,0,20,27,47,0,4,31,40,75,28,8,36,111
04/29/2005,WDG,OK,ASW,CE,Federal Contract Tower,0,8,9,4,21,0,0,4,6,10,0,8,13,10,31,6,4,10,41
04/30/2005,WDG,OK,ASW,CE,Federal Contract Tower,0,3,3,0,6,0,0,44,0,44,0,3,47,0,50,38,0,38,88
05/01/2005,WDG,OK,ASW,CE,Federal Contract Tower,0,1,6,7,14,0,0,16,7,23,0,1,22,14,37,0,2,2,39
05/02/2005,WDG,OK,ASW,CE,Federal Contract Tower,0,5,6,17,28,0,0,24,15,39,0,5,30,32,67,54,36,90,157
05/03/2005,WDG,OK,ASW,CE,Federal Contract Tower,0,4,4,26,34,0,0,22,26,48,0,4,26,52,82,26,72,98,180
05/04/2005,WDG,OK,ASW,CE,Federal Contract Tower,0,6,4,9,19,0,0,17,11,28,0,6,21,20,47,30,18,48,95
05/05/2005,WDG,OK,ASW,CE,Federal Contract Tower,0,4,11,20,35,0,0,3,20,23,0,4,14,40,58,0,0,0,58
05/06/2005,WDG,OK,ASW,CE,Federal Contract Tower,0,4,9,8,21,0,0,20,8,28,0,4,29,16,49,0,10,10,59
05/07/2005,WDG,OK,ASW,CE,Federal Contract Tower,0,3,4,1,8,0,0,25,1,26,0,3,29,2,34,20,0,20,54
05/08/2005,WDG,OK,ASW,CE,Federal Contract Tower,0,1,7,2,10,0,0,16,0,16,0,1,23,2,26,8,0,8,34
05/09/2005,WDG,OK,ASW,CE,Federal Contract Tower,0,4,10,11,25,0,0,35,11,46,0,4,45,22,71,12,4,16,87
05/10/2005,WDG,OK,ASW,CE,Federal Contract Tower,0,4,7,13,24,0,0,17,15,32,0,4,24,28,56,20,4,24,80
05/11/2005,WDG,OK,ASW,CE,Federal Contract Tower,0,4,2,16,22,0,0,22,20,42,0,4,24,36,64,0,6,6,70
05/12/2005,WDG,OK,ASW,CE,Federal Contract Tower,0,4,7,17,28,0,0,12,21,33,0,4,19,38,61,16,8,24,85
05/13/2005,WDG,OK,ASW,CE,Federal Contract Tower,0,4,4,3,11,0,0,7,2,9,0,4,11,5,20,4,0,4,24
05/14/2005,WDG,OK,ASW,CE,Federal Contract Tower,0,3,4,0,7,0,0,25,0,25,0,3,29,0,32,24,0,24,56
05/15/2005,WDG,OK,ASW,CE,Federal Contract Tower,0,1,8,6,15,0,0,21,6,27,0,1,29,12,42,10,0,10,52
05/16/2005,WDG,OK,ASW,CE,Federal Contract Tower,0,4,7,18,29,0,0,28,18,46,0,4,35,36,75,8,0,8,83
05/17/2005,WDG,OK,ASW,CE,Federal Contract Tower,0,4,11,18,33,0,0,14,18,32,0,4,25,36,65,12,10,22,87
05/18/2005,WDG,OK,ASW,CE,Federal Contract Tower,0,4,18,13,35,0,0,29,21,50,0,4,47,34,85,14,4,18,103
05/19/2005,WDG,OK,ASW,CE,Federal Contract Tower,0,4,2,10,16,0,0,20,14,34,0,4,22,24,50,0,6,6,56
05/20/2005,WDG,OK,ASW,CE,Federal Contract Tower,0,4,5,14,23,0,0,44,23,67,0,4,49,37,90,10,0,10,100
05/21/2005,WDG,OK,ASW,CE,Federal Contract Tower,0,2,7,0,9,0,1,50,0,51,0,3,57,0,60,32,0,32,92
05/22/2005,WDG,OK,ASW,CE,Federal Contract Tower,0,1,2,2,5,0,0,21,2,23,0,1,23,4,28,2,0,2,30
05/23/2005,WDG,OK,ASW,CE,Federal Contract Tower,0,4,5,17,26,0,0,15,17,32,0,4,20,34,58,10,18,28,86
05/24/2005,WDG,OK,ASW,CE,Federal Contract Tower,0,4,5,22,31,0,0,31,18,49,0,4,36,40,80,46,28,74,154
05/25/2005,WDG,OK,ASW,CE,Federal Contract Tower,0,4,3,20,27,0,0,15,26,41,0,4,18,46,68,42,14,56,124
05/26/2005,WDG,OK,ASW,CE,Federal Contract Tower,0,5,2,13,20,0,0,9,15,24,0,5,11,28,44,10,10,20,64
05/27/2005,WDG,OK,ASW,CE,Federal Contract Tower,0,3,3,0,6,0,1,23,0,24,0,4,26,0,30,12,0,12,42
05/28/2005,WDG,OK,ASW,CE,Federal Contract Tower,0,3,4,0,7,0,0,67,0,67,0,3,71,0,74,48,0,48,122
05/29/2005,WDG,OK,ASW,CE,Federal Contract Tower,0,1,0,0,1,0,0,29,0,29,0,1,29,0,30,30,0,30,60
05/30/2005,WDG,OK,ASW,CE,Federal Contract Tower,0,2,9,0,11,0,0,42,2,44,0,2,51,2,55,10,0,10,65
05/31/2005,WDG,OK,ASW,CE,Federal Contract Tower,0,8,5,16,29,0,4,15,16,35,0,12,20,32,64,0,4,4,68
06/01/2005,WDG,OK,ASW,CE,Federal Contract Tower,0,4,16,19,39,0,0,34,22,56,0,4,50,41,95,22,20,42,137
06/02/2005,WDG,OK,ASW,CE,Federal Contract Tower,0,4,6,13,23,0,0,24,17,41,0,4,30,30,64,12,12,24,88
06/03/2005,WDG,OK,ASW,CE,Federal Contract Tower,0,4,2,1,7,0,0,6,1,7,0,4,8,2,14,0,0,0,14
06/04/2005,WDG,OK,ASW,CE,Federal Contract Tower,0,3,2,0,5,0,0,30,0,30,0,3,32,0,35,8,0,8,43
06/05/2005,WDG,OK,ASW,CE,Federal Contract Tower,0,1,6,7,14,0,0,35,7,42,0,1,41,14,56,32,18,50,106
06/06/2005,WDG,OK,ASW,CE,Federal Contract Tower,0,6,0,20,26,0,0,33,20,53,0,6,33,40,79,0,8,8,87
06/07/2005,WDG,OK,ASW,CE,Federal Contract Tower,0,4,3,20,27,0,0,18,20,38,0,4,21,40,65,12,22,34,99
06/08/2005,WDG,OK,ASW,CE,Federal Contract Tower,0,3,8,10,21,0,1,21,20,42,0,4,29,30,63,12,18,30,93
06/09/2005,WDG,OK,ASW,CE,Federal Contract Tower,0,4,3,12,19,0,0,11,10,21,0,4,14,22,40,0,10,10,50
06/10/2005,WDG,OK,ASW,CE,Federal Contract Tower,0,2,4,13,19,0,0,17,17,34,0,2,21,30,53,8,20,28,81
06/11/2005,WDG,OK,ASW,CE,Federal Contract Tower,0,7,4,1,12,0,0,26,0,26,0,7,30,1,38,12,0,12,50
06/12/2005,WDG,OK,ASW,CE,Federal Contract Tower,0,3,0,0,3,0,0,16,0,16,0,3,16,0,19,42,0,42,61
06/13/2005,WDG,OK,ASW,CE,Federal Contract Tower,0,6,6,16,28,0,0,19,18,37,0,6,25,34,65,16,16,32,97
06/14/2005,WDG,OK,ASW,CE,Federal Contract Tower,0,4,8,16,28,0,0,31,16,47,0,4,39,32,75,26,54,80,155
06/15/2005,WDG,OK,ASW,CE,Federal Contract Tower,0,4,9,18,31,0,0,29,24,53,0,4,38,42,84,52,86,138,222
06/16/2005,WDG,OK,ASW,CE,Federal Contract Tower,0,4,1,14,19,0,0,5,22,27,0,4,6,36,46,4,23,27,73
06/17/2005,WDG,OK,ASW,CE,Federal Contract Tower,0,3,5,3,11,0,1,13,8,22,0,4,18,11,33,10,16,26,59
06/18/2005,WDG,OK,ASW,CE,Federal Contract Tower,0,3,6,2,11,0,0,28,2,30,0,3,34,4,41,18,4,22,63
06/19/2005,WDG,OK,ASW,CE,Federal Contract Tower,0,1,2,12,15,0,0,26,9,35,0,1,28,21,50,24,22,46,96
06/20/2005,WDG,OK,ASW,CE,Federal Contract Tower,0,4,4,16,24,0,0,40,18,58,0,4,44,34,82,14,50,64,146
06/21/2005,WDG,OK,ASW,CE,Federal Contract Tower,0,6,1,22,29,0,0,32,22,54,0,6,33,44,83,60,24,84,167
06/22/2005,WDG,OK,ASW,CE,Federal Contract Tower,0,3,9,12,24,0,0,21,14,35,0,3,30,26,59,12,12,24,83
06/23/2005,WDG,OK,ASW,CE,Federal Contract Tower,0,4,4,13,21,0,0,21,19,40,0,4,25,32,61,2,38,40,101
06/24/2005,WDG,OK,ASW,CE,Federal Contract Tower,0,4,7,9,20,0,0,31,5,36,0,4,38,14,56,14,10,24,80
06/25/2005,WDG,OK,ASW,CE,Federal Contract Tower,0,3,4,0,7,0,0,86,2,88,0,3,90,2,95,82,18,100,195
06/26/2005,WDG,OK,ASW,CE,Federal Contract Tower,0,2,3,3,8,0,0,27,0,27,0,2,30,3,35,34,0,34,69
06/27/2005,WDG,OK,ASW,CE,Federal Contract Tower,0,4,7,10,21,0,0,30,10,40,0,4,37,20,61,32,14,46,107
06/28/2005,WDG,OK,ASW,CE,Federal Contract Tower,0,4,6,16,26,0,0,17,24,41,0,4,23,40,67,36,96,132,199
06/29/2005,WDG,OK,ASW,CE,Federal Contract Tower,0,3,8,16,27,0,0,18,0,18,0,3,26,16,45,8,38,46,91
06/30/2005,WDG,OK,ASW,CE,Federal Contract Tower,0,4,11,3,18,0,0,23,7,30,0,4,34,10,48,10,4,14,62
07/01/2005,WDG,OK,ASW,CE,Federal Contract Tower,0,5,8,0,13,0,0,27,0,27,0,5,35,0,40,18,0,18,58
07/02/2005,WDG,OK,ASW,CE,Federal Contract Tower,0,4,4,0,8,0,0,39,0,39,0,4,43,0,47,68,0,68,115
07/03/2005,WDG,OK,ASW,CE,Federal Contract Tower,0,1,2,0,3,0,0,32,0,32,0,1,34,0,35,36,0,36,71
07/04/2005,WDG,OK,ASW,CE,Federal Contract Tower,0,2,5,0,7,0,0,20,0,20,0,2,25,0,27,12,0,12,39
07/05/2005,WDG,OK,ASW,CE,Federal Contract Tower,0,5,7,8,20,0,0,29,8,37,0,5,36,16,57,36,46,82,139
07/06/2005,WDG,OK,ASW,CE,Federal Contract Tower,0,4,7,8,19,0,0,25,12,37,0,4,32,20,56,62,54,116,172
07/07/2005,WDG,OK,ASW,CE,Federal Contract Tower,0,4,8,3,15,0,0,27,3,30,0,4,35,6,45,36,14,50,95
07/08/2005,WDG,OK,ASW,CE,Federal Contract Tower,0,4,9,7,20,0,0,24,7,31,0,4,33,14,51,20,36,56,107
07/09/2005,WDG,OK,ASW,CE,Federal Contract Tower,0,1,7,2,10,0,1,53,0,54,0,2,60,2,64,80,0,80,144
07/10/2005,WDG,OK,ASW,CE,Federal Contract Tower,0,1,1,0,2,0,0,35,0,35,0,1,36,0,37,92,0,92,129
07/11/2005,WDG,OK,ASW,CE,Federal Contract Tower,0,4,3,5,12,0,0,48,3,51,0,4,51,8,63,78,20,98,161
07/12/2005,WDG,OK,ASW,CE,Federal Contract Tower,0,5,11,0,16,0,0,22,0,22,0,5,33,0,38,54,0,54,92
07/13/2005,WDG,OK,ASW,CE,Federal Contract Tower,0,4,9,0,13,0,0,17,0,17,0,4,26,0,30,36,0,36,66
07/14/2005,WDG,OK,ASW,CE,Federal Contract Tower,0,5,2,7,14,0,0,27,13,40,0,5,29,20,54,10,30,40,94
07/15/2005,WDG,OK,ASW,CE,Federal Contract Tower,0,4,6,4,14,0,0,25,6,31,0,4,31,10,45,22,26,48,93
07/16/2005,WDG,OK,ASW,CE,Federal Contract Tower,0,3,1,0,4,0,0,43,0,43,0,3,44,0,47,30,0,30,77
07/17/2005,WDG,OK,ASW,CE,Federal Contract Tower,0,1,7,0,8,0,0,34,0,34,0,1,41,0,42,74,0,74,116
07/18/2005,WDG,OK,ASW,CE,Federal Contract Tower,0,4,1,12,17,0,0,18,12,30,0,4,19,24,47,30,70,100,147
07/19/2005,WDG,OK,ASW,CE,Federal Contract Tower,0,4,2,3,9,0,0,27,3,30,0,4,29,6,39,14,22,36,75
07/20/2005,WDG,OK,ASW,CE,Federal Contract Tower,0,4,6,14,24,0,0,28,15,43,0,4,34,29,67,18,86,104,171
07/21/2005,WDG,OK,ASW,CE,Federal Contract Tower,0,4,12,6,22,0,0,22,6,28,0,4,34,12,50,8,28,36,86
07/22/2005,WDG,OK,ASW,CE,Federal Contract Tower,0,4,6,9,19,0,0,33,12,45,0,4,39,21,64,34,50,84,148
07/23/2005,WDG,OK,ASW,CE,Federal Contract Tower,0,3,3,0,6,0,0,48,2,50,0,3,51,2,56,8,0,8,64
07/24/2005,WDG,OK,ASW,CE,Federal Contract Tower,0,3,6,1,10,0,0,36,0,36,0,3,42,1,46,48,0,48,94
07/25/2005,WDG,OK,ASW,CE,Federal Contract Tower,0,4,5,7,16,0,0,31,7,38,0,4,36,14,54,4,12,16,70
07/26/2005,WDG,OK,ASW,CE,Federal Contract Tower,0,4,3,6,13,0,0,13,12,25,0,4,16,18,38,28,10,38,76
07/27/2005,WDG,OK,ASW,CE,Federal Contract Tower,0,5,7,9,21,0,0,29,9,38,0,5,36,18,59,34,24,58,117
07/28/2005,WDG,OK,ASW,CE,Federal Contract Tower,0,4,5,12,21,0,0,27,12,39,0,4,32,24,60,18,18,36,96
07/29/2005,WDG,OK,ASW,CE,Federal Contract Tower,0,4,7,6,17,0,0,27,9,36,0,4,34,15,53,34,20,54,107
07/30/2005,WDG,OK,ASW,CE,Federal Contract Tower,0,2,5,1,8,0,1,39,0,40,0,3,44,1,48,38,0,38,86
07/31/2005,WDG,OK,ASW,CE,Federal Contract Tower,0,1,4,3,8,0,0,42,0,42,0,1,46,3,50,30,4,34,84
08/01/2005,WDG,OK,ASW,CE,Federal Contract Tower,0,6,3,8,17,0,1,17,7,25,0,7,20,15,42,10,34,44,86
08/02/2005,WDG,OK,ASW,CE,Federal Contract Tower,0,4,7,7,18,0,0,22,7,29,0,4,29,14,47,24,26,50,97
08/03/2005,WDG,OK,ASW,CE,Federal Contract Tower,0,4,8,7,19,0,0,16,7,23,0,4,24,14,42,0,6,6,48
08/04/2005,WDG,OK,ASW,CE,Federal Contract Tower,0,4,8,8,20,0,0,9,16,25,0,4,17,24,45,12,10,22,67
08/05/2005,WDG,OK,ASW,CE,Federal Contract Tower,0,4,7,4,15,0,0,21,1,22,0,4,28,5,37,18,4,22,59
08/06/2005,WDG,OK,ASW,CE,Federal Contract Tower,0,3,4,2,9,0,0,30,0,30,0,3,34,2,39,4,0,4,43
08/07/2005,WDG,OK,ASW,CE,Federal Contract Tower,0,1,5,3,9,0,0,8,0,8,0,1,13,3,17,4,0,4,21
08/08/2005,WDG,OK,ASW,CE,Federal Contract Tower,0,4,3,11,18,0,0,23,10,33,0,4,26,21,51,32,36,68,119
08/09/2005,WDG,OK,ASW,CE,Federal Contract Tower,0,4,3,8,15,0,0,22,8,30,0,4,25,16,45,46,26,72,117
08/10/2005,WDG,OK,ASW,CE,Federal Contract Tower,0,4,9,9,22,0,0,23,9,32,0,4,32,18,54,42,32,74,128
08/11/2005,WDG,OK,ASW,CE,Federal Contract Tower,0,4,10,6,20,0,0,27,10,37,0,4,37,16,57,18,26,44,101
08/12/2005,WDG,OK,ASW,CE,Federal Contract Tower,0,4,8,4,16,0,0,27,18,45,0,4,35,22,61,20,50,70,131
08/13/2005,WDG,OK,ASW,CE,Federal Contract Tower,0,1,3,0,4,0,1,15,0,16,0,2,18,0,20,12,0,12,32
08/14/2005,WDG,OK,ASW,CE,Federal Contract Tower,0,0,6,0,6,0,0,0,0,0,0,0,6,0,6,0,0,0,6
08/15/2005,WDG,OK,ASW,CE,Federal Contract Tower,0,2,11,0,13,0,0,4,0,4,0,2,15,0,17,18,0,18,35
08/16/2005,WDG,OK,ASW,CE,Federal Contract Tower,0,4,5,3,12,0,0,19,3,22,0,4,24,6,34,4,0,4,38
08/17/2005,WDG,OK,ASW,CE,Federal Contract Tower,0,4,8,2,14,0,0,13,2,15,0,4,21,4,29,12,0,12,41
08/18/2005,WDG,OK,ASW,CE,Federal Contract Tower,0,4,6,10,20,0,0,32,19,51,0,4,38,29,71,28,66,94,165
08/19/2005,WDG,OK,ASW,CE,Federal Contract Tower,0,4,8,4,16,0,0,36,5,41,0,4,44,9,57,24,16,40,97
08/20/2005,WDG,OK,ASW,CE,Federal Contract Tower,0,3,3,1,7,0,0,39,1,40,0,3,42,2,47,48,0,48,95
08/21/2005,WDG,OK,ASW,CE,Federal Contract Tower,0,1,0,2,3,0,0,14,2,16,0,1,14,4,19,6,4,10,29
08/22/2005,WDG,OK,ASW,CE,Federal Contract Tower,0,4,5,3,12,0,0,11,3,14,0,4,16,6,26,18,10,28,54
08/23/2005,WDG,OK,ASW,CE,Federal Contract Tower,0,4,3,5,12,0,0,26,5,31,0,4,29,10,43,56,18,74,117
08/24/2005,WDG,OK,ASW,CE,Federal Contract Tower,0,4,8,7,19,0,0,18,4,22,0,4,26,11,41,20,18,38,79
08/25/2005,WDG,OK,ASW,CE,Federal Contract Tower,0,4,3,7,14,0,0,25,13,38,0,4,28,20,52,20,32,52,104
08/26/2005,WDG,OK,ASW,CE,Federal Contract Tower,0,4,5,4,13,0,0,21,8,29,0,4,26,12,42,6,22,28,70
08/27/2005,WDG,OK,ASW,CE,Federal Contract Tower,0,3,2,0,5,0,0,43,0,43,0,3,45,0,48,36,0,36,84
08/28/2005,WDG,OK,ASW,CE,Federal Contract Tower,0,1,4,6,11,0,0,25,2,27,0,1,29,8,38,20,10,30,68
08/29/2005,WDG,OK,ASW,CE,Federal Contract Tower,0,4,8,3,15,0,0,22,6,28,0,4,30,9,43,64,18,82,125
08/30/2005,WDG,OK,ASW,CE,Federal Contract Tower,0,4,7,11,22,0,0,26,11,37,0,4,33,22,59,8,36,44,103
08/31/2005,WDG,OK,ASW,CE,Federal Contract Tower,0,4,10,5,19,0,0,31,7,38,0,4,41,12,57,36,18,54,111
09/01/2005,WDG,OK,ASW,CE,Federal Contract Tower,0,4,8,13,25,0,0,31,23,54,0,4,39,36,79,42,54,96,175
09/02/2005,WDG,OK,ASW,CE,Federal Contract Tower,0,4,10,8,22,0,0,16,12,28,0,4,26,20,50,4,22,26,76
09/03/2005,WDG,OK,ASW,CE,Federal Contract Tower,0,3,3,0,6,0,0,49,0,49,0,3,52,0,55,6,0,6,61
09/04/2005,WDG,OK,ASW,CE,Federal Contract Tower,0,1,1,2,4,0,0,32,1,33,0,1,33,3,37,0,8,8,45
09/05/2005,WDG,OK,ASW,CE,Federal Contract Tower,0,2,0,0,2,0,0,37,2,39,0,2,37,2,41,22,0,22,63
09/06/2005,WDG,OK,ASW,CE,Federal Contract Tower,0,7,3,7,17,0,1,35,8,44,0,8,38,15,61,62,14,76,137
09/07/2005,WDG,OK,ASW,CE,Federal Contract Tower,0,4,6,16,26,0,0,28,22,50,0,4,34,38,76,34,16,50,126
09/08/2005,WDG,OK,ASW,CE,Federal Contract Tower,0,4,5,14,23,0,0,25,16,41,0,4,30,30,64,20,18,38,102
09/09/2005,WDG,OK,ASW,CE,Federal Contract Tower,0,6,7,4,17,0,0,29,4,33,0,6,36,8,50,28,10,38,88
09/10/2005,WDG,OK,ASW,CE,Federal Contract Tower,0,2,3,0,5,0,2,28,0,30,0,4,31,0,35,2,0,2,37
09/11/2005,WDG,OK,ASW,CE,Federal Contract Tower,0,1,5,8,14,0,0,28,8,36,0,1,33,16,50,18,40,58,108
09/12/2005,WDG,OK,ASW,CE,Federal Contract Tower,0,4,8,8,20,0,0,34,6,40,0,4,42,14,60,14,16,30,90
09/13/2005,WDG,OK,ASW,CE,Federal Contract Tower,0,4,2,5,11,0,0,37,5,42,0,4,39,10,53,20,50,70,123
09/14/2005,WDG,OK,ASW,CE,Federal Contract Tower,0,5,5,3,13,0,0,14,13,27,0,5,19,16,40,26,22,48,88
09/15/2005,WDG,OK,ASW,CE,Federal Contract Tower,0,4,5,8,17,0,0,15,14,29,0,4,20,22,46,46,14,60,106
09/16/2005,WDG,OK,ASW,CE,Federal Contract Tower,0,4,5,7,16,0,0,29,9,38,0,4,34,16,54,44,20,64,118
09/17/2005,WDG,OK,ASW,CE,Federal Contract Tower,0,3,2,6,11,0,0,43,0,43,0,3,45,6,54,14,0,14,68
09/18/2005,WDG,OK,ASW,CE,Federal Contract Tower,0,4,6,11,21,0,0,22,1,23,0,4,28,12,44,36,20,56,100
09/19/2005,WDG,OK,ASW,CE,Federal Contract Tower,0,4,7,16,27,0,0,44,15,59,0,4,51,31,86,60,56,116,202
09/20/2005,WDG,OK,ASW,CE,Federal Contract Tower,0,4,2,19,25,0,0,18,19,37,0,4,20,38,62,14,54,68,130
09/21/2005,WDG,OK,ASW,CE,Federal Contract Tower,0,4,10,12,26,0,0,33,15,48,0,4,43,27,74,42,6,48,122
09/22/2005,WDG,OK,ASW,CE,Federal Contract Tower,0,4,4,10,18,0,0,18,12,30,0,4,22,22,48,32,10,42,90
09/23/2005,WDG,OK,ASW,CE,Federal Contract Tower,0,4,8,11,23,0,0,36,15,51,0,4,44,26,74,28,24,52,126
09/24/2005,WDG,OK,ASW,CE,Federal Contract Tower,0,2,1,2,5,0,1,47,2,50,0,3,48,4,55,26,4,30,85
09/25/2005,WDG,OK,ASW,CE,Federal Contract Tower,0,1,6,2,9,0,0,22,3,25,0,1,28,5,34,4,0,4,38
09/26/2005,WDG,OK,ASW,CE,Federal Contract Tower,0,4,7,19,30,0,0,17,20,37,0,4,24,39,67,10,44,54,121
09/27/2005,WDG,OK,ASW,CE,Federal Contract Tower,0,4,7,15,26,0,0,24,10,34,0,4,31,25,60,24,28,52,112
09/28/2005,WDG,OK,ASW,CE,Federal Contract Tower,0,4,2,0,6,0,1,8,0,9,0,5,10,0,15,24,0,24,39
09/29/2005,WDG,OK,ASW,CE,Federal Contract Tower,0,3,9,0,12,0,1,34,0,35,0,4,43,0,47,4,0,4,51
09/30/2005,WDG,OK,ASW,CE,Federal Contract Tower,0,4,9,0,13,0,0,30,0,30,0,4,39,0,43,26,0,26,69
10/01/2005,WDG,OK,ASW,CE,Federal Contract Tower,0,3,5,0,8,0,0,7,0,7,0,3,12,0,15,0,0,0,15
10/02/2005,WDG,OK,ASW,CE,Federal Contract Tower,0,2,6,0,8,0,0,27,0,27,0,2,33,0,35,22,0,22,57
10/03/2005,WDG,OK,ASW,CE,Federal Contract Tower,0,4,4,7,15,0,0,14,9,23,0,4,18,16,38,0,6,6,44
10/04/2005,WDG,OK,ASW,CE,Federal Contract Tower,0,4,4,19,27,0,0,14,19,33,0,4,18,38,60,0,106,106,166
10/05/2005,WDG,OK,ASW,CE,Federal Contract Tower,0,4,8,4,16,0,0,13,4,17,0,4,21,8,33,8,12,20,53
10/06/2005,WDG,OK,ASW,CE,Federal Contract Tower,0,4,6,16,26,0,0,3,23,26,0,4,9,39,52,0,36,36,88
10/07/2005,WDG,OK,ASW,CE,Federal Contract Tower,0,4,17,6,27,0,0,39,15,54,0,4,56,21,81,56,34,90,171
10/08/2005,WDG,OK,ASW,CE,Federal Contract Tower,0,2,5,2,9,0,1,43,0,44,0,3,48,2,53,60,0,60,113
10/09/2005,WDG,OK,ASW,CE,Federal Contract Tower,0,1,9,3,13,0,0,35,0,35,0,1,44,3,48,70,2,72,120
10/10/2005,WDG,OK,ASW,CE,Federal Contract Tower,0,4,8,9,21,0,0,23,4,27,0,4,31,13,48,46,14,60,108
10/11/2005,WDG,OK,ASW,CE,Federal Contract Tower,0,4,9,18,31,0,0,21,5,26,0,4,30,23,57,26,0,26,83
10/12/2005,WDG,OK,ASW,CE,Federal Contract Tower,0,4,12,8,24,0,0,16,14,30,0,4,28,22,54,20,22,42,96
10/13/2005,WDG,OK,ASW,CE,Federal Contract Tower,0,4,6,15,25,0,0,29,17,46,0,4,35,32,71,30,64,94,165
10/14/2005,WDG,OK,ASW,CE,Federal Contract Tower,0,4,6,18,28,0,0,33,17,50,0,4,39,35,78,14,32,46,124
10/15/2005,WDG,OK,ASW,CE,Federal Contract Tower,0,4,2,5,11,0,1,44,5,50,0,5,46,10,61,36,2,38,99
10/16/2005,WDG,OK,ASW,CE,Federal Contract Tower,0,3,6,8,17,0,0,38,2,40,0,3,44,10,57,0,8,8,65
10/17/2005,WDG,OK,ASW,CE,Federal Contract Tower,0,4,2,10,16,0,0,27,10,37,0,4,29,20,53,20,22,42,95
10/18/2005,WDG,OK,ASW,CE,Federal Contract Tower,0,4,7,11,22,0,0,19,11,30,0,4,26,22,52,28,48,76,128
10/19/2005,WDG,OK,ASW,CE,Federal Contract Tower,0,4,4,5,13,0,0,13,5,18,0,4,17,10,31,8,2,10,41
10/20/2005,WDG,OK,ASW,CE,Federal Contract Tower,0,4,26,11,41,0,0,12,13,25,0,4,38,24,66,10,32,42,108
10/21/2005,WDG,OK,ASW,CE,Federal Contract Tower,0,4,16,11,31,0,0,18,22,40,0,4,34,33,71,20,14,34,105
10/22/2005,WDG,OK,ASW,CE,Federal Contract Tower,0,2,4,0,6,0,1,48,0,49,0,3,52,0,55,12,0,12,67
10/23/2005,WDG,OK,ASW,CE,Federal Contract Tower,0,1,4,0,5,0,0,13,4,17,0,1,17,4,22,8,0,8,30
10/24/2005,WDG,OK,ASW,CE,Federal Contract Tower,0,4,8,21,33,0,0,21,20,41,0,4,29,41,74,16,68,84,158
10/25/2005,WDG,OK,ASW,CE,Federal Contract Tower,0,4,2,12,18,0,0,36,12,48,0,4,38,24,66,62,12,74,140
10/26/2005,WDG,OK,ASW,CE,Federal Contract Tower,0,5,13,6,24,0,0,29,10,39,0,5,42,16,63,28,32,60,123
10/27/2005,WDG,OK,ASW,CE,Federal Contract Tower,0,5,3,17,25,0,0,26,23,49,0,5,29,40,74,38,52,90,164
10/28/2005,WDG,OK,ASW,CE,Federal Contract Tower,0,4,6,14,24,0,0,27,18,45,0,4,33,32,69,20,20,40,109
10/29/2005,WDG,OK,ASW,CE,Federal Contract Tower,0,3,4,0,7,0,0,16,0,16,0,3,20,0,23,14,0,14,37
10/30/2005,WDG,OK,ASW,CE,Federal Contract Tower,0,1,4,1,6,0,0,28,1,29,0,1,32,2,35,14,0,14,49
10/31/2005,WDG,OK,ASW,CE,Federal Contract Tower,0,4,1,12,17,0,0,13,12,25,0,4,14,24,42,26,14,40,82
11/01/2005,WDG,OK,ASW,CE,Federal Contract Tower,0,4,2,23,29,0,0,26,23,49,0,4,28,46,78,8,12,20,98
11/02/2005,WDG,OK,ASW,CE,Federal Contract Tower,0,4,4,23,31,0,0,12,21,33,0,4,16,44,64,12,14,26,90
11/03/2005,WDG,OK,ASW,CE,Federal Contract Tower,0,4,4,6,14,0,0,22,10,32,0,4,26,16,46,26,8,34,80
11/04/2005,WDG,OK,ASW,CE,Federal Contract Tower,0,4,2,12,18,0,0,23,14,37,0,4,25,26,55,26,6,32,87
11/05/2005,WDG,OK,ASW,CE,Federal Contract Tower,0,3,2,0,5,0,0,38,0,38,0,3,40,0,43,58,0,58,101
11/06/2005,WDG,OK,ASW,CE,Federal Contract Tower,0,1,2,11,14,0,0,37,11,48,0,1,39,22,62,22,6,28,90
11/07/2005,WDG,OK,ASW,CE,Federal Contract Tower,0,4,4,14,22,0,0,33,14,47,0,4,37,28,69,14,12,26,95
11/08/2005,WDG,OK,ASW,CE,Federal Contract Tower,0,5,8,16,29,0,0,18,16,34,0,5,26,32,63,14,36,50,113
11/09/2005,WDG,OK,ASW,CE,Federal Contract Tower,0,4,2,22,28,0,0,11,26,37,0,4,13,48,65,12,40,52,117
11/10/2005,WDG,OK,ASW,CE,Federal Contract Tower,0,4,1,20,25,0,0,39,20,59,0,4,40,40,84,28,24,52,136
11/11/2005,WDG,OK,ASW,CE,Federal Contract Tower,0,3,11,5,19,0,1,34,5,40,0,4,45,10,59,18,36,54,113
11/12/2005,WDG,OK,ASW,CE,Federal Contract Tower,0,4,1,15,20,0,0,28,11,39,0,4,29,26,59,12,34,46,105
11/13/2005,WDG,OK,ASW,CE,Federal Contract Tower,0,1,5,14,20,0,0,19,7,26,0,1,24,21,46,6,14,20,66
11/14/2005,WDG,OK,ASW,CE,Federal Contract Tower,0,6,5,2,13,0,0,34,0,34,0,6,39,2,47,30,0,30,77
11/15/2005,WDG,OK,ASW,CE,Federal Contract Tower,0,4,0,12,16,0,0,5,12,17,0,4,5,24,33,0,0,0,33
11/16/2005,WDG,OK,ASW,CE,Federal Contract Tower,0,4,7,25,36,0,0,29,15,44,0,4,36,40,80,18,22,40,120
11/17/2005,WDG,OK,ASW,CE,Federal Contract Tower,0,4,5,23,32,0,0,10,29,39,0,4,15,52,71,0,26,26,97
11/18/2005,WDG,OK,ASW,CE,Federal Contract Tower,0,5,6,16,27,0,0,26,16,42,0,5,32,32,69,10,40,50,119
11/19/2005,WDG,OK,ASW,CE,Federal Contract Tower,0,4,5,0,9,0,0,31,0,31,0,4,36,0,40,0,0,0,40
11/20/2005,WDG,OK,ASW,CE,Federal Contract Tower,0,1,3,2,6,0,0,19,2,21,0,1,22,4,27,8,0,8,35
11/21/2005,WDG,OK,ASW,CE,Federal Contract Tower,0,6,4,32,42,0,0,30,32,62,0,6,34,64,104,32,28,60,164
11/22/2005,WDG,OK,ASW,CE,Federal Contract Tower,0,4,8,35,47,0,0,25,35,60,0,4,33,70,107,6,22,28,135
11/23/2005,WDG,OK,ASW,CE,Federal Contract Tower,0,4,5,22,31,0,0,21,22,43,0,4,26,44,74,0,24,24,98
11/24/2005,WDG,OK,ASW,CE,Federal Contract Tower,0,0,0,0,0,0,0,6,0,6,0,0,6,0,6,0,0,0,6
11/25/2005,WDG,OK,ASW,CE,Federal Contract Tower,0,4,6,0,10,0,0,37,0,37,0,4,43,0,47,12,0,12,59
11/26/2005,WDG,OK,ASW,CE,Federal Contract Tower,0,4,0,0,4,0,0,26,0,26,0,4,26,0,30,0,0,0,30
11/27/2005,WDG,OK,ASW,CE,Federal Contract Tower,0,1,3,0,4,0,0,3,0,3,0,1,6,0,7,0,0,0,7
11/28/2005,WDG,OK,ASW,CE,Federal Contract Tower,0,3,0,0,3,0,0,3,0,3,0,3,3,0,6,0,0,0,6
11/29/2005,WDG,OK,ASW,CE,Federal Contract Tower,0,4,3,31,38,0,0,17,31,48,0,4,20,62,86,10,0,10,96
11/30/2005,WDG,OK,ASW,CE,Federal Contract Tower,0,4,5,23,32,0,0,19,23,42,0,4,24,46,74,6,0,6,80
12/01/2005,WDG,OK,ASW,CE,Federal Contract Tower,0,4,7,28,39,0,0,20,28,48,0,4,27,56,87,0,2,2,89
12/02/2005,WDG,OK,ASW,CE,Federal Contract Tower,0,4,12,23,39,0,0,3,25,28,0,4,15,48,67,0,2,2,69
12/03/2005,WDG,OK,ASW,CE,Federal Contract Tower,0,4,4,3,11,0,0,20,2,22,0,4,24,5,33,0,0,0,33
12/04/2005,WDG,OK,ASW,CE,Federal Contract Tower,0,1,6,11,18,0,0,29,12,41,0,1,35,23,59,14,4,18,77
12/05/2005,WDG,OK,ASW,CE,Federal Contract Tower,0,4,7,31,42,0,0,24,31,55,0,4,31,62,97,20,18,38,135
12/06/2005,WDG,OK,ASW,CE,Federal Contract Tower,0,4,8,33,45,0,0,19,33,52,0,4,27,66,97,14,6,20,117
12/07/2005,WDG,OK,ASW,CE,Federal Contract Tower,0,4,5,0,9,0,0,0,0,0,0,4,5,0,9,0,0,0,9
12/08/2005,WDG,OK,ASW,CE,Federal Contract Tower,0,4,4,33,41,0,0,18,33,51,0,4,22,66,92,0,8,8,100
12/09/2005,WDG,OK,ASW,CE,Federal Contract Tower,0,2,4,21,27,0,0,37,19,56,0,2,41,40,83,4,28,32,115
12/10/2005,WDG,OK,ASW,CE,Federal Contract Tower,0,4,5,0,9,0,0,77,0,77,0,4,82,0,86,18,0,18,104
12/11/2005,WDG,OK,ASW,CE,Federal Contract Tower,0,1,1,15,17,0,0,29,9,38,0,1,30,24,55,14,0,14,69
12/12/2005,WDG,OK,ASW,CE,Federal Contract Tower,0,4,2,30,36,0,1,41,32,74,0,5,43,62,110,24,6,30,140
12/13/2005,WDG,OK,ASW,CE,Federal Contract Tower,0,4,2,48,54,0,1,20,48,69,0,5,22,96,123,44,26,70,193
12/14/2005,WDG,OK,ASW,CE,Federal Contract Tower,0,6,2,32,40,0,0,8,32,40,0,6,10,64,80,0,26,26,106
12/15/2005,WDG,OK,ASW,CE,Federal Contract Tower,0,5,9,19,33,0,0,37,19,56,0,5,46,38,89,4,16,20,109
12/16/2005,WDG,OK,ASW,CE,Federal Contract Tower,0,4,1,23,28,0,0,23,21,44,0,4,24,44,72,6,56,62,134
12/17/2005,WDG,OK,ASW,CE,Federal Contract Tower,0,3,2,3,8,0,1,0,0,1,0,4,2,3,9,0,0,0,9
12/18/2005,WDG,OK,ASW,CE,Federal Contract Tower,0,3,1,0,4,0,0,0,0,0,0,3,1,0,4,0,0,0,4
12/19/2005,WDG,OK,ASW,CE,Federal Contract Tower,0,5,0,0,5,0,0,4,0,4,0,5,4,0,9,0,0,0,9
12/20/2005,WDG,OK,ASW,CE,Federal Contract Tower,0,4,5,43,52,0,0,5,40,45,0,4,10,83,97,4,32,36,133
12/21/2005,WDG,OK,ASW,CE,Federal Contract Tower,0,4,3,19,26,0,0,16,19,35,0,4,19,38,61,22,36,58,119
12/22/2005,WDG,OK,ASW,CE,Federal Contract Tower,0,4,5,11,20,0,0,28,11,39,0,4,33,22,59,0,20,20,79
12/23/2005,WDG,OK,ASW,CE,Federal Contract Tower,0,4,7,0,11,0,0,89,0,89,0,4,96,0,100,20,0,20,120
12/24/2005,WDG,OK,ASW,CE,Federal Contract Tower,0,1,4,0,5,0,0,14,0,14,0,1,18,0,19,0,0,0,19
12/25/2005,WDG,OK,ASW,CE,Federal Contract Tower,0,0,3,0,3,0,0,16,0,16,0,0,19,0,19,0,0,0,19
12/26/2005,WDG,OK,ASW,CE,Federal Contract Tower,0,4,6,0,10,0,2,26,0,28,0,6,32,0,38,12,0,12,50
12/27/2005,WDG,OK,ASW,CE,Federal Contract Tower,0,5,3,0,8,0,1,13,0,14,0,6,16,0,22,4,0,4,26
12/28/2005,WDG,OK,ASW,CE,Federal Contract Tower,0,4,1,0,5,0,0,26,0,26,0,4,27,0,31,0,0,0,31
12/29/2005,WDG,OK,ASW,CE,Federal Contract Tower,0,4,0,0,4,0,0,45,0,45,0,4,45,0,49,22,0,22,71
12/30/2005,WDG,OK,ASW,CE,Federal Contract Tower,0,4,1,0,5,0,0,42,0,42,0,4,43,0,47,12,0,12,59
12/31/2005,WDG,OK,ASW,CE,Federal Contract Tower,0,2,5,0,7,0,1,45,0,46,0,3,50,0,53,144,0,144,197
01/01/2006,WDG,OK,ASW,CE,Federal Contract Tower,0,0,2,0,2,0,0,2,0,2,0,0,4,0,4,0,0,0,4
01/02/2006,WDG,OK,ASW,CE,Federal Contract Tower,0,2,2,0,4,0,0,35,0,35,0,2,37,0,39,2,0,2,41
01/03/2006,WDG,OK,ASW,CE,Federal Contract Tower,0,6,4,31,41,0,0,21,31,52,0,6,25,62,93,20,70,90,183
01/04/2006,WDG,OK,ASW,CE,Federal Contract Tower,0,4,9,29,42,0,0,25,29,54,0,4,34,58,96,4,8,12,108
01/05/2006,WDG,OK,ASW,CE,Federal Contract Tower,0,4,10,35,49,0,0,15,35,50,0,4,25,70,99,0,40,40,139
01/06/2006,WDG,OK,ASW,CE,Federal Contract Tower,0,4,6,23,33,0,0,43,22,65,0,4,49,45,98,24,16,40,138
01/07/2006,WDG,OK,ASW,CE,Federal Contract Tower,0,4,5,3,12,0,0,38,1,39,0,4,43,4,51,26,0,26,77
01/08/2006,WDG,OK,ASW,CE,Federal Contract Tower,0,2,7,24,33,0,1,25,19,45,0,3,32,43,78,10,6,16,94
01/09/2006,WDG,OK,ASW,CE,Federal Contract Tower,0,4,5,29,38,0,0,15,29,44,0,4,20,58,82,8,2,10,92
01/10/2006,WDG,OK,ASW,CE,Federal Contract Tower,0,2,6,10,18,0,0,16,10,26,0,2,22,20,44,32,16,48,92
01/11/2006,WDG,OK,ASW,CE,Federal Contract Tower,0,4,5,29,38,0,0,32,29,61,0,4,37,58,99,44,22,66,165
01/12/2006,WDG,OK,ASW,CE,Federal Contract Tower,0,4,7,22,33,0,0,10,22,32,0,4,17,44,65,20,8,28,93
01/13/2006,WDG,OK,ASW,CE,Federal Contract Tower,0,4,7,23,34,0,0,31,18,49,0,4,38,41,83,32,4,36,119
01/14/2006,WDG,OK,ASW,CE,Federal Contract Tower,0,4,11,0,15,0,0,51,0,51,0,4,62,0,66,84,0,84,150
01/15/2006,WDG,OK,ASW,CE,Federal Contract Tower,0,1,5,2,8,0,0,10,1,11,0,1,15,3,19,4,0,4,23
01/16/2006,WDG,OK,ASW,CE,Federal Contract Tower,0,4,3,3,10,0,0,15,0,15,0,4,18,3,25,14,0,14,39
01/17/2006,WDG,OK,ASW,CE,Federal Contract Tower,0,6,2,11,19,0,0,17,10,27,0,6,19,21,46,14,18,32,78
01/18/2006,WDG,OK,ASW,CE,Federal Contract Tower,0,4,12,21,37,0,0,38,19,57,0,4,50,40,94,20,42,62,156
01/19/2006,WDG,OK,ASW,CE,Federal Contract Tower,0,4,8,23,35,0,0,25,16,41,0,4,33,39,76,10,110,120,196
01/20/2006,WDG,OK,ASW,CE,Federal Contract Tower,0,2,4,10,16,0,1,16,9,26,0,3,20,19,42,4,4,8,50
01/21/2006,WDG,OK,ASW,CE,Federal Contract Tower,0,4,1,3,8,0,0,42,0,42,0,4,43,3,50,16,0,16,66
01/22/2006,WDG,OK,ASW,CE,Federal Contract Tower,0,1,3,9,13,0,0,12,6,18,0,1,15,15,31,22,4,26,57
01/23/2006,WDG,OK,ASW,CE,Federal Contract Tower,0,5,7,27,39,0,0,22,27,49,0,5,29,54,88,40,86,126,214
01/24/2006,WDG,OK,ASW,CE,Federal Contract Tower,0,8,8,29,45,0,0,32,28,60,0,8,40,57,105,52,86,138,243
01/25/2006,WDG,OK,ASW,CE,Federal Contract Tower,0,4,8,19,31,0,0,33,24,57,0,4,41,43,88,42,38,80,168
01/26/2006,WDG,OK,ASW,CE,Federal Contract Tower,0,4,7,36,47,0,0,14,36,50,0,4,21,72,97,0,58,58,155
01/27/2006,WDG,OK,ASW,CE,Federal Contract Tower,0,4,13,22,39,0,0,16,22,38,0,4,29,44,77,0,20,20,97
01/28/2006,WDG,OK,ASW,CE,Federal Contract Tower,0,4,3,0,7,0,0,27,0,27,0,4,30,0,34,10,0,10,44
01/29/2006,WDG,OK,ASW,CE,Federal Contract Tower,0,1,6,8,15,0,0,29,8,37,0,1,35,16,52,4,0,4,56
01/30/2006,WDG,OK,ASW,CE,Federal Contract Tower,0,4,8,19,31,0,0,30,19,49,0,4,38,38,80,12,82,94,174
01/31/2006,WDG,OK,ASW,CE,Federal Contract Tower,0,4,2,34,40,0,0,17,36,53,0,4,19,70,93,24,82,106,199
02/01/2006,WDG,OK,ASW,CE,Federal Contract Tower,0,4,17,21,42,0,0,30,29,59,0,4,47,50,101,32,52,84,185
02/02/2006,WDG,OK,ASW,CE,Federal Contract Tower,0,4,8,19,31,0,0,26,21,47,0,4,34,40,78,16,14,30,108
02/03/2006,WDG,OK,ASW,CE,Federal Contract Tower,0,4,5,18,27,0,0,37,16,53,0,4,42,34,80,6,22,28,108
02/04/2006,WDG,OK,ASW,CE,Federal Contract Tower,0,3,2,2,7,0,1,51,0,52,0,4,53,2,59,10,0,10,69
02/05/2006,WDG,OK,ASW,CE,Federal Contract Tower,0,1,7,9,17,0,0,13,6,19,0,1,20,15,36,0,0,0,36
02/06/2006,WDG,OK,ASW,CE,Federal Contract Tower,0,4,14,22,40,0,0,10,24,34,0,4,24,46,74,10,30,40,114
02/07/2006,WDG,OK,ASW,CE,Federal Contract Tower,0,4,7,28,39,0,0,24,30,54,0,4,31,58,93,34,58,92,185
02/08/2006,WDG,OK,ASW,CE,Federal Contract Tower,0,4,3,32,39,0,0,15,38,53,0,4,18,70,92,6,60,66,158
02/09/2006,WDG,OK,ASW,CE,Federal Contract Tower,0,5,7,25,37,0,0,18,31,49,0,5,25,56,86,0,68,68,154
02/10/2006,WDG,OK,ASW,CE,Federal Contract Tower,0,5,1,13,19,0,1,22,16,39,0,6,23,29,58,16,48,64,122
02/11/2006,WDG,OK,ASW,CE,Federal Contract Tower,0,4,3,3,10,0,0,21,0,21,0,4,24,3,31,2,0,2,33
02/12/2006,WDG,OK,ASW,CE,Federal Contract Tower,0,1,0,7,8,0,0,11,5,16,0,1,11,12,24,0,0,0,24
02/13/2006,WDG,OK,ASW,CE,Federal Contract Tower,0,4,2,11,17,0,3,26,15,44,0,7,28,26,61,10,0,10,71
02/14/2006,WDG,OK,ASW,CE,Federal Contract Tower,0,3,2,14,19,0,2,20,17,39,0,5,22,31,58,6,4,10,68
02/15/2006,WDG,OK,ASW,CE,Federal Contract Tower,0,5,9,9,23,0,1,36,11,48,0,6,45,20,71,62,0,62,133
02/16/2006,WDG,OK,ASW,CE,Federal Contract Tower,0,4,12,6,22,0,0,14,9,23,0,4,26,15,45,12,0,12,57
02/17/2006,WDG,OK,ASW,CE,Federal Contract Tower,0,5,5,0,10,0,1,30,0,31,0,6,35,0,41,14,0,14,55
02/18/2006,WDG,OK,ASW,CE,Federal Contract Tower,0,5,0,0,5,0,0,14,0,14,0,5,14,0,19,30,0,30,49
02/19/2006,WDG,OK,ASW,CE,Federal Contract Tower,0,1,3,0,4,0,0,3,0,3,0,1,6,0,7,0,0,0,7
02/20/2006,WDG,OK,ASW,CE,Federal Contract Tower,0,2,3,0,5,0,0,6,0,6,0,2,9,0,11,16,0,16,27
02/21/2006,WDG,OK,ASW,CE,Federal Contract Tower,0,0,5,4,9,0,0,7,4,11,0,0,12,8,20,0,0,0,20
02/22/2006,WDG,OK,ASW,CE,Federal Contract Tower,0,6,6,7,19,0,1,19,7,27,0,7,25,14,46,52,4,56,102
02/23/2006,WDG,OK,ASW,CE,Federal Contract Tower,0,5,4,13,22,0,0,35,11,46,0,5,39,24,68,36,2,38,106
02/24/2006,WDG,OK,ASW,CE,Federal Contract Tower,0,4,9,6,19,0,0,25,8,33,0,4,34,14,52,32,0,32,84
02/25/2006,WDG,OK,ASW,CE,Federal Contract Tower,0,4,4,0,8,0,0,25,0,25,0,4,29,0,33,24,0,24,57
02/26/2006,WDG,OK,ASW,CE,Federal Contract Tower,0,3,5,1,9,0,0,34,3,37,0,3,39,4,46,2,0,2,48
02/27/2006,WDG,OK,ASW,CE,Federal Contract Tower,0,4,5,16,25,0,0,17,16,33,0,4,22,32,58,14,0,14,72
02/28/2006,WDG,OK,ASW,CE,Federal Contract Tower,0,4,5,10,19,0,0,18,10,28,0,4,23,20,47,56,0,56,103
03/01/2006,WDG,OK,ASW,CE,Federal Contract Tower,0,4,7,11,22,0,0,22,3,25,0,4,29,14,47,58,0,58,105
03/02/2006,WDG,OK,ASW,CE,Federal Contract Tower,0,4,6,6,16,0,0,5,6,11,0,4,11,12,27,32,2,34,61
03/03/2006,WDG,OK,ASW,CE,Federal Contract Tower,0,4,4,0,8,0,0,19,0,19,0,4,23,0,27,6,0,6,33
03/04/2006,WDG,OK,ASW,CE,Federal Contract Tower,0,4,1,0,5,0,0,28,0,28,0,4,29,0,33,12,0,12,45
03/05/2006,WDG,OK,ASW,CE,Federal Contract Tower,0,1,5,2,8,0,0,15,2,17,0,1,20,4,25,2,0,2,27
03/06/2006,WDG,OK,ASW,CE,Federal Contract Tower,0,4,5,6,15,0,0,36,4,40,0,4,41,10,55,38,0,38,93
03/07/2006,WDG,OK,ASW,CE,Federal Contract Tower,0,6,6,15,27,0,0,19,18,37,0,6,25,33,64,34,0,34,98
03/08/2006,WDG,OK,ASW,CE,Federal Contract Tower,0,4,9,2,15,0,1,13,2,16,0,5,22,4,31,2,0,2,33
03/09/2006,WDG,OK,ASW,CE,Federal Contract Tower,0,2,14,5,21,0,0,7,5,12,0,2,21,10,33,0,0,0,33
03/10/2006,WDG,OK,ASW,CE,Federal Contract Tower,0,4,4,7,15,0,0,36,7,43,0,4,40,14,58,38,0,38,96
03/11/2006,WDG,OK,ASW,CE,Federal Contract Tower,0,4,6,0,10,0,0,52,0,52,0,4,58,0,62,22,0,22,84
03/12/2006,WDG,OK,ASW,CE,Federal Contract Tower,0,1,4,0,5,0,0,10,0,10,0,1,14,0,15,0,0,0,15
03/13/2006,WDG,OK,ASW,CE,Federal Contract Tower,0,4,3,13,20,0,0,28,15,43,0,4,31,28,63,18,0,18,81
03/14/2006,WDG,OK,ASW,CE,Federal Contract Tower,0,4,10,15,29,0,0,35,15,50,0,4,45,30,79,30,0,30,109
03/15/2006,WDG,OK,ASW,CE,Federal Contract Tower,0,4,6,4,14,0,0,20,4,24,0,4,26,8,38,10,0,10,48
03/16/2006,WDG,OK,ASW,CE,Federal Contract Tower,0,4,6,9,19,0,0,32,9,41,0,4,38,18,60,40,0,40,100
03/17/2006,WDG,OK,ASW,CE,Federal Contract Tower,0,4,5,4,13,0,1,26,4,31,0,5,31,8,44,60,0,60,104
03/18/2006,WDG,OK,ASW,CE,Federal Contract Tower,0,2,4,0,6,0,0,2,0,2,0,2,6,0,8,0,0,0,8
03/19/2006,WDG,OK,ASW,CE,Federal Contract Tower,0,0,1,0,1,0,0,0,0,0,0,0,1,0,1,0,0,0,1
03/20/2006,WDG,OK,ASW,CE,Federal Contract Tower,0,1,0,0,1,0,0,0,0,0,0,1,0,0,1,0,0,0,1
03/21/2006,WDG,OK,ASW,CE,Federal Contract Tower,0,4,3,4,11,0,0,19,4,23,0,4,22,8,34,0,0,0,34
03/22/2006,WDG,OK,ASW,CE,Federal Contract Tower,0,2,4,6,12,0,0,8,9,17,0,2,12,15,29,4,0,4,33
03/23/2006,WDG,OK,ASW,CE,Federal Contract Tower,0,4,9,8,21,0,0,16,8,24,0,4,25,16,45,60,0,60,105
03/24/2006,WDG,OK,ASW,CE,Federal Contract Tower,0,4,3,9,16,0,0,20,9,29,0,4,23,18,45,16,0,16,61
03/25/2006,WDG,OK,ASW,CE,Federal Contract Tower,0,4,6,0,10,0,0,80,0,80,0,4,86,0,90,46,0,46,136
03/26/2006,WDG,OK,ASW,CE,Federal Contract Tower,0,1,8,4,13,0,0,9,4,13,0,1,17,8,26,4,0,4,30
03/27/2006,WDG,OK,ASW,CE,Federal Contract Tower,0,4,7,8,19,0,0,20,10,30,0,4,27,18,49,14,0,14,63
03/28/2006,WDG,OK,ASW,CE,Federal Contract Tower,0,4,9,9,22,0,0,44,9,53,0,4,53,18,75,66,0,66,141
03/29/2006,WDG,OK,ASW,CE,Federal Contract Tower,0,4,12,25,41,0,0,14,25,39,0,4,26,50,80,8,0,8,88
03/30/2006,WDG,OK,ASW,CE,Federal Contract Tower,0,4,5,2,11,0,0,2,6,8,0,4,7,8,19,0,0,0,19
03/31/2006,WDG,OK,ASW,CE,Federal Contract Tower,0,4,9,6,19,0,0,41,6,47,0,4,50,12,66,62,0,62,128
04/01/2006,WDG,OK,ASW,CE,Federal Contract Tower,0,3,6,2,11,0,0,45,2,47,0,3,51,4,58,22,0,22,80
04/02/2006,WDG,OK,ASW,CE,Federal Contract Tower,0,2,8,0,10,0,0,18,0,18,0,2,26,0,28,20,0,20,48
04/03/2006,WDG,OK,ASW,CE,Federal Contract Tower,0,4,7,10,21,0,0,37,9,46,0,4,44,19,67,10,2,12,79
04/04/2006,WDG,OK,ASW,CE,Federal Contract Tower,0,4,5,10,19,0,0,25,10,35,0,4,30,20,54,2,0,2,56
04/05/2006,WDG,OK,ASW,CE,Federal Contract Tower,0,4,4,9,17,0,0,7,9,16,0,4,11,18,33,0,2,2,35
04/06/2006,WDG,OK,ASW,CE,Federal Contract Tower,0,4,2,8,14,0,0,4,8,12,0,4,6,16,26,0,2,2,28
04/07/2006,WDG,OK,ASW,CE,Federal Contract Tower,0,4,8,4,16,0,0,2,4,6,0,4,10,8,22,0,0,0,22
04/08/2006,WDG,OK,ASW,CE,Federal Contract Tower,0,4,5,0,9,0,0,33,0,33,0,4,38,0,42,16,0,16,58
04/09/2006,WDG,OK,ASW,CE,Federal Contract Tower,0,1,4,1,6,0,0,20,1,21,0,1,24,2,27,20,0,20,47
04/10/2006,WDG,OK,ASW,CE,Federal Contract Tower,0,4,10,24,38,0,0,13,24,37,0,4,23,48,75,34,10,44,119
04/11/2006,WDG,OK,ASW,CE,Federal Contract Tower,0,4,2,12,18,0,0,13,12,25,0,4,15,24,43,0,6,6,49
04/12/2006,WDG,OK,ASW,CE,Federal Contract Tower,0,5,9,11,25,0,0,27,11,38,0,5,36,22,63,30,4,34,97
04/13/2006,WDG,OK,ASW,CE,Federal Contract Tower,0,4,9,12,25,0,0,35,12,47,0,4,44,24,72,0,4,4,76
04/14/2006,WDG,OK,ASW,CE,Federal Contract Tower,0,4,5,10,19,0,0,16,10,26,0,4,21,20,45,2,0,2,47
04/15/2006,WDG,OK,ASW,CE,Federal Contract Tower,0,4,0,0,4,0,0,27,0,27,0,4,27,0,31,0,0,0,31
04/16/2006,WDG,OK,ASW,CE,Federal Contract Tower,0,1,4,0,5,0,0,21,0,21,0,1,25,0,26,4,0,4,30
04/17/2006,WDG,OK,ASW,CE,Federal Contract Tower,0,4,6,13,23,0,0,19,13,32,0,4,25,26,55,0,4,4,59
04/18/2006,WDG,OK,ASW,CE,Federal Contract Tower,0,4,8,2,14,0,0,20,2,22,0,4,28,4,36,12,0,12,48
04/19/2006,WDG,OK,ASW,CE,Federal Contract Tower,0,4,6,6,16,0,0,16,6,22,0,4,22,12,38,16,6,22,60
04/20/2006,WDG,OK,ASW,CE,Federal Contract Tower,0,6,7,10,23,0,0,36,8,44,0,6,43,18,67,6,0,6,73
04/21/2006,WDG,OK,ASW,CE,Federal Contract Tower,0,4,7,13,24,0,0,32,13,45,0,4,39,26,69,20,0,20,89
04/22/2006,WDG,OK,ASW,CE,Federal Contract Tower,0,4,7,0,11,0,0,69,0,69,0,4,76,0,80,12,0,12,92
04/23/2006,WDG,OK,ASW,CE,Federal Contract Tower,0,1,2,4,7,0,0,33,4,37,0,1,35,8,44,2,0,2,46
04/24/2006,WDG,OK,ASW,CE,Federal Contract Tower,0,4,3,9,16,0,0,9,9,18,0,4,12,18,34,0,0,0,34
04/25/2006,WDG,OK,ASW,CE,Federal Contract Tower,0,5,12,8,25,0,0,6,8,14,0,5,18,16,39,0,0,0,39
04/26/2006,WDG,OK,ASW,CE,Federal Contract Tower,0,4,11,18,33,0,1,29,20,50,0,5,40,38,83,20,0,20,103
04/27/2006,WDG,OK,ASW,CE,Federal Contract Tower,0,4,5,25,34,0,0,27,27,54,0,4,32,52,88,4,8,12,100
04/28/2006,WDG,OK,ASW,CE,Federal Contract Tower,0,2,1,0,3,0,0,1,0,1,0,2,2,0,4,0,0,0,4
04/29/2006,WDG,OK,ASW,CE,Federal Contract Tower,0,3,5,1,9,0,0,6,0,6,0,3,11,1,15,6,0,6,21
04/30/2006,WDG,OK,ASW,CE,Federal Contract Tower,0,1,7,0,8,0,0,16,0,16,0,1,23,0,24,6,0,6,30
05/01/2006,WDG,OK,ASW,CE,Federal Contract Tower,0,4,5,27,36,0,0,21,27,48,0,4,26,54,84,0,2,2,86
05/02/2006,WDG,OK,ASW,CE,Federal Contract Tower,0,4,9,20,33,0,0,9,20,29,0,4,18,40,62,12,2,14,76
05/03/2006,WDG,OK,ASW,CE,Federal Contract Tower,0,5,2,17,24,0,0,10,19,29,0,5,12,36,53,0,0,0,53
05/04/2006,WDG,OK,ASW,CE,Federal Contract Tower,0,2,4,12,18,0,0,2,14,16,0,2,6,26,34,0,0,0,34
05/05/2006,WDG,OK,ASW,CE,Federal Contract Tower,0,4,11,3,18,0,0,27,9,36,0,4,38,12,54,0,0,0,54
05/06/2006,WDG,OK,ASW,CE,Federal Contract Tower,0,1,4,0,5,0,0,12,24,36,0,1,16,24,41,0,0,0,41
05/07/2006,WDG,OK,ASW,CE,Federal Contract Tower,0,1,9,5,15,0,0,25,5,30,0,1,34,10,45,6,0,6,51
05/08/2006,WDG,OK,ASW,CE,Federal Contract Tower,0,4,8,9,21,0,0,21,11,32,0,4,29,20,53,6,0,6,59
05/09/2006,WDG,OK,ASW,CE,Federal Contract Tower,0,4,8,19,31,0,0,13,19,32,0,4,21,38,63,6,0,6,69
05/10/2006,WDG,OK,ASW,CE,Federal Contract Tower,0,4,12,18,34,0,0,9,18,27,0,4,21,36,61,0,0,0,61
05/11/2006,WDG,OK,ASW,CE,Federal Contract Tower,0,4,6,9,19,0,0,32,7,39,0,4,38,16,58,2,0,2,60
05/12/2006,WDG,OK,ASW,CE,Federal Contract Tower,0,4,6,17,27,0,0,30,17,47,0,4,36,34,74,56,0,56,130
05/13/2006,WDG,OK,ASW,CE,Federal Contract Tower,0,4,0,0,4,0,0,27,0,27,0,4,27,0,31,10,0,10,41
05/14/2006,WDG,OK,ASW,CE,Federal Contract Tower,0,1,3,8,12,0,0,11,8,19,0,1,14,16,31,0,0,0,31
05/15/2006,WDG,OK,ASW,CE,Federal Contract Tower,0,4,9,28,41,0,0,21,28,49,0,4,30,56,90,0,0,0,90
05/16/2006,WDG,OK,ASW,CE,Federal Contract Tower,0,4,11,15,30,0,0,16,19,35,0,4,27,34,65,0,0,0,65
05/17/2006,WDG,OK,ASW,CE,Federal Contract Tower,0,5,9,29,43,0,0,28,29,57,0,5,37,58,100,4,0,4,104
05/18/2006,WDG,OK,ASW,CE,Federal Contract Tower,0,5,3,26,34,0,0,34,26,60,0,5,37,52,94,0,0,0,94
05/19/2006,WDG,OK,ASW,CE,Federal Contract Tower,0,4,10,12,26,0,0,24,12,36,0,4,34,24,62,4,0,4,66
05/20/2006,WDG,OK,ASW,CE,Federal Contract Tower,0,4,3,0,7,0,0,24,2,26,0,4,27,2,33,16,0,16,49
05/21/2006,WDG,OK,ASW,CE,Federal Contract Tower,0,1,3,2,6,0,0,23,2,25,0,1,26,4,31,24,0,24,55
05/22/2006,WDG,OK,ASW,CE,Federal Contract Tower,0,4,5,13,22,0,0,20,13,33,0,4,25,26,55,16,0,16,71
05/23/2006,WDG,OK,ASW,CE,Federal Contract Tower,0,4,8,13,25,0,0,21,13,34,0,4,29,26,59,54,0,54,113
05/24/2006,WDG,OK,ASW,CE,Federal Contract Tower,0,4,12,13,29,0,0,23,15,38,0,4,35,28,67,62,0,62,129
05/25/2006,WDG,OK,ASW,CE,Federal Contract Tower,0,4,4,15,23,0,0,16,29,45,0,4,20,44,68,54,4,58,126
05/26/2006,WDG,OK,ASW,CE,Federal Contract Tower,0,4,5,0,9,0,0,25,0,25,0,4,30,0,34,34,0,34,68
05/27/2006,WDG,OK,ASW,CE,Federal Contract Tower,0,4,3,0,7,0,0,23,0,23,0,4,26,0,30,2,0,2,32
05/28/2006,WDG,OK,ASW,CE,Federal Contract Tower,0,1,4,0,5,0,0,6,0,6,0,1,10,0,11,0,0,0,11
05/29/2006,WDG,OK,ASW,CE,Federal Contract Tower,0,2,4,0,6,0,0,28,0,28,0,2,32,0,34,22,0,22,56
05/30/2006,WDG,OK,ASW,CE,Federal Contract Tower,0,6,7,10,23,0,0,21,10,31,0,6,28,20,54,22,0,22,76
05/31/2006,WDG,OK,ASW,CE,Federal Contract Tower,0,4,16,11,31,0,0,17,11,28,0,4,33,22,59,10,0,10,69
06/01/2006,WDG,OK,ASW,CE,Federal Contract Tower,0,4,1,11,16,0,0,22,11,33,0,4,23,22,49,2,0,2,51
06/02/2006,WDG,OK,ASW,CE,Federal Contract Tower,0,4,4,10,18,0,0,30,10,40,0,4,34,20,58,14,6,20,78
06/03/2006,WDG,OK,ASW,CE,Federal Contract Tower,0,4,1,0,5,0,0,42,1,43,0,4,43,1,48,56,2,58,106
06/04/2006,WDG,OK,ASW,CE,Federal Contract Tower,0,1,4,0,5,0,0,26,0,26,0,1,30,0,31,26,0,26,57
06/05/2006,WDG,OK,ASW,CE,Federal Contract Tower,0,4,1,8,13,0,0,30,8,38,0,4,31,16,51,26,2,28,79
06/06/2006,WDG,OK,ASW,CE,Federal Contract Tower,0,4,2,14,20,0,0,29,14,43,0,4,31,28,63,50,0,50,113
06/07/2006,WDG,OK,ASW,CE,Federal Contract Tower,0,4,1,5,10,0,0,23,5,28,0,4,24,10,38,42,4,46,84
06/08/2006,WDG,OK,ASW,CE,Federal Contract Tower,0,4,8,12,24,0,0,32,12,44,0,4,40,24,68,32,0,32,100
06/09/2006,WDG,OK,ASW,CE,Federal Contract Tower,0,4,6,8,18,0,0,22,8,30,0,4,28,16,48,12,0,12,60
06/10/2006,WDG,OK,ASW,CE,Federal Contract Tower,0,4,2,0,6,0,0,27,0,27,0,4,29,0,33,12,0,12,45
06/11/2006,WDG,OK,ASW,CE,Federal Contract Tower,0,1,5,4,10,0,0,37,4,41,0,1,42,8,51,34,0,34,85
06/12/2006,WDG,OK,ASW,CE,Federal Contract Tower,0,4,1,12,17,0,0,14,12,26,0,4,15,24,43,6,0,6,49
06/13/2006,WDG,OK,ASW,CE,Federal Contract Tower,0,4,5,10,19,0,0,17,16,33,0,4,22,26,52,44,4,48,100
06/14/2006,WDG,OK,ASW,CE,Federal Contract Tower,0,4,6,8,18,0,0,20,8,28,0,4,26,16,46,102,0,102,148
06/15/2006,WDG,OK,ASW,CE,Federal Contract Tower,0,4,11,14,29,0,0,27,16,43,0,4,38,30,72,10,0,10,82
06/16/2006,WDG,OK,ASW,CE,Federal Contract Tower,0,4,10,5,19,0,0,19,5,24,0,4,29,10,43,0,0,0,43
06/17/2006,WDG,OK,ASW,CE,Federal Contract Tower,0,3,3,0,6,0,0,17,0,17,0,3,20,0,23,4,0,4,27
06/18/2006,WDG,OK,ASW,CE,Federal Contract Tower,0,1,4,4,9,0,0,29,4,33,0,1,33,8,42,20,0,20,62
06/19/2006,WDG,OK,ASW,CE,Federal Contract Tower,0,4,1,11,16,0,0,26,11,37,0,4,27,22,53,20,0,20,73
06/20/2006,WDG,OK,ASW,CE,Federal Contract Tower,0,4,13,9,26,0,0,33,9,42,0,4,46,18,68,22,0,22,90
06/21/2006,WDG,OK,ASW,CE,Federal Contract Tower,0,4,13,4,21,0,0,37,8,45,0,4,50,12,66,58,0,58,124
06/22/2006,WDG,OK,ASW,CE,Federal Contract Tower,0,4,5,12,21,0,0,24,12,36,0,4,29,24,57,54,2,56,113
06/23/2006,WDG,OK,ASW,CE,Federal Contract Tower,0,5,9,0,14,0,0,16,0,16,0,5,25,0,30,10,0,10,40
06/24/2006,WDG,OK,ASW,CE,Federal Contract Tower,0,4,3,0,7,0,0,31,0,31,0,4,34,0,38,34,0,34,72
06/25/2006,WDG,OK,ASW,CE,Federal Contract Tower,0,1,2,0,3,0,0,32,0,32,0,1,34,0,35,16,0,16,51
06/26/2006,WDG,OK,ASW,CE,Federal Contract Tower,0,4,5,17,26,0,0,21,17,38,0,4,26,34,64,0,6,6,70
06/27/2006,WDG,OK,ASW,CE,Federal Contract Tower,0,4,7,16,27,0,0,28,16,44,0,4,35,32,71,94,0,94,165
06/28/2006,WDG,OK,ASW,CE,Federal Contract Tower,0,4,7,20,31,0,0,38,22,60,0,4,45,42,91,44,0,44,135
06/29/2006,WDG,OK,ASW,CE,Federal Contract Tower,0,4,8,18,30,0,0,29,16,45,0,4,37,34,75,84,4,88,163
06/30/2006,WDG,OK,ASW,CE,Federal Contract Tower,0,5,5,16,26,0,0,21,16,37,0,5,26,32,63,8,0,8,71
07/01/2006,WDG,OK,ASW,CE,Federal Contract Tower,0,3,3,0,6,0,0,49,0,49,0,3,52,0,55,26,0,26,81
07/02/2006,WDG,OK,ASW,CE,Federal Contract Tower,0,1,5,0,6,0,0,23,0,23,0,1,28,0,29,24,0,24,53
07/03/2006,WDG,OK,ASW,CE,Federal Contract Tower,0,4,4,0,8,0,0,21,0,21,0,4,25,0,29,0,0,0,29
07/04/2006,WDG,OK,ASW,CE,Federal Contract Tower,0,2,5,0,7,0,0,7,0,7,0,2,12,0,14,0,0,0,14
07/05/2006,WDG,OK,ASW,CE,Federal Contract Tower,0,5,4,20,29,0,0,18,20,38,0,5,22,40,67,32,4,36,103
07/06/2006,WDG,OK,ASW,CE,Federal Contract Tower,0,8,7,17,32,0,0,26,17,43,0,8,33,34,75,60,0,60,135
07/07/2006,WDG,OK,ASW,CE,Federal Contract Tower,0,4,8,19,31,0,0,26,19,45,0,4,34,38,76,36,0,36,112
07/08/2006,WDG,OK,ASW,CE,Federal Contract Tower,0,4,1,0,5,0,0,29,0,29,0,4,30,0,34,8,0,8,42
07/09/2006,WDG,OK,ASW,CE,Federal Contract Tower,0,1,3,2,6,0,0,22,2,24,0,1,25,4,30,0,0,0,30
07/10/2006,WDG,OK,ASW,CE,Federal Contract Tower,0,4,2,27,33,0,0,14,27,41,0,4,16,54,74,44,0,44,118
07/11/2006,WDG,OK,ASW,CE,Federal Contract Tower,0,5,12,21,38,0,1,12,21,34,0,6,24,42,72,44,0,44,116
07/12/2006,WDG,OK,ASW,CE,Federal Contract Tower,0,4,10,23,37,0,0,22,19,41,0,4,32,42,78,80,0,80,158
07/13/2006,WDG,OK,ASW,CE,Federal Contract Tower,0,4,8,16,28,0,0,19,18,37,0,4,27,34,65,124,4,128,193
07/14/2006,WDG,OK,ASW,CE,Federal Contract Tower,0,4,8,15,27,0,0,11,15,26,0,4,19,30,53,52,0,52,105
07/15/2006,WDG,OK,ASW,CE,Federal Contract Tower,0,5,1,0,6,0,1,37,0,38,0,6,38,0,44,40,0,40,84
07/16/2006,WDG,OK,ASW,CE,Federal Contract Tower,0,1,3,0,4,0,0,11,0,11,0,1,14,0,15,4,0,4,19
07/17/2006,WDG,OK,ASW,CE,Federal Contract Tower,0,4,5,15,24,0,0,37,17,54,0,4,42,32,78,36,8,44,122
07/18/2006,WDG,OK,ASW,CE,Federal Contract Tower,0,4,8,17,29,0,0,36,30,66,0,4,44,47,95,32,12,44,139
07/19/2006,WDG,OK,ASW,CE,Federal Contract Tower,0,4,5,15,24,0,0,53,21,74,0,4,58,36,98,110,0,110,208
07/20/2006,WDG,OK,ASW,CE,Federal Contract Tower,0,4,9,16,29,0,0,39,20,59,0,4,48,36,88,90,0,90,178
07/21/2006,WDG,OK,ASW,CE,Federal Contract Tower,0,4,8,8,20,0,0,18,8,26,0,4,26,16,46,42,0,42,88
07/22/2006,WDG,OK,ASW,CE,Federal Contract Tower,0,4,3,0,7,0,0,21,0,21,0,4,24,0,28,8,0,8,36
07/23/2006,WDG,OK,ASW,CE,Federal Contract Tower,0,1,4,3,8,0,0,27,3,30,0,1,31,6,38,16,0,16,54
07/24/2006,WDG,OK,ASW,CE,Federal Contract Tower,0,4,2,22,28,0,0,12,24,36,0,4,14,46,64,12,0,12,76
07/25/2006,WDG,OK,ASW,CE,Federal Contract Tower,0,4,4,16,24,0,0,24,16,40,0,4,28,32,64,20,0,20,84
07/26/2006,WDG,OK,ASW,CE,Federal Contract Tower,0,4,12,11,27,0,0,21,11,32,0,4,33,22,59,30,0,30,89
07/27/2006,WDG,OK,ASW,CE,Federal Contract Tower,0,5,1,9,15,0,0,25,15,40,0,5,26,24,55,38,0,38,93
07/28/2006,WDG,OK,ASW,CE,Federal Contract Tower,0,4,13,6,23,0,0,20,4,24,0,4,33,10,47,56,4,60,107
07/29/2006,WDG,OK,ASW,CE,Federal Contract Tower,0,4,9,0,13,0,0,24,0,24,0,4,33,0,37,22,0,22,59
07/30/2006,WDG,OK,ASW,CE,Federal Contract Tower,0,1,7,3,11,0,0,14,3,17,0,1,21,6,28,14,0,14,42
07/31/2006,WDG,OK,ASW,CE,Federal Contract Tower,0,4,9,19,32,0,0,27,19,46,0,4,36,38,78,56,0,56,134
08/01/2006,WDG,OK,ASW,CE,Federal Contract Tower,0,4,7,18,29,0,0,24,18,42,0,4,31,36,71,36,2,38,109
08/02/2006,WDG,OK,ASW,CE,Federal Contract Tower,0,4,5,13,22,0,0,21,17,38,0,4,26,30,60,30,2,32,92
08/03/2006,WDG,OK,ASW,CE,Federal Contract Tower,0,4,10,14,28,0,0,17,12,29,0,4,27,26,57,84,0,84,141
08/04/2006,WDG,OK,ASW,CE,Federal Contract Tower,0,4,8,5,17,0,0,16,6,22,0,4,24,11,39,12,0,12,51
08/05/2006,WDG,OK,ASW,CE,Federal Contract Tower,0,4,4,0,8,0,0,23,0,23,0,4,27,0,31,36,0,36,67
08/06/2006,WDG,OK,ASW,CE,Federal Contract Tower,0,1,7,5,13,0,0,16,5,21,0,1,23,10,34,2,0,2,36
08/07/2006,WDG,OK,ASW,CE,Federal Contract Tower,0,4,2,20,26,0,0,26,20,46,0,4,28,40,72,46,0,46,118
08/08/2006,WDG,OK,ASW,CE,Federal Contract Tower,0,4,9,13,26,0,0,20,6,26,0,4,29,19,52,110,0,110,162
08/09/2006,WDG,OK,ASW,CE,Federal Contract Tower,0,4,4,8,16,0,0,21,10,31,0,4,25,18,47,114,0,114,161
08/10/2006,WDG,OK,ASW,CE,Federal Contract Tower,0,2,7,3,12,0,0,17,3,20,0,2,24,6,32,40,0,40,72
08/11/2006,WDG,OK,ASW,CE,Federal Contract Tower,0,4,3,20,27,0,1,17,20,38,0,5,20,40,65,76,0,76,141
08/12/2006,WDG,OK,ASW,CE,Federal Contract Tower,0,4,6,0,10,0,0,36,0,36,0,4,42,0,46,36,0,36,82
08/13/2006,WDG,OK,ASW,CE,Federal Contract Tower,0,1,3,1,5,0,0,15,1,16,0,1,18,2,21,22,0,22,43
08/14/2006,WDG,OK,ASW,CE,Federal Contract Tower,0,4,6,24,34,0,0,24,24,48,0,4,30,48,82,26,0,26,108
08/15/2006,WDG,OK,ASW,CE,Federal Contract Tower,0,4,8,15,27,0,0,16,15,31,0,4,24,30,58,12,0,12,70
08/16/2006,WDG,OK,ASW,CE,Federal Contract Tower,0,4,7,13,24,0,0,17,17,34,0,4,24,30,58,42,0,42,100
08/17/2006,WDG,OK,ASW,CE,Federal Contract Tower,0,4,5,10,19,0,0,18,10,28,0,4,23,20,47,40,4,44,91
08/18/2006,WDG,OK,ASW,CE,Federal Contract Tower,0,4,10,5,19,0,0,27,7,34,0,4,37,12,53,46,0,46,99
08/19/2006,WDG,OK,ASW,CE,Federal Contract Tower,0,4,2,0,6,0,0,37,0,37,0,4,39,0,43,44,0,44,87
08/20/2006,WDG,OK,ASW,CE,Federal Contract Tower,0,1,1,2,4,0,0,16,2,18,0,1,17,4,22,6,0,6,28
08/21/2006,WDG,OK,ASW,CE,Federal Contract Tower,0,4,8,16,28,0,0,9,16,25,0,4,17,32,53,0,0,0,53
08/22/2006,WDG,OK,ASW,CE,Federal Contract Tower,0,4,9,10,23,0,0,33,10,43,0,4,42,20,66,32,0,32,98
08/23/2006,WDG,OK,ASW,CE,Federal Contract Tower,0,4,6,13,23,0,0,13,13,26,0,4,19,26,49,46,0,46,95
08/24/2006,WDG,OK,ASW,CE,Federal Contract Tower,0,6,10,17,33,0,0,21,29,50,0,6,31,46,83,30,0,30,113
08/25/2006,WDG,OK,ASW,CE,Federal Contract Tower,0,4,12,15,31,0,0,18,14,32,0,4,30,29,63,2,0,2,65
08/26/2006,WDG,OK,ASW,CE,Federal Contract Tower,0,5,8,0,13,0,0,48,0,48,0,5,56,0,61,14,0,14,75
08/27/2006,WDG,OK,ASW,CE,Federal Contract Tower,0,1,4,5,10,0,0,4,5,9,0,1,8,10,19,0,0,0,19
08/28/2006,WDG,OK,ASW,CE,Federal Contract Tower,0,4,7,5,16,0,0,21,5,26,0,4,28,10,42,18,0,18,60
08/29/2006,WDG,OK,ASW,CE,Federal Contract Tower,0,4,9,6,19,0,0,24,8,32,0,4,33,14,51,46,0,46,97
08/30/2006,WDG,OK,ASW,CE,Federal Contract Tower,0,4,5,14,23,0,0,26,14,40,0,4,31,28,63,154,2,156,219
08/31/2006,WDG,OK,ASW,CE,Federal Contract Tower,0,3,10,12,25,0,1,35,12,48,0,4,45,24,73,56,0,56,129
09/01/2006,WDG,OK,ASW,CE,Federal Contract Tower,0,2,9,9,20,0,0,32,9,41,0,2,41,18,61,2,0,2,63
09/02/2006,WDG,OK,ASW,CE,Federal Contract Tower,0,1,2,0,3,0,1,19,0,20,0,2,21,0,23,24,0,24,47
09/03/2006,WDG,OK,ASW,CE,Federal Contract Tower,0,0,2,0,2,0,0,16,0,16,0,0,18,0,18,4,0,4,22
09/04/2006,WDG,OK,ASW,CE,Federal Contract Tower,0,0,7,0,7,0,0,11,0,11,0,0,18,0,18,8,0,8,26
09/05/2006,WDG,OK,ASW,CE,Federal Contract Tower,0,4,1,15,20,0,0,19,15,34,0,4,20,30,54,124,2,126,180
09/06/2006,WDG,OK,ASW,CE,Federal Contract Tower,0,2,14,18,34,0,0,30,28,58,0,2,44,46,92,22,0,22,114
09/07/2006,WDG,OK,ASW,CE,Federal Contract Tower,0,2,6,12,20,0,0,19,12,31,0,2,25,24,51,16,0,16,67
09/08/2006,WDG,OK,ASW,CE,Federal Contract Tower,0,2,11,4,17,0,0,9,6,15,0,2,20,10,32,28,0,28,60
09/09/2006,WDG,OK,ASW,CE,Federal Contract Tower,0,2,3,0,5,0,0,16,0,16,0,2,19,0,21,6,0,6,27
09/10/2006,WDG,OK,ASW,CE,Federal Contract Tower,0,0,6,10,16,0,0,12,10,22,0,0,18,20,38,8,0,8,46
09/11/2006,WDG,OK,ASW,CE,Federal Contract Tower,0,2,5,12,19,0,0,24,14,38,0,2,29,26,57,16,0,16,73
09/12/2006,WDG,OK,ASW,CE,Federal Contract Tower,0,2,13,11,26,0,0,8,11,19,0,2,21,22,45,0,0,0,45
09/13/2006,WDG,OK,ASW,CE,Federal Contract Tower,0,2,6,11,19,0,0,12,11,23,0,2,18,22,42,136,0,136,178
09/14/2006,WDG,OK,ASW,CE,Federal Contract Tower,0,2,11,11,24,0,0,64,11,75,0,2,75,22,99,4,2,6,105
09/15/2006,WDG,OK,ASW,CE,Federal Contract Tower,0,2,13,9,24,0,0,2,11,13,0,2,15,20,37,0,0,0,37
09/16/2006,WDG,OK,ASW,CE,Federal Contract Tower,0,2,5,0,7,0,0,4,0,4,0,2,9,0,11,0,0,0,11
09/17/2006,WDG,OK,ASW,CE,Federal Contract Tower,0,0,7,0,7,0,0,7,0,7,0,0,14,0,14,0,0,0,14
09/18/2006,WDG,OK,ASW,CE,Federal Contract Tower,0,2,9,11,22,0,0,18,11,29,0,2,27,22,51,12,0,12,63
09/19/2006,WDG,OK,ASW,CE,Federal Contract Tower,0,2,17,7,26,0,0,27,19,46,0,2,44,26,72,48,0,48,120
09/20/2006,WDG,OK,ASW,CE,Federal Contract Tower,0,2,7,28,37,0,0,21,28,49,0,2,28,56,86,6,0,6,92
09/21/2006,WDG,OK,ASW,CE,Federal Contract Tower,0,2,5,0,7,0,0,2,0,2,0,2,7,0,9,0,0,0,9
09/22/2006,WDG,OK,ASW,CE,Federal Contract Tower,0,2,3,20,25,0,0,21,20,41,0,2,24,40,66,112,0,112,178
09/23/2006,WDG,OK,ASW,CE,Federal Contract Tower,0,2,1,0,3,0,0,39,0,39,0,2,40,0,42,68,0,68,110
09/24/2006,WDG,OK,ASW,CE,Federal Contract Tower,0,2,6,3,11,0,0,14,3,17,0,2,20,6,28,44,0,44,72
09/25/2006,WDG,OK,ASW,CE,Federal Contract Tower,0,2,2,33,37,0,0,35,33,68,0,2,37,66,105,2,0,2,107
09/26/2006,WDG,OK,ASW,CE,Federal Contract Tower,0,2,2,38,42,0,0,9,40,49,0,2,11,78,91,59,0,59,150
09/27/2006,WDG,OK,ASW,CE,Federal Contract Tower,0,2,7,40,49,0,0,18,40,58,0,2,25,80,107,18,0,18,125
09/28/2006,WDG,OK,ASW,CE,Federal Contract Tower,0,2,11,14,27,0,0,23,14,37,0,2,34,28,64,14,0,14,78
09/29/2006,WDG,OK,ASW,CE,Federal Contract Tower,0,3,2,0,5,0,0,27,6,33,0,3,29,6,38,32,0,32,70
09/30/2006,WDG,OK,ASW,CE,Federal Contract Tower,0,2,3,0,5,0,0,36,0,36,0,2,39,0,41,22,0,22,63
10/01/2006,WDG,OK,ASW,CE,Federal Contract Tower,0,1,2,0,3,0,0,31,0,31,0,1,33,0,34,36,0,36,70
10/02/2006,WDG,OK,ASW,CE,Federal Contract Tower,0,2,2,29,33,0,0,19,29,48,0,2,21,58,81,4,0,4,85
10/03/2006,WDG,OK,ASW,CE,Federal Contract Tower,0,0,10,25,35,0,2,21,27,50,0,2,31,52,85,22,0,22,107
10/04/2006,WDG,OK,ASW,CE,Federal Contract Tower,0,1,6,32,39,0,1,10,34,45,0,2,16,66,84,98,0,98,182
10/05/2006,WDG,OK,ASW,CE,Federal Contract Tower,0,1,9,24,34,0,1,18,24,43,0,2,27,48,77,36,0,36,113
10/06/2006,WDG,OK,ASW,CE,Federal Contract Tower,0,1,5,17,23,0,1,27,17,45,0,2,32,34,68,22,0,22,90
10/07/2006,WDG,OK,ASW,CE,Federal Contract Tower,0,0,1,0,1,0,2,36,0,38,0,2,37,0,39,24,0,24,63
10/08/2006,WDG,OK,ASW,CE,Federal Contract Tower,0,0,6,0,6,0,0,22,0,22,0,0,28,0,28,4,0,4,32
10/09/2006,WDG,OK,ASW,CE,Federal Contract Tower,0,2,9,0,11,0,0,21,0,21,0,2,30,0,32,40,0,40,72
10/10/2006,WDG,OK,ASW,CE,Federal Contract Tower,0,2,3,2,7,0,0,1,2,3,0,2,4,4,10,0,0,0,10
10/11/2006,WDG,OK,ASW,CE,Federal Contract Tower,0,1,4,18,23,0,0,23,20,43,0,1,27,38,66,50,0,50,116
10/12/2006,WDG,OK,ASW,CE,Federal Contract Tower,0,2,3,22,27,0,0,19,22,41,0,2,22,44,68,38,0,38,106
10/13/2006,WDG,OK,ASW,CE,Federal Contract Tower,0,2,10,11,23,0,0,29,13,42,0,2,39,24,65,20,0,20,85
10/14/2006,WDG,OK,ASW,CE,Federal Contract Tower,0,2,8,0,10,0,0,29,0,29,0,2,37,0,39,12,0,12,51
10/15/2006,WDG,OK,ASW,CE,Federal Contract Tower,0,0,5,0,5,0,0,1,0,1,0,0,6,0,6,0,0,0,6
10/16/2006,WDG,OK,ASW,CE,Federal Contract Tower,0,2,9,11,22,0,0,4,11,15,0,2,13,22,37,22,0,22,59
10/17/2006,WDG,OK,ASW,CE,Federal Contract Tower,0,1,10,16,27,0,1,13,18,32,0,2,23,34,59,52,0,52,111
10/18/2006,WDG,OK,ASW,CE,Federal Contract Tower,0,2,15,23,40,0,0,9,23,32,0,2,24,46,72,20,0,20,92
10/19/2006,WDG,OK,ASW,CE,Federal Contract Tower,0,2,10,21,33,0,0,30,27,57,0,2,40,48,90,132,0,132,222
10/20/2006,WDG,OK,ASW,CE,Federal Contract Tower,0,2,5,12,19,0,0,20,12,32,0,2,25,24,51,12,0,12,63
10/21/2006,WDG,OK,ASW,CE,Federal Contract Tower,0,2,3,0,5,0,0,9,0,9,0,2,12,0,14,16,0,16,30
10/22/2006,WDG,OK,ASW,CE,Federal Contract Tower,0,0,12,9,21,0,0,40,9,49,0,0,52,18,70,2,0,2,72
10/23/2006,WDG,OK,ASW,CE,Federal Contract Tower,0,2,0,22,24,0,0,32,22,54,0,2,32,44,78,24,0,24,102
10/24/2006,WDG,OK,ASW,CE,Federal Contract Tower,0,2,15,21,38,0,0,14,21,35,0,2,29,42,73,52,0,52,125
10/25/2006,WDG,OK,ASW,CE,Federal Contract Tower,0,2,3,4,9,0,0,1,4,5,0,2,4,8,14,0,0,0,14
10/26/2006,WDG,OK,ASW,CE,Federal Contract Tower,0,2,3,18,23,0,0,16,18,34,0,2,19,36,57,128,0,128,185
10/27/2006,WDG,OK,ASW,CE,Federal Contract Tower,0,2,5,8,15,0,0,8,16,24,0,2,13,24,39,2,0,2,41
10/28/2006,WDG,OK,ASW,CE,Federal Contract Tower,0,2,4,0,6,0,0,44,0,44,0,2,48,0,50,38,0,38,88
10/29/2006,WDG,OK,ASW,CE,Federal Contract Tower,0,0,4,8,12,0,0,21,8,29,0,0,25,16,41,78,0,78,119
10/30/2006,WDG,OK,ASW,CE,Federal Contract Tower,0,2,7,18,27,0,0,15,18,33,0,2,22,36,60,8,0,8,68
10/31/2006,WDG,OK,ASW,CE,Federal Contract Tower,0,2,7,6,15,0,0,16,6,22,0,2,23,12,37,6,0,6,43
11/01/2006,WDG,OK,ASW,CE,Federal Contract Tower,0,2,1,16,19,0,0,9,16,25,0,2,10,32,44,0,0,0,44
11/02/2006,WDG,OK,ASW,CE,Federal Contract Tower,0,2,1,11,14,0,0,23,11,34,0,2,24,22,48,26,0,26,74
11/03/2006,WDG,OK,ASW,CE,Federal Contract Tower,0,1,3,6,10,0,1,19,6,26,0,2,22,12,36,10,0,10,46
11/04/2006,WDG,OK,ASW,CE,Federal Contract Tower,0,2,3,0,5,0,0,26,0,26,0,2,29,0,31,8,0,8,39
11/05/2006,WDG,OK,ASW,CE,Federal Contract Tower,0,0,2,0,2,0,0,0,0,0,0,0,2,0,2,0,0,0,2
11/06/2006,WDG,OK,ASW,CE,Federal Contract Tower,0,2,4,12,18,0,0,5,12,17,0,2,9,24,35,4,0,4,39
11/07/2006,WDG,OK,ASW,CE,Federal Contract Tower,0,2,10,10,22,0,0,20,10,30,0,2,30,20,52,50,0,50,102
11/08/2006,WDG,OK,ASW,CE,Federal Contract Tower,0,2,3,6,11,0,0,17,6,23,0,2,20,12,34,0,0,0,34
11/09/2006,WDG,OK,ASW,CE,Federal Contract Tower,0,2,5,10,17,0,0,15,10,25,0,2,20,20,42,14,4,18,60
11/10/2006,WDG,OK,ASW,CE,Federal Contract Tower,0,2,5,0,7,0,0,5,0,5,0,2,10,0,12,0,0,0,12
11/11/2006,WDG,OK,ASW,CE,Federal Contract Tower,0,2,2,0,4,0,0,41,0,41,0,2,43,0,45,38,0,38,83
11/12/2006,WDG,OK,ASW,CE,Federal Contract Tower,0,0,4,0,4,0,0,19,0,19,0,0,23,0,23,12,0,12,35
11/13/2006,WDG,OK,ASW,CE,Federal Contract Tower,0,2,3,28,33,0,0,24,28,52,0,2,27,56,85,0,0,0,85
11/14/2006,WDG,OK,ASW,CE,Federal Contract Tower,0,0,1,11,12,0,0,18,11,29,0,0,19,22,41,8,0,8,49
11/15/2006,WDG,OK,ASW,CE,Federal Contract Tower,0,2,0,13,15,0,0,3,13,16,0,2,3,26,31,6,0,6,37
11/16/2006,WDG,OK,ASW,CE,Federal Contract Tower,0,2,3,9,14,0,0,21,9,30,0,2,24,18,44,46,0,46,90
11/17/2006,WDG,OK,ASW,CE,Federal Contract Tower,0,2,5,11,18,0,0,35,13,48,0,2,40,24,66,22,0,22,88
11/18/2006,WDG,OK,ASW,CE,Federal Contract Tower,0,2,7,0,9,0,0,24,0,24,0,2,31,0,33,10,0,10,43
11/19/2006,WDG,OK,ASW,CE,Federal Contract Tower,0,0,3,1,4,0,0,33,1,34,0,0,36,2,38,44,0,44,82
11/20/2006,WDG,OK,ASW,CE,Federal Contract Tower,0,2,2,14,18,0,0,31,14,45,0,2,33,28,63,36,0,36,99
11/21/2006,WDG,OK,ASW,CE,Federal Contract Tower,0,2,8,0,10,0,0,23,0,23,0,2,31,0,33,14,0,14,47
11/22/2006,WDG,OK,ASW,CE,Federal Contract Tower,0,5,6,7,18,0,0,19,7,26,0,5,25,14,44,42,0,42,86
11/23/2006,WDG,OK,ASW,CE,Federal Contract Tower,0,0,2,0,2,0,0,13,0,13,0,0,15,0,15,4,0,4,19
11/24/2006,WDG,OK,ASW,CE,Federal Contract Tower,0,2,1,0,3,0,0,24,0,24,0,2,25,0,27,18,0,18,45
11/25/2006,WDG,OK,ASW,CE,Federal Contract Tower,0,2,3,0,5,0,0,19,0,19,0,2,22,0,24,12,0,12,36
11/26/2006,WDG,OK,ASW,CE,Federal Contract Tower,0,2,7,0,9,0,0,17,0,17,0,2,24,0,26,0,0,0,26
11/27/2006,WDG,OK,ASW,CE,Federal Contract Tower,0,2,3,13,18,0,0,9,13,22,0,2,12,26,40,0,0,0,40
11/28/2006,WDG,OK,ASW,CE,Federal Contract Tower,0,2,12,10,24,0,0,27,10,37,0,2,39,20,61,2,0,2,63
11/29/2006,WDG,OK,ASW,CE,Federal Contract Tower,0,0,3,0,3,0,0,2,0,2,0,0,5,0,5,0,0,0,5
11/30/2006,WDG,OK,ASW,CE,Federal Contract Tower,0,0,0,0,0,0,0,0,0,0,0,0,0,0,0,0,0,0,0
12/01/2006,WDG,OK,ASW,CE,Federal Contract Tower,0,2,3,3,8,0,0,3,7,10,0,2,6,10,18,0,0,0,18
12/02/2006,WDG,OK,ASW,CE,Federal Contract Tower,0,0,10,0,10,0,0,8,0,8,0,0,18,0,18,0,0,0,18
12/03/2006,WDG,OK,ASW,CE,Federal Contract Tower,0,0,9,0,9,0,0,11,0,11,0,0,20,0,20,4,0,4,24
12/04/2006,WDG,OK,ASW,CE,Federal Contract Tower,0,2,3,11,16,0,0,23,11,34,0,2,26,22,50,18,0,18,68
12/05/2006,WDG,OK,ASW,CE,Federal Contract Tower,0,2,3,15,20,0,0,29,15,44,0,2,32,30,64,12,0,12,76
12/06/2006,WDG,OK,ASW,CE,Federal Contract Tower,0,2,7,12,21,0,0,13,12,25,0,2,20,24,46,10,0,10,56
12/07/2006,WDG,OK,ASW,CE,Federal Contract Tower,0,2,6,12,20,0,0,21,12,33,0,2,27,24,53,28,0,28,81
12/08/2006,WDG,OK,ASW,CE,Federal Contract Tower,0,2,3,16,21,0,0,16,16,32,0,2,19,32,53,10,0,10,63
12/09/2006,WDG,OK,ASW,CE,Federal Contract Tower,0,2,2,0,4,0,0,8,0,8,0,2,10,0,12,46,0,46,58
12/10/2006,WDG,OK,ASW,CE,Federal Contract Tower,0,0,2,3,5,0,0,8,3,11,0,0,10,6,16,22,0,22,38
12/11/2006,WDG,OK,ASW,CE,Federal Contract Tower,0,2,1,15,18,0,0,13,17,30,0,2,14,32,48,10,2,12,60
12/12/2006,WDG,OK,ASW,CE,Federal Contract Tower,0,2,3,13,18,0,0,29,17,46,0,2,32,30,64,72,0,72,136
12/13/2006,WDG,OK,ASW,CE,Federal Contract Tower,0,2,1,4,7,0,0,23,6,29,0,2,24,10,36,54,0,54,90
12/14/2006,WDG,OK,ASW,CE,Federal Contract Tower,0,2,2,7,11,0,0,17,7,24,0,2,19,14,35,6,0,6,41
12/15/2006,WDG,OK,ASW,CE,Federal Contract Tower,0,2,7,13,22,0,0,32,11,43,0,2,39,24,65,22,2,24,89
12/16/2006,WDG,OK,ASW,CE,Federal Contract Tower,0,2,2,0,4,0,0,48,0,48,0,2,50,0,52,34,0,34,86
12/17/2006,WDG,OK,ASW,CE,Federal Contract Tower,0,0,3,1,4,0,0,16,1,17,0,0,19,2,21,2,0,2,23
12/18/2006,WDG,OK,ASW,CE,Federal Contract Tower,0,2,8,16,26,0,0,28,20,48,0,2,36,36,74,0,0,0,74
12/19/2006,WDG,OK,ASW,CE,Federal Contract Tower,0,2,9,17,28,0,0,0,17,17,0,2,9,34,45,0,0,0,45
12/20/2006,WDG,OK,ASW,CE,Federal Contract Tower,0,2,2,4,8,0,0,8,4,12,0,2,10,8,20,10,0,10,30
12/21/2006,WDG,OK,ASW,CE,Federal Contract Tower,0,2,1,11,14,0,0,28,11,39,0,2,29,22,53,44,0,44,97
12/22/2006,WDG,OK,ASW,CE,Federal Contract Tower,0,2,7,0,9,0,0,44,0,44,0,2,51,0,53,26,0,26,79
12/23/2006,WDG,OK,ASW,CE,Federal Contract Tower,0,0,5,0,5,0,0,24,0,24,0,0,29,0,29,32,0,32,61
12/24/2006,WDG,OK,ASW,CE,Federal Contract Tower,0,0,2,0,2,0,0,13,0,13,0,0,15,0,15,12,0,12,27
12/25/2006,WDG,OK,ASW,CE,Federal Contract Tower,0,0,0,0,0,0,0,6,0,6,0,0,6,0,6,0,0,0,6
12/26/2006,WDG,OK,ASW,CE,Federal Contract Tower,0,2,5,0,7,0,0,22,0,22,0,2,27,0,29,89,0,89,118
12/27/2006,WDG,OK,ASW,CE,Federal Contract Tower,0,2,10,0,12,0,0,25,0,25,0,2,35,0,37,44,0,44,81
12/28/2006,WDG,OK,ASW,CE,Federal Contract Tower,0,2,6,0,8,0,0,8,0,8,0,2,14,0,16,14,0,14,30
12/29/2006,WDG,OK,ASW,CE,Federal Contract Tower,0,1,2,0,3,0,0,0,0,0,0,1,2,0,3,0,0,0,3
12/30/2006,WDG,OK,ASW,CE,Federal Contract Tower,0,3,1,0,4,0,0,2,0,2,0,3,3,0,6,0,0,0,6
12/31/2006,WDG,OK,ASW,CE,Federal Contract Tower,0,0,2,0,2,0,0,2,0,2,0,0,4,0,4,0,0,0,4
01/01/2007,WDG,OK,ASW,CE,Federal Contract Tower,0,0,3,0,3,0,0,35,0,35,0,0,38,0,38,24,0,24,62
01/02/2007,WDG,OK,ASW,CE,Federal Contract Tower,0,2,10,0,12,0,0,16,0,16,0,2,26,0,28,6,0,6,34
01/03/2007,WDG,OK,ASW,CE,Federal Contract Tower,0,2,1,15,18,0,0,16,15,31,0,2,17,30,49,8,42,50,99
01/04/2007,WDG,OK,ASW,CE,Federal Contract Tower,0,2,6,20,28,0,0,1,20,21,0,2,7,40,49,0,0,0,49
01/05/2007,WDG,OK,ASW,CE,Federal Contract Tower,0,2,1,1,4,0,0,14,1,15,0,2,15,2,19,0,0,0,19
01/06/2007,WDG,OK,ASW,CE,Federal Contract Tower,0,2,6,1,9,0,0,38,1,39,0,2,44,2,48,22,0,22,70
01/07/2007,WDG,OK,ASW,CE,Federal Contract Tower,0,0,0,10,10,0,0,15,11,26,0,0,15,21,36,4,0,4,40
01/08/2007,WDG,OK,ASW,CE,Federal Contract Tower,0,2,8,11,21,0,0,40,12,52,0,2,48,23,73,18,0,18,91
01/09/2007,WDG,OK,ASW,CE,Federal Contract Tower,0,2,12,13,27,0,0,38,9,47,0,2,50,22,74,30,0,30,104
01/10/2007,WDG,OK,ASW,CE,Federal Contract Tower,0,2,4,12,18,0,0,11,16,27,0,2,15,28,45,4,8,12,57
01/11/2007,WDG,OK,ASW,CE,Federal Contract Tower,0,3,6,12,21,0,0,19,14,33,0,3,25,26,54,0,6,6,60
01/12/2007,WDG,OK,ASW,CE,Federal Contract Tower,0,0,0,0,0,0,0,0,0,0,0,0,0,0,0,0,0,0,0
01/13/2007,WDG,OK,ASW,CE,Federal Contract Tower,0,0,0,0,0,0,0,0,0,0,0,0,0,0,0,0,0,0,0
01/14/2007,WDG,OK,ASW,CE,Federal Contract Tower,0,0,0,0,0,0,0,0,0,0,0,0,0,0,0,0,0,0,0
01/15/2007,WDG,OK,ASW,CE,Federal Contract Tower,0,2,3,0,5,0,0,0,0,0,0,2,3,0,5,0,0,0,5
01/16/2007,WDG,OK,ASW,CE,Federal Contract Tower,0,2,4,1,7,0,0,7,1,8,0,2,11,2,15,0,0,0,15
01/17/2007,WDG,OK,ASW,CE,Federal Contract Tower,0,2,8,13,23,0,0,15,15,30,0,2,23,28,53,0,2,2,55
01/18/2007,WDG,OK,ASW,CE,Federal Contract Tower,0,2,4,18,24,0,0,11,19,30,0,2,15,37,54,38,12,50,104
01/19/2007,WDG,OK,ASW,CE,Federal Contract Tower,0,2,6,14,22,0,0,18,18,36,0,2,24,32,58,44,60,104,162
01/20/2007,WDG,OK,ASW,CE,Federal Contract Tower,0,2,0,0,2,0,0,1,0,1,0,2,1,0,3,0,0,0,3
01/21/2007,WDG,OK,ASW,CE,Federal Contract Tower,0,0,2,1,3,0,0,0,1,1,0,0,2,2,4,0,0,0,4
01/22/2007,WDG,OK,ASW,CE,Federal Contract Tower,0,2,5,17,24,0,0,31,21,52,0,2,36,38,76,34,92,126,202
01/23/2007,WDG,OK,ASW,CE,Federal Contract Tower,0,2,6,16,24,0,0,15,22,37,0,2,21,38,61,6,26,32,93
01/24/2007,WDG,OK,ASW,CE,Federal Contract Tower,0,2,3,29,34,0,0,17,29,46,0,2,20,58,80,62,32,94,174
01/25/2007,WDG,OK,ASW,CE,Federal Contract Tower,0,3,14,20,37,0,0,16,23,39,0,3,30,43,76,8,34,42,118
01/26/2007,WDG,OK,ASW,CE,Federal Contract Tower,0,2,2,13,17,0,0,43,13,56,0,2,45,26,73,32,14,46,119
01/27/2007,WDG,OK,ASW,CE,Federal Contract Tower,0,2,0,0,2,0,0,9,0,9,0,2,9,0,11,36,0,36,47
01/28/2007,WDG,OK,ASW,CE,Federal Contract Tower,0,0,0,9,9,0,0,18,10,28,0,0,18,19,37,0,8,8,45
01/29/2007,WDG,OK,ASW,CE,Federal Contract Tower,0,2,4,23,29,0,0,24,24,48,0,2,28,47,77,12,28,40,117
01/30/2007,WDG,OK,ASW,CE,Federal Contract Tower,0,2,3,8,13,0,0,21,14,35,0,2,24,22,48,6,58,64,112
01/31/2007,WDG,OK,ASW,CE,Federal Contract Tower,0,2,4,0,6,0,0,0,0,0,0,2,4,0,6,0,0,0,6
02/01/2007,WDG,OK,ASW,CE,Federal Contract Tower,0,2,2,0,4,0,0,0,0,0,0,2,2,0,4,0,0,0,4
02/02/2007,WDG,OK,ASW,CE,Federal Contract Tower,0,4,6,19,29,0,0,28,19,47,0,4,34,38,76,38,18,56,132
02/03/2007,WDG,OK,ASW,CE,Federal Contract Tower,0,2,6,0,8,0,0,30,0,30,0,2,36,0,38,32,0,32,70
02/04/2007,WDG,OK,ASW,CE,Federal Contract Tower,0,0,2,2,4,0,0,33,2,35,0,0,35,4,39,44,0,44,83
02/05/2007,WDG,OK,ASW,CE,Federal Contract Tower,0,4,9,10,23,0,0,38,12,50,0,4,47,22,73,20,34,54,127
02/06/2007,WDG,OK,ASW,CE,Federal Contract Tower,0,3,2,18,23,0,1,39,20,60,0,4,41,38,83,6,46,52,135
02/07/2007,WDG,OK,ASW,CE,Federal Contract Tower,0,2,4,30,36,0,0,10,26,36,0,2,14,56,72,2,22,24,96
02/08/2007,WDG,OK,ASW,CE,Federal Contract Tower,0,2,6,22,30,0,0,6,22,28,0,2,12,44,58,58,32,90,148
02/09/2007,WDG,OK,ASW,CE,Federal Contract Tower,0,3,6,3,12,0,0,3,3,6,0,3,9,6,18,0,4,4,22
02/10/2007,WDG,OK,ASW,CE,Federal Contract Tower,0,2,7,0,9,0,0,21,0,21,0,2,28,0,30,0,0,0,30
02/11/2007,WDG,OK,ASW,CE,Federal Contract Tower,0,0,3,4,7,0,0,3,3,6,0,0,6,7,13,0,0,0,13
02/12/2007,WDG,OK,ASW,CE,Federal Contract Tower,0,0,4,0,4,0,0,0,0,0,0,0,4,0,4,0,0,0,4
02/13/2007,WDG,OK,ASW,CE,Federal Contract Tower,0,2,7,3,12,0,1,3,3,7,0,3,10,6,19,0,0,0,19
02/14/2007,WDG,OK,ASW,CE,Federal Contract Tower,0,2,3,2,7,0,0,8,0,8,0,2,11,2,15,0,0,0,15
02/15/2007,WDG,OK,ASW,CE,Federal Contract Tower,0,2,3,0,5,0,0,12,0,12,0,2,15,0,17,0,0,0,17
02/16/2007,WDG,OK,ASW,CE,Federal Contract Tower,0,2,5,17,24,0,0,20,17,37,0,2,25,34,61,0,30,30,91
02/17/2007,WDG,OK,ASW,CE,Federal Contract Tower,0,2,4,8,14,0,0,39,11,50,0,2,43,19,64,16,10,26,90
02/18/2007,WDG,OK,ASW,CE,Federal Contract Tower,0,0,5,6,11,0,0,26,3,29,0,0,31,9,40,10,12,22,62
02/19/2007,WDG,OK,ASW,CE,Federal Contract Tower,0,2,7,9,18,0,0,34,8,42,0,2,41,17,60,22,16,38,98
02/20/2007,WDG,OK,ASW,CE,Federal Contract Tower,0,2,11,25,38,0,0,31,42,73,0,2,42,67,111,69,48,117,228
02/21/2007,WDG,OK,ASW,CE,Federal Contract Tower,0,2,9,17,28,0,0,37,27,64,0,2,46,44,92,44,88,132,224
02/22/2007,WDG,OK,ASW,CE,Federal Contract Tower,0,4,6,20,30,0,0,27,24,51,0,4,33,44,81,0,70,70,151
02/23/2007,WDG,OK,ASW,CE,Federal Contract Tower,0,2,8,14,24,0,0,6,20,26,0,2,14,34,50,10,70,80,130
02/24/2007,WDG,OK,ASW,CE,Federal Contract Tower,0,2,1,0,3,0,0,4,0,4,0,2,5,0,7,0,0,0,7
02/25/2007,WDG,OK,ASW,CE,Federal Contract Tower,0,2,8,9,19,0,0,14,11,25,0,2,22,20,44,14,0,14,58
02/26/2007,WDG,OK,ASW,CE,Federal Contract Tower,0,2,3,26,31,0,0,47,28,75,0,2,50,54,106,46,16,62,168
02/27/2007,WDG,OK,ASW,CE,Federal Contract Tower,0,2,8,21,31,0,0,34,19,53,0,2,42,40,84,24,16,40,124
02/28/2007,WDG,OK,ASW,CE,Federal Contract Tower,0,2,6,16,24,0,0,11,16,27,0,2,17,32,51,38,30,68,119
03/01/2007,WDG,OK,ASW,CE,Federal Contract Tower,0,2,4,16,22,0,0,10,16,26,0,2,14,32,48,10,14,24,72
03/02/2007,WDG,OK,ASW,CE,Federal Contract Tower,0,2,0,18,20,0,0,19,18,37,0,2,19,36,57,0,2,2,59
03/03/2007,WDG,OK,ASW,CE,Federal Contract Tower,0,1,6,4,11,0,0,44,8,52,0,1,50,12,63,36,26,62,125
03/04/2007,WDG,OK,ASW,CE,Federal Contract Tower,0,0,1,7,8,0,0,33,10,43,0,0,34,17,51,46,0,46,97
03/05/2007,WDG,OK,ASW,CE,Federal Contract Tower,0,2,0,12,14,0,0,27,12,39,0,2,27,24,53,17,86,103,156
03/06/2007,WDG,OK,ASW,CE,Federal Contract Tower,0,2,9,11,22,0,0,18,15,33,0,2,27,26,55,20,30,50,105
03/07/2007,WDG,OK,ASW,CE,Federal Contract Tower,0,2,6,12,20,0,0,27,12,39,0,2,33,24,59,2,0,2,61
03/08/2007,WDG,OK,ASW,CE,Federal Contract Tower,0,2,15,8,25,0,0,34,8,42,0,2,49,16,67,4,40,44,111
03/09/2007,WDG,OK,ASW,CE,Federal Contract Tower,0,2,7,16,25,0,0,21,16,37,0,2,28,32,62,28,10,38,100
03/11/2007,WDG,OK,ASW,CE,Federal Contract Tower,0,0,3,0,3,0,0,0,0,0,0,0,3,0,3,0,0,0,3
03/12/2007,WDG,OK,ASW,CE,Federal Contract Tower,0,2,5,33,40,0,0,7,33,40,0,2,12,66,80,6,36,42,122
03/13/2007,WDG,OK,ASW,CE,Federal Contract Tower,0,2,5,13,20,0,0,12,15,27,0,2,17,28,47,22,16,38,85
03/14/2007,WDG,OK,ASW,CE,Federal Contract Tower,0,2,13,17,32,0,0,16,17,33,0,2,29,34,65,0,0,0,65
03/15/2007,WDG,OK,ASW,CE,Federal Contract Tower,0,2,6,19,27,0,0,23,17,40,0,2,29,36,67,6,56,62,129
03/16/2007,WDG,OK,ASW,CE,Federal Contract Tower,0,2,6,13,21,0,0,38,15,53,0,2,44,28,74,22,0,22,96
03/17/2007,WDG,OK,ASW,CE,Federal Contract Tower,0,2,3,0,5,0,0,45,0,45,0,2,48,0,50,4,0,4,54
03/18/2007,WDG,OK,ASW,CE,Federal Contract Tower,0,0,4,3,7,0,0,45,3,48,0,0,49,6,55,8,2,10,65
03/19/2007,WDG,OK,ASW,CE,Federal Contract Tower,0,2,11,41,54,0,0,25,41,66,0,2,36,82,120,0,6,6,126
03/20/2007,WDG,OK,ASW,CE,Federal Contract Tower,0,2,4,29,35,0,0,9,29,38,0,2,13,58,73,16,6,22,95
03/21/2007,WDG,OK,ASW,CE,Federal Contract Tower,0,2,5,29,36,0,0,19,31,50,0,2,24,60,86,0,8,8,94
03/22/2007,WDG,OK,ASW,CE,Federal Contract Tower,0,2,7,25,34,0,0,25,25,50,0,2,32,50,84,0,0,0,84
03/23/2007,WDG,OK,ASW,CE,Federal Contract Tower,0,2,6,25,33,0,0,12,23,35,0,2,18,48,68,0,0,0,68
03/24/2007,WDG,OK,ASW,CE,Federal Contract Tower,0,2,5,0,7,0,0,11,0,11,0,2,16,0,18,0,0,0,18
03/25/2007,WDG,OK,ASW,CE,Federal Contract Tower,0,0,6,3,9,0,0,12,4,16,0,0,18,7,25,14,0,14,39
03/26/2007,WDG,OK,ASW,CE,Federal Contract Tower,0,2,4,15,21,0,0,9,15,24,0,2,13,30,45,0,0,0,45
03/27/2007,WDG,OK,ASW,CE,Federal Contract Tower,0,2,11,16,29,0,0,3,18,21,0,2,14,34,50,0,4,4,54
03/28/2007,WDG,OK,ASW,CE,Federal Contract Tower,0,2,13,21,36,0,0,12,17,29,0,2,25,38,65,0,60,60,125
03/29/2007,WDG,OK,ASW,CE,Federal Contract Tower,0,2,3,2,7,0,0,1,0,1,0,2,4,2,8,0,0,0,8
03/30/2007,WDG,OK,ASW,CE,Federal Contract Tower,0,2,5,10,17,0,0,1,12,13,0,2,6,22,30,0,0,0,30
03/31/2007,WDG,OK,ASW,CE,Federal Contract Tower,0,2,10,0,12,0,0,26,0,26,0,2,36,0,38,18,0,18,56
04/01/2007,WDG,OK,ASW,CE,Federal Contract Tower,0,0,8,3,11,0,0,21,3,24,0,0,29,6,35,18,0,18,53
04/02/2007,WDG,OK,ASW,CE,Federal Contract Tower,0,2,1,8,11,0,0,26,8,34,0,2,27,16,45,24,0,24,69
04/03/2007,WDG,OK,ASW,CE,Federal Contract Tower,0,2,9,7,18,0,0,15,11,26,0,2,24,18,44,2,16,18,62
04/04/2007,WDG,OK,ASW,CE,Federal Contract Tower,0,4,5,17,26,0,0,22,19,41,0,4,27,36,67,10,4,14,81
04/05/2007,WDG,OK,ASW,CE,Federal Contract Tower,0,2,6,16,24,0,0,19,16,35,0,2,25,32,59,0,86,86,145
04/06/2007,WDG,OK,ASW,CE,Federal Contract Tower,0,2,6,15,23,0,0,6,15,21,0,2,12,30,44,8,0,8,52
04/07/2007,WDG,OK,ASW,CE,Federal Contract Tower,0,2,2,0,4,0,0,23,0,23,0,2,25,0,27,12,0,12,39
04/08/2007,WDG,OK,ASW,CE,Federal Contract Tower,0,0,3,0,3,0,0,16,0,16,0,0,19,0,19,12,0,12,31
04/09/2007,WDG,OK,ASW,CE,Federal Contract Tower,0,2,14,9,25,0,0,26,11,37,0,2,40,20,62,0,46,46,108
04/10/2007,WDG,OK,ASW,CE,Federal Contract Tower,0,2,12,22,36,0,0,0,22,22,0,2,12,44,58,0,0,0,58
04/11/2007,WDG,OK,ASW,CE,Federal Contract Tower,0,2,6,19,27,0,0,25,19,44,0,2,31,38,71,16,64,80,151
04/12/2007,WDG,OK,ASW,CE,Federal Contract Tower,0,3,6,9,18,0,0,15,11,26,0,3,21,20,44,78,8,86,130
04/13/2007,WDG,OK,ASW,CE,Federal Contract Tower,0,2,2,0,4,0,0,0,0,0,0,2,2,0,4,0,0,0,4
04/14/2007,WDG,OK,ASW,CE,Federal Contract Tower,0,4,1,0,5,0,0,4,0,4,0,4,5,0,9,0,0,0,9
04/15/2007,WDG,OK,ASW,CE,Federal Contract Tower,0,0,4,0,4,0,0,34,0,34,0,0,38,0,38,56,0,56,94
04/16/2007,WDG,OK,ASW,CE,Federal Contract Tower,0,2,14,15,31,0,0,21,15,36,0,2,35,30,67,0,58,58,125
04/17/2007,WDG,OK,ASW,CE,Federal Contract Tower,0,2,6,6,14,0,0,5,8,13,0,2,11,14,27,0,0,0,27
04/18/2007,WDG,OK,ASW,CE,Federal Contract Tower,0,2,11,16,29,0,0,23,18,41,0,2,34,34,70,38,34,72,142
04/19/2007,WDG,OK,ASW,CE,Federal Contract Tower,0,2,10,20,32,0,0,16,12,28,0,2,26,32,60,0,46,46,106
04/20/2007,WDG,OK,ASW,CE,Federal Contract Tower,0,1,8,15,24,0,1,21,13,35,0,2,29,28,59,8,164,172,231
04/21/2007,WDG,OK,ASW,CE,Federal Contract Tower,0,0,3,4,7,0,2,16,4,22,0,2,19,8,29,0,0,0,29
04/22/2007,WDG,OK,ASW,CE,Federal Contract Tower,0,0,4,17,21,0,0,11,15,26,0,0,15,32,47,6,0,6,53
04/23/2007,WDG,OK,ASW,CE,Federal Contract Tower,0,2,4,39,45,0,0,14,43,57,0,2,18,82,102,0,0,0,102
04/24/2007,WDG,OK,ASW,CE,Federal Contract Tower,0,2,0,40,42,0,0,2,40,42,0,2,2,80,84,0,104,104,188
04/25/2007,WDG,OK,ASW,CE,Federal Contract Tower,0,2,5,44,51,0,0,2,44,46,0,2,7,88,97,0,10,10,107
04/26/2007,WDG,OK,ASW,CE,Federal Contract Tower,0,1,7,23,31,0,1,19,25,45,0,2,26,48,76,0,70,70,146
04/27/2007,WDG,OK,ASW,CE,Federal Contract Tower,0,2,6,10,18,0,0,11,10,21,0,2,17,20,39,8,48,56,95
04/28/2007,WDG,OK,ASW,CE,Federal Contract Tower,0,2,1,12,15,0,0,51,13,64,0,2,52,25,79,12,24,36,115
04/29/2007,WDG,OK,ASW,CE,Federal Contract Tower,0,0,1,8,9,0,0,24,12,36,0,0,25,20,45,14,0,14,59
04/30/2007,WDG,OK,ASW,CE,Federal Contract Tower,0,2,4,21,27,0,0,15,23,38,0,2,19,44,65,6,2,8,73
05/01/2007,WDG,OK,ASW,CE,Federal Contract Tower,0,2,9,47,58,0,0,2,46,48,0,2,11,93,106,0,0,0,106
05/02/2007,WDG,OK,ASW,CE,Federal Contract Tower,0,2,5,37,44,0,0,5,37,42,0,2,10,74,86,8,12,20,106
05/03/2007,WDG,OK,ASW,CE,Federal Contract Tower,0,2,4,30,36,0,0,1,30,31,0,2,5,60,67,0,0,0,67
05/04/2007,WDG,OK,ASW,CE,Federal Contract Tower,0,3,9,16,28,0,0,6,16,22,0,3,15,32,50,5,42,47,97
05/05/2007,WDG,OK,ASW,CE,Federal Contract Tower,0,2,7,1,10,0,0,8,5,13,0,2,15,6,23,0,64,64,87
05/06/2007,WDG,OK,ASW,CE,Federal Contract Tower,0,1,4,3,8,0,0,8,9,17,0,1,12,12,25,0,0,0,25
05/07/2007,WDG,OK,ASW,CE,Federal Contract Tower,0,2,6,15,23,0,0,0,17,17,0,2,6,32,40,0,0,0,40
05/08/2007,WDG,OK,ASW,CE,Federal Contract Tower,0,2,0,7,9,0,0,4,11,15,0,2,4,18,24,0,12,12,36
05/09/2007,WDG,OK,ASW,CE,Federal Contract Tower,0,2,11,12,25,0,0,7,12,19,0,2,18,24,44,0,8,8,52
05/10/2007,WDG,OK,ASW,CE,Federal Contract Tower,0,2,3,10,15,0,0,15,14,29,0,2,18,24,44,10,94,104,148
05/11/2007,WDG,OK,ASW,CE,Federal Contract Tower,0,2,5,5,12,0,0,10,5,15,0,2,15,10,27,4,36,40,67
05/12/2007,WDG,OK,ASW,CE,Federal Contract Tower,0,2,8,1,11,0,0,38,0,38,0,2,46,1,49,35,4,39,88
05/13/2007,WDG,OK,ASW,CE,Federal Contract Tower,0,0,2,5,7,0,0,19,6,25,0,0,21,11,32,2,0,2,34
05/14/2007,WDG,OK,ASW,CE,Federal Contract Tower,0,2,6,11,19,0,0,33,13,46,0,2,39,24,65,2,30,32,97
05/15/2007,WDG,OK,ASW,CE,Federal Contract Tower,0,2,10,35,47,0,0,3,37,40,0,2,13,72,87,6,28,34,121
05/16/2007,WDG,OK,ASW,CE,Federal Contract Tower,0,2,4,9,15,0,0,38,5,43,0,2,42,14,58,88,26,114,172
05/17/2007,WDG,OK,ASW,CE,Federal Contract Tower,0,3,4,11,18,0,0,24,9,33,0,3,28,20,51,24,38,62,113
05/18/2007,WDG,OK,ASW,CE,Federal Contract Tower,0,2,4,3,9,0,0,30,6,36,0,2,34,9,45,10,40,50,95
05/19/2007,WDG,OK,ASW,CE,Federal Contract Tower,0,2,6,2,10,0,0,34,5,39,0,2,40,7,49,0,0,0,49
05/20/2007,WDG,OK,ASW,CE,Federal Contract Tower,0,0,7,4,11,0,0,27,2,29,0,0,34,6,40,26,0,26,66
05/21/2007,WDG,OK,ASW,CE,Federal Contract Tower,0,2,7,13,22,0,0,35,13,48,0,2,42,26,70,0,0,0,70
05/22/2007,WDG,OK,ASW,CE,Federal Contract Tower,0,2,8,13,23,0,0,17,19,36,0,2,25,32,59,22,50,72,131
05/23/2007,WDG,OK,ASW,CE,Federal Contract Tower,0,2,10,10,22,0,0,18,10,28,0,2,28,20,50,0,12,12,62
05/24/2007,WDG,OK,ASW,CE,Federal Contract Tower,0,2,3,31,36,0,0,13,29,42,0,2,16,60,78,10,22,32,110
05/25/2007,WDG,OK,ASW,CE,Federal Contract Tower,0,2,5,0,7,0,0,9,2,11,0,2,14,2,18,64,22,86,104
05/26/2007,WDG,OK,ASW,CE,Federal Contract Tower,0,2,3,0,5,0,0,16,5,21,0,2,19,5,26,10,8,18,44
05/27/2007,WDG,OK,ASW,CE,Federal Contract Tower,0,0,5,1,6,0,0,6,0,6,0,0,11,1,12,0,0,0,12
05/28/2007,WDG,OK,ASW,CE,Federal Contract Tower,0,2,11,3,16,0,0,11,1,12,0,2,22,4,28,4,0,4,32
05/29/2007,WDG,OK,ASW,CE,Federal Contract Tower,0,4,13,35,52,0,0,14,38,52,0,4,27,73,104,8,20,28,132
05/30/2007,WDG,OK,ASW,CE,Federal Contract Tower,0,5,6,17,28,0,0,15,25,40,0,5,21,42,68,26,8,34,102
05/31/2007,WDG,OK,ASW,CE,Federal Contract Tower,0,4,9,15,28,0,0,30,13,43,0,4,39,28,71,24,26,50,121
06/01/2007,WDG,OK,ASW,CE,Federal Contract Tower,0,2,9,18,29,0,0,9,18,27,0,2,18,36,56,20,74,94,150
06/02/2007,WDG,OK,ASW,CE,Federal Contract Tower,0,0,6,7,13,0,0,27,0,27,0,0,33,7,40,46,22,68,108
06/03/2007,WDG,OK,ASW,CE,Federal Contract Tower,0,0,9,6,15,0,0,17,5,22,0,0,26,11,37,16,32,48,85
06/04/2007,WDG,OK,ASW,CE,Federal Contract Tower,0,1,4,20,25,0,1,32,20,53,0,2,36,40,78,14,0,14,92
06/05/2007,WDG,OK,ASW,CE,Federal Contract Tower,0,2,2,19,23,0,0,34,29,63,0,2,36,48,86,6,0,6,92
06/06/2007,WDG,OK,ASW,CE,Federal Contract Tower,0,2,7,10,19,0,0,13,14,27,0,2,20,24,46,0,2,2,48
06/07/2007,WDG,OK,ASW,CE,Federal Contract Tower,0,2,11,11,24,0,0,12,13,25,0,2,23,24,49,6,6,12,61
06/08/2007,WDG,OK,ASW,CE,Federal Contract Tower,0,2,6,22,30,0,0,23,29,52,0,2,29,51,82,5,46,51,133
06/09/2007,WDG,OK,ASW,CE,Federal Contract Tower,0,2,9,10,21,0,0,25,8,33,0,2,34,18,54,4,12,16,70
06/10/2007,WDG,OK,ASW,CE,Federal Contract Tower,0,0,2,10,12,0,0,5,7,12,0,0,7,17,24,0,0,0,24
06/11/2007,WDG,OK,ASW,CE,Federal Contract Tower,0,2,3,14,19,0,0,7,15,22,0,2,10,29,41,8,16,24,65
06/12/2007,WDG,OK,ASW,CE,Federal Contract Tower,0,2,13,18,33,0,0,28,20,48,0,2,41,38,81,58,10,68,149
06/13/2007,WDG,OK,ASW,CE,Federal Contract Tower,0,0,9,11,20,0,0,18,11,29,0,0,27,22,49,27,20,47,96
06/14/2007,WDG,OK,ASW,CE,Federal Contract Tower,0,2,6,10,18,0,0,41,10,51,0,2,47,20,69,66,20,86,155
06/15/2007,WDG,OK,ASW,CE,Federal Contract Tower,0,2,2,10,14,0,0,31,10,41,0,2,33,20,55,13,2,15,70
06/16/2007,WDG,OK,ASW,CE,Federal Contract Tower,0,2,6,2,10,0,0,19,3,22,0,2,25,5,32,0,42,42,74
06/17/2007,WDG,OK,ASW,CE,Federal Contract Tower,0,0,1,4,5,0,0,9,11,20,0,0,10,15,25,0,0,0,25
06/18/2007,WDG,OK,ASW,CE,Federal Contract Tower,0,2,8,52,62,0,0,20,52,72,0,2,28,104,134,30,6,36,170
06/19/2007,WDG,OK,ASW,CE,Federal Contract Tower,0,0,5,39,44,0,2,16,41,59,0,2,21,80,103,0,100,100,203
06/20/2007,WDG,OK,ASW,CE,Federal Contract Tower,0,2,6,44,52,0,0,22,48,70,0,2,28,92,122,111,18,129,251
06/21/2007,WDG,OK,ASW,CE,Federal Contract Tower,0,2,9,34,45,0,0,13,28,41,0,2,22,62,86,10,0,10,96
06/22/2007,WDG,OK,ASW,CE,Federal Contract Tower,0,2,4,22,28,0,0,11,22,33,0,2,15,44,61,0,28,28,89
06/23/2007,WDG,OK,ASW,CE,Federal Contract Tower,0,2,5,5,12,0,0,41,16,57,0,2,46,21,69,34,56,90,159
06/24/2007,WDG,OK,ASW,CE,Federal Contract Tower,0,0,5,9,14,0,0,17,8,25,0,0,22,17,39,18,18,36,75
06/25/2007,WDG,OK,ASW,CE,Federal Contract Tower,0,2,2,16,20,0,0,15,14,29,0,2,17,30,49,0,4,4,53
06/26/2007,WDG,OK,ASW,CE,Federal Contract Tower,0,2,1,9,12,0,0,4,9,13,0,2,5,18,25,26,0,26,51
06/27/2007,WDG,OK,ASW,CE,Federal Contract Tower,0,2,7,7,16,0,0,0,7,7,0,2,7,14,23,0,0,0,23
06/28/2007,WDG,OK,ASW,CE,Federal Contract Tower,0,2,6,4,12,0,0,1,4,5,0,2,7,8,17,0,0,0,17
06/29/2007,WDG,OK,ASW,CE,Federal Contract Tower,0,2,4,3,9,0,0,0,3,3,0,2,4,6,12,0,0,0,12
06/30/2007,WDG,OK,ASW,CE,Federal Contract Tower,0,2,2,0,4,0,0,9,0,9,0,2,11,0,13,30,0,30,43
07/01/2007,WDG,OK,ASW,CE,Federal Contract Tower,0,0,7,11,18,0,0,10,11,21,0,0,17,22,39,2,0,2,41
07/02/2007,WDG,OK,ASW,CE,Federal Contract Tower,0,2,4,23,29,0,0,15,23,38,0,2,19,46,67,36,0,36,103
07/03/2007,WDG,OK,ASW,CE,Federal Contract Tower,0,2,9,50,61,0,0,22,0,22,0,2,31,50,83,14,10,24,107
07/04/2007,WDG,OK,ASW,CE,Federal Contract Tower,0,0,5,0,5,0,0,26,0,26,0,0,31,0,31,24,0,24,55
07/05/2007,WDG,OK,ASW,CE,Federal Contract Tower,0,2,6,4,12,0,0,19,1,20,0,2,25,5,32,8,0,8,40
07/06/2007,WDG,OK,ASW,CE,Federal Contract Tower,0,1,5,15,21,0,1,26,14,41,0,2,31,29,62,90,56,146,208
07/07/2007,WDG,OK,ASW,CE,Federal Contract Tower,0,2,2,10,14,0,0,53,6,59,0,2,55,16,73,38,50,88,161
07/08/2007,WDG,OK,ASW,CE,Federal Contract Tower,0,0,6,14,20,0,0,15,9,24,0,0,21,23,44,12,32,44,88
07/09/2007,WDG,OK,ASW,CE,Federal Contract Tower,0,2,3,19,24,0,0,15,25,40,0,2,18,44,64,31,104,135,199
07/10/2007,WDG,OK,ASW,CE,Federal Contract Tower,0,2,5,35,42,0,0,16,35,51,0,2,21,70,93,24,6,30,123
07/11/2007,WDG,OK,ASW,CE,Federal Contract Tower,0,2,3,21,26,0,0,15,14,29,0,2,18,35,55,54,48,102,157
07/12/2007,WDG,OK,ASW,CE,Federal Contract Tower,0,0,3,16,19,0,0,7,14,21,0,0,10,30,40,22,10,32,72
07/13/2007,WDG,OK,ASW,CE,Federal Contract Tower,0,3,7,46,56,0,0,6,45,51,0,3,13,91,107,26,54,80,187
07/14/2007,WDG,OK,ASW,CE,Federal Contract Tower,0,2,7,12,21,0,0,29,16,45,0,2,36,28,66,23,0,23,89
07/15/2007,WDG,OK,ASW,CE,Federal Contract Tower,0,0,4,46,50,0,0,12,46,58,0,0,16,92,108,6,18,24,132
07/16/2007,WDG,OK,ASW,CE,Federal Contract Tower,0,2,2,21,25,0,0,24,25,49,0,2,26,46,74,8,122,130,204
07/17/2007,WDG,OK,ASW,CE,Federal Contract Tower,0,2,6,22,30,0,0,14,33,47,0,2,20,55,77,6,154,160,237
07/18/2007,WDG,OK,ASW,CE,Federal Contract Tower,0,2,3,27,32,0,0,17,30,47,0,2,20,57,79,0,194,194,273
07/19/2007,WDG,OK,ASW,CE,Federal Contract Tower,0,2,6,21,29,0,0,16,31,47,0,2,22,52,76,12,98,110,186
07/20/2007,WDG,OK,ASW,CE,Federal Contract Tower,0,2,7,21,30,0,0,29,23,52,0,2,36,44,82,30,120,150,232
07/21/2007,WDG,OK,ASW,CE,Federal Contract Tower,0,2,4,2,8,0,0,13,2,15,0,2,17,4,23,6,0,6,29
07/22/2007,WDG,OK,ASW,CE,Federal Contract Tower,0,0,0,7,7,0,0,9,11,20,0,0,9,18,27,7,0,7,34
07/23/2007,WDG,OK,ASW,CE,Federal Contract Tower,0,2,7,11,20,0,0,12,21,33,0,2,19,32,53,0,2,2,55
07/24/2007,WDG,OK,ASW,CE,Federal Contract Tower,0,2,8,30,40,0,0,14,24,38,0,2,22,54,78,0,194,194,272
07/25/2007,WDG,OK,ASW,CE,Federal Contract Tower,0,2,2,22,26,0,0,13,30,43,0,2,15,52,69,4,158,162,231
07/26/2007,WDG,OK,ASW,CE,Federal Contract Tower,0,2,3,29,34,0,0,34,23,57,0,2,37,52,91,80,60,140,231
07/27/2007,WDG,OK,ASW,CE,Federal Contract Tower,0,2,8,33,43,0,0,32,36,68,0,2,40,69,111,0,76,76,187
07/28/2007,WDG,OK,ASW,CE,Federal Contract Tower,0,2,3,1,6,0,0,32,0,32,0,2,35,1,38,0,0,0,38
07/29/2007,WDG,OK,ASW,CE,Federal Contract Tower,0,0,2,9,11,0,0,8,9,17,0,0,10,18,28,4,3,7,35
07/30/2007,WDG,OK,ASW,CE,Federal Contract Tower,0,3,1,23,27,0,0,14,25,39,0,3,15,48,66,52,6,58,124
07/31/2007,WDG,OK,ASW,CE,Federal Contract Tower,0,2,4,35,41,0,0,18,51,69,0,2,22,86,110,2,14,16,126
08/01/2007,WDG,OK,ASW,CE,Federal Contract Tower,0,3,11,18,32,0,0,14,18,32,0,3,25,36,64,6,14,20,84
08/02/2007,WDG,OK,ASW,CE,Federal Contract Tower,0,3,3,21,27,0,0,18,19,37,0,3,21,40,64,12,26,38,102
08/03/2007,WDG,OK,ASW,CE,Federal Contract Tower,0,2,4,20,26,0,0,16,19,35,0,2,20,39,61,78,56,134,195
08/04/2007,WDG,OK,ASW,CE,Federal Contract Tower,0,2,1,2,5,0,0,19,0,19,0,2,20,2,24,12,0,12,36
08/05/2007,WDG,OK,ASW,CE,Federal Contract Tower,0,0,3,8,11,0,0,17,8,25,0,0,20,16,36,4,4,8,44
08/06/2007,WDG,OK,ASW,CE,Federal Contract Tower,0,2,5,12,19,0,0,11,14,25,0,2,16,26,44,10,4,14,58
08/07/2007,WDG,OK,ASW,CE,Federal Contract Tower,0,1,4,12,17,0,1,32,12,45,0,2,36,24,62,50,56,106,168
08/08/2007,WDG,OK,ASW,CE,Federal Contract Tower,0,2,9,11,22,0,0,26,9,35,0,2,35,20,57,26,16,42,99
08/09/2007,WDG,OK,ASW,CE,Federal Contract Tower,0,2,4,17,23,0,0,12,17,29,0,2,16,34,52,22,86,108,160
08/10/2007,WDG,OK,ASW,CE,Federal Contract Tower,0,2,4,9,15,0,0,43,11,54,0,2,47,20,69,53,24,77,146
08/11/2007,WDG,OK,ASW,CE,Federal Contract Tower,0,2,3,0,5,0,0,24,1,25,0,2,27,1,30,50,0,50,80
08/12/2007,WDG,OK,ASW,CE,Federal Contract Tower,0,0,5,5,10,0,0,23,5,28,0,0,28,10,38,34,6,40,78
08/13/2007,WDG,OK,ASW,CE,Federal Contract Tower,0,1,2,20,23,0,1,35,24,60,0,2,37,44,83,20,8,28,111
08/14/2007,WDG,OK,ASW,CE,Federal Contract Tower,0,2,6,30,38,0,0,10,32,42,0,2,16,62,80,20,80,100,180
08/15/2007,WDG,OK,ASW,CE,Federal Contract Tower,0,0,5,14,19,0,0,14,14,28,0,0,19,28,47,0,56,56,103
08/16/2007,WDG,OK,ASW,CE,Federal Contract Tower,0,2,3,29,34,0,0,13,29,42,0,2,16,58,76,8,8,16,92
08/17/2007,WDG,OK,ASW,CE,Federal Contract Tower,0,2,2,17,21,0,0,15,14,29,0,2,17,31,50,0,54,54,104
08/18/2007,WDG,OK,ASW,CE,Federal Contract Tower,0,2,6,3,11,0,0,18,1,19,0,2,24,4,30,22,0,22,52
08/19/2007,WDG,OK,ASW,CE,Federal Contract Tower,0,0,4,2,6,0,0,16,5,21,0,0,20,7,27,61,0,61,88
08/20/2007,WDG,OK,ASW,CE,Federal Contract Tower,0,2,7,21,30,0,0,16,23,39,0,2,23,44,69,0,54,54,123
08/21/2007,WDG,OK,ASW,CE,Federal Contract Tower,0,2,5,31,38,0,0,30,39,69,0,2,35,70,107,32,40,72,179
08/22/2007,WDG,OK,ASW,CE,Federal Contract Tower,0,2,5,28,35,0,0,16,34,50,0,2,21,62,85,14,102,116,201
08/23/2007,WDG,OK,ASW,CE,Federal Contract Tower,0,2,4,24,30,0,0,19,31,50,0,2,23,55,80,10,110,120,200
08/24/2007,WDG,OK,ASW,CE,Federal Contract Tower,0,2,4,1,7,0,0,4,1,5,0,2,8,2,12,0,0,0,12
08/25/2007,WDG,OK,ASW,CE,Federal Contract Tower,0,1,10,0,11,0,1,33,0,34,0,2,43,0,45,34,0,34,79
08/26/2007,WDG,OK,ASW,CE,Federal Contract Tower,0,0,4,4,8,0,0,17,4,21,0,0,21,8,29,0,0,0,29
08/27/2007,WDG,OK,ASW,CE,Federal Contract Tower,0,2,4,17,23,0,0,28,17,45,0,2,32,34,68,41,80,121,189
08/28/2007,WDG,OK,ASW,CE,Federal Contract Tower,0,6,4,23,33,0,0,31,23,54,0,6,35,46,87,17,0,17,104
08/29/2007,WDG,OK,ASW,CE,Federal Contract Tower,0,2,4,14,20,0,0,21,29,50,0,2,25,43,70,25,14,39,109
08/30/2007,WDG,OK,ASW,CE,Federal Contract Tower,0,2,7,19,28,0,0,21,19,40,0,2,28,38,68,27,36,63,131
08/31/2007,WDG,OK,ASW,CE,Federal Contract Tower,0,1,5,12,18,0,1,26,10,37,0,2,31,22,55,24,18,42,97
09/01/2007,WDG,OK,ASW,CE,Federal Contract Tower,0,2,2,0,4,0,0,49,0,49,0,2,51,0,53,45,0,45,98
09/02/2007,WDG,OK,ASW,CE,Federal Contract Tower,0,0,2,0,2,0,0,16,0,16,0,0,18,0,18,24,0,24,42
09/03/2007,WDG,OK,ASW,CE,Federal Contract Tower,0,0,5,1,6,0,0,35,0,35,0,0,40,1,41,46,2,48,89
09/04/2007,WDG,OK,ASW,CE,Federal Contract Tower,0,4,5,17,26,0,0,19,26,45,0,4,24,43,71,30,84,114,185
09/05/2007,WDG,OK,ASW,CE,Federal Contract Tower,0,2,4,34,40,0,0,13,36,49,0,2,17,70,89,6,0,6,95
09/06/2007,WDG,OK,ASW,CE,Federal Contract Tower,0,2,10,25,37,0,0,5,25,30,0,2,15,50,67,0,116,116,183
09/07/2007,WDG,OK,ASW,CE,Federal Contract Tower,0,2,1,12,15,0,1,7,13,21,0,3,8,25,36,0,6,6,42
09/08/2007,WDG,OK,ASW,CE,Federal Contract Tower,0,2,12,1,15,0,2,12,0,14,0,4,24,1,29,43,0,43,72
09/09/2007,WDG,OK,ASW,CE,Federal Contract Tower,0,0,5,4,9,2,0,15,4,21,2,0,20,8,30,24,0,24,54
09/10/2007,WDG,OK,ASW,CE,Federal Contract Tower,0,1,1,67,69,0,1,10,67,78,0,2,11,134,147,5,0,5,152
09/11/2007,WDG,OK,ASW,CE,Federal Contract Tower,0,2,1,19,22,0,0,33,19,52,0,2,34,38,74,52,26,78,152
09/12/2007,WDG,OK,ASW,CE,Federal Contract Tower,0,2,4,17,23,0,0,33,17,50,0,2,37,34,73,26,70,96,169
09/13/2007,WDG,OK,ASW,CE,Federal Contract Tower,0,2,3,27,32,0,0,19,27,46,0,2,22,54,78,12,26,38,116
09/14/2007,WDG,OK,ASW,CE,Federal Contract Tower,0,1,9,14,24,2,1,14,15,32,2,2,23,29,56,14,7,21,77
09/15/2007,WDG,OK,ASW,CE,Federal Contract Tower,0,2,1,3,6,0,2,31,1,34,0,4,32,4,40,22,0,22,62
09/16/2007,WDG,OK,ASW,CE,Federal Contract Tower,0,0,4,5,9,0,0,21,5,26,0,0,25,10,35,20,0,20,55
09/17/2007,WDG,OK,ASW,CE,Federal Contract Tower,0,1,6,17,24,0,1,20,17,38,0,2,26,34,62,2,26,28,90
09/18/2007,WDG,OK,ASW,CE,Federal Contract Tower,0,2,8,16,26,0,0,22,20,42,0,2,30,36,68,6,0,6,74
09/19/2007,WDG,OK,ASW,CE,Federal Contract Tower,0,4,1,14,19,0,0,21,16,37,0,4,22,30,56,86,18,104,160
09/20/2007,WDG,OK,ASW,CE,Federal Contract Tower,0,2,2,6,10,0,0,16,6,22,0,2,18,12,32,4,26,30,62
09/21/2007,WDG,OK,ASW,CE,Federal Contract Tower,0,1,8,13,22,0,1,17,14,32,0,2,25,27,54,16,40,56,110
09/22/2007,WDG,OK,ASW,CE,Federal Contract Tower,0,1,0,0,1,0,1,36,0,37,0,2,36,0,38,30,0,30,68
09/23/2007,WDG,OK,ASW,CE,Federal Contract Tower,0,0,1,0,1,0,0,15,0,15,0,0,16,0,16,44,0,44,60
09/24/2007,WDG,OK,ASW,CE,Federal Contract Tower,0,0,5,19,24,0,0,24,21,45,0,0,29,40,69,0,12,12,81
09/25/2007,WDG,OK,ASW,CE,Federal Contract Tower,0,0,6,16,22,0,0,10,20,30,0,0,16,36,52,40,36,76,128
09/26/2007,WDG,OK,ASW,CE,Federal Contract Tower,0,2,5,21,28,0,0,9,23,32,0,2,14,44,60,16,2,18,78
09/27/2007,WDG,OK,ASW,CE,Federal Contract Tower,0,2,14,19,35,0,0,7,10,17,0,2,21,29,52,44,18,62,114
09/28/2007,WDG,OK,ASW,CE,Federal Contract Tower,1,1,6,0,8,4,1,23,0,28,5,2,29,0,36,6,0,6,42
09/29/2007,WDG,OK,ASW,CE,Federal Contract Tower,0,0,1,0,1,0,2,25,0,27,0,2,26,0,28,26,0,26,54
09/30/2007,WDG,OK,ASW,CE,Federal Contract Tower,0,0,1,0,1,0,0,9,0,9,0,0,10,0,10,21,0,21,31
10/01/2007,WDG,OK,ASW,CE,Federal Contract Tower,0,1,8,5,14,0,1,19,3,23,0,2,27,8,37,87,36,123,160
10/02/2007,WDG,OK,ASW,CE,Federal Contract Tower,0,2,6,2,10,0,0,8,6,14,0,2,14,8,24,0,3,3,27
10/03/2007,WDG,OK,ASW,CE,Federal Contract Tower,0,2,8,8,18,0,0,19,6,25,0,2,27,14,43,40,28,68,111
10/04/2007,WDG,OK,ASW,CE,Federal Contract Tower,0,2,9,7,18,0,0,22,7,29,0,2,31,14,47,11,70,81,128
10/05/2007,WDG,OK,ASW,CE,Federal Contract Tower,0,1,9,15,25,0,1,14,15,30,0,2,23,30,55,27,20,47,102
10/06/2007,WDG,OK,ASW,CE,Federal Contract Tower,0,2,2,0,4,0,0,13,0,13,0,2,15,0,17,0,0,0,17
10/07/2007,WDG,OK,ASW,CE,Federal Contract Tower,0,0,6,1,7,0,0,19,1,20,0,0,25,2,27,30,1,31,58
10/08/2007,WDG,OK,ASW,CE,Federal Contract Tower,0,1,0,0,1,0,1,39,0,40,0,2,39,0,41,32,0,32,73
10/09/2007,WDG,OK,ASW,CE,Federal Contract Tower,0,1,6,35,42,0,1,31,35,67,0,2,37,70,109,20,24,44,153
10/10/2007,WDG,OK,ASW,CE,Federal Contract Tower,0,2,7,22,31,0,0,17,22,39,0,2,24,44,70,14,88,102,172
10/11/2007,WDG,OK,ASW,CE,Federal Contract Tower,0,2,4,25,31,0,0,24,25,49,0,2,28,50,80,6,28,34,114
10/12/2007,WDG,OK,ASW,CE,Federal Contract Tower,0,1,3,17,21,0,1,20,10,31,0,2,23,27,52,26,40,66,118
10/13/2007,WDG,OK,ASW,CE,Federal Contract Tower,0,2,0,0,2,0,0,17,0,17,0,2,17,0,19,11,0,11,30
10/14/2007,WDG,OK,ASW,CE,Federal Contract Tower,0,2,3,7,12,0,0,12,8,20,0,2,15,15,32,0,2,2,34
10/15/2007,WDG,OK,ASW,CE,Federal Contract Tower,0,1,4,37,42,0,1,19,39,59,0,2,23,76,101,19,58,77,178
10/16/2007,WDG,OK,ASW,CE,Federal Contract Tower,0,1,11,43,55,0,1,19,45,65,0,2,30,88,120,8,48,56,176
10/17/2007,WDG,OK,ASW,CE,Federal Contract Tower,0,2,5,0,7,0,0,1,0,1,0,2,6,0,8,0,2,2,10
10/18/2007,WDG,OK,ASW,CE,Federal Contract Tower,0,2,7,10,19,0,0,3,14,17,0,2,10,24,36,10,0,10,46
10/21/2007,WDG,OK,ASW,CE,Federal Contract Tower,0,0,2,19,21,0,4,18,18,40,0,4,20,37,61,6,6,12,73
10/22/2007,WDG,OK,ASW,CE,Federal Contract Tower,0,1,2,49,52,0,1,2,47,50,0,2,4,96,102,0,6,6,108
10/23/2007,WDG,OK,ASW,CE,Federal Contract Tower,0,1,4,36,41,0,1,15,34,50,0,2,19,70,91,0,20,20,111
10/24/2007,WDG,OK,ASW,CE,Federal Contract Tower,0,4,3,33,40,0,0,13,35,48,0,4,16,68,88,10,20,30,118
10/25/2007,WDG,OK,ASW,CE,Federal Contract Tower,0,2,5,21,28,0,0,18,31,49,0,2,23,52,77,15,10,25,102
10/26/2007,WDG,OK,ASW,CE,Federal Contract Tower,0,1,11,41,53,0,3,24,35,62,0,4,35,76,115,59,12,71,186
10/27/2007,WDG,OK,ASW,CE,Federal Contract Tower,0,4,11,38,53,0,0,24,38,62,0,4,35,76,115,59,12,71,186
10/28/2007,WDG,OK,ASW,CE,Federal Contract Tower,0,0,3,10,13,0,0,13,12,25,0,0,16,22,38,17,0,17,55
10/29/2007,WDG,OK,ASW,CE,Federal Contract Tower,0,1,3,49,53,0,1,33,49,83,0,2,36,98,136,38,6,44,180
10/30/2007,WDG,OK,ASW,CE,Federal Contract Tower,0,0,2,57,59,0,2,34,58,94,0,2,36,115,153,0,32,32,185
10/31/2007,WDG,OK,ASW,CE,Federal Contract Tower,0,0,4,56,60,0,2,17,56,75,0,2,21,112,135,0,8,8,143
11/01/2007,WDG,OK,ASW,CE,Federal Contract Tower,0,1,8,45,54,0,1,23,46,70,0,2,31,91,124,18,37,55,179
11/02/2007,WDG,OK,ASW,CE,Federal Contract Tower,0,0,2,44,46,0,2,32,43,77,0,2,34,87,123,19,22,41,164
11/03/2007,WDG,OK,ASW,CE,Federal Contract Tower,0,1,1,0,2,0,1,36,0,37,0,2,37,0,39,9,0,9,48
11/04/2007,WDG,OK,ASW,CE,Federal Contract Tower,0,0,0,3,3,2,0,18,5,25,2,0,18,8,28,18,0,18,46
11/05/2007,WDG,OK,ASW,CE,Federal Contract Tower,0,0,0,51,51,0,2,23,52,77,0,2,23,103,128,5,11,16,144
11/06/2007,WDG,OK,ASW,CE,Federal Contract Tower,0,0,4,39,43,0,3,24,42,69,0,3,28,81,112,31,21,52,164
11/07/2007,WDG,OK,ASW,CE,Federal Contract Tower,0,1,7,22,30,0,1,23,26,50,0,2,30,48,80,6,38,44,124
11/08/2007,WDG,OK,ASW,CE,Federal Contract Tower,0,1,1,30,32,0,1,31,30,62,0,2,32,60,94,120,80,200,294
11/09/2007,WDG,OK,ASW,CE,Federal Contract Tower,0,0,0,30,30,0,2,20,29,51,0,2,20,59,81,30,60,90,171
11/10/2007,WDG,OK,ASW,CE,Federal Contract Tower,0,0,0,1,1,0,0,9,0,9,0,0,9,1,10,2,0,2,12
11/11/2007,WDG,OK,ASW,CE,Federal Contract Tower,0,0,0,0,0,0,0,15,2,17,0,0,15,2,17,34,0,34,51
11/12/2007,WDG,OK,ASW,CE,Federal Contract Tower,0,0,5,2,7,0,2,17,0,19,0,2,22,2,26,17,0,17,43
11/13/2007,WDG,OK,ASW,CE,Federal Contract Tower,0,0,3,28,31,0,2,33,38,73,0,2,36,66,104,1,99,100,204
11/14/2007,WDG,OK,ASW,CE,Federal Contract Tower,0,1,1,49,51,0,1,4,29,34,0,2,5,78,85,0,56,56,141
11/15/2007,WDG,OK,ASW,CE,Federal Contract Tower,0,1,6,19,26,0,1,19,57,77,0,2,25,76,103,10,70,80,183
11/16/2007,WDG,OK,ASW,CE,Federal Contract Tower,0,0,3,15,18,0,2,24,21,47,0,2,27,36,65,14,27,41,106
11/17/2007,WDG,OK,ASW,CE,Federal Contract Tower,0,1,0,1,2,0,1,40,0,41,0,2,40,1,43,35,0,35,78
11/18/2007,WDG,OK,ASW,CE,Federal Contract Tower,0,0,4,4,8,0,0,26,3,29,0,0,30,7,37,46,2,48,85
11/19/2007,WDG,OK,ASW,CE,Federal Contract Tower,0,0,5,16,21,0,2,15,16,33,0,2,20,32,54,32,14,46,100
11/20/2007,WDG,OK,ASW,CE,Federal Contract Tower,0,1,2,6,9,0,1,23,6,30,0,2,25,12,39,23,50,73,112
11/21/2007,WDG,OK,ASW,CE,Federal Contract Tower,0,1,4,0,5,0,1,13,0,14,0,2,17,0,19,0,0,0,19
11/22/2007,WDG,OK,ASW,CE,Federal Contract Tower,0,0,0,0,0,0,0,13,0,13,0,0,13,0,13,10,0,10,23
11/23/2007,WDG,OK,ASW,CE,Federal Contract Tower,0,1,0,0,1,0,1,19,0,20,0,2,19,0,21,12,0,12,33
11/24/2007,WDG,OK,ASW,CE,Federal Contract Tower,0,0,0,0,0,0,2,15,0,17,0,2,15,0,17,67,0,67,84
11/25/2007,WDG,OK,ASW,CE,Federal Contract Tower,0,0,0,0,0,2,0,6,0,8,2,0,6,0,8,48,0,48,56
11/26/2007,WDG,OK,ASW,CE,Federal Contract Tower,0,0,2,20,22,0,2,22,20,44,0,2,24,40,66,20,6,26,92
11/27/2007,WDG,OK,ASW,CE,Federal Contract Tower,0,0,0,35,35,0,2,17,35,54,0,2,17,70,89,22,14,36,125
11/28/2007,WDG,OK,ASW,CE,Federal Contract Tower,0,1,8,27,36,0,1,11,27,39,0,2,19,54,75,0,6,6,81
11/29/2007,WDG,OK,ASW,CE,Federal Contract Tower,0,1,6,25,32,0,1,29,26,56,0,2,35,51,88,66,26,92,180
11/30/2007,WDG,OK,ASW,CE,Federal Contract Tower,0,0,7,29,36,0,2,20,28,50,0,2,27,57,86,43,17,60,146
12/01/2007,WDG,OK,ASW,CE,Federal Contract Tower,0,1,1,0,2,0,1,2,0,3,0,2,3,0,5,0,0,0,5
12/02/2007,WDG,OK,ASW,CE,Federal Contract Tower,0,0,1,13,14,0,0,9,15,24,0,0,10,28,38,5,4,9,47
12/03/2007,WDG,OK,ASW,CE,Federal Contract Tower,0,0,3,36,39,0,2,20,36,58,0,2,23,72,97,27,10,37,134
12/04/2007,WDG,OK,ASW,CE,Federal Contract Tower,0,0,6,47,53,0,2,25,45,72,0,2,31,92,125,38,49,87,212
12/05/2007,WDG,OK,ASW,CE,Federal Contract Tower,0,1,7,34,42,0,0,21,33,54,0,1,28,67,96,23,32,55,151
12/06/2007,WDG,OK,ASW,CE,Federal Contract Tower,0,1,1,35,37,0,1,5,41,47,0,2,6,76,84,6,58,64,148
12/07/2007,WDG,OK,ASW,CE,Federal Contract Tower,0,0,5,2,7,0,0,4,2,6,0,0,9,4,13,0,0,0,13
12/08/2007,WDG,OK,ASW,CE,Federal Contract Tower,0,1,1,0,2,0,1,1,0,2,0,2,2,0,4,0,0,0,4
12/09/2007,WDG,OK,ASW,CE,Federal Contract Tower,0,0,2,0,2,0,0,0,0,0,0,0,2,0,2,0,0,0,2
12/10/2007,WDG,OK,ASW,CE,Federal Contract Tower,0,0,0,0,0,0,0,0,0,0,0,0,0,0,0,0,0,0,0
12/11/2007,WDG,OK,ASW,CE,Federal Contract Tower,0,1,0,0,1,0,1,1,0,2,0,2,1,0,3,0,0,0,3
12/12/2007,WDG,OK,ASW,CE,Federal Contract Tower,0,1,1,0,2,0,1,3,0,4,0,2,4,0,6,0,0,0,6
12/13/2007,WDG,OK,ASW,CE,Federal Contract Tower,0,0,7,21,28,0,0,2,19,21,0,0,9,40,49,0,0,0,49
12/14/2007,WDG,OK,ASW,CE,Federal Contract Tower,0,1,0,0,1,0,1,0,0,1,0,2,0,0,2,0,0,0,2
12/15/2007,WDG,OK,ASW,CE,Federal Contract Tower,0,1,0,0,1,0,1,0,0,1,0,2,0,0,2,0,0,0,2
12/16/2007,WDG,OK,ASW,CE,Federal Contract Tower,0,0,0,4,4,0,0,20,6,26,0,0,20,10,30,2,2,4,34
12/17/2007,WDG,OK,ASW,CE,Federal Contract Tower,0,1,9,18,28,0,1,40,41,82,0,2,49,59,110,71,53,124,234
12/18/2007,WDG,OK,ASW,CE,Federal Contract Tower,0,1,5,39,45,0,1,40,40,81,0,2,45,79,126,12,19,31,157
12/19/2007,WDG,OK,ASW,CE,Federal Contract Tower,0,0,4,41,45,0,2,27,42,71,0,2,31,83,116,42,18,60,176
12/20/2007,WDG,OK,ASW,CE,Federal Contract Tower,0,0,1,27,28,0,2,20,27,49,0,2,21,54,77,58,190,248,325
12/21/2007,WDG,OK,ASW,CE,Federal Contract Tower,0,1,7,24,32,0,1,48,24,73,0,2,55,48,105,28,19,47,152
12/22/2007,WDG,OK,ASW,CE,Federal Contract Tower,0,1,0,0,1,0,1,0,0,1,0,2,0,0,2,0,0,0,2
12/23/2007,WDG,OK,ASW,CE,Federal Contract Tower,0,0,2,0,2,0,0,29,0,29,0,0,31,0,31,2,0,2,33
12/24/2007,WDG,OK,ASW,CE,Federal Contract Tower,0,0,4,0,4,0,2,22,0,24,0,2,26,0,28,0,0,0,28
12/25/2007,WDG,OK,ASW,CE,Federal Contract Tower,0,0,0,0,0,0,0,9,0,9,0,0,9,0,9,0,0,0,9
12/26/2007,WDG,OK,ASW,CE,Federal Contract Tower,0,0,1,1,2,0,2,4,1,7,0,2,5,2,9,0,0,0,9
12/27/2007,WDG,OK,ASW,CE,Federal Contract Tower,0,1,0,0,1,0,1,3,0,4,0,2,3,0,5,0,0,0,5
12/28/2007,WDG,OK,ASW,CE,Federal Contract Tower,0,1,2,0,3,0,1,21,0,22,0,2,23,0,25,2,0,2,27
12/29/2007,WDG,OK,ASW,CE,Federal Contract Tower,0,0,3,0,3,0,2,8,0,10,0,2,11,0,13,34,0,34,47
12/30/2007,WDG,OK,ASW,CE,Federal Contract Tower,0,0,1,0,1,0,0,31,0,31,0,0,32,0,32,44,0,44,76
12/31/2007,WDG,OK,ASW,CE,Federal Contract Tower,0,1,2,0,3,0,1,10,0,11,0,2,12,0,14,1,0,1,15
01/01/2008,WDG,OK,ASW,CE,Federal Contract Tower,0,0,5,0,5,0,0,17,0,17,0,0,22,0,22,0,0,0,22
01/02/2008,WDG,OK,ASW,CE,Federal Contract Tower,0,0,1,0,1,0,2,19,0,21,0,2,20,0,22,2,0,2,24
01/03/2008,WDG,OK,ASW,CE,Federal Contract Tower,0,0,2,10,12,0,2,17,10,29,0,2,19,20,41,2,83,85,126
01/04/2008,WDG,OK,ASW,CE,Federal Contract Tower,0,0,1,18,19,0,2,12,16,30,0,2,13,34,49,0,14,14,63
01/05/2008,WDG,OK,ASW,CE,Federal Contract Tower,0,0,1,0,1,0,4,36,0,40,0,4,37,0,41,50,0,50,91
01/06/2008,WDG,OK,ASW,CE,Federal Contract Tower,0,0,2,9,11,0,2,30,8,40,0,2,32,17,51,25,11,36,87
01/07/2008,WDG,OK,ASW,CE,Federal Contract Tower,0,1,1,27,29,0,1,23,31,55,0,2,24,58,84,31,50,81,165
01/08/2008,WDG,OK,ASW,CE,Federal Contract Tower,0,1,1,34,36,0,1,15,24,40,0,2,16,58,76,20,24,44,120
01/09/2008,WDG,OK,ASW,CE,Federal Contract Tower,0,0,1,32,33,0,2,15,32,49,0,2,16,64,82,0,10,10,92
01/10/2008,WDG,OK,ASW,CE,Federal Contract Tower,0,0,4,8,12,0,1,14,8,23,0,1,18,16,35,15,6,21,56
01/11/2008,WDG,OK,ASW,CE,Federal Contract Tower,0,0,1,13,14,0,2,39,19,60,0,2,40,32,74,32,77,109,183
01/12/2008,WDG,OK,ASW,CE,Federal Contract Tower,0,0,5,4,9,0,2,28,6,36,0,2,33,10,45,58,4,62,107
01/13/2008,WDG,OK,ASW,CE,Federal Contract Tower,0,0,1,2,3,0,0,35,2,37,0,0,36,4,40,57,0,57,97
01/14/2008,WDG,OK,ASW,CE,Federal Contract Tower,0,1,0,25,26,0,1,33,27,61,0,2,33,52,87,38,32,70,157
01/15/2008,WDG,OK,ASW,CE,Federal Contract Tower,0,1,3,19,23,0,1,35,15,51,0,2,38,34,74,3,38,41,115
01/16/2008,WDG,OK,ASW,CE,Federal Contract Tower,0,1,3,6,10,0,1,4,6,11,0,2,7,12,21,9,0,9,30
01/17/2008,WDG,OK,ASW,CE,Federal Contract Tower,0,0,4,12,16,0,2,22,12,36,0,2,26,24,52,32,28,60,112
01/18/2008,WDG,OK,ASW,CE,Federal Contract Tower,0,0,2,11,13,0,0,14,13,27,0,0,16,24,40,0,48,48,88
01/19/2008,WDG,OK,ASW,CE,Federal Contract Tower,0,0,3,0,3,0,2,16,0,18,0,2,19,0,21,0,0,0,21
01/20/2008,WDG,OK,ASW,CE,Federal Contract Tower,0,0,1,8,9,0,0,14,0,14,0,0,15,8,23,8,8,16,39
01/21/2008,WDG,OK,ASW,CE,Federal Contract Tower,0,1,2,2,5,0,1,7,0,8,0,2,9,2,13,5,0,5,18
01/22/2008,WDG,OK,ASW,CE,Federal Contract Tower,0,0,1,23,24,0,2,11,33,46,0,2,12,56,70,0,48,48,118
01/23/2008,WDG,OK,ASW,CE,Federal Contract Tower,0,0,0,22,22,0,2,23,27,52,0,2,23,49,74,27,90,117,191
01/24/2008,WDG,OK,ASW,CE,Federal Contract Tower,0,0,0,18,18,0,2,18,21,41,0,2,18,39,59,8,74,82,141
01/25/2008,WDG,OK,ASW,CE,Federal Contract Tower,0,0,2,22,24,0,0,10,28,38,0,0,12,50,62,18,111,129,191
01/26/2008,WDG,OK,ASW,CE,Federal Contract Tower,0,0,0,0,0,0,0,20,3,23,0,0,20,3,23,28,0,28,51
01/27/2008,WDG,OK,ASW,CE,Federal Contract Tower,0,0,0,1,1,0,0,26,5,31,0,0,26,6,32,2,0,2,34
01/28/2008,WDG,OK,ASW,CE,Federal Contract Tower,0,1,1,21,23,0,1,4,23,28,0,2,5,44,51,0,38,38,89
01/29/2008,WDG,OK,ASW,CE,Federal Contract Tower,0,0,1,16,17,0,2,7,17,26,0,2,8,33,43,0,0,0,43
01/30/2008,WDG,OK,ASW,CE,Federal Contract Tower,0,0,0,20,20,0,2,10,23,35,0,2,10,43,55,0,12,12,67
01/31/2008,WDG,OK,ASW,CE,Federal Contract Tower,0,0,0,0,0,0,2,0,0,2,0,2,0,0,2,0,0,0,2
02/01/2008,WDG,OK,ASW,CE,Federal Contract Tower,0,1,1,8,10,0,1,14,9,24,0,2,15,17,34,0,64,64,98
02/02/2008,WDG,OK,ASW,CE,Federal Contract Tower,0,0,2,0,2,0,2,36,2,40,0,2,38,2,42,47,0,47,89
02/03/2008,WDG,OK,ASW,CE,Federal Contract Tower,0,0,0,10,10,0,0,17,9,26,0,0,17,19,36,28,0,28,64
02/04/2008,WDG,OK,ASW,CE,Federal Contract Tower,0,1,0,18,19,0,1,23,19,43,0,2,23,37,62,6,56,62,124
02/05/2008,WDG,OK,ASW,CE,Federal Contract Tower,0,1,1,0,2,0,1,1,0,2,0,2,2,0,4,0,0,0,4
02/06/2008,WDG,OK,ASW,CE,Federal Contract Tower,0,0,4,32,36,0,2,16,43,61,0,2,20,75,97,5,66,71,168
02/07/2008,WDG,OK,ASW,CE,Federal Contract Tower,0,0,2,41,43,0,2,16,42,60,0,2,18,83,103,2,70,72,175
02/08/2008,WDG,OK,ASW,CE,Federal Contract Tower,0,0,1,21,22,0,0,19,26,45,0,0,20,47,67,20,78,98,165
02/09/2008,WDG,OK,ASW,CE,Federal Contract Tower,0,0,0,0,0,0,2,39,2,43,0,2,39,2,43,44,0,44,87
02/10/2008,WDG,OK,ASW,CE,Federal Contract Tower,0,0,0,0,0,0,0,11,9,20,0,0,11,9,20,4,0,4,24
02/11/2008,WDG,OK,ASW,CE,Federal Contract Tower,0,1,7,54,62,0,1,10,72,83,0,2,17,126,145,0,154,154,299
02/12/2008,WDG,OK,ASW,CE,Federal Contract Tower,0,0,1,22,23,0,2,22,22,46,0,2,23,44,69,44,0,44,113
02/13/2008,WDG,OK,ASW,CE,Federal Contract Tower,0,0,2,29,31,0,2,26,34,62,0,2,28,63,93,5,68,73,166
02/14/2008,WDG,OK,ASW,CE,Federal Contract Tower,0,0,0,27,27,0,2,9,12,23,0,2,9,39,50,0,22,22,72
02/15/2008,WDG,OK,ASW,CE,Federal Contract Tower,0,1,3,4,8,0,1,10,6,17,0,2,13,10,25,3,0,3,28
02/16/2008,WDG,OK,ASW,CE,Federal Contract Tower,0,1,1,0,2,0,1,1,0,2,0,2,2,0,4,0,0,0,4
02/17/2008,WDG,OK,ASW,CE,Federal Contract Tower,0,0,1,3,4,0,0,2,2,4,0,0,3,5,8,0,0,0,8
02/18/2008,WDG,OK,ASW,CE,Federal Contract Tower,0,1,0,8,9,0,1,19,6,26,0,2,19,14,35,33,2,35,70
02/19/2008,WDG,OK,ASW,CE,Federal Contract Tower,0,0,0,34,34,0,2,26,47,75,0,2,26,81,109,6,14,20,129
02/20/2008,WDG,OK,ASW,CE,Federal Contract Tower,0,1,0,23,24,0,1,10,31,42,0,2,10,54,66,0,16,16,82
02/21/2008,WDG,OK,ASW,CE,Federal Contract Tower,0,1,2,0,3,0,1,0,0,1,0,2,2,0,4,0,0,0,4
02/22/2008,WDG,OK,ASW,CE,Federal Contract Tower,0,1,3,38,42,0,1,13,44,58,0,2,16,82,100,16,22,38,138
02/23/2008,WDG,OK,ASW,CE,Federal Contract Tower,0,1,0,1,2,0,1,1,0,2,0,2,1,1,4,16,0,16,20
02/24/2008,WDG,OK,ASW,CE,Federal Contract Tower,0,0,5,11,16,0,0,24,13,37,0,0,29,24,53,49,4,53,106
02/25/2008,WDG,OK,ASW,CE,Federal Contract Tower,0,1,2,42,45,0,1,18,28,47,0,2,20,70,92,0,48,48,140
02/26/2008,WDG,OK,ASW,CE,Federal Contract Tower,0,0,5,52,57,0,2,14,54,70,0,2,19,106,127,2,0,2,129
02/27/2008,WDG,OK,ASW,CE,Federal Contract Tower,0,0,1,22,23,0,2,30,23,55,0,2,31,45,78,2,9,11,89
02/28/2008,WDG,OK,ASW,CE,Federal Contract Tower,0,0,3,38,41,0,2,25,38,65,0,2,28,76,106,6,59,65,171
02/29/2008,WDG,OK,ASW,CE,Federal Contract Tower,0,1,2,32,35,0,1,29,40,70,0,2,31,72,105,58,6,64,169
03/01/2008,WDG,OK,ASW,CE,Federal Contract Tower,0,1,1,0,2,0,1,27,1,29,0,2,28,1,31,9,0,9,40
03/02/2008,WDG,OK,ASW,CE,Federal Contract Tower,0,0,0,0,0,0,0,4,6,10,0,0,4,6,10,0,0,0,10
03/03/2008,WDG,OK,ASW,CE,Federal Contract Tower,0,1,0,23,24,0,1,2,23,26,0,2,2,46,50,0,42,42,92
03/04/2008,WDG,OK,ASW,CE,Federal Contract Tower,0,0,4,42,46,0,2,25,42,69,0,2,29,84,115,11,48,59,174
03/05/2008,WDG,OK,ASW,CE,Federal Contract Tower,0,0,5,40,45,0,2,9,40,51,0,2,14,80,96,0,79,79,175
03/06/2008,WDG,OK,ASW,CE,Federal Contract Tower,0,0,3,62,65,0,2,9,64,75,0,2,12,126,140,24,20,44,184
03/07/2008,WDG,OK,ASW,CE,Federal Contract Tower,0,0,2,20,22,0,0,12,20,32,0,0,14,40,54,0,20,20,74
03/08/2008,WDG,OK,ASW,CE,Federal Contract Tower,0,1,2,0,3,0,0,24,1,25,0,1,26,1,28,48,0,48,76
03/09/2008,WDG,OK,ASW,CE,Federal Contract Tower,0,0,1,4,5,0,0,33,1,34,0,0,34,5,39,55,6,61,100
03/10/2008,WDG,OK,ASW,CE,Federal Contract Tower,0,1,2,31,34,0,1,19,43,63,0,2,21,74,97,2,138,140,237
03/11/2008,WDG,OK,ASW,CE,Federal Contract Tower,0,0,1,24,25,0,2,37,24,63,0,2,38,48,88,20,24,44,132
03/12/2008,WDG,OK,ASW,CE,Federal Contract Tower,0,0,1,32,33,0,2,24,30,56,0,2,25,62,89,0,121,121,210
03/13/2008,WDG,OK,ASW,CE,Federal Contract Tower,0,0,0,33,33,0,2,16,32,50,0,2,16,65,83,51,42,93,176
03/14/2008,WDG,OK,ASW,CE,Federal Contract Tower,0,1,0,30,31,0,1,19,31,51,0,2,19,61,82,0,16,16,98
03/15/2008,WDG,OK,ASW,CE,Federal Contract Tower,0,1,2,0,3,0,1,17,1,19,0,2,19,1,22,14,0,14,36
03/16/2008,WDG,OK,ASW,CE,Federal Contract Tower,0,0,1,15,16,0,0,19,15,34,0,0,20,30,50,18,0,18,68
03/17/2008,WDG,OK,ASW,CE,Federal Contract Tower,0,1,0,0,1,0,1,0,0,1,0,2,0,0,2,0,0,0,2
03/18/2008,WDG,OK,ASW,CE,Federal Contract Tower,0,0,1,35,36,0,2,3,45,50,0,2,4,80,86,0,20,20,106
03/19/2008,WDG,OK,ASW,CE,Federal Contract Tower,0,0,5,24,29,0,2,51,28,81,0,2,56,52,110,30,0,30,140
03/20/2008,WDG,OK,ASW,CE,Federal Contract Tower,0,0,6,29,35,0,2,20,32,54,0,2,26,61,89,0,16,16,105
03/21/2008,WDG,OK,ASW,CE,Federal Contract Tower,0,1,1,30,32,0,1,19,34,54,0,2,20,64,86,0,82,82,168
03/22/2008,WDG,OK,ASW,CE,Federal Contract Tower,0,1,6,0,7,0,1,55,0,56,0,2,61,0,63,28,0,28,91
03/23/2008,WDG,OK,ASW,CE,Federal Contract Tower,0,0,1,6,7,0,0,9,7,16,0,0,10,13,23,2,8,10,33
03/24/2008,WDG,OK,ASW,CE,Federal Contract Tower,0,1,3,40,44,0,1,21,44,66,0,2,24,84,110,0,22,22,132
03/25/2008,WDG,OK,ASW,CE,Federal Contract Tower,0,0,3,37,40,0,2,13,34,49,0,2,16,71,89,4,20,24,113
03/26/2008,WDG,OK,ASW,CE,Federal Contract Tower,0,0,6,30,36,0,2,26,34,62,0,2,32,64,98,70,44,114,212
03/27/2008,WDG,OK,ASW,CE,Federal Contract Tower,0,0,4,20,24,0,2,16,21,39,0,2,20,41,63,2,92,94,157
03/28/2008,WDG,OK,ASW,CE,Federal Contract Tower,0,1,0,25,26,0,1,9,31,41,0,2,9,56,67,0,22,22,89
03/29/2008,WDG,OK,ASW,CE,Federal Contract Tower,0,1,3,2,6,0,1,12,2,15,0,2,15,4,21,8,2,10,31
03/30/2008,WDG,OK,ASW,CE,Federal Contract Tower,0,0,2,14,16,0,0,7,17,24,0,0,9,31,40,0,18,18,58
03/31/2008,WDG,OK,ASW,CE,Federal Contract Tower,0,1,7,25,33,0,1,5,28,34,0,2,12,53,67,5,28,33,100
04/01/2008,WDG,OK,ASW,CE,Federal Contract Tower,0,0,2,33,35,0,2,29,33,64,0,2,31,66,99,22,24,46,145
04/02/2008,WDG,OK,ASW,CE,Federal Contract Tower,0,1,2,16,19,0,1,12,17,30,0,2,14,33,49,16,56,72,121
04/03/2008,WDG,OK,ASW,CE,Federal Contract Tower,0,0,1,4,5,0,2,4,11,17,0,2,5,15,22,0,40,40,62
04/04/2008,WDG,OK,ASW,CE,Federal Contract Tower,0,1,5,10,16,0,1,19,12,32,0,2,24,22,48,49,30,79,127
04/05/2008,WDG,OK,ASW,CE,Federal Contract Tower,0,1,1,0,2,0,1,33,0,34,0,2,34,0,36,18,0,18,54
04/06/2008,WDG,OK,ASW,CE,Federal Contract Tower,0,0,0,6,6,0,0,17,6,23,0,0,17,12,29,6,0,6,35
04/07/2008,WDG,OK,ASW,CE,Federal Contract Tower,0,1,3,20,24,0,1,13,20,34,0,2,16,40,58,2,2,4,62
04/08/2008,WDG,OK,ASW,CE,Federal Contract Tower,0,0,3,27,30,0,2,7,25,34,0,2,10,52,64,0,26,26,90
04/09/2008,WDG,OK,ASW,CE,Federal Contract Tower,0,1,2,0,3,0,1,5,0,6,0,2,7,0,9,0,0,0,9
04/10/2008,WDG,OK,ASW,CE,Federal Contract Tower,0,0,0,11,11,0,2,6,12,20,0,2,6,23,31,0,0,0,31
04/11/2008,WDG,OK,ASW,CE,Federal Contract Tower,0,0,0,0,0,0,2,12,10,24,0,2,12,10,24,0,36,36,60
04/12/2008,WDG,OK,ASW,CE,Federal Contract Tower,0,0,0,0,0,0,2,15,9,26,0,2,15,9,26,10,12,22,48
04/13/2008,WDG,OK,ASW,CE,Federal Contract Tower,0,0,1,4,5,0,0,20,11,31,0,0,21,15,36,0,29,29,65
04/14/2008,WDG,OK,ASW,CE,Federal Contract Tower,0,1,3,42,46,0,1,18,35,54,0,2,21,77,100,6,8,14,114
04/15/2008,WDG,OK,ASW,CE,Federal Contract Tower,0,0,6,31,37,0,2,21,31,54,0,2,27,62,91,0,4,4,95
04/16/2008,WDG,OK,ASW,CE,Federal Contract Tower,0,0,1,25,26,0,2,16,29,47,0,2,17,54,73,22,36,58,131
04/17/2008,WDG,OK,ASW,CE,Federal Contract Tower,0,0,1,32,33,0,2,9,30,41,0,2,10,62,74,0,2,2,76
04/18/2008,WDG,OK,ASW,CE,Federal Contract Tower,0,1,2,26,29,0,1,20,25,46,0,2,22,51,75,0,10,10,85
04/19/2008,WDG,OK,ASW,CE,Federal Contract Tower,0,0,0,0,0,0,0,61,0,61,0,0,61,0,61,38,0,38,99
04/20/2008,WDG,OK,ASW,CE,Federal Contract Tower,0,0,0,0,0,0,0,33,0,33,0,0,33,0,33,20,0,20,53
04/21/2008,WDG,OK,ASW,CE,Federal Contract Tower,0,1,2,25,28,0,1,35,27,63,0,2,37,52,91,6,14,20,111
04/22/2008,WDG,OK,ASW,CE,Federal Contract Tower,0,0,2,24,26,0,2,15,26,43,0,2,17,50,69,11,23,34,103
04/23/2008,WDG,OK,ASW,CE,Federal Contract Tower,0,0,8,6,14,0,2,10,8,20,0,2,18,14,34,33,0,33,67
04/24/2008,WDG,OK,ASW,CE,Federal Contract Tower,0,0,2,33,35,0,2,16,35,53,0,2,18,68,88,48,22,70,158
04/25/2008,WDG,OK,ASW,CE,Federal Contract Tower,0,1,3,12,16,0,1,23,13,37,0,2,26,25,53,28,35,63,116
04/26/2008,WDG,OK,ASW,CE,Federal Contract Tower,0,1,0,0,1,0,1,58,0,59,0,2,58,0,60,75,0,75,135
04/27/2008,WDG,OK,ASW,CE,Federal Contract Tower,0,0,3,6,9,0,0,26,6,32,0,0,29,12,41,0,0,0,41
04/28/2008,WDG,OK,ASW,CE,Federal Contract Tower,0,1,4,11,16,0,1,41,12,54,0,2,45,23,70,19,35,54,124
04/29/2008,WDG,OK,ASW,CE,Federal Contract Tower,0,0,1,7,8,0,2,40,9,51,0,2,41,16,59,43,24,67,126
04/30/2008,WDG,OK,ASW,CE,Federal Contract Tower,0,0,2,12,14,0,2,32,12,46,0,2,34,24,60,0,30,30,90
05/01/2008,WDG,OK,ASW,CE,Federal Contract Tower,0,0,3,8,11,0,2,14,11,27,0,2,17,19,38,10,20,30,68
05/02/2008,WDG,OK,ASW,CE,Federal Contract Tower,0,1,1,0,2,0,1,26,0,27,0,2,27,0,29,0,0,0,29
05/03/2008,WDG,OK,ASW,CE,Federal Contract Tower,0,0,0,0,0,0,2,40,0,42,0,2,40,0,42,37,0,37,79
05/04/2008,WDG,OK,ASW,CE,Federal Contract Tower,0,0,1,8,9,0,0,33,10,43,0,0,34,18,52,14,14,28,80
05/05/2008,WDG,OK,ASW,CE,Federal Contract Tower,0,1,4,0,5,0,1,12,0,13,0,2,16,0,18,10,0,10,28
05/06/2008,WDG,OK,ASW,CE,Federal Contract Tower,0,0,0,19,19,0,2,4,24,30,0,2,4,43,49,0,68,68,117
05/07/2008,WDG,OK,ASW,CE,Federal Contract Tower,0,1,0,0,1,0,1,0,0,1,0,2,0,0,2,0,0,0,2
05/08/2008,WDG,OK,ASW,CE,Federal Contract Tower,0,0,4,30,34,0,2,34,30,66,0,2,38,60,100,44,93,137,237
05/09/2008,WDG,OK,ASW,CE,Federal Contract Tower,0,1,4,20,25,0,1,20,27,48,0,2,24,47,73,0,40,40,113
05/10/2008,WDG,OK,ASW,CE,Federal Contract Tower,0,0,0,0,0,0,2,12,0,14,0,2,12,0,14,4,0,4,18
05/11/2008,WDG,OK,ASW,CE,Federal Contract Tower,0,0,2,9,11,0,0,19,14,33,0,0,21,23,44,20,42,62,106
05/12/2008,WDG,OK,ASW,CE,Federal Contract Tower,0,1,4,44,49,0,1,18,45,64,0,2,22,89,113,16,40,56,169
05/13/2008,WDG,OK,ASW,CE,Federal Contract Tower,0,0,2,24,26,0,2,19,34,55,0,2,21,58,81,25,16,41,122
05/14/2008,WDG,OK,ASW,CE,Federal Contract Tower,0,0,0,49,49,0,2,27,51,80,0,2,27,100,129,1,10,11,140
05/15/2008,WDG,OK,ASW,CE,Federal Contract Tower,0,0,2,23,25,0,2,21,24,47,0,2,23,47,72,0,6,6,78
05/16/2008,WDG,OK,ASW,CE,Federal Contract Tower,0,1,2,16,19,0,1,31,32,64,0,2,33,48,83,32,16,48,131
05/17/2008,WDG,OK,ASW,CE,Federal Contract Tower,0,0,0,0,0,0,2,29,1,32,0,2,29,1,32,67,0,67,99
05/18/2008,WDG,OK,ASW,CE,Federal Contract Tower,0,0,0,13,13,0,0,14,13,27,0,0,14,26,40,14,0,14,54
05/19/2008,WDG,OK,ASW,CE,Federal Contract Tower,0,1,2,13,16,0,1,30,16,47,0,2,32,29,63,25,32,57,120
05/20/2008,WDG,OK,ASW,CE,Federal Contract Tower,0,0,6,26,32,0,2,19,26,47,0,2,25,52,79,14,46,60,139
05/21/2008,WDG,OK,ASW,CE,Federal Contract Tower,0,0,5,24,29,0,2,27,24,53,0,2,32,48,82,24,32,56,138
05/22/2008,WDG,OK,ASW,CE,Federal Contract Tower,0,0,4,12,16,0,4,13,16,33,0,4,17,28,49,1,18,19,68
05/23/2008,WDG,OK,ASW,CE,Federal Contract Tower,0,1,0,8,9,0,1,24,22,47,0,2,24,30,56,0,46,46,102
05/24/2008,WDG,OK,ASW,CE,Federal Contract Tower,0,0,1,0,1,0,2,5,0,7,0,2,6,0,8,42,0,42,50
05/25/2008,WDG,OK,ASW,CE,Federal Contract Tower,0,0,0,4,4,0,0,10,9,19,0,0,10,13,23,4,12,16,39
05/26/2008,WDG,OK,ASW,CE,Federal Contract Tower,0,0,5,1,6,0,0,18,0,18,0,0,23,1,24,0,0,0,24
05/27/2008,WDG,OK,ASW,CE,Federal Contract Tower,0,1,2,16,19,0,3,25,28,56,0,4,27,44,75,0,48,48,123
05/28/2008,WDG,OK,ASW,CE,Federal Contract Tower,0,0,2,27,29,0,2,25,27,54,0,2,27,54,83,0,48,48,131
05/29/2008,WDG,OK,ASW,CE,Federal Contract Tower,0,0,3,12,15,0,2,26,24,52,0,2,29,36,67,0,8,8,75
05/30/2008,WDG,OK,ASW,CE,Federal Contract Tower,0,1,4,6,11,0,1,17,6,24,0,2,21,12,35,0,35,35,70
05/31/2008,WDG,OK,ASW,CE,Federal Contract Tower,0,0,1,0,1,0,2,18,0,20,0,2,19,0,21,11,0,11,32
06/01/2008,WDG,OK,ASW,CE,Federal Contract Tower,0,0,1,0,1,0,0,20,0,20,0,0,21,0,21,50,0,50,71
06/02/2008,WDG,OK,ASW,CE,Federal Contract Tower,0,1,1,16,18,0,1,16,24,41,0,2,17,40,59,0,50,50,109
06/03/2008,WDG,OK,ASW,CE,Federal Contract Tower,0,0,0,16,16,0,2,15,16,33,0,2,15,32,49,0,8,8,57
06/04/2008,WDG,OK,ASW,CE,Federal Contract Tower,0,0,0,5,5,0,2,13,5,20,0,2,13,10,25,0,52,52,77
06/05/2008,WDG,OK,ASW,CE,Federal Contract Tower,0,0,0,2,2,0,2,29,2,33,0,2,29,4,35,8,0,8,45
06/06/2008,WDG,OK,ASW,CE,Federal Contract Tower,0,0,20,0,20,0,0,18,0,18,0,0,38,0,38,28,0,28,66
06/07/2008,WDG,OK,ASW,CE,Federal Contract Tower,0,0,0,1,1,0,4,14,0,18,0,4,14,1,19,0,3,3,22
06/08/2008,WDG,OK,ASW,CE,Federal Contract Tower,0,0,1,0,1,0,0,1,1,2,0,0,2,1,3,0,0,0,3
06/09/2008,WDG,OK,ASW,CE,Federal Contract Tower,0,1,2,16,19,0,1,8,16,25,0,2,10,32,44,2,24,26,70
06/10/2008,WDG,OK,ASW,CE,Federal Contract Tower,0,0,0,9,9,0,2,37,9,48,0,2,37,18,57,20,26,46,103
06/11/2008,WDG,OK,ASW,CE,Federal Contract Tower,0,0,0,25,25,0,2,10,29,41,0,2,10,54,66,0,124,124,190
06/12/2008,WDG,OK,ASW,CE,Federal Contract Tower,0,0,1,26,27,0,2,25,27,54,0,2,26,53,81,0,60,60,141
06/13/2008,WDG,OK,ASW,CE,Federal Contract Tower,0,1,2,17,20,0,1,43,21,65,0,2,45,38,85,2,38,40,125
06/14/2008,WDG,OK,ASW,CE,Federal Contract Tower,0,0,3,0,3,0,2,38,0,40,0,2,41,0,43,31,0,31,74
06/15/2008,WDG,OK,ASW,CE,Federal Contract Tower,0,0,1,4,5,0,0,22,10,32,0,0,23,14,37,16,14,30,67
06/16/2008,WDG,OK,ASW,CE,Federal Contract Tower,0,1,1,10,12,0,1,9,10,20,0,2,10,20,32,0,6,6,38
06/17/2008,WDG,OK,ASW,CE,Federal Contract Tower,0,0,3,12,15,0,2,16,15,33,0,2,19,27,48,80,118,198,246
06/18/2008,WDG,OK,ASW,CE,Federal Contract Tower,0,0,0,13,13,0,2,30,14,46,0,2,30,27,59,6,80,86,145
06/19/2008,WDG,OK,ASW,CE,Federal Contract Tower,0,0,0,30,30,0,4,22,60,86,0,4,22,90,116,2,6,8,124
06/20/2008,WDG,OK,ASW,CE,Federal Contract Tower,0,1,0,6,7,0,3,32,10,45,0,4,32,16,52,22,0,22,74
06/21/2008,WDG,OK,ASW,CE,Federal Contract Tower,0,0,7,0,7,0,2,26,1,29,0,2,33,1,36,4,0,4,40
06/22/2008,WDG,OK,ASW,CE,Federal Contract Tower,0,0,2,12,14,0,0,19,15,34,0,0,21,27,48,63,0,63,111
06/23/2008,WDG,OK,ASW,CE,Federal Contract Tower,0,1,2,18,21,0,1,21,14,36,0,2,23,32,57,4,42,46,103
06/24/2008,WDG,OK,ASW,CE,Federal Contract Tower,0,0,1,4,5,0,2,25,8,35,0,2,26,12,40,13,24,37,77
06/25/2008,WDG,OK,ASW,CE,Federal Contract Tower,0,0,3,39,42,0,2,33,21,56,0,2,36,60,98,19,78,97,195
06/26/2008,WDG,OK,ASW,CE,Federal Contract Tower,0,0,1,9,10,0,2,24,11,37,0,2,25,20,47,2,8,10,57
06/27/2008,WDG,OK,ASW,CE,Federal Contract Tower,0,0,0,10,10,0,2,24,18,44,0,2,24,28,54,7,34,41,95
06/28/2008,WDG,OK,ASW,CE,Federal Contract Tower,0,0,0,0,0,0,2,48,0,50,0,2,48,0,50,26,0,26,76
06/29/2008,WDG,OK,ASW,CE,Federal Contract Tower,0,0,1,16,17,0,0,16,18,34,0,0,17,34,51,36,0,36,87
06/30/2008,WDG,OK,ASW,CE,Federal Contract Tower,0,1,3,12,16,0,1,23,15,39,0,2,26,27,55,54,24,78,133
07/01/2008,WDG,OK,ASW,CE,Federal Contract Tower,0,1,4,8,13,0,1,26,10,37,0,2,30,18,50,0,30,30,80
07/02/2008,WDG,OK,ASW,CE,Federal Contract Tower,0,2,2,23,27,0,0,26,23,49,0,2,28,46,76,0,14,14,90
07/03/2008,WDG,OK,ASW,CE,Federal Contract Tower,0,2,13,18,33,0,0,27,27,54,0,2,40,45,87,12,57,69,156
07/04/2008,WDG,OK,ASW,CE,Federal Contract Tower,0,0,0,0,0,0,0,22,0,22,0,0,22,0,22,0,0,0,22
07/05/2008,WDG,OK,ASW,CE,Federal Contract Tower,0,2,10,4,16,0,0,21,0,21,0,2,31,4,37,2,6,8,45
07/06/2008,WDG,OK,ASW,CE,Federal Contract Tower,0,0,18,0,18,0,0,20,0,20,0,0,38,0,38,28,0,28,66
07/07/2008,WDG,OK,ASW,CE,Federal Contract Tower,0,2,9,2,13,0,0,32,0,32,0,2,41,2,45,0,4,4,49
07/08/2008,WDG,OK,ASW,CE,Federal Contract Tower,0,2,10,38,50,0,0,9,10,19,0,2,19,48,69,0,72,72,141
07/09/2008,WDG,OK,ASW,CE,Federal Contract Tower,0,2,10,94,106,0,0,2,0,2,0,2,12,94,108,26,0,26,134
07/10/2008,WDG,OK,ASW,CE,Federal Contract Tower,0,2,7,50,59,0,0,17,12,29,0,2,24,62,88,20,40,60,148
07/11/2008,WDG,OK,ASW,CE,Federal Contract Tower,0,2,6,76,84,0,0,18,5,23,0,2,24,81,107,6,82,88,195
07/12/2008,WDG,OK,ASW,CE,Federal Contract Tower,0,2,1,4,7,0,0,17,2,19,0,2,18,6,26,23,20,43,69
07/13/2008,WDG,OK,ASW,CE,Federal Contract Tower,0,0,8,7,15,0,0,8,2,10,0,0,16,9,25,14,4,18,43
07/14/2008,WDG,OK,ASW,CE,Federal Contract Tower,0,2,5,35,42,0,0,18,7,25,0,2,23,42,67,0,68,68,135
07/15/2008,WDG,OK,ASW,CE,Federal Contract Tower,0,2,7,34,43,0,0,25,12,37,0,2,32,46,80,2,0,2,82
07/16/2008,WDG,OK,ASW,CE,Federal Contract Tower,0,2,5,48,55,0,0,12,4,16,0,2,17,52,71,20,140,160,231
07/17/2008,WDG,OK,ASW,CE,Federal Contract Tower,0,1,7,33,41,0,1,23,5,29,0,2,30,38,70,0,48,48,118
07/18/2008,WDG,OK,ASW,CE,Federal Contract Tower,0,2,7,44,53,0,0,19,8,27,0,2,26,52,80,14,0,14,94
07/19/2008,WDG,OK,ASW,CE,Federal Contract Tower,0,0,2,0,2,0,2,33,0,35,0,2,35,0,37,29,0,29,66
07/20/2008,WDG,OK,ASW,CE,Federal Contract Tower,0,0,3,5,8,0,0,21,0,21,0,0,24,5,29,34,12,46,75
07/21/2008,WDG,OK,ASW,CE,Federal Contract Tower,0,2,1,43,46,0,0,20,11,31,0,2,21,54,77,10,40,50,127
07/22/2008,WDG,OK,ASW,CE,Federal Contract Tower,0,2,15,42,59,0,0,20,1,21,0,2,35,43,80,2,20,22,102
07/23/2008,WDG,OK,ASW,CE,Federal Contract Tower,0,2,8,47,57,0,0,29,0,29,0,2,37,47,86,4,14,18,104
07/24/2008,WDG,OK,ASW,CE,Federal Contract Tower,0,2,8,26,36,0,0,29,2,31,0,2,37,28,67,3,2,5,72
07/25/2008,WDG,OK,ASW,CE,Federal Contract Tower,0,2,9,33,44,0,0,24,7,31,0,2,33,40,75,13,14,27,102
07/26/2008,WDG,OK,ASW,CE,Federal Contract Tower,0,2,0,2,4,0,0,52,0,52,0,2,52,2,56,137,18,155,211
07/27/2008,WDG,OK,ASW,CE,Federal Contract Tower,0,0,1,22,23,0,0,16,0,16,0,0,17,22,39,14,2,16,55
07/28/2008,WDG,OK,ASW,CE,Federal Contract Tower,0,2,8,59,69,0,0,25,13,38,0,2,33,72,107,4,4,8,115
07/29/2008,WDG,OK,ASW,CE,Federal Contract Tower,0,2,4,56,62,0,0,10,0,10,0,2,14,56,72,0,0,0,72
07/30/2008,WDG,OK,ASW,CE,Federal Contract Tower,0,2,13,90,105,0,0,9,2,11,0,2,22,92,116,0,11,11,127
07/31/2008,WDG,OK,ASW,CE,Federal Contract Tower,0,2,6,54,62,0,0,12,2,14,0,2,18,56,76,0,0,0,76
08/01/2008,WDG,OK,ASW,CE,Federal Contract Tower,0,2,7,24,33,0,0,11,2,13,0,2,18,26,46,0,18,18,64
08/02/2008,WDG,OK,ASW,CE,Federal Contract Tower,0,2,8,2,12,0,0,6,2,8,0,2,14,4,20,0,6,6,26
08/03/2008,WDG,OK,ASW,CE,Federal Contract Tower,0,0,7,28,35,0,0,14,0,14,0,0,21,28,49,4,8,12,61
08/04/2008,WDG,OK,ASW,CE,Federal Contract Tower,0,2,5,61,68,0,0,20,31,51,0,2,25,92,119,4,2,6,125
08/05/2008,WDG,OK,ASW,CE,Federal Contract Tower,2,0,10,64,76,0,0,23,6,29,2,0,33,70,105,0,0,0,105
08/06/2008,WDG,OK,ASW,CE,Federal Contract Tower,0,2,1,40,43,0,0,25,4,29,0,2,26,44,72,2,0,2,74
08/07/2008,WDG,OK,ASW,CE,Federal Contract Tower,0,2,7,90,99,0,0,12,2,14,0,2,19,92,113,0,0,0,113
08/08/2008,WDG,OK,ASW,CE,Federal Contract Tower,0,2,8,16,26,0,0,19,10,29,0,2,27,26,55,4,38,42,97
08/09/2008,WDG,OK,ASW,CE,Federal Contract Tower,0,2,2,0,4,0,0,12,0,12,0,2,14,0,16,0,0,0,16
08/10/2008,WDG,OK,ASW,CE,Federal Contract Tower,0,0,5,5,10,0,0,4,5,9,0,0,9,10,19,6,0,6,25
08/11/2008,WDG,OK,ASW,CE,Federal Contract Tower,0,2,5,63,70,0,0,0,0,0,0,2,5,63,70,0,0,0,70
08/12/2008,WDG,OK,ASW,CE,Federal Contract Tower,0,2,9,4,15,0,0,25,1,26,0,2,34,5,41,14,24,38,79
08/13/2008,WDG,OK,ASW,CE,Federal Contract Tower,0,2,9,19,30,0,0,17,21,38,0,2,26,40,68,2,10,12,80
08/14/2008,WDG,OK,ASW,CE,Federal Contract Tower,0,2,9,46,57,0,0,12,0,12,0,2,21,46,69,0,32,32,101
08/15/2008,WDG,OK,ASW,CE,Federal Contract Tower,0,2,5,18,25,0,0,7,2,9,0,2,12,20,34,0,0,0,34
08/16/2008,WDG,OK,ASW,CE,Federal Contract Tower,0,2,8,3,13,0,0,16,0,16,0,2,24,3,29,30,6,36,65
08/17/2008,WDG,OK,ASW,CE,Federal Contract Tower,0,0,2,13,15,0,0,6,14,20,0,0,8,27,35,6,0,6,41
08/18/2008,WDG,OK,ASW,CE,Federal Contract Tower,0,2,2,36,40,0,0,10,18,28,0,2,12,54,68,0,24,24,92
08/19/2008,WDG,OK,ASW,CE,Federal Contract Tower,0,2,9,38,49,0,0,6,8,14,0,2,15,46,63,8,0,8,71
08/20/2008,WDG,OK,ASW,CE,Federal Contract Tower,0,2,14,50,66,0,0,5,0,5,0,2,19,50,71,0,0,0,71
08/21/2008,WDG,OK,ASW,CE,Federal Contract Tower,0,2,17,0,19,0,0,12,48,60,0,2,29,48,79,8,28,36,115
08/22/2008,WDG,OK,ASW,CE,Federal Contract Tower,0,2,7,16,25,0,0,23,10,33,0,2,30,26,58,0,0,0,58
08/23/2008,WDG,OK,ASW,CE,Federal Contract Tower,0,2,5,0,7,0,0,30,0,30,0,2,35,0,37,26,0,26,63
08/24/2008,WDG,OK,ASW,CE,Federal Contract Tower,0,0,6,4,10,0,0,18,0,18,0,0,24,4,28,27,0,27,55
08/25/2008,WDG,OK,ASW,CE,Federal Contract Tower,0,2,2,29,33,0,0,19,15,34,0,2,21,44,67,6,16,22,89
08/26/2008,WDG,OK,ASW,CE,Federal Contract Tower,0,2,10,28,40,0,0,25,20,45,0,2,35,48,85,2,82,84,169
08/27/2008,WDG,OK,ASW,CE,Federal Contract Tower,0,2,9,55,66,0,0,21,7,28,0,2,30,62,94,12,0,12,106
08/28/2008,WDG,OK,ASW,CE,Federal Contract Tower,0,2,5,21,28,0,0,13,2,15,0,2,18,23,43,44,28,72,115
08/29/2008,WDG,OK,ASW,CE,Federal Contract Tower,0,2,14,14,30,0,0,21,2,23,0,2,35,16,53,8,0,8,61
08/30/2008,WDG,OK,ASW,CE,Federal Contract Tower,0,4,3,1,8,0,0,22,0,22,0,4,25,1,30,16,0,16,46
08/31/2008,WDG,OK,ASW,CE,Federal Contract Tower,0,0,3,0,3,0,0,6,0,6,0,0,9,0,9,4,0,4,13
09/01/2008,WDG,OK,ASW,CE,Federal Contract Tower,0,0,11,0,11,0,0,19,0,19,0,0,30,0,30,10,0,10,40
09/02/2008,WDG,OK,ASW,CE,Federal Contract Tower,0,3,5,32,40,0,0,14,0,14,0,3,19,32,54,0,0,0,54
09/03/2008,WDG,OK,ASW,CE,Federal Contract Tower,0,2,5,64,71,0,0,1,3,4,0,2,6,67,75,0,12,12,87
09/04/2008,WDG,OK,ASW,CE,Federal Contract Tower,0,2,7,13,22,0,0,9,6,15,0,2,16,19,37,12,6,18,55
09/05/2008,WDG,OK,ASW,CE,Federal Contract Tower,0,0,7,5,12,0,2,15,1,18,0,2,22,6,30,22,30,52,82
09/06/2008,WDG,OK,ASW,CE,Federal Contract Tower,0,2,4,2,8,0,0,8,1,9,0,2,12,3,17,32,12,44,61
09/07/2008,WDG,OK,ASW,CE,Federal Contract Tower,0,0,8,11,19,0,0,17,8,25,0,0,25,19,44,43,41,84,128
09/08/2008,WDG,OK,ASW,CE,Federal Contract Tower,0,2,6,41,49,0,0,19,24,43,0,2,25,65,92,19,58,77,169
09/09/2008,WDG,OK,ASW,CE,Federal Contract Tower,0,2,15,50,67,0,0,10,5,15,0,2,25,55,82,33,44,77,159
09/10/2008,WDG,OK,ASW,CE,Federal Contract Tower,0,2,6,32,40,0,0,0,0,0,0,2,6,32,40,8,0,8,48
09/11/2008,WDG,OK,ASW,CE,Federal Contract Tower,0,0,8,2,10,0,0,0,0,0,0,0,8,2,10,0,0,0,10
09/12/2008,WDG,OK,ASW,CE,Federal Contract Tower,0,2,5,28,35,0,0,5,19,24,0,2,10,47,59,0,158,158,217
09/13/2008,WDG,OK,ASW,CE,Federal Contract Tower,0,2,2,3,7,0,0,0,1,1,0,2,2,4,8,0,0,0,8
09/14/2008,WDG,OK,ASW,CE,Federal Contract Tower,0,0,2,11,13,0,0,11,8,19,0,0,13,19,32,10,0,10,42
09/15/2008,WDG,OK,ASW,CE,Federal Contract Tower,0,2,2,25,29,0,0,24,14,38,0,2,26,39,67,18,84,102,169
09/16/2008,WDG,OK,ASW,CE,Federal Contract Tower,0,2,4,24,30,0,0,19,5,24,0,2,23,29,54,9,36,45,99
09/17/2008,WDG,OK,ASW,CE,Federal Contract Tower,0,2,10,16,28,0,0,17,10,27,0,2,27,26,55,7,82,89,144
09/18/2008,WDG,OK,ASW,CE,Federal Contract Tower,0,2,6,14,22,0,0,30,12,42,0,2,36,26,64,45,80,125,189
09/19/2008,WDG,OK,ASW,CE,Federal Contract Tower,0,2,11,8,21,0,0,23,2,25,0,2,34,10,46,50,14,64,110
09/20/2008,WDG,OK,ASW,CE,Federal Contract Tower,0,2,2,0,4,0,0,0,0,0,0,2,2,0,4,50,0,50,54
09/21/2008,WDG,OK,ASW,CE,Federal Contract Tower,0,0,3,4,7,0,0,21,3,24,0,0,24,7,31,22,0,22,53
09/22/2008,WDG,OK,ASW,CE,Federal Contract Tower,0,2,5,16,23,0,0,14,6,20,0,2,19,22,43,10,22,32,75
09/23/2008,WDG,OK,ASW,CE,Federal Contract Tower,0,2,12,36,50,0,0,35,6,41,0,2,47,42,91,37,6,43,134
09/24/2008,WDG,OK,ASW,CE,Federal Contract Tower,0,2,6,34,42,0,0,18,4,22,0,2,24,38,64,2,14,16,80
09/25/2008,WDG,OK,ASW,CE,Federal Contract Tower,0,2,6,24,32,0,0,0,0,0,0,2,6,24,32,20,0,20,52
09/26/2008,WDG,OK,ASW,CE,Federal Contract Tower,0,2,7,20,29,0,0,12,2,14,0,2,19,22,43,0,22,22,65
09/27/2008,WDG,OK,ASW,CE,Federal Contract Tower,0,2,5,0,7,0,0,10,0,10,0,2,15,0,17,6,0,6,23
09/28/2008,WDG,OK,ASW,CE,Federal Contract Tower,0,0,8,3,11,0,0,17,1,18,0,0,25,4,29,6,0,6,35
09/29/2008,WDG,OK,ASW,CE,Federal Contract Tower,0,2,2,23,27,0,0,11,15,26,0,2,13,38,53,28,22,50,103
09/30/2008,WDG,OK,ASW,CE,Federal Contract Tower,0,2,6,32,40,0,0,31,8,39,0,2,37,40,79,23,14,37,116
10/01/2008,WDG,OK,ASW,CE,Federal Contract Tower,0,2,10,27,39,0,0,28,1,29,0,2,38,28,68,8,0,8,76
10/02/2008,WDG,OK,ASW,CE,Federal Contract Tower,0,2,3,17,22,0,0,44,12,56,0,2,47,29,78,4,11,15,93
10/03/2008,WDG,OK,ASW,CE,Federal Contract Tower,0,2,4,9,15,0,0,25,0,25,0,2,29,9,40,2,0,2,42
10/04/2008,WDG,OK,ASW,CE,Federal Contract Tower,0,2,3,1,6,0,0,25,0,25,0,2,28,1,31,0,0,0,31
10/05/2008,WDG,OK,ASW,CE,Federal Contract Tower,0,0,3,2,5,0,0,5,4,9,0,0,8,6,14,6,2,8,22
10/06/2008,WDG,OK,ASW,CE,Federal Contract Tower,0,2,7,54,63,0,0,2,8,10,0,2,9,62,73,13,24,37,110
10/07/2008,WDG,OK,ASW,CE,Federal Contract Tower,0,2,17,45,64,0,0,27,5,32,0,2,44,50,96,11,10,21,117
10/08/2008,WDG,OK,ASW,CE,Federal Contract Tower,0,2,7,50,59,0,0,24,2,26,0,2,31,52,85,16,44,60,145
10/09/2008,WDG,OK,ASW,CE,Federal Contract Tower,0,2,19,24,45,0,0,26,8,34,0,2,45,32,79,0,36,36,115
10/10/2008,WDG,OK,ASW,CE,Federal Contract Tower,0,2,11,24,37,0,0,20,3,23,0,2,31,27,60,0,6,6,66
10/11/2008,WDG,OK,ASW,CE,Federal Contract Tower,0,2,5,2,9,0,0,22,1,23,0,2,27,3,32,37,4,41,73
10/12/2008,WDG,OK,ASW,CE,Federal Contract Tower,0,0,7,2,9,0,0,7,0,7,0,0,14,2,16,0,4,4,20
10/13/2008,WDG,OK,ASW,CE,Federal Contract Tower,0,2,4,3,9,0,0,2,0,2,0,2,6,3,11,0,0,0,11
10/14/2008,WDG,OK,ASW,CE,Federal Contract Tower,0,0,3,1,4,0,0,0,0,0,0,0,3,1,4,0,0,0,4
10/15/2008,WDG,OK,ASW,CE,Federal Contract Tower,0,2,5,65,72,0,0,1,0,1,0,2,6,65,73,2,0,2,75
10/16/2008,WDG,OK,ASW,CE,Federal Contract Tower,0,2,9,26,37,0,0,22,6,28,0,2,31,32,65,12,50,62,127
10/17/2008,WDG,OK,ASW,CE,Federal Contract Tower,0,2,3,20,25,0,0,35,2,37,0,2,38,22,62,27,18,45,107
10/18/2008,WDG,OK,ASW,CE,Federal Contract Tower,0,0,4,0,4,0,2,22,0,24,0,2,26,0,28,6,0,6,34
10/19/2008,WDG,OK,ASW,CE,Federal Contract Tower,0,0,10,4,14,0,0,10,3,13,0,0,20,7,27,0,0,0,27
10/20/2008,WDG,OK,ASW,CE,Federal Contract Tower,0,3,4,20,27,0,0,15,29,44,0,3,19,49,71,12,166,178,249
10/21/2008,WDG,OK,ASW,CE,Federal Contract Tower,0,2,9,46,57,0,0,20,24,44,0,2,29,70,101,9,36,45,146
10/22/2008,WDG,OK,ASW,CE,Federal Contract Tower,0,2,3,0,5,0,0,2,0,2,0,2,5,0,7,0,0,0,7
10/23/2008,WDG,OK,ASW,CE,Federal Contract Tower,0,2,5,8,15,0,0,4,0,4,0,2,9,8,19,0,0,0,19
10/24/2008,WDG,OK,ASW,CE,Federal Contract Tower,0,2,9,48,59,0,0,16,16,32,0,2,25,64,91,16,54,70,161
10/25/2008,WDG,OK,ASW,CE,Federal Contract Tower,0,0,4,1,5,0,2,32,0,34,0,2,36,1,39,13,0,13,52
10/26/2008,WDG,OK,ASW,CE,Federal Contract Tower,0,0,2,4,6,0,0,17,4,21,0,0,19,8,27,8,0,8,35
10/27/2008,WDG,OK,ASW,CE,Federal Contract Tower,0,2,0,28,30,0,0,15,22,37,0,2,15,50,67,18,44,62,129
10/28/2008,WDG,OK,ASW,CE,Federal Contract Tower,0,2,4,39,45,0,0,27,3,30,0,2,31,42,75,39,38,77,152
10/29/2008,WDG,OK,ASW,CE,Federal Contract Tower,0,1,5,27,33,0,1,25,17,43,0,2,30,44,76,31,40,71,147
10/30/2008,WDG,OK,ASW,CE,Federal Contract Tower,0,2,10,56,68,0,0,14,2,16,0,2,24,58,84,0,32,32,116
10/31/2008,WDG,OK,ASW,CE,Federal Contract Tower,0,2,3,16,21,0,0,15,12,27,0,2,18,28,48,0,44,44,92
11/01/2008,WDG,OK,ASW,CE,Federal Contract Tower,0,2,4,0,6,0,0,34,0,34,0,2,38,0,40,28,0,28,68
11/02/2008,WDG,OK,ASW,CE,Federal Contract Tower,0,0,5,0,5,0,0,15,0,15,0,0,20,0,20,20,0,20,40
11/03/2008,WDG,OK,ASW,CE,Federal Contract Tower,0,2,2,22,26,0,0,13,27,40,0,2,15,49,66,0,16,16,82
11/04/2008,WDG,OK,ASW,CE,Federal Contract Tower,0,3,5,32,40,0,0,10,4,14,0,3,15,36,54,2,30,32,86
11/05/2008,WDG,OK,ASW,CE,Federal Contract Tower,0,2,3,42,47,0,0,1,0,1,0,2,4,42,48,0,0,0,48
11/06/2008,WDG,OK,ASW,CE,Federal Contract Tower,0,2,5,22,29,0,0,11,0,11,0,2,16,22,40,0,0,0,40
11/07/2008,WDG,OK,ASW,CE,Federal Contract Tower,0,2,7,13,22,0,0,17,7,24,0,2,24,20,46,0,0,0,46
11/08/2008,WDG,OK,ASW,CE,Federal Contract Tower,0,2,3,0,5,0,0,34,0,34,0,2,37,0,39,14,0,14,53
11/09/2008,WDG,OK,ASW,CE,Federal Contract Tower,0,0,5,7,12,0,0,23,7,30,0,0,28,14,42,0,0,0,42
11/10/2008,WDG,OK,ASW,CE,Federal Contract Tower,0,2,3,0,5,0,0,0,1,1,0,2,3,1,6,0,0,0,6
11/11/2008,WDG,OK,ASW,CE,Federal Contract Tower,0,2,5,0,7,0,0,9,0,9,0,2,14,0,16,32,0,32,48
11/12/2008,WDG,OK,ASW,CE,Federal Contract Tower,0,2,6,34,42,0,0,15,8,23,0,2,21,42,65,4,92,96,161
11/13/2008,WDG,OK,ASW,CE,Federal Contract Tower,0,2,4,50,56,0,0,21,12,33,0,2,25,62,89,10,164,174,263
11/14/2008,WDG,OK,ASW,CE,Federal Contract Tower,0,2,9,36,47,0,0,6,22,28,0,2,15,58,75,0,40,40,115
11/15/2008,WDG,OK,ASW,CE,Federal Contract Tower,0,1,4,0,5,0,1,22,0,23,0,2,26,0,28,10,0,10,38
11/16/2008,WDG,OK,ASW,CE,Federal Contract Tower,0,0,1,4,5,0,0,25,3,28,0,0,26,7,33,36,0,36,69
11/17/2008,WDG,OK,ASW,CE,Federal Contract Tower,0,2,14,24,40,0,0,27,15,42,0,2,41,39,82,36,58,94,176
11/18/2008,WDG,OK,ASW,CE,Federal Contract Tower,0,2,0,46,48,0,0,25,3,28,0,2,25,49,76,28,80,108,184
11/19/2008,WDG,OK,ASW,CE,Federal Contract Tower,0,2,3,50,55,0,0,19,16,35,0,2,22,66,90,12,44,56,146
11/20/2008,WDG,OK,ASW,CE,Federal Contract Tower,0,2,7,33,42,0,0,9,10,19,0,2,16,43,61,0,82,82,143
11/21/2008,WDG,OK,ASW,CE,Federal Contract Tower,0,2,11,1,14,0,0,14,1,15,0,2,25,2,29,0,2,2,31
11/22/2008,WDG,OK,ASW,CE,Federal Contract Tower,0,2,0,2,4,0,0,24,0,24,0,2,24,2,28,15,0,15,43
11/23/2008,WDG,OK,ASW,CE,Federal Contract Tower,0,0,4,10,14,0,0,14,3,17,0,0,18,13,31,14,4,18,49
11/24/2008,WDG,OK,ASW,CE,Federal Contract Tower,0,2,0,42,44,0,0,13,27,40,0,2,13,69,84,19,60,79,163
11/25/2008,WDG,OK,ASW,CE,Federal Contract Tower,0,2,12,46,60,0,0,14,15,29,0,2,26,61,89,35,52,87,176
11/26/2008,WDG,OK,ASW,CE,Federal Contract Tower,0,2,6,36,44,0,0,20,4,24,0,2,26,40,68,8,14,22,90
11/27/2008,WDG,OK,ASW,CE,Federal Contract Tower,0,0,1,0,1,0,0,17,0,17,0,0,18,0,18,0,0,0,18
11/28/2008,WDG,OK,ASW,CE,Federal Contract Tower,0,2,2,0,4,0,0,5,0,5,0,2,7,0,9,6,0,6,15
11/29/2008,WDG,OK,ASW,CE,Federal Contract Tower,0,2,5,0,7,0,0,8,0,8,0,2,13,0,15,6,0,6,21
11/30/2008,WDG,OK,ASW,CE,Federal Contract Tower,0,0,5,0,5,0,0,1,0,1,0,0,6,0,6,0,0,0,6
12/01/2008,WDG,OK,ASW,CE,Federal Contract Tower,0,2,3,41,46,0,0,11,21,32,0,2,14,62,78,0,58,58,136
12/02/2008,WDG,OK,ASW,CE,Federal Contract Tower,0,2,3,38,43,0,0,10,21,31,0,2,13,59,74,6,34,40,114
12/03/2008,WDG,OK,ASW,CE,Federal Contract Tower,0,2,7,16,25,0,0,1,0,1,0,2,8,16,26,0,0,0,26
12/04/2008,WDG,OK,ASW,CE,Federal Contract Tower,0,2,8,67,77,0,0,22,7,29,0,2,30,74,106,28,16,44,150
12/05/2008,WDG,OK,ASW,CE,Federal Contract Tower,0,2,6,38,46,0,0,24,11,35,0,2,30,49,81,0,32,32,113
12/06/2008,WDG,OK,ASW,CE,Federal Contract Tower,0,1,10,3,14,0,1,13,2,16,0,2,23,5,30,18,0,18,48
12/07/2008,WDG,OK,ASW,CE,Federal Contract Tower,0,0,5,6,11,0,0,8,6,14,0,0,13,12,25,2,0,2,27
12/08/2008,WDG,OK,ASW,CE,Federal Contract Tower,0,2,6,35,43,0,0,2,0,2,0,2,8,35,45,0,13,13,58
12/09/2008,WDG,OK,ASW,CE,Federal Contract Tower,0,2,2,0,4,0,0,0,0,0,0,2,2,0,4,0,0,0,4
12/10/2008,WDG,OK,ASW,CE,Federal Contract Tower,0,2,10,5,17,0,0,4,0,4,0,2,14,5,21,32,0,32,53
12/11/2008,WDG,OK,ASW,CE,Federal Contract Tower,0,2,4,64,70,0,0,13,6,19,0,2,17,70,89,0,32,32,121
12/12/2008,WDG,OK,ASW,CE,Federal Contract Tower,0,2,3,38,43,0,0,17,20,37,0,2,20,58,80,69,34,103,183
12/13/2008,WDG,OK,ASW,CE,Federal Contract Tower,0,2,2,1,5,0,0,4,0,4,0,2,6,1,9,0,0,0,9
12/14/2008,WDG,OK,ASW,CE,Federal Contract Tower,0,0,1,7,8,0,0,6,2,8,0,0,7,9,16,0,6,6,22
12/15/2008,WDG,OK,ASW,CE,Federal Contract Tower,0,2,4,34,40,0,0,7,21,28,0,2,11,55,68,0,46,46,114
12/16/2008,WDG,OK,ASW,CE,Federal Contract Tower,0,2,0,0,2,0,0,0,0,0,0,2,0,0,2,0,0,0,2
12/17/2008,WDG,OK,ASW,CE,Federal Contract Tower,0,2,3,0,5,0,0,0,0,0,0,2,3,0,5,0,0,0,5
12/18/2008,WDG,OK,ASW,CE,Federal Contract Tower,0,0,0,0,0,0,0,0,0,0,0,0,0,0,0,0,0,0,0
12/19/2008,WDG,OK,ASW,CE,Federal Contract Tower,0,2,12,45,59,0,0,29,24,53,0,2,41,69,112,17,79,96,208
12/20/2008,WDG,OK,ASW,CE,Federal Contract Tower,0,2,2,7,11,0,0,8,4,12,0,2,10,11,23,22,4,26,49
12/21/2008,WDG,OK,ASW,CE,Federal Contract Tower,0,0,3,14,17,0,0,17,1,18,0,0,20,15,35,22,0,22,57
12/22/2008,WDG,OK,ASW,CE,Federal Contract Tower,0,2,4,27,33,0,0,8,9,17,0,2,12,36,50,14,6,20,70
12/23/2008,WDG,OK,ASW,CE,Federal Contract Tower,0,2,0,0,2,0,0,1,0,1,0,2,1,0,3,0,0,0,3
12/24/2008,WDG,OK,ASW,CE,Federal Contract Tower,0,2,4,0,6,0,0,11,0,11,0,2,15,0,17,22,0,22,39
12/25/2008,WDG,OK,ASW,CE,Federal Contract Tower,0,0,1,0,1,0,0,9,0,9,0,0,10,0,10,12,0,12,22
12/26/2008,WDG,OK,ASW,CE,Federal Contract Tower,0,2,6,0,8,0,0,6,0,6,0,2,12,0,14,0,0,0,14
12/27/2008,WDG,OK,ASW,CE,Federal Contract Tower,0,2,4,0,6,0,0,7,0,7,0,2,11,0,13,2,0,2,15
12/28/2008,WDG,OK,ASW,CE,Federal Contract Tower,0,0,5,0,5,0,0,14,0,14,0,0,19,0,19,10,0,10,29
12/29/2008,WDG,OK,ASW,CE,Federal Contract Tower,0,2,3,0,5,0,0,14,0,14,0,2,17,0,19,10,0,10,29
12/30/2008,WDG,OK,ASW,CE,Federal Contract Tower,0,2,12,0,14,0,0,32,0,32,0,2,44,0,46,14,0,14,60
12/31/2008,WDG,OK,ASW,CE,Federal Contract Tower,0,2,6,0,8,0,0,18,0,18,0,2,24,0,26,16,0,16,42
01/01/2009,WDG,OK,ASW,CE,Federal Contract Tower,0,0,2,0,2,0,0,21,0,21,0,0,23,0,23,39,0,39,62
01/02/2009,WDG,OK,ASW,CE,Federal Contract Tower,0,2,10,0,12,0,0,13,0,13,0,2,23,0,25,7,2,9,34
01/03/2009,WDG,OK,ASW,CE,Federal Contract Tower,0,2,3,0,5,0,0,28,0,28,0,2,31,0,33,20,0,20,53
01/04/2009,WDG,OK,ASW,CE,Federal Contract Tower,0,0,1,0,1,0,0,4,0,4,0,0,5,0,5,0,0,0,5
01/05/2009,WDG,OK,ASW,CE,Federal Contract Tower,0,2,6,38,46,0,0,11,7,18,0,2,17,45,64,0,46,46,110
01/06/2009,WDG,OK,ASW,CE,Federal Contract Tower,0,2,2,39,43,0,0,9,41,50,0,2,11,80,93,6,68,74,167
01/07/2009,WDG,OK,ASW,CE,Federal Contract Tower,0,2,5,15,22,0,0,13,17,30,0,2,18,32,52,15,42,57,109
01/08/2009,WDG,OK,ASW,CE,Federal Contract Tower,0,2,7,7,16,0,0,13,12,25,0,2,20,19,41,45,34,79,120
01/09/2009,WDG,OK,ASW,CE,Federal Contract Tower,0,2,6,0,8,0,0,13,0,13,0,2,19,0,21,44,0,44,65
01/10/2009,WDG,OK,ASW,CE,Federal Contract Tower,0,1,1,0,2,0,1,16,0,17,0,2,17,0,19,54,0,54,73
01/11/2009,WDG,OK,ASW,CE,Federal Contract Tower,0,0,4,0,4,0,0,35,0,35,0,0,39,0,39,36,0,36,75
01/12/2009,WDG,OK,ASW,CE,Federal Contract Tower,0,2,3,38,43,0,0,15,45,60,0,2,18,83,103,24,62,86,189
01/13/2009,WDG,OK,ASW,CE,Federal Contract Tower,0,2,8,66,76,0,0,25,32,57,0,2,33,98,133,7,30,37,170
01/14/2009,WDG,OK,ASW,CE,Federal Contract Tower,0,2,1,38,41,0,0,7,50,57,0,2,8,88,98,2,68,70,168
01/15/2009,WDG,OK,ASW,CE,Federal Contract Tower,0,2,8,32,42,0,0,4,36,40,0,2,12,68,82,66,34,100,182
01/16/2009,WDG,OK,ASW,CE,Federal Contract Tower,0,2,1,18,21,0,0,8,18,26,0,2,9,36,47,4,28,32,79
01/17/2009,WDG,OK,ASW,CE,Federal Contract Tower,0,2,5,0,7,0,0,16,0,16,0,2,21,0,23,45,0,45,68
01/18/2009,WDG,OK,ASW,CE,Federal Contract Tower,0,0,2,0,2,0,0,25,0,25,0,0,27,0,27,69,0,69,96
01/19/2009,WDG,OK,ASW,CE,Federal Contract Tower,0,2,0,0,2,0,0,26,1,27,0,2,26,1,29,28,0,28,57
01/20/2009,WDG,OK,ASW,CE,Federal Contract Tower,0,2,3,18,23,0,0,12,17,29,0,2,15,35,52,14,14,28,80
01/21/2009,WDG,OK,ASW,CE,Federal Contract Tower,0,2,10,32,44,0,0,23,32,55,0,2,33,64,99,68,2,70,169
01/22/2009,WDG,OK,ASW,CE,Federal Contract Tower,0,0,1,26,27,0,2,12,34,48,0,2,13,60,75,8,58,66,141
01/23/2009,WDG,OK,ASW,CE,Federal Contract Tower,0,1,10,19,30,0,1,5,25,31,0,2,15,44,61,0,78,78,139
01/24/2009,WDG,OK,ASW,CE,Federal Contract Tower,0,0,0,9,9,0,2,20,5,27,0,2,20,14,36,64,17,81,117
01/25/2009,WDG,OK,ASW,CE,Federal Contract Tower,0,0,4,9,13,0,0,1,19,20,0,0,5,28,33,0,26,26,59
01/26/2009,WDG,OK,ASW,CE,Federal Contract Tower,0,0,1,0,1,0,0,0,0,0,0,0,1,0,1,0,0,0,1
01/27/2009,WDG,OK,ASW,CE,Federal Contract Tower,0,0,3,0,3,0,0,0,0,0,0,0,3,0,3,0,0,0,3
01/28/2009,WDG,OK,ASW,CE,Federal Contract Tower,0,2,4,0,6,0,0,4,0,4,0,2,8,0,10,0,0,0,10
01/29/2009,WDG,OK,ASW,CE,Federal Contract Tower,0,2,6,38,46,0,0,20,42,62,0,2,26,80,108,24,18,42,150
01/30/2009,WDG,OK,ASW,CE,Federal Contract Tower,0,1,8,24,33,0,1,27,22,50,0,2,35,46,83,34,48,82,165
01/31/2009,WDG,OK,ASW,CE,Federal Contract Tower,0,2,4,18,24,0,0,35,4,39,0,2,39,22,63,34,42,76,139
02/01/2009,WDG,OK,ASW,CE,Federal Contract Tower,0,0,0,13,13,0,0,7,10,17,0,0,7,23,30,0,10,10,40
02/02/2009,WDG,OK,ASW,CE,Federal Contract Tower,0,2,0,32,34,0,0,9,33,42,0,2,9,65,76,16,14,30,106
02/03/2009,WDG,OK,ASW,CE,Federal Contract Tower,0,2,4,49,55,0,0,21,50,71,0,2,25,99,126,33,24,57,183
02/04/2009,WDG,OK,ASW,CE,Federal Contract Tower,0,2,1,27,30,0,0,7,28,35,0,2,8,55,65,31,26,57,122
02/05/2009,WDG,OK,ASW,CE,Federal Contract Tower,0,0,3,22,25,0,2,28,29,59,0,2,31,51,84,51,52,103,187
02/06/2009,WDG,OK,ASW,CE,Federal Contract Tower,0,0,5,18,23,0,2,3,19,24,0,2,8,37,47,0,31,31,78
02/07/2009,WDG,OK,ASW,CE,Federal Contract Tower,0,0,3,0,3,0,2,32,0,34,0,2,35,0,37,114,0,114,151
02/08/2009,WDG,OK,ASW,CE,Federal Contract Tower,0,0,5,2,7,0,0,8,2,10,0,0,13,4,17,26,0,26,43
02/09/2009,WDG,OK,ASW,CE,Federal Contract Tower,0,0,0,37,37,0,2,3,37,42,0,2,3,74,79,0,0,0,79
02/10/2009,WDG,OK,ASW,CE,Federal Contract Tower,0,0,3,9,12,0,0,6,9,15,0,0,9,18,27,88,8,96,123
02/11/2009,WDG,OK,ASW,CE,Federal Contract Tower,0,0,6,27,33,0,2,11,26,39,0,2,17,53,72,0,8,8,80
02/12/2009,WDG,OK,ASW,CE,Federal Contract Tower,0,2,4,31,37,0,0,23,32,55,0,2,27,63,92,41,84,125,217
02/13/2009,WDG,OK,ASW,CE,Federal Contract Tower,0,2,4,5,11,0,0,18,5,23,0,2,22,10,34,0,0,0,34
02/14/2009,WDG,OK,ASW,CE,Federal Contract Tower,0,2,2,0,4,0,0,2,0,2,0,2,4,0,6,16,0,16,22
02/15/2009,WDG,OK,ASW,CE,Federal Contract Tower,0,0,0,0,0,0,0,37,0,37,0,0,37,0,37,0,0,0,37
02/16/2009,WDG,OK,ASW,CE,Federal Contract Tower,0,2,5,0,7,0,0,15,0,15,0,2,20,0,22,10,0,10,32
02/17/2009,WDG,OK,ASW,CE,Federal Contract Tower,0,2,2,22,26,0,0,2,22,24,0,2,4,44,50,0,18,18,68
02/18/2009,WDG,OK,ASW,CE,Federal Contract Tower,0,2,7,27,36,0,0,13,25,38,0,2,20,52,74,28,2,30,104
02/19/2009,WDG,OK,ASW,CE,Federal Contract Tower,0,2,5,35,42,0,0,22,37,59,0,2,27,72,101,0,52,52,153
02/20/2009,WDG,OK,ASW,CE,Federal Contract Tower,0,2,4,23,29,0,0,19,23,42,0,2,23,46,71,10,0,10,81
02/21/2009,WDG,OK,ASW,CE,Federal Contract Tower,0,2,2,0,4,0,0,18,0,18,0,2,20,0,22,43,0,43,65
02/22/2009,WDG,OK,ASW,CE,Federal Contract Tower,0,0,2,9,11,0,0,20,7,27,0,0,22,16,38,33,0,33,71
02/23/2009,WDG,OK,ASW,CE,Federal Contract Tower,0,2,9,33,44,0,0,14,38,52,0,2,23,71,96,0,68,68,164
02/24/2009,WDG,OK,ASW,CE,Federal Contract Tower,0,2,5,28,35,0,0,19,32,51,0,2,24,60,86,73,36,109,195
02/25/2009,WDG,OK,ASW,CE,Federal Contract Tower,0,2,8,35,45,0,0,11,35,46,0,2,19,70,91,8,8,16,107
02/26/2009,WDG,OK,ASW,CE,Federal Contract Tower,0,2,8,21,31,0,0,6,23,29,0,2,14,44,60,0,76,76,136
02/27/2009,WDG,OK,ASW,CE,Federal Contract Tower,0,2,8,19,29,0,0,16,20,36,0,2,24,39,65,6,48,54,119
02/28/2009,WDG,OK,ASW,CE,Federal Contract Tower,0,2,2,2,6,0,0,9,0,9,0,2,11,2,15,0,0,0,15
03/01/2009,WDG,OK,ASW,CE,Federal Contract Tower,0,0,2,15,17,0,0,19,16,35,0,0,21,31,52,32,0,32,84
03/02/2009,WDG,OK,ASW,CE,Federal Contract Tower,0,2,10,33,45,0,0,11,37,48,0,2,21,70,93,0,88,88,181
03/03/2009,WDG,OK,ASW,CE,Federal Contract Tower,0,2,1,25,28,0,0,12,31,43,0,2,13,56,71,0,75,75,146
03/04/2009,WDG,OK,ASW,CE,Federal Contract Tower,0,2,3,36,41,0,0,9,37,46,0,2,12,73,87,22,10,32,119
03/05/2009,WDG,OK,ASW,CE,Federal Contract Tower,0,2,6,24,32,0,0,13,26,39,0,2,19,50,71,25,32,57,128
03/06/2009,WDG,OK,ASW,CE,Federal Contract Tower,0,0,9,10,19,0,0,24,10,34,0,0,33,20,53,52,124,176,229
03/07/2009,WDG,OK,ASW,CE,Federal Contract Tower,0,2,2,0,4,0,0,18,4,22,0,2,20,4,26,3,0,3,29
03/08/2009,WDG,OK,ASW,CE,Federal Contract Tower,0,0,7,1,8,0,0,36,1,37,0,0,43,2,45,39,0,39,84
03/09/2009,WDG,OK,ASW,CE,Federal Contract Tower,0,1,7,27,35,0,1,9,27,37,0,2,16,54,72,0,8,8,80
03/10/2009,WDG,OK,ASW,CE,Federal Contract Tower,0,2,0,18,20,0,0,1,21,22,0,2,1,39,42,1,22,23,65
03/11/2009,WDG,OK,ASW,CE,Federal Contract Tower,0,2,7,24,33,0,0,8,26,34,0,2,15,50,67,17,24,41,108
03/12/2009,WDG,OK,ASW,CE,Federal Contract Tower,0,2,5,0,7,0,0,0,0,0,0,2,5,0,7,0,0,0,7
03/13/2009,WDG,OK,ASW,CE,Federal Contract Tower,0,0,6,9,15,0,0,1,11,12,0,0,7,20,27,0,0,0,27
03/14/2009,WDG,OK,ASW,CE,Federal Contract Tower,0,2,3,0,5,0,0,51,2,53,0,2,54,2,58,89,12,101,159
03/15/2009,WDG,OK,ASW,CE,Federal Contract Tower,0,0,3,3,6,0,0,28,1,29,0,0,31,4,35,20,0,20,55
03/16/2009,WDG,OK,ASW,CE,Federal Contract Tower,0,2,7,14,23,0,0,16,13,29,0,2,23,27,52,40,14,54,106
03/17/2009,WDG,OK,ASW,CE,Federal Contract Tower,0,2,1,20,23,0,0,20,20,40,0,2,21,40,63,0,4,4,67
03/18/2009,WDG,OK,ASW,CE,Federal Contract Tower,0,2,4,21,27,0,0,26,22,48,0,2,30,43,75,67,16,83,158
03/19/2009,WDG,OK,ASW,CE,Federal Contract Tower,0,2,3,21,26,0,0,6,21,27,0,2,9,42,53,0,0,0,53
03/20/2009,WDG,OK,ASW,CE,Federal Contract Tower,0,0,5,7,12,0,0,14,9,23,0,0,19,16,35,0,0,0,35
03/21/2009,WDG,OK,ASW,CE,Federal Contract Tower,0,2,5,5,12,0,0,42,9,51,0,2,47,14,63,14,6,20,83
03/22/2009,WDG,OK,ASW,CE,Federal Contract Tower,0,0,3,7,10,0,0,7,12,19,0,0,10,19,29,0,41,41,70
03/23/2009,WDG,OK,ASW,CE,Federal Contract Tower,0,0,1,0,1,0,0,5,0,5,0,0,6,0,6,0,0,0,6
03/24/2009,WDG,OK,ASW,CE,Federal Contract Tower,0,2,1,4,7,0,0,11,4,15,0,2,12,8,22,0,0,0,22
03/25/2009,WDG,OK,ASW,CE,Federal Contract Tower,0,2,5,14,21,0,0,16,15,31,0,2,21,29,52,28,13,41,93
03/26/2009,WDG,OK,ASW,CE,Federal Contract Tower,0,2,14,20,36,0,0,1,14,15,0,2,15,34,51,0,0,0,51
03/27/2009,WDG,OK,ASW,CE,Federal Contract Tower,0,0,0,0,0,0,0,0,0,0,0,0,0,0,0,0,0,0,0
03/28/2009,WDG,OK,ASW,CE,Federal Contract Tower,0,0,1,0,1,0,0,1,0,1,0,0,2,0,2,0,0,0,2
03/29/2009,WDG,OK,ASW,CE,Federal Contract Tower,0,0,3,0,3,0,0,35,0,35,0,0,38,0,38,4,0,4,42
03/30/2009,WDG,OK,ASW,CE,Federal Contract Tower,0,2,3,28,33,0,0,6,24,30,0,2,9,52,63,16,32,48,111
03/31/2009,WDG,OK,ASW,CE,Federal Contract Tower,0,2,5,6,13,0,2,22,21,45,0,4,27,27,58,7,4,11,69
04/01/2009,WDG,OK,ASW,CE,Federal Contract Tower,0,2,7,20,29,0,0,8,20,28,0,2,15,40,57,0,8,8,65
04/02/2009,WDG,OK,ASW,CE,Federal Contract Tower,0,2,8,16,26,0,0,2,18,20,0,2,10,34,46,0,0,0,46
04/03/2009,WDG,OK,ASW,CE,Federal Contract Tower,0,0,5,6,11,0,0,24,7,31,0,0,29,13,42,70,16,86,128
04/04/2009,WDG,OK,ASW,CE,Federal Contract Tower,0,1,2,0,3,0,1,9,2,12,0,2,11,2,15,0,14,14,29
04/05/2009,WDG,OK,ASW,CE,Federal Contract Tower,0,0,5,0,5,0,0,1,1,2,0,0,6,1,7,0,0,0,7
04/06/2009,WDG,OK,ASW,CE,Federal Contract Tower,0,2,4,29,35,0,0,10,35,45,0,2,14,64,80,0,4,4,84
04/07/2009,WDG,OK,ASW,CE,Federal Contract Tower,0,2,2,24,28,0,0,22,24,46,0,2,24,48,74,9,42,51,125
04/08/2009,WDG,OK,ASW,CE,Federal Contract Tower,0,2,9,23,34,0,0,34,31,65,0,2,43,54,99,26,82,108,207
04/09/2009,WDG,OK,ASW,CE,Federal Contract Tower,0,2,8,16,26,0,0,5,17,22,0,2,13,33,48,2,32,34,82
04/10/2009,WDG,OK,ASW,CE,Federal Contract Tower,0,0,3,12,15,0,0,15,12,27,0,0,18,24,42,2,0,2,44
04/11/2009,WDG,OK,ASW,CE,Federal Contract Tower,0,2,7,1,10,0,0,37,0,37,0,2,44,1,47,31,0,31,78
04/12/2009,WDG,OK,ASW,CE,Federal Contract Tower,0,0,4,0,4,0,0,0,0,0,0,0,4,0,4,0,0,0,4
04/13/2009,WDG,OK,ASW,CE,Federal Contract Tower,0,2,4,40,46,0,0,11,43,54,0,2,15,83,100,0,76,76,176
04/14/2009,WDG,OK,ASW,CE,Federal Contract Tower,0,2,5,19,26,0,0,20,23,43,0,2,25,42,69,4,51,55,124
04/15/2009,WDG,OK,ASW,CE,Federal Contract Tower,0,2,2,27,31,0,0,11,27,38,0,2,13,54,69,0,18,18,87
04/16/2009,WDG,OK,ASW,CE,Federal Contract Tower,0,2,8,19,29,0,0,11,24,35,0,2,19,43,64,4,71,75,139
04/17/2009,WDG,OK,ASW,CE,Federal Contract Tower,0,0,4,1,5,0,0,5,2,7,0,0,9,3,12,0,20,20,32
04/18/2009,WDG,OK,ASW,CE,Federal Contract Tower,0,2,1,1,4,0,0,18,0,18,0,2,19,1,22,28,0,28,50
04/19/2009,WDG,OK,ASW,CE,Federal Contract Tower,0,0,2,3,5,0,0,5,3,8,0,0,7,6,13,0,4,4,17
04/20/2009,WDG,OK,ASW,CE,Federal Contract Tower,0,2,10,45,57,0,0,27,49,76,0,2,37,94,133,22,172,194,327
04/21/2009,WDG,OK,ASW,CE,Federal Contract Tower,0,2,19,34,55,0,0,21,46,67,0,2,40,80,122,32,113,145,267
04/22/2009,WDG,OK,ASW,CE,Federal Contract Tower,0,3,4,50,57,0,0,31,56,87,0,3,35,106,144,33,62,95,239
04/23/2009,WDG,OK,ASW,CE,Federal Contract Tower,0,2,12,37,51,0,0,17,41,58,0,2,29,78,109,0,115,115,224
04/24/2009,WDG,OK,ASW,CE,Federal Contract Tower,0,0,7,19,26,0,0,12,21,33,0,0,19,40,59,0,8,8,67
04/25/2009,WDG,OK,ASW,CE,Federal Contract Tower,0,2,1,1,4,0,0,14,0,14,0,2,15,1,18,1,0,1,19
04/26/2009,WDG,OK,ASW,CE,Federal Contract Tower,0,0,4,2,6,0,0,10,3,13,0,0,14,5,19,0,6,6,25
04/27/2009,WDG,OK,ASW,CE,Federal Contract Tower,0,2,0,47,49,0,0,2,47,49,0,2,2,94,98,0,0,0,98
04/28/2009,WDG,OK,ASW,CE,Federal Contract Tower,0,2,10,40,52,0,0,2,40,42,0,2,12,80,94,0,0,0,94
04/29/2009,WDG,OK,ASW,CE,Federal Contract Tower,0,2,2,3,7,0,0,0,2,2,0,2,2,5,9,0,0,0,9
04/30/2009,WDG,OK,ASW,CE,Federal Contract Tower,0,2,12,30,44,0,0,7,29,36,0,2,19,59,80,5,78,83,163
05/01/2009,WDG,OK,ASW,CE,Federal Contract Tower,0,0,8,4,12,0,0,0,3,3,0,0,8,7,15,0,0,0,15
05/02/2009,WDG,OK,ASW,CE,Federal Contract Tower,0,0,4,0,4,0,0,2,0,2,0,0,6,0,6,0,0,0,6
05/03/2009,WDG,OK,ASW,CE,Federal Contract Tower,0,0,8,5,13,0,0,13,4,17,0,0,21,9,30,6,0,6,36
05/04/2009,WDG,OK,ASW,CE,Federal Contract Tower,0,0,5,32,37,0,0,11,44,55,0,0,16,76,92,70,42,112,204
05/05/2009,WDG,OK,ASW,CE,Federal Contract Tower,0,2,6,1,9,0,0,0,1,1,0,2,6,2,10,0,0,0,10
05/06/2009,WDG,OK,ASW,CE,Federal Contract Tower,0,2,1,43,46,0,0,21,41,62,0,2,22,84,108,56,2,58,166
05/07/2009,WDG,OK,ASW,CE,Federal Contract Tower,0,2,9,20,31,0,0,10,19,29,0,2,19,39,60,4,16,20,80
05/08/2009,WDG,OK,ASW,CE,Federal Contract Tower,0,0,5,23,28,0,0,12,15,27,0,0,17,38,55,16,16,32,87
05/09/2009,WDG,OK,ASW,CE,Federal Contract Tower,0,2,3,5,10,0,0,13,0,13,0,2,16,5,23,20,2,22,45
05/10/2009,WDG,OK,ASW,CE,Federal Contract Tower,0,0,8,2,10,0,0,3,0,3,0,0,11,2,13,0,0,0,13
05/11/2009,WDG,OK,ASW,CE,Federal Contract Tower,0,0,6,25,31,0,0,15,25,40,0,0,21,50,71,24,28,52,123
05/12/2009,WDG,OK,ASW,CE,Federal Contract Tower,0,3,5,6,14,0,2,0,6,8,0,5,5,12,22,0,0,0,22
05/13/2009,WDG,OK,ASW,CE,Federal Contract Tower,0,2,4,9,15,0,0,15,9,24,0,2,19,18,39,0,2,2,41
05/14/2009,WDG,OK,ASW,CE,Federal Contract Tower,0,2,5,17,24,0,0,9,17,26,0,2,14,34,50,16,0,16,66
05/15/2009,WDG,OK,ASW,CE,Federal Contract Tower,0,0,1,8,9,0,0,24,17,41,0,0,25,25,50,0,46,46,96
05/16/2009,WDG,OK,ASW,CE,Federal Contract Tower,0,2,4,18,24,0,0,40,0,40,0,2,44,18,64,40,2,42,106
05/17/2009,WDG,OK,ASW,CE,Federal Contract Tower,0,0,2,21,23,0,0,40,7,47,0,0,42,28,70,10,6,16,86
05/18/2009,WDG,OK,ASW,CE,Federal Contract Tower,0,0,9,7,16,0,0,27,9,36,0,0,36,16,52,0,36,36,88
05/19/2009,WDG,OK,ASW,CE,Federal Contract Tower,0,2,5,5,12,0,0,22,8,30,0,2,27,13,42,10,47,57,99
05/20/2009,WDG,OK,ASW,CE,Federal Contract Tower,0,2,4,17,23,0,0,10,13,23,0,2,14,30,46,0,8,8,54
05/21/2009,WDG,OK,ASW,CE,Federal Contract Tower,0,2,12,16,30,0,0,15,14,29,0,2,27,30,59,4,51,55,114
05/22/2009,WDG,OK,ASW,CE,Federal Contract Tower,0,0,9,13,22,0,0,23,28,51,0,0,32,41,73,10,132,142,215
05/23/2009,WDG,OK,ASW,CE,Federal Contract Tower,0,2,2,0,4,0,0,43,0,43,0,2,45,0,47,5,0,5,52
05/24/2009,WDG,OK,ASW,CE,Federal Contract Tower,0,0,1,2,3,0,0,25,1,26,0,0,26,3,29,16,2,18,47
05/25/2009,WDG,OK,ASW,CE,Federal Contract Tower,0,0,4,2,6,0,0,34,7,41,0,0,38,9,47,76,0,76,123
05/26/2009,WDG,OK,ASW,CE,Federal Contract Tower,0,2,6,18,26,0,0,10,23,33,0,2,16,41,59,0,23,23,82
05/27/2009,WDG,OK,ASW,CE,Federal Contract Tower,0,2,7,35,44,0,0,10,37,47,0,2,17,72,91,0,40,40,131
05/28/2009,WDG,OK,ASW,CE,Federal Contract Tower,0,2,8,23,33,0,0,27,26,53,0,2,35,49,86,10,42,52,138
05/29/2009,WDG,OK,ASW,CE,Federal Contract Tower,0,0,10,20,30,0,0,28,20,48,0,0,38,40,78,12,136,148,226
05/30/2009,WDG,OK,ASW,CE,Federal Contract Tower,0,2,0,3,5,0,0,20,1,21,0,2,20,4,26,0,6,6,32
05/31/2009,WDG,OK,ASW,CE,Federal Contract Tower,0,0,8,6,14,0,0,19,7,26,0,0,27,13,40,4,0,4,44
06/01/2009,WDG,OK,ASW,CE,Federal Contract Tower,0,0,10,17,27,0,0,25,23,48,0,0,35,40,75,2,24,26,101
06/02/2009,WDG,OK,ASW,CE,Federal Contract Tower,0,2,3,43,48,0,0,20,43,63,0,2,23,86,111,31,44,75,186
06/03/2009,WDG,OK,ASW,CE,Federal Contract Tower,0,2,4,37,43,0,0,4,39,43,0,2,8,76,86,30,22,52,138
06/04/2009,WDG,OK,ASW,CE,Federal Contract Tower,0,2,15,39,56,0,0,44,47,91,0,2,59,86,147,38,132,170,317
06/05/2009,WDG,OK,ASW,CE,Federal Contract Tower,0,0,6,31,37,0,0,19,43,62,0,0,25,74,99,53,77,130,229
06/06/2009,WDG,OK,ASW,CE,Federal Contract Tower,0,2,8,2,12,0,0,22,0,22,0,2,30,2,34,0,0,0,34
06/07/2009,WDG,OK,ASW,CE,Federal Contract Tower,0,0,3,12,15,0,0,7,9,16,0,0,10,21,31,6,6,12,43
06/08/2009,WDG,OK,ASW,CE,Federal Contract Tower,0,0,3,2,5,0,0,11,0,11,0,0,14,2,16,26,0,26,42
06/09/2009,WDG,OK,ASW,CE,Federal Contract Tower,0,2,4,2,8,0,0,14,0,14,0,2,18,2,22,12,0,12,34
06/10/2009,WDG,OK,ASW,CE,Federal Contract Tower,0,2,9,1,12,0,0,17,0,17,0,2,26,1,29,25,0,25,54
06/11/2009,WDG,OK,ASW,CE,Federal Contract Tower,0,0,6,4,10,0,0,18,0,18,0,0,24,4,28,3,0,3,31
06/12/2009,WDG,OK,ASW,CE,Federal Contract Tower,0,0,9,3,12,0,0,27,2,29,0,0,36,5,41,199,6,205,246
06/13/2009,WDG,OK,ASW,CE,Federal Contract Tower,0,2,3,0,5,0,0,29,0,29,0,2,32,0,34,12,0,12,46
06/14/2009,WDG,OK,ASW,CE,Federal Contract Tower,0,0,5,0,5,0,0,12,0,12,0,0,17,0,17,22,0,22,39
06/15/2009,WDG,OK,ASW,CE,Federal Contract Tower,0,0,4,0,4,0,0,17,0,17,0,0,21,0,21,8,0,8,29
06/16/2009,WDG,OK,ASW,CE,Federal Contract Tower,0,2,8,4,14,0,0,23,0,23,0,2,31,4,37,17,0,17,54
06/17/2009,WDG,OK,ASW,CE,Federal Contract Tower,0,2,1,7,10,0,0,14,2,16,0,2,15,9,26,2,22,24,50
06/18/2009,WDG,OK,ASW,CE,Federal Contract Tower,0,2,8,0,10,0,0,17,0,17,0,2,25,0,27,28,0,28,55
06/19/2009,WDG,OK,ASW,CE,Federal Contract Tower,0,0,9,7,16,0,0,10,0,10,0,0,19,7,26,17,0,17,43
06/20/2009,WDG,OK,ASW,CE,Federal Contract Tower,0,2,3,0,5,0,0,24,0,24,0,2,27,0,29,11,0,11,40
06/21/2009,WDG,OK,ASW,CE,Federal Contract Tower,0,0,0,0,0,0,0,18,0,18,0,0,18,0,18,18,0,18,36
06/22/2009,WDG,OK,ASW,CE,Federal Contract Tower,0,0,8,0,8,0,0,28,0,28,0,0,36,0,36,19,0,19,55
06/23/2009,WDG,OK,ASW,CE,Federal Contract Tower,0,2,9,0,11,0,0,21,0,21,0,2,30,0,32,13,0,13,45
06/24/2009,WDG,OK,ASW,CE,Federal Contract Tower,0,2,4,38,44,0,0,25,38,63,0,2,29,76,107,25,129,154,261
06/25/2009,WDG,OK,ASW,CE,Federal Contract Tower,0,2,4,38,44,0,0,11,41,52,0,2,15,79,96,46,72,118,214
06/26/2009,WDG,OK,ASW,CE,Federal Contract Tower,0,0,6,8,14,0,0,20,8,28,0,0,26,16,42,6,0,6,48
06/27/2009,WDG,OK,ASW,CE,Federal Contract Tower,0,2,4,0,6,0,0,54,0,54,0,2,58,0,60,26,0,26,86
06/28/2009,WDG,OK,ASW,CE,Federal Contract Tower,0,0,7,16,23,0,0,20,16,36,0,0,27,32,59,2,24,26,85
06/29/2009,WDG,OK,ASW,CE,Federal Contract Tower,0,0,2,25,27,0,0,24,25,49,0,0,26,50,76,74,60,134,210
06/30/2009,WDG,OK,ASW,CE,Federal Contract Tower,0,2,6,22,30,0,0,45,24,69,0,2,51,46,99,33,28,61,160
07/01/2009,WDG,OK,ASW,CE,Federal Contract Tower,0,2,7,17,26,0,0,11,19,30,0,2,18,36,56,20,12,32,88
07/02/2009,WDG,OK,ASW,CE,Federal Contract Tower,0,2,6,21,29,0,0,31,27,58,0,2,37,48,87,11,40,51,138
07/03/2009,WDG,OK,ASW,CE,Federal Contract Tower,0,0,2,0,2,0,0,25,0,25,0,0,27,0,27,18,0,18,45
07/04/2009,WDG,OK,ASW,CE,Federal Contract Tower,0,0,0,0,0,0,0,9,0,9,0,0,9,0,9,6,0,6,15
07/05/2009,WDG,OK,ASW,CE,Federal Contract Tower,0,0,4,0,4,0,0,10,0,10,0,0,14,0,14,2,0,2,16
07/06/2009,WDG,OK,ASW,CE,Federal Contract Tower,0,0,13,1,14,0,0,26,0,26,0,0,39,1,40,56,0,56,96
07/07/2009,WDG,OK,ASW,CE,Federal Contract Tower,0,2,8,39,49,0,0,6,45,51,0,2,14,84,100,5,42,47,147
07/08/2009,WDG,OK,ASW,CE,Federal Contract Tower,0,2,11,12,25,0,0,10,12,22,0,2,21,24,47,27,6,33,80
07/09/2009,WDG,OK,ASW,CE,Federal Contract Tower,0,2,15,34,51,0,0,15,44,59,0,2,30,78,110,0,38,38,148
07/10/2009,WDG,OK,ASW,CE,Federal Contract Tower,0,0,8,9,17,0,0,14,8,22,0,0,22,17,39,4,0,4,43
07/11/2009,WDG,OK,ASW,CE,Federal Contract Tower,0,2,2,2,6,0,0,16,0,16,0,2,18,2,22,13,0,13,35
07/12/2009,WDG,OK,ASW,CE,Federal Contract Tower,0,0,2,7,9,0,0,12,12,24,0,0,14,19,33,0,0,0,33
07/13/2009,WDG,OK,ASW,CE,Federal Contract Tower,0,0,8,12,20,0,0,30,15,45,0,0,38,27,65,0,6,6,71
07/14/2009,WDG,OK,ASW,CE,Federal Contract Tower,0,2,5,27,34,0,0,24,29,53,0,2,29,56,87,12,22,34,121
07/15/2009,WDG,OK,ASW,CE,Federal Contract Tower,0,2,12,31,45,0,0,8,35,43,0,2,20,66,88,2,30,32,120
07/16/2009,WDG,OK,ASW,CE,Federal Contract Tower,0,2,10,21,33,0,0,29,25,54,0,2,39,46,87,49,22,71,158
07/17/2009,WDG,OK,ASW,CE,Federal Contract Tower,0,2,3,26,31,0,0,35,29,64,0,2,38,55,95,45,10,55,150
07/18/2009,WDG,OK,ASW,CE,Federal Contract Tower,0,2,4,0,6,0,0,42,1,43,0,2,46,1,49,90,0,90,139
07/19/2009,WDG,OK,ASW,CE,Federal Contract Tower,0,0,3,6,9,0,0,21,5,26,0,0,24,11,35,5,0,5,40
07/20/2009,WDG,OK,ASW,CE,Federal Contract Tower,0,0,8,14,22,0,0,12,14,26,0,0,20,28,48,12,0,12,60
07/21/2009,WDG,OK,ASW,CE,Federal Contract Tower,0,2,8,40,50,0,0,13,42,55,0,2,21,82,105,25,6,31,136
07/22/2009,WDG,OK,ASW,CE,Federal Contract Tower,0,2,11,22,35,0,0,20,25,45,0,2,31,47,80,142,68,210,290
07/23/2009,WDG,OK,ASW,CE,Federal Contract Tower,0,2,10,19,31,0,0,25,31,56,0,2,35,50,87,36,80,116,203
07/24/2009,WDG,OK,ASW,CE,Federal Contract Tower,0,2,4,16,22,0,0,19,18,37,0,2,23,34,59,0,24,24,83
07/25/2009,WDG,OK,ASW,CE,Federal Contract Tower,0,2,6,2,10,0,0,43,0,43,0,2,49,2,53,90,0,90,143
07/26/2009,WDG,OK,ASW,CE,Federal Contract Tower,0,0,5,3,8,0,0,12,4,16,0,0,17,7,24,0,0,0,24
07/27/2009,WDG,OK,ASW,CE,Federal Contract Tower,0,2,3,33,38,0,0,4,36,40,0,2,7,69,78,0,36,36,114
07/28/2009,WDG,OK,ASW,CE,Federal Contract Tower,0,2,11,16,29,0,0,10,16,26,0,2,21,32,55,2,20,22,77
07/29/2009,WDG,OK,ASW,CE,Federal Contract Tower,0,2,6,31,39,0,0,6,31,37,0,2,12,62,76,14,6,20,96
07/30/2009,WDG,OK,ASW,CE,Federal Contract Tower,0,2,7,27,36,0,0,3,29,32,0,2,10,56,68,0,10,10,78
07/31/2009,WDG,OK,ASW,CE,Federal Contract Tower,0,2,4,4,10,0,0,23,4,27,0,2,27,8,37,20,6,26,63
08/01/2009,WDG,OK,ASW,CE,Federal Contract Tower,0,2,4,0,6,0,0,28,0,28,0,2,32,0,34,65,0,65,99
08/02/2009,WDG,OK,ASW,CE,Federal Contract Tower,0,0,6,6,12,0,0,22,10,32,0,0,28,16,44,6,0,6,50
08/03/2009,WDG,OK,ASW,CE,Federal Contract Tower,0,0,7,23,30,0,0,24,23,47,0,0,31,46,77,18,4,22,99
08/04/2009,WDG,OK,ASW,CE,Federal Contract Tower,0,2,9,20,31,0,0,0,0,0,0,2,9,20,31,62,32,94,125
08/05/2009,WDG,OK,ASW,CE,Federal Contract Tower,0,2,8,7,17,0,0,14,7,21,0,2,22,14,38,10,0,10,48
08/06/2009,WDG,OK,ASW,CE,Federal Contract Tower,0,2,10,18,30,0,0,14,22,36,0,2,24,40,66,9,0,9,75
08/07/2009,WDG,OK,ASW,CE,Federal Contract Tower,0,4,7,10,21,0,0,14,10,24,0,4,21,20,45,3,3,6,51
08/08/2009,WDG,OK,ASW,CE,Federal Contract Tower,0,2,2,1,5,0,0,21,6,27,0,2,23,7,32,18,12,30,62
08/09/2009,WDG,OK,ASW,CE,Federal Contract Tower,0,0,1,8,9,0,0,27,10,37,0,0,28,18,46,14,0,14,60
08/10/2009,WDG,OK,ASW,CE,Federal Contract Tower,0,0,6,23,29,0,0,10,39,49,0,0,16,62,78,11,128,139,217
08/11/2009,WDG,OK,ASW,CE,Federal Contract Tower,0,2,3,40,45,0,0,17,46,63,0,2,20,86,108,6,30,36,144
08/12/2009,WDG,OK,ASW,CE,Federal Contract Tower,0,2,8,52,62,0,0,37,52,89,0,2,45,104,151,78,74,152,303
08/13/2009,WDG,OK,ASW,CE,Federal Contract Tower,0,2,9,43,54,0,0,28,48,76,0,2,37,91,130,13,46,59,189
08/14/2009,WDG,OK,ASW,CE,Federal Contract Tower,0,2,5,19,26,0,0,16,24,40,0,2,21,43,66,120,88,208,274
08/15/2009,WDG,OK,ASW,CE,Federal Contract Tower,0,2,5,9,16,0,0,26,3,29,0,2,31,12,45,14,4,18,63
08/16/2009,WDG,OK,ASW,CE,Federal Contract Tower,0,0,4,11,15,0,0,16,11,27,0,0,20,22,42,0,2,2,44
08/17/2009,WDG,OK,ASW,CE,Federal Contract Tower,0,0,13,19,32,0,0,4,31,35,0,0,17,50,67,0,80,80,147
08/18/2009,WDG,OK,ASW,CE,Federal Contract Tower,0,2,0,9,11,0,0,9,13,22,0,2,9,22,33,11,12,23,56
08/19/2009,WDG,OK,ASW,CE,Federal Contract Tower,0,2,3,17,22,0,0,19,21,40,0,2,22,38,62,4,76,80,142
08/20/2009,WDG,OK,ASW,CE,Federal Contract Tower,0,2,3,24,29,0,0,28,24,52,0,2,31,48,81,26,6,32,113
08/21/2009,WDG,OK,ASW,CE,Federal Contract Tower,0,2,7,32,41,0,0,34,26,60,0,2,41,58,101,81,46,127,228
08/22/2009,WDG,OK,ASW,CE,Federal Contract Tower,0,2,3,5,10,0,0,61,7,68,0,2,64,12,78,36,44,80,158
08/23/2009,WDG,OK,ASW,CE,Federal Contract Tower,0,0,3,12,15,0,0,33,15,48,0,0,36,27,63,2,12,14,77
08/24/2009,WDG,OK,ASW,CE,Federal Contract Tower,0,0,2,24,26,0,0,17,28,45,0,0,19,52,71,16,42,58,129
08/25/2009,WDG,OK,ASW,CE,Federal Contract Tower,0,2,10,15,27,0,0,24,29,53,0,2,34,44,80,16,16,32,112
08/26/2009,WDG,OK,ASW,CE,Federal Contract Tower,0,0,10,25,35,0,0,10,29,39,0,0,20,54,74,12,45,57,131
08/27/2009,WDG,OK,ASW,CE,Federal Contract Tower,0,2,8,36,46,0,0,13,38,51,0,2,21,74,97,32,70,102,199
08/28/2009,WDG,OK,ASW,CE,Federal Contract Tower,0,2,12,25,39,0,0,22,39,61,0,2,34,64,100,8,170,178,278
08/29/2009,WDG,OK,ASW,CE,Federal Contract Tower,0,2,4,0,6,0,0,27,0,27,0,2,31,0,33,50,0,50,83
08/30/2009,WDG,OK,ASW,CE,Federal Contract Tower,0,0,3,6,9,0,0,28,6,34,0,0,31,12,43,26,0,26,69
08/31/2009,WDG,OK,ASW,CE,Federal Contract Tower,0,0,10,44,54,0,0,11,50,61,0,0,21,94,115,0,76,76,191
09/01/2009,WDG,OK,ASW,CE,Federal Contract Tower,0,2,11,26,39,0,0,26,34,60,0,2,37,60,99,91,80,171,270
09/02/2009,WDG,OK,ASW,CE,Federal Contract Tower,0,2,7,13,22,0,0,11,17,28,0,2,18,30,50,6,44,50,100
09/03/2009,WDG,OK,ASW,CE,Federal Contract Tower,0,2,8,28,38,0,0,26,36,62,0,2,34,64,100,54,88,142,242
09/04/2009,WDG,OK,ASW,CE,Federal Contract Tower,0,2,13,30,45,0,0,13,30,43,0,2,26,60,88,57,20,77,165
09/05/2009,WDG,OK,ASW,CE,Federal Contract Tower,0,2,2,0,4,0,0,11,0,11,0,2,13,0,15,9,0,9,24
09/06/2009,WDG,OK,ASW,CE,Federal Contract Tower,0,0,7,1,8,0,0,13,1,14,0,0,20,2,22,2,0,2,24
09/07/2009,WDG,OK,ASW,CE,Federal Contract Tower,0,0,10,0,10,0,0,26,0,26,0,0,36,0,36,32,0,32,68
09/08/2009,WDG,OK,ASW,CE,Federal Contract Tower,0,4,6,19,29,0,0,12,31,43,0,4,18,50,72,0,60,60,132
09/09/2009,WDG,OK,ASW,CE,Federal Contract Tower,0,2,13,36,51,0,0,7,42,49,0,2,20,78,100,25,78,103,203
09/10/2009,WDG,OK,ASW,CE,Federal Contract Tower,0,2,11,43,56,0,0,6,41,47,0,2,17,84,103,0,14,14,117
09/11/2009,WDG,OK,ASW,CE,Federal Contract Tower,0,2,14,23,39,0,0,9,25,34,0,2,23,48,73,0,1,1,74
09/12/2009,WDG,OK,ASW,CE,Federal Contract Tower,0,2,3,2,7,0,0,0,1,1,0,2,3,3,8,0,5,5,13
09/13/2009,WDG,OK,ASW,CE,Federal Contract Tower,0,0,9,22,31,0,0,1,22,23,0,0,10,44,54,0,4,4,58
09/14/2009,WDG,OK,ASW,CE,Federal Contract Tower,0,2,5,27,34,0,0,14,27,41,0,2,19,54,75,7,36,43,118
09/15/2009,WDG,OK,ASW,CE,Federal Contract Tower,0,2,5,19,26,0,0,14,29,43,0,2,19,48,69,72,28,100,169
09/16/2009,WDG,OK,ASW,CE,Federal Contract Tower,0,2,13,25,40,0,0,13,29,42,0,2,26,54,82,5,60,65,147
09/17/2009,WDG,OK,ASW,CE,Federal Contract Tower,0,2,4,21,27,0,0,14,25,39,0,2,18,46,66,13,36,49,115
09/18/2009,WDG,OK,ASW,CE,Federal Contract Tower,0,2,4,20,26,0,0,27,33,60,0,2,31,53,86,66,116,182,268
09/19/2009,WDG,OK,ASW,CE,Federal Contract Tower,0,2,5,5,12,0,0,34,5,39,0,2,39,10,51,47,5,52,103
09/20/2009,WDG,OK,ASW,CE,Federal Contract Tower,0,0,3,12,15,0,0,31,8,39,0,0,34,20,54,31,2,33,87
09/21/2009,WDG,OK,ASW,CE,Federal Contract Tower,0,0,3,42,45,0,0,11,52,63,0,0,14,94,108,54,122,176,284
09/22/2009,WDG,OK,ASW,CE,Federal Contract Tower,0,2,15,18,35,0,0,19,20,39,0,2,34,38,74,17,4,21,95
09/23/2009,WDG,OK,ASW,CE,Federal Contract Tower,0,2,4,17,23,0,0,29,29,58,0,2,33,46,81,22,75,97,178
09/24/2009,WDG,OK,ASW,CE,Federal Contract Tower,0,2,1,24,27,0,0,11,30,41,0,2,12,54,68,4,56,60,128
09/25/2009,WDG,OK,ASW,CE,Federal Contract Tower,0,1,10,18,29,0,1,27,22,50,0,2,37,40,79,7,102,109,188
09/26/2009,WDG,OK,ASW,CE,Federal Contract Tower,0,1,2,0,3,0,1,107,0,108,0,2,109,0,111,68,0,68,179
09/27/2009,WDG,OK,ASW,CE,Federal Contract Tower,0,0,7,0,7,0,0,13,0,13,0,0,20,0,20,0,0,0,20
09/28/2009,WDG,OK,ASW,CE,Federal Contract Tower,0,2,4,26,32,0,0,20,40,60,0,2,24,66,92,20,76,96,188
09/29/2009,WDG,OK,ASW,CE,Federal Contract Tower,0,2,5,15,22,0,0,27,23,50,0,2,32,38,72,0,50,50,122
09/30/2009,WDG,OK,ASW,CE,Federal Contract Tower,0,2,8,14,24,0,0,7,16,23,0,2,15,30,47,0,68,68,115
10/01/2009,WDG,OK,ASW,CE,Federal Contract Tower,0,2,8,21,31,0,0,3,33,36,0,2,11,54,67,0,11,11,78
10/02/2009,WDG,OK,ASW,CE,Federal Contract Tower,0,2,7,25,34,0,0,14,27,41,0,2,21,52,75,12,0,12,87
10/03/2009,WDG,OK,ASW,CE,Federal Contract Tower,0,2,7,0,9,0,0,45,0,45,0,2,52,0,54,28,0,28,82
10/04/2009,WDG,OK,ASW,CE,Federal Contract Tower,0,0,3,2,5,0,0,4,0,4,0,0,7,2,9,0,0,0,9
10/05/2009,WDG,OK,ASW,CE,Federal Contract Tower,0,0,4,14,18,0,0,0,14,14,0,0,4,28,32,0,0,0,32
10/06/2009,WDG,OK,ASW,CE,Federal Contract Tower,0,2,2,18,22,0,0,14,24,38,0,2,16,42,60,0,52,52,112
10/07/2009,WDG,OK,ASW,CE,Federal Contract Tower,0,2,3,12,17,0,0,14,14,28,0,2,17,26,45,58,8,66,111
10/08/2009,WDG,OK,ASW,CE,Federal Contract Tower,0,2,1,0,3,0,0,0,0,0,0,2,1,0,3,0,0,0,3
10/09/2009,WDG,OK,ASW,CE,Federal Contract Tower,0,2,12,36,50,0,0,6,36,42,0,2,18,72,92,14,52,66,158
10/10/2009,WDG,OK,ASW,CE,Federal Contract Tower,0,2,9,1,12,0,0,16,0,16,0,2,25,1,28,11,0,11,39
10/11/2009,WDG,OK,ASW,CE,Federal Contract Tower,0,0,6,7,13,0,0,5,6,11,0,0,11,13,24,12,0,12,36
10/12/2009,WDG,OK,ASW,CE,Federal Contract Tower,0,0,14,2,16,0,2,2,0,4,0,2,16,2,20,0,0,0,20
10/13/2009,WDG,OK,ASW,CE,Federal Contract Tower,0,2,3,1,6,0,0,0,0,0,0,2,3,1,6,0,0,0,6
10/14/2009,WDG,OK,ASW,CE,Federal Contract Tower,0,2,10,18,30,0,0,0,4,4,0,2,10,22,34,0,0,0,34
10/15/2009,WDG,OK,ASW,CE,Federal Contract Tower,0,2,9,55,66,0,0,9,33,42,0,2,18,88,108,10,4,14,122
10/16/2009,WDG,OK,ASW,CE,Federal Contract Tower,0,2,4,20,26,0,0,16,24,40,0,2,20,44,66,43,16,59,125
10/17/2009,WDG,OK,ASW,CE,Federal Contract Tower,0,2,3,8,13,0,0,61,11,72,0,2,64,19,85,37,6,43,128
10/18/2009,WDG,OK,ASW,CE,Federal Contract Tower,0,0,7,12,19,0,0,19,9,28,0,0,26,21,47,16,0,16,63
10/19/2009,WDG,OK,ASW,CE,Federal Contract Tower,0,0,10,16,26,0,0,10,28,38,0,0,20,44,64,0,42,42,106
10/20/2009,WDG,OK,ASW,CE,Federal Contract Tower,0,2,5,23,30,0,0,8,26,34,0,2,13,49,64,0,18,18,82
10/21/2009,WDG,OK,ASW,CE,Federal Contract Tower,0,2,2,7,11,0,0,1,9,10,0,2,3,16,21,0,0,0,21
10/22/2009,WDG,OK,ASW,CE,Federal Contract Tower,0,2,6,11,19,0,0,2,9,11,0,2,8,20,30,0,0,0,30
10/23/2009,WDG,OK,ASW,CE,Federal Contract Tower,0,2,6,16,24,0,0,22,22,44,0,2,28,38,68,4,14,18,86
10/24/2009,WDG,OK,ASW,CE,Federal Contract Tower,0,2,5,4,11,0,0,85,1,86,0,2,90,5,97,19,0,19,116
10/25/2009,WDG,OK,ASW,CE,Federal Contract Tower,0,0,1,2,3,0,0,17,2,19,0,0,18,4,22,14,0,14,36
10/26/2009,WDG,OK,ASW,CE,Federal Contract Tower,0,2,6,25,33,0,0,10,37,47,0,2,16,62,80,8,104,112,192
10/27/2009,WDG,OK,ASW,CE,Federal Contract Tower,0,2,7,30,39,0,0,27,48,75,0,2,34,78,114,58,144,202,316
10/28/2009,WDG,OK,ASW,CE,Federal Contract Tower,0,2,7,25,34,0,0,9,45,54,0,2,16,70,88,0,162,162,250
10/29/2009,WDG,OK,ASW,CE,Federal Contract Tower,0,2,11,13,26,0,0,0,13,13,0,2,11,26,39,0,0,0,39
10/30/2009,WDG,OK,ASW,CE,Federal Contract Tower,0,2,13,11,26,0,0,19,14,33,0,2,32,25,59,0,58,58,117
10/31/2009,WDG,OK,ASW,CE,Federal Contract Tower,0,1,0,0,1,0,1,42,0,43,0,2,42,0,44,53,0,53,97
11/01/2009,WDG,OK,ASW,CE,Federal Contract Tower,0,0,5,11,16,0,0,19,11,30,0,0,24,22,46,2,0,2,48
11/02/2009,WDG,OK,ASW,CE,Federal Contract Tower,0,0,6,19,25,0,0,38,30,68,0,0,44,49,93,30,52,82,175
11/03/2009,WDG,OK,ASW,CE,Federal Contract Tower,0,2,9,24,35,0,0,44,32,76,0,2,53,56,111,70,58,128,239
11/04/2009,WDG,OK,ASW,CE,Federal Contract Tower,0,2,8,27,37,0,0,32,33,65,0,2,40,60,102,24,34,58,160
11/05/2009,WDG,OK,ASW,CE,Federal Contract Tower,0,2,7,23,32,0,0,17,23,40,0,2,24,46,72,4,56,60,132
11/06/2009,WDG,OK,ASW,CE,Federal Contract Tower,0,2,8,15,25,0,0,7,24,31,0,2,15,39,56,0,68,68,124
11/07/2009,WDG,OK,ASW,CE,Federal Contract Tower,0,2,3,4,9,0,0,40,14,54,0,2,43,18,63,29,4,33,96
11/08/2009,WDG,OK,ASW,CE,Federal Contract Tower,0,0,6,9,15,0,0,17,14,31,0,0,23,23,46,6,2,8,54
11/09/2009,WDG,OK,ASW,CE,Federal Contract Tower,0,0,8,43,51,0,0,8,47,55,0,0,16,90,106,0,120,120,226
11/10/2009,WDG,OK,ASW,CE,Federal Contract Tower,0,2,5,4,11,0,0,5,4,9,0,2,10,8,20,15,0,15,35
11/11/2009,WDG,OK,ASW,CE,Federal Contract Tower,0,2,5,0,7,0,0,21,0,21,0,2,26,0,28,69,0,69,97
11/12/2009,WDG,OK,ASW,CE,Federal Contract Tower,0,2,10,19,31,0,0,13,24,37,0,2,23,43,68,0,129,129,197
11/13/2009,WDG,OK,ASW,CE,Federal Contract Tower,0,2,11,13,26,0,0,16,41,57,0,2,27,54,83,26,172,198,281
11/14/2009,WDG,OK,ASW,CE,Federal Contract Tower,0,2,6,0,8,0,0,8,0,8,0,2,14,0,16,9,0,9,25
11/15/2009,WDG,OK,ASW,CE,Federal Contract Tower,0,0,3,0,3,0,0,0,0,0,0,0,3,0,3,0,0,0,3
11/16/2009,WDG,OK,ASW,CE,Federal Contract Tower,0,0,10,0,10,0,0,0,0,0,0,0,10,0,10,0,0,0,10
11/17/2009,WDG,OK,ASW,CE,Federal Contract Tower,0,2,12,12,26,0,0,4,20,24,0,2,16,32,50,6,29,35,85
11/18/2009,WDG,OK,ASW,CE,Federal Contract Tower,0,2,7,24,33,0,0,30,42,72,0,2,37,66,105,94,132,226,331
11/19/2009,WDG,OK,ASW,CE,Federal Contract Tower,0,0,5,23,28,0,0,31,28,59,0,0,36,51,87,4,54,58,145
11/20/2009,WDG,OK,ASW,CE,Federal Contract Tower,0,2,9,15,26,0,0,3,15,18,0,2,12,30,44,2,0,2,46
11/21/2009,WDG,OK,ASW,CE,Federal Contract Tower,0,2,13,0,15,0,0,4,0,4,0,2,17,0,19,55,0,55,74
11/22/2009,WDG,OK,ASW,CE,Federal Contract Tower,0,0,6,3,9,0,0,19,3,22,0,0,25,6,31,2,0,2,33
11/23/2009,WDG,OK,ASW,CE,Federal Contract Tower,0,0,9,16,25,0,0,13,16,29,0,0,22,32,54,2,10,12,66
11/24/2009,WDG,OK,ASW,CE,Federal Contract Tower,0,2,7,26,35,0,0,8,31,39,0,2,15,57,74,0,84,84,158
11/25/2009,WDG,OK,ASW,CE,Federal Contract Tower,0,2,5,20,27,0,0,25,21,46,0,2,30,41,73,27,30,57,130
11/26/2009,WDG,OK,ASW,CE,Federal Contract Tower,0,0,1,0,1,0,0,18,0,18,0,0,19,0,19,26,0,26,45
11/27/2009,WDG,OK,ASW,CE,Federal Contract Tower,0,2,0,2,4,0,0,32,0,32,0,2,32,2,36,35,7,42,78
11/28/2009,WDG,OK,ASW,CE,Federal Contract Tower,0,1,9,2,12,0,1,21,1,23,0,2,30,3,35,43,3,46,81
11/29/2009,WDG,OK,ASW,CE,Federal Contract Tower,0,0,2,4,6,0,0,1,0,1,0,0,3,4,7,0,14,14,21
11/30/2009,WDG,OK,ASW,CE,Federal Contract Tower,0,0,7,25,32,0,0,20,34,54,0,0,27,59,86,18,93,111,197
12/01/2009,WDG,OK,ASW,CE,Federal Contract Tower,0,2,3,23,28,0,0,19,31,50,0,2,22,54,78,10,64,74,152
12/02/2009,WDG,OK,ASW,CE,Federal Contract Tower,0,2,8,9,19,0,0,0,12,12,0,2,8,21,31,0,33,33,64
12/03/2009,WDG,OK,ASW,CE,Federal Contract Tower,0,2,3,19,24,0,0,14,15,29,0,2,17,34,53,4,36,40,93
12/04/2009,WDG,OK,ASW,CE,Federal Contract Tower,0,2,6,11,19,0,0,26,13,39,0,2,32,24,58,8,30,38,96
12/05/2009,WDG,OK,ASW,CE,Federal Contract Tower,0,1,6,1,8,0,1,21,0,22,0,2,27,1,30,32,0,32,62
12/06/2009,WDG,OK,ASW,CE,Federal Contract Tower,0,0,4,9,13,0,0,1,13,14,0,0,5,22,27,0,0,0,27
12/07/2009,WDG,OK,ASW,CE,Federal Contract Tower,0,0,5,17,22,0,0,11,17,28,0,0,16,34,50,4,10,14,64
12/08/2009,WDG,OK,ASW,CE,Federal Contract Tower,0,2,1,0,3,0,0,0,0,0,0,2,1,0,3,0,0,0,3
12/09/2009,WDG,OK,ASW,CE,Federal Contract Tower,0,2,5,18,25,0,0,2,20,22,0,2,7,38,47,0,54,54,101
12/10/2009,WDG,OK,ASW,CE,Federal Contract Tower,0,2,9,10,21,0,0,12,16,28,0,2,21,26,49,30,40,70,119
12/11/2009,WDG,OK,ASW,CE,Federal Contract Tower,0,2,3,20,25,0,0,23,27,50,0,2,26,47,75,28,44,72,147
12/12/2009,WDG,OK,ASW,CE,Federal Contract Tower,0,2,2,0,4,0,0,14,0,14,0,2,16,0,18,48,0,48,66
12/13/2009,WDG,OK,ASW,CE,Federal Contract Tower,0,0,2,5,7,0,0,31,5,36,0,0,33,10,43,24,0,24,67
12/14/2009,WDG,OK,ASW,CE,Federal Contract Tower,0,0,4,39,43,0,0,14,39,53,0,0,18,78,96,2,6,8,104
12/15/2009,WDG,OK,ASW,CE,Federal Contract Tower,0,2,5,43,50,0,0,11,47,58,0,2,16,90,108,4,80,84,192
12/16/2009,WDG,OK,ASW,CE,Federal Contract Tower,0,2,9,24,35,0,0,17,32,49,0,2,26,56,84,49,61,110,194
12/17/2009,WDG,OK,ASW,CE,Federal Contract Tower,0,2,12,18,32,0,0,26,25,51,0,2,38,43,83,41,42,83,166
12/18/2009,WDG,OK,ASW,CE,Federal Contract Tower,0,2,4,14,20,0,0,22,17,39,0,2,26,31,59,10,34,44,103
12/19/2009,WDG,OK,ASW,CE,Federal Contract Tower,0,2,2,0,4,0,0,22,0,22,0,2,24,0,26,21,0,21,47
12/20/2009,WDG,OK,ASW,CE,Federal Contract Tower,0,0,4,8,12,0,0,47,8,55,0,0,51,16,67,34,0,34,101
12/21/2009,WDG,OK,ASW,CE,Federal Contract Tower,0,0,7,32,39,0,0,22,36,58,0,0,29,68,97,38,68,106,203
12/22/2009,WDG,OK,ASW,CE,Federal Contract Tower,0,2,3,26,31,0,0,14,28,42,0,2,17,54,73,26,28,54,127
12/23/2009,WDG,OK,ASW,CE,Federal Contract Tower,0,2,6,0,8,0,0,1,0,1,0,2,7,0,9,2,0,2,11
12/24/2009,WDG,OK,ASW,CE,Federal Contract Tower,0,0,2,0,2,0,0,0,0,0,0,0,2,0,2,0,0,0,2
12/25/2009,WDG,OK,ASW,CE,Federal Contract Tower,0,0,3,0,3,0,0,1,0,1,0,0,4,0,4,0,0,0,4
12/26/2009,WDG,OK,ASW,CE,Federal Contract Tower,0,2,1,0,3,0,0,7,0,7,0,2,8,0,10,9,0,9,19
12/27/2009,WDG,OK,ASW,CE,Federal Contract Tower,0,0,4,0,4,0,0,8,0,8,0,0,12,0,12,10,0,10,22
12/28/2009,WDG,OK,ASW,CE,Federal Contract Tower,0,0,4,0,4,0,0,29,0,29,0,0,33,0,33,28,0,28,61
12/29/2009,WDG,OK,ASW,CE,Federal Contract Tower,0,2,2,0,4,0,0,10,0,10,0,2,12,0,14,35,0,35,49
12/30/2009,WDG,OK,ASW,CE,Federal Contract Tower,0,2,2,0,4,0,0,2,0,2,0,2,4,0,6,14,0,14,20
12/31/2009,WDG,OK,ASW,CE,Federal Contract Tower,0,2,2,0,4,0,0,15,0,15,0,2,17,0,19,24,0,24,43
01/01/2010,WDG,OK,ASW,CE,Federal Contract Tower,0,0,2,0,2,0,0,35,0,35,0,0,37,0,37,21,0,21,58
01/02/2010,WDG,OK,ASW,CE,Federal Contract Tower,0,2,5,0,7,0,0,8,0,8,0,2,13,0,15,16,0,16,31
01/03/2010,WDG,OK,ASW,CE,Federal Contract Tower,0,0,1,0,1,0,0,4,0,4,0,0,5,0,5,4,0,4,9
01/04/2010,WDG,OK,ASW,CE,Federal Contract Tower,0,2,4,0,6,0,0,13,0,13,0,2,17,0,19,2,0,2,21
01/05/2010,WDG,OK,ASW,CE,Federal Contract Tower,0,2,2,0,4,0,0,5,0,5,0,2,7,0,9,0,0,0,9
01/06/2010,WDG,OK,ASW,CE,Federal Contract Tower,0,1,1,51,53,0,0,3,56,59,0,1,4,107,112,0,150,150,262
01/07/2010,WDG,OK,ASW,CE,Federal Contract Tower,0,3,4,22,29,0,0,6,22,28,0,3,10,44,57,0,14,14,71
01/08/2010,WDG,OK,ASW,CE,Federal Contract Tower,0,2,7,23,32,0,0,12,23,35,0,2,19,46,67,0,22,22,89
01/09/2010,WDG,OK,ASW,CE,Federal Contract Tower,0,2,6,1,9,0,0,12,0,12,0,2,18,1,21,10,6,16,37
01/10/2010,WDG,OK,ASW,CE,Federal Contract Tower,0,0,2,7,9,0,0,17,8,25,0,0,19,15,34,0,0,0,34
01/11/2010,WDG,OK,ASW,CE,Federal Contract Tower,0,2,5,20,27,0,0,32,18,50,0,2,37,38,77,36,22,58,135
01/12/2010,WDG,OK,ASW,CE,Federal Contract Tower,0,2,12,9,23,0,0,23,9,32,0,2,35,18,55,78,10,88,143
01/13/2010,WDG,OK,ASW,CE,Federal Contract Tower,0,2,2,26,30,0,0,7,26,33,0,2,9,52,63,0,0,0,63
01/14/2010,WDG,OK,ASW,CE,Federal Contract Tower,0,2,12,60,74,0,0,5,58,63,0,2,17,118,137,48,0,48,185
01/15/2010,WDG,OK,ASW,CE,Federal Contract Tower,0,1,11,45,57,0,1,12,36,49,0,2,23,81,106,8,24,32,138
01/16/2010,WDG,OK,ASW,CE,Federal Contract Tower,0,2,5,7,14,0,0,17,3,20,0,2,22,10,34,55,10,65,99
01/17/2010,WDG,OK,ASW,CE,Federal Contract Tower,0,0,3,4,7,0,0,39,4,43,0,0,42,8,50,70,0,70,120
01/18/2010,WDG,OK,ASW,CE,Federal Contract Tower,0,2,1,3,6,0,0,37,2,39,0,2,38,5,45,109,8,117,162
01/19/2010,WDG,OK,ASW,CE,Federal Contract Tower,0,2,4,18,24,0,0,8,19,27,0,2,12,37,51,17,16,33,84
01/20/2010,WDG,OK,ASW,CE,Federal Contract Tower,0,2,6,36,44,0,0,8,57,65,0,2,14,93,109,4,143,147,256
01/21/2010,WDG,OK,ASW,CE,Federal Contract Tower,0,2,8,29,39,0,0,11,32,43,0,2,19,61,82,25,22,47,129
01/22/2010,WDG,OK,ASW,CE,Federal Contract Tower,0,2,8,26,36,0,0,13,30,43,0,2,21,56,79,0,8,8,87
01/23/2010,WDG,OK,ASW,CE,Federal Contract Tower,0,2,8,9,19,0,0,20,7,27,0,2,28,16,46,91,20,111,157
01/24/2010,WDG,OK,ASW,CE,Federal Contract Tower,0,0,4,4,8,0,0,28,0,28,0,0,32,4,36,4,0,4,40
01/25/2010,WDG,OK,ASW,CE,Federal Contract Tower,0,0,6,20,26,0,0,8,36,44,0,0,14,56,70,0,48,48,118
01/26/2010,WDG,OK,ASW,CE,Federal Contract Tower,0,2,3,30,35,0,0,39,30,69,0,2,42,60,104,155,47,202,306
01/27/2010,WDG,OK,ASW,CE,Federal Contract Tower,0,2,8,24,34,0,0,24,43,67,0,2,32,67,101,118,174,292,393
01/28/2010,WDG,OK,ASW,CE,Federal Contract Tower,0,0,0,0,0,0,0,0,0,0,0,0,0,0,0,0,0,0,0
01/29/2010,WDG,OK,ASW,CE,Federal Contract Tower,0,0,4,0,4,0,0,0,0,0,0,0,4,0,4,0,0,0,4
01/30/2010,WDG,OK,ASW,CE,Federal Contract Tower,0,0,2,9,11,0,0,4,0,4,0,0,6,9,15,24,0,24,39
01/31/2010,WDG,OK,ASW,CE,Federal Contract Tower,0,0,3,0,3,0,0,0,0,0,0,0,3,0,3,0,0,0,3
02/01/2010,WDG,OK,ASW,CE,Federal Contract Tower,0,0,4,0,4,0,0,0,0,0,0,0,4,0,4,0,0,0,4
02/02/2010,WDG,OK,ASW,CE,Federal Contract Tower,0,2,6,12,20,0,0,8,22,30,0,2,14,34,50,8,10,18,68
02/03/2010,WDG,OK,ASW,CE,Federal Contract Tower,0,2,6,2,10,0,0,0,2,2,0,2,6,4,12,0,0,0,12
02/04/2010,WDG,OK,ASW,CE,Federal Contract Tower,0,0,1,0,1,0,0,0,0,0,0,0,1,0,1,0,0,0,1
02/05/2010,WDG,OK,ASW,CE,Federal Contract Tower,0,2,5,38,45,0,0,8,34,42,0,2,13,72,87,40,28,68,155
02/06/2010,WDG,OK,ASW,CE,Federal Contract Tower,0,2,2,4,8,0,0,9,0,9,0,2,11,4,17,30,0,30,47
02/07/2010,WDG,OK,ASW,CE,Federal Contract Tower,0,0,2,0,2,0,0,0,0,0,0,0,2,0,2,0,0,0,2
02/08/2010,WDG,OK,ASW,CE,Federal Contract Tower,0,2,0,0,2,0,0,0,0,0,0,2,0,0,2,0,0,0,2
02/09/2010,WDG,OK,ASW,CE,Federal Contract Tower,0,2,5,24,31,0,0,24,32,56,0,2,29,56,87,16,10,26,113
02/10/2010,WDG,OK,ASW,CE,Federal Contract Tower,0,2,2,41,45,0,0,16,47,63,0,2,18,88,108,30,84,114,222
02/11/2010,WDG,OK,ASW,CE,Federal Contract Tower,0,2,1,17,20,0,0,9,21,30,0,2,10,38,50,0,15,15,65
02/12/2010,WDG,OK,ASW,CE,Federal Contract Tower,0,0,13,17,30,0,0,21,21,42,0,0,34,38,72,56,42,98,170
02/13/2010,WDG,OK,ASW,CE,Federal Contract Tower,0,2,5,11,18,0,0,67,2,69,0,2,72,13,87,52,36,88,175
02/14/2010,WDG,OK,ASW,CE,Federal Contract Tower,0,0,1,0,1,0,0,2,1,3,0,0,3,1,4,0,0,0,4
02/15/2010,WDG,OK,ASW,CE,Federal Contract Tower,0,2,4,4,10,0,0,16,4,20,0,2,20,8,30,9,12,21,51
02/16/2010,WDG,OK,ASW,CE,Federal Contract Tower,0,2,6,33,41,0,0,21,31,52,0,2,27,64,93,0,26,26,119
02/17/2010,WDG,OK,ASW,CE,Federal Contract Tower,0,2,10,39,51,0,0,39,44,83,0,2,49,83,134,96,46,142,276
02/18/2010,WDG,OK,ASW,CE,Federal Contract Tower,0,2,7,27,36,0,0,9,27,36,0,2,16,54,72,0,18,18,90
02/19/2010,WDG,OK,ASW,CE,Federal Contract Tower,0,2,9,46,57,0,0,17,48,65,0,2,26,94,122,12,110,122,244
02/20/2010,WDG,OK,ASW,CE,Federal Contract Tower,0,2,0,0,2,0,0,0,0,0,0,2,0,0,2,0,0,0,2
02/21/2010,WDG,OK,ASW,CE,Federal Contract Tower,0,0,2,0,2,0,0,0,0,0,0,0,2,0,2,0,0,0,2
02/22/2010,WDG,OK,ASW,CE,Federal Contract Tower,0,0,3,0,3,0,0,4,0,4,0,0,7,0,7,0,0,0,7
02/23/2010,WDG,OK,ASW,CE,Federal Contract Tower,0,2,10,52,64,0,0,34,66,100,0,2,44,118,164,2,72,74,238
02/24/2010,WDG,OK,ASW,CE,Federal Contract Tower,0,2,5,54,61,0,0,33,62,95,0,2,38,116,156,26,82,108,264
02/25/2010,WDG,OK,ASW,CE,Federal Contract Tower,0,2,5,41,48,0,0,12,55,67,0,2,17,96,115,14,210,224,339
02/26/2010,WDG,OK,ASW,CE,Federal Contract Tower,0,2,1,11,14,0,0,11,13,24,0,2,12,24,38,71,0,71,109
02/27/2010,WDG,OK,ASW,CE,Federal Contract Tower,0,0,4,19,23,0,0,69,15,84,0,0,73,34,107,38,12,50,157
02/28/2010,WDG,OK,ASW,CE,Federal Contract Tower,0,0,4,9,13,0,0,9,16,25,0,0,13,25,38,12,25,37,75
03/01/2010,WDG,OK,ASW,CE,Federal Contract Tower,0,2,7,40,49,0,0,2,41,43,0,2,9,81,92,2,53,55,147
03/02/2010,WDG,OK,ASW,CE,Federal Contract Tower,0,2,8,41,51,0,0,8,41,49,0,2,16,82,100,0,14,14,114
03/03/2010,WDG,OK,ASW,CE,Federal Contract Tower,0,2,12,39,53,0,0,23,39,62,0,2,35,78,115,56,30,86,201
03/04/2010,WDG,OK,ASW,CE,Federal Contract Tower,0,2,11,32,45,0,0,16,37,53,0,2,27,69,98,3,84,87,185
03/05/2010,WDG,OK,ASW,CE,Federal Contract Tower,0,2,6,25,33,0,0,10,36,46,0,2,16,61,79,0,131,131,210
03/06/2010,WDG,OK,ASW,CE,Federal Contract Tower,0,2,5,2,9,0,0,19,1,20,0,2,24,3,29,22,0,22,51
03/07/2010,WDG,OK,ASW,CE,Federal Contract Tower,0,0,3,13,16,0,0,3,13,16,0,0,6,26,32,0,0,0,32
03/08/2010,WDG,OK,ASW,CE,Federal Contract Tower,0,2,6,0,8,0,0,0,0,0,0,2,6,0,8,0,0,0,8
03/09/2010,WDG,OK,ASW,CE,Federal Contract Tower,0,2,8,44,54,0,0,13,47,60,0,2,21,91,114,8,30,38,152
03/10/2010,WDG,OK,ASW,CE,Federal Contract Tower,0,2,6,34,42,0,0,2,28,30,0,2,8,62,72,0,0,0,72
03/11/2010,WDG,OK,ASW,CE,Federal Contract Tower,0,2,10,44,56,0,0,10,45,55,0,2,20,89,111,0,59,59,170
03/12/2010,WDG,OK,ASW,CE,Federal Contract Tower,0,2,7,47,56,0,0,7,48,55,0,2,14,95,111,36,58,94,205
03/13/2010,WDG,OK,ASW,CE,Federal Contract Tower,0,0,3,17,20,0,0,30,4,34,0,0,33,21,54,70,38,108,162
03/14/2010,WDG,OK,ASW,CE,Federal Contract Tower,0,0,8,11,19,0,0,7,6,13,0,0,15,17,32,16,0,16,48
03/15/2010,WDG,OK,ASW,CE,Federal Contract Tower,0,0,7,29,36,0,0,13,34,47,0,0,20,63,83,88,32,120,203
03/16/2010,WDG,OK,ASW,CE,Federal Contract Tower,0,2,4,20,26,0,0,4,20,24,0,2,8,40,50,2,0,2,52
03/17/2010,WDG,OK,ASW,CE,Federal Contract Tower,0,2,11,15,28,0,0,9,27,36,0,2,20,42,64,16,76,92,156
03/18/2010,WDG,OK,ASW,CE,Federal Contract Tower,0,2,4,12,18,0,0,36,18,54,0,2,40,30,72,143,123,266,338
03/19/2010,WDG,OK,ASW,CE,Federal Contract Tower,0,0,9,4,13,0,0,10,5,15,0,0,19,9,28,7,35,42,70
03/20/2010,WDG,OK,ASW,CE,Federal Contract Tower,0,0,0,0,0,0,0,0,0,0,0,0,0,0,0,0,0,0,0
03/21/2010,WDG,OK,ASW,CE,Federal Contract Tower,0,0,4,7,11,0,0,5,7,12,0,0,9,14,23,0,22,22,45
03/22/2010,WDG,OK,ASW,CE,Federal Contract Tower,0,2,7,17,26,0,0,24,33,57,0,2,31,50,83,0,68,68,151
03/23/2010,WDG,OK,ASW,CE,Federal Contract Tower,0,2,4,11,17,0,0,17,15,32,0,2,21,26,49,0,44,44,93
03/24/2010,WDG,OK,ASW,CE,Federal Contract Tower,0,0,8,23,31,0,0,4,23,27,0,0,12,46,58,0,0,0,58
03/25/2010,WDG,OK,ASW,CE,Federal Contract Tower,0,2,6,23,31,0,0,10,23,33,0,2,16,46,64,0,26,26,90
03/26/2010,WDG,OK,ASW,CE,Federal Contract Tower,0,0,8,7,15,0,0,14,11,25,0,0,22,18,40,0,28,28,68
03/27/2010,WDG,OK,ASW,CE,Federal Contract Tower,0,1,0,2,3,0,1,19,0,20,0,2,19,2,23,10,0,10,33
03/28/2010,WDG,OK,ASW,CE,Federal Contract Tower,0,0,6,9,15,0,0,30,9,39,0,0,36,18,54,6,0,6,60
03/29/2010,WDG,OK,ASW,CE,Federal Contract Tower,0,2,4,9,15,0,0,23,21,44,0,2,27,30,59,32,65,97,156
03/30/2010,WDG,OK,ASW,CE,Federal Contract Tower,0,2,3,19,24,0,0,8,40,48,0,2,11,59,72,0,171,171,243
03/31/2010,WDG,OK,ASW,CE,Federal Contract Tower,0,2,7,33,42,0,0,18,43,61,0,2,25,76,103,2,162,164,267
04/01/2010,WDG,OK,ASW,CE,Federal Contract Tower,0,2,7,28,37,0,0,14,34,48,0,2,21,62,85,10,52,62,147
04/02/2010,WDG,OK,ASW,CE,Federal Contract Tower,0,0,7,2,9,0,0,11,5,16,0,0,18,7,25,6,14,20,45
04/03/2010,WDG,OK,ASW,CE,Federal Contract Tower,0,0,10,4,14,0,0,36,2,38,0,0,46,6,52,8,0,8,60
04/04/2010,WDG,OK,ASW,CE,Federal Contract Tower,0,0,5,2,7,0,0,18,6,24,0,0,23,8,31,4,8,12,43
04/05/2010,WDG,OK,ASW,CE,Federal Contract Tower,0,2,2,30,34,0,0,6,31,37,0,2,8,61,71,5,90,95,166
04/06/2010,WDG,OK,ASW,CE,Federal Contract Tower,0,2,3,14,19,0,0,4,16,20,0,2,7,30,39,0,18,18,57
04/07/2010,WDG,OK,ASW,CE,Federal Contract Tower,0,2,4,9,15,0,0,7,23,30,0,2,11,32,45,0,40,40,85
04/08/2010,WDG,OK,ASW,CE,Federal Contract Tower,0,2,8,40,50,0,0,17,54,71,0,2,25,94,121,42,78,120,241
04/09/2010,WDG,OK,ASW,CE,Federal Contract Tower,0,4,7,17,28,0,0,10,30,40,0,4,17,47,68,0,108,108,176
04/10/2010,WDG,OK,ASW,CE,Federal Contract Tower,0,0,8,2,10,0,0,33,0,33,0,0,41,2,43,48,0,48,91
04/11/2010,WDG,OK,ASW,CE,Federal Contract Tower,0,0,9,6,15,0,0,20,5,25,0,0,29,11,40,2,0,2,42
04/12/2010,WDG,OK,ASW,CE,Federal Contract Tower,0,2,4,62,68,0,0,12,38,50,0,2,16,100,118,20,23,43,161
04/13/2010,WDG,OK,ASW,CE,Federal Contract Tower,0,2,9,16,27,0,0,16,16,32,0,2,25,32,59,0,18,18,77
04/14/2010,WDG,OK,ASW,CE,Federal Contract Tower,0,2,4,8,14,0,0,25,16,41,0,2,29,24,55,14,18,32,87
04/15/2010,WDG,OK,ASW,CE,Federal Contract Tower,0,2,6,14,22,0,0,16,13,29,0,2,22,27,51,0,7,7,58
04/16/2010,WDG,OK,ASW,CE,Federal Contract Tower,0,2,10,11,23,0,0,2,11,13,0,2,12,22,36,0,0,0,36
04/17/2010,WDG,OK,ASW,CE,Federal Contract Tower,0,2,1,0,3,0,0,11,0,11,0,2,12,0,14,28,0,28,42
04/18/2010,WDG,OK,ASW,CE,Federal Contract Tower,0,0,1,14,15,0,0,4,0,4,0,0,5,14,19,4,0,4,23
04/19/2010,WDG,OK,ASW,CE,Federal Contract Tower,0,0,7,20,27,0,0,16,22,38,0,0,23,42,65,42,10,52,117
04/20/2010,WDG,OK,ASW,CE,Federal Contract Tower,0,2,13,25,40,0,0,25,29,54,0,2,38,54,94,8,36,44,138
04/21/2010,WDG,OK,ASW,CE,Federal Contract Tower,0,2,5,17,24,0,0,22,18,40,0,2,27,35,64,21,82,103,167
04/22/2010,WDG,OK,ASW,CE,Federal Contract Tower,0,2,10,29,41,0,0,5,39,44,0,2,15,68,85,0,123,123,208
04/23/2010,WDG,OK,ASW,CE,Federal Contract Tower,0,2,6,17,25,0,0,11,23,34,0,2,17,40,59,0,72,72,131
04/24/2010,WDG,OK,ASW,CE,Federal Contract Tower,0,2,5,2,9,0,0,52,0,52,0,2,57,2,61,6,0,6,67
04/25/2010,WDG,OK,ASW,CE,Federal Contract Tower,0,0,6,4,10,0,0,24,3,27,0,0,30,7,37,42,0,42,79
04/26/2010,WDG,OK,ASW,CE,Federal Contract Tower,0,0,10,8,18,0,0,13,10,23,0,0,23,18,41,0,24,24,65
04/27/2010,WDG,OK,ASW,CE,Federal Contract Tower,0,2,7,41,50,0,0,17,51,68,0,2,24,92,118,0,48,48,166
04/28/2010,WDG,OK,ASW,CE,Federal Contract Tower,0,2,6,13,21,0,0,14,18,32,0,2,20,31,53,6,30,36,89
04/29/2010,WDG,OK,ASW,CE,Federal Contract Tower,0,2,5,3,10,0,0,6,2,8,0,2,11,5,18,0,7,7,25
04/30/2010,WDG,OK,ASW,CE,Federal Contract Tower,0,2,3,8,13,0,0,9,14,23,0,2,12,22,36,57,52,109,145
05/01/2010,WDG,OK,ASW,CE,Federal Contract Tower,0,2,1,0,3,0,0,19,0,19,0,2,20,0,22,30,0,30,52
05/02/2010,WDG,OK,ASW,CE,Federal Contract Tower,0,0,8,4,12,0,0,34,6,40,0,0,42,10,52,16,2,18,70
05/03/2010,WDG,OK,ASW,CE,Federal Contract Tower,0,0,8,20,28,0,0,20,26,46,0,0,28,46,74,4,26,30,104
05/04/2010,WDG,OK,ASW,CE,Federal Contract Tower,0,0,17,17,34,0,0,6,21,27,0,0,23,38,61,0,98,98,159
05/05/2010,WDG,OK,ASW,CE,Federal Contract Tower,0,2,6,7,15,0,0,21,9,30,0,2,27,16,45,26,32,58,103
05/06/2010,WDG,OK,ASW,CE,Federal Contract Tower,0,2,8,16,26,0,0,15,18,33,0,2,23,34,59,0,84,84,143
05/07/2010,WDG,OK,ASW,CE,Federal Contract Tower,0,0,12,0,12,0,0,7,0,7,0,0,19,0,19,0,0,0,19
05/08/2010,WDG,OK,ASW,CE,Federal Contract Tower,0,2,4,0,6,0,0,50,0,50,0,2,54,0,56,26,0,26,82
05/09/2010,WDG,OK,ASW,CE,Federal Contract Tower,0,0,3,5,8,0,0,3,2,5,0,0,6,7,13,0,0,0,13
05/10/2010,WDG,OK,ASW,CE,Federal Contract Tower,0,0,3,0,3,0,0,2,3,5,0,0,5,3,8,0,0,0,8
05/11/2010,WDG,OK,ASW,CE,Federal Contract Tower,0,2,7,27,36,0,0,6,31,37,0,2,13,58,73,46,21,67,140
05/12/2010,WDG,OK,ASW,CE,Federal Contract Tower,0,3,5,22,30,0,0,6,22,28,0,3,11,44,58,0,0,0,58
05/13/2010,WDG,OK,ASW,CE,Federal Contract Tower,0,2,6,32,40,0,0,18,36,54,0,2,24,68,94,61,36,97,191
05/14/2010,WDG,OK,ASW,CE,Federal Contract Tower,0,0,5,29,34,0,0,8,24,32,0,0,13,53,66,0,0,0,66
05/15/2010,WDG,OK,ASW,CE,Federal Contract Tower,0,0,8,5,13,0,0,6,2,8,0,0,14,7,21,0,0,0,21
05/16/2010,WDG,OK,ASW,CE,Federal Contract Tower,0,0,2,0,2,0,0,7,1,8,0,0,9,1,10,10,0,10,20
05/17/2010,WDG,OK,ASW,CE,Federal Contract Tower,0,3,4,31,38,0,0,26,31,57,0,3,30,62,95,4,24,28,123
05/18/2010,WDG,OK,ASW,CE,Federal Contract Tower,0,2,8,26,36,0,0,20,28,48,0,2,28,54,84,8,10,18,102
05/19/2010,WDG,OK,ASW,CE,Federal Contract Tower,0,2,3,0,5,0,0,0,0,0,0,2,3,0,5,0,0,0,5
05/20/2010,WDG,OK,ASW,CE,Federal Contract Tower,0,2,10,29,41,0,0,14,30,44,0,2,24,59,85,0,26,26,111
05/21/2010,WDG,OK,ASW,CE,Federal Contract Tower,0,2,9,1,12,0,0,29,3,32,0,2,38,4,44,17,22,39,83
05/22/2010,WDG,OK,ASW,CE,Federal Contract Tower,0,0,8,0,8,0,0,25,0,25,0,0,33,0,33,4,0,4,37
05/23/2010,WDG,OK,ASW,CE,Federal Contract Tower,0,0,6,1,7,0,0,18,1,19,0,0,24,2,26,0,0,0,26
05/24/2010,WDG,OK,ASW,CE,Federal Contract Tower,0,2,2,12,16,0,0,17,19,36,0,2,19,31,52,0,60,60,112
05/25/2010,WDG,OK,ASW,CE,Federal Contract Tower,0,0,7,18,25,0,0,16,20,36,0,0,23,38,61,8,40,48,109
05/26/2010,WDG,OK,ASW,CE,Federal Contract Tower,0,2,5,16,23,0,0,23,21,44,0,2,28,37,67,10,76,86,153
05/27/2010,WDG,OK,ASW,CE,Federal Contract Tower,0,2,13,16,31,0,1,23,20,44,0,3,36,36,75,0,30,30,105
05/28/2010,WDG,OK,ASW,CE,Federal Contract Tower,0,2,11,9,22,0,0,30,15,45,0,2,41,24,67,28,14,42,109
05/29/2010,WDG,OK,ASW,CE,Federal Contract Tower,0,2,2,0,4,0,0,45,0,45,0,2,47,0,49,46,0,46,95
05/30/2010,WDG,OK,ASW,CE,Federal Contract Tower,0,0,3,2,5,0,0,4,1,5,0,0,7,3,10,9,0,9,19
05/31/2010,WDG,OK,ASW,CE,Federal Contract Tower,0,0,4,3,7,0,0,29,7,36,0,0,33,10,43,54,10,64,107
06/01/2010,WDG,OK,ASW,CE,Federal Contract Tower,0,2,6,37,45,0,0,9,51,60,0,2,15,88,105,0,42,42,147
06/02/2010,WDG,OK,ASW,CE,Federal Contract Tower,0,2,13,33,48,0,0,11,41,52,0,2,24,74,100,6,32,38,138
06/03/2010,WDG,OK,ASW,CE,Federal Contract Tower,0,2,9,43,54,0,0,31,43,74,0,2,40,86,128,37,46,83,211
06/04/2010,WDG,OK,ASW,CE,Federal Contract Tower,0,2,8,12,22,0,0,37,14,51,0,2,45,26,73,18,12,30,103
06/05/2010,WDG,OK,ASW,CE,Federal Contract Tower,0,1,0,0,1,0,1,39,2,42,0,2,39,2,43,26,2,28,71
06/06/2010,WDG,OK,ASW,CE,Federal Contract Tower,0,0,4,8,12,0,0,23,7,30,0,0,27,15,42,6,2,8,50
06/07/2010,WDG,OK,ASW,CE,Federal Contract Tower,0,2,5,36,43,0,0,11,37,48,0,2,16,73,91,6,24,30,121
06/08/2010,WDG,OK,ASW,CE,Federal Contract Tower,0,2,3,45,50,0,0,54,53,107,0,2,57,98,157,28,75,103,260
06/09/2010,WDG,OK,ASW,CE,Federal Contract Tower,0,3,4,33,40,0,0,11,35,46,0,3,15,68,86,16,34,50,136
06/10/2010,WDG,OK,ASW,CE,Federal Contract Tower,0,2,8,44,54,0,0,11,43,54,0,2,19,87,108,6,2,8,116
06/11/2010,WDG,OK,ASW,CE,Federal Contract Tower,0,2,10,12,24,0,0,35,13,48,0,2,45,25,72,0,51,51,123
06/12/2010,WDG,OK,ASW,CE,Federal Contract Tower,0,2,4,7,13,0,0,16,4,20,0,2,20,11,33,15,38,53,86
06/13/2010,WDG,OK,ASW,CE,Federal Contract Tower,0,0,10,18,28,0,0,21,13,34,0,0,31,31,62,12,22,34,96
06/14/2010,WDG,OK,ASW,CE,Federal Contract Tower,0,2,4,36,42,0,0,8,32,40,0,2,12,68,82,10,0,10,92
06/15/2010,WDG,OK,ASW,CE,Federal Contract Tower,0,2,7,27,36,0,0,20,31,51,0,2,27,58,87,73,43,116,203
06/16/2010,WDG,OK,ASW,CE,Federal Contract Tower,0,2,5,13,20,0,0,9,15,24,0,2,14,28,44,0,26,26,70
06/17/2010,WDG,OK,ASW,CE,Federal Contract Tower,0,2,8,25,35,0,0,26,25,51,0,2,34,50,86,0,44,44,130
06/18/2010,WDG,OK,ASW,CE,Federal Contract Tower,0,0,6,25,31,0,0,13,25,38,0,0,19,50,69,0,110,110,179
06/19/2010,WDG,OK,ASW,CE,Federal Contract Tower,0,2,5,1,8,0,0,41,1,42,0,2,46,2,50,118,0,118,168
06/20/2010,WDG,OK,ASW,CE,Federal Contract Tower,0,0,0,6,6,0,0,14,6,20,0,0,14,12,26,0,0,0,26
06/21/2010,WDG,OK,ASW,CE,Federal Contract Tower,0,2,6,24,32,0,0,16,25,41,0,2,22,49,73,0,22,22,95
06/22/2010,WDG,OK,ASW,CE,Federal Contract Tower,0,2,4,17,23,0,0,21,19,40,0,2,25,36,63,12,194,206,269
06/23/2010,WDG,OK,ASW,CE,Federal Contract Tower,0,2,1,20,23,0,0,10,32,42,0,2,11,52,65,0,126,126,191
06/24/2010,WDG,OK,ASW,CE,Federal Contract Tower,0,2,6,12,20,0,2,28,19,49,0,4,34,31,69,2,122,124,193
06/25/2010,WDG,OK,ASW,CE,Federal Contract Tower,0,0,11,12,23,0,0,29,23,52,0,0,40,35,75,30,102,132,207
06/26/2010,WDG,OK,ASW,CE,Federal Contract Tower,0,0,4,11,15,0,0,72,4,76,0,0,76,15,91,85,13,98,189
06/27/2010,WDG,OK,ASW,CE,Federal Contract Tower,0,0,6,18,24,0,0,10,4,14,0,0,16,22,38,6,14,20,58
06/28/2010,WDG,OK,ASW,CE,Federal Contract Tower,0,2,11,13,26,0,0,14,15,29,0,2,25,28,55,2,38,40,95
06/29/2010,WDG,OK,ASW,CE,Federal Contract Tower,0,2,9,17,28,0,0,30,18,48,0,2,39,35,76,38,70,108,184
06/30/2010,WDG,OK,ASW,CE,Federal Contract Tower,0,2,8,22,32,0,0,23,30,53,0,2,31,52,85,2,84,86,171
07/01/2010,WDG,OK,ASW,CE,Federal Contract Tower,0,2,16,27,45,0,0,25,30,55,0,2,41,57,100,18,58,76,176
07/02/2010,WDG,OK,ASW,CE,Federal Contract Tower,0,2,13,0,15,0,0,29,0,29,0,2,42,0,44,30,0,30,74
07/03/2010,WDG,OK,ASW,CE,Federal Contract Tower,0,0,6,0,6,0,0,2,0,2,0,0,8,0,8,0,0,0,8
07/04/2010,WDG,OK,ASW,CE,Federal Contract Tower,0,0,0,0,0,0,0,0,0,0,0,0,0,0,0,0,0,0,0
07/05/2010,WDG,OK,ASW,CE,Federal Contract Tower,0,0,7,0,7,0,0,2,0,2,0,0,9,0,9,2,0,2,11
07/06/2010,WDG,OK,ASW,CE,Federal Contract Tower,0,2,6,1,9,0,0,14,7,21,0,2,20,8,30,0,58,58,88
07/07/2010,WDG,OK,ASW,CE,Federal Contract Tower,0,0,10,21,31,0,0,1,29,30,0,0,11,50,61,2,104,106,167
07/08/2010,WDG,OK,ASW,CE,Federal Contract Tower,0,2,9,41,52,0,0,7,42,49,0,2,16,83,101,6,14,20,121
07/09/2010,WDG,OK,ASW,CE,Federal Contract Tower,0,2,5,22,29,0,0,9,28,37,0,2,14,50,66,69,40,109,175
07/10/2010,WDG,OK,ASW,CE,Federal Contract Tower,0,2,8,17,27,0,0,33,2,35,0,2,41,19,62,40,16,56,118
07/11/2010,WDG,OK,ASW,CE,Federal Contract Tower,0,0,3,13,16,0,0,20,7,27,0,0,23,20,43,0,8,8,51
07/12/2010,WDG,OK,ASW,CE,Federal Contract Tower,0,0,4,31,35,0,0,11,37,48,0,0,15,68,83,2,38,40,123
07/13/2010,WDG,OK,ASW,CE,Federal Contract Tower,0,2,11,23,36,0,0,30,29,59,0,2,41,52,95,16,42,58,153
07/14/2010,WDG,OK,ASW,CE,Federal Contract Tower,0,1,7,26,34,0,1,18,28,47,0,2,25,54,81,7,48,55,136
07/15/2010,WDG,OK,ASW,CE,Federal Contract Tower,0,2,12,28,42,0,0,25,40,65,0,2,37,68,107,4,74,78,185
07/16/2010,WDG,OK,ASW,CE,Federal Contract Tower,0,2,5,18,25,0,0,21,19,40,0,2,26,37,65,0,59,59,124
07/17/2010,WDG,OK,ASW,CE,Federal Contract Tower,0,2,5,6,13,0,0,38,2,40,0,2,43,8,53,20,0,20,73
07/18/2010,WDG,OK,ASW,CE,Federal Contract Tower,0,0,2,13,15,0,0,21,9,30,0,0,23,22,45,0,2,2,47
07/19/2010,WDG,OK,ASW,CE,Federal Contract Tower,0,0,8,26,34,0,0,32,26,58,0,0,40,52,92,6,0,6,98
07/20/2010,WDG,OK,ASW,CE,Federal Contract Tower,0,2,9,9,20,0,0,17,9,26,0,2,26,18,46,24,6,30,76
07/21/2010,WDG,OK,ASW,CE,Federal Contract Tower,0,2,7,34,43,0,0,16,37,53,0,2,23,71,96,8,41,49,145
07/22/2010,WDG,OK,ASW,CE,Federal Contract Tower,0,2,11,37,50,0,0,13,40,53,0,2,24,77,103,5,43,48,151
07/23/2010,WDG,OK,ASW,CE,Federal Contract Tower,0,2,9,24,35,0,0,20,25,45,0,2,29,49,80,2,9,11,91
07/24/2010,WDG,OK,ASW,CE,Federal Contract Tower,0,2,7,0,9,0,0,35,0,35,0,2,42,0,44,18,0,18,62
07/25/2010,WDG,OK,ASW,CE,Federal Contract Tower,0,0,8,0,8,0,0,12,0,12,0,0,20,0,20,6,0,6,26
07/26/2010,WDG,OK,ASW,CE,Federal Contract Tower,0,2,7,38,47,0,0,24,45,69,0,2,31,83,116,76,77,153,269
07/27/2010,WDG,OK,ASW,CE,Federal Contract Tower,0,2,9,38,49,0,0,11,48,59,0,2,20,86,108,0,130,130,238
07/28/2010,WDG,OK,ASW,CE,Federal Contract Tower,0,2,6,12,20,0,0,13,16,29,0,2,19,28,49,2,16,18,67
07/29/2010,WDG,OK,ASW,CE,Federal Contract Tower,0,2,8,32,42,0,0,20,49,69,0,2,28,81,111,0,113,113,224
07/30/2010,WDG,OK,ASW,CE,Federal Contract Tower,0,1,6,17,24,0,0,15,17,32,0,1,21,34,56,2,16,18,74
07/31/2010,WDG,OK,ASW,CE,Federal Contract Tower,0,2,1,3,6,0,0,24,0,24,0,2,25,3,30,32,0,32,62
08/01/2010,WDG,OK,ASW,CE,Federal Contract Tower,0,0,4,4,8,0,0,16,2,18,0,0,20,6,26,9,0,9,35
08/02/2010,WDG,OK,ASW,CE,Federal Contract Tower,0,2,2,38,42,0,0,20,46,66,0,2,22,84,108,2,57,59,167
08/03/2010,WDG,OK,ASW,CE,Federal Contract Tower,0,2,2,37,41,0,0,13,36,49,0,2,15,73,90,44,64,108,198
08/04/2010,WDG,OK,ASW,CE,Federal Contract Tower,0,2,2,24,28,0,0,11,19,30,0,2,13,43,58,0,5,5,63
08/05/2010,WDG,OK,ASW,CE,Federal Contract Tower,0,0,11,44,55,0,0,20,31,51,0,0,31,75,106,12,8,20,126
08/06/2010,WDG,OK,ASW,CE,Federal Contract Tower,0,0,13,36,49,0,0,23,37,60,0,0,36,73,109,36,44,80,189
08/07/2010,WDG,OK,ASW,CE,Federal Contract Tower,0,0,9,0,9,0,0,44,0,44,0,0,53,0,53,22,0,22,75
08/08/2010,WDG,OK,ASW,CE,Federal Contract Tower,0,0,7,3,10,0,0,12,9,21,0,0,19,12,31,3,2,5,36
08/09/2010,WDG,OK,ASW,CE,Federal Contract Tower,0,2,6,25,33,0,0,22,34,56,0,2,28,59,89,0,31,31,120
08/10/2010,WDG,OK,ASW,CE,Federal Contract Tower,0,2,16,30,48,0,0,22,55,77,0,2,38,85,125,40,83,123,248
08/11/2010,WDG,OK,ASW,CE,Federal Contract Tower,0,0,13,21,34,0,0,32,23,55,0,0,45,44,89,0,68,68,157
08/12/2010,WDG,OK,ASW,CE,Federal Contract Tower,0,0,10,29,39,0,0,39,30,69,0,0,49,59,108,3,28,31,139
08/13/2010,WDG,OK,ASW,CE,Federal Contract Tower,0,2,3,19,24,0,0,36,25,61,0,2,39,44,85,0,18,18,103
08/14/2010,WDG,OK,ASW,CE,Federal Contract Tower,0,0,6,0,6,0,0,24,0,24,0,0,30,0,30,12,0,12,42
08/15/2010,WDG,OK,ASW,CE,Federal Contract Tower,0,0,4,3,7,0,0,14,2,16,0,0,18,5,23,6,0,6,29
08/16/2010,WDG,OK,ASW,CE,Federal Contract Tower,0,2,10,40,52,0,0,15,40,55,0,2,25,80,107,2,48,50,157
08/17/2010,WDG,OK,ASW,CE,Federal Contract Tower,0,0,15,16,31,0,0,2,16,18,0,0,17,32,49,0,12,12,61
08/18/2010,WDG,OK,ASW,CE,Federal Contract Tower,0,2,11,22,35,0,0,30,26,56,0,2,41,48,91,50,18,68,159
08/19/2010,WDG,OK,ASW,CE,Federal Contract Tower,0,2,11,13,26,0,0,25,16,41,0,2,36,29,67,34,29,63,130
08/20/2010,WDG,OK,ASW,CE,Federal Contract Tower,0,2,10,6,18,0,0,19,7,26,0,2,29,13,44,10,1,11,55
08/21/2010,WDG,OK,ASW,CE,Federal Contract Tower,0,2,10,3,15,0,0,34,0,34,0,2,44,3,49,15,0,15,64
08/22/2010,WDG,OK,ASW,CE,Federal Contract Tower,0,0,6,11,17,0,0,25,8,33,0,0,31,19,50,6,22,28,78
08/23/2010,WDG,OK,ASW,CE,Federal Contract Tower,0,0,11,21,32,0,0,12,21,33,0,0,23,42,65,0,16,16,81
08/24/2010,WDG,OK,ASW,CE,Federal Contract Tower,0,0,8,18,26,0,0,2,18,20,0,0,10,36,46,0,0,0,46
08/25/2010,WDG,OK,ASW,CE,Federal Contract Tower,0,2,7,11,20,0,0,27,18,45,0,2,34,29,65,6,53,59,124
08/26/2010,WDG,OK,ASW,CE,Federal Contract Tower,0,2,9,19,30,0,0,20,27,47,0,2,29,46,77,0,58,58,135
08/27/2010,WDG,OK,ASW,CE,Federal Contract Tower,0,2,10,23,35,0,0,32,20,52,0,2,42,43,87,6,6,12,99
08/28/2010,WDG,OK,ASW,CE,Federal Contract Tower,0,2,4,0,6,0,0,52,0,52,0,2,56,0,58,67,0,67,125
08/29/2010,WDG,OK,ASW,CE,Federal Contract Tower,0,0,7,6,13,0,0,8,6,14,0,0,15,12,27,0,0,0,27
08/30/2010,WDG,OK,ASW,CE,Federal Contract Tower,0,0,12,30,42,0,0,12,31,43,0,0,24,61,85,10,55,65,150
08/31/2010,WDG,OK,ASW,CE,Federal Contract Tower,0,2,10,16,28,0,0,10,30,40,0,2,20,46,68,0,59,59,127
09/01/2010,WDG,OK,ASW,CE,Federal Contract Tower,0,2,10,29,41,0,0,6,34,40,0,2,16,63,81,0,50,50,131
09/02/2010,WDG,OK,ASW,CE,Federal Contract Tower,0,2,9,18,29,0,0,20,19,39,0,2,29,37,68,12,51,63,131
09/03/2010,WDG,OK,ASW,CE,Federal Contract Tower,0,2,11,22,35,0,0,34,26,60,0,2,45,48,95,12,52,64,159
09/04/2010,WDG,OK,ASW,CE,Federal Contract Tower,0,2,2,2,6,0,0,20,0,20,0,2,22,2,26,2,0,2,28
09/05/2010,WDG,OK,ASW,CE,Federal Contract Tower,0,0,3,0,3,0,0,19,0,19,0,0,22,0,22,2,0,2,24
09/06/2010,WDG,OK,ASW,CE,Federal Contract Tower,0,0,3,0,3,0,0,8,0,8,0,0,11,0,11,0,0,0,11
09/07/2010,WDG,OK,ASW,CE,Federal Contract Tower,0,2,13,2,17,0,0,7,0,7,0,2,20,2,24,0,8,8,32
09/08/2010,WDG,OK,ASW,CE,Federal Contract Tower,0,2,4,0,6,0,0,0,0,0,0,2,4,0,6,0,0,0,6
09/09/2010,WDG,OK,ASW,CE,Federal Contract Tower,0,2,8,34,44,0,0,8,27,35,0,2,16,61,79,0,20,20,99
09/10/2010,WDG,OK,ASW,CE,Federal Contract Tower,0,0,11,22,33,0,0,12,20,32,0,0,23,42,65,0,17,17,82
09/11/2010,WDG,OK,ASW,CE,Federal Contract Tower,0,2,2,12,16,0,0,26,12,38,0,2,28,24,54,6,38,44,98
09/12/2010,WDG,OK,ASW,CE,Federal Contract Tower,0,0,13,0,13,0,0,15,8,23,0,0,28,8,36,1,36,37,73
09/13/2010,WDG,OK,ASW,CE,Federal Contract Tower,0,2,5,15,22,0,0,8,15,23,0,2,13,30,45,0,8,8,53
09/14/2010,WDG,OK,ASW,CE,Federal Contract Tower,0,2,6,34,42,0,0,5,26,31,0,2,11,60,73,0,49,49,122
09/15/2010,WDG,OK,ASW,CE,Federal Contract Tower,0,2,8,19,29,0,0,10,25,35,0,2,18,44,64,2,51,53,117
09/16/2010,WDG,OK,ASW,CE,Federal Contract Tower,0,0,9,24,33,0,0,7,20,27,0,0,16,44,60,0,58,58,118
09/17/2010,WDG,OK,ASW,CE,Federal Contract Tower,0,0,12,9,21,0,0,11,19,30,0,0,23,28,51,0,59,59,110
09/18/2010,WDG,OK,ASW,CE,Federal Contract Tower,0,0,5,0,5,0,0,34,0,34,0,0,39,0,39,8,0,8,47
09/19/2010,WDG,OK,ASW,CE,Federal Contract Tower,0,0,1,4,5,0,0,24,5,29,0,0,25,9,34,9,4,13,47
09/20/2010,WDG,OK,ASW,CE,Federal Contract Tower,0,2,10,13,25,0,0,12,16,28,0,2,22,29,53,0,63,63,116
09/21/2010,WDG,OK,ASW,CE,Federal Contract Tower,0,2,7,25,34,0,0,20,33,53,0,2,27,58,87,12,114,126,213
09/22/2010,WDG,OK,ASW,CE,Federal Contract Tower,0,2,10,15,27,0,0,10,16,26,0,2,20,31,53,0,16,16,69
09/23/2010,WDG,OK,ASW,CE,Federal Contract Tower,0,0,7,11,18,0,0,5,6,11,0,0,12,17,29,0,0,0,29
09/24/2010,WDG,OK,ASW,CE,Federal Contract Tower,0,2,8,29,39,0,0,28,36,64,0,2,36,65,103,0,27,27,130
09/25/2010,WDG,OK,ASW,CE,Federal Contract Tower,0,0,10,6,16,0,0,79,4,83,0,0,89,10,99,2,0,2,101
09/26/2010,WDG,OK,ASW,CE,Federal Contract Tower,0,0,6,15,21,0,0,7,9,16,0,0,13,24,37,0,10,10,47
09/27/2010,WDG,OK,ASW,CE,Federal Contract Tower,0,2,3,23,28,0,0,23,25,48,0,2,26,48,76,4,16,20,96
09/28/2010,WDG,OK,ASW,CE,Federal Contract Tower,0,0,11,29,40,0,0,24,29,53,0,0,35,58,93,0,24,24,117
09/29/2010,WDG,OK,ASW,CE,Federal Contract Tower,0,2,16,23,41,0,0,24,23,47,0,2,40,46,88,6,40,46,134
09/30/2010,WDG,OK,ASW,CE,Federal Contract Tower,0,2,8,27,37,0,0,15,33,48,0,2,23,60,85,4,30,34,119
10/01/2010,WDG,OK,ASW,CE,Federal Contract Tower,0,2,6,10,18,0,0,16,10,26,0,2,22,20,44,6,26,32,76
10/02/2010,WDG,OK,ASW,CE,Federal Contract Tower,0,2,5,1,8,0,0,26,1,27,0,2,31,2,35,2,0,2,37
10/03/2010,WDG,OK,ASW,CE,Federal Contract Tower,0,0,8,11,19,0,0,26,11,37,0,0,34,22,56,9,27,36,92
10/04/2010,WDG,OK,ASW,CE,Federal Contract Tower,0,0,13,25,38,0,0,20,29,49,0,0,33,54,87,8,94,102,189
10/05/2010,WDG,OK,ASW,CE,Federal Contract Tower,0,2,6,19,27,0,0,11,23,34,0,2,17,42,61,0,106,106,167
10/06/2010,WDG,OK,ASW,CE,Federal Contract Tower,0,2,6,15,23,0,0,23,16,39,0,2,29,31,62,3,31,34,96
10/07/2010,WDG,OK,ASW,CE,Federal Contract Tower,0,2,5,20,27,0,0,15,21,36,0,2,20,41,63,12,75,87,150
10/08/2010,WDG,OK,ASW,CE,Federal Contract Tower,0,2,6,13,21,0,0,24,17,41,0,2,30,30,62,2,58,60,122
10/09/2010,WDG,OK,ASW,CE,Federal Contract Tower,0,2,4,0,6,0,0,29,4,33,0,2,33,4,39,44,0,44,83
10/10/2010,WDG,OK,ASW,CE,Federal Contract Tower,0,0,5,0,5,0,0,11,0,11,0,0,16,0,16,0,0,0,16
10/11/2010,WDG,OK,ASW,CE,Federal Contract Tower,0,0,21,1,22,0,0,17,0,17,0,0,38,1,39,42,0,42,81
10/12/2010,WDG,OK,ASW,CE,Federal Contract Tower,0,0,16,32,48,0,0,27,31,58,0,0,43,63,106,14,10,24,130
10/13/2010,WDG,OK,ASW,CE,Federal Contract Tower,0,0,7,34,41,0,0,22,34,56,0,0,29,68,97,22,0,22,119
10/14/2010,WDG,OK,ASW,CE,Federal Contract Tower,0,2,12,25,39,0,0,32,25,57,0,2,44,50,96,0,2,2,98
10/15/2010,WDG,OK,ASW,CE,Federal Contract Tower,0,2,7,35,44,0,0,21,35,56,0,2,28,70,100,1,56,57,157
10/16/2010,WDG,OK,ASW,CE,Federal Contract Tower,0,2,6,0,8,0,0,36,1,37,0,2,42,1,45,28,0,28,73
10/17/2010,WDG,OK,ASW,CE,Federal Contract Tower,0,0,3,3,6,0,0,44,3,47,0,0,47,6,53,14,0,14,67
10/18/2010,WDG,OK,ASW,CE,Federal Contract Tower,0,2,8,43,53,0,1,10,48,59,0,3,18,91,112,0,16,16,128
10/19/2010,WDG,OK,ASW,CE,Federal Contract Tower,0,2,9,30,41,0,0,22,31,53,0,2,31,61,94,22,21,43,137
10/20/2010,WDG,OK,ASW,CE,Federal Contract Tower,0,2,10,31,43,0,0,20,37,57,0,2,30,68,100,8,131,139,239
10/21/2010,WDG,OK,ASW,CE,Federal Contract Tower,0,2,7,23,32,0,0,22,23,45,0,2,29,46,77,38,48,86,163
10/22/2010,WDG,OK,ASW,CE,Federal Contract Tower,0,0,10,7,17,0,0,2,1,3,0,0,12,8,20,0,0,0,20
10/23/2010,WDG,OK,ASW,CE,Federal Contract Tower,0,1,1,4,6,0,1,7,0,8,0,2,8,4,14,10,0,10,24
10/24/2010,WDG,OK,ASW,CE,Federal Contract Tower,0,0,7,8,15,0,0,40,10,50,0,0,47,18,65,48,5,53,118
10/25/2010,WDG,OK,ASW,CE,Federal Contract Tower,0,2,3,30,35,0,0,8,29,37,0,2,11,59,72,0,122,122,194
10/26/2010,WDG,OK,ASW,CE,Federal Contract Tower,0,2,12,27,41,0,0,13,27,40,0,2,25,54,81,0,66,66,147
10/27/2010,WDG,OK,ASW,CE,Federal Contract Tower,0,2,5,18,25,0,0,16,21,37,0,2,21,39,62,8,26,34,96
10/28/2010,WDG,OK,ASW,CE,Federal Contract Tower,0,0,17,25,42,0,0,39,26,65,0,0,56,51,107,20,56,76,183
10/29/2010,WDG,OK,ASW,CE,Federal Contract Tower,0,0,7,14,21,0,0,22,13,35,0,0,29,27,56,0,10,10,66
10/30/2010,WDG,OK,ASW,CE,Federal Contract Tower,0,0,9,1,10,0,0,30,1,31,0,0,39,2,41,48,6,54,95
10/31/2010,WDG,OK,ASW,CE,Federal Contract Tower,0,0,2,7,9,0,0,13,7,20,0,0,15,14,29,0,0,0,29
11/01/2010,WDG,OK,ASW,CE,Federal Contract Tower,0,2,8,14,24,0,0,17,23,40,0,2,25,37,64,0,39,39,103
11/02/2010,WDG,OK,ASW,CE,Federal Contract Tower,0,2,10,22,34,0,0,6,22,28,0,2,16,44,62,36,0,36,98
11/03/2010,WDG,OK,ASW,CE,Federal Contract Tower,0,0,7,24,31,0,0,7,24,31,0,0,14,48,62,2,10,12,74
11/04/2010,WDG,OK,ASW,CE,Federal Contract Tower,0,0,6,30,36,0,0,18,30,48,0,0,24,60,84,6,18,24,108
11/05/2010,WDG,OK,ASW,CE,Federal Contract Tower,0,2,4,33,39,0,0,32,35,67,0,2,36,68,106,6,48,54,160
11/06/2010,WDG,OK,ASW,CE,Federal Contract Tower,0,0,6,0,6,0,0,33,1,34,0,0,39,1,40,20,0,20,60
11/07/2010,WDG,OK,ASW,CE,Federal Contract Tower,0,0,5,4,9,0,0,13,3,16,0,0,18,7,25,0,0,0,25
11/08/2010,WDG,OK,ASW,CE,Federal Contract Tower,0,2,3,15,20,0,0,9,22,31,0,2,12,37,51,0,97,97,148
11/09/2010,WDG,OK,ASW,CE,Federal Contract Tower,0,0,9,19,28,0,0,10,21,31,0,0,19,40,59,0,122,122,181
11/10/2010,WDG,OK,ASW,CE,Federal Contract Tower,0,0,11,22,33,0,0,20,24,44,0,0,31,46,77,28,118,146,223
11/11/2010,WDG,OK,ASW,CE,Federal Contract Tower,0,0,13,1,14,0,0,2,0,2,0,0,15,1,16,0,0,0,16
11/12/2010,WDG,OK,ASW,CE,Federal Contract Tower,0,0,8,2,10,0,0,0,0,0,0,0,8,2,10,0,0,0,10
11/13/2010,WDG,OK,ASW,CE,Federal Contract Tower,0,2,4,1,7,0,0,41,0,41,0,2,45,1,48,29,0,29,77
11/14/2010,WDG,OK,ASW,CE,Federal Contract Tower,0,0,7,3,10,0,0,24,2,26,0,0,31,5,36,42,0,42,78
11/15/2010,WDG,OK,ASW,CE,Federal Contract Tower,0,0,13,16,29,0,0,4,15,19,0,0,17,31,48,0,20,20,68
11/16/2010,WDG,OK,ASW,CE,Federal Contract Tower,0,0,14,19,33,0,0,16,23,39,0,0,30,42,72,14,20,34,106
11/17/2010,WDG,OK,ASW,CE,Federal Contract Tower,0,2,9,6,17,0,0,5,8,13,0,2,14,14,30,16,18,34,64
11/18/2010,WDG,OK,ASW,CE,Federal Contract Tower,0,2,12,10,24,0,0,12,13,25,0,2,24,23,49,21,78,99,148
11/19/2010,WDG,OK,ASW,CE,Federal Contract Tower,0,2,13,29,44,0,0,5,34,39,0,2,18,63,83,3,52,55,138
11/20/2010,WDG,OK,ASW,CE,Federal Contract Tower,0,2,4,2,8,0,0,23,2,25,0,2,27,4,33,26,4,30,63
11/21/2010,WDG,OK,ASW,CE,Federal Contract Tower,0,0,4,5,9,0,0,10,5,15,0,0,14,10,24,0,0,0,24
11/22/2010,WDG,OK,ASW,CE,Federal Contract Tower,0,0,8,34,42,0,0,17,35,52,0,0,25,69,94,4,28,32,126
11/23/2010,WDG,OK,ASW,CE,Federal Contract Tower,0,2,17,24,43,0,0,13,28,41,0,2,30,52,84,3,16,19,103
11/24/2010,WDG,OK,ASW,CE,Federal Contract Tower,0,2,10,15,27,0,0,4,19,23,0,2,14,34,50,0,48,48,98
11/25/2010,WDG,OK,ASW,CE,Federal Contract Tower,0,0,3,0,3,0,0,13,0,13,0,0,16,0,16,4,0,4,20
11/26/2010,WDG,OK,ASW,CE,Federal Contract Tower,0,2,9,0,11,0,0,11,0,11,0,2,20,0,22,18,0,18,40
11/27/2010,WDG,OK,ASW,CE,Federal Contract Tower,0,1,4,0,5,0,1,35,0,36,0,2,39,0,41,16,0,16,57
11/28/2010,WDG,OK,ASW,CE,Federal Contract Tower,0,0,10,0,10,0,0,10,0,10,0,0,20,0,20,0,0,0,20
11/29/2010,WDG,OK,ASW,CE,Federal Contract Tower,0,2,11,16,29,0,0,10,16,26,0,2,21,32,55,0,0,0,55
11/30/2010,WDG,OK,ASW,CE,Federal Contract Tower,0,2,5,40,47,0,0,15,39,54,0,2,20,79,101,2,78,80,181
12/01/2010,WDG,OK,ASW,CE,Federal Contract Tower,0,2,12,32,46,0,0,21,36,57,0,2,33,68,103,0,69,69,172
12/02/2010,WDG,OK,ASW,CE,Federal Contract Tower,0,2,12,27,41,0,0,15,29,44,0,2,27,56,85,16,48,64,149
12/03/2010,WDG,OK,ASW,CE,Federal Contract Tower,0,0,10,22,32,0,0,30,20,50,0,0,40,42,82,18,9,27,109
12/04/2010,WDG,OK,ASW,CE,Federal Contract Tower,0,2,5,0,7,0,0,23,0,23,0,2,28,0,30,2,0,2,32
12/05/2010,WDG,OK,ASW,CE,Federal Contract Tower,0,0,18,14,32,0,0,0,0,0,0,0,18,14,32,9,0,9,41
12/06/2010,WDG,OK,ASW,CE,Federal Contract Tower,0,2,10,15,27,0,0,11,21,32,0,2,21,36,59,0,24,24,83
12/07/2010,WDG,OK,ASW,CE,Federal Contract Tower,0,2,8,36,46,0,0,7,38,45,0,2,15,74,91,36,52,88,179
12/08/2010,WDG,OK,ASW,CE,Federal Contract Tower,0,2,10,25,37,0,0,6,25,31,0,2,16,50,68,0,0,0,68
12/09/2010,WDG,OK,ASW,CE,Federal Contract Tower,0,0,11,19,30,0,0,17,21,38,0,0,28,40,68,42,32,74,142
12/10/2010,WDG,OK,ASW,CE,Federal Contract Tower,0,0,7,31,38,0,0,31,33,64,0,0,38,64,102,34,76,110,212
12/11/2010,WDG,OK,ASW,CE,Federal Contract Tower,0,1,0,0,1,0,0,1,0,1,0,1,1,0,2,0,0,0,2
12/12/2010,WDG,OK,ASW,CE,Federal Contract Tower,0,0,0,15,15,0,0,7,16,23,0,0,7,31,38,0,6,6,44
12/13/2010,WDG,OK,ASW,CE,Federal Contract Tower,0,2,4,29,35,0,0,27,31,58,0,2,31,60,93,30,47,77,170
12/14/2010,WDG,OK,ASW,CE,Federal Contract Tower,0,2,11,18,31,0,0,27,24,51,0,2,38,42,82,38,46,84,166
12/15/2010,WDG,OK,ASW,CE,Federal Contract Tower,0,0,9,19,28,0,0,33,19,52,0,0,42,38,80,38,22,60,140
12/16/2010,WDG,OK,ASW,CE,Federal Contract Tower,0,0,6,22,28,0,2,16,21,39,0,2,22,43,67,16,58,74,141
12/17/2010,WDG,OK,ASW,CE,Federal Contract Tower,0,2,7,54,63,0,0,8,56,64,0,2,15,110,127,10,84,94,221
12/18/2010,WDG,OK,ASW,CE,Federal Contract Tower,0,0,9,1,10,0,0,17,0,17,0,0,26,1,27,10,0,10,37
12/19/2010,WDG,OK,ASW,CE,Federal Contract Tower,0,0,0,7,7,0,0,26,7,33,0,0,26,14,40,4,2,6,46
12/20/2010,WDG,OK,ASW,CE,Federal Contract Tower,0,2,2,12,16,0,0,21,12,33,0,2,23,24,49,8,14,22,71
12/21/2010,WDG,OK,ASW,CE,Federal Contract Tower,0,0,11,27,38,0,0,6,26,32,0,0,17,53,70,0,14,14,84
12/22/2010,WDG,OK,ASW,CE,Federal Contract Tower,0,0,5,17,22,0,0,22,20,42,0,0,27,37,64,0,20,20,84
12/23/2010,WDG,OK,ASW,CE,Federal Contract Tower,0,2,4,0,6,0,0,5,0,5,0,2,9,0,11,0,0,0,11
12/24/2010,WDG,OK,ASW,CE,Federal Contract Tower,0,2,0,0,2,0,0,0,0,0,0,2,0,0,2,0,0,0,2
12/25/2010,WDG,OK,ASW,CE,Federal Contract Tower,0,0,1,0,1,0,0,2,0,2,0,0,3,0,3,0,0,0,3
12/26/2010,WDG,OK,ASW,CE,Federal Contract Tower,0,0,3,0,3,0,0,8,0,8,0,0,11,0,11,0,0,0,11
12/27/2010,WDG,OK,ASW,CE,Federal Contract Tower,1,0,5,0,6,0,1,21,0,22,1,1,26,0,28,10,0,10,38
12/28/2010,WDG,OK,ASW,CE,Federal Contract Tower,0,0,7,0,7,0,0,47,0,47,0,0,54,0,54,14,0,14,68
12/29/2010,WDG,OK,ASW,CE,Federal Contract Tower,0,2,3,0,5,0,0,4,0,4,0,2,7,0,9,2,0,2,11
12/30/2010,WDG,OK,ASW,CE,Federal Contract Tower,0,2,5,0,7,0,0,17,0,17,0,2,22,0,24,6,0,6,30
12/31/2010,WDG,OK,ASW,CE,Federal Contract Tower,0,2,2,0,4,0,0,21,0,21,0,2,23,0,25,44,0,44,69
01/01/2011,WDG,OK,ASW,CE,Federal Contract Tower,0,0,2,0,2,0,0,10,0,10,0,0,12,0,12,2,0,2,14
01/02/2011,WDG,OK,ASW,CE,Federal Contract Tower,0,0,4,0,4,0,0,15,0,15,0,0,19,0,19,0,0,0,19
01/03/2011,WDG,OK,ASW,CE,Federal Contract Tower,0,0,8,0,8,0,0,21,0,21,0,0,29,0,29,6,0,6,35
01/04/2011,WDG,OK,ASW,CE,Federal Contract Tower,0,2,9,31,42,0,0,10,46,56,0,2,19,77,98,8,94,102,200
01/05/2011,WDG,OK,ASW,CE,Federal Contract Tower,0,2,8,15,25,0,0,14,21,35,0,2,22,36,60,2,116,118,178
01/06/2011,WDG,OK,ASW,CE,Federal Contract Tower,0,2,3,40,45,0,0,16,42,58,0,2,19,82,103,26,80,106,209
01/07/2011,WDG,OK,ASW,CE,Federal Contract Tower,0,2,9,36,47,0,0,38,44,82,0,2,47,80,129,0,105,105,234
01/08/2011,WDG,OK,ASW,CE,Federal Contract Tower,0,1,4,22,27,0,1,34,10,45,0,2,38,32,72,36,18,54,126
01/09/2011,WDG,OK,ASW,CE,Federal Contract Tower,0,0,4,0,4,0,0,0,0,0,0,0,4,0,4,0,0,0,4
01/10/2011,WDG,OK,ASW,CE,Federal Contract Tower,0,2,6,0,8,0,0,0,0,0,0,2,6,0,8,0,0,0,8
01/11/2011,WDG,OK,ASW,CE,Federal Contract Tower,0,2,4,4,10,0,0,6,4,10,0,2,10,8,20,0,0,0,20
01/12/2011,WDG,OK,ASW,CE,Federal Contract Tower,0,2,6,15,23,0,0,8,19,27,0,2,14,34,50,0,68,68,118
01/13/2011,WDG,OK,ASW,CE,Federal Contract Tower,0,2,8,32,42,0,0,8,38,46,0,2,16,70,88,22,31,53,141
01/14/2011,WDG,OK,ASW,CE,Federal Contract Tower,0,0,15,37,52,0,0,9,42,51,0,0,24,79,103,0,35,35,138
01/15/2011,WDG,OK,ASW,CE,Federal Contract Tower,0,2,4,8,14,0,0,20,0,20,0,2,24,8,34,24,10,34,68
01/16/2011,WDG,OK,ASW,CE,Federal Contract Tower,0,0,12,0,12,0,0,10,3,13,0,0,22,3,25,8,24,32,57
01/17/2011,WDG,OK,ASW,CE,Federal Contract Tower,0,2,4,8,14,0,0,7,4,11,0,2,11,12,25,0,8,8,33
01/18/2011,WDG,OK,ASW,CE,Federal Contract Tower,0,2,9,32,43,0,0,6,31,37,0,2,15,63,80,0,64,64,144
01/19/2011,WDG,OK,ASW,CE,Federal Contract Tower,0,0,5,36,41,0,0,7,35,42,0,0,12,71,83,38,0,38,121
01/20/2011,WDG,OK,ASW,CE,Federal Contract Tower,0,0,6,5,11,0,0,5,5,10,0,0,11,10,21,4,0,4,25
01/21/2011,WDG,OK,ASW,CE,Federal Contract Tower,0,0,7,34,41,0,0,11,48,59,0,0,18,82,100,50,66,116,216
01/22/2011,WDG,OK,ASW,CE,Federal Contract Tower,0,0,3,1,4,0,0,25,1,26,0,0,28,2,30,12,2,14,44
01/23/2011,WDG,OK,ASW,CE,Federal Contract Tower,0,0,1,7,8,0,0,8,0,8,0,0,9,7,16,0,0,0,16
01/24/2011,WDG,OK,ASW,CE,Federal Contract Tower,0,2,3,32,37,0,0,6,34,40,0,2,9,66,77,36,84,120,197
01/25/2011,WDG,OK,ASW,CE,Federal Contract Tower,0,2,6,36,44,0,0,13,39,52,0,2,19,75,96,12,44,56,152
01/26/2011,WDG,OK,ASW,CE,Federal Contract Tower,0,2,5,30,37,0,0,8,35,43,0,2,13,65,80,0,34,34,114
01/27/2011,WDG,OK,ASW,CE,Federal Contract Tower,0,2,3,16,21,0,0,29,32,61,0,2,32,48,82,0,102,102,184
01/28/2011,WDG,OK,ASW,CE,Federal Contract Tower,0,2,7,29,38,0,0,39,30,69,0,2,46,59,107,11,116,127,234
01/29/2011,WDG,OK,ASW,CE,Federal Contract Tower,0,0,5,7,12,0,0,53,3,56,0,0,58,10,68,27,11,38,106
01/30/2011,WDG,OK,ASW,CE,Federal Contract Tower,0,0,7,22,29,0,0,4,0,4,0,0,11,22,33,0,0,0,33
01/31/2011,WDG,OK,ASW,CE,Federal Contract Tower,0,2,2,1,5,0,0,0,0,0,0,2,2,1,5,0,0,0,5
02/01/2011,WDG,OK,ASW,CE,Federal Contract Tower,0,0,0,0,0,0,0,0,0,0,0,0,0,0,0,0,0,0,0
02/02/2011,WDG,OK,ASW,CE,Federal Contract Tower,0,0,8,0,8,0,0,0,0,0,0,0,8,0,8,0,0,0,8
02/03/2011,WDG,OK,ASW,CE,Federal Contract Tower,0,0,8,12,20,0,0,4,11,15,0,0,12,23,35,0,10,10,45
02/04/2011,WDG,OK,ASW,CE,Federal Contract Tower,0,3,6,33,42,0,0,6,50,56,0,3,12,83,98,12,217,229,327
02/05/2011,WDG,OK,ASW,CE,Federal Contract Tower,0,2,6,8,16,0,0,27,0,27,0,2,33,8,43,10,16,26,69
02/06/2011,WDG,OK,ASW,CE,Federal Contract Tower,0,0,1,7,8,0,0,2,3,5,0,0,3,10,13,0,0,0,13
02/07/2011,WDG,OK,ASW,CE,Federal Contract Tower,0,0,7,39,46,0,0,9,39,48,0,0,16,78,94,4,24,28,122
02/08/2011,WDG,OK,ASW,CE,Federal Contract Tower,0,0,4,0,4,0,0,1,0,1,0,0,5,0,5,0,0,0,5
02/09/2011,WDG,OK,ASW,CE,Federal Contract Tower,0,2,0,0,2,0,0,2,0,2,0,2,2,0,4,0,0,0,4
02/10/2011,WDG,OK,ASW,CE,Federal Contract Tower,0,2,2,0,4,0,0,4,0,4,0,2,6,0,8,0,0,0,8
02/11/2011,WDG,OK,ASW,CE,Federal Contract Tower,0,2,11,29,42,0,0,7,23,30,0,2,18,52,72,10,22,32,104
02/12/2011,WDG,OK,ASW,CE,Federal Contract Tower,0,1,0,18,19,0,1,24,8,33,0,2,24,26,52,30,30,60,112
02/13/2011,WDG,OK,ASW,CE,Federal Contract Tower,0,0,6,23,29,0,1,31,9,41,0,1,37,32,70,2,16,18,88
02/14/2011,WDG,OK,ASW,CE,Federal Contract Tower,0,0,7,30,37,0,0,17,35,52,0,0,24,65,89,6,0,6,95
02/15/2011,WDG,OK,ASW,CE,Federal Contract Tower,0,2,5,39,46,0,0,10,44,54,0,2,15,83,100,0,100,100,200
02/16/2011,WDG,OK,ASW,CE,Federal Contract Tower,0,2,10,46,58,0,0,9,44,53,0,2,19,90,111,4,18,22,133
02/17/2011,WDG,OK,ASW,CE,Federal Contract Tower,0,2,5,43,50,0,0,12,47,59,0,2,17,90,109,10,66,76,185
02/18/2011,WDG,OK,ASW,CE,Federal Contract Tower,0,2,9,29,40,0,0,23,27,50,0,2,32,56,90,0,47,47,137
02/19/2011,WDG,OK,ASW,CE,Federal Contract Tower,0,2,6,13,21,0,0,9,11,20,0,2,15,24,41,10,16,26,67
02/20/2011,WDG,OK,ASW,CE,Federal Contract Tower,0,0,4,26,30,0,0,4,5,9,0,0,8,31,39,0,34,34,73
02/21/2011,WDG,OK,ASW,CE,Federal Contract Tower,0,2,6,25,33,0,0,12,12,24,0,2,18,37,57,0,40,40,97
02/22/2011,WDG,OK,ASW,CE,Federal Contract Tower,0,2,15,22,39,0,0,11,16,27,0,2,26,38,66,0,35,35,101
02/23/2011,WDG,OK,ASW,CE,Federal Contract Tower,0,2,10,17,29,0,0,10,16,26,0,2,20,33,55,0,5,5,60
02/24/2011,WDG,OK,ASW,CE,Federal Contract Tower,0,2,5,4,11,0,0,0,0,0,0,2,5,4,11,0,0,0,11
02/25/2011,WDG,OK,ASW,CE,Federal Contract Tower,0,0,8,7,15,0,0,4,1,5,0,0,12,8,20,0,0,0,20
02/26/2011,WDG,OK,ASW,CE,Federal Contract Tower,0,4,4,4,12,0,0,1,2,3,0,4,5,6,15,0,2,2,17
02/27/2011,WDG,OK,ASW,CE,Federal Contract Tower,0,0,5,15,20,0,0,2,11,13,0,0,7,26,33,0,5,5,38
02/28/2011,WDG,OK,ASW,CE,Federal Contract Tower,0,2,3,37,42,0,0,13,42,55,0,2,16,79,97,4,50,54,151
03/01/2011,WDG,OK,ASW,CE,Federal Contract Tower,0,2,9,31,42,0,0,15,31,46,0,2,24,62,88,14,74,88,176
03/02/2011,WDG,OK,ASW,CE,Federal Contract Tower,0,2,10,34,46,0,0,32,30,62,0,2,42,64,108,14,156,170,278
03/03/2011,WDG,OK,ASW,CE,Federal Contract Tower,0,0,13,25,38,0,0,16,35,51,0,0,29,60,89,18,124,142,231
03/04/2011,WDG,OK,ASW,CE,Federal Contract Tower,0,0,11,42,53,0,0,3,22,25,0,0,14,64,78,4,66,70,148
03/05/2011,WDG,OK,ASW,CE,Federal Contract Tower,0,0,6,24,30,0,0,17,12,29,0,0,23,36,59,0,42,42,101
03/06/2011,WDG,OK,ASW,CE,Federal Contract Tower,0,0,6,25,31,0,0,19,25,44,0,0,25,50,75,20,33,53,128
03/07/2011,WDG,OK,ASW,CE,Federal Contract Tower,0,2,6,14,22,0,0,3,20,23,0,2,9,34,45,0,97,97,142
03/08/2011,WDG,OK,ASW,CE,Federal Contract Tower,0,2,7,29,38,0,0,0,0,0,0,2,7,29,38,0,0,0,38
03/09/2011,WDG,OK,ASW,CE,Federal Contract Tower,0,0,9,19,28,0,0,18,21,39,0,0,27,40,67,26,14,40,107
03/10/2011,WDG,OK,ASW,CE,Federal Contract Tower,0,0,11,24,35,0,0,31,32,63,0,0,42,56,98,2,132,134,232
03/11/2011,WDG,OK,ASW,CE,Federal Contract Tower,0,2,7,6,15,0,0,24,5,29,0,2,31,11,44,2,101,103,147
03/12/2011,WDG,OK,ASW,CE,Federal Contract Tower,0,0,11,2,13,0,0,21,2,23,0,0,32,4,36,26,13,39,75
03/13/2011,WDG,OK,ASW,CE,Federal Contract Tower,0,0,10,14,24,0,0,6,10,16,0,0,16,24,40,0,0,0,40
03/14/2011,WDG,OK,ASW,CE,Federal Contract Tower,0,2,3,49,54,0,0,2,49,51,0,2,5,98,105,0,8,8,113
03/15/2011,WDG,OK,ASW,CE,Federal Contract Tower,0,0,12,19,31,0,0,17,21,38,0,0,29,40,69,8,56,64,133
03/16/2011,WDG,OK,ASW,CE,Federal Contract Tower,0,0,8,43,51,0,0,19,45,64,0,0,27,88,115,6,68,74,189
03/17/2011,WDG,OK,ASW,CE,Federal Contract Tower,0,2,9,31,42,0,0,5,34,39,0,2,14,65,81,0,11,11,92
03/18/2011,WDG,OK,ASW,CE,Federal Contract Tower,0,2,11,25,38,0,0,7,24,31,0,2,18,49,69,2,7,9,78
03/19/2011,WDG,OK,ASW,CE,Federal Contract Tower,0,2,5,1,8,0,0,3,0,3,0,2,8,1,11,47,6,53,64
03/20/2011,WDG,OK,ASW,CE,Federal Contract Tower,0,0,6,17,23,0,0,13,16,29,0,0,19,33,52,18,0,18,70
03/21/2011,WDG,OK,ASW,CE,Federal Contract Tower,0,2,7,33,42,0,0,6,33,39,0,2,13,66,81,0,22,22,103
03/22/2011,WDG,OK,ASW,CE,Federal Contract Tower,0,0,9,4,13,0,0,2,12,14,0,0,11,16,27,0,20,20,47
03/23/2011,WDG,OK,ASW,CE,Federal Contract Tower,0,2,1,24,27,0,0,20,25,45,0,2,21,49,72,12,23,35,107
03/24/2011,WDG,OK,ASW,CE,Federal Contract Tower,0,2,5,19,26,0,0,18,23,41,0,2,23,42,67,9,12,21,88
03/25/2011,WDG,OK,ASW,CE,Federal Contract Tower,0,2,12,13,27,0,0,20,13,33,0,2,32,26,60,4,23,27,87
03/26/2011,WDG,OK,ASW,CE,Federal Contract Tower,0,2,8,4,14,0,0,0,0,0,0,2,8,4,14,0,0,0,14
03/27/2011,WDG,OK,ASW,CE,Federal Contract Tower,0,0,9,12,21,0,0,3,10,13,0,0,12,22,34,0,0,0,34
03/28/2011,WDG,OK,ASW,CE,Federal Contract Tower,0,2,5,29,36,0,0,10,32,42,0,2,15,61,78,7,62,69,147
03/29/2011,WDG,OK,ASW,CE,Federal Contract Tower,0,2,7,25,34,0,0,4,25,29,0,2,11,50,63,60,2,62,125
03/30/2011,WDG,OK,ASW,CE,Federal Contract Tower,0,2,5,29,36,0,0,5,31,36,0,2,10,60,72,0,12,12,84
03/31/2011,WDG,OK,ASW,CE,Federal Contract Tower,0,2,5,14,21,0,0,13,14,27,0,2,18,28,48,0,6,6,54
04/01/2011,WDG,OK,ASW,CE,Federal Contract Tower,0,2,3,14,19,0,0,15,18,33,0,2,18,32,52,78,66,144,196
04/02/2011,WDG,OK,ASW,CE,Federal Contract Tower,0,2,1,0,3,0,0,35,0,35,0,2,36,0,38,100,0,100,138
04/03/2011,WDG,OK,ASW,CE,Federal Contract Tower,0,0,2,3,5,0,0,2,3,5,0,0,4,6,10,0,0,0,10
04/04/2011,WDG,OK,ASW,CE,Federal Contract Tower,0,2,1,16,19,0,0,0,27,27,0,2,1,43,46,0,115,115,161
04/05/2011,WDG,OK,ASW,CE,Federal Contract Tower,0,2,13,20,35,0,0,11,22,33,0,2,24,42,68,9,37,46,114
04/06/2011,WDG,OK,ASW,CE,Federal Contract Tower,0,2,2,22,26,0,0,14,24,38,0,2,16,46,64,58,26,84,148
04/07/2011,WDG,OK,ASW,CE,Federal Contract Tower,0,2,13,26,41,0,0,19,32,51,0,2,32,58,92,30,79,109,201
04/08/2011,WDG,OK,ASW,CE,Federal Contract Tower,0,0,16,25,41,0,0,16,27,43,0,0,32,52,84,16,82,98,182
04/09/2011,WDG,OK,ASW,CE,Federal Contract Tower,0,1,8,10,19,0,1,13,3,17,0,2,21,13,36,0,6,6,42
04/10/2011,WDG,OK,ASW,CE,Federal Contract Tower,0,0,4,4,8,0,0,8,0,8,0,0,12,4,16,4,0,4,20
04/11/2011,WDG,OK,ASW,CE,Federal Contract Tower,0,2,7,48,57,0,0,15,61,76,0,2,22,109,133,42,64,106,239
04/12/2011,WDG,OK,ASW,CE,Federal Contract Tower,0,2,9,22,33,0,0,21,26,47,0,2,30,48,80,52,116,168,248
04/13/2011,WDG,OK,ASW,CE,Federal Contract Tower,0,2,14,17,33,0,0,17,21,38,0,2,31,38,71,2,47,49,120
04/14/2011,WDG,OK,ASW,CE,Federal Contract Tower,0,0,5,28,33,0,0,10,32,42,0,0,15,60,75,0,50,50,125
04/15/2011,WDG,OK,ASW,CE,Federal Contract Tower,0,0,7,0,7,0,0,0,0,0,0,0,7,0,7,0,0,0,7
04/16/2011,WDG,OK,ASW,CE,Federal Contract Tower,0,0,4,0,4,0,0,41,0,41,0,0,45,0,45,48,0,48,93
04/17/2011,WDG,OK,ASW,CE,Federal Contract Tower,0,0,2,1,3,0,0,13,1,14,0,0,15,2,17,0,0,0,17
04/18/2011,WDG,OK,ASW,CE,Federal Contract Tower,0,2,0,18,20,0,0,33,26,59,0,2,33,44,79,10,142,152,231
04/19/2011,WDG,OK,ASW,CE,Federal Contract Tower,0,2,8,20,30,0,0,11,22,33,0,2,19,42,63,2,29,31,94
04/20/2011,WDG,OK,ASW,CE,Federal Contract Tower,0,0,9,34,43,0,0,9,36,45,0,0,18,70,88,0,34,34,122
04/21/2011,WDG,OK,ASW,CE,Federal Contract Tower,0,0,17,25,42,0,0,2,25,27,0,0,19,50,69,0,0,0,69
04/22/2011,WDG,OK,ASW,CE,Federal Contract Tower,0,2,0,30,32,0,0,20,36,56,0,2,20,66,88,23,164,187,275
04/23/2011,WDG,OK,ASW,CE,Federal Contract Tower,0,0,4,0,4,0,0,14,0,14,0,0,18,0,18,0,0,0,18
04/24/2011,WDG,OK,ASW,CE,Federal Contract Tower,0,0,2,0,2,0,0,0,0,0,0,0,2,0,2,0,0,0,2
04/25/2011,WDG,OK,ASW,CE,Federal Contract Tower,0,2,9,17,28,0,0,5,0,5,0,2,14,17,33,0,0,0,33
04/26/2011,WDG,OK,ASW,CE,Federal Contract Tower,0,0,17,26,43,0,0,26,32,58,0,0,43,58,101,10,76,86,187
04/27/2011,WDG,OK,ASW,CE,Federal Contract Tower,0,0,11,36,47,0,0,11,42,53,0,0,22,78,100,0,64,64,164
04/28/2011,WDG,OK,ASW,CE,Federal Contract Tower,0,2,4,18,24,0,0,14,27,41,0,2,18,45,65,5,111,116,181
04/29/2011,WDG,OK,ASW,CE,Federal Contract Tower,0,2,12,3,17,0,0,8,3,11,0,2,20,6,28,0,0,0,28
04/30/2011,WDG,OK,ASW,CE,Federal Contract Tower,0,0,5,5,10,0,0,22,2,24,0,0,27,7,34,14,12,26,60
05/01/2011,WDG,OK,ASW,CE,Federal Contract Tower,0,0,8,17,25,0,0,4,8,12,0,0,12,25,37,0,0,0,37
05/02/2011,WDG,OK,ASW,CE,Federal Contract Tower,0,0,8,15,23,0,0,19,16,35,0,0,27,31,58,16,32,48,106
05/03/2011,WDG,OK,ASW,CE,Federal Contract Tower,0,0,13,26,39,0,0,27,34,61,0,0,40,60,100,2,66,68,168
05/04/2011,WDG,OK,ASW,CE,Federal Contract Tower,0,2,12,20,34,0,1,13,29,43,0,3,25,49,77,0,73,73,150
05/05/2011,WDG,OK,ASW,CE,Federal Contract Tower,0,2,9,24,35,0,0,22,26,48,0,2,31,50,83,0,26,26,109
05/06/2011,WDG,OK,ASW,CE,Federal Contract Tower,0,2,7,33,42,0,0,18,36,54,0,2,25,69,96,30,52,82,178
05/07/2011,WDG,OK,ASW,CE,Federal Contract Tower,0,1,0,16,17,0,1,28,4,33,0,2,28,20,50,13,41,54,104
05/08/2011,WDG,OK,ASW,CE,Federal Contract Tower,0,0,0,22,22,0,0,20,27,47,0,0,20,49,69,12,12,24,93
05/09/2011,WDG,OK,ASW,CE,Federal Contract Tower,0,0,8,26,34,0,0,20,27,47,0,0,28,53,81,4,0,4,85
05/10/2011,WDG,OK,ASW,CE,Federal Contract Tower,0,2,11,22,35,0,0,11,25,36,0,2,22,47,71,0,17,17,88
05/11/2011,WDG,OK,ASW,CE,Federal Contract Tower,0,2,4,13,19,0,0,2,13,15,0,2,6,26,34,0,0,0,34
05/12/2011,WDG,OK,ASW,CE,Federal Contract Tower,0,2,14,42,58,0,0,18,48,66,0,2,32,90,124,16,89,105,229
05/13/2011,WDG,OK,ASW,CE,Federal Contract Tower,0,2,7,37,46,0,0,6,39,45,0,2,13,76,91,0,8,8,99
05/14/2011,WDG,OK,ASW,CE,Federal Contract Tower,0,2,3,0,5,0,0,21,0,21,0,2,24,0,26,22,0,22,48
05/15/2011,WDG,OK,ASW,CE,Federal Contract Tower,0,0,6,2,8,0,0,21,3,24,0,0,27,5,32,10,0,10,42
05/16/2011,WDG,OK,ASW,CE,Federal Contract Tower,0,2,4,24,30,0,2,42,26,70,0,4,46,50,100,37,126,163,263
05/17/2011,WDG,OK,ASW,CE,Federal Contract Tower,0,2,3,28,33,0,0,26,30,56,0,2,29,58,89,2,96,98,187
05/18/2011,WDG,OK,ASW,CE,Federal Contract Tower,0,2,11,36,49,0,0,13,34,47,0,2,24,70,96,4,175,179,275
05/19/2011,WDG,OK,ASW,CE,Federal Contract Tower,0,2,3,12,17,0,0,2,14,16,0,2,5,26,33,0,14,14,47
05/20/2011,WDG,OK,ASW,CE,Federal Contract Tower,0,0,7,6,13,0,0,8,6,14,0,0,15,12,27,28,0,28,55
05/21/2011,WDG,OK,ASW,CE,Federal Contract Tower,0,2,9,0,11,0,0,61,0,61,0,2,70,0,72,34,0,34,106
05/22/2011,WDG,OK,ASW,CE,Federal Contract Tower,0,0,9,5,14,0,0,32,5,37,0,0,41,10,51,8,0,8,59
05/23/2011,WDG,OK,ASW,CE,Federal Contract Tower,0,2,2,13,17,0,0,15,15,30,0,2,17,28,47,2,91,93,140
05/24/2011,WDG,OK,ASW,CE,Federal Contract Tower,0,2,5,22,29,0,0,6,22,28,0,2,11,44,57,0,52,52,109
05/25/2011,WDG,OK,ASW,CE,Federal Contract Tower,0,2,7,0,9,0,0,8,0,8,0,2,15,0,17,0,0,0,17
05/26/2011,WDG,OK,ASW,CE,Federal Contract Tower,0,2,9,7,18,0,0,32,8,40,0,2,41,15,58,60,16,76,134
05/27/2011,WDG,OK,ASW,CE,Federal Contract Tower,0,0,13,11,24,0,0,12,20,32,0,0,25,31,56,2,62,64,120
05/28/2011,WDG,OK,ASW,CE,Federal Contract Tower,0,0,6,5,11,0,0,18,0,18,0,0,24,5,29,0,0,0,29
05/29/2011,WDG,OK,ASW,CE,Federal Contract Tower,0,0,3,0,3,0,0,3,0,3,0,0,6,0,6,0,0,0,6
05/30/2011,WDG,OK,ASW,CE,Federal Contract Tower,0,0,4,4,8,0,0,1,0,1,0,0,5,4,9,0,0,0,9
05/31/2011,WDG,OK,ASW,CE,Federal Contract Tower,0,4,7,35,46,0,0,2,40,42,0,4,9,75,88,0,11,11,99
06/01/2011,WDG,OK,ASW,CE,Federal Contract Tower,0,0,10,16,26,0,0,11,20,31,0,0,21,36,57,2,34,36,93
06/02/2011,WDG,OK,ASW,CE,Federal Contract Tower,0,0,12,12,24,0,0,11,14,25,0,0,23,26,49,8,20,28,77
06/03/2011,WDG,OK,ASW,CE,Federal Contract Tower,0,2,8,22,32,0,0,14,30,44,0,2,22,52,76,0,19,19,95
06/04/2011,WDG,OK,ASW,CE,Federal Contract Tower,0,0,6,5,11,0,1,32,6,39,0,1,38,11,50,4,6,10,60
06/05/2011,WDG,OK,ASW,CE,Federal Contract Tower,0,0,3,13,16,0,0,12,8,20,0,0,15,21,36,8,2,10,46
06/06/2011,WDG,OK,ASW,CE,Federal Contract Tower,0,2,8,30,40,0,0,20,31,51,0,2,28,61,91,18,0,18,109
06/07/2011,WDG,OK,ASW,CE,Federal Contract Tower,0,0,9,19,28,0,0,18,21,39,0,0,27,40,67,0,12,12,79
06/08/2011,WDG,OK,ASW,CE,Federal Contract Tower,0,0,12,17,29,0,0,12,21,33,0,0,24,38,62,0,52,52,114
06/09/2011,WDG,OK,ASW,CE,Federal Contract Tower,0,2,7,36,45,0,0,13,37,50,0,2,20,73,95,0,25,25,120
06/10/2011,WDG,OK,ASW,CE,Federal Contract Tower,0,2,6,21,29,0,0,12,22,34,0,2,18,43,63,0,19,19,82
06/11/2011,WDG,OK,ASW,CE,Federal Contract Tower,0,2,3,3,8,0,0,19,4,23,0,2,22,7,31,11,2,13,44
06/12/2011,WDG,OK,ASW,CE,Federal Contract Tower,0,0,4,12,16,0,0,23,11,34,0,0,27,23,50,4,0,4,54
06/13/2011,WDG,OK,ASW,CE,Federal Contract Tower,0,0,7,23,30,0,0,15,23,38,0,0,22,46,68,14,44,58,126
06/14/2011,WDG,OK,ASW,CE,Federal Contract Tower,0,0,12,46,58,0,0,34,31,65,0,0,46,77,123,12,70,82,205
06/15/2011,WDG,OK,ASW,CE,Federal Contract Tower,0,2,6,40,48,0,0,20,40,60,0,2,26,80,108,2,10,12,120
06/16/2011,WDG,OK,ASW,CE,Federal Contract Tower,0,2,7,25,34,0,1,10,27,38,0,3,17,52,72,4,88,92,164
06/17/2011,WDG,OK,ASW,CE,Federal Contract Tower,0,2,5,15,22,0,0,29,16,45,0,2,34,31,67,2,88,90,157
06/18/2011,WDG,OK,ASW,CE,Federal Contract Tower,0,1,1,2,4,0,1,30,5,36,0,2,31,7,40,30,8,38,78
06/19/2011,WDG,OK,ASW,CE,Federal Contract Tower,0,0,7,14,21,0,0,12,16,28,0,0,19,30,49,2,16,18,67
06/20/2011,WDG,OK,ASW,CE,Federal Contract Tower,0,0,3,23,26,0,0,4,27,31,0,0,7,50,57,0,88,88,145
06/21/2011,WDG,OK,ASW,CE,Federal Contract Tower,0,2,6,10,18,0,0,23,14,37,0,2,29,24,55,6,23,29,84
06/22/2011,WDG,OK,ASW,CE,Federal Contract Tower,0,2,12,19,33,0,0,26,22,48,0,2,38,41,81,3,33,36,117
06/23/2011,WDG,OK,ASW,CE,Federal Contract Tower,0,2,4,30,36,0,0,24,30,54,0,2,28,60,90,24,4,28,118
06/24/2011,WDG,OK,ASW,CE,Federal Contract Tower,0,2,4,18,24,0,0,22,20,42,0,2,26,38,66,0,35,35,101
06/25/2011,WDG,OK,ASW,CE,Federal Contract Tower,0,2,11,0,13,0,0,22,4,26,0,2,33,4,39,0,6,6,45
06/26/2011,WDG,OK,ASW,CE,Federal Contract Tower,0,0,4,8,12,0,0,11,6,17,0,0,15,14,29,6,0,6,35
06/27/2011,WDG,OK,ASW,CE,Federal Contract Tower,0,2,8,20,30,0,0,15,20,35,0,2,23,40,65,0,16,16,81
06/28/2011,WDG,OK,ASW,CE,Federal Contract Tower,0,2,10,28,40,0,0,17,30,47,0,2,27,58,87,55,36,91,178
06/29/2011,WDG,OK,ASW,CE,Federal Contract Tower,0,2,7,20,29,0,0,14,23,37,0,2,21,43,66,0,84,84,150
06/30/2011,WDG,OK,ASW,CE,Federal Contract Tower,0,2,10,7,19,0,0,13,9,22,0,2,23,16,41,2,44,46,87
07/01/2011,WDG,OK,ASW,CE,Federal Contract Tower,0,0,8,0,8,0,0,18,1,19,0,0,26,1,27,0,0,0,27
07/02/2011,WDG,OK,ASW,CE,Federal Contract Tower,0,1,7,0,8,0,1,33,0,34,0,2,40,0,42,22,0,22,64
07/03/2011,WDG,OK,ASW,CE,Federal Contract Tower,0,0,4,0,4,0,0,10,0,10,0,0,14,0,14,10,0,10,24
07/04/2011,WDG,OK,ASW,CE,Federal Contract Tower,0,0,2,0,2,0,0,29,0,29,0,0,31,0,31,2,0,2,33
07/05/2011,WDG,OK,ASW,CE,Federal Contract Tower,0,2,3,11,16,0,0,12,17,29,0,2,15,28,45,0,45,45,90
07/06/2011,WDG,OK,ASW,CE,Federal Contract Tower,0,2,2,23,27,0,0,8,23,31,0,2,10,46,58,2,14,16,74
07/07/2011,WDG,OK,ASW,CE,Federal Contract Tower,0,0,6,15,21,0,0,15,24,39,0,0,21,39,60,14,110,124,184
07/08/2011,WDG,OK,ASW,CE,Federal Contract Tower,0,0,8,12,20,0,1,8,13,22,0,1,16,25,42,0,0,0,42
07/09/2011,WDG,OK,ASW,CE,Federal Contract Tower,0,0,2,2,4,0,0,32,14,46,0,0,34,16,50,0,4,4,54
07/10/2011,WDG,OK,ASW,CE,Federal Contract Tower,0,0,3,11,14,0,0,5,7,12,0,0,8,18,26,0,5,5,31
07/11/2011,WDG,OK,ASW,CE,Federal Contract Tower,0,2,2,14,18,0,0,23,18,41,0,2,25,32,59,5,24,29,88
07/12/2011,WDG,OK,ASW,CE,Federal Contract Tower,0,2,3,10,15,0,0,7,9,16,0,2,10,19,31,0,14,14,45
07/13/2011,WDG,OK,ASW,CE,Federal Contract Tower,0,0,10,8,18,0,0,15,12,27,0,0,25,20,45,20,32,52,97
07/14/2011,WDG,OK,ASW,CE,Federal Contract Tower,0,0,10,22,32,0,0,14,20,34,0,0,24,42,66,6,6,12,78
07/15/2011,WDG,OK,ASW,CE,Federal Contract Tower,0,2,8,11,21,0,0,30,12,42,0,2,38,23,63,7,69,76,139
07/16/2011,WDG,OK,ASW,CE,Federal Contract Tower,0,2,3,0,5,0,0,37,0,37,0,2,40,0,42,43,0,43,85
07/17/2011,WDG,OK,ASW,CE,Federal Contract Tower,0,0,4,15,19,0,0,8,15,23,0,0,12,30,42,0,0,0,42
07/18/2011,WDG,OK,ASW,CE,Federal Contract Tower,0,2,10,16,28,0,0,27,17,44,0,2,37,33,72,28,18,46,118
07/19/2011,WDG,OK,ASW,CE,Federal Contract Tower,0,0,11,17,28,0,0,19,23,42,0,0,30,40,70,8,18,26,96
07/20/2011,WDG,OK,ASW,CE,Federal Contract Tower,0,0,8,19,27,0,0,13,21,34,0,0,21,40,61,8,24,32,93
07/21/2011,WDG,OK,ASW,CE,Federal Contract Tower,0,2,8,26,36,0,0,16,26,42,0,2,24,52,78,4,16,20,98
07/22/2011,WDG,OK,ASW,CE,Federal Contract Tower,0,2,5,16,23,0,0,24,17,41,0,2,29,33,64,8,27,35,99
07/23/2011,WDG,OK,ASW,CE,Federal Contract Tower,0,2,3,0,5,0,0,35,0,35,0,2,38,0,40,22,0,22,62
07/24/2011,WDG,OK,ASW,CE,Federal Contract Tower,0,0,5,0,5,0,0,10,0,10,0,0,15,0,15,38,0,38,53
07/25/2011,WDG,OK,ASW,CE,Federal Contract Tower,0,0,7,31,38,0,0,15,35,50,0,0,22,66,88,38,118,156,244
07/26/2011,WDG,OK,ASW,CE,Federal Contract Tower,0,0,10,30,40,0,0,12,30,42,0,0,22,60,82,22,114,136,218
07/27/2011,WDG,OK,ASW,CE,Federal Contract Tower,0,2,16,23,41,0,0,15,25,40,0,2,31,48,81,3,85,88,169
07/28/2011,WDG,OK,ASW,CE,Federal Contract Tower,0,2,9,25,36,0,0,13,28,41,0,2,22,53,77,2,57,59,136
07/29/2011,WDG,OK,ASW,CE,Federal Contract Tower,0,2,12,7,21,0,0,8,13,21,0,2,20,20,42,10,44,54,96
07/30/2011,WDG,OK,ASW,CE,Federal Contract Tower,0,2,3,5,10,0,0,13,0,13,0,2,16,5,23,2,0,2,25
07/31/2011,WDG,OK,ASW,CE,Federal Contract Tower,0,0,4,9,13,0,0,8,11,19,0,0,12,20,32,2,12,14,46
08/01/2011,WDG,OK,ASW,CE,Federal Contract Tower,0,0,9,5,14,0,0,12,7,19,0,0,21,12,33,0,14,14,47
08/02/2011,WDG,OK,ASW,CE,Federal Contract Tower,0,2,7,10,19,0,0,11,10,21,0,2,18,20,40,15,15,30,70
08/03/2011,WDG,OK,ASW,CE,Federal Contract Tower,0,2,10,21,33,0,0,13,21,34,0,2,23,42,67,14,28,42,109
08/04/2011,WDG,OK,ASW,CE,Federal Contract Tower,0,2,10,8,20,0,0,12,12,24,0,2,22,20,44,4,42,46,90
08/05/2011,WDG,OK,ASW,CE,Federal Contract Tower,0,2,6,6,14,0,0,7,11,18,0,2,13,17,32,0,64,64,96
08/06/2011,WDG,OK,ASW,CE,Federal Contract Tower,0,1,5,0,6,0,1,24,0,25,0,2,29,0,31,70,0,70,101
08/07/2011,WDG,OK,ASW,CE,Federal Contract Tower,0,0,3,13,16,0,0,5,13,18,0,0,8,26,34,0,0,0,34
08/08/2011,WDG,OK,ASW,CE,Federal Contract Tower,0,2,1,23,26,0,0,11,25,36,0,2,12,48,62,0,26,26,88
08/09/2011,WDG,OK,ASW,CE,Federal Contract Tower,0,2,4,38,44,0,0,18,45,63,0,2,22,83,107,0,14,14,121
08/10/2011,WDG,OK,ASW,CE,Federal Contract Tower,0,2,5,13,20,0,0,7,13,20,0,2,12,26,40,0,0,0,40
08/11/2011,WDG,OK,ASW,CE,Federal Contract Tower,0,2,4,30,36,0,0,6,30,36,0,2,10,60,72,0,34,34,106
08/12/2011,WDG,OK,ASW,CE,Federal Contract Tower,0,0,11,22,33,0,0,19,27,46,0,0,30,49,79,20,94,114,193
08/13/2011,WDG,OK,ASW,CE,Federal Contract Tower,0,1,4,1,6,0,1,27,0,28,0,2,31,1,34,30,0,30,64
08/14/2011,WDG,OK,ASW,CE,Federal Contract Tower,0,0,5,11,16,0,0,23,11,34,0,0,28,22,50,16,0,16,66
08/15/2011,WDG,OK,ASW,CE,Federal Contract Tower,0,2,11,21,34,0,0,15,27,42,0,2,26,48,76,2,123,125,201
08/16/2011,WDG,OK,ASW,CE,Federal Contract Tower,0,2,15,23,40,0,0,15,30,45,0,2,30,53,85,0,88,88,173
08/17/2011,WDG,OK,ASW,CE,Federal Contract Tower,0,2,11,45,58,0,0,19,54,73,0,2,30,99,131,28,95,123,254
08/18/2011,WDG,OK,ASW,CE,Federal Contract Tower,0,0,13,25,38,0,0,20,29,49,0,0,33,54,87,26,120,146,233
08/19/2011,WDG,OK,ASW,CE,Federal Contract Tower,0,0,16,19,35,0,0,19,26,45,0,0,35,45,80,12,30,42,122
08/20/2011,WDG,OK,ASW,CE,Federal Contract Tower,0,0,7,11,18,0,0,24,1,25,0,0,31,12,43,10,20,30,73
08/21/2011,WDG,OK,ASW,CE,Federal Contract Tower,0,0,3,14,17,0,0,11,9,20,0,0,14,23,37,4,34,38,75
08/22/2011,WDG,OK,ASW,CE,Federal Contract Tower,0,2,8,24,34,0,0,4,27,31,0,2,12,51,65,19,48,67,132
08/23/2011,WDG,OK,ASW,CE,Federal Contract Tower,0,2,11,28,41,0,0,11,44,55,0,2,22,72,96,0,176,176,272
08/24/2011,WDG,OK,ASW,CE,Federal Contract Tower,0,0,5,26,31,0,0,14,26,40,0,0,19,52,71,16,36,52,123
08/25/2011,WDG,OK,ASW,CE,Federal Contract Tower,0,1,10,10,21,0,0,27,12,39,0,1,37,22,60,12,12,24,84
08/26/2011,WDG,OK,ASW,CE,Federal Contract Tower,0,2,6,20,28,0,0,17,24,41,0,2,23,44,69,20,36,56,125
08/27/2011,WDG,OK,ASW,CE,Federal Contract Tower,0,0,5,3,8,0,0,97,4,101,0,0,102,7,109,40,34,74,183
08/28/2011,WDG,OK,ASW,CE,Federal Contract Tower,0,0,1,8,9,0,0,8,6,14,0,0,9,14,23,0,0,0,23
08/29/2011,WDG,OK,ASW,CE,Federal Contract Tower,0,3,7,16,26,0,0,16,18,34,0,3,23,34,60,8,28,36,96
08/30/2011,WDG,OK,ASW,CE,Federal Contract Tower,0,0,6,12,18,0,0,9,17,26,0,0,15,29,44,0,52,52,96
08/31/2011,WDG,OK,ASW,CE,Federal Contract Tower,0,0,13,13,26,0,0,15,15,30,0,0,28,28,56,0,46,46,102
09/01/2011,WDG,OK,ASW,CE,Federal Contract Tower,0,2,13,14,29,0,0,5,18,23,0,2,18,32,52,0,32,32,84
09/02/2011,WDG,OK,ASW,CE,Federal Contract Tower,0,2,4,13,19,0,0,17,15,32,0,2,21,28,51,10,22,32,83
09/03/2011,WDG,OK,ASW,CE,Federal Contract Tower,0,1,1,0,2,0,3,30,0,33,0,4,31,0,35,10,0,10,45
09/04/2011,WDG,OK,ASW,CE,Federal Contract Tower,0,0,2,1,3,0,0,4,0,4,0,0,6,1,7,0,0,0,7
09/05/2011,WDG,OK,ASW,CE,Federal Contract Tower,0,0,8,0,8,0,0,40,0,40,0,0,48,0,48,24,0,24,72
09/06/2011,WDG,OK,ASW,CE,Federal Contract Tower,0,0,7,30,37,0,1,21,32,54,0,1,28,62,91,0,54,54,145
09/07/2011,WDG,OK,ASW,CE,Federal Contract Tower,0,2,10,28,40,0,0,14,28,42,0,2,24,56,82,4,62,66,148
09/08/2011,WDG,OK,ASW,CE,Federal Contract Tower,0,2,16,36,54,0,1,15,36,52,0,3,31,72,106,19,82,101,207
09/09/2011,WDG,OK,ASW,CE,Federal Contract Tower,0,2,11,18,31,0,0,15,20,35,0,2,26,38,66,2,72,74,140
09/10/2011,WDG,OK,ASW,CE,Federal Contract Tower,0,1,4,3,8,0,1,12,5,18,0,2,16,8,26,9,0,9,35
09/11/2011,WDG,OK,ASW,CE,Federal Contract Tower,0,0,3,18,21,0,0,22,21,43,0,0,25,39,64,3,9,12,76
09/12/2011,WDG,OK,ASW,CE,Federal Contract Tower,0,2,7,28,37,0,0,23,35,58,0,2,30,63,95,2,44,46,141
09/13/2011,WDG,OK,ASW,CE,Federal Contract Tower,0,2,11,27,40,0,0,22,27,49,0,2,33,54,89,20,2,22,111
09/14/2011,WDG,OK,ASW,CE,Federal Contract Tower,0,2,6,22,30,0,0,11,24,35,0,2,17,46,65,0,18,18,83
09/15/2011,WDG,OK,ASW,CE,Federal Contract Tower,0,3,6,10,19,0,0,5,6,11,0,3,11,16,30,0,20,20,50
09/16/2011,WDG,OK,ASW,CE,Federal Contract Tower,0,3,15,5,23,0,0,0,5,5,0,3,15,10,28,2,0,2,30
09/17/2011,WDG,OK,ASW,CE,Federal Contract Tower,0,2,2,0,4,0,0,6,0,6,0,2,8,0,10,8,0,8,18
09/18/2011,WDG,OK,ASW,CE,Federal Contract Tower,0,0,5,0,5,0,0,6,0,6,0,0,11,0,11,10,0,10,21
09/19/2011,WDG,OK,ASW,CE,Federal Contract Tower,0,2,3,22,27,0,0,22,27,49,0,2,25,49,76,28,32,60,136
09/20/2011,WDG,OK,ASW,CE,Federal Contract Tower,0,2,12,35,49,0,0,22,45,67,0,2,34,80,116,23,82,105,221
09/21/2011,WDG,OK,ASW,CE,Federal Contract Tower,0,2,5,36,43,0,0,7,36,43,0,2,12,72,86,10,14,24,110
09/22/2011,WDG,OK,ASW,CE,Federal Contract Tower,0,2,2,49,53,0,0,18,49,67,0,2,20,98,120,32,34,66,186
09/23/2011,WDG,OK,ASW,CE,Federal Contract Tower,0,0,8,22,30,0,0,23,40,63,0,0,31,62,93,16,40,56,149
09/24/2011,WDG,OK,ASW,CE,Federal Contract Tower,0,1,3,8,12,0,1,75,0,76,0,2,78,8,88,31,8,39,127
09/25/2011,WDG,OK,ASW,CE,Federal Contract Tower,0,0,8,21,29,0,0,34,19,53,0,0,42,40,82,10,11,21,103
09/26/2011,WDG,OK,ASW,CE,Federal Contract Tower,0,2,5,45,52,0,0,14,48,62,0,2,19,93,114,16,50,66,180
09/27/2011,WDG,OK,ASW,CE,Federal Contract Tower,0,2,10,53,65,0,0,26,55,81,0,2,36,108,146,55,7,62,208
09/28/2011,WDG,OK,ASW,CE,Federal Contract Tower,0,2,11,39,52,0,0,28,40,68,0,2,39,79,120,58,23,81,201
09/29/2011,WDG,OK,ASW,CE,Federal Contract Tower,0,0,9,26,35,0,0,13,27,40,0,0,22,53,75,26,36,62,137
09/30/2011,WDG,OK,ASW,CE,Federal Contract Tower,0,0,9,17,26,0,0,13,21,34,0,0,22,38,60,22,22,44,104
10/01/2011,WDG,OK,ASW,CE,Federal Contract Tower,0,0,2,0,2,0,0,48,0,48,0,0,50,0,50,70,0,70,120
10/02/2011,WDG,OK,ASW,CE,Federal Contract Tower,0,0,7,0,7,0,0,12,0,12,0,0,19,0,19,6,0,6,25
10/03/2011,WDG,OK,ASW,CE,Federal Contract Tower,0,2,1,41,44,0,0,10,43,53,0,2,11,84,97,32,26,58,155
10/04/2011,WDG,OK,ASW,CE,Federal Contract Tower,0,5,5,17,27,0,0,19,27,46,0,5,24,44,73,33,184,217,290
10/05/2011,WDG,OK,ASW,CE,Federal Contract Tower,0,1,6,21,28,0,0,26,25,51,0,1,32,46,79,12,42,54,133
10/06/2011,WDG,OK,ASW,CE,Federal Contract Tower,0,0,17,9,26,0,0,12,13,25,0,0,29,22,51,0,42,42,93
10/07/2011,WDG,OK,ASW,CE,Federal Contract Tower,0,2,6,0,8,0,0,4,0,4,0,2,10,0,12,0,0,0,12
10/08/2011,WDG,OK,ASW,CE,Federal Contract Tower,0,0,2,8,10,0,0,2,0,2,0,0,4,8,12,0,0,0,12
10/09/2011,WDG,OK,ASW,CE,Federal Contract Tower,0,1,8,6,15,0,0,0,0,0,0,1,8,6,15,0,0,0,15
10/10/2011,WDG,OK,ASW,CE,Federal Contract Tower,0,0,16,0,16,0,0,31,0,31,0,0,47,0,47,36,0,36,83
10/11/2011,WDG,OK,ASW,CE,Federal Contract Tower,0,0,9,42,51,0,0,26,40,66,0,0,35,82,117,8,44,52,169
10/12/2011,WDG,OK,ASW,CE,Federal Contract Tower,0,0,7,40,47,0,0,16,44,60,0,0,23,84,107,6,18,24,131
10/13/2011,WDG,OK,ASW,CE,Federal Contract Tower,0,2,10,20,32,0,0,19,24,43,0,2,29,44,75,0,43,43,118
10/14/2011,WDG,OK,ASW,CE,Federal Contract Tower,0,2,5,22,29,0,0,24,24,48,0,2,29,46,77,6,87,93,170
10/15/2011,WDG,OK,ASW,CE,Federal Contract Tower,0,0,3,0,3,0,4,30,0,34,0,4,33,0,37,4,0,4,41
10/16/2011,WDG,OK,ASW,CE,Federal Contract Tower,0,0,3,8,11,0,0,24,8,32,0,0,27,16,43,34,0,34,77
10/17/2011,WDG,OK,ASW,CE,Federal Contract Tower,0,0,3,48,51,0,0,22,48,70,0,0,25,96,121,0,20,20,141
10/18/2011,WDG,OK,ASW,CE,Federal Contract Tower,0,0,7,28,35,0,0,9,32,41,0,0,16,60,76,0,50,50,126
10/19/2011,WDG,OK,ASW,CE,Federal Contract Tower,0,2,7,30,39,0,0,15,31,46,0,2,22,61,85,11,15,26,111
10/20/2011,WDG,OK,ASW,CE,Federal Contract Tower,0,2,5,32,39,0,0,15,40,55,0,2,20,72,94,18,168,186,280
10/21/2011,WDG,OK,ASW,CE,Federal Contract Tower,0,2,19,20,41,0,0,22,20,42,0,2,41,40,83,8,22,30,113
10/22/2011,WDG,OK,ASW,CE,Federal Contract Tower,0,1,6,0,7,0,1,79,0,80,0,2,85,0,87,100,0,100,187
10/23/2011,WDG,OK,ASW,CE,Federal Contract Tower,0,0,10,2,12,0,0,23,2,25,0,0,33,4,37,28,0,28,65
10/24/2011,WDG,OK,ASW,CE,Federal Contract Tower,0,0,10,23,33,0,0,6,23,29,0,0,16,46,62,0,16,16,78
10/25/2011,WDG,OK,ASW,CE,Federal Contract Tower,0,1,12,27,40,0,1,6,27,34,0,2,18,54,74,0,11,11,85
10/26/2011,WDG,OK,ASW,CE,Federal Contract Tower,0,2,3,24,29,0,0,9,26,35,0,2,12,50,64,0,22,22,86
10/27/2011,WDG,OK,ASW,CE,Federal Contract Tower,0,2,4,30,36,0,0,5,30,35,0,2,9,60,71,4,54,58,129
10/28/2011,WDG,OK,ASW,CE,Federal Contract Tower,0,2,10,5,17,0,0,30,6,36,0,2,40,11,53,20,19,39,92
10/29/2011,WDG,OK,ASW,CE,Federal Contract Tower,0,1,3,4,8,0,1,14,2,17,0,2,17,6,25,22,2,24,49
10/30/2011,WDG,OK,ASW,CE,Federal Contract Tower,0,0,0,8,8,0,0,7,10,17,0,0,7,18,25,2,0,2,27
10/31/2011,WDG,OK,ASW,CE,Federal Contract Tower,0,1,2,13,16,0,1,9,13,23,0,2,11,26,39,0,24,24,63
11/01/2011,WDG,OK,ASW,CE,Federal Contract Tower,0,2,13,20,35,0,0,15,20,35,0,2,28,40,70,6,15,21,91
11/02/2011,WDG,OK,ASW,CE,Federal Contract Tower,0,2,12,1,15,0,0,3,0,3,0,2,15,1,18,4,0,4,22
11/03/2011,WDG,OK,ASW,CE,Federal Contract Tower,0,1,9,11,21,0,1,19,15,35,0,2,28,26,56,30,38,68,124
11/04/2011,WDG,OK,ASW,CE,Federal Contract Tower,0,0,9,14,23,0,0,27,19,46,0,0,36,33,69,4,16,20,89
11/05/2011,WDG,OK,ASW,CE,Federal Contract Tower,0,1,2,2,5,0,1,12,1,14,0,2,14,3,19,18,2,20,39
11/06/2011,WDG,OK,ASW,CE,Federal Contract Tower,0,0,2,9,11,0,0,24,8,32,0,0,26,17,43,20,11,31,74
11/07/2011,WDG,OK,ASW,CE,Federal Contract Tower,0,2,4,0,6,0,0,1,0,1,0,2,5,0,7,0,0,0,7
11/08/2011,WDG,OK,ASW,CE,Federal Contract Tower,0,2,2,0,4,0,0,0,0,0,0,2,2,0,4,0,0,0,4
11/09/2011,WDG,OK,ASW,CE,Federal Contract Tower,0,5,7,35,47,0,1,14,35,50,0,6,21,70,97,2,8,10,107
11/10/2011,WDG,OK,ASW,CE,Federal Contract Tower,0,0,7,19,26,0,0,23,25,48,0,0,30,44,74,6,28,34,108
11/11/2011,WDG,OK,ASW,CE,Federal Contract Tower,0,0,6,4,10,0,0,44,6,50,0,0,50,10,60,12,0,12,72
11/12/2011,WDG,OK,ASW,CE,Federal Contract Tower,0,0,4,5,9,0,0,12,2,14,0,0,16,7,23,6,0,6,29
11/13/2011,WDG,OK,ASW,CE,Federal Contract Tower,0,0,4,2,6,0,0,31,1,32,0,0,35,3,38,4,2,6,44
11/14/2011,WDG,OK,ASW,CE,Federal Contract Tower,0,1,9,24,34,0,1,7,36,44,0,2,16,60,78,4,147,151,229
11/15/2011,WDG,OK,ASW,CE,Federal Contract Tower,0,4,4,43,51,0,1,12,50,63,0,5,16,93,114,0,170,170,284
11/16/2011,WDG,OK,ASW,CE,Federal Contract Tower,0,0,11,24,35,0,0,15,30,45,0,0,26,54,80,0,30,30,110
11/17/2011,WDG,OK,ASW,CE,Federal Contract Tower,0,2,11,24,37,0,0,16,24,40,0,2,27,48,77,2,69,71,148
11/18/2011,WDG,OK,ASW,CE,Federal Contract Tower,0,2,11,19,32,0,0,10,21,31,0,2,21,40,63,0,30,30,93
11/19/2011,WDG,OK,ASW,CE,Federal Contract Tower,0,0,3,11,14,0,2,7,8,17,0,2,10,19,31,22,8,30,61
11/20/2011,WDG,OK,ASW,CE,Federal Contract Tower,0,0,6,16,22,0,0,7,0,7,0,0,13,16,29,0,0,0,29
11/21/2011,WDG,OK,ASW,CE,Federal Contract Tower,0,2,6,19,27,0,0,0,0,0,0,2,6,19,27,0,0,0,27
11/22/2011,WDG,OK,ASW,CE,Federal Contract Tower,0,0,11,22,33,0,0,5,22,27,0,0,16,44,60,4,10,14,74
11/23/2011,WDG,OK,ASW,CE,Federal Contract Tower,0,0,10,9,19,0,0,43,11,54,0,0,53,20,73,14,2,16,89
11/24/2011,WDG,OK,ASW,CE,Federal Contract Tower,0,0,4,0,4,0,0,18,0,18,0,0,22,0,22,14,0,14,36
11/25/2011,WDG,OK,ASW,CE,Federal Contract Tower,0,2,8,0,10,0,0,1,0,1,0,2,9,0,11,0,0,0,11
11/26/2011,WDG,OK,ASW,CE,Federal Contract Tower,0,2,0,0,2,0,0,3,0,3,0,2,3,0,5,0,0,0,5
11/27/2011,WDG,OK,ASW,CE,Federal Contract Tower,0,0,6,0,6,0,0,18,0,18,0,0,24,0,24,0,0,0,24
11/28/2011,WDG,OK,ASW,CE,Federal Contract Tower,0,0,4,33,37,0,0,29,33,62,0,0,33,66,99,4,28,32,131
11/29/2011,WDG,OK,ASW,CE,Federal Contract Tower,0,0,10,42,52,0,0,38,43,81,0,0,48,85,133,2,86,88,221
11/30/2011,WDG,OK,ASW,CE,Federal Contract Tower,0,1,1,32,34,0,1,31,36,68,0,2,32,68,102,16,26,42,144
12/01/2011,WDG,OK,ASW,CE,Federal Contract Tower,0,2,9,24,35,0,0,19,26,45,0,2,28,50,80,5,41,46,126
12/02/2011,WDG,OK,ASW,CE,Federal Contract Tower,0,2,3,30,35,0,0,0,15,15,0,2,3,45,50,16,0,16,66
12/03/2011,WDG,OK,ASW,CE,Federal Contract Tower,0,2,1,3,6,0,0,0,2,2,0,2,1,5,8,0,0,0,8
12/04/2011,WDG,OK,ASW,CE,Federal Contract Tower,0,0,0,5,5,0,0,0,0,0,0,0,0,5,5,24,0,24,29
12/05/2011,WDG,OK,ASW,CE,Federal Contract Tower,0,0,4,42,46,0,0,0,44,44,0,0,4,86,90,0,17,17,107
12/06/2011,WDG,OK,ASW,CE,Federal Contract Tower,0,7,9,11,27,0,5,7,13,25,0,12,16,24,52,2,16,18,70
12/07/2011,WDG,OK,ASW,CE,Federal Contract Tower,0,2,9,22,33,0,1,16,22,39,0,3,25,44,72,13,15,28,100
12/08/2011,WDG,OK,ASW,CE,Federal Contract Tower,0,2,8,4,14,0,0,26,3,29,0,2,34,7,43,22,7,29,72
12/09/2011,WDG,OK,ASW,CE,Federal Contract Tower,0,2,2,9,13,0,0,3,4,7,0,2,5,13,20,12,0,12,32
12/10/2011,WDG,OK,ASW,CE,Federal Contract Tower,0,2,7,4,13,0,0,9,0,9,0,2,16,4,22,0,0,0,22
12/11/2011,WDG,OK,ASW,CE,Federal Contract Tower,0,0,4,13,17,0,0,8,10,18,0,0,12,23,35,0,0,0,35
12/12/2011,WDG,OK,ASW,CE,Federal Contract Tower,0,2,7,27,36,0,0,9,27,36,0,2,16,54,72,6,18,24,96
12/13/2011,WDG,OK,ASW,CE,Federal Contract Tower,0,0,6,9,15,0,0,0,7,7,0,0,6,16,22,0,0,0,22
12/14/2011,WDG,OK,ASW,CE,Federal Contract Tower,0,2,12,19,33,0,0,6,21,27,0,2,18,40,60,12,40,52,112
12/15/2011,WDG,OK,ASW,CE,Federal Contract Tower,0,3,13,33,49,0,0,35,36,71,0,3,48,69,120,10,41,51,171
12/16/2011,WDG,OK,ASW,CE,Federal Contract Tower,0,2,6,12,20,0,0,20,12,32,0,2,26,24,52,12,23,35,87
12/17/2011,WDG,OK,ASW,CE,Federal Contract Tower,0,2,8,10,20,0,0,50,5,55,0,2,58,15,75,68,2,70,145
12/18/2011,WDG,OK,ASW,CE,Federal Contract Tower,0,0,10,24,34,0,0,13,21,34,0,0,23,45,68,2,0,2,70
12/19/2011,WDG,OK,ASW,CE,Federal Contract Tower,0,1,9,2,12,0,0,0,0,0,0,1,9,2,12,0,0,0,12
12/20/2011,WDG,OK,ASW,CE,Federal Contract Tower,0,5,2,0,7,0,0,0,0,0,0,5,2,0,7,0,0,0,7
12/21/2011,WDG,OK,ASW,CE,Federal Contract Tower,0,2,7,33,42,0,0,28,33,61,0,2,35,66,103,22,34,56,159
12/22/2011,WDG,OK,ASW,CE,Federal Contract Tower,0,2,5,4,11,0,0,4,0,4,0,2,9,4,15,0,0,0,15
12/23/2011,WDG,OK,ASW,CE,Federal Contract Tower,0,2,2,0,4,0,0,18,0,18,0,2,20,0,22,0,0,0,22
12/24/2011,WDG,OK,ASW,CE,Federal Contract Tower,0,0,24,0,24,0,0,0,0,0,0,0,24,0,24,40,0,40,64
12/25/2011,WDG,OK,ASW,CE,Federal Contract Tower,0,0,1,0,1,0,1,8,0,9,0,1,9,0,10,12,0,12,22
12/26/2011,WDG,OK,ASW,CE,Federal Contract Tower,0,0,5,0,5,0,0,20,0,20,0,0,25,0,25,26,0,26,51
12/27/2011,WDG,OK,ASW,CE,Federal Contract Tower,0,2,7,0,9,0,0,31,0,31,0,2,38,0,40,58,0,58,98
12/28/2011,WDG,OK,ASW,CE,Federal Contract Tower,0,2,6,0,8,0,0,18,0,18,0,2,24,0,26,4,0,4,30
12/29/2011,WDG,OK,ASW,CE,Federal Contract Tower,0,2,6,0,8,0,0,33,0,33,0,2,39,0,41,10,0,10,51
12/30/2011,WDG,OK,ASW,CE,Federal Contract Tower,0,2,10,0,12,0,0,43,0,43,0,2,53,0,55,18,0,18,73
12/31/2011,WDG,OK,ASW,CE,Federal Contract Tower,0,2,8,0,10,0,0,29,0,29,0,2,37,0,39,8,0,8,47
01/01/2012,WDG,OK,ASW,CE,Federal Contract Tower,0,0,3,0,3,0,0,29,0,29,0,0,32,0,32,18,0,18,50
01/02/2012,WDG,OK,ASW,CE,Federal Contract Tower,0,0,5,2,7,0,0,15,0,15,0,0,20,2,22,20,0,20,42
01/03/2012,WDG,OK,ASW,CE,Federal Contract Tower,0,4,7,25,36,0,0,10,25,35,0,4,17,50,71,0,80,80,151
01/04/2012,WDG,OK,ASW,CE,Federal Contract Tower,0,2,4,40,46,0,0,23,40,63,0,2,27,80,109,20,36,56,165
01/05/2012,WDG,OK,ASW,CE,Federal Contract Tower,0,2,11,30,43,0,0,25,38,63,0,2,36,68,106,19,97,116,222
01/06/2012,WDG,OK,ASW,CE,Federal Contract Tower,0,2,10,43,55,0,0,14,42,56,0,2,24,85,111,0,63,63,174
01/07/2012,WDG,OK,ASW,CE,Federal Contract Tower,0,0,4,15,19,0,2,46,10,58,0,2,50,25,77,6,2,8,85
01/08/2012,WDG,OK,ASW,CE,Federal Contract Tower,0,0,3,12,15,0,0,17,11,28,0,0,20,23,43,38,12,50,93
01/09/2012,WDG,OK,ASW,CE,Federal Contract Tower,0,2,3,34,39,0,0,9,34,43,0,2,12,68,82,0,74,74,156
01/10/2012,WDG,OK,ASW,CE,Federal Contract Tower,0,2,7,14,23,0,0,25,22,47,0,2,32,36,70,18,76,94,164
01/11/2012,WDG,OK,ASW,CE,Federal Contract Tower,0,2,8,21,31,0,0,7,24,31,0,2,15,45,62,0,21,21,83
01/12/2012,WDG,OK,ASW,CE,Federal Contract Tower,0,2,4,29,35,0,0,5,35,40,0,2,9,64,75,0,54,54,129
01/13/2012,WDG,OK,ASW,CE,Federal Contract Tower,0,3,10,22,35,0,0,11,21,32,0,3,21,43,67,20,12,32,99
01/14/2012,WDG,OK,ASW,CE,Federal Contract Tower,0,2,2,10,14,0,0,42,3,45,0,2,44,13,59,49,16,65,124
01/15/2012,WDG,OK,ASW,CE,Federal Contract Tower,0,0,0,13,13,0,0,23,6,29,0,0,23,19,42,22,2,24,66
01/16/2012,WDG,OK,ASW,CE,Federal Contract Tower,0,2,7,5,14,0,0,20,6,26,0,2,27,11,40,8,8,16,56
01/17/2012,WDG,OK,ASW,CE,Federal Contract Tower,0,2,9,33,44,0,0,15,42,57,0,2,24,75,101,0,82,82,183
01/18/2012,WDG,OK,ASW,CE,Federal Contract Tower,0,2,7,12,21,0,0,9,25,34,0,2,16,37,55,0,148,148,203
01/19/2012,WDG,OK,ASW,CE,Federal Contract Tower,0,2,14,20,36,0,0,17,25,42,0,2,31,45,78,0,101,101,179
01/20/2012,WDG,OK,ASW,CE,Federal Contract Tower,0,2,7,17,26,0,0,16,21,37,0,2,23,38,63,8,184,192,255
01/21/2012,WDG,OK,ASW,CE,Federal Contract Tower,0,0,4,3,7,0,2,36,8,46,0,2,40,11,53,66,20,86,139
01/22/2012,WDG,OK,ASW,CE,Federal Contract Tower,0,0,9,2,11,0,0,9,0,9,0,0,18,2,20,4,0,4,24
01/23/2012,WDG,OK,ASW,CE,Federal Contract Tower,0,2,10,16,28,0,0,15,25,40,0,2,25,41,68,8,140,148,216
01/24/2012,WDG,OK,ASW,CE,Federal Contract Tower,0,2,5,0,7,0,0,17,0,17,0,2,22,0,24,14,0,14,38
01/25/2012,WDG,OK,ASW,CE,Federal Contract Tower,0,2,8,28,38,0,0,0,28,28,0,2,8,56,66,0,24,24,90
01/26/2012,WDG,OK,ASW,CE,Federal Contract Tower,0,2,5,35,42,0,0,17,39,56,0,2,22,74,98,0,29,29,127
01/27/2012,WDG,OK,ASW,CE,Federal Contract Tower,0,2,8,11,21,0,0,21,9,30,0,2,29,20,51,0,36,36,87
01/28/2012,WDG,OK,ASW,CE,Federal Contract Tower,0,1,7,2,10,0,1,59,0,60,0,2,66,2,70,38,0,38,108
01/29/2012,WDG,OK,ASW,CE,Federal Contract Tower,0,0,7,6,13,0,0,25,5,30,0,0,32,11,43,22,6,28,71
01/30/2012,WDG,OK,ASW,CE,Federal Contract Tower,0,2,1,12,15,0,0,7,12,19,0,2,8,24,34,0,10,10,44
01/31/2012,WDG,OK,ASW,CE,Federal Contract Tower,0,2,4,7,13,0,0,11,7,18,0,2,15,14,31,14,14,28,59
02/01/2012,WDG,OK,ASW,CE,Federal Contract Tower,0,2,0,15,17,0,0,24,15,39,0,2,24,30,56,12,28,40,96
02/02/2012,WDG,OK,ASW,CE,Federal Contract Tower,0,2,14,13,29,0,0,10,16,26,0,2,24,29,55,52,20,72,127
02/03/2012,WDG,OK,ASW,CE,Federal Contract Tower,0,2,3,4,9,0,0,0,0,0,0,2,3,4,9,0,0,0,9
02/04/2012,WDG,OK,ASW,CE,Federal Contract Tower,0,2,7,5,14,0,0,8,1,9,0,2,15,6,23,6,0,6,29
02/05/2012,WDG,OK,ASW,CE,Federal Contract Tower,0,0,5,17,22,0,0,6,16,22,0,0,11,33,44,5,0,5,49
02/06/2012,WDG,OK,ASW,CE,Federal Contract Tower,0,2,2,11,15,0,0,13,13,26,0,2,15,24,41,22,54,76,117
02/07/2012,WDG,OK,ASW,CE,Federal Contract Tower,0,2,12,18,32,0,0,1,21,22,0,2,13,39,54,14,39,53,107
02/08/2012,WDG,OK,ASW,CE,Federal Contract Tower,0,2,14,1,17,0,0,1,1,2,0,2,15,2,19,0,0,0,19
02/09/2012,WDG,OK,ASW,CE,Federal Contract Tower,0,2,7,5,14,0,0,9,11,20,0,2,16,16,34,0,28,28,62
02/10/2012,WDG,OK,ASW,CE,Federal Contract Tower,0,2,4,4,10,0,0,11,12,23,0,2,15,16,33,7,70,77,110
02/11/2012,WDG,OK,ASW,CE,Federal Contract Tower,0,1,6,3,10,0,1,12,1,14,0,2,18,4,24,0,14,14,38
02/12/2012,WDG,OK,ASW,CE,Federal Contract Tower,0,0,1,7,8,0,0,6,5,11,0,0,7,12,19,19,0,19,38
02/13/2012,WDG,OK,ASW,CE,Federal Contract Tower,0,2,6,0,8,0,0,2,0,2,0,2,8,0,10,0,0,0,10
02/14/2012,WDG,OK,ASW,CE,Federal Contract Tower,0,2,4,14,20,0,0,5,13,18,0,2,9,27,38,4,0,4,42
02/15/2012,WDG,OK,ASW,CE,Federal Contract Tower,0,2,6,21,29,0,0,5,5,10,0,2,11,26,39,6,0,6,45
02/16/2012,WDG,OK,ASW,CE,Federal Contract Tower,0,2,14,25,41,0,0,23,38,61,0,2,37,63,102,59,100,159,261
02/17/2012,WDG,OK,ASW,CE,Federal Contract Tower,0,2,15,40,57,0,0,10,45,55,0,2,25,85,112,0,30,30,142
02/18/2012,WDG,OK,ASW,CE,Federal Contract Tower,0,2,2,0,4,0,0,1,0,1,0,2,3,0,5,0,0,0,5
02/19/2012,WDG,OK,ASW,CE,Federal Contract Tower,0,0,4,4,8,0,0,31,2,33,0,0,35,6,41,38,2,40,81
02/20/2012,WDG,OK,ASW,CE,Federal Contract Tower,0,2,1,2,5,0,0,1,0,1,0,2,2,2,6,0,8,8,14
02/21/2012,WDG,OK,ASW,CE,Federal Contract Tower,0,2,11,8,21,0,0,19,22,41,0,2,30,30,62,0,114,114,176
02/22/2012,WDG,OK,ASW,CE,Federal Contract Tower,0,3,10,18,31,0,0,27,21,48,0,3,37,39,79,68,31,99,178
02/23/2012,WDG,OK,ASW,CE,Federal Contract Tower,0,2,4,16,22,0,0,1,26,27,0,2,5,42,49,0,26,26,75
02/24/2012,WDG,OK,ASW,CE,Federal Contract Tower,0,2,6,33,41,0,0,32,30,62,0,2,38,63,103,16,21,37,140
02/25/2012,WDG,OK,ASW,CE,Federal Contract Tower,0,0,4,8,12,0,2,15,1,18,0,2,19,9,30,54,2,56,86
02/26/2012,WDG,OK,ASW,CE,Federal Contract Tower,0,0,2,10,12,0,3,32,5,40,0,3,34,15,52,14,2,16,68
02/27/2012,WDG,OK,ASW,CE,Federal Contract Tower,0,2,5,25,32,0,0,14,28,42,0,2,19,53,74,0,23,23,97
02/28/2012,WDG,OK,ASW,CE,Federal Contract Tower,0,2,5,28,35,0,0,2,28,30,0,2,7,56,65,0,0,0,65
02/29/2012,WDG,OK,ASW,CE,Federal Contract Tower,0,2,11,27,40,0,0,15,28,43,0,2,26,55,83,17,13,30,113
03/01/2012,WDG,OK,ASW,CE,Federal Contract Tower,0,2,7,24,33,0,0,22,34,56,0,2,29,58,89,0,30,30,119
03/02/2012,WDG,OK,ASW,CE,Federal Contract Tower,0,2,11,26,39,0,0,9,44,53,0,2,20,70,92,2,38,40,132
03/03/2012,WDG,OK,ASW,CE,Federal Contract Tower,0,2,9,6,17,0,0,28,4,32,0,2,37,10,49,20,0,20,69
03/04/2012,WDG,OK,ASW,CE,Federal Contract Tower,0,0,4,6,10,0,0,32,6,38,0,0,36,12,48,26,4,30,78
03/05/2012,WDG,OK,ASW,CE,Federal Contract Tower,0,2,6,23,31,0,0,11,24,35,0,2,17,47,66,2,1,3,69
03/06/2012,WDG,OK,ASW,CE,Federal Contract Tower,0,2,8,10,20,0,0,2,14,16,0,2,10,24,36,0,17,17,53
03/07/2012,WDG,OK,ASW,CE,Federal Contract Tower,0,2,8,11,21,0,0,5,13,18,0,2,13,24,39,3,0,3,42
03/08/2012,WDG,OK,ASW,CE,Federal Contract Tower,0,2,14,3,19,0,0,0,3,3,0,2,14,6,22,0,0,0,22
03/09/2012,WDG,OK,ASW,CE,Federal Contract Tower,0,2,6,25,33,0,0,22,26,48,0,2,28,51,81,93,68,161,242
03/10/2012,WDG,OK,ASW,CE,Federal Contract Tower,0,2,4,3,9,0,0,18,2,20,0,2,22,5,29,0,0,0,29
03/11/2012,WDG,OK,ASW,CE,Federal Contract Tower,0,0,5,18,23,0,0,12,0,12,0,0,17,18,35,0,0,0,35
03/12/2012,WDG,OK,ASW,CE,Federal Contract Tower,0,2,8,21,31,0,0,17,28,45,0,2,25,49,76,0,134,134,210
03/13/2012,WDG,OK,ASW,CE,Federal Contract Tower,0,2,4,26,32,0,0,31,32,63,0,2,35,58,95,78,90,168,263
03/14/2012,WDG,OK,ASW,CE,Federal Contract Tower,0,2,10,28,40,0,0,5,28,33,0,2,15,56,73,0,6,6,79
03/15/2012,WDG,OK,ASW,CE,Federal Contract Tower,0,2,17,19,38,0,0,9,19,28,0,2,26,38,66,4,8,12,78
03/16/2012,WDG,OK,ASW,CE,Federal Contract Tower,0,2,17,4,23,0,0,3,1,4,0,2,20,5,27,0,0,0,27
03/17/2012,WDG,OK,ASW,CE,Federal Contract Tower,0,4,4,6,14,0,0,10,0,10,0,4,14,6,24,4,0,4,28
03/18/2012,WDG,OK,ASW,CE,Federal Contract Tower,0,0,1,20,21,0,0,16,0,16,0,0,17,20,37,0,8,8,45
03/19/2012,WDG,OK,ASW,CE,Federal Contract Tower,0,0,0,0,0,0,0,0,0,0,0,0,0,0,0,0,0,0,0
03/20/2012,WDG,OK,ASW,CE,Federal Contract Tower,0,2,12,31,45,0,0,9,33,42,0,2,21,64,87,106,6,112,199
03/21/2012,WDG,OK,ASW,CE,Federal Contract Tower,0,2,8,51,61,0,0,12,38,50,0,2,20,89,111,86,62,148,259
03/22/2012,WDG,OK,ASW,CE,Federal Contract Tower,0,2,7,29,38,0,0,5,29,34,0,2,12,58,72,2,0,2,74
03/23/2012,WDG,OK,ASW,CE,Federal Contract Tower,0,2,10,25,37,0,0,16,22,38,0,2,26,47,75,10,37,47,122
03/24/2012,WDG,OK,ASW,CE,Federal Contract Tower,0,1,7,4,12,0,1,92,2,95,0,2,99,6,107,20,2,22,129
03/25/2012,WDG,OK,ASW,CE,Federal Contract Tower,0,0,2,5,7,0,0,19,8,27,0,0,21,13,34,0,0,0,34
03/26/2012,WDG,OK,ASW,CE,Federal Contract Tower,0,2,5,15,22,0,0,11,20,31,0,2,16,35,53,2,33,35,88
03/27/2012,WDG,OK,ASW,CE,Federal Contract Tower,0,2,9,20,31,0,0,13,24,37,0,2,22,44,68,10,22,32,100
03/28/2012,WDG,OK,ASW,CE,Federal Contract Tower,0,2,5,20,27,0,0,21,20,41,0,2,26,40,68,10,44,54,122
03/29/2012,WDG,OK,ASW,CE,Federal Contract Tower,0,2,13,8,23,0,0,8,14,22,0,2,21,22,45,4,18,22,67
03/30/2012,WDG,OK,ASW,CE,Federal Contract Tower,0,2,7,18,27,0,0,8,22,30,0,2,15,40,57,6,104,110,167
03/31/2012,WDG,OK,ASW,CE,Federal Contract Tower,0,1,1,4,6,0,1,16,2,19,0,2,17,6,25,0,0,0,25
04/01/2012,WDG,OK,ASW,CE,Federal Contract Tower,0,0,5,9,14,0,0,10,12,22,0,0,15,21,36,27,0,27,63
04/02/2012,WDG,OK,ASW,CE,Federal Contract Tower,0,2,1,26,29,0,0,20,28,48,0,2,21,54,77,10,72,82,159
04/03/2012,WDG,OK,ASW,CE,Federal Contract Tower,0,2,7,15,24,0,0,4,26,30,0,2,11,41,54,0,88,88,142
04/04/2012,WDG,OK,ASW,CE,Federal Contract Tower,0,2,6,25,33,0,0,9,33,42,0,2,15,58,75,6,32,38,113
04/05/2012,WDG,OK,ASW,CE,Federal Contract Tower,0,2,8,34,44,0,0,10,32,42,0,2,18,66,86,0,49,49,135
04/06/2012,WDG,OK,ASW,CE,Federal Contract Tower,0,2,10,29,41,0,0,21,29,50,0,2,31,58,91,46,0,46,137
04/07/2012,WDG,OK,ASW,CE,Federal Contract Tower,0,2,7,0,9,0,0,10,0,10,0,2,17,0,19,2,0,2,21
04/08/2012,WDG,OK,ASW,CE,Federal Contract Tower,0,0,1,8,9,0,0,20,3,23,0,0,21,11,32,81,12,93,125
04/09/2012,WDG,OK,ASW,CE,Federal Contract Tower,0,2,14,25,41,0,0,4,23,27,0,2,18,48,68,0,0,0,68
04/10/2012,WDG,OK,ASW,CE,Federal Contract Tower,0,2,11,38,51,0,0,4,40,44,0,2,15,78,95,0,25,25,120
04/11/2012,WDG,OK,ASW,CE,Federal Contract Tower,0,2,6,27,35,0,0,9,27,36,0,2,15,54,71,10,0,10,81
04/12/2012,WDG,OK,ASW,CE,Federal Contract Tower,0,2,12,19,33,0,0,12,22,34,0,2,24,41,67,9,31,40,107
04/13/2012,WDG,OK,ASW,CE,Federal Contract Tower,0,2,2,9,13,0,0,5,9,14,0,2,7,18,27,0,6,6,33
04/14/2012,WDG,OK,ASW,CE,Federal Contract Tower,0,2,2,0,4,0,0,10,0,10,0,2,12,0,14,12,0,12,26
04/15/2012,WDG,OK,ASW,CE,Federal Contract Tower,0,0,0,0,0,0,0,2,1,3,0,0,2,1,3,0,0,0,3
04/16/2012,WDG,OK,ASW,CE,Federal Contract Tower,0,2,7,15,24,0,0,29,26,55,0,2,36,41,79,16,50,66,145
04/17/2012,WDG,OK,ASW,CE,Federal Contract Tower,0,2,4,6,12,0,0,42,23,65,0,2,46,29,77,16,64,80,157
04/18/2012,WDG,OK,ASW,CE,Federal Contract Tower,0,2,10,9,21,0,0,19,9,28,0,2,29,18,49,20,46,66,115
04/19/2012,WDG,OK,ASW,CE,Federal Contract Tower,0,2,7,13,22,0,0,14,13,27,0,2,21,26,49,0,16,16,65
04/20/2012,WDG,OK,ASW,CE,Federal Contract Tower,0,2,17,17,36,0,0,17,13,30,0,2,34,30,66,0,42,42,108
04/21/2012,WDG,OK,ASW,CE,Federal Contract Tower,0,1,3,13,17,0,1,41,13,55,0,2,44,26,72,10,4,14,86
04/22/2012,WDG,OK,ASW,CE,Federal Contract Tower,0,0,2,13,15,0,0,25,8,33,0,0,27,21,48,10,24,34,82
04/23/2012,WDG,OK,ASW,CE,Federal Contract Tower,0,2,3,14,19,0,0,7,14,21,0,2,10,28,40,18,14,32,72
04/24/2012,WDG,OK,ASW,CE,Federal Contract Tower,0,2,10,9,21,0,0,13,11,24,0,2,23,20,45,26,60,86,131
04/25/2012,WDG,OK,ASW,CE,Federal Contract Tower,0,2,9,11,22,0,0,20,28,48,0,2,29,39,70,18,110,128,198
04/26/2012,WDG,OK,ASW,CE,Federal Contract Tower,0,2,12,19,33,0,0,17,26,43,0,2,29,45,76,28,50,78,154
04/27/2012,WDG,OK,ASW,CE,Federal Contract Tower,0,2,4,6,12,0,0,8,6,14,0,2,12,12,26,0,0,0,26
04/28/2012,WDG,OK,ASW,CE,Federal Contract Tower,0,2,2,7,11,0,0,43,0,43,0,2,45,7,54,25,0,25,79
04/29/2012,WDG,OK,ASW,CE,Federal Contract Tower,0,0,4,11,15,0,0,10,5,15,0,0,14,16,30,0,0,0,30
04/30/2012,WDG,OK,ASW,CE,Federal Contract Tower,0,2,3,4,9,0,0,5,6,11,0,2,8,10,20,0,34,34,54
05/01/2012,WDG,OK,ASW,CE,Federal Contract Tower,0,2,8,13,23,0,0,15,14,29,0,2,23,27,52,0,18,18,70
05/02/2012,WDG,OK,ASW,CE,Federal Contract Tower,0,2,3,19,24,0,0,7,21,28,0,2,10,40,52,2,24,26,78
05/03/2012,WDG,OK,ASW,CE,Federal Contract Tower,0,2,12,14,28,0,0,10,19,29,0,2,22,33,57,18,34,52,109
05/04/2012,WDG,OK,ASW,CE,Federal Contract Tower,0,2,7,9,18,0,0,8,19,27,0,2,15,28,45,0,79,79,124
05/05/2012,WDG,OK,ASW,CE,Federal Contract Tower,0,2,4,6,12,0,0,23,0,23,0,2,27,6,35,14,3,17,52
05/06/2012,WDG,OK,ASW,CE,Federal Contract Tower,0,0,6,11,17,0,0,10,9,19,0,0,16,20,36,0,18,18,54
05/07/2012,WDG,OK,ASW,CE,Federal Contract Tower,0,2,4,26,32,0,0,2,24,26,0,2,6,50,58,0,0,0,58
05/08/2012,WDG,OK,ASW,CE,Federal Contract Tower,0,2,3,17,22,0,0,32,16,48,0,2,35,33,70,248,48,296,366
05/09/2012,WDG,OK,ASW,CE,Federal Contract Tower,0,2,8,9,19,0,0,28,15,43,0,2,36,24,62,116,48,164,226
05/10/2012,WDG,OK,ASW,CE,Federal Contract Tower,0,2,18,14,34,0,0,23,22,45,0,2,41,36,79,14,71,85,164
05/11/2012,WDG,OK,ASW,CE,Federal Contract Tower,0,2,4,8,14,0,0,4,9,13,0,2,8,17,27,44,0,44,71
05/12/2012,WDG,OK,ASW,CE,Federal Contract Tower,0,1,1,1,3,0,1,11,0,12,0,2,12,1,15,12,0,12,27
05/13/2012,WDG,OK,ASW,CE,Federal Contract Tower,0,0,2,2,4,0,0,15,4,19,0,0,17,6,23,2,4,6,29
05/14/2012,WDG,OK,ASW,CE,Federal Contract Tower,0,2,9,8,19,0,0,17,11,28,0,2,26,19,47,6,30,36,83
05/15/2012,WDG,OK,ASW,CE,Federal Contract Tower,0,2,16,10,28,0,0,18,10,28,0,2,34,20,56,60,28,88,144
05/16/2012,WDG,OK,ASW,CE,Federal Contract Tower,0,2,8,7,17,0,0,27,12,39,0,2,35,19,56,30,41,71,127
05/17/2012,WDG,OK,ASW,CE,Federal Contract Tower,0,1,10,24,35,0,1,17,27,45,0,2,27,51,80,0,13,13,93
05/18/2012,WDG,OK,ASW,CE,Federal Contract Tower,0,2,10,7,19,0,0,12,2,14,0,2,22,9,33,0,6,6,39
05/19/2012,WDG,OK,ASW,CE,Federal Contract Tower,0,1,7,11,19,0,1,21,2,24,0,2,28,13,43,4,0,4,47
05/20/2012,WDG,OK,ASW,CE,Federal Contract Tower,0,0,5,12,17,0,0,36,11,47,0,0,41,23,64,24,28,52,116
05/21/2012,WDG,OK,ASW,CE,Federal Contract Tower,0,2,3,10,15,0,0,21,25,46,0,2,24,35,61,0,95,95,156
05/22/2012,WDG,OK,ASW,CE,Federal Contract Tower,0,2,8,10,20,0,0,17,11,28,0,2,25,21,48,4,32,36,84
05/23/2012,WDG,OK,ASW,CE,Federal Contract Tower,0,4,5,32,41,0,0,5,39,44,0,4,10,71,85,0,51,51,136
05/24/2012,WDG,OK,ASW,CE,Federal Contract Tower,0,2,13,9,24,0,0,16,9,25,0,2,29,18,49,8,6,14,63
05/25/2012,WDG,OK,ASW,CE,Federal Contract Tower,0,2,8,0,10,0,0,16,0,16,0,2,24,0,26,2,0,2,28
05/26/2012,WDG,OK,ASW,CE,Federal Contract Tower,0,1,5,0,6,0,1,6,0,7,0,2,11,0,13,0,0,0,13
05/27/2012,WDG,OK,ASW,CE,Federal Contract Tower,0,0,4,0,4,0,4,4,0,8,0,4,8,0,12,0,0,0,12
05/28/2012,WDG,OK,ASW,CE,Federal Contract Tower,0,0,3,1,4,0,0,29,0,29,0,0,32,1,33,7,0,7,40
05/29/2012,WDG,OK,ASW,CE,Federal Contract Tower,0,0,9,10,19,0,4,16,12,32,0,4,25,22,51,2,10,12,63
05/30/2012,WDG,OK,ASW,CE,Federal Contract Tower,0,2,8,33,43,0,0,11,35,46,0,2,19,68,89,2,37,39,128
05/31/2012,WDG,OK,ASW,CE,Federal Contract Tower,0,2,9,16,27,0,0,12,21,33,0,2,21,37,60,30,24,54,114
06/01/2012,WDG,OK,ASW,CE,Federal Contract Tower,0,2,8,7,17,0,0,9,1,10,0,2,17,8,27,10,2,12,39
06/02/2012,WDG,OK,ASW,CE,Federal Contract Tower,0,1,2,0,3,0,1,40,0,41,0,2,42,0,44,116,0,116,160
06/03/2012,WDG,OK,ASW,CE,Federal Contract Tower,0,0,6,13,19,0,0,13,10,23,0,0,19,23,42,4,7,11,53
06/04/2012,WDG,OK,ASW,CE,Federal Contract Tower,0,2,8,5,15,0,0,8,12,20,0,2,16,17,35,0,50,50,85
06/05/2012,WDG,OK,ASW,CE,Federal Contract Tower,0,2,8,11,21,0,0,15,22,37,0,2,23,33,58,0,62,62,120
06/06/2012,WDG,OK,ASW,CE,Federal Contract Tower,0,2,9,24,35,0,0,21,25,46,0,2,30,49,81,11,2,13,94
06/07/2012,WDG,OK,ASW,CE,Federal Contract Tower,0,1,6,17,24,0,1,15,18,34,0,2,21,35,58,50,60,110,168
06/08/2012,WDG,OK,ASW,CE,Federal Contract Tower,0,2,4,21,27,0,0,31,21,52,0,2,35,42,79,18,32,50,129
06/09/2012,WDG,OK,ASW,CE,Federal Contract Tower,0,0,1,2,3,0,2,14,1,17,0,2,15,3,20,6,2,8,28
06/10/2012,WDG,OK,ASW,CE,Federal Contract Tower,0,0,2,7,9,0,0,11,7,18,0,0,13,14,27,0,3,3,30
06/11/2012,WDG,OK,ASW,CE,Federal Contract Tower,0,2,3,34,39,0,0,16,36,52,0,2,19,70,91,0,20,20,111
06/12/2012,WDG,OK,ASW,CE,Federal Contract Tower,0,2,9,25,36,0,0,25,28,53,0,2,34,53,89,6,32,38,127
06/13/2012,WDG,OK,ASW,CE,Federal Contract Tower,0,4,10,19,33,0,0,22,30,52,0,4,32,49,85,0,44,44,129
06/14/2012,WDG,OK,ASW,CE,Federal Contract Tower,0,2,12,17,31,0,0,15,22,37,0,2,27,39,68,4,82,86,154
06/15/2012,WDG,OK,ASW,CE,Federal Contract Tower,0,2,3,28,33,0,0,21,22,43,0,2,24,50,76,0,29,29,105
06/16/2012,WDG,OK,ASW,CE,Federal Contract Tower,0,1,2,8,11,0,1,33,6,40,0,2,35,14,51,29,37,66,117
06/17/2012,WDG,OK,ASW,CE,Federal Contract Tower,0,0,3,5,8,0,0,14,5,19,0,0,17,10,27,0,0,0,27
06/18/2012,WDG,OK,ASW,CE,Federal Contract Tower,0,2,10,4,16,0,0,8,11,19,0,2,18,15,35,23,4,27,62
06/19/2012,WDG,OK,ASW,CE,Federal Contract Tower,0,2,7,8,17,0,0,14,11,25,0,2,21,19,42,8,12,20,62
06/20/2012,WDG,OK,ASW,CE,Federal Contract Tower,0,2,15,11,28,0,0,34,11,45,0,2,49,22,73,0,2,2,75
06/21/2012,WDG,OK,ASW,CE,Federal Contract Tower,0,2,6,18,26,0,0,7,21,28,0,2,13,39,54,0,6,6,60
06/22/2012,WDG,OK,ASW,CE,Federal Contract Tower,0,2,8,22,32,0,0,60,28,88,0,2,68,50,120,17,70,87,207
06/23/2012,WDG,OK,ASW,CE,Federal Contract Tower,0,1,7,9,17,0,1,77,3,81,0,2,84,12,98,3,22,25,123
06/24/2012,WDG,OK,ASW,CE,Federal Contract Tower,0,0,7,4,11,0,0,21,2,23,0,0,28,6,34,4,0,4,38
06/25/2012,WDG,OK,ASW,CE,Federal Contract Tower,0,2,5,8,15,0,0,25,10,35,0,2,30,18,50,8,56,64,114
06/26/2012,WDG,OK,ASW,CE,Federal Contract Tower,0,2,3,12,17,0,0,14,19,33,0,2,17,31,50,30,48,78,128
06/27/2012,WDG,OK,ASW,CE,Federal Contract Tower,0,2,6,7,15,0,0,37,13,50,0,2,43,20,65,18,34,52,117
06/28/2012,WDG,OK,ASW,CE,Federal Contract Tower,0,2,16,8,26,0,0,12,20,32,0,2,28,28,58,6,63,69,127
06/29/2012,WDG,OK,ASW,CE,Federal Contract Tower,0,1,4,16,21,0,1,12,17,30,0,2,16,33,51,4,34,38,89
06/30/2012,WDG,OK,ASW,CE,Federal Contract Tower,0,2,5,5,12,0,0,20,3,23,0,2,25,8,35,38,14,52,87
07/01/2012,WDG,OK,ASW,CE,Federal Contract Tower,0,0,6,15,21,0,0,5,22,27,0,0,11,37,48,0,26,26,74
07/02/2012,WDG,OK,ASW,CE,Federal Contract Tower,0,2,10,10,22,0,0,27,10,37,0,2,37,20,59,4,0,4,63
07/03/2012,WDG,OK,ASW,CE,Federal Contract Tower,0,2,9,13,24,0,0,17,23,40,0,2,26,36,64,20,6,26,90
07/04/2012,WDG,OK,ASW,CE,Federal Contract Tower,0,0,1,0,1,0,0,24,0,24,0,0,25,0,25,6,0,6,31
07/05/2012,WDG,OK,ASW,CE,Federal Contract Tower,0,2,4,3,9,0,0,21,0,21,0,2,25,3,30,15,0,15,45
07/06/2012,WDG,OK,ASW,CE,Federal Contract Tower,0,2,7,29,38,0,0,22,33,55,0,2,29,62,93,17,6,23,116
07/07/2012,WDG,OK,ASW,CE,Federal Contract Tower,0,1,4,2,7,0,1,41,2,44,0,2,45,4,51,16,8,24,75
07/08/2012,WDG,OK,ASW,CE,Federal Contract Tower,0,0,7,9,16,0,0,12,7,19,0,0,19,16,35,10,0,10,45
07/09/2012,WDG,OK,ASW,CE,Federal Contract Tower,0,2,10,16,28,0,0,12,22,34,0,2,22,38,62,54,13,67,129
07/10/2012,WDG,OK,ASW,CE,Federal Contract Tower,0,2,5,18,25,0,0,20,22,42,0,2,25,40,67,8,19,27,94
07/11/2012,WDG,OK,ASW,CE,Federal Contract Tower,0,2,14,23,39,0,0,33,25,58,0,2,47,48,97,72,6,78,175
07/12/2012,WDG,OK,ASW,CE,Federal Contract Tower,0,2,8,25,35,0,0,22,25,47,0,2,30,50,82,16,6,22,104
07/13/2012,WDG,OK,ASW,CE,Federal Contract Tower,0,2,8,15,25,0,0,16,15,31,0,2,24,30,56,54,24,78,134
07/14/2012,WDG,OK,ASW,CE,Federal Contract Tower,0,1,6,9,16,0,2,20,5,27,0,3,26,14,43,7,0,7,50
07/15/2012,WDG,OK,ASW,CE,Federal Contract Tower,0,0,0,10,10,0,0,17,13,30,0,0,17,23,40,10,0,10,50
07/16/2012,WDG,OK,ASW,CE,Federal Contract Tower,0,2,3,5,10,0,0,14,5,19,0,2,17,10,29,10,0,10,39
07/17/2012,WDG,OK,ASW,CE,Federal Contract Tower,0,2,6,13,21,0,0,14,13,27,0,2,20,26,48,2,12,14,62
07/18/2012,WDG,OK,ASW,CE,Federal Contract Tower,0,2,6,16,24,0,0,11,16,27,0,2,17,32,51,6,14,20,71
07/19/2012,WDG,OK,ASW,CE,Federal Contract Tower,0,2,6,19,27,0,0,13,19,32,0,2,19,38,59,0,32,32,91
07/20/2012,WDG,OK,ASW,CE,Federal Contract Tower,0,2,20,30,52,0,0,24,25,49,0,2,44,55,101,10,66,76,177
07/21/2012,WDG,OK,ASW,CE,Federal Contract Tower,0,2,0,9,11,0,0,28,9,37,0,2,28,18,48,0,18,18,66
07/22/2012,WDG,OK,ASW,CE,Federal Contract Tower,0,0,11,8,19,0,0,9,9,18,0,0,20,17,37,0,12,12,49
07/23/2012,WDG,OK,ASW,CE,Federal Contract Tower,0,2,9,11,22,0,0,14,14,28,0,2,23,25,50,24,40,64,114
07/24/2012,WDG,OK,ASW,CE,Federal Contract Tower,0,2,5,23,30,0,0,22,23,45,0,2,27,46,75,14,10,24,99
07/25/2012,WDG,OK,ASW,CE,Federal Contract Tower,0,2,6,16,24,0,1,28,18,47,0,3,34,34,71,36,0,36,107
07/26/2012,WDG,OK,ASW,CE,Federal Contract Tower,0,2,4,35,41,0,0,14,35,49,0,2,18,70,90,104,10,114,204
07/27/2012,WDG,OK,ASW,CE,Federal Contract Tower,0,2,7,11,20,0,0,20,20,40,0,2,27,31,60,66,65,131,191
07/28/2012,WDG,OK,ASW,CE,Federal Contract Tower,0,2,3,1,6,0,0,65,4,69,0,2,68,5,75,40,6,46,121
07/29/2012,WDG,OK,ASW,CE,Federal Contract Tower,0,0,5,6,11,0,0,14,0,14,0,0,19,6,25,0,20,20,45
07/30/2012,WDG,OK,ASW,CE,Federal Contract Tower,0,2,4,20,26,0,0,12,26,38,0,2,16,46,64,60,44,104,168
07/31/2012,WDG,OK,ASW,CE,Federal Contract Tower,0,2,6,20,28,0,0,18,24,42,0,2,24,44,70,114,14,128,198
08/01/2012,WDG,OK,ASW,CE,Federal Contract Tower,0,2,2,18,22,0,0,21,20,41,0,2,23,38,63,136,26,162,225
08/02/2012,WDG,OK,ASW,CE,Federal Contract Tower,0,2,9,23,34,0,0,20,27,47,0,2,29,50,81,70,27,97,178
08/03/2012,WDG,OK,ASW,CE,Federal Contract Tower,0,2,2,18,22,0,1,22,19,42,0,3,24,37,64,25,24,49,113
08/04/2012,WDG,OK,ASW,CE,Federal Contract Tower,0,0,4,5,9,0,2,32,0,34,0,2,36,5,43,45,12,57,100
08/05/2012,WDG,OK,ASW,CE,Federal Contract Tower,0,0,2,18,20,0,0,9,16,25,0,0,11,34,45,0,8,8,53
08/06/2012,WDG,OK,ASW,CE,Federal Contract Tower,0,2,6,28,36,0,0,16,27,43,0,2,22,55,79,80,24,104,183
08/07/2012,WDG,OK,ASW,CE,Federal Contract Tower,0,2,2,19,23,0,0,26,27,53,0,2,28,46,76,20,52,72,148
08/08/2012,WDG,OK,ASW,CE,Federal Contract Tower,0,2,10,21,33,0,0,17,25,42,0,2,27,46,75,0,90,90,165
08/09/2012,WDG,OK,ASW,CE,Federal Contract Tower,0,2,10,21,33,0,0,19,26,45,0,2,29,47,78,8,43,51,129
08/10/2012,WDG,OK,ASW,CE,Federal Contract Tower,0,2,4,21,27,0,0,28,22,50,0,2,32,43,77,30,53,83,160
08/11/2012,WDG,OK,ASW,CE,Federal Contract Tower,0,2,4,3,9,0,0,24,0,24,0,2,28,3,33,16,2,18,51
08/12/2012,WDG,OK,ASW,CE,Federal Contract Tower,0,0,7,9,16,0,0,11,8,19,0,0,18,17,35,34,6,40,75
08/13/2012,WDG,OK,ASW,CE,Federal Contract Tower,0,2,6,30,38,0,0,11,28,39,0,2,17,58,77,14,41,55,132
08/14/2012,WDG,OK,ASW,CE,Federal Contract Tower,0,2,9,21,32,0,0,12,23,35,0,2,21,44,67,4,10,14,81
08/15/2012,WDG,OK,ASW,CE,Federal Contract Tower,0,2,3,20,25,0,0,27,23,50,0,2,30,43,75,19,27,46,121
08/16/2012,WDG,OK,ASW,CE,Federal Contract Tower,0,2,7,23,32,0,0,15,27,42,0,2,22,50,74,55,34,89,163
08/17/2012,WDG,OK,ASW,CE,Federal Contract Tower,0,2,5,16,23,0,0,28,13,41,0,2,33,29,64,6,14,20,84
08/18/2012,WDG,OK,ASW,CE,Federal Contract Tower,0,2,3,2,7,0,0,12,3,15,0,2,15,5,22,34,8,42,64
08/19/2012,WDG,OK,ASW,CE,Federal Contract Tower,0,0,10,7,17,0,0,26,5,31,0,0,36,12,48,8,0,8,56
08/20/2012,WDG,OK,ASW,CE,Federal Contract Tower,0,2,2,32,36,0,0,18,32,50,0,2,20,64,86,56,6,62,148
08/21/2012,WDG,OK,ASW,CE,Federal Contract Tower,0,2,6,16,24,0,0,32,22,54,0,2,38,38,78,72,68,140,218
08/22/2012,WDG,OK,ASW,CE,Federal Contract Tower,0,2,7,31,40,0,0,17,33,50,0,2,24,64,90,0,20,20,110
08/23/2012,WDG,OK,ASW,CE,Federal Contract Tower,0,2,9,27,38,0,0,23,29,52,0,2,32,56,90,0,24,24,114
08/24/2012,WDG,OK,ASW,CE,Federal Contract Tower,0,2,10,20,32,0,0,6,22,28,0,2,16,42,60,0,14,14,74
08/25/2012,WDG,OK,ASW,CE,Federal Contract Tower,0,2,1,5,8,0,0,31,11,42,0,2,32,16,50,91,33,124,174
08/26/2012,WDG,OK,ASW,CE,Federal Contract Tower,0,0,7,4,11,0,0,12,9,21,0,0,19,13,32,16,0,16,48
08/27/2012,WDG,OK,ASW,CE,Federal Contract Tower,0,2,7,26,35,0,0,20,26,46,0,2,27,52,81,10,0,10,91
08/28/2012,WDG,OK,ASW,CE,Federal Contract Tower,0,2,10,35,47,0,0,25,37,62,0,2,35,72,109,0,44,44,153
08/29/2012,WDG,OK,ASW,CE,Federal Contract Tower,0,2,3,16,21,0,0,20,18,38,0,2,23,34,59,38,28,66,125
08/30/2012,WDG,OK,ASW,CE,Federal Contract Tower,0,2,2,31,35,0,0,22,37,59,0,2,24,68,94,12,30,42,136
08/31/2012,WDG,OK,ASW,CE,Federal Contract Tower,0,2,9,31,42,0,0,15,29,44,0,2,24,60,86,32,18,50,136
09/01/2012,WDG,OK,ASW,CE,Federal Contract Tower,0,2,3,5,10,0,0,45,3,48,0,2,48,8,58,53,13,66,124
09/02/2012,WDG,OK,ASW,CE,Federal Contract Tower,0,0,1,7,8,0,0,7,1,8,0,0,8,8,16,20,32,52,68
09/03/2012,WDG,OK,ASW,CE,Federal Contract Tower,0,0,6,4,10,0,0,17,1,18,0,0,23,5,28,7,0,7,35
09/04/2012,WDG,OK,ASW,CE,Federal Contract Tower,0,3,8,33,44,0,0,23,40,63,0,3,31,73,107,25,60,85,192
09/05/2012,WDG,OK,ASW,CE,Federal Contract Tower,0,2,4,17,23,0,0,22,17,39,0,2,26,34,62,14,8,22,84
09/06/2012,WDG,OK,ASW,CE,Federal Contract Tower,0,2,6,10,18,0,0,22,12,34,0,2,28,22,52,36,26,62,114
09/07/2012,WDG,OK,ASW,CE,Federal Contract Tower,0,2,13,10,25,0,0,17,6,23,0,2,30,16,48,8,2,10,58
09/08/2012,WDG,OK,ASW,CE,Federal Contract Tower,0,2,6,15,23,0,0,23,1,24,0,2,29,16,47,10,6,16,63
09/09/2012,WDG,OK,ASW,CE,Federal Contract Tower,0,0,5,9,14,0,0,29,8,37,0,0,34,17,51,4,12,16,67
09/10/2012,WDG,OK,ASW,CE,Federal Contract Tower,0,2,6,19,27,0,0,20,23,43,0,2,26,42,70,8,2,10,80
09/11/2012,WDG,OK,ASW,CE,Federal Contract Tower,0,2,1,17,20,0,0,16,17,33,0,2,17,34,53,0,4,4,57
09/12/2012,WDG,OK,ASW,CE,Federal Contract Tower,0,2,11,18,31,0,0,17,24,41,0,2,28,42,72,0,12,12,84
09/13/2012,WDG,OK,ASW,CE,Federal Contract Tower,0,2,8,37,47,0,0,3,37,40,0,2,11,74,87,0,0,0,87
09/14/2012,WDG,OK,ASW,CE,Federal Contract Tower,0,2,14,31,47,0,0,4,29,33,0,2,18,60,80,0,0,0,80
09/15/2012,WDG,OK,ASW,CE,Federal Contract Tower,0,0,4,3,7,0,0,1,0,1,0,0,5,3,8,0,0,0,8
09/16/2012,WDG,OK,ASW,CE,Federal Contract Tower,0,0,8,10,18,0,0,18,9,27,0,0,26,19,45,12,0,12,57
09/17/2012,WDG,OK,ASW,CE,Federal Contract Tower,0,2,9,8,19,0,0,12,8,20,0,2,21,16,39,0,8,8,47
09/18/2012,WDG,OK,ASW,CE,Federal Contract Tower,0,2,11,6,19,0,0,17,6,23,0,2,28,12,42,4,4,8,50
09/19/2012,WDG,OK,ASW,CE,Federal Contract Tower,0,2,9,8,19,0,0,28,7,35,0,2,37,15,54,2,18,20,74
09/20/2012,WDG,OK,ASW,CE,Federal Contract Tower,0,2,3,20,25,0,0,15,20,35,0,2,18,40,60,11,0,11,71
09/21/2012,WDG,OK,ASW,CE,Federal Contract Tower,0,2,11,18,31,0,0,24,18,42,0,2,35,36,73,41,20,61,134
09/22/2012,WDG,OK,ASW,CE,Federal Contract Tower,0,2,2,0,4,0,0,69,0,69,0,2,71,0,73,10,0,10,83
09/23/2012,WDG,OK,ASW,CE,Federal Contract Tower,0,0,4,5,9,0,0,25,5,30,0,0,29,10,39,0,0,0,39
09/24/2012,WDG,OK,ASW,CE,Federal Contract Tower,0,1,2,32,35,0,1,12,34,47,0,2,14,66,82,0,11,11,93
09/25/2012,WDG,OK,ASW,CE,Federal Contract Tower,0,2,10,12,24,0,0,17,12,29,0,2,27,24,53,24,0,24,77
09/26/2012,WDG,OK,ASW,CE,Federal Contract Tower,0,2,17,18,37,0,0,13,20,33,0,2,30,38,70,10,9,19,89
09/27/2012,WDG,OK,ASW,CE,Federal Contract Tower,0,2,9,34,45,0,0,18,35,53,0,2,27,69,98,6,30,36,134
09/28/2012,WDG,OK,ASW,CE,Federal Contract Tower,0,2,10,14,26,0,0,16,17,33,0,2,26,31,59,8,24,32,91
09/29/2012,WDG,OK,ASW,CE,Federal Contract Tower,0,2,6,0,8,0,0,14,0,14,0,2,20,0,22,14,0,14,36
09/30/2012,WDG,OK,ASW,CE,Federal Contract Tower,0,0,6,3,9,0,0,24,3,27,0,0,30,6,36,8,0,8,44
10/01/2012,WDG,OK,ASW,CE,Federal Contract Tower,0,2,4,22,28,0,0,11,28,39,0,2,15,50,67,0,19,19,86
10/02/2012,WDG,OK,ASW,CE,Federal Contract Tower,0,2,4,19,25,0,0,17,22,39,0,2,21,41,64,30,16,46,110
10/03/2012,WDG,OK,ASW,CE,Federal Contract Tower,0,2,15,10,27,0,0,21,10,31,0,2,36,20,58,20,0,20,78
10/04/2012,WDG,OK,ASW,CE,Federal Contract Tower,0,2,10,24,36,0,0,22,25,47,0,2,32,49,83,6,8,14,97
10/05/2012,WDG,OK,ASW,CE,Federal Contract Tower,0,2,6,18,26,0,0,14,17,31,0,2,20,35,57,20,8,28,85
10/06/2012,WDG,OK,ASW,CE,Federal Contract Tower,0,2,1,8,11,0,0,5,6,11,0,2,6,14,22,0,14,14,36
10/07/2012,WDG,OK,ASW,CE,Federal Contract Tower,0,0,1,14,15,0,0,26,5,31,0,0,27,19,46,17,4,21,67
10/08/2012,WDG,OK,ASW,CE,Federal Contract Tower,0,2,11,0,13,0,0,26,1,27,0,2,37,1,40,4,0,4,44
10/09/2012,WDG,OK,ASW,CE,Federal Contract Tower,0,2,10,28,40,0,0,13,32,45,0,2,23,60,85,0,32,32,117
10/10/2012,WDG,OK,ASW,CE,Federal Contract Tower,0,2,11,26,39,0,0,19,26,45,0,2,30,52,84,8,14,22,106
10/11/2012,WDG,OK,ASW,CE,Federal Contract Tower,0,2,10,14,26,0,0,18,18,36,0,2,28,32,62,32,0,32,94
10/12/2012,WDG,OK,ASW,CE,Federal Contract Tower,0,2,6,26,34,0,0,14,26,40,0,2,20,52,74,46,4,50,124
10/13/2012,WDG,OK,ASW,CE,Federal Contract Tower,0,4,1,0,5,0,0,4,0,4,0,4,5,0,9,0,0,0,9
10/14/2012,WDG,OK,ASW,CE,Federal Contract Tower,0,0,7,1,8,0,0,13,1,14,0,0,20,2,22,2,0,2,24
10/15/2012,WDG,OK,ASW,CE,Federal Contract Tower,0,2,3,12,17,0,0,13,20,33,0,2,16,32,50,0,12,12,62
10/16/2012,WDG,OK,ASW,CE,Federal Contract Tower,0,2,10,15,27,0,0,29,15,44,0,2,39,30,71,34,23,57,128
10/17/2012,WDG,OK,ASW,CE,Federal Contract Tower,0,2,6,20,28,0,0,8,22,30,0,2,14,42,58,34,26,60,118
10/18/2012,WDG,OK,ASW,CE,Federal Contract Tower,0,3,18,2,23,0,0,8,4,12,0,3,26,6,35,0,6,6,41
10/19/2012,WDG,OK,ASW,CE,Federal Contract Tower,0,2,9,21,32,0,0,21,20,41,0,2,30,41,73,29,4,33,106
10/20/2012,WDG,OK,ASW,CE,Federal Contract Tower,0,0,4,8,12,0,2,35,6,43,0,2,39,14,55,49,0,49,104
10/21/2012,WDG,OK,ASW,CE,Federal Contract Tower,0,0,12,5,17,0,0,17,1,18,0,0,29,6,35,2,0,2,37
10/22/2012,WDG,OK,ASW,CE,Federal Contract Tower,0,2,4,20,26,0,0,10,32,42,0,2,14,52,68,0,93,93,161
10/23/2012,WDG,OK,ASW,CE,Federal Contract Tower,0,2,8,17,27,0,0,11,31,42,0,2,19,48,69,0,78,78,147
10/24/2012,WDG,OK,ASW,CE,Federal Contract Tower,0,2,8,17,27,0,0,13,19,32,0,2,21,36,59,16,4,20,79
10/25/2012,WDG,OK,ASW,CE,Federal Contract Tower,0,2,9,5,16,0,0,9,12,21,0,2,18,17,37,0,43,43,80
10/26/2012,WDG,OK,ASW,CE,Federal Contract Tower,0,2,6,5,13,0,0,19,13,32,0,2,25,18,45,4,29,33,78
10/27/2012,WDG,OK,ASW,CE,Federal Contract Tower,0,2,2,1,5,0,0,52,1,53,0,2,54,2,58,45,0,45,103
10/28/2012,WDG,OK,ASW,CE,Federal Contract Tower,0,0,2,4,6,0,0,19,3,22,0,0,21,7,28,57,0,57,85
10/29/2012,WDG,OK,ASW,CE,Federal Contract Tower,0,2,6,13,21,0,0,20,15,35,0,2,26,28,56,0,28,28,84
10/30/2012,WDG,OK,ASW,CE,Federal Contract Tower,0,2,6,23,31,0,0,23,23,46,0,2,29,46,77,6,22,28,105
10/31/2012,WDG,OK,ASW,CE,Federal Contract Tower,0,2,6,12,20,0,0,17,14,31,0,2,23,26,51,0,12,12,63
11/01/2012,WDG,OK,ASW,CE,Federal Contract Tower,0,2,15,9,26,0,0,17,12,29,0,2,32,21,55,6,50,56,111
11/02/2012,WDG,OK,ASW,CE,Federal Contract Tower,0,2,5,12,19,0,0,21,12,33,0,2,26,24,52,0,26,26,78
11/03/2012,WDG,OK,ASW,CE,Federal Contract Tower,0,2,1,3,6,0,0,30,2,32,0,2,31,5,38,10,9,19,57
11/04/2012,WDG,OK,ASW,CE,Federal Contract Tower,0,0,7,9,16,0,0,34,10,44,0,0,41,19,60,14,6,20,80
11/05/2012,WDG,OK,ASW,CE,Federal Contract Tower,0,2,10,18,30,0,0,17,20,37,0,2,27,38,67,12,44,56,123
11/06/2012,WDG,OK,ASW,CE,Federal Contract Tower,0,2,3,29,34,0,0,21,28,49,0,2,24,57,83,31,8,39,122
11/07/2012,WDG,OK,ASW,CE,Federal Contract Tower,0,2,0,20,22,0,0,26,30,56,0,2,26,50,78,12,49,61,139
11/08/2012,WDG,OK,ASW,CE,Federal Contract Tower,0,2,12,21,35,0,0,20,23,43,0,2,32,44,78,0,17,17,95
11/09/2012,WDG,OK,ASW,CE,Federal Contract Tower,0,2,5,22,29,0,0,11,27,38,0,2,16,49,67,0,56,56,123
11/10/2012,WDG,OK,ASW,CE,Federal Contract Tower,0,2,1,1,4,0,0,4,0,4,0,2,5,1,8,0,0,0,8
11/11/2012,WDG,OK,ASW,CE,Federal Contract Tower,0,0,4,0,4,0,0,4,0,4,0,0,8,0,8,2,0,2,10
11/12/2012,WDG,OK,ASW,CE,Federal Contract Tower,0,2,2,2,6,0,0,24,0,24,0,2,26,2,30,69,0,69,99
11/13/2012,WDG,OK,ASW,CE,Federal Contract Tower,0,2,7,14,23,0,0,13,28,41,0,2,20,42,64,0,49,49,113
11/14/2012,WDG,OK,ASW,CE,Federal Contract Tower,0,2,5,8,15,0,0,15,12,27,0,2,20,20,42,0,24,24,66
11/15/2012,WDG,OK,ASW,CE,Federal Contract Tower,0,2,5,26,33,0,0,27,29,56,0,2,32,55,89,52,18,70,159
11/16/2012,WDG,OK,ASW,CE,Federal Contract Tower,0,2,13,17,32,0,0,26,16,42,0,2,39,33,74,5,20,25,99
11/17/2012,WDG,OK,ASW,CE,Federal Contract Tower,0,2,7,7,16,0,0,65,1,66,0,2,72,8,82,46,0,46,128
11/18/2012,WDG,OK,ASW,CE,Federal Contract Tower,0,0,14,18,32,0,0,19,15,34,0,0,33,33,66,16,0,16,82
11/19/2012,WDG,OK,ASW,CE,Federal Contract Tower,0,2,6,24,32,0,0,14,24,38,0,2,20,48,70,21,29,50,120
11/20/2012,WDG,OK,ASW,CE,Federal Contract Tower,0,2,6,23,31,0,0,20,27,47,0,2,26,50,78,8,26,34,112
11/21/2012,WDG,OK,ASW,CE,Federal Contract Tower,0,2,7,19,28,0,0,22,26,48,0,2,29,45,76,4,28,32,108
11/22/2012,WDG,OK,ASW,CE,Federal Contract Tower,0,0,3,0,3,0,0,13,0,13,0,0,16,0,16,2,0,2,18
11/23/2012,WDG,OK,ASW,CE,Federal Contract Tower,0,2,5,0,7,0,0,16,0,16,0,2,21,0,23,10,0,10,33
11/24/2012,WDG,OK,ASW,CE,Federal Contract Tower,0,2,6,0,8,0,0,23,0,23,0,2,29,0,31,26,0,26,57
11/25/2012,WDG,OK,ASW,CE,Federal Contract Tower,0,0,7,0,7,0,0,0,0,0,0,0,7,0,7,5,0,5,12
11/26/2012,WDG,OK,ASW,CE,Federal Contract Tower,0,2,9,27,38,0,0,11,27,38,0,2,20,54,76,0,7,7,83
11/27/2012,WDG,OK,ASW,CE,Federal Contract Tower,0,2,17,26,45,0,0,20,30,50,0,2,37,56,95,35,36,71,166
11/28/2012,WDG,OK,ASW,CE,Federal Contract Tower,0,3,5,25,33,0,1,16,27,44,0,4,21,52,77,0,28,28,105
11/29/2012,WDG,OK,ASW,CE,Federal Contract Tower,0,0,14,39,53,0,0,13,45,58,0,0,27,84,111,24,16,40,151
11/30/2012,WDG,OK,ASW,CE,Federal Contract Tower,0,2,7,24,33,0,0,25,26,51,0,2,32,50,84,61,26,87,171
12/01/2012,WDG,OK,ASW,CE,Federal Contract Tower,0,1,5,2,8,0,1,4,21,26,0,2,9,23,34,17,6,23,57
12/02/2012,WDG,OK,ASW,CE,Federal Contract Tower,0,0,5,16,21,0,0,12,16,28,0,0,17,32,49,10,0,10,59
12/03/2012,WDG,OK,ASW,CE,Federal Contract Tower,0,2,7,31,40,0,0,9,32,41,0,2,16,63,81,0,18,18,99
12/04/2012,WDG,OK,ASW,CE,Federal Contract Tower,0,2,15,53,70,0,0,22,54,76,0,2,37,107,146,42,84,126,272
12/05/2012,WDG,OK,ASW,CE,Federal Contract Tower,0,2,8,64,74,0,0,19,64,83,0,2,27,128,157,57,30,87,244
12/06/2012,WDG,OK,ASW,CE,Federal Contract Tower,0,3,4,32,39,0,0,20,34,54,0,3,24,66,93,81,28,109,202
12/07/2012,WDG,OK,ASW,CE,Federal Contract Tower,0,2,7,20,29,0,0,2,18,20,0,2,9,38,49,0,0,0,49
12/08/2012,WDG,OK,ASW,CE,Federal Contract Tower,0,2,14,0,16,0,0,10,0,10,0,2,24,0,26,29,0,29,55
12/09/2012,WDG,OK,ASW,CE,Federal Contract Tower,0,0,4,17,21,0,0,0,17,17,0,0,4,34,38,0,0,0,38
12/10/2012,WDG,OK,ASW,CE,Federal Contract Tower,0,2,8,32,42,0,0,12,34,46,0,2,20,66,88,6,36,42,130
12/11/2012,WDG,OK,ASW,CE,Federal Contract Tower,0,2,4,37,43,0,0,26,38,64,0,2,30,75,107,6,76,82,189
12/12/2012,WDG,OK,ASW,CE,Federal Contract Tower,0,2,14,38,54,0,0,9,40,49,0,2,23,78,103,18,26,44,147
12/13/2012,WDG,OK,ASW,CE,Federal Contract Tower,0,2,16,24,42,0,0,16,24,40,0,2,32,48,82,8,10,18,100
12/14/2012,WDG,OK,ASW,CE,Federal Contract Tower,0,2,9,8,19,0,0,8,14,22,0,2,17,22,41,19,21,40,81
12/15/2012,WDG,OK,ASW,CE,Federal Contract Tower,0,2,5,2,9,0,0,37,0,37,0,2,42,2,46,63,0,63,109
12/16/2012,WDG,OK,ASW,CE,Federal Contract Tower,0,0,7,16,23,0,0,16,14,30,0,0,23,30,53,8,2,10,63
12/17/2012,WDG,OK,ASW,CE,Federal Contract Tower,0,2,9,23,34,0,0,14,27,41,0,2,23,50,75,40,43,83,158
12/18/2012,WDG,OK,ASW,CE,Federal Contract Tower,0,2,9,22,33,0,0,25,22,47,0,2,34,44,80,7,0,7,87
12/19/2012,WDG,OK,ASW,CE,Federal Contract Tower,0,1,11,29,41,0,0,10,29,39,0,1,21,58,80,6,6,12,92
12/20/2012,WDG,OK,ASW,CE,Federal Contract Tower,0,2,9,21,32,0,0,8,22,30,0,2,17,43,62,0,12,12,74
12/21/2012,WDG,OK,ASW,CE,Federal Contract Tower,0,2,8,12,22,0,0,28,14,42,0,2,36,26,64,98,9,107,171
12/22/2012,WDG,OK,ASW,CE,Federal Contract Tower,0,2,3,0,5,0,0,24,0,24,0,2,27,0,29,14,0,14,43
12/23/2012,WDG,OK,ASW,CE,Federal Contract Tower,0,0,3,0,3,0,0,16,0,16,0,0,19,0,19,6,0,6,25
12/24/2012,WDG,OK,ASW,CE,Federal Contract Tower,0,2,1,0,3,0,0,6,0,6,0,2,7,0,9,0,0,0,9
12/25/2012,WDG,OK,ASW,CE,Federal Contract Tower,0,0,0,0,0,0,0,0,0,0,0,0,0,0,0,0,0,0,0
12/26/2012,WDG,OK,ASW,CE,Federal Contract Tower,0,2,6,0,8,0,0,7,0,7,0,2,13,0,15,3,0,3,18
12/27/2012,WDG,OK,ASW,CE,Federal Contract Tower,0,2,8,0,10,0,0,15,0,15,0,2,23,0,25,0,0,0,25
12/28/2012,WDG,OK,ASW,CE,Federal Contract Tower,0,2,0,0,2,0,0,17,0,17,0,2,17,0,19,4,0,4,23
12/29/2012,WDG,OK,ASW,CE,Federal Contract Tower,0,2,3,0,5,0,0,16,0,16,0,2,19,0,21,2,0,2,23
12/30/2012,WDG,OK,ASW,CE,Federal Contract Tower,0,2,0,0,2,0,0,4,0,4,0,2,4,0,6,0,0,0,6
12/31/2012,WDG,OK,ASW,CE,Federal Contract Tower,0,2,1,0,3,0,0,0,0,0,0,2,1,0,3,0,0,0,3
01/01/2013,WDG,OK,ASW,CE,Federal Contract Tower,0,0,3,0,3,0,0,0,0,0,0,0,3,0,3,0,0,0,3
01/02/2013,WDG,OK,ASW,CE,Federal Contract Tower,0,2,5,37,44,0,0,13,37,50,0,2,18,74,94,2,91,93,187
01/03/2013,WDG,OK,ASW,CE,Federal Contract Tower,0,2,15,31,48,0,0,19,32,51,0,2,34,63,99,20,20,40,139
01/04/2013,WDG,OK,ASW,CE,Federal Contract Tower,0,2,6,24,32,0,0,16,24,40,0,2,22,48,72,4,20,24,96
01/05/2013,WDG,OK,ASW,CE,Federal Contract Tower,0,2,6,1,9,0,0,17,3,20,0,2,23,4,29,12,17,29,58
01/06/2013,WDG,OK,ASW,CE,Federal Contract Tower,0,0,4,1,5,0,0,30,1,31,0,0,34,2,36,26,0,26,62
01/07/2013,WDG,OK,ASW,CE,Federal Contract Tower,0,2,3,30,35,0,0,16,32,48,0,2,19,62,83,57,37,94,177
01/08/2013,WDG,OK,ASW,CE,Federal Contract Tower,0,2,8,30,40,0,0,11,30,41,0,2,19,60,81,34,0,34,115
01/09/2013,WDG,OK,ASW,CE,Federal Contract Tower,0,2,6,28,36,0,0,11,28,39,0,2,17,56,75,8,18,26,101
01/10/2013,WDG,OK,ASW,CE,Federal Contract Tower,0,2,13,6,21,0,0,0,6,6,0,2,13,12,27,0,0,0,27
01/11/2013,WDG,OK,ASW,CE,Federal Contract Tower,0,2,10,15,27,0,0,13,14,27,0,2,23,29,54,4,2,6,60
01/12/2013,WDG,OK,ASW,CE,Federal Contract Tower,0,2,3,1,6,0,0,6,0,6,0,2,9,1,12,34,0,34,46
01/13/2013,WDG,OK,ASW,CE,Federal Contract Tower,0,0,7,2,9,0,0,15,2,17,0,0,22,4,26,0,0,0,26
01/14/2013,WDG,OK,ASW,CE,Federal Contract Tower,0,2,8,19,29,0,0,19,24,43,0,2,27,43,72,0,32,32,104
01/15/2013,WDG,OK,ASW,CE,Federal Contract Tower,0,2,3,30,35,0,0,20,34,54,0,2,23,64,89,10,50,60,149
01/16/2013,WDG,OK,ASW,CE,Federal Contract Tower,0,2,12,15,29,0,0,17,19,36,0,2,29,34,65,22,38,60,125
01/17/2013,WDG,OK,ASW,CE,Federal Contract Tower,0,2,10,28,40,0,0,27,31,58,0,2,37,59,98,43,37,80,178
01/18/2013,WDG,OK,ASW,CE,Federal Contract Tower,0,2,17,30,49,0,0,24,34,58,0,2,41,64,107,3,78,81,188
01/19/2013,WDG,OK,ASW,CE,Federal Contract Tower,0,2,2,0,4,0,0,39,0,39,0,2,41,0,43,17,0,17,60
01/20/2013,WDG,OK,ASW,CE,Federal Contract Tower,0,0,8,5,13,0,0,33,1,34,0,0,41,6,47,31,0,31,78
01/21/2013,WDG,OK,ASW,CE,Federal Contract Tower,0,2,3,0,5,0,0,26,0,26,0,2,29,0,31,8,0,8,39
01/22/2013,WDG,OK,ASW,CE,Federal Contract Tower,0,2,4,23,29,0,0,17,26,43,0,2,21,49,72,2,38,40,112
01/23/2013,WDG,OK,ASW,CE,Federal Contract Tower,0,2,6,23,31,0,0,37,27,64,0,2,43,50,95,67,15,82,177
01/24/2013,WDG,OK,ASW,CE,Federal Contract Tower,0,2,2,10,14,0,0,0,10,10,0,2,2,20,24,18,8,26,50
01/25/2013,WDG,OK,ASW,CE,Federal Contract Tower,0,2,12,19,33,0,0,20,12,32,0,2,32,31,65,52,8,60,125
01/26/2013,WDG,OK,ASW,CE,Federal Contract Tower,0,2,6,6,14,0,0,19,3,22,0,2,25,9,36,23,8,31,67
01/27/2013,WDG,OK,ASW,CE,Federal Contract Tower,0,0,5,9,14,0,0,3,12,15,0,0,8,21,29,0,0,0,29
01/28/2013,WDG,OK,ASW,CE,Federal Contract Tower,0,2,6,30,38,0,0,13,34,47,0,2,19,64,85,4,12,16,101
01/29/2013,WDG,OK,ASW,CE,Federal Contract Tower,0,2,4,39,45,0,0,1,39,40,0,2,5,78,85,16,14,30,115
01/30/2013,WDG,OK,ASW,CE,Federal Contract Tower,0,2,4,22,28,0,0,8,23,31,0,2,12,45,59,6,12,18,77
01/31/2013,WDG,OK,ASW,CE,Federal Contract Tower,0,2,14,15,31,0,0,19,17,36,0,2,33,32,67,4,15,19,86
02/01/2013,WDG,OK,ASW,CE,Federal Contract Tower,0,2,4,18,24,0,0,20,18,38,0,2,24,36,62,10,63,73,135
02/02/2013,WDG,OK,ASW,CE,Federal Contract Tower,0,2,6,2,10,0,0,39,1,40,0,2,45,3,50,44,4,48,98
02/03/2013,WDG,OK,ASW,CE,Federal Contract Tower,0,0,0,7,7,0,0,8,6,14,0,0,8,13,21,24,12,36,57
02/04/2013,WDG,OK,ASW,CE,Federal Contract Tower,0,2,6,21,29,0,0,20,21,41,0,2,26,42,70,14,16,30,100
02/05/2013,WDG,OK,ASW,CE,Federal Contract Tower,0,2,5,25,32,0,0,25,33,58,0,2,30,58,90,98,41,139,229
02/06/2013,WDG,OK,ASW,CE,Federal Contract Tower,0,2,9,0,11,0,0,0,0,0,0,2,9,0,11,0,0,0,11
02/07/2013,WDG,OK,ASW,CE,Federal Contract Tower,0,2,12,20,34,0,0,11,20,31,0,2,23,40,65,0,0,0,65
02/08/2013,WDG,OK,ASW,CE,Federal Contract Tower,0,2,3,36,41,0,0,38,26,64,0,2,41,62,105,10,42,52,157
02/09/2013,WDG,OK,ASW,CE,Federal Contract Tower,0,2,4,9,15,0,0,1,0,1,0,2,5,9,16,0,0,0,16
02/10/2013,WDG,OK,ASW,CE,Federal Contract Tower,0,0,7,3,10,0,0,10,2,12,0,0,17,5,22,6,0,6,28
02/11/2013,WDG,OK,ASW,CE,Federal Contract Tower,0,2,10,34,46,0,0,34,38,72,0,2,44,72,118,53,62,115,233
02/12/2013,WDG,OK,ASW,CE,Federal Contract Tower,0,2,5,0,7,0,0,0,0,0,0,2,5,0,7,0,0,0,7
02/13/2013,WDG,OK,ASW,CE,Federal Contract Tower,0,2,11,15,28,0,0,31,15,46,0,2,42,30,74,58,2,60,134
02/14/2013,WDG,OK,ASW,CE,Federal Contract Tower,0,2,15,32,49,0,0,20,36,56,0,2,35,68,105,0,74,74,179
02/15/2013,WDG,OK,ASW,CE,Federal Contract Tower,0,2,9,16,27,0,0,31,30,61,0,2,40,46,88,16,72,88,176
02/16/2013,WDG,OK,ASW,CE,Federal Contract Tower,0,1,2,5,8,0,1,30,3,34,0,2,32,8,42,2,0,2,44
02/17/2013,WDG,OK,ASW,CE,Federal Contract Tower,0,0,10,12,22,0,0,14,8,22,0,0,24,20,44,30,37,67,111
02/18/2013,WDG,OK,ASW,CE,Federal Contract Tower,0,2,9,4,15,0,0,8,4,12,0,2,17,8,27,23,14,37,64
02/19/2013,WDG,OK,ASW,CE,Federal Contract Tower,0,2,4,23,29,0,0,26,34,60,0,2,30,57,89,62,48,110,199
02/20/2013,WDG,OK,ASW,CE,Federal Contract Tower,0,0,3,0,3,0,0,0,0,0,0,0,3,0,3,0,0,0,3
02/21/2013,WDG,OK,ASW,CE,Federal Contract Tower,0,2,7,0,9,0,0,0,0,0,0,2,7,0,9,0,0,0,9
02/22/2013,WDG,OK,ASW,CE,Federal Contract Tower,0,2,11,35,48,0,0,13,38,51,0,2,24,73,99,37,111,148,247
02/23/2013,WDG,OK,ASW,CE,Federal Contract Tower,0,0,8,17,25,0,2,41,10,53,0,2,49,27,78,209,37,246,324
02/24/2013,WDG,OK,ASW,CE,Federal Contract Tower,0,0,14,17,31,0,0,8,21,29,0,0,22,38,60,0,0,0,60
02/25/2013,WDG,OK,ASW,CE,Federal Contract Tower,0,0,1,0,1,0,0,0,0,0,0,0,1,0,1,0,0,0,1
02/26/2013,WDG,OK,ASW,CE,Federal Contract Tower,0,0,1,0,1,0,0,15,0,15,0,0,16,0,16,0,0,0,16
02/27/2013,WDG,OK,ASW,CE,Federal Contract Tower,0,2,2,0,4,0,0,19,0,19,0,2,21,0,23,34,0,34,57
02/28/2013,WDG,OK,ASW,CE,Federal Contract Tower,0,2,9,18,29,0,0,15,23,38,0,2,24,41,67,11,31,42,109
03/01/2013,WDG,OK,ASW,CE,Federal Contract Tower,0,2,11,19,32,0,0,8,17,25,0,2,19,36,57,20,17,37,94
03/02/2013,WDG,OK,ASW,CE,Federal Contract Tower,0,0,9,21,30,0,2,43,12,57,0,2,52,33,87,35,73,108,195
03/03/2013,WDG,OK,ASW,CE,Federal Contract Tower,0,0,7,17,24,0,0,13,11,24,0,0,20,28,48,18,64,82,130
03/04/2013,WDG,OK,ASW,CE,Federal Contract Tower,0,2,6,33,41,0,0,9,39,48,0,2,15,72,89,0,88,88,177
03/05/2013,WDG,OK,ASW,CE,Federal Contract Tower,0,2,8,33,43,0,0,18,27,45,0,2,26,60,88,20,24,44,132
03/06/2013,WDG,OK,ASW,CE,Federal Contract Tower,0,2,9,32,43,0,0,37,33,70,0,2,46,65,113,41,66,107,220
03/07/2013,WDG,OK,ASW,CE,Federal Contract Tower,0,2,10,25,37,0,0,10,38,48,0,2,20,63,85,0,62,62,147
03/08/2013,WDG,OK,ASW,CE,Federal Contract Tower,0,2,2,22,26,0,0,3,16,19,0,2,5,38,45,0,0,0,45
03/09/2013,WDG,OK,ASW,CE,Federal Contract Tower,0,1,2,0,3,0,1,0,2,3,0,2,2,2,6,0,0,0,6
03/10/2013,WDG,OK,ASW,CE,Federal Contract Tower,0,0,3,11,14,0,0,2,5,7,0,0,5,16,21,0,0,0,21
03/11/2013,WDG,OK,ASW,CE,Federal Contract Tower,0,2,3,17,22,0,0,27,17,44,0,2,30,34,66,68,16,84,150
03/12/2013,WDG,OK,ASW,CE,Federal Contract Tower,0,2,6,21,29,0,0,17,31,48,0,2,23,52,77,65,78,143,220
03/13/2013,WDG,OK,ASW,CE,Federal Contract Tower,0,2,2,14,18,0,0,30,20,50,0,2,32,34,68,6,16,22,90
03/14/2013,WDG,OK,ASW,CE,Federal Contract Tower,0,2,6,22,30,0,0,30,28,58,0,2,36,50,88,20,52,72,160
03/15/2013,WDG,OK,ASW,CE,Federal Contract Tower,0,2,10,37,49,0,0,28,41,69,0,2,38,78,118,16,53,69,187
03/16/2013,WDG,OK,ASW,CE,Federal Contract Tower,0,2,7,7,16,0,0,31,1,32,0,2,38,8,48,4,2,6,54
03/17/2013,WDG,OK,ASW,CE,Federal Contract Tower,0,0,0,22,22,0,0,0,19,19,0,0,0,41,41,0,0,0,41
03/18/2013,WDG,OK,ASW,CE,Federal Contract Tower,0,2,2,37,41,0,0,8,39,47,0,2,10,76,88,2,29,31,119
03/19/2013,WDG,OK,ASW,CE,Federal Contract Tower,0,2,6,25,33,0,0,20,28,48,0,2,26,53,81,11,24,35,116
03/20/2013,WDG,OK,ASW,CE,Federal Contract Tower,0,2,7,31,40,0,0,22,33,55,0,2,29,64,95,42,50,92,187
03/21/2013,WDG,OK,ASW,CE,Federal Contract Tower,0,2,8,29,39,0,0,10,37,47,0,2,18,66,86,10,72,82,168
03/22/2013,WDG,OK,ASW,CE,Federal Contract Tower,0,2,9,30,41,0,0,0,26,26,0,2,9,56,67,0,0,0,67
03/23/2013,WDG,OK,ASW,CE,Federal Contract Tower,0,2,4,0,6,0,0,0,0,0,0,2,4,0,6,0,0,0,6
03/24/2013,WDG,OK,ASW,CE,Federal Contract Tower,0,0,3,12,15,0,0,2,12,14,0,0,5,24,29,0,0,0,29
03/25/2013,WDG,OK,ASW,CE,Federal Contract Tower,0,2,1,36,39,0,0,15,36,51,0,2,16,72,90,0,4,4,94
03/26/2013,WDG,OK,ASW,CE,Federal Contract Tower,0,2,9,10,21,0,0,34,22,56,0,2,43,32,77,62,101,163,240
03/27/2013,WDG,OK,ASW,CE,Federal Contract Tower,0,2,7,21,30,0,0,15,26,41,0,2,22,47,71,0,120,120,191
03/28/2013,WDG,OK,ASW,CE,Federal Contract Tower,0,2,12,25,39,0,0,25,25,50,0,2,37,50,89,0,36,36,125
03/29/2013,WDG,OK,ASW,CE,Federal Contract Tower,0,2,9,42,53,0,0,15,46,61,0,2,24,88,114,6,54,60,174
03/30/2013,WDG,OK,ASW,CE,Federal Contract Tower,0,1,1,0,2,0,0,37,2,39,0,1,38,2,41,42,2,44,85
03/31/2013,WDG,OK,ASW,CE,Federal Contract Tower,0,0,6,1,7,0,0,18,0,18,0,0,24,1,25,15,4,19,44
04/01/2013,WDG,OK,ASW,CE,Federal Contract Tower,0,2,4,9,15,0,0,10,23,33,0,2,14,32,48,12,102,114,162
04/02/2013,WDG,OK,ASW,CE,Federal Contract Tower,0,2,1,0,3,0,0,0,0,0,0,2,1,0,3,0,0,0,3
04/03/2013,WDG,OK,ASW,CE,Federal Contract Tower,0,2,4,0,6,0,0,2,0,2,0,2,6,0,8,0,0,0,8
04/04/2013,WDG,OK,ASW,CE,Federal Contract Tower,0,2,9,32,43,0,0,14,32,46,0,2,23,64,89,12,34,46,135
04/05/2013,WDG,OK,ASW,CE,Federal Contract Tower,0,2,11,21,34,0,0,33,24,57,0,2,44,45,91,15,56,71,162
04/06/2013,WDG,OK,ASW,CE,Federal Contract Tower,0,2,6,4,12,0,0,39,0,39,0,2,45,4,51,49,0,49,100
04/07/2013,WDG,OK,ASW,CE,Federal Contract Tower,0,0,1,1,2,0,0,2,1,3,0,0,3,2,5,0,0,0,5
04/08/2013,WDG,OK,ASW,CE,Federal Contract Tower,0,2,7,25,34,0,0,12,25,37,0,2,19,50,71,4,16,20,91
04/09/2013,WDG,OK,ASW,CE,Federal Contract Tower,0,4,5,10,19,0,0,5,10,15,0,4,10,20,34,0,0,0,34
04/10/2013,WDG,OK,ASW,CE,Federal Contract Tower,0,2,5,0,7,0,0,3,0,3,0,2,8,0,10,14,0,14,24
04/11/2013,WDG,OK,ASW,CE,Federal Contract Tower,0,2,5,15,22,0,0,15,20,35,0,2,20,35,57,14,48,62,119
04/12/2013,WDG,OK,ASW,CE,Federal Contract Tower,0,2,14,14,30,0,0,37,15,52,0,2,51,29,82,4,16,20,102
04/13/2013,WDG,OK,ASW,CE,Federal Contract Tower,0,2,4,10,16,0,0,21,8,29,0,2,25,18,45,2,15,17,62
04/14/2013,WDG,OK,ASW,CE,Federal Contract Tower,0,0,8,12,20,0,0,14,9,23,0,0,22,21,43,2,4,6,49
04/15/2013,WDG,OK,ASW,CE,Federal Contract Tower,0,2,11,25,38,0,0,15,28,43,0,2,26,53,81,14,16,30,111
04/16/2013,WDG,OK,ASW,CE,Federal Contract Tower,0,2,5,18,25,0,0,8,20,28,0,2,13,38,53,8,16,24,77
04/17/2013,WDG,OK,ASW,CE,Federal Contract Tower,0,0,7,12,19,0,0,2,2,4,0,0,9,14,23,0,0,0,23
04/18/2013,WDG,OK,ASW,CE,Federal Contract Tower,0,2,5,0,7,0,0,5,0,5,0,2,10,0,12,0,0,0,12
04/19/2013,WDG,OK,ASW,CE,Federal Contract Tower,0,1,12,34,47,0,1,30,33,64,0,2,42,67,111,4,40,44,155
04/20/2013,WDG,OK,ASW,CE,Federal Contract Tower,0,0,6,11,17,0,2,24,0,26,0,2,30,11,43,60,0,60,103
04/21/2013,WDG,OK,ASW,CE,Federal Contract Tower,0,0,1,8,9,0,0,20,5,25,0,0,21,13,34,0,0,0,34
04/22/2013,WDG,OK,ASW,CE,Federal Contract Tower,0,2,13,34,49,0,0,11,36,47,0,2,24,70,96,20,11,31,127
04/23/2013,WDG,OK,ASW,CE,Federal Contract Tower,0,2,5,0,7,0,0,0,0,0,0,2,5,0,7,0,0,0,7
04/24/2013,WDG,OK,ASW,CE,Federal Contract Tower,0,2,12,18,32,0,0,28,25,53,0,2,40,43,85,28,0,28,113
04/25/2013,WDG,OK,ASW,CE,Federal Contract Tower,0,2,9,33,44,0,0,21,28,49,0,2,30,61,93,30,10,40,133
04/26/2013,WDG,OK,ASW,CE,Federal Contract Tower,0,2,15,48,65,0,0,7,17,24,0,2,22,65,89,0,16,16,105
04/27/2013,WDG,OK,ASW,CE,Federal Contract Tower,0,2,9,16,27,0,0,11,7,18,0,2,20,23,45,2,14,16,61
04/28/2013,WDG,OK,ASW,CE,Federal Contract Tower,0,0,5,13,18,0,0,33,8,41,0,0,38,21,59,20,2,22,81
04/29/2013,WDG,OK,ASW,CE,Federal Contract Tower,0,2,6,36,44,0,0,22,35,57,0,2,28,71,101,21,59,80,181
04/30/2013,WDG,OK,ASW,CE,Federal Contract Tower,0,2,10,31,43,0,0,16,41,57,0,2,26,72,100,19,54,73,173
05/01/2013,WDG,OK,ASW,CE,Federal Contract Tower,0,2,14,32,48,0,0,20,31,51,0,2,34,63,99,20,0,20,119
05/02/2013,WDG,OK,ASW,CE,Federal Contract Tower,0,0,6,0,6,0,0,0,0,0,0,0,6,0,6,0,0,0,6
05/03/2013,WDG,OK,ASW,CE,Federal Contract Tower,0,2,10,28,40,0,0,30,32,62,0,2,40,60,102,12,42,54,156
05/04/2013,WDG,OK,ASW,CE,Federal Contract Tower,0,2,4,7,13,0,0,4,4,8,0,2,8,11,21,0,4,4,25
05/05/2013,WDG,OK,ASW,CE,Federal Contract Tower,0,0,7,19,26,0,0,22,18,40,0,0,29,37,66,0,6,6,72
05/06/2013,WDG,OK,ASW,CE,Federal Contract Tower,0,2,12,46,60,0,0,26,50,76,0,2,38,96,136,17,48,65,201
05/07/2013,WDG,OK,ASW,CE,Federal Contract Tower,0,2,7,41,50,0,0,19,45,64,0,2,26,86,114,20,43,63,177
05/08/2013,WDG,OK,ASW,CE,Federal Contract Tower,0,2,8,27,37,0,0,14,38,52,0,2,22,65,89,0,83,83,172
05/09/2013,WDG,OK,ASW,CE,Federal Contract Tower,0,2,7,46,55,0,0,8,46,54,0,2,15,92,109,32,6,38,147
05/10/2013,WDG,OK,ASW,CE,Federal Contract Tower,0,2,7,36,45,0,0,6,34,40,0,2,13,70,85,0,28,28,113
05/11/2013,WDG,OK,ASW,CE,Federal Contract Tower,0,0,7,6,13,0,0,25,7,32,0,0,32,13,45,8,11,19,64
05/12/2013,WDG,OK,ASW,CE,Federal Contract Tower,0,0,4,14,18,0,0,31,15,46,0,0,35,29,64,4,0,4,68
05/13/2013,WDG,OK,ASW,CE,Federal Contract Tower,0,2,4,43,49,0,0,32,49,81,0,2,36,92,130,98,38,136,266
05/14/2013,WDG,OK,ASW,CE,Federal Contract Tower,0,2,7,22,31,0,0,13,32,45,0,2,20,54,76,14,80,94,170
05/15/2013,WDG,OK,ASW,CE,Federal Contract Tower,0,2,9,25,36,0,0,17,29,46,0,2,26,54,82,10,22,32,114
05/16/2013,WDG,OK,ASW,CE,Federal Contract Tower,0,2,8,44,54,0,0,11,48,59,0,2,19,92,113,6,58,64,177
05/17/2013,WDG,OK,ASW,CE,Federal Contract Tower,0,2,7,22,31,0,0,9,14,23,0,2,16,36,54,50,0,50,104
05/18/2013,WDG,OK,ASW,CE,Federal Contract Tower,0,2,5,7,14,0,0,10,3,13,0,2,15,10,27,15,0,15,42
05/19/2013,WDG,OK,ASW,CE,Federal Contract Tower,0,0,1,24,25,0,0,7,16,23,0,0,8,40,48,4,10,14,62
05/20/2013,WDG,OK,ASW,CE,Federal Contract Tower,0,0,15,50,65,0,0,20,40,60,0,0,35,90,125,16,34,50,175
05/21/2013,WDG,OK,ASW,CE,Federal Contract Tower,0,2,5,40,47,0,0,11,47,58,0,2,16,87,105,30,50,80,185
05/22/2013,WDG,OK,ASW,CE,Federal Contract Tower,0,2,10,46,58,0,0,22,46,68,0,2,32,92,126,0,90,90,216
05/23/2013,WDG,OK,ASW,CE,Federal Contract Tower,0,2,7,11,20,0,0,17,11,28,0,2,24,22,48,0,12,12,60
05/24/2013,WDG,OK,ASW,CE,Federal Contract Tower,0,2,5,1,8,0,0,17,1,18,0,2,22,2,26,20,0,20,46
05/25/2013,WDG,OK,ASW,CE,Federal Contract Tower,0,2,3,0,5,0,0,18,0,18,0,2,21,0,23,2,0,2,25
05/26/2013,WDG,OK,ASW,CE,Federal Contract Tower,0,0,4,16,20,0,0,24,14,38,0,0,28,30,58,12,9,21,79
05/27/2013,WDG,OK,ASW,CE,Federal Contract Tower,0,0,2,0,2,0,0,6,0,6,0,0,8,0,8,0,0,0,8
05/28/2013,WDG,OK,ASW,CE,Federal Contract Tower,0,3,16,33,52,0,0,11,36,47,0,3,27,69,99,0,36,36,135
05/29/2013,WDG,OK,ASW,CE,Federal Contract Tower,0,0,4,39,43,0,0,11,36,47,0,0,15,75,90,0,2,2,92
05/30/2013,WDG,OK,ASW,CE,Federal Contract Tower,0,2,2,35,39,0,0,13,38,51,0,2,15,73,90,47,33,80,170
05/31/2013,WDG,OK,ASW,CE,Federal Contract Tower,0,0,5,27,32,0,0,15,31,46,0,0,20,58,78,0,8,8,86
06/01/2013,WDG,OK,ASW,CE,Federal Contract Tower,0,2,8,11,21,0,0,34,11,45,0,2,42,22,66,76,77,153,219
06/02/2013,WDG,OK,ASW,CE,Federal Contract Tower,0,0,3,24,27,0,0,28,31,59,0,0,31,55,86,43,8,51,137
06/03/2013,WDG,OK,ASW,CE,Federal Contract Tower,0,2,4,28,34,0,0,25,28,53,0,2,29,56,87,14,12,26,113
06/04/2013,WDG,OK,ASW,CE,Federal Contract Tower,0,2,6,50,58,0,0,13,53,66,0,2,19,103,124,44,20,64,188
06/05/2013,WDG,OK,ASW,CE,Federal Contract Tower,0,2,8,36,46,0,0,8,42,50,0,2,16,78,96,0,34,34,130
06/06/2013,WDG,OK,ASW,CE,Federal Contract Tower,0,2,13,32,47,0,0,33,32,65,0,2,46,64,112,16,12,28,140
06/07/2013,WDG,OK,ASW,CE,Federal Contract Tower,0,2,10,22,34,0,0,31,24,55,0,2,41,46,89,29,20,49,138
06/08/2013,WDG,OK,ASW,CE,Federal Contract Tower,0,2,3,15,20,0,0,26,9,35,0,2,29,24,55,26,18,44,99
06/09/2013,WDG,OK,ASW,CE,Federal Contract Tower,0,0,6,8,14,0,0,43,10,53,0,0,49,18,67,8,8,16,83
06/10/2013,WDG,OK,ASW,CE,Federal Contract Tower,0,2,4,23,29,0,0,36,28,64,0,2,40,51,93,34,24,58,151
06/11/2013,WDG,OK,ASW,CE,Federal Contract Tower,0,2,13,35,50,0,0,18,50,68,0,2,31,85,118,12,88,100,218
06/12/2013,WDG,OK,ASW,CE,Federal Contract Tower,0,2,16,31,49,0,0,13,51,64,0,2,29,82,113,0,88,88,201
06/13/2013,WDG,OK,ASW,CE,Federal Contract Tower,0,2,11,41,54,0,0,41,41,82,0,2,52,82,136,2,46,48,184
06/14/2013,WDG,OK,ASW,CE,Federal Contract Tower,0,2,12,45,59,0,0,31,49,80,0,2,43,94,139,40,62,102,241
06/15/2013,WDG,OK,ASW,CE,Federal Contract Tower,0,2,2,13,17,0,0,33,10,43,0,2,35,23,60,10,10,20,80
06/16/2013,WDG,OK,ASW,CE,Federal Contract Tower,0,0,5,15,20,0,0,8,11,19,0,0,13,26,39,16,38,54,93
06/17/2013,WDG,OK,ASW,CE,Federal Contract Tower,0,2,9,36,47,0,0,12,40,52,0,2,21,76,99,0,34,34,133
06/18/2013,WDG,OK,ASW,CE,Federal Contract Tower,0,2,7,26,35,0,0,41,40,81,0,2,48,66,116,51,58,109,225
06/19/2013,WDG,OK,ASW,CE,Federal Contract Tower,0,2,6,26,34,0,0,22,28,50,0,2,28,54,84,4,0,4,88
06/20/2013,WDG,OK,ASW,CE,Federal Contract Tower,0,2,9,40,51,0,0,24,40,64,0,2,33,80,115,2,16,18,133
06/21/2013,WDG,OK,ASW,CE,Federal Contract Tower,0,4,12,44,60,0,0,12,41,53,0,4,24,85,113,4,24,28,141
06/22/2013,WDG,OK,ASW,CE,Federal Contract Tower,0,2,7,9,18,0,0,33,6,39,0,2,40,15,57,50,6,56,113
06/23/2013,WDG,OK,ASW,CE,Federal Contract Tower,0,0,5,10,15,0,0,18,5,23,0,0,23,15,38,0,0,0,38
06/24/2013,WDG,OK,ASW,CE,Federal Contract Tower,0,2,16,13,31,0,0,11,15,26,0,2,27,28,57,2,3,5,62
06/25/2013,WDG,OK,ASW,CE,Federal Contract Tower,0,2,7,17,26,0,0,0,0,0,0,2,7,17,26,0,18,18,44
06/26/2013,WDG,OK,ASW,CE,Federal Contract Tower,0,2,11,25,38,0,0,29,33,62,0,2,40,58,100,8,62,70,170
06/27/2013,WDG,OK,ASW,CE,Federal Contract Tower,0,0,11,35,46,0,0,19,42,61,0,0,30,77,107,128,134,262,369
06/28/2013,WDG,OK,ASW,CE,Federal Contract Tower,0,2,14,36,52,0,0,35,39,74,0,2,49,75,126,90,96,186,312
06/29/2013,WDG,OK,ASW,CE,Federal Contract Tower,0,2,5,12,19,0,0,29,5,34,0,2,34,17,53,74,8,82,135
06/30/2013,WDG,OK,ASW,CE,Federal Contract Tower,0,0,6,13,19,0,0,9,9,18,0,0,15,22,37,3,0,3,40
07/01/2013,WDG,OK,ASW,CE,Federal Contract Tower,0,2,7,38,47,0,0,15,44,59,0,2,22,82,106,0,57,57,163
07/02/2013,WDG,OK,ASW,CE,Federal Contract Tower,0,3,2,42,47,0,0,13,43,56,0,3,15,85,103,14,36,50,153
07/03/2013,WDG,OK,ASW,CE,Federal Contract Tower,0,2,12,38,52,0,0,26,39,65,0,2,38,77,117,56,56,112,229
07/04/2013,WDG,OK,ASW,CE,Federal Contract Tower,0,0,0,4,4,0,0,33,4,37,0,0,33,8,41,34,2,36,77
07/05/2013,WDG,OK,ASW,CE,Federal Contract Tower,0,2,4,4,10,0,0,23,6,29,0,2,27,10,39,8,0,8,47
07/06/2013,WDG,OK,ASW,CE,Federal Contract Tower,0,1,1,0,2,0,1,13,0,14,0,2,14,0,16,4,0,4,20
07/07/2013,WDG,OK,ASW,CE,Federal Contract Tower,0,0,8,2,10,0,0,13,2,15,0,0,21,4,25,0,0,0,25
07/08/2013,WDG,OK,ASW,CE,Federal Contract Tower,0,2,9,22,33,0,0,16,30,46,0,2,25,52,79,2,22,24,103
07/09/2013,WDG,OK,ASW,CE,Federal Contract Tower,0,2,10,28,40,0,0,22,32,54,0,2,32,60,94,4,38,42,136
07/10/2013,WDG,OK,ASW,CE,Federal Contract Tower,0,2,11,32,45,0,0,21,32,53,0,2,32,64,98,4,4,8,106
07/11/2013,WDG,OK,ASW,CE,Federal Contract Tower,0,2,12,30,44,0,0,21,30,51,0,2,33,60,95,27,18,45,140
07/12/2013,WDG,OK,ASW,CE,Federal Contract Tower,0,2,9,12,23,0,0,28,15,43,0,2,37,27,66,2,36,38,104
07/13/2013,WDG,OK,ASW,CE,Federal Contract Tower,0,2,6,6,14,0,0,26,5,31,0,2,32,11,45,9,4,13,58
07/14/2013,WDG,OK,ASW,CE,Federal Contract Tower,0,0,7,11,18,0,0,7,6,13,0,0,14,17,31,0,0,0,31
07/15/2013,WDG,OK,ASW,CE,Federal Contract Tower,0,2,11,22,35,0,0,6,25,31,0,2,17,47,66,0,11,11,77
07/16/2013,WDG,OK,ASW,CE,Federal Contract Tower,0,2,12,21,35,0,0,9,25,34,0,2,21,46,69,2,68,70,139
07/17/2013,WDG,OK,ASW,CE,Federal Contract Tower,0,2,14,25,41,0,0,10,29,39,0,2,24,54,80,11,8,19,99
07/18/2013,WDG,OK,ASW,CE,Federal Contract Tower,0,2,13,43,58,0,0,32,45,77,0,2,45,88,135,4,46,50,185
07/19/2013,WDG,OK,ASW,CE,Federal Contract Tower,0,2,8,27,37,0,0,17,28,45,0,2,25,55,82,0,8,8,90
07/20/2013,WDG,OK,ASW,CE,Federal Contract Tower,0,2,4,6,12,0,0,40,1,41,0,2,44,7,53,4,12,16,69
07/21/2013,WDG,OK,ASW,CE,Federal Contract Tower,0,0,12,6,18,0,0,37,3,40,0,0,49,9,58,24,0,24,82
07/22/2013,WDG,OK,ASW,CE,Federal Contract Tower,0,2,10,44,56,0,0,23,46,69,0,2,33,90,125,9,0,9,134
07/23/2013,WDG,OK,ASW,CE,Federal Contract Tower,0,2,17,38,57,0,0,28,38,66,0,2,45,76,123,6,14,20,143
07/24/2013,WDG,OK,ASW,CE,Federal Contract Tower,0,2,6,28,36,0,0,34,30,64,0,2,40,58,100,22,21,43,143
07/25/2013,WDG,OK,ASW,CE,Federal Contract Tower,0,2,16,40,58,0,0,14,47,61,0,2,30,87,119,8,94,102,221
07/26/2013,WDG,OK,ASW,CE,Federal Contract Tower,0,2,10,40,52,0,0,14,35,49,0,2,24,75,101,8,24,32,133
07/27/2013,WDG,OK,ASW,CE,Federal Contract Tower,0,1,5,5,11,0,1,42,4,47,0,2,47,9,58,6,4,10,68
07/28/2013,WDG,OK,ASW,CE,Federal Contract Tower,0,0,9,5,14,0,0,10,8,18,0,0,19,13,32,2,21,23,55
07/29/2013,WDG,OK,ASW,CE,Federal Contract Tower,0,2,8,42,52,0,0,19,50,69,0,2,27,92,121,24,47,71,192
07/30/2013,WDG,OK,ASW,CE,Federal Contract Tower,0,2,13,38,53,0,0,31,50,81,0,2,44,88,134,46,105,151,285
07/31/2013,WDG,OK,ASW,CE,Federal Contract Tower,0,2,21,30,53,0,0,20,32,52,0,2,41,62,105,9,36,45,150
08/01/2013,WDG,OK,ASW,CE,Federal Contract Tower,0,2,12,19,33,0,0,29,23,52,0,2,41,42,85,8,50,58,143
08/02/2013,WDG,OK,ASW,CE,Federal Contract Tower,0,2,9,22,33,0,0,14,22,36,0,2,23,44,69,0,4,4,73
08/03/2013,WDG,OK,ASW,CE,Federal Contract Tower,0,2,2,3,7,0,0,33,0,33,0,2,35,3,40,16,2,18,58
08/04/2013,WDG,OK,ASW,CE,Federal Contract Tower,0,0,7,13,20,0,0,29,14,43,0,0,36,27,63,18,0,18,81
08/05/2013,WDG,OK,ASW,CE,Federal Contract Tower,0,2,11,12,25,0,0,24,12,36,0,2,35,24,61,10,16,26,87
08/06/2013,WDG,OK,ASW,CE,Federal Contract Tower,0,2,8,16,26,0,0,11,18,29,0,2,19,34,55,22,18,40,95
08/07/2013,WDG,OK,ASW,CE,Federal Contract Tower,0,2,9,19,30,0,0,17,23,40,0,2,26,42,70,42,52,94,164
08/08/2013,WDG,OK,ASW,CE,Federal Contract Tower,0,2,19,31,52,0,0,16,31,47,0,2,35,62,99,0,18,18,117
08/09/2013,WDG,OK,ASW,CE,Federal Contract Tower,0,2,8,29,39,0,0,13,33,46,0,2,21,62,85,44,52,96,181
08/10/2013,WDG,OK,ASW,CE,Federal Contract Tower,0,2,2,10,14,0,0,36,6,42,0,2,38,16,56,18,45,63,119
08/11/2013,WDG,OK,ASW,CE,Federal Contract Tower,0,0,8,6,14,0,0,14,3,17,0,0,22,9,31,2,22,24,55
08/12/2013,WDG,OK,ASW,CE,Federal Contract Tower,0,2,8,27,37,0,0,9,32,41,0,2,17,59,78,10,67,77,155
08/13/2013,WDG,OK,ASW,CE,Federal Contract Tower,0,2,6,37,45,0,0,4,22,26,0,2,10,59,71,0,10,10,81
08/14/2013,WDG,OK,ASW,CE,Federal Contract Tower,0,1,5,25,31,0,1,35,27,63,0,2,40,52,94,52,60,112,206
08/15/2013,WDG,OK,ASW,CE,Federal Contract Tower,0,2,14,24,40,0,0,25,26,51,0,2,39,50,91,42,16,58,149
08/16/2013,WDG,OK,ASW,CE,Federal Contract Tower,0,2,7,23,32,0,3,15,35,53,0,5,22,58,85,31,130,161,246
08/17/2013,WDG,OK,ASW,CE,Federal Contract Tower,0,1,5,6,12,0,1,38,4,43,0,2,43,10,55,29,23,52,107
08/18/2013,WDG,OK,ASW,CE,Federal Contract Tower,0,0,8,11,19,0,0,16,2,18,0,0,24,13,37,7,22,29,66
08/19/2013,WDG,OK,ASW,CE,Federal Contract Tower,0,2,9,15,26,0,0,32,15,47,0,2,41,30,73,2,50,52,125
08/20/2013,WDG,OK,ASW,CE,Federal Contract Tower,0,2,8,28,38,0,0,24,30,54,0,2,32,58,92,44,24,68,160
08/21/2013,WDG,OK,ASW,CE,Federal Contract Tower,0,2,10,13,25,0,0,22,15,37,0,2,32,28,62,0,15,15,77
08/22/2013,WDG,OK,ASW,CE,Federal Contract Tower,0,2,8,15,25,0,0,20,19,39,0,2,28,34,64,2,44,46,110
08/23/2013,WDG,OK,ASW,CE,Federal Contract Tower,0,2,8,10,20,0,0,25,22,47,0,2,33,32,67,27,63,90,157
08/24/2013,WDG,OK,ASW,CE,Federal Contract Tower,0,2,9,13,24,0,0,64,8,72,0,2,73,21,96,62,98,160,256
08/25/2013,WDG,OK,ASW,CE,Federal Contract Tower,0,0,5,15,20,0,0,19,17,36,0,0,24,32,56,10,40,50,106
08/26/2013,WDG,OK,ASW,CE,Federal Contract Tower,0,2,7,14,23,0,0,17,14,31,0,2,24,28,54,6,6,12,66
08/27/2013,WDG,OK,ASW,CE,Federal Contract Tower,0,2,9,10,21,0,0,24,14,38,0,2,33,24,59,23,48,71,130
08/28/2013,WDG,OK,ASW,CE,Federal Contract Tower,0,2,4,9,15,0,0,30,15,45,0,2,34,24,60,15,41,56,116
08/29/2013,WDG,OK,ASW,CE,Federal Contract Tower,0,2,10,11,23,0,0,14,18,32,0,2,24,29,55,2,56,58,113
08/30/2013,WDG,OK,ASW,CE,Federal Contract Tower,0,2,7,19,28,0,0,17,25,42,0,2,24,44,70,20,60,80,150
08/31/2013,WDG,OK,ASW,CE,Federal Contract Tower,0,0,5,2,7,0,2,20,2,24,0,2,25,4,31,50,8,58,89
09/01/2013,WDG,OK,ASW,CE,Federal Contract Tower,0,0,4,7,11,0,0,20,4,24,0,0,24,11,35,26,4,30,65
09/02/2013,WDG,OK,ASW,CE,Federal Contract Tower,0,0,7,0,7,0,0,41,0,41,0,0,48,0,48,45,0,45,93
09/03/2013,WDG,OK,ASW,CE,Federal Contract Tower,0,4,5,50,59,0,0,9,30,39,0,4,14,80,98,0,21,21,119
09/04/2013,WDG,OK,ASW,CE,Federal Contract Tower,0,2,8,17,27,0,0,15,21,36,0,2,23,38,63,9,29,38,101
09/05/2013,WDG,OK,ASW,CE,Federal Contract Tower,0,2,12,25,39,0,0,14,28,42,0,2,26,53,81,19,7,26,107
09/06/2013,WDG,OK,ASW,CE,Federal Contract Tower,0,2,12,20,34,0,0,29,22,51,0,2,41,42,85,18,50,68,153
09/07/2013,WDG,OK,ASW,CE,Federal Contract Tower,0,2,5,2,9,0,0,35,7,42,0,2,40,9,51,36,14,50,101
09/08/2013,WDG,OK,ASW,CE,Federal Contract Tower,0,0,9,13,22,0,0,20,12,32,0,0,29,25,54,4,0,4,58
09/09/2013,WDG,OK,ASW,CE,Federal Contract Tower,0,2,6,29,37,0,0,19,31,50,0,2,25,60,87,5,42,47,134
09/10/2013,WDG,OK,ASW,CE,Federal Contract Tower,0,2,4,30,36,0,0,21,32,53,0,2,25,62,89,38,18,56,145
09/11/2013,WDG,OK,ASW,CE,Federal Contract Tower,0,2,9,45,56,0,0,17,49,66,0,2,26,94,122,21,46,67,189
09/12/2013,WDG,OK,ASW,CE,Federal Contract Tower,0,2,16,44,62,0,0,17,44,61,0,2,33,88,123,18,16,34,157
09/13/2013,WDG,OK,ASW,CE,Federal Contract Tower,0,1,11,35,47,0,1,22,31,54,0,2,33,66,101,58,8,66,167
09/14/2013,WDG,OK,ASW,CE,Federal Contract Tower,0,0,7,8,15,0,2,32,3,37,0,2,39,11,52,39,2,41,93
09/15/2013,WDG,OK,ASW,CE,Federal Contract Tower,0,0,8,14,22,0,0,23,10,33,0,0,31,24,55,7,5,12,67
09/16/2013,WDG,OK,ASW,CE,Federal Contract Tower,0,2,8,33,43,0,0,10,35,45,0,2,18,68,88,4,13,17,105
09/17/2013,WDG,OK,ASW,CE,Federal Contract Tower,0,2,5,34,41,0,0,14,34,48,0,2,19,68,89,0,14,14,103
09/18/2013,WDG,OK,ASW,CE,Federal Contract Tower,0,2,5,27,34,0,0,18,27,45,0,2,23,54,79,0,18,18,97
09/19/2013,WDG,OK,ASW,CE,Federal Contract Tower,0,0,15,27,42,0,0,17,31,48,0,0,32,58,90,4,38,42,132
09/20/2013,WDG,OK,ASW,CE,Federal Contract Tower,0,2,9,34,45,0,0,12,36,48,0,2,21,70,93,6,26,32,125
09/21/2013,WDG,OK,ASW,CE,Federal Contract Tower,0,2,7,6,15,0,0,38,1,39,0,2,45,7,54,24,5,29,83
09/22/2013,WDG,OK,ASW,CE,Federal Contract Tower,0,0,14,11,25,0,0,42,7,49,0,0,56,18,74,0,4,4,78
09/23/2013,WDG,OK,ASW,CE,Federal Contract Tower,0,2,5,27,34,0,0,24,27,51,0,2,29,54,85,10,10,20,105
09/24/2013,WDG,OK,ASW,CE,Federal Contract Tower,0,2,12,35,49,0,0,15,35,50,0,2,27,70,99,26,40,66,165
09/25/2013,WDG,OK,ASW,CE,Federal Contract Tower,0,2,9,49,60,0,0,28,50,78,0,2,37,99,138,8,80,88,226
09/26/2013,WDG,OK,ASW,CE,Federal Contract Tower,0,2,10,35,47,0,0,8,36,44,0,2,18,71,91,0,37,37,128
09/27/2013,WDG,OK,ASW,CE,Federal Contract Tower,0,2,15,22,39,0,0,26,26,52,0,2,41,48,91,35,24,59,150
09/28/2013,WDG,OK,ASW,CE,Federal Contract Tower,0,0,2,0,2,0,0,17,0,17,0,0,19,0,19,34,0,34,53
09/29/2013,WDG,OK,ASW,CE,Federal Contract Tower,0,0,9,0,9,0,0,25,0,25,0,0,34,0,34,22,0,22,56
09/30/2013,WDG,OK,ASW,CE,Federal Contract Tower,0,2,7,0,9,0,0,16,0,16,0,2,23,0,25,16,0,16,41
10/01/2013,WDG,OK,ASW,CE,Federal Contract Tower,0,2,14,51,67,0,0,21,42,63,0,2,35,93,130,26,36,62,192
10/02/2013,WDG,OK,ASW,CE,Federal Contract Tower,0,2,10,27,39,0,0,10,29,39,0,2,20,56,78,4,9,13,91
10/03/2013,WDG,OK,ASW,CE,Federal Contract Tower,0,2,14,39,55,0,0,8,39,47,0,2,22,78,102,0,24,24,126
10/04/2013,WDG,OK,ASW,CE,Federal Contract Tower,0,0,11,34,45,0,0,13,10,23,0,0,24,44,68,4,66,70,138
10/05/2013,WDG,OK,ASW,CE,Federal Contract Tower,0,2,7,31,40,0,0,13,11,24,0,2,20,42,64,39,32,71,135
10/06/2013,WDG,OK,ASW,CE,Federal Contract Tower,0,0,7,33,40,0,0,23,15,38,0,0,30,48,78,36,4,40,118
10/07/2013,WDG,OK,ASW,CE,Federal Contract Tower,0,2,6,37,45,0,0,27,35,62,0,2,33,72,107,24,6,30,137
10/08/2013,WDG,OK,ASW,CE,Federal Contract Tower,0,2,4,32,38,0,0,24,31,55,0,2,28,63,93,7,15,22,115
10/09/2013,WDG,OK,ASW,CE,Federal Contract Tower,0,2,13,26,41,0,0,18,30,48,0,2,31,56,89,12,32,44,133
10/10/2013,WDG,OK,ASW,CE,Federal Contract Tower,0,2,14,26,42,0,0,24,26,50,0,2,38,52,92,1,0,1,93
10/11/2013,WDG,OK,ASW,CE,Federal Contract Tower,0,2,11,44,57,0,0,13,46,59,0,2,24,90,116,0,57,57,173
10/12/2013,WDG,OK,ASW,CE,Federal Contract Tower,0,0,11,6,17,0,2,26,6,34,0,2,37,12,51,6,10,16,67
10/13/2013,WDG,OK,ASW,CE,Federal Contract Tower,0,3,7,8,18,0,0,14,2,16,0,3,21,10,34,20,6,26,60
10/14/2013,WDG,OK,ASW,CE,Federal Contract Tower,0,2,10,0,12,0,0,0,0,0,0,2,10,0,12,0,0,0,12
10/15/2013,WDG,OK,ASW,CE,Federal Contract Tower,0,2,5,48,55,0,0,9,51,60,0,2,14,99,115,0,52,52,167
10/16/2013,WDG,OK,ASW,CE,Federal Contract Tower,0,2,14,51,67,0,0,12,52,64,0,2,26,103,131,0,28,28,159
10/17/2013,WDG,OK,ASW,CE,Federal Contract Tower,0,1,10,51,62,0,1,30,55,86,0,2,40,106,148,14,80,94,242
10/18/2013,WDG,OK,ASW,CE,Federal Contract Tower,0,2,10,9,21,0,0,4,8,12,0,2,14,17,33,0,0,0,33
10/19/2013,WDG,OK,ASW,CE,Federal Contract Tower,0,1,3,30,34,0,1,38,9,48,0,2,41,39,82,16,12,28,110
10/20/2013,WDG,OK,ASW,CE,Federal Contract Tower,0,0,7,30,37,0,0,17,32,49,0,0,24,62,86,2,0,2,88
10/21/2013,WDG,OK,ASW,CE,Federal Contract Tower,0,4,5,71,80,0,0,14,72,86,0,4,19,143,166,0,58,58,224
10/22/2013,WDG,OK,ASW,CE,Federal Contract Tower,0,2,7,46,55,0,0,16,46,62,0,2,23,92,117,0,27,27,144
10/23/2013,WDG,OK,ASW,CE,Federal Contract Tower,0,2,12,42,56,0,0,9,44,53,0,2,21,86,109,4,36,40,149
10/24/2013,WDG,OK,ASW,CE,Federal Contract Tower,0,2,8,59,69,0,0,15,60,75,0,2,23,119,144,0,16,16,160
10/25/2013,WDG,OK,ASW,CE,Federal Contract Tower,0,1,14,50,65,0,5,18,40,63,0,6,32,90,128,2,66,68,196
10/26/2013,WDG,OK,ASW,CE,Federal Contract Tower,0,0,3,20,23,0,2,35,6,43,0,2,38,26,66,4,10,14,80
10/27/2013,WDG,OK,ASW,CE,Federal Contract Tower,0,0,5,16,21,0,0,21,17,38,0,0,26,33,59,10,28,38,97
10/28/2013,WDG,OK,ASW,CE,Federal Contract Tower,0,2,9,38,49,0,0,6,37,43,0,2,15,75,92,0,0,0,92
10/29/2013,WDG,OK,ASW,CE,Federal Contract Tower,0,2,16,52,70,0,0,7,54,61,0,2,23,106,131,5,10,15,146
10/30/2013,WDG,OK,ASW,CE,Federal Contract Tower,0,2,10,54,66,0,0,0,54,54,0,2,10,108,120,0,10,10,130
10/31/2013,WDG,OK,ASW,CE,Federal Contract Tower,0,1,16,27,44,0,1,8,27,36,0,2,24,54,80,0,0,0,80
11/01/2013,WDG,OK,ASW,CE,Federal Contract Tower,0,0,10,39,49,0,2,30,32,64,0,2,40,71,113,16,7,23,136
11/02/2013,WDG,OK,ASW,CE,Federal Contract Tower,0,0,7,14,21,0,2,34,11,47,0,2,41,25,68,6,2,8,76
11/03/2013,WDG,OK,ASW,CE,Federal Contract Tower,0,0,6,7,13,0,0,5,8,13,0,0,11,15,26,0,3,3,29
11/04/2013,WDG,OK,ASW,CE,Federal Contract Tower,0,2,6,22,30,0,0,10,26,36,0,2,16,48,66,14,28,42,108
11/05/2013,WDG,OK,ASW,CE,Federal Contract Tower,0,0,5,45,50,0,0,0,44,44,0,0,5,89,94,0,0,0,94
11/06/2013,WDG,OK,ASW,CE,Federal Contract Tower,0,2,9,33,44,0,0,27,33,60,0,2,36,66,104,6,16,22,126
11/07/2013,WDG,OK,ASW,CE,Federal Contract Tower,0,2,5,36,43,0,0,18,32,50,0,2,23,68,93,14,29,43,136
11/08/2013,WDG,OK,ASW,CE,Federal Contract Tower,0,2,3,25,30,0,0,18,25,43,0,2,21,50,73,6,0,6,79
11/09/2013,WDG,OK,ASW,CE,Federal Contract Tower,0,2,7,0,9,0,0,35,0,35,0,2,42,0,44,4,0,4,48
11/10/2013,WDG,OK,ASW,CE,Federal Contract Tower,0,0,11,0,11,0,0,21,0,21,0,0,32,0,32,19,0,19,51
11/11/2013,WDG,OK,ASW,CE,Federal Contract Tower,0,2,7,0,9,0,0,15,0,15,0,2,22,0,24,0,0,0,24
11/12/2013,WDG,OK,ASW,CE,Federal Contract Tower,0,2,9,36,47,0,0,11,36,47,0,2,20,72,94,0,0,0,94
11/13/2013,WDG,OK,ASW,CE,Federal Contract Tower,0,2,7,49,58,0,0,14,50,64,0,2,21,99,122,12,41,53,175
11/14/2013,WDG,OK,ASW,CE,Federal Contract Tower,0,2,8,25,35,0,0,17,25,42,0,2,25,50,77,9,10,19,96
11/15/2013,WDG,OK,ASW,CE,Federal Contract Tower,0,2,11,33,46,0,0,28,36,64,0,2,39,69,110,10,45,55,165
11/16/2013,WDG,OK,ASW,CE,Federal Contract Tower,0,2,3,5,10,0,0,16,0,16,0,2,19,5,26,24,0,24,50
11/17/2013,WDG,OK,ASW,CE,Federal Contract Tower,0,0,5,2,7,0,0,27,3,30,0,0,32,5,37,0,0,0,37
11/18/2013,WDG,OK,ASW,CE,Federal Contract Tower,0,1,6,42,49,0,1,22,44,67,0,2,28,86,116,10,66,76,192
11/19/2013,WDG,OK,ASW,CE,Federal Contract Tower,0,2,7,26,35,0,0,26,32,58,0,2,33,58,93,4,25,29,122
11/20/2013,WDG,OK,ASW,CE,Federal Contract Tower,0,1,21,24,46,0,2,11,27,40,0,3,32,51,86,2,75,77,163
11/21/2013,WDG,OK,ASW,CE,Federal Contract Tower,0,0,11,25,36,0,0,0,23,23,0,0,11,48,59,0,0,0,59
11/22/2013,WDG,OK,ASW,CE,Federal Contract Tower,0,0,2,4,6,0,0,2,0,2,0,0,4,4,8,0,0,0,8
11/23/2013,WDG,OK,ASW,CE,Federal Contract Tower,0,0,3,20,23,0,2,4,12,18,0,2,7,32,41,20,26,46,87
11/24/2013,WDG,OK,ASW,CE,Federal Contract Tower,0,0,5,2,7,0,0,0,2,2,0,0,5,4,9,0,4,4,13
11/25/2013,WDG,OK,ASW,CE,Federal Contract Tower,0,3,1,8,12,0,0,2,3,5,0,3,3,11,17,15,0,15,32
11/26/2013,WDG,OK,ASW,CE,Federal Contract Tower,0,2,4,21,27,0,0,13,25,38,0,2,17,46,65,44,17,61,126
11/27/2013,WDG,OK,ASW,CE,Federal Contract Tower,0,2,9,28,39,0,0,28,29,57,0,2,37,57,96,0,32,32,128
11/28/2013,WDG,OK,ASW,CE,Federal Contract Tower,0,0,4,0,4,0,0,12,0,12,0,0,16,0,16,15,0,15,31
11/29/2013,WDG,OK,ASW,CE,Federal Contract Tower,0,4,9,0,13,0,0,16,0,16,0,4,25,0,29,6,0,6,35
11/30/2013,WDG,OK,ASW,CE,Federal Contract Tower,0,2,0,0,2,0,0,23,0,23,0,2,23,0,25,72,0,72,97
12/01/2013,WDG,OK,ASW,CE,Federal Contract Tower,0,0,12,0,12,0,0,12,0,12,0,0,24,0,24,6,0,6,30
12/02/2013,WDG,OK,ASW,CE,Federal Contract Tower,0,2,4,31,37,0,0,18,34,52,0,2,22,65,89,5,19,24,113
12/03/2013,WDG,OK,ASW,CE,Federal Contract Tower,0,2,13,37,52,0,0,11,34,45,0,2,24,71,97,6,6,12,109
12/04/2013,WDG,OK,ASW,CE,Federal Contract Tower,0,2,8,29,39,0,0,9,29,38,0,2,17,58,77,10,0,10,87
12/05/2013,WDG,OK,ASW,CE,Federal Contract Tower,0,0,3,11,14,0,0,8,23,31,0,0,11,34,45,2,124,126,171
12/06/2013,WDG,OK,ASW,CE,Federal Contract Tower,0,2,3,8,13,0,0,10,10,20,0,2,13,18,33,8,16,24,57
12/07/2013,WDG,OK,ASW,CE,Federal Contract Tower,0,2,2,5,9,0,0,10,5,15,0,2,12,10,24,65,4,69,93
12/08/2013,WDG,OK,ASW,CE,Federal Contract Tower,0,0,3,0,3,0,0,0,0,0,0,0,3,0,3,0,0,0,3
12/09/2013,WDG,OK,ASW,CE,Federal Contract Tower,0,2,4,39,45,0,0,5,52,57,0,2,9,91,102,23,182,205,307
12/10/2013,WDG,OK,ASW,CE,Federal Contract Tower,0,2,7,33,42,0,0,20,33,53,0,2,27,66,95,97,12,109,204
12/11/2013,WDG,OK,ASW,CE,Federal Contract Tower,0,2,10,50,62,0,0,31,50,81,0,2,41,100,143,84,0,84,227
12/12/2013,WDG,OK,ASW,CE,Federal Contract Tower,0,2,17,43,62,0,0,19,43,62,0,2,36,86,124,68,24,92,216
12/13/2013,WDG,OK,ASW,CE,Federal Contract Tower,0,0,9,55,64,0,2,3,54,59,0,2,12,109,123,0,0,0,123
12/14/2013,WDG,OK,ASW,CE,Federal Contract Tower,0,2,5,35,42,0,0,31,7,38,0,2,36,42,80,31,50,81,161
12/15/2013,WDG,OK,ASW,CE,Federal Contract Tower,0,0,5,12,17,0,1,20,3,24,0,1,25,15,41,12,14,26,67
12/16/2013,WDG,OK,ASW,CE,Federal Contract Tower,0,2,10,51,63,0,0,25,52,77,0,2,35,103,140,37,49,86,226
12/17/2013,WDG,OK,ASW,CE,Federal Contract Tower,0,2,4,53,59,0,0,45,45,90,0,2,49,98,149,20,24,44,193
12/18/2013,WDG,OK,ASW,CE,Federal Contract Tower,0,2,5,43,50,0,0,24,54,78,0,2,29,97,128,0,36,36,164
12/19/2013,WDG,OK,ASW,CE,Federal Contract Tower,0,2,11,43,56,0,0,9,48,57,0,2,20,91,113,0,49,49,162
12/20/2013,WDG,OK,ASW,CE,Federal Contract Tower,0,0,1,24,25,0,0,2,27,29,0,0,3,51,54,0,39,39,93
12/21/2013,WDG,OK,ASW,CE,Federal Contract Tower,0,0,0,0,0,0,0,0,0,0,0,0,0,0,0,0,0,0,0
12/22/2013,WDG,OK,ASW,CE,Federal Contract Tower,0,0,0,0,0,0,0,3,0,3,0,0,3,0,3,0,0,0,3
12/23/2013,WDG,OK,ASW,CE,Federal Contract Tower,0,3,6,0,9,0,0,3,0,3,0,3,9,0,12,2,0,2,14
12/24/2013,WDG,OK,ASW,CE,Federal Contract Tower,0,2,0,0,2,0,0,0,0,0,0,2,0,0,2,0,0,0,2
12/25/2013,WDG,OK,ASW,CE,Federal Contract Tower,0,0,2,0,2,0,0,9,0,9,0,0,11,0,11,0,0,0,11
12/26/2013,WDG,OK,ASW,CE,Federal Contract Tower,0,0,1,0,1,0,0,27,0,27,0,0,28,0,28,67,0,67,95
12/27/2013,WDG,OK,ASW,CE,Federal Contract Tower,0,2,5,0,7,0,0,48,0,48,0,2,53,0,55,74,0,74,129
12/28/2013,WDG,OK,ASW,CE,Federal Contract Tower,0,2,2,0,4,0,0,31,0,31,0,2,33,0,35,16,0,16,51
12/29/2013,WDG,OK,ASW,CE,Federal Contract Tower,0,0,8,0,8,0,0,0,0,0,0,0,8,0,8,0,0,0,8
12/30/2013,WDG,OK,ASW,CE,Federal Contract Tower,0,2,5,0,7,0,0,7,0,7,0,2,12,0,14,4,0,4,18
12/31/2013,WDG,OK,ASW,CE,Federal Contract Tower,0,2,3,0,5,0,0,19,0,19,0,2,22,0,24,8,0,8,32
01/01/2014,WDG,OK,ASW,CE,Federal Contract Tower,0,0,6,0,6,0,0,13,0,13,0,0,19,0,19,8,0,8,27
01/02/2014,WDG,OK,ASW,CE,Federal Contract Tower,0,2,5,56,63,0,0,28,58,86,0,2,33,114,149,26,54,80,229
01/03/2014,WDG,OK,ASW,CE,Federal Contract Tower,0,2,9,47,58,0,0,12,54,66,0,2,21,101,124,0,42,42,166
01/04/2014,WDG,OK,ASW,CE,Federal Contract Tower,0,2,3,16,21,0,0,28,14,42,0,2,31,30,63,26,38,64,127
01/05/2014,WDG,OK,ASW,CE,Federal Contract Tower,0,0,6,0,6,0,0,2,0,2,0,0,8,0,8,0,0,0,8
01/06/2014,WDG,OK,ASW,CE,Federal Contract Tower,0,2,9,36,47,0,0,8,45,53,0,2,17,81,100,0,35,35,135
01/07/2014,WDG,OK,ASW,CE,Federal Contract Tower,0,2,9,29,40,0,0,15,30,45,0,2,24,59,85,4,75,79,164
01/08/2014,WDG,OK,ASW,CE,Federal Contract Tower,0,0,7,6,13,0,0,11,17,28,0,0,18,23,41,0,100,100,141
01/09/2014,WDG,OK,ASW,CE,Federal Contract Tower,0,2,8,0,10,0,0,0,0,0,0,2,8,0,10,0,0,0,10
01/10/2014,WDG,OK,ASW,CE,Federal Contract Tower,0,0,5,34,39,0,0,8,24,32,0,0,13,58,71,0,0,0,71
01/11/2014,WDG,OK,ASW,CE,Federal Contract Tower,0,2,2,23,27,0,0,38,6,44,0,2,40,29,71,6,0,6,77
01/12/2014,WDG,OK,ASW,CE,Federal Contract Tower,0,0,7,16,23,0,0,4,10,14,0,0,11,26,37,0,0,0,37
01/13/2014,WDG,OK,ASW,CE,Federal Contract Tower,0,2,8,41,51,0,0,19,45,64,0,2,27,86,115,6,22,28,143
01/14/2014,WDG,OK,ASW,CE,Federal Contract Tower,0,2,9,39,50,0,0,1,45,46,0,2,10,84,96,0,61,61,157
01/15/2014,WDG,OK,ASW,CE,Federal Contract Tower,0,2,9,35,46,0,0,31,39,70,0,2,40,74,116,2,58,60,176
01/16/2014,WDG,OK,ASW,CE,Federal Contract Tower,0,2,9,35,46,0,0,8,37,45,0,2,17,72,91,0,28,28,119
01/17/2014,WDG,OK,ASW,CE,Federal Contract Tower,0,2,8,27,37,0,0,12,33,45,0,2,20,60,82,6,40,46,128
01/18/2014,WDG,OK,ASW,CE,Federal Contract Tower,0,2,2,6,10,0,0,26,3,29,0,2,28,9,39,19,10,29,68
01/19/2014,WDG,OK,ASW,CE,Federal Contract Tower,0,0,12,15,27,0,0,5,5,10,0,0,17,20,37,2,10,12,49
01/20/2014,WDG,OK,ASW,CE,Federal Contract Tower,0,2,11,7,20,0,0,20,5,25,0,2,31,12,45,4,56,60,105
01/21/2014,WDG,OK,ASW,CE,Federal Contract Tower,0,2,5,29,36,0,0,24,33,57,0,2,29,62,93,50,23,73,166
01/22/2014,WDG,OK,ASW,CE,Federal Contract Tower,0,2,11,35,48,0,0,24,39,63,0,2,35,74,111,0,72,72,183
01/23/2014,WDG,OK,ASW,CE,Federal Contract Tower,0,2,4,39,45,0,0,16,47,63,0,2,20,86,108,0,42,42,150
01/24/2014,WDG,OK,ASW,CE,Federal Contract Tower,0,1,3,35,39,0,1,15,38,54,0,2,18,73,93,0,19,19,112
01/25/2014,WDG,OK,ASW,CE,Federal Contract Tower,0,2,1,22,25,0,0,37,8,45,0,2,38,30,70,50,12,62,132
01/26/2014,WDG,OK,ASW,CE,Federal Contract Tower,0,0,8,16,24,0,0,27,8,35,0,0,35,24,59,13,7,20,79
01/27/2014,WDG,OK,ASW,CE,Federal Contract Tower,0,2,7,38,47,0,0,6,41,47,0,2,13,79,94,0,65,65,159
01/28/2014,WDG,OK,ASW,CE,Federal Contract Tower,0,2,5,1,8,0,0,18,1,19,0,2,23,2,27,8,0,8,35
01/29/2014,WDG,OK,ASW,CE,Federal Contract Tower,0,2,12,30,44,0,0,3,34,37,0,2,15,64,81,0,29,29,110
01/30/2014,WDG,OK,ASW,CE,Federal Contract Tower,0,2,6,17,25,0,0,6,18,24,0,2,12,35,49,14,46,60,109
01/31/2014,WDG,OK,ASW,CE,Federal Contract Tower,0,2,2,1,5,0,0,1,0,1,0,2,3,1,6,0,0,0,6
02/01/2014,WDG,OK,ASW,CE,Federal Contract Tower,0,0,5,0,5,0,0,3,0,3,0,0,8,0,8,8,0,8,16
02/02/2014,WDG,OK,ASW,CE,Federal Contract Tower,0,0,3,0,3,0,0,4,0,4,0,0,7,0,7,0,0,0,7
02/03/2014,WDG,OK,ASW,CE,Federal Contract Tower,0,2,10,15,27,0,0,16,15,31,0,2,26,30,58,8,2,10,68
02/04/2014,WDG,OK,ASW,CE,Federal Contract Tower,0,2,4,0,6,0,0,0,0,0,0,2,4,0,6,0,0,0,6
02/05/2014,WDG,OK,ASW,CE,Federal Contract Tower,0,2,3,11,16,0,0,8,10,18,0,2,11,21,34,0,3,3,37
02/06/2014,WDG,OK,ASW,CE,Federal Contract Tower,0,2,3,7,12,0,0,0,9,9,0,2,3,16,21,0,43,43,64
02/07/2014,WDG,OK,ASW,CE,Federal Contract Tower,0,2,3,3,8,0,0,6,12,18,0,2,9,15,26,0,14,14,40
02/08/2014,WDG,OK,ASW,CE,Federal Contract Tower,0,2,0,6,8,0,0,0,0,0,0,2,0,6,8,0,0,0,8
02/09/2014,WDG,OK,ASW,CE,Federal Contract Tower,0,0,6,4,10,0,0,0,1,1,0,0,6,5,11,0,0,0,11
02/10/2014,WDG,OK,ASW,CE,Federal Contract Tower,0,2,7,42,51,0,0,2,38,40,0,2,9,80,91,0,44,44,135
02/11/2014,WDG,OK,ASW,CE,Federal Contract Tower,0,2,8,13,23,0,0,13,15,28,0,2,21,28,51,12,34,46,97
02/12/2014,WDG,OK,ASW,CE,Federal Contract Tower,0,4,9,45,58,0,0,16,43,59,0,4,25,88,117,13,6,19,136
02/13/2014,WDG,OK,ASW,CE,Federal Contract Tower,0,2,9,28,39,0,0,30,31,61,0,2,39,59,100,8,17,25,125
02/14/2014,WDG,OK,ASW,CE,Federal Contract Tower,0,2,9,39,50,0,0,19,34,53,0,2,28,73,103,8,26,34,137
02/15/2014,WDG,OK,ASW,CE,Federal Contract Tower,0,0,3,16,19,0,2,35,2,39,0,2,38,18,58,8,6,14,72
02/16/2014,WDG,OK,ASW,CE,Federal Contract Tower,0,0,2,12,14,0,0,26,13,39,0,0,28,25,53,16,8,24,77
02/17/2014,WDG,OK,ASW,CE,Federal Contract Tower,0,2,12,10,24,0,0,16,5,21,0,2,28,15,45,11,15,26,71
02/18/2014,WDG,OK,ASW,CE,Federal Contract Tower,0,2,6,54,62,0,0,15,52,67,0,2,21,106,129,5,10,15,144
02/19/2014,WDG,OK,ASW,CE,Federal Contract Tower,0,2,9,35,46,0,0,11,39,50,0,2,20,74,96,12,44,56,152
02/20/2014,WDG,OK,ASW,CE,Federal Contract Tower,0,2,4,27,33,0,0,3,27,30,0,2,7,54,63,0,0,0,63
02/21/2014,WDG,OK,ASW,CE,Federal Contract Tower,0,1,8,67,76,0,1,16,56,73,0,2,24,123,149,0,52,52,201
02/22/2014,WDG,OK,ASW,CE,Federal Contract Tower,0,2,5,25,32,0,0,50,7,57,0,2,55,32,89,26,2,28,117
02/23/2014,WDG,OK,ASW,CE,Federal Contract Tower,0,0,3,24,27,0,0,4,21,25,0,0,7,45,52,0,0,0,52
02/24/2014,WDG,OK,ASW,CE,Federal Contract Tower,0,2,7,42,51,0,0,14,45,59,0,2,21,87,110,0,14,14,124
02/25/2014,WDG,OK,ASW,CE,Federal Contract Tower,0,2,10,44,56,0,0,15,46,61,0,2,25,90,117,0,25,25,142
02/26/2014,WDG,OK,ASW,CE,Federal Contract Tower,0,2,11,46,59,0,0,17,50,67,0,2,28,96,126,32,71,103,229
02/27/2014,WDG,OK,ASW,CE,Federal Contract Tower,0,2,9,35,46,0,0,20,37,57,0,2,29,72,103,2,70,72,175
02/28/2014,WDG,OK,ASW,CE,Federal Contract Tower,0,2,11,20,33,0,0,15,21,36,0,2,26,41,69,42,46,88,157
03/01/2014,WDG,OK,ASW,CE,Federal Contract Tower,0,4,3,2,9,0,0,4,0,4,0,4,7,2,13,0,0,0,13
03/02/2014,WDG,OK,ASW,CE,Federal Contract Tower,0,0,4,0,4,0,0,0,0,0,0,0,4,0,4,0,0,0,4
03/03/2014,WDG,OK,ASW,CE,Federal Contract Tower,0,2,2,0,4,0,0,4,0,4,0,2,6,0,8,4,0,4,12
03/04/2014,WDG,OK,ASW,CE,Federal Contract Tower,0,2,9,17,28,0,0,14,14,28,0,2,23,31,56,0,0,0,56
03/05/2014,WDG,OK,ASW,CE,Federal Contract Tower,0,2,8,43,53,0,0,1,41,42,0,2,9,84,95,0,36,36,131
03/06/2014,WDG,OK,ASW,CE,Federal Contract Tower,0,2,16,31,49,0,0,12,27,39,0,2,28,58,88,4,10,14,102
03/07/2014,WDG,OK,ASW,CE,Federal Contract Tower,0,2,15,58,75,0,0,12,58,70,0,2,27,116,145,0,47,47,192
03/08/2014,WDG,OK,ASW,CE,Federal Contract Tower,0,2,1,4,7,0,0,0,0,0,0,2,1,4,7,0,0,0,7
03/09/2014,WDG,OK,ASW,CE,Federal Contract Tower,0,0,5,14,19,0,0,33,9,42,0,0,38,23,61,0,4,4,65
03/10/2014,WDG,OK,ASW,CE,Federal Contract Tower,0,4,13,28,45,0,0,31,30,61,0,4,44,58,106,2,39,41,147
03/11/2014,WDG,OK,ASW,CE,Federal Contract Tower,0,2,4,36,42,0,0,10,31,41,0,2,14,67,83,16,26,42,125
03/12/2014,WDG,OK,ASW,CE,Federal Contract Tower,0,3,10,45,58,0,1,12,45,58,0,4,22,90,116,0,32,32,148
03/13/2014,WDG,OK,ASW,CE,Federal Contract Tower,0,2,13,43,58,0,0,10,43,53,0,2,23,86,111,0,4,4,115
03/14/2014,WDG,OK,ASW,CE,Federal Contract Tower,0,2,9,41,52,0,0,17,47,64,0,2,26,88,116,13,51,64,180
03/15/2014,WDG,OK,ASW,CE,Federal Contract Tower,0,2,7,13,22,0,0,11,4,15,0,2,18,17,37,26,56,82,119
03/16/2014,WDG,OK,ASW,CE,Federal Contract Tower,0,0,2,16,18,0,0,2,18,20,0,0,4,34,38,12,4,16,54
03/17/2014,WDG,OK,ASW,CE,Federal Contract Tower,0,2,4,45,51,0,0,15,54,69,0,2,19,99,120,0,56,56,176
03/18/2014,WDG,OK,ASW,CE,Federal Contract Tower,0,2,8,18,28,0,0,12,20,32,0,2,20,38,60,2,42,44,104
03/19/2014,WDG,OK,ASW,CE,Federal Contract Tower,0,2,11,39,52,0,0,30,47,77,0,2,41,86,129,40,56,96,225
03/20/2014,WDG,OK,ASW,CE,Federal Contract Tower,0,2,9,33,44,0,0,17,44,61,0,2,26,77,105,0,30,30,135
03/21/2014,WDG,OK,ASW,CE,Federal Contract Tower,0,2,12,35,49,0,0,17,26,43,0,2,29,61,92,18,19,37,129
03/22/2014,WDG,OK,ASW,CE,Federal Contract Tower,0,2,5,21,28,0,0,19,5,24,0,2,24,26,52,0,23,23,75
03/23/2014,WDG,OK,ASW,CE,Federal Contract Tower,0,2,7,21,30,0,0,14,22,36,0,2,21,43,66,32,22,54,120
03/24/2014,WDG,OK,ASW,CE,Federal Contract Tower,0,3,14,31,48,0,0,18,31,49,0,3,32,62,97,0,20,20,117
03/25/2014,WDG,OK,ASW,CE,Federal Contract Tower,0,2,6,35,43,0,0,30,35,65,0,2,36,70,108,7,4,11,119
03/26/2014,WDG,OK,ASW,CE,Federal Contract Tower,0,2,11,7,20,0,0,4,6,10,0,2,15,13,30,0,0,0,30
03/27/2014,WDG,OK,ASW,CE,Federal Contract Tower,0,2,11,1,14,0,0,10,8,18,0,2,21,9,32,0,0,0,32
03/28/2014,WDG,OK,ASW,CE,Federal Contract Tower,0,2,5,46,53,0,0,15,47,62,0,2,20,93,115,13,84,97,212
03/29/2014,WDG,OK,ASW,CE,Federal Contract Tower,0,2,1,8,11,0,0,57,2,59,0,2,58,10,70,32,0,32,102
03/30/2014,WDG,OK,ASW,CE,Federal Contract Tower,0,0,9,14,23,0,0,3,7,10,0,0,12,21,33,0,12,12,45
03/31/2014,WDG,OK,ASW,CE,Federal Contract Tower,0,2,9,53,64,0,0,15,54,69,0,2,24,107,133,0,33,33,166
04/01/2014,WDG,OK,ASW,CE,Federal Contract Tower,0,2,5,45,52,0,0,11,47,58,0,2,16,92,110,0,32,32,142
04/02/2014,WDG,OK,ASW,CE,Federal Contract Tower,0,2,4,44,50,0,0,11,44,55,0,2,15,88,105,0,40,40,145
04/03/2014,WDG,OK,ASW,CE,Federal Contract Tower,0,2,7,38,47,0,0,15,38,53,0,2,22,76,100,0,10,10,110
04/04/2014,WDG,OK,ASW,CE,Federal Contract Tower,0,2,9,35,46,0,0,15,28,43,0,2,24,63,89,0,70,70,159
04/05/2014,WDG,OK,ASW,CE,Federal Contract Tower,0,2,2,7,11,0,0,36,3,39,0,2,38,10,50,36,0,36,86
04/06/2014,WDG,OK,ASW,CE,Federal Contract Tower,0,0,3,14,17,0,0,7,12,19,0,0,10,26,36,4,0,4,40
04/07/2014,WDG,OK,ASW,CE,Federal Contract Tower,0,2,6,4,12,0,0,11,8,19,0,2,17,12,31,2,30,32,63
04/08/2014,WDG,OK,ASW,CE,Federal Contract Tower,0,2,9,19,30,0,0,11,19,30,0,2,20,38,60,4,26,30,90
04/09/2014,WDG,OK,ASW,CE,Federal Contract Tower,0,2,8,23,33,0,0,26,23,49,0,2,34,46,82,6,0,6,88
04/10/2014,WDG,OK,ASW,CE,Federal Contract Tower,0,2,9,23,34,0,0,30,23,53,0,2,39,46,87,0,12,12,99
04/11/2014,WDG,OK,ASW,CE,Federal Contract Tower,0,2,15,28,45,0,0,41,21,62,0,2,56,49,107,16,4,20,127
04/12/2014,WDG,OK,ASW,CE,Federal Contract Tower,0,0,3,17,20,0,2,6,18,26,0,2,9,35,46,0,40,40,86
04/13/2014,WDG,OK,ASW,CE,Federal Contract Tower,0,0,2,2,4,0,0,3,8,11,0,0,5,10,15,0,0,0,15
04/14/2014,WDG,OK,ASW,CE,Federal Contract Tower,0,2,4,34,40,0,0,4,28,32,0,2,8,62,72,0,12,12,84
04/15/2014,WDG,OK,ASW,CE,Federal Contract Tower,0,2,9,19,30,0,0,19,19,38,0,2,28,38,68,15,22,37,105
04/16/2014,WDG,OK,ASW,CE,Federal Contract Tower,0,2,10,29,41,0,0,19,29,48,0,2,29,58,89,12,50,62,151
04/17/2014,WDG,OK,ASW,CE,Federal Contract Tower,0,2,12,44,58,0,0,6,40,46,0,2,18,84,104,16,22,38,142
04/18/2014,WDG,OK,ASW,CE,Federal Contract Tower,0,2,10,3,15,0,0,43,1,44,0,2,53,4,59,26,0,26,85
04/19/2014,WDG,OK,ASW,CE,Federal Contract Tower,0,2,7,7,16,0,0,25,8,33,0,2,32,15,49,8,20,28,77
04/20/2014,WDG,OK,ASW,CE,Federal Contract Tower,0,0,7,2,9,0,0,10,2,12,0,0,17,4,21,2,20,22,43
04/21/2014,WDG,OK,ASW,CE,Federal Contract Tower,0,2,11,46,59,0,0,12,44,56,0,2,23,90,115,0,0,0,115
04/22/2014,WDG,OK,ASW,CE,Federal Contract Tower,0,2,3,18,23,0,0,36,18,54,0,2,39,36,77,28,12,40,117
04/23/2014,WDG,OK,ASW,CE,Federal Contract Tower,0,2,7,37,46,0,0,11,39,50,0,2,18,76,96,0,26,26,122
04/24/2014,WDG,OK,ASW,CE,Federal Contract Tower,0,2,7,29,38,0,0,5,33,38,0,2,12,62,76,2,29,31,107
04/25/2014,WDG,OK,ASW,CE,Federal Contract Tower,0,2,8,35,45,0,0,24,40,64,0,2,32,75,109,2,70,72,181
04/26/2014,WDG,OK,ASW,CE,Federal Contract Tower,0,2,2,3,7,0,0,28,0,28,0,2,30,3,35,0,0,0,35
04/27/2014,WDG,OK,ASW,CE,Federal Contract Tower,0,1,6,0,7,0,0,4,0,4,0,1,10,0,11,0,0,0,11
04/28/2014,WDG,OK,ASW,CE,Federal Contract Tower,0,3,4,6,13,0,0,8,6,14,0,3,12,12,27,0,0,0,27
04/29/2014,WDG,OK,ASW,CE,Federal Contract Tower,0,2,9,20,31,0,0,5,19,24,0,2,14,39,55,0,4,4,59
04/30/2014,WDG,OK,ASW,CE,Federal Contract Tower,0,2,9,26,37,0,0,15,37,52,0,2,24,63,89,41,79,120,209
05/01/2014,WDG,OK,ASW,CE,Federal Contract Tower,0,2,14,22,38,0,0,34,15,49,0,2,48,37,87,10,22,32,119
05/02/2014,WDG,OK,ASW,CE,Federal Contract Tower,0,2,10,24,36,0,0,39,19,58,0,2,49,43,94,35,56,91,185
05/03/2014,WDG,OK,ASW,CE,Federal Contract Tower,0,1,2,2,5,0,1,28,12,41,0,2,30,14,46,26,46,72,118
05/04/2014,WDG,OK,ASW,CE,Federal Contract Tower,0,0,6,11,17,0,0,16,14,30,0,0,22,25,47,4,0,4,51
05/05/2014,WDG,OK,ASW,CE,Federal Contract Tower,0,2,9,17,28,0,0,15,14,29,0,2,24,31,57,11,0,11,68
05/06/2014,WDG,OK,ASW,CE,Federal Contract Tower,0,2,5,36,43,0,0,10,37,47,0,2,15,73,90,24,11,35,125
05/07/2014,WDG,OK,ASW,CE,Federal Contract Tower,0,3,3,31,37,0,0,19,31,50,0,3,22,62,87,10,4,14,101
05/08/2014,WDG,OK,ASW,CE,Federal Contract Tower,0,2,8,27,37,0,0,3,30,33,0,2,11,57,70,0,25,25,95
05/09/2014,WDG,OK,ASW,CE,Federal Contract Tower,0,2,8,42,52,0,0,27,43,70,0,2,35,85,122,20,34,54,176
05/10/2014,WDG,OK,ASW,CE,Federal Contract Tower,0,2,2,7,11,0,0,18,5,23,0,2,20,12,34,36,5,41,75
05/11/2014,WDG,OK,ASW,CE,Federal Contract Tower,0,0,2,6,8,0,0,2,3,5,0,0,4,9,13,0,0,0,13
05/12/2014,WDG,OK,ASW,CE,Federal Contract Tower,0,2,8,16,26,0,0,5,15,20,0,2,13,31,46,0,0,0,46
05/13/2014,WDG,OK,ASW,CE,Federal Contract Tower,0,2,8,23,33,0,0,27,24,51,0,2,35,47,84,12,4,16,100
05/14/2014,WDG,OK,ASW,CE,Federal Contract Tower,0,2,15,34,51,0,0,24,36,60,0,2,39,70,111,16,11,27,138
05/15/2014,WDG,OK,ASW,CE,Federal Contract Tower,0,2,10,13,25,0,0,35,15,50,0,2,45,28,75,63,17,80,155
05/16/2014,WDG,OK,ASW,CE,Federal Contract Tower,0,2,13,36,51,0,0,17,36,53,0,2,30,72,104,8,58,66,170
05/17/2014,WDG,OK,ASW,CE,Federal Contract Tower,0,2,1,9,12,0,0,20,3,23,0,2,21,12,35,8,6,14,49
05/18/2014,WDG,OK,ASW,CE,Federal Contract Tower,0,0,7,11,18,0,0,16,7,23,0,0,23,18,41,0,0,0,41
05/19/2014,WDG,OK,ASW,CE,Federal Contract Tower,0,2,11,21,34,0,0,4,23,27,0,2,15,44,61,0,21,21,82
05/20/2014,WDG,OK,ASW,CE,Federal Contract Tower,0,2,4,19,25,0,0,13,23,36,0,2,17,42,61,0,52,52,113
05/21/2014,WDG,OK,ASW,CE,Federal Contract Tower,0,2,5,13,20,0,0,19,15,34,0,2,24,28,54,28,16,44,98
05/22/2014,WDG,OK,ASW,CE,Federal Contract Tower,0,2,5,19,26,0,0,22,18,40,0,2,27,37,66,38,18,56,122
05/23/2014,WDG,OK,ASW,CE,Federal Contract Tower,0,2,13,0,15,0,0,20,2,22,0,2,33,2,37,38,2,40,77
05/24/2014,WDG,OK,ASW,CE,Federal Contract Tower,0,2,3,7,12,0,0,4,7,11,0,2,7,14,23,15,4,19,42
05/25/2014,WDG,OK,ASW,CE,Federal Contract Tower,0,0,4,0,4,0,0,3,2,5,0,0,7,2,9,0,2,2,11
05/26/2014,WDG,OK,ASW,CE,Federal Contract Tower,0,0,5,0,5,0,0,5,0,5,0,0,10,0,10,2,0,2,12
05/27/2014,WDG,OK,ASW,CE,Federal Contract Tower,0,5,14,37,56,0,0,1,34,35,0,5,15,71,91,0,8,8,99
05/28/2014,WDG,OK,ASW,CE,Federal Contract Tower,0,2,14,32,48,0,0,13,36,49,0,2,27,68,97,6,16,22,119
05/29/2014,WDG,OK,ASW,CE,Federal Contract Tower,0,2,6,31,39,0,0,29,31,60,0,2,35,62,99,4,10,14,113
05/30/2014,WDG,OK,ASW,CE,Federal Contract Tower,0,2,11,27,40,0,0,17,27,44,0,2,28,54,84,18,7,25,109
05/31/2014,WDG,OK,ASW,CE,Federal Contract Tower,0,2,11,5,18,0,0,16,3,19,0,2,27,8,37,14,0,14,51
06/01/2014,WDG,OK,ASW,CE,Federal Contract Tower,0,0,11,6,17,0,0,16,1,17,0,0,27,7,34,0,0,0,34
06/02/2014,WDG,OK,ASW,CE,Federal Contract Tower,0,2,5,23,30,0,0,10,23,33,0,2,15,46,63,24,4,28,91
06/03/2014,WDG,OK,ASW,CE,Federal Contract Tower,0,2,8,17,27,0,0,15,23,38,0,2,23,40,65,10,26,36,101
06/04/2014,WDG,OK,ASW,CE,Federal Contract Tower,0,2,9,21,32,0,0,21,23,44,0,2,30,44,76,24,24,48,124
06/05/2014,WDG,OK,ASW,CE,Federal Contract Tower,0,2,11,22,35,0,0,39,20,59,0,2,50,42,94,3,15,18,112
06/06/2014,WDG,OK,ASW,CE,Federal Contract Tower,0,2,6,3,11,0,0,8,3,11,0,2,14,6,22,3,9,12,34
06/07/2014,WDG,OK,ASW,CE,Federal Contract Tower,0,1,5,12,18,0,1,18,1,20,0,2,23,13,38,45,48,93,131
06/08/2014,WDG,OK,ASW,CE,Federal Contract Tower,0,0,5,7,12,0,0,8,3,11,0,0,13,10,23,22,0,22,45
06/09/2014,WDG,OK,ASW,CE,Federal Contract Tower,0,2,12,22,36,0,0,2,24,26,0,2,14,46,62,0,6,6,68
06/10/2014,WDG,OK,ASW,CE,Federal Contract Tower,0,4,13,27,44,0,0,12,32,44,0,4,25,59,88,0,54,54,142
06/11/2014,WDG,OK,ASW,CE,Federal Contract Tower,0,2,6,22,30,0,0,19,28,47,0,2,25,50,77,29,61,90,167
06/12/2014,WDG,OK,ASW,CE,Federal Contract Tower,0,2,9,22,33,0,0,15,22,37,0,2,24,44,70,98,46,144,214
06/13/2014,WDG,OK,ASW,CE,Federal Contract Tower,0,2,9,11,22,0,0,26,11,37,0,2,35,22,59,22,27,49,108
06/14/2014,WDG,OK,ASW,CE,Federal Contract Tower,0,2,1,6,9,0,0,12,2,14,0,2,13,8,23,17,44,61,84
06/15/2014,WDG,OK,ASW,CE,Federal Contract Tower,0,0,4,8,12,0,0,11,5,16,0,0,15,13,28,12,0,12,40
06/16/2014,WDG,OK,ASW,CE,Federal Contract Tower,0,2,9,17,28,0,0,11,17,28,0,2,20,34,56,2,0,2,58
06/17/2014,WDG,OK,ASW,CE,Federal Contract Tower,0,2,10,31,43,0,0,11,30,41,0,2,21,61,84,0,12,12,96
06/18/2014,WDG,OK,ASW,CE,Federal Contract Tower,0,2,16,28,46,0,0,28,31,59,0,2,44,59,105,0,10,10,115
06/19/2014,WDG,OK,ASW,CE,Federal Contract Tower,0,2,11,34,47,0,0,6,38,44,0,2,17,72,91,0,48,48,139
06/20/2014,WDG,OK,ASW,CE,Federal Contract Tower,0,2,9,29,40,0,0,12,33,45,0,2,21,62,85,42,14,56,141
06/21/2014,WDG,OK,ASW,CE,Federal Contract Tower,0,2,8,1,11,0,0,52,3,55,0,2,60,4,66,30,18,48,114
06/22/2014,WDG,OK,ASW,CE,Federal Contract Tower,0,0,14,2,16,0,0,14,7,21,0,0,28,9,37,2,8,10,47
06/23/2014,WDG,OK,ASW,CE,Federal Contract Tower,0,2,6,25,33,0,0,16,25,41,0,2,22,50,74,11,0,11,85
06/24/2014,WDG,OK,ASW,CE,Federal Contract Tower,0,2,8,29,39,0,0,24,35,59,0,2,32,64,98,40,34,74,172
06/25/2014,WDG,OK,ASW,CE,Federal Contract Tower,0,2,6,29,37,0,1,14,33,48,0,3,20,62,85,7,12,19,104
06/26/2014,WDG,OK,ASW,CE,Federal Contract Tower,0,2,12,34,48,0,0,12,41,53,0,2,24,75,101,7,103,110,211
06/27/2014,WDG,OK,ASW,CE,Federal Contract Tower,0,4,26,25,55,0,0,26,24,50,0,4,52,49,105,13,6,19,124
06/28/2014,WDG,OK,ASW,CE,Federal Contract Tower,0,4,3,1,8,0,0,5,0,5,0,4,8,1,13,8,0,8,21
06/29/2014,WDG,OK,ASW,CE,Federal Contract Tower,0,0,11,8,19,0,0,13,6,19,0,0,24,14,38,18,0,18,56
06/30/2014,WDG,OK,ASW,CE,Federal Contract Tower,0,2,3,24,29,0,0,11,24,35,0,2,14,48,64,0,20,20,84
07/01/2014,WDG,OK,ASW,CE,Federal Contract Tower,0,2,7,12,21,0,0,20,15,35,0,2,27,27,56,12,42,54,110
07/02/2014,WDG,OK,ASW,CE,Federal Contract Tower,0,1,6,19,26,0,1,22,19,42,0,2,28,38,68,15,0,15,83
07/03/2014,WDG,OK,ASW,CE,Federal Contract Tower,0,2,6,18,26,0,0,13,22,35,0,2,19,40,61,22,82,104,165
07/04/2014,WDG,OK,ASW,CE,Federal Contract Tower,0,0,2,0,2,0,0,16,0,16,0,0,18,0,18,4,0,4,22
07/05/2014,WDG,OK,ASW,CE,Federal Contract Tower,0,2,3,0,5,0,0,19,0,19,0,2,22,0,24,4,0,4,28
07/06/2014,WDG,OK,ASW,CE,Federal Contract Tower,0,0,5,0,5,0,0,12,0,12,0,0,17,0,17,0,0,0,17
07/07/2014,WDG,OK,ASW,CE,Federal Contract Tower,0,4,16,0,20,0,0,15,2,17,0,4,31,2,37,24,0,24,61
07/08/2014,WDG,OK,ASW,CE,Federal Contract Tower,0,2,12,24,38,0,0,23,27,50,0,2,35,51,88,45,17,62,150
07/09/2014,WDG,OK,ASW,CE,Federal Contract Tower,0,2,6,20,28,0,0,14,20,34,0,2,20,40,62,22,8,30,92
07/10/2014,WDG,OK,ASW,CE,Federal Contract Tower,0,2,9,19,30,0,0,10,19,29,0,2,19,38,59,10,0,10,69
07/11/2014,WDG,OK,ASW,CE,Federal Contract Tower,0,2,15,13,30,0,0,19,9,28,0,2,34,22,58,30,8,38,96
07/12/2014,WDG,OK,ASW,CE,Federal Contract Tower,0,2,2,2,6,0,0,47,6,53,0,2,49,8,59,4,9,13,72
07/13/2014,WDG,OK,ASW,CE,Federal Contract Tower,0,0,11,7,18,0,0,12,16,28,0,0,23,23,46,0,20,20,66
07/14/2014,WDG,OK,ASW,CE,Federal Contract Tower,0,2,11,18,31,0,0,13,20,33,0,2,24,38,64,19,15,34,98
07/15/2014,WDG,OK,ASW,CE,Federal Contract Tower,0,2,10,37,49,0,0,33,38,71,0,2,43,75,120,66,8,74,194
07/16/2014,WDG,OK,ASW,CE,Federal Contract Tower,0,2,14,15,31,0,0,7,15,22,0,2,21,30,53,2,0,2,55
07/17/2014,WDG,OK,ASW,CE,Federal Contract Tower,0,2,15,0,17,0,0,0,0,0,0,2,15,0,17,0,0,0,17
07/18/2014,WDG,OK,ASW,CE,Federal Contract Tower,0,4,18,21,43,0,0,7,19,26,0,4,25,40,69,13,26,39,108
07/19/2014,WDG,OK,ASW,CE,Federal Contract Tower,0,2,2,5,9,0,0,21,3,24,0,2,23,8,33,40,2,42,75
07/20/2014,WDG,OK,ASW,CE,Federal Contract Tower,0,2,8,5,15,0,0,18,6,24,0,2,26,11,39,27,0,27,66
07/21/2014,WDG,OK,ASW,CE,Federal Contract Tower,0,4,8,33,45,0,0,15,33,48,0,4,23,66,93,2,2,4,97
07/22/2014,WDG,OK,ASW,CE,Federal Contract Tower,0,2,6,35,43,0,0,28,35,63,0,2,34,70,106,0,24,24,130
07/23/2014,WDG,OK,ASW,CE,Federal Contract Tower,0,2,12,14,28,0,0,17,20,37,0,2,29,34,65,0,54,54,119
07/24/2014,WDG,OK,ASW,CE,Federal Contract Tower,0,2,11,21,34,0,0,15,25,40,0,2,26,46,74,1,21,22,96
07/25/2014,WDG,OK,ASW,CE,Federal Contract Tower,0,2,10,35,47,0,0,15,35,50,0,2,25,70,97,0,76,76,173
07/26/2014,WDG,OK,ASW,CE,Federal Contract Tower,0,2,9,0,11,0,0,25,5,30,0,2,34,5,41,64,10,74,115
07/27/2014,WDG,OK,ASW,CE,Federal Contract Tower,0,0,8,9,17,0,0,5,9,14,0,0,13,18,31,0,8,8,39
07/28/2014,WDG,OK,ASW,CE,Federal Contract Tower,0,2,5,46,53,0,0,15,50,65,0,2,20,96,118,26,42,68,186
07/29/2014,WDG,OK,ASW,CE,Federal Contract Tower,0,1,3,24,28,0,2,21,26,49,0,3,24,50,77,15,22,37,114
07/30/2014,WDG,OK,ASW,CE,Federal Contract Tower,0,4,10,6,20,0,0,0,5,5,0,4,10,11,25,0,0,0,25
07/31/2014,WDG,OK,ASW,CE,Federal Contract Tower,0,4,16,23,43,0,0,14,24,38,0,4,30,47,81,3,22,25,106
08/01/2014,WDG,OK,ASW,CE,Federal Contract Tower,0,2,8,21,31,0,0,38,24,62,0,2,46,45,93,55,24,79,172
08/02/2014,WDG,OK,ASW,CE,Federal Contract Tower,0,1,7,3,11,0,1,43,3,47,0,2,50,6,58,8,0,8,66
08/03/2014,WDG,OK,ASW,CE,Federal Contract Tower,0,0,4,7,11,0,0,27,10,37,0,0,31,17,48,4,4,8,56
08/04/2014,WDG,OK,ASW,CE,Federal Contract Tower,0,2,6,31,39,0,0,13,33,46,0,2,19,64,85,42,9,51,136
08/05/2014,WDG,OK,ASW,CE,Federal Contract Tower,0,2,11,17,30,0,0,23,31,54,0,2,34,48,84,42,61,103,187
08/06/2014,WDG,OK,ASW,CE,Federal Contract Tower,0,2,16,21,39,0,0,18,21,39,0,2,34,42,78,24,0,24,102
08/07/2014,WDG,OK,ASW,CE,Federal Contract Tower,0,2,5,34,41,0,0,24,38,62,0,2,29,72,103,47,4,51,154
08/08/2014,WDG,OK,ASW,CE,Federal Contract Tower,0,2,9,31,42,0,0,22,38,60,0,2,31,69,102,6,58,64,166
08/09/2014,WDG,OK,ASW,CE,Federal Contract Tower,0,2,9,0,11,0,0,21,5,26,0,2,30,5,37,22,6,28,65
08/10/2014,WDG,OK,ASW,CE,Federal Contract Tower,0,0,10,6,16,0,0,9,6,15,0,0,19,12,31,2,0,2,33
08/11/2014,WDG,OK,ASW,CE,Federal Contract Tower,0,2,11,38,51,0,0,20,40,60,0,2,31,78,111,26,16,42,153
08/12/2014,WDG,OK,ASW,CE,Federal Contract Tower,0,2,5,21,28,0,0,24,23,47,0,2,29,44,75,36,7,43,118
08/13/2014,WDG,OK,ASW,CE,Federal Contract Tower,0,2,9,47,58,0,0,20,58,78,0,2,29,105,136,24,150,174,310
08/14/2014,WDG,OK,ASW,CE,Federal Contract Tower,0,2,12,29,43,0,0,25,33,58,0,2,37,62,101,0,14,14,115
08/15/2014,WDG,OK,ASW,CE,Federal Contract Tower,0,2,7,20,29,0,0,24,22,46,0,2,31,42,75,26,4,30,105
08/16/2014,WDG,OK,ASW,CE,Federal Contract Tower,0,2,9,3,14,0,0,27,10,37,0,2,36,13,51,0,20,20,71
08/17/2014,WDG,OK,ASW,CE,Federal Contract Tower,0,0,3,2,5,0,0,20,9,29,0,0,23,11,34,0,2,2,36
08/18/2014,WDG,OK,ASW,CE,Federal Contract Tower,0,2,5,17,24,0,0,21,24,45,0,2,26,41,69,6,29,35,104
08/19/2014,WDG,OK,ASW,CE,Federal Contract Tower,0,2,4,26,32,0,0,25,30,55,0,2,29,56,87,26,6,32,119
08/20/2014,WDG,OK,ASW,CE,Federal Contract Tower,0,2,7,24,33,0,0,22,24,46,0,2,29,48,79,10,20,30,109
08/21/2014,WDG,OK,ASW,CE,Federal Contract Tower,0,2,10,25,37,0,0,24,25,49,0,2,34,50,86,46,32,78,164
08/22/2014,WDG,OK,ASW,CE,Federal Contract Tower,0,2,5,17,24,0,0,17,18,35,0,2,22,35,59,2,30,32,91
08/23/2014,WDG,OK,ASW,CE,Federal Contract Tower,0,2,4,8,14,0,0,46,3,49,0,2,50,11,63,14,6,20,83
08/24/2014,WDG,OK,ASW,CE,Federal Contract Tower,0,0,3,9,12,0,0,23,10,33,0,0,26,19,45,10,2,12,57
08/25/2014,WDG,OK,ASW,CE,Federal Contract Tower,0,2,12,12,26,0,0,14,11,25,0,2,26,23,51,14,9,23,74
08/26/2014,WDG,OK,ASW,CE,Federal Contract Tower,0,2,19,32,53,0,0,14,31,45,0,2,33,63,98,16,2,18,116
08/27/2014,WDG,OK,ASW,CE,Federal Contract Tower,0,2,11,24,37,0,0,22,28,50,0,2,33,52,87,18,18,36,123
08/28/2014,WDG,OK,ASW,CE,Federal Contract Tower,0,2,8,6,16,0,0,11,12,23,0,2,19,18,39,6,13,19,58
08/29/2014,WDG,OK,ASW,CE,Federal Contract Tower,0,2,9,44,55,0,0,11,46,57,0,2,20,90,112,2,25,27,139
08/30/2014,WDG,OK,ASW,CE,Federal Contract Tower,0,2,3,4,9,0,0,31,4,35,0,2,34,8,44,33,22,55,99
08/31/2014,WDG,OK,ASW,CE,Federal Contract Tower,0,0,4,0,4,0,0,13,2,15,0,0,17,2,19,4,0,4,23
09/01/2014,WDG,OK,ASW,CE,Federal Contract Tower,0,0,9,5,14,0,0,18,12,30,0,0,27,17,44,4,6,10,54
09/02/2014,WDG,OK,ASW,CE,Federal Contract Tower,0,4,13,22,39,0,0,6,23,29,0,4,19,45,68,0,16,16,84
09/03/2014,WDG,OK,ASW,CE,Federal Contract Tower,0,2,8,12,22,0,0,17,18,35,0,2,25,30,57,24,16,40,97
09/04/2014,WDG,OK,ASW,CE,Federal Contract Tower,0,2,20,36,58,0,0,16,37,53,0,2,36,73,111,6,19,25,136
09/05/2014,WDG,OK,ASW,CE,Federal Contract Tower,0,2,10,31,43,0,0,17,30,47,0,2,27,61,90,22,21,43,133
09/06/2014,WDG,OK,ASW,CE,Federal Contract Tower,0,2,2,3,7,0,0,5,1,6,0,2,7,4,13,0,2,2,15
09/07/2014,WDG,OK,ASW,CE,Federal Contract Tower,0,0,4,8,12,0,0,31,11,42,0,0,35,19,54,2,0,2,56
09/08/2014,WDG,OK,ASW,CE,Federal Contract Tower,0,1,8,44,53,0,1,16,46,63,0,2,24,90,116,10,10,20,136
09/09/2014,WDG,OK,ASW,CE,Federal Contract Tower,0,2,10,45,57,0,0,6,47,53,0,2,16,92,110,0,42,42,152
09/10/2014,WDG,OK,ASW,CE,Federal Contract Tower,0,2,7,29,38,0,0,20,32,52,0,2,27,61,90,8,9,17,107
09/11/2014,WDG,OK,ASW,CE,Federal Contract Tower,0,2,8,45,55,0,0,10,46,56,0,2,18,91,111,6,25,31,142
09/12/2014,WDG,OK,ASW,CE,Federal Contract Tower,0,2,11,31,44,0,0,1,25,26,0,2,12,56,70,0,4,4,74
09/13/2014,WDG,OK,ASW,CE,Federal Contract Tower,0,1,10,4,15,0,1,22,11,34,0,2,32,15,49,14,52,66,115
09/14/2014,WDG,OK,ASW,CE,Federal Contract Tower,0,0,8,11,19,0,0,15,12,27,0,0,23,23,46,22,32,54,100
09/15/2014,WDG,OK,ASW,CE,Federal Contract Tower,0,2,4,24,30,0,0,6,22,28,0,2,10,46,58,0,6,6,64
09/16/2014,WDG,OK,ASW,CE,Federal Contract Tower,0,2,10,28,40,0,0,15,27,42,0,2,25,55,82,4,6,10,92
09/17/2014,WDG,OK,ASW,CE,Federal Contract Tower,0,1,14,26,41,0,1,17,28,46,0,2,31,54,87,23,28,51,138
09/18/2014,WDG,OK,ASW,CE,Federal Contract Tower,0,2,7,31,40,0,0,5,32,37,0,2,12,63,77,6,0,6,83
09/19/2014,WDG,OK,ASW,CE,Federal Contract Tower,0,2,6,28,36,0,0,21,31,52,0,2,27,59,88,8,40,48,136
09/20/2014,WDG,OK,ASW,CE,Federal Contract Tower,0,2,6,4,12,0,0,32,1,33,0,2,38,5,45,8,14,22,67
09/21/2014,WDG,OK,ASW,CE,Federal Contract Tower,0,0,2,3,5,0,0,12,5,17,0,0,14,8,22,4,10,14,36
09/22/2014,WDG,OK,ASW,CE,Federal Contract Tower,0,2,7,16,25,0,0,15,16,31,0,2,22,32,56,32,18,50,106
09/23/2014,WDG,OK,ASW,CE,Federal Contract Tower,0,2,5,25,32,0,0,28,29,57,0,2,33,54,89,10,44,54,143
09/24/2014,WDG,OK,ASW,CE,Federal Contract Tower,0,2,4,37,43,0,0,21,39,60,0,2,25,76,103,2,47,49,152
09/25/2014,WDG,OK,ASW,CE,Federal Contract Tower,0,2,14,25,41,0,0,23,32,55,0,2,37,57,96,2,120,122,218
09/26/2014,WDG,OK,ASW,CE,Federal Contract Tower,0,2,8,18,28,0,0,25,17,42,0,2,33,35,70,6,4,10,80
09/27/2014,WDG,OK,ASW,CE,Federal Contract Tower,0,2,1,1,4,0,0,55,1,56,0,2,56,2,60,4,0,4,64
09/28/2014,WDG,OK,ASW,CE,Federal Contract Tower,0,0,8,8,16,0,0,16,7,23,0,0,24,15,39,8,0,8,47
09/29/2014,WDG,OK,ASW,CE,Federal Contract Tower,0,2,6,25,33,0,0,28,25,53,0,2,34,50,86,4,2,6,92
09/30/2014,WDG,OK,ASW,CE,Federal Contract Tower,0,2,6,0,8,0,0,5,0,5,0,2,11,0,13,0,0,0,13
10/01/2014,WDG,OK,ASW,CE,Federal Contract Tower,0,3,5,29,37,0,0,14,31,45,0,3,19,60,82,12,58,70,152
10/02/2014,WDG,OK,ASW,CE,Federal Contract Tower,0,2,8,46,56,0,0,1,46,47,0,2,9,92,103,0,32,32,135
10/03/2014,WDG,OK,ASW,CE,Federal Contract Tower,0,2,8,3,13,0,0,21,0,21,0,2,29,3,34,4,0,4,38
10/04/2014,WDG,OK,ASW,CE,Federal Contract Tower,0,1,1,2,4,0,1,40,1,42,0,2,41,3,46,4,4,8,54
10/05/2014,WDG,OK,ASW,CE,Federal Contract Tower,0,0,4,12,16,0,0,24,12,36,0,0,28,24,52,0,0,0,52
10/06/2014,WDG,OK,ASW,CE,Federal Contract Tower,0,3,13,46,62,0,0,10,46,56,0,3,23,92,118,0,4,4,122
10/07/2014,WDG,OK,ASW,CE,Federal Contract Tower,0,2,3,35,40,0,0,19,35,54,0,2,22,70,94,0,0,0,94
10/08/2014,WDG,OK,ASW,CE,Federal Contract Tower,0,2,6,28,36,0,0,23,46,69,0,2,29,74,105,22,50,72,177
10/09/2014,WDG,OK,ASW,CE,Federal Contract Tower,0,2,13,33,48,0,0,15,37,52,0,2,28,70,100,5,44,49,149
10/10/2014,WDG,OK,ASW,CE,Federal Contract Tower,0,2,5,2,9,0,0,0,2,2,0,2,5,4,11,0,0,0,11
10/11/2014,WDG,OK,ASW,CE,Federal Contract Tower,0,1,8,0,9,0,1,9,0,10,0,2,17,0,19,59,0,59,78
10/12/2014,WDG,OK,ASW,CE,Federal Contract Tower,0,0,10,0,10,0,0,18,0,18,0,0,28,0,28,16,0,16,44
10/13/2014,WDG,OK,ASW,CE,Federal Contract Tower,0,2,7,4,13,0,0,5,2,7,0,2,12,6,20,8,10,18,38
10/14/2014,WDG,OK,ASW,CE,Federal Contract Tower,0,2,14,28,44,0,0,17,27,44,0,2,31,55,88,2,32,34,122
10/15/2014,WDG,OK,ASW,CE,Federal Contract Tower,0,3,10,18,31,0,0,30,20,50,0,3,40,38,81,22,2,24,105
10/16/2014,WDG,OK,ASW,CE,Federal Contract Tower,0,2,15,13,30,0,0,20,21,41,0,2,35,34,71,4,34,38,109
10/17/2014,WDG,OK,ASW,CE,Federal Contract Tower,0,2,16,1,19,0,0,22,8,30,0,2,38,9,49,22,43,65,114
10/18/2014,WDG,OK,ASW,CE,Federal Contract Tower,0,2,5,0,7,0,0,40,0,40,0,2,45,0,47,29,0,29,76
10/19/2014,WDG,OK,ASW,CE,Federal Contract Tower,0,0,8,0,8,0,0,21,0,21,0,0,29,0,29,4,0,4,33
10/20/2014,WDG,OK,ASW,CE,Federal Contract Tower,0,2,10,11,23,0,0,12,11,23,0,2,22,22,46,0,0,0,46
10/21/2014,WDG,OK,ASW,CE,Federal Contract Tower,0,2,12,11,25,0,0,10,17,27,0,2,22,28,52,4,48,52,104
10/22/2014,WDG,OK,ASW,CE,Federal Contract Tower,0,2,12,16,30,0,0,17,17,34,0,2,29,33,64,24,7,31,95
10/23/2014,WDG,OK,ASW,CE,Federal Contract Tower,0,2,6,7,15,0,0,8,7,15,0,2,14,14,30,0,0,0,30
10/24/2014,WDG,OK,ASW,CE,Federal Contract Tower,0,2,10,5,17,0,0,16,5,21,0,2,26,10,38,6,22,28,66
10/25/2014,WDG,OK,ASW,CE,Federal Contract Tower,0,2,4,4,10,0,0,29,2,31,0,2,33,6,41,38,14,52,93
10/26/2014,WDG,OK,ASW,CE,Federal Contract Tower,0,0,8,1,9,0,0,10,1,11,0,0,18,2,20,78,0,78,98
10/27/2014,WDG,OK,ASW,CE,Federal Contract Tower,0,2,16,11,29,0,2,20,10,32,0,4,36,21,61,20,60,80,141
10/28/2014,WDG,OK,ASW,CE,Federal Contract Tower,0,2,9,10,21,0,0,29,16,45,0,2,38,26,66,30,30,60,126
10/29/2014,WDG,OK,ASW,CE,Federal Contract Tower,0,2,19,12,33,0,0,26,14,40,0,2,45,26,73,15,20,35,108
10/30/2014,WDG,OK,ASW,CE,Federal Contract Tower,0,2,12,17,31,0,0,7,11,18,0,2,19,28,49,0,0,0,49
10/31/2014,WDG,OK,ASW,CE,Federal Contract Tower,0,2,10,6,18,0,0,18,1,19,0,2,28,7,37,8,0,8,45
11/01/2014,WDG,OK,ASW,CE,Federal Contract Tower,0,2,3,2,7,0,0,34,0,34,0,2,37,2,41,48,0,48,89
11/02/2014,WDG,OK,ASW,CE,Federal Contract Tower,0,0,3,0,3,0,0,4,1,5,0,0,7,1,8,0,9,9,17
11/03/2014,WDG,OK,ASW,CE,Federal Contract Tower,0,2,4,10,16,0,0,6,10,16,0,2,10,20,32,0,2,2,34
11/04/2014,WDG,OK,ASW,CE,Federal Contract Tower,0,2,7,34,43,0,0,4,36,40,0,2,11,70,83,0,7,7,90
11/05/2014,WDG,OK,ASW,CE,Federal Contract Tower,0,2,5,29,36,0,0,21,32,53,0,2,26,61,89,20,33,53,142
11/06/2014,WDG,OK,ASW,CE,Federal Contract Tower,0,4,8,31,43,0,0,18,31,49,0,4,26,62,92,0,44,44,136
11/07/2014,WDG,OK,ASW,CE,Federal Contract Tower,0,2,9,12,23,0,0,22,16,38,0,2,31,28,61,0,44,44,105
11/08/2014,WDG,OK,ASW,CE,Federal Contract Tower,0,2,1,0,3,0,0,23,0,23,0,2,24,0,26,7,0,7,33
11/09/2014,WDG,OK,ASW,CE,Federal Contract Tower,0,0,6,3,9,0,0,19,3,22,0,0,25,6,31,0,10,10,41
11/10/2014,WDG,OK,ASW,CE,Federal Contract Tower,0,2,12,1,15,0,0,15,3,18,0,2,27,4,33,4,8,12,45
11/11/2014,WDG,OK,ASW,CE,Federal Contract Tower,0,2,3,0,5,0,0,15,0,15,0,2,18,0,20,6,0,6,26
11/12/2014,WDG,OK,ASW,CE,Federal Contract Tower,0,2,12,32,46,0,0,6,32,38,0,2,18,64,84,0,30,30,114
11/13/2014,WDG,OK,ASW,CE,Federal Contract Tower,0,0,6,26,32,0,0,11,28,39,0,0,17,54,71,6,28,34,105
11/14/2014,WDG,OK,ASW,CE,Federal Contract Tower,0,1,14,19,34,0,1,15,22,38,0,2,29,41,72,17,22,39,111
11/15/2014,WDG,OK,ASW,CE,Federal Contract Tower,0,2,1,4,7,0,0,13,4,17,0,2,14,8,24,17,14,31,55
11/16/2014,WDG,OK,ASW,CE,Federal Contract Tower,0,0,6,0,6,0,0,0,0,0,0,0,6,0,6,0,0,0,6
11/17/2014,WDG,OK,ASW,CE,Federal Contract Tower,0,2,2,29,33,0,0,5,29,34,0,2,7,58,67,0,11,11,78
11/18/2014,WDG,OK,ASW,CE,Federal Contract Tower,0,2,7,19,28,0,0,17,19,36,0,2,24,38,64,2,22,24,88
11/19/2014,WDG,OK,ASW,CE,Federal Contract Tower,0,2,13,19,34,0,0,37,27,64,0,2,50,46,98,4,14,18,116
11/20/2014,WDG,OK,ASW,CE,Federal Contract Tower,0,2,7,21,30,0,0,25,31,56,0,2,32,52,86,55,46,101,187
11/21/2014,WDG,OK,ASW,CE,Federal Contract Tower,0,2,7,0,9,0,0,0,0,0,0,2,7,0,9,0,0,0,9
11/22/2014,WDG,OK,ASW,CE,Federal Contract Tower,0,2,3,0,5,0,0,2,0,2,0,2,5,0,7,0,0,0,7
11/23/2014,WDG,OK,ASW,CE,Federal Contract Tower,0,0,4,0,4,0,0,2,0,2,0,0,6,0,6,0,0,0,6
11/24/2014,WDG,OK,ASW,CE,Federal Contract Tower,0,2,3,38,43,0,0,18,45,63,0,2,21,83,106,18,42,60,166
11/25/2014,WDG,OK,ASW,CE,Federal Contract Tower,0,2,10,25,37,0,0,30,29,59,0,2,40,54,96,62,33,95,191
11/26/2014,WDG,OK,ASW,CE,Federal Contract Tower,0,2,16,11,29,0,0,18,13,31,0,2,34,24,60,2,10,12,72
11/27/2014,WDG,OK,ASW,CE,Federal Contract Tower,0,0,2,0,2,0,0,30,0,30,0,0,32,0,32,0,0,0,32
11/28/2014,WDG,OK,ASW,CE,Federal Contract Tower,0,2,3,0,5,0,0,13,0,13,0,2,16,0,18,0,0,0,18
11/29/2014,WDG,OK,ASW,CE,Federal Contract Tower,0,2,5,0,7,0,0,18,0,18,0,2,23,0,25,26,0,26,51
11/30/2014,WDG,OK,ASW,CE,Federal Contract Tower,0,0,11,0,11,0,0,6,0,6,0,0,17,0,17,0,0,0,17
12/01/2014,WDG,OK,ASW,CE,Federal Contract Tower,0,2,11,25,38,0,0,4,26,30,0,2,15,51,68,0,53,53,121
12/02/2014,WDG,OK,ASW,CE,Federal Contract Tower,0,2,10,16,28,0,0,10,17,27,0,2,20,33,55,31,21,52,107
12/03/2014,WDG,OK,ASW,CE,Federal Contract Tower,0,2,2,15,19,0,0,8,17,25,0,2,10,32,44,12,7,19,63
12/04/2014,WDG,OK,ASW,CE,Federal Contract Tower,0,0,1,0,1,0,0,0,0,0,0,0,1,0,1,0,0,0,1
12/05/2014,WDG,OK,ASW,CE,Federal Contract Tower,0,2,11,17,30,0,0,2,3,5,0,2,13,20,35,0,0,0,35
12/06/2014,WDG,OK,ASW,CE,Federal Contract Tower,0,0,0,0,0,0,0,0,0,0,0,0,0,0,0,0,0,0,0
12/07/2014,WDG,OK,ASW,CE,Federal Contract Tower,0,0,3,4,7,0,0,0,0,0,0,0,3,4,7,0,0,0,7
12/08/2014,WDG,OK,ASW,CE,Federal Contract Tower,0,2,14,22,38,0,0,30,22,52,0,2,44,44,90,34,16,50,140
12/09/2014,WDG,OK,ASW,CE,Federal Contract Tower,0,0,4,21,25,0,0,7,25,32,0,0,11,46,57,11,34,45,102
12/10/2014,WDG,OK,ASW,CE,Federal Contract Tower,0,2,7,20,29,0,0,12,27,39,0,2,19,47,68,31,49,80,148
12/11/2014,WDG,OK,ASW,CE,Federal Contract Tower,0,0,11,38,49,0,0,24,39,63,0,0,35,77,112,29,36,65,177
12/12/2014,WDG,OK,ASW,CE,Federal Contract Tower,0,2,9,2,13,0,0,0,0,0,0,2,9,2,13,0,0,0,13
12/13/2014,WDG,OK,ASW,CE,Federal Contract Tower,0,0,2,3,5,0,0,2,0,2,0,0,4,3,7,0,0,0,7
12/14/2014,WDG,OK,ASW,CE,Federal Contract Tower,0,0,3,3,6,0,0,0,8,8,0,0,3,11,14,0,0,0,14
12/15/2014,WDG,OK,ASW,CE,Federal Contract Tower,0,2,8,21,31,0,0,11,22,33,0,2,19,43,64,3,0,3,67
12/16/2014,WDG,OK,ASW,CE,Federal Contract Tower,0,2,5,34,41,0,0,31,37,68,0,2,36,71,109,55,11,66,175
12/17/2014,WDG,OK,ASW,CE,Federal Contract Tower,0,0,6,1,7,0,0,4,5,9,0,0,10,6,16,8,14,22,38
12/18/2014,WDG,OK,ASW,CE,Federal Contract Tower,0,2,6,16,24,0,0,0,12,12,0,2,6,28,36,0,0,0,36
12/19/2014,WDG,OK,ASW,CE,Federal Contract Tower,0,2,5,29,36,0,0,0,18,18,0,2,5,47,54,0,2,2,56
12/20/2014,WDG,OK,ASW,CE,Federal Contract Tower,0,2,9,11,22,0,0,5,2,7,0,2,14,13,29,0,13,13,42
12/21/2014,WDG,OK,ASW,CE,Federal Contract Tower,0,0,5,17,22,0,0,1,7,8,0,0,6,24,30,0,2,2,32
12/22/2014,WDG,OK,ASW,CE,Federal Contract Tower,0,2,8,19,29,0,0,13,27,40,0,2,21,46,69,0,32,32,101
12/23/2014,WDG,OK,ASW,CE,Federal Contract Tower,0,2,7,9,18,0,0,6,11,17,0,2,13,20,35,2,7,9,44
12/24/2014,WDG,OK,ASW,CE,Federal Contract Tower,0,2,7,0,9,0,0,15,0,15,0,2,22,0,24,18,0,18,42
12/25/2014,WDG,OK,ASW,CE,Federal Contract Tower,0,2,1,0,3,0,0,0,0,0,0,2,1,0,3,0,0,0,3
12/26/2014,WDG,OK,ASW,CE,Federal Contract Tower,0,2,2,0,4,0,0,6,0,6,0,2,8,0,10,12,0,12,22
12/27/2014,WDG,OK,ASW,CE,Federal Contract Tower,0,2,3,0,5,0,2,9,0,11,0,4,12,0,16,5,0,5,21
12/28/2014,WDG,OK,ASW,CE,Federal Contract Tower,0,0,4,1,5,0,0,24,1,25,0,0,28,2,30,6,0,6,36
12/29/2014,WDG,OK,ASW,CE,Federal Contract Tower,0,4,5,0,9,0,0,14,0,14,0,4,19,0,23,4,0,4,27
12/30/2014,WDG,OK,ASW,CE,Federal Contract Tower,0,2,8,0,10,0,0,8,0,8,0,2,16,0,18,6,0,6,24
12/31/2014,WDG,OK,ASW,CE,Federal Contract Tower,0,2,5,0,7,0,0,12,0,12,0,2,17,0,19,10,0,10,29
01/01/2015,WDG,OK,ASW,CE,Federal Contract Tower,0,0,0,0,0,0,0,0,0,0,0,0,0,0,0,0,0,0,0
01/02/2015,WDG,OK,ASW,CE,Federal Contract Tower,0,2,0,0,2,0,0,0,0,0,0,2,0,0,2,0,0,0,2
01/03/2015,WDG,OK,ASW,CE,Federal Contract Tower,0,0,7,0,7,0,0,0,0,0,0,0,7,0,7,0,0,0,7
01/04/2015,WDG,OK,ASW,CE,Federal Contract Tower,0,0,9,0,9,0,0,10,0,10,0,0,19,0,19,0,0,0,19
01/05/2015,WDG,OK,ASW,CE,Federal Contract Tower,0,0,6,42,48,0,0,7,42,49,0,0,13,84,97,0,36,36,133
01/06/2015,WDG,OK,ASW,CE,Federal Contract Tower,0,0,6,28,34,0,2,19,27,48,0,2,25,55,82,16,12,28,110
01/07/2015,WDG,OK,ASW,CE,Federal Contract Tower,0,2,5,23,30,0,0,3,27,30,0,2,8,50,60,0,54,54,114
01/08/2015,WDG,OK,ASW,CE,Federal Contract Tower,0,2,11,16,29,0,0,12,16,28,0,2,23,32,57,5,0,5,62
01/09/2015,WDG,OK,ASW,CE,Federal Contract Tower,0,2,8,23,33,0,0,12,15,27,0,2,20,38,60,0,14,14,74
01/10/2015,WDG,OK,ASW,CE,Federal Contract Tower,0,0,3,9,12,0,2,12,11,25,0,2,15,20,37,6,51,57,94
01/11/2015,WDG,OK,ASW,CE,Federal Contract Tower,0,0,5,11,16,0,0,0,0,0,0,0,5,11,16,0,0,0,16
01/12/2015,WDG,OK,ASW,CE,Federal Contract Tower,0,2,6,6,14,0,0,5,8,13,0,2,11,14,27,0,8,8,35
01/13/2015,WDG,OK,ASW,CE,Federal Contract Tower,0,2,3,15,20,0,0,11,15,26,0,2,14,30,46,0,8,8,54
01/14/2015,WDG,OK,ASW,CE,Federal Contract Tower,0,2,6,9,17,0,0,9,14,23,0,2,15,23,40,0,14,14,54
01/15/2015,WDG,OK,ASW,CE,Federal Contract Tower,0,0,14,21,35,0,2,24,28,54,0,2,38,49,89,8,58,66,155
01/16/2015,WDG,OK,ASW,CE,Federal Contract Tower,0,0,3,18,21,0,2,25,16,43,0,2,28,34,64,12,6,18,82
01/17/2015,WDG,OK,ASW,CE,Federal Contract Tower,0,0,2,3,5,0,2,27,2,31,0,2,29,5,36,8,2,10,46
01/18/2015,WDG,OK,ASW,CE,Federal Contract Tower,0,0,6,5,11,0,0,17,3,20,0,0,23,8,31,4,0,4,35
01/19/2015,WDG,OK,ASW,CE,Federal Contract Tower,0,2,7,6,15,0,0,63,2,65,0,2,70,8,80,72,0,72,152
01/20/2015,WDG,OK,ASW,CE,Federal Contract Tower,0,2,10,27,39,0,0,13,29,42,0,2,23,56,81,0,64,64,145
01/21/2015,WDG,OK,ASW,CE,Federal Contract Tower,0,2,7,16,25,0,0,11,14,25,0,2,18,30,50,2,19,21,71
01/22/2015,WDG,OK,ASW,CE,Federal Contract Tower,0,2,8,15,25,0,0,22,24,46,0,2,30,39,71,8,50,58,129
01/23/2015,WDG,OK,ASW,CE,Federal Contract Tower,0,2,3,18,23,0,0,24,20,44,0,2,27,38,67,0,20,20,87
01/24/2015,WDG,OK,ASW,CE,Federal Contract Tower,0,2,1,7,10,0,0,34,1,35,0,2,35,8,45,16,8,24,69
01/25/2015,WDG,OK,ASW,CE,Federal Contract Tower,0,0,5,13,18,0,0,4,13,17,0,0,9,26,35,0,5,5,40
01/26/2015,WDG,OK,ASW,CE,Federal Contract Tower,0,2,9,22,33,0,0,11,22,33,0,2,20,44,66,5,8,13,79
01/27/2015,WDG,OK,ASW,CE,Federal Contract Tower,0,2,4,36,42,0,0,30,39,69,0,2,34,75,111,14,23,37,148
01/28/2015,WDG,OK,ASW,CE,Federal Contract Tower,0,2,6,21,29,0,0,10,21,31,0,2,16,42,60,0,0,0,60
01/29/2015,WDG,OK,ASW,CE,Federal Contract Tower,0,2,7,27,36,0,0,5,29,34,0,2,12,56,70,0,8,8,78
01/30/2015,WDG,OK,ASW,CE,Federal Contract Tower,0,2,8,9,19,0,0,13,23,36,0,2,21,32,55,0,14,14,69
01/31/2015,WDG,OK,ASW,CE,Federal Contract Tower,0,2,4,0,6,0,0,1,0,1,0,2,5,0,7,0,0,0,7
02/01/2015,WDG,OK,ASW,CE,Federal Contract Tower,0,0,2,14,16,0,0,1,10,11,0,0,3,24,27,0,0,0,27
02/02/2015,WDG,OK,ASW,CE,Federal Contract Tower,0,2,6,17,25,0,0,11,18,29,0,2,17,35,54,0,86,86,140
02/03/2015,WDG,OK,ASW,CE,Federal Contract Tower,0,2,1,24,27,0,0,6,35,41,0,2,7,59,68,0,96,96,164
02/04/2015,WDG,OK,ASW,CE,Federal Contract Tower,0,2,1,3,6,0,0,2,3,5,0,2,3,6,11,0,0,0,11
02/05/2015,WDG,OK,ASW,CE,Federal Contract Tower,0,2,7,46,55,0,0,22,56,78,0,2,29,102,133,2,92,94,227
02/06/2015,WDG,OK,ASW,CE,Federal Contract Tower,0,2,5,12,19,0,0,9,19,28,0,2,14,31,47,5,36,41,88
02/07/2015,WDG,OK,ASW,CE,Federal Contract Tower,0,2,2,2,6,0,0,49,0,49,0,2,51,2,55,54,0,54,109
02/08/2015,WDG,OK,ASW,CE,Federal Contract Tower,0,0,5,9,14,0,0,24,8,32,0,0,29,17,46,8,2,10,56
02/09/2015,WDG,OK,ASW,CE,Federal Contract Tower,0,2,7,24,33,0,0,21,27,48,0,2,28,51,81,11,11,22,103
02/10/2015,WDG,OK,ASW,CE,Federal Contract Tower,0,2,4,13,19,0,0,18,17,35,0,2,22,30,54,6,20,26,80
02/11/2015,WDG,OK,ASW,CE,Federal Contract Tower,0,2,3,25,30,0,0,10,27,37,0,2,13,52,67,0,30,30,97
02/12/2015,WDG,OK,ASW,CE,Federal Contract Tower,0,2,9,29,40,0,0,13,49,62,0,2,22,78,102,0,94,94,196
02/13/2015,WDG,OK,ASW,CE,Federal Contract Tower,0,2,6,19,27,0,0,24,17,41,0,2,30,36,68,7,6,13,81
02/14/2015,WDG,OK,ASW,CE,Federal Contract Tower,0,2,7,1,10,0,0,23,3,26,0,2,30,4,36,20,2,22,58
02/15/2015,WDG,OK,ASW,CE,Federal Contract Tower,0,0,4,6,10,0,0,0,4,4,0,0,4,10,14,0,0,0,14
02/16/2015,WDG,OK,ASW,CE,Federal Contract Tower,0,2,2,4,8,0,0,19,2,21,0,2,21,6,29,12,4,16,45
02/17/2015,WDG,OK,ASW,CE,Federal Contract Tower,0,2,3,24,29,0,0,10,26,36,0,2,13,50,65,0,4,4,69
02/18/2015,WDG,OK,ASW,CE,Federal Contract Tower,0,2,2,27,31,0,0,7,27,34,0,2,9,54,65,0,8,8,73
02/19/2015,WDG,OK,ASW,CE,Federal Contract Tower,0,2,5,30,37,0,0,27,28,55,0,2,32,58,92,4,0,4,96
02/20/2015,WDG,OK,ASW,CE,Federal Contract Tower,0,2,2,44,48,0,0,0,17,17,0,2,2,61,65,0,0,0,65
02/21/2015,WDG,OK,ASW,CE,Federal Contract Tower,0,2,3,7,12,0,0,30,1,31,0,2,33,8,43,14,10,24,67
02/22/2015,WDG,OK,ASW,CE,Federal Contract Tower,0,0,0,0,0,0,0,0,0,0,0,0,0,0,0,0,0,0,0
02/23/2015,WDG,OK,ASW,CE,Federal Contract Tower,0,0,3,0,3,0,0,2,0,2,0,0,5,0,5,0,0,0,5
02/24/2015,WDG,OK,ASW,CE,Federal Contract Tower,0,2,3,26,31,0,0,10,26,36,0,2,13,52,67,8,0,8,75
02/25/2015,WDG,OK,ASW,CE,Federal Contract Tower,0,2,8,32,42,0,0,16,34,50,0,2,24,66,92,19,2,21,113
02/26/2015,WDG,OK,ASW,CE,Federal Contract Tower,0,2,7,30,39,0,0,3,34,37,0,2,10,64,76,0,23,23,99
02/27/2015,WDG,OK,ASW,CE,Federal Contract Tower,0,2,4,8,14,0,0,0,15,15,0,2,4,23,29,0,30,30,59
02/28/2015,WDG,OK,ASW,CE,Federal Contract Tower,0,2,0,0,2,0,0,0,0,0,0,2,0,0,2,0,0,0,2
03/01/2015,WDG,OK,ASW,CE,Federal Contract Tower,0,0,5,0,5,0,0,0,0,0,0,0,5,0,5,0,0,0,5
03/02/2015,WDG,OK,ASW,CE,Federal Contract Tower,0,2,6,23,31,0,0,9,27,36,0,2,15,50,67,0,3,3,70
03/03/2015,WDG,OK,ASW,CE,Federal Contract Tower,0,3,11,28,42,0,0,2,30,32,0,3,13,58,74,0,16,16,90
03/04/2015,WDG,OK,ASW,CE,Federal Contract Tower,0,0,0,0,0,0,0,1,0,1,0,0,1,0,1,0,0,0,1
03/05/2015,WDG,OK,ASW,CE,Federal Contract Tower,0,2,5,12,19,0,0,46,14,60,0,2,51,26,79,2,0,2,81
03/06/2015,WDG,OK,ASW,CE,Federal Contract Tower,0,2,8,17,27,0,0,18,19,37,0,2,26,36,64,0,12,12,76
03/07/2015,WDG,OK,ASW,CE,Federal Contract Tower,0,4,10,0,14,0,0,44,0,44,0,4,54,0,58,40,0,40,98
03/08/2015,WDG,OK,ASW,CE,Federal Contract Tower,0,0,6,10,16,0,0,13,13,26,0,0,19,23,42,8,11,19,61
03/09/2015,WDG,OK,ASW,CE,Federal Contract Tower,0,2,9,22,33,0,0,5,22,27,0,2,14,44,60,0,0,0,60
03/10/2015,WDG,OK,ASW,CE,Federal Contract Tower,0,2,8,15,25,0,0,26,15,41,0,2,34,30,66,6,6,12,78
03/11/2015,WDG,OK,ASW,CE,Federal Contract Tower,0,2,5,19,26,0,0,11,23,34,0,2,16,42,60,0,54,54,114
03/12/2015,WDG,OK,ASW,CE,Federal Contract Tower,0,2,9,16,27,0,0,21,19,40,0,2,30,35,67,2,10,12,79
03/13/2015,WDG,OK,ASW,CE,Federal Contract Tower,0,2,7,18,27,0,0,23,21,44,0,2,30,39,71,34,20,54,125
03/14/2015,WDG,OK,ASW,CE,Federal Contract Tower,0,2,10,10,22,0,0,21,5,26,0,2,31,15,48,4,6,10,58
03/15/2015,WDG,OK,ASW,CE,Federal Contract Tower,0,0,1,3,4,0,0,31,16,47,0,0,32,19,51,9,32,41,92
03/16/2015,WDG,OK,ASW,CE,Federal Contract Tower,0,2,11,23,36,0,0,9,27,36,0,2,20,50,72,0,2,2,74
03/17/2015,WDG,OK,ASW,CE,Federal Contract Tower,0,2,5,24,31,0,0,10,24,34,0,2,15,48,65,0,10,10,75
03/18/2015,WDG,OK,ASW,CE,Federal Contract Tower,0,3,7,45,55,0,0,2,20,22,0,3,9,65,77,6,0,6,83
03/19/2015,WDG,OK,ASW,CE,Federal Contract Tower,0,2,7,10,19,0,0,0,0,0,0,2,7,10,19,0,0,0,19
03/20/2015,WDG,OK,ASW,CE,Federal Contract Tower,0,2,8,18,28,0,0,13,28,41,0,2,21,46,69,10,52,62,131
03/21/2015,WDG,OK,ASW,CE,Federal Contract Tower,0,2,10,11,23,0,0,36,6,42,0,2,46,17,65,4,40,44,109
03/22/2015,WDG,OK,ASW,CE,Federal Contract Tower,0,0,6,10,16,0,0,29,12,41,0,0,35,22,57,4,18,22,79
03/23/2015,WDG,OK,ASW,CE,Federal Contract Tower,0,2,8,29,39,0,0,13,26,39,0,2,21,55,78,16,0,16,94
03/24/2015,WDG,OK,ASW,CE,Federal Contract Tower,0,2,2,21,25,0,0,16,21,37,0,2,18,42,62,6,0,6,68
03/25/2015,WDG,OK,ASW,CE,Federal Contract Tower,0,2,5,12,19,0,0,10,14,24,0,2,15,26,43,0,0,0,43
03/26/2015,WDG,OK,ASW,CE,Federal Contract Tower,0,2,7,22,31,0,0,10,26,36,0,2,17,48,67,16,31,47,114
03/27/2015,WDG,OK,ASW,CE,Federal Contract Tower,0,2,3,6,11,0,0,11,1,12,0,2,14,7,23,0,8,8,31
03/28/2015,WDG,OK,ASW,CE,Federal Contract Tower,0,1,10,4,15,0,1,31,3,35,0,2,41,7,50,28,6,34,84
03/29/2015,WDG,OK,ASW,CE,Federal Contract Tower,0,0,11,11,22,0,0,15,8,23,0,0,26,19,45,8,0,8,53
03/30/2015,WDG,OK,ASW,CE,Federal Contract Tower,0,2,3,15,20,0,0,24,15,39,0,2,27,30,59,12,18,30,89
03/31/2015,WDG,OK,ASW,CE,Federal Contract Tower,0,2,3,25,30,0,0,11,27,38,0,2,14,52,68,2,44,46,114
04/01/2015,WDG,OK,ASW,CE,Federal Contract Tower,0,2,10,15,27,0,0,6,15,21,0,2,16,30,48,0,4,4,52
04/02/2015,WDG,OK,ASW,CE,Federal Contract Tower,0,2,10,28,40,0,0,14,29,43,0,2,24,57,83,2,34,36,119
04/03/2015,WDG,OK,ASW,CE,Federal Contract Tower,0,2,3,17,22,0,0,10,28,38,0,2,13,45,60,0,40,40,100
04/04/2015,WDG,OK,ASW,CE,Federal Contract Tower,0,0,3,1,4,0,2,19,0,21,0,2,22,1,25,0,0,0,25
04/05/2015,WDG,OK,ASW,CE,Federal Contract Tower,0,0,5,6,11,0,0,2,3,5,0,0,7,9,16,0,0,0,16
04/06/2015,WDG,OK,ASW,CE,Federal Contract Tower,0,2,7,14,23,0,0,5,16,21,0,2,12,30,44,0,6,6,50
04/07/2015,WDG,OK,ASW,CE,Federal Contract Tower,0,2,3,30,35,0,0,33,32,65,0,2,36,62,100,27,12,39,139
04/08/2015,WDG,OK,ASW,CE,Federal Contract Tower,0,2,8,11,21,0,0,10,15,25,0,2,18,26,46,6,44,50,96
04/09/2015,WDG,OK,ASW,CE,Federal Contract Tower,0,2,15,17,34,0,0,6,17,23,0,2,21,34,57,0,0,0,57
04/10/2015,WDG,OK,ASW,CE,Federal Contract Tower,0,2,12,0,14,0,0,46,0,46,0,2,58,0,60,87,0,87,147
04/11/2015,WDG,OK,ASW,CE,Federal Contract Tower,0,0,3,0,3,0,0,21,0,21,0,0,24,0,24,37,0,37,61
04/12/2015,WDG,OK,ASW,CE,Federal Contract Tower,0,0,5,0,5,0,0,12,0,12,0,0,17,0,17,0,0,0,17
04/13/2015,WDG,OK,ASW,CE,Federal Contract Tower,0,2,5,0,7,0,0,1,0,1,0,2,6,0,8,0,0,0,8
04/14/2015,WDG,OK,ASW,CE,Federal Contract Tower,0,2,8,0,10,0,0,6,0,6,0,2,14,0,16,0,0,0,16
04/15/2015,WDG,OK,ASW,CE,Federal Contract Tower,0,2,4,0,6,0,0,17,0,17,0,2,21,0,23,17,0,17,40
04/16/2015,WDG,OK,ASW,CE,Federal Contract Tower,0,2,11,10,23,0,0,1,6,7,0,2,12,16,30,4,0,4,34
04/17/2015,WDG,OK,ASW,CE,Federal Contract Tower,0,2,4,11,17,0,0,6,18,24,0,2,10,29,41,0,62,62,103
04/18/2015,WDG,OK,ASW,CE,Federal Contract Tower,0,1,0,27,28,0,1,13,27,41,0,2,13,54,69,19,97,116,185
04/19/2015,WDG,OK,ASW,CE,Federal Contract Tower,0,0,2,10,12,0,0,12,6,18,0,0,14,16,30,0,22,22,52
04/20/2015,WDG,OK,ASW,CE,Federal Contract Tower,0,1,4,25,30,0,1,35,28,64,0,2,39,53,94,0,0,0,94
04/21/2015,WDG,OK,ASW,CE,Federal Contract Tower,0,4,5,17,26,0,0,40,28,68,0,4,45,45,94,8,78,86,180
04/22/2015,WDG,OK,ASW,CE,Federal Contract Tower,0,2,8,24,34,0,0,5,33,38,0,2,13,57,72,0,28,28,100
04/23/2015,WDG,OK,ASW,CE,Federal Contract Tower,0,1,7,28,36,0,0,7,29,36,0,1,14,57,72,0,0,0,72
04/24/2015,WDG,OK,ASW,CE,Federal Contract Tower,0,3,11,26,40,0,0,6,31,37,0,3,17,57,77,0,19,19,96
04/25/2015,WDG,OK,ASW,CE,Federal Contract Tower,0,2,5,4,11,0,0,66,18,84,0,2,71,22,95,23,52,75,170
04/26/2015,WDG,OK,ASW,CE,Federal Contract Tower,0,0,10,5,15,0,0,11,3,14,0,0,21,8,29,6,10,16,45
04/27/2015,WDG,OK,ASW,CE,Federal Contract Tower,0,2,4,0,6,0,0,0,0,0,0,2,4,0,6,0,0,0,6
04/28/2015,WDG,OK,ASW,CE,Federal Contract Tower,0,2,12,16,30,0,0,17,18,35,0,2,29,34,65,8,26,34,99
04/29/2015,WDG,OK,ASW,CE,Federal Contract Tower,0,2,10,15,27,0,0,41,15,56,0,2,51,30,83,28,20,48,131
04/30/2015,WDG,OK,ASW,CE,Federal Contract Tower,0,2,9,21,32,0,0,24,27,51,0,2,33,48,83,55,71,126,209
05/01/2015,WDG,OK,ASW,CE,Federal Contract Tower,0,2,4,16,22,0,0,23,30,53,0,2,27,46,75,0,71,71,146
05/02/2015,WDG,OK,ASW,CE,Federal Contract Tower,0,2,3,5,10,0,0,24,17,41,0,2,27,22,51,10,73,83,134
05/03/2015,WDG,OK,ASW,CE,Federal Contract Tower,0,0,8,16,24,0,0,7,16,23,0,0,15,32,47,6,38,44,91
05/04/2015,WDG,OK,ASW,CE,Federal Contract Tower,0,2,16,20,38,0,0,14,19,33,0,2,30,39,71,8,30,38,109
05/05/2015,WDG,OK,ASW,CE,Federal Contract Tower,0,2,8,13,23,0,0,5,13,18,0,2,13,26,41,6,14,20,61
05/06/2015,WDG,OK,ASW,CE,Federal Contract Tower,0,2,7,20,29,0,0,0,20,20,0,2,7,40,49,0,0,0,49
05/07/2015,WDG,OK,ASW,CE,Federal Contract Tower,0,2,9,5,16,0,0,3,15,18,0,2,12,20,34,0,26,26,60
05/08/2015,WDG,OK,ASW,CE,Federal Contract Tower,0,2,2,20,24,0,0,0,20,20,0,2,2,40,44,0,0,0,44
05/09/2015,WDG,OK,ASW,CE,Federal Contract Tower,0,0,0,10,10,0,0,1,0,1,0,0,1,10,11,0,2,2,13
05/10/2015,WDG,OK,ASW,CE,Federal Contract Tower,0,0,1,10,11,0,0,1,12,13,0,0,2,22,24,0,11,11,35
05/11/2015,WDG,OK,ASW,CE,Federal Contract Tower,0,2,11,18,31,0,0,27,20,47,0,2,38,38,78,0,2,2,80
05/12/2015,WDG,OK,ASW,CE,Federal Contract Tower,0,2,7,23,32,0,0,33,23,56,0,2,40,46,88,32,38,70,158
05/13/2015,WDG,OK,ASW,CE,Federal Contract Tower,0,0,1,5,6,0,0,2,2,4,0,0,3,7,10,2,2,4,14
05/14/2015,WDG,OK,ASW,CE,Federal Contract Tower,0,2,6,44,52,0,0,22,49,71,0,2,28,93,123,12,24,36,159
05/15/2015,WDG,OK,ASW,CE,Federal Contract Tower,0,2,7,27,36,0,0,9,33,42,0,2,16,60,78,37,18,55,133
05/16/2015,WDG,OK,ASW,CE,Federal Contract Tower,0,2,1,0,3,0,0,2,0,2,0,2,3,0,5,31,0,31,36
05/17/2015,WDG,OK,ASW,CE,Federal Contract Tower,0,0,2,10,12,0,0,33,12,45,0,0,35,22,57,0,22,22,79
05/18/2015,WDG,OK,ASW,CE,Federal Contract Tower,0,2,6,20,28,0,0,19,22,41,0,2,25,42,69,20,36,56,125
05/19/2015,WDG,OK,ASW,CE,Federal Contract Tower,0,2,5,0,7,0,0,2,0,2,0,2,7,0,9,0,0,0,9
05/20/2015,WDG,OK,ASW,CE,Federal Contract Tower,0,2,4,24,30,0,0,6,26,32,0,2,10,50,62,0,7,7,69
05/21/2015,WDG,OK,ASW,CE,Federal Contract Tower,0,2,8,25,35,0,0,39,32,71,0,2,47,57,106,49,50,99,205
05/22/2015,WDG,OK,ASW,CE,Federal Contract Tower,0,2,10,0,12,0,0,0,1,1,0,2,10,1,13,0,0,0,13
05/23/2015,WDG,OK,ASW,CE,Federal Contract Tower,0,0,0,0,0,0,0,0,0,0,0,0,0,0,0,0,0,0,0
05/24/2015,WDG,OK,ASW,CE,Federal Contract Tower,0,0,3,2,5,0,0,1,5,6,0,0,4,7,11,0,0,0,11
05/25/2015,WDG,OK,ASW,CE,Federal Contract Tower,0,0,5,2,7,0,0,7,1,8,0,0,12,3,15,0,2,2,17
05/26/2015,WDG,OK,ASW,CE,Federal Contract Tower,0,3,5,39,47,0,0,18,38,56,0,3,23,77,103,4,20,24,127
05/27/2015,WDG,OK,ASW,CE,Federal Contract Tower,0,2,8,29,39,0,0,12,30,42,0,2,20,59,81,5,34,39,120
05/28/2015,WDG,OK,ASW,CE,Federal Contract Tower,0,2,9,29,40,0,0,14,30,44,0,2,23,59,84,30,6,36,120
05/29/2015,WDG,OK,ASW,CE,Federal Contract Tower,0,2,13,11,26,0,0,12,22,34,0,2,25,33,60,18,45,63,123
05/30/2015,WDG,OK,ASW,CE,Federal Contract Tower,0,2,11,23,36,0,0,21,7,28,0,2,32,30,64,24,8,32,96
05/31/2015,WDG,OK,ASW,CE,Federal Contract Tower,0,0,4,15,19,0,0,28,14,42,0,0,32,29,61,41,23,64,125
06/01/2015,WDG,OK,ASW,CE,Federal Contract Tower,0,2,8,39,49,0,0,14,39,53,0,2,22,78,102,0,10,10,112
06/02/2015,WDG,OK,ASW,CE,Federal Contract Tower,0,2,12,24,38,0,0,20,31,51,0,2,32,55,89,8,12,20,109
06/03/2015,WDG,OK,ASW,CE,Federal Contract Tower,0,2,6,21,29,0,0,65,25,90,0,2,71,46,119,14,21,35,154
06/04/2015,WDG,OK,ASW,CE,Federal Contract Tower,0,2,4,12,18,0,0,24,22,46,0,2,28,34,64,12,61,73,137
06/05/2015,WDG,OK,ASW,CE,Federal Contract Tower,0,2,7,19,28,0,0,14,19,33,0,2,21,38,61,14,23,37,98
06/06/2015,WDG,OK,ASW,CE,Federal Contract Tower,0,2,7,4,13,0,0,24,3,27,0,2,31,7,40,8,14,22,62
06/07/2015,WDG,OK,ASW,CE,Federal Contract Tower,0,0,4,6,10,0,0,26,6,32,0,0,30,12,42,0,0,0,42
06/08/2015,WDG,OK,ASW,CE,Federal Contract Tower,0,2,2,31,35,0,0,17,35,52,0,2,19,66,87,0,56,56,143
06/09/2015,WDG,OK,ASW,CE,Federal Contract Tower,0,2,6,27,35,0,0,21,29,50,0,2,27,56,85,20,40,60,145
06/10/2015,WDG,OK,ASW,CE,Federal Contract Tower,0,2,5,21,28,0,0,36,21,57,0,2,41,42,85,0,17,17,102
06/11/2015,WDG,OK,ASW,CE,Federal Contract Tower,0,2,9,28,39,0,0,16,28,44,0,2,25,56,83,0,13,13,96
06/12/2015,WDG,OK,ASW,CE,Federal Contract Tower,0,0,8,9,17,0,0,3,7,10,0,0,11,16,27,0,0,0,27
06/13/2015,WDG,OK,ASW,CE,Federal Contract Tower,0,2,7,6,15,0,0,6,1,7,0,2,13,7,22,50,12,62,84
06/14/2015,WDG,OK,ASW,CE,Federal Contract Tower,0,0,3,15,18,0,0,4,14,18,0,0,7,29,36,41,23,64,100
06/15/2015,WDG,OK,ASW,CE,Federal Contract Tower,0,2,4,24,30,0,0,7,24,31,0,2,11,48,61,24,18,42,103
06/16/2015,WDG,OK,ASW,CE,Federal Contract Tower,0,2,7,28,37,0,0,18,28,46,0,2,25,56,83,6,66,72,155
06/17/2015,WDG,OK,ASW,CE,Federal Contract Tower,0,2,3,41,46,0,0,6,41,47,0,2,9,82,93,28,0,28,121
06/18/2015,WDG,OK,ASW,CE,Federal Contract Tower,0,2,6,18,26,0,0,13,18,31,0,2,19,36,57,37,17,54,111
06/19/2015,WDG,OK,ASW,CE,Federal Contract Tower,0,2,9,26,37,0,0,48,32,80,0,2,57,58,117,15,35,50,167
06/20/2015,WDG,OK,ASW,CE,Federal Contract Tower,0,2,6,0,8,0,0,35,0,35,0,2,41,0,43,2,0,2,45
06/21/2015,WDG,OK,ASW,CE,Federal Contract Tower,0,0,4,4,8,0,0,14,4,18,0,0,18,8,26,0,0,0,26
06/22/2015,WDG,OK,ASW,CE,Federal Contract Tower,0,2,8,26,36,0,0,10,30,40,0,2,18,56,76,2,10,12,88
06/23/2015,WDG,OK,ASW,CE,Federal Contract Tower,0,2,10,27,39,0,0,15,31,46,0,2,25,58,85,10,46,56,141
06/24/2015,WDG,OK,ASW,CE,Federal Contract Tower,0,2,2,14,18,0,0,8,18,26,0,2,10,32,44,18,44,62,106
06/25/2015,WDG,OK,ASW,CE,Federal Contract Tower,0,2,9,28,39,0,1,6,43,50,0,3,15,71,89,14,132,146,235
06/26/2015,WDG,OK,ASW,CE,Federal Contract Tower,0,3,10,19,32,0,5,15,24,44,0,8,25,43,76,8,14,22,98
06/27/2015,WDG,OK,ASW,CE,Federal Contract Tower,0,2,1,4,7,0,0,51,3,54,0,2,52,7,61,44,0,44,105
06/28/2015,WDG,OK,ASW,CE,Federal Contract Tower,0,0,5,10,15,0,0,21,10,31,0,0,26,20,46,0,10,10,56
06/29/2015,WDG,OK,ASW,CE,Federal Contract Tower,0,2,1,23,26,0,0,16,24,40,0,2,17,47,66,10,60,70,136
06/30/2015,WDG,OK,ASW,CE,Federal Contract Tower,0,3,3,27,33,0,0,24,27,51,0,3,27,54,84,70,22,92,176
07/01/2015,WDG,OK,ASW,CE,Federal Contract Tower,0,2,3,25,30,0,0,20,30,50,0,2,23,55,80,8,16,24,104
07/02/2015,WDG,OK,ASW,CE,Federal Contract Tower,0,2,8,1,11,0,0,34,1,35,0,2,42,2,46,28,9,37,83
07/03/2015,WDG,OK,ASW,CE,Federal Contract Tower,0,0,4,2,6,0,0,21,0,21,0,0,25,2,27,4,0,4,31
07/04/2015,WDG,OK,ASW,CE,Federal Contract Tower,0,0,1,0,1,0,0,24,0,24,0,0,25,0,25,11,0,11,36
07/05/2015,WDG,OK,ASW,CE,Federal Contract Tower,0,0,9,0,9,0,0,12,0,12,0,0,21,0,21,12,0,12,33
07/06/2015,WDG,OK,ASW,CE,Federal Contract Tower,0,2,11,22,35,0,0,4,25,29,0,2,15,47,64,10,48,58,122
07/07/2015,WDG,OK,ASW,CE,Federal Contract Tower,0,2,3,11,16,0,0,0,11,11,0,2,3,22,27,0,0,0,27
07/08/2015,WDG,OK,ASW,CE,Federal Contract Tower,0,2,7,34,43,0,0,2,26,28,0,2,9,60,71,8,3,11,82
07/09/2015,WDG,OK,ASW,CE,Federal Contract Tower,0,2,11,22,35,0,0,8,22,30,0,2,19,44,65,14,0,14,79
07/10/2015,WDG,OK,ASW,CE,Federal Contract Tower,0,2,13,14,29,0,0,26,18,44,0,2,39,32,73,42,23,65,138
07/11/2015,WDG,OK,ASW,CE,Federal Contract Tower,0,2,4,3,9,0,0,24,3,27,0,2,28,6,36,0,12,12,48
07/12/2015,WDG,OK,ASW,CE,Federal Contract Tower,0,0,6,6,12,0,0,9,10,19,0,0,15,16,31,12,30,42,73
07/13/2015,WDG,OK,ASW,CE,Federal Contract Tower,0,2,6,14,22,0,0,22,13,35,0,2,28,27,57,30,6,36,93
07/14/2015,WDG,OK,ASW,CE,Federal Contract Tower,0,2,3,11,16,0,0,13,15,28,0,2,16,26,44,28,32,60,104
07/15/2015,WDG,OK,ASW,CE,Federal Contract Tower,0,2,8,25,35,0,0,15,25,40,0,2,23,50,75,46,0,46,121
07/16/2015,WDG,OK,ASW,CE,Federal Contract Tower,0,2,6,21,29,0,0,10,21,31,0,2,16,42,60,14,0,14,74
07/17/2015,WDG,OK,ASW,CE,Federal Contract Tower,0,2,11,27,40,0,0,21,30,51,0,2,32,57,91,34,10,44,135
07/18/2015,WDG,OK,ASW,CE,Federal Contract Tower,0,2,7,1,10,0,0,25,5,30,0,2,32,6,40,0,16,16,56
07/19/2015,WDG,OK,ASW,CE,Federal Contract Tower,0,0,8,3,11,0,0,18,4,22,0,0,26,7,33,0,14,14,47
07/20/2015,WDG,OK,ASW,CE,Federal Contract Tower,0,2,11,19,32,0,0,3,19,22,0,2,14,38,54,0,0,0,54
07/21/2015,WDG,OK,ASW,CE,Federal Contract Tower,0,2,6,30,38,0,0,3,30,33,0,2,9,60,71,0,0,0,71
07/22/2015,WDG,OK,ASW,CE,Federal Contract Tower,0,2,8,11,21,0,0,3,15,18,0,2,11,26,39,16,20,36,75
07/23/2015,WDG,OK,ASW,CE,Federal Contract Tower,0,2,9,11,22,0,0,10,13,23,0,2,19,24,45,9,8,17,62
07/24/2015,WDG,OK,ASW,CE,Federal Contract Tower,0,2,7,18,27,0,0,24,17,41,0,2,31,35,68,0,0,0,68
07/25/2015,WDG,OK,ASW,CE,Federal Contract Tower,0,1,0,0,1,0,1,47,0,48,0,2,47,0,49,52,0,52,101
07/26/2015,WDG,OK,ASW,CE,Federal Contract Tower,0,0,11,0,11,0,0,9,1,10,0,0,20,1,21,6,0,6,27
07/27/2015,WDG,OK,ASW,CE,Federal Contract Tower,0,3,6,17,26,0,0,19,17,36,0,3,25,34,62,2,0,2,64
07/28/2015,WDG,OK,ASW,CE,Federal Contract Tower,0,4,4,24,32,0,0,14,24,38,0,4,18,48,70,0,2,2,72
07/29/2015,WDG,OK,ASW,CE,Federal Contract Tower,0,3,4,23,30,0,0,7,23,30,0,3,11,46,60,2,14,16,76
07/30/2015,WDG,OK,ASW,CE,Federal Contract Tower,0,2,10,1,13,0,0,9,7,16,0,2,19,8,29,0,42,42,71
07/31/2015,WDG,OK,ASW,CE,Federal Contract Tower,0,2,7,11,20,0,0,18,33,51,0,2,25,44,71,36,182,218,289
08/01/2015,WDG,OK,ASW,CE,Federal Contract Tower,0,2,6,9,17,0,0,14,12,26,0,2,20,21,43,0,138,138,181
08/02/2015,WDG,OK,ASW,CE,Federal Contract Tower,0,0,5,9,14,0,0,12,10,22,0,0,17,19,36,2,32,34,70
08/03/2015,WDG,OK,ASW,CE,Federal Contract Tower,0,2,5,16,23,0,0,11,16,27,0,2,16,32,50,0,0,0,50
08/04/2015,WDG,OK,ASW,CE,Federal Contract Tower,0,2,5,13,20,0,0,3,13,16,0,2,8,26,36,0,2,2,38
08/05/2015,WDG,OK,ASW,CE,Federal Contract Tower,0,2,7,19,28,0,0,20,22,42,0,2,27,41,70,64,17,81,151
08/06/2015,WDG,OK,ASW,CE,Federal Contract Tower,0,2,6,5,13,0,0,19,20,39,0,2,25,25,52,1,67,68,120
08/07/2015,WDG,OK,ASW,CE,Federal Contract Tower,0,2,13,6,21,0,0,23,23,46,0,2,36,29,67,62,44,106,173
08/08/2015,WDG,OK,ASW,CE,Federal Contract Tower,0,2,3,2,7,0,0,23,7,30,0,2,26,9,37,15,34,49,86
08/09/2015,WDG,OK,ASW,CE,Federal Contract Tower,0,0,5,10,15,0,0,16,8,24,0,0,21,18,39,2,0,2,41
08/10/2015,WDG,OK,ASW,CE,Federal Contract Tower,0,2,7,22,31,0,0,16,30,46,0,2,23,52,77,0,102,102,179
08/11/2015,WDG,OK,ASW,CE,Federal Contract Tower,0,2,2,28,32,0,0,22,27,49,0,2,24,55,81,14,16,30,111
08/12/2015,WDG,OK,ASW,CE,Federal Contract Tower,0,2,8,23,33,0,0,10,34,44,0,2,18,57,77,79,114,193,270
08/13/2015,WDG,OK,ASW,CE,Federal Contract Tower,0,2,5,23,30,0,0,21,37,58,0,2,26,60,88,2,109,111,199
08/14/2015,WDG,OK,ASW,CE,Federal Contract Tower,0,2,3,6,11,0,0,10,7,17,0,2,13,13,28,2,1,3,31
08/15/2015,WDG,OK,ASW,CE,Federal Contract Tower,0,2,4,5,11,0,0,23,0,23,0,2,27,5,34,14,3,17,51
08/16/2015,WDG,OK,ASW,CE,Federal Contract Tower,0,0,7,8,15,0,0,15,6,21,0,0,22,14,36,6,0,6,42
08/17/2015,WDG,OK,ASW,CE,Federal Contract Tower,0,2,7,28,37,0,0,14,33,47,0,2,21,61,84,96,34,130,214
08/18/2015,WDG,OK,ASW,CE,Federal Contract Tower,0,2,6,31,39,0,0,12,41,53,0,2,18,72,92,0,83,83,175
08/19/2015,WDG,OK,ASW,CE,Federal Contract Tower,0,2,5,22,29,0,0,12,23,35,0,2,17,45,64,20,6,26,90
08/20/2015,WDG,OK,ASW,CE,Federal Contract Tower,0,2,7,28,37,0,0,37,25,62,0,2,44,53,99,96,81,177,276
08/21/2015,WDG,OK,ASW,CE,Federal Contract Tower,0,2,16,16,34,0,0,0,3,3,0,2,16,19,37,0,0,0,37
08/22/2015,WDG,OK,ASW,CE,Federal Contract Tower,0,2,3,8,13,0,0,5,9,14,0,2,8,17,27,0,38,38,65
08/23/2015,WDG,OK,ASW,CE,Federal Contract Tower,0,0,4,14,18,0,0,8,9,17,0,0,12,23,35,6,14,20,55
08/24/2015,WDG,OK,ASW,CE,Federal Contract Tower,0,2,10,24,36,0,0,11,28,39,0,2,21,52,75,34,28,62,137
08/25/2015,WDG,OK,ASW,CE,Federal Contract Tower,0,3,3,25,31,0,0,11,31,42,0,3,14,56,73,8,40,48,121
08/26/2015,WDG,OK,ASW,CE,Federal Contract Tower,0,3,5,15,23,0,0,17,17,34,0,3,22,32,57,6,32,38,95
08/27/2015,WDG,OK,ASW,CE,Federal Contract Tower,0,2,12,17,31,0,0,23,17,40,0,2,35,34,71,13,16,29,100
08/28/2015,WDG,OK,ASW,CE,Federal Contract Tower,0,2,7,14,23,0,0,11,24,35,0,2,18,38,58,147,70,217,275
08/29/2015,WDG,OK,ASW,CE,Federal Contract Tower,0,2,5,3,10,0,0,29,2,31,0,2,34,5,41,17,0,17,58
08/30/2015,WDG,OK,ASW,CE,Federal Contract Tower,0,0,4,3,7,0,0,15,0,15,0,0,19,3,22,12,0,12,34
08/31/2015,WDG,OK,ASW,CE,Federal Contract Tower,0,2,5,16,23,0,0,12,32,44,0,2,17,48,67,26,56,82,149
09/01/2015,WDG,OK,ASW,CE,Federal Contract Tower,0,2,18,15,35,0,0,10,23,33,0,2,28,38,68,24,86,110,178
09/02/2015,WDG,OK,ASW,CE,Federal Contract Tower,0,3,9,10,22,0,0,8,18,26,0,3,17,28,48,10,65,75,123
09/03/2015,WDG,OK,ASW,CE,Federal Contract Tower,0,2,7,19,28,0,0,14,23,37,0,2,21,42,65,8,48,56,121
09/04/2015,WDG,OK,ASW,CE,Federal Contract Tower,0,2,4,1,7,0,0,32,0,32,0,2,36,1,39,13,0,13,52
09/05/2015,WDG,OK,ASW,CE,Federal Contract Tower,0,2,7,0,9,0,0,14,0,14,0,2,21,0,23,0,0,0,23
09/06/2015,WDG,OK,ASW,CE,Federal Contract Tower,0,0,1,0,1,0,0,21,2,23,0,0,22,2,24,2,0,2,26
09/07/2015,WDG,OK,ASW,CE,Federal Contract Tower,0,0,15,0,15,0,0,33,0,33,0,0,48,0,48,28,0,28,76
09/08/2015,WDG,OK,ASW,CE,Federal Contract Tower,0,4,2,22,28,0,0,7,28,35,0,4,9,50,63,44,4,48,111
09/09/2015,WDG,OK,ASW,CE,Federal Contract Tower,0,0,8,31,39,0,0,13,34,47,0,0,21,65,86,6,19,25,111
09/10/2015,WDG,OK,ASW,CE,Federal Contract Tower,0,2,8,12,22,0,0,11,20,31,0,2,19,32,53,8,20,28,81
09/11/2015,WDG,OK,ASW,CE,Federal Contract Tower,0,2,5,15,22,0,0,12,14,26,0,2,17,29,48,0,5,5,53
09/12/2015,WDG,OK,ASW,CE,Federal Contract Tower,0,2,3,0,5,0,0,21,1,22,0,2,24,1,27,13,0,13,40
09/13/2015,WDG,OK,ASW,CE,Federal Contract Tower,0,0,6,3,9,0,0,23,4,27,0,0,29,7,36,0,0,0,36
09/14/2015,WDG,OK,ASW,CE,Federal Contract Tower,0,2,7,21,30,0,0,17,29,46,0,2,24,50,76,4,31,35,111
09/15/2015,WDG,OK,ASW,CE,Federal Contract Tower,0,2,8,17,27,0,0,6,17,23,0,2,14,34,50,0,10,10,60
09/16/2015,WDG,OK,ASW,CE,Federal Contract Tower,0,3,5,15,23,0,0,16,15,31,0,3,21,30,54,20,6,26,80
09/17/2015,WDG,OK,ASW,CE,Federal Contract Tower,0,2,7,9,18,0,0,9,10,19,0,2,16,19,37,7,9,16,53
09/18/2015,WDG,OK,ASW,CE,Federal Contract Tower,0,2,7,1,10,0,0,6,10,16,0,2,13,11,26,14,58,72,98
09/19/2015,WDG,OK,ASW,CE,Federal Contract Tower,0,2,1,2,5,0,0,14,6,20,0,2,15,8,25,18,30,48,73
09/20/2015,WDG,OK,ASW,CE,Federal Contract Tower,0,0,1,10,11,0,0,8,4,12,0,0,9,14,23,4,2,6,29
09/21/2015,WDG,OK,ASW,CE,Federal Contract Tower,0,2,3,20,25,0,0,4,24,28,0,2,7,44,53,0,8,8,61
09/22/2015,WDG,OK,ASW,CE,Federal Contract Tower,0,2,1,24,27,0,0,18,29,47,0,2,19,53,74,14,12,26,100
09/23/2015,WDG,OK,ASW,CE,Federal Contract Tower,0,2,9,16,27,0,0,7,19,26,0,2,16,35,53,14,37,51,104
09/24/2015,WDG,OK,ASW,CE,Federal Contract Tower,0,2,8,31,41,0,0,16,33,49,0,2,24,64,90,28,12,40,130
09/25/2015,WDG,OK,ASW,CE,Federal Contract Tower,0,2,13,18,33,0,0,12,25,37,0,2,25,43,70,22,32,54,124
09/26/2015,WDG,OK,ASW,CE,Federal Contract Tower,0,2,5,0,7,0,0,97,0,97,0,2,102,0,104,16,0,16,120
09/27/2015,WDG,OK,ASW,CE,Federal Contract Tower,0,0,4,12,16,0,0,23,11,34,0,0,27,23,50,4,2,6,56
09/28/2015,WDG,OK,ASW,CE,Federal Contract Tower,0,2,10,23,35,0,0,15,23,38,0,2,25,46,73,44,0,44,117
09/29/2015,WDG,OK,ASW,CE,Federal Contract Tower,0,2,1,10,13,0,0,13,14,27,0,2,14,24,40,56,12,68,108
09/30/2015,WDG,OK,ASW,CE,Federal Contract Tower,0,2,10,0,12,0,0,15,0,15,0,2,25,0,27,2,0,2,29
10/01/2015,WDG,OK,ASW,CE,Federal Contract Tower,0,2,9,30,41,0,0,8,30,38,0,2,17,60,79,12,0,12,91
10/02/2015,WDG,OK,ASW,CE,Federal Contract Tower,0,2,6,26,34,0,0,25,38,63,0,2,31,64,97,22,32,54,151
10/03/2015,WDG,OK,ASW,CE,Federal Contract Tower,0,2,4,1,7,0,0,12,4,16,0,2,16,5,23,26,8,34,57
10/04/2015,WDG,OK,ASW,CE,Federal Contract Tower,0,0,5,7,12,0,0,29,11,40,0,0,34,18,52,6,0,6,58
10/05/2015,WDG,OK,ASW,CE,Federal Contract Tower,0,2,6,36,44,0,0,2,36,38,0,2,8,72,82,0,0,0,82
10/06/2015,WDG,OK,ASW,CE,Federal Contract Tower,0,2,6,22,30,0,0,18,28,46,0,2,24,50,76,2,58,60,136
10/07/2015,WDG,OK,ASW,CE,Federal Contract Tower,0,2,6,7,15,0,0,14,13,27,0,2,20,20,42,30,28,58,100
10/08/2015,WDG,OK,ASW,CE,Federal Contract Tower,0,2,10,16,28,0,0,11,22,33,0,2,21,38,61,7,34,41,102
10/09/2015,WDG,OK,ASW,CE,Federal Contract Tower,0,2,7,10,19,0,0,16,11,27,0,2,23,21,46,4,0,4,50
10/10/2015,WDG,OK,ASW,CE,Federal Contract Tower,0,2,2,0,4,0,0,29,4,33,0,2,31,4,37,0,12,12,49
10/11/2015,WDG,OK,ASW,CE,Federal Contract Tower,0,0,9,7,16,0,0,26,3,29,0,0,35,10,45,0,6,6,51
10/12/2015,WDG,OK,ASW,CE,Federal Contract Tower,0,2,4,0,6,0,0,18,4,22,0,2,22,4,28,16,4,20,48
10/13/2015,WDG,OK,ASW,CE,Federal Contract Tower,0,2,5,34,41,0,0,15,26,41,0,2,20,60,82,54,20,74,156
10/14/2015,WDG,OK,ASW,CE,Federal Contract Tower,0,2,4,8,14,0,0,19,11,30,0,2,23,19,44,4,5,9,53
10/15/2015,WDG,OK,ASW,CE,Federal Contract Tower,0,2,7,8,17,0,0,19,14,33,0,2,26,22,50,0,13,13,63
10/16/2015,WDG,OK,ASW,CE,Federal Contract Tower,0,2,6,0,8,0,0,9,0,9,0,2,15,0,17,2,0,2,19
10/17/2015,WDG,OK,ASW,CE,Federal Contract Tower,0,2,1,0,3,0,0,23,0,23,0,2,24,0,26,9,0,9,35
10/18/2015,WDG,OK,ASW,CE,Federal Contract Tower,0,0,9,0,9,0,0,18,0,18,0,0,27,0,27,4,0,4,31
10/19/2015,WDG,OK,ASW,CE,Federal Contract Tower,0,2,5,14,21,0,0,8,20,28,0,2,13,34,49,4,8,12,61
10/20/2015,WDG,OK,ASW,CE,Federal Contract Tower,0,2,11,14,27,0,2,15,16,33,0,4,26,30,60,2,14,16,76
10/21/2015,WDG,OK,ASW,CE,Federal Contract Tower,0,2,11,10,23,0,0,6,10,16,0,2,17,20,39,2,6,8,47
10/22/2015,WDG,OK,ASW,CE,Federal Contract Tower,0,4,4,11,19,0,0,4,17,21,0,4,8,28,40,0,20,20,60
10/23/2015,WDG,OK,ASW,CE,Federal Contract Tower,0,2,17,10,29,0,0,4,11,15,0,2,21,21,44,0,20,20,64
10/24/2015,WDG,OK,ASW,CE,Federal Contract Tower,0,2,3,0,5,0,0,20,4,24,0,2,23,4,29,7,0,7,36
10/25/2015,WDG,OK,ASW,CE,Federal Contract Tower,0,1,4,7,12,0,0,18,8,26,0,1,22,15,38,10,0,10,48
10/26/2015,WDG,OK,ASW,CE,Federal Contract Tower,0,2,3,24,29,0,0,16,32,48,0,2,19,56,77,26,64,90,167
10/27/2015,WDG,OK,ASW,CE,Federal Contract Tower,0,3,0,15,18,0,0,14,21,35,0,3,14,36,53,0,36,36,89
10/28/2015,WDG,OK,ASW,CE,Federal Contract Tower,0,2,3,19,24,0,0,19,18,37,0,2,22,37,61,8,26,34,95
10/29/2015,WDG,OK,ASW,CE,Federal Contract Tower,0,2,4,31,37,0,0,22,32,54,0,2,26,63,91,12,13,25,116
10/30/2015,WDG,OK,ASW,CE,Federal Contract Tower,0,2,3,6,11,0,0,0,2,2,0,2,3,8,13,0,4,4,17
10/31/2015,WDG,OK,ASW,CE,Federal Contract Tower,0,0,6,1,7,0,0,3,0,3,0,0,9,1,10,4,0,4,14
11/01/2015,WDG,OK,ASW,CE,Federal Contract Tower,0,0,4,0,4,0,0,22,1,23,0,0,26,1,27,3,16,19,46
11/02/2015,WDG,OK,ASW,CE,Federal Contract Tower,0,2,3,15,20,0,0,15,17,32,0,2,18,32,52,25,8,33,85
11/03/2015,WDG,OK,ASW,CE,Federal Contract Tower,0,3,13,21,37,0,0,11,21,32,0,3,24,42,69,10,8,18,87
11/04/2015,WDG,OK,ASW,CE,Federal Contract Tower,0,3,5,15,23,0,0,4,15,19,0,3,9,30,42,0,0,0,42
11/05/2015,WDG,OK,ASW,CE,Federal Contract Tower,0,2,6,31,39,0,0,7,33,40,0,2,13,64,79,2,18,20,99
11/06/2015,WDG,OK,ASW,CE,Federal Contract Tower,0,2,4,13,19,0,0,25,22,47,0,2,29,35,66,10,30,40,106
11/07/2015,WDG,OK,ASW,CE,Federal Contract Tower,0,2,1,3,6,0,0,28,5,33,0,2,29,8,39,0,26,26,65
11/08/2015,WDG,OK,ASW,CE,Federal Contract Tower,0,0,2,7,9,0,0,19,11,30,0,0,21,18,39,4,0,4,43
11/09/2015,WDG,OK,ASW,CE,Federal Contract Tower,0,2,7,20,29,0,0,14,19,33,0,2,21,39,62,8,0,8,70
11/10/2015,WDG,OK,ASW,CE,Federal Contract Tower,0,2,15,24,41,0,0,3,23,26,0,2,18,47,67,0,14,14,81
11/11/2015,WDG,OK,ASW,CE,Federal Contract Tower,0,2,7,0,9,0,0,3,0,3,0,2,10,0,12,0,0,0,12
11/12/2015,WDG,OK,ASW,CE,Federal Contract Tower,0,2,11,24,37,0,0,16,27,43,0,2,27,51,80,6,2,8,88
11/13/2015,WDG,OK,ASW,CE,Federal Contract Tower,0,2,9,21,32,0,0,20,24,44,0,2,29,45,76,2,60,62,138
11/14/2015,WDG,OK,ASW,CE,Federal Contract Tower,0,2,8,5,15,0,0,20,6,26,0,2,28,11,41,26,17,43,84
11/15/2015,WDG,OK,ASW,CE,Federal Contract Tower,0,0,12,10,22,0,0,3,7,10,0,0,15,17,32,0,0,0,32
11/16/2015,WDG,OK,ASW,CE,Federal Contract Tower,0,0,9,10,19,0,0,0,10,10,0,0,9,20,29,0,0,0,29
11/17/2015,WDG,OK,ASW,CE,Federal Contract Tower,0,2,6,14,22,0,0,2,20,22,0,2,8,34,44,0,52,52,96
11/18/2015,WDG,OK,ASW,CE,Federal Contract Tower,0,2,4,25,31,0,0,12,32,44,0,2,16,57,75,19,24,43,118
11/19/2015,WDG,OK,ASW,CE,Federal Contract Tower,0,2,8,23,33,0,0,17,25,42,0,2,25,48,75,15,48,63,138
11/20/2015,WDG,OK,ASW,CE,Federal Contract Tower,0,2,11,15,28,0,0,8,14,22,0,2,19,29,50,0,30,30,80
11/21/2015,WDG,OK,ASW,CE,Federal Contract Tower,0,2,1,4,7,0,0,11,0,11,0,2,12,4,18,0,0,0,18
11/22/2015,WDG,OK,ASW,CE,Federal Contract Tower,0,2,8,3,13,0,0,15,2,17,0,2,23,5,30,6,5,11,41
11/23/2015,WDG,OK,ASW,CE,Federal Contract Tower,0,2,14,19,35,0,0,29,21,50,0,2,43,40,85,12,22,34,119
11/24/2015,WDG,OK,ASW,CE,Federal Contract Tower,0,2,4,15,21,0,0,13,24,37,0,2,17,39,58,22,64,86,144
11/25/2015,WDG,OK,ASW,CE,Federal Contract Tower,0,2,1,7,10,0,0,10,7,17,0,2,11,14,27,10,0,10,37
11/26/2015,WDG,OK,ASW,CE,Federal Contract Tower,0,0,1,0,1,0,0,0,0,0,0,0,1,0,1,0,0,0,1
11/27/2015,WDG,OK,ASW,CE,Federal Contract Tower,0,0,0,0,0,0,0,0,0,0,0,0,0,0,0,0,0,0,0
11/28/2015,WDG,OK,ASW,CE,Federal Contract Tower,0,0,0,0,0,0,0,0,0,0,0,0,0,0,0,0,0,0,0
11/29/2015,WDG,OK,ASW,CE,Federal Contract Tower,0,0,3,0,3,0,0,0,0,0,0,0,3,0,3,0,0,0,3
11/30/2015,WDG,OK,ASW,CE,Federal Contract Tower,0,4,6,12,22,0,0,1,12,13,0,4,7,24,35,0,0,0,35
12/01/2015,WDG,OK,ASW,CE,Federal Contract Tower,0,2,6,23,31,0,0,14,27,41,0,2,20,50,72,0,8,8,80
12/02/2015,WDG,OK,ASW,CE,Federal Contract Tower,0,4,8,11,23,0,0,11,11,22,0,4,19,22,45,12,8,20,65
12/03/2015,WDG,OK,ASW,CE,Federal Contract Tower,0,2,12,14,28,0,0,47,20,67,0,2,59,34,95,95,31,126,221
12/04/2015,WDG,OK,ASW,CE,Federal Contract Tower,0,2,15,16,33,0,0,13,28,41,0,2,28,44,74,32,20,52,126
12/05/2015,WDG,OK,ASW,CE,Federal Contract Tower,0,2,7,3,12,0,0,5,5,10,0,2,12,8,22,2,12,14,36
12/06/2015,WDG,OK,ASW,CE,Federal Contract Tower,0,0,7,0,7,0,0,10,4,14,0,0,17,4,21,29,5,34,55
12/07/2015,WDG,OK,ASW,CE,Federal Contract Tower,0,2,3,12,17,0,0,21,20,41,0,2,24,32,58,14,33,47,105
12/08/2015,WDG,OK,ASW,CE,Federal Contract Tower,0,2,7,25,34,0,0,26,26,52,0,2,33,51,86,24,78,102,188
12/09/2015,WDG,OK,ASW,CE,Federal Contract Tower,0,2,9,16,27,0,0,27,19,46,0,2,36,35,73,28,30,58,131
12/10/2015,WDG,OK,ASW,CE,Federal Contract Tower,0,2,3,21,26,0,0,10,38,48,0,2,13,59,74,0,90,90,164
12/11/2015,WDG,OK,ASW,CE,Federal Contract Tower,0,2,10,12,24,0,0,12,13,25,0,2,22,25,49,3,7,10,59
12/12/2015,WDG,OK,ASW,CE,Federal Contract Tower,0,0,5,12,17,0,0,1,0,1,0,0,6,12,18,10,0,10,28
12/13/2015,WDG,OK,ASW,CE,Federal Contract Tower,0,0,10,14,24,0,0,0,0,0,0,0,10,14,24,0,0,0,24
12/14/2015,WDG,OK,ASW,CE,Federal Contract Tower,0,2,5,14,21,0,0,25,20,45,0,2,30,34,66,2,38,40,106
12/15/2015,WDG,OK,ASW,CE,Federal Contract Tower,0,2,12,29,43,0,0,20,29,49,0,2,32,58,92,8,4,12,104
12/16/2015,WDG,OK,ASW,CE,Federal Contract Tower,0,2,4,17,23,0,0,14,17,31,0,2,18,34,54,0,10,10,64
12/17/2015,WDG,OK,ASW,CE,Federal Contract Tower,0,2,16,7,25,0,0,5,17,22,0,2,21,24,47,30,50,80,127
12/18/2015,WDG,OK,ASW,CE,Federal Contract Tower,0,2,6,6,14,0,0,25,10,35,0,2,31,16,49,5,16,21,70
12/19/2015,WDG,OK,ASW,CE,Federal Contract Tower,0,2,6,3,11,0,0,29,1,30,0,2,35,4,41,18,4,22,63
12/20/2015,WDG,OK,ASW,CE,Federal Contract Tower,0,0,2,6,8,0,0,10,2,12,0,0,12,8,20,13,0,13,33
12/21/2015,WDG,OK,ASW,CE,Federal Contract Tower,0,2,8,19,29,0,0,26,19,45,0,2,34,38,74,34,0,34,108
12/22/2015,WDG,OK,ASW,CE,Federal Contract Tower,0,2,2,20,24,0,0,14,32,46,0,2,16,52,70,0,46,46,116
12/23/2015,WDG,OK,ASW,CE,Federal Contract Tower,0,2,6,0,8,0,0,1,21,22,0,2,7,21,30,2,0,2,32
12/24/2015,WDG,OK,ASW,CE,Federal Contract Tower,0,2,1,0,3,0,0,31,0,31,0,2,32,0,34,2,0,2,36
12/25/2015,WDG,OK,ASW,CE,Federal Contract Tower,0,1,0,0,1,0,0,18,0,18,0,1,18,0,19,8,0,8,27
12/26/2015,WDG,OK,ASW,CE,Federal Contract Tower,0,2,7,0,9,0,0,0,0,0,0,2,7,0,9,0,0,0,9
12/27/2015,WDG,OK,ASW,CE,Federal Contract Tower,0,0,0,0,0,0,0,0,0,0,0,0,0,0,0,0,0,0,0
12/28/2015,WDG,OK,ASW,CE,Federal Contract Tower,0,0,0,0,0,0,0,0,0,0,0,0,0,0,0,0,0,0,0
12/29/2015,WDG,OK,ASW,CE,Federal Contract Tower,0,2,0,0,2,0,0,6,0,6,0,2,6,0,8,0,0,0,8
12/30/2015,WDG,OK,ASW,CE,Federal Contract Tower,0,2,6,0,8,0,0,1,0,1,0,2,7,0,9,0,0,0,9
12/31/2015,WDG,OK,ASW,CE,Federal Contract Tower,0,2,1,0,3,0,0,5,0,5,0,2,6,0,8,0,0,0,8
01/01/2016,WDG,OK,ASW,CE,Federal Contract Tower,0,0,0,0,0,0,0,10,0,10,0,0,10,0,10,2,2,4,14
01/02/2016,WDG,OK,ASW,CE,Federal Contract Tower,0,2,6,0,8,0,2,23,0,25,0,4,29,0,33,0,0,0,33
01/03/2016,WDG,OK,ASW,CE,Federal Contract Tower,0,0,4,0,4,0,0,12,0,12,0,0,16,0,16,0,0,0,16
01/04/2016,WDG,OK,ASW,CE,Federal Contract Tower,0,3,1,33,37,0,0,8,33,41,0,3,9,66,78,0,54,54,132
01/05/2016,WDG,OK,ASW,CE,Federal Contract Tower,0,2,3,17,22,0,0,10,17,27,0,2,13,34,49,0,52,52,101
01/06/2016,WDG,OK,ASW,CE,Federal Contract Tower,0,2,3,16,21,0,0,0,16,16,0,2,3,32,37,0,0,0,37
01/07/2016,WDG,OK,ASW,CE,Federal Contract Tower,0,2,0,2,4,0,0,0,2,2,0,2,0,4,6,0,0,0,6
01/08/2016,WDG,OK,ASW,CE,Federal Contract Tower,0,0,0,15,15,0,0,0,11,11,0,0,0,26,26,0,0,0,26
01/09/2016,WDG,OK,ASW,CE,Federal Contract Tower,0,2,5,1,8,0,0,1,1,2,0,2,6,2,10,0,25,25,35
01/10/2016,WDG,OK,ASW,CE,Federal Contract Tower,0,0,9,12,21,0,0,11,6,17,0,0,20,18,38,6,15,21,59
01/11/2016,WDG,OK,ASW,CE,Federal Contract Tower,0,2,6,12,20,0,0,10,26,36,0,2,16,38,56,0,76,76,132
01/12/2016,WDG,OK,ASW,CE,Federal Contract Tower,0,2,4,25,31,0,0,19,25,44,0,2,23,50,75,32,38,70,145
01/13/2016,WDG,OK,ASW,CE,Federal Contract Tower,0,2,7,16,25,0,0,16,20,36,0,2,23,36,61,16,28,44,105
01/14/2016,WDG,OK,ASW,CE,Federal Contract Tower,0,2,12,12,26,0,0,15,26,41,0,2,27,38,67,9,65,74,141
01/15/2016,WDG,OK,ASW,CE,Federal Contract Tower,0,2,4,10,16,0,0,29,22,51,0,2,33,32,67,2,62,64,131
01/16/2016,WDG,OK,ASW,CE,Federal Contract Tower,0,2,3,3,8,0,0,28,0,28,0,2,31,3,36,2,4,6,42
01/17/2016,WDG,OK,ASW,CE,Federal Contract Tower,0,1,3,17,21,0,0,3,0,3,0,1,6,17,24,0,20,20,44
01/18/2016,WDG,OK,ASW,CE,Federal Contract Tower,0,2,6,2,10,0,0,8,1,9,0,2,14,3,19,0,4,4,23
01/19/2016,WDG,OK,ASW,CE,Federal Contract Tower,0,0,2,19,21,0,0,4,4,8,0,0,6,23,29,18,0,18,47
01/20/2016,WDG,OK,ASW,CE,Federal Contract Tower,0,2,6,0,8,0,0,0,0,0,0,2,6,0,8,0,0,0,8
01/21/2016,WDG,OK,ASW,CE,Federal Contract Tower,0,2,2,16,20,0,0,1,13,14,0,2,3,29,34,0,0,0,34
01/22/2016,WDG,OK,ASW,CE,Federal Contract Tower,0,2,2,7,11,0,0,3,0,3,0,2,5,7,14,6,2,8,22
01/23/2016,WDG,OK,ASW,CE,Federal Contract Tower,0,2,1,14,17,0,0,14,2,16,0,2,15,16,33,18,10,28,61
01/24/2016,WDG,OK,ASW,CE,Federal Contract Tower,0,0,2,6,8,0,0,9,5,14,0,0,11,11,22,0,0,0,22
01/25/2016,WDG,OK,ASW,CE,Federal Contract Tower,0,2,7,25,34,0,0,8,27,35,0,2,15,52,69,0,84,84,153
01/26/2016,WDG,OK,ASW,CE,Federal Contract Tower,0,2,11,13,26,0,0,20,24,44,0,2,31,37,70,0,180,180,250
01/27/2016,WDG,OK,ASW,CE,Federal Contract Tower,0,4,12,7,23,0,0,20,20,40,0,4,32,27,63,16,92,108,171
01/28/2016,WDG,OK,ASW,CE,Federal Contract Tower,0,2,10,10,22,0,0,27,15,42,0,2,37,25,64,11,63,74,138
01/29/2016,WDG,OK,ASW,CE,Federal Contract Tower,0,2,2,2,6,0,0,18,0,18,0,2,20,2,24,11,0,11,35
01/30/2016,WDG,OK,ASW,CE,Federal Contract Tower,0,2,7,15,24,0,0,41,7,48,0,2,48,22,72,36,33,69,141
01/31/2016,WDG,OK,ASW,CE,Federal Contract Tower,0,0,3,11,14,0,0,20,8,28,0,0,23,19,42,8,5,13,55
02/01/2016,WDG,OK,ASW,CE,Federal Contract Tower,0,2,9,7,18,0,0,5,8,13,0,2,14,15,31,0,38,38,69
02/02/2016,WDG,OK,ASW,CE,Federal Contract Tower,0,2,6,0,8,0,0,0,4,4,0,2,6,4,12,0,0,0,12
02/03/2016,WDG,OK,ASW,CE,Federal Contract Tower,0,4,3,12,19,0,0,9,12,21,0,4,12,24,40,22,13,35,75
02/04/2016,WDG,OK,ASW,CE,Federal Contract Tower,0,4,15,9,28,0,0,23,14,37,0,4,38,23,65,33,64,97,162
02/05/2016,WDG,OK,ASW,CE,Federal Contract Tower,0,2,3,2,7,0,0,14,18,32,0,2,17,20,39,14,79,93,132
02/06/2016,WDG,OK,ASW,CE,Federal Contract Tower,0,2,4,6,12,0,0,36,4,40,0,2,40,10,52,7,42,49,101
02/07/2016,WDG,OK,ASW,CE,Federal Contract Tower,0,0,2,9,11,0,0,9,11,20,0,0,11,20,31,0,36,36,67
02/08/2016,WDG,OK,ASW,CE,Federal Contract Tower,0,2,9,2,13,0,0,5,4,9,0,2,14,6,22,0,0,0,22
02/09/2016,WDG,OK,ASW,CE,Federal Contract Tower,0,2,10,5,17,0,0,12,19,31,0,2,22,24,48,6,36,42,90
02/10/2016,WDG,OK,ASW,CE,Federal Contract Tower,0,2,0,7,9,0,0,7,16,23,0,2,7,23,32,4,46,50,82
02/11/2016,WDG,OK,ASW,CE,Federal Contract Tower,0,2,13,6,21,0,0,19,20,39,0,2,32,26,60,16,130,146,206
02/12/2016,WDG,OK,ASW,CE,Federal Contract Tower,0,2,1,17,20,0,0,12,21,33,0,2,13,38,53,0,74,74,127
02/13/2016,WDG,OK,ASW,CE,Federal Contract Tower,0,2,4,0,6,0,0,22,0,22,0,2,26,0,28,5,0,5,33
02/14/2016,WDG,OK,ASW,CE,Federal Contract Tower,0,0,3,0,3,0,0,11,2,13,0,0,14,2,16,4,2,6,22
02/15/2016,WDG,OK,ASW,CE,Federal Contract Tower,0,2,1,3,6,0,0,16,1,17,0,2,17,4,23,2,2,4,27
02/16/2016,WDG,OK,ASW,CE,Federal Contract Tower,0,3,4,3,10,0,0,11,39,50,0,3,15,42,60,0,65,65,125
02/17/2016,WDG,OK,ASW,CE,Federal Contract Tower,0,2,12,24,38,0,0,19,28,47,0,2,31,52,85,0,36,36,121
02/18/2016,WDG,OK,ASW,CE,Federal Contract Tower,0,2,6,5,13,0,0,9,5,14,0,2,15,10,27,0,40,40,67
02/19/2016,WDG,OK,ASW,CE,Federal Contract Tower,0,2,5,9,16,0,0,25,26,51,0,2,30,35,67,8,69,77,144
02/20/2016,WDG,OK,ASW,CE,Federal Contract Tower,0,3,5,13,21,0,0,24,1,25,0,3,29,14,46,28,62,90,136
02/21/2016,WDG,OK,ASW,CE,Federal Contract Tower,0,0,9,18,27,0,0,17,9,26,0,0,26,27,53,8,27,35,88
02/22/2016,WDG,OK,ASW,CE,Federal Contract Tower,0,2,10,18,30,0,0,25,37,62,0,2,35,55,92,20,26,46,138
02/23/2016,WDG,OK,ASW,CE,Federal Contract Tower,0,1,2,23,26,0,2,15,25,42,0,3,17,48,68,2,92,94,162
02/24/2016,WDG,OK,ASW,CE,Federal Contract Tower,0,4,7,11,22,0,1,13,15,29,0,5,20,26,51,0,25,25,76
02/25/2016,WDG,OK,ASW,CE,Federal Contract Tower,0,2,13,15,30,0,0,18,19,37,0,2,31,34,67,4,32,36,103
02/26/2016,WDG,OK,ASW,CE,Federal Contract Tower,0,2,7,15,24,0,0,14,20,34,0,2,21,35,58,6,47,53,111
02/27/2016,WDG,OK,ASW,CE,Federal Contract Tower,0,2,5,7,14,0,0,23,7,30,0,2,28,14,44,6,23,29,73
02/28/2016,WDG,OK,ASW,CE,Federal Contract Tower,0,0,8,10,18,0,0,9,6,15,0,0,17,16,33,4,0,4,37
02/29/2016,WDG,OK,ASW,CE,Federal Contract Tower,0,2,7,17,26,0,0,10,15,25,0,2,17,32,51,2,40,42,93
03/01/2016,WDG,OK,ASW,CE,Federal Contract Tower,0,2,11,13,26,0,0,7,15,22,0,2,18,28,48,2,10,12,60
03/02/2016,WDG,OK,ASW,CE,Federal Contract Tower,0,2,7,20,29,0,2,3,24,29,0,4,10,44,58,0,20,20,78
03/03/2016,WDG,OK,ASW,CE,Federal Contract Tower,0,2,2,26,30,0,0,9,35,44,0,2,11,61,74,3,91,94,168
03/04/2016,WDG,OK,ASW,CE,Federal Contract Tower,0,2,19,25,46,0,0,12,24,36,0,2,31,49,82,0,40,40,122
03/05/2016,WDG,OK,ASW,CE,Federal Contract Tower,0,0,5,8,13,0,2,34,5,41,0,2,39,13,54,23,48,71,125
03/06/2016,WDG,OK,ASW,CE,Federal Contract Tower,0,0,3,3,6,0,0,1,4,5,0,0,4,7,11,0,26,26,37
03/07/2016,WDG,OK,ASW,CE,Federal Contract Tower,0,2,6,17,25,0,0,2,17,19,0,2,8,34,44,0,0,0,44
03/08/2016,WDG,OK,ASW,CE,Federal Contract Tower,0,2,4,8,14,0,0,1,9,10,0,2,5,17,24,0,0,0,24
03/09/2016,WDG,OK,ASW,CE,Federal Contract Tower,0,1,3,10,14,0,1,5,12,18,0,2,8,22,32,6,42,48,80
03/10/2016,WDG,OK,ASW,CE,Federal Contract Tower,0,2,17,15,34,0,0,21,33,54,0,2,38,48,88,2,140,142,230
03/11/2016,WDG,OK,ASW,CE,Federal Contract Tower,0,2,4,7,13,0,0,11,9,20,0,2,15,16,33,0,12,12,45
03/12/2016,WDG,OK,ASW,CE,Federal Contract Tower,0,0,12,6,18,0,0,0,0,0,0,0,12,6,18,0,0,0,18
03/13/2016,WDG,OK,ASW,CE,Federal Contract Tower,0,0,4,2,6,0,0,2,1,3,0,0,6,3,9,0,0,0,9
03/14/2016,WDG,OK,ASW,CE,Federal Contract Tower,0,2,3,18,23,0,0,23,24,47,0,2,26,42,70,2,102,104,174
03/15/2016,WDG,OK,ASW,CE,Federal Contract Tower,0,2,2,16,20,0,0,11,16,27,0,2,13,32,47,0,38,38,85
03/16/2016,WDG,OK,ASW,CE,Federal Contract Tower,0,2,1,5,8,0,0,31,5,36,0,2,32,10,44,8,0,8,52
03/17/2016,WDG,OK,ASW,CE,Federal Contract Tower,0,2,3,9,14,0,0,23,11,34,0,2,26,20,48,10,11,21,69
03/18/2016,WDG,OK,ASW,CE,Federal Contract Tower,0,2,18,11,31,0,0,6,11,17,0,2,24,22,48,0,18,18,66
03/19/2016,WDG,OK,ASW,CE,Federal Contract Tower,0,2,13,4,19,0,0,35,5,40,0,2,48,9,59,4,2,6,65
03/20/2016,WDG,OK,ASW,CE,Federal Contract Tower,0,0,2,5,7,0,0,14,9,23,0,0,16,14,30,6,0,6,36
03/21/2016,WDG,OK,ASW,CE,Federal Contract Tower,0,2,1,20,23,0,0,4,23,27,0,2,5,43,50,0,5,5,55
03/22/2016,WDG,OK,ASW,CE,Federal Contract Tower,0,2,3,10,15,0,0,17,10,27,0,2,20,20,42,1,6,7,49
03/23/2016,WDG,OK,ASW,CE,Federal Contract Tower,0,2,4,0,6,0,0,10,0,10,0,2,14,0,16,2,0,2,18
03/24/2016,WDG,OK,ASW,CE,Federal Contract Tower,0,2,18,6,26,0,0,7,0,7,0,2,25,6,33,0,0,0,33
03/25/2016,WDG,OK,ASW,CE,Federal Contract Tower,0,2,7,10,19,0,0,12,11,23,0,2,19,21,42,6,14,20,62
03/26/2016,WDG,OK,ASW,CE,Federal Contract Tower,0,2,4,3,9,0,0,20,5,25,0,2,24,8,34,23,6,29,63
03/27/2016,WDG,OK,ASW,CE,Federal Contract Tower,0,0,5,2,7,0,0,10,1,11,0,0,15,3,18,0,17,17,35
03/28/2016,WDG,OK,ASW,CE,Federal Contract Tower,0,2,5,12,19,0,0,7,28,35,0,2,12,40,54,0,69,69,123
03/29/2016,WDG,OK,ASW,CE,Federal Contract Tower,0,2,9,23,34,0,0,6,32,38,0,2,15,55,72,10,85,95,167
03/30/2016,WDG,OK,ASW,CE,Federal Contract Tower,0,2,6,10,18,0,0,2,10,12,0,2,8,20,30,0,6,6,36
03/31/2016,WDG,OK,ASW,CE,Federal Contract Tower,0,2,5,6,13,0,0,18,8,26,0,2,23,14,39,18,22,40,79
04/01/2016,WDG,OK,ASW,CE,Federal Contract Tower,0,2,13,4,19,0,0,17,6,23,0,2,30,10,42,8,60,68,110
04/02/2016,WDG,OK,ASW,CE,Federal Contract Tower,0,2,2,0,4,0,0,30,0,30,0,2,32,0,34,21,0,21,55
04/03/2016,WDG,OK,ASW,CE,Federal Contract Tower,0,0,9,5,14,0,0,16,5,21,0,0,25,10,35,12,0,12,47
04/04/2016,WDG,OK,ASW,CE,Federal Contract Tower,0,2,3,14,19,0,0,9,20,29,0,2,12,34,48,0,38,38,86
04/05/2016,WDG,OK,ASW,CE,Federal Contract Tower,0,2,9,6,17,0,0,6,9,15,0,2,15,15,32,0,22,22,54
04/06/2016,WDG,OK,ASW,CE,Federal Contract Tower,0,4,5,8,17,0,0,3,10,13,0,4,8,18,30,0,12,12,42
04/07/2016,WDG,OK,ASW,CE,Federal Contract Tower,0,2,3,20,25,0,0,14,24,38,0,2,17,44,63,36,45,81,144
04/08/2016,WDG,OK,ASW,CE,Federal Contract Tower,0,2,15,22,39,0,0,22,24,46,0,2,37,46,85,26,42,68,153
04/09/2016,WDG,OK,ASW,CE,Federal Contract Tower,0,2,2,12,16,0,0,20,0,20,0,2,22,12,36,6,6,12,48
04/10/2016,WDG,OK,ASW,CE,Federal Contract Tower,0,0,5,4,9,0,0,3,5,8,0,0,8,9,17,0,0,0,17
04/11/2016,WDG,OK,ASW,CE,Federal Contract Tower,0,4,11,33,48,0,0,3,31,34,0,4,14,64,82,16,0,16,98
04/12/2016,WDG,OK,ASW,CE,Federal Contract Tower,0,3,15,18,36,0,0,14,25,39,0,3,29,43,75,0,44,44,119
04/13/2016,WDG,OK,ASW,CE,Federal Contract Tower,0,2,9,13,24,0,0,10,13,23,0,2,19,26,47,0,0,0,47
04/14/2016,WDG,OK,ASW,CE,Federal Contract Tower,0,2,21,17,40,0,0,9,17,26,0,2,30,34,66,2,42,44,110
04/15/2016,WDG,OK,ASW,CE,Federal Contract Tower,0,2,8,16,26,0,0,16,31,47,0,2,24,47,73,12,57,69,142
04/16/2016,WDG,OK,ASW,CE,Federal Contract Tower,0,2,5,5,12,0,0,0,0,0,0,2,5,5,12,0,17,17,29
04/17/2016,WDG,OK,ASW,CE,Federal Contract Tower,0,0,0,8,8,0,0,2,0,2,0,0,2,8,10,6,0,6,16
04/18/2016,WDG,OK,ASW,CE,Federal Contract Tower,0,2,7,22,31,0,0,5,16,21,0,2,12,38,52,26,24,50,102
04/19/2016,WDG,OK,ASW,CE,Federal Contract Tower,0,4,6,3,13,0,0,4,3,7,0,4,10,6,20,20,0,20,40
04/20/2016,WDG,OK,ASW,CE,Federal Contract Tower,0,4,8,11,23,0,1,9,23,33,0,5,17,34,56,9,60,69,125
04/21/2016,WDG,OK,ASW,CE,Federal Contract Tower,0,2,6,16,24,0,0,17,23,40,0,2,23,39,64,0,104,104,168
04/22/2016,WDG,OK,ASW,CE,Federal Contract Tower,0,2,3,9,14,0,0,32,11,43,0,2,35,20,57,38,18,56,113
04/23/2016,WDG,OK,ASW,CE,Federal Contract Tower,0,3,4,0,7,0,0,49,0,49,0,3,53,0,56,0,0,0,56
04/24/2016,WDG,OK,ASW,CE,Federal Contract Tower,0,0,4,6,10,0,0,2,7,9,0,0,6,13,19,2,0,2,21
04/25/2016,WDG,OK,ASW,CE,Federal Contract Tower,0,2,3,20,25,0,0,7,19,26,0,2,10,39,51,6,8,14,65
04/26/2016,WDG,OK,ASW,CE,Federal Contract Tower,0,0,5,3,8,0,0,0,3,3,0,0,5,6,11,0,0,0,11
04/27/2016,WDG,OK,ASW,CE,Federal Contract Tower,0,2,7,15,24,0,0,7,27,34,0,2,14,42,58,8,86,94,152
04/28/2016,WDG,OK,ASW,CE,Federal Contract Tower,0,2,13,12,27,0,0,12,12,24,0,2,25,24,51,10,8,18,69
04/29/2016,WDG,OK,ASW,CE,Federal Contract Tower,0,2,5,0,7,0,0,0,0,0,0,2,5,0,7,0,0,0,7
04/30/2016,WDG,OK,ASW,CE,Federal Contract Tower,0,2,2,1,5,0,0,11,0,11,0,2,13,1,16,18,0,18,34
05/01/2016,WDG,OK,ASW,CE,Federal Contract Tower,0,0,5,3,8,0,0,7,4,11,0,0,12,7,19,0,0,0,19
05/02/2016,WDG,OK,ASW,CE,Federal Contract Tower,0,4,7,18,29,0,0,6,21,27,0,4,13,39,56,0,40,40,96
05/03/2016,WDG,OK,ASW,CE,Federal Contract Tower,0,2,11,11,24,0,0,14,15,29,0,2,25,26,53,0,28,28,81
05/04/2016,WDG,OK,ASW,CE,Federal Contract Tower,0,3,4,17,24,0,0,16,25,41,0,3,20,42,65,0,51,51,116
05/05/2016,WDG,OK,ASW,CE,Federal Contract Tower,0,2,12,18,32,0,0,20,20,40,0,2,32,38,72,10,32,42,114
05/06/2016,WDG,OK,ASW,CE,Federal Contract Tower,0,2,3,19,24,0,0,23,27,50,0,2,26,46,74,8,26,34,108
05/07/2016,WDG,OK,ASW,CE,Federal Contract Tower,0,0,6,8,14,0,2,24,5,31,0,2,30,13,45,5,22,27,72
05/08/2016,WDG,OK,ASW,CE,Federal Contract Tower,0,0,0,4,4,0,0,4,2,6,0,0,4,6,10,0,0,0,10
05/09/2016,WDG,OK,ASW,CE,Federal Contract Tower,0,2,5,8,15,0,0,5,17,22,0,2,10,25,37,0,52,52,89
05/10/2016,WDG,OK,ASW,CE,Federal Contract Tower,0,2,2,19,23,0,0,23,26,49,0,2,25,45,72,0,116,116,188
05/11/2016,WDG,OK,ASW,CE,Federal Contract Tower,0,2,6,24,32,0,0,13,36,49,0,2,19,60,81,2,101,103,184
05/12/2016,WDG,OK,ASW,CE,Federal Contract Tower,0,2,3,12,17,0,0,17,17,34,0,2,20,29,51,4,66,70,121
05/13/2016,WDG,OK,ASW,CE,Federal Contract Tower,0,2,8,7,17,0,0,21,19,40,0,2,29,26,57,0,94,94,151
05/14/2016,WDG,OK,ASW,CE,Federal Contract Tower,0,2,2,1,5,0,0,9,1,10,0,2,11,2,15,11,0,11,26
05/15/2016,WDG,OK,ASW,CE,Federal Contract Tower,0,0,3,3,6,0,0,16,4,20,0,0,19,7,26,2,0,2,28
05/16/2016,WDG,OK,ASW,CE,Federal Contract Tower,0,2,7,30,39,0,0,0,14,14,0,2,7,44,53,0,0,0,53
05/17/2016,WDG,OK,ASW,CE,Federal Contract Tower,0,2,1,22,25,0,0,0,22,22,0,2,1,44,47,0,0,0,47
05/19/2016,WDG,OK,ASW,CE,Federal Contract Tower,0,6,16,20,42,0,0,8,20,28,0,6,24,40,70,6,0,6,76
05/20/2016,WDG,OK,ASW,CE,Federal Contract Tower,0,4,7,19,30,0,0,10,20,30,0,4,17,39,60,6,36,42,102
05/21/2016,WDG,OK,ASW,CE,Federal Contract Tower,0,3,2,17,22,0,0,61,2,63,0,3,63,19,85,30,4,34,119
05/22/2016,WDG,OK,ASW,CE,Federal Contract Tower,0,0,10,8,18,0,2,2,16,20,0,2,12,24,38,16,22,38,76
05/23/2016,WDG,OK,ASW,CE,Federal Contract Tower,0,2,10,23,35,0,0,8,17,25,0,2,18,40,60,2,68,70,130
05/24/2016,WDG,OK,ASW,CE,Federal Contract Tower,0,2,1,26,29,0,0,7,26,33,0,2,8,52,62,42,50,92,154
05/25/2016,WDG,OK,ASW,CE,Federal Contract Tower,0,2,1,21,24,0,0,10,18,28,0,2,11,39,52,0,68,68,120
05/26/2016,WDG,OK,ASW,CE,Federal Contract Tower,0,2,14,31,47,0,0,0,30,30,0,2,14,61,77,0,18,18,95
05/27/2016,WDG,OK,ASW,CE,Federal Contract Tower,0,2,5,4,11,0,0,16,0,16,0,2,21,4,27,10,0,10,37
05/28/2016,WDG,OK,ASW,CE,Federal Contract Tower,0,2,2,0,4,0,0,23,0,23,0,2,25,0,27,30,0,30,57
05/29/2016,WDG,OK,ASW,CE,Federal Contract Tower,0,0,0,0,0,0,0,0,0,0,0,0,0,0,0,10,0,10,10
05/30/2016,WDG,OK,ASW,CE,Federal Contract Tower,0,0,7,0,7,0,2,19,2,23,0,2,26,2,30,12,0,12,42
05/31/2016,WDG,OK,ASW,CE,Federal Contract Tower,0,2,6,20,28,0,0,8,28,36,0,2,14,48,64,0,28,28,92
06/01/2016,WDG,OK,ASW,CE,Federal Contract Tower,0,2,4,12,18,0,0,1,8,9,0,2,5,20,27,2,0,2,29
06/02/2016,WDG,OK,ASW,CE,Federal Contract Tower,0,2,19,19,40,0,0,2,12,14,0,2,21,31,54,0,0,0,54
06/03/2016,WDG,OK,ASW,CE,Federal Contract Tower,0,2,15,22,39,0,0,8,24,32,0,2,23,46,71,5,65,70,141
06/04/2016,WDG,OK,ASW,CE,Federal Contract Tower,0,4,3,6,13,0,0,21,1,22,0,4,24,7,35,4,19,23,58
06/05/2016,WDG,OK,ASW,CE,Federal Contract Tower,0,0,6,16,22,0,0,23,13,36,0,0,29,29,58,13,8,21,79
06/06/2016,WDG,OK,ASW,CE,Federal Contract Tower,0,2,10,20,32,0,0,16,16,32,0,2,26,36,64,36,18,54,118
06/07/2016,WDG,OK,ASW,CE,Federal Contract Tower,0,2,6,19,27,0,0,24,14,38,0,2,30,33,65,12,12,24,89
06/08/2016,WDG,OK,ASW,CE,Federal Contract Tower,0,2,7,22,31,0,1,46,17,64,0,3,53,39,95,8,34,42,137
06/09/2016,WDG,OK,ASW,CE,Federal Contract Tower,0,3,21,25,49,0,0,11,31,42,0,3,32,56,91,2,62,64,155
06/10/2016,WDG,OK,ASW,CE,Federal Contract Tower,0,2,6,16,24,0,0,10,16,26,0,2,16,32,50,6,78,84,134
06/11/2016,WDG,OK,ASW,CE,Federal Contract Tower,0,2,2,13,17,0,0,15,4,19,0,2,17,17,36,9,61,70,106
06/12/2016,WDG,OK,ASW,CE,Federal Contract Tower,0,0,2,22,24,0,0,14,16,30,0,0,16,38,54,5,30,35,89
06/13/2016,WDG,OK,ASW,CE,Federal Contract Tower,0,2,8,29,39,0,0,2,22,24,0,2,10,51,63,2,42,44,107
06/14/2016,WDG,OK,ASW,CE,Federal Contract Tower,0,2,5,17,24,0,0,8,35,43,0,2,13,52,67,0,148,148,215
06/15/2016,WDG,OK,ASW,CE,Federal Contract Tower,0,2,4,29,35,0,0,31,35,66,0,2,35,64,101,10,148,158,259
06/16/2016,WDG,OK,ASW,CE,Federal Contract Tower,0,3,7,39,49,0,2,13,22,37,0,5,20,61,86,2,46,48,134
06/17/2016,WDG,OK,ASW,CE,Federal Contract Tower,0,4,9,31,44,0,0,39,34,73,0,4,48,65,117,37,68,105,222
06/18/2016,WDG,OK,ASW,CE,Federal Contract Tower,0,2,4,18,24,0,0,20,4,24,0,2,24,22,48,35,26,61,109
06/19/2016,WDG,OK,ASW,CE,Federal Contract Tower,0,0,10,16,26,0,0,30,7,37,0,0,40,23,63,9,6,15,78
06/20/2016,WDG,OK,ASW,CE,Federal Contract Tower,0,2,10,36,48,0,0,20,31,51,0,2,30,67,99,36,16,52,151
06/21/2016,WDG,OK,ASW,CE,Federal Contract Tower,0,2,3,42,47,0,2,14,36,52,0,4,17,78,99,20,14,34,133
06/22/2016,WDG,OK,ASW,CE,Federal Contract Tower,0,2,6,30,38,0,0,15,28,43,0,2,21,58,81,6,18,24,105
06/23/2016,WDG,OK,ASW,CE,Federal Contract Tower,0,3,15,20,38,0,0,16,18,34,0,3,31,38,72,10,10,20,92
06/24/2016,WDG,OK,ASW,CE,Federal Contract Tower,0,2,7,29,38,0,0,16,31,47,0,2,23,60,85,24,92,116,201
06/25/2016,WDG,OK,ASW,CE,Federal Contract Tower,0,2,0,13,15,0,0,47,8,55,0,2,47,21,70,52,38,90,160
06/26/2016,WDG,OK,ASW,CE,Federal Contract Tower,0,0,4,15,19,0,0,9,3,12,0,0,13,18,31,6,6,12,43
06/27/2016,WDG,OK,ASW,CE,Federal Contract Tower,0,2,8,40,50,0,0,9,29,38,0,2,17,69,88,0,38,38,126
06/28/2016,WDG,OK,ASW,CE,Federal Contract Tower,0,2,5,23,30,0,0,10,16,26,0,2,15,39,56,2,20,22,78
06/29/2016,WDG,OK,ASW,CE,Federal Contract Tower,0,2,9,29,40,0,0,22,26,48,0,2,31,55,88,10,19,29,117
06/30/2016,WDG,OK,ASW,CE,Federal Contract Tower,0,2,14,30,46,0,0,27,30,57,0,2,41,60,103,12,67,79,182
07/01/2016,WDG,OK,ASW,CE,Federal Contract Tower,0,2,12,31,45,0,0,3,28,31,0,2,15,59,76,0,0,0,76
07/02/2016,WDG,OK,ASW,CE,Federal Contract Tower,0,2,9,0,11,0,0,20,1,21,0,2,29,1,32,6,5,11,43
07/03/2016,WDG,OK,ASW,CE,Federal Contract Tower,0,0,1,0,1,0,0,1,0,1,0,0,2,0,2,0,0,0,2
07/04/2016,WDG,OK,ASW,CE,Federal Contract Tower,0,0,0,0,0,0,0,10,0,10,0,0,10,0,10,2,0,2,12
07/05/2016,WDG,OK,ASW,CE,Federal Contract Tower,0,7,6,0,13,0,0,9,5,14,0,7,15,5,27,12,6,18,45
07/06/2016,WDG,OK,ASW,CE,Federal Contract Tower,0,2,9,37,48,0,0,4,36,40,0,2,13,73,88,4,33,37,125
07/07/2016,WDG,OK,ASW,CE,Federal Contract Tower,0,2,10,30,42,0,0,12,29,41,0,2,22,59,83,4,53,57,140
07/08/2016,WDG,OK,ASW,CE,Federal Contract Tower,0,2,9,16,27,0,0,7,18,25,0,2,16,34,52,0,75,75,127
07/09/2016,WDG,OK,ASW,CE,Federal Contract Tower,0,2,2,5,9,0,0,17,7,24,0,2,19,12,33,20,25,45,78
07/10/2016,WDG,OK,ASW,CE,Federal Contract Tower,0,0,2,17,19,0,0,16,11,27,0,0,18,28,46,0,15,15,61
07/11/2016,WDG,OK,ASW,CE,Federal Contract Tower,0,2,10,30,42,0,0,8,19,27,0,2,18,49,69,6,4,10,79
07/12/2016,WDG,OK,ASW,CE,Federal Contract Tower,0,3,6,23,32,0,0,6,16,22,0,3,12,39,54,26,20,46,100
07/13/2016,WDG,OK,ASW,CE,Federal Contract Tower,0,2,4,26,32,0,0,17,26,43,0,2,21,52,75,12,6,18,93
07/14/2016,WDG,OK,ASW,CE,Federal Contract Tower,0,3,9,23,35,0,0,24,21,45,0,3,33,44,80,14,0,14,94
07/15/2016,WDG,OK,ASW,CE,Federal Contract Tower,0,2,8,28,38,0,0,13,30,43,0,2,21,58,81,46,28,74,155
07/16/2016,WDG,OK,ASW,CE,Federal Contract Tower,0,2,2,8,12,0,0,11,6,17,0,2,13,14,29,6,2,8,37
07/17/2016,WDG,OK,ASW,CE,Federal Contract Tower,0,0,13,11,24,0,0,18,14,32,0,0,31,25,56,7,10,17,73
07/18/2016,WDG,OK,ASW,CE,Federal Contract Tower,0,4,4,40,48,0,0,10,45,55,0,4,14,85,103,48,48,96,199
07/19/2016,WDG,OK,ASW,CE,Federal Contract Tower,0,2,10,39,51,0,0,8,36,44,0,2,18,75,95,40,44,84,179
07/20/2016,WDG,OK,ASW,CE,Federal Contract Tower,0,2,7,22,31,0,0,19,17,36,0,2,26,39,67,0,49,49,116
07/21/2016,WDG,OK,ASW,CE,Federal Contract Tower,0,2,16,39,57,0,0,47,37,84,0,2,63,76,141,29,50,79,220
07/22/2016,WDG,OK,ASW,CE,Federal Contract Tower,0,2,7,16,25,0,5,21,6,32,0,7,28,22,57,22,4,26,83
07/23/2016,WDG,OK,ASW,CE,Federal Contract Tower,0,2,3,0,5,0,3,26,0,29,0,5,29,0,34,4,0,4,38
07/24/2016,WDG,OK,ASW,CE,Federal Contract Tower,0,0,6,22,28,0,0,14,14,28,0,0,20,36,56,7,4,11,67
07/25/2016,WDG,OK,ASW,CE,Federal Contract Tower,0,2,5,34,41,0,0,6,51,57,0,2,11,85,98,14,114,128,226
07/26/2016,WDG,OK,ASW,CE,Federal Contract Tower,0,2,1,32,35,0,0,8,22,30,0,2,9,54,65,10,8,18,83
07/27/2016,WDG,OK,ASW,CE,Federal Contract Tower,0,2,3,29,34,0,0,20,29,49,0,2,23,58,83,38,135,173,256
07/28/2016,WDG,OK,ASW,CE,Federal Contract Tower,0,2,7,12,21,0,0,16,17,33,0,2,23,29,54,22,38,60,114
07/29/2016,WDG,OK,ASW,CE,Federal Contract Tower,0,2,12,25,39,0,0,5,16,21,0,2,17,41,60,0,13,13,73
07/30/2016,WDG,OK,ASW,CE,Federal Contract Tower,0,2,7,10,19,0,0,15,9,24,0,2,22,19,43,28,4,32,75
07/31/2016,WDG,OK,ASW,CE,Federal Contract Tower,0,0,2,11,13,0,0,27,11,38,0,0,29,22,51,9,22,31,82
08/01/2016,WDG,OK,ASW,CE,Federal Contract Tower,0,2,4,27,33,0,0,21,26,47,0,2,25,53,80,28,42,70,150
08/02/2016,WDG,OK,ASW,CE,Federal Contract Tower,0,2,7,26,35,0,0,13,36,49,0,2,20,62,84,40,90,130,214
08/03/2016,WDG,OK,ASW,CE,Federal Contract Tower,0,2,7,13,22,0,0,12,15,27,0,2,19,28,49,0,17,17,66
08/04/2016,WDG,OK,ASW,CE,Federal Contract Tower,0,2,4,13,19,0,0,13,15,28,0,2,17,28,47,6,10,16,63
08/05/2016,WDG,OK,ASW,CE,Federal Contract Tower,0,2,5,6,13,0,0,8,14,22,0,2,13,20,35,13,37,50,85
08/06/2016,WDG,OK,ASW,CE,Federal Contract Tower,0,2,4,6,12,0,0,12,7,19,0,2,16,13,31,36,17,53,84
08/07/2016,WDG,OK,ASW,CE,Federal Contract Tower,0,0,3,5,8,0,0,10,5,15,0,0,13,10,23,0,4,4,27
08/08/2016,WDG,OK,ASW,CE,Federal Contract Tower,0,0,3,14,17,0,0,6,18,24,0,0,9,32,41,10,24,34,75
08/09/2016,WDG,OK,ASW,CE,Federal Contract Tower,0,2,6,22,30,0,0,9,26,35,0,2,15,48,65,36,18,54,119
08/10/2016,WDG,OK,ASW,CE,Federal Contract Tower,0,2,6,25,33,0,0,15,30,45,0,2,21,55,78,26,25,51,129
08/11/2016,WDG,OK,ASW,CE,Federal Contract Tower,0,2,9,13,24,0,0,14,25,39,0,2,23,38,63,36,28,64,127
08/12/2016,WDG,OK,ASW,CE,Federal Contract Tower,0,2,13,11,26,0,0,9,25,34,0,2,22,36,60,36,36,72,132
08/13/2016,WDG,OK,ASW,CE,Federal Contract Tower,0,2,6,0,8,0,0,27,2,29,0,2,33,2,37,20,6,26,63
08/14/2016,WDG,OK,ASW,CE,Federal Contract Tower,0,0,8,21,29,0,0,24,3,27,0,0,32,24,56,26,0,26,82
08/15/2016,WDG,OK,ASW,CE,Federal Contract Tower,0,2,9,26,37,0,0,8,32,40,0,2,17,58,77,12,30,42,119
08/16/2016,WDG,OK,ASW,CE,Federal Contract Tower,0,2,6,41,49,0,0,12,48,60,0,2,18,89,109,44,54,98,207
08/17/2016,WDG,OK,ASW,CE,Federal Contract Tower,0,2,9,45,56,0,0,11,47,58,0,2,20,92,114,0,24,24,138
08/18/2016,WDG,OK,ASW,CE,Federal Contract Tower,0,2,13,27,42,0,0,13,35,48,0,2,26,62,90,2,71,73,163
08/19/2016,WDG,OK,ASW,CE,Federal Contract Tower,0,2,7,35,44,0,0,9,32,41,0,2,16,67,85,56,34,90,175
08/20/2016,WDG,OK,ASW,CE,Federal Contract Tower,0,2,2,5,9,0,0,8,2,10,0,2,10,7,19,0,6,6,25
08/21/2016,WDG,OK,ASW,CE,Federal Contract Tower,0,0,10,7,17,0,0,33,6,39,0,0,43,13,56,6,8,14,70
08/22/2016,WDG,OK,ASW,CE,Federal Contract Tower,0,2,5,25,32,0,0,17,34,51,0,2,22,59,83,8,58,66,149
08/23/2016,WDG,OK,ASW,CE,Federal Contract Tower,0,2,6,27,35,0,0,7,27,34,0,2,13,54,69,6,4,10,79
08/24/2016,WDG,OK,ASW,CE,Federal Contract Tower,0,2,8,29,39,0,0,13,30,43,0,2,21,59,82,6,14,20,102
08/25/2016,WDG,OK,ASW,CE,Federal Contract Tower,0,2,9,32,43,0,0,12,45,57,0,2,21,77,100,25,133,158,258
08/26/2016,WDG,OK,ASW,CE,Federal Contract Tower,0,2,6,21,29,0,0,13,28,41,0,2,19,49,70,61,22,83,153
08/27/2016,WDG,OK,ASW,CE,Federal Contract Tower,0,2,5,20,27,0,0,47,5,52,0,2,52,25,79,6,14,20,99
08/28/2016,WDG,OK,ASW,CE,Federal Contract Tower,0,2,6,28,36,0,0,20,9,29,0,2,26,37,65,0,18,18,83
08/29/2016,WDG,OK,ASW,CE,Federal Contract Tower,0,2,1,30,33,0,0,9,33,42,0,2,10,63,75,34,30,64,139
08/30/2016,WDG,OK,ASW,CE,Federal Contract Tower,0,2,11,49,62,0,0,13,60,73,0,2,24,109,135,54,68,122,257
08/31/2016,WDG,OK,ASW,CE,Federal Contract Tower,0,2,10,47,59,0,0,3,55,58,0,2,13,102,117,2,60,62,179
09/01/2016,WDG,OK,ASW,CE,Federal Contract Tower,0,2,11,14,27,0,0,7,14,21,0,2,18,28,48,0,8,8,56
09/02/2016,WDG,OK,ASW,CE,Federal Contract Tower,0,2,14,1,17,0,0,17,1,18,0,2,31,2,35,58,6,64,99
09/03/2016,WDG,OK,ASW,CE,Federal Contract Tower,0,2,1,0,3,0,0,31,0,31,0,2,32,0,34,37,0,37,71
09/04/2016,WDG,OK,ASW,CE,Federal Contract Tower,0,0,1,0,1,0,0,15,3,18,0,0,16,3,19,2,2,4,23
09/05/2016,WDG,OK,ASW,CE,Federal Contract Tower,0,0,3,0,3,0,0,16,0,16,0,0,19,0,19,8,0,8,27
09/06/2016,WDG,OK,ASW,CE,Federal Contract Tower,0,4,5,33,42,0,0,13,34,47,0,4,18,67,89,40,36,76,165
09/07/2016,WDG,OK,ASW,CE,Federal Contract Tower,0,2,6,16,24,0,0,9,22,31,0,2,15,38,55,10,51,61,116
09/08/2016,WDG,OK,ASW,CE,Federal Contract Tower,0,2,4,38,44,0,0,12,45,57,0,2,16,83,101,19,110,129,230
09/09/2016,WDG,OK,ASW,CE,Federal Contract Tower,0,3,2,9,14,0,0,6,23,29,0,3,8,32,43,12,58,70,113
09/10/2016,WDG,OK,ASW,CE,Federal Contract Tower,0,1,3,6,10,0,1,26,9,36,0,2,29,15,46,17,6,23,69
09/11/2016,WDG,OK,ASW,CE,Federal Contract Tower,0,0,4,12,16,0,0,35,15,50,0,0,39,27,66,10,13,23,89
09/12/2016,WDG,OK,ASW,CE,Federal Contract Tower,0,4,7,33,44,0,0,10,45,55,0,4,17,78,99,8,130,138,237
09/13/2016,WDG,OK,ASW,CE,Federal Contract Tower,0,2,5,21,28,0,0,16,25,41,0,2,21,46,69,0,8,8,77
09/14/2016,WDG,OK,ASW,CE,Federal Contract Tower,0,0,8,30,38,0,0,6,30,36,0,0,14,60,74,2,17,19,93
09/15/2016,WDG,OK,ASW,CE,Federal Contract Tower,0,2,10,38,50,0,0,19,48,67,0,2,29,86,117,32,68,100,217
09/16/2016,WDG,OK,ASW,CE,Federal Contract Tower,0,2,7,39,48,0,0,10,29,39,0,2,17,68,87,2,12,14,101
09/17/2016,WDG,OK,ASW,CE,Federal Contract Tower,0,0,2,5,7,0,0,8,2,10,0,0,10,7,17,0,16,16,33
09/18/2016,WDG,OK,ASW,CE,Federal Contract Tower,0,0,5,2,7,0,0,13,5,18,0,0,18,7,25,12,0,12,37
09/19/2016,WDG,OK,ASW,CE,Federal Contract Tower,0,2,4,23,29,0,0,14,22,36,0,2,18,45,65,20,44,64,129
09/20/2016,WDG,OK,ASW,CE,Federal Contract Tower,0,2,3,24,29,0,0,17,24,41,0,2,20,48,70,0,26,26,96
09/21/2016,WDG,OK,ASW,CE,Federal Contract Tower,0,2,5,30,37,0,0,17,32,49,0,2,22,62,86,30,39,69,155
09/22/2016,WDG,OK,ASW,CE,Federal Contract Tower,0,2,10,28,40,0,0,7,29,36,0,2,17,57,76,10,17,27,103
09/23/2016,WDG,OK,ASW,CE,Federal Contract Tower,0,2,7,31,40,0,0,37,48,85,0,2,44,79,125,21,78,99,224
09/24/2016,WDG,OK,ASW,CE,Federal Contract Tower,0,2,6,11,19,0,0,57,2,59,0,2,63,13,78,3,24,27,105
09/25/2016,WDG,OK,ASW,CE,Federal Contract Tower,0,0,7,11,18,0,0,3,15,18,0,0,10,26,36,0,29,29,65
09/26/2016,WDG,OK,ASW,CE,Federal Contract Tower,0,2,9,30,41,0,0,15,45,60,0,2,24,75,101,38,124,162,263
09/27/2016,WDG,OK,ASW,CE,Federal Contract Tower,0,2,2,31,35,0,0,17,39,56,0,2,19,70,91,14,8,22,113
09/28/2016,WDG,OK,ASW,CE,Federal Contract Tower,0,2,7,34,43,0,0,15,47,62,0,2,22,81,105,7,89,96,201
09/29/2016,WDG,OK,ASW,CE,Federal Contract Tower,0,5,3,28,36,0,1,17,36,54,0,6,20,64,90,13,60,73,163
09/30/2016,WDG,OK,ASW,CE,Federal Contract Tower,0,2,6,0,8,0,0,28,0,28,0,2,34,0,36,14,0,14,50
10/01/2016,WDG,OK,ASW,CE,Federal Contract Tower,0,4,2,16,22,0,0,25,0,25,0,4,27,16,47,11,2,13,60
10/02/2016,WDG,OK,ASW,CE,Federal Contract Tower,0,0,2,3,5,0,0,24,6,30,0,0,26,9,35,9,12,21,56
10/03/2016,WDG,OK,ASW,CE,Federal Contract Tower,0,2,6,17,25,0,0,9,24,33,0,2,15,41,58,0,72,72,130
10/04/2016,WDG,OK,ASW,CE,Federal Contract Tower,0,2,2,26,30,0,0,4,28,32,0,2,6,54,62,0,22,22,84
10/05/2016,WDG,OK,ASW,CE,Federal Contract Tower,0,2,12,12,26,0,0,10,28,38,0,2,22,40,64,21,56,77,141
10/06/2016,WDG,OK,ASW,CE,Federal Contract Tower,0,0,8,13,21,0,0,3,20,23,0,0,11,33,44,0,16,16,60
10/07/2016,WDG,OK,ASW,CE,Federal Contract Tower,0,2,15,20,37,0,0,9,21,30,0,2,24,41,67,0,8,8,75
10/08/2016,WDG,OK,ASW,CE,Federal Contract Tower,0,2,5,0,7,0,0,19,0,19,0,2,24,0,26,16,0,16,42
10/09/2016,WDG,OK,ASW,CE,Federal Contract Tower,0,0,10,4,14,0,0,19,1,20,0,0,29,5,34,8,5,13,47
10/10/2016,WDG,OK,ASW,CE,Federal Contract Tower,0,2,7,8,17,0,0,12,0,12,0,2,19,8,29,2,4,6,35
10/11/2016,WDG,OK,ASW,CE,Federal Contract Tower,0,2,11,32,45,0,0,15,34,49,0,2,26,66,94,8,30,38,132
10/12/2016,WDG,OK,ASW,CE,Federal Contract Tower,0,2,9,29,40,0,0,13,26,39,0,2,22,55,79,0,13,13,92
10/13/2016,WDG,OK,ASW,CE,Federal Contract Tower,0,2,4,24,30,0,0,9,29,38,0,2,13,53,68,0,36,36,104
10/14/2016,WDG,OK,ASW,CE,Federal Contract Tower,0,2,5,16,23,0,0,7,17,24,0,2,12,33,47,0,56,56,103
10/15/2016,WDG,OK,ASW,CE,Federal Contract Tower,0,2,3,14,19,0,0,6,1,7,0,2,9,15,26,0,20,20,46
10/16/2016,WDG,OK,ASW,CE,Federal Contract Tower,0,0,4,11,15,0,0,7,15,22,0,0,11,26,37,0,16,16,53
10/17/2016,WDG,OK,ASW,CE,Federal Contract Tower,0,2,7,31,40,0,0,2,43,45,0,2,9,74,85,0,32,32,117
10/18/2016,WDG,OK,ASW,CE,Federal Contract Tower,0,5,12,46,63,0,0,20,50,70,0,5,32,96,133,32,82,114,247
10/19/2016,WDG,OK,ASW,CE,Federal Contract Tower,0,2,12,43,57,0,0,21,47,68,0,2,33,90,125,2,36,38,163
10/20/2016,WDG,OK,ASW,CE,Federal Contract Tower,0,2,9,41,52,0,0,13,57,70,0,2,22,98,122,2,71,73,195
10/21/2016,WDG,OK,ASW,CE,Federal Contract Tower,0,2,8,33,43,0,0,11,40,51,0,2,19,73,94,0,109,109,203
10/22/2016,WDG,OK,ASW,CE,Federal Contract Tower,0,2,3,16,21,0,0,19,10,29,0,2,22,26,50,5,12,17,67
10/23/2016,WDG,OK,ASW,CE,Federal Contract Tower,0,0,3,12,15,0,0,17,10,27,0,0,20,22,42,8,10,18,60
10/24/2016,WDG,OK,ASW,CE,Federal Contract Tower,0,2,9,27,38,0,0,8,35,43,0,2,17,62,81,12,75,87,168
10/25/2016,WDG,OK,ASW,CE,Federal Contract Tower,0,2,10,39,51,0,0,5,47,52,0,2,15,86,103,2,126,128,231
10/26/2016,WDG,OK,ASW,CE,Federal Contract Tower,0,2,2,38,42,0,0,11,46,57,0,2,13,84,99,0,43,43,142
10/27/2016,WDG,OK,ASW,CE,Federal Contract Tower,0,2,5,37,44,0,0,14,43,57,0,2,19,80,101,16,116,132,233
10/28/2016,WDG,OK,ASW,CE,Federal Contract Tower,0,2,8,25,35,0,0,9,29,38,0,2,17,54,73,8,44,52,125
10/29/2016,WDG,OK,ASW,CE,Federal Contract Tower,0,2,3,17,22,0,0,8,15,23,0,2,11,32,45,0,33,33,78
10/30/2016,WDG,OK,ASW,CE,Federal Contract Tower,0,0,7,9,16,0,0,3,4,7,0,0,10,13,23,4,0,4,27
10/31/2016,WDG,OK,ASW,CE,Federal Contract Tower,0,2,3,28,33,0,0,6,27,33,0,2,9,55,66,0,44,44,110
11/01/2016,WDG,OK,ASW,CE,Federal Contract Tower,0,2,12,58,72,0,0,5,63,68,0,2,17,121,140,0,70,70,210
11/02/2016,WDG,OK,ASW,CE,Federal Contract Tower,0,2,1,52,55,0,0,4,57,61,0,2,5,109,116,0,57,57,173
11/03/2016,WDG,OK,ASW,CE,Federal Contract Tower,0,6,8,45,59,0,0,4,50,54,0,6,12,95,113,2,89,91,204
11/04/2016,WDG,OK,ASW,CE,Federal Contract Tower,0,2,7,7,16,0,0,2,10,12,0,2,9,17,28,0,29,29,57
11/05/2016,WDG,OK,ASW,CE,Federal Contract Tower,0,2,5,6,13,0,0,21,1,22,0,2,26,7,35,13,2,15,50
11/06/2016,WDG,OK,ASW,CE,Federal Contract Tower,0,2,6,23,31,0,0,5,21,26,0,2,11,44,57,4,8,12,69
11/07/2016,WDG,OK,ASW,CE,Federal Contract Tower,0,2,6,75,83,0,0,0,13,13,0,2,6,88,96,0,0,0,96
11/08/2016,WDG,OK,ASW,CE,Federal Contract Tower,0,2,9,55,66,0,0,2,55,57,0,2,11,110,123,0,0,0,123
11/09/2016,WDG,OK,ASW,CE,Federal Contract Tower,0,2,7,46,55,0,0,22,50,72,0,2,29,96,127,46,53,99,226
11/10/2016,WDG,OK,ASW,CE,Federal Contract Tower,0,2,16,26,44,0,0,6,32,38,0,2,22,58,82,13,48,61,143
11/11/2016,WDG,OK,ASW,CE,Federal Contract Tower,0,2,6,5,13,0,0,35,0,35,0,2,41,5,48,4,0,4,52
11/12/2016,WDG,OK,ASW,CE,Federal Contract Tower,0,2,1,13,16,0,0,31,3,34,0,2,32,16,50,10,28,38,88
11/13/2016,WDG,OK,ASW,CE,Federal Contract Tower,0,0,6,12,18,0,0,12,2,14,0,0,18,14,32,6,58,64,96
11/14/2016,WDG,OK,ASW,CE,Federal Contract Tower,0,2,6,43,51,0,0,10,31,41,0,2,16,74,92,30,40,70,162
11/15/2016,WDG,OK,ASW,CE,Federal Contract Tower,0,2,10,33,45,0,0,30,39,69,0,2,40,72,114,84,28,112,226
11/16/2016,WDG,OK,ASW,CE,Federal Contract Tower,0,2,10,26,38,0,0,14,32,46,0,2,24,58,84,0,39,39,123
11/17/2016,WDG,OK,ASW,CE,Federal Contract Tower,0,2,11,39,52,0,0,6,46,52,0,2,17,85,104,0,29,29,133
11/18/2016,WDG,OK,ASW,CE,Federal Contract Tower,0,2,13,23,38,0,0,7,29,36,0,2,20,52,74,0,10,10,84
11/19/2016,WDG,OK,ASW,CE,Federal Contract Tower,0,3,7,8,18,0,0,45,0,45,0,3,52,8,63,16,18,34,97
11/20/2016,WDG,OK,ASW,CE,Federal Contract Tower,0,0,9,6,15,0,0,9,8,17,0,0,18,14,32,0,7,7,39
11/21/2016,WDG,OK,ASW,CE,Federal Contract Tower,0,4,10,36,50,0,0,15,47,62,0,4,25,83,112,6,34,40,152
11/22/2016,WDG,OK,ASW,CE,Federal Contract Tower,0,2,16,20,38,0,0,9,26,35,0,2,25,46,73,0,36,36,109
11/23/2016,WDG,OK,ASW,CE,Federal Contract Tower,0,2,2,20,24,0,0,12,23,35,0,2,14,43,59,13,13,26,85
11/24/2016,WDG,OK,ASW,CE,Federal Contract Tower,0,0,2,0,2,0,0,5,0,5,0,0,7,0,7,0,0,0,7
11/25/2016,WDG,OK,ASW,CE,Federal Contract Tower,0,2,4,0,6,0,0,29,0,29,0,2,33,0,35,62,0,62,97
11/26/2016,WDG,OK,ASW,CE,Federal Contract Tower,0,2,7,0,9,0,0,22,0,22,0,2,29,0,31,4,0,4,35
11/27/2016,WDG,OK,ASW,CE,Federal Contract Tower,0,0,7,1,8,0,0,0,0,0,0,0,7,1,8,0,0,0,8
11/28/2016,WDG,OK,ASW,CE,Federal Contract Tower,0,2,12,58,72,0,0,22,49,71,0,2,34,107,143,32,22,54,197
11/29/2016,WDG,OK,ASW,CE,Federal Contract Tower,0,2,7,31,40,0,0,17,29,46,0,2,24,60,86,10,70,80,166
11/30/2016,WDG,OK,ASW,CE,Federal Contract Tower,0,2,4,19,25,0,0,11,24,35,0,2,15,43,60,18,16,34,94
12/01/2016,WDG,OK,ASW,CE,Federal Contract Tower,0,2,4,27,33,0,0,23,30,53,0,2,27,57,86,65,61,126,212
12/02/2016,WDG,OK,ASW,CE,Federal Contract Tower,0,2,6,26,34,0,0,13,27,40,0,2,19,53,74,10,23,33,107
12/03/2016,WDG,OK,ASW,CE,Federal Contract Tower,0,2,1,5,8,0,0,0,0,0,0,2,1,5,8,0,0,0,8
12/04/2016,WDG,OK,ASW,CE,Federal Contract Tower,0,0,6,19,25,0,0,5,10,15,0,0,11,29,40,6,6,12,52
12/05/2016,WDG,OK,ASW,CE,Federal Contract Tower,0,2,2,25,29,0,0,6,31,37,0,2,8,56,66,2,44,46,112
12/06/2016,WDG,OK,ASW,CE,Federal Contract Tower,0,2,10,21,33,0,0,4,28,32,0,2,14,49,65,4,70,74,139
12/07/2016,WDG,OK,ASW,CE,Federal Contract Tower,0,2,3,9,14,0,0,0,15,15,0,2,3,24,29,0,81,81,110
12/08/2016,WDG,OK,ASW,CE,Federal Contract Tower,0,5,5,34,44,0,0,6,38,44,0,5,11,72,88,0,24,24,112
12/09/2016,WDG,OK,ASW,CE,Federal Contract Tower,0,2,4,28,34,0,0,9,21,30,0,2,13,49,64,6,38,44,108
12/10/2016,WDG,OK,ASW,CE,Federal Contract Tower,0,2,1,8,11,0,0,8,6,14,0,2,9,14,25,0,24,24,49
12/11/2016,WDG,OK,ASW,CE,Federal Contract Tower,0,0,5,6,11,0,0,8,2,10,0,0,13,8,21,0,27,27,48
12/12/2016,WDG,OK,ASW,CE,Federal Contract Tower,0,3,14,47,64,0,0,10,48,58,0,3,24,95,122,0,44,44,166
12/13/2016,WDG,OK,ASW,CE,Federal Contract Tower,0,2,9,38,49,0,0,3,37,40,0,2,12,75,89,0,56,56,145
12/14/2016,WDG,OK,ASW,CE,Federal Contract Tower,0,2,9,26,37,0,0,15,25,40,0,2,24,51,77,11,60,71,148
12/15/2016,WDG,OK,ASW,CE,Federal Contract Tower,0,0,5,18,23,0,0,4,22,26,0,0,9,40,49,40,61,101,150
12/16/2016,WDG,OK,ASW,CE,Federal Contract Tower,0,2,8,6,16,0,0,3,6,9,0,2,11,12,25,0,18,18,43
12/17/2016,WDG,OK,ASW,CE,Federal Contract Tower,0,0,6,0,6,0,0,0,0,0,0,0,6,0,6,0,0,0,6
12/18/2016,WDG,OK,ASW,CE,Federal Contract Tower,0,0,2,11,13,0,0,6,14,20,0,0,8,25,33,0,4,4,37
12/19/2016,WDG,OK,ASW,CE,Federal Contract Tower,0,2,3,46,51,0,0,9,49,58,0,2,12,95,109,16,36,52,161
12/20/2016,WDG,OK,ASW,CE,Federal Contract Tower,0,2,3,40,45,0,0,22,40,62,0,2,25,80,107,26,44,70,177
12/21/2016,WDG,OK,ASW,CE,Federal Contract Tower,0,2,1,23,26,0,0,21,23,44,0,2,22,46,70,7,12,19,89
12/22/2016,WDG,OK,ASW,CE,Federal Contract Tower,0,2,7,16,25,0,0,15,23,38,0,2,22,39,63,28,36,64,127
12/23/2016,WDG,OK,ASW,CE,Federal Contract Tower,0,2,6,10,18,0,0,11,11,22,0,2,17,21,40,10,2,12,52
12/24/2016,WDG,OK,ASW,CE,Federal Contract Tower,0,0,3,0,3,0,0,5,0,5,0,0,8,0,8,0,0,0,8
12/25/2016,WDG,OK,ASW,CE,Federal Contract Tower,0,0,0,0,0,0,0,0,0,0,0,0,0,0,0,0,0,0,0
12/26/2016,WDG,OK,ASW,CE,Federal Contract Tower,0,0,10,0,10,0,0,27,0,27,0,0,37,0,37,50,0,50,87
12/27/2016,WDG,OK,ASW,CE,Federal Contract Tower,0,2,7,0,9,0,0,20,0,20,0,2,27,0,29,0,0,0,29
12/28/2016,WDG,OK,ASW,CE,Federal Contract Tower,0,2,8,0,10,0,0,21,0,21,0,2,29,0,31,50,0,50,81
12/29/2016,WDG,OK,ASW,CE,Federal Contract Tower,0,2,4,0,6,0,0,17,0,17,0,2,21,0,23,0,0,0,23
12/30/2016,WDG,OK,ASW,CE,Federal Contract Tower,0,2,14,0,16,0,0,11,0,11,0,2,25,0,27,0,0,0,27
12/31/2016,WDG,OK,ASW,CE,Federal Contract Tower,0,2,4,0,6,0,0,22,0,22,0,2,26,0,28,16,0,16,44
01/01/2017,WDG,OK,ASW,CE,Federal Contract Tower,0,0,2,0,2,0,0,14,0,14,0,0,16,0,16,6,0,6,22
01/02/2017,WDG,OK,ASW,CE,Federal Contract Tower,0,0,6,0,6,0,0,15,0,15,0,0,21,0,21,18,0,18,39
01/03/2017,WDG,OK,ASW,CE,Federal Contract Tower,0,2,9,39,50,0,0,4,45,49,0,2,13,84,99,0,33,33,132
01/04/2017,WDG,OK,ASW,CE,Federal Contract Tower,0,2,11,40,53,0,0,15,41,56,0,2,26,81,109,0,43,43,152
01/05/2017,WDG,OK,ASW,CE,Federal Contract Tower,0,3,3,37,43,0,0,5,39,44,0,3,8,76,87,0,2,2,89
01/06/2017,WDG,OK,ASW,CE,Federal Contract Tower,0,2,6,0,8,0,0,4,9,13,0,2,10,9,21,0,0,0,21
01/07/2017,WDG,OK,ASW,CE,Federal Contract Tower,0,2,1,2,5,0,0,5,10,15,0,2,6,12,20,4,6,10,30
01/08/2017,WDG,OK,ASW,CE,Federal Contract Tower,0,0,5,6,11,0,0,6,8,14,0,0,11,14,25,0,0,0,25
01/09/2017,WDG,OK,ASW,CE,Federal Contract Tower,0,2,6,32,40,0,0,7,33,40,0,2,13,65,80,8,31,39,119
01/10/2017,WDG,OK,ASW,CE,Federal Contract Tower,0,2,7,29,38,0,0,6,31,37,0,2,13,60,75,6,38,44,119
01/11/2017,WDG,OK,ASW,CE,Federal Contract Tower,0,2,3,40,45,0,0,10,40,50,0,2,13,80,95,0,27,27,122
01/12/2017,WDG,OK,ASW,CE,Federal Contract Tower,0,2,10,33,45,0,0,7,42,49,0,2,17,75,94,0,72,72,166
01/13/2017,WDG,OK,ASW,CE,Federal Contract Tower,0,0,0,0,0,0,0,0,0,0,0,0,0,0,0,0,0,0,0
01/14/2017,WDG,OK,ASW,CE,Federal Contract Tower,0,0,1,0,1,0,0,0,0,0,0,0,1,0,1,0,0,0,1
01/15/2017,WDG,OK,ASW,CE,Federal Contract Tower,0,0,4,0,4,0,0,0,0,0,0,0,4,0,4,0,0,0,4
01/16/2017,WDG,OK,ASW,CE,Federal Contract Tower,0,2,1,0,3,0,0,1,0,1,0,2,2,0,4,0,0,0,4
01/17/2017,WDG,OK,ASW,CE,Federal Contract Tower,0,2,7,58,67,0,0,15,63,78,0,2,22,121,145,0,67,67,212
01/18/2017,WDG,OK,ASW,CE,Federal Contract Tower,0,2,11,32,45,0,0,5,32,37,0,2,16,64,82,0,12,12,94
01/19/2017,WDG,OK,ASW,CE,Federal Contract Tower,0,2,1,47,50,0,0,12,17,29,0,2,13,64,79,0,6,6,85
01/20/2017,WDG,OK,ASW,CE,Federal Contract Tower,0,2,9,2,13,0,0,4,2,6,0,2,13,4,19,7,2,9,28
01/21/2017,WDG,OK,ASW,CE,Federal Contract Tower,0,2,1,16,19,0,0,2,4,6,0,2,3,20,25,0,29,29,54
01/22/2017,WDG,OK,ASW,CE,Federal Contract Tower,0,0,2,16,18,0,0,1,10,11,0,0,3,26,29,0,4,4,33
01/23/2017,WDG,OK,ASW,CE,Federal Contract Tower,0,2,2,51,55,0,0,22,52,74,0,2,24,103,129,10,46,56,185
01/24/2017,WDG,OK,ASW,CE,Federal Contract Tower,0,2,5,34,41,0,0,8,41,49,0,2,13,75,90,0,10,10,100
01/25/2017,WDG,OK,ASW,CE,Federal Contract Tower,0,2,6,30,38,0,0,9,31,40,0,2,15,61,78,0,30,30,108
01/26/2017,WDG,OK,ASW,CE,Federal Contract Tower,0,2,7,34,43,0,2,25,39,66,0,4,32,73,109,0,62,62,171
01/27/2017,WDG,OK,ASW,CE,Federal Contract Tower,0,2,8,15,25,0,0,15,14,29,0,2,23,29,54,6,23,29,83
01/28/2017,WDG,OK,ASW,CE,Federal Contract Tower,0,2,7,14,23,0,0,11,2,13,0,2,18,16,36,21,6,27,63
01/29/2017,WDG,OK,ASW,CE,Federal Contract Tower,0,0,3,11,14,0,0,18,10,28,0,0,21,21,42,8,4,12,54
01/30/2017,WDG,OK,ASW,CE,Federal Contract Tower,0,2,7,39,48,0,0,27,41,68,0,2,34,80,116,22,2,24,140
01/31/2017,WDG,OK,ASW,CE,Federal Contract Tower,0,2,5,57,64,0,0,18,58,76,0,2,23,115,140,10,70,80,220
02/01/2017,WDG,OK,ASW,CE,Federal Contract Tower,0,2,2,28,32,0,0,14,32,46,0,2,16,60,78,0,30,30,108
02/02/2017,WDG,OK,ASW,CE,Federal Contract Tower,0,2,6,27,35,0,0,1,33,34,0,2,7,60,69,0,84,84,153
02/03/2017,WDG,OK,ASW,CE,Federal Contract Tower,0,2,5,31,38,0,0,14,32,46,0,2,19,63,84,4,82,86,170
02/04/2017,WDG,OK,ASW,CE,Federal Contract Tower,0,2,0,6,8,0,0,7,2,9,0,2,7,8,17,0,6,6,23
02/05/2017,WDG,OK,ASW,CE,Federal Contract Tower,0,0,7,8,15,0,0,0,0,0,0,0,7,8,15,0,0,0,15
02/06/2017,WDG,OK,ASW,CE,Federal Contract Tower,0,2,6,12,20,0,0,4,17,21,0,2,10,29,41,2,44,46,87
02/07/2017,WDG,OK,ASW,CE,Federal Contract Tower,0,2,5,28,35,0,0,21,32,53,0,2,26,60,88,11,98,109,197
02/08/2017,WDG,OK,ASW,CE,Federal Contract Tower,0,2,10,37,49,0,0,9,52,61,0,2,19,89,110,0,94,94,204
02/09/2017,WDG,OK,ASW,CE,Federal Contract Tower,0,2,7,34,43,0,0,15,39,54,0,2,22,73,97,0,67,67,164
02/10/2017,WDG,OK,ASW,CE,Federal Contract Tower,0,2,13,17,32,0,0,3,30,33,0,2,16,47,65,0,124,124,189
02/11/2017,WDG,OK,ASW,CE,Federal Contract Tower,0,2,3,9,14,0,0,26,4,30,0,2,29,13,44,10,12,22,66
02/12/2017,WDG,OK,ASW,CE,Federal Contract Tower,0,0,5,7,12,0,0,4,16,20,0,0,9,23,32,0,16,16,48
02/13/2017,WDG,OK,ASW,CE,Federal Contract Tower,0,2,5,46,53,0,0,0,52,52,0,2,5,98,105,0,61,61,166
02/14/2017,WDG,OK,ASW,CE,Federal Contract Tower,0,3,6,35,44,0,0,5,35,40,0,3,11,70,84,0,0,0,84
02/15/2017,WDG,OK,ASW,CE,Federal Contract Tower,0,2,2,51,55,0,0,27,42,69,0,2,29,93,124,21,24,45,169
02/16/2017,WDG,OK,ASW,CE,Federal Contract Tower,0,3,10,39,52,0,0,23,39,62,0,3,33,78,114,0,17,17,131
02/17/2017,WDG,OK,ASW,CE,Federal Contract Tower,0,4,9,21,34,0,0,17,25,42,0,4,26,46,76,10,20,30,106
02/18/2017,WDG,OK,ASW,CE,Federal Contract Tower,0,3,6,2,11,0,0,24,1,25,0,3,30,3,36,38,2,40,76
02/19/2017,WDG,OK,ASW,CE,Federal Contract Tower,0,0,9,5,14,0,0,5,2,7,0,0,14,7,21,2,11,13,34
02/20/2017,WDG,OK,ASW,CE,Federal Contract Tower,0,2,12,1,15,0,0,20,0,20,0,2,32,1,35,21,0,21,56
02/21/2017,WDG,OK,ASW,CE,Federal Contract Tower,0,2,10,26,38,0,0,18,26,44,0,2,28,52,82,61,10,71,153
02/22/2017,WDG,OK,ASW,CE,Federal Contract Tower,0,2,8,20,30,0,0,12,20,32,0,2,20,40,62,2,19,21,83
02/23/2017,WDG,OK,ASW,CE,Federal Contract Tower,0,2,10,37,49,0,0,9,35,44,0,2,19,72,93,2,50,52,145
02/24/2017,WDG,OK,ASW,CE,Federal Contract Tower,0,2,7,34,43,0,0,8,36,44,0,2,15,70,87,4,32,36,123
02/25/2017,WDG,OK,ASW,CE,Federal Contract Tower,0,2,4,13,19,0,0,23,4,27,0,2,27,17,46,10,58,68,114
02/26/2017,WDG,OK,ASW,CE,Federal Contract Tower,0,0,3,11,14,0,0,5,6,11,0,0,8,17,25,0,7,7,32
02/27/2017,WDG,OK,ASW,CE,Federal Contract Tower,0,2,8,23,33,0,0,2,17,19,0,2,10,40,52,0,0,0,52
02/28/2017,WDG,OK,ASW,CE,Federal Contract Tower,0,0,10,53,63,0,0,3,57,60,0,0,13,110,123,0,36,36,159
03/01/2017,WDG,OK,ASW,CE,Federal Contract Tower,0,2,9,43,54,0,0,19,43,62,0,2,28,86,116,0,6,6,122
03/02/2017,WDG,OK,ASW,CE,Federal Contract Tower,0,3,5,38,46,0,0,23,32,55,0,3,28,70,101,4,88,92,193
03/03/2017,WDG,OK,ASW,CE,Federal Contract Tower,0,1,14,13,28,0,1,10,13,24,0,2,24,26,52,6,0,6,58
03/04/2017,WDG,OK,ASW,CE,Federal Contract Tower,0,1,8,23,32,0,1,14,7,22,0,2,22,30,54,4,28,32,86
03/05/2017,WDG,OK,ASW,CE,Federal Contract Tower,0,0,3,19,22,0,0,2,2,4,0,0,5,21,26,0,0,0,26
03/06/2017,WDG,OK,ASW,CE,Federal Contract Tower,0,2,9,3,14,0,0,2,4,6,0,2,11,7,20,0,24,24,44
03/07/2017,WDG,OK,ASW,CE,Federal Contract Tower,0,2,6,49,57,0,0,7,50,57,0,2,13,99,114,0,92,92,206
03/08/2017,WDG,OK,ASW,CE,Federal Contract Tower,0,2,5,34,41,0,0,22,40,62,0,2,27,74,103,20,62,82,185
03/09/2017,WDG,OK,ASW,CE,Federal Contract Tower,0,2,10,41,53,0,0,18,41,59,0,2,28,82,112,17,28,45,157
03/10/2017,WDG,OK,ASW,CE,Federal Contract Tower,0,2,4,23,29,0,0,13,33,46,0,2,17,56,75,11,82,93,168
03/11/2017,WDG,OK,ASW,CE,Federal Contract Tower,0,2,5,7,14,0,0,4,1,5,0,2,9,8,19,0,0,0,19
03/12/2017,WDG,OK,ASW,CE,Federal Contract Tower,0,0,13,18,31,0,0,2,0,2,0,0,15,18,33,0,0,0,33
03/13/2017,WDG,OK,ASW,CE,Federal Contract Tower,0,2,2,31,35,0,0,13,30,43,0,2,15,61,78,44,24,68,146
03/14/2017,WDG,OK,ASW,CE,Federal Contract Tower,0,2,8,45,55,0,0,21,49,70,0,2,29,94,125,25,42,67,192
03/15/2017,WDG,OK,ASW,CE,Federal Contract Tower,0,2,5,28,35,0,0,22,28,50,0,2,27,56,85,37,16,53,138
03/16/2017,WDG,OK,ASW,CE,Federal Contract Tower,0,2,5,36,43,0,0,9,42,51,0,2,14,78,94,0,22,22,116
03/17/2017,WDG,OK,ASW,CE,Federal Contract Tower,0,2,11,16,29,0,0,12,11,23,0,2,23,27,52,8,7,15,67
03/18/2017,WDG,OK,ASW,CE,Federal Contract Tower,0,2,5,6,13,0,0,37,5,42,0,2,42,11,55,25,24,49,104
03/19/2017,WDG,OK,ASW,CE,Federal Contract Tower,0,0,8,4,12,0,0,11,4,15,0,0,19,8,27,0,8,8,35
03/20/2017,WDG,OK,ASW,CE,Federal Contract Tower,0,2,9,34,45,0,0,20,36,56,0,2,29,70,101,26,62,88,189
03/21/2017,WDG,OK,ASW,CE,Federal Contract Tower,0,2,3,34,39,0,0,7,42,49,0,2,10,76,88,0,13,13,101
03/22/2017,WDG,OK,ASW,CE,Federal Contract Tower,0,2,16,24,42,0,0,10,24,34,0,2,26,48,76,0,0,0,76
03/23/2017,WDG,OK,ASW,CE,Federal Contract Tower,0,2,6,31,39,0,0,3,31,34,0,2,9,62,73,0,14,14,87
03/24/2017,WDG,OK,ASW,CE,Federal Contract Tower,0,2,0,22,24,0,0,2,21,23,0,2,2,43,47,0,76,76,123
03/25/2017,WDG,OK,ASW,CE,Federal Contract Tower,0,0,4,5,9,0,0,6,8,14,0,0,10,13,23,0,2,2,25
03/26/2017,WDG,OK,ASW,CE,Federal Contract Tower,0,0,4,15,19,0,0,4,11,15,0,0,8,26,34,4,0,4,38
03/27/2017,WDG,OK,ASW,CE,Federal Contract Tower,0,2,7,35,44,0,0,5,39,44,0,2,12,74,88,25,16,41,129
03/28/2017,WDG,OK,ASW,CE,Federal Contract Tower,0,0,1,13,14,0,0,0,3,3,0,0,1,16,17,0,0,0,17
03/29/2017,WDG,OK,ASW,CE,Federal Contract Tower,0,2,1,13,16,0,0,0,7,7,0,2,1,20,23,0,8,8,31
03/30/2017,WDG,OK,ASW,CE,Federal Contract Tower,0,2,5,31,38,0,0,1,31,32,0,2,6,62,70,0,6,6,76
03/31/2017,WDG,OK,ASW,CE,Federal Contract Tower,0,2,7,10,19,0,0,1,2,3,0,2,8,12,22,0,12,12,34
04/01/2017,WDG,OK,ASW,CE,Federal Contract Tower,0,2,8,4,14,0,0,0,6,6,0,2,8,10,20,0,4,4,24
04/02/2017,WDG,OK,ASW,CE,Federal Contract Tower,0,3,4,0,7,0,0,2,0,2,0,3,6,0,9,0,0,0,9
04/03/2017,WDG,OK,ASW,CE,Federal Contract Tower,0,2,5,17,24,0,0,13,25,38,0,2,18,42,62,7,80,87,149
04/04/2017,WDG,OK,ASW,CE,Federal Contract Tower,0,2,4,22,28,0,0,2,20,22,0,2,6,42,50,0,10,10,60
04/05/2017,WDG,OK,ASW,CE,Federal Contract Tower,0,2,2,23,27,0,0,4,33,37,0,2,6,56,64,0,59,59,123
04/06/2017,WDG,OK,ASW,CE,Federal Contract Tower,0,4,5,21,30,0,0,27,29,56,0,4,32,50,86,26,120,146,232
04/07/2017,WDG,OK,ASW,CE,Federal Contract Tower,0,2,4,20,26,0,0,26,30,56,0,2,30,50,82,2,102,104,186
04/08/2017,WDG,OK,ASW,CE,Federal Contract Tower,0,2,1,6,9,0,2,14,4,20,0,4,15,10,29,0,12,12,41
04/09/2017,WDG,OK,ASW,CE,Federal Contract Tower,0,0,6,10,16,0,0,10,9,19,0,0,16,19,35,0,29,29,64
04/10/2017,WDG,OK,ASW,CE,Federal Contract Tower,0,2,4,21,27,0,0,10,30,40,0,2,14,51,67,6,98,104,171
04/11/2017,WDG,OK,ASW,CE,Federal Contract Tower,0,2,4,34,40,0,0,16,46,62,0,2,20,80,102,22,119,141,243
04/12/2017,WDG,OK,ASW,CE,Federal Contract Tower,0,2,5,60,67,0,0,5,48,53,0,2,10,108,120,0,12,12,132
04/13/2017,WDG,OK,ASW,CE,Federal Contract Tower,0,2,7,11,20,0,0,2,13,15,0,2,9,24,35,0,26,26,61
04/14/2017,WDG,OK,ASW,CE,Federal Contract Tower,0,2,17,33,52,0,0,7,36,43,0,2,24,69,95,0,27,27,122
04/15/2017,WDG,OK,ASW,CE,Federal Contract Tower,0,2,4,2,8,0,0,8,3,11,0,2,12,5,19,20,4,24,43
04/16/2017,WDG,OK,ASW,CE,Federal Contract Tower,0,0,5,8,13,0,2,1,1,4,0,2,6,9,17,0,6,6,23
04/17/2017,WDG,OK,ASW,CE,Federal Contract Tower,0,4,8,43,55,0,0,10,26,36,0,4,18,69,91,0,6,6,97
04/18/2017,WDG,OK,ASW,CE,Federal Contract Tower,0,4,6,28,38,0,0,8,20,28,0,4,14,48,66,28,4,32,98
04/19/2017,WDG,OK,ASW,CE,Federal Contract Tower,0,3,7,31,41,0,0,2,33,35,0,3,9,64,76,0,6,6,82
04/20/2017,WDG,OK,ASW,CE,Federal Contract Tower,0,2,7,26,35,0,0,16,32,48,0,2,23,58,83,17,38,55,138
04/21/2017,WDG,OK,ASW,CE,Federal Contract Tower,0,2,4,20,26,0,0,0,14,14,0,2,4,34,40,0,0,0,40
04/22/2017,WDG,OK,ASW,CE,Federal Contract Tower,0,2,2,27,31,0,0,18,1,19,0,2,20,28,50,13,32,45,95
04/23/2017,WDG,OK,ASW,CE,Federal Contract Tower,0,0,5,11,16,0,0,31,5,36,0,0,36,16,52,66,16,82,134
04/24/2017,WDG,OK,ASW,CE,Federal Contract Tower,0,2,11,21,34,0,0,18,24,42,0,2,29,45,76,4,14,18,94
04/25/2017,WDG,OK,ASW,CE,Federal Contract Tower,0,2,5,17,24,0,0,13,18,31,0,2,18,35,55,10,4,14,69
04/26/2017,WDG,OK,ASW,CE,Federal Contract Tower,0,2,7,52,61,0,0,6,22,28,0,2,13,74,89,17,0,17,106
04/27/2017,WDG,OK,ASW,CE,Federal Contract Tower,0,2,10,30,42,0,0,7,32,39,0,2,17,62,81,7,58,65,146
04/28/2017,WDG,OK,ASW,CE,Federal Contract Tower,0,2,10,20,32,0,2,20,25,47,0,4,30,45,79,4,36,40,119
04/29/2017,WDG,OK,ASW,CE,Federal Contract Tower,0,0,3,5,8,0,0,0,0,0,0,0,3,5,8,0,0,0,8
04/30/2017,WDG,OK,ASW,CE,Federal Contract Tower,0,0,6,0,6,0,0,2,0,2,0,0,8,0,8,2,0,2,10
05/01/2017,WDG,OK,ASW,CE,Federal Contract Tower,0,2,12,34,48,0,0,10,40,50,0,2,22,74,98,4,44,48,146
05/02/2017,WDG,OK,ASW,CE,Federal Contract Tower,0,2,11,19,32,0,0,22,25,47,0,2,33,44,79,18,70,88,167
05/03/2017,WDG,OK,ASW,CE,Federal Contract Tower,0,2,5,44,51,0,0,1,48,49,0,2,6,92,100,0,67,67,167
05/04/2017,WDG,OK,ASW,CE,Federal Contract Tower,0,3,10,32,45,0,0,14,41,55,0,3,24,73,100,16,135,151,251
05/05/2017,WDG,OK,ASW,CE,Federal Contract Tower,0,2,8,21,31,0,0,12,20,32,0,2,20,41,63,33,26,59,122
05/06/2017,WDG,OK,ASW,CE,Federal Contract Tower,0,2,5,14,21,0,0,50,10,60,0,2,55,24,81,22,4,26,107
05/07/2017,WDG,OK,ASW,CE,Federal Contract Tower,0,0,2,14,16,0,0,22,13,35,0,0,24,27,51,16,0,16,67
05/08/2017,WDG,OK,ASW,CE,Federal Contract Tower,0,2,1,24,27,0,0,16,31,47,0,2,17,55,74,72,42,114,188
05/09/2017,WDG,OK,ASW,CE,Federal Contract Tower,0,2,9,25,36,0,0,28,33,61,0,2,37,58,97,49,11,60,157
05/10/2017,WDG,OK,ASW,CE,Federal Contract Tower,0,1,3,24,28,0,0,0,22,22,0,1,3,46,50,0,9,9,59
05/11/2017,WDG,OK,ASW,CE,Federal Contract Tower,0,0,6,33,39,0,0,3,33,36,0,0,9,66,75,0,0,0,75
05/12/2017,WDG,OK,ASW,CE,Federal Contract Tower,0,2,9,6,17,0,0,20,5,25,0,2,29,11,42,32,22,54,96
05/13/2017,WDG,OK,ASW,CE,Federal Contract Tower,0,2,6,2,10,0,0,47,4,51,0,2,53,6,61,47,26,73,134
05/14/2017,WDG,OK,ASW,CE,Federal Contract Tower,0,0,4,0,4,0,0,18,8,26,0,0,22,8,30,38,24,62,92
05/15/2017,WDG,OK,ASW,CE,Federal Contract Tower,0,2,3,27,32,0,0,25,30,55,0,2,28,57,87,14,80,94,181
05/16/2017,WDG,OK,ASW,CE,Federal Contract Tower,0,4,8,20,32,0,0,8,22,30,0,4,16,42,62,0,22,22,84
05/17/2017,WDG,OK,ASW,CE,Federal Contract Tower,0,2,1,12,15,0,0,15,15,30,0,2,16,27,45,2,26,28,73
05/18/2017,WDG,OK,ASW,CE,Federal Contract Tower,0,0,7,15,22,0,0,4,12,16,0,0,11,27,38,0,0,0,38
05/19/2017,WDG,OK,ASW,CE,Federal Contract Tower,0,0,1,8,9,0,0,2,0,2,0,0,3,8,11,0,0,0,11
05/20/2017,WDG,OK,ASW,CE,Federal Contract Tower,0,2,2,7,11,0,0,8,30,38,0,2,10,37,49,0,10,10,59
05/21/2017,WDG,OK,ASW,CE,Federal Contract Tower,0,0,6,14,20,0,0,34,28,62,0,0,40,42,82,8,26,34,116
05/22/2017,WDG,OK,ASW,CE,Federal Contract Tower,0,2,1,23,26,0,0,7,31,38,0,2,8,54,64,20,30,50,114
05/23/2017,WDG,OK,ASW,CE,Federal Contract Tower,0,3,8,23,34,0,0,7,33,40,0,3,15,56,74,10,140,150,224
05/24/2017,WDG,OK,ASW,CE,Federal Contract Tower,0,1,11,31,43,0,1,34,31,66,0,2,45,62,109,18,78,96,205
05/25/2017,WDG,OK,ASW,CE,Federal Contract Tower,0,4,7,17,28,0,0,15,17,32,0,4,22,34,60,12,56,68,128
05/26/2017,WDG,OK,ASW,CE,Federal Contract Tower,0,2,4,0,6,0,0,20,0,20,0,2,24,0,26,12,0,12,38
05/27/2017,WDG,OK,ASW,CE,Federal Contract Tower,0,2,6,0,8,0,0,12,0,12,0,2,18,0,20,34,0,34,54
05/28/2017,WDG,OK,ASW,CE,Federal Contract Tower,0,0,6,0,6,0,0,15,0,15,0,0,21,0,21,14,0,14,35
05/29/2017,WDG,OK,ASW,CE,Federal Contract Tower,0,0,5,0,5,0,0,23,0,23,0,0,28,0,28,12,0,12,40
05/30/2017,WDG,OK,ASW,CE,Federal Contract Tower,0,2,12,42,56,0,0,22,42,64,0,2,34,84,120,12,54,66,186
05/31/2017,WDG,OK,ASW,CE,Federal Contract Tower,0,2,4,22,28,0,0,12,27,39,0,2,16,49,67,8,20,28,95
06/01/2017,WDG,OK,ASW,CE,Federal Contract Tower,0,4,5,27,36,0,0,9,31,40,0,4,14,58,76,0,8,8,84
06/02/2017,WDG,OK,ASW,CE,Federal Contract Tower,0,2,9,23,34,0,0,5,28,33,0,2,14,51,67,0,43,43,110
06/03/2017,WDG,OK,ASW,CE,Federal Contract Tower,0,2,0,0,2,0,0,14,0,14,0,2,14,0,16,28,0,28,44
06/04/2017,WDG,OK,ASW,CE,Federal Contract Tower,0,0,5,4,9,0,0,1,4,5,0,0,6,8,14,12,0,12,26
06/05/2017,WDG,OK,ASW,CE,Federal Contract Tower,0,2,4,42,48,0,0,8,35,43,0,2,12,77,91,0,28,28,119
06/06/2017,WDG,OK,ASW,CE,Federal Contract Tower,0,2,10,22,34,0,0,30,25,55,0,2,40,47,89,4,4,8,97
06/07/2017,WDG,OK,ASW,CE,Federal Contract Tower,0,2,11,41,54,0,0,16,41,57,0,2,27,82,111,0,60,60,171
06/08/2017,WDG,OK,ASW,CE,Federal Contract Tower,0,2,12,35,49,0,0,40,39,79,0,2,52,74,128,0,31,31,159
06/09/2017,WDG,OK,ASW,CE,Federal Contract Tower,0,2,14,13,29,0,0,21,19,40,0,2,35,32,69,2,62,64,133
06/10/2017,WDG,OK,ASW,CE,Federal Contract Tower,0,2,8,4,14,0,0,10,0,10,0,2,18,4,24,2,4,6,30
06/11/2017,WDG,OK,ASW,CE,Federal Contract Tower,0,0,6,2,8,0,0,17,8,25,0,0,23,10,33,0,28,28,61
06/12/2017,WDG,OK,ASW,CE,Federal Contract Tower,0,2,9,27,38,0,0,26,33,59,0,2,35,60,97,0,64,64,161
06/13/2017,WDG,OK,ASW,CE,Federal Contract Tower,0,2,8,26,36,0,0,10,28,38,0,2,18,54,74,4,0,4,78
06/14/2017,WDG,OK,ASW,CE,Federal Contract Tower,0,2,4,25,31,0,0,14,31,45,0,2,18,56,76,9,50,59,135
06/15/2017,WDG,OK,ASW,CE,Federal Contract Tower,0,2,6,24,32,0,0,20,24,44,0,2,26,48,76,61,10,71,147
06/16/2017,WDG,OK,ASW,CE,Federal Contract Tower,0,2,11,16,29,0,0,19,16,35,0,2,30,32,64,29,20,49,113
06/17/2017,WDG,OK,ASW,CE,Federal Contract Tower,0,2,2,0,4,0,0,28,0,28,0,2,30,0,32,4,0,4,36
06/18/2017,WDG,OK,ASW,CE,Federal Contract Tower,0,0,7,10,17,0,0,19,9,28,0,0,26,19,45,0,2,2,47
06/19/2017,WDG,OK,ASW,CE,Federal Contract Tower,0,2,3,12,17,0,0,14,12,26,0,2,17,24,43,14,0,14,57
06/20/2017,WDG,OK,ASW,CE,Federal Contract Tower,0,2,7,34,43,0,0,10,37,47,0,2,17,71,90,6,6,12,102
06/21/2017,WDG,OK,ASW,CE,Federal Contract Tower,0,2,6,16,24,0,0,15,23,38,0,2,21,39,62,4,13,17,79
06/22/2017,WDG,OK,ASW,CE,Federal Contract Tower,0,2,7,26,35,0,0,10,34,44,0,2,17,60,79,0,13,13,92
06/23/2017,WDG,OK,ASW,CE,Federal Contract Tower,0,2,9,17,28,0,0,55,15,70,0,2,64,32,98,0,0,0,98
06/24/2017,WDG,OK,ASW,CE,Federal Contract Tower,0,2,1,2,5,0,0,31,0,31,0,2,32,2,36,10,0,10,46
06/25/2017,WDG,OK,ASW,CE,Federal Contract Tower,0,0,8,3,11,0,0,12,7,19,0,0,20,10,30,0,10,10,40
06/26/2017,WDG,OK,ASW,CE,Federal Contract Tower,0,2,7,17,26,0,0,11,19,30,0,2,18,36,56,0,0,0,56
06/27/2017,WDG,OK,ASW,CE,Federal Contract Tower,0,2,6,16,24,0,0,20,19,39,0,2,26,35,63,4,30,34,97
06/28/2017,WDG,OK,ASW,CE,Federal Contract Tower,0,0,3,25,28,0,0,16,25,41,0,0,19,50,69,2,22,24,93
06/29/2017,WDG,OK,ASW,CE,Federal Contract Tower,0,0,7,20,27,0,0,19,25,44,0,0,26,45,71,0,44,44,115
06/30/2017,WDG,OK,ASW,CE,Federal Contract Tower,0,0,9,12,21,0,0,2,12,14,0,0,11,24,35,1,0,1,36
07/01/2017,WDG,OK,ASW,CE,Federal Contract Tower,0,0,10,1,11,0,0,32,0,32,0,0,42,1,43,29,0,29,72
07/02/2017,WDG,OK,ASW,CE,Federal Contract Tower,0,0,5,5,10,0,0,13,0,13,0,0,18,5,23,0,2,2,25
07/03/2017,WDG,OK,ASW,CE,Federal Contract Tower,0,0,6,1,7,0,0,10,1,11,0,0,16,2,18,0,6,6,24
07/04/2017,WDG,OK,ASW,CE,Federal Contract Tower,0,0,2,0,2,0,0,21,0,21,0,0,23,0,23,15,0,15,38
07/05/2017,WDG,OK,ASW,CE,Federal Contract Tower,0,2,2,30,34,0,0,11,33,44,0,2,13,63,78,6,20,26,104
07/06/2017,WDG,OK,ASW,CE,Federal Contract Tower,0,2,2,31,35,0,0,19,33,52,0,2,21,64,87,50,18,68,155
07/07/2017,WDG,OK,ASW,CE,Federal Contract Tower,0,2,9,22,33,0,0,18,21,39,0,2,27,43,72,20,38,58,130
07/08/2017,WDG,OK,ASW,CE,Federal Contract Tower,0,1,4,1,6,0,1,27,6,34,0,2,31,7,40,45,6,51,91
07/09/2017,WDG,OK,ASW,CE,Federal Contract Tower,0,0,9,2,11,0,0,14,3,17,0,0,23,5,28,2,6,8,36
07/10/2017,WDG,OK,ASW,CE,Federal Contract Tower,0,2,10,14,26,0,0,16,20,36,0,2,26,34,62,35,42,77,139
07/11/2017,WDG,OK,ASW,CE,Federal Contract Tower,0,2,3,21,26,0,0,18,22,40,0,2,21,43,66,22,52,74,140
07/12/2017,WDG,OK,ASW,CE,Federal Contract Tower,0,2,11,5,18,0,0,22,5,27,0,2,33,10,45,70,4,74,119
07/13/2017,WDG,OK,ASW,CE,Federal Contract Tower,0,2,11,10,23,0,0,11,12,23,0,2,22,22,46,1,11,12,58
07/14/2017,WDG,OK,ASW,CE,Federal Contract Tower,0,2,5,6,13,0,0,25,7,32,0,2,30,13,45,58,36,94,139
07/15/2017,WDG,OK,ASW,CE,Federal Contract Tower,0,2,8,2,12,0,0,20,2,22,0,2,28,4,34,64,3,67,101
07/16/2017,WDG,OK,ASW,CE,Federal Contract Tower,0,0,4,6,10,0,0,14,5,19,0,0,18,11,29,8,6,14,43
07/17/2017,WDG,OK,ASW,CE,Federal Contract Tower,0,4,10,5,19,0,0,9,7,16,0,4,19,12,35,20,4,24,59
07/18/2017,WDG,OK,ASW,CE,Federal Contract Tower,0,2,4,3,9,0,0,11,5,16,0,2,15,8,25,2,0,2,27
07/19/2017,WDG,OK,ASW,CE,Federal Contract Tower,0,2,14,4,20,0,0,12,13,25,0,2,26,17,45,0,29,29,74
07/20/2017,WDG,OK,ASW,CE,Federal Contract Tower,0,2,8,12,22,0,0,16,16,32,0,2,24,28,54,9,45,54,108
07/21/2017,WDG,OK,ASW,CE,Federal Contract Tower,0,2,6,4,12,0,0,10,13,23,0,2,16,17,35,0,87,87,122
07/22/2017,WDG,OK,ASW,CE,Federal Contract Tower,0,2,6,2,10,0,0,75,0,75,0,2,81,2,85,29,4,33,118
07/23/2017,WDG,OK,ASW,CE,Federal Contract Tower,0,0,3,2,5,0,0,9,2,11,0,0,12,4,16,0,12,12,28
07/24/2017,WDG,OK,ASW,CE,Federal Contract Tower,0,2,1,5,8,0,0,5,14,19,0,2,6,19,27,0,106,106,133
07/25/2017,WDG,OK,ASW,CE,Federal Contract Tower,0,2,9,5,16,0,0,12,13,25,0,2,21,18,41,14,48,62,103
07/26/2017,WDG,OK,ASW,CE,Federal Contract Tower,0,2,3,10,15,0,0,7,15,22,0,2,10,25,37,10,28,38,75
07/27/2017,WDG,OK,ASW,CE,Federal Contract Tower,0,2,10,20,32,0,0,14,22,36,0,2,24,42,68,0,26,26,94
07/28/2017,WDG,OK,ASW,CE,Federal Contract Tower,0,2,8,15,25,0,0,7,13,20,0,2,15,28,45,8,12,20,65
07/29/2017,WDG,OK,ASW,CE,Federal Contract Tower,0,2,3,2,7,0,0,33,0,33,0,2,36,2,40,26,28,54,94
07/30/2017,WDG,OK,ASW,CE,Federal Contract Tower,0,0,5,12,17,0,0,24,10,34,0,0,29,22,51,4,0,4,55
07/31/2017,WDG,OK,ASW,CE,Federal Contract Tower,0,2,8,21,31,0,0,11,25,36,0,2,19,46,67,8,27,35,102
08/01/2017,WDG,OK,ASW,CE,Federal Contract Tower,0,2,5,11,18,0,0,0,11,11,0,2,5,22,29,0,0,0,29
08/02/2017,WDG,OK,ASW,CE,Federal Contract Tower,0,2,8,8,18,0,0,17,8,25,0,2,25,16,43,14,0,14,57
08/03/2017,WDG,OK,ASW,CE,Federal Contract Tower,0,4,3,18,25,0,0,23,18,41,0,4,26,36,66,18,0,18,84
08/04/2017,WDG,OK,ASW,CE,Federal Contract Tower,0,2,3,13,18,0,0,15,15,30,0,2,18,28,48,0,72,72,120
08/05/2017,WDG,OK,ASW,CE,Federal Contract Tower,0,2,4,1,7,0,0,20,5,25,0,2,24,6,32,2,12,14,46
08/06/2017,WDG,OK,ASW,CE,Federal Contract Tower,0,0,9,5,14,0,0,12,3,15,0,0,21,8,29,18,7,25,54
08/07/2017,WDG,OK,ASW,CE,Federal Contract Tower,0,2,5,40,47,0,0,8,26,34,0,2,13,66,81,8,3,11,92
08/08/2017,WDG,OK,ASW,CE,Federal Contract Tower,0,2,5,44,51,0,0,29,50,79,0,2,34,94,130,23,36,59,189
08/09/2017,WDG,OK,ASW,CE,Federal Contract Tower,0,2,6,6,14,0,0,8,8,16,0,2,14,14,30,2,0,2,32
08/10/2017,WDG,OK,ASW,CE,Federal Contract Tower,0,2,11,14,27,0,0,12,18,30,0,2,23,32,57,0,26,26,83
08/11/2017,WDG,OK,ASW,CE,Federal Contract Tower,0,2,9,29,40,0,0,20,33,53,0,2,29,62,93,6,32,38,131
08/12/2017,WDG,OK,ASW,CE,Federal Contract Tower,0,2,3,0,5,0,0,3,0,3,0,2,6,0,8,0,0,0,8
08/13/2017,WDG,OK,ASW,CE,Federal Contract Tower,0,0,10,0,10,0,0,8,0,8,0,0,18,0,18,0,0,0,18
08/14/2017,WDG,OK,ASW,CE,Federal Contract Tower,0,2,7,8,17,0,0,13,8,21,0,2,20,16,38,4,6,10,48
08/15/2017,WDG,OK,ASW,CE,Federal Contract Tower,0,2,4,6,12,0,0,13,12,25,0,2,17,18,37,17,32,49,86
08/16/2017,WDG,OK,ASW,CE,Federal Contract Tower,0,2,8,11,21,0,0,8,15,23,0,2,16,26,44,0,32,32,76
08/17/2017,WDG,OK,ASW,CE,Federal Contract Tower,0,2,10,35,47,0,0,20,39,59,0,2,30,74,106,4,10,14,120
08/18/2017,WDG,OK,ASW,CE,Federal Contract Tower,0,2,6,5,13,0,0,14,14,28,0,2,20,19,41,0,30,30,71
08/19/2017,WDG,OK,ASW,CE,Federal Contract Tower,0,2,4,1,7,0,0,35,2,37,0,2,39,3,44,31,10,41,85
08/20/2017,WDG,OK,ASW,CE,Federal Contract Tower,0,0,10,3,13,0,1,24,2,27,0,1,34,5,40,8,18,26,66
08/21/2017,WDG,OK,ASW,CE,Federal Contract Tower,0,2,6,4,12,0,0,22,4,26,0,2,28,8,38,6,5,11,49
08/22/2017,WDG,OK,ASW,CE,Federal Contract Tower,0,2,0,11,13,0,0,3,11,14,0,2,3,22,27,0,6,6,33
08/23/2017,WDG,OK,ASW,CE,Federal Contract Tower,0,2,7,26,35,0,0,25,30,55,0,2,32,56,90,4,34,38,128
08/24/2017,WDG,OK,ASW,CE,Federal Contract Tower,0,2,7,6,15,0,0,13,18,31,0,2,20,24,46,0,57,57,103
08/25/2017,WDG,OK,ASW,CE,Federal Contract Tower,0,2,9,5,16,0,0,2,3,5,0,2,11,8,21,11,0,11,32
08/26/2017,WDG,OK,ASW,CE,Federal Contract Tower,0,2,9,2,13,0,0,46,2,48,0,2,55,4,61,26,8,34,95
08/27/2017,WDG,OK,ASW,CE,Federal Contract Tower,0,0,9,6,15,0,0,15,12,27,0,0,24,18,42,59,18,77,119
08/28/2017,WDG,OK,ASW,CE,Federal Contract Tower,0,3,7,48,58,0,0,14,48,62,0,3,21,96,120,0,0,0,120
08/29/2017,WDG,OK,ASW,CE,Federal Contract Tower,0,2,13,28,43,0,0,24,32,56,0,2,37,60,99,40,36,76,175
08/30/2017,WDG,OK,ASW,CE,Federal Contract Tower,0,2,10,20,32,0,0,17,19,36,0,2,27,39,68,23,12,35,103
08/31/2017,WDG,OK,ASW,CE,Federal Contract Tower,0,2,12,22,36,0,0,11,24,35,0,2,23,46,71,12,52,64,135
09/01/2017,WDG,OK,ASW,CE,Federal Contract Tower,0,2,15,0,17,0,0,23,0,23,0,2,38,0,40,9,0,9,49
09/02/2017,WDG,OK,ASW,CE,Federal Contract Tower,0,2,5,0,7,0,0,24,0,24,0,2,29,0,31,40,0,40,71
09/03/2017,WDG,OK,ASW,CE,Federal Contract Tower,0,0,3,2,5,0,0,25,2,27,0,0,28,4,32,14,2,16,48
09/04/2017,WDG,OK,ASW,CE,Federal Contract Tower,0,0,5,1,6,0,0,29,3,32,0,0,34,4,38,32,0,32,70
09/05/2017,WDG,OK,ASW,CE,Federal Contract Tower,0,2,4,38,44,0,0,11,40,51,0,2,15,78,95,2,26,28,123
09/06/2017,WDG,OK,ASW,CE,Federal Contract Tower,0,2,9,25,36,0,0,24,27,51,0,2,33,52,87,5,59,64,151
09/07/2017,WDG,OK,ASW,CE,Federal Contract Tower,0,2,6,3,11,0,0,14,13,27,0,2,20,16,38,4,40,44,82
09/08/2017,WDG,OK,ASW,CE,Federal Contract Tower,0,2,5,8,15,0,0,26,10,36,0,2,31,18,51,29,21,50,101
09/09/2017,WDG,OK,ASW,CE,Federal Contract Tower,0,3,4,1,8,0,0,26,0,26,0,3,30,1,34,32,0,32,66
09/10/2017,WDG,OK,ASW,CE,Federal Contract Tower,0,0,5,10,15,0,0,22,4,26,0,0,27,14,41,8,30,38,79
09/11/2017,WDG,OK,ASW,CE,Federal Contract Tower,0,2,6,35,43,0,0,12,38,50,0,2,18,73,93,0,8,8,101
09/12/2017,WDG,OK,ASW,CE,Federal Contract Tower,0,2,9,23,34,0,0,12,29,41,0,2,21,52,75,2,28,30,105
09/13/2017,WDG,OK,ASW,CE,Federal Contract Tower,0,4,1,5,10,0,0,13,13,26,0,4,14,18,36,10,40,50,86
09/14/2017,WDG,OK,ASW,CE,Federal Contract Tower,0,2,1,4,7,0,0,22,6,28,0,2,23,10,35,8,6,14,49
09/15/2017,WDG,OK,ASW,CE,Federal Contract Tower,0,2,12,20,34,0,0,13,30,43,0,2,25,50,77,18,148,166,243
09/16/2017,WDG,OK,ASW,CE,Federal Contract Tower,0,2,2,3,7,0,0,26,3,29,0,2,28,6,36,26,10,36,72
09/17/2017,WDG,OK,ASW,CE,Federal Contract Tower,0,0,5,3,8,0,0,5,1,6,0,0,10,4,14,4,9,13,27
09/18/2017,WDG,OK,ASW,CE,Federal Contract Tower,0,2,8,2,12,0,0,11,2,13,0,2,19,4,25,2,0,2,27
09/19/2017,WDG,OK,ASW,CE,Federal Contract Tower,0,2,5,8,15,0,0,6,14,20,0,2,11,22,35,10,28,38,73
09/20/2017,WDG,OK,ASW,CE,Federal Contract Tower,0,2,12,5,19,0,0,17,13,30,0,2,29,18,49,23,56,79,128
09/21/2017,WDG,OK,ASW,CE,Federal Contract Tower,0,2,14,12,28,0,0,16,16,32,0,2,30,28,60,8,58,66,126
09/22/2017,WDG,OK,ASW,CE,Federal Contract Tower,0,2,11,6,19,0,0,23,24,47,0,2,34,30,66,16,164,180,246
09/23/2017,WDG,OK,ASW,CE,Federal Contract Tower,0,2,0,0,2,0,0,97,0,97,0,2,97,0,99,12,0,12,111
09/24/2017,WDG,OK,ASW,CE,Federal Contract Tower,0,0,7,10,17,0,0,23,7,30,0,0,30,17,47,8,24,32,79
09/25/2017,WDG,OK,ASW,CE,Federal Contract Tower,0,2,4,5,11,0,0,8,10,18,0,2,12,15,29,0,30,30,59
09/26/2017,WDG,OK,ASW,CE,Federal Contract Tower,0,3,7,20,30,0,0,0,6,6,0,3,7,26,36,0,0,0,36
09/27/2017,WDG,OK,ASW,CE,Federal Contract Tower,0,2,7,44,53,0,0,2,0,2,0,2,9,44,55,0,0,0,55
09/28/2017,WDG,OK,ASW,CE,Federal Contract Tower,0,2,9,40,51,0,0,30,40,70,0,2,39,80,121,26,104,130,251
09/29/2017,WDG,OK,ASW,CE,Federal Contract Tower,0,2,7,26,35,0,0,29,27,56,0,2,36,53,91,41,50,91,182
09/30/2017,WDG,OK,ASW,CE,Federal Contract Tower,0,2,10,0,12,0,0,28,0,28,0,2,38,0,40,8,0,8,48
10/01/2017,WDG,OK,ASW,CE,Federal Contract Tower,0,0,9,0,9,0,0,19,0,19,0,0,28,0,28,0,0,0,28
10/02/2017,WDG,OK,ASW,CE,Federal Contract Tower,0,2,4,6,12,0,0,18,10,28,0,2,22,16,40,2,18,20,60
10/03/2017,WDG,OK,ASW,CE,Federal Contract Tower,0,2,6,14,22,0,0,16,14,30,0,2,22,28,52,18,14,32,84
10/04/2017,WDG,OK,ASW,CE,Federal Contract Tower,0,2,4,14,20,0,0,2,14,16,0,2,6,28,36,0,0,0,36
10/05/2017,WDG,OK,ASW,CE,Federal Contract Tower,0,2,8,13,23,0,0,8,11,19,0,2,16,24,42,4,0,4,46
10/06/2017,WDG,OK,ASW,CE,Federal Contract Tower,0,2,4,1,7,0,0,23,3,26,0,2,27,4,33,16,2,18,51
10/07/2017,WDG,OK,ASW,CE,Federal Contract Tower,0,4,2,0,6,0,0,22,0,22,0,4,24,0,28,10,0,10,38
10/08/2017,WDG,OK,ASW,CE,Federal Contract Tower,0,2,4,13,19,0,0,20,2,22,0,2,24,15,41,0,18,18,59
10/09/2017,WDG,OK,ASW,CE,Federal Contract Tower,0,2,9,0,11,0,0,16,1,17,0,2,25,1,28,28,0,28,56
10/10/2017,WDG,OK,ASW,CE,Federal Contract Tower,0,2,6,31,39,0,0,5,20,25,0,2,11,51,64,0,24,24,88
10/11/2017,WDG,OK,ASW,CE,Federal Contract Tower,0,1,5,2,8,0,0,17,8,25,0,1,22,10,33,4,32,36,69
10/12/2017,WDG,OK,ASW,CE,Federal Contract Tower,0,0,4,15,19,0,0,25,23,48,0,0,29,38,67,33,54,87,154
10/13/2017,WDG,OK,ASW,CE,Federal Contract Tower,0,2,6,7,15,0,0,23,7,30,0,2,29,14,45,10,4,14,59
10/14/2017,WDG,OK,ASW,CE,Federal Contract Tower,0,2,1,1,4,0,0,18,3,21,0,2,19,4,25,31,4,35,60
10/15/2017,WDG,OK,ASW,CE,Federal Contract Tower,0,1,9,7,17,0,0,35,6,41,0,1,44,13,58,22,10,32,90
10/16/2017,WDG,OK,ASW,CE,Federal Contract Tower,0,2,5,12,19,0,0,58,27,85,0,2,63,39,104,28,82,110,214
10/17/2017,WDG,OK,ASW,CE,Federal Contract Tower,0,2,14,15,31,0,0,23,21,44,0,2,37,36,75,0,31,31,106
10/18/2017,WDG,OK,ASW,CE,Federal Contract Tower,0,2,5,13,20,0,0,11,18,29,0,2,16,31,49,0,31,31,80
10/19/2017,WDG,OK,ASW,CE,Federal Contract Tower,0,4,9,7,20,0,0,24,7,31,0,4,33,14,51,61,0,61,112
10/20/2017,WDG,OK,ASW,CE,Federal Contract Tower,0,2,11,9,22,0,0,15,9,24,0,2,26,18,46,0,12,12,58
10/21/2017,WDG,OK,ASW,CE,Federal Contract Tower,0,2,6,4,12,0,0,1,0,1,0,2,7,4,13,0,0,0,13
10/22/2017,WDG,OK,ASW,CE,Federal Contract Tower,0,2,6,5,13,0,0,36,4,40,0,2,42,9,53,16,2,18,71
10/23/2017,WDG,OK,ASW,CE,Federal Contract Tower,0,2,5,13,20,0,0,19,20,39,0,2,24,33,59,0,35,35,94
10/24/2017,WDG,OK,ASW,CE,Federal Contract Tower,0,2,7,39,48,0,0,14,43,57,0,2,21,82,105,0,8,8,113
10/25/2017,WDG,OK,ASW,CE,Federal Contract Tower,0,2,13,11,26,0,0,11,15,26,0,2,24,26,52,0,35,35,87
10/26/2017,WDG,OK,ASW,CE,Federal Contract Tower,0,2,10,22,34,0,0,15,28,43,0,2,25,50,77,44,38,82,159
10/27/2017,WDG,OK,ASW,CE,Federal Contract Tower,0,2,10,19,31,0,0,18,20,38,0,2,28,39,69,0,32,32,101
10/28/2017,WDG,OK,ASW,CE,Federal Contract Tower,0,2,7,0,9,0,0,17,1,18,0,2,24,1,27,8,2,10,37
10/29/2017,WDG,OK,ASW,CE,Federal Contract Tower,0,0,10,4,14,0,0,26,2,28,0,0,36,6,42,140,0,140,182
10/30/2017,WDG,OK,ASW,CE,Federal Contract Tower,0,2,12,10,24,0,0,21,10,31,0,2,33,20,55,8,9,17,72
10/31/2017,WDG,OK,ASW,CE,Federal Contract Tower,0,2,6,9,17,0,0,13,11,24,0,2,19,20,41,12,2,14,55
11/01/2017,WDG,OK,ASW,CE,Federal Contract Tower,0,2,11,13,26,0,0,10,18,28,0,2,21,31,54,0,17,17,71
11/02/2017,WDG,OK,ASW,CE,Federal Contract Tower,0,2,10,24,36,0,0,23,36,59,0,2,33,60,95,18,110,128,223
11/03/2017,WDG,OK,ASW,CE,Federal Contract Tower,0,2,20,48,70,0,0,3,0,3,0,2,23,48,73,0,0,0,73
11/04/2017,WDG,OK,ASW,CE,Federal Contract Tower,0,0,1,3,4,0,0,5,1,6,0,0,6,4,10,10,11,21,31
11/05/2017,WDG,OK,ASW,CE,Federal Contract Tower,0,0,10,5,15,0,0,6,7,13,0,0,16,12,28,0,0,0,28
11/06/2017,WDG,OK,ASW,CE,Federal Contract Tower,0,2,6,27,35,0,0,3,24,27,0,2,9,51,62,0,0,0,62
11/07/2017,WDG,OK,ASW,CE,Federal Contract Tower,0,2,10,28,40,0,0,15,28,43,0,2,25,56,83,6,74,80,163
11/08/2017,WDG,OK,ASW,CE,Federal Contract Tower,0,2,7,29,38,0,0,18,33,51,0,2,25,62,89,0,74,74,163
11/09/2017,WDG,OK,ASW,CE,Federal Contract Tower,0,2,3,30,35,0,0,31,28,59,0,2,34,58,94,10,36,46,140
11/10/2017,WDG,OK,ASW,CE,Federal Contract Tower,0,2,12,0,14,0,0,11,6,17,0,2,23,6,31,4,0,4,35
11/11/2017,WDG,OK,ASW,CE,Federal Contract Tower,0,2,17,1,20,0,0,2,0,2,0,2,19,1,22,0,0,0,22
11/12/2017,WDG,OK,ASW,CE,Federal Contract Tower,0,1,7,14,22,0,0,11,0,11,0,1,18,14,33,8,0,8,41
11/13/2017,WDG,OK,ASW,CE,Federal Contract Tower,0,2,16,48,66,0,0,6,45,51,0,2,22,93,117,0,2,2,119
11/14/2017,WDG,OK,ASW,CE,Federal Contract Tower,0,2,1,8,11,0,0,0,0,0,0,2,1,8,11,0,0,0,11
11/15/2017,WDG,OK,ASW,CE,Federal Contract Tower,0,3,7,51,61,0,0,11,51,62,0,3,18,102,123,2,38,40,163
11/16/2017,WDG,OK,ASW,CE,Federal Contract Tower,0,2,9,0,11,0,0,10,1,11,0,2,19,1,22,2,0,2,24
11/17/2017,WDG,OK,ASW,CE,Federal Contract Tower,0,2,17,2,21,0,0,6,7,13,0,2,23,9,34,12,11,23,57
11/18/2017,WDG,OK,ASW,CE,Federal Contract Tower,0,2,2,0,4,0,0,2,8,10,0,2,4,8,14,0,0,0,14
11/19/2017,WDG,OK,ASW,CE,Federal Contract Tower,0,0,3,1,4,0,0,31,3,34,0,0,34,4,38,32,0,32,70
11/20/2017,WDG,OK,ASW,CE,Federal Contract Tower,0,2,3,1,6,0,0,21,0,21,0,2,24,1,27,0,0,0,27
11/21/2017,WDG,OK,ASW,CE,Federal Contract Tower,0,3,5,0,8,0,0,11,0,11,0,3,16,0,19,12,0,12,31
11/22/2017,WDG,OK,ASW,CE,Federal Contract Tower,0,2,9,0,11,0,0,17,0,17,0,2,26,0,28,4,0,4,32
11/23/2017,WDG,OK,ASW,CE,Federal Contract Tower,0,0,1,0,1,0,0,16,0,16,0,0,17,0,17,4,0,4,21
11/24/2017,WDG,OK,ASW,CE,Federal Contract Tower,0,2,6,0,8,0,0,25,0,25,0,2,31,0,33,4,0,4,37
11/25/2017,WDG,OK,ASW,CE,Federal Contract Tower,0,2,4,0,6,0,0,29,0,29,0,2,33,0,35,12,0,12,47
11/26/2017,WDG,OK,ASW,CE,Federal Contract Tower,0,0,14,0,14,0,0,23,0,23,0,0,37,0,37,10,0,10,47
11/27/2017,WDG,OK,ASW,CE,Federal Contract Tower,0,2,5,0,7,0,0,14,0,14,0,2,19,0,21,0,0,0,21
11/28/2017,WDG,OK,ASW,CE,Federal Contract Tower,0,2,10,0,12,0,0,19,0,19,0,2,29,0,31,0,0,0,31
11/29/2017,WDG,OK,ASW,CE,Federal Contract Tower,0,2,4,1,7,0,0,14,1,15,0,2,18,2,22,25,0,25,47
11/30/2017,WDG,OK,ASW,CE,Federal Contract Tower,0,2,12,3,17,0,0,22,7,29,0,2,34,10,46,8,79,87,133
12/01/2017,WDG,OK,ASW,CE,Federal Contract Tower,0,2,6,0,8,0,0,27,0,27,0,2,33,0,35,35,0,35,70
12/02/2017,WDG,OK,ASW,CE,Federal Contract Tower,0,3,7,2,12,0,0,48,0,48,0,3,55,2,60,38,8,46,106
12/03/2017,WDG,OK,ASW,CE,Federal Contract Tower,0,0,7,18,25,0,0,17,18,35,0,0,24,36,60,4,22,26,86
12/04/2017,WDG,OK,ASW,CE,Federal Contract Tower,0,2,5,39,46,0,0,12,39,51,0,2,17,78,97,0,45,45,142
12/05/2017,WDG,OK,ASW,CE,Federal Contract Tower,0,2,13,36,51,0,0,11,38,49,0,2,24,74,100,0,15,15,115
12/06/2017,WDG,OK,ASW,CE,Federal Contract Tower,0,2,5,53,60,0,0,15,59,74,0,2,20,112,134,10,37,47,181
12/07/2017,WDG,OK,ASW,CE,Federal Contract Tower,0,2,16,37,55,0,0,12,38,50,0,2,28,75,105,0,8,8,113
12/08/2017,WDG,OK,ASW,CE,Federal Contract Tower,0,3,8,16,27,0,0,20,15,35,0,3,28,31,62,8,52,60,122
12/09/2017,WDG,OK,ASW,CE,Federal Contract Tower,0,2,2,7,11,0,0,34,5,39,0,2,36,12,50,24,4,28,78
12/10/2017,WDG,OK,ASW,CE,Federal Contract Tower,0,0,2,10,12,0,0,10,12,22,0,0,12,22,34,7,12,19,53
12/11/2017,WDG,OK,ASW,CE,Federal Contract Tower,0,2,10,37,49,0,0,20,41,61,0,2,30,78,110,22,2,24,134
12/12/2017,WDG,OK,ASW,CE,Federal Contract Tower,0,2,5,46,53,0,0,34,46,80,0,2,39,92,133,26,0,26,159
12/13/2017,WDG,OK,ASW,CE,Federal Contract Tower,0,2,10,30,42,0,0,16,34,50,0,2,26,64,92,0,61,61,153
12/14/2017,WDG,OK,ASW,CE,Federal Contract Tower,0,2,11,35,48,0,0,27,38,65,0,2,38,73,113,4,46,50,163
12/15/2017,WDG,OK,ASW,CE,Federal Contract Tower,0,2,15,22,39,0,1,29,21,51,0,3,44,43,90,8,28,36,126
12/16/2017,WDG,OK,ASW,CE,Federal Contract Tower,0,2,12,4,18,0,1,18,2,21,0,3,30,6,39,0,10,10,49
12/17/2017,WDG,OK,ASW,CE,Federal Contract Tower,0,0,17,4,21,0,0,5,1,6,0,0,22,5,27,29,9,38,65
12/18/2017,WDG,OK,ASW,CE,Federal Contract Tower,0,2,12,13,27,0,0,8,12,20,0,2,20,25,47,2,0,2,49
12/19/2017,WDG,OK,ASW,CE,Federal Contract Tower,0,2,10,18,30,0,0,2,18,20,0,2,12,36,50,0,0,0,50
12/20/2017,WDG,OK,ASW,CE,Federal Contract Tower,0,2,9,53,64,0,0,0,0,0,0,2,9,53,64,0,0,0,64
12/21/2017,WDG,OK,ASW,CE,Federal Contract Tower,0,2,7,31,40,0,0,12,39,51,0,2,19,70,91,22,69,91,182
12/22/2017,WDG,OK,ASW,CE,Federal Contract Tower,0,0,3,12,15,0,0,4,5,9,0,0,7,17,24,12,14,26,50
12/23/2017,WDG,OK,ASW,CE,Federal Contract Tower,0,0,3,0,3,0,0,19,0,19,0,0,22,0,22,7,0,7,29
12/24/2017,WDG,OK,ASW,CE,Federal Contract Tower,0,0,0,0,0,0,0,0,0,0,0,0,0,0,0,0,0,0,0
12/25/2017,WDG,OK,ASW,CE,Federal Contract Tower,0,0,1,0,1,0,0,5,0,5,0,0,6,0,6,0,0,0,6
12/26/2017,WDG,OK,ASW,CE,Federal Contract Tower,0,0,6,0,6,0,0,16,0,16,0,0,22,0,22,0,0,0,22
12/27/2017,WDG,OK,ASW,CE,Federal Contract Tower,0,2,5,0,7,0,0,18,2,20,0,2,23,2,27,0,24,24,51
12/28/2017,WDG,OK,ASW,CE,Federal Contract Tower,0,2,12,0,14,0,0,2,0,2,0,2,14,0,16,0,0,0,16
12/29/2017,WDG,OK,ASW,CE,Federal Contract Tower,0,2,2,0,4,0,0,5,0,5,0,2,7,0,9,13,0,13,22
12/30/2017,WDG,OK,ASW,CE,Federal Contract Tower,0,0,6,0,6,0,0,0,0,0,0,0,6,0,6,0,0,0,6
12/31/2017,WDG,OK,ASW,CE,Federal Contract Tower,0,0,2,0,2,0,0,1,0,1,0,0,3,0,3,16,0,16,19
01/01/2018,WDG,OK,ASW,CE,Federal Contract Tower,0,0,1,0,1,0,0,6,0,6,0,0,7,0,7,2,0,2,9
01/02/2018,WDG,OK,ASW,CE,Federal Contract Tower,0,1,4,48,53,0,0,7,51,58,0,1,11,99,111,0,58,58,169
01/03/2018,WDG,OK,ASW,CE,Federal Contract Tower,0,2,1,18,21,0,0,13,24,37,0,2,14,42,58,7,12,19,77
01/04/2018,WDG,OK,ASW,CE,Federal Contract Tower,0,1,3,19,23,0,1,17,26,44,0,2,20,45,67,10,75,85,152
01/05/2018,WDG,OK,ASW,CE,Federal Contract Tower,0,3,5,20,28,0,0,20,23,43,0,3,25,43,71,2,93,95,166
01/06/2018,WDG,OK,ASW,CE,Federal Contract Tower,0,5,1,8,14,0,0,15,17,32,0,5,16,25,46,0,64,64,110
01/07/2018,WDG,OK,ASW,CE,Federal Contract Tower,0,0,4,7,11,0,0,1,0,1,0,0,5,7,12,16,0,16,28
01/08/2018,WDG,OK,ASW,CE,Federal Contract Tower,0,4,6,51,61,0,0,11,56,67,0,4,17,107,128,0,48,48,176
01/09/2018,WDG,OK,ASW,CE,Federal Contract Tower,0,2,8,23,33,0,2,12,17,31,0,4,20,40,64,8,29,37,101
01/10/2018,WDG,OK,ASW,CE,Federal Contract Tower,0,2,11,21,34,0,0,2,34,36,0,2,13,55,70,7,84,91,161
01/11/2018,WDG,OK,ASW,CE,Federal Contract Tower,0,2,3,35,40,0,0,4,37,41,0,2,7,72,81,0,8,8,89
01/12/2018,WDG,OK,ASW,CE,Federal Contract Tower,0,2,2,21,25,0,0,17,31,48,0,2,19,52,73,16,43,59,132
01/13/2018,WDG,OK,ASW,CE,Federal Contract Tower,0,1,2,5,8,0,1,12,5,18,0,2,14,10,26,4,24,28,54
01/14/2018,WDG,OK,ASW,CE,Federal Contract Tower,0,0,3,9,12,0,0,29,10,39,0,0,32,19,51,20,50,70,121
01/15/2018,WDG,OK,ASW,CE,Federal Contract Tower,0,2,6,0,8,0,0,2,3,5,0,2,8,3,13,0,0,0,13
01/16/2018,WDG,OK,ASW,CE,Federal Contract Tower,0,2,4,39,45,0,0,11,46,57,0,2,15,85,102,4,86,90,192
01/17/2018,WDG,OK,ASW,CE,Federal Contract Tower,0,2,6,8,16,0,0,10,17,27,0,2,16,25,43,22,58,80,123
01/18/2018,WDG,OK,ASW,CE,Federal Contract Tower,0,3,7,23,33,0,0,8,48,56,0,3,15,71,89,8,236,244,333
01/19/2018,WDG,OK,ASW,CE,Federal Contract Tower,0,2,5,20,27,0,0,11,36,47,0,2,16,56,74,2,132,134,208
01/20/2018,WDG,OK,ASW,CE,Federal Contract Tower,0,2,3,7,12,0,0,21,5,26,0,2,24,12,38,18,0,18,56
01/21/2018,WDG,OK,ASW,CE,Federal Contract Tower,0,0,1,20,21,0,0,1,16,17,0,0,2,36,38,0,88,88,126
01/22/2018,WDG,OK,ASW,CE,Federal Contract Tower,0,3,9,0,12,0,0,3,0,3,0,3,12,0,15,0,0,0,15
01/23/2018,WDG,OK,ASW,CE,Federal Contract Tower,0,2,3,35,40,0,2,21,37,60,0,4,24,72,100,0,48,48,148
01/24/2018,WDG,OK,ASW,CE,Federal Contract Tower,0,2,7,19,28,0,0,15,24,39,0,2,22,43,67,14,104,118,185
01/25/2018,WDG,OK,ASW,CE,Federal Contract Tower,0,4,4,22,30,0,0,19,30,49,0,4,23,52,79,0,70,70,149
01/26/2018,WDG,OK,ASW,CE,Federal Contract Tower,0,2,10,21,33,0,0,10,29,39,0,2,20,50,72,0,114,114,186
01/27/2018,WDG,OK,ASW,CE,Federal Contract Tower,0,2,2,25,29,0,0,40,31,71,0,2,42,56,100,28,16,44,144
01/28/2018,WDG,OK,ASW,CE,Federal Contract Tower,0,0,5,3,8,0,0,19,8,27,0,0,24,11,35,17,42,59,94
01/29/2018,WDG,OK,ASW,CE,Federal Contract Tower,0,2,6,0,8,0,0,13,0,13,0,2,19,0,21,20,0,20,41
01/30/2018,WDG,OK,ASW,CE,Federal Contract Tower,0,4,6,11,21,0,0,10,16,26,0,4,16,27,47,4,29,33,80
01/31/2018,WDG,OK,ASW,CE,Federal Contract Tower,0,2,4,19,25,0,0,23,23,46,0,2,27,42,71,20,64,84,155
02/01/2018,WDG,OK,ASW,CE,Federal Contract Tower,0,2,9,1,12,0,0,7,1,8,0,2,16,2,20,0,0,0,20
02/02/2018,WDG,OK,ASW,CE,Federal Contract Tower,0,5,7,1,13,0,0,11,2,13,0,5,18,3,26,11,6,17,43
02/03/2018,WDG,OK,ASW,CE,Federal Contract Tower,0,2,5,4,11,0,0,27,0,27,0,2,32,4,38,17,0,17,55
02/04/2018,WDG,OK,ASW,CE,Federal Contract Tower,0,0,5,6,11,0,0,0,0,0,0,0,5,6,11,0,0,0,11
02/05/2018,WDG,OK,ASW,CE,Federal Contract Tower,0,2,1,4,7,0,0,7,0,7,0,2,8,4,14,0,0,0,14
02/06/2018,WDG,OK,ASW,CE,Federal Contract Tower,0,2,13,1,16,0,0,5,2,7,0,2,18,3,23,0,28,28,51
02/07/2018,WDG,OK,ASW,CE,Federal Contract Tower,0,4,6,0,10,0,0,22,0,22,0,4,28,0,32,42,0,42,74
02/08/2018,WDG,OK,ASW,CE,Federal Contract Tower,0,2,8,0,10,0,0,19,2,21,0,2,27,2,31,24,13,37,68
02/09/2018,WDG,OK,ASW,CE,Federal Contract Tower,0,2,10,0,12,0,0,21,0,21,0,2,31,0,33,0,0,0,33
02/10/2018,WDG,OK,ASW,CE,Federal Contract Tower,0,0,3,0,3,0,0,5,0,5,0,0,8,0,8,0,0,0,8
02/11/2018,WDG,OK,ASW,CE,Federal Contract Tower,0,0,0,1,1,0,0,12,1,13,0,0,12,2,14,4,0,4,18
02/12/2018,WDG,OK,ASW,CE,Federal Contract Tower,0,2,9,0,11,0,0,8,0,8,0,2,17,0,19,2,0,2,21
02/13/2018,WDG,OK,ASW,CE,Federal Contract Tower,0,2,1,0,3,0,0,24,0,24,0,2,25,0,27,6,0,6,33
02/14/2018,WDG,OK,ASW,CE,Federal Contract Tower,0,2,7,0,9,0,0,7,0,7,0,2,14,0,16,0,0,0,16
02/15/2018,WDG,OK,ASW,CE,Federal Contract Tower,0,2,11,0,13,0,0,10,0,10,0,2,21,0,23,11,0,11,34
02/16/2018,WDG,OK,ASW,CE,Federal Contract Tower,0,2,7,5,14,0,0,11,3,14,0,2,18,8,28,2,22,24,52
02/17/2018,WDG,OK,ASW,CE,Federal Contract Tower,0,1,3,0,4,0,1,37,0,38,0,2,40,0,42,20,0,20,62
02/18/2018,WDG,OK,ASW,CE,Federal Contract Tower,0,0,0,0,0,0,0,1,3,4,0,0,1,3,4,0,0,0,4
02/19/2018,WDG,OK,ASW,CE,Federal Contract Tower,0,2,8,1,11,0,0,3,0,3,0,2,11,1,14,0,0,0,14
02/20/2018,WDG,OK,ASW,CE,Federal Contract Tower,0,0,10,0,10,0,0,1,0,1,0,0,11,0,11,0,0,0,11
02/21/2018,WDG,OK,ASW,CE,Federal Contract Tower,0,0,1,0,1,0,0,0,0,0,0,0,1,0,1,0,0,0,1
02/22/2018,WDG,OK,ASW,CE,Federal Contract Tower,0,3,2,0,5,0,0,0,0,0,0,3,2,0,5,0,0,0,5
02/23/2018,WDG,OK,ASW,CE,Federal Contract Tower,0,2,3,9,14,0,0,0,0,0,0,2,3,9,14,0,0,0,14
02/24/2018,WDG,OK,ASW,CE,Federal Contract Tower,0,1,1,15,17,0,0,8,1,9,0,1,9,16,26,6,16,22,48
02/25/2018,WDG,OK,ASW,CE,Federal Contract Tower,0,1,1,2,4,0,0,30,0,30,0,1,31,2,34,22,0,22,56
02/26/2018,WDG,OK,ASW,CE,Federal Contract Tower,0,2,17,6,25,0,0,23,2,25,0,2,40,8,50,6,16,22,72
02/27/2018,WDG,OK,ASW,CE,Federal Contract Tower,0,2,14,29,45,0,0,8,27,35,0,2,22,56,80,0,4,4,84
02/28/2018,WDG,OK,ASW,CE,Federal Contract Tower,0,4,5,17,26,0,0,6,19,25,0,4,11,36,51,14,53,67,118
03/01/2018,WDG,OK,ASW,CE,Federal Contract Tower,0,2,8,26,36,0,0,11,26,37,0,2,19,52,73,2,7,9,82
03/02/2018,WDG,OK,ASW,CE,Federal Contract Tower,0,3,7,19,29,0,0,28,18,46,0,3,35,37,75,43,54,97,172
03/03/2018,WDG,OK,ASW,CE,Federal Contract Tower,0,2,3,16,21,0,0,16,3,19,0,2,19,19,40,10,20,30,70
03/04/2018,WDG,OK,ASW,CE,Federal Contract Tower,0,0,3,13,16,0,0,1,1,2,0,0,4,14,18,0,0,0,18
03/05/2018,WDG,OK,ASW,CE,Federal Contract Tower,0,2,6,20,28,0,0,10,21,31,0,2,16,41,59,0,4,4,63
03/06/2018,WDG,OK,ASW,CE,Federal Contract Tower,0,2,3,14,19,0,0,1,14,15,0,2,4,28,34,2,5,7,41
03/07/2018,WDG,OK,ASW,CE,Federal Contract Tower,0,2,5,26,33,0,0,21,26,47,0,2,26,52,80,56,10,66,146
03/08/2018,WDG,OK,ASW,CE,Federal Contract Tower,0,2,2,16,20,0,0,22,16,38,0,2,24,32,58,12,14,26,84
03/09/2018,WDG,OK,ASW,CE,Federal Contract Tower,0,2,9,17,28,0,0,30,20,50,0,2,39,37,78,8,68,76,154
03/10/2018,WDG,OK,ASW,CE,Federal Contract Tower,0,2,3,1,6,0,0,23,0,23,0,2,26,1,29,11,0,11,40
03/11/2018,WDG,OK,ASW,CE,Federal Contract Tower,0,0,2,2,4,0,0,6,9,15,0,0,8,11,19,2,32,34,53
03/12/2018,WDG,OK,ASW,CE,Federal Contract Tower,0,2,4,27,33,0,0,16,31,47,0,2,20,58,80,14,31,45,125
03/13/2018,WDG,OK,ASW,CE,Federal Contract Tower,0,2,3,22,27,0,0,30,26,56,0,2,33,48,83,30,16,46,129
03/14/2018,WDG,OK,ASW,CE,Federal Contract Tower,0,2,9,18,29,0,0,9,18,27,0,2,18,36,56,0,24,24,80
03/15/2018,WDG,OK,ASW,CE,Federal Contract Tower,0,2,3,15,20,0,0,4,15,19,0,2,7,30,39,0,50,50,89
03/16/2018,WDG,OK,ASW,CE,Federal Contract Tower,0,3,10,11,24,0,1,7,26,34,0,4,17,37,58,0,87,87,145
03/17/2018,WDG,OK,ASW,CE,Federal Contract Tower,0,2,4,4,10,0,0,21,6,27,0,2,25,10,37,21,15,36,73
03/18/2018,WDG,OK,ASW,CE,Federal Contract Tower,0,0,5,1,6,0,0,3,1,4,0,0,8,2,10,6,0,6,16
03/19/2018,WDG,OK,ASW,CE,Federal Contract Tower,0,3,6,26,35,0,0,5,26,31,0,3,11,52,66,0,12,12,78
03/20/2018,WDG,OK,ASW,CE,Federal Contract Tower,0,4,11,11,26,0,0,5,8,13,0,4,16,19,39,0,62,62,101
03/21/2018,WDG,OK,ASW,CE,Federal Contract Tower,0,2,4,3,9,0,0,12,13,25,0,2,16,16,34,10,132,142,176
03/22/2018,WDG,OK,ASW,CE,Federal Contract Tower,0,2,1,20,23,0,0,8,27,35,0,2,9,47,58,0,86,86,144
03/23/2018,WDG,OK,ASW,CE,Federal Contract Tower,0,2,7,10,19,0,0,11,16,27,0,2,18,26,46,0,77,77,123
03/24/2018,WDG,OK,ASW,CE,Federal Contract Tower,0,2,5,5,12,0,0,33,3,36,0,2,38,8,48,29,10,39,87
03/25/2018,WDG,OK,ASW,CE,Federal Contract Tower,0,0,9,4,13,0,0,6,3,9,0,0,15,7,22,4,0,4,26
03/26/2018,WDG,OK,ASW,CE,Federal Contract Tower,0,2,4,71,77,0,0,3,74,77,0,2,7,145,154,0,6,6,160
03/27/2018,WDG,OK,ASW,CE,Federal Contract Tower,0,2,4,53,59,0,0,1,51,52,0,2,5,104,111,0,0,0,111
03/28/2018,WDG,OK,ASW,CE,Federal Contract Tower,0,2,2,22,26,0,0,9,16,25,0,2,11,38,51,4,7,11,62
03/29/2018,WDG,OK,ASW,CE,Federal Contract Tower,0,2,8,42,52,0,0,2,28,30,0,2,10,70,82,0,0,0,82
03/30/2018,WDG,OK,ASW,CE,Federal Contract Tower,0,4,8,6,18,0,0,40,13,53,0,4,48,19,71,10,64,74,145
03/31/2018,WDG,OK,ASW,CE,Federal Contract Tower,0,2,12,11,25,0,0,20,12,32,0,2,32,23,57,15,8,23,80
04/01/2018,WDG,OK,ASW,CE,Federal Contract Tower,0,0,7,2,9,0,0,1,1,2,0,0,8,3,11,0,10,10,21
04/02/2018,WDG,OK,ASW,CE,Federal Contract Tower,0,2,5,49,56,0,0,1,40,41,0,2,6,89,97,0,2,2,99
04/03/2018,WDG,OK,ASW,CE,Federal Contract Tower,0,2,2,26,30,0,0,0,30,30,0,2,2,56,60,0,27,27,87
04/04/2018,WDG,OK,ASW,CE,Federal Contract Tower,0,2,8,24,34,0,0,22,35,57,0,2,30,59,91,31,65,96,187
04/05/2018,WDG,OK,ASW,CE,Federal Contract Tower,0,5,11,30,46,0,0,13,34,47,0,5,24,64,93,6,43,49,142
04/06/2018,WDG,OK,ASW,CE,Federal Contract Tower,0,2,1,27,30,0,0,0,22,22,0,2,1,49,52,4,4,8,60
04/07/2018,WDG,OK,ASW,CE,Federal Contract Tower,0,1,2,17,20,0,0,22,7,29,0,1,24,24,49,24,10,34,83
04/08/2018,WDG,OK,ASW,CE,Federal Contract Tower,0,1,2,6,9,0,0,12,6,18,0,1,14,12,27,12,0,12,39
04/09/2018,WDG,OK,ASW,CE,Federal Contract Tower,0,2,5,51,58,0,0,10,68,78,0,2,15,119,136,4,142,146,282
04/10/2018,WDG,OK,ASW,CE,Federal Contract Tower,0,2,7,43,52,0,1,23,60,84,0,3,30,103,136,5,58,63,199
04/11/2018,WDG,OK,ASW,CE,Federal Contract Tower,0,2,21,23,46,0,0,11,27,38,0,2,32,50,84,0,18,18,102
04/12/2018,WDG,OK,ASW,CE,Federal Contract Tower,0,3,3,24,30,0,0,15,28,43,0,3,18,52,73,0,46,46,119
04/13/2018,WDG,OK,ASW,CE,Federal Contract Tower,0,2,2,15,19,0,0,3,23,26,0,2,5,38,45,0,44,44,89
04/14/2018,WDG,OK,ASW,CE,Federal Contract Tower,0,2,4,0,6,0,0,6,2,8,0,2,10,2,14,0,0,0,14
04/15/2018,WDG,OK,ASW,CE,Federal Contract Tower,0,0,4,7,11,0,0,15,12,27,0,0,19,19,38,6,0,6,44
04/16/2018,WDG,OK,ASW,CE,Federal Contract Tower,0,2,0,21,23,0,0,14,23,37,0,2,14,44,60,20,40,60,120
04/17/2018,WDG,OK,ASW,CE,Federal Contract Tower,0,2,1,13,16,0,0,10,18,28,0,2,11,31,44,0,57,57,101
04/18/2018,WDG,OK,ASW,CE,Federal Contract Tower,0,0,4,8,12,0,0,15,12,27,0,0,19,20,39,6,51,57,96
04/19/2018,WDG,OK,ASW,CE,Federal Contract Tower,0,4,18,23,45,0,0,36,40,76,0,4,54,63,121,30,178,208,329
04/20/2018,WDG,OK,ASW,CE,Federal Contract Tower,0,2,9,36,47,0,0,26,37,63,0,2,35,73,110,32,72,104,214
04/21/2018,WDG,OK,ASW,CE,Federal Contract Tower,0,4,7,0,11,0,0,2,0,2,0,4,9,0,13,0,0,0,13
04/22/2018,WDG,OK,ASW,CE,Federal Contract Tower,0,0,3,8,11,0,0,5,11,16,0,0,8,19,27,4,5,9,36
04/23/2018,WDG,OK,ASW,CE,Federal Contract Tower,0,2,7,22,31,0,0,28,39,67,0,2,35,61,98,18,92,110,208
04/24/2018,WDG,OK,ASW,CE,Federal Contract Tower,0,4,7,13,24,0,0,25,27,52,0,4,32,40,76,6,52,58,134
04/25/2018,WDG,OK,ASW,CE,Federal Contract Tower,0,2,24,55,81,0,0,5,59,64,0,2,29,114,145,0,14,14,159
04/26/2018,WDG,OK,ASW,CE,Federal Contract Tower,0,3,9,13,25,0,0,19,29,48,0,3,28,42,73,12,154,166,239
04/27/2018,WDG,OK,ASW,CE,Federal Contract Tower,0,2,10,19,31,0,0,42,40,82,0,2,52,59,113,7,106,113,226
04/28/2018,WDG,OK,ASW,CE,Federal Contract Tower,0,2,8,12,22,0,0,53,15,68,0,2,61,27,90,36,34,70,160
04/29/2018,WDG,OK,ASW,CE,Federal Contract Tower,0,0,8,5,13,0,0,16,9,25,0,0,24,14,38,0,0,0,38
04/30/2018,WDG,OK,ASW,CE,Federal Contract Tower,0,2,10,9,21,0,0,11,13,24,0,2,21,22,45,0,29,29,74
05/01/2018,WDG,OK,ASW,CE,Federal Contract Tower,0,2,3,22,27,0,0,5,22,27,0,2,8,44,54,0,12,12,66
05/02/2018,WDG,OK,ASW,CE,Federal Contract Tower,0,4,4,5,13,0,0,6,9,15,0,4,10,14,28,0,6,6,34
05/03/2018,WDG,OK,ASW,CE,Federal Contract Tower,0,2,2,11,15,0,0,7,9,16,0,2,9,20,31,0,0,0,31
05/04/2018,WDG,OK,ASW,CE,Federal Contract Tower,0,2,4,19,25,0,0,26,20,46,0,2,30,39,71,41,33,74,145
05/05/2018,WDG,OK,ASW,CE,Federal Contract Tower,0,2,3,13,18,0,0,41,5,46,0,2,44,18,64,22,12,34,98
05/06/2018,WDG,OK,ASW,CE,Federal Contract Tower,0,0,2,16,18,0,0,22,11,33,0,0,24,27,51,14,0,14,65
05/07/2018,WDG,OK,ASW,CE,Federal Contract Tower,0,2,3,13,18,0,0,10,15,25,0,2,13,28,43,0,18,18,61
05/08/2018,WDG,OK,ASW,CE,Federal Contract Tower,0,2,10,23,35,0,0,7,32,39,0,2,17,55,74,0,106,106,180
05/09/2018,WDG,OK,ASW,CE,Federal Contract Tower,0,2,3,28,33,0,4,18,33,55,0,6,21,61,88,11,21,32,120
05/10/2018,WDG,OK,ASW,CE,Federal Contract Tower,0,4,6,21,31,0,0,13,20,33,0,4,19,41,64,2,30,32,96
05/11/2018,WDG,OK,ASW,CE,Federal Contract Tower,0,2,7,18,27,0,0,9,29,38,0,2,16,47,65,0,71,71,136
05/12/2018,WDG,OK,ASW,CE,Federal Contract Tower,0,2,1,17,20,0,0,11,17,28,0,2,12,34,48,34,12,46,94
05/13/2018,WDG,OK,ASW,CE,Federal Contract Tower,0,0,3,15,18,0,0,13,7,20,0,0,16,22,38,18,0,18,56
05/14/2018,WDG,OK,ASW,CE,Federal Contract Tower,0,3,7,0,10,0,0,14,0,14,0,3,21,0,24,0,0,0,24
05/15/2018,WDG,OK,ASW,CE,Federal Contract Tower,0,4,10,31,45,0,0,13,39,52,0,4,23,70,97,2,55,57,154
05/16/2018,WDG,OK,ASW,CE,Federal Contract Tower,0,2,5,34,41,0,0,25,46,71,0,2,30,80,112,2,112,114,226
05/17/2018,WDG,OK,ASW,CE,Federal Contract Tower,0,2,6,27,35,0,0,20,34,54,0,2,26,61,89,27,105,132,221
05/18/2018,WDG,OK,ASW,CE,Federal Contract Tower,0,2,8,12,22,0,0,21,30,51,0,2,29,42,73,15,115,130,203
05/19/2018,WDG,OK,ASW,CE,Federal Contract Tower,0,2,11,7,20,0,0,68,8,76,0,2,79,15,96,6,4,10,106
05/20/2018,WDG,OK,ASW,CE,Federal Contract Tower,0,0,14,10,24,0,0,35,4,39,0,0,49,14,63,12,0,12,75
05/21/2018,WDG,OK,ASW,CE,Federal Contract Tower,0,2,11,18,31,0,0,21,42,63,0,2,32,60,94,18,119,137,231
05/22/2018,WDG,OK,ASW,CE,Federal Contract Tower,0,2,7,22,31,0,0,21,43,64,0,2,28,65,95,12,153,165,260
05/23/2018,WDG,OK,ASW,CE,Federal Contract Tower,0,2,6,16,24,0,0,16,22,38,0,2,22,38,62,14,134,148,210
05/24/2018,WDG,OK,ASW,CE,Federal Contract Tower,0,2,5,22,29,0,0,23,36,59,0,2,28,58,88,3,74,77,165
05/25/2018,WDG,OK,ASW,CE,Federal Contract Tower,0,2,8,4,14,0,0,8,0,8,0,2,16,4,22,2,0,2,24
05/26/2018,WDG,OK,ASW,CE,Federal Contract Tower,0,2,7,0,9,0,0,38,0,38,0,2,45,0,47,54,0,54,101
05/27/2018,WDG,OK,ASW,CE,Federal Contract Tower,0,0,4,0,4,0,0,16,2,18,0,0,20,2,22,0,0,0,22
05/28/2018,WDG,OK,ASW,CE,Federal Contract Tower,0,1,9,1,11,0,0,32,4,36,0,1,41,5,47,44,2,46,93
05/29/2018,WDG,OK,ASW,CE,Federal Contract Tower,0,2,7,23,32,0,0,10,29,39,0,2,17,52,71,2,69,71,142
05/30/2018,WDG,OK,ASW,CE,Federal Contract Tower,0,2,6,19,27,0,0,16,26,42,0,2,22,45,69,11,69,80,149
05/31/2018,WDG,OK,ASW,CE,Federal Contract Tower,0,2,8,18,28,0,0,14,22,36,0,2,22,40,64,0,34,34,98
06/01/2018,WDG,OK,ASW,CE,Federal Contract Tower,0,4,12,7,23,0,0,23,17,40,0,4,35,24,63,20,84,104,167
06/02/2018,WDG,OK,ASW,CE,Federal Contract Tower,0,2,2,5,9,0,0,25,4,29,0,2,27,9,38,0,0,0,38
06/03/2018,WDG,OK,ASW,CE,Federal Contract Tower,0,0,1,11,12,0,0,24,10,34,0,0,25,21,46,5,29,34,80
06/04/2018,WDG,OK,ASW,CE,Federal Contract Tower,0,2,1,26,29,0,0,15,25,40,0,2,16,51,69,0,55,55,124
06/05/2018,WDG,OK,ASW,CE,Federal Contract Tower,0,2,4,17,23,0,0,22,21,43,0,2,26,38,66,0,76,76,142
06/06/2018,WDG,OK,ASW,CE,Federal Contract Tower,0,2,13,28,43,0,0,15,32,47,0,2,28,60,90,32,144,176,266
06/07/2018,WDG,OK,ASW,CE,Federal Contract Tower,0,5,14,21,40,0,0,7,25,32,0,5,21,46,72,2,40,42,114
06/08/2018,WDG,OK,ASW,CE,Federal Contract Tower,0,2,3,14,19,0,0,21,30,51,0,2,24,44,70,39,38,77,147
06/09/2018,WDG,OK,ASW,CE,Federal Contract Tower,0,3,17,6,26,0,1,37,3,41,0,4,54,9,67,25,8,33,100
06/10/2018,WDG,OK,ASW,CE,Federal Contract Tower,0,0,5,10,15,0,0,16,3,19,0,0,21,13,34,2,10,12,46
06/11/2018,WDG,OK,ASW,CE,Federal Contract Tower,0,2,4,23,29,0,0,18,28,46,0,2,22,51,75,0,54,54,129
06/12/2018,WDG,OK,ASW,CE,Federal Contract Tower,0,2,9,29,40,0,0,22,30,52,0,2,31,59,92,2,44,46,138
06/13/2018,WDG,OK,ASW,CE,Federal Contract Tower,0,5,8,17,30,0,0,37,29,66,0,5,45,46,96,16,62,78,174
06/14/2018,WDG,OK,ASW,CE,Federal Contract Tower,0,2,3,15,20,0,2,35,25,62,0,4,38,40,82,32,37,69,151
06/15/2018,WDG,OK,ASW,CE,Federal Contract Tower,0,2,3,10,15,0,0,21,14,35,0,2,24,24,50,11,36,47,97
06/16/2018,WDG,OK,ASW,CE,Federal Contract Tower,0,2,3,5,10,0,0,28,3,31,0,2,31,8,41,2,14,16,57
06/17/2018,WDG,OK,ASW,CE,Federal Contract Tower,0,1,8,10,19,0,0,27,9,36,0,1,35,19,55,20,0,20,75
06/18/2018,WDG,OK,ASW,CE,Federal Contract Tower,0,2,6,15,23,0,0,20,20,40,0,2,26,35,63,2,28,30,93
06/19/2018,WDG,OK,ASW,CE,Federal Contract Tower,0,2,6,15,23,0,0,21,21,42,0,2,27,36,65,20,46,66,131
06/20/2018,WDG,OK,ASW,CE,Federal Contract Tower,0,2,9,25,36,0,0,15,33,48,0,2,24,58,84,9,82,91,175
06/21/2018,WDG,OK,ASW,CE,Federal Contract Tower,0,2,8,34,44,0,0,22,36,58,0,2,30,70,102,10,30,40,142
06/22/2018,WDG,OK,ASW,CE,Federal Contract Tower,0,2,7,24,33,0,0,36,30,66,0,2,43,54,99,25,79,104,203
06/23/2018,WDG,OK,ASW,CE,Federal Contract Tower,0,1,5,10,16,0,1,29,0,30,0,2,34,10,46,62,8,70,116
06/24/2018,WDG,OK,ASW,CE,Federal Contract Tower,0,0,5,2,7,0,0,7,4,11,0,0,12,6,18,2,0,2,20
06/25/2018,WDG,OK,ASW,CE,Federal Contract Tower,0,2,6,34,42,0,0,8,35,43,0,2,14,69,85,0,66,66,151
06/26/2018,WDG,OK,ASW,CE,Federal Contract Tower,0,2,2,26,30,0,0,8,35,43,0,2,10,61,73,0,82,82,155
06/27/2018,WDG,OK,ASW,CE,Federal Contract Tower,0,2,8,17,27,0,0,15,23,38,0,2,23,40,65,32,72,104,169
06/28/2018,WDG,OK,ASW,CE,Federal Contract Tower,0,4,10,35,49,0,0,19,45,64,0,4,29,80,113,12,172,184,297
06/29/2018,WDG,OK,ASW,CE,Federal Contract Tower,0,2,9,23,34,0,0,21,22,43,0,2,30,45,77,10,64,74,151
06/30/2018,WDG,OK,ASW,CE,Federal Contract Tower,0,1,6,1,8,0,1,18,0,19,0,2,24,1,27,20,0,20,47
07/01/2018,WDG,OK,ASW,CE,Federal Contract Tower,0,2,5,5,12,0,0,16,3,19,0,2,21,8,31,20,0,20,51
07/02/2018,WDG,OK,ASW,CE,Federal Contract Tower,0,1,7,35,43,0,0,14,44,58,0,1,21,79,101,6,128,134,235
07/03/2018,WDG,OK,ASW,CE,Federal Contract Tower,0,5,10,13,28,0,0,26,19,45,0,5,36,32,73,50,101,151,224
07/04/2018,WDG,OK,ASW,CE,Federal Contract Tower,0,0,2,0,2,0,0,20,0,20,0,0,22,0,22,32,0,32,54
07/05/2018,WDG,OK,ASW,CE,Federal Contract Tower,0,2,10,2,14,0,0,19,0,19,0,2,29,2,33,26,8,34,67
07/06/2018,WDG,OK,ASW,CE,Federal Contract Tower,0,4,4,25,33,0,0,22,25,47,0,4,26,50,80,30,68,98,178
07/07/2018,WDG,OK,ASW,CE,Federal Contract Tower,0,2,11,2,15,0,0,44,4,48,0,2,55,6,63,54,0,54,117
07/08/2018,WDG,OK,ASW,CE,Federal Contract Tower,0,0,6,3,9,0,0,38,1,39,0,0,44,4,48,34,0,34,82
07/09/2018,WDG,OK,ASW,CE,Federal Contract Tower,0,2,16,20,38,0,0,21,21,42,0,2,37,41,80,20,76,96,176
07/10/2018,WDG,OK,ASW,CE,Federal Contract Tower,0,2,7,16,25,0,0,14,22,36,0,2,21,38,61,11,55,66,127
07/11/2018,WDG,OK,ASW,CE,Federal Contract Tower,0,2,12,22,36,0,0,14,26,40,0,2,26,48,76,20,41,61,137
07/12/2018,WDG,OK,ASW,CE,Federal Contract Tower,0,2,7,32,41,0,0,27,23,50,0,2,34,55,91,4,34,38,129
07/13/2018,WDG,OK,ASW,CE,Federal Contract Tower,0,3,12,34,49,0,0,33,32,65,0,3,45,66,114,18,90,108,222
07/14/2018,WDG,OK,ASW,CE,Federal Contract Tower,0,4,5,12,21,0,0,16,5,21,0,4,21,17,42,7,0,7,49
07/15/2018,WDG,OK,ASW,CE,Federal Contract Tower,0,1,5,14,20,0,0,21,4,25,0,1,26,18,45,14,0,14,59
07/16/2018,WDG,OK,ASW,CE,Federal Contract Tower,0,2,7,45,54,0,0,9,32,41,0,2,16,77,95,2,119,121,216
07/17/2018,WDG,OK,ASW,CE,Federal Contract Tower,0,2,11,22,35,0,0,16,21,37,0,2,27,43,72,0,27,27,99
07/18/2018,WDG,OK,ASW,CE,Federal Contract Tower,0,2,2,25,29,0,0,10,25,35,0,2,12,50,64,10,40,50,114
07/19/2018,WDG,OK,ASW,CE,Federal Contract Tower,0,4,4,15,23,0,0,19,19,38,0,4,23,34,61,4,58,62,123
07/20/2018,WDG,OK,ASW,CE,Federal Contract Tower,0,2,4,9,15,0,0,16,11,27,0,2,20,20,42,22,18,40,82
07/21/2018,WDG,OK,ASW,CE,Federal Contract Tower,0,2,4,1,7,0,0,17,1,18,0,2,21,2,25,16,0,16,41
07/22/2018,WDG,OK,ASW,CE,Federal Contract Tower,0,0,4,9,13,0,0,16,11,27,0,0,20,20,40,3,18,21,61
07/23/2018,WDG,OK,ASW,CE,Federal Contract Tower,0,4,8,44,56,0,0,8,45,53,0,4,16,89,109,4,78,82,191
07/24/2018,WDG,OK,ASW,CE,Federal Contract Tower,0,2,4,34,40,0,0,13,36,49,0,2,17,70,89,0,96,96,185
07/25/2018,WDG,OK,ASW,CE,Federal Contract Tower,0,4,4,28,36,0,0,13,31,44,0,4,17,59,80,0,76,76,156
07/26/2018,WDG,OK,ASW,CE,Federal Contract Tower,0,2,8,49,59,0,0,10,52,62,0,2,18,101,121,0,64,64,185
07/27/2018,WDG,OK,ASW,CE,Federal Contract Tower,0,2,6,32,40,0,0,20,39,59,0,2,26,71,99,6,121,127,226
07/28/2018,WDG,OK,ASW,CE,Federal Contract Tower,0,2,4,6,12,0,0,28,2,30,0,2,32,8,42,30,75,105,147
07/29/2018,WDG,OK,ASW,CE,Federal Contract Tower,0,0,3,12,15,0,0,22,11,33,0,0,25,23,48,16,10,26,74
07/30/2018,WDG,OK,ASW,CE,Federal Contract Tower,0,2,7,54,63,0,0,7,60,67,0,2,14,114,130,28,80,108,238
07/31/2018,WDG,OK,ASW,CE,Federal Contract Tower,0,2,7,29,38,0,0,19,32,51,0,2,26,61,89,6,104,110,199
08/01/2018,WDG,OK,ASW,CE,Federal Contract Tower,0,4,3,29,36,0,0,26,37,63,0,4,29,66,99,7,169,176,275
08/02/2018,WDG,OK,ASW,CE,Federal Contract Tower,0,2,14,18,34,0,0,25,28,53,0,2,39,46,87,2,53,55,142
08/03/2018,WDG,OK,ASW,CE,Federal Contract Tower,0,3,11,25,39,0,0,18,35,53,0,3,29,60,92,9,94,103,195
08/04/2018,WDG,OK,ASW,CE,Federal Contract Tower,0,1,8,5,14,0,1,13,2,16,0,2,21,7,30,13,6,19,49
08/05/2018,WDG,OK,ASW,CE,Federal Contract Tower,0,0,3,5,8,0,0,22,7,29,0,0,25,12,37,4,0,4,41
08/06/2018,WDG,OK,ASW,CE,Federal Contract Tower,0,2,7,21,30,0,0,12,21,33,0,2,19,42,63,0,66,66,129
08/07/2018,WDG,OK,ASW,CE,Federal Contract Tower,0,2,3,54,59,0,0,14,55,69,0,2,17,109,128,22,68,90,218
08/08/2018,WDG,OK,ASW,CE,Federal Contract Tower,0,2,7,44,53,0,0,6,45,51,0,2,13,89,104,0,49,49,153
08/09/2018,WDG,OK,ASW,CE,Federal Contract Tower,0,2,8,29,39,0,0,14,30,44,0,2,22,59,83,0,88,88,171
08/10/2018,WDG,OK,ASW,CE,Federal Contract Tower,0,3,4,29,36,0,0,12,25,37,0,3,16,54,73,0,36,36,109
08/11/2018,WDG,OK,ASW,CE,Federal Contract Tower,0,2,5,1,8,0,0,22,6,28,0,2,27,7,36,44,6,50,86
08/12/2018,WDG,OK,ASW,CE,Federal Contract Tower,0,0,2,2,4,0,0,12,2,14,0,0,14,4,18,12,0,12,30
08/13/2018,WDG,OK,ASW,CE,Federal Contract Tower,0,2,6,10,18,0,0,0,11,11,0,2,6,21,29,0,0,0,29
08/14/2018,WDG,OK,ASW,CE,Federal Contract Tower,0,2,2,39,43,0,0,1,38,39,0,2,3,77,82,15,8,23,105
08/15/2018,WDG,OK,ASW,CE,Federal Contract Tower,0,2,7,55,64,0,0,11,57,68,0,2,18,112,132,29,40,69,201
08/16/2018,WDG,OK,ASW,CE,Federal Contract Tower,0,2,9,17,28,0,0,15,16,31,0,2,24,33,59,10,45,55,114
08/17/2018,WDG,OK,ASW,CE,Federal Contract Tower,0,2,5,40,47,0,0,17,38,55,0,2,22,78,102,30,46,76,178
08/18/2018,WDG,OK,ASW,CE,Federal Contract Tower,0,2,2,2,6,0,0,33,0,33,0,2,35,2,39,18,0,18,57
08/19/2018,WDG,OK,ASW,CE,Federal Contract Tower,0,0,1,0,1,0,0,8,0,8,0,0,9,0,9,0,0,0,9
08/20/2018,WDG,OK,ASW,CE,Federal Contract Tower,0,2,11,50,63,0,0,16,50,66,0,2,27,100,129,13,36,49,178
08/21/2018,WDG,OK,ASW,CE,Federal Contract Tower,0,4,5,42,51,0,0,43,45,88,0,4,48,87,139,31,44,75,214
08/22/2018,WDG,OK,ASW,CE,Federal Contract Tower,0,2,4,19,25,0,0,7,19,26,0,2,11,38,51,32,6,38,89
08/23/2018,WDG,OK,ASW,CE,Federal Contract Tower,0,4,11,37,52,0,2,19,33,54,0,6,30,70,106,20,98,118,224
08/24/2018,WDG,OK,ASW,CE,Federal Contract Tower,0,2,10,31,43,0,0,23,30,53,0,2,33,61,96,4,40,44,140
08/25/2018,WDG,OK,ASW,CE,Federal Contract Tower,0,2,1,0,3,0,0,36,7,43,0,2,37,7,46,38,2,40,86
08/26/2018,WDG,OK,ASW,CE,Federal Contract Tower,0,0,4,8,12,0,0,9,6,15,0,0,13,14,27,2,9,11,38
08/27/2018,WDG,OK,ASW,CE,Federal Contract Tower,0,2,5,23,30,0,0,4,23,27,0,2,9,46,57,0,50,50,107
08/28/2018,WDG,OK,ASW,CE,Federal Contract Tower,0,5,1,37,43,0,0,15,37,52,0,5,16,74,95,13,100,113,208
08/29/2018,WDG,OK,ASW,CE,Federal Contract Tower,0,2,4,27,33,0,0,15,35,50,0,2,19,62,83,18,82,100,183
08/30/2018,WDG,OK,ASW,CE,Federal Contract Tower,0,3,7,10,20,0,0,26,10,36,0,3,33,20,56,22,48,70,126
08/31/2018,WDG,OK,ASW,CE,Federal Contract Tower,0,2,10,0,12,0,0,28,0,28,0,2,38,0,40,0,0,0,40
09/01/2018,WDG,OK,ASW,CE,Federal Contract Tower,0,2,8,0,10,0,0,21,0,21,0,2,29,0,31,23,0,23,54
09/02/2018,WDG,OK,ASW,CE,Federal Contract Tower,0,0,11,1,12,0,0,11,0,11,0,0,22,1,23,2,8,10,33
09/03/2018,WDG,OK,ASW,CE,Federal Contract Tower,0,0,11,1,12,0,0,4,4,8,0,0,15,5,20,0,0,0,20
09/04/2018,WDG,OK,ASW,CE,Federal Contract Tower,0,2,6,21,29,0,0,1,0,1,0,2,7,21,30,0,0,0,30
09/05/2018,WDG,OK,ASW,CE,Federal Contract Tower,0,2,3,10,15,0,0,11,9,20,0,2,14,19,35,26,30,56,91
09/06/2018,WDG,OK,ASW,CE,Federal Contract Tower,0,2,19,37,58,0,0,4,27,31,0,2,23,64,89,9,7,16,105
09/07/2018,WDG,OK,ASW,CE,Federal Contract Tower,0,2,8,10,20,0,0,1,4,5,0,2,9,14,25,0,0,0,25
09/08/2018,WDG,OK,ASW,CE,Federal Contract Tower,0,2,8,5,15,0,0,3,0,3,0,2,11,5,18,34,0,34,52
09/09/2018,WDG,OK,ASW,CE,Federal Contract Tower,0,0,2,11,13,0,0,12,5,17,0,0,14,16,30,12,0,12,42
09/10/2018,WDG,OK,ASW,CE,Federal Contract Tower,0,3,9,29,41,0,0,15,29,44,0,3,24,58,85,0,76,76,161
09/11/2018,WDG,OK,ASW,CE,Federal Contract Tower,0,2,9,35,46,0,0,18,43,61,0,2,27,78,107,30,74,104,211
09/12/2018,WDG,OK,ASW,CE,Federal Contract Tower,0,2,10,34,46,0,0,5,19,24,0,2,15,53,70,11,13,24,94
09/13/2018,WDG,OK,ASW,CE,Federal Contract Tower,0,2,10,37,49,0,0,11,23,34,0,2,21,60,83,0,85,85,168
09/14/2018,WDG,OK,ASW,CE,Federal Contract Tower,0,2,7,6,15,0,0,21,23,44,0,2,28,29,59,16,63,79,138
09/15/2018,WDG,OK,ASW,CE,Federal Contract Tower,0,2,7,5,14,0,0,21,8,29,0,2,28,13,43,18,30,48,91
09/16/2018,WDG,OK,ASW,CE,Federal Contract Tower,0,0,2,8,10,0,0,30,10,40,0,0,32,18,50,0,6,6,56
09/17/2018,WDG,OK,ASW,CE,Federal Contract Tower,0,2,6,21,29,0,0,16,23,39,0,2,22,44,68,4,41,45,113
09/18/2018,WDG,OK,ASW,CE,Federal Contract Tower,0,2,6,15,23,0,0,21,21,42,0,2,27,36,65,8,22,30,95
09/19/2018,WDG,OK,ASW,CE,Federal Contract Tower,0,2,6,20,28,0,0,28,24,52,0,2,34,44,80,30,97,127,207
09/20/2018,WDG,OK,ASW,CE,Federal Contract Tower,0,2,16,33,51,0,0,29,54,83,0,2,45,87,134,23,122,145,279
09/21/2018,WDG,OK,ASW,CE,Federal Contract Tower,0,3,9,4,16,0,0,3,1,4,0,3,12,5,20,10,0,10,30
09/22/2018,WDG,OK,ASW,CE,Federal Contract Tower,0,3,7,3,13,0,0,65,3,68,0,3,72,6,81,66,0,66,147
09/23/2018,WDG,OK,ASW,CE,Federal Contract Tower,0,0,8,7,15,0,0,32,6,38,0,0,40,13,53,54,0,54,107
09/24/2018,WDG,OK,ASW,CE,Federal Contract Tower,0,2,14,34,50,0,0,5,18,23,0,2,19,52,73,0,35,35,108
09/25/2018,WDG,OK,ASW,CE,Federal Contract Tower,0,2,8,31,41,0,0,13,41,54,0,2,21,72,95,10,137,147,242
09/26/2018,WDG,OK,ASW,CE,Federal Contract Tower,0,3,5,37,45,0,0,25,40,65,0,3,30,77,110,12,88,100,210
09/27/2018,WDG,OK,ASW,CE,Federal Contract Tower,0,3,9,24,36,0,0,24,27,51,0,3,33,51,87,45,126,171,258
09/28/2018,WDG,OK,ASW,CE,Federal Contract Tower,0,2,8,16,26,0,0,26,16,42,0,2,34,32,68,34,14,48,116
09/29/2018,WDG,OK,ASW,CE,Federal Contract Tower,0,2,6,0,8,0,0,4,0,4,0,2,10,0,12,0,0,0,12
09/30/2018,WDG,OK,ASW,CE,Federal Contract Tower,0,0,8,13,21,0,0,11,7,18,0,0,19,20,39,2,25,27,66
10/02/2018,WDG,OK,ASW,CE,Federal Contract Tower,0,3,6,23,32,0,0,23,26,49,0,3,29,49,81,8,71,79,160
10/03/2018,WDG,OK,ASW,CE,Federal Contract Tower,0,2,5,23,30,0,0,14,29,43,0,2,19,52,73,0,72,72,145
10/04/2018,WDG,OK,ASW,CE,Federal Contract Tower,0,4,13,15,32,0,0,1,0,1,0,4,14,15,33,0,0,0,33
10/05/2018,WDG,OK,ASW,CE,Federal Contract Tower,0,9,11,9,29,0,0,14,19,33,0,9,25,28,62,10,128,138,200
10/06/2018,WDG,OK,ASW,CE,Federal Contract Tower,0,2,8,5,15,0,0,4,0,4,0,2,12,5,19,2,0,2,21
10/07/2018,WDG,OK,ASW,CE,Federal Contract Tower,0,0,12,3,15,0,0,0,0,0,0,0,12,3,15,0,0,0,15
10/08/2018,WDG,OK,ASW,CE,Federal Contract Tower,0,0,14,3,17,0,0,1,2,3,0,0,15,5,20,0,0,0,20
10/09/2018,WDG,OK,ASW,CE,Federal Contract Tower,0,4,3,16,23,0,0,0,5,5,0,4,3,21,28,0,0,0,28
10/11/2018,WDG,OK,ASW,CE,Federal Contract Tower,0,2,5,27,34,0,0,18,31,49,0,2,23,58,83,10,186,196,279
10/12/2018,WDG,OK,ASW,CE,Federal Contract Tower,0,2,2,19,23,0,0,1,18,19,0,2,3,37,42,0,0,0,42
10/13/2018,WDG,OK,ASW,CE,Federal Contract Tower,0,2,5,6,13,0,0,8,0,8,0,2,13,6,21,15,2,17,38
10/14/2018,WDG,OK,ASW,CE,Federal Contract Tower,0,0,5,5,10,0,0,0,0,0,0,0,5,5,10,0,0,0,10
10/15/2018,WDG,OK,ASW,CE,Federal Contract Tower,0,2,7,29,38,0,0,11,31,42,0,2,18,60,80,4,48,52,132
10/16/2018,WDG,OK,ASW,CE,Federal Contract Tower,0,2,11,40,53,0,0,36,48,84,0,2,47,88,137,26,68,94,231
10/17/2018,WDG,OK,ASW,CE,Federal Contract Tower,0,2,5,61,68,0,0,31,59,90,0,2,36,120,158,16,228,244,402
10/18/2018,WDG,OK,ASW,CE,Federal Contract Tower,0,2,9,35,46,0,0,8,38,46,0,2,17,73,92,0,172,172,264
10/19/2018,WDG,OK,ASW,CE,Federal Contract Tower,0,2,6,27,35,0,0,8,26,34,0,2,14,53,69,6,28,34,103
10/20/2018,WDG,OK,ASW,CE,Federal Contract Tower,0,2,5,2,9,0,0,34,4,38,0,2,39,6,47,65,2,67,114
10/21/2018,WDG,OK,ASW,CE,Federal Contract Tower,0,0,4,8,12,0,0,22,8,30,0,0,26,16,42,8,36,44,86
10/22/2018,WDG,OK,ASW,CE,Federal Contract Tower,0,2,5,38,45,0,0,20,42,62,0,2,25,80,107,14,196,210,317
10/23/2018,WDG,OK,ASW,CE,Federal Contract Tower,0,2,11,30,43,0,1,35,65,101,0,3,46,95,144,6,219,225,369
10/24/2018,WDG,OK,ASW,CE,Federal Contract Tower,0,2,9,27,38,0,0,6,34,40,0,2,15,61,78,0,106,106,184
10/25/2018,WDG,OK,ASW,CE,Federal Contract Tower,0,2,18,20,40,0,0,1,13,14,0,2,19,33,54,0,0,0,54
10/26/2018,WDG,OK,ASW,CE,Federal Contract Tower,0,4,7,21,32,0,0,21,21,42,0,4,28,42,74,20,44,64,138
10/27/2018,WDG,OK,ASW,CE,Federal Contract Tower,0,0,0,0,0,0,0,0,1,1,0,0,0,1,1,0,0,0,1
10/28/2018,WDG,OK,ASW,CE,Federal Contract Tower,0,0,14,9,23,0,0,35,8,43,0,0,49,17,66,38,0,38,104
10/29/2018,WDG,OK,ASW,CE,Federal Contract Tower,0,2,7,31,40,0,0,19,33,52,0,2,26,64,92,0,210,210,302
10/30/2018,WDG,OK,ASW,CE,Federal Contract Tower,0,2,11,39,52,0,0,16,36,52,0,2,27,75,104,16,105,121,225
10/31/2018,WDG,OK,ASW,CE,Federal Contract Tower,0,3,3,35,41,0,0,8,44,52,0,3,11,79,93,15,145,160,253
11/01/2018,WDG,OK,ASW,CE,Federal Contract Tower,0,3,10,24,37,0,0,20,28,48,0,3,30,52,85,56,96,152,237
11/02/2018,WDG,OK,ASW,CE,Federal Contract Tower,0,3,9,32,44,0,0,17,48,65,0,3,26,80,109,2,208,210,319
11/03/2018,WDG,OK,ASW,CE,Federal Contract Tower,0,2,3,7,12,0,0,38,2,40,0,2,41,9,52,20,0,20,72
11/04/2018,WDG,OK,ASW,CE,Federal Contract Tower,0,0,2,1,3,0,0,29,3,32,0,0,31,4,35,18,52,70,105
11/05/2018,WDG,OK,ASW,CE,Federal Contract Tower,0,2,8,44,54,0,0,12,44,56,0,2,20,88,110,2,58,60,170
11/06/2018,WDG,OK,ASW,CE,Federal Contract Tower,0,2,8,23,33,0,0,27,29,56,0,2,35,52,89,38,57,95,184
11/07/2018,WDG,OK,ASW,CE,Federal Contract Tower,0,2,11,40,53,0,0,14,40,54,0,2,25,80,107,17,58,75,182
11/08/2018,WDG,OK,ASW,CE,Federal Contract Tower,0,2,9,59,70,0,0,2,42,44,0,2,11,101,114,6,54,60,174
11/09/2018,WDG,OK,ASW,CE,Federal Contract Tower,0,2,6,25,33,0,0,26,27,53,0,2,32,52,86,0,104,104,190
11/10/2018,WDG,OK,ASW,CE,Federal Contract Tower,0,2,9,1,12,0,0,27,2,29,0,2,36,3,41,6,0,6,47
11/11/2018,WDG,OK,ASW,CE,Federal Contract Tower,0,0,9,5,14,0,0,13,2,15,0,0,22,7,29,4,25,29,58
11/12/2018,WDG,OK,ASW,CE,Federal Contract Tower,0,2,7,2,11,0,0,0,0,0,0,2,7,2,11,0,0,0,11
11/13/2018,WDG,OK,ASW,CE,Federal Contract Tower,0,2,3,15,20,0,0,10,18,28,0,2,13,33,48,18,4,22,70
11/14/2018,WDG,OK,ASW,CE,Federal Contract Tower,0,2,1,35,38,0,0,16,32,48,0,2,17,67,86,26,82,108,194
11/15/2018,WDG,OK,ASW,CE,Federal Contract Tower,0,2,13,31,46,0,0,5,33,38,0,2,18,64,84,4,74,78,162
11/16/2018,WDG,OK,ASW,CE,Federal Contract Tower,0,2,5,40,47,0,0,25,45,70,0,2,30,85,117,8,128,136,253
11/17/2018,WDG,OK,ASW,CE,Federal Contract Tower,0,2,3,11,16,0,0,15,7,22,0,2,18,18,38,30,0,30,68
11/18/2018,WDG,OK,ASW,CE,Federal Contract Tower,0,0,18,1,19,0,0,2,1,3,0,0,20,2,22,0,0,0,22
11/19/2018,WDG,OK,ASW,CE,Federal Contract Tower,0,3,3,24,30,0,0,15,25,40,0,3,18,49,70,10,27,37,107
11/20/2018,WDG,OK,ASW,CE,Federal Contract Tower,0,2,14,23,39,0,0,26,35,61,0,2,40,58,100,79,90,169,269
11/21/2018,WDG,OK,ASW,CE,Federal Contract Tower,0,2,15,8,25,0,0,28,8,36,0,2,43,16,61,4,2,6,67
11/22/2018,WDG,OK,ASW,CE,Federal Contract Tower,0,0,1,0,1,0,0,13,0,13,0,0,14,0,14,4,0,4,18
11/23/2018,WDG,OK,ASW,CE,Federal Contract Tower,0,2,4,0,6,0,0,8,0,8,0,2,12,0,14,0,0,0,14
11/24/2018,WDG,OK,ASW,CE,Federal Contract Tower,0,2,9,0,11,0,0,29,0,29,0,2,38,0,40,10,0,10,50
11/25/2018,WDG,OK,ASW,CE,Federal Contract Tower,0,2,6,0,8,0,0,5,0,5,0,2,11,0,13,0,0,0,13
11/26/2018,WDG,OK,ASW,CE,Federal Contract Tower,0,2,3,24,29,0,0,13,28,41,0,2,16,52,70,2,26,28,98
11/27/2018,WDG,OK,ASW,CE,Federal Contract Tower,0,2,9,26,37,0,0,24,26,50,0,2,33,52,87,4,36,40,127
11/28/2018,WDG,OK,ASW,CE,Federal Contract Tower,0,2,6,14,22,0,0,12,20,32,0,2,18,34,54,0,32,32,86
11/29/2018,WDG,OK,ASW,CE,Federal Contract Tower,0,2,9,25,36,0,0,29,29,58,0,2,38,54,94,18,74,92,186
11/30/2018,WDG,OK,ASW,CE,Federal Contract Tower,0,2,16,4,22,0,0,0,0,0,0,2,16,4,22,0,0,0,22
12/01/2018,WDG,OK,ASW,CE,Federal Contract Tower,0,3,7,3,13,0,0,5,3,8,0,3,12,6,21,0,0,0,21
12/02/2018,WDG,OK,ASW,CE,Federal Contract Tower,0,0,3,5,8,0,0,17,3,20,0,0,20,8,28,32,4,36,64
12/03/2018,WDG,OK,ASW,CE,Federal Contract Tower,0,2,6,6,14,0,0,6,6,12,0,2,12,12,26,0,14,14,40
12/04/2018,WDG,OK,ASW,CE,Federal Contract Tower,0,2,4,16,22,0,0,0,14,14,0,2,4,30,36,0,8,8,44
12/05/2018,WDG,OK,ASW,CE,Federal Contract Tower,0,2,8,1,11,0,0,43,0,43,0,2,51,1,54,20,0,20,74
12/06/2018,WDG,OK,ASW,CE,Federal Contract Tower,0,2,10,33,45,0,0,15,35,50,0,2,25,68,95,9,78,87,182
12/07/2018,WDG,OK,ASW,CE,Federal Contract Tower,0,4,3,9,16,0,0,0,9,9,0,4,3,18,25,13,6,19,44
12/08/2018,WDG,OK,ASW,CE,Federal Contract Tower,0,3,2,0,5,0,0,10,0,10,0,3,12,0,15,2,0,2,17
12/09/2018,WDG,OK,ASW,CE,Federal Contract Tower,0,0,1,4,5,0,0,41,5,46,0,0,42,9,51,12,0,12,63
12/10/2018,WDG,OK,ASW,CE,Federal Contract Tower,0,3,16,29,48,0,0,19,32,51,0,3,35,61,99,2,90,92,191
12/11/2018,WDG,OK,ASW,CE,Federal Contract Tower,0,2,6,27,35,0,0,11,29,40,0,2,17,56,75,0,16,16,91
12/12/2018,WDG,OK,ASW,CE,Federal Contract Tower,0,2,7,26,35,0,0,24,30,54,0,2,31,56,89,30,21,51,140
12/13/2018,WDG,OK,ASW,CE,Federal Contract Tower,0,2,6,7,15,0,0,0,6,6,0,2,6,13,21,0,14,14,35
12/14/2018,WDG,OK,ASW,CE,Federal Contract Tower,0,2,8,40,50,0,0,4,43,47,0,2,12,83,97,0,81,81,178
12/15/2018,WDG,OK,ASW,CE,Federal Contract Tower,0,2,2,7,11,0,0,45,8,53,0,2,47,15,64,26,10,36,100
12/16/2018,WDG,OK,ASW,CE,Federal Contract Tower,0,1,7,11,19,0,0,37,2,39,0,1,44,13,58,18,0,18,76
12/17/2018,WDG,OK,ASW,CE,Federal Contract Tower,0,2,8,27,37,0,1,15,30,46,0,3,23,57,83,0,56,56,139
12/18/2018,WDG,OK,ASW,CE,Federal Contract Tower,0,2,9,25,36,0,0,14,27,41,0,2,23,52,77,0,39,39,116
12/19/2018,WDG,OK,ASW,CE,Federal Contract Tower,0,2,10,34,46,0,0,7,30,37,0,2,17,64,83,2,26,28,111
12/20/2018,WDG,OK,ASW,CE,Federal Contract Tower,0,2,4,27,33,0,0,9,29,38,0,2,13,56,71,0,40,40,111
12/21/2018,WDG,OK,ASW,CE,Federal Contract Tower,0,2,4,22,28,0,0,24,23,47,0,2,28,45,75,6,34,40,115
12/22/2018,WDG,OK,ASW,CE,Federal Contract Tower,0,2,2,0,4,0,0,23,0,23,0,2,25,0,27,0,0,0,27
12/23/2018,WDG,OK,ASW,CE,Federal Contract Tower,0,0,7,0,7,0,0,33,0,33,0,0,40,0,40,36,0,36,76
12/24/2018,WDG,OK,ASW,CE,Federal Contract Tower,0,2,1,0,3,0,0,14,0,14,0,2,15,0,17,0,0,0,17
12/25/2018,WDG,OK,ASW,CE,Federal Contract Tower,0,0,2,0,2,0,0,9,0,9,0,0,11,0,11,2,0,2,13
12/26/2018,WDG,OK,ASW,CE,Federal Contract Tower,0,2,6,0,8,0,0,0,0,0,0,2,6,0,8,0,0,0,8
12/27/2018,WDG,OK,ASW,CE,Federal Contract Tower,0,3,13,0,16,0,0,5,0,5,0,3,18,0,21,0,0,0,21
12/28/2018,WDG,OK,ASW,CE,Federal Contract Tower,0,2,12,3,17,0,0,17,0,17,0,2,29,3,34,10,0,10,44
12/29/2018,WDG,OK,ASW,CE,Federal Contract Tower,0,2,1,0,3,0,0,6,0,6,0,2,7,0,9,0,0,0,9
12/30/2018,WDG,OK,ASW,CE,Federal Contract Tower,0,0,3,0,3,0,0,13,0,13,0,0,16,0,16,2,0,2,18
12/31/2018,WDG,OK,ASW,CE,Federal Contract Tower,0,0,1,0,1,0,0,3,0,3,0,0,4,0,4,2,0,2,6
01/01/2019,WDG,OK,ASW,CE,Federal Contract Tower,0,0,2,0,2,0,0,2,0,2,0,0,4,0,4,0,0,0,4
01/02/2019,WDG,OK,ASW,CE,Federal Contract Tower,0,2,7,23,32,0,0,3,23,26,0,2,10,46,58,0,46,46,104
01/03/2019,WDG,OK,ASW,CE,Federal Contract Tower,0,0,1,0,1,0,0,0,0,0,0,0,1,0,1,0,0,0,1
01/04/2019,WDG,OK,ASW,CE,Federal Contract Tower,0,2,7,20,29,0,0,8,20,28,0,2,15,40,57,33,69,102,159
01/05/2019,WDG,OK,ASW,CE,Federal Contract Tower,0,2,4,8,14,0,0,60,5,65,0,2,64,13,79,28,5,33,112
01/06/2019,WDG,OK,ASW,CE,Federal Contract Tower,0,0,6,9,15,0,0,10,2,12,0,0,16,11,27,0,4,4,31
01/07/2019,WDG,OK,ASW,CE,Federal Contract Tower,0,1,9,25,35,0,1,21,27,49,0,2,30,52,84,0,63,63,147
01/08/2019,WDG,OK,ASW,CE,Federal Contract Tower,0,4,3,27,34,0,0,19,29,48,0,4,22,56,82,8,32,40,122
01/09/2019,WDG,OK,ASW,CE,Federal Contract Tower,0,2,8,39,49,0,0,36,40,76,0,2,44,79,125,32,58,90,215
01/10/2019,WDG,OK,ASW,CE,Federal Contract Tower,0,3,2,29,34,0,0,5,38,43,0,3,7,67,77,0,43,43,120
01/11/2019,WDG,OK,ASW,CE,Federal Contract Tower,0,2,3,6,11,0,0,0,0,0,0,2,3,6,11,0,0,0,11
01/12/2019,WDG,OK,ASW,CE,Federal Contract Tower,0,3,5,0,8,0,0,1,0,1,0,3,6,0,9,0,0,0,9
01/13/2019,WDG,OK,ASW,CE,Federal Contract Tower,0,0,5,7,12,0,0,3,4,7,0,0,8,11,19,0,0,0,19
01/14/2019,WDG,OK,ASW,CE,Federal Contract Tower,0,2,6,30,38,0,0,2,27,29,0,2,8,57,67,0,38,38,105
01/15/2019,WDG,OK,ASW,CE,Federal Contract Tower,0,2,5,25,32,0,1,8,27,36,0,3,13,52,68,0,42,42,110
01/16/2019,WDG,OK,ASW,CE,Federal Contract Tower,0,2,10,0,12,0,0,0,0,0,0,2,10,0,12,0,0,0,12
01/17/2019,WDG,OK,ASW,CE,Federal Contract Tower,0,2,17,73,92,0,0,4,25,29,0,2,21,98,121,11,12,23,144
01/18/2019,WDG,OK,ASW,CE,Federal Contract Tower,0,2,8,16,26,0,0,7,6,13,0,2,15,22,39,12,30,42,81
01/19/2019,WDG,OK,ASW,CE,Federal Contract Tower,0,2,2,7,11,0,0,0,1,1,0,2,2,8,12,0,14,14,26
01/20/2019,WDG,OK,ASW,CE,Federal Contract Tower,0,0,11,28,39,0,0,15,13,28,0,0,26,41,67,6,24,30,97
01/21/2019,WDG,OK,ASW,CE,Federal Contract Tower,0,2,3,15,20,0,0,6,5,11,0,2,9,20,31,0,30,30,61
01/22/2019,WDG,OK,ASW,CE,Federal Contract Tower,0,0,5,18,23,0,0,0,0,0,0,0,5,18,23,0,0,0,23
01/23/2019,WDG,OK,ASW,CE,Federal Contract Tower,0,2,3,55,60,0,0,12,46,58,0,2,15,101,118,10,54,64,182
01/24/2019,WDG,OK,ASW,CE,Federal Contract Tower,0,6,5,43,54,0,0,5,50,55,0,6,10,93,109,10,114,124,233
01/25/2019,WDG,OK,ASW,CE,Federal Contract Tower,0,2,20,32,54,0,1,15,38,54,0,3,35,70,108,24,95,119,227
01/26/2019,WDG,OK,ASW,CE,Federal Contract Tower,0,2,2,5,9,0,0,34,2,36,0,2,36,7,45,30,6,36,81
01/27/2019,WDG,OK,ASW,CE,Federal Contract Tower,0,0,6,2,8,0,0,35,2,37,0,0,41,4,45,18,0,18,63
01/28/2019,WDG,OK,ASW,CE,Federal Contract Tower,0,2,6,27,35,0,0,10,27,37,0,2,16,54,72,0,38,38,110
01/29/2019,WDG,OK,ASW,CE,Federal Contract Tower,0,3,4,31,38,0,0,14,31,45,0,3,18,62,83,0,70,70,153
01/30/2019,WDG,OK,ASW,CE,Federal Contract Tower,0,3,1,33,37,0,0,7,34,41,0,3,8,67,78,0,132,132,210
01/31/2019,WDG,OK,ASW,CE,Federal Contract Tower,0,2,6,23,31,0,0,8,24,32,0,2,14,47,63,0,57,57,120
02/01/2019,WDG,OK,ASW,CE,Federal Contract Tower,0,2,6,10,18,0,0,3,6,9,0,2,9,16,27,0,2,2,29
02/02/2019,WDG,OK,ASW,CE,Federal Contract Tower,0,2,9,10,21,0,0,9,1,10,0,2,18,11,31,18,6,24,55
02/03/2019,WDG,OK,ASW,CE,Federal Contract Tower,0,0,5,5,10,0,0,4,5,9,0,0,9,10,19,0,0,0,19
02/04/2019,WDG,OK,ASW,CE,Federal Contract Tower,0,2,1,79,82,0,0,4,35,39,0,2,5,114,121,18,46,64,185
02/05/2019,WDG,OK,ASW,CE,Federal Contract Tower,0,0,3,0,3,0,0,0,0,0,0,0,3,0,3,0,0,0,3
02/06/2019,WDG,OK,ASW,CE,Federal Contract Tower,0,0,2,0,2,0,0,0,0,0,0,0,2,0,2,0,0,0,2
02/07/2019,WDG,OK,ASW,CE,Federal Contract Tower,0,0,3,8,11,0,0,4,10,14,0,0,7,18,25,0,0,0,25
02/08/2019,WDG,OK,ASW,CE,Federal Contract Tower,0,2,6,23,31,0,0,20,30,50,0,2,26,53,81,12,124,136,217
02/09/2019,WDG,OK,ASW,CE,Federal Contract Tower,0,2,1,8,11,0,0,26,9,35,0,2,27,17,46,23,7,30,76
02/10/2019,WDG,OK,ASW,CE,Federal Contract Tower,0,2,8,10,20,0,0,0,1,1,0,2,8,11,21,0,0,0,21
02/11/2019,WDG,OK,ASW,CE,Federal Contract Tower,0,2,12,3,17,0,0,1,2,3,0,2,13,5,20,0,0,0,20
02/12/2019,WDG,OK,ASW,CE,Federal Contract Tower,0,2,4,37,43,0,0,25,65,90,0,2,29,102,133,2,126,128,261
02/13/2019,WDG,OK,ASW,CE,Federal Contract Tower,0,2,4,36,42,0,0,7,43,50,0,2,11,79,92,0,96,96,188
02/14/2019,WDG,OK,ASW,CE,Federal Contract Tower,0,2,7,42,51,0,0,30,56,86,0,2,37,98,137,10,188,198,335
02/15/2019,WDG,OK,ASW,CE,Federal Contract Tower,0,0,4,12,16,0,0,1,0,1,0,0,5,12,17,0,0,0,17
02/16/2019,WDG,OK,ASW,CE,Federal Contract Tower,0,0,2,0,2,0,0,0,0,0,0,0,2,0,2,0,0,0,2
02/17/2019,WDG,OK,ASW,CE,Federal Contract Tower,0,0,4,18,22,0,0,24,3,27,0,0,28,21,49,14,8,22,71
02/18/2019,WDG,OK,ASW,CE,Federal Contract Tower,0,2,4,8,14,0,0,20,4,24,0,2,24,12,38,5,16,21,59
02/19/2019,WDG,OK,ASW,CE,Federal Contract Tower,0,0,1,31,32,0,0,4,26,30,0,0,5,57,62,0,10,10,72
02/20/2019,WDG,OK,ASW,CE,Federal Contract Tower,0,2,6,28,36,0,0,7,25,32,0,2,13,53,68,2,4,6,74
02/21/2019,WDG,OK,ASW,CE,Federal Contract Tower,0,2,5,26,33,0,0,29,32,61,0,2,34,58,94,11,39,50,144
02/22/2019,WDG,OK,ASW,CE,Federal Contract Tower,0,2,1,64,67,0,0,6,10,16,0,2,7,74,83,4,2,6,89
02/23/2019,WDG,OK,ASW,CE,Federal Contract Tower,0,0,3,1,4,0,0,0,0,0,0,0,3,1,4,0,2,2,6
02/24/2019,WDG,OK,ASW,CE,Federal Contract Tower,0,0,4,14,18,0,0,37,11,48,0,0,41,25,66,38,14,52,118
02/25/2019,WDG,OK,ASW,CE,Federal Contract Tower,0,3,5,35,43,0,0,15,36,51,0,3,20,71,94,0,192,192,286
02/26/2019,WDG,OK,ASW,CE,Federal Contract Tower,0,2,2,8,12,0,0,2,0,2,0,2,4,8,14,0,0,0,14
02/27/2019,WDG,OK,ASW,CE,Federal Contract Tower,0,0,0,0,0,0,0,0,0,0,0,0,0,0,0,0,0,0,0
02/28/2019,WDG,OK,ASW,CE,Federal Contract Tower,0,2,4,8,14,0,0,4,8,12,0,2,8,16,26,2,2,4,30
03/01/2019,WDG,OK,ASW,CE,Federal Contract Tower,0,2,6,19,27,0,0,16,19,35,0,2,22,38,62,10,46,56,118
03/02/2019,WDG,OK,ASW,CE,Federal Contract Tower,0,1,1,20,22,0,1,8,1,10,0,2,9,21,32,4,45,49,81
03/03/2019,WDG,OK,ASW,CE,Federal Contract Tower,0,0,4,0,4,0,0,2,0,2,0,0,6,0,6,0,0,0,6
03/04/2019,WDG,OK,ASW,CE,Federal Contract Tower,0,2,1,14,17,0,0,5,14,19,0,2,6,28,36,0,4,4,40
03/05/2019,WDG,OK,ASW,CE,Federal Contract Tower,0,2,5,42,49,0,0,10,50,60,0,2,15,92,109,12,71,83,192
03/06/2019,WDG,OK,ASW,CE,Federal Contract Tower,0,2,1,36,39,0,0,5,38,43,0,2,6,74,82,0,114,114,196
03/07/2019,WDG,OK,ASW,CE,Federal Contract Tower,0,2,4,25,31,0,0,24,30,54,0,2,28,55,85,6,80,86,171
03/08/2019,WDG,OK,ASW,CE,Federal Contract Tower,0,2,10,25,37,0,0,0,0,0,0,2,10,25,37,0,0,0,37
03/09/2019,WDG,OK,ASW,CE,Federal Contract Tower,0,2,0,22,24,0,0,8,3,11,0,2,8,25,35,0,16,16,51
03/10/2019,WDG,OK,ASW,CE,Federal Contract Tower,0,0,5,27,32,0,0,37,20,57,0,0,42,47,89,4,24,28,117
03/11/2019,WDG,OK,ASW,CE,Federal Contract Tower,0,2,4,46,52,0,0,9,44,53,0,2,13,90,105,17,32,49,154
03/12/2019,WDG,OK,ASW,CE,Federal Contract Tower,0,2,4,1,7,0,0,0,0,0,0,2,4,1,7,0,0,0,7
03/13/2019,WDG,OK,ASW,CE,Federal Contract Tower,0,0,1,7,8,0,0,0,6,6,0,0,1,13,14,0,2,2,16
03/14/2019,WDG,OK,ASW,CE,Federal Contract Tower,0,2,8,2,12,0,0,4,4,8,0,2,12,6,20,0,8,8,28
03/15/2019,WDG,OK,ASW,CE,Federal Contract Tower,0,2,13,60,75,0,0,22,64,86,0,2,35,124,161,34,96,130,291
03/16/2019,WDG,OK,ASW,CE,Federal Contract Tower,0,2,3,15,20,0,0,51,18,69,0,2,54,33,89,50,40,90,179
03/17/2019,WDG,OK,ASW,CE,Federal Contract Tower,0,0,9,18,27,0,0,38,17,55,0,0,47,35,82,11,28,39,121
03/18/2019,WDG,OK,ASW,CE,Federal Contract Tower,0,1,3,22,26,0,1,26,22,49,0,2,29,44,75,6,76,82,157
03/19/2019,WDG,OK,ASW,CE,Federal Contract Tower,0,2,4,40,46,0,0,10,42,52,0,2,14,82,98,5,186,191,289
03/20/2019,WDG,OK,ASW,CE,Federal Contract Tower,0,3,8,26,37,0,0,8,34,42,0,3,16,60,79,4,82,86,165
03/21/2019,WDG,OK,ASW,CE,Federal Contract Tower,0,2,12,54,68,0,0,29,57,86,0,2,41,111,154,40,38,78,232
03/22/2019,WDG,OK,ASW,CE,Federal Contract Tower,0,2,4,50,56,0,0,28,51,79,0,2,32,101,135,16,216,232,367
03/23/2019,WDG,OK,ASW,CE,Federal Contract Tower,0,2,5,5,12,0,0,14,3,17,0,2,19,8,29,24,8,32,61
03/24/2019,WDG,OK,ASW,CE,Federal Contract Tower,0,0,4,14,18,0,0,12,9,21,0,0,16,23,39,28,20,48,87
03/25/2019,WDG,OK,ASW,CE,Federal Contract Tower,0,2,6,57,65,0,0,7,61,68,0,2,13,118,133,0,152,152,285
03/26/2019,WDG,OK,ASW,CE,Federal Contract Tower,0,2,5,34,41,0,0,26,42,68,0,2,31,76,109,18,56,74,183
03/27/2019,WDG,OK,ASW,CE,Federal Contract Tower,0,3,4,12,19,0,0,9,18,27,0,3,13,30,46,0,60,60,106
03/28/2019,WDG,OK,ASW,CE,Federal Contract Tower,0,2,7,31,40,0,0,15,35,50,0,2,22,66,90,2,68,70,160
03/29/2019,WDG,OK,ASW,CE,Federal Contract Tower,0,2,7,33,42,0,0,2,28,30,0,2,9,61,72,2,122,124,196
03/30/2019,WDG,OK,ASW,CE,Federal Contract Tower,0,2,2,2,6,0,0,0,0,0,0,2,2,2,6,0,0,0,6
03/31/2019,WDG,OK,ASW,CE,Federal Contract Tower,0,2,3,4,9,0,0,29,6,35,0,2,32,10,44,18,13,31,75
04/01/2019,WDG,OK,ASW,CE,Federal Contract Tower,0,2,6,40,48,0,0,7,43,50,0,2,13,83,98,0,132,132,230
04/02/2019,WDG,OK,ASW,CE,Federal Contract Tower,0,2,0,26,28,0,0,24,30,54,0,2,24,56,82,0,34,34,116
04/03/2019,WDG,OK,ASW,CE,Federal Contract Tower,0,2,3,40,45,0,0,11,40,51,0,2,14,80,96,0,94,94,190
04/04/2019,WDG,OK,ASW,CE,Federal Contract Tower,0,2,4,48,54,0,0,11,50,61,0,2,15,98,115,11,76,87,202
04/05/2019,WDG,OK,ASW,CE,Federal Contract Tower,0,2,8,31,41,0,0,27,35,62,0,2,35,66,103,16,100,116,219
04/06/2019,WDG,OK,ASW,CE,Federal Contract Tower,0,2,0,22,24,0,0,8,3,11,0,2,8,25,35,2,48,50,85
04/07/2019,WDG,OK,ASW,CE,Federal Contract Tower,0,0,9,14,23,0,0,15,10,25,0,0,24,24,48,14,4,18,66
04/08/2019,WDG,OK,ASW,CE,Federal Contract Tower,0,2,4,36,42,0,0,20,36,56,0,2,24,72,98,22,54,76,174
04/09/2019,WDG,OK,ASW,CE,Federal Contract Tower,0,2,5,26,33,0,0,20,27,47,0,2,25,53,80,20,50,70,150
04/10/2019,WDG,OK,ASW,CE,Federal Contract Tower,0,0,8,29,37,0,0,14,35,49,0,0,22,64,86,6,94,100,186
04/11/2019,WDG,OK,ASW,CE,Federal Contract Tower,0,2,6,0,8,0,0,17,3,20,0,2,23,3,28,2,0,2,30
04/12/2019,WDG,OK,ASW,CE,Federal Contract Tower,0,2,6,23,31,0,0,38,34,72,0,2,44,57,103,0,120,120,223
04/13/2019,WDG,OK,ASW,CE,Federal Contract Tower,0,2,2,3,7,0,0,0,0,0,0,2,2,3,7,0,0,0,7
04/14/2019,WDG,OK,ASW,CE,Federal Contract Tower,0,1,8,16,25,0,0,25,10,35,0,1,33,26,60,4,24,28,88
04/15/2019,WDG,OK,ASW,CE,Federal Contract Tower,0,2,4,13,19,0,0,11,19,30,0,2,15,32,49,0,48,48,97
04/16/2019,WDG,OK,ASW,CE,Federal Contract Tower,0,2,3,13,18,0,0,3,25,28,0,2,6,38,46,0,46,46,92
04/17/2019,WDG,OK,ASW,CE,Federal Contract Tower,0,0,2,20,22,0,0,8,23,31,0,0,10,43,53,7,0,7,60
04/18/2019,WDG,OK,ASW,CE,Federal Contract Tower,0,4,7,20,31,0,0,21,30,51,0,4,28,50,82,2,2,4,86
04/19/2019,WDG,OK,ASW,CE,Federal Contract Tower,0,2,3,24,29,0,0,19,27,46,0,2,22,51,75,10,56,66,141
04/20/2019,WDG,OK,ASW,CE,Federal Contract Tower,0,2,0,2,4,0,0,31,7,38,0,2,31,9,42,32,42,74,116
04/21/2019,WDG,OK,ASW,CE,Federal Contract Tower,0,0,7,10,17,0,0,13,13,26,0,0,20,23,43,8,18,26,69
04/22/2019,WDG,OK,ASW,CE,Federal Contract Tower,0,2,8,44,54,0,0,25,44,69,0,2,33,88,123,0,44,44,167
04/23/2019,WDG,OK,ASW,CE,Federal Contract Tower,0,2,6,38,46,0,0,0,10,10,0,2,6,48,56,0,0,0,56
04/24/2019,WDG,OK,ASW,CE,Federal Contract Tower,0,2,7,30,39,0,0,23,28,51,0,2,30,58,90,6,72,78,168
04/25/2019,WDG,OK,ASW,CE,Federal Contract Tower,0,2,3,25,30,0,0,13,26,39,0,2,16,51,69,0,26,26,95
04/26/2019,WDG,OK,ASW,CE,Federal Contract Tower,0,2,12,23,37,0,0,39,24,63,0,2,51,47,100,0,40,40,140
04/27/2019,WDG,OK,ASW,CE,Federal Contract Tower,0,4,1,4,9,0,2,28,6,36,0,6,29,10,45,28,26,54,99
04/28/2019,WDG,OK,ASW,CE,Federal Contract Tower,0,3,4,6,13,0,0,21,2,23,0,3,25,8,36,11,12,23,59
04/29/2019,WDG,OK,ASW,CE,Federal Contract Tower,0,2,6,38,46,0,0,0,9,9,0,2,6,47,55,0,20,20,75
04/30/2019,WDG,OK,ASW,CE,Federal Contract Tower,0,0,3,2,5,0,0,0,2,2,0,0,3,4,7,0,0,0,7
05/01/2019,WDG,OK,ASW,CE,Federal Contract Tower,0,2,3,51,56,0,0,1,2,3,0,2,4,53,59,0,0,0,59
05/02/2019,WDG,OK,ASW,CE,Federal Contract Tower,0,2,12,70,84,0,0,20,5,25,0,2,32,75,109,16,4,20,129
05/03/2019,WDG,OK,ASW,CE,Federal Contract Tower,0,2,4,14,20,0,0,0,0,0,0,2,4,14,20,0,0,0,20
05/04/2019,WDG,OK,ASW,CE,Federal Contract Tower,0,4,3,17,24,0,0,16,9,25,0,4,19,26,49,47,34,81,130
05/05/2019,WDG,OK,ASW,CE,Federal Contract Tower,0,0,1,13,14,0,2,18,18,38,0,2,19,31,52,76,28,104,156
05/06/2019,WDG,OK,ASW,CE,Federal Contract Tower,0,2,7,26,35,0,0,17,31,48,0,2,24,57,83,36,79,115,198
05/07/2019,WDG,OK,ASW,CE,Federal Contract Tower,0,0,3,42,45,0,0,4,47,51,0,0,7,89,96,0,107,107,203
05/08/2019,WDG,OK,ASW,CE,Federal Contract Tower,0,2,6,30,38,0,0,8,29,37,0,2,14,59,75,0,38,38,113
05/09/2019,WDG,OK,ASW,CE,Federal Contract Tower,0,0,10,69,79,0,2,3,70,75,0,2,13,139,154,0,106,106,260
05/10/2019,WDG,OK,ASW,CE,Federal Contract Tower,0,2,3,44,49,0,0,42,49,91,0,2,45,93,140,53,73,126,266
05/11/2019,WDG,OK,ASW,CE,Federal Contract Tower,0,2,5,20,27,0,0,16,2,18,0,2,21,22,45,41,22,63,108
05/12/2019,WDG,OK,ASW,CE,Federal Contract Tower,0,0,3,21,24,0,0,19,9,28,0,0,22,30,52,22,14,36,88
05/13/2019,WDG,OK,ASW,CE,Federal Contract Tower,0,2,6,29,37,0,0,25,31,56,0,2,31,60,93,0,54,54,147
05/14/2019,WDG,OK,ASW,CE,Federal Contract Tower,0,2,5,28,35,0,0,31,29,60,0,2,36,57,95,28,60,88,183
05/15/2019,WDG,OK,ASW,CE,Federal Contract Tower,0,2,4,23,29,0,0,27,25,52,0,2,31,48,81,12,34,46,127
05/16/2019,WDG,OK,ASW,CE,Federal Contract Tower,0,2,5,21,28,0,0,20,21,41,0,2,25,42,69,16,22,38,107
05/17/2019,WDG,OK,ASW,CE,Federal Contract Tower,0,2,16,14,32,0,0,9,13,22,0,2,25,27,54,0,4,4,58
05/18/2019,WDG,OK,ASW,CE,Federal Contract Tower,0,2,2,2,6,0,0,3,0,3,0,2,5,2,9,12,0,12,21
05/19/2019,WDG,OK,ASW,CE,Federal Contract Tower,0,0,5,2,7,0,0,45,7,52,0,0,50,9,59,76,4,80,139
05/20/2019,WDG,OK,ASW,CE,Federal Contract Tower,0,0,1,2,3,0,0,0,0,0,0,0,1,2,3,0,4,4,7
05/21/2019,WDG,OK,ASW,CE,Federal Contract Tower,0,4,5,7,16,0,0,4,3,7,0,4,9,10,23,0,0,0,23
05/22/2019,WDG,OK,ASW,CE,Federal Contract Tower,0,0,9,19,28,0,0,23,16,39,0,0,32,35,67,18,68,86,153
05/23/2019,WDG,OK,ASW,CE,Federal Contract Tower,0,0,19,28,47,0,0,6,21,27,0,0,25,49,74,0,20,20,94
05/24/2019,WDG,OK,ASW,CE,Federal Contract Tower,0,1,2,0,3,0,0,1,0,1,0,1,3,0,4,0,0,0,4
05/25/2019,WDG,OK,ASW,CE,Federal Contract Tower,0,2,2,4,8,0,0,13,0,13,0,2,15,4,21,0,0,0,21
05/26/2019,WDG,OK,ASW,CE,Federal Contract Tower,0,1,2,0,3,0,0,19,0,19,0,1,21,0,22,26,0,26,48
05/27/2019,WDG,OK,ASW,CE,Federal Contract Tower,0,0,0,2,2,0,0,27,2,29,0,0,27,4,31,14,4,18,49
05/28/2019,WDG,OK,ASW,CE,Federal Contract Tower,0,0,7,22,29,0,0,5,20,25,0,0,12,42,54,36,38,74,128
05/29/2019,WDG,OK,ASW,CE,Federal Contract Tower,0,2,12,37,51,0,0,7,37,44,0,2,19,74,95,14,18,32,127
05/30/2019,WDG,OK,ASW,CE,Federal Contract Tower,0,2,11,19,32,0,0,30,19,49,0,2,41,38,81,24,56,80,161
05/31/2019,WDG,OK,ASW,CE,Federal Contract Tower,0,2,8,17,27,0,0,18,23,41,0,2,26,40,68,67,45,112,180
06/01/2019,WDG,OK,ASW,CE,Federal Contract Tower,0,2,0,10,12,0,0,14,9,23,0,2,14,19,35,70,14,84,119
06/02/2019,WDG,OK,ASW,CE,Federal Contract Tower,0,0,1,16,17,0,0,16,15,31,0,0,17,31,48,44,6,50,98
06/03/2019,WDG,OK,ASW,CE,Federal Contract Tower,0,2,3,14,19,0,0,10,20,30,0,2,13,34,49,34,79,113,162
06/04/2019,WDG,OK,ASW,CE,Federal Contract Tower,0,2,3,16,21,0,0,8,16,24,0,2,11,32,45,32,36,68,113
06/05/2019,WDG,OK,ASW,CE,Federal Contract Tower,0,2,3,38,43,0,0,31,37,68,0,2,34,75,111,10,74,84,195
06/06/2019,WDG,OK,ASW,CE,Federal Contract Tower,0,2,3,0,5,0,0,8,0,8,0,2,11,0,13,0,0,0,13
06/07/2019,WDG,OK,ASW,CE,Federal Contract Tower,0,2,9,21,32,0,0,25,21,46,0,2,34,42,78,30,36,66,144
06/08/2019,WDG,OK,ASW,CE,Federal Contract Tower,0,1,4,2,7,0,1,58,1,60,0,2,62,3,67,36,6,42,109
06/09/2019,WDG,OK,ASW,CE,Federal Contract Tower,0,0,3,8,11,0,0,4,6,10,0,0,7,14,21,0,0,0,21
06/10/2019,WDG,OK,ASW,CE,Federal Contract Tower,0,2,6,43,51,0,0,32,44,76,0,2,38,87,127,22,83,105,232
06/11/2019,WDG,OK,ASW,CE,Federal Contract Tower,0,2,4,30,36,0,0,23,34,57,0,2,27,64,93,23,26,49,142
06/12/2019,WDG,OK,ASW,CE,Federal Contract Tower,0,2,11,49,62,0,0,7,53,60,0,2,18,102,122,10,40,50,172
06/13/2019,WDG,OK,ASW,CE,Federal Contract Tower,0,2,7,40,49,0,0,32,42,74,0,2,39,82,123,56,46,102,225
06/14/2019,WDG,OK,ASW,CE,Federal Contract Tower,0,2,0,26,28,0,0,11,29,40,0,2,11,55,68,0,56,56,124
06/15/2019,WDG,OK,ASW,CE,Federal Contract Tower,0,2,7,4,13,0,0,38,4,42,0,2,45,8,55,40,0,40,95
06/16/2019,WDG,OK,ASW,CE,Federal Contract Tower,0,0,9,16,25,0,0,1,13,14,0,0,10,29,39,0,0,0,39
06/17/2019,WDG,OK,ASW,CE,Federal Contract Tower,0,2,1,45,48,0,0,19,51,70,0,2,20,96,118,22,34,56,174
06/18/2019,WDG,OK,ASW,CE,Federal Contract Tower,0,3,4,32,39,0,0,14,36,50,0,3,18,68,89,0,96,96,185
06/19/2019,WDG,OK,ASW,CE,Federal Contract Tower,0,2,5,28,35,0,0,28,28,56,0,2,33,56,91,23,52,75,166
06/20/2019,WDG,OK,ASW,CE,Federal Contract Tower,0,2,3,26,31,0,0,22,26,48,0,2,25,52,79,12,46,58,137
06/21/2019,WDG,OK,ASW,CE,Federal Contract Tower,0,2,5,15,22,0,0,22,18,40,0,2,27,33,62,0,26,26,88
06/22/2019,WDG,OK,ASW,CE,Federal Contract Tower,0,2,2,7,11,0,0,6,0,6,0,2,8,7,17,78,2,80,97
06/23/2019,WDG,OK,ASW,CE,Federal Contract Tower,0,0,8,4,12,0,0,20,9,29,0,0,28,13,41,18,6,24,65
06/24/2019,WDG,OK,ASW,CE,Federal Contract Tower,0,2,2,28,32,0,0,19,30,49,0,2,21,58,81,45,58,103,184
06/25/2019,WDG,OK,ASW,CE,Federal Contract Tower,0,2,7,21,30,0,0,18,24,42,0,2,25,45,72,46,84,130,202
06/26/2019,WDG,OK,ASW,CE,Federal Contract Tower,0,2,10,27,39,0,0,34,27,61,0,2,44,54,100,4,98,102,202
06/27/2019,WDG,OK,ASW,CE,Federal Contract Tower,0,2,6,37,45,0,0,32,31,63,0,2,38,68,108,24,56,80,188
06/28/2019,WDG,OK,ASW,CE,Federal Contract Tower,0,2,9,38,49,0,0,23,30,53,0,2,32,68,102,35,82,117,219
06/29/2019,WDG,OK,ASW,CE,Federal Contract Tower,0,2,2,12,16,0,0,33,4,37,0,2,35,16,53,74,26,100,153
06/30/2019,WDG,OK,ASW,CE,Federal Contract Tower,0,0,3,10,13,0,0,11,5,16,0,0,14,15,29,0,4,4,33
07/01/2019,WDG,OK,ASW,CE,Federal Contract Tower,0,2,5,27,34,0,0,15,26,41,0,2,20,53,75,9,112,121,196
07/02/2019,WDG,OK,ASW,CE,Federal Contract Tower,0,2,11,52,65,0,0,13,33,46,0,2,24,85,111,22,91,113,224
07/03/2019,WDG,OK,ASW,CE,Federal Contract Tower,0,2,3,12,17,0,0,12,6,18,0,2,15,18,35,16,0,16,51
07/04/2019,WDG,OK,ASW,CE,Federal Contract Tower,0,0,8,0,8,0,0,13,0,13,0,0,21,0,21,7,0,7,28
07/05/2019,WDG,OK,ASW,CE,Federal Contract Tower,0,2,5,0,7,0,0,26,0,26,0,2,31,0,33,15,0,15,48
07/06/2019,WDG,OK,ASW,CE,Federal Contract Tower,0,2,5,0,7,0,0,22,0,22,0,2,27,0,29,22,0,22,51
07/07/2019,WDG,OK,ASW,CE,Federal Contract Tower,0,0,9,0,9,0,0,9,0,9,0,0,18,0,18,0,0,0,18
07/08/2019,WDG,OK,ASW,CE,Federal Contract Tower,0,2,7,68,77,0,0,8,23,31,0,2,15,91,108,26,16,42,150
07/09/2019,WDG,OK,ASW,CE,Federal Contract Tower,0,2,2,51,55,0,0,15,22,37,0,2,17,73,92,46,62,108,200
07/10/2019,WDG,OK,ASW,CE,Federal Contract Tower,0,2,6,72,80,0,0,16,37,53,0,2,22,109,133,46,136,182,315
07/11/2019,WDG,OK,ASW,CE,Federal Contract Tower,0,2,9,60,71,0,0,8,61,69,0,2,17,121,140,21,62,83,223
07/12/2019,WDG,OK,ASW,CE,Federal Contract Tower,0,2,12,49,63,0,0,29,35,64,0,2,41,84,127,14,118,132,259
07/13/2019,WDG,OK,ASW,CE,Federal Contract Tower,0,3,6,14,23,0,0,30,1,31,0,3,36,15,54,40,18,58,112
07/14/2019,WDG,OK,ASW,CE,Federal Contract Tower,0,1,10,19,30,0,0,6,11,17,0,1,16,30,47,0,12,12,59
07/15/2019,WDG,OK,ASW,CE,Federal Contract Tower,0,2,13,84,99,0,0,14,40,54,0,2,27,124,153,12,70,82,235
07/16/2019,WDG,OK,ASW,CE,Federal Contract Tower,0,2,2,56,60,0,0,14,32,46,0,2,16,88,106,0,102,102,208
07/17/2019,WDG,OK,ASW,CE,Federal Contract Tower,0,3,7,43,53,0,0,16,32,48,0,3,23,75,101,10,32,42,143
07/18/2019,WDG,OK,ASW,CE,Federal Contract Tower,0,2,13,51,66,0,0,9,29,38,0,2,22,80,104,0,62,62,166
07/19/2019,WDG,OK,ASW,CE,Federal Contract Tower,0,2,4,40,46,0,0,8,25,33,0,2,12,65,79,0,58,58,137
07/20/2019,WDG,OK,ASW,CE,Federal Contract Tower,0,2,4,6,12,0,0,9,7,16,0,2,13,13,28,0,18,18,46
07/21/2019,WDG,OK,ASW,CE,Federal Contract Tower,0,0,11,13,24,0,0,8,12,20,0,0,19,25,44,0,0,0,44
07/22/2019,WDG,OK,ASW,CE,Federal Contract Tower,0,4,4,66,74,0,0,7,29,36,0,4,11,95,110,4,135,139,249
07/23/2019,WDG,OK,ASW,CE,Federal Contract Tower,0,2,7,63,72,0,0,15,31,46,0,2,22,94,118,2,58,60,178
07/24/2019,WDG,OK,ASW,CE,Federal Contract Tower,0,3,9,38,50,0,0,13,27,40,0,3,22,65,90,26,126,152,242
07/25/2019,WDG,OK,ASW,CE,Federal Contract Tower,0,2,12,44,58,0,0,22,38,60,0,2,34,82,118,21,78,99,217
07/26/2019,WDG,OK,ASW,CE,Federal Contract Tower,0,2,5,58,65,0,0,22,32,54,0,2,27,90,119,4,117,121,240
07/27/2019,WDG,OK,ASW,CE,Federal Contract Tower,0,2,1,4,7,0,2,26,2,30,0,4,27,6,37,14,18,32,69
07/28/2019,WDG,OK,ASW,CE,Federal Contract Tower,0,1,8,10,19,0,0,16,7,23,0,1,24,17,42,8,24,32,74
07/29/2019,WDG,OK,ASW,CE,Federal Contract Tower,0,2,1,61,64,0,1,5,35,41,0,3,6,96,105,2,64,66,171
07/30/2019,WDG,OK,ASW,CE,Federal Contract Tower,0,2,4,64,70,0,0,16,41,57,0,2,20,105,127,50,216,266,393
07/31/2019,WDG,OK,ASW,CE,Federal Contract Tower,0,2,7,51,60,0,0,16,26,42,0,2,23,77,102,2,88,90,192
08/01/2019,WDG,OK,ASW,CE,Federal Contract Tower,0,1,4,53,58,0,1,12,38,51,0,2,16,91,109,0,126,126,235
08/02/2019,WDG,OK,ASW,CE,Federal Contract Tower,0,2,9,58,69,0,0,13,46,59,0,2,22,104,128,0,164,164,292
08/03/2019,WDG,OK,ASW,CE,Federal Contract Tower,0,2,3,16,21,0,0,5,8,13,0,2,8,24,34,0,4,4,38
08/04/2019,WDG,OK,ASW,CE,Federal Contract Tower,0,0,7,16,23,0,0,18,10,28,0,0,25,26,51,6,0,6,57
08/05/2019,WDG,OK,ASW,CE,Federal Contract Tower,0,2,0,66,68,0,0,23,46,69,0,2,23,112,137,16,112,128,265
08/06/2019,WDG,OK,ASW,CE,Federal Contract Tower,0,1,14,50,65,0,1,12,48,61,0,2,26,98,126,2,184,186,312
08/07/2019,WDG,OK,ASW,CE,Federal Contract Tower,0,2,8,57,67,0,0,16,43,59,0,2,24,100,126,6,88,94,220
08/08/2019,WDG,OK,ASW,CE,Federal Contract Tower,0,2,11,31,44,0,0,9,9,18,0,2,20,40,62,0,0,0,62
08/09/2019,WDG,OK,ASW,CE,Federal Contract Tower,0,2,5,57,64,0,0,6,20,26,0,2,11,77,90,6,10,16,106
08/10/2019,WDG,OK,ASW,CE,Federal Contract Tower,0,2,8,7,17,0,0,18,7,25,0,2,26,14,42,10,12,22,64
08/11/2019,WDG,OK,ASW,CE,Federal Contract Tower,0,0,0,16,16,0,0,13,5,18,0,0,13,21,34,6,32,38,72
08/12/2019,WDG,OK,ASW,CE,Federal Contract Tower,0,2,8,64,74,0,0,10,35,45,0,2,18,99,119,18,72,90,209
08/13/2019,WDG,OK,ASW,CE,Federal Contract Tower,0,2,3,80,85,0,0,23,42,65,0,2,26,122,150,26,24,50,200
08/14/2019,WDG,OK,ASW,CE,Federal Contract Tower,0,2,6,64,72,0,0,15,44,59,0,2,21,108,131,0,28,28,159
08/15/2019,WDG,OK,ASW,CE,Federal Contract Tower,0,2,10,44,56,0,0,10,28,38,0,2,20,72,94,2,52,54,148
08/16/2019,WDG,OK,ASW,CE,Federal Contract Tower,0,2,4,53,59,0,0,11,28,39,0,2,15,81,98,0,141,141,239
08/17/2019,WDG,OK,ASW,CE,Federal Contract Tower,0,2,4,5,11,0,0,13,5,18,0,2,17,10,29,2,24,26,55
08/18/2019,WDG,OK,ASW,CE,Federal Contract Tower,0,0,5,13,18,0,0,14,8,22,0,0,19,21,40,24,6,30,70
08/19/2019,WDG,OK,ASW,CE,Federal Contract Tower,0,4,9,55,68,0,0,36,26,62,0,4,45,81,130,14,52,66,196
08/20/2019,WDG,OK,ASW,CE,Federal Contract Tower,0,2,2,51,55,0,0,15,30,45,0,2,17,81,100,7,54,61,161
08/21/2019,WDG,OK,ASW,CE,Federal Contract Tower,0,2,1,46,49,0,0,10,27,37,0,2,11,73,86,4,74,78,164
08/22/2019,WDG,OK,ASW,CE,Federal Contract Tower,0,3,13,66,82,0,0,6,45,51,0,3,19,111,133,8,94,102,235
08/23/2019,WDG,OK,ASW,CE,Federal Contract Tower,0,2,4,27,33,0,0,11,5,16,0,2,15,32,49,6,32,38,87
08/24/2019,WDG,OK,ASW,CE,Federal Contract Tower,0,2,11,3,16,0,0,15,1,16,0,2,26,4,32,0,0,0,32
08/25/2019,WDG,OK,ASW,CE,Federal Contract Tower,0,0,4,4,8,0,0,11,5,16,0,0,15,9,24,36,27,63,87
08/26/2019,WDG,OK,ASW,CE,Federal Contract Tower,0,2,4,65,71,0,0,11,34,45,0,2,15,99,116,24,150,174,290
08/27/2019,WDG,OK,ASW,CE,Federal Contract Tower,0,2,6,58,66,0,0,15,37,52,0,2,21,95,118,12,68,80,198
08/28/2019,WDG,OK,ASW,CE,Federal Contract Tower,0,2,4,40,46,0,0,25,22,47,0,2,29,62,93,12,62,74,167
08/29/2019,WDG,OK,ASW,CE,Federal Contract Tower,0,2,11,0,13,0,0,25,0,25,0,2,36,0,38,0,0,0,38
08/30/2019,WDG,OK,ASW,CE,Federal Contract Tower,0,2,10,4,16,0,0,9,1,10,0,2,19,5,26,15,4,19,45
08/31/2019,WDG,OK,ASW,CE,Federal Contract Tower,0,2,3,0,5,0,0,3,0,3,0,2,6,0,8,0,0,0,8
09/01/2019,WDG,OK,ASW,CE,Federal Contract Tower,0,0,3,0,3,0,0,20,0,20,0,0,23,0,23,20,0,20,43
09/02/2019,WDG,OK,ASW,CE,Federal Contract Tower,0,0,10,0,10,0,0,49,0,49,0,0,59,0,59,34,0,34,93
09/03/2019,WDG,OK,ASW,CE,Federal Contract Tower,0,2,5,56,63,0,0,18,36,54,0,2,23,92,117,0,40,40,157
09/04/2019,WDG,OK,ASW,CE,Federal Contract Tower,0,2,5,77,84,0,0,24,45,69,0,2,29,122,153,2,44,46,199
09/05/2019,WDG,OK,ASW,CE,Federal Contract Tower,0,2,9,33,44,0,0,27,29,56,0,2,36,62,100,10,59,69,169
09/06/2019,WDG,OK,ASW,CE,Federal Contract Tower,0,2,7,31,40,0,0,13,27,40,0,2,20,58,80,14,34,48,128
09/07/2019,WDG,OK,ASW,CE,Federal Contract Tower,0,2,4,2,8,0,0,46,9,55,0,2,50,11,63,2,5,7,70
09/08/2019,WDG,OK,ASW,CE,Federal Contract Tower,0,0,1,13,14,0,0,26,14,40,0,0,27,27,54,15,13,28,82
09/09/2019,WDG,OK,ASW,CE,Federal Contract Tower,0,2,9,38,49,0,0,10,26,36,0,2,19,64,85,0,49,49,134
09/10/2019,WDG,OK,ASW,CE,Federal Contract Tower,0,3,8,51,62,0,0,12,19,31,0,3,20,70,93,0,47,47,140
09/11/2019,WDG,OK,ASW,CE,Federal Contract Tower,0,2,11,40,53,0,0,18,29,47,0,2,29,69,100,0,83,83,183
09/12/2019,WDG,OK,ASW,CE,Federal Contract Tower,0,0,14,16,30,0,0,8,10,18,0,0,22,26,48,0,16,16,64
09/13/2019,WDG,OK,ASW,CE,Federal Contract Tower,0,2,17,40,59,0,0,9,13,22,0,2,26,53,81,18,53,71,152
09/14/2019,WDG,OK,ASW,CE,Federal Contract Tower,0,2,3,9,14,0,0,25,11,36,0,2,28,20,50,13,8,21,71
09/15/2019,WDG,OK,ASW,CE,Federal Contract Tower,0,0,5,13,18,0,0,28,9,37,0,0,33,22,55,7,16,23,78
09/16/2019,WDG,OK,ASW,CE,Federal Contract Tower,0,2,7,52,61,0,0,17,23,40,0,2,24,75,101,33,14,47,148
09/17/2019,WDG,OK,ASW,CE,Federal Contract Tower,0,2,6,45,53,0,0,7,28,35,0,2,13,73,88,0,18,18,106
09/18/2019,WDG,OK,ASW,CE,Federal Contract Tower,0,2,4,48,54,0,0,18,26,44,0,2,22,74,98,13,46,59,157
09/19/2019,WDG,OK,ASW,CE,Federal Contract Tower,0,3,20,21,44,0,0,12,23,35,0,3,32,44,79,26,26,52,131
09/20/2019,WDG,OK,ASW,CE,Federal Contract Tower,0,3,8,35,46,0,0,8,10,18,0,3,16,45,64,6,20,26,90
09/21/2019,WDG,OK,ASW,CE,Federal Contract Tower,0,3,12,5,20,0,0,9,1,10,0,3,21,6,30,13,14,27,57
09/22/2019,WDG,OK,ASW,CE,Federal Contract Tower,0,4,9,17,30,0,0,12,3,15,0,4,21,20,45,0,2,2,47
09/23/2019,WDG,OK,ASW,CE,Federal Contract Tower,0,2,5,71,78,0,0,9,26,35,0,2,14,97,113,14,22,36,149
09/24/2019,WDG,OK,ASW,CE,Federal Contract Tower,0,2,6,69,77,0,0,5,24,29,0,2,11,93,106,2,24,26,132
09/25/2019,WDG,OK,ASW,CE,Federal Contract Tower,0,3,7,65,75,0,0,15,31,46,0,3,22,96,121,10,91,101,222
09/26/2019,WDG,OK,ASW,CE,Federal Contract Tower,0,2,13,62,77,0,0,5,28,33,0,2,18,90,110,34,116,150,260
09/27/2019,WDG,OK,ASW,CE,Federal Contract Tower,0,2,5,42,49,0,0,7,32,39,0,2,12,74,88,2,116,118,206
09/28/2019,WDG,OK,ASW,CE,Federal Contract Tower,0,2,0,1,3,0,0,30,8,38,0,2,30,9,41,26,16,42,83
09/29/2019,WDG,OK,ASW,CE,Federal Contract Tower,0,0,2,13,15,0,2,6,7,15,0,2,8,20,30,0,14,14,44
09/30/2019,WDG,OK,ASW,CE,Federal Contract Tower,0,2,5,47,54,0,0,10,35,45,0,2,15,82,99,10,73,83,182
10/01/2019,WDG,OK,ASW,CE,Federal Contract Tower,0,2,10,51,63,0,0,3,27,30,0,2,13,78,93,10,55,65,158
10/02/2019,WDG,OK,ASW,CE,Federal Contract Tower,0,3,7,42,52,0,0,12,30,42,0,3,19,72,94,20,66,86,180
10/03/2019,WDG,OK,ASW,CE,Federal Contract Tower,0,4,11,40,55,0,0,0,0,0,0,4,11,40,55,0,0,0,55
10/04/2019,WDG,OK,ASW,CE,Federal Contract Tower,0,3,16,64,83,0,0,12,5,17,0,3,28,69,100,0,16,16,116
10/05/2019,WDG,OK,ASW,CE,Federal Contract Tower,0,3,12,6,21,0,0,11,3,14,0,3,23,9,35,0,4,4,39
10/06/2019,WDG,OK,ASW,CE,Federal Contract Tower,0,0,11,10,21,0,0,10,4,14,0,0,21,14,35,10,4,14,49
10/07/2019,WDG,OK,ASW,CE,Federal Contract Tower,0,5,12,60,77,0,0,19,40,59,0,5,31,100,136,13,145,158,294
10/08/2019,WDG,OK,ASW,CE,Federal Contract Tower,0,2,2,42,46,0,0,13,34,47,0,2,15,76,93,32,71,103,196
10/09/2019,WDG,OK,ASW,CE,Federal Contract Tower,0,2,6,58,66,0,0,3,32,35,0,2,9,90,101,5,61,66,167
10/10/2019,WDG,OK,ASW,CE,Federal Contract Tower,0,2,11,90,103,0,0,3,50,53,0,2,14,140,156,0,117,117,273
10/11/2019,WDG,OK,ASW,CE,Federal Contract Tower,0,5,4,50,59,0,0,11,48,59,0,5,15,98,118,10,196,206,324
10/12/2019,WDG,OK,ASW,CE,Federal Contract Tower,0,2,6,1,9,0,0,26,3,29,0,2,32,4,38,24,22,46,84
10/13/2019,WDG,OK,ASW,CE,Federal Contract Tower,0,0,7,5,12,0,1,27,1,29,0,1,34,6,41,10,16,26,67
10/14/2019,WDG,OK,ASW,CE,Federal Contract Tower,0,2,5,0,7,0,0,10,6,16,0,2,15,6,23,6,20,26,49
10/15/2019,WDG,OK,ASW,CE,Federal Contract Tower,0,4,10,73,87,0,0,1,18,19,0,4,11,91,106,9,26,35,141
10/16/2019,WDG,OK,ASW,CE,Federal Contract Tower,0,4,8,39,51,0,0,33,30,63,0,4,41,69,114,6,36,42,156
10/17/2019,WDG,OK,ASW,CE,Federal Contract Tower,0,2,17,36,55,0,0,28,23,51,0,2,45,59,106,2,58,60,166
10/18/2019,WDG,OK,ASW,CE,Federal Contract Tower,0,2,6,39,47,0,0,5,23,28,0,2,11,62,75,2,56,58,133
10/19/2019,WDG,OK,ASW,CE,Federal Contract Tower,0,3,8,6,17,0,2,25,0,27,0,5,33,6,44,17,7,24,68
10/20/2019,WDG,OK,ASW,CE,Federal Contract Tower,0,0,6,9,15,0,0,6,5,11,0,0,12,14,26,0,0,0,26
10/21/2019,WDG,OK,ASW,CE,Federal Contract Tower,0,2,6,36,44,0,0,8,11,19,0,2,14,47,63,36,40,76,139
10/22/2019,WDG,OK,ASW,CE,Federal Contract Tower,0,4,6,62,72,0,0,16,36,52,0,4,22,98,124,14,55,69,193
10/23/2019,WDG,OK,ASW,CE,Federal Contract Tower,0,2,7,48,57,0,0,15,36,51,0,2,22,84,108,4,43,47,155
10/24/2019,WDG,OK,ASW,CE,Federal Contract Tower,0,0,9,24,33,0,0,0,6,6,0,0,9,30,39,0,14,14,53
10/25/2019,WDG,OK,ASW,CE,Federal Contract Tower,0,2,2,79,83,0,0,2,16,18,0,2,4,95,101,0,85,85,186
10/26/2019,WDG,OK,ASW,CE,Federal Contract Tower,0,2,8,8,18,0,0,27,2,29,0,2,35,10,47,45,20,65,112
10/27/2019,WDG,OK,ASW,CE,Federal Contract Tower,0,0,6,13,19,0,0,23,6,29,0,0,29,19,48,20,0,20,68
10/28/2019,WDG,OK,ASW,CE,Federal Contract Tower,1,1,7,101,110,0,0,1,20,21,1,1,8,121,131,2,72,74,205
10/29/2019,WDG,OK,ASW,CE,Federal Contract Tower,0,0,10,18,28,0,0,0,0,0,0,0,10,18,28,0,0,0,28
10/30/2019,WDG,OK,ASW,CE,Federal Contract Tower,0,0,2,0,2,0,0,0,0,0,0,0,2,0,2,0,0,0,2
10/31/2019,WDG,OK,ASW,CE,Federal Contract Tower,0,2,9,51,62,0,0,14,33,47,0,2,23,84,109,22,66,88,197
11/01/2019,WDG,OK,ASW,CE,Federal Contract Tower,0,2,10,43,55,0,0,20,28,48,0,2,30,71,103,8,48,56,159
11/02/2019,WDG,OK,ASW,CE,Federal Contract Tower,0,3,7,5,15,0,0,36,1,37,0,3,43,6,52,8,14,22,74
11/03/2019,WDG,OK,ASW,CE,Federal Contract Tower,0,0,8,16,24,0,0,9,3,12,0,0,17,19,36,13,0,13,49
11/04/2019,WDG,OK,ASW,CE,Federal Contract Tower,0,2,7,66,75,0,0,12,43,55,0,2,19,109,130,22,173,195,325
11/05/2019,WDG,OK,ASW,CE,Federal Contract Tower,0,3,21,58,82,0,0,22,39,61,0,3,43,97,143,42,71,113,256
11/06/2019,WDG,OK,ASW,CE,Federal Contract Tower,0,1,5,57,63,0,0,4,3,7,0,1,9,60,70,15,42,57,127
11/07/2019,WDG,OK,ASW,CE,Federal Contract Tower,0,2,7,51,60,0,0,3,41,44,0,2,10,92,104,0,52,52,156
11/08/2019,WDG,OK,ASW,CE,Federal Contract Tower,0,2,10,54,66,0,0,14,31,45,0,2,24,85,111,4,94,98,209
11/09/2019,WDG,OK,ASW,CE,Federal Contract Tower,0,3,7,2,12,0,0,36,2,38,0,3,43,4,50,10,10,20,70
11/11/2019,WDG,OK,ASW,CE,Federal Contract Tower,0,2,4,0,6,0,0,1,0,1,0,2,5,0,7,0,0,0,7
11/12/2019,WDG,OK,ASW,CE,Federal Contract Tower,0,3,4,56,63,0,0,9,30,39,0,3,13,86,102,14,39,53,155
11/13/2019,WDG,OK,ASW,CE,Federal Contract Tower,0,2,6,33,41,0,0,15,25,40,0,2,21,58,81,4,62,66,147
11/14/2019,WDG,OK,ASW,CE,Federal Contract Tower,0,2,5,44,51,0,0,23,33,56,0,2,28,77,107,38,38,76,183
11/15/2019,WDG,OK,ASW,CE,Federal Contract Tower,0,2,8,17,27,0,0,25,19,44,0,2,33,36,71,2,39,41,112
11/16/2019,WDG,OK,ASW,CE,Federal Contract Tower,0,2,2,4,8,0,0,31,12,43,0,2,33,16,51,1,6,7,58
11/17/2019,WDG,OK,ASW,CE,Federal Contract Tower,0,0,4,28,32,0,0,26,13,39,0,0,30,41,71,4,2,6,77
11/18/2019,WDG,OK,ASW,CE,Federal Contract Tower,0,2,2,26,30,0,0,19,17,36,0,2,21,43,66,0,28,28,94
11/19/2019,WDG,OK,ASW,CE,Federal Contract Tower,0,2,4,36,42,0,1,23,29,53,0,3,27,65,95,12,60,72,167
11/20/2019,WDG,OK,ASW,CE,Federal Contract Tower,0,2,4,49,55,0,0,0,4,4,0,2,4,53,59,0,2,2,61
11/21/2019,WDG,OK,ASW,CE,Federal Contract Tower,0,2,18,24,44,0,0,5,0,5,0,2,23,24,49,2,0,2,51
11/22/2019,WDG,OK,ASW,CE,Federal Contract Tower,0,2,2,0,4,0,0,2,0,2,0,2,4,0,6,0,0,0,6
11/23/2019,WDG,OK,ASW,CE,Federal Contract Tower,0,2,10,0,12,0,0,18,0,18,0,2,28,0,30,2,0,2,32
11/24/2019,WDG,OK,ASW,CE,Federal Contract Tower,0,0,6,0,6,0,0,22,0,22,0,0,28,0,28,4,0,4,32
11/25/2019,WDG,OK,ASW,CE,Federal Contract Tower,0,2,2,4,8,0,0,15,12,27,0,2,17,16,35,14,0,14,49
11/26/2019,WDG,OK,ASW,CE,Federal Contract Tower,0,2,4,0,6,0,0,2,8,10,0,2,6,8,16,8,4,12,28
11/27/2019,WDG,OK,ASW,CE,Federal Contract Tower,0,4,5,44,53,0,0,16,28,44,0,4,21,72,97,20,38,58,155
11/28/2019,WDG,OK,ASW,CE,Federal Contract Tower,0,0,0,0,0,0,0,0,0,0,0,0,0,0,0,0,0,0,0
11/29/2019,WDG,OK,ASW,CE,Federal Contract Tower,0,3,2,0,5,0,0,0,0,0,0,3,2,0,5,0,0,0,5
11/30/2019,WDG,OK,ASW,CE,Federal Contract Tower,0,2,4,0,6,0,0,7,0,7,0,2,11,0,13,4,0,4,17
12/01/2019,WDG,OK,ASW,CE,Federal Contract Tower,0,0,4,0,4,0,0,12,0,12,0,0,16,0,16,0,0,0,16
12/02/2019,WDG,OK,ASW,CE,Federal Contract Tower,0,2,4,30,36,0,0,11,29,40,0,2,15,59,76,26,94,120,196
12/03/2019,WDG,OK,ASW,CE,Federal Contract Tower,0,2,7,43,52,0,0,28,29,57,0,2,35,72,109,7,47,54,163
12/04/2019,WDG,OK,ASW,CE,Federal Contract Tower,0,2,3,44,49,0,0,25,28,53,0,2,28,72,102,6,59,65,167
12/05/2019,WDG,OK,ASW,CE,Federal Contract Tower,0,2,1,23,26,0,0,29,23,52,0,2,30,46,78,7,40,47,125
12/06/2019,WDG,OK,ASW,CE,Federal Contract Tower,0,2,14,50,66,0,0,11,19,30,0,2,25,69,96,4,76,80,176
12/07/2019,WDG,OK,ASW,CE,Federal Contract Tower,0,2,7,10,19,0,0,25,3,28,0,2,32,13,47,58,0,58,105
12/08/2019,WDG,OK,ASW,CE,Federal Contract Tower,0,0,7,14,21,0,0,8,5,13,0,0,15,19,34,14,17,31,65
12/09/2019,WDG,OK,ASW,CE,Federal Contract Tower,0,2,4,25,31,0,0,1,21,22,0,2,5,46,53,0,18,18,71
12/10/2019,WDG,OK,ASW,CE,Federal Contract Tower,0,2,11,41,54,0,0,15,28,43,0,2,26,69,97,8,15,23,120
12/11/2019,WDG,OK,ASW,CE,Federal Contract Tower,0,2,6,27,35,0,0,10,27,37,0,2,16,54,72,12,22,34,106
12/12/2019,WDG,OK,ASW,CE,Federal Contract Tower,0,2,11,33,46,0,0,16,23,39,0,2,27,56,85,0,30,30,115
12/13/2019,WDG,OK,ASW,CE,Federal Contract Tower,0,4,11,43,58,0,0,24,18,42,0,4,35,61,100,37,32,69,169
12/14/2019,WDG,OK,ASW,CE,Federal Contract Tower,0,2,4,15,21,0,0,21,11,32,0,2,25,26,53,6,40,46,99
12/15/2019,WDG,OK,ASW,CE,Federal Contract Tower,0,1,7,3,11,0,0,0,0,0,0,1,7,3,11,0,0,0,11
12/16/2019,WDG,OK,ASW,CE,Federal Contract Tower,0,2,1,1,4,0,0,0,0,0,0,2,1,1,4,0,0,0,4
12/17/2019,WDG,OK,ASW,CE,Federal Contract Tower,0,2,11,49,62,0,0,20,17,37,0,2,31,66,99,18,12,30,129
12/18/2019,WDG,OK,ASW,CE,Federal Contract Tower,0,2,4,29,35,0,0,19,25,44,0,2,23,54,79,20,30,50,129
12/19/2019,WDG,OK,ASW,CE,Federal Contract Tower,0,1,6,32,39,0,1,20,22,43,0,2,26,54,82,0,60,60,142
12/20/2019,WDG,OK,ASW,CE,Federal Contract Tower,0,3,3,38,44,0,0,23,23,46,0,3,26,61,90,2,94,96,186
12/21/2019,WDG,OK,ASW,CE,Federal Contract Tower,0,2,6,0,8,0,0,14,0,14,0,2,20,0,22,12,0,12,34
12/22/2019,WDG,OK,ASW,CE,Federal Contract Tower,0,2,12,0,14,0,0,10,0,10,0,2,22,0,24,28,0,28,52
12/23/2019,WDG,OK,ASW,CE,Federal Contract Tower,0,2,3,0,5,0,0,15,0,15,0,2,18,0,20,26,0,26,46
12/24/2019,WDG,OK,ASW,CE,Federal Contract Tower,0,2,0,0,2,0,0,15,0,15,0,2,15,0,17,22,0,22,39
12/25/2019,WDG,OK,ASW,CE,Federal Contract Tower,0,0,2,0,2,0,0,7,0,7,0,0,9,0,9,2,0,2,11
12/26/2019,WDG,OK,ASW,CE,Federal Contract Tower,0,2,15,0,17,0,0,14,0,14,0,2,29,0,31,10,0,10,41
12/27/2019,WDG,OK,ASW,CE,Federal Contract Tower,0,0,6,0,6,0,0,0,0,0,0,0,6,0,6,0,0,0,6
12/28/2019,WDG,OK,ASW,CE,Federal Contract Tower,0,2,6,0,8,0,0,0,0,0,0,2,6,0,8,0,0,0,8
12/29/2019,WDG,OK,ASW,CE,Federal Contract Tower,0,0,2,0,2,0,0,4,0,4,0,0,6,0,6,0,0,0,6
12/30/2019,WDG,OK,ASW,CE,Federal Contract Tower,0,2,8,0,10,0,0,17,0,17,0,2,25,0,27,16,0,16,43
12/31/2019,WDG,OK,ASW,CE,Federal Contract Tower,0,4,9,0,13,0,0,17,0,17,0,4,26,0,30,6,0,6,36
01/01/2020,WDG,OK,ASW,CE,Federal Contract Tower,0,0,3,0,3,0,0,6,0,6,0,0,9,0,9,0,0,0,9
01/02/2020,WDG,OK,ASW,CE,Federal Contract Tower,0,2,4,0,6,0,0,15,0,15,0,2,19,0,21,42,0,42,63
01/03/2020,WDG,OK,ASW,CE,Federal Contract Tower,0,2,4,20,26,0,0,11,13,24,0,2,15,33,50,4,35,39,89
01/04/2020,WDG,OK,ASW,CE,Federal Contract Tower,0,3,3,6,12,0,0,39,6,45,0,3,42,12,57,55,36,91,148
01/05/2020,WDG,OK,ASW,CE,Federal Contract Tower,0,1,2,6,9,0,0,12,12,24,0,1,14,18,33,46,20,66,99
01/06/2020,WDG,OK,ASW,CE,Federal Contract Tower,0,2,4,59,65,0,0,11,45,56,0,2,15,104,121,0,107,107,228
01/07/2020,WDG,OK,ASW,CE,Federal Contract Tower,0,2,7,38,47,0,0,20,36,56,0,2,27,74,103,15,76,91,194
01/08/2020,WDG,OK,ASW,CE,Federal Contract Tower,0,2,2,42,46,0,0,10,24,34,0,2,12,66,80,0,48,48,128
01/09/2020,WDG,OK,ASW,CE,Federal Contract Tower,0,2,8,43,53,0,0,5,33,38,0,2,13,76,91,0,68,68,159
01/10/2020,WDG,OK,ASW,CE,Federal Contract Tower,0,2,0,1,3,0,0,2,1,3,0,2,2,2,6,0,0,0,6
01/11/2020,WDG,OK,ASW,CE,Federal Contract Tower,0,3,1,0,4,0,0,11,2,13,0,3,12,2,17,12,0,12,29
01/12/2020,WDG,OK,ASW,CE,Federal Contract Tower,0,0,3,5,8,0,0,5,4,9,0,0,8,9,17,14,0,14,31
01/13/2020,WDG,OK,ASW,CE,Federal Contract Tower,0,2,8,27,37,0,0,3,5,8,0,2,11,32,45,0,34,34,79
01/14/2020,WDG,OK,ASW,CE,Federal Contract Tower,0,2,5,50,57,0,0,9,17,26,0,2,14,67,83,0,70,70,153
01/15/2020,WDG,OK,ASW,CE,Federal Contract Tower,0,2,15,57,74,0,0,9,11,20,0,2,24,68,94,4,32,36,130
01/16/2020,WDG,OK,ASW,CE,Federal Contract Tower,0,0,5,65,70,0,0,8,42,50,0,0,13,107,120,2,192,194,314
01/17/2020,WDG,OK,ASW,CE,Federal Contract Tower,0,0,4,8,12,0,0,0,0,0,0,0,4,8,12,0,0,0,12
01/18/2020,WDG,OK,ASW,CE,Federal Contract Tower,0,2,6,7,15,0,0,19,4,23,0,2,25,11,38,42,43,85,123
01/19/2020,WDG,OK,ASW,CE,Federal Contract Tower,0,0,3,11,14,0,0,34,4,38,0,0,37,15,52,30,64,94,146
01/20/2020,WDG,OK,ASW,CE,Federal Contract Tower,0,2,10,23,35,0,0,27,4,31,0,2,37,27,66,10,62,72,138
01/21/2020,WDG,OK,ASW,CE,Federal Contract Tower,0,2,4,25,31,0,1,10,34,45,0,3,14,59,76,8,80,88,164
01/22/2020,WDG,OK,ASW,CE,Federal Contract Tower,0,2,0,1,3,0,0,0,0,0,0,2,0,1,3,0,0,0,3
01/23/2020,WDG,OK,ASW,CE,Federal Contract Tower,0,3,11,55,69,0,0,3,29,32,0,3,14,84,101,32,90,122,223
01/24/2020,WDG,OK,ASW,CE,Federal Contract Tower,0,2,10,41,53,0,0,11,42,53,0,2,21,83,106,6,150,156,262
01/25/2020,WDG,OK,ASW,CE,Federal Contract Tower,0,2,6,17,25,0,0,23,15,38,0,2,29,32,63,10,14,24,87
01/26/2020,WDG,OK,ASW,CE,Federal Contract Tower,0,0,4,33,37,0,0,33,19,52,0,0,37,52,89,22,34,56,145
01/27/2020,WDG,OK,ASW,CE,Federal Contract Tower,0,2,7,39,48,0,0,19,41,60,0,2,26,80,108,0,114,114,222
01/28/2020,WDG,OK,ASW,CE,Federal Contract Tower,0,3,1,0,4,0,0,0,0,0,0,3,1,0,4,0,0,0,4
01/29/2020,WDG,OK,ASW,CE,Federal Contract Tower,0,2,2,90,94,0,1,1,0,2,0,3,3,90,96,20,18,38,134
01/30/2020,WDG,OK,ASW,CE,Federal Contract Tower,0,4,5,80,89,0,0,0,0,0,0,4,5,80,89,0,48,48,137
01/31/2020,WDG,OK,ASW,CE,Federal Contract Tower,0,2,4,41,47,0,0,30,37,67,0,2,34,78,114,10,88,98,212
02/01/2020,WDG,OK,ASW,CE,Federal Contract Tower,0,2,3,14,19,0,0,35,12,47,0,2,38,26,66,22,38,60,126
02/02/2020,WDG,OK,ASW,CE,Federal Contract Tower,0,0,5,12,17,0,0,39,6,45,0,0,44,18,62,40,6,46,108
02/03/2020,WDG,OK,ASW,CE,Federal Contract Tower,0,2,7,56,65,0,0,12,22,34,0,2,19,78,99,11,106,117,216
02/04/2020,WDG,OK,ASW,CE,Federal Contract Tower,0,2,2,0,4,0,0,0,0,0,0,2,2,0,4,0,0,0,4
02/05/2020,WDG,OK,ASW,CE,Federal Contract Tower,0,2,2,46,50,0,0,0,20,20,0,2,2,66,70,22,42,64,134
02/06/2020,WDG,OK,ASW,CE,Federal Contract Tower,0,2,3,36,41,0,0,12,30,42,0,2,15,66,83,2,80,82,165
02/07/2020,WDG,OK,ASW,CE,Federal Contract Tower,0,2,6,69,77,0,0,35,58,93,0,2,41,127,170,0,168,168,338
02/08/2020,WDG,OK,ASW,CE,Federal Contract Tower,0,2,4,16,22,0,0,38,8,46,0,2,42,24,68,68,12,80,148
02/09/2020,WDG,OK,ASW,CE,Federal Contract Tower,0,0,4,15,19,0,0,4,3,7,0,0,8,18,26,6,14,20,46
02/10/2020,WDG,OK,ASW,CE,Federal Contract Tower,0,2,5,83,90,0,0,8,39,47,0,2,13,122,137,4,102,106,243
02/11/2020,WDG,OK,ASW,CE,Federal Contract Tower,0,2,3,75,80,0,0,4,54,58,0,2,7,129,138,44,72,116,254
02/12/2020,WDG,OK,ASW,CE,Federal Contract Tower,0,3,2,0,5,0,0,0,0,0,0,3,2,0,5,0,0,0,5
02/13/2020,WDG,OK,ASW,CE,Federal Contract Tower,0,2,3,78,83,0,0,6,34,40,0,2,9,112,123,7,69,76,199
02/14/2020,WDG,OK,ASW,CE,Federal Contract Tower,0,2,7,37,46,0,0,10,17,27,0,2,17,54,73,6,46,52,125
02/15/2020,WDG,OK,ASW,CE,Federal Contract Tower,0,2,3,0,5,0,0,42,1,43,0,2,45,1,48,110,0,110,158
02/16/2020,WDG,OK,ASW,CE,Federal Contract Tower,0,0,8,0,8,0,0,8,0,8,0,0,16,0,16,6,0,6,22
02/17/2020,WDG,OK,ASW,CE,Federal Contract Tower,0,2,2,6,10,0,0,10,0,10,0,2,12,6,20,8,0,8,28
02/18/2020,WDG,OK,ASW,CE,Federal Contract Tower,0,2,9,67,78,0,0,16,54,70,0,2,25,121,148,16,78,94,242
02/19/2020,WDG,OK,ASW,CE,Federal Contract Tower,0,2,3,76,81,0,0,14,47,61,0,2,17,123,142,18,102,120,262
02/20/2020,WDG,OK,ASW,CE,Federal Contract Tower,0,2,4,54,60,0,0,3,20,23,0,2,7,74,83,0,72,72,155
02/21/2020,WDG,OK,ASW,CE,Federal Contract Tower,0,2,8,41,51,0,0,25,38,63,0,2,33,79,114,8,52,60,174
02/22/2020,WDG,OK,ASW,CE,Federal Contract Tower,0,3,4,20,27,0,0,38,12,50,0,3,42,32,77,34,36,70,147
02/23/2020,WDG,OK,ASW,CE,Federal Contract Tower,0,1,9,15,25,0,0,1,0,1,0,1,10,15,26,0,8,8,34
02/24/2020,WDG,OK,ASW,CE,Federal Contract Tower,0,0,5,25,30,0,0,2,6,8,0,0,7,31,38,0,0,0,38
02/25/2020,WDG,OK,ASW,CE,Federal Contract Tower,0,2,7,30,39,0,0,5,26,31,0,2,12,56,70,8,58,66,136
02/26/2020,WDG,OK,ASW,CE,Federal Contract Tower,0,2,4,44,50,0,0,17,25,42,0,2,21,69,92,4,66,70,162
02/27/2020,WDG,OK,ASW,CE,Federal Contract Tower,0,2,5,38,45,0,0,8,26,34,0,2,13,64,79,0,104,104,183
02/28/2020,WDG,OK,ASW,CE,Federal Contract Tower,0,2,9,36,47,0,0,31,36,67,0,2,40,72,114,4,84,88,202
02/29/2020,WDG,OK,ASW,CE,Federal Contract Tower,0,2,4,10,16,0,0,16,4,20,0,2,20,14,36,10,12,22,58
03/01/2020,WDG,OK,ASW,CE,Federal Contract Tower,0,0,4,10,14,0,0,34,3,37,0,0,38,13,51,26,0,26,77
03/02/2020,WDG,OK,ASW,CE,Federal Contract Tower,0,2,0,39,41,0,0,12,7,19,0,2,12,46,60,4,18,22,82
03/03/2020,WDG,OK,ASW,CE,Federal Contract Tower,0,2,4,40,46,0,0,14,38,52,0,2,18,78,98,24,102,126,224
03/04/2020,WDG,OK,ASW,CE,Federal Contract Tower,0,4,7,40,51,0,0,8,32,40,0,4,15,72,91,0,108,108,199
03/05/2020,WDG,OK,ASW,CE,Federal Contract Tower,0,2,6,52,60,0,0,6,38,44,0,2,12,90,104,22,96,118,222
03/06/2020,WDG,OK,ASW,CE,Federal Contract Tower,0,2,4,29,35,0,0,12,27,39,0,2,16,56,74,4,118,122,196
03/07/2020,WDG,OK,ASW,CE,Federal Contract Tower,0,2,2,6,10,0,0,20,2,22,0,2,22,8,32,4,10,14,46
03/08/2020,WDG,OK,ASW,CE,Federal Contract Tower,0,0,5,19,24,0,0,6,2,8,0,0,11,21,32,0,0,0,32
03/09/2020,WDG,OK,ASW,CE,Federal Contract Tower,0,2,4,93,99,0,0,3,5,8,0,2,7,98,107,6,54,60,167
03/10/2020,WDG,OK,ASW,CE,Federal Contract Tower,0,2,5,26,33,0,0,6,10,16,0,2,11,36,49,6,20,26,75
03/11/2020,WDG,OK,ASW,CE,Federal Contract Tower,0,2,7,66,75,0,0,17,9,26,0,2,24,75,101,32,54,86,187
03/12/2020,WDG,OK,ASW,CE,Federal Contract Tower,0,2,4,51,57,0,0,15,31,46,0,2,19,82,103,2,134,136,239
03/13/2020,WDG,OK,ASW,CE,Federal Contract Tower,0,3,5,7,15,0,0,7,2,9,0,3,12,9,24,0,6,6,30
03/14/2020,WDG,OK,ASW,CE,Federal Contract Tower,0,0,7,6,13,0,0,0,0,0,0,0,7,6,13,0,4,4,17
03/15/2020,WDG,OK,ASW,CE,Federal Contract Tower,0,0,12,20,32,0,0,3,0,3,0,0,15,20,35,2,0,2,37
03/16/2020,WDG,OK,ASW,CE,Federal Contract Tower,0,2,3,2,7,0,0,0,0,0,0,2,3,2,7,0,0,0,7
03/17/2020,WDG,OK,ASW,CE,Federal Contract Tower,0,2,3,29,34,0,0,0,0,0,0,2,3,29,34,0,0,0,34
03/18/2020,WDG,OK,ASW,CE,Federal Contract Tower,0,2,1,54,57,0,0,0,11,11,0,2,1,65,68,0,63,63,131
03/19/2020,WDG,OK,ASW,CE,Federal Contract Tower,0,0,2,36,38,0,0,13,8,21,0,0,15,44,59,2,36,38,97
03/20/2020,WDG,OK,ASW,CE,Federal Contract Tower,0,2,1,67,70,0,0,13,30,43,0,2,14,97,113,2,78,80,193
03/21/2020,WDG,OK,ASW,CE,Federal Contract Tower,0,2,3,17,22,0,0,33,10,43,0,2,36,27,65,2,32,34,99
03/22/2020,WDG,OK,ASW,CE,Federal Contract Tower,0,0,0,19,19,0,0,0,0,0,0,0,0,19,19,0,0,0,19
03/23/2020,WDG,OK,ASW,CE,Federal Contract Tower,0,2,1,8,11,0,0,0,0,0,0,2,1,8,11,0,0,0,11
03/24/2020,WDG,OK,ASW,CE,Federal Contract Tower,0,2,0,46,48,0,0,8,16,24,0,2,8,62,72,18,34,52,124
03/25/2020,WDG,OK,ASW,CE,Federal Contract Tower,0,2,0,27,29,0,0,21,22,43,0,2,21,49,72,30,104,134,206
03/26/2020,WDG,OK,ASW,CE,Federal Contract Tower,0,2,0,55,57,0,0,14,13,27,0,2,14,68,84,9,42,51,135
03/27/2020,WDG,OK,ASW,CE,Federal Contract Tower,0,2,3,32,37,0,0,7,9,16,0,2,10,41,53,12,26,38,91
03/28/2020,WDG,OK,ASW,CE,Federal Contract Tower,0,2,1,8,11,0,0,0,0,0,0,2,1,8,11,0,4,4,15
03/29/2020,WDG,OK,ASW,CE,Federal Contract Tower,0,0,2,16,18,0,0,46,9,55,0,0,48,25,73,88,2,90,163
03/30/2020,WDG,OK,ASW,CE,Federal Contract Tower,0,2,0,2,4,0,0,0,0,0,0,2,0,2,4,0,0,0,4
03/31/2020,WDG,OK,ASW,CE,Federal Contract Tower,0,2,1,49,52,0,0,13,22,35,0,2,14,71,87,18,42,60,147
04/01/2020,WDG,OK,ASW,CE,Federal Contract Tower,0,2,0,41,43,0,0,8,24,32,0,2,8,65,75,12,48,60,135
04/02/2020,WDG,OK,ASW,CE,Federal Contract Tower,0,2,0,68,70,0,0,2,5,7,0,2,2,73,77,0,61,61,138
04/03/2020,WDG,OK,ASW,CE,Federal Contract Tower,0,3,1,27,31,0,0,4,9,13,0,3,5,36,44,1,32,33,77
04/04/2020,WDG,OK,ASW,CE,Federal Contract Tower,0,2,0,8,10,0,0,0,0,0,0,2,0,8,10,0,0,0,10
04/05/2020,WDG,OK,ASW,CE,Federal Contract Tower,0,0,2,1,3,0,0,8,0,8,0,0,10,1,11,0,0,0,11
04/06/2020,WDG,OK,ASW,CE,Federal Contract Tower,0,5,5,55,65,0,0,7,3,10,0,5,12,58,75,0,26,26,101
04/07/2020,WDG,OK,ASW,CE,Federal Contract Tower,0,2,5,38,45,0,0,7,15,22,0,2,12,53,67,0,57,57,124
04/08/2020,WDG,OK,ASW,CE,Federal Contract Tower,0,2,2,36,40,0,0,24,22,46,0,2,26,58,86,33,34,67,153
04/09/2020,WDG,OK,ASW,CE,Federal Contract Tower,0,2,4,48,54,0,0,17,36,53,0,2,21,84,107,12,82,94,201
04/10/2020,WDG,OK,ASW,CE,Federal Contract Tower,0,2,0,40,42,0,0,20,25,45,0,2,20,65,87,46,64,110,197
04/11/2020,WDG,OK,ASW,CE,Federal Contract Tower,0,2,1,36,39,0,0,8,23,31,0,2,9,59,70,0,38,38,108
04/12/2020,WDG,OK,ASW,CE,Federal Contract Tower,0,0,0,0,0,0,0,0,0,0,0,0,0,0,0,0,0,0,0
04/13/2020,WDG,OK,ASW,CE,Federal Contract Tower,0,2,8,59,69,0,0,10,37,47,0,2,18,96,116,10,50,60,176
04/14/2020,WDG,OK,ASW,CE,Federal Contract Tower,0,3,6,29,38,0,1,16,23,40,0,4,22,52,78,16,72,88,166
04/15/2020,WDG,OK,ASW,CE,Federal Contract Tower,0,2,1,39,42,0,0,17,23,40,0,2,18,62,82,0,58,58,140
04/16/2020,WDG,OK,ASW,CE,Federal Contract Tower,0,2,5,47,54,0,0,7,22,29,0,2,12,69,83,0,74,74,157
04/17/2020,WDG,OK,ASW,CE,Federal Contract Tower,0,2,2,59,63,0,0,2,12,14,0,2,4,71,77,18,38,56,133
04/18/2020,WDG,OK,ASW,CE,Federal Contract Tower,0,2,0,22,24,0,0,10,27,37,0,2,10,49,61,0,34,34,95
04/19/2020,WDG,OK,ASW,CE,Federal Contract Tower,0,0,10,0,10,0,0,6,0,6,0,0,16,0,16,10,0,10,26
04/20/2020,WDG,OK,ASW,CE,Federal Contract Tower,0,2,0,50,52,0,0,24,31,55,0,2,24,81,107,0,52,52,159
04/21/2020,WDG,OK,ASW,CE,Federal Contract Tower,0,2,4,44,50,0,0,11,33,44,0,2,15,77,94,4,72,76,170
04/22/2020,WDG,OK,ASW,CE,Federal Contract Tower,0,1,2,10,13,0,1,0,0,1,0,2,2,10,14,0,0,0,14
04/23/2020,WDG,OK,ASW,CE,Federal Contract Tower,0,2,0,42,44,0,0,25,21,46,0,2,25,63,90,14,46,60,150
04/24/2020,WDG,OK,ASW,CE,Federal Contract Tower,0,2,2,41,45,0,0,14,22,36,0,2,16,63,81,4,10,14,95
04/25/2020,WDG,OK,ASW,CE,Federal Contract Tower,0,1,4,72,77,0,1,35,38,74,0,2,39,110,151,30,64,94,245
04/26/2020,WDG,OK,ASW,CE,Federal Contract Tower,0,2,5,0,7,0,2,22,0,24,0,4,27,0,31,26,0,26,57
04/27/2020,WDG,OK,ASW,CE,Federal Contract Tower,0,2,4,41,47,0,0,9,29,38,0,2,13,70,85,0,86,86,171
04/28/2020,WDG,OK,ASW,CE,Federal Contract Tower,0,2,4,51,57,0,0,9,24,33,0,2,13,75,90,2,70,72,162
04/29/2020,WDG,OK,ASW,CE,Federal Contract Tower,0,2,0,45,47,0,0,12,25,37,0,2,12,70,84,0,36,36,120
04/30/2020,WDG,OK,ASW,CE,Federal Contract Tower,0,2,2,56,60,0,0,27,31,58,0,2,29,87,118,44,30,74,192
05/01/2020,WDG,OK,ASW,CE,Federal Contract Tower,0,2,4,33,39,0,0,11,24,35,0,2,15,57,74,0,32,32,106
05/02/2020,WDG,OK,ASW,CE,Federal Contract Tower,0,2,1,46,49,0,0,21,24,45,0,2,22,70,94,30,14,44,138
05/03/2020,WDG,OK,ASW,CE,Federal Contract Tower,0,0,9,15,24,0,0,6,0,6,0,0,15,15,30,0,6,6,36
05/04/2020,WDG,OK,ASW,CE,Federal Contract Tower,0,2,3,59,64,0,0,12,23,35,0,2,15,82,99,4,74,78,177
05/05/2020,WDG,OK,ASW,CE,Federal Contract Tower,0,2,4,59,65,0,0,9,36,45,0,2,13,95,110,26,36,62,172
05/06/2020,WDG,OK,ASW,CE,Federal Contract Tower,0,2,3,48,53,0,0,21,29,50,0,2,24,77,103,10,82,92,195
05/07/2020,WDG,OK,ASW,CE,Federal Contract Tower,0,2,5,47,54,0,0,12,15,27,0,2,17,62,81,8,20,28,109
05/08/2020,WDG,OK,ASW,CE,Federal Contract Tower,0,2,1,79,82,0,0,13,33,46,0,2,14,112,128,14,82,96,224
05/09/2020,WDG,OK,ASW,CE,Federal Contract Tower,0,2,0,40,42,0,0,46,10,56,0,2,46,50,98,28,43,71,169
05/10/2020,WDG,OK,ASW,CE,Federal Contract Tower,0,2,2,6,10,0,0,17,5,22,0,2,19,11,32,18,26,44,76
05/11/2020,WDG,OK,ASW,CE,Federal Contract Tower,0,2,7,58,67,0,0,11,27,38,0,2,18,85,105,0,50,50,155
05/12/2020,WDG,OK,ASW,CE,Federal Contract Tower,0,2,4,61,67,0,0,0,0,0,0,2,4,61,67,0,0,0,67
05/13/2020,WDG,OK,ASW,CE,Federal Contract Tower,0,2,4,56,62,0,0,0,0,0,0,2,4,56,62,0,22,22,84
05/14/2020,WDG,OK,ASW,CE,Federal Contract Tower,0,2,7,56,65,0,0,18,46,64,0,2,25,102,129,10,58,68,197
05/15/2020,WDG,OK,ASW,CE,Federal Contract Tower,0,2,4,28,34,0,0,5,0,5,0,2,9,28,39,12,0,12,51
05/16/2020,WDG,OK,ASW,CE,Federal Contract Tower,0,2,4,0,6,0,0,19,0,19,0,2,23,0,25,28,0,28,53
05/17/2020,WDG,OK,ASW,CE,Federal Contract Tower,0,0,9,73,82,0,0,20,32,52,0,0,29,105,134,6,28,34,168
05/18/2020,WDG,OK,ASW,CE,Federal Contract Tower,0,2,3,64,69,0,0,21,35,56,0,2,24,99,125,24,96,120,245
05/19/2020,WDG,OK,ASW,CE,Federal Contract Tower,0,2,2,73,77,0,1,23,34,58,0,3,25,107,135,59,94,153,288
05/20/2020,WDG,OK,ASW,CE,Federal Contract Tower,0,2,10,52,64,0,0,24,25,49,0,2,34,77,113,14,70,84,197
05/21/2020,WDG,OK,ASW,CE,Federal Contract Tower,0,2,4,65,71,0,0,11,5,16,0,2,15,70,87,12,24,36,123
05/22/2020,WDG,OK,ASW,CE,Federal Contract Tower,0,4,5,0,9,0,0,24,0,24,0,4,29,0,33,18,0,18,51
05/23/2020,WDG,OK,ASW,CE,Federal Contract Tower,0,2,5,0,7,0,1,26,0,27,0,3,31,0,34,2,0,2,36
05/24/2020,WDG,OK,ASW,CE,Federal Contract Tower,0,0,3,0,3,0,0,6,0,6,0,0,9,0,9,0,0,0,9
05/25/2020,WDG,OK,ASW,CE,Federal Contract Tower,0,0,6,0,6,0,0,6,0,6,0,0,12,0,12,0,0,0,12
05/26/2020,WDG,OK,ASW,CE,Federal Contract Tower,0,2,2,89,93,0,0,7,21,28,0,2,9,110,121,10,32,42,163
05/27/2020,WDG,OK,ASW,CE,Federal Contract Tower,0,2,3,61,66,0,0,9,36,45,0,2,12,97,111,16,96,112,223
05/28/2020,WDG,OK,ASW,CE,Federal Contract Tower,0,2,7,85,94,0,0,8,43,51,0,2,15,128,145,2,82,84,229
05/29/2020,WDG,OK,ASW,CE,Federal Contract Tower,0,2,2,53,57,0,0,19,23,42,0,2,21,76,99,2,40,42,141
05/30/2020,WDG,OK,ASW,CE,Federal Contract Tower,0,2,3,44,49,0,0,27,26,53,0,2,30,70,102,16,86,102,204
05/31/2020,WDG,OK,ASW,CE,Federal Contract Tower,0,0,2,10,12,0,0,10,6,16,0,0,12,16,28,2,34,36,64
06/01/2020,WDG,OK,ASW,CE,Federal Contract Tower,0,2,7,51,60,0,0,13,30,43,0,2,20,81,103,2,224,226,329
06/02/2020,WDG,OK,ASW,CE,Federal Contract Tower,0,2,8,54,64,0,0,12,12,24,0,2,20,66,88,10,58,68,156
06/03/2020,WDG,OK,ASW,CE,Federal Contract Tower,0,2,3,51,56,0,0,13,20,33,0,2,16,71,89,28,40,68,157
06/04/2020,WDG,OK,ASW,CE,Federal Contract Tower,0,2,6,44,52,0,0,19,21,40,0,2,25,65,92,4,32,36,128
06/05/2020,WDG,OK,ASW,CE,Federal Contract Tower,0,3,17,37,57,0,0,16,30,46,0,3,33,67,103,26,98,124,227
06/06/2020,WDG,OK,ASW,CE,Federal Contract Tower,0,2,5,28,35,0,0,21,16,37,0,2,26,44,72,20,46,66,138
06/07/2020,WDG,OK,ASW,CE,Federal Contract Tower,0,0,5,4,9,0,0,19,7,26,0,0,24,11,35,0,8,8,43
06/08/2020,WDG,OK,ASW,CE,Federal Contract Tower,0,2,1,61,64,0,0,18,19,37,0,2,19,80,101,16,58,74,175
06/09/2020,WDG,OK,ASW,CE,Federal Contract Tower,0,1,3,3,7,0,0,6,3,9,0,1,9,6,16,0,0,0,16
06/10/2020,WDG,OK,ASW,CE,Federal Contract Tower,0,3,3,81,87,0,0,15,48,63,0,3,18,129,150,28,64,92,242
06/11/2020,WDG,OK,ASW,CE,Federal Contract Tower,0,2,5,40,47,0,0,24,33,57,0,2,29,73,104,18,94,112,216
06/12/2020,WDG,OK,ASW,CE,Federal Contract Tower,0,4,7,47,58,0,0,22,38,60,0,4,29,85,118,38,102,140,258
06/13/2020,WDG,OK,ASW,CE,Federal Contract Tower,0,2,0,8,10,0,0,25,4,29,0,2,25,12,39,32,8,40,79
06/14/2020,WDG,OK,ASW,CE,Federal Contract Tower,0,1,6,6,13,0,0,27,2,29,0,1,33,8,42,13,24,37,79
06/15/2020,WDG,OK,ASW,CE,Federal Contract Tower,0,2,8,64,74,0,0,17,23,40,0,2,25,87,114,14,48,62,176
06/16/2020,WDG,OK,ASW,CE,Federal Contract Tower,0,2,6,44,52,0,1,24,23,48,0,3,30,67,100,48,56,104,204
06/17/2020,WDG,OK,ASW,CE,Federal Contract Tower,0,2,2,78,82,0,0,21,40,61,0,2,23,118,143,58,58,116,259
06/18/2020,WDG,OK,ASW,CE,Federal Contract Tower,0,2,7,66,75,0,0,9,34,43,0,2,16,100,118,6,88,94,212
06/19/2020,WDG,OK,ASW,CE,Federal Contract Tower,0,2,4,1,7,0,0,2,1,3,0,2,6,2,10,0,0,0,10
06/20/2020,WDG,OK,ASW,CE,Federal Contract Tower,0,2,6,2,10,0,0,34,2,36,0,2,40,4,46,28,0,28,74
06/21/2020,WDG,OK,ASW,CE,Federal Contract Tower,0,3,6,2,11,0,0,16,2,18,0,3,22,4,29,6,2,8,37
06/22/2020,WDG,OK,ASW,CE,Federal Contract Tower,0,2,4,67,73,0,0,9,47,56,0,2,13,114,129,38,58,96,225
06/23/2020,WDG,OK,ASW,CE,Federal Contract Tower,0,2,2,43,47,0,0,18,26,44,0,2,20,69,91,33,35,68,159
06/24/2020,WDG,OK,ASW,CE,Federal Contract Tower,0,2,0,54,56,0,0,19,30,49,0,2,19,84,105,84,36,120,225
06/25/2020,WDG,OK,ASW,CE,Federal Contract Tower,0,2,3,50,55,0,0,25,28,53,0,2,28,78,108,26,34,60,168
06/26/2020,WDG,OK,ASW,CE,Federal Contract Tower,0,2,5,62,69,0,0,21,30,51,0,2,26,92,120,10,78,88,208
06/27/2020,WDG,OK,ASW,CE,Federal Contract Tower,0,1,3,7,11,0,1,20,10,31,0,2,23,17,42,4,36,40,82
06/28/2020,WDG,OK,ASW,CE,Federal Contract Tower,0,0,3,11,14,0,0,6,9,15,0,0,9,20,29,0,38,38,67
06/29/2020,WDG,OK,ASW,CE,Federal Contract Tower,0,2,10,43,55,0,0,1,18,19,0,2,11,61,74,0,22,22,96
06/30/2020,WDG,OK,ASW,CE,Federal Contract Tower,0,3,5,42,50,0,0,10,32,42,0,3,15,74,92,16,16,32,124
07/01/2020,WDG,OK,ASW,CE,Federal Contract Tower,0,2,14,54,70,0,0,28,26,54,0,2,42,80,124,38,40,78,202
07/02/2020,WDG,OK,ASW,CE,Federal Contract Tower,0,1,8,66,75,0,1,29,39,69,0,2,37,105,144,30,88,118,262
07/03/2020,WDG,OK,ASW,CE,Federal Contract Tower,0,0,6,0,6,0,0,27,0,27,0,0,33,0,33,20,0,20,53
07/04/2020,WDG,OK,ASW,CE,Federal Contract Tower,0,0,0,0,0,0,0,9,0,9,0,0,9,0,9,14,0,14,23
07/05/2020,WDG,OK,ASW,CE,Federal Contract Tower,0,0,16,0,16,0,0,13,0,13,0,0,29,0,29,18,0,18,47
07/06/2020,WDG,OK,ASW,CE,Federal Contract Tower,0,2,10,0,12,0,0,13,0,13,0,2,23,0,25,26,0,26,51
07/07/2020,WDG,OK,ASW,CE,Federal Contract Tower,0,2,4,66,72,0,0,8,27,35,0,2,12,93,107,26,62,88,195
07/08/2020,WDG,OK,ASW,CE,Federal Contract Tower,0,3,7,52,62,0,1,18,40,59,0,4,25,92,121,36,50,86,207
07/09/2020,WDG,OK,ASW,CE,Federal Contract Tower,0,2,4,36,42,0,0,4,11,15,0,2,8,47,57,0,46,46,103
07/10/2020,WDG,OK,ASW,CE,Federal Contract Tower,0,2,3,42,47,0,1,9,20,30,0,3,12,62,77,22,19,41,118
07/11/2020,WDG,OK,ASW,CE,Federal Contract Tower,0,3,2,9,14,0,0,24,6,30,0,3,26,15,44,10,16,26,70
07/12/2020,WDG,OK,ASW,CE,Federal Contract Tower,0,0,5,10,15,0,0,25,6,31,0,0,30,16,46,10,20,30,76
07/13/2020,WDG,OK,ASW,CE,Federal Contract Tower,0,2,14,63,79,0,0,9,39,48,0,2,23,102,127,22,130,152,279
07/14/2020,WDG,OK,ASW,CE,Federal Contract Tower,0,2,9,46,57,0,0,10,31,41,0,2,19,77,98,28,86,114,212
07/15/2020,WDG,OK,ASW,CE,Federal Contract Tower,0,6,11,59,76,0,0,14,43,57,0,6,25,102,133,58,78,136,269
07/16/2020,WDG,OK,ASW,CE,Federal Contract Tower,0,3,6,43,52,0,0,24,29,53,0,3,30,72,105,34,116,150,255
07/17/2020,WDG,OK,ASW,CE,Federal Contract Tower,0,2,1,27,30,0,0,23,34,57,0,2,24,61,87,46,126,172,259
07/18/2020,WDG,OK,ASW,CE,Federal Contract Tower,0,2,8,21,31,0,0,38,32,70,0,2,46,53,101,8,60,68,169
07/19/2020,WDG,OK,ASW,CE,Federal Contract Tower,0,2,5,1,8,0,0,32,1,33,0,2,37,2,41,50,0,50,91
07/20/2020,WDG,OK,ASW,CE,Federal Contract Tower,0,2,0,34,36,0,0,12,19,31,0,2,12,53,67,26,46,72,139
07/21/2020,WDG,OK,ASW,CE,Federal Contract Tower,0,4,2,24,30,0,0,8,17,25,0,4,10,41,55,16,32,48,103
07/22/2020,WDG,OK,ASW,CE,Federal Contract Tower,0,2,1,37,40,0,2,14,26,42,0,4,15,63,82,28,50,78,160
07/23/2020,WDG,OK,ASW,CE,Federal Contract Tower,0,2,6,15,23,0,0,7,4,11,0,2,13,19,34,29,24,53,87
07/24/2020,WDG,OK,ASW,CE,Federal Contract Tower,0,2,5,24,31,0,0,21,27,48,0,2,26,51,79,6,18,24,103
07/25/2020,WDG,OK,ASW,CE,Federal Contract Tower,0,2,3,1,6,0,0,27,7,34,0,2,30,8,40,20,4,24,64
07/26/2020,WDG,OK,ASW,CE,Federal Contract Tower,0,0,3,2,5,0,0,19,2,21,0,0,22,4,26,0,10,10,36
07/27/2020,WDG,OK,ASW,CE,Federal Contract Tower,0,2,3,13,18,0,0,3,3,6,0,2,6,16,24,2,0,2,26
07/28/2020,WDG,OK,ASW,CE,Federal Contract Tower,0,2,7,43,52,0,0,3,3,6,0,2,10,46,58,20,2,22,80
07/29/2020,WDG,OK,ASW,CE,Federal Contract Tower,0,3,7,41,51,0,0,11,9,20,0,3,18,50,71,16,8,24,95
07/30/2020,WDG,OK,ASW,CE,Federal Contract Tower,0,6,4,49,59,0,0,25,32,57,0,6,29,81,116,22,115,137,253
07/31/2020,WDG,OK,ASW,CE,Federal Contract Tower,0,2,6,59,67,0,0,21,35,56,0,2,27,94,123,10,73,83,206
08/01/2020,WDG,OK,ASW,CE,Federal Contract Tower,0,6,2,0,8,0,0,43,6,49,0,6,45,6,57,34,0,34,91
08/02/2020,WDG,OK,ASW,CE,Federal Contract Tower,0,4,1,9,14,0,0,27,5,32,0,4,28,14,46,24,0,24,70
08/03/2020,WDG,OK,ASW,CE,Federal Contract Tower,0,2,12,38,52,0,0,15,34,49,0,2,27,72,101,106,60,166,267
08/04/2020,WDG,OK,ASW,CE,Federal Contract Tower,0,2,1,40,43,0,0,11,30,41,0,2,12,70,84,12,90,102,186
08/05/2020,WDG,OK,ASW,CE,Federal Contract Tower,0,4,5,38,47,0,0,10,6,16,0,4,15,44,63,4,74,78,141
08/06/2020,WDG,OK,ASW,CE,Federal Contract Tower,0,2,2,18,22,0,0,4,10,14,0,2,6,28,36,0,58,58,94
08/07/2020,WDG,OK,ASW,CE,Federal Contract Tower,0,3,4,11,18,0,0,18,21,39,0,3,22,32,57,0,28,28,85
08/08/2020,WDG,OK,ASW,CE,Federal Contract Tower,0,2,2,9,13,0,0,22,16,38,0,2,24,25,51,14,40,54,105
08/09/2020,WDG,OK,ASW,CE,Federal Contract Tower,0,0,0,6,6,0,0,15,7,22,0,0,15,13,28,4,18,22,50
08/10/2020,WDG,OK,ASW,CE,Federal Contract Tower,0,2,2,32,36,0,0,14,34,48,0,2,16,66,84,6,166,172,256
08/11/2020,WDG,OK,ASW,CE,Federal Contract Tower,0,2,2,32,36,0,0,15,14,29,0,2,17,46,65,32,26,58,123
08/12/2020,WDG,OK,ASW,CE,Federal Contract Tower,0,2,4,34,40,0,0,1,6,7,0,2,5,40,47,0,62,62,109
08/13/2020,WDG,OK,ASW,CE,Federal Contract Tower,0,2,2,22,26,0,0,12,13,25,0,2,14,35,51,2,12,14,65
08/14/2020,WDG,OK,ASW,CE,Federal Contract Tower,0,2,0,38,40,0,0,11,22,33,0,2,11,60,73,8,46,54,127
08/15/2020,WDG,OK,ASW,CE,Federal Contract Tower,0,3,7,14,24,0,0,56,5,61,0,3,63,19,85,20,16,36,121
08/16/2020,WDG,OK,ASW,CE,Federal Contract Tower,0,0,4,2,6,0,0,10,0,10,0,0,14,2,16,22,4,26,42
08/17/2020,WDG,OK,ASW,CE,Federal Contract Tower,0,2,8,33,43,0,0,16,26,42,0,2,24,59,85,16,25,41,126
08/18/2020,WDG,OK,ASW,CE,Federal Contract Tower,0,2,3,23,28,0,0,31,21,52,0,2,34,44,80,46,61,107,187
08/19/2020,WDG,OK,ASW,CE,Federal Contract Tower,0,4,3,36,43,0,0,19,28,47,0,4,22,64,90,46,62,108,198
08/20/2020,WDG,OK,ASW,CE,Federal Contract Tower,0,2,5,32,39,0,0,27,16,43,0,2,32,48,82,52,34,86,168
08/21/2020,WDG,OK,ASW,CE,Federal Contract Tower,0,2,12,29,43,0,0,26,13,39,0,2,38,42,82,20,58,78,160
08/22/2020,WDG,OK,ASW,CE,Federal Contract Tower,0,2,5,2,9,0,0,44,7,51,0,2,49,9,60,46,14,60,120
08/23/2020,WDG,OK,ASW,CE,Federal Contract Tower,0,0,4,15,19,0,0,28,7,35,0,0,32,22,54,46,0,46,100
08/24/2020,WDG,OK,ASW,CE,Federal Contract Tower,0,2,6,31,39,0,0,17,19,36,0,2,23,50,75,12,74,86,161
08/25/2020,WDG,OK,ASW,CE,Federal Contract Tower,0,2,3,30,35,0,0,39,34,73,0,2,42,64,108,30,78,108,216
08/26/2020,WDG,OK,ASW,CE,Federal Contract Tower,0,4,6,31,41,0,0,35,33,68,0,4,41,64,109,31,80,111,220
08/27/2020,WDG,OK,ASW,CE,Federal Contract Tower,0,2,4,38,44,0,0,7,44,51,0,2,11,82,95,0,98,98,193
08/28/2020,WDG,OK,ASW,CE,Federal Contract Tower,0,3,9,29,41,0,1,16,22,39,0,4,25,51,80,52,92,144,224
08/29/2020,WDG,OK,ASW,CE,Federal Contract Tower,0,2,4,3,9,0,0,14,4,18,0,2,18,7,27,38,2,40,67
08/30/2020,WDG,OK,ASW,CE,Federal Contract Tower,0,0,8,6,14,0,0,32,6,38,0,0,40,12,52,52,36,88,140
08/31/2020,WDG,OK,ASW,CE,Federal Contract Tower,0,2,6,43,51,0,0,11,28,39,0,2,17,71,90,10,72,82,172
09/01/2020,WDG,OK,ASW,CE,Federal Contract Tower,0,2,5,48,55,0,0,7,20,27,0,2,12,68,82,2,46,48,130
09/02/2020,WDG,OK,ASW,CE,Federal Contract Tower,0,2,5,48,55,0,0,18,3,21,0,2,23,51,76,18,22,40,116
09/03/2020,WDG,OK,ASW,CE,Federal Contract Tower,0,2,3,7,12,0,0,18,15,33,0,2,21,22,45,8,20,28,73
09/04/2020,WDG,OK,ASW,CE,Federal Contract Tower,0,3,6,1,10,0,2,21,2,25,0,5,27,3,35,12,2,14,49
09/05/2020,WDG,OK,ASW,CE,Federal Contract Tower,0,2,3,0,5,0,0,37,1,38,0,2,40,1,43,30,0,30,73
09/06/2020,WDG,OK,ASW,CE,Federal Contract Tower,0,0,5,0,5,0,0,13,0,13,0,0,18,0,18,14,0,14,32
09/07/2020,WDG,OK,ASW,CE,Federal Contract Tower,0,0,5,0,5,0,0,22,2,24,0,0,27,2,29,56,0,56,85
09/08/2020,WDG,OK,ASW,CE,Federal Contract Tower,0,2,1,31,34,0,0,2,37,39,0,2,3,68,73,8,104,112,185
09/09/2020,WDG,OK,ASW,CE,Federal Contract Tower,0,2,3,9,14,0,0,0,0,0,0,2,3,9,14,0,0,0,14
09/10/2020,WDG,OK,ASW,CE,Federal Contract Tower,0,2,10,42,54,0,0,7,0,7,0,2,17,42,61,6,0,6,67
09/11/2020,WDG,OK,ASW,CE,Federal Contract Tower,0,4,17,88,109,0,0,13,0,13,0,4,30,88,122,6,82,88,210
09/12/2020,WDG,OK,ASW,CE,Federal Contract Tower,0,0,4,11,15,0,0,31,9,40,0,0,35,20,55,62,20,82,137
09/13/2020,WDG,OK,ASW,CE,Federal Contract Tower,0,0,15,5,20,0,0,12,8,20,0,0,27,13,40,34,22,56,96
09/14/2020,WDG,OK,ASW,CE,Federal Contract Tower,0,4,9,42,55,0,0,14,39,53,0,4,23,81,108,29,115,144,252
09/15/2020,WDG,OK,ASW,CE,Federal Contract Tower,0,2,0,34,36,0,0,23,37,60,0,2,23,71,96,24,114,138,234
09/16/2020,WDG,OK,ASW,CE,Federal Contract Tower,0,3,10,31,44,0,0,13,41,54,0,3,23,72,98,16,174,190,288
09/17/2020,WDG,OK,ASW,CE,Federal Contract Tower,0,2,4,36,42,0,0,20,53,73,0,2,24,89,115,22,222,244,359
09/18/2020,WDG,OK,ASW,CE,Federal Contract Tower,0,2,2,48,52,0,0,31,37,68,0,2,33,85,120,10,156,166,286
09/19/2020,WDG,OK,ASW,CE,Federal Contract Tower,0,0,8,16,24,0,2,96,2,100,0,2,104,18,124,36,40,76,200
09/20/2020,WDG,OK,ASW,CE,Federal Contract Tower,0,0,5,7,12,0,0,27,13,40,0,0,32,20,52,30,14,44,96
09/21/2020,WDG,OK,ASW,CE,Federal Contract Tower,0,3,3,38,44,0,0,24,40,64,0,3,27,78,108,22,138,160,268
09/22/2020,WDG,OK,ASW,CE,Federal Contract Tower,0,2,10,50,62,0,0,10,0,10,0,2,20,50,72,10,6,16,88
09/23/2020,WDG,OK,ASW,CE,Federal Contract Tower,0,2,18,26,46,0,0,7,0,7,0,2,25,26,53,6,38,44,97
09/24/2020,WDG,OK,ASW,CE,Federal Contract Tower,0,2,12,25,39,0,0,20,25,45,0,2,32,50,84,50,92,142,226
09/25/2020,WDG,OK,ASW,CE,Federal Contract Tower,0,2,14,28,44,0,1,26,31,58,0,3,40,59,102,22,62,84,186
09/26/2020,WDG,OK,ASW,CE,Federal Contract Tower,0,2,3,15,20,0,0,27,11,38,0,2,30,26,58,22,10,32,90
09/27/2020,WDG,OK,ASW,CE,Federal Contract Tower,0,0,5,17,22,0,0,6,3,9,0,0,11,20,31,8,0,8,39
09/28/2020,WDG,OK,ASW,CE,Federal Contract Tower,0,2,1,51,54,0,0,28,46,74,0,2,29,97,128,28,150,178,306
09/29/2020,WDG,OK,ASW,CE,Federal Contract Tower,0,2,0,40,42,0,0,36,31,67,0,2,36,71,109,16,56,72,181
09/30/2020,WDG,OK,ASW,CE,Federal Contract Tower,0,2,2,42,46,0,0,25,38,63,0,2,27,80,109,12,165,177,286
10/01/2020,WDG,OK,ASW,CE,Federal Contract Tower,0,4,11,33,48,0,0,20,25,45,0,4,31,58,93,0,52,52,145
10/02/2020,WDG,OK,ASW,CE,Federal Contract Tower,0,2,5,25,32,0,0,17,38,55,0,2,22,63,87,8,90,98,185
10/03/2020,WDG,OK,ASW,CE,Federal Contract Tower,0,2,3,5,10,0,0,22,15,37,0,2,25,20,47,4,60,64,111
10/04/2020,WDG,OK,ASW,CE,Federal Contract Tower,0,2,4,6,12,0,0,17,10,27,0,2,21,16,39,20,22,42,81
10/05/2020,WDG,OK,ASW,CE,Federal Contract Tower,0,2,2,43,47,0,0,23,32,55,0,2,25,75,102,10,92,102,204
10/06/2020,WDG,OK,ASW,CE,Federal Contract Tower,0,2,2,41,45,0,0,22,40,62,0,2,24,81,107,0,138,138,245
10/07/2020,WDG,OK,ASW,CE,Federal Contract Tower,0,2,2,43,47,0,0,13,32,45,0,2,15,75,92,4,66,70,162
10/08/2020,WDG,OK,ASW,CE,Federal Contract Tower,0,2,11,40,53,0,0,24,33,57,0,2,35,73,110,14,100,114,224
10/09/2020,WDG,OK,ASW,CE,Federal Contract Tower,0,3,9,36,48,0,0,8,8,16,0,3,17,44,64,0,20,20,84
10/10/2020,WDG,OK,ASW,CE,Federal Contract Tower,0,0,7,5,12,0,0,21,0,21,0,0,28,5,33,40,6,46,79
10/11/2020,WDG,OK,ASW,CE,Federal Contract Tower,0,0,12,8,20,0,0,18,0,18,0,0,30,8,38,4,0,4,42
10/12/2020,WDG,OK,ASW,CE,Federal Contract Tower,0,2,8,9,19,0,0,35,4,39,0,2,43,13,58,52,14,66,124
10/13/2020,WDG,OK,ASW,CE,Federal Contract Tower,0,2,6,45,53,0,0,25,31,56,0,2,31,76,109,42,92,134,243
10/14/2020,WDG,OK,ASW,CE,Federal Contract Tower,0,2,9,28,39,0,0,13,20,33,0,2,22,48,72,8,32,40,112
10/15/2020,WDG,OK,ASW,CE,Federal Contract Tower,0,3,8,26,37,0,0,25,21,46,0,3,33,47,83,8,64,72,155
10/16/2020,WDG,OK,ASW,CE,Federal Contract Tower,0,2,9,19,30,0,0,29,19,48,0,2,38,38,78,6,143,149,227
10/17/2020,WDG,OK,ASW,CE,Federal Contract Tower,0,2,3,10,15,0,0,15,4,19,0,2,18,14,34,6,36,42,76
10/18/2020,WDG,OK,ASW,CE,Federal Contract Tower,0,0,2,7,9,0,0,1,0,1,0,0,3,7,10,0,0,0,10
10/19/2020,WDG,OK,ASW,CE,Federal Contract Tower,0,2,8,66,76,0,0,11,20,31,0,2,19,86,107,4,20,24,131
10/20/2020,WDG,OK,ASW,CE,Federal Contract Tower,0,2,9,46,57,0,0,8,1,9,0,2,17,47,66,2,50,52,118
10/21/2020,WDG,OK,ASW,CE,Federal Contract Tower,0,2,4,24,30,0,0,20,14,34,0,2,24,38,64,50,42,92,156
10/22/2020,WDG,OK,ASW,CE,Federal Contract Tower,0,2,7,27,36,0,0,12,25,37,0,2,19,52,73,8,94,102,175
10/23/2020,WDG,OK,ASW,CE,Federal Contract Tower,0,2,4,33,39,0,0,8,12,20,0,2,12,45,59,4,126,130,189
10/24/2020,WDG,OK,ASW,CE,Federal Contract Tower,0,2,0,24,26,0,0,35,8,43,0,2,35,32,69,64,38,102,171
10/25/2020,WDG,OK,ASW,CE,Federal Contract Tower,0,0,4,26,30,0,0,2,0,2,0,0,6,26,32,2,14,16,48
10/26/2020,WDG,OK,ASW,CE,Federal Contract Tower,0,0,1,0,1,0,0,0,0,0,0,0,1,0,1,0,0,0,1
10/27/2020,WDG,OK,ASW,CE,Federal Contract Tower,0,0,0,0,0,0,0,0,0,0,0,0,0,0,0,0,0,0,0
10/28/2020,WDG,OK,ASW,CE,Federal Contract Tower,0,0,0,0,0,0,0,0,0,0,0,0,0,0,0,0,0,0,0
10/29/2020,WDG,OK,ASW,CE,Federal Contract Tower,0,2,7,47,56,0,0,2,19,21,0,2,9,66,77,0,74,74,151
10/30/2020,WDG,OK,ASW,CE,Federal Contract Tower,0,2,6,33,41,0,0,27,23,50,0,2,33,56,91,12,88,100,191
10/31/2020,WDG,OK,ASW,CE,Federal Contract Tower,0,2,3,3,8,0,0,28,9,37,0,2,31,12,45,24,60,84,129
11/01/2020,WDG,OK,ASW,CE,Federal Contract Tower,0,0,3,13,16,0,0,28,8,36,0,0,31,21,52,24,34,58,110
11/02/2020,WDG,OK,ASW,CE,Federal Contract Tower,0,2,3,18,23,0,0,18,20,38,0,2,21,38,61,0,68,68,129
11/03/2020,WDG,OK,ASW,CE,Federal Contract Tower,0,3,5,33,41,0,0,9,26,35,0,3,14,59,76,4,96,100,176
11/04/2020,WDG,OK,ASW,CE,Federal Contract Tower,0,2,7,33,42,0,0,3,23,26,0,2,10,56,68,0,32,32,100
11/05/2020,WDG,OK,ASW,CE,Federal Contract Tower,0,2,2,18,22,0,0,20,17,37,0,2,22,35,59,22,56,78,137
11/06/2020,WDG,OK,ASW,CE,Federal Contract Tower,0,4,11,16,31,0,1,18,17,36,0,5,29,33,67,22,44,66,133
11/07/2020,WDG,OK,ASW,CE,Federal Contract Tower,0,2,2,5,9,0,0,30,10,40,0,2,32,15,49,10,4,14,63
11/08/2020,WDG,OK,ASW,CE,Federal Contract Tower,0,2,2,2,6,0,0,4,6,10,0,2,6,8,16,0,18,18,34
11/09/2020,WDG,OK,ASW,CE,Federal Contract Tower,0,3,8,37,48,0,0,12,1,13,0,3,20,38,61,41,7,48,109
11/10/2020,WDG,OK,ASW,CE,Federal Contract Tower,0,3,11,64,78,0,0,10,13,23,0,3,21,77,101,10,57,67,168
11/11/2020,WDG,OK,ASW,CE,Federal Contract Tower,0,2,11,3,16,0,0,20,11,31,0,2,31,14,47,26,6,32,79
11/12/2020,WDG,OK,ASW,CE,Federal Contract Tower,0,3,5,51,59,0,1,29,27,57,0,4,34,78,116,20,96,116,232
11/13/2020,WDG,OK,ASW,CE,Federal Contract Tower,0,2,12,25,39,0,0,21,18,39,0,2,33,43,78,40,66,106,184
11/14/2020,WDG,OK,ASW,CE,Federal Contract Tower,0,2,7,6,15,0,0,10,2,12,0,2,17,8,27,8,28,36,63
11/15/2020,WDG,OK,ASW,CE,Federal Contract Tower,0,0,2,12,14,0,0,43,6,49,0,0,45,18,63,48,16,64,127
11/16/2020,WDG,OK,ASW,CE,Federal Contract Tower,0,2,6,31,39,0,0,29,32,61,0,2,35,63,100,36,55,91,191
11/17/2020,WDG,OK,ASW,CE,Federal Contract Tower,0,2,4,29,35,0,0,21,26,47,0,2,25,55,82,48,92,140,222
11/18/2020,WDG,OK,ASW,CE,Federal Contract Tower,0,2,15,45,62,0,2,4,22,28,0,4,19,67,90,0,86,86,176
11/19/2020,WDG,OK,ASW,CE,Federal Contract Tower,0,2,7,58,67,0,0,11,22,33,0,2,18,80,100,16,92,108,208
11/20/2020,WDG,OK,ASW,CE,Federal Contract Tower,0,3,8,34,45,0,0,21,24,45,0,3,29,58,90,4,42,46,136
11/21/2020,WDG,OK,ASW,CE,Federal Contract Tower,0,2,9,8,19,0,0,0,0,0,0,2,9,8,19,0,0,0,19
11/22/2020,WDG,OK,ASW,CE,Federal Contract Tower,0,0,10,10,20,0,0,8,0,8,0,0,18,10,28,4,10,14,42
11/23/2020,WDG,OK,ASW,CE,Federal Contract Tower,0,3,1,34,38,0,1,2,8,11,0,4,3,42,49,22,82,104,153
11/24/2020,WDG,OK,ASW,CE,Federal Contract Tower,0,0,2,2,4,0,0,0,0,0,0,0,2,2,4,0,0,0,4
11/25/2020,WDG,OK,ASW,CE,Federal Contract Tower,0,2,3,38,43,0,0,22,19,41,0,2,25,57,84,20,116,136,220
11/26/2020,WDG,OK,ASW,CE,Federal Contract Tower,0,0,4,0,4,0,0,7,0,7,0,0,11,0,11,20,0,20,31
11/27/2020,WDG,OK,ASW,CE,Federal Contract Tower,0,2,1,0,3,0,0,16,0,16,0,2,17,0,19,32,0,32,51
11/28/2020,WDG,OK,ASW,CE,Federal Contract Tower,0,2,8,0,10,0,0,10,0,10,0,2,18,0,20,14,0,14,34
11/29/2020,WDG,OK,ASW,CE,Federal Contract Tower,0,0,8,0,8,0,0,7,0,7,0,0,15,0,15,0,0,0,15
11/30/2020,WDG,OK,ASW,CE,Federal Contract Tower,0,2,7,74,83,0,0,11,40,51,0,2,18,114,134,36,118,154,288
12/01/2020,WDG,OK,ASW,CE,Federal Contract Tower,0,2,7,63,72,0,0,23,41,64,0,2,30,104,136,46,108,154,290
12/02/2020,WDG,OK,ASW,CE,Federal Contract Tower,0,0,0,24,24,0,0,0,8,8,0,0,0,32,32,0,38,38,70
12/03/2020,WDG,OK,ASW,CE,Federal Contract Tower,0,4,10,1,15,0,0,0,0,0,0,4,10,1,15,10,0,10,25
12/04/2020,WDG,OK,ASW,CE,Federal Contract Tower,0,2,13,39,54,0,0,30,37,67,0,2,43,76,121,2,150,152,273
12/05/2020,WDG,OK,ASW,CE,Federal Contract Tower,0,2,2,5,9,0,0,46,4,50,0,2,48,9,59,48,0,48,107
12/06/2020,WDG,OK,ASW,CE,Federal Contract Tower,0,0,2,13,15,0,0,22,1,23,0,0,24,14,38,34,22,56,94
12/07/2020,WDG,OK,ASW,CE,Federal Contract Tower,0,3,8,55,66,0,0,20,28,48,0,3,28,83,114,44,92,136,250
12/08/2020,WDG,OK,ASW,CE,Federal Contract Tower,0,2,3,38,43,0,0,16,33,49,0,2,19,71,92,6,62,68,160
12/09/2020,WDG,OK,ASW,CE,Federal Contract Tower,0,2,8,42,52,0,0,29,32,61,0,2,37,74,113,30,96,126,239
12/10/2020,WDG,OK,ASW,CE,Federal Contract Tower,0,2,5,51,58,0,0,16,39,55,0,2,21,90,113,11,114,125,238
12/11/2020,WDG,OK,ASW,CE,Federal Contract Tower,0,0,7,64,71,0,0,6,15,21,0,0,13,79,92,0,68,68,160
12/12/2020,WDG,OK,ASW,CE,Federal Contract Tower,0,0,1,23,24,0,2,23,8,33,0,2,24,31,57,18,138,156,213
12/13/2020,WDG,OK,ASW,CE,Federal Contract Tower,0,0,12,4,16,0,0,2,0,2,0,0,14,4,18,0,0,0,18
12/14/2020,WDG,OK,ASW,CE,Federal Contract Tower,0,0,1,17,18,0,6,10,3,19,0,6,11,20,37,20,14,34,71
12/15/2020,WDG,OK,ASW,CE,Federal Contract Tower,0,0,8,0,8,0,0,0,0,0,0,0,8,0,8,0,0,0,8
12/16/2020,WDG,OK,ASW,CE,Federal Contract Tower,0,2,1,13,16,0,0,9,6,15,0,2,10,19,31,2,40,42,73
12/17/2020,WDG,OK,ASW,CE,Federal Contract Tower,0,5,6,53,64,0,0,18,24,42,0,5,24,77,106,0,124,124,230
12/18/2020,WDG,OK,ASW,CE,Federal Contract Tower,0,2,5,41,48,0,0,3,18,21,0,2,8,59,69,16,122,138,207
12/19/2020,WDG,OK,ASW,CE,Federal Contract Tower,0,2,10,15,27,0,0,22,9,31,0,2,32,24,58,0,32,32,90
12/20/2020,WDG,OK,ASW,CE,Federal Contract Tower,0,2,8,16,26,0,0,30,16,46,0,2,38,32,72,2,40,42,114
12/21/2020,WDG,OK,ASW,CE,Federal Contract Tower,0,1,6,48,55,0,1,23,30,54,0,2,29,78,109,26,72,98,207
12/22/2020,WDG,OK,ASW,CE,Federal Contract Tower,0,3,8,30,41,0,0,14,26,40,0,3,22,56,81,20,38,58,139
12/23/2020,WDG,OK,ASW,CE,Federal Contract Tower,0,2,11,0,13,0,0,7,0,7,0,2,18,0,20,0,0,0,20
12/24/2020,WDG,OK,ASW,CE,Federal Contract Tower,0,2,1,0,3,0,0,15,0,15,0,2,16,0,18,6,0,6,24
12/25/2020,WDG,OK,ASW,CE,Federal Contract Tower,0,1,1,0,2,0,0,6,0,6,0,1,7,0,8,0,0,0,8
12/26/2020,WDG,OK,ASW,CE,Federal Contract Tower,0,2,2,0,4,0,0,30,0,30,0,2,32,0,34,32,0,32,66
12/27/2020,WDG,OK,ASW,CE,Federal Contract Tower,0,2,12,0,14,0,0,8,0,8,0,2,20,0,22,0,0,0,22
12/28/2020,WDG,OK,ASW,CE,Federal Contract Tower,0,2,5,0,7,0,0,20,0,20,0,2,25,0,27,10,0,10,37
12/29/2020,WDG,OK,ASW,CE,Federal Contract Tower,0,2,4,0,6,0,0,0,0,0,0,2,4,0,6,0,0,0,6
12/30/2020,WDG,OK,ASW,CE,Federal Contract Tower,0,2,0,0,2,0,0,7,0,7,0,2,7,0,9,22,0,22,31
12/31/2020,WDG,OK,ASW,CE,Federal Contract Tower,0,2,0,0,2,0,0,10,0,10,0,2,10,0,12,26,0,26,38
01/01/2021,WDG,OK,ASW,CE,Federal Contract Tower,0,0,1,0,1,0,0,1,0,1,0,0,2,0,2,0,0,0,2
01/02/2021,WDG,OK,ASW,CE,Federal Contract Tower,0,1,6,0,7,0,1,26,0,27,0,2,32,0,34,14,0,14,48
01/03/2021,WDG,OK,ASW,CE,Federal Contract Tower,0,0,12,0,12,0,0,25,0,25,0,0,37,0,37,10,0,10,47
01/04/2021,WDG,OK,ASW,CE,Federal Contract Tower,0,2,5,0,7,0,0,14,0,14,0,2,19,0,21,32,0,32,53
01/05/2021,WDG,OK,ASW,CE,Federal Contract Tower,0,4,2,51,57,0,0,11,28,39,0,4,13,79,96,26,32,58,154
01/06/2021,WDG,OK,ASW,CE,Federal Contract Tower,0,2,3,66,71,0,0,5,38,43,0,2,8,104,114,10,88,98,212
01/07/2021,WDG,OK,ASW,CE,Federal Contract Tower,0,2,3,4,9,0,0,1,0,1,0,2,4,4,10,0,0,0,10
01/08/2021,WDG,OK,ASW,CE,Federal Contract Tower,0,2,4,68,74,0,0,5,3,8,0,2,9,71,82,6,44,50,132
01/09/2021,WDG,OK,ASW,CE,Federal Contract Tower,0,2,2,14,18,0,0,15,8,23,0,2,17,22,41,16,26,42,83
01/10/2021,WDG,OK,ASW,CE,Federal Contract Tower,0,0,0,6,6,0,0,1,2,3,0,0,1,8,9,0,12,12,21
01/11/2021,WDG,OK,ASW,CE,Federal Contract Tower,0,2,16,36,54,0,0,30,40,70,0,2,46,76,124,8,134,142,266
01/12/2021,WDG,OK,ASW,CE,Federal Contract Tower,0,2,8,23,33,0,0,28,34,62,0,2,36,57,95,26,105,131,226
01/13/2021,WDG,OK,ASW,CE,Federal Contract Tower,0,2,15,17,34,0,0,34,31,65,0,2,49,48,99,36,62,98,197
01/14/2021,WDG,OK,ASW,CE,Federal Contract Tower,0,2,18,24,44,0,0,17,19,36,0,2,35,43,80,0,37,37,117
01/15/2021,WDG,OK,ASW,CE,Federal Contract Tower,0,3,8,6,17,0,0,8,2,10,0,3,16,8,27,5,0,5,32
01/16/2021,WDG,OK,ASW,CE,Federal Contract Tower,0,2,4,0,6,0,0,42,1,43,0,2,46,1,49,12,14,26,75
01/17/2021,WDG,OK,ASW,CE,Federal Contract Tower,0,0,8,4,12,0,0,26,0,26,0,0,34,4,38,10,2,12,50
01/18/2021,WDG,OK,ASW,CE,Federal Contract Tower,0,7,8,0,15,0,0,31,4,35,0,7,39,4,50,42,6,48,98
01/19/2021,WDG,OK,ASW,CE,Federal Contract Tower,0,2,8,51,61,0,0,22,48,70,0,2,30,99,131,16,124,140,271
01/20/2021,WDG,OK,ASW,CE,Federal Contract Tower,0,2,4,35,41,0,0,4,34,38,0,2,8,69,79,0,134,134,213
01/21/2021,WDG,OK,ASW,CE,Federal Contract Tower,0,2,10,46,58,0,0,21,14,35,0,2,31,60,93,8,41,49,142
01/22/2021,WDG,OK,ASW,CE,Federal Contract Tower,0,3,12,34,49,0,0,24,32,56,0,3,36,66,105,44,140,184,289
01/23/2021,WDG,OK,ASW,CE,Federal Contract Tower,0,3,4,10,17,0,0,6,9,15,0,3,10,19,32,0,18,18,50
01/24/2021,WDG,OK,ASW,CE,Federal Contract Tower,0,2,4,28,34,0,0,0,0,0,0,2,4,28,34,0,0,0,34
01/25/2021,WDG,OK,ASW,CE,Federal Contract Tower,0,4,2,0,6,0,0,0,0,0,0,4,2,0,6,0,0,0,6
01/26/2021,WDG,OK,ASW,CE,Federal Contract Tower,0,2,7,12,21,0,0,3,0,3,0,2,10,12,24,0,2,2,26
01/27/2021,WDG,OK,ASW,CE,Federal Contract Tower,0,1,5,59,65,0,1,17,26,44,0,2,22,85,109,24,96,120,229
01/28/2021,WDG,OK,ASW,CE,Federal Contract Tower,0,4,1,36,41,0,0,8,22,30,0,4,9,58,71,0,74,74,145
01/29/2021,WDG,OK,ASW,CE,Federal Contract Tower,0,0,5,28,33,0,2,19,24,45,0,2,24,52,78,22,104,126,204
01/30/2021,WDG,OK,ASW,CE,Federal Contract Tower,0,0,0,9,9,0,2,6,6,14,0,2,6,15,23,0,6,6,29
01/31/2021,WDG,OK,ASW,CE,Federal Contract Tower,0,0,3,12,15,0,0,12,4,16,0,0,15,16,31,8,14,22,53
02/01/2021,WDG,OK,ASW,CE,Federal Contract Tower,0,2,2,59,63,0,0,19,46,65,0,2,21,105,128,4,154,158,286
02/02/2021,WDG,OK,ASW,CE,Federal Contract Tower,0,2,2,45,49,0,0,9,38,47,0,2,11,83,96,12,157,169,265
02/03/2021,WDG,OK,ASW,CE,Federal Contract Tower,0,2,1,48,51,0,0,23,42,65,0,2,24,90,116,30,210,240,356
02/04/2021,WDG,OK,ASW,CE,Federal Contract Tower,0,3,4,88,95,0,0,5,42,47,0,3,9,130,142,0,158,158,300
02/05/2021,WDG,OK,ASW,CE,Federal Contract Tower,0,2,8,30,40,0,0,20,33,53,0,2,28,63,93,22,168,190,283
02/06/2021,WDG,OK,ASW,CE,Federal Contract Tower,0,2,0,4,6,0,0,9,0,9,0,2,9,4,15,32,0,32,47
02/07/2021,WDG,OK,ASW,CE,Federal Contract Tower,0,3,4,0,7,0,0,0,0,0,0,3,4,0,7,0,0,0,7
02/08/2021,WDG,OK,ASW,CE,Federal Contract Tower,0,0,0,0,0,0,0,0,0,0,0,0,0,0,0,0,0,0,0
02/09/2021,WDG,OK,ASW,CE,Federal Contract Tower,0,0,0,0,0,0,0,0,0,0,0,0,0,0,0,0,0,0,0
02/10/2021,WDG,OK,ASW,CE,Federal Contract Tower,0,0,0,0,0,0,0,0,0,0,0,0,0,0,0,0,0,0,0
02/11/2021,WDG,OK,ASW,CE,Federal Contract Tower,0,2,0,0,2,0,0,2,0,2,0,2,2,0,4,0,0,0,4
02/12/2021,WDG,OK,ASW,CE,Federal Contract Tower,0,0,2,0,2,0,0,0,0,0,0,0,2,0,2,0,0,0,2
02/13/2021,WDG,OK,ASW,CE,Federal Contract Tower,0,0,7,0,7,0,0,0,0,0,0,0,7,0,7,20,0,20,27
02/14/2021,WDG,OK,ASW,CE,Federal Contract Tower,0,0,0,0,0,0,0,0,0,0,0,0,0,0,0,0,0,0,0
02/15/2021,WDG,OK,ASW,CE,Federal Contract Tower,0,0,0,0,0,0,0,0,0,0,0,0,0,0,0,0,0,0,0
02/16/2021,WDG,OK,ASW,CE,Federal Contract Tower,0,0,2,0,2,0,0,0,0,0,0,0,2,0,2,0,0,0,2
02/17/2021,WDG,OK,ASW,CE,Federal Contract Tower,0,0,0,0,0,0,0,0,0,0,0,0,0,0,0,0,0,0,0
02/18/2021,WDG,OK,ASW,CE,Federal Contract Tower,0,2,1,0,3,0,0,1,0,1,0,2,2,0,4,0,0,0,4
02/19/2021,WDG,OK,ASW,CE,Federal Contract Tower,0,1,3,20,24,0,1,5,6,12,0,2,8,26,36,0,32,32,68
02/20/2021,WDG,OK,ASW,CE,Federal Contract Tower,0,0,5,11,16,0,0,8,17,25,0,0,13,28,41,4,2,6,47
02/21/2021,WDG,OK,ASW,CE,Federal Contract Tower,0,0,8,27,35,0,0,17,16,33,0,0,25,43,68,18,40,58,126
02/22/2021,WDG,OK,ASW,CE,Federal Contract Tower,0,2,7,46,55,0,0,14,29,43,0,2,21,75,98,14,116,130,228
02/23/2021,WDG,OK,ASW,CE,Federal Contract Tower,0,3,6,50,59,0,0,25,45,70,0,3,31,95,129,22,108,130,259
02/24/2021,WDG,OK,ASW,CE,Federal Contract Tower,0,4,4,60,68,0,0,9,55,64,0,4,13,115,132,24,136,160,292
02/25/2021,WDG,OK,ASW,CE,Federal Contract Tower,0,2,9,66,77,0,0,7,55,62,0,2,16,121,139,6,184,190,329
02/26/2021,WDG,OK,ASW,CE,Federal Contract Tower,0,2,5,47,54,0,0,28,16,44,0,2,33,63,98,12,52,64,162
02/27/2021,WDG,OK,ASW,CE,Federal Contract Tower,0,0,0,0,0,0,0,0,0,0,0,0,0,0,0,0,0,0,0
02/28/2021,WDG,OK,ASW,CE,Federal Contract Tower,0,0,7,14,21,0,0,12,8,20,0,0,19,22,41,4,14,18,59
03/01/2021,WDG,OK,ASW,CE,Federal Contract Tower,0,3,5,69,77,0,0,10,40,50,0,3,15,109,127,0,192,192,319
03/02/2021,WDG,OK,ASW,CE,Federal Contract Tower,0,2,2,55,59,0,0,27,49,76,0,2,29,104,135,16,150,166,301
03/03/2021,WDG,OK,ASW,CE,Federal Contract Tower,0,2,1,56,59,0,0,26,51,77,0,2,27,107,136,20,193,213,349
03/04/2021,WDG,OK,ASW,CE,Federal Contract Tower,0,2,8,55,65,0,0,16,67,83,0,2,24,122,148,4,270,274,422
03/05/2021,WDG,OK,ASW,CE,Federal Contract Tower,0,2,7,18,27,0,0,8,14,22,0,2,15,32,49,0,40,40,89
03/06/2021,WDG,OK,ASW,CE,Federal Contract Tower,0,4,8,30,42,0,0,44,24,68,0,4,52,54,110,24,72,96,206
03/07/2021,WDG,OK,ASW,CE,Federal Contract Tower,0,0,4,11,15,0,0,18,8,26,0,0,22,19,41,2,54,56,97
03/08/2021,WDG,OK,ASW,CE,Federal Contract Tower,0,2,2,48,52,0,0,5,37,42,0,2,7,85,94,0,104,104,198
03/09/2021,WDG,OK,ASW,CE,Federal Contract Tower,0,2,3,80,85,0,0,8,38,46,0,2,11,118,131,0,178,178,309
03/10/2021,WDG,OK,ASW,CE,Federal Contract Tower,0,5,5,51,61,0,0,10,36,46,0,5,15,87,107,10,120,130,237
03/11/2021,WDG,OK,ASW,CE,Federal Contract Tower,0,4,13,1,18,0,0,5,1,6,0,4,18,2,24,4,0,4,28
03/12/2021,WDG,OK,ASW,CE,Federal Contract Tower,0,2,5,0,7,0,0,0,0,0,0,2,5,0,7,0,0,0,7
03/13/2021,WDG,OK,ASW,CE,Federal Contract Tower,0,0,2,0,2,0,0,0,0,0,0,0,2,0,2,0,0,0,2
03/14/2021,WDG,OK,ASW,CE,Federal Contract Tower,0,0,2,1,3,0,0,11,3,14,0,0,13,4,17,22,4,26,43
03/15/2021,WDG,OK,ASW,CE,Federal Contract Tower,0,2,5,22,29,0,0,16,16,32,0,2,21,38,61,0,60,60,121
03/16/2021,WDG,OK,ASW,CE,Federal Contract Tower,0,2,9,37,48,0,0,24,44,68,0,2,33,81,116,6,141,147,263
03/17/2021,WDG,OK,ASW,CE,Federal Contract Tower,0,2,3,0,5,0,0,0,0,0,0,2,3,0,5,0,0,0,5
03/18/2021,WDG,OK,ASW,CE,Federal Contract Tower,0,3,9,59,71,0,0,9,36,45,0,3,18,95,116,4,118,122,238
03/19/2021,WDG,OK,ASW,CE,Federal Contract Tower,0,2,3,28,33,0,0,29,22,51,0,2,32,50,84,84,76,160,244
03/20/2021,WDG,OK,ASW,CE,Federal Contract Tower,0,2,6,12,20,0,0,69,4,73,0,2,75,16,93,8,26,34,127
03/21/2021,WDG,OK,ASW,CE,Federal Contract Tower,0,0,8,17,25,0,0,13,16,29,0,0,21,33,54,0,4,4,58
03/22/2021,WDG,OK,ASW,CE,Federal Contract Tower,0,2,4,0,6,0,0,1,0,1,0,2,5,0,7,0,0,0,7
03/23/2021,WDG,OK,ASW,CE,Federal Contract Tower,0,2,5,0,7,0,0,4,0,4,0,2,9,0,11,0,0,0,11
03/24/2021,WDG,OK,ASW,CE,Federal Contract Tower,0,2,10,77,89,0,0,17,51,68,0,2,27,128,157,0,128,128,285
03/25/2021,WDG,OK,ASW,CE,Federal Contract Tower,0,2,7,67,76,0,0,12,24,36,0,2,19,91,112,14,100,114,226
03/26/2021,WDG,OK,ASW,CE,Federal Contract Tower,0,3,8,44,55,0,0,24,34,58,0,3,32,78,113,6,84,90,203
03/27/2021,WDG,OK,ASW,CE,Federal Contract Tower,0,2,3,40,45,0,0,28,21,49,0,2,31,61,94,26,46,72,166
03/28/2021,WDG,OK,ASW,CE,Federal Contract Tower,0,0,6,10,16,0,0,27,12,39,0,0,33,22,55,28,30,58,113
03/29/2021,WDG,OK,ASW,CE,Federal Contract Tower,0,4,2,0,6,0,0,1,0,1,0,4,3,0,7,2,0,2,9
03/30/2021,WDG,OK,ASW,CE,Federal Contract Tower,0,2,4,63,69,0,0,11,61,72,0,2,15,124,141,6,108,114,255
03/31/2021,WDG,OK,ASW,CE,Federal Contract Tower,0,2,4,50,56,0,0,21,33,54,0,2,25,83,110,8,74,82,192
04/01/2021,WDG,OK,ASW,CE,Federal Contract Tower,0,6,11,44,61,0,0,23,43,66,0,6,34,87,127,8,48,56,183
04/02/2021,WDG,OK,ASW,CE,Federal Contract Tower,0,2,5,50,57,0,0,15,50,65,0,2,20,100,122,4,120,124,246
04/03/2021,WDG,OK,ASW,CE,Federal Contract Tower,0,2,5,5,12,0,1,25,4,30,0,3,30,9,42,20,44,64,106
04/04/2021,WDG,OK,ASW,CE,Federal Contract Tower,0,0,4,0,4,0,0,6,1,7,0,0,10,1,11,0,4,4,15
04/05/2021,WDG,OK,ASW,CE,Federal Contract Tower,0,2,1,51,54,0,0,7,26,33,0,2,8,77,87,4,88,92,179
04/06/2021,WDG,OK,ASW,CE,Federal Contract Tower,0,3,5,63,71,0,0,2,26,28,0,3,7,89,99,0,90,90,189
04/07/2021,WDG,OK,ASW,CE,Federal Contract Tower,0,3,2,18,23,0,0,4,10,14,0,3,6,28,37,0,12,12,49
04/08/2021,WDG,OK,ASW,CE,Federal Contract Tower,0,6,7,63,76,0,2,11,50,63,0,8,18,113,139,4,60,64,203
04/09/2021,WDG,OK,ASW,CE,Federal Contract Tower,0,2,5,53,60,0,0,11,36,47,0,2,16,89,107,28,75,103,210
04/10/2021,WDG,OK,ASW,CE,Federal Contract Tower,0,3,1,0,4,0,0,21,17,38,0,3,22,17,42,14,14,28,70
04/11/2021,WDG,OK,ASW,CE,Federal Contract Tower,0,4,1,19,24,0,0,15,16,31,0,4,16,35,55,0,4,4,59
04/12/2021,WDG,OK,ASW,CE,Federal Contract Tower,0,3,8,65,76,0,2,19,45,66,0,5,27,110,142,0,146,146,288
04/13/2021,WDG,OK,ASW,CE,Federal Contract Tower,0,2,11,72,85,0,0,4,58,62,0,2,15,130,147,16,119,135,282
04/14/2021,WDG,OK,ASW,CE,Federal Contract Tower,0,3,7,70,80,0,0,17,41,58,0,3,24,111,138,6,62,68,206
04/15/2021,WDG,OK,ASW,CE,Federal Contract Tower,0,1,10,86,97,0,1,7,30,38,0,2,17,116,135,6,63,69,204
04/16/2021,WDG,OK,ASW,CE,Federal Contract Tower,0,2,3,2,7,0,0,0,0,0,0,2,3,2,7,0,8,8,15
04/17/2021,WDG,OK,ASW,CE,Federal Contract Tower,0,2,7,12,21,0,0,28,4,32,0,2,35,16,53,44,10,54,107
04/18/2021,WDG,OK,ASW,CE,Federal Contract Tower,0,0,10,31,41,0,0,20,25,45,0,0,30,56,86,10,34,44,130
04/19/2021,WDG,OK,ASW,CE,Federal Contract Tower,0,2,2,53,57,0,0,16,35,51,0,2,18,88,108,2,112,114,222
04/20/2021,WDG,OK,ASW,CE,Federal Contract Tower,0,2,1,47,50,0,0,3,21,24,0,2,4,68,74,0,46,46,120
04/21/2021,WDG,OK,ASW,CE,Federal Contract Tower,0,2,6,62,70,0,0,17,39,56,0,2,23,101,126,12,78,90,216
04/22/2021,WDG,OK,ASW,CE,Federal Contract Tower,0,4,10,23,37,0,0,11,17,28,0,4,21,40,65,10,66,76,141
04/23/2021,WDG,OK,ASW,CE,Federal Contract Tower,0,0,6,31,37,0,0,0,0,0,0,0,6,31,37,0,2,2,39
04/24/2021,WDG,OK,ASW,CE,Federal Contract Tower,0,2,6,2,10,0,0,34,2,36,0,2,40,4,46,22,16,38,84
04/25/2021,WDG,OK,ASW,CE,Federal Contract Tower,0,0,4,21,25,0,0,19,13,32,0,0,23,34,57,2,22,24,81
04/26/2021,WDG,OK,ASW,CE,Federal Contract Tower,0,2,7,34,43,0,0,13,24,37,0,2,20,58,80,0,138,138,218
04/27/2021,WDG,OK,ASW,CE,Federal Contract Tower,0,2,7,42,51,0,0,6,7,13,0,2,13,49,64,4,46,50,114
04/28/2021,WDG,OK,ASW,CE,Federal Contract Tower,0,2,4,6,12,0,0,0,0,0,0,2,4,6,12,0,0,0,12
04/29/2021,WDG,OK,ASW,CE,Federal Contract Tower,0,2,3,58,63,0,0,11,48,59,0,2,14,106,122,0,142,142,264
04/30/2021,WDG,OK,ASW,CE,Federal Contract Tower,0,2,8,37,47,0,0,27,28,55,0,2,35,65,102,24,118,142,244
05/01/2021,WDG,OK,ASW,CE,Federal Contract Tower,0,2,1,4,7,0,0,22,5,27,0,2,23,9,34,58,22,80,114
05/02/2021,WDG,OK,ASW,CE,Federal Contract Tower,0,0,9,35,44,0,0,8,5,13,0,0,17,40,57,36,20,56,113
05/03/2021,WDG,OK,ASW,CE,Federal Contract Tower,0,2,0,100,102,0,0,3,24,27,0,2,3,124,129,0,114,114,243
05/04/2021,WDG,OK,ASW,CE,Federal Contract Tower,0,2,2,87,91,0,0,5,32,37,0,2,7,119,128,12,118,130,258
05/05/2021,WDG,OK,ASW,CE,Federal Contract Tower,0,2,1,55,58,0,0,26,31,57,0,2,27,86,115,30,90,120,235
05/06/2021,WDG,OK,ASW,CE,Federal Contract Tower,0,2,6,71,79,0,0,10,55,65,0,2,16,126,144,6,101,107,251
05/07/2021,WDG,OK,ASW,CE,Federal Contract Tower,0,2,10,54,66,0,0,16,48,64,0,2,26,102,130,6,155,161,291
05/08/2021,WDG,OK,ASW,CE,Federal Contract Tower,0,2,8,6,16,0,0,13,2,15,0,2,21,8,31,10,32,42,73
05/09/2021,WDG,OK,ASW,CE,Federal Contract Tower,0,0,2,28,30,0,0,5,1,6,0,0,7,29,36,0,4,4,40
05/10/2021,WDG,OK,ASW,CE,Federal Contract Tower,0,6,5,57,68,0,0,8,6,14,0,6,13,63,82,8,30,38,120
05/11/2021,WDG,OK,ASW,CE,Federal Contract Tower,0,2,2,22,26,0,0,2,6,8,0,2,4,28,34,8,10,18,52
05/12/2021,WDG,OK,ASW,CE,Federal Contract Tower,0,3,13,55,71,0,1,10,33,44,0,4,23,88,115,10,122,132,247
05/13/2021,WDG,OK,ASW,CE,Federal Contract Tower,0,2,6,47,55,0,0,27,37,64,0,2,33,84,119,8,100,108,227
05/14/2021,WDG,OK,ASW,CE,Federal Contract Tower,0,2,3,22,27,0,0,13,20,33,0,2,16,42,60,0,74,74,134
05/15/2021,WDG,OK,ASW,CE,Federal Contract Tower,0,4,3,8,15,0,0,26,11,37,0,4,29,19,52,14,36,50,102
05/16/2021,WDG,OK,ASW,CE,Federal Contract Tower,0,0,8,15,23,0,0,1,2,3,0,0,9,17,26,0,6,6,32
05/17/2021,WDG,OK,ASW,CE,Federal Contract Tower,0,2,0,84,86,0,0,6,19,25,0,2,6,103,111,0,38,38,149
05/18/2021,WDG,OK,ASW,CE,Federal Contract Tower,0,2,7,41,50,0,0,4,0,4,0,2,11,41,54,24,22,46,100
05/19/2021,WDG,OK,ASW,CE,Federal Contract Tower,0,2,1,37,40,0,0,2,18,20,0,2,3,55,60,0,60,60,120
05/20/2021,WDG,OK,ASW,CE,Federal Contract Tower,0,2,4,31,37,0,0,8,20,28,0,2,12,51,65,30,88,118,183
05/21/2021,WDG,OK,ASW,CE,Federal Contract Tower,0,3,8,34,45,0,0,5,19,24,0,3,13,53,69,26,58,84,153
05/22/2021,WDG,OK,ASW,CE,Federal Contract Tower,0,4,3,18,25,0,0,0,2,2,0,4,3,20,27,14,4,18,45
05/23/2021,WDG,OK,ASW,CE,Federal Contract Tower,0,0,2,39,41,0,0,1,1,2,0,0,3,40,43,0,18,18,61
05/24/2021,WDG,OK,ASW,CE,Federal Contract Tower,0,2,5,24,31,0,0,2,0,2,0,2,7,24,33,4,0,4,37
05/25/2021,WDG,OK,ASW,CE,Federal Contract Tower,0,4,10,35,49,0,0,11,23,34,0,4,21,58,83,22,41,63,146
05/26/2021,WDG,OK,ASW,CE,Federal Contract Tower,0,2,3,5,10,0,0,5,0,5,0,2,8,5,15,12,0,12,27
05/27/2021,WDG,OK,ASW,CE,Federal Contract Tower,0,2,4,0,6,0,0,2,0,2,0,2,6,0,8,0,0,0,8
05/28/2021,WDG,OK,ASW,CE,Federal Contract Tower,0,2,5,3,10,0,0,18,0,18,0,2,23,3,28,20,0,20,48
05/29/2021,WDG,OK,ASW,CE,Federal Contract Tower,0,2,6,0,8,0,0,24,0,24,0,2,30,0,32,16,0,16,48
05/30/2021,WDG,OK,ASW,CE,Federal Contract Tower,0,2,6,3,11,0,0,2,0,2,0,2,8,3,13,0,0,0,13
05/31/2021,WDG,OK,ASW,CE,Federal Contract Tower,0,2,6,2,10,0,0,0,0,0,0,2,6,2,10,0,0,0,10
06/01/2021,WDG,OK,ASW,CE,Federal Contract Tower,0,2,3,54,59,0,0,7,9,16,0,2,10,63,75,8,96,104,179
06/02/2021,WDG,OK,ASW,CE,Federal Contract Tower,0,4,1,37,42,0,0,12,34,46,0,4,13,71,88,60,61,121,209
06/03/2021,WDG,OK,ASW,CE,Federal Contract Tower,0,2,4,35,41,0,1,24,23,48,0,3,28,58,89,48,67,115,204
06/04/2021,WDG,OK,ASW,CE,Federal Contract Tower,0,2,4,18,24,0,0,21,15,36,0,2,25,33,60,27,54,81,141
06/05/2021,WDG,OK,ASW,CE,Federal Contract Tower,0,2,7,10,19,0,0,24,8,32,0,2,31,18,51,28,42,70,121
06/06/2021,WDG,OK,ASW,CE,Federal Contract Tower,0,0,2,18,20,0,0,2,5,7,0,0,4,23,27,0,0,0,27
06/07/2021,WDG,OK,ASW,CE,Federal Contract Tower,0,2,3,44,49,0,1,5,24,30,0,3,8,68,79,8,50,58,137
06/08/2021,WDG,OK,ASW,CE,Federal Contract Tower,0,2,2,52,56,0,0,10,28,38,0,2,12,80,94,0,152,152,246
06/09/2021,WDG,OK,ASW,CE,Federal Contract Tower,0,0,7,38,45,0,0,17,26,43,0,0,24,64,88,12,38,50,138
06/10/2021,WDG,OK,ASW,CE,Federal Contract Tower,0,2,16,26,44,0,1,7,39,47,0,3,23,65,91,6,144,150,241
06/11/2021,WDG,OK,ASW,CE,Federal Contract Tower,0,3,8,29,40,0,1,13,28,42,0,4,21,57,82,12,134,146,228
06/12/2021,WDG,OK,ASW,CE,Federal Contract Tower,0,3,8,6,17,0,0,28,13,41,0,3,36,19,58,8,26,34,92
06/13/2021,WDG,OK,ASW,CE,Federal Contract Tower,0,2,1,23,26,0,0,13,9,22,0,2,14,32,48,2,28,30,78
06/14/2021,WDG,OK,ASW,CE,Federal Contract Tower,0,2,9,47,58,0,0,16,35,51,0,2,25,82,109,4,146,150,259
06/15/2021,WDG,OK,ASW,CE,Federal Contract Tower,0,2,9,38,49,0,0,20,29,49,0,2,29,67,98,4,138,142,240
06/16/2021,WDG,OK,ASW,CE,Federal Contract Tower,0,4,13,38,55,0,0,24,50,74,0,4,37,88,129,0,140,140,269
06/17/2021,WDG,OK,ASW,CE,Federal Contract Tower,0,2,8,43,53,0,0,9,40,49,0,2,17,83,102,0,126,126,228
06/18/2021,WDG,OK,ASW,CE,Federal Contract Tower,0,3,14,4,21,0,0,22,0,22,0,3,36,4,43,6,0,6,49
06/19/2021,WDG,OK,ASW,CE,Federal Contract Tower,0,2,7,0,9,0,0,42,0,42,0,2,49,0,51,38,0,38,89
06/20/2021,WDG,OK,ASW,CE,Federal Contract Tower,0,1,3,0,4,0,1,16,1,18,0,2,19,1,22,0,0,0,22
06/21/2021,WDG,OK,ASW,CE,Federal Contract Tower,0,4,1,49,54,0,0,14,35,49,0,4,15,84,103,4,78,82,185
06/22/2021,WDG,OK,ASW,CE,Federal Contract Tower,0,3,13,68,84,0,0,16,43,59,0,3,29,111,143,18,158,176,319
06/23/2021,WDG,OK,ASW,CE,Federal Contract Tower,0,2,8,52,62,0,0,21,19,40,0,2,29,71,102,14,112,126,228
06/24/2021,WDG,OK,ASW,CE,Federal Contract Tower,0,2,2,35,39,0,0,13,33,46,0,2,15,68,85,0,104,104,189
06/25/2021,WDG,OK,ASW,CE,Federal Contract Tower,0,4,8,19,31,0,0,26,19,45,0,4,34,38,76,2,96,98,174
06/26/2021,WDG,OK,ASW,CE,Federal Contract Tower,0,2,4,12,18,0,0,8,3,11,0,2,12,15,29,14,30,44,73
06/27/2021,WDG,OK,ASW,CE,Federal Contract Tower,0,0,4,21,25,0,0,6,0,6,0,0,10,21,31,8,0,8,39
06/28/2021,WDG,OK,ASW,CE,Federal Contract Tower,0,7,5,52,64,0,0,6,2,8,0,7,11,54,72,0,0,0,72
06/29/2021,WDG,OK,ASW,CE,Federal Contract Tower,0,2,1,0,3,0,0,1,0,1,0,2,2,0,4,0,0,0,4
06/30/2021,WDG,OK,ASW,CE,Federal Contract Tower,0,3,5,48,56,0,0,5,2,7,0,3,10,50,63,14,2,16,79
07/01/2021,WDG,OK,ASW,CE,Federal Contract Tower,0,4,7,12,23,0,0,7,4,11,0,4,14,16,34,0,1,1,35
07/02/2021,WDG,OK,ASW,CE,Federal Contract Tower,0,3,11,0,14,0,0,13,4,17,0,3,24,4,31,8,0,8,39
07/03/2021,WDG,OK,ASW,CE,Federal Contract Tower,0,3,8,4,15,0,0,35,8,43,0,3,43,12,58,12,36,48,106
07/04/2021,WDG,OK,ASW,CE,Federal Contract Tower,0,0,0,0,0,0,0,11,0,11,0,0,11,0,11,14,0,14,25
07/05/2021,WDG,OK,ASW,CE,Federal Contract Tower,0,0,6,2,8,0,0,27,6,33,0,0,33,8,41,24,16,40,81
07/06/2021,WDG,OK,ASW,CE,Federal Contract Tower,0,2,8,68,78,0,0,22,51,73,0,2,30,119,151,20,170,190,341
07/07/2021,WDG,OK,ASW,CE,Federal Contract Tower,0,2,9,20,31,0,0,9,17,26,0,2,18,37,57,0,66,66,123
07/08/2021,WDG,OK,ASW,CE,Federal Contract Tower,0,3,1,55,59,0,0,22,40,62,0,3,23,95,121,13,81,94,215
07/09/2021,WDG,OK,ASW,CE,Federal Contract Tower,0,2,11,31,44,0,0,14,42,56,0,2,25,73,100,4,108,112,212
07/10/2021,WDG,OK,ASW,CE,Federal Contract Tower,0,2,2,6,10,0,0,10,3,13,0,2,12,9,23,56,8,64,87
07/11/2021,WDG,OK,ASW,CE,Federal Contract Tower,0,0,10,20,30,0,0,17,10,27,0,0,27,30,57,10,24,34,91
07/12/2021,WDG,OK,ASW,CE,Federal Contract Tower,0,2,2,78,82,0,0,17,52,69,0,2,19,130,151,0,189,189,340
07/13/2021,WDG,OK,ASW,CE,Federal Contract Tower,0,2,3,44,49,0,0,10,34,44,0,2,13,78,93,10,154,164,257
07/14/2021,WDG,OK,ASW,CE,Federal Contract Tower,0,2,5,35,42,0,0,12,35,47,0,2,17,70,89,16,114,130,219
07/15/2021,WDG,OK,ASW,CE,Federal Contract Tower,0,2,4,47,53,0,0,14,31,45,0,2,18,78,98,4,86,90,188
07/16/2021,WDG,OK,ASW,CE,Federal Contract Tower,0,2,5,53,60,0,0,11,41,52,0,2,16,94,112,6,172,178,290
07/17/2021,WDG,OK,ASW,CE,Federal Contract Tower,0,2,5,5,12,0,0,32,3,35,0,2,37,8,47,2,14,16,63
07/18/2021,WDG,OK,ASW,CE,Federal Contract Tower,0,0,5,5,10,0,0,9,4,13,0,0,14,9,23,2,0,2,25
07/19/2021,WDG,OK,ASW,CE,Federal Contract Tower,0,2,6,62,70,0,0,23,42,65,0,2,29,104,135,6,158,164,299
07/20/2021,WDG,OK,ASW,CE,Federal Contract Tower,0,1,6,68,75,0,1,24,42,67,0,2,30,110,142,2,114,116,258
07/21/2021,WDG,OK,ASW,CE,Federal Contract Tower,0,1,2,51,54,0,1,24,37,62,0,2,26,88,116,24,196,220,336
07/22/2021,WDG,OK,ASW,CE,Federal Contract Tower,0,1,7,52,60,0,1,14,32,47,0,2,21,84,107,4,90,94,201
07/23/2021,WDG,OK,ASW,CE,Federal Contract Tower,0,1,3,43,47,0,1,17,39,57,0,2,20,82,104,0,90,90,194
07/24/2021,WDG,OK,ASW,CE,Federal Contract Tower,0,2,2,5,9,0,1,20,3,24,0,3,22,8,33,12,8,20,53
07/25/2021,WDG,OK,ASW,CE,Federal Contract Tower,0,0,5,7,12,0,0,12,7,19,0,0,17,14,31,6,8,14,45
07/26/2021,WDG,OK,ASW,CE,Federal Contract Tower,0,2,8,38,48,0,0,11,27,38,0,2,19,65,86,18,78,96,182
07/27/2021,WDG,OK,ASW,CE,Federal Contract Tower,0,1,5,27,33,0,1,10,31,42,0,2,15,58,75,0,114,114,189
07/28/2021,WDG,OK,ASW,CE,Federal Contract Tower,0,4,6,38,48,0,0,11,32,43,0,4,17,70,91,0,64,64,155
07/29/2021,WDG,OK,ASW,CE,Federal Contract Tower,0,7,8,31,46,0,0,19,33,52,0,7,27,64,98,28,98,126,224
07/30/2021,WDG,OK,ASW,CE,Federal Contract Tower,0,2,6,37,45,0,0,21,29,50,0,2,27,66,95,24,108,132,227
07/31/2021,WDG,OK,ASW,CE,Federal Contract Tower,0,2,9,7,18,0,0,14,11,25,0,2,23,18,43,4,36,40,83
08/01/2021,WDG,OK,ASW,CE,Federal Contract Tower,0,1,2,7,10,0,0,1,5,6,0,1,3,12,16,26,0,26,42
08/02/2021,WDG,OK,ASW,CE,Federal Contract Tower,0,2,6,59,67,0,1,12,39,52,0,3,18,98,119,2,96,98,217
08/03/2021,WDG,OK,ASW,CE,Federal Contract Tower,0,2,2,56,60,0,0,13,41,54,0,2,15,97,114,6,78,84,198
08/04/2021,WDG,OK,ASW,CE,Federal Contract Tower,0,4,3,35,42,0,0,11,41,52,0,4,14,76,94,16,118,134,228
08/05/2021,WDG,OK,ASW,CE,Federal Contract Tower,0,5,6,49,60,0,0,11,34,45,0,5,17,83,105,6,82,88,193
08/06/2021,WDG,OK,ASW,CE,Federal Contract Tower,0,2,10,34,46,0,0,20,32,52,0,2,30,66,98,0,182,182,280
08/07/2021,WDG,OK,ASW,CE,Federal Contract Tower,0,2,3,8,13,0,0,41,1,42,0,2,44,9,55,2,0,2,57
08/08/2021,WDG,OK,ASW,CE,Federal Contract Tower,0,1,8,10,19,0,0,7,8,15,0,1,15,18,34,2,0,2,36
08/09/2021,WDG,OK,ASW,CE,Federal Contract Tower,0,0,16,42,58,0,0,7,52,59,0,0,23,94,117,28,108,136,253
08/10/2021,WDG,OK,ASW,CE,Federal Contract Tower,0,2,10,33,45,0,0,18,26,44,0,2,28,59,89,2,84,86,175
08/11/2021,WDG,OK,ASW,CE,Federal Contract Tower,0,4,7,26,37,0,0,12,22,34,0,4,19,48,71,8,68,76,147
08/12/2021,WDG,OK,ASW,CE,Federal Contract Tower,0,2,9,33,44,0,0,9,32,41,0,2,18,65,85,0,114,114,199
08/13/2021,WDG,OK,ASW,CE,Federal Contract Tower,0,2,9,31,42,0,0,6,26,32,0,2,15,57,74,0,40,40,114
08/14/2021,WDG,OK,ASW,CE,Federal Contract Tower,0,2,5,4,11,0,1,10,2,13,0,3,15,6,24,8,0,8,32
08/15/2021,WDG,OK,ASW,CE,Federal Contract Tower,0,1,2,5,8,0,0,9,9,18,0,1,11,14,26,4,6,10,36
08/16/2021,WDG,OK,ASW,CE,Federal Contract Tower,0,4,5,28,37,0,0,13,29,42,0,4,18,57,79,14,96,110,189
08/17/2021,WDG,OK,ASW,CE,Federal Contract Tower,0,4,2,43,49,0,0,2,34,36,0,4,4,77,85,0,112,112,197
08/18/2021,WDG,OK,ASW,CE,Federal Contract Tower,0,4,6,60,70,0,0,3,17,20,0,4,9,77,90,4,94,98,188
08/19/2021,WDG,OK,ASW,CE,Federal Contract Tower,0,2,4,56,62,0,0,3,29,32,0,2,7,85,94,4,92,96,190
08/20/2021,WDG,OK,ASW,CE,Federal Contract Tower,0,2,4,58,64,0,0,26,47,73,0,2,30,105,137,2,120,122,259
08/21/2021,WDG,OK,ASW,CE,Federal Contract Tower,0,2,2,0,4,0,0,68,7,75,0,2,70,7,79,30,16,46,125
08/22/2021,WDG,OK,ASW,CE,Federal Contract Tower,0,0,4,11,15,0,0,14,14,28,0,0,18,25,43,0,10,10,53
08/23/2021,WDG,OK,ASW,CE,Federal Contract Tower,0,2,2,36,40,0,0,8,42,50,0,2,10,78,90,0,88,88,178
08/24/2021,WDG,OK,ASW,CE,Federal Contract Tower,0,3,9,50,62,0,0,18,39,57,0,3,27,89,119,12,86,98,217
08/25/2021,WDG,OK,ASW,CE,Federal Contract Tower,0,4,3,46,53,0,0,24,37,61,0,4,27,83,114,8,76,84,198
08/26/2021,WDG,OK,ASW,CE,Federal Contract Tower,0,4,2,34,40,0,0,7,26,33,0,4,9,60,73,18,82,100,173
08/27/2021,WDG,OK,ASW,CE,Federal Contract Tower,0,2,5,28,35,0,0,27,23,50,0,2,32,51,85,22,64,86,171
08/28/2021,WDG,OK,ASW,CE,Federal Contract Tower,0,2,0,4,6,0,0,21,8,29,0,2,21,12,35,2,56,58,93
08/29/2021,WDG,OK,ASW,CE,Federal Contract Tower,0,0,6,8,14,0,0,17,15,32,0,0,23,23,46,20,46,66,112
08/30/2021,WDG,OK,ASW,CE,Federal Contract Tower,0,2,3,36,41,0,0,15,26,41,0,2,18,62,82,0,47,47,129
08/31/2021,WDG,OK,ASW,CE,Federal Contract Tower,0,3,5,42,50,0,1,21,32,54,0,4,26,74,104,0,100,100,204
09/01/2021,WDG,OK,ASW,CE,Federal Contract Tower,0,1,6,45,52,0,1,9,27,37,0,2,15,72,89,0,76,76,165
09/02/2021,WDG,OK,ASW,CE,Federal Contract Tower,0,1,8,39,48,0,1,15,35,51,0,2,23,74,99,0,112,112,211
09/03/2021,WDG,OK,ASW,CE,Federal Contract Tower,0,2,10,0,12,0,0,14,2,16,0,2,24,2,28,2,0,2,30
09/04/2021,WDG,OK,ASW,CE,Federal Contract Tower,0,2,9,0,11,0,0,12,0,12,0,2,21,0,23,10,0,10,33
09/05/2021,WDG,OK,ASW,CE,Federal Contract Tower,0,0,6,0,6,0,0,10,0,10,0,0,16,0,16,34,0,34,50
09/06/2021,WDG,OK,ASW,CE,Federal Contract Tower,0,0,5,0,5,0,0,22,0,22,0,0,27,0,27,2,0,2,29
09/07/2021,WDG,OK,ASW,CE,Federal Contract Tower,0,5,2,50,57,0,0,18,37,55,0,5,20,87,112,6,144,150,262
09/08/2021,WDG,OK,ASW,CE,Federal Contract Tower,0,3,5,73,81,0,0,12,37,49,0,3,17,110,130,8,88,96,226
09/09/2021,WDG,OK,ASW,CE,Federal Contract Tower,0,2,13,52,67,0,0,9,44,53,0,2,22,96,120,0,162,162,282
09/10/2021,WDG,OK,ASW,CE,Federal Contract Tower,0,2,12,27,41,0,0,9,37,46,0,2,21,64,87,4,89,93,180
09/11/2021,WDG,OK,ASW,CE,Federal Contract Tower,0,2,3,4,9,0,0,20,14,34,0,2,23,18,43,6,26,32,75
09/12/2021,WDG,OK,ASW,CE,Federal Contract Tower,0,2,8,21,31,0,0,25,8,33,0,2,33,29,64,6,6,12,76
09/13/2021,WDG,OK,ASW,CE,Federal Contract Tower,0,2,9,44,55,0,0,8,33,41,0,2,17,77,96,10,72,82,178
09/14/2021,WDG,OK,ASW,CE,Federal Contract Tower,0,3,0,47,50,0,0,18,32,50,0,3,18,79,100,10,58,68,168
09/15/2021,WDG,OK,ASW,CE,Federal Contract Tower,0,7,8,34,49,0,0,14,33,47,0,7,22,67,96,14,106,120,216
09/16/2021,WDG,OK,ASW,CE,Federal Contract Tower,0,4,3,38,45,0,0,28,34,62,0,4,31,72,107,0,92,92,199
09/17/2021,WDG,OK,ASW,CE,Federal Contract Tower,0,2,18,18,38,0,0,34,20,54,0,2,52,38,92,4,50,54,146
09/18/2021,WDG,OK,ASW,CE,Federal Contract Tower,0,5,9,0,14,0,0,35,4,39,0,5,44,4,53,8,6,14,67
09/19/2021,WDG,OK,ASW,CE,Federal Contract Tower,0,1,15,17,33,0,0,18,12,30,0,1,33,29,63,2,0,2,65
09/20/2021,WDG,OK,ASW,CE,Federal Contract Tower,0,2,6,48,56,0,0,11,34,45,0,2,17,82,101,4,86,90,191
09/21/2021,WDG,OK,ASW,CE,Federal Contract Tower,0,2,8,33,43,0,0,6,26,32,0,2,14,59,75,0,52,52,127
09/22/2021,WDG,OK,ASW,CE,Federal Contract Tower,0,6,9,50,65,0,0,18,38,56,0,6,27,88,121,2,70,72,193
09/23/2021,WDG,OK,ASW,CE,Federal Contract Tower,0,2,8,33,43,0,0,9,25,34,0,2,17,58,77,4,88,92,169
09/24/2021,WDG,OK,ASW,CE,Federal Contract Tower,0,2,5,21,28,0,0,16,27,43,0,2,21,48,71,10,50,60,131
09/25/2021,WDG,OK,ASW,CE,Federal Contract Tower,0,4,3,4,11,0,0,26,2,28,0,4,29,6,39,0,18,18,57
09/26/2021,WDG,OK,ASW,CE,Federal Contract Tower,0,0,3,4,7,0,0,10,3,13,0,0,13,7,20,0,16,16,36
09/27/2021,WDG,OK,ASW,CE,Federal Contract Tower,0,2,0,28,30,0,0,2,22,24,0,2,2,50,54,0,74,74,128
09/28/2021,WDG,OK,ASW,CE,Federal Contract Tower,0,3,2,36,41,0,0,7,28,35,0,3,9,64,76,0,108,108,184
09/29/2021,WDG,OK,ASW,CE,Federal Contract Tower,0,2,10,31,43,0,0,14,20,34,0,2,24,51,77,0,48,48,125
09/30/2021,WDG,OK,ASW,CE,Federal Contract Tower,0,2,7,51,60,0,0,0,0,0,0,2,7,51,60,0,4,4,64
10/01/2021,WDG,OK,ASW,CE,Federal Contract Tower,0,2,4,31,37,0,0,9,16,25,0,2,13,47,62,0,72,72,134
10/02/2021,WDG,OK,ASW,CE,Federal Contract Tower,0,0,3,5,8,0,0,11,6,17,0,0,14,11,25,0,14,14,39
10/03/2021,WDG,OK,ASW,CE,Federal Contract Tower,0,0,7,9,16,0,0,13,7,20,0,0,20,16,36,36,14,50,86
10/04/2021,WDG,OK,ASW,CE,Federal Contract Tower,0,2,3,53,58,0,0,16,36,52,0,2,19,89,110,10,134,144,254
10/05/2021,WDG,OK,ASW,CE,Federal Contract Tower,0,2,3,33,38,0,0,22,40,62,0,2,25,73,100,8,114,122,222
10/06/2021,WDG,OK,ASW,CE,Federal Contract Tower,0,2,5,31,38,0,0,19,23,42,0,2,24,54,80,0,66,66,146
10/07/2021,WDG,OK,ASW,CE,Federal Contract Tower,0,2,7,34,43,0,0,18,29,47,0,2,25,63,90,2,112,114,204
10/08/2021,WDG,OK,ASW,CE,Federal Contract Tower,0,3,8,39,50,0,0,22,22,44,0,3,30,61,94,28,68,96,190
10/09/2021,WDG,OK,ASW,CE,Federal Contract Tower,0,2,0,6,8,0,0,9,5,14,0,2,9,11,22,10,26,36,58
10/10/2021,WDG,OK,ASW,CE,Federal Contract Tower,0,0,6,5,11,0,0,10,1,11,0,0,16,6,22,6,0,6,28
10/11/2021,WDG,OK,ASW,CE,Federal Contract Tower,0,2,8,3,13,0,0,20,1,21,0,2,28,4,34,8,12,20,54
10/12/2021,WDG,OK,ASW,CE,Federal Contract Tower,0,2,5,2,9,0,0,2,2,4,0,2,7,4,13,0,4,4,17
10/13/2021,WDG,OK,ASW,CE,Federal Contract Tower,0,4,2,59,65,0,0,10,42,52,0,4,12,101,117,12,134,146,263
10/14/2021,WDG,OK,ASW,CE,Federal Contract Tower,0,3,16,13,32,0,0,4,0,4,0,3,20,13,36,0,0,0,36
10/15/2021,WDG,OK,ASW,CE,Federal Contract Tower,0,5,7,57,69,0,0,14,37,51,0,5,21,94,120,8,196,204,324
10/16/2021,WDG,OK,ASW,CE,Federal Contract Tower,0,2,0,7,9,0,0,43,16,59,0,2,43,23,68,34,92,126,194
10/17/2021,WDG,OK,ASW,CE,Federal Contract Tower,0,0,4,15,19,0,0,24,6,30,0,0,28,21,49,6,12,18,67
10/18/2021,WDG,OK,ASW,CE,Federal Contract Tower,0,2,4,43,49,0,0,12,34,46,0,2,16,77,95,0,156,156,251
10/19/2021,WDG,OK,ASW,CE,Federal Contract Tower,0,2,4,3,9,0,0,6,3,9,0,2,10,6,18,0,16,16,34
10/20/2021,WDG,OK,ASW,CE,Federal Contract Tower,0,2,2,44,48,0,0,15,35,50,0,2,17,79,98,40,104,144,242
10/21/2021,WDG,OK,ASW,CE,Federal Contract Tower,0,2,9,54,65,0,0,23,45,68,0,2,32,99,133,8,98,106,239
10/22/2021,WDG,OK,ASW,CE,Federal Contract Tower,0,2,8,43,53,0,0,14,48,62,0,2,22,91,115,12,178,190,305
10/23/2021,WDG,OK,ASW,CE,Federal Contract Tower,0,2,3,12,17,0,0,51,4,55,0,2,54,16,72,0,114,114,186
10/24/2021,WDG,OK,ASW,CE,Federal Contract Tower,0,0,7,18,25,0,0,5,12,17,0,0,12,30,42,0,28,28,70
10/25/2021,WDG,OK,ASW,CE,Federal Contract Tower,0,2,8,67,77,0,0,22,34,56,0,2,30,101,133,10,148,158,291
10/26/2021,WDG,OK,ASW,CE,Federal Contract Tower,0,6,6,10,22,0,0,4,0,4,0,6,10,10,26,0,8,8,34
10/27/2021,WDG,OK,ASW,CE,Federal Contract Tower,0,4,7,3,14,0,0,0,0,0,0,4,7,3,14,0,0,0,14
10/28/2021,WDG,OK,ASW,CE,Federal Contract Tower,0,2,4,1,7,0,0,2,0,2,0,2,6,1,9,6,0,6,15
10/29/2021,WDG,OK,ASW,CE,Federal Contract Tower,0,2,9,44,55,0,1,9,29,39,0,3,18,73,94,4,48,52,146
10/30/2021,WDG,OK,ASW,CE,Federal Contract Tower,0,2,7,0,9,0,0,24,6,30,0,2,31,6,39,12,6,18,57
10/31/2021,WDG,OK,ASW,CE,Federal Contract Tower,0,0,3,11,14,0,0,11,4,15,0,0,14,15,29,0,0,0,29
11/01/2021,WDG,OK,ASW,CE,Federal Contract Tower,0,2,11,62,75,0,0,4,48,52,0,2,15,110,127,0,188,188,315
11/02/2021,WDG,OK,ASW,CE,Federal Contract Tower,0,3,9,78,90,0,0,0,14,14,0,3,9,92,104,0,86,86,190
11/03/2021,WDG,OK,ASW,CE,Federal Contract Tower,0,2,6,42,50,0,0,0,0,0,0,2,6,42,50,0,10,10,60
11/04/2021,WDG,OK,ASW,CE,Federal Contract Tower,0,6,14,46,66,0,0,8,3,11,0,6,22,49,77,4,30,34,111
11/05/2021,WDG,OK,ASW,CE,Federal Contract Tower,0,4,10,50,64,0,0,21,28,49,0,4,31,78,113,14,196,210,323
11/06/2021,WDG,OK,ASW,CE,Federal Contract Tower,0,3,5,20,28,0,1,35,19,55,0,4,40,39,83,10,76,86,169
11/07/2021,WDG,OK,ASW,CE,Federal Contract Tower,0,4,5,13,22,0,0,18,9,27,0,4,23,22,49,0,24,24,73
11/08/2021,WDG,OK,ASW,CE,Federal Contract Tower,0,5,18,46,69,0,0,18,32,50,0,5,36,78,119,0,130,130,249
11/09/2021,WDG,OK,ASW,CE,Federal Contract Tower,0,2,5,56,63,0,0,29,33,62,0,2,34,89,125,2,114,116,241
11/10/2021,WDG,OK,ASW,CE,Federal Contract Tower,0,3,16,36,55,0,0,0,0,0,0,3,16,36,55,0,0,0,55
11/11/2021,WDG,OK,ASW,CE,Federal Contract Tower,0,1,10,1,12,0,0,36,9,45,0,1,46,10,57,0,4,4,61
11/12/2021,WDG,OK,ASW,CE,Federal Contract Tower,0,2,3,53,58,0,0,18,32,50,0,2,21,85,108,0,90,90,198
11/13/2021,WDG,OK,ASW,CE,Federal Contract Tower,0,2,5,5,12,0,0,22,17,39,0,2,27,22,51,12,34,46,97
11/14/2021,WDG,OK,ASW,CE,Federal Contract Tower,0,2,8,9,19,0,0,19,9,28,0,2,27,18,47,4,20,24,71
11/15/2021,WDG,OK,ASW,CE,Federal Contract Tower,0,4,5,48,57,0,0,23,60,83,0,4,28,108,140,4,216,220,360
11/16/2021,WDG,OK,ASW,CE,Federal Contract Tower,0,2,11,44,57,0,0,22,36,58,0,2,33,80,115,0,120,120,235
11/17/2021,WDG,OK,ASW,CE,Federal Contract Tower,0,4,10,54,68,0,0,0,42,42,0,4,10,96,110,0,160,160,270
11/18/2021,WDG,OK,ASW,CE,Federal Contract Tower,0,4,14,60,78,0,0,18,41,59,0,4,32,101,137,2,164,166,303
11/19/2021,WDG,OK,ASW,CE,Federal Contract Tower,0,6,6,58,70,0,0,4,59,63,0,6,10,117,133,0,216,216,349
11/20/2021,WDG,OK,ASW,CE,Federal Contract Tower,0,2,5,11,18,0,0,8,26,34,0,2,13,37,52,2,182,184,236
11/21/2021,WDG,OK,ASW,CE,Federal Contract Tower,0,3,11,19,33,0,0,11,15,26,0,3,22,34,59,0,64,64,123
11/22/2021,WDG,OK,ASW,CE,Federal Contract Tower,0,2,6,54,62,0,0,13,41,54,0,2,19,95,116,0,112,112,228
11/23/2021,WDG,OK,ASW,CE,Federal Contract Tower,0,4,10,35,49,0,1,8,34,43,0,5,18,69,92,0,200,200,292
11/24/2021,WDG,OK,ASW,CE,Federal Contract Tower,0,2,11,42,55,0,0,6,38,44,0,2,17,80,99,0,186,186,285
11/25/2021,WDG,OK,ASW,CE,Federal Contract Tower,0,0,1,0,1,0,0,6,0,6,0,0,7,0,7,0,0,0,7
11/26/2021,WDG,OK,ASW,CE,Federal Contract Tower,0,2,3,0,5,0,0,24,0,24,0,2,27,0,29,4,0,4,33
11/27/2021,WDG,OK,ASW,CE,Federal Contract Tower,0,2,6,0,8,0,0,19,0,19,0,2,25,0,27,18,0,18,45
11/28/2021,WDG,OK,ASW,CE,Federal Contract Tower,0,4,12,0,16,0,0,25,0,25,0,4,37,0,41,4,0,4,45
11/29/2021,WDG,OK,ASW,CE,Federal Contract Tower,0,4,2,47,53,0,0,13,35,48,0,4,15,82,101,0,176,176,277
11/30/2021,WDG,OK,ASW,CE,Federal Contract Tower,0,2,4,54,60,0,0,11,34,45,0,2,15,88,105,4,132,136,241
12/01/2021,WDG,OK,ASW,CE,Federal Contract Tower,0,2,7,63,72,0,0,15,41,56,0,2,22,104,128,16,148,164,292
12/02/2021,WDG,OK,ASW,CE,Federal Contract Tower,0,2,14,42,58,0,0,15,38,53,0,2,29,80,111,0,146,146,257
12/03/2021,WDG,OK,ASW,CE,Federal Contract Tower,0,2,10,27,39,0,0,12,23,35,0,2,22,50,74,4,100,104,178
12/04/2021,WDG,OK,ASW,CE,Federal Contract Tower,0,2,9,3,14,0,0,12,0,12,0,2,21,3,26,0,0,0,26
12/05/2021,WDG,OK,ASW,CE,Federal Contract Tower,0,0,13,15,28,0,0,8,3,11,0,0,21,18,39,14,12,26,65
12/06/2021,WDG,OK,ASW,CE,Federal Contract Tower,0,2,9,67,78,0,0,7,34,41,0,2,16,101,119,2,132,134,253
12/07/2021,WDG,OK,ASW,CE,Federal Contract Tower,0,2,4,30,36,0,0,12,28,40,0,2,16,58,76,0,90,90,166
12/08/2021,WDG,OK,ASW,CE,Federal Contract Tower,0,4,2,49,55,0,0,19,28,47,0,4,21,77,102,0,170,170,272
12/09/2021,WDG,OK,ASW,CE,Federal Contract Tower,0,5,10,36,51,0,0,10,40,50,0,5,20,76,101,22,116,138,239
12/10/2021,WDG,OK,ASW,CE,Federal Contract Tower,0,3,8,6,17,0,0,2,1,3,0,3,10,7,20,0,8,8,28
12/11/2021,WDG,OK,ASW,CE,Federal Contract Tower,0,2,3,5,10,0,0,24,8,32,0,2,27,13,42,0,8,8,50
12/12/2021,WDG,OK,ASW,CE,Federal Contract Tower,0,0,12,6,18,0,0,8,8,16,0,0,20,14,34,0,6,6,40
12/13/2021,WDG,OK,ASW,CE,Federal Contract Tower,0,2,6,47,55,0,0,9,20,29,0,2,15,67,84,0,96,96,180
12/14/2021,WDG,OK,ASW,CE,Federal Contract Tower,0,2,5,0,7,0,0,7,0,7,0,2,12,0,14,0,0,0,14
12/15/2021,WDG,OK,ASW,CE,Federal Contract Tower,0,3,4,2,9,0,0,0,0,0,0,3,4,2,9,0,4,4,13
12/16/2021,WDG,OK,ASW,CE,Federal Contract Tower,0,3,13,63,79,0,0,7,35,42,0,3,20,98,121,2,146,148,269
12/17/2021,WDG,OK,ASW,CE,Federal Contract Tower,0,2,21,57,80,0,0,9,18,27,0,2,30,75,107,6,78,84,191
12/18/2021,WDG,OK,ASW,CE,Federal Contract Tower,0,1,5,16,22,0,1,10,10,21,0,2,15,26,43,2,0,2,45
12/19/2021,WDG,OK,ASW,CE,Federal Contract Tower,0,0,7,6,13,0,0,11,6,17,0,0,18,12,30,8,18,26,56
12/20/2021,WDG,OK,ASW,CE,Federal Contract Tower,0,2,14,15,31,0,0,12,11,23,0,2,26,26,54,4,12,16,70
12/21/2021,WDG,OK,ASW,CE,Federal Contract Tower,0,2,7,30,39,0,0,25,21,46,0,2,32,51,85,12,32,44,129
12/22/2021,WDG,OK,ASW,CE,Federal Contract Tower,0,4,7,20,31,0,0,13,18,31,0,4,20,38,62,10,78,88,150
12/23/2021,WDG,OK,ASW,CE,Federal Contract Tower,0,2,5,0,7,0,0,12,0,12,0,2,17,0,19,0,0,0,19
12/24/2021,WDG,OK,ASW,CE,Federal Contract Tower,0,0,2,0,2,0,0,6,0,6,0,0,8,0,8,0,0,0,8
12/25/2021,WDG,OK,ASW,CE,Federal Contract Tower,0,2,2,0,4,0,0,6,0,6,0,2,8,0,10,28,0,28,38
12/26/2021,WDG,OK,ASW,CE,Federal Contract Tower,0,0,6,0,6,0,0,10,0,10,0,0,16,0,16,0,0,0,16
12/27/2021,WDG,OK,ASW,CE,Federal Contract Tower,0,2,3,0,5,0,0,24,0,24,0,2,27,0,29,10,0,10,39
12/28/2021,WDG,OK,ASW,CE,Federal Contract Tower,0,2,3,0,5,0,0,9,0,9,0,2,12,0,14,2,0,2,16
12/29/2021,WDG,OK,ASW,CE,Federal Contract Tower,0,4,13,0,17,0,0,23,0,23,0,4,36,0,40,8,0,8,48
12/30/2021,WDG,OK,ASW,CE,Federal Contract Tower,0,2,7,0,9,0,0,31,0,31,0,2,38,0,40,6,0,6,46
12/31/2021,WDG,OK,ASW,CE,Federal Contract Tower,0,0,11,0,11,0,0,8,0,8,0,0,19,0,19,0,0,0,19
01/01/2022,WDG,OK,ASW,CE,Federal Contract Tower,0,0,1,0,1,0,0,0,0,0,0,0,1,0,1,0,0,0,1
01/02/2022,WDG,OK,ASW,CE,Federal Contract Tower,0,0,5,0,5,0,0,4,0,4,0,0,9,0,9,0,0,0,9
01/03/2022,WDG,OK,ASW,CE,Federal Contract Tower,0,2,2,2,6,0,0,20,0,20,0,2,22,2,26,18,0,18,44
01/04/2022,WDG,OK,ASW,CE,Federal Contract Tower,0,2,3,0,5,0,0,11,0,11,0,2,14,0,16,0,0,0,16
01/05/2022,WDG,OK,ASW,CE,Federal Contract Tower,0,2,2,43,47,0,0,6,29,35,0,2,8,72,82,0,68,68,150
01/06/2022,WDG,OK,ASW,CE,Federal Contract Tower,0,4,10,53,67,0,0,1,29,30,0,4,11,82,97,0,20,20,117
01/07/2022,WDG,OK,ASW,CE,Federal Contract Tower,0,4,2,15,21,0,0,17,19,36,0,4,19,34,57,2,48,50,107
01/08/2022,WDG,OK,ASW,CE,Federal Contract Tower,0,2,5,10,17,0,0,0,0,0,0,2,5,10,17,0,2,2,19
01/09/2022,WDG,OK,ASW,CE,Federal Contract Tower,0,0,3,21,24,0,0,11,2,13,0,0,14,23,37,4,12,16,53
01/10/2022,WDG,OK,ASW,CE,Federal Contract Tower,0,2,7,38,47,0,0,19,27,46,0,2,26,65,93,0,70,70,163
01/11/2022,WDG,OK,ASW,CE,Federal Contract Tower,0,4,5,26,35,0,0,16,24,40,0,4,21,50,75,2,82,84,159
01/12/2022,WDG,OK,ASW,CE,Federal Contract Tower,0,6,9,56,71,0,0,21,24,45,0,6,30,80,116,12,94,106,222
01/13/2022,WDG,OK,ASW,CE,Federal Contract Tower,0,5,3,39,47,0,3,11,26,40,0,8,14,65,87,6,60,66,153
01/14/2022,WDG,OK,ASW,CE,Federal Contract Tower,0,0,15,23,38,0,0,13,16,29,0,0,28,39,67,0,82,82,149
01/15/2022,WDG,OK,ASW,CE,Federal Contract Tower,0,2,2,0,4,0,0,0,0,0,0,2,2,0,4,0,0,0,4
01/16/2022,WDG,OK,ASW,CE,Federal Contract Tower,0,2,7,1,10,0,0,17,2,19,0,2,24,3,29,10,6,16,45
01/17/2022,WDG,OK,ASW,CE,Federal Contract Tower,0,2,8,1,11,0,0,41,1,42,0,2,49,2,53,0,4,4,57
01/18/2022,WDG,OK,ASW,CE,Federal Contract Tower,0,3,15,31,49,0,0,20,25,45,0,3,35,56,94,6,94,100,194
01/19/2022,WDG,OK,ASW,CE,Federal Contract Tower,0,2,6,59,67,0,0,3,21,24,0,2,9,80,91,0,70,70,161
01/20/2022,WDG,OK,ASW,CE,Federal Contract Tower,0,2,5,44,51,0,0,13,28,41,0,2,18,72,92,6,105,111,203
01/21/2022,WDG,OK,ASW,CE,Federal Contract Tower,0,2,11,12,25,0,0,14,20,34,0,2,25,32,59,22,95,117,176
01/22/2022,WDG,OK,ASW,CE,Federal Contract Tower,0,2,7,15,24,0,0,26,5,31,0,2,33,20,55,0,38,38,93
01/23/2022,WDG,OK,ASW,CE,Federal Contract Tower,0,1,5,14,20,0,0,33,18,51,0,1,38,32,71,36,48,84,155
01/24/2022,WDG,OK,ASW,CE,Federal Contract Tower,0,2,4,61,67,0,0,15,32,47,0,2,19,93,114,6,82,88,202
01/25/2022,WDG,OK,ASW,CE,Federal Contract Tower,0,2,3,61,66,0,0,3,42,45,0,2,6,103,111,0,102,102,213
01/26/2022,WDG,OK,ASW,CE,Federal Contract Tower,0,2,3,27,32,0,0,9,5,14,0,2,12,32,46,0,22,22,68
01/27/2022,WDG,OK,ASW,CE,Federal Contract Tower,0,2,2,18,22,0,0,4,4,8,0,2,6,22,30,0,14,14,44
01/28/2022,WDG,OK,ASW,CE,Federal Contract Tower,0,2,18,54,74,0,0,18,33,51,0,2,36,87,125,0,108,108,233
01/29/2022,WDG,OK,ASW,CE,Federal Contract Tower,0,1,10,15,26,0,1,24,8,33,0,2,34,23,59,6,76,82,141
01/30/2022,WDG,OK,ASW,CE,Federal Contract Tower,0,0,6,13,19,0,0,17,9,26,0,0,23,22,45,12,52,64,109
01/31/2022,WDG,OK,ASW,CE,Federal Contract Tower,0,2,7,21,30,0,0,26,16,42,0,2,33,37,72,6,36,42,114
02/01/2022,WDG,OK,ASW,CE,Federal Contract Tower,0,1,6,17,24,0,0,0,0,0,0,1,6,17,24,0,8,8,32
02/02/2022,WDG,OK,ASW,CE,Federal Contract Tower,0,0,0,0,0,0,0,0,0,0,0,0,0,0,0,0,0,0,0
02/03/2022,WDG,OK,ASW,CE,Federal Contract Tower,0,0,2,0,2,0,0,0,0,0,0,0,2,0,2,0,0,0,2
02/04/2022,WDG,OK,ASW,CE,Federal Contract Tower,0,1,1,10,12,0,0,2,3,5,0,1,3,13,17,0,4,4,21
02/05/2022,WDG,OK,ASW,CE,Federal Contract Tower,0,0,0,9,9,0,0,6,3,9,0,0,6,12,18,6,16,22,40
02/06/2022,WDG,OK,ASW,CE,Federal Contract Tower,0,1,2,8,11,0,0,14,19,33,0,1,16,27,44,42,2,44,88
02/07/2022,WDG,OK,ASW,CE,Federal Contract Tower,0,4,6,39,49,0,0,22,24,46,0,4,28,63,95,12,60,72,167
02/08/2022,WDG,OK,ASW,CE,Federal Contract Tower,0,2,11,30,43,0,0,13,24,37,0,2,24,54,80,2,130,132,212
02/09/2022,WDG,OK,ASW,CE,Federal Contract Tower,0,3,5,51,59,0,0,19,37,56,0,3,24,88,115,4,120,124,239
02/10/2022,WDG,OK,ASW,CE,Federal Contract Tower,0,3,3,45,51,0,0,27,33,60,0,3,30,78,111,8,80,88,199
02/11/2022,WDG,OK,ASW,CE,Federal Contract Tower,0,4,11,53,68,0,0,8,35,43,0,4,19,88,111,4,70,74,185
02/12/2022,WDG,OK,ASW,CE,Federal Contract Tower,0,2,3,14,19,0,0,34,1,35,0,2,37,15,54,0,44,44,98
02/13/2022,WDG,OK,ASW,CE,Federal Contract Tower,0,1,5,11,17,0,0,24,6,30,0,1,29,17,47,22,8,30,77
02/14/2022,WDG,OK,ASW,CE,Federal Contract Tower,0,3,7,47,57,0,0,23,25,48,0,3,30,72,105,0,106,106,211
02/15/2022,WDG,OK,ASW,CE,Federal Contract Tower,0,2,3,34,39,0,0,2,18,20,0,2,5,52,59,2,64,66,125
02/16/2022,WDG,OK,ASW,CE,Federal Contract Tower,0,2,3,37,42,0,0,4,18,22,0,2,7,55,64,0,46,46,110
02/17/2022,WDG,OK,ASW,CE,Federal Contract Tower,0,2,0,0,2,0,0,0,0,0,0,2,0,0,2,0,0,0,2
02/18/2022,WDG,OK,ASW,CE,Federal Contract Tower,0,2,9,32,43,0,0,20,16,36,0,2,29,48,79,18,60,78,157
02/19/2022,WDG,OK,ASW,CE,Federal Contract Tower,0,4,1,2,7,0,0,33,6,39,0,4,34,8,46,0,12,12,58
02/20/2022,WDG,OK,ASW,CE,Federal Contract Tower,0,0,3,3,6,0,0,5,6,11,0,0,8,9,17,0,2,2,19
02/21/2022,WDG,OK,ASW,CE,Federal Contract Tower,0,2,5,3,10,0,0,4,0,4,0,2,9,3,14,0,6,6,20
02/22/2022,WDG,OK,ASW,CE,Federal Contract Tower,0,3,26,29,58,0,0,7,36,43,0,3,33,65,101,0,32,32,133
02/23/2022,WDG,OK,ASW,CE,Federal Contract Tower,0,0,2,0,2,0,0,4,0,4,0,0,6,0,6,0,0,0,6
02/24/2022,WDG,OK,ASW,CE,Federal Contract Tower,0,0,2,0,2,0,0,0,0,0,0,0,2,0,2,0,0,0,2
02/25/2022,WDG,OK,ASW,CE,Federal Contract Tower,0,2,8,5,15,0,0,9,3,12,0,2,17,8,27,0,26,26,53
02/26/2022,WDG,OK,ASW,CE,Federal Contract Tower,0,2,8,8,18,0,0,14,8,22,0,2,22,16,40,10,22,32,72
02/27/2022,WDG,OK,ASW,CE,Federal Contract Tower,0,0,4,16,20,0,0,9,9,18,0,0,13,25,38,14,10,24,62
02/28/2022,WDG,OK,ASW,CE,Federal Contract Tower,0,2,14,32,48,0,0,13,19,32,0,2,27,51,80,0,86,86,166
03/01/2022,WDG,OK,ASW,CE,Federal Contract Tower,0,3,5,35,43,0,0,32,24,56,0,3,37,59,99,42,68,110,209
03/02/2022,WDG,OK,ASW,CE,Federal Contract Tower,0,2,5,27,34,0,0,6,29,35,0,2,11,56,69,16,76,92,161
03/03/2022,WDG,OK,ASW,CE,Federal Contract Tower,0,4,2,24,30,0,0,26,23,49,0,4,28,47,79,32,96,128,207
03/04/2022,WDG,OK,ASW,CE,Federal Contract Tower,0,2,6,20,28,0,0,6,17,23,0,2,12,37,51,0,56,56,107
03/05/2022,WDG,OK,ASW,CE,Federal Contract Tower,0,2,1,4,7,0,0,2,6,8,0,2,3,10,15,0,30,30,45
03/06/2022,WDG,OK,ASW,CE,Federal Contract Tower,0,0,6,23,29,0,0,5,10,15,0,0,11,33,44,0,4,4,48
03/07/2022,WDG,OK,ASW,CE,Federal Contract Tower,0,2,7,68,77,0,0,7,33,40,0,2,14,101,117,0,68,68,185
03/08/2022,WDG,OK,ASW,CE,Federal Contract Tower,0,2,7,47,56,0,0,9,34,43,0,2,16,81,99,10,104,114,213
03/09/2022,WDG,OK,ASW,CE,Federal Contract Tower,0,2,6,39,47,0,0,16,25,41,0,2,22,64,88,6,72,78,166
03/10/2022,WDG,OK,ASW,CE,Federal Contract Tower,0,2,7,33,42,0,0,2,0,2,0,2,9,33,44,0,4,4,48
03/11/2022,WDG,OK,ASW,CE,Federal Contract Tower,0,2,2,26,30,0,0,5,9,14,0,2,7,35,44,0,32,32,76
03/12/2022,WDG,OK,ASW,CE,Federal Contract Tower,0,2,14,10,26,0,0,23,11,34,0,2,37,21,60,2,2,4,64
03/13/2022,WDG,OK,ASW,CE,Federal Contract Tower,0,0,10,21,31,0,0,27,8,35,0,0,37,29,66,8,6,14,80
03/14/2022,WDG,OK,ASW,CE,Federal Contract Tower,0,2,4,45,51,0,0,10,23,33,0,2,14,68,84,6,57,63,147
03/15/2022,WDG,OK,ASW,CE,Federal Contract Tower,0,2,2,42,46,0,0,33,35,68,0,2,35,77,114,34,90,124,238
03/16/2022,WDG,OK,ASW,CE,Federal Contract Tower,0,2,4,20,26,0,0,5,21,26,0,2,9,41,52,9,41,50,102
03/17/2022,WDG,OK,ASW,CE,Federal Contract Tower,0,2,12,47,61,0,0,6,29,35,0,2,18,76,96,12,96,108,204
03/18/2022,WDG,OK,ASW,CE,Federal Contract Tower,0,2,9,31,42,0,0,7,21,28,0,2,16,52,70,0,40,40,110
03/19/2022,WDG,OK,ASW,CE,Federal Contract Tower,0,4,11,12,27,0,0,66,6,72,0,4,77,18,99,26,28,54,153
03/20/2022,WDG,OK,ASW,CE,Federal Contract Tower,0,0,9,28,37,0,0,15,9,24,0,0,24,37,61,2,50,52,113
03/21/2022,WDG,OK,ASW,CE,Federal Contract Tower,0,0,2,6,8,0,0,1,5,6,0,0,3,11,14,0,5,5,19
03/22/2022,WDG,OK,ASW,CE,Federal Contract Tower,0,0,12,2,14,0,0,2,0,2,0,0,14,2,16,0,0,0,16
03/23/2022,WDG,OK,ASW,CE,Federal Contract Tower,0,4,9,69,82,0,0,5,37,42,0,4,14,106,124,0,78,78,202
03/24/2022,WDG,OK,ASW,CE,Federal Contract Tower,0,2,7,40,49,0,0,21,45,66,0,2,28,85,115,15,132,147,262
03/25/2022,WDG,OK,ASW,CE,Federal Contract Tower,0,2,6,62,70,0,0,37,35,72,0,2,43,97,142,19,132,151,293
03/26/2022,WDG,OK,ASW,CE,Federal Contract Tower,0,2,4,29,35,0,0,50,16,66,0,2,54,45,101,124,140,264,365
03/27/2022,WDG,OK,ASW,CE,Federal Contract Tower,0,0,1,32,33,0,0,23,17,40,0,0,24,49,73,8,36,44,117
03/28/2022,WDG,OK,ASW,CE,Federal Contract Tower,0,2,10,30,42,0,0,26,27,53,0,2,36,57,95,48,58,106,201
03/29/2022,WDG,OK,ASW,CE,Federal Contract Tower,0,2,4,31,37,0,0,7,32,39,0,2,11,63,76,0,46,46,122
03/30/2022,WDG,OK,ASW,CE,Federal Contract Tower,0,2,6,72,80,0,0,5,25,30,0,2,11,97,110,0,62,62,172
03/31/2022,WDG,OK,ASW,CE,Federal Contract Tower,0,2,11,78,91,0,0,7,26,33,0,2,18,104,124,0,60,60,184
04/01/2022,WDG,OK,ASW,CE,Federal Contract Tower,0,2,9,24,35,0,0,16,32,48,0,2,25,56,83,18,90,108,191
04/02/2022,WDG,OK,ASW,CE,Federal Contract Tower,0,2,3,14,19,0,0,35,20,55,0,2,38,34,74,16,86,102,176
04/03/2022,WDG,OK,ASW,CE,Federal Contract Tower,0,0,11,22,33,0,0,6,14,20,0,0,17,36,53,8,16,24,77
04/04/2022,WDG,OK,ASW,CE,Federal Contract Tower,0,2,5,52,59,0,0,7,50,57,0,2,12,102,116,18,122,140,256
04/05/2022,WDG,OK,ASW,CE,Federal Contract Tower,0,2,6,50,58,0,0,13,14,27,0,2,19,64,85,14,56,70,155
04/06/2022,WDG,OK,ASW,CE,Federal Contract Tower,0,2,7,59,68,0,0,8,37,45,0,2,15,96,113,0,101,101,214
04/07/2022,WDG,OK,ASW,CE,Federal Contract Tower,0,2,11,31,44,0,0,5,23,28,0,2,16,54,72,0,50,50,122
04/08/2022,WDG,OK,ASW,CE,Federal Contract Tower,0,2,10,68,80,0,0,8,52,60,0,2,18,120,140,18,88,106,246
04/09/2022,WDG,OK,ASW,CE,Federal Contract Tower,0,6,3,16,25,0,0,24,5,29,0,6,27,21,54,10,72,82,136
04/10/2022,WDG,OK,ASW,CE,Federal Contract Tower,0,0,4,19,23,0,0,14,11,25,0,0,18,30,48,12,26,38,86
04/11/2022,WDG,OK,ASW,CE,Federal Contract Tower,0,2,10,46,58,0,0,12,43,55,0,2,22,89,113,10,152,162,275
04/12/2022,WDG,OK,ASW,CE,Federal Contract Tower,0,2,4,30,36,0,0,8,21,29,0,2,12,51,65,0,68,68,133
04/13/2022,WDG,OK,ASW,CE,Federal Contract Tower,0,4,6,27,37,0,0,21,15,36,0,4,27,42,73,0,102,102,175
04/14/2022,WDG,OK,ASW,CE,Federal Contract Tower,0,2,9,46,57,0,0,12,47,59,0,2,21,93,116,18,149,167,283
04/15/2022,WDG,OK,ASW,CE,Federal Contract Tower,0,2,10,32,44,0,0,19,32,51,0,2,29,64,95,6,90,96,191
04/16/2022,WDG,OK,ASW,CE,Federal Contract Tower,0,4,0,4,8,0,0,6,0,6,0,4,6,4,14,0,10,10,24
04/17/2022,WDG,OK,ASW,CE,Federal Contract Tower,0,0,6,0,6,0,0,8,0,8,0,0,14,0,14,0,0,0,14
04/18/2022,WDG,OK,ASW,CE,Federal Contract Tower,0,2,10,44,56,0,0,19,39,58,0,2,29,83,114,20,78,98,212
04/19/2022,WDG,OK,ASW,CE,Federal Contract Tower,0,2,7,42,51,0,0,16,17,33,0,2,23,59,84,6,14,20,104
04/20/2022,WDG,OK,ASW,CE,Federal Contract Tower,0,3,5,36,44,0,0,4,11,15,0,3,9,47,59,6,26,32,91
04/21/2022,WDG,OK,ASW,CE,Federal Contract Tower,0,2,11,33,46,0,0,10,19,29,0,2,21,52,75,8,52,60,135
04/22/2022,WDG,OK,ASW,CE,Federal Contract Tower,0,0,9,18,27,0,0,1,9,10,0,0,10,27,37,0,84,84,121
04/23/2022,WDG,OK,ASW,CE,Federal Contract Tower,0,4,5,0,9,0,0,5,0,5,0,4,10,0,14,0,0,0,14
04/24/2022,WDG,OK,ASW,CE,Federal Contract Tower,0,0,4,19,23,0,0,21,16,37,0,0,25,35,60,8,28,36,96
04/25/2022,WDG,OK,ASW,CE,Federal Contract Tower,0,2,3,59,64,0,0,16,50,66,0,2,19,109,130,28,160,188,318
04/26/2022,WDG,OK,ASW,CE,Federal Contract Tower,0,2,2,29,33,0,0,46,22,68,0,2,48,51,101,32,100,132,233
04/27/2022,WDG,OK,ASW,CE,Federal Contract Tower,0,2,8,34,44,0,0,16,30,46,0,2,24,64,90,0,118,118,208
04/28/2022,WDG,OK,ASW,CE,Federal Contract Tower,0,0,5,36,41,0,0,0,8,8,0,0,5,44,49,0,14,14,63
04/29/2022,WDG,OK,ASW,CE,Federal Contract Tower,0,0,8,30,38,0,0,4,23,27,0,0,12,53,65,0,41,41,106
04/30/2022,WDG,OK,ASW,CE,Federal Contract Tower,0,2,7,9,18,0,0,22,2,24,0,2,29,11,42,4,20,24,66
05/01/2022,WDG,OK,ASW,CE,Federal Contract Tower,0,0,12,10,22,0,1,24,13,38,0,1,36,23,60,16,34,50,110
05/02/2022,WDG,OK,ASW,CE,Federal Contract Tower,0,2,2,10,14,0,1,5,0,6,0,3,7,10,20,0,0,0,20
05/03/2022,WDG,OK,ASW,CE,Federal Contract Tower,0,0,12,52,64,0,0,15,18,33,0,0,27,70,97,10,90,100,197
05/04/2022,WDG,OK,ASW,CE,Federal Contract Tower,0,0,5,0,5,0,0,0,0,0,0,0,5,0,5,0,0,0,5
05/05/2022,WDG,OK,ASW,CE,Federal Contract Tower,0,0,8,8,16,0,0,2,0,2,0,0,10,8,18,0,0,0,18
05/06/2022,WDG,OK,ASW,CE,Federal Contract Tower,0,2,15,44,61,0,0,35,50,85,0,2,50,94,146,8,140,148,294
05/07/2022,WDG,OK,ASW,CE,Federal Contract Tower,0,2,6,5,13,0,0,15,1,16,0,2,21,6,29,0,2,2,31
05/08/2022,WDG,OK,ASW,CE,Federal Contract Tower,0,2,5,6,13,0,0,13,4,17,0,2,18,10,30,0,6,6,36
05/09/2022,WDG,OK,ASW,CE,Federal Contract Tower,0,2,4,24,30,0,0,8,25,33,0,2,12,49,63,14,108,122,185
05/10/2022,WDG,OK,ASW,CE,Federal Contract Tower,0,2,6,36,44,0,0,11,38,49,0,2,17,74,93,4,122,126,219
05/11/2022,WDG,OK,ASW,CE,Federal Contract Tower,0,3,3,32,38,0,0,17,33,50,0,3,20,65,88,20,130,150,238
05/12/2022,WDG,OK,ASW,CE,Federal Contract Tower,0,3,9,27,39,0,0,17,31,48,0,3,26,58,87,6,126,132,219
05/13/2022,WDG,OK,ASW,CE,Federal Contract Tower,0,2,10,34,46,0,0,23,13,36,0,2,33,47,82,28,62,90,172
05/14/2022,WDG,OK,ASW,CE,Federal Contract Tower,0,2,5,6,13,0,2,17,11,30,0,4,22,17,43,8,46,54,97
05/15/2022,WDG,OK,ASW,CE,Federal Contract Tower,0,1,14,24,39,0,0,12,16,28,0,1,26,40,67,32,42,74,141
05/16/2022,WDG,OK,ASW,CE,Federal Contract Tower,0,2,6,35,43,0,0,15,34,49,0,2,21,69,92,8,78,86,178
05/17/2022,WDG,OK,ASW,CE,Federal Contract Tower,0,2,14,38,54,0,0,25,33,58,0,2,39,71,112,8,144,152,264
05/18/2022,WDG,OK,ASW,CE,Federal Contract Tower,0,3,10,41,54,0,0,22,35,57,0,3,32,76,111,16,62,78,189
05/19/2022,WDG,OK,ASW,CE,Federal Contract Tower,0,2,6,35,43,0,0,14,23,37,0,2,20,58,80,62,38,100,180
05/20/2022,WDG,OK,ASW,CE,Federal Contract Tower,0,2,2,45,49,0,0,26,28,54,0,2,28,73,103,20,78,98,201
05/21/2022,WDG,OK,ASW,CE,Federal Contract Tower,0,2,6,16,24,0,0,29,7,36,0,2,35,23,60,20,100,120,180
05/22/2022,WDG,OK,ASW,CE,Federal Contract Tower,0,0,8,22,30,0,0,19,16,35,0,0,27,38,65,22,52,74,139
05/23/2022,WDG,OK,ASW,CE,Federal Contract Tower,0,0,4,1,5,0,0,1,0,1,0,0,5,1,6,0,0,0,6
05/24/2022,WDG,OK,ASW,CE,Federal Contract Tower,0,2,1,21,24,0,0,0,0,0,0,2,1,21,24,0,0,0,24
05/25/2022,WDG,OK,ASW,CE,Federal Contract Tower,0,2,4,8,14,0,0,0,0,0,0,2,4,8,14,0,0,0,14
05/26/2022,WDG,OK,ASW,CE,Federal Contract Tower,0,5,5,66,76,0,0,22,33,55,0,5,27,99,131,10,78,88,219
05/27/2022,WDG,OK,ASW,CE,Federal Contract Tower,0,2,12,2,16,0,2,47,2,51,0,4,59,4,67,14,8,22,89
05/28/2022,WDG,OK,ASW,CE,Federal Contract Tower,0,3,5,0,8,0,0,19,4,23,0,3,24,4,31,0,0,0,31
05/29/2022,WDG,OK,ASW,CE,Federal Contract Tower,0,1,5,0,6,0,0,2,3,5,0,1,7,3,11,0,0,0,11
05/30/2022,WDG,OK,ASW,CE,Federal Contract Tower,0,0,10,2,12,0,0,13,3,16,0,0,23,5,28,0,0,0,28
05/31/2022,WDG,OK,ASW,CE,Federal Contract Tower,0,2,7,22,31,0,0,15,7,22,0,2,22,29,53,6,30,36,89
06/01/2022,WDG,OK,ASW,CE,Federal Contract Tower,0,2,4,0,6,0,0,0,0,0,0,2,4,0,6,0,0,0,6
06/02/2022,WDG,OK,ASW,CE,Federal Contract Tower,0,2,15,26,43,0,0,20,22,42,0,2,35,48,85,28,70,98,183
06/03/2022,WDG,OK,ASW,CE,Federal Contract Tower,0,3,9,37,49,0,0,26,30,56,0,3,35,67,105,22,132,154,259
06/04/2022,WDG,OK,ASW,CE,Federal Contract Tower,0,2,5,5,12,0,0,12,4,16,0,2,17,9,28,14,28,42,70
06/05/2022,WDG,OK,ASW,CE,Federal Contract Tower,0,0,3,18,21,0,0,10,6,16,0,0,13,24,37,4,6,10,47
06/06/2022,WDG,OK,ASW,CE,Federal Contract Tower,0,2,4,30,36,0,0,19,28,47,0,2,23,58,83,16,108,124,207
06/07/2022,WDG,OK,ASW,CE,Federal Contract Tower,0,2,4,41,47,0,0,10,25,35,0,2,14,66,82,26,94,120,202
06/08/2022,WDG,OK,ASW,CE,Federal Contract Tower,0,2,7,52,61,0,0,9,9,18,0,2,16,61,79,0,20,20,99
06/09/2022,WDG,OK,ASW,CE,Federal Contract Tower,0,2,18,2,22,0,0,14,3,17,0,2,32,5,39,44,0,44,83
06/10/2022,WDG,OK,ASW,CE,Federal Contract Tower,0,2,5,34,41,0,0,19,38,57,0,2,24,72,98,0,124,124,222
06/11/2022,WDG,OK,ASW,CE,Federal Contract Tower,0,2,5,5,12,0,0,12,7,19,0,2,17,12,31,4,30,34,65
06/12/2022,WDG,OK,ASW,CE,Federal Contract Tower,0,0,8,28,36,0,0,9,21,30,0,0,17,49,66,0,28,28,94
06/13/2022,WDG,OK,ASW,CE,Federal Contract Tower,0,2,6,36,44,0,0,21,27,48,0,2,27,63,92,0,100,100,192
06/14/2022,WDG,OK,ASW,CE,Federal Contract Tower,0,2,6,34,42,0,0,6,34,40,0,2,12,68,82,0,132,132,214
06/15/2022,WDG,OK,ASW,CE,Federal Contract Tower,0,2,9,33,44,0,0,8,21,29,0,2,17,54,73,0,56,56,129
06/16/2022,WDG,OK,ASW,CE,Federal Contract Tower,0,2,9,37,48,0,0,7,37,44,0,2,16,74,92,14,88,102,194
06/17/2022,WDG,OK,ASW,CE,Federal Contract Tower,0,0,10,27,37,0,0,31,29,60,0,0,41,56,97,4,120,124,221
06/18/2022,WDG,OK,ASW,CE,Federal Contract Tower,0,2,6,1,9,0,0,48,1,49,0,2,54,2,58,0,14,14,72
06/19/2022,WDG,OK,ASW,CE,Federal Contract Tower,0,0,1,0,1,0,0,2,0,2,0,0,3,0,3,2,0,2,5
06/20/2022,WDG,OK,ASW,CE,Federal Contract Tower,0,0,1,0,1,0,0,5,0,5,0,0,6,0,6,16,0,16,22
06/21/2022,WDG,OK,ASW,CE,Federal Contract Tower,0,0,0,2,2,0,0,2,0,2,0,0,2,2,4,0,0,0,4
06/22/2022,WDG,OK,ASW,CE,Federal Contract Tower,0,2,9,26,37,0,0,14,21,35,0,2,23,47,72,8,61,69,141
06/23/2022,WDG,OK,ASW,CE,Federal Contract Tower,0,2,5,30,37,0,0,12,32,44,0,2,17,62,81,4,66,70,151
06/24/2022,WDG,OK,ASW,CE,Federal Contract Tower,0,2,14,27,43,0,0,15,22,37,0,2,29,49,80,0,28,28,108
06/25/2022,WDG,OK,ASW,CE,Federal Contract Tower,0,2,5,6,13,0,0,15,10,25,0,2,20,16,38,14,16,30,68
06/26/2022,WDG,OK,ASW,CE,Federal Contract Tower,0,0,7,15,22,0,0,8,16,24,0,0,15,31,46,0,34,34,80
06/27/2022,WDG,OK,ASW,CE,Federal Contract Tower,0,2,1,44,47,0,0,21,41,62,0,2,22,85,109,0,71,71,180
06/28/2022,WDG,OK,ASW,CE,Federal Contract Tower,0,3,6,40,49,0,0,30,33,63,0,3,36,73,112,36,97,133,245
06/29/2022,WDG,OK,ASW,CE,Federal Contract Tower,0,3,4,37,44,0,0,29,36,65,0,3,33,73,109,16,34,50,159
06/30/2022,WDG,OK,ASW,CE,Federal Contract Tower,0,2,7,35,44,0,0,15,22,37,0,2,22,57,81,29,42,71,152
07/01/2022,WDG,OK,ASW,CE,Federal Contract Tower,0,2,8,0,10,0,0,17,1,18,0,2,25,1,28,4,0,4,32
07/02/2022,WDG,OK,ASW,CE,Federal Contract Tower,0,2,0,0,2,0,0,13,0,13,0,2,13,0,15,0,0,0,15
07/03/2022,WDG,OK,ASW,CE,Federal Contract Tower,0,0,3,0,3,0,0,3,0,3,0,0,6,0,6,0,0,0,6
07/04/2022,WDG,OK,ASW,CE,Federal Contract Tower,0,0,3,0,3,0,0,6,0,6,0,0,9,0,9,0,0,0,9
07/05/2022,WDG,OK,ASW,CE,Federal Contract Tower,0,2,7,30,39,0,0,4,30,34,0,2,11,60,73,56,65,121,194
07/06/2022,WDG,OK,ASW,CE,Federal Contract Tower,0,2,13,21,36,0,0,13,28,41,0,2,26,49,77,20,44,64,141
07/07/2022,WDG,OK,ASW,CE,Federal Contract Tower,0,2,6,30,38,0,0,4,29,33,0,2,10,59,71,11,74,85,156
07/08/2022,WDG,OK,ASW,CE,Federal Contract Tower,0,2,4,30,36,0,0,10,22,32,0,2,14,52,68,0,40,40,108
07/09/2022,WDG,OK,ASW,CE,Federal Contract Tower,0,2,3,3,8,0,0,27,3,30,0,2,30,6,38,21,18,39,77
07/10/2022,WDG,OK,ASW,CE,Federal Contract Tower,0,0,4,4,8,0,0,9,4,13,0,0,13,8,21,16,14,30,51
07/11/2022,WDG,OK,ASW,CE,Federal Contract Tower,0,2,3,41,46,0,0,10,36,46,0,2,13,77,92,0,99,99,191
07/12/2022,WDG,OK,ASW,CE,Federal Contract Tower,0,2,11,48,61,0,0,9,36,45,0,2,20,84,106,0,78,78,184
07/13/2022,WDG,OK,ASW,CE,Federal Contract Tower,0,2,7,25,34,0,0,20,28,48,0,2,27,53,82,16,88,104,186
07/14/2022,WDG,OK,ASW,CE,Federal Contract Tower,0,3,6,36,45,0,0,21,40,61,0,3,27,76,106,17,97,114,220
07/15/2022,WDG,OK,ASW,CE,Federal Contract Tower,0,2,11,8,21,0,0,22,17,39,0,2,33,25,60,8,64,72,132
07/16/2022,WDG,OK,ASW,CE,Federal Contract Tower,0,2,4,6,12,0,0,29,2,31,0,2,33,8,43,21,6,27,70
07/17/2022,WDG,OK,ASW,CE,Federal Contract Tower,0,0,6,21,27,0,0,10,22,32,0,0,16,43,59,0,48,48,107
07/18/2022,WDG,OK,ASW,CE,Federal Contract Tower,0,2,13,40,55,0,0,14,33,47,0,2,27,73,102,2,116,118,220
07/19/2022,WDG,OK,ASW,CE,Federal Contract Tower,0,2,9,20,31,0,0,16,13,29,0,2,25,33,60,3,84,87,147
07/20/2022,WDG,OK,ASW,CE,Federal Contract Tower,0,2,3,49,54,0,0,18,32,50,0,2,21,81,104,0,95,95,199
07/21/2022,WDG,OK,ASW,CE,Federal Contract Tower,0,2,1,39,42,0,0,12,29,41,0,2,13,68,83,4,82,86,169
07/22/2022,WDG,OK,ASW,CE,Federal Contract Tower,0,2,12,17,31,0,0,15,34,49,0,2,27,51,80,18,59,77,157
07/23/2022,WDG,OK,ASW,CE,Federal Contract Tower,0,2,5,2,9,0,0,15,8,23,0,2,20,10,32,0,0,0,32
07/24/2022,WDG,OK,ASW,CE,Federal Contract Tower,0,0,9,5,14,0,0,10,5,15,0,0,19,10,29,8,2,10,39
07/25/2022,WDG,OK,ASW,CE,Federal Contract Tower,0,2,2,38,42,0,0,14,24,38,0,2,16,62,80,2,74,76,156
07/26/2022,WDG,OK,ASW,CE,Federal Contract Tower,0,2,2,56,60,0,0,24,29,53,0,2,26,85,113,0,102,102,215
07/27/2022,WDG,OK,ASW,CE,Federal Contract Tower,0,7,3,28,38,0,0,24,11,35,0,7,27,39,73,0,52,52,125
07/28/2022,WDG,OK,ASW,CE,Federal Contract Tower,0,4,15,47,66,0,0,24,21,45,0,4,39,68,111,4,66,70,181
07/29/2022,WDG,OK,ASW,CE,Federal Contract Tower,0,2,4,31,37,0,0,1,11,12,0,2,5,42,49,0,6,6,55
07/30/2022,WDG,OK,ASW,CE,Federal Contract Tower,0,0,4,0,4,0,0,0,0,0,0,0,4,0,4,0,0,0,4
07/31/2022,WDG,OK,ASW,CE,Federal Contract Tower,0,0,13,14,27,0,0,9,2,11,0,0,22,16,38,16,0,16,54
08/01/2022,WDG,OK,ASW,CE,Federal Contract Tower,0,2,7,48,57,0,0,18,31,49,0,2,25,79,106,4,74,78,184
08/02/2022,WDG,OK,ASW,CE,Federal Contract Tower,0,2,5,43,50,0,0,27,39,66,0,2,32,82,116,24,104,128,244
08/03/2022,WDG,OK,ASW,CE,Federal Contract Tower,0,2,4,49,55,0,0,13,38,51,0,2,17,87,106,26,79,105,211
08/04/2022,WDG,OK,ASW,CE,Federal Contract Tower,0,2,9,83,94,0,0,15,43,58,0,2,24,126,152,12,118,130,282
08/05/2022,WDG,OK,ASW,CE,Federal Contract Tower,0,2,8,39,49,0,0,27,34,61,0,2,35,73,110,6,81,87,197
08/06/2022,WDG,OK,ASW,CE,Federal Contract Tower,0,2,5,1,8,0,0,24,7,31,0,2,29,8,39,0,0,0,39
08/07/2022,WDG,OK,ASW,CE,Federal Contract Tower,0,0,8,32,40,0,0,8,26,34,0,0,16,58,74,0,40,40,114
08/08/2022,WDG,OK,ASW,CE,Federal Contract Tower,0,2,10,61,73,0,0,10,33,43,0,2,20,94,116,14,37,51,167
08/09/2022,WDG,OK,ASW,CE,Federal Contract Tower,0,2,6,39,47,0,0,15,35,50,0,2,21,74,97,18,92,110,207
08/10/2022,WDG,OK,ASW,CE,Federal Contract Tower,0,2,16,33,51,0,0,28,35,63,0,2,44,68,114,18,70,88,202
08/11/2022,WDG,OK,ASW,CE,Federal Contract Tower,0,2,9,51,62,0,0,20,31,51,0,2,29,82,113,32,70,102,215
08/12/2022,WDG,OK,ASW,CE,Federal Contract Tower,0,2,13,57,72,0,0,33,32,65,0,2,46,89,137,24,78,102,239
08/13/2022,WDG,OK,ASW,CE,Federal Contract Tower,0,2,4,6,12,0,0,57,2,59,0,2,61,8,71,28,2,30,101
08/14/2022,WDG,OK,ASW,CE,Federal Contract Tower,0,1,11,31,43,0,0,12,31,43,0,1,23,62,86,15,64,79,165
08/15/2022,WDG,OK,ASW,CE,Federal Contract Tower,0,2,5,49,56,0,0,20,34,54,0,2,25,83,110,4,94,98,208
08/16/2022,WDG,OK,ASW,CE,Federal Contract Tower,0,3,1,70,74,0,0,7,43,50,0,3,8,113,124,0,72,72,196
08/17/2022,WDG,OK,ASW,CE,Federal Contract Tower,0,2,18,71,91,0,0,3,7,10,0,2,21,78,101,4,12,16,117
08/18/2022,WDG,OK,ASW,CE,Federal Contract Tower,0,2,4,67,73,0,0,11,55,66,0,2,15,122,139,14,76,90,229
08/19/2022,WDG,OK,ASW,CE,Federal Contract Tower,0,2,8,35,45,0,0,35,35,70,0,2,43,70,115,22,63,85,200
08/20/2022,WDG,OK,ASW,CE,Federal Contract Tower,0,1,1,2,4,0,1,42,6,49,0,2,43,8,53,22,4,26,79
08/21/2022,WDG,OK,ASW,CE,Federal Contract Tower,0,2,3,13,18,0,0,13,2,15,0,2,16,15,33,2,0,2,35
08/22/2022,WDG,OK,ASW,CE,Federal Contract Tower,0,2,7,53,62,0,0,19,32,51,0,2,26,85,113,4,46,50,163
08/23/2022,WDG,OK,ASW,CE,Federal Contract Tower,0,2,8,55,65,0,0,25,43,68,0,2,33,98,133,0,125,125,258
08/24/2022,WDG,OK,ASW,CE,Federal Contract Tower,0,2,8,39,49,0,0,23,37,60,0,2,31,76,109,12,84,96,205
08/25/2022,WDG,OK,ASW,CE,Federal Contract Tower,0,2,3,43,48,0,0,33,33,66,0,2,36,76,114,36,69,105,219
08/26/2022,WDG,OK,ASW,CE,Federal Contract Tower,0,2,2,15,19,0,0,27,21,48,0,2,29,36,67,8,62,70,137
08/27/2022,WDG,OK,ASW,CE,Federal Contract Tower,0,2,8,11,21,0,0,23,11,34,0,2,31,22,55,22,40,62,117
08/28/2022,WDG,OK,ASW,CE,Federal Contract Tower,0,1,5,23,29,0,0,12,11,23,0,1,17,34,52,4,18,22,74
08/29/2022,WDG,OK,ASW,CE,Federal Contract Tower,0,2,5,39,46,0,0,7,28,35,0,2,12,67,81,0,107,107,188
08/30/2022,WDG,OK,ASW,CE,Federal Contract Tower,0,2,7,61,70,0,0,17,46,63,0,2,24,107,133,16,120,136,269
08/31/2022,WDG,OK,ASW,CE,Federal Contract Tower,0,2,9,53,64,0,0,43,32,75,0,2,52,85,139,6,118,124,263
09/01/2022,WDG,OK,ASW,CE,Federal Contract Tower,0,2,5,26,33,0,0,15,18,33,0,2,20,44,66,40,56,96,162
09/02/2022,WDG,OK,ASW,CE,Federal Contract Tower,0,2,7,0,9,0,0,20,0,20,0,2,27,0,29,3,0,3,32
09/03/2022,WDG,OK,ASW,CE,Federal Contract Tower,0,2,5,0,7,0,0,30,0,30,0,2,35,0,37,20,0,20,57
09/04/2022,WDG,OK,ASW,CE,Federal Contract Tower,0,0,5,0,5,0,0,20,0,20,0,0,25,0,25,22,0,22,47
09/05/2022,WDG,OK,ASW,CE,Federal Contract Tower,0,0,3,0,3,0,0,20,0,20,0,0,23,0,23,28,0,28,51
09/06/2022,WDG,OK,ASW,CE,Federal Contract Tower,0,2,7,51,60,0,0,30,29,59,0,2,37,80,119,8,58,66,185
09/07/2022,WDG,OK,ASW,CE,Federal Contract Tower,0,2,4,62,68,0,0,23,36,59,0,2,27,98,127,4,105,109,236
09/08/2022,WDG,OK,ASW,CE,Federal Contract Tower,0,2,5,55,62,0,0,51,38,89,0,2,56,93,151,35,75,110,261
09/09/2022,WDG,OK,ASW,CE,Federal Contract Tower,0,1,17,42,60,0,0,33,27,60,0,1,50,69,120,29,35,64,184
09/10/2022,WDG,OK,ASW,CE,Federal Contract Tower,0,2,2,6,10,0,0,50,5,55,0,2,52,11,65,10,22,32,97
09/11/2022,WDG,OK,ASW,CE,Federal Contract Tower,0,0,7,7,14,0,0,20,4,24,0,0,27,11,38,16,10,26,64
09/12/2022,WDG,OK,ASW,CE,Federal Contract Tower,0,2,1,38,41,0,0,24,33,57,0,2,25,71,98,6,83,89,187
09/13/2022,WDG,OK,ASW,CE,Federal Contract Tower,0,2,8,49,59,0,0,19,34,53,0,2,27,83,112,18,36,54,166
09/14/2022,WDG,OK,ASW,CE,Federal Contract Tower,0,2,18,44,64,0,0,27,36,63,0,2,45,80,127,2,72,74,201
09/15/2022,WDG,OK,ASW,CE,Federal Contract Tower,0,2,7,45,54,0,0,21,41,62,0,2,28,86,116,2,72,74,190
09/16/2022,WDG,OK,ASW,CE,Federal Contract Tower,0,2,10,32,44,0,0,31,32,63,0,2,41,64,107,28,64,92,199
09/17/2022,WDG,OK,ASW,CE,Federal Contract Tower,0,2,8,4,14,0,0,63,2,65,0,2,71,6,79,2,6,8,87
09/18/2022,WDG,OK,ASW,CE,Federal Contract Tower,0,0,5,21,26,0,0,23,12,35,0,0,28,33,61,0,10,10,71
09/19/2022,WDG,OK,ASW,CE,Federal Contract Tower,0,2,7,33,42,0,0,15,27,42,0,2,22,60,84,0,71,71,155
09/20/2022,WDG,OK,ASW,CE,Federal Contract Tower,0,2,5,50,57,0,0,12,38,50,0,2,17,88,107,1,103,104,211
09/21/2022,WDG,OK,ASW,CE,Federal Contract Tower,0,2,4,46,52,0,0,17,30,47,0,2,21,76,99,32,126,158,257
09/22/2022,WDG,OK,ASW,CE,Federal Contract Tower,0,2,13,58,73,0,0,19,14,33,0,2,32,72,106,8,8,16,122
09/23/2022,WDG,OK,ASW,CE,Federal Contract Tower,0,2,4,35,41,0,0,22,46,68,0,2,26,81,109,26,41,67,176
09/24/2022,WDG,OK,ASW,CE,Federal Contract Tower,0,3,3,11,17,0,0,21,3,24,0,3,24,14,41,16,48,64,105
09/25/2022,WDG,OK,ASW,CE,Federal Contract Tower,0,0,3,28,31,0,0,27,23,50,0,0,30,51,81,6,46,52,133
09/26/2022,WDG,OK,ASW,CE,Federal Contract Tower,0,2,14,98,114,0,0,31,35,66,0,2,45,133,180,2,98,100,280
09/27/2022,WDG,OK,ASW,CE,Federal Contract Tower,0,2,0,42,44,0,0,19,24,43,0,2,19,66,87,4,68,72,159
09/28/2022,WDG,OK,ASW,CE,Federal Contract Tower,0,2,15,86,103,0,0,30,37,67,0,2,45,123,170,0,64,64,234
09/29/2022,WDG,OK,ASW,CE,Federal Contract Tower,0,2,16,36,54,0,0,21,18,39,0,2,37,54,93,4,44,48,141
09/30/2022,WDG,OK,ASW,CE,Federal Contract Tower,0,2,17,28,47,0,0,30,31,61,0,2,47,59,108,4,60,64,172
10/01/2022,WDG,OK,ASW,CE,Federal Contract Tower,0,2,7,2,11,0,0,28,3,31,0,2,35,5,42,10,0,10,52
10/02/2022,WDG,OK,ASW,CE,Federal Contract Tower,0,0,12,12,24,0,0,26,6,32,0,0,38,18,56,26,6,32,88
10/03/2022,WDG,OK,ASW,CE,Federal Contract Tower,0,2,3,75,80,0,0,16,43,59,0,2,19,118,139,20,94,114,253
10/04/2022,WDG,OK,ASW,CE,Federal Contract Tower,0,2,1,39,42,0,0,30,34,64,0,2,31,73,106,6,96,102,208
10/05/2022,WDG,OK,ASW,CE,Federal Contract Tower,0,2,4,51,57,0,0,24,30,54,0,2,28,81,111,10,75,85,196
10/06/2022,WDG,OK,ASW,CE,Federal Contract Tower,0,2,9,55,66,0,0,28,44,72,0,2,37,99,138,14,130,144,282
10/07/2022,WDG,OK,ASW,CE,Federal Contract Tower,0,2,17,57,76,0,0,22,41,63,0,2,39,98,139,6,84,90,229
10/08/2022,WDG,OK,ASW,CE,Federal Contract Tower,0,2,7,0,9,0,0,18,0,18,0,2,25,0,27,0,0,0,27
10/09/2022,WDG,OK,ASW,CE,Federal Contract Tower,0,0,9,1,10,0,0,17,0,17,0,0,26,1,27,0,0,0,27
10/10/2022,WDG,OK,ASW,CE,Federal Contract Tower,0,2,13,0,15,0,0,13,2,15,0,2,26,2,30,0,2,2,32
10/11/2022,WDG,OK,ASW,CE,Federal Contract Tower,0,2,9,64,75,0,0,17,39,56,0,2,26,103,131,0,110,110,241
10/12/2022,WDG,OK,ASW,CE,Federal Contract Tower,0,2,12,53,67,0,0,15,49,64,0,2,27,102,131,12,86,98,229
10/13/2022,WDG,OK,ASW,CE,Federal Contract Tower,0,2,16,73,91,0,0,32,60,92,0,2,48,133,183,26,36,62,245
10/14/2022,WDG,OK,ASW,CE,Federal Contract Tower,0,2,10,38,50,0,0,16,24,40,0,2,26,62,90,22,102,124,214
10/15/2022,WDG,OK,ASW,CE,Federal Contract Tower,0,2,5,2,9,0,0,28,0,28,0,2,33,2,37,10,0,10,47
10/16/2022,WDG,OK,ASW,CE,Federal Contract Tower,0,0,7,22,29,0,0,13,17,30,0,0,20,39,59,0,28,28,87
10/17/2022,WDG,OK,ASW,CE,Federal Contract Tower,0,2,7,91,100,0,0,23,37,60,0,2,30,128,160,18,42,60,220
10/18/2022,WDG,OK,ASW,CE,Federal Contract Tower,0,2,7,50,59,0,0,25,24,49,0,2,32,74,108,34,30,64,172
10/19/2022,WDG,OK,ASW,CE,Federal Contract Tower,0,2,7,47,56,0,0,23,24,47,0,2,30,71,103,24,44,68,171
10/20/2022,WDG,OK,ASW,CE,Federal Contract Tower,0,2,13,59,74,0,0,21,23,44,0,2,34,82,118,4,100,104,222
10/21/2022,WDG,OK,ASW,CE,Federal Contract Tower,0,6,6,23,35,0,0,24,18,42,0,6,30,41,77,24,16,40,117
10/22/2022,WDG,OK,ASW,CE,Federal Contract Tower,0,2,2,6,10,0,0,10,12,22,0,2,12,18,32,0,12,12,44
10/23/2022,WDG,OK,ASW,CE,Federal Contract Tower,0,0,5,5,10,0,0,6,3,9,0,0,11,8,19,0,28,28,47
10/24/2022,WDG,OK,ASW,CE,Federal Contract Tower,0,2,1,4,7,0,0,0,0,0,0,2,1,4,7,0,0,0,7
10/25/2022,WDG,OK,ASW,CE,Federal Contract Tower,0,2,6,71,79,0,0,22,49,71,0,2,28,120,150,36,115,151,301
10/26/2022,WDG,OK,ASW,CE,Federal Contract Tower,0,2,7,62,71,0,0,38,33,71,0,2,45,95,142,28,84,112,254
10/27/2022,WDG,OK,ASW,CE,Federal Contract Tower,0,2,8,29,39,0,0,20,15,35,0,2,28,44,74,0,60,60,134
10/28/2022,WDG,OK,ASW,CE,Federal Contract Tower,0,2,8,47,57,0,0,11,22,33,0,2,19,69,90,6,49,55,145
10/29/2022,WDG,OK,ASW,CE,Federal Contract Tower,0,2,6,3,11,0,0,30,1,31,0,2,36,4,42,0,4,4,46
10/30/2022,WDG,OK,ASW,CE,Federal Contract Tower,0,0,2,5,7,0,0,26,2,28,0,0,28,7,35,34,6,40,75
10/31/2022,WDG,OK,ASW,CE,Federal Contract Tower,0,2,3,51,56,0,0,26,22,48,0,2,29,73,104,0,44,44,148
11/01/2022,WDG,OK,ASW,CE,Federal Contract Tower,0,2,6,36,44,0,0,36,27,63,0,2,42,63,107,41,60,101,208
11/02/2022,WDG,OK,ASW,CE,Federal Contract Tower,0,3,4,33,40,0,0,13,14,27,0,3,17,47,67,16,43,59,126
11/03/2022,WDG,OK,ASW,CE,Federal Contract Tower,0,2,12,40,54,0,0,4,4,8,0,2,16,44,62,8,4,12,74
11/04/2022,WDG,OK,ASW,CE,Federal Contract Tower,0,2,1,0,3,0,0,0,0,0,0,2,1,0,3,0,0,0,3
11/05/2022,WDG,OK,ASW,CE,Federal Contract Tower,0,2,2,5,9,0,0,16,17,33,0,2,18,22,42,32,38,70,112
11/06/2022,WDG,OK,ASW,CE,Federal Contract Tower,0,0,6,14,20,0,0,21,14,35,0,0,27,28,55,18,20,38,93
11/07/2022,WDG,OK,ASW,CE,Federal Contract Tower,0,2,3,56,61,0,0,8,19,27,0,2,11,75,88,0,70,70,158
11/08/2022,WDG,OK,ASW,CE,Federal Contract Tower,0,3,9,12,24,0,0,1,4,5,0,3,10,16,29,8,6,14,43
11/09/2022,WDG,OK,ASW,CE,Federal Contract Tower,0,5,1,73,79,0,0,2,15,17,0,5,3,88,96,0,84,84,180
11/10/2022,WDG,OK,ASW,CE,Federal Contract Tower,0,2,3,82,87,0,0,3,12,15,0,2,6,94,102,0,46,46,148
11/11/2022,WDG,OK,ASW,CE,Federal Contract Tower,0,2,7,0,9,0,0,7,2,9,0,2,14,2,18,0,0,0,18
11/12/2022,WDG,OK,ASW,CE,Federal Contract Tower,0,2,5,0,7,0,0,37,1,38,0,2,42,1,45,26,2,28,73
11/13/2022,WDG,OK,ASW,CE,Federal Contract Tower,0,0,8,0,8,0,0,24,2,26,0,0,32,2,34,0,0,0,34
11/14/2022,WDG,OK,ASW,CE,Federal Contract Tower,0,0,4,35,39,0,0,0,20,20,0,0,4,55,59,0,68,68,127
11/15/2022,WDG,OK,ASW,CE,Federal Contract Tower,0,3,5,29,37,0,2,15,24,41,0,5,20,53,78,2,46,48,126
11/16/2022,WDG,OK,ASW,CE,Federal Contract Tower,0,2,6,50,58,0,0,47,34,81,0,2,53,84,139,22,58,80,219
11/17/2022,WDG,OK,ASW,CE,Federal Contract Tower,0,2,15,57,74,0,0,26,27,53,0,2,41,84,127,16,62,78,205
11/18/2022,WDG,OK,ASW,CE,Federal Contract Tower,0,2,7,55,64,0,0,17,21,38,0,2,24,76,102,2,12,14,116
11/19/2022,WDG,OK,ASW,CE,Federal Contract Tower,0,2,4,4,10,0,0,26,8,34,0,2,30,12,44,38,28,66,110
11/20/2022,WDG,OK,ASW,CE,Federal Contract Tower,0,0,10,12,22,0,0,14,13,27,0,0,24,25,49,10,14,24,73
11/21/2022,WDG,OK,ASW,CE,Federal Contract Tower,0,2,3,39,44,0,0,23,24,47,0,2,26,63,91,40,36,76,167
11/22/2022,WDG,OK,ASW,CE,Federal Contract Tower,0,3,3,47,53,0,0,17,28,45,0,3,20,75,98,14,70,84,182
11/23/2022,WDG,OK,ASW,CE,Federal Contract Tower,0,2,7,17,26,0,0,0,0,0,0,2,7,17,26,0,12,12,38
11/24/2022,WDG,OK,ASW,CE,Federal Contract Tower,0,0,0,0,0,0,0,0,0,0,0,0,0,0,0,0,0,0,0
11/25/2022,WDG,OK,ASW,CE,Federal Contract Tower,0,4,6,4,14,0,0,15,0,15,0,4,21,4,29,40,0,40,69
11/26/2022,WDG,OK,ASW,CE,Federal Contract Tower,0,2,0,0,2,0,0,0,0,0,0,2,0,0,2,0,0,0,2
11/27/2022,WDG,OK,ASW,CE,Federal Contract Tower,0,0,8,0,8,0,0,21,0,21,0,0,29,0,29,18,0,18,47
11/28/2022,WDG,OK,ASW,CE,Federal Contract Tower,0,2,8,69,79,0,0,18,35,53,0,2,26,104,132,2,88,90,222
11/29/2022,WDG,OK,ASW,CE,Federal Contract Tower,0,2,3,118,123,0,0,7,20,27,0,2,10,138,150,8,42,50,200
11/30/2022,WDG,OK,ASW,CE,Federal Contract Tower,0,2,5,69,76,0,0,28,32,60,0,2,33,101,136,16,40,56,192
12/01/2022,WDG,OK,ASW,CE,Federal Contract Tower,0,2,6,56,64,0,0,2,21,23,0,2,8,77,87,0,42,42,129
12/02/2022,WDG,OK,ASW,CE,Federal Contract Tower,0,2,3,54,59,0,0,13,10,23,0,2,16,64,82,0,12,12,94
12/03/2022,WDG,OK,ASW,CE,Federal Contract Tower,0,2,9,1,12,0,0,28,7,35,0,2,37,8,47,4,0,4,51
12/04/2022,WDG,OK,ASW,CE,Federal Contract Tower,0,0,8,12,20,0,0,29,2,31,0,0,37,14,51,59,0,59,110
12/05/2022,WDG,OK,ASW,CE,Federal Contract Tower,0,2,2,83,87,0,0,13,17,30,0,2,15,100,117,2,28,30,147
12/06/2022,WDG,OK,ASW,CE,Federal Contract Tower,0,2,10,38,50,0,0,4,0,4,0,2,14,38,54,30,2,32,86
12/07/2022,WDG,OK,ASW,CE,Federal Contract Tower,0,2,4,30,36,0,0,0,0,0,0,2,4,30,36,0,0,0,36
12/08/2022,WDG,OK,ASW,CE,Federal Contract Tower,0,2,7,19,28,0,0,6,3,9,0,2,13,22,37,2,12,14,51
12/09/2022,WDG,OK,ASW,CE,Federal Contract Tower,0,2,7,85,94,0,0,27,30,57,0,2,34,115,151,34,48,82,233
12/10/2022,WDG,OK,ASW,CE,Federal Contract Tower,0,2,4,15,21,0,0,4,8,12,0,2,8,23,33,2,22,24,57
12/11/2022,WDG,OK,ASW,CE,Federal Contract Tower,0,0,10,6,16,0,0,0,0,0,0,0,10,6,16,0,0,0,16
12/12/2022,WDG,OK,ASW,CE,Federal Contract Tower,0,2,3,8,13,0,0,0,0,0,0,2,3,8,13,0,0,0,13
12/13/2022,WDG,OK,ASW,CE,Federal Contract Tower,0,3,3,69,75,0,0,22,38,60,0,3,25,107,135,6,40,46,181
12/14/2022,WDG,OK,ASW,CE,Federal Contract Tower,0,3,7,97,107,0,0,15,30,45,0,3,22,127,152,6,70,76,228
12/15/2022,WDG,OK,ASW,CE,Federal Contract Tower,0,3,6,100,109,0,0,12,46,58,0,3,18,146,167,0,65,65,232
12/16/2022,WDG,OK,ASW,CE,Federal Contract Tower,0,2,8,38,48,0,0,19,25,44,0,2,27,63,92,8,41,49,141
12/17/2022,WDG,OK,ASW,CE,Federal Contract Tower,0,2,13,10,25,0,0,25,14,39,0,2,38,24,64,4,80,84,148
12/18/2022,WDG,OK,ASW,CE,Federal Contract Tower,0,0,6,24,30,0,0,41,11,52,0,0,47,35,82,34,44,78,160
12/19/2022,WDG,OK,ASW,CE,Federal Contract Tower,0,2,7,80,89,0,0,6,43,49,0,2,13,123,138,0,142,142,280
12/20/2022,WDG,OK,ASW,CE,Federal Contract Tower,0,2,9,24,35,0,0,2,0,2,0,2,11,24,37,0,0,0,37
12/21/2022,WDG,OK,ASW,CE,Federal Contract Tower,0,2,10,25,37,0,0,2,1,3,0,2,12,26,40,0,4,4,44
12/22/2022,WDG,OK,ASW,CE,Federal Contract Tower,0,0,0,0,0,0,0,0,0,0,0,0,0,0,0,0,0,0,0
12/23/2022,WDG,OK,ASW,CE,Federal Contract Tower,0,2,5,0,7,0,0,16,0,16,0,2,21,0,23,0,0,0,23
12/24/2022,WDG,OK,ASW,CE,Federal Contract Tower,0,0,0,0,0,0,0,5,0,5,0,0,5,0,5,0,0,0,5
12/25/2022,WDG,OK,ASW,CE,Federal Contract Tower,0,2,0,0,2,0,0,14,0,14,0,2,14,0,16,8,0,8,24
12/26/2022,WDG,OK,ASW,CE,Federal Contract Tower,0,0,6,0,6,0,0,9,0,9,0,0,15,0,15,0,0,0,15
12/27/2022,WDG,OK,ASW,CE,Federal Contract Tower,0,2,9,0,11,0,0,23,0,23,0,2,32,0,34,0,0,0,34
12/28/2022,WDG,OK,ASW,CE,Federal Contract Tower,0,5,4,0,9,0,0,7,0,7,0,5,11,0,16,0,0,0,16
12/29/2022,WDG,OK,ASW,CE,Federal Contract Tower,0,2,10,0,12,0,0,14,4,18,0,2,24,4,30,27,10,37,67
12/30/2022,WDG,OK,ASW,CE,Federal Contract Tower,0,2,7,0,9,0,0,36,0,36,0,2,43,0,45,59,0,59,104
12/31/2022,WDG,OK,ASW,CE,Federal Contract Tower,0,2,5,0,7,0,0,21,0,21,0,2,26,0,28,18,0,18,46
01/01/2023,WDG,OK,ASW,CE,Federal Contract Tower,0,0,6,0,6,0,0,7,0,7,0,0,13,0,13,16,0,16,29
01/02/2023,WDG,OK,ASW,CE,Federal Contract Tower,0,0,2,0,2,0,0,0,0,0,0,0,2,0,2,0,0,0,2
01/03/2023,WDG,OK,ASW,CE,Federal Contract Tower,0,2,11,56,69,0,0,17,20,37,0,2,28,76,106,6,28,34,140
01/04/2023,WDG,OK,ASW,CE,Federal Contract Tower,0,2,4,78,84,0,0,26,28,54,0,2,30,106,138,10,60,70,208
01/05/2023,WDG,OK,ASW,CE,Federal Contract Tower,0,2,6,82,90,0,0,24,43,67,0,2,30,125,157,26,64,90,247
01/06/2023,WDG,OK,ASW,CE,Federal Contract Tower,0,2,3,45,50,0,0,9,11,20,0,2,12,56,70,2,62,64,134
01/07/2023,WDG,OK,ASW,CE,Federal Contract Tower,0,2,6,22,30,0,0,25,13,38,0,2,31,35,68,46,30,76,144
01/08/2023,WDG,OK,ASW,CE,Federal Contract Tower,0,0,6,20,26,0,0,22,12,34,0,0,28,32,60,12,64,76,136
01/09/2023,WDG,OK,ASW,CE,Federal Contract Tower,0,2,7,44,53,0,0,13,25,38,0,2,20,69,91,8,31,39,130
01/10/2023,WDG,OK,ASW,CE,Federal Contract Tower,0,2,6,45,53,0,0,28,25,53,0,2,34,70,106,50,94,144,250
01/11/2023,WDG,OK,ASW,CE,Federal Contract Tower,0,0,7,51,58,0,0,18,45,63,0,0,25,96,121,20,74,94,215
01/12/2023,WDG,OK,ASW,CE,Federal Contract Tower,0,2,4,52,58,0,0,22,28,50,0,2,26,80,108,12,132,144,252
01/13/2023,WDG,OK,ASW,CE,Federal Contract Tower,0,2,14,49,65,0,0,27,35,62,0,2,41,84,127,18,39,57,184
01/14/2023,WDG,OK,ASW,CE,Federal Contract Tower,0,2,6,0,8,0,0,14,0,14,0,2,20,0,22,18,0,18,40
01/15/2023,WDG,OK,ASW,CE,Federal Contract Tower,0,0,7,0,7,0,0,17,4,21,0,0,24,4,28,0,10,10,38
01/16/2023,WDG,OK,ASW,CE,Federal Contract Tower,0,2,7,1,10,0,0,38,2,40,0,2,45,3,50,38,6,44,94
01/17/2023,WDG,OK,ASW,CE,Federal Contract Tower,0,2,8,56,66,0,0,16,31,47,0,2,24,87,113,0,86,86,199
01/18/2023,WDG,OK,ASW,CE,Federal Contract Tower,0,2,4,56,62,0,0,4,29,33,0,2,8,85,95,0,46,46,141
01/19/2023,WDG,OK,ASW,CE,Federal Contract Tower,0,2,7,67,76,0,0,20,26,46,0,2,27,93,122,16,66,82,204
01/20/2023,WDG,OK,ASW,CE,Federal Contract Tower,0,4,5,32,41,0,0,23,23,46,0,4,28,55,87,6,30,36,123
01/21/2023,WDG,OK,ASW,CE,Federal Contract Tower,0,4,1,7,12,0,0,2,3,5,0,4,3,10,17,0,30,30,47
01/22/2023,WDG,OK,ASW,CE,Federal Contract Tower,0,0,6,25,31,0,0,14,6,20,0,0,20,31,51,83,6,89,140
01/23/2023,WDG,OK,ASW,CE,Federal Contract Tower,0,2,4,69,75,0,0,31,38,69,0,2,35,107,144,63,88,151,295
01/24/2023,WDG,OK,ASW,CE,Federal Contract Tower,0,0,3,0,3,0,0,0,0,0,0,0,3,0,3,0,0,0,3
01/25/2023,WDG,OK,ASW,CE,Federal Contract Tower,0,2,6,66,74,0,0,4,15,19,0,2,10,81,93,12,20,32,125
01/26/2023,WDG,OK,ASW,CE,Federal Contract Tower,0,4,1,56,61,0,0,24,37,61,0,4,25,93,122,16,76,92,214
01/27/2023,WDG,OK,ASW,CE,Federal Contract Tower,0,4,8,55,67,0,0,23,38,61,0,4,31,93,128,12,40,52,180
01/28/2023,WDG,OK,ASW,CE,Federal Contract Tower,0,2,8,4,14,0,0,31,8,39,0,2,39,12,53,12,8,20,73
01/29/2023,WDG,OK,ASW,CE,Federal Contract Tower,0,0,4,2,6,0,0,0,0,0,0,0,4,2,6,0,0,0,6
01/30/2023,WDG,OK,ASW,CE,Federal Contract Tower,0,2,4,22,28,0,0,6,14,20,0,2,10,36,48,6,30,36,84
01/31/2023,WDG,OK,ASW,CE,Federal Contract Tower,0,3,2,51,56,0,0,2,26,28,0,3,4,77,84,0,54,54,138
02/01/2023,WDG,OK,ASW,CE,Federal Contract Tower,0,1,5,48,54,0,0,10,26,36,0,1,15,74,90,10,62,72,162
02/02/2023,WDG,OK,ASW,CE,Federal Contract Tower,0,2,9,75,86,0,0,13,27,40,0,2,22,102,126,0,30,30,156
02/03/2023,WDG,OK,ASW,CE,Federal Contract Tower,0,2,9,47,58,0,0,50,34,84,0,2,59,81,142,24,64,88,230
02/04/2023,WDG,OK,ASW,CE,Federal Contract Tower,0,2,3,1,6,0,0,10,6,16,0,2,13,7,22,4,14,18,40
02/05/2023,WDG,OK,ASW,CE,Federal Contract Tower,0,0,6,12,18,0,0,19,9,28,0,0,25,21,46,24,14,38,84
02/06/2023,WDG,OK,ASW,CE,Federal Contract Tower,0,2,9,40,51,0,0,15,36,51,0,2,24,76,102,0,60,60,162
02/07/2023,WDG,OK,ASW,CE,Federal Contract Tower,0,0,4,42,46,0,0,12,29,41,0,0,16,71,87,8,64,72,159
02/08/2023,WDG,OK,ASW,CE,Federal Contract Tower,0,0,2,50,52,0,0,0,12,12,0,0,2,62,64,0,34,34,98
02/09/2023,WDG,OK,ASW,CE,Federal Contract Tower,0,2,2,54,58,0,0,14,40,54,0,2,16,94,112,38,98,136,248
02/10/2023,WDG,OK,ASW,CE,Federal Contract Tower,0,2,7,76,85,0,0,24,39,63,0,2,31,115,148,22,56,78,226
02/11/2023,WDG,OK,ASW,CE,Federal Contract Tower,0,2,5,2,9,0,0,66,13,79,0,2,71,15,88,14,48,62,150
02/12/2023,WDG,OK,ASW,CE,Federal Contract Tower,0,0,3,10,13,0,0,8,8,16,0,0,11,18,29,6,42,48,77
02/13/2023,WDG,OK,ASW,CE,Federal Contract Tower,0,2,5,56,63,0,0,42,16,58,0,2,47,72,121,8,28,36,157
02/14/2023,WDG,OK,ASW,CE,Federal Contract Tower,0,0,1,5,6,0,0,5,1,6,0,0,6,6,12,0,14,14,26
02/15/2023,WDG,OK,ASW,CE,Federal Contract Tower,0,0,3,95,98,0,0,24,47,71,0,0,27,142,169,4,144,148,317
02/16/2023,WDG,OK,ASW,CE,Federal Contract Tower,0,2,3,98,103,0,0,5,42,47,0,2,8,140,150,0,82,82,232
02/17/2023,WDG,OK,ASW,CE,Federal Contract Tower,0,4,3,49,56,0,0,42,26,68,0,4,45,75,124,32,88,120,244
02/18/2023,WDG,OK,ASW,CE,Federal Contract Tower,0,3,9,0,12,0,0,6,0,6,0,3,15,0,18,2,0,2,20
02/19/2023,WDG,OK,ASW,CE,Federal Contract Tower,0,0,7,0,7,0,0,36,0,36,0,0,43,0,43,44,0,44,87
02/20/2023,WDG,OK,ASW,CE,Federal Contract Tower,0,0,4,0,4,0,0,28,0,28,0,0,32,0,32,20,0,20,52
02/21/2023,WDG,OK,ASW,CE,Federal Contract Tower,0,2,12,67,81,0,0,20,31,51,0,2,32,98,132,24,40,64,196
02/22/2023,WDG,OK,ASW,CE,Federal Contract Tower,0,0,4,57,61,0,0,8,35,43,0,0,12,92,104,0,64,64,168
02/23/2023,WDG,OK,ASW,CE,Federal Contract Tower,0,2,5,87,94,0,0,21,38,59,0,2,26,125,153,2,158,160,313
02/24/2023,WDG,OK,ASW,CE,Federal Contract Tower,0,2,4,5,11,0,0,4,5,9,0,2,8,10,20,4,48,52,72
02/25/2023,WDG,OK,ASW,CE,Federal Contract Tower,0,0,10,7,17,0,0,3,0,3,0,0,13,7,20,0,6,6,26
02/26/2023,WDG,OK,ASW,CE,Federal Contract Tower,0,0,13,4,17,0,0,0,0,0,0,0,13,4,17,0,0,0,17
02/27/2023,WDG,OK,ASW,CE,Federal Contract Tower,0,2,5,96,103,0,0,15,46,61,0,2,20,142,164,12,111,123,287
02/28/2023,WDG,OK,ASW,CE,Federal Contract Tower,0,0,2,72,74,0,0,25,35,60,0,0,27,107,134,0,148,148,282
03/01/2023,WDG,OK,ASW,CE,Federal Contract Tower,0,1,2,75,78,0,1,20,36,57,0,2,22,111,135,2,130,132,267
03/02/2023,WDG,OK,ASW,CE,Federal Contract Tower,0,4,3,54,61,0,0,2,6,8,0,4,5,60,69,0,54,54,123
03/03/2023,WDG,OK,ASW,CE,Federal Contract Tower,0,3,8,53,64,0,0,19,35,54,0,3,27,88,118,2,78,80,198
03/04/2023,WDG,OK,ASW,CE,Federal Contract Tower,0,3,4,3,10,0,1,26,14,41,0,4,30,17,51,32,4,36,87
03/05/2023,WDG,OK,ASW,CE,Federal Contract Tower,0,0,5,7,12,0,0,4,10,14,0,0,9,17,26,0,20,20,46
03/06/2023,WDG,OK,ASW,CE,Federal Contract Tower,0,3,9,75,87,0,1,9,47,57,0,4,18,122,144,0,68,68,212
03/07/2023,WDG,OK,ASW,CE,Federal Contract Tower,0,4,4,109,117,0,0,4,2,6,0,4,8,111,123,0,38,38,161
03/08/2023,WDG,OK,ASW,CE,Federal Contract Tower,0,2,8,106,116,0,0,0,1,1,0,2,8,107,117,0,32,32,149
03/09/2023,WDG,OK,ASW,CE,Federal Contract Tower,0,2,7,30,39,0,0,4,11,15,0,2,11,41,54,18,10,28,82
03/10/2023,WDG,OK,ASW,CE,Federal Contract Tower,0,5,8,55,68,0,0,20,18,38,0,5,28,73,106,20,156,176,282
03/11/2023,WDG,OK,ASW,CE,Federal Contract Tower,0,3,3,10,16,0,0,8,11,19,0,3,11,21,35,12,16,28,63
03/12/2023,WDG,OK,ASW,CE,Federal Contract Tower,0,0,16,7,23,0,0,9,3,12,0,0,25,10,35,40,4,44,79
03/13/2023,WDG,OK,ASW,CE,Federal Contract Tower,0,2,8,95,105,0,0,22,49,71,0,2,30,144,176,0,142,142,318
03/14/2023,WDG,OK,ASW,CE,Federal Contract Tower,0,2,13,73,88,0,0,13,37,50,0,2,26,110,138,12,134,146,284
03/15/2023,WDG,OK,ASW,CE,Federal Contract Tower,0,4,7,42,53,0,0,7,24,31,0,4,14,66,84,0,44,44,128
03/16/2023,WDG,OK,ASW,CE,Federal Contract Tower,0,0,7,12,19,0,0,0,2,2,0,0,7,14,21,0,6,6,27
03/17/2023,WDG,OK,ASW,CE,Federal Contract Tower,0,2,7,44,53,0,0,14,31,45,0,2,21,75,98,4,70,74,172
03/18/2023,WDG,OK,ASW,CE,Federal Contract Tower,0,2,6,3,11,0,0,37,5,42,0,2,43,8,53,0,0,0,53
03/19/2023,WDG,OK,ASW,CE,Federal Contract Tower,0,0,18,8,26,0,0,27,4,31,0,0,45,12,57,52,10,62,119
03/20/2023,WDG,OK,ASW,CE,Federal Contract Tower,0,2,4,34,40,0,0,5,21,26,0,2,9,55,66,0,60,60,126
03/21/2023,WDG,OK,ASW,CE,Federal Contract Tower,0,2,5,25,32,0,0,5,13,18,0,2,10,38,50,0,50,50,100
03/22/2023,WDG,OK,ASW,CE,Federal Contract Tower,0,4,2,44,50,0,0,24,38,62,0,4,26,82,112,36,78,114,226
03/23/2023,WDG,OK,ASW,CE,Federal Contract Tower,0,2,6,74,82,0,0,17,32,49,0,2,23,106,131,90,70,160,291
03/24/2023,WDG,OK,ASW,CE,Federal Contract Tower,0,2,12,48,62,0,0,5,4,9,0,2,17,52,71,22,10,32,103
03/25/2023,WDG,OK,ASW,CE,Federal Contract Tower,0,0,6,3,9,0,0,44,2,46,0,0,50,5,55,58,10,68,123
03/26/2023,WDG,OK,ASW,CE,Federal Contract Tower,0,0,9,7,16,0,0,24,7,31,0,0,33,14,47,34,18,52,99
03/27/2023,WDG,OK,ASW,CE,Federal Contract Tower,0,4,2,44,50,0,0,13,30,43,0,4,15,74,93,46,68,114,207
03/28/2023,WDG,OK,ASW,CE,Federal Contract Tower,0,2,7,56,65,0,0,21,24,45,0,2,28,80,110,39,50,89,199
03/29/2023,WDG,OK,ASW,CE,Federal Contract Tower,0,2,13,52,67,0,0,38,28,66,0,2,51,80,133,46,76,122,255
03/30/2023,WDG,OK,ASW,CE,Federal Contract Tower,0,2,5,18,25,0,0,2,11,13,0,2,7,29,38,0,32,32,70
03/31/2023,WDG,OK,ASW,CE,Federal Contract Tower,0,0,2,0,2,0,0,0,2,2,0,0,2,2,4,2,0,2,6
04/01/2023,WDG,OK,ASW,CE,Federal Contract Tower,0,4,6,2,12,0,0,60,4,64,0,4,66,6,76,70,2,72,148
04/02/2023,WDG,OK,ASW,CE,Federal Contract Tower,0,1,4,7,12,0,0,7,11,18,0,1,11,18,30,0,4,4,34
04/03/2023,WDG,OK,ASW,CE,Federal Contract Tower,0,2,1,37,40,0,0,22,19,41,0,2,23,56,81,20,54,74,155
04/04/2023,WDG,OK,ASW,CE,Federal Contract Tower,0,0,6,23,29,0,0,8,11,19,0,0,14,34,48,0,38,38,86
04/05/2023,WDG,OK,ASW,CE,Federal Contract Tower,0,2,6,45,53,0,0,25,27,52,0,2,31,72,105,48,58,106,211
04/06/2023,WDG,OK,ASW,CE,Federal Contract Tower,0,2,4,54,60,0,0,23,28,51,0,2,27,82,111,32,106,138,249
04/07/2023,WDG,OK,ASW,CE,Federal Contract Tower,0,2,11,44,57,0,2,24,27,53,0,4,35,71,110,18,52,70,180
04/08/2023,WDG,OK,ASW,CE,Federal Contract Tower,0,2,4,0,6,0,0,24,0,24,0,2,28,0,30,22,0,22,52
04/09/2023,WDG,OK,ASW,CE,Federal Contract Tower,0,0,5,13,18,0,0,19,2,21,0,0,24,15,39,14,8,22,61
04/10/2023,WDG,OK,ASW,CE,Federal Contract Tower,0,2,9,35,46,0,0,13,35,48,0,2,22,70,94,0,82,82,176
04/11/2023,WDG,OK,ASW,CE,Federal Contract Tower,0,2,6,43,51,0,0,18,23,41,0,2,24,66,92,42,40,82,174
04/12/2023,WDG,OK,ASW,CE,Federal Contract Tower,0,3,1,34,38,0,0,16,23,39,0,3,17,57,77,22,54,76,153
04/13/2023,WDG,OK,ASW,CE,Federal Contract Tower,0,0,8,24,32,0,0,17,18,35,0,0,25,42,67,52,96,148,215
04/14/2023,WDG,OK,ASW,CE,Federal Contract Tower,0,2,9,30,41,0,0,8,14,22,0,2,17,44,63,22,32,54,117
04/15/2023,WDG,OK,ASW,CE,Federal Contract Tower,0,2,8,5,15,0,0,9,4,13,0,2,17,9,28,6,0,6,34
04/16/2023,WDG,OK,ASW,CE,Federal Contract Tower,0,0,9,9,18,0,0,19,15,34,0,0,28,24,52,32,4,36,88
04/17/2023,WDG,OK,ASW,CE,Federal Contract Tower,0,2,2,49,53,0,0,20,36,56,0,2,22,85,109,28,66,94,203
04/18/2023,WDG,OK,ASW,CE,Federal Contract Tower,0,2,2,32,36,0,0,3,24,27,0,2,5,56,63,0,68,68,131
04/19/2023,WDG,OK,ASW,CE,Federal Contract Tower,0,2,6,41,49,0,0,5,17,22,0,2,11,58,71,0,42,42,113
04/20/2023,WDG,OK,ASW,CE,Federal Contract Tower,0,2,2,69,73,0,0,18,33,51,0,2,20,102,124,0,22,22,146
04/21/2023,WDG,OK,ASW,CE,Federal Contract Tower,0,2,7,52,61,0,0,23,25,48,0,2,30,77,109,24,58,82,191
04/22/2023,WDG,OK,ASW,CE,Federal Contract Tower,0,2,6,8,16,0,0,15,7,22,0,2,21,15,38,30,34,64,102
04/23/2023,WDG,OK,ASW,CE,Federal Contract Tower,0,0,7,11,18,0,0,26,9,35,0,0,33,20,53,30,30,60,113
04/24/2023,WDG,OK,ASW,CE,Federal Contract Tower,0,2,3,31,36,0,0,17,14,31,0,2,20,45,67,16,8,24,91
04/25/2023,WDG,OK,ASW,CE,Federal Contract Tower,0,2,3,1,6,0,0,0,0,0,0,2,3,1,6,0,0,0,6
04/26/2023,WDG,OK,ASW,CE,Federal Contract Tower,0,2,2,0,4,0,0,0,0,0,0,2,2,0,4,0,0,0,4
04/27/2023,WDG,OK,ASW,CE,Federal Contract Tower,0,2,7,46,55,0,0,13,9,22,0,2,20,55,77,12,10,22,99
04/28/2023,WDG,OK,ASW,CE,Federal Contract Tower,0,2,16,32,50,0,0,7,0,7,0,2,23,32,57,0,0,0,57
04/29/2023,WDG,OK,ASW,CE,Federal Contract Tower,0,1,7,4,12,0,1,41,6,48,0,2,48,10,60,44,14,58,118
04/30/2023,WDG,OK,ASW,CE,Federal Contract Tower,0,0,3,17,20,0,0,39,14,53,0,0,42,31,73,46,8,54,127
05/01/2023,WDG,OK,ASW,CE,Federal Contract Tower,0,3,9,68,80,0,0,40,29,69,0,3,49,97,149,32,46,78,227
05/02/2023,WDG,OK,ASW,CE,Federal Contract Tower,0,3,2,61,66,0,0,24,36,60,0,3,26,97,126,38,38,76,202
05/04/2023,WDG,OK,ASW,CE,Federal Contract Tower,0,2,6,38,46,0,0,7,1,8,0,2,13,39,54,6,0,6,60
05/05/2023,WDG,OK,ASW,CE,Federal Contract Tower,0,2,4,25,31,0,0,14,4,18,0,2,18,29,49,20,8,28,77
05/06/2023,WDG,OK,ASW,CE,Federal Contract Tower,0,2,3,2,7,0,0,27,3,30,0,2,30,5,37,36,12,48,85
05/07/2023,WDG,OK,ASW,CE,Federal Contract Tower,0,0,7,5,12,0,0,17,5,22,0,0,24,10,34,8,10,18,52
05/08/2023,WDG,OK,ASW,CE,Federal Contract Tower,0,2,8,60,70,0,0,37,28,65,0,2,45,88,135,22,32,54,189
05/09/2023,WDG,OK,ASW,CE,Federal Contract Tower,0,2,9,50,61,0,0,17,17,34,0,2,26,67,95,16,34,50,145
05/10/2023,WDG,OK,ASW,CE,Federal Contract Tower,0,2,9,54,65,0,0,21,17,38,0,2,30,71,103,0,12,12,115
05/11/2023,WDG,OK,ASW,CE,Federal Contract Tower,0,2,6,43,51,0,0,2,5,7,0,2,8,48,58,6,26,32,90
05/12/2023,WDG,OK,ASW,CE,Federal Contract Tower,0,2,13,29,44,0,0,8,17,25,0,2,21,46,69,16,26,42,111
05/13/2023,WDG,OK,ASW,CE,Federal Contract Tower,0,2,8,0,10,0,0,27,0,27,0,2,35,0,37,40,0,40,77
05/14/2023,WDG,OK,ASW,CE,Federal Contract Tower,0,0,3,6,9,0,0,1,0,1,0,0,4,6,10,0,0,0,10
05/15/2023,WDG,OK,ASW,CE,Federal Contract Tower,0,2,14,72,88,0,0,0,0,0,0,2,14,72,88,0,4,4,92
05/16/2023,WDG,OK,ASW,CE,Federal Contract Tower,0,2,13,80,95,0,0,16,20,36,0,2,29,100,131,40,40,80,211
05/17/2023,WDG,OK,ASW,CE,Federal Contract Tower,0,2,13,56,71,0,0,41,23,64,0,2,54,79,135,44,10,54,189
05/18/2023,WDG,OK,ASW,CE,Federal Contract Tower,0,3,2,41,46,0,0,17,25,42,0,3,19,66,88,34,25,59,147
05/19/2023,WDG,OK,ASW,CE,Federal Contract Tower,0,2,11,15,28,0,0,1,0,1,0,2,12,15,29,0,0,0,29
05/20/2023,WDG,OK,ASW,CE,Federal Contract Tower,0,2,6,5,13,0,0,41,0,41,0,2,47,5,54,50,0,50,104
05/21/2023,WDG,OK,ASW,CE,Federal Contract Tower,0,0,8,21,29,0,0,22,14,36,0,0,30,35,65,44,6,50,115
05/22/2023,WDG,OK,ASW,CE,Federal Contract Tower,0,2,11,53,66,0,0,25,25,50,0,2,36,78,116,66,48,114,230
05/23/2023,WDG,OK,ASW,CE,Federal Contract Tower,0,2,1,28,31,0,0,7,18,25,0,2,8,46,56,0,44,44,100
05/24/2023,WDG,OK,ASW,CE,Federal Contract Tower,0,2,7,61,70,0,0,27,50,77,0,2,34,111,147,51,149,200,347
05/25/2023,WDG,OK,ASW,CE,Federal Contract Tower,0,2,8,48,58,0,0,13,16,29,0,2,21,64,87,2,38,40,127
05/26/2023,WDG,OK,ASW,CE,Federal Contract Tower,0,1,9,0,10,0,1,10,0,11,0,2,19,0,21,0,0,0,21
05/27/2023,WDG,OK,ASW,CE,Federal Contract Tower,0,2,6,0,8,0,0,25,0,25,0,2,31,0,33,10,0,10,43
05/28/2023,WDG,OK,ASW,CE,Federal Contract Tower,0,0,2,1,3,0,0,8,0,8,0,0,10,1,11,16,0,16,27
05/29/2023,WDG,OK,ASW,CE,Federal Contract Tower,0,0,8,0,8,0,0,21,0,21,0,0,29,0,29,30,0,30,59
05/30/2023,WDG,OK,ASW,CE,Federal Contract Tower,0,2,9,49,60,0,0,29,26,55,0,2,38,75,115,21,80,101,216
05/31/2023,WDG,OK,ASW,CE,Federal Contract Tower,0,2,7,28,37,0,0,9,19,28,0,2,16,47,65,18,50,68,133
06/01/2023,WDG,OK,ASW,CE,Federal Contract Tower,0,0,4,26,30,0,0,6,17,23,0,0,10,43,53,38,8,46,99
06/02/2023,WDG,OK,ASW,CE,Federal Contract Tower,0,0,1,25,26,0,0,14,18,32,0,0,15,43,58,4,48,52,110
06/03/2023,WDG,OK,ASW,CE,Federal Contract Tower,0,4,5,5,14,0,0,15,2,17,0,4,20,7,31,20,0,20,51
06/04/2023,WDG,OK,ASW,CE,Federal Contract Tower,0,0,6,21,27,0,0,7,9,16,0,0,13,30,43,0,16,16,59
06/05/2023,WDG,OK,ASW,CE,Federal Contract Tower,0,2,4,43,49,0,0,12,24,36,0,2,16,67,85,28,22,50,135
06/06/2023,WDG,OK,ASW,CE,Federal Contract Tower,0,2,12,27,41,0,0,17,16,33,0,2,29,43,74,52,34,86,160
06/07/2023,WDG,OK,ASW,CE,Federal Contract Tower,0,2,7,29,38,0,0,26,9,35,0,2,33,38,73,20,6,26,99
06/08/2023,WDG,OK,ASW,CE,Federal Contract Tower,0,2,8,50,60,0,0,29,20,49,0,2,37,70,109,22,14,36,145
06/09/2023,WDG,OK,ASW,CE,Federal Contract Tower,0,2,3,42,47,0,0,36,30,66,0,2,39,72,113,26,112,138,251
06/10/2023,WDG,OK,ASW,CE,Federal Contract Tower,0,2,5,5,12,0,0,10,8,18,0,2,15,13,30,30,39,69,99
06/11/2023,WDG,OK,ASW,CE,Federal Contract Tower,0,0,6,24,30,0,0,45,20,65,0,0,51,44,95,52,26,78,173
06/12/2023,WDG,OK,ASW,CE,Federal Contract Tower,0,1,7,44,52,0,1,4,12,17,0,2,11,56,69,16,86,102,171
06/13/2023,WDG,OK,ASW,CE,Federal Contract Tower,0,2,4,52,58,0,0,21,26,47,0,2,25,78,105,14,86,100,205
06/14/2023,WDG,OK,ASW,CE,Federal Contract Tower,0,2,10,81,93,0,0,24,48,72,0,2,34,129,165,26,84,110,275
06/15/2023,WDG,OK,ASW,CE,Federal Contract Tower,0,0,7,40,47,0,0,36,22,58,0,0,43,62,105,58,76,134,239
06/16/2023,WDG,OK,ASW,CE,Federal Contract Tower,0,3,4,64,71,0,0,47,44,91,0,3,51,108,162,20,72,92,254
06/17/2023,WDG,OK,ASW,CE,Federal Contract Tower,0,1,3,0,4,0,2,62,2,66,0,3,65,2,70,50,24,74,144
06/18/2023,WDG,OK,ASW,CE,Federal Contract Tower,0,0,7,0,7,0,0,17,2,19,0,0,24,2,26,16,16,32,58
06/19/2023,WDG,OK,ASW,CE,Federal Contract Tower,0,2,9,0,11,0,0,18,0,18,0,2,27,0,29,22,0,22,51
06/20/2023,WDG,OK,ASW,CE,Federal Contract Tower,0,2,3,44,49,0,0,14,38,52,0,2,17,82,101,0,100,100,201
06/21/2023,WDG,OK,ASW,CE,Federal Contract Tower,0,2,8,33,43,0,0,14,18,32,0,2,22,51,75,24,42,66,141
06/22/2023,WDG,OK,ASW,CE,Federal Contract Tower,0,2,5,58,65,0,0,36,36,72,0,2,41,94,137,30,104,134,271
06/23/2023,WDG,OK,ASW,CE,Federal Contract Tower,0,2,3,33,38,0,0,18,21,39,0,2,21,54,77,6,72,78,155
06/24/2023,WDG,OK,ASW,CE,Federal Contract Tower,0,2,6,1,9,0,0,25,6,31,0,2,31,7,40,36,16,52,92
06/25/2023,WDG,OK,ASW,CE,Federal Contract Tower,0,0,3,12,15,0,0,23,10,33,0,0,26,22,48,18,8,26,74
06/26/2023,WDG,OK,ASW,CE,Federal Contract Tower,0,2,6,52,60,0,0,26,28,54,0,2,32,80,114,28,60,88,202
06/27/2023,WDG,OK,ASW,CE,Federal Contract Tower,0,2,12,39,53,0,0,24,26,50,0,2,36,65,103,36,66,102,205
06/28/2023,WDG,OK,ASW,CE,Federal Contract Tower,0,2,7,44,53,0,0,24,32,56,0,2,31,76,109,4,88,92,201
06/29/2023,WDG,OK,ASW,CE,Federal Contract Tower,0,2,2,41,45,0,0,16,21,37,0,2,18,62,82,22,56,78,160
06/30/2023,WDG,OK,ASW,CE,Federal Contract Tower,0,2,13,46,61,0,0,15,15,30,0,2,28,61,91,26,38,64,155
07/01/2023,WDG,OK,ASW,CE,Federal Contract Tower,0,4,4,0,8,0,0,19,0,19,0,4,23,0,27,6,0,6,33
07/02/2023,WDG,OK,ASW,CE,Federal Contract Tower,0,0,7,0,7,0,0,24,0,24,0,0,31,0,31,24,0,24,55
07/03/2023,WDG,OK,ASW,CE,Federal Contract Tower,0,2,0,2,4,0,0,18,1,19,0,2,18,3,23,34,6,40,63
07/04/2023,WDG,OK,ASW,CE,Federal Contract Tower,0,0,0,0,0,0,0,14,3,17,0,0,14,3,17,26,0,26,43
07/05/2023,WDG,OK,ASW,CE,Federal Contract Tower,0,2,5,63,70,0,0,12,30,42,0,2,17,93,112,0,26,26,138
07/06/2023,WDG,OK,ASW,CE,Federal Contract Tower,0,2,16,66,84,0,0,9,18,27,0,2,25,84,111,18,32,50,161
07/07/2023,WDG,OK,ASW,CE,Federal Contract Tower,0,3,5,11,19,0,0,17,3,20,0,3,22,14,39,0,20,20,59
07/08/2023,WDG,OK,ASW,CE,Federal Contract Tower,0,2,12,0,14,0,0,22,10,32,0,2,34,10,46,20,16,36,82
07/09/2023,WDG,OK,ASW,CE,Federal Contract Tower,0,0,1,38,39,0,0,22,17,39,0,0,23,55,78,24,2,26,104
07/10/2023,WDG,OK,ASW,CE,Federal Contract Tower,0,2,3,77,82,0,0,25,46,71,0,2,28,123,153,10,106,116,269
07/11/2023,WDG,OK,ASW,CE,Federal Contract Tower,0,2,6,29,37,0,0,12,19,31,0,2,18,48,68,2,20,22,90
07/12/2023,WDG,OK,ASW,CE,Federal Contract Tower,0,2,2,64,68,0,0,18,34,52,0,2,20,98,120,10,66,76,196
07/13/2023,WDG,OK,ASW,CE,Federal Contract Tower,0,2,6,55,63,0,0,16,36,52,0,2,22,91,115,0,54,54,169
07/14/2023,WDG,OK,ASW,CE,Federal Contract Tower,0,2,12,39,53,0,0,10,19,29,0,2,22,58,82,20,38,58,140
07/15/2023,WDG,OK,ASW,CE,Federal Contract Tower,0,2,2,4,8,0,0,46,2,48,0,2,48,6,56,60,14,74,130
07/16/2023,WDG,OK,ASW,CE,Federal Contract Tower,0,0,20,28,48,0,0,23,13,36,0,0,43,41,84,14,0,14,98
07/17/2023,WDG,OK,ASW,CE,Federal Contract Tower,0,2,4,35,41,0,0,16,13,29,0,2,20,48,70,12,2,14,84
07/18/2023,WDG,OK,ASW,CE,Federal Contract Tower,0,2,3,26,31,0,0,13,19,32,0,2,16,45,63,22,18,40,103
07/19/2023,WDG,OK,ASW,CE,Federal Contract Tower,0,2,9,36,47,0,0,26,20,46,0,2,35,56,93,10,52,62,155
07/20/2023,WDG,OK,ASW,CE,Federal Contract Tower,0,2,9,93,104,0,0,25,37,62,0,2,34,130,166,6,64,70,236
07/21/2023,WDG,OK,ASW,CE,Federal Contract Tower,0,2,6,10,18,0,0,24,1,25,0,2,30,11,43,6,0,6,49
07/22/2023,WDG,OK,ASW,CE,Federal Contract Tower,0,2,2,0,4,0,0,42,0,42,0,2,44,0,46,16,0,16,62
07/23/2023,WDG,OK,ASW,CE,Federal Contract Tower,0,0,5,1,6,0,0,35,1,36,0,0,40,2,42,28,0,28,70
07/24/2023,WDG,OK,ASW,CE,Federal Contract Tower,0,2,4,33,39,0,0,19,18,37,0,2,23,51,76,30,2,32,108
07/25/2023,WDG,OK,ASW,CE,Federal Contract Tower,0,2,4,28,34,0,0,15,4,19,0,2,19,32,53,6,6,12,65
07/26/2023,WDG,OK,ASW,CE,Federal Contract Tower,0,2,7,28,37,0,0,18,9,27,0,2,25,37,64,0,10,10,74
07/27/2023,WDG,OK,ASW,CE,Federal Contract Tower,0,2,4,39,45,0,0,35,13,48,0,2,39,52,93,22,6,28,121
07/28/2023,WDG,OK,ASW,CE,Federal Contract Tower,0,2,8,60,70,0,0,24,26,50,0,2,32,86,120,10,52,62,182
07/29/2023,WDG,OK,ASW,CE,Federal Contract Tower,0,2,5,4,11,0,0,20,6,26,0,2,25,10,37,16,34,50,87
07/30/2023,WDG,OK,ASW,CE,Federal Contract Tower,0,0,5,14,19,0,0,26,14,40,0,0,31,28,59,30,30,60,119
07/31/2023,WDG,OK,ASW,CE,Federal Contract Tower,0,2,1,52,55,0,0,27,27,54,0,2,28,79,109,14,20,34,143
08/01/2023,WDG,OK,ASW,CE,Federal Contract Tower,0,4,4,55,63,0,0,18,31,49,0,4,22,86,112,12,36,48,160
08/02/2023,WDG,OK,ASW,CE,Federal Contract Tower,0,2,5,51,58,0,0,18,23,41,0,2,23,74,99,14,20,34,133
08/03/2023,WDG,OK,ASW,CE,Federal Contract Tower,0,2,9,52,63,0,0,20,33,53,0,2,29,85,116,0,48,48,164
08/04/2023,WDG,OK,ASW,CE,Federal Contract Tower,0,2,8,77,87,0,0,19,35,54,0,2,27,112,141,26,49,75,216
08/05/2023,WDG,OK,ASW,CE,Federal Contract Tower,0,2,1,0,3,0,0,1,0,1,0,2,2,0,4,0,0,0,4
08/06/2023,WDG,OK,ASW,CE,Federal Contract Tower,0,0,8,17,25,0,0,13,13,26,0,0,21,30,51,4,10,14,65
08/07/2023,WDG,OK,ASW,CE,Federal Contract Tower,0,2,7,52,61,0,0,19,28,47,0,2,26,80,108,12,22,34,142
08/08/2023,WDG,OK,ASW,CE,Federal Contract Tower,0,2,3,68,73,0,0,17,28,45,0,2,20,96,118,32,36,68,186
08/09/2023,WDG,OK,ASW,CE,Federal Contract Tower,0,2,7,85,94,0,0,16,43,59,0,2,23,128,153,16,96,112,265
08/10/2023,WDG,OK,ASW,CE,Federal Contract Tower,0,4,6,49,59,0,0,38,31,69,0,4,44,80,128,39,40,79,207
08/11/2023,WDG,OK,ASW,CE,Federal Contract Tower,0,2,12,58,72,0,0,18,28,46,0,2,30,86,118,2,42,44,162
08/12/2023,WDG,OK,ASW,CE,Federal Contract Tower,0,4,6,0,10,0,0,18,0,18,0,4,24,0,28,36,0,36,64
08/13/2023,WDG,OK,ASW,CE,Federal Contract Tower,0,2,7,21,30,0,0,17,12,29,0,2,24,33,59,54,36,90,149
08/14/2023,WDG,OK,ASW,CE,Federal Contract Tower,0,2,3,56,61,0,0,14,35,49,0,2,17,91,110,27,65,92,202
08/15/2023,WDG,OK,ASW,CE,Federal Contract Tower,0,2,2,60,64,0,9,19,27,55,0,11,21,87,119,16,50,66,185
08/16/2023,WDG,OK,ASW,CE,Federal Contract Tower,0,2,12,51,65,0,0,28,24,52,0,2,40,75,117,32,46,78,195
08/17/2023,WDG,OK,ASW,CE,Federal Contract Tower,0,2,0,53,55,0,0,21,32,53,0,2,21,85,108,31,72,103,211
08/18/2023,WDG,OK,ASW,CE,Federal Contract Tower,0,2,4,39,45,0,0,28,13,41,0,2,32,52,86,14,22,36,122
08/19/2023,WDG,OK,ASW,CE,Federal Contract Tower,0,2,3,0,5,0,0,45,1,46,0,2,48,1,51,18,0,18,69
08/20/2023,WDG,OK,ASW,CE,Federal Contract Tower,0,2,3,17,22,0,0,20,9,29,0,2,23,26,51,28,16,44,95
08/21/2023,WDG,OK,ASW,CE,Federal Contract Tower,0,2,1,59,62,0,0,13,41,54,0,2,14,100,116,18,60,78,194
08/22/2023,WDG,OK,ASW,CE,Federal Contract Tower,0,2,4,47,53,0,0,18,34,52,0,2,22,81,105,10,46,56,161
08/23/2023,WDG,OK,ASW,CE,Federal Contract Tower,0,3,4,47,54,0,0,26,31,57,0,3,30,78,111,38,62,100,211
08/24/2023,WDG,OK,ASW,CE,Federal Contract Tower,0,2,8,41,51,0,0,17,26,43,0,2,25,67,94,0,27,27,121
08/25/2023,WDG,OK,ASW,CE,Federal Contract Tower,0,2,5,49,56,0,0,15,30,45,0,2,20,79,101,5,46,51,152
08/26/2023,WDG,OK,ASW,CE,Federal Contract Tower,0,2,7,2,11,0,0,16,1,17,0,2,23,3,28,0,0,0,28
08/27/2023,WDG,OK,ASW,CE,Federal Contract Tower,0,0,0,28,28,0,0,26,10,36,0,0,26,38,64,8,12,20,84
08/28/2023,WDG,OK,ASW,CE,Federal Contract Tower,0,2,3,78,83,0,0,15,43,58,0,2,18,121,141,0,54,54,195
08/29/2023,WDG,OK,ASW,CE,Federal Contract Tower,0,4,7,73,84,0,0,20,43,63,0,4,27,116,147,8,52,60,207
08/30/2023,WDG,OK,ASW,CE,Federal Contract Tower,0,4,7,90,101,0,0,28,37,65,0,4,35,127,166,36,44,80,246
08/31/2023,WDG,OK,ASW,CE,Federal Contract Tower,0,2,4,55,61,0,0,34,34,68,0,2,38,89,129,38,36,74,203
