01/01/2000,WJF,CA,AWP,WE,Federal Contract Tower,0,0,2,0,2,0,0,23,0,23,0,0,25,0,25,22,0,22,47
01/02/2000,WJF,CA,AWP,WE,Federal Contract Tower,0,0,1,0,1,0,0,46,0,46,0,0,47,0,47,28,0,28,75
01/03/2000,WJF,CA,AWP,WE,Federal Contract Tower,0,1,9,0,10,0,2,50,0,52,0,3,59,0,62,29,0,29,91
01/04/2000,WJF,CA,AWP,WE,Federal Contract Tower,0,1,7,0,8,0,1,75,0,76,0,2,82,0,84,80,6,86,170
01/05/2000,WJF,CA,AWP,WE,Federal Contract Tower,0,1,2,0,3,0,2,79,0,81,0,3,81,0,84,94,0,94,178
01/06/2000,WJF,CA,AWP,WE,Federal Contract Tower,0,1,4,0,5,0,2,85,2,89,0,3,89,2,94,141,0,141,235
01/07/2000,WJF,CA,AWP,WE,Federal Contract Tower,0,1,5,0,6,0,5,71,0,76,0,6,76,0,82,144,0,144,226
01/08/2000,WJF,CA,AWP,WE,Federal Contract Tower,0,1,4,0,5,0,1,194,2,197,0,2,198,2,202,149,0,149,351
01/09/2000,WJF,CA,AWP,WE,Federal Contract Tower,0,0,2,0,2,0,0,102,6,108,0,0,104,6,110,108,0,108,218
01/10/2000,WJF,CA,AWP,WE,Federal Contract Tower,0,1,0,0,1,0,1,57,0,58,0,2,57,0,59,27,0,27,86
01/11/2000,WJF,CA,AWP,WE,Federal Contract Tower,0,1,2,0,3,0,3,55,0,58,0,4,57,0,61,64,0,64,125
01/12/2000,WJF,CA,AWP,WE,Federal Contract Tower,0,1,5,0,6,0,8,59,0,67,0,9,64,0,73,125,0,125,198
01/13/2000,WJF,CA,AWP,WE,Federal Contract Tower,0,2,11,0,13,0,13,104,0,117,0,15,115,0,130,169,0,169,299
01/14/2000,WJF,CA,AWP,WE,Federal Contract Tower,0,2,9,0,11,0,3,135,0,138,0,5,144,0,149,209,0,209,358
01/15/2000,WJF,CA,AWP,WE,Federal Contract Tower,0,1,6,0,7,0,3,158,0,161,0,4,164,0,168,160,0,160,328
01/16/2000,WJF,CA,AWP,WE,Federal Contract Tower,0,0,5,0,5,0,0,59,0,59,0,0,64,0,64,95,0,95,159
01/17/2000,WJF,CA,AWP,WE,Federal Contract Tower,0,0,9,0,9,0,2,50,0,52,0,2,59,0,61,67,0,67,128
01/18/2000,WJF,CA,AWP,WE,Federal Contract Tower,0,0,9,0,9,0,8,52,0,60,0,8,61,0,69,99,4,103,172
01/19/2000,WJF,CA,AWP,WE,Federal Contract Tower,0,0,6,0,6,0,2,67,0,69,0,2,73,0,75,133,0,133,208
01/20/2000,WJF,CA,AWP,WE,Federal Contract Tower,0,0,8,0,8,0,6,43,0,49,0,6,51,0,57,87,2,89,146
01/21/2000,WJF,CA,AWP,WE,Federal Contract Tower,0,0,10,0,10,0,7,47,0,54,0,7,57,0,64,71,0,71,135
01/22/2000,WJF,CA,AWP,WE,Federal Contract Tower,0,0,7,0,7,0,2,140,0,142,0,2,147,0,149,163,0,163,312
01/23/2000,WJF,CA,AWP,WE,Federal Contract Tower,0,0,5,0,5,0,0,89,0,89,0,0,94,0,94,85,0,85,179
01/24/2000,WJF,CA,AWP,WE,Federal Contract Tower,0,1,12,0,13,0,10,55,8,73,0,11,67,8,86,100,0,100,186
01/25/2000,WJF,CA,AWP,WE,Federal Contract Tower,0,1,12,0,13,0,7,10,2,19,0,8,22,2,32,40,36,76,108
01/26/2000,WJF,CA,AWP,WE,Federal Contract Tower,0,1,12,0,13,0,5,55,0,60,0,6,67,0,73,77,0,77,150
01/27/2000,WJF,CA,AWP,WE,Federal Contract Tower,0,0,5,0,5,0,8,91,0,99,0,8,96,0,104,206,0,206,310
01/28/2000,WJF,CA,AWP,WE,Federal Contract Tower,0,0,4,0,4,0,6,100,0,106,0,6,104,0,110,213,0,213,323
01/29/2000,WJF,CA,AWP,WE,Federal Contract Tower,0,0,6,0,6,0,2,198,0,200,0,2,204,0,206,265,0,265,471
01/30/2000,WJF,CA,AWP,WE,Federal Contract Tower,0,0,11,0,11,0,0,60,0,60,0,0,71,0,71,60,0,60,131
01/31/2000,WJF,CA,AWP,WE,Federal Contract Tower,0,0,7,0,7,0,4,48,0,52,0,4,55,0,59,62,0,62,121
02/01/2000,WJF,CA,AWP,WE,Federal Contract Tower,0,3,5,0,8,0,1,96,0,97,0,4,101,0,105,111,2,113,218
02/02/2000,WJF,CA,AWP,WE,Federal Contract Tower,0,2,5,0,7,0,4,63,0,67,0,6,68,0,74,120,0,120,194
02/03/2000,WJF,CA,AWP,WE,Federal Contract Tower,0,3,6,0,9,0,2,66,0,68,0,5,72,0,77,147,6,153,230
02/04/2000,WJF,CA,AWP,WE,Federal Contract Tower,0,4,9,0,13,0,0,56,0,56,0,4,65,0,69,90,0,90,159
02/05/2000,WJF,CA,AWP,WE,Federal Contract Tower,0,2,4,0,6,0,2,121,0,123,0,4,125,0,129,130,0,130,259
02/06/2000,WJF,CA,AWP,WE,Federal Contract Tower,0,0,3,0,3,0,0,208,2,210,0,0,211,2,213,166,0,166,379
02/07/2000,WJF,CA,AWP,WE,Federal Contract Tower,0,3,5,0,8,0,11,68,0,79,0,14,73,0,87,144,0,144,231
02/08/2000,WJF,CA,AWP,WE,Federal Contract Tower,0,2,5,0,7,0,4,67,0,71,0,6,72,0,78,89,0,89,167
02/09/2000,WJF,CA,AWP,WE,Federal Contract Tower,0,1,4,1,6,0,3,64,0,67,0,4,68,1,73,144,6,150,223
02/10/2000,WJF,CA,AWP,WE,Federal Contract Tower,0,2,7,1,10,0,8,41,1,50,0,10,48,2,60,25,0,25,85
02/11/2000,WJF,CA,AWP,WE,Federal Contract Tower,0,2,7,0,9,0,18,56,0,74,0,20,63,0,83,81,0,81,164
02/12/2000,WJF,CA,AWP,WE,Federal Contract Tower,0,2,8,1,11,0,0,36,3,39,0,2,44,4,50,74,0,74,124
02/13/2000,WJF,CA,AWP,WE,Federal Contract Tower,0,0,0,0,0,0,0,17,4,21,0,0,17,4,21,26,0,26,47
02/14/2000,WJF,CA,AWP,WE,Federal Contract Tower,0,1,5,0,6,0,5,24,0,29,0,6,29,0,35,18,0,18,53
02/15/2000,WJF,CA,AWP,WE,Federal Contract Tower,0,0,0,0,0,0,11,72,0,83,0,11,72,0,83,194,2,196,279
02/16/2000,WJF,CA,AWP,WE,Federal Contract Tower,0,2,7,1,10,0,4,18,1,23,0,6,25,2,33,32,0,32,65
02/17/2000,WJF,CA,AWP,WE,Federal Contract Tower,0,1,4,0,5,0,4,45,0,49,0,5,49,0,54,116,0,116,170
02/18/2000,WJF,CA,AWP,WE,Federal Contract Tower,0,3,10,0,13,0,3,122,0,125,0,6,132,0,138,150,0,150,288
02/19/2000,WJF,CA,AWP,WE,Federal Contract Tower,0,0,4,0,4,0,2,159,0,161,0,2,163,0,165,219,0,219,384
02/20/2000,WJF,CA,AWP,WE,Federal Contract Tower,0,0,4,0,4,0,0,35,0,35,0,0,39,0,39,14,0,14,53
02/21/2000,WJF,CA,AWP,WE,Federal Contract Tower,0,0,4,0,4,0,2,8,0,10,0,2,12,0,14,50,0,50,64
02/22/2000,WJF,CA,AWP,WE,Federal Contract Tower,0,4,14,0,18,0,4,33,4,41,0,8,47,4,59,83,0,83,142
02/23/2000,WJF,CA,AWP,WE,Federal Contract Tower,0,1,6,0,7,0,7,5,0,12,0,8,11,0,19,38,0,38,57
02/24/2000,WJF,CA,AWP,WE,Federal Contract Tower,0,1,5,0,6,0,5,56,0,61,0,6,61,0,67,92,0,92,159
02/25/2000,WJF,CA,AWP,WE,Federal Contract Tower,0,2,6,0,8,0,5,93,0,98,0,7,99,0,106,147,0,147,253
02/26/2000,WJF,CA,AWP,WE,Federal Contract Tower,0,0,4,0,4,0,4,188,0,192,0,4,192,0,196,183,0,183,379
02/27/2000,WJF,CA,AWP,WE,Federal Contract Tower,0,0,5,0,5,0,0,50,0,50,0,0,55,0,55,122,0,122,177
02/28/2000,WJF,CA,AWP,WE,Federal Contract Tower,0,1,5,0,6,0,4,33,0,37,0,5,38,0,43,59,0,59,102
02/29/2000,WJF,CA,AWP,WE,Federal Contract Tower,0,1,4,0,5,0,5,40,0,45,0,6,44,0,50,123,0,123,173
03/01/2000,WJF,CA,AWP,WE,Federal Contract Tower,0,1,4,0,5,0,11,84,2,97,0,12,88,2,102,179,0,179,281
03/02/2000,WJF,CA,AWP,WE,Federal Contract Tower,0,1,5,0,6,0,3,103,0,106,0,4,108,0,112,166,0,166,278
03/03/2000,WJF,CA,AWP,WE,Federal Contract Tower,0,3,8,0,11,0,1,81,0,82,0,4,89,0,93,103,0,103,196
03/04/2000,WJF,CA,AWP,WE,Federal Contract Tower,0,2,7,0,9,0,0,85,0,85,0,2,92,0,94,144,0,144,238
03/05/2000,WJF,CA,AWP,WE,Federal Contract Tower,0,0,1,0,1,0,0,5,0,5,0,0,6,0,6,40,0,40,46
03/06/2000,WJF,CA,AWP,WE,Federal Contract Tower,0,1,5,0,6,0,5,33,0,38,0,6,38,0,44,24,0,24,68
03/07/2000,WJF,CA,AWP,WE,Federal Contract Tower,0,2,6,0,8,0,7,42,0,49,0,9,48,0,57,28,0,28,85
03/08/2000,WJF,CA,AWP,WE,Federal Contract Tower,0,2,5,0,7,0,6,15,0,21,0,8,20,0,28,12,0,12,40
03/09/2000,WJF,CA,AWP,WE,Federal Contract Tower,0,2,7,0,9,0,5,43,0,48,0,7,50,0,57,32,6,38,95
03/10/2000,WJF,CA,AWP,WE,Federal Contract Tower,0,0,4,0,4,0,6,150,0,156,0,6,154,0,160,158,0,158,318
03/11/2000,WJF,CA,AWP,WE,Federal Contract Tower,0,2,8,0,10,0,0,261,0,261,0,2,269,0,271,250,0,250,521
03/12/2000,WJF,CA,AWP,WE,Federal Contract Tower,0,0,5,1,6,0,0,275,1,276,0,0,280,2,282,110,0,110,392
03/13/2000,WJF,CA,AWP,WE,Federal Contract Tower,0,2,8,0,10,0,4,84,0,88,0,6,92,0,98,127,0,127,225
03/14/2000,WJF,CA,AWP,WE,Federal Contract Tower,0,0,5,0,5,0,7,108,0,115,0,7,113,0,120,181,0,181,301
03/15/2000,WJF,CA,AWP,WE,Federal Contract Tower,0,1,8,1,10,0,8,90,3,101,0,9,98,4,111,82,0,82,193
03/16/2000,WJF,CA,AWP,WE,Federal Contract Tower,0,1,7,0,8,0,4,92,0,96,0,5,99,0,104,103,0,103,207
03/17/2000,WJF,CA,AWP,WE,Federal Contract Tower,0,2,9,0,11,0,2,89,0,91,0,4,98,0,102,146,0,146,248
03/18/2000,WJF,CA,AWP,WE,Federal Contract Tower,0,2,12,0,14,0,0,185,0,185,0,2,197,0,199,221,0,221,420
03/19/2000,WJF,CA,AWP,WE,Federal Contract Tower,0,0,8,0,8,0,0,103,0,103,0,0,111,0,111,132,0,132,243
03/20/2000,WJF,CA,AWP,WE,Federal Contract Tower,0,0,3,0,3,0,6,11,0,17,0,6,14,0,20,0,0,0,20
03/21/2000,WJF,CA,AWP,WE,Federal Contract Tower,0,0,2,0,2,0,4,51,2,57,0,4,53,2,59,108,0,108,167
03/22/2000,WJF,CA,AWP,WE,Federal Contract Tower,0,0,5,0,5,0,4,55,0,59,0,4,60,0,64,96,0,96,160
03/23/2000,WJF,CA,AWP,WE,Federal Contract Tower,0,0,2,0,2,0,7,53,0,60,0,7,55,0,62,70,2,72,134
03/24/2000,WJF,CA,AWP,WE,Federal Contract Tower,0,1,8,0,9,0,3,94,0,97,0,4,102,0,106,158,0,158,264
03/25/2000,WJF,CA,AWP,WE,Federal Contract Tower,0,1,9,0,10,0,1,136,0,137,0,2,145,0,147,180,0,180,327
03/26/2000,WJF,CA,AWP,WE,Federal Contract Tower,0,0,6,0,6,0,0,127,0,127,0,0,133,0,133,126,0,126,259
03/27/2000,WJF,CA,AWP,WE,Federal Contract Tower,0,2,9,0,11,0,7,32,0,39,0,9,41,0,50,40,0,40,90
03/28/2000,WJF,CA,AWP,WE,Federal Contract Tower,0,1,6,0,7,0,2,56,4,62,0,3,62,4,69,90,0,90,159
03/29/2000,WJF,CA,AWP,WE,Federal Contract Tower,0,1,7,0,8,0,3,66,2,71,0,4,73,2,79,144,0,144,223
03/30/2000,WJF,CA,AWP,WE,Federal Contract Tower,0,1,8,0,9,0,12,86,0,98,0,13,94,0,107,176,4,180,287
03/31/2000,WJF,CA,AWP,WE,Federal Contract Tower,0,0,3,0,3,0,4,21,0,25,0,4,24,0,28,44,0,44,72
04/01/2000,WJF,CA,AWP,WE,Federal Contract Tower,0,2,7,0,9,0,0,101,0,101,0,2,108,0,110,165,0,165,275
04/02/2000,WJF,CA,AWP,WE,Federal Contract Tower,0,0,4,0,4,0,0,161,0,161,0,0,165,0,165,120,0,120,285
04/03/2000,WJF,CA,AWP,WE,Federal Contract Tower,0,1,4,0,5,0,5,49,0,54,0,6,53,0,59,58,0,58,117
04/04/2000,WJF,CA,AWP,WE,Federal Contract Tower,0,2,5,0,7,0,4,78,0,82,0,6,83,0,89,156,26,182,271
04/05/2000,WJF,CA,AWP,WE,Federal Contract Tower,0,3,7,0,10,0,5,86,0,91,0,8,93,0,101,185,0,185,286
04/06/2000,WJF,CA,AWP,WE,Federal Contract Tower,0,1,5,0,6,0,5,68,0,73,0,6,73,0,79,49,0,49,128
04/07/2000,WJF,CA,AWP,WE,Federal Contract Tower,0,3,9,0,12,0,3,98,2,103,0,6,107,2,115,155,0,155,270
04/08/2000,WJF,CA,AWP,WE,Federal Contract Tower,0,2,7,0,9,0,0,167,0,167,0,2,174,0,176,167,0,167,343
04/09/2000,WJF,CA,AWP,WE,Federal Contract Tower,0,0,3,0,3,0,0,164,0,164,0,0,167,0,167,153,0,153,320
04/10/2000,WJF,CA,AWP,WE,Federal Contract Tower,0,1,2,0,3,0,11,81,0,92,0,12,83,0,95,126,0,126,221
04/11/2000,WJF,CA,AWP,WE,Federal Contract Tower,0,0,4,0,4,0,10,105,0,115,0,10,109,0,119,160,0,160,279
04/12/2000,WJF,CA,AWP,WE,Federal Contract Tower,0,0,3,1,4,0,12,84,11,107,0,12,87,12,111,185,2,187,298
04/13/2000,WJF,CA,AWP,WE,Federal Contract Tower,0,0,4,1,5,0,5,92,1,98,0,5,96,2,103,110,6,116,219
04/14/2000,WJF,CA,AWP,WE,Federal Contract Tower,0,2,7,1,10,0,0,50,4,54,0,2,57,5,64,74,0,74,138
04/15/2000,WJF,CA,AWP,WE,Federal Contract Tower,0,0,1,0,1,0,4,131,0,135,0,4,132,0,136,108,0,108,244
04/16/2000,WJF,CA,AWP,WE,Federal Contract Tower,0,0,5,0,5,0,0,72,0,72,0,0,77,0,77,168,0,168,245
04/17/2000,WJF,CA,AWP,WE,Federal Contract Tower,0,2,8,0,10,0,8,37,0,45,0,10,45,0,55,26,0,26,81
04/18/2000,WJF,CA,AWP,WE,Federal Contract Tower,0,2,9,0,11,0,8,29,0,37,0,10,38,0,48,62,0,62,110
04/19/2000,WJF,CA,AWP,WE,Federal Contract Tower,0,2,7,0,9,0,4,80,0,84,0,6,87,0,93,145,2,147,240
04/20/2000,WJF,CA,AWP,WE,Federal Contract Tower,0,2,10,0,12,0,6,73,0,79,0,8,83,0,91,238,0,238,329
04/21/2000,WJF,CA,AWP,WE,Federal Contract Tower,0,3,12,0,15,0,5,72,0,77,0,8,84,0,92,64,0,64,156
04/22/2000,WJF,CA,AWP,WE,Federal Contract Tower,0,0,5,0,5,0,3,60,2,65,0,3,65,2,70,80,0,80,150
04/23/2000,WJF,CA,AWP,WE,Federal Contract Tower,0,0,3,0,3,0,0,58,0,58,0,0,61,0,61,46,0,46,107
04/24/2000,WJF,CA,AWP,WE,Federal Contract Tower,0,0,5,0,5,0,6,93,0,99,0,6,98,0,104,106,2,108,212
04/25/2000,WJF,CA,AWP,WE,Federal Contract Tower,0,0,1,0,1,0,8,87,0,95,0,8,88,0,96,112,0,112,208
04/26/2000,WJF,CA,AWP,WE,Federal Contract Tower,0,1,8,0,9,0,6,81,0,87,0,7,89,0,96,135,0,135,231
04/27/2000,WJF,CA,AWP,WE,Federal Contract Tower,0,1,8,0,9,0,5,96,0,101,0,6,104,0,110,166,0,166,276
04/28/2000,WJF,CA,AWP,WE,Federal Contract Tower,0,2,8,0,10,0,1,37,1,39,0,3,45,1,49,44,1,45,94
04/29/2000,WJF,CA,AWP,WE,Federal Contract Tower,0,0,6,0,6,0,2,151,0,153,0,2,157,0,159,163,0,163,322
04/30/2000,WJF,CA,AWP,WE,Federal Contract Tower,0,0,6,0,6,0,0,162,6,168,0,0,168,6,174,139,0,139,313
05/01/2000,WJF,CA,AWP,WE,Federal Contract Tower,0,1,5,0,6,0,6,66,0,72,0,7,71,0,78,139,0,139,217
05/02/2000,WJF,CA,AWP,WE,Federal Contract Tower,0,1,3,0,4,0,5,64,0,69,0,6,67,0,73,95,0,95,168
05/03/2000,WJF,CA,AWP,WE,Federal Contract Tower,0,1,4,0,5,0,7,75,0,82,0,8,79,0,87,88,0,88,175
05/04/2000,WJF,CA,AWP,WE,Federal Contract Tower,0,1,5,0,6,0,3,107,2,112,0,4,112,2,118,151,0,151,269
05/05/2000,WJF,CA,AWP,WE,Federal Contract Tower,0,1,5,0,6,0,5,92,0,97,0,6,97,0,103,60,0,60,163
05/06/2000,WJF,CA,AWP,WE,Federal Contract Tower,0,2,6,0,8,0,1,67,0,68,0,3,73,0,76,155,0,155,231
05/07/2000,WJF,CA,AWP,WE,Federal Contract Tower,0,0,0,0,0,0,0,89,0,89,0,0,89,0,89,71,0,71,160
05/08/2000,WJF,CA,AWP,WE,Federal Contract Tower,0,1,4,0,5,0,3,34,0,37,0,4,38,0,42,71,0,71,113
05/09/2000,WJF,CA,AWP,WE,Federal Contract Tower,0,2,7,0,9,0,9,47,6,62,0,11,54,6,71,17,6,23,94
05/10/2000,WJF,CA,AWP,WE,Federal Contract Tower,0,1,2,0,3,0,7,43,0,50,0,8,45,0,53,30,0,30,83
05/11/2000,WJF,CA,AWP,WE,Federal Contract Tower,0,1,4,0,5,0,7,69,0,76,0,8,73,0,81,78,0,78,159
05/12/2000,WJF,CA,AWP,WE,Federal Contract Tower,0,2,5,0,7,0,9,87,0,96,0,11,92,0,103,111,4,115,218
05/13/2000,WJF,CA,AWP,WE,Federal Contract Tower,0,1,2,0,3,0,1,186,0,187,0,2,188,0,190,203,0,203,393
05/14/2000,WJF,CA,AWP,WE,Federal Contract Tower,0,0,5,0,5,0,0,78,0,78,0,0,83,0,83,84,0,84,167
05/15/2000,WJF,CA,AWP,WE,Federal Contract Tower,0,2,7,0,9,0,3,67,0,70,0,5,74,0,79,33,0,33,112
05/16/2000,WJF,CA,AWP,WE,Federal Contract Tower,0,1,1,0,2,0,3,20,0,23,0,4,21,0,25,26,0,26,51
05/17/2000,WJF,CA,AWP,WE,Federal Contract Tower,0,1,1,0,2,0,3,50,0,53,0,4,51,0,55,73,2,75,130
05/18/2000,WJF,CA,AWP,WE,Federal Contract Tower,0,1,2,0,3,0,5,92,0,97,0,6,94,0,100,63,2,65,165
05/19/2000,WJF,CA,AWP,WE,Federal Contract Tower,0,0,3,0,3,0,10,88,0,98,0,10,91,0,101,163,0,163,264
05/20/2000,WJF,CA,AWP,WE,Federal Contract Tower,0,1,6,0,7,0,6,112,0,118,0,7,118,0,125,194,0,194,319
05/21/2000,WJF,CA,AWP,WE,Federal Contract Tower,0,0,5,0,5,0,0,128,0,128,0,0,133,0,133,131,0,131,264
05/22/2000,WJF,CA,AWP,WE,Federal Contract Tower,0,0,2,0,2,0,8,51,0,59,0,8,53,0,61,171,0,171,232
05/23/2000,WJF,CA,AWP,WE,Federal Contract Tower,0,1,7,0,8,0,3,63,0,66,0,4,70,0,74,128,0,128,202
05/24/2000,WJF,CA,AWP,WE,Federal Contract Tower,0,0,5,0,5,0,4,52,0,56,0,4,57,0,61,129,0,129,190
05/25/2000,WJF,CA,AWP,WE,Federal Contract Tower,0,1,9,0,10,0,5,54,0,59,0,6,63,0,69,79,0,79,148
05/26/2000,WJF,CA,AWP,WE,Federal Contract Tower,0,0,4,0,4,0,10,104,0,114,0,10,108,0,118,76,0,76,194
05/27/2000,WJF,CA,AWP,WE,Federal Contract Tower,0,0,2,0,2,0,2,110,0,112,0,2,112,0,114,144,0,144,258
05/28/2000,WJF,CA,AWP,WE,Federal Contract Tower,0,0,3,0,3,0,0,87,0,87,0,0,90,0,90,41,0,41,131
05/29/2000,WJF,CA,AWP,WE,Federal Contract Tower,0,0,3,0,3,0,0,117,0,117,0,0,120,0,120,105,0,105,225
05/30/2000,WJF,CA,AWP,WE,Federal Contract Tower,0,0,5,0,5,0,6,62,0,68,0,6,67,0,73,98,2,100,173
05/31/2000,WJF,CA,AWP,WE,Federal Contract Tower,0,1,10,0,11,0,7,73,0,80,0,8,83,0,91,78,0,78,169
06/01/2000,WJF,CA,AWP,WE,Federal Contract Tower,0,1,5,0,6,0,3,96,0,99,0,4,101,0,105,181,2,183,288
06/02/2000,WJF,CA,AWP,WE,Federal Contract Tower,0,1,0,0,1,0,3,71,0,74,0,4,71,0,75,96,2,98,173
06/03/2000,WJF,CA,AWP,WE,Federal Contract Tower,0,1,4,0,5,0,2,114,0,116,0,3,118,0,121,128,0,128,249
06/04/2000,WJF,CA,AWP,WE,Federal Contract Tower,0,0,3,0,3,0,0,115,0,115,0,0,118,0,118,99,8,107,225
06/05/2000,WJF,CA,AWP,WE,Federal Contract Tower,0,1,4,0,5,0,3,55,0,58,0,4,59,0,63,105,0,105,168
06/06/2000,WJF,CA,AWP,WE,Federal Contract Tower,0,1,6,0,7,0,6,85,0,91,0,7,91,0,98,149,14,163,261
06/07/2000,WJF,CA,AWP,WE,Federal Contract Tower,0,1,2,0,3,0,5,86,0,91,0,6,88,0,94,127,0,127,221
06/08/2000,WJF,CA,AWP,WE,Federal Contract Tower,0,1,3,0,4,0,3,54,2,59,0,4,57,2,63,114,0,114,177
06/09/2000,WJF,CA,AWP,WE,Federal Contract Tower,0,1,5,0,6,0,3,66,2,71,0,4,71,2,77,109,0,109,186
06/10/2000,WJF,CA,AWP,WE,Federal Contract Tower,0,1,5,0,6,0,3,106,0,109,0,4,111,0,115,105,0,105,220
06/11/2000,WJF,CA,AWP,WE,Federal Contract Tower,0,0,3,0,3,0,0,150,0,150,0,0,153,0,153,109,0,109,262
06/12/2000,WJF,CA,AWP,WE,Federal Contract Tower,0,1,6,0,7,0,9,78,6,93,0,10,84,6,100,94,0,94,194
06/13/2000,WJF,CA,AWP,WE,Federal Contract Tower,0,0,0,0,0,0,4,57,8,69,0,4,57,8,69,162,8,170,239
06/14/2000,WJF,CA,AWP,WE,Federal Contract Tower,0,0,0,0,0,0,7,102,2,111,0,7,102,2,111,111,2,113,224
06/15/2000,WJF,CA,AWP,WE,Federal Contract Tower,0,1,3,0,4,0,7,80,0,87,0,8,83,0,91,24,0,24,115
06/16/2000,WJF,CA,AWP,WE,Federal Contract Tower,0,1,3,0,4,0,11,95,0,106,0,12,98,0,110,68,6,74,184
06/17/2000,WJF,CA,AWP,WE,Federal Contract Tower,0,1,5,0,6,0,1,114,0,115,0,2,119,0,121,95,0,95,216
06/18/2000,WJF,CA,AWP,WE,Federal Contract Tower,0,1,2,0,3,0,1,93,0,94,0,2,95,0,97,80,0,80,177
06/19/2000,WJF,CA,AWP,WE,Federal Contract Tower,0,0,5,0,5,0,6,60,0,66,0,6,65,0,71,43,0,43,114
06/20/2000,WJF,CA,AWP,WE,Federal Contract Tower,0,0,6,0,6,0,11,99,0,110,0,11,105,0,116,120,0,120,236
06/21/2000,WJF,CA,AWP,WE,Federal Contract Tower,0,0,4,0,4,0,8,68,4,80,0,8,72,4,84,85,0,85,169
06/22/2000,WJF,CA,AWP,WE,Federal Contract Tower,0,1,11,0,12,0,9,55,2,66,0,10,66,2,78,90,0,90,168
06/23/2000,WJF,CA,AWP,WE,Federal Contract Tower,0,0,3,0,3,0,8,83,0,91,0,8,86,0,94,127,0,127,221
06/24/2000,WJF,CA,AWP,WE,Federal Contract Tower,0,0,5,0,5,0,2,107,0,109,0,2,112,0,114,83,0,83,197
06/25/2000,WJF,CA,AWP,WE,Federal Contract Tower,0,0,2,0,2,0,0,65,0,65,0,0,67,0,67,118,2,120,187
06/26/2000,WJF,CA,AWP,WE,Federal Contract Tower,0,0,7,0,7,0,11,95,0,106,0,11,102,0,113,101,0,101,214
06/27/2000,WJF,CA,AWP,WE,Federal Contract Tower,0,0,5,0,5,0,9,71,0,80,0,9,76,0,85,80,0,80,165
06/28/2000,WJF,CA,AWP,WE,Federal Contract Tower,0,0,6,0,6,0,6,55,0,61,0,6,61,0,67,73,2,75,142
06/29/2000,WJF,CA,AWP,WE,Federal Contract Tower,0,0,8,0,8,0,8,69,2,79,0,8,77,2,87,96,0,96,183
06/30/2000,WJF,CA,AWP,WE,Federal Contract Tower,0,1,8,0,9,0,7,113,0,120,0,8,121,0,129,126,0,126,255
07/01/2000,WJF,CA,AWP,WE,Federal Contract Tower,0,1,1,0,2,0,1,66,0,67,0,2,67,0,69,177,0,177,246
07/02/2000,WJF,CA,AWP,WE,Federal Contract Tower,0,0,2,0,2,0,0,72,0,72,0,0,74,0,74,34,0,34,108
07/03/2000,WJF,CA,AWP,WE,Federal Contract Tower,0,1,4,0,5,0,11,99,0,110,0,12,103,0,115,135,0,135,250
07/04/2000,WJF,CA,AWP,WE,Federal Contract Tower,0,0,1,0,1,0,0,96,0,96,0,0,97,0,97,57,0,57,154
07/05/2000,WJF,CA,AWP,WE,Federal Contract Tower,0,1,4,0,5,0,3,57,6,66,0,4,61,6,71,121,6,127,198
07/06/2000,WJF,CA,AWP,WE,Federal Contract Tower,0,1,5,0,6,0,4,68,4,76,0,5,73,4,82,123,0,123,205
07/07/2000,WJF,CA,AWP,WE,Federal Contract Tower,0,1,4,0,5,0,5,86,0,91,0,6,90,0,96,76,0,76,172
07/08/2000,WJF,CA,AWP,WE,Federal Contract Tower,0,1,5,0,6,0,1,118,6,125,0,2,123,6,131,185,0,185,316
07/09/2000,WJF,CA,AWP,WE,Federal Contract Tower,0,0,8,0,8,0,0,101,0,101,0,0,109,0,109,108,0,108,217
07/10/2000,WJF,CA,AWP,WE,Federal Contract Tower,0,1,3,0,4,0,10,80,0,90,0,11,83,0,94,230,0,230,324
07/11/2000,WJF,CA,AWP,WE,Federal Contract Tower,0,1,1,0,2,0,5,78,0,83,0,6,79,0,85,222,2,224,309
07/12/2000,WJF,CA,AWP,WE,Federal Contract Tower,0,3,10,0,13,0,9,84,2,95,0,12,94,2,108,209,0,209,317
07/13/2000,WJF,CA,AWP,WE,Federal Contract Tower,0,2,5,0,7,0,6,102,8,116,0,8,107,8,123,206,8,214,337
07/14/2000,WJF,CA,AWP,WE,Federal Contract Tower,0,0,1,0,1,0,6,94,0,100,0,6,95,0,101,153,0,153,254
07/15/2000,WJF,CA,AWP,WE,Federal Contract Tower,0,0,4,0,4,0,2,135,0,137,0,2,139,0,141,206,0,206,347
07/16/2000,WJF,CA,AWP,WE,Federal Contract Tower,0,0,2,0,2,0,0,121,0,121,0,0,123,0,123,152,0,152,275
07/17/2000,WJF,CA,AWP,WE,Federal Contract Tower,0,0,1,0,1,0,4,86,0,90,0,4,87,0,91,118,0,118,209
07/18/2000,WJF,CA,AWP,WE,Federal Contract Tower,0,0,5,1,6,0,7,77,1,85,0,7,82,2,91,66,0,66,157
07/19/2000,WJF,CA,AWP,WE,Federal Contract Tower,0,1,6,0,7,0,7,104,0,111,0,8,110,0,118,210,0,210,328
07/20/2000,WJF,CA,AWP,WE,Federal Contract Tower,0,1,6,0,7,0,3,68,0,71,0,4,74,0,78,87,0,87,165
07/21/2000,WJF,CA,AWP,WE,Federal Contract Tower,0,1,6,0,7,0,3,91,2,96,0,4,97,2,103,134,0,134,237
07/22/2000,WJF,CA,AWP,WE,Federal Contract Tower,0,0,3,0,3,0,2,107,0,109,0,2,110,0,112,115,0,115,227
07/23/2000,WJF,CA,AWP,WE,Federal Contract Tower,0,0,4,0,4,0,0,100,0,100,0,0,104,0,104,135,0,135,239
07/24/2000,WJF,CA,AWP,WE,Federal Contract Tower,0,0,1,0,1,0,8,75,0,83,0,8,76,0,84,87,0,87,171
07/25/2000,WJF,CA,AWP,WE,Federal Contract Tower,0,0,2,0,2,0,4,72,0,76,0,4,74,0,78,94,2,96,174
07/26/2000,WJF,CA,AWP,WE,Federal Contract Tower,0,1,6,0,7,0,9,92,2,103,0,10,98,2,110,118,0,118,228
07/27/2000,WJF,CA,AWP,WE,Federal Contract Tower,0,0,4,0,4,0,6,71,2,79,0,6,75,2,83,103,0,103,186
07/28/2000,WJF,CA,AWP,WE,Federal Contract Tower,0,0,2,0,2,0,4,80,0,84,0,4,82,0,86,170,2,172,258
07/29/2000,WJF,CA,AWP,WE,Federal Contract Tower,0,0,3,0,3,0,1,83,0,84,0,1,86,0,87,177,0,177,264
07/30/2000,WJF,CA,AWP,WE,Federal Contract Tower,0,0,7,0,7,0,0,110,0,110,0,0,117,0,117,128,0,128,245
07/31/2000,WJF,CA,AWP,WE,Federal Contract Tower,0,0,4,0,4,0,14,68,1,83,0,14,72,1,87,118,10,128,215
08/01/2000,WJF,CA,AWP,WE,Federal Contract Tower,0,1,3,0,4,0,11,93,0,104,0,12,96,0,108,66,6,72,180
08/02/2000,WJF,CA,AWP,WE,Federal Contract Tower,0,4,12,0,16,0,2,54,4,60,0,6,66,4,76,77,2,79,155
08/03/2000,WJF,CA,AWP,WE,Federal Contract Tower,0,1,4,0,5,0,10,81,0,91,0,11,85,0,96,167,0,167,263
08/04/2000,WJF,CA,AWP,WE,Federal Contract Tower,0,1,2,0,3,0,5,106,0,111,0,6,108,0,114,194,0,194,308
08/05/2000,WJF,CA,AWP,WE,Federal Contract Tower,0,1,4,0,5,0,1,78,0,79,0,2,82,0,84,144,0,144,228
08/06/2000,WJF,CA,AWP,WE,Federal Contract Tower,0,2,4,0,6,0,0,110,0,110,0,2,114,0,116,197,0,197,313
08/07/2000,WJF,CA,AWP,WE,Federal Contract Tower,0,3,9,0,12,0,7,87,2,96,0,10,96,2,108,121,0,121,229
08/08/2000,WJF,CA,AWP,WE,Federal Contract Tower,0,3,9,0,12,0,3,77,4,84,0,6,86,4,96,158,2,160,256
08/09/2000,WJF,CA,AWP,WE,Federal Contract Tower,0,2,6,0,8,0,4,67,0,71,0,6,73,0,79,171,0,171,250
08/10/2000,WJF,CA,AWP,WE,Federal Contract Tower,0,1,2,0,3,0,4,89,0,93,0,5,91,0,96,68,0,68,164
08/11/2000,WJF,CA,AWP,WE,Federal Contract Tower,0,1,4,0,5,0,5,77,7,89,0,6,81,7,94,145,0,145,239
08/12/2000,WJF,CA,AWP,WE,Federal Contract Tower,0,0,2,0,2,0,8,118,0,126,0,8,120,0,128,202,0,202,330
08/13/2000,WJF,CA,AWP,WE,Federal Contract Tower,0,1,4,1,6,0,1,102,1,104,0,2,106,2,110,156,0,156,266
08/14/2000,WJF,CA,AWP,WE,Federal Contract Tower,0,0,1,0,1,0,6,57,0,63,0,6,58,0,64,112,0,112,176
08/15/2000,WJF,CA,AWP,WE,Federal Contract Tower,0,0,0,0,0,0,4,83,6,93,0,4,83,6,93,145,0,145,238
08/16/2000,WJF,CA,AWP,WE,Federal Contract Tower,0,1,4,0,5,0,6,72,0,78,0,7,76,0,83,187,0,187,270
08/17/2000,WJF,CA,AWP,WE,Federal Contract Tower,0,0,3,1,4,0,3,82,1,86,0,3,85,2,90,147,0,147,237
08/18/2000,WJF,CA,AWP,WE,Federal Contract Tower,0,0,4,0,4,0,9,77,0,86,0,9,81,0,90,112,0,112,202
08/19/2000,WJF,CA,AWP,WE,Federal Contract Tower,0,0,1,0,1,0,2,146,0,148,0,2,147,0,149,149,0,149,298
08/20/2000,WJF,CA,AWP,WE,Federal Contract Tower,0,0,2,0,2,0,6,118,0,124,0,6,120,0,126,153,0,153,279
08/21/2000,WJF,CA,AWP,WE,Federal Contract Tower,0,2,8,0,10,0,11,49,0,60,0,13,57,0,70,150,0,150,220
08/22/2000,WJF,CA,AWP,WE,Federal Contract Tower,0,1,6,0,7,0,11,99,0,110,0,12,105,0,117,150,2,152,269
08/23/2000,WJF,CA,AWP,WE,Federal Contract Tower,0,1,6,0,7,0,7,77,0,84,0,8,83,0,91,131,2,133,224
08/24/2000,WJF,CA,AWP,WE,Federal Contract Tower,0,1,5,0,6,0,12,78,4,94,0,13,83,4,100,148,0,148,248
08/25/2000,WJF,CA,AWP,WE,Federal Contract Tower,0,2,9,0,11,0,6,88,8,102,0,8,97,8,113,170,0,170,283
08/26/2000,WJF,CA,AWP,WE,Federal Contract Tower,0,1,5,0,6,0,1,129,0,130,0,2,134,0,136,173,0,173,309
08/27/2000,WJF,CA,AWP,WE,Federal Contract Tower,0,0,3,0,3,0,0,109,0,109,0,0,112,0,112,190,0,190,302
08/28/2000,WJF,CA,AWP,WE,Federal Contract Tower,0,0,2,0,2,0,9,40,4,53,0,9,42,4,55,86,6,92,147
08/29/2000,WJF,CA,AWP,WE,Federal Contract Tower,0,1,5,0,6,0,3,68,0,71,0,4,73,0,77,145,0,145,222
08/30/2000,WJF,CA,AWP,WE,Federal Contract Tower,0,2,8,0,10,0,8,102,2,112,0,10,110,2,122,102,0,102,224
08/31/2000,WJF,CA,AWP,WE,Federal Contract Tower,0,0,3,0,3,0,8,64,5,77,0,8,67,5,80,193,8,201,281
09/01/2000,WJF,CA,AWP,WE,Federal Contract Tower,0,2,9,0,11,0,6,69,0,75,0,8,78,0,86,127,0,127,213
09/02/2000,WJF,CA,AWP,WE,Federal Contract Tower,0,2,5,0,7,0,0,127,0,127,0,2,132,0,134,134,0,134,268
09/03/2000,WJF,CA,AWP,WE,Federal Contract Tower,0,0,1,0,1,0,0,94,0,94,0,0,95,0,95,106,0,106,201
09/04/2000,WJF,CA,AWP,WE,Federal Contract Tower,0,0,4,0,4,0,0,169,0,169,0,0,173,0,173,159,0,159,332
09/05/2000,WJF,CA,AWP,WE,Federal Contract Tower,0,1,4,0,5,0,3,82,0,85,0,4,86,0,90,164,0,164,254
09/06/2000,WJF,CA,AWP,WE,Federal Contract Tower,0,2,5,0,7,0,4,86,0,90,0,6,91,0,97,208,0,208,305
09/07/2000,WJF,CA,AWP,WE,Federal Contract Tower,0,2,6,0,8,0,12,71,0,83,0,14,77,0,91,150,0,150,241
09/08/2000,WJF,CA,AWP,WE,Federal Contract Tower,0,1,2,0,3,0,9,89,0,98,0,10,91,0,101,185,4,189,290
09/09/2000,WJF,CA,AWP,WE,Federal Contract Tower,0,1,4,0,5,0,1,140,4,145,0,2,144,4,150,252,0,252,402
09/10/2000,WJF,CA,AWP,WE,Federal Contract Tower,0,0,3,0,3,0,0,125,0,125,0,0,128,0,128,144,0,144,272
09/11/2000,WJF,CA,AWP,WE,Federal Contract Tower,0,1,0,0,1,0,3,63,4,70,0,4,63,4,71,83,2,85,156
09/12/2000,WJF,CA,AWP,WE,Federal Contract Tower,0,1,0,0,1,0,7,67,6,80,0,8,67,6,81,148,0,148,229
09/13/2000,WJF,CA,AWP,WE,Federal Contract Tower,0,1,0,0,1,0,5,122,0,127,0,6,122,0,128,113,0,113,241
09/14/2000,WJF,CA,AWP,WE,Federal Contract Tower,0,0,3,0,3,0,4,66,0,70,0,4,69,0,73,113,0,113,186
09/15/2000,WJF,CA,AWP,WE,Federal Contract Tower,0,0,2,0,2,0,6,86,4,96,0,6,88,4,98,95,0,95,193
09/16/2000,WJF,CA,AWP,WE,Federal Contract Tower,0,0,5,0,5,0,1,365,0,366,0,1,370,0,371,168,2,170,541
09/17/2000,WJF,CA,AWP,WE,Federal Contract Tower,0,0,0,0,0,0,0,103,0,103,0,0,103,0,103,96,0,96,199
09/18/2000,WJF,CA,AWP,WE,Federal Contract Tower,0,0,5,0,5,0,4,50,0,54,0,4,55,0,59,117,0,117,176
09/19/2000,WJF,CA,AWP,WE,Federal Contract Tower,0,0,4,0,4,0,4,68,12,84,0,4,72,12,88,86,0,86,174
09/20/2000,WJF,CA,AWP,WE,Federal Contract Tower,0,0,2,0,2,0,6,87,2,95,0,6,89,2,97,155,0,155,252
09/21/2000,WJF,CA,AWP,WE,Federal Contract Tower,0,0,3,0,3,0,10,49,2,61,0,10,52,2,64,74,6,80,144
09/22/2000,WJF,CA,AWP,WE,Federal Contract Tower,0,1,6,0,7,0,5,53,0,58,0,6,59,0,65,72,0,72,137
09/23/2000,WJF,CA,AWP,WE,Federal Contract Tower,0,0,3,0,3,0,2,122,8,132,0,2,125,8,135,147,0,147,282
09/24/2000,WJF,CA,AWP,WE,Federal Contract Tower,0,0,6,0,6,0,0,128,0,128,0,0,134,0,134,156,0,156,290
09/25/2000,WJF,CA,AWP,WE,Federal Contract Tower,0,1,5,0,6,0,9,64,0,73,0,10,69,0,79,110,0,110,189
09/26/2000,WJF,CA,AWP,WE,Federal Contract Tower,0,1,5,0,6,0,6,75,4,85,0,7,80,4,91,193,0,193,284
09/27/2000,WJF,CA,AWP,WE,Federal Contract Tower,0,0,3,0,3,0,12,87,0,99,0,12,90,0,102,110,0,110,212
09/28/2000,WJF,CA,AWP,WE,Federal Contract Tower,0,1,7,0,8,0,7,83,0,90,0,8,90,0,98,97,0,97,195
09/29/2000,WJF,CA,AWP,WE,Federal Contract Tower,0,2,11,0,13,0,4,106,0,110,0,6,117,0,123,176,0,176,299
09/30/2000,WJF,CA,AWP,WE,Federal Contract Tower,0,0,3,0,3,0,4,111,0,115,0,4,114,0,118,152,0,152,270
10/01/2000,WJF,CA,AWP,WE,Federal Contract Tower,0,0,2,0,2,0,0,125,0,125,0,0,127,0,127,109,0,109,236
10/02/2000,WJF,CA,AWP,WE,Federal Contract Tower,0,1,4,0,5,0,5,58,2,65,0,6,62,2,70,115,0,115,185
10/03/2000,WJF,CA,AWP,WE,Federal Contract Tower,0,2,7,0,9,0,6,82,2,90,0,8,89,2,99,204,10,214,313
10/04/2000,WJF,CA,AWP,WE,Federal Contract Tower,0,3,10,0,13,0,5,62,0,67,0,8,72,0,80,86,0,86,166
10/05/2000,WJF,CA,AWP,WE,Federal Contract Tower,0,1,3,0,4,0,5,47,0,52,0,6,50,0,56,183,2,185,241
10/06/2000,WJF,CA,AWP,WE,Federal Contract Tower,0,2,5,0,7,0,2,122,0,124,0,4,127,0,131,100,0,100,231
10/07/2000,WJF,CA,AWP,WE,Federal Contract Tower,0,2,5,0,7,0,1,126,0,127,0,3,131,0,134,123,0,123,257
10/08/2000,WJF,CA,AWP,WE,Federal Contract Tower,0,2,5,0,7,0,0,129,0,129,0,2,134,0,136,211,0,211,347
10/09/2000,WJF,CA,AWP,WE,Federal Contract Tower,0,2,5,0,7,0,4,88,0,92,0,6,93,0,99,163,0,163,262
10/10/2000,WJF,CA,AWP,WE,Federal Contract Tower,0,2,5,0,7,0,8,20,0,28,0,10,25,0,35,8,0,8,43
10/11/2000,WJF,CA,AWP,WE,Federal Contract Tower,0,2,7,0,9,0,10,28,0,38,0,12,35,0,47,94,0,94,141
10/12/2000,WJF,CA,AWP,WE,Federal Contract Tower,0,2,5,0,7,0,8,92,2,102,0,10,97,2,109,131,0,131,240
10/13/2000,WJF,CA,AWP,WE,Federal Contract Tower,0,1,1,0,2,0,5,105,0,110,0,6,106,0,112,141,0,141,253
10/14/2000,WJF,CA,AWP,WE,Federal Contract Tower,0,0,4,0,4,0,4,123,0,127,0,4,127,0,131,187,0,187,318
10/15/2000,WJF,CA,AWP,WE,Federal Contract Tower,0,0,4,1,5,0,0,134,3,137,0,0,138,4,142,94,6,100,242
10/16/2000,WJF,CA,AWP,WE,Federal Contract Tower,0,0,3,0,3,0,11,67,0,78,0,11,70,0,81,76,0,76,157
10/17/2000,WJF,CA,AWP,WE,Federal Contract Tower,0,0,2,0,2,0,16,56,0,72,0,16,58,0,74,158,0,158,232
10/18/2000,WJF,CA,AWP,WE,Federal Contract Tower,0,1,7,0,8,0,8,63,2,73,0,9,70,2,81,140,0,140,221
10/19/2000,WJF,CA,AWP,WE,Federal Contract Tower,0,1,7,0,8,0,23,125,0,148,0,24,132,0,156,98,0,98,254
10/20/2000,WJF,CA,AWP,WE,Federal Contract Tower,0,2,14,0,16,0,8,118,0,126,0,10,132,0,142,173,0,173,315
10/21/2000,WJF,CA,AWP,WE,Federal Contract Tower,0,1,7,0,8,0,1,28,2,31,0,2,35,2,39,90,0,90,129
10/22/2000,WJF,CA,AWP,WE,Federal Contract Tower,0,0,4,0,4,0,0,70,0,70,0,0,74,0,74,135,0,135,209
10/23/2000,WJF,CA,AWP,WE,Federal Contract Tower,0,0,6,0,6,0,6,47,0,53,0,6,53,0,59,133,0,133,192
10/24/2000,WJF,CA,AWP,WE,Federal Contract Tower,0,0,3,0,3,0,8,85,8,101,0,8,88,8,104,72,0,72,176
10/25/2000,WJF,CA,AWP,WE,Federal Contract Tower,0,1,8,0,9,0,11,85,4,100,0,12,93,4,109,80,4,84,193
10/26/2000,WJF,CA,AWP,WE,Federal Contract Tower,0,0,6,0,6,0,4,42,0,46,0,4,48,0,52,111,0,111,163
10/27/2000,WJF,CA,AWP,WE,Federal Contract Tower,0,0,0,0,0,0,7,33,0,40,0,7,33,0,40,80,0,80,120
10/28/2000,WJF,CA,AWP,WE,Federal Contract Tower,0,1,10,0,11,0,1,88,0,89,0,2,98,0,100,136,0,136,236
10/29/2000,WJF,CA,AWP,WE,Federal Contract Tower,0,0,10,0,10,0,0,32,0,32,0,0,42,0,42,154,0,154,196
10/30/2000,WJF,CA,AWP,WE,Federal Contract Tower,0,0,5,0,5,0,4,52,0,56,0,4,57,0,61,53,0,53,114
10/31/2000,WJF,CA,AWP,WE,Federal Contract Tower,0,0,6,0,6,0,16,70,4,90,0,16,76,4,96,74,0,74,170
11/01/2000,WJF,CA,AWP,WE,Federal Contract Tower,0,3,3,0,6,0,11,84,4,99,0,14,87,4,105,148,0,148,253
11/02/2000,WJF,CA,AWP,WE,Federal Contract Tower,0,3,4,0,7,0,5,106,4,115,0,8,110,4,122,216,2,218,340
11/03/2000,WJF,CA,AWP,WE,Federal Contract Tower,0,3,4,0,7,0,7,97,0,104,0,10,101,0,111,96,0,96,207
11/04/2000,WJF,CA,AWP,WE,Federal Contract Tower,0,1,2,0,3,0,1,130,0,131,0,2,132,0,134,186,0,186,320
11/05/2000,WJF,CA,AWP,WE,Federal Contract Tower,0,0,2,0,2,0,0,97,0,97,0,0,99,0,99,75,0,75,174
11/06/2000,WJF,CA,AWP,WE,Federal Contract Tower,0,1,2,0,3,0,7,30,0,37,0,8,32,0,40,51,0,51,91
11/07/2000,WJF,CA,AWP,WE,Federal Contract Tower,0,0,1,0,1,0,4,54,0,58,0,4,55,0,59,26,6,32,91
11/08/2000,WJF,CA,AWP,WE,Federal Contract Tower,0,3,5,0,8,0,9,92,0,101,0,12,97,0,109,68,4,72,181
11/09/2000,WJF,CA,AWP,WE,Federal Contract Tower,0,1,3,0,4,0,5,41,0,46,0,6,44,0,50,46,0,46,96
11/10/2000,WJF,CA,AWP,WE,Federal Contract Tower,0,2,5,0,7,0,2,52,0,54,0,4,57,0,61,130,0,130,191
11/11/2000,WJF,CA,AWP,WE,Federal Contract Tower,0,0,2,1,3,0,4,91,0,95,0,4,93,1,98,161,0,161,259
11/12/2000,WJF,CA,AWP,WE,Federal Contract Tower,0,0,4,0,4,0,0,145,0,145,0,0,149,0,149,285,0,285,434
11/13/2000,WJF,CA,AWP,WE,Federal Contract Tower,0,3,5,0,8,0,9,97,0,106,0,12,102,0,114,104,0,104,218
11/14/2000,WJF,CA,AWP,WE,Federal Contract Tower,0,2,5,0,7,0,6,50,0,56,0,8,55,0,63,38,2,40,103
11/15/2000,WJF,CA,AWP,WE,Federal Contract Tower,0,0,2,1,3,0,12,60,3,75,0,12,62,4,78,110,0,110,188
11/16/2000,WJF,CA,AWP,WE,Federal Contract Tower,0,2,4,0,6,0,6,70,13,89,0,8,74,13,95,101,0,101,196
11/17/2000,WJF,CA,AWP,WE,Federal Contract Tower,0,3,7,0,10,0,7,107,2,116,0,10,114,2,126,115,0,115,241
11/18/2000,WJF,CA,AWP,WE,Federal Contract Tower,0,2,4,0,6,0,0,174,0,174,0,2,178,0,180,203,0,203,383
11/19/2000,WJF,CA,AWP,WE,Federal Contract Tower,0,0,6,0,6,0,0,154,0,154,0,0,160,0,160,166,0,166,326
11/20/2000,WJF,CA,AWP,WE,Federal Contract Tower,0,2,6,0,8,0,5,106,4,115,0,7,112,4,123,149,0,149,272
11/21/2000,WJF,CA,AWP,WE,Federal Contract Tower,0,2,4,0,6,0,5,72,4,81,0,7,76,4,87,76,0,76,163
11/22/2000,WJF,CA,AWP,WE,Federal Contract Tower,0,1,4,0,5,0,6,61,0,67,0,7,65,0,72,85,0,85,157
11/23/2000,WJF,CA,AWP,WE,Federal Contract Tower,0,0,0,0,0,0,0,73,0,73,0,0,73,0,73,31,0,31,104
11/24/2000,WJF,CA,AWP,WE,Federal Contract Tower,0,0,3,0,3,0,4,128,0,132,0,4,131,0,135,210,0,210,345
11/25/2000,WJF,CA,AWP,WE,Federal Contract Tower,0,0,2,0,2,0,2,141,0,143,0,2,143,0,145,256,0,256,401
11/26/2000,WJF,CA,AWP,WE,Federal Contract Tower,0,0,3,0,3,0,0,161,0,161,0,0,164,0,164,244,0,244,408
11/27/2000,WJF,CA,AWP,WE,Federal Contract Tower,0,5,10,0,15,0,15,71,0,86,0,20,81,0,101,105,0,105,206
11/28/2000,WJF,CA,AWP,WE,Federal Contract Tower,0,5,10,0,15,0,19,95,6,120,0,24,105,6,135,124,0,124,259
11/29/2000,WJF,CA,AWP,WE,Federal Contract Tower,0,5,14,1,20,0,9,84,3,96,0,14,98,4,116,126,4,130,246
11/30/2000,WJF,CA,AWP,WE,Federal Contract Tower,0,0,2,0,2,0,6,80,0,86,0,6,82,0,88,200,6,206,294
12/01/2000,WJF,CA,AWP,WE,Federal Contract Tower,0,7,11,0,18,0,24,83,2,109,0,31,94,2,127,107,0,107,234
12/02/2000,WJF,CA,AWP,WE,Federal Contract Tower,0,2,1,0,3,0,4,133,3,140,0,6,134,3,143,222,0,222,365
12/03/2000,WJF,CA,AWP,WE,Federal Contract Tower,0,0,3,0,3,0,0,137,0,137,0,0,140,0,140,167,0,167,307
12/04/2000,WJF,CA,AWP,WE,Federal Contract Tower,0,2,2,0,4,0,12,63,0,75,0,14,65,0,79,229,0,229,308
12/05/2000,WJF,CA,AWP,WE,Federal Contract Tower,0,4,5,0,9,0,22,97,10,129,0,26,102,10,138,188,0,188,326
12/06/2000,WJF,CA,AWP,WE,Federal Contract Tower,0,6,9,1,16,0,41,136,7,184,0,47,145,8,200,294,4,298,498
12/07/2000,WJF,CA,AWP,WE,Federal Contract Tower,0,4,8,1,13,0,18,76,1,95,0,22,84,2,108,170,0,170,278
12/08/2000,WJF,CA,AWP,WE,Federal Contract Tower,0,7,13,0,20,0,32,60,0,92,0,39,73,0,112,184,0,184,296
12/09/2000,WJF,CA,AWP,WE,Federal Contract Tower,0,2,4,0,6,0,0,126,0,126,0,2,130,0,132,219,0,219,351
12/10/2000,WJF,CA,AWP,WE,Federal Contract Tower,0,0,4,0,4,0,0,53,0,53,0,0,57,0,57,100,0,100,157
12/11/2000,WJF,CA,AWP,WE,Federal Contract Tower,0,6,11,0,17,0,16,82,0,98,0,22,93,0,115,186,2,188,303
12/12/2000,WJF,CA,AWP,WE,Federal Contract Tower,0,4,6,0,10,0,9,54,0,63,0,13,60,0,73,69,0,69,142
12/13/2000,WJF,CA,AWP,WE,Federal Contract Tower,0,3,4,0,7,0,5,73,0,78,0,8,77,0,85,52,2,54,139
12/14/2000,WJF,CA,AWP,WE,Federal Contract Tower,0,1,1,0,2,0,9,36,0,45,0,10,37,0,47,52,2,54,101
12/15/2000,WJF,CA,AWP,WE,Federal Contract Tower,0,1,2,0,3,0,9,56,0,65,0,10,58,0,68,94,0,94,162
12/16/2000,WJF,CA,AWP,WE,Federal Contract Tower,0,1,3,0,4,0,1,105,0,106,0,2,108,0,110,199,0,199,309
12/17/2000,WJF,CA,AWP,WE,Federal Contract Tower,0,0,2,0,2,0,0,89,0,89,0,0,91,0,91,207,0,207,298
12/18/2000,WJF,CA,AWP,WE,Federal Contract Tower,0,2,5,0,7,0,6,56,0,62,0,8,61,0,69,142,2,144,213
12/19/2000,WJF,CA,AWP,WE,Federal Contract Tower,0,1,4,0,5,0,11,58,0,69,0,12,62,0,74,189,2,191,265
12/20/2000,WJF,CA,AWP,WE,Federal Contract Tower,0,1,2,0,3,0,13,78,9,100,0,14,80,9,103,56,0,56,159
12/21/2000,WJF,CA,AWP,WE,Federal Contract Tower,0,0,2,0,2,0,12,79,0,91,0,12,81,0,93,82,0,82,175
12/22/2000,WJF,CA,AWP,WE,Federal Contract Tower,0,2,5,0,7,0,13,84,0,97,0,15,89,0,104,59,2,61,165
12/23/2000,WJF,CA,AWP,WE,Federal Contract Tower,0,1,3,0,4,0,7,137,0,144,0,8,140,0,148,189,0,189,337
12/24/2000,WJF,CA,AWP,WE,Federal Contract Tower,0,0,0,0,0,0,0,79,0,79,0,0,79,0,79,39,0,39,118
12/25/2000,WJF,CA,AWP,WE,Federal Contract Tower,0,0,1,0,1,0,0,24,0,24,0,0,25,0,25,2,0,2,27
12/26/2000,WJF,CA,AWP,WE,Federal Contract Tower,0,1,2,0,3,0,5,56,0,61,0,6,58,0,64,88,0,88,152
12/27/2000,WJF,CA,AWP,WE,Federal Contract Tower,0,5,9,0,14,0,32,98,0,130,0,37,107,0,144,228,14,242,386
12/28/2000,WJF,CA,AWP,WE,Federal Contract Tower,0,0,1,0,1,0,20,112,0,132,0,20,113,0,133,156,0,156,289
12/29/2000,WJF,CA,AWP,WE,Federal Contract Tower,0,2,5,0,7,0,24,184,0,208,0,26,189,0,215,227,0,227,442
12/30/2000,WJF,CA,AWP,WE,Federal Contract Tower,0,0,2,0,2,0,4,127,0,131,0,4,129,0,133,163,0,163,296
12/31/2000,WJF,CA,AWP,WE,Federal Contract Tower,0,0,0,0,0,0,0,71,0,71,0,0,71,0,71,129,0,129,200
01/01/2001,WJF,CA,AWP,WE,Federal Contract Tower,0,0,0,0,0,0,0,68,0,68,0,0,68,0,68,76,0,76,144
01/02/2001,WJF,CA,AWP,WE,Federal Contract Tower,0,2,2,0,4,0,14,44,0,58,0,16,46,0,62,219,0,219,281
01/03/2001,WJF,CA,AWP,WE,Federal Contract Tower,0,3,5,0,8,0,8,56,0,64,0,11,61,0,72,244,0,244,316
01/04/2001,WJF,CA,AWP,WE,Federal Contract Tower,0,4,6,0,10,0,38,120,0,158,0,42,126,0,168,328,0,328,496
01/05/2001,WJF,CA,AWP,WE,Federal Contract Tower,0,1,2,0,3,0,31,82,0,113,0,32,84,0,116,364,6,370,486
01/06/2001,WJF,CA,AWP,WE,Federal Contract Tower,0,2,2,0,4,0,0,153,0,153,0,2,155,0,157,176,6,182,339
01/07/2001,WJF,CA,AWP,WE,Federal Contract Tower,0,0,6,0,6,0,0,118,6,124,0,0,124,6,130,137,8,145,275
01/08/2001,WJF,CA,AWP,WE,Federal Contract Tower,0,4,7,0,11,0,0,19,2,21,0,4,26,2,32,87,8,95,127
01/09/2001,WJF,CA,AWP,WE,Federal Contract Tower,0,1,1,0,2,0,3,55,0,58,0,4,56,0,60,143,0,143,203
01/10/2001,WJF,CA,AWP,WE,Federal Contract Tower,0,3,4,0,7,0,0,37,0,37,0,3,41,0,44,90,0,90,134
01/11/2001,WJF,CA,AWP,WE,Federal Contract Tower,0,3,5,0,8,0,9,13,0,22,0,12,18,0,30,13,0,13,43
01/12/2001,WJF,CA,AWP,WE,Federal Contract Tower,0,2,4,0,6,0,4,22,0,26,0,6,26,0,32,44,10,54,86
01/13/2001,WJF,CA,AWP,WE,Federal Contract Tower,0,2,6,0,8,0,0,139,0,139,0,2,145,0,147,150,0,150,297
01/14/2001,WJF,CA,AWP,WE,Federal Contract Tower,0,0,5,0,5,0,0,112,0,112,0,0,117,0,117,183,0,183,300
01/15/2001,WJF,CA,AWP,WE,Federal Contract Tower,0,2,4,0,6,0,0,47,0,47,0,2,51,0,53,132,0,132,185
01/16/2001,WJF,CA,AWP,WE,Federal Contract Tower,0,1,4,0,5,0,5,47,0,52,0,6,51,0,57,68,0,68,125
01/17/2001,WJF,CA,AWP,WE,Federal Contract Tower,0,1,2,1,4,0,46,77,13,136,0,47,79,14,140,81,0,81,221
01/18/2001,WJF,CA,AWP,WE,Federal Contract Tower,0,3,8,1,12,0,49,78,1,128,0,52,86,2,140,132,2,134,274
01/19/2001,WJF,CA,AWP,WE,Federal Contract Tower,0,1,3,0,4,0,24,94,0,118,0,25,97,0,122,284,0,284,406
01/20/2001,WJF,CA,AWP,WE,Federal Contract Tower,0,1,4,0,5,0,18,170,0,188,0,19,174,0,193,185,0,185,378
01/21/2001,WJF,CA,AWP,WE,Federal Contract Tower,0,0,5,0,5,0,0,128,0,128,0,0,133,0,133,206,0,206,339
01/22/2001,WJF,CA,AWP,WE,Federal Contract Tower,0,1,5,0,6,0,35,77,0,112,0,36,82,0,118,284,0,284,402
01/23/2001,WJF,CA,AWP,WE,Federal Contract Tower,0,4,11,0,15,0,38,75,1,114,0,42,86,1,129,174,0,174,303
01/24/2001,WJF,CA,AWP,WE,Federal Contract Tower,0,1,5,0,6,0,2,7,4,13,0,3,12,4,19,10,0,10,29
01/25/2001,WJF,CA,AWP,WE,Federal Contract Tower,0,2,5,0,7,0,6,59,0,65,0,8,64,0,72,53,0,53,125
01/26/2001,WJF,CA,AWP,WE,Federal Contract Tower,0,1,4,0,5,0,10,12,0,22,0,11,16,0,27,30,0,30,57
01/27/2001,WJF,CA,AWP,WE,Federal Contract Tower,0,1,3,0,4,0,1,50,0,51,0,2,53,0,55,93,0,93,148
01/28/2001,WJF,CA,AWP,WE,Federal Contract Tower,0,0,6,0,6,0,0,113,0,113,0,0,119,0,119,141,0,141,260
01/29/2001,WJF,CA,AWP,WE,Federal Contract Tower,0,0,3,0,3,0,8,23,0,31,0,8,26,0,34,20,0,20,54
01/30/2001,WJF,CA,AWP,WE,Federal Contract Tower,0,2,7,0,9,0,2,43,2,47,0,4,50,2,56,69,18,87,143
01/31/2001,WJF,CA,AWP,WE,Federal Contract Tower,0,0,3,0,3,0,8,63,0,71,0,8,66,0,74,74,0,74,148
02/01/2001,WJF,CA,AWP,WE,Federal Contract Tower,0,3,4,0,7,0,12,86,0,98,0,15,90,0,105,114,0,114,219
02/02/2001,WJF,CA,AWP,WE,Federal Contract Tower,0,5,6,0,11,0,32,124,2,158,0,37,130,2,169,128,0,128,297
02/03/2001,WJF,CA,AWP,WE,Federal Contract Tower,0,2,2,0,4,0,34,144,0,178,0,36,146,0,182,135,0,135,317
02/04/2001,WJF,CA,AWP,WE,Federal Contract Tower,0,0,4,0,4,0,0,130,0,130,0,0,134,0,134,145,0,145,279
02/05/2001,WJF,CA,AWP,WE,Federal Contract Tower,0,3,4,0,7,0,49,107,0,156,0,52,111,0,163,214,0,214,377
02/06/2001,WJF,CA,AWP,WE,Federal Contract Tower,0,2,1,0,3,0,21,44,0,65,0,23,45,0,68,117,8,125,193
02/07/2001,WJF,CA,AWP,WE,Federal Contract Tower,0,2,2,0,4,0,4,17,0,21,0,6,19,0,25,24,0,24,49
02/08/2001,WJF,CA,AWP,WE,Federal Contract Tower,0,4,6,0,10,0,14,58,0,72,0,18,64,0,82,86,4,90,172
02/09/2001,WJF,CA,AWP,WE,Federal Contract Tower,0,5,8,0,13,0,5,40,0,45,0,10,48,0,58,44,0,44,102
02/10/2001,WJF,CA,AWP,WE,Federal Contract Tower,0,2,1,0,3,0,0,16,0,16,0,2,17,0,19,28,0,28,47
02/11/2001,WJF,CA,AWP,WE,Federal Contract Tower,0,0,0,0,0,0,0,23,0,23,0,0,23,0,23,90,0,90,113
02/12/2001,WJF,CA,AWP,WE,Federal Contract Tower,0,3,4,0,7,0,0,7,0,7,0,3,11,0,14,0,0,0,14
02/13/2001,WJF,CA,AWP,WE,Federal Contract Tower,0,3,5,0,8,0,4,0,0,4,0,7,5,0,12,0,0,0,12
02/14/2001,WJF,CA,AWP,WE,Federal Contract Tower,0,1,2,0,3,0,17,49,0,66,0,18,51,0,69,74,0,74,143
02/15/2001,WJF,CA,AWP,WE,Federal Contract Tower,0,1,2,0,3,0,10,68,0,78,0,11,70,0,81,108,0,108,189
02/16/2001,WJF,CA,AWP,WE,Federal Contract Tower,0,0,1,0,1,0,18,84,2,104,0,18,85,2,105,164,13,177,282
02/17/2001,WJF,CA,AWP,WE,Federal Contract Tower,0,1,3,0,4,0,1,160,0,161,0,2,163,0,165,142,0,142,307
02/18/2001,WJF,CA,AWP,WE,Federal Contract Tower,0,0,3,0,3,0,0,38,0,38,0,0,41,0,41,107,0,107,148
02/19/2001,WJF,CA,AWP,WE,Federal Contract Tower,0,1,4,0,5,0,1,38,0,39,0,2,42,0,44,50,0,50,94
02/20/2001,WJF,CA,AWP,WE,Federal Contract Tower,0,4,8,0,12,0,7,42,0,49,0,11,50,0,61,45,0,45,106
02/21/2001,WJF,CA,AWP,WE,Federal Contract Tower,0,3,6,0,9,0,5,86,0,91,0,8,92,0,100,168,0,168,268
02/22/2001,WJF,CA,AWP,WE,Federal Contract Tower,0,1,2,0,3,0,12,36,0,48,0,13,38,0,51,53,0,53,104
02/23/2001,WJF,CA,AWP,WE,Federal Contract Tower,0,3,7,0,10,0,5,34,0,39,0,8,41,0,49,14,0,14,63
02/24/2001,WJF,CA,AWP,WE,Federal Contract Tower,0,1,2,0,3,0,3,15,0,18,0,4,17,0,21,72,0,72,93
02/25/2001,WJF,CA,AWP,WE,Federal Contract Tower,0,0,3,0,3,0,0,30,0,30,0,0,33,0,33,92,0,92,125
02/26/2001,WJF,CA,AWP,WE,Federal Contract Tower,0,4,7,0,11,0,5,10,0,15,0,9,17,0,26,20,0,20,46
02/27/2001,WJF,CA,AWP,WE,Federal Contract Tower,0,4,9,0,13,0,5,25,0,30,0,9,34,0,43,84,0,84,127
02/28/2001,WJF,CA,AWP,WE,Federal Contract Tower,0,2,5,0,7,0,11,34,0,45,0,13,39,0,52,51,0,51,103
03/01/2001,WJF,CA,AWP,WE,Federal Contract Tower,0,2,2,0,4,0,6,44,0,50,0,8,46,0,54,197,14,211,265
03/02/2001,WJF,CA,AWP,WE,Federal Contract Tower,0,2,4,0,6,0,1,55,0,56,0,3,59,0,62,69,2,71,133
03/03/2001,WJF,CA,AWP,WE,Federal Contract Tower,0,2,6,0,8,0,0,153,1,154,0,2,159,1,162,237,8,245,407
03/04/2001,WJF,CA,AWP,WE,Federal Contract Tower,0,0,1,0,1,0,0,62,2,64,0,0,63,2,65,123,2,125,190
03/05/2001,WJF,CA,AWP,WE,Federal Contract Tower,0,3,4,0,7,0,5,29,0,34,0,8,33,0,41,27,4,31,72
03/06/2001,WJF,CA,AWP,WE,Federal Contract Tower,0,1,4,0,5,0,5,12,0,17,0,6,16,0,22,77,0,77,99
03/07/2001,WJF,CA,AWP,WE,Federal Contract Tower,0,1,4,0,5,0,5,48,0,53,0,6,52,0,58,79,4,83,141
03/08/2001,WJF,CA,AWP,WE,Federal Contract Tower,0,2,4,1,7,0,11,92,1,104,0,13,96,2,111,160,4,164,275
03/09/2001,WJF,CA,AWP,WE,Federal Contract Tower,0,4,9,0,13,0,4,33,0,37,0,8,42,0,50,30,0,30,80
03/10/2001,WJF,CA,AWP,WE,Federal Contract Tower,0,0,1,0,1,0,2,81,0,83,0,2,82,0,84,159,0,159,243
03/11/2001,WJF,CA,AWP,WE,Federal Contract Tower,0,0,2,0,2,0,0,133,0,133,0,0,135,0,135,93,0,93,228
03/12/2001,WJF,CA,AWP,WE,Federal Contract Tower,0,1,3,0,4,0,14,59,0,73,0,15,62,0,77,264,0,264,341
03/13/2001,WJF,CA,AWP,WE,Federal Contract Tower,0,4,9,0,13,0,8,82,0,90,0,12,91,0,103,190,0,190,293
03/14/2001,WJF,CA,AWP,WE,Federal Contract Tower,0,3,6,1,10,0,19,54,3,76,0,22,60,4,86,72,12,84,170
03/15/2001,WJF,CA,AWP,WE,Federal Contract Tower,0,1,3,1,5,0,9,109,9,127,0,10,112,10,132,164,2,166,298
03/16/2001,WJF,CA,AWP,WE,Federal Contract Tower,0,0,2,1,3,0,10,67,1,78,0,10,69,2,81,33,0,33,114
03/17/2001,WJF,CA,AWP,WE,Federal Contract Tower,0,1,3,0,4,0,1,156,0,157,0,2,159,0,161,255,0,255,416
03/18/2001,WJF,CA,AWP,WE,Federal Contract Tower,0,0,4,0,4,0,0,155,0,155,0,0,159,0,159,188,0,188,347
03/19/2001,WJF,CA,AWP,WE,Federal Contract Tower,0,1,5,0,6,0,11,94,2,107,0,12,99,2,113,102,0,102,215
03/20/2001,WJF,CA,AWP,WE,Federal Contract Tower,0,1,4,0,5,0,5,123,0,128,0,6,127,0,133,154,0,154,287
03/21/2001,WJF,CA,AWP,WE,Federal Contract Tower,0,2,7,0,9,0,11,99,0,110,0,13,106,0,119,162,0,162,281
03/22/2001,WJF,CA,AWP,WE,Federal Contract Tower,0,3,8,0,11,0,24,69,0,93,0,27,77,0,104,64,4,68,172
03/23/2001,WJF,CA,AWP,WE,Federal Contract Tower,0,2,7,0,9,0,6,86,0,92,0,8,93,0,101,136,0,136,237
03/24/2001,WJF,CA,AWP,WE,Federal Contract Tower,0,2,5,0,7,0,0,139,0,139,0,2,144,0,146,107,0,107,253
03/25/2001,WJF,CA,AWP,WE,Federal Contract Tower,0,0,4,0,4,0,0,62,0,62,0,0,66,0,66,126,0,126,192
03/26/2001,WJF,CA,AWP,WE,Federal Contract Tower,0,3,7,0,10,0,7,57,2,66,0,10,64,2,76,52,0,52,128
03/27/2001,WJF,CA,AWP,WE,Federal Contract Tower,0,1,5,0,6,0,3,110,0,113,0,4,115,0,119,150,4,154,273
03/28/2001,WJF,CA,AWP,WE,Federal Contract Tower,0,0,3,0,3,0,4,49,0,53,0,4,52,0,56,60,2,62,118
03/29/2001,WJF,CA,AWP,WE,Federal Contract Tower,0,1,5,0,6,0,9,65,0,74,0,10,70,0,80,81,8,89,169
03/30/2001,WJF,CA,AWP,WE,Federal Contract Tower,0,2,7,0,9,0,2,87,0,89,0,4,94,0,98,48,0,48,146
03/31/2001,WJF,CA,AWP,WE,Federal Contract Tower,0,2,10,0,12,0,0,170,0,170,0,2,180,0,182,273,0,273,455
04/01/2001,WJF,CA,AWP,WE,Federal Contract Tower,0,0,1,0,1,0,0,142,0,142,0,0,143,0,143,63,0,63,206
04/02/2001,WJF,CA,AWP,WE,Federal Contract Tower,0,1,12,0,13,0,7,59,2,68,0,8,71,2,81,28,0,28,109
04/03/2001,WJF,CA,AWP,WE,Federal Contract Tower,0,5,12,0,17,0,5,43,6,54,0,10,55,6,71,48,0,48,119
04/04/2001,WJF,CA,AWP,WE,Federal Contract Tower,0,2,3,0,5,0,2,41,0,43,0,4,44,0,48,76,0,76,124
04/05/2001,WJF,CA,AWP,WE,Federal Contract Tower,0,2,1,0,3,0,6,68,4,78,0,8,69,4,81,82,0,82,163
04/06/2001,WJF,CA,AWP,WE,Federal Contract Tower,0,0,1,0,1,0,8,48,4,60,0,8,49,4,61,59,0,59,120
04/07/2001,WJF,CA,AWP,WE,Federal Contract Tower,0,2,2,0,4,0,0,15,1,16,0,2,17,1,20,2,0,2,22
04/08/2001,WJF,CA,AWP,WE,Federal Contract Tower,0,0,6,0,6,0,0,116,1,117,0,0,122,1,123,168,0,168,291
04/09/2001,WJF,CA,AWP,WE,Federal Contract Tower,0,0,4,0,4,0,4,19,0,23,0,4,23,0,27,35,0,35,62
04/10/2001,WJF,CA,AWP,WE,Federal Contract Tower,0,3,11,0,14,0,5,72,6,83,0,8,83,6,97,92,0,92,189
04/11/2001,WJF,CA,AWP,WE,Federal Contract Tower,0,1,4,0,5,0,5,56,2,63,0,6,60,2,68,52,0,52,120
04/12/2001,WJF,CA,AWP,WE,Federal Contract Tower,0,1,7,0,8,0,7,72,6,85,0,8,79,6,93,114,0,114,207
04/13/2001,WJF,CA,AWP,WE,Federal Contract Tower,0,2,4,0,6,0,11,87,10,108,0,13,91,10,114,164,2,166,280
04/14/2001,WJF,CA,AWP,WE,Federal Contract Tower,0,0,12,0,12,0,2,192,0,194,0,2,204,0,206,172,0,172,378
04/15/2001,WJF,CA,AWP,WE,Federal Contract Tower,0,0,4,0,4,0,0,121,0,121,0,0,125,0,125,91,0,91,216
04/16/2001,WJF,CA,AWP,WE,Federal Contract Tower,0,1,7,0,8,0,3,92,0,95,0,4,99,0,103,70,6,76,179
04/17/2001,WJF,CA,AWP,WE,Federal Contract Tower,0,0,8,1,9,0,8,101,3,112,0,8,109,4,121,167,0,167,288
04/18/2001,WJF,CA,AWP,WE,Federal Contract Tower,0,0,7,0,7,0,4,89,0,93,0,4,96,0,100,102,0,102,202
04/19/2001,WJF,CA,AWP,WE,Federal Contract Tower,0,0,0,0,0,0,6,69,0,75,0,6,69,0,75,123,0,123,198
04/20/2001,WJF,CA,AWP,WE,Federal Contract Tower,0,4,5,0,9,0,4,42,5,51,0,8,47,5,60,47,4,51,111
04/21/2001,WJF,CA,AWP,WE,Federal Contract Tower,0,1,6,0,7,0,1,37,0,38,0,2,43,0,45,32,0,32,77
04/22/2001,WJF,CA,AWP,WE,Federal Contract Tower,0,0,1,0,1,0,0,179,0,179,0,0,180,0,180,219,0,219,399
04/23/2001,WJF,CA,AWP,WE,Federal Contract Tower,0,0,1,0,1,0,4,108,0,112,0,4,109,0,113,420,0,420,533
04/24/2001,WJF,CA,AWP,WE,Federal Contract Tower,0,0,3,0,3,0,9,112,2,123,0,9,115,2,126,303,6,309,435
04/25/2001,WJF,CA,AWP,WE,Federal Contract Tower,0,0,6,0,6,0,8,109,10,127,0,8,115,10,133,408,4,412,545
04/26/2001,WJF,CA,AWP,WE,Federal Contract Tower,0,2,7,0,9,0,11,106,0,117,0,13,113,0,126,320,2,322,448
04/27/2001,WJF,CA,AWP,WE,Federal Contract Tower,0,0,0,0,0,0,9,99,0,108,0,9,99,0,108,96,0,96,204
04/28/2001,WJF,CA,AWP,WE,Federal Contract Tower,0,0,4,0,4,0,4,83,0,87,0,4,87,0,91,58,16,74,165
04/29/2001,WJF,CA,AWP,WE,Federal Contract Tower,0,0,0,0,0,0,0,159,0,159,0,0,159,0,159,139,0,139,298
04/30/2001,WJF,CA,AWP,WE,Federal Contract Tower,0,1,6,0,7,0,13,116,0,129,0,14,122,0,136,94,0,94,230
05/01/2001,WJF,CA,AWP,WE,Federal Contract Tower,0,0,3,0,3,0,10,63,0,73,0,10,66,0,76,68,0,68,144
05/02/2001,WJF,CA,AWP,WE,Federal Contract Tower,0,0,2,0,2,0,6,48,0,54,0,6,50,0,56,28,4,32,88
05/03/2001,WJF,CA,AWP,WE,Federal Contract Tower,0,2,1,0,3,0,4,60,1,65,0,6,61,1,68,33,0,33,101
05/04/2001,WJF,CA,AWP,WE,Federal Contract Tower,0,3,0,0,3,0,9,111,3,123,0,12,111,3,126,119,3,122,248
05/05/2001,WJF,CA,AWP,WE,Federal Contract Tower,0,0,4,0,4,0,2,134,0,136,0,2,138,0,140,224,0,224,364
05/06/2001,WJF,CA,AWP,WE,Federal Contract Tower,0,0,5,0,5,0,0,138,0,138,0,0,143,0,143,192,0,192,335
05/07/2001,WJF,CA,AWP,WE,Federal Contract Tower,0,2,3,0,5,0,5,70,0,75,0,7,73,0,80,146,0,146,226
05/08/2001,WJF,CA,AWP,WE,Federal Contract Tower,0,0,3,0,3,0,4,78,0,82,0,4,81,0,85,70,0,70,155
05/09/2001,WJF,CA,AWP,WE,Federal Contract Tower,0,0,4,0,4,0,10,78,0,88,0,10,82,0,92,67,0,67,159
05/10/2001,WJF,CA,AWP,WE,Federal Contract Tower,0,0,0,0,0,0,7,81,0,88,0,7,81,0,88,41,4,45,133
05/11/2001,WJF,CA,AWP,WE,Federal Contract Tower,0,0,4,0,4,0,8,111,2,121,0,8,115,2,125,134,0,134,259
05/12/2001,WJF,CA,AWP,WE,Federal Contract Tower,0,0,8,0,8,0,2,117,2,121,0,2,125,2,129,177,0,177,306
05/13/2001,WJF,CA,AWP,WE,Federal Contract Tower,0,0,5,0,5,0,0,114,0,114,0,0,119,0,119,77,0,77,196
05/14/2001,WJF,CA,AWP,WE,Federal Contract Tower,0,4,3,0,7,0,5,86,0,91,0,9,89,0,98,79,0,79,177
05/15/2001,WJF,CA,AWP,WE,Federal Contract Tower,0,0,8,0,8,0,6,67,8,81,0,6,75,8,89,60,0,60,149
05/16/2001,WJF,CA,AWP,WE,Federal Contract Tower,0,2,8,1,11,0,6,75,1,82,0,8,83,2,93,74,2,76,169
05/17/2001,WJF,CA,AWP,WE,Federal Contract Tower,0,0,2,0,2,0,4,95,0,99,0,4,97,0,101,148,0,148,249
05/18/2001,WJF,CA,AWP,WE,Federal Contract Tower,0,0,6,0,6,0,4,115,0,119,0,4,121,0,125,95,0,95,220
05/19/2001,WJF,CA,AWP,WE,Federal Contract Tower,0,0,5,0,5,0,2,112,0,114,0,2,117,0,119,86,0,86,205
05/20/2001,WJF,CA,AWP,WE,Federal Contract Tower,0,0,2,0,2,0,0,149,2,151,0,0,151,2,153,107,0,107,260
05/21/2001,WJF,CA,AWP,WE,Federal Contract Tower,0,1,6,0,7,0,9,59,2,70,0,10,65,2,77,103,0,103,180
05/22/2001,WJF,CA,AWP,WE,Federal Contract Tower,0,1,5,1,7,0,9,126,3,138,0,10,131,4,145,84,10,94,239
05/23/2001,WJF,CA,AWP,WE,Federal Contract Tower,0,1,4,0,5,0,10,102,0,112,0,11,106,0,117,90,2,92,209
05/24/2001,WJF,CA,AWP,WE,Federal Contract Tower,0,2,8,0,10,0,6,72,2,80,0,8,80,2,90,69,0,69,159
05/25/2001,WJF,CA,AWP,WE,Federal Contract Tower,0,0,7,0,7,0,6,91,0,97,0,6,98,0,104,100,2,102,206
05/26/2001,WJF,CA,AWP,WE,Federal Contract Tower,0,0,6,0,6,0,2,137,0,139,0,2,143,0,145,138,0,138,283
05/27/2001,WJF,CA,AWP,WE,Federal Contract Tower,0,0,7,0,7,0,0,104,0,104,0,0,111,0,111,96,0,96,207
05/28/2001,WJF,CA,AWP,WE,Federal Contract Tower,0,0,5,0,5,0,0,131,0,131,0,0,136,0,136,18,0,18,154
05/29/2001,WJF,CA,AWP,WE,Federal Contract Tower,0,0,7,1,8,0,4,82,1,87,0,4,89,2,95,94,6,100,195
05/30/2001,WJF,CA,AWP,WE,Federal Contract Tower,0,0,3,0,3,0,6,84,0,90,0,6,87,0,93,66,0,66,159
05/31/2001,WJF,CA,AWP,WE,Federal Contract Tower,0,0,6,0,6,0,5,72,3,80,0,5,78,3,86,79,10,89,175
06/01/2001,WJF,CA,AWP,WE,Federal Contract Tower,0,0,0,0,0,0,5,54,1,60,0,5,54,1,60,68,6,74,134
06/02/2001,WJF,CA,AWP,WE,Federal Contract Tower,0,0,5,0,5,0,4,80,10,94,0,4,85,10,99,126,0,126,225
06/03/2001,WJF,CA,AWP,WE,Federal Contract Tower,0,0,4,0,4,0,0,68,0,68,0,0,72,0,72,54,0,54,126
06/04/2001,WJF,CA,AWP,WE,Federal Contract Tower,0,0,2,0,2,0,6,79,0,85,0,6,81,0,87,84,0,84,171
06/05/2001,WJF,CA,AWP,WE,Federal Contract Tower,0,2,5,1,8,0,6,67,1,74,0,8,72,2,82,52,2,54,136
06/06/2001,WJF,CA,AWP,WE,Federal Contract Tower,0,2,0,0,2,0,8,80,0,88,0,10,80,0,90,84,4,88,178
06/07/2001,WJF,CA,AWP,WE,Federal Contract Tower,0,5,9,0,14,0,7,112,2,121,0,12,121,2,135,70,0,70,205
06/08/2001,WJF,CA,AWP,WE,Federal Contract Tower,0,1,6,0,7,0,13,122,6,141,0,14,128,6,148,116,0,116,264
06/09/2001,WJF,CA,AWP,WE,Federal Contract Tower,0,0,10,0,10,0,2,93,0,95,0,2,103,0,105,148,0,148,253
06/10/2001,WJF,CA,AWP,WE,Federal Contract Tower,0,0,2,0,2,0,0,121,0,121,0,0,123,0,123,148,0,148,271
06/11/2001,WJF,CA,AWP,WE,Federal Contract Tower,0,0,2,0,2,0,6,84,0,90,0,6,86,0,92,62,0,62,154
06/12/2001,WJF,CA,AWP,WE,Federal Contract Tower,0,0,7,0,7,0,8,43,0,51,0,8,50,0,58,2,6,8,66
06/13/2001,WJF,CA,AWP,WE,Federal Contract Tower,0,1,4,0,5,0,10,75,2,87,0,11,79,2,92,56,0,56,148
06/14/2001,WJF,CA,AWP,WE,Federal Contract Tower,0,1,5,1,7,0,7,130,9,146,0,8,135,10,153,94,4,98,251
06/15/2001,WJF,CA,AWP,WE,Federal Contract Tower,0,0,4,0,4,0,5,131,2,138,0,5,135,2,142,182,9,191,333
06/16/2001,WJF,CA,AWP,WE,Federal Contract Tower,0,0,3,0,3,0,4,219,0,223,0,4,222,0,226,107,0,107,333
06/17/2001,WJF,CA,AWP,WE,Federal Contract Tower,0,0,2,0,2,0,0,97,0,97,0,0,99,0,99,94,0,94,193
06/18/2001,WJF,CA,AWP,WE,Federal Contract Tower,0,0,3,0,3,0,4,109,0,113,0,4,112,0,116,63,0,63,179
06/19/2001,WJF,CA,AWP,WE,Federal Contract Tower,0,0,7,0,7,0,10,103,0,113,0,10,110,0,120,60,0,60,180
06/20/2001,WJF,CA,AWP,WE,Federal Contract Tower,0,1,7,0,8,0,7,84,0,91,0,8,91,0,99,34,0,34,133
06/21/2001,WJF,CA,AWP,WE,Federal Contract Tower,0,0,2,0,2,0,8,98,0,106,0,8,100,0,108,42,0,42,150
06/22/2001,WJF,CA,AWP,WE,Federal Contract Tower,0,0,5,0,5,0,6,129,0,135,0,6,134,0,140,108,0,108,248
06/23/2001,WJF,CA,AWP,WE,Federal Contract Tower,0,0,8,0,8,0,2,119,0,121,0,2,127,0,129,123,0,123,252
06/24/2001,WJF,CA,AWP,WE,Federal Contract Tower,0,0,6,0,6,0,0,114,0,114,0,0,120,0,120,91,2,93,213
06/25/2001,WJF,CA,AWP,WE,Federal Contract Tower,0,0,5,0,5,0,4,100,0,104,0,4,105,0,109,21,0,21,130
06/26/2001,WJF,CA,AWP,WE,Federal Contract Tower,0,0,10,0,10,0,6,67,6,79,0,6,77,6,89,42,0,42,131
06/27/2001,WJF,CA,AWP,WE,Federal Contract Tower,0,1,10,1,12,0,5,83,1,89,0,6,93,2,101,79,2,81,182
06/28/2001,WJF,CA,AWP,WE,Federal Contract Tower,0,1,4,3,8,0,5,128,7,140,0,6,132,10,148,54,4,58,206
06/29/2001,WJF,CA,AWP,WE,Federal Contract Tower,0,0,3,0,3,0,4,124,8,136,0,4,127,8,139,54,0,54,193
06/30/2001,WJF,CA,AWP,WE,Federal Contract Tower,0,0,0,0,0,0,2,125,0,127,0,2,125,0,127,196,0,196,323
07/01/2001,WJF,CA,AWP,WE,Federal Contract Tower,0,0,5,0,5,0,2,125,0,127,0,2,130,0,132,100,0,100,232
07/02/2001,WJF,CA,AWP,WE,Federal Contract Tower,0,0,7,0,7,0,6,98,0,104,0,6,105,0,111,83,0,83,194
07/03/2001,WJF,CA,AWP,WE,Federal Contract Tower,0,0,0,0,0,0,4,61,0,65,0,4,61,0,65,50,0,50,115
07/04/2001,WJF,CA,AWP,WE,Federal Contract Tower,0,0,2,0,2,0,0,58,0,58,0,0,60,0,60,66,0,66,126
07/05/2001,WJF,CA,AWP,WE,Federal Contract Tower,0,0,2,0,2,0,8,66,0,74,0,8,68,0,76,46,0,46,122
07/06/2001,WJF,CA,AWP,WE,Federal Contract Tower,0,0,2,0,2,0,4,63,0,67,0,4,65,0,69,106,0,106,175
07/07/2001,WJF,CA,AWP,WE,Federal Contract Tower,0,0,1,0,1,0,2,114,0,116,0,2,115,0,117,106,0,106,223
07/08/2001,WJF,CA,AWP,WE,Federal Contract Tower,0,0,5,0,5,0,0,102,0,102,0,0,107,0,107,160,0,160,267
07/09/2001,WJF,CA,AWP,WE,Federal Contract Tower,0,0,0,0,0,0,6,79,10,95,0,6,79,10,95,114,0,114,209
07/10/2001,WJF,CA,AWP,WE,Federal Contract Tower,0,0,5,0,5,0,10,101,0,111,0,10,106,0,116,118,0,118,234
07/11/2001,WJF,CA,AWP,WE,Federal Contract Tower,0,1,2,0,3,0,3,101,6,110,0,4,103,6,113,136,0,136,249
07/12/2001,WJF,CA,AWP,WE,Federal Contract Tower,0,0,0,1,1,0,4,65,1,70,0,4,65,2,71,81,4,85,156
07/13/2001,WJF,CA,AWP,WE,Federal Contract Tower,0,2,0,0,2,0,0,63,2,65,0,2,63,2,67,66,2,68,135
07/14/2001,WJF,CA,AWP,WE,Federal Contract Tower,0,0,12,0,12,0,2,127,2,131,0,2,139,2,143,188,0,188,331
07/15/2001,WJF,CA,AWP,WE,Federal Contract Tower,0,0,3,0,3,0,0,110,10,120,0,0,113,10,123,110,0,110,233
07/16/2001,WJF,CA,AWP,WE,Federal Contract Tower,0,0,0,0,0,0,14,58,0,72,0,14,58,0,72,40,0,40,112
07/17/2001,WJF,CA,AWP,WE,Federal Contract Tower,0,1,3,0,4,0,3,90,6,99,0,4,93,6,103,80,0,80,183
07/18/2001,WJF,CA,AWP,WE,Federal Contract Tower,0,0,2,0,2,0,4,50,2,56,0,4,52,2,58,57,12,69,127
07/19/2001,WJF,CA,AWP,WE,Federal Contract Tower,0,1,1,0,2,0,3,86,0,89,0,4,87,0,91,118,0,118,209
07/20/2001,WJF,CA,AWP,WE,Federal Contract Tower,0,0,6,0,6,0,11,60,0,71,0,11,66,0,77,114,0,114,191
07/21/2001,WJF,CA,AWP,WE,Federal Contract Tower,0,0,3,0,3,0,2,115,0,117,0,2,118,0,120,123,0,123,243
07/22/2001,WJF,CA,AWP,WE,Federal Contract Tower,0,0,2,0,2,0,0,134,2,136,0,0,136,2,138,156,0,156,294
07/23/2001,WJF,CA,AWP,WE,Federal Contract Tower,0,0,2,0,2,0,4,61,0,65,0,4,63,0,67,76,0,76,143
07/24/2001,WJF,CA,AWP,WE,Federal Contract Tower,0,3,4,0,7,0,5,91,3,99,0,8,95,3,106,176,30,206,312
07/25/2001,WJF,CA,AWP,WE,Federal Contract Tower,0,1,5,0,6,0,5,102,12,119,0,6,107,12,125,105,0,105,230
07/26/2001,WJF,CA,AWP,WE,Federal Contract Tower,0,3,5,0,8,0,19,84,2,105,0,22,89,2,113,92,0,92,205
07/27/2001,WJF,CA,AWP,WE,Federal Contract Tower,0,1,0,0,1,0,15,113,0,128,0,16,113,0,129,98,6,104,233
07/28/2001,WJF,CA,AWP,WE,Federal Contract Tower,0,0,4,0,4,0,2,107,0,109,0,2,111,0,113,86,0,86,199
07/29/2001,WJF,CA,AWP,WE,Federal Contract Tower,0,0,3,0,3,0,0,125,0,125,0,0,128,0,128,87,0,87,215
07/30/2001,WJF,CA,AWP,WE,Federal Contract Tower,0,2,4,0,6,0,4,59,0,63,0,6,63,0,69,83,2,85,154
07/31/2001,WJF,CA,AWP,WE,Federal Contract Tower,0,0,3,1,4,0,6,85,1,92,0,6,88,2,96,128,0,128,224
08/01/2001,WJF,CA,AWP,WE,Federal Contract Tower,0,1,3,0,4,0,6,79,2,87,0,7,82,2,91,131,0,131,222
08/02/2001,WJF,CA,AWP,WE,Federal Contract Tower,0,1,4,0,5,0,4,70,0,74,0,5,74,0,79,125,0,125,204
08/03/2001,WJF,CA,AWP,WE,Federal Contract Tower,0,1,7,0,8,0,5,111,0,116,0,6,118,0,124,128,0,128,252
08/04/2001,WJF,CA,AWP,WE,Federal Contract Tower,0,0,10,0,10,0,2,115,0,117,0,2,125,0,127,162,0,162,289
08/05/2001,WJF,CA,AWP,WE,Federal Contract Tower,0,0,5,0,5,0,0,140,2,142,0,0,145,2,147,153,0,153,300
08/06/2001,WJF,CA,AWP,WE,Federal Contract Tower,0,1,6,0,7,0,5,63,0,68,0,6,69,0,75,73,0,73,148
08/07/2001,WJF,CA,AWP,WE,Federal Contract Tower,0,1,3,0,4,0,5,68,0,73,0,6,71,0,77,70,0,70,147
08/08/2001,WJF,CA,AWP,WE,Federal Contract Tower,0,2,4,2,8,0,10,65,2,77,0,12,69,4,85,45,0,45,130
08/09/2001,WJF,CA,AWP,WE,Federal Contract Tower,0,2,1,0,3,0,6,55,0,61,0,8,56,0,64,73,4,77,141
08/10/2001,WJF,CA,AWP,WE,Federal Contract Tower,0,1,6,0,7,0,5,99,0,104,0,6,105,0,111,149,2,151,262
08/11/2001,WJF,CA,AWP,WE,Federal Contract Tower,0,0,2,0,2,0,2,142,0,144,0,2,144,0,146,88,0,88,234
08/12/2001,WJF,CA,AWP,WE,Federal Contract Tower,0,0,4,0,4,0,0,132,0,132,0,0,136,0,136,128,0,128,264
08/13/2001,WJF,CA,AWP,WE,Federal Contract Tower,0,0,4,0,4,0,4,83,0,87,0,4,87,0,91,48,0,48,139
08/14/2001,WJF,CA,AWP,WE,Federal Contract Tower,0,2,4,0,6,0,12,101,0,113,0,14,105,0,119,100,0,100,219
08/15/2001,WJF,CA,AWP,WE,Federal Contract Tower,0,0,1,0,1,0,10,84,2,96,0,10,85,2,97,86,0,86,183
08/16/2001,WJF,CA,AWP,WE,Federal Contract Tower,0,3,3,0,6,0,12,82,0,94,0,15,85,0,100,70,2,72,172
08/17/2001,WJF,CA,AWP,WE,Federal Contract Tower,0,0,1,0,1,0,3,73,0,76,0,3,74,0,77,76,2,78,155
08/18/2001,WJF,CA,AWP,WE,Federal Contract Tower,0,0,4,0,4,0,2,110,0,112,0,2,114,0,116,159,0,159,275
08/19/2001,WJF,CA,AWP,WE,Federal Contract Tower,0,0,2,0,2,0,0,75,0,75,0,0,77,0,77,57,0,57,134
08/20/2001,WJF,CA,AWP,WE,Federal Contract Tower,0,0,2,1,3,0,11,100,1,112,0,11,102,2,115,75,0,75,190
08/21/2001,WJF,CA,AWP,WE,Federal Contract Tower,0,2,6,0,8,0,8,60,0,68,0,10,66,0,76,26,0,26,102
08/22/2001,WJF,CA,AWP,WE,Federal Contract Tower,0,0,5,0,5,0,5,58,0,63,0,5,63,0,68,120,0,120,188
08/23/2001,WJF,CA,AWP,WE,Federal Contract Tower,0,2,8,0,10,0,8,76,0,84,0,10,84,0,94,158,0,158,252
08/24/2001,WJF,CA,AWP,WE,Federal Contract Tower,0,0,2,0,2,0,8,84,0,92,0,8,86,0,94,123,4,127,221
08/25/2001,WJF,CA,AWP,WE,Federal Contract Tower,0,0,0,0,0,0,2,106,0,108,0,2,106,0,108,135,0,135,243
08/26/2001,WJF,CA,AWP,WE,Federal Contract Tower,0,0,4,0,4,0,0,184,10,194,0,0,188,10,198,143,0,143,341
08/27/2001,WJF,CA,AWP,WE,Federal Contract Tower,0,0,3,0,3,0,4,133,0,137,0,4,136,0,140,82,0,82,222
08/28/2001,WJF,CA,AWP,WE,Federal Contract Tower,0,1,6,0,7,0,13,82,9,104,0,14,88,9,111,134,0,134,245
08/29/2001,WJF,CA,AWP,WE,Federal Contract Tower,0,0,3,0,3,0,10,69,5,84,0,10,72,5,87,60,2,62,149
08/30/2001,WJF,CA,AWP,WE,Federal Contract Tower,0,2,3,1,6,0,8,76,0,84,0,10,79,1,90,115,4,119,209
08/31/2001,WJF,CA,AWP,WE,Federal Contract Tower,0,1,4,0,5,0,3,118,4,125,0,4,122,4,130,80,0,80,210
09/01/2001,WJF,CA,AWP,WE,Federal Contract Tower,0,0,0,0,0,0,2,136,0,138,0,2,136,0,138,106,0,106,244
09/02/2001,WJF,CA,AWP,WE,Federal Contract Tower,0,0,0,0,0,0,0,79,0,79,0,0,79,0,79,123,0,123,202
09/03/2001,WJF,CA,AWP,WE,Federal Contract Tower,0,0,0,0,0,0,0,109,0,109,0,0,109,0,109,120,0,120,229
09/04/2001,WJF,CA,AWP,WE,Federal Contract Tower,0,2,3,2,7,0,8,80,0,88,0,10,83,2,95,92,0,92,187
09/05/2001,WJF,CA,AWP,WE,Federal Contract Tower,0,1,3,2,6,0,11,86,2,99,0,12,89,4,105,126,0,126,231
09/06/2001,WJF,CA,AWP,WE,Federal Contract Tower,0,3,3,2,8,0,6,86,2,94,0,9,89,4,102,35,2,37,139
09/07/2001,WJF,CA,AWP,WE,Federal Contract Tower,0,1,3,0,4,0,11,62,0,73,0,12,65,0,77,94,2,96,173
09/08/2001,WJF,CA,AWP,WE,Federal Contract Tower,0,1,1,2,4,0,1,101,8,110,0,2,102,10,114,195,0,195,309
09/09/2001,WJF,CA,AWP,WE,Federal Contract Tower,0,0,7,0,7,0,0,108,0,108,0,0,115,0,115,127,0,127,242
09/10/2001,WJF,CA,AWP,WE,Federal Contract Tower,0,1,5,0,6,0,7,85,0,92,0,8,90,0,98,153,10,163,261
09/11/2001,WJF,CA,AWP,WE,Federal Contract Tower,0,0,0,0,0,0,0,0,0,0,0,0,0,0,0,0,0,0,0
09/12/2001,WJF,CA,AWP,WE,Federal Contract Tower,0,0,0,0,0,0,0,3,0,3,0,0,3,0,3,0,0,0,3
09/13/2001,WJF,CA,AWP,WE,Federal Contract Tower,0,0,0,0,0,0,0,4,0,4,0,0,4,0,4,0,4,4,8
09/14/2001,WJF,CA,AWP,WE,Federal Contract Tower,0,2,9,0,11,0,4,10,0,14,0,6,19,0,25,0,0,0,25
09/15/2001,WJF,CA,AWP,WE,Federal Contract Tower,0,0,19,0,19,0,2,12,0,14,0,2,31,0,33,0,0,0,33
09/16/2001,WJF,CA,AWP,WE,Federal Contract Tower,0,1,15,0,16,0,0,22,0,22,0,1,37,0,38,0,0,0,38
09/17/2001,WJF,CA,AWP,WE,Federal Contract Tower,0,8,33,0,41,0,0,1,0,1,0,8,34,0,42,0,0,0,42
09/18/2001,WJF,CA,AWP,WE,Federal Contract Tower,0,6,31,4,41,0,4,8,0,12,0,10,39,4,53,0,0,0,53
09/19/2001,WJF,CA,AWP,WE,Federal Contract Tower,0,3,29,0,32,0,2,6,0,8,0,5,35,0,40,2,0,2,42
09/20/2001,WJF,CA,AWP,WE,Federal Contract Tower,0,4,12,0,16,0,2,90,0,92,0,6,102,0,108,22,0,22,130
09/21/2001,WJF,CA,AWP,WE,Federal Contract Tower,0,0,12,0,12,0,6,94,0,100,0,6,106,0,112,52,0,52,164
09/22/2001,WJF,CA,AWP,WE,Federal Contract Tower,0,0,0,0,0,0,2,146,8,156,0,2,146,8,156,126,2,128,284
09/23/2001,WJF,CA,AWP,WE,Federal Contract Tower,0,0,8,0,8,0,0,122,0,122,0,0,130,0,130,169,0,169,299
09/24/2001,WJF,CA,AWP,WE,Federal Contract Tower,0,0,1,0,1,0,5,59,0,64,0,5,60,0,65,88,0,88,153
09/25/2001,WJF,CA,AWP,WE,Federal Contract Tower,0,2,7,1,10,0,5,69,7,81,0,7,76,8,91,54,0,54,145
09/26/2001,WJF,CA,AWP,WE,Federal Contract Tower,0,0,3,0,3,0,4,58,0,62,0,4,61,0,65,49,0,49,114
09/27/2001,WJF,CA,AWP,WE,Federal Contract Tower,0,0,5,0,5,0,3,74,0,77,0,3,79,0,82,79,0,79,161
09/28/2001,WJF,CA,AWP,WE,Federal Contract Tower,0,0,6,0,6,0,6,117,0,123,0,6,123,0,129,138,0,138,267
09/29/2001,WJF,CA,AWP,WE,Federal Contract Tower,0,0,3,0,3,0,2,134,0,136,0,2,137,0,139,166,0,166,305
09/30/2001,WJF,CA,AWP,WE,Federal Contract Tower,0,0,7,0,7,0,0,116,0,116,0,0,123,0,123,117,0,117,240
10/01/2001,WJF,CA,AWP,WE,Federal Contract Tower,0,0,3,0,3,0,4,70,0,74,0,4,73,0,77,56,0,56,133
10/02/2001,WJF,CA,AWP,WE,Federal Contract Tower,0,2,9,0,11,0,11,80,8,99,0,13,89,8,110,95,0,95,205
10/03/2001,WJF,CA,AWP,WE,Federal Contract Tower,0,1,9,0,10,0,9,84,0,93,0,10,93,0,103,82,0,82,185
10/04/2001,WJF,CA,AWP,WE,Federal Contract Tower,0,0,9,0,9,0,10,54,0,64,0,10,63,0,73,72,0,72,145
10/05/2001,WJF,CA,AWP,WE,Federal Contract Tower,0,2,4,0,6,0,4,64,0,68,0,6,68,0,74,62,0,62,136
10/06/2001,WJF,CA,AWP,WE,Federal Contract Tower,0,1,10,0,11,0,1,87,0,88,0,2,97,0,99,124,0,124,223
10/07/2001,WJF,CA,AWP,WE,Federal Contract Tower,0,0,7,0,7,0,0,158,0,158,0,0,165,0,165,112,0,112,277
10/08/2001,WJF,CA,AWP,WE,Federal Contract Tower,0,1,4,0,5,0,5,82,0,87,0,6,86,0,92,62,0,62,154
10/09/2001,WJF,CA,AWP,WE,Federal Contract Tower,0,3,1,0,4,0,9,48,4,61,0,12,49,4,65,130,0,130,195
10/10/2001,WJF,CA,AWP,WE,Federal Contract Tower,0,0,6,0,6,0,10,88,4,102,0,10,94,4,108,222,0,222,330
10/11/2001,WJF,CA,AWP,WE,Federal Contract Tower,0,1,8,0,9,0,6,68,2,76,0,7,76,2,85,80,2,82,167
10/12/2001,WJF,CA,AWP,WE,Federal Contract Tower,0,0,4,0,4,0,8,214,0,222,0,8,218,0,226,121,0,121,347
10/13/2001,WJF,CA,AWP,WE,Federal Contract Tower,0,0,6,2,8,0,2,302,0,304,0,2,308,2,312,118,8,126,438
10/14/2001,WJF,CA,AWP,WE,Federal Contract Tower,0,0,8,0,8,0,0,148,0,148,0,0,156,0,156,92,0,92,248
10/15/2001,WJF,CA,AWP,WE,Federal Contract Tower,0,1,4,1,6,0,13,76,1,90,0,14,80,2,96,119,0,119,215
10/16/2001,WJF,CA,AWP,WE,Federal Contract Tower,0,5,4,0,9,0,6,68,0,74,0,11,72,0,83,169,0,169,252
10/17/2001,WJF,CA,AWP,WE,Federal Contract Tower,0,3,2,0,5,0,5,77,0,82,0,8,79,0,87,146,0,146,233
10/18/2001,WJF,CA,AWP,WE,Federal Contract Tower,0,1,4,0,5,0,11,76,2,89,0,12,80,2,94,152,12,164,258
10/19/2001,WJF,CA,AWP,WE,Federal Contract Tower,0,2,8,0,10,0,16,136,0,152,0,18,144,0,162,119,0,119,281
10/20/2001,WJF,CA,AWP,WE,Federal Contract Tower,0,0,17,0,17,0,2,120,0,122,0,2,137,0,139,108,0,108,247
10/21/2001,WJF,CA,AWP,WE,Federal Contract Tower,0,1,9,0,10,0,1,129,0,130,0,2,138,0,140,100,0,100,240
10/22/2001,WJF,CA,AWP,WE,Federal Contract Tower,0,1,4,0,5,0,9,55,0,64,0,10,59,0,69,67,0,67,136
10/23/2001,WJF,CA,AWP,WE,Federal Contract Tower,0,1,1,0,2,0,5,52,0,57,0,6,53,0,59,54,0,54,113
10/24/2001,WJF,CA,AWP,WE,Federal Contract Tower,0,5,6,0,11,0,5,90,2,97,0,10,96,2,108,153,6,159,267
10/25/2001,WJF,CA,AWP,WE,Federal Contract Tower,0,0,5,0,5,0,6,96,2,104,0,6,101,2,109,130,4,134,243
10/26/2001,WJF,CA,AWP,WE,Federal Contract Tower,0,0,7,0,7,0,6,112,2,120,0,6,119,2,127,174,0,174,301
10/27/2001,WJF,CA,AWP,WE,Federal Contract Tower,0,0,4,0,4,0,2,145,0,147,0,2,149,0,151,120,0,120,271
10/28/2001,WJF,CA,AWP,WE,Federal Contract Tower,0,0,0,0,0,0,0,140,0,140,0,0,140,0,140,107,0,107,247
10/29/2001,WJF,CA,AWP,WE,Federal Contract Tower,0,1,7,1,9,0,5,56,1,62,0,6,63,2,71,75,2,77,148
10/30/2001,WJF,CA,AWP,WE,Federal Contract Tower,0,6,9,0,15,0,6,17,0,23,0,12,26,0,38,10,0,10,48
10/31/2001,WJF,CA,AWP,WE,Federal Contract Tower,0,1,1,0,2,0,35,69,2,106,0,36,70,2,108,49,0,49,157
11/01/2001,WJF,CA,AWP,WE,Federal Contract Tower,0,4,3,0,7,0,18,114,0,132,0,22,117,0,139,230,0,230,369
11/02/2001,WJF,CA,AWP,WE,Federal Contract Tower,0,3,2,0,5,0,19,76,0,95,0,22,78,0,100,237,4,241,341
11/03/2001,WJF,CA,AWP,WE,Federal Contract Tower,0,0,5,0,5,0,2,134,0,136,0,2,139,0,141,126,0,126,267
11/04/2001,WJF,CA,AWP,WE,Federal Contract Tower,0,0,6,0,6,0,0,95,2,97,0,0,101,2,103,112,0,112,215
11/05/2001,WJF,CA,AWP,WE,Federal Contract Tower,0,2,2,0,4,0,55,97,0,152,0,57,99,0,156,154,0,154,310
11/06/2001,WJF,CA,AWP,WE,Federal Contract Tower,0,0,7,1,8,0,24,61,7,92,0,24,68,8,100,104,0,104,204
11/07/2001,WJF,CA,AWP,WE,Federal Contract Tower,0,2,10,0,12,0,12,87,0,99,0,14,97,0,111,130,0,130,241
11/08/2001,WJF,CA,AWP,WE,Federal Contract Tower,0,1,8,0,9,0,25,146,0,171,0,26,154,0,180,84,2,86,266
11/09/2001,WJF,CA,AWP,WE,Federal Contract Tower,0,1,0,0,1,0,32,86,0,118,0,33,86,0,119,105,0,105,224
11/10/2001,WJF,CA,AWP,WE,Federal Contract Tower,0,0,6,0,6,0,2,101,0,103,0,2,107,0,109,171,0,171,280
11/11/2001,WJF,CA,AWP,WE,Federal Contract Tower,0,0,9,0,9,0,0,64,0,64,0,0,73,0,73,42,0,42,115
11/12/2001,WJF,CA,AWP,WE,Federal Contract Tower,0,3,10,0,13,0,15,50,8,73,0,18,60,8,86,90,0,90,176
11/13/2001,WJF,CA,AWP,WE,Federal Contract Tower,0,2,6,0,8,0,6,45,0,51,0,8,51,0,59,55,0,55,114
11/14/2001,WJF,CA,AWP,WE,Federal Contract Tower,0,3,5,0,8,0,19,104,0,123,0,22,109,0,131,187,0,187,318
11/15/2001,WJF,CA,AWP,WE,Federal Contract Tower,0,2,4,0,6,0,44,94,2,140,0,46,98,2,146,170,0,170,316
11/16/2001,WJF,CA,AWP,WE,Federal Contract Tower,0,2,5,0,7,0,83,92,0,175,0,85,97,0,182,193,0,193,375
11/17/2001,WJF,CA,AWP,WE,Federal Contract Tower,0,0,8,0,8,0,2,175,0,177,0,2,183,0,185,217,0,217,402
11/18/2001,WJF,CA,AWP,WE,Federal Contract Tower,0,3,1,0,4,0,1,133,0,134,0,4,134,0,138,124,0,124,262
11/19/2001,WJF,CA,AWP,WE,Federal Contract Tower,0,0,3,0,3,0,84,86,2,172,0,84,89,2,175,197,2,199,374
11/20/2001,WJF,CA,AWP,WE,Federal Contract Tower,0,1,7,0,8,0,11,151,0,162,0,12,158,0,170,238,0,238,408
11/21/2001,WJF,CA,AWP,WE,Federal Contract Tower,0,4,3,0,7,0,2,130,4,136,0,6,133,4,143,195,2,197,340
11/22/2001,WJF,CA,AWP,WE,Federal Contract Tower,0,0,1,0,1,0,0,20,0,20,0,0,21,0,21,20,0,20,41
11/23/2001,WJF,CA,AWP,WE,Federal Contract Tower,0,2,3,0,5,0,6,78,0,84,0,8,81,0,89,126,0,126,215
11/24/2001,WJF,CA,AWP,WE,Federal Contract Tower,0,1,4,0,5,0,1,34,0,35,0,2,38,0,40,2,0,2,42
11/25/2001,WJF,CA,AWP,WE,Federal Contract Tower,0,0,7,0,7,0,0,70,0,70,0,0,77,0,77,62,0,62,139
11/26/2001,WJF,CA,AWP,WE,Federal Contract Tower,0,1,3,0,4,0,19,56,0,75,0,20,59,0,79,42,0,42,121
11/27/2001,WJF,CA,AWP,WE,Federal Contract Tower,0,0,4,0,4,0,8,52,0,60,0,8,56,0,64,50,0,50,114
11/28/2001,WJF,CA,AWP,WE,Federal Contract Tower,0,1,1,0,2,0,54,101,0,155,0,55,102,0,157,257,0,257,414
11/29/2001,WJF,CA,AWP,WE,Federal Contract Tower,0,4,3,0,7,0,2,30,0,32,0,6,33,0,39,52,0,52,91
11/30/2001,WJF,CA,AWP,WE,Federal Contract Tower,0,0,6,0,6,0,42,101,0,143,0,42,107,0,149,258,0,258,407
12/01/2001,WJF,CA,AWP,WE,Federal Contract Tower,0,1,8,0,9,0,1,103,4,108,0,2,111,4,117,119,0,119,236
12/02/2001,WJF,CA,AWP,WE,Federal Contract Tower,0,0,8,1,9,0,0,60,1,61,0,0,68,2,70,130,0,130,200
12/03/2001,WJF,CA,AWP,WE,Federal Contract Tower,0,1,0,2,3,0,3,32,2,37,0,4,32,4,40,52,4,56,96
12/04/2001,WJF,CA,AWP,WE,Federal Contract Tower,0,1,5,0,6,0,5,53,4,62,0,6,58,4,68,72,0,72,140
12/05/2001,WJF,CA,AWP,WE,Federal Contract Tower,0,1,2,0,3,0,13,57,0,70,0,14,59,0,73,117,0,117,190
12/06/2001,WJF,CA,AWP,WE,Federal Contract Tower,0,1,0,0,1,0,7,58,0,65,0,8,58,0,66,125,0,125,191
12/07/2001,WJF,CA,AWP,WE,Federal Contract Tower,0,0,5,0,5,0,13,81,0,94,0,13,86,0,99,90,0,90,189
12/08/2001,WJF,CA,AWP,WE,Federal Contract Tower,0,0,5,0,5,0,6,148,0,154,0,6,153,0,159,207,0,207,366
12/09/2001,WJF,CA,AWP,WE,Federal Contract Tower,0,0,3,0,3,0,0,52,0,52,0,0,55,0,55,71,0,71,126
12/10/2001,WJF,CA,AWP,WE,Federal Contract Tower,0,2,1,0,3,0,7,40,0,47,0,9,41,0,50,135,4,139,189
12/11/2001,WJF,CA,AWP,WE,Federal Contract Tower,0,1,8,0,9,0,7,43,0,50,0,8,51,0,59,40,0,40,99
12/12/2001,WJF,CA,AWP,WE,Federal Contract Tower,0,0,4,0,4,0,13,70,0,83,0,13,74,0,87,155,0,155,242
12/13/2001,WJF,CA,AWP,WE,Federal Contract Tower,0,1,2,0,3,0,8,69,0,77,0,9,71,0,80,114,0,114,194
12/14/2001,WJF,CA,AWP,WE,Federal Contract Tower,0,0,3,0,3,0,6,9,0,15,0,6,12,0,18,0,0,0,18
12/15/2001,WJF,CA,AWP,WE,Federal Contract Tower,0,0,1,0,1,0,5,101,0,106,0,5,102,0,107,182,0,182,289
12/16/2001,WJF,CA,AWP,WE,Federal Contract Tower,0,0,7,0,7,0,2,112,0,114,0,2,119,0,121,141,0,141,262
12/17/2001,WJF,CA,AWP,WE,Federal Contract Tower,0,0,4,0,4,0,8,89,2,99,0,8,93,2,103,91,6,97,200
12/18/2001,WJF,CA,AWP,WE,Federal Contract Tower,0,0,6,0,6,0,9,73,2,84,0,9,79,2,90,118,0,118,208
12/19/2001,WJF,CA,AWP,WE,Federal Contract Tower,0,2,8,0,10,0,14,119,0,133,0,16,127,0,143,257,0,257,400
12/20/2001,WJF,CA,AWP,WE,Federal Contract Tower,0,0,7,0,7,0,6,37,2,45,0,6,44,2,52,54,6,60,112
12/21/2001,WJF,CA,AWP,WE,Federal Contract Tower,0,2,6,0,8,0,6,49,3,58,0,8,55,3,66,46,2,48,114
12/22/2001,WJF,CA,AWP,WE,Federal Contract Tower,0,0,6,0,6,0,2,148,0,150,0,2,154,0,156,126,0,126,282
12/23/2001,WJF,CA,AWP,WE,Federal Contract Tower,0,0,7,0,7,0,0,62,0,62,0,0,69,0,69,48,0,48,117
12/24/2001,WJF,CA,AWP,WE,Federal Contract Tower,0,0,2,0,2,0,4,57,0,61,0,4,59,0,63,102,0,102,165
12/25/2001,WJF,CA,AWP,WE,Federal Contract Tower,0,0,1,0,1,0,0,62,0,62,0,0,63,0,63,45,0,45,108
12/26/2001,WJF,CA,AWP,WE,Federal Contract Tower,0,1,4,0,5,0,12,117,0,129,0,13,121,0,134,208,0,208,342
12/27/2001,WJF,CA,AWP,WE,Federal Contract Tower,0,1,5,0,6,0,13,126,2,141,0,14,131,2,147,262,0,262,409
12/28/2001,WJF,CA,AWP,WE,Federal Contract Tower,0,1,2,0,3,0,3,103,0,106,0,4,105,0,109,244,0,244,353
12/29/2001,WJF,CA,AWP,WE,Federal Contract Tower,0,2,2,0,4,0,0,23,0,23,0,2,25,0,27,32,0,32,59
12/30/2001,WJF,CA,AWP,WE,Federal Contract Tower,0,0,8,0,8,0,4,25,0,29,0,4,33,0,37,14,0,14,51
12/31/2001,WJF,CA,AWP,WE,Federal Contract Tower,0,1,3,0,4,0,3,72,0,75,0,4,75,0,79,100,0,100,179
01/01/2002,WJF,CA,AWP,WE,Federal Contract Tower,0,0,2,0,2,0,0,88,0,88,0,0,90,0,90,78,0,78,168
01/02/2002,WJF,CA,AWP,WE,Federal Contract Tower,0,2,1,0,3,0,8,39,0,47,0,10,40,0,50,86,2,88,138
01/03/2002,WJF,CA,AWP,WE,Federal Contract Tower,0,5,8,2,15,0,24,54,0,78,0,29,62,2,93,98,0,98,191
01/04/2002,WJF,CA,AWP,WE,Federal Contract Tower,0,2,8,0,10,0,14,103,0,117,0,16,111,0,127,187,0,187,314
01/05/2002,WJF,CA,AWP,WE,Federal Contract Tower,0,0,9,0,9,0,2,137,0,139,0,2,146,0,148,153,0,153,301
01/06/2002,WJF,CA,AWP,WE,Federal Contract Tower,0,0,4,0,4,0,0,142,0,142,0,0,146,0,146,75,0,75,221
01/07/2002,WJF,CA,AWP,WE,Federal Contract Tower,0,0,5,1,6,0,2,143,3,148,0,2,148,4,154,119,0,119,273
01/08/2002,WJF,CA,AWP,WE,Federal Contract Tower,0,1,3,0,4,0,11,129,0,140,0,12,132,0,144,192,4,196,340
01/09/2002,WJF,CA,AWP,WE,Federal Contract Tower,0,3,2,2,7,0,3,110,0,113,0,6,112,2,120,176,0,176,296
01/10/2002,WJF,CA,AWP,WE,Federal Contract Tower,0,2,1,0,3,0,6,105,0,111,0,8,106,0,114,108,0,108,222
01/11/2002,WJF,CA,AWP,WE,Federal Contract Tower,0,1,13,0,14,0,1,90,0,91,0,2,103,0,105,116,0,116,221
01/12/2002,WJF,CA,AWP,WE,Federal Contract Tower,0,0,13,0,13,0,2,158,0,160,0,2,171,0,173,179,0,179,352
01/13/2002,WJF,CA,AWP,WE,Federal Contract Tower,0,0,5,0,5,0,0,147,0,147,0,0,152,0,152,177,0,177,329
01/14/2002,WJF,CA,AWP,WE,Federal Contract Tower,0,1,10,0,11,0,13,54,0,67,0,14,64,0,78,76,0,76,154
01/15/2002,WJF,CA,AWP,WE,Federal Contract Tower,0,2,13,0,15,0,2,59,0,61,0,4,72,0,76,45,0,45,121
01/16/2002,WJF,CA,AWP,WE,Federal Contract Tower,0,3,4,0,7,0,1,99,0,100,0,4,103,0,107,152,0,152,259
01/17/2002,WJF,CA,AWP,WE,Federal Contract Tower,0,1,4,1,6,0,5,93,1,99,0,6,97,2,105,92,0,92,197
01/18/2002,WJF,CA,AWP,WE,Federal Contract Tower,0,2,5,0,7,0,8,108,0,116,0,10,113,0,123,160,0,160,283
01/19/2002,WJF,CA,AWP,WE,Federal Contract Tower,0,1,2,0,3,0,13,165,0,178,0,14,167,0,181,70,0,70,251
01/20/2002,WJF,CA,AWP,WE,Federal Contract Tower,0,0,3,1,4,0,0,112,1,113,0,0,115,2,117,59,0,59,176
01/21/2002,WJF,CA,AWP,WE,Federal Contract Tower,0,2,7,0,9,0,6,102,0,108,0,8,109,0,117,68,0,68,185
01/22/2002,WJF,CA,AWP,WE,Federal Contract Tower,0,1,5,0,6,0,1,28,0,29,0,2,33,0,35,32,19,51,86
01/23/2002,WJF,CA,AWP,WE,Federal Contract Tower,0,2,4,1,7,0,2,47,0,49,0,4,51,1,56,66,20,86,142
01/24/2002,WJF,CA,AWP,WE,Federal Contract Tower,0,5,5,0,10,0,2,52,0,54,0,7,57,0,64,104,2,106,170
01/25/2002,WJF,CA,AWP,WE,Federal Contract Tower,0,1,4,0,5,0,1,70,0,71,0,2,74,0,76,119,20,139,215
01/26/2002,WJF,CA,AWP,WE,Federal Contract Tower,0,0,3,0,3,0,2,122,0,124,0,2,125,0,127,158,0,158,285
01/27/2002,WJF,CA,AWP,WE,Federal Contract Tower,0,2,8,0,10,0,0,43,0,43,0,2,51,0,53,44,0,44,97
01/28/2002,WJF,CA,AWP,WE,Federal Contract Tower,0,2,3,0,5,0,2,28,1,31,0,4,31,1,36,20,9,29,65
01/29/2002,WJF,CA,AWP,WE,Federal Contract Tower,0,2,4,0,6,0,4,44,0,48,0,6,48,0,54,111,0,111,165
01/30/2002,WJF,CA,AWP,WE,Federal Contract Tower,0,1,3,0,4,0,5,62,0,67,0,6,65,0,71,85,0,85,156
01/31/2002,WJF,CA,AWP,WE,Federal Contract Tower,0,2,4,0,6,0,0,48,4,52,0,2,52,4,58,68,4,72,130
02/01/2002,WJF,CA,AWP,WE,Federal Contract Tower,0,1,7,0,8,0,3,74,0,77,0,4,81,0,85,172,0,172,257
02/02/2002,WJF,CA,AWP,WE,Federal Contract Tower,0,0,5,0,5,0,5,92,0,97,0,5,97,0,102,222,0,222,324
02/03/2002,WJF,CA,AWP,WE,Federal Contract Tower,0,0,3,0,3,0,0,136,0,136,0,0,139,0,139,120,0,120,259
02/04/2002,WJF,CA,AWP,WE,Federal Contract Tower,0,1,4,1,6,0,3,57,1,61,0,4,61,2,67,122,0,122,189
02/05/2002,WJF,CA,AWP,WE,Federal Contract Tower,0,1,4,0,5,0,5,87,6,98,0,6,91,6,103,141,13,154,257
02/06/2002,WJF,CA,AWP,WE,Federal Contract Tower,0,2,2,0,4,0,6,80,0,86,0,8,82,0,90,162,0,162,252
02/07/2002,WJF,CA,AWP,WE,Federal Contract Tower,0,4,6,0,10,0,8,71,0,79,0,12,77,0,89,112,2,114,203
02/08/2002,WJF,CA,AWP,WE,Federal Contract Tower,0,1,6,0,7,0,1,58,0,59,0,2,64,0,66,63,6,69,135
02/09/2002,WJF,CA,AWP,WE,Federal Contract Tower,0,0,0,0,0,0,2,69,0,71,0,2,69,0,71,66,0,66,137
02/10/2002,WJF,CA,AWP,WE,Federal Contract Tower,0,0,3,0,3,0,0,84,0,84,0,0,87,0,87,80,0,80,167
02/11/2002,WJF,CA,AWP,WE,Federal Contract Tower,0,4,1,0,5,0,6,75,0,81,0,10,76,0,86,40,6,46,132
02/12/2002,WJF,CA,AWP,WE,Federal Contract Tower,0,0,3,0,3,0,4,111,10,125,0,4,114,10,128,145,0,145,273
02/13/2002,WJF,CA,AWP,WE,Federal Contract Tower,0,1,1,0,2,0,3,109,0,112,0,4,110,0,114,99,0,99,213
02/14/2002,WJF,CA,AWP,WE,Federal Contract Tower,0,1,6,0,7,0,1,110,0,111,0,2,116,0,118,132,0,132,250
02/15/2002,WJF,CA,AWP,WE,Federal Contract Tower,0,0,5,0,5,0,4,105,0,109,0,4,110,0,114,178,0,178,292
02/16/2002,WJF,CA,AWP,WE,Federal Contract Tower,0,1,7,0,8,0,1,109,0,110,0,2,116,0,118,68,0,68,186
02/17/2002,WJF,CA,AWP,WE,Federal Contract Tower,0,0,3,0,3,0,0,18,0,18,0,0,21,0,21,24,0,24,45
02/18/2002,WJF,CA,AWP,WE,Federal Contract Tower,0,0,6,0,6,0,2,58,0,60,0,2,64,0,66,26,0,26,92
02/19/2002,WJF,CA,AWP,WE,Federal Contract Tower,0,1,7,0,8,0,3,71,2,76,0,4,78,2,84,115,16,131,215
02/20/2002,WJF,CA,AWP,WE,Federal Contract Tower,0,1,9,0,10,0,1,75,4,80,0,2,84,4,90,96,0,96,186
02/21/2002,WJF,CA,AWP,WE,Federal Contract Tower,0,0,10,2,12,0,2,79,0,81,0,2,89,2,93,117,2,119,212
02/22/2002,WJF,CA,AWP,WE,Federal Contract Tower,0,1,9,0,10,0,1,101,0,102,0,2,110,0,112,115,0,115,227
02/23/2002,WJF,CA,AWP,WE,Federal Contract Tower,0,0,0,0,0,0,2,157,0,159,0,2,157,0,159,77,0,77,236
02/24/2002,WJF,CA,AWP,WE,Federal Contract Tower,0,0,8,0,8,0,0,156,0,156,0,0,164,0,164,170,2,172,336
02/25/2002,WJF,CA,AWP,WE,Federal Contract Tower,0,0,7,0,7,0,2,67,0,69,0,2,74,0,76,118,6,124,200
02/26/2002,WJF,CA,AWP,WE,Federal Contract Tower,0,0,4,1,5,0,2,94,3,99,0,2,98,4,104,58,14,72,176
02/27/2002,WJF,CA,AWP,WE,Federal Contract Tower,0,1,3,2,6,0,3,110,0,113,0,4,113,2,119,111,14,125,244
02/28/2002,WJF,CA,AWP,WE,Federal Contract Tower,0,1,5,0,6,0,3,74,5,82,0,4,79,5,88,33,0,33,121
03/01/2002,WJF,CA,AWP,WE,Federal Contract Tower,0,1,2,0,3,0,1,36,0,37,0,2,38,0,40,87,0,87,127
03/02/2002,WJF,CA,AWP,WE,Federal Contract Tower,0,0,0,0,0,0,2,92,0,94,0,2,92,0,94,144,0,144,238
03/03/2002,WJF,CA,AWP,WE,Federal Contract Tower,0,0,7,0,7,0,0,123,0,123,0,0,130,0,130,141,0,141,271
03/04/2002,WJF,CA,AWP,WE,Federal Contract Tower,0,0,4,1,5,0,2,80,1,83,0,2,84,2,88,91,0,91,179
03/05/2002,WJF,CA,AWP,WE,Federal Contract Tower,0,1,2,0,3,0,5,65,6,76,0,6,67,6,79,69,2,71,150
03/06/2002,WJF,CA,AWP,WE,Federal Contract Tower,0,3,10,2,15,0,1,32,0,33,0,4,42,2,48,79,2,81,129
03/07/2002,WJF,CA,AWP,WE,Federal Contract Tower,0,4,6,1,11,0,6,44,1,51,0,10,50,2,62,34,6,40,102
03/08/2002,WJF,CA,AWP,WE,Federal Contract Tower,0,1,6,0,7,0,5,64,0,69,0,6,70,0,76,89,6,95,171
03/09/2002,WJF,CA,AWP,WE,Federal Contract Tower,0,0,9,0,9,0,2,155,0,157,0,2,164,0,166,259,0,259,425
03/10/2002,WJF,CA,AWP,WE,Federal Contract Tower,0,0,9,0,9,0,2,80,0,82,0,2,89,0,91,100,0,100,191
03/11/2002,WJF,CA,AWP,WE,Federal Contract Tower,0,0,1,2,3,0,6,60,0,66,0,6,61,2,69,136,2,138,207
03/12/2002,WJF,CA,AWP,WE,Federal Contract Tower,0,1,5,2,8,0,3,90,0,93,0,4,95,2,101,45,0,45,146
03/13/2002,WJF,CA,AWP,WE,Federal Contract Tower,0,1,5,0,6,0,3,31,0,34,0,4,36,0,40,2,0,2,42
03/14/2002,WJF,CA,AWP,WE,Federal Contract Tower,0,0,2,0,2,0,4,22,0,26,0,4,24,0,28,8,0,8,36
03/15/2002,WJF,CA,AWP,WE,Federal Contract Tower,0,2,4,2,8,0,6,85,0,91,0,8,89,2,99,86,12,98,197
03/16/2002,WJF,CA,AWP,WE,Federal Contract Tower,0,2,3,0,5,0,2,49,0,51,0,4,52,0,56,16,0,16,72
03/17/2002,WJF,CA,AWP,WE,Federal Contract Tower,0,0,2,0,2,0,0,109,0,109,0,0,111,0,111,80,0,80,191
03/18/2002,WJF,CA,AWP,WE,Federal Contract Tower,0,0,2,0,2,0,2,59,0,61,0,2,61,0,63,20,0,20,83
03/19/2002,WJF,CA,AWP,WE,Federal Contract Tower,0,2,3,1,6,0,4,93,3,100,0,6,96,4,106,203,20,223,329
03/20/2002,WJF,CA,AWP,WE,Federal Contract Tower,0,1,4,0,5,0,6,98,0,104,0,7,102,0,109,108,4,112,221
03/21/2002,WJF,CA,AWP,WE,Federal Contract Tower,0,0,5,0,5,0,4,86,2,92,0,4,91,2,97,122,0,122,219
03/22/2002,WJF,CA,AWP,WE,Federal Contract Tower,0,0,2,0,2,0,4,90,0,94,0,4,92,0,96,32,0,32,128
03/23/2002,WJF,CA,AWP,WE,Federal Contract Tower,0,2,7,0,9,0,0,61,0,61,0,2,68,0,70,113,0,113,183
03/24/2002,WJF,CA,AWP,WE,Federal Contract Tower,0,0,3,0,3,0,0,70,0,70,0,0,73,0,73,52,0,52,125
03/25/2002,WJF,CA,AWP,WE,Federal Contract Tower,0,2,15,0,17,0,2,83,0,85,0,4,98,0,102,122,0,122,224
03/26/2002,WJF,CA,AWP,WE,Federal Contract Tower,0,0,5,0,5,0,2,92,10,104,0,2,97,10,109,156,0,156,265
03/27/2002,WJF,CA,AWP,WE,Federal Contract Tower,0,2,5,0,7,0,4,82,0,86,0,6,87,0,93,155,0,155,248
03/28/2002,WJF,CA,AWP,WE,Federal Contract Tower,0,3,5,0,8,0,4,71,0,75,0,7,76,0,83,110,0,110,193
03/29/2002,WJF,CA,AWP,WE,Federal Contract Tower,0,2,11,0,13,0,2,80,0,82,0,4,91,0,95,146,0,146,241
03/30/2002,WJF,CA,AWP,WE,Federal Contract Tower,0,1,4,0,5,0,1,133,0,134,0,2,137,0,139,182,0,182,321
03/31/2002,WJF,CA,AWP,WE,Federal Contract Tower,0,0,7,0,7,0,0,137,0,137,0,0,144,0,144,92,0,92,236
04/01/2002,WJF,CA,AWP,WE,Federal Contract Tower,0,1,1,0,2,0,3,92,2,97,0,4,93,2,99,51,10,61,160
04/02/2002,WJF,CA,AWP,WE,Federal Contract Tower,0,1,4,2,7,0,3,88,4,95,0,4,92,6,102,116,2,118,220
04/03/2002,WJF,CA,AWP,WE,Federal Contract Tower,0,1,3,0,4,0,1,71,0,72,0,2,74,0,76,141,0,141,217
04/04/2002,WJF,CA,AWP,WE,Federal Contract Tower,0,0,7,1,8,0,4,89,1,94,0,4,96,2,102,110,0,110,212
04/05/2002,WJF,CA,AWP,WE,Federal Contract Tower,0,1,9,0,10,0,1,90,0,91,0,2,99,0,101,90,0,90,191
04/06/2002,WJF,CA,AWP,WE,Federal Contract Tower,0,2,2,0,4,0,0,42,0,42,0,2,44,0,46,14,0,14,60
04/07/2002,WJF,CA,AWP,WE,Federal Contract Tower,0,1,7,0,8,0,0,147,0,147,0,1,154,0,155,122,0,122,277
04/08/2002,WJF,CA,AWP,WE,Federal Contract Tower,0,1,6,0,7,0,5,75,0,80,0,6,81,0,87,75,4,79,166
04/09/2002,WJF,CA,AWP,WE,Federal Contract Tower,0,0,7,1,8,0,2,40,7,49,0,2,47,8,57,126,0,126,183
04/10/2002,WJF,CA,AWP,WE,Federal Contract Tower,0,4,7,0,11,0,5,54,0,59,0,9,61,0,70,84,0,84,154
04/11/2002,WJF,CA,AWP,WE,Federal Contract Tower,0,1,5,0,6,0,1,63,0,64,0,2,68,0,70,123,2,125,195
04/12/2002,WJF,CA,AWP,WE,Federal Contract Tower,0,0,12,0,12,0,2,101,0,103,0,2,113,0,115,82,0,82,197
04/13/2002,WJF,CA,AWP,WE,Federal Contract Tower,0,1,8,0,9,0,1,188,2,191,0,2,196,2,200,174,0,174,374
04/14/2002,WJF,CA,AWP,WE,Federal Contract Tower,0,1,7,0,8,0,0,126,0,126,0,1,133,0,134,117,0,117,251
04/15/2002,WJF,CA,AWP,WE,Federal Contract Tower,0,4,5,2,11,0,0,32,0,32,0,4,37,2,43,4,4,8,51
04/16/2002,WJF,CA,AWP,WE,Federal Contract Tower,0,1,5,0,6,0,3,60,6,69,0,4,65,6,75,104,0,104,179
04/17/2002,WJF,CA,AWP,WE,Federal Contract Tower,0,2,4,0,6,0,0,38,0,38,0,2,42,0,44,14,0,14,58
04/18/2002,WJF,CA,AWP,WE,Federal Contract Tower,0,1,6,0,7,0,2,61,0,63,0,3,67,0,70,32,18,50,120
04/19/2002,WJF,CA,AWP,WE,Federal Contract Tower,0,1,6,0,7,0,3,72,0,75,0,4,78,0,82,52,2,54,136
04/20/2002,WJF,CA,AWP,WE,Federal Contract Tower,0,0,5,0,5,0,2,215,0,217,0,2,220,0,222,162,0,162,384
04/21/2002,WJF,CA,AWP,WE,Federal Contract Tower,0,0,7,0,7,0,0,179,0,179,0,0,186,0,186,118,0,118,304
04/22/2002,WJF,CA,AWP,WE,Federal Contract Tower,0,1,5,0,6,0,7,119,0,126,0,8,124,0,132,184,0,184,316
04/23/2002,WJF,CA,AWP,WE,Federal Contract Tower,0,0,1,1,2,0,2,55,1,58,0,2,56,2,60,113,2,115,175
04/24/2002,WJF,CA,AWP,WE,Federal Contract Tower,0,1,14,1,16,0,3,74,1,78,0,4,88,2,94,116,0,116,210
04/25/2002,WJF,CA,AWP,WE,Federal Contract Tower,0,2,2,0,4,0,6,67,0,73,0,8,69,0,77,72,2,74,151
04/26/2002,WJF,CA,AWP,WE,Federal Contract Tower,0,6,4,4,14,0,0,52,4,56,0,6,56,8,70,36,0,36,106
04/27/2002,WJF,CA,AWP,WE,Federal Contract Tower,0,2,1,0,3,0,0,55,0,55,0,2,56,0,58,31,0,31,89
04/28/2002,WJF,CA,AWP,WE,Federal Contract Tower,0,0,11,0,11,0,0,108,0,108,0,0,119,0,119,117,0,117,236
04/29/2002,WJF,CA,AWP,WE,Federal Contract Tower,0,1,7,0,8,0,2,52,0,54,0,3,59,0,62,15,0,15,77
04/30/2002,WJF,CA,AWP,WE,Federal Contract Tower,0,0,5,0,5,0,2,50,0,52,0,2,55,0,57,121,4,125,182
05/01/2002,WJF,CA,AWP,WE,Federal Contract Tower,0,1,10,0,11,0,1,60,0,61,0,2,70,0,72,89,0,89,161
05/02/2002,WJF,CA,AWP,WE,Federal Contract Tower,0,1,7,0,8,0,3,85,0,88,0,4,92,0,96,128,0,128,224
05/03/2002,WJF,CA,AWP,WE,Federal Contract Tower,0,2,6,0,8,0,3,98,8,109,0,5,104,8,117,120,0,120,237
05/04/2002,WJF,CA,AWP,WE,Federal Contract Tower,0,0,15,0,15,0,2,145,0,147,0,2,160,0,162,182,0,182,344
05/05/2002,WJF,CA,AWP,WE,Federal Contract Tower,0,0,5,2,7,0,0,152,6,158,0,0,157,8,165,88,4,92,257
05/06/2002,WJF,CA,AWP,WE,Federal Contract Tower,0,0,4,0,4,0,2,98,0,100,0,2,102,0,104,56,0,56,160
05/07/2002,WJF,CA,AWP,WE,Federal Contract Tower,0,1,9,0,10,0,2,48,0,50,0,3,57,0,60,42,0,42,102
05/08/2002,WJF,CA,AWP,WE,Federal Contract Tower,0,1,5,0,6,0,2,76,0,78,0,3,81,0,84,82,0,82,166
05/09/2002,WJF,CA,AWP,WE,Federal Contract Tower,0,0,1,0,1,0,5,64,0,69,0,5,65,0,70,152,2,154,224
05/10/2002,WJF,CA,AWP,WE,Federal Contract Tower,0,0,3,0,3,0,4,45,0,49,0,4,48,0,52,22,0,22,74
05/11/2002,WJF,CA,AWP,WE,Federal Contract Tower,0,0,5,0,5,0,2,183,0,185,0,2,188,0,190,146,0,146,336
05/12/2002,WJF,CA,AWP,WE,Federal Contract Tower,0,0,4,0,4,0,0,183,0,183,0,0,187,0,187,78,2,80,267
05/13/2002,WJF,CA,AWP,WE,Federal Contract Tower,0,0,1,3,4,0,2,105,5,112,0,2,106,8,116,100,18,118,234
05/14/2002,WJF,CA,AWP,WE,Federal Contract Tower,0,0,1,0,1,0,4,96,0,100,0,4,97,0,101,32,0,32,133
05/15/2002,WJF,CA,AWP,WE,Federal Contract Tower,0,0,5,0,5,0,4,65,0,69,0,4,70,0,74,46,0,46,120
05/16/2002,WJF,CA,AWP,WE,Federal Contract Tower,0,0,14,0,14,0,2,110,0,112,0,2,124,0,126,132,0,132,258
05/17/2002,WJF,CA,AWP,WE,Federal Contract Tower,0,0,8,0,8,0,4,123,0,127,0,4,131,0,135,145,2,147,282
05/18/2002,WJF,CA,AWP,WE,Federal Contract Tower,0,1,4,0,5,0,1,110,0,111,0,2,114,0,116,128,0,128,244
05/19/2002,WJF,CA,AWP,WE,Federal Contract Tower,0,0,6,0,6,0,0,86,0,86,0,0,92,0,92,20,2,22,114
05/20/2002,WJF,CA,AWP,WE,Federal Contract Tower,0,1,4,0,5,0,1,36,0,37,0,2,40,0,42,66,0,66,108
05/21/2002,WJF,CA,AWP,WE,Federal Contract Tower,0,0,9,0,9,0,2,72,0,74,0,2,81,0,83,106,0,106,189
05/22/2002,WJF,CA,AWP,WE,Federal Contract Tower,0,1,6,0,7,0,6,81,8,95,0,7,87,8,102,158,0,158,260
05/23/2002,WJF,CA,AWP,WE,Federal Contract Tower,0,0,7,0,7,0,2,104,0,106,0,2,111,0,113,166,2,168,281
05/24/2002,WJF,CA,AWP,WE,Federal Contract Tower,0,2,9,0,11,0,4,145,0,149,0,6,154,0,160,205,0,205,365
05/25/2002,WJF,CA,AWP,WE,Federal Contract Tower,0,1,7,0,8,0,1,127,0,128,0,2,134,0,136,99,0,99,235
05/26/2002,WJF,CA,AWP,WE,Federal Contract Tower,0,0,4,0,4,0,0,84,0,84,0,0,88,0,88,60,0,60,148
05/27/2002,WJF,CA,AWP,WE,Federal Contract Tower,0,0,1,0,1,0,0,109,0,109,0,0,110,0,110,133,0,133,243
05/28/2002,WJF,CA,AWP,WE,Federal Contract Tower,0,0,5,3,8,0,6,78,11,95,0,6,83,14,103,130,2,132,235
05/29/2002,WJF,CA,AWP,WE,Federal Contract Tower,0,2,6,0,8,0,5,71,0,76,0,7,77,0,84,152,2,154,238
05/30/2002,WJF,CA,AWP,WE,Federal Contract Tower,0,0,1,0,1,0,6,97,0,103,0,6,98,0,104,180,0,180,284
05/31/2002,WJF,CA,AWP,WE,Federal Contract Tower,0,0,6,0,6,0,4,95,0,99,0,4,101,0,105,98,0,98,203
06/01/2002,WJF,CA,AWP,WE,Federal Contract Tower,0,0,4,0,4,0,2,129,0,131,0,2,133,0,135,45,2,47,182
06/02/2002,WJF,CA,AWP,WE,Federal Contract Tower,0,0,0,0,0,0,0,196,0,196,0,0,196,0,196,42,0,42,238
06/03/2002,WJF,CA,AWP,WE,Federal Contract Tower,0,0,1,3,4,0,2,126,3,131,0,2,127,6,135,69,4,73,208
06/04/2002,WJF,CA,AWP,WE,Federal Contract Tower,0,0,5,0,5,0,2,176,0,178,0,2,181,0,183,186,0,186,369
06/05/2002,WJF,CA,AWP,WE,Federal Contract Tower,0,0,6,0,6,0,2,207,0,209,0,2,213,0,215,76,0,76,291
06/06/2002,WJF,CA,AWP,WE,Federal Contract Tower,0,2,9,0,11,0,5,273,0,278,0,7,282,0,289,43,0,43,332
06/07/2002,WJF,CA,AWP,WE,Federal Contract Tower,0,2,10,0,12,0,1,281,3,285,0,3,291,3,297,54,10,64,361
06/08/2002,WJF,CA,AWP,WE,Federal Contract Tower,0,0,7,0,7,0,2,195,0,197,0,2,202,0,204,85,0,85,289
06/09/2002,WJF,CA,AWP,WE,Federal Contract Tower,0,0,4,0,4,0,0,99,2,101,0,0,103,2,105,94,0,94,199
06/10/2002,WJF,CA,AWP,WE,Federal Contract Tower,0,0,4,0,4,0,4,106,2,112,0,4,110,2,116,60,0,60,176
06/11/2002,WJF,CA,AWP,WE,Federal Contract Tower,0,1,7,0,8,0,7,99,6,112,0,8,106,6,120,85,4,89,209
06/12/2002,WJF,CA,AWP,WE,Federal Contract Tower,0,0,4,3,7,0,2,129,1,132,0,2,133,4,139,152,8,160,299
06/13/2002,WJF,CA,AWP,WE,Federal Contract Tower,0,0,6,2,8,0,2,95,0,97,0,2,101,2,105,118,2,120,225
06/14/2002,WJF,CA,AWP,WE,Federal Contract Tower,0,0,3,0,3,0,0,105,0,105,0,0,108,0,108,132,0,132,240
06/15/2002,WJF,CA,AWP,WE,Federal Contract Tower,0,0,5,0,5,0,2,213,0,215,0,2,218,0,220,209,0,209,429
06/16/2002,WJF,CA,AWP,WE,Federal Contract Tower,0,2,5,0,7,0,0,131,0,131,0,2,136,0,138,75,0,75,213
06/17/2002,WJF,CA,AWP,WE,Federal Contract Tower,0,0,3,0,3,0,6,98,0,104,0,6,101,0,107,64,0,64,171
06/18/2002,WJF,CA,AWP,WE,Federal Contract Tower,0,1,6,0,7,0,5,105,12,122,0,6,111,12,129,8,0,8,137
06/19/2002,WJF,CA,AWP,WE,Federal Contract Tower,0,1,9,2,12,0,3,105,0,108,0,4,114,2,120,76,0,76,196
06/20/2002,WJF,CA,AWP,WE,Federal Contract Tower,0,0,3,1,4,0,2,93,3,98,0,2,96,4,102,72,0,72,174
06/21/2002,WJF,CA,AWP,WE,Federal Contract Tower,0,3,5,0,8,0,1,129,10,140,0,4,134,10,148,128,0,128,276
06/22/2002,WJF,CA,AWP,WE,Federal Contract Tower,0,0,10,0,10,0,3,121,0,124,0,3,131,0,134,180,0,180,314
06/23/2002,WJF,CA,AWP,WE,Federal Contract Tower,0,2,7,0,9,0,0,130,0,130,0,2,137,0,139,63,0,63,202
06/24/2002,WJF,CA,AWP,WE,Federal Contract Tower,0,2,2,0,4,0,3,108,0,111,0,5,110,0,115,97,0,97,212
06/25/2002,WJF,CA,AWP,WE,Federal Contract Tower,0,2,5,0,7,0,2,78,6,86,0,4,83,6,93,149,0,149,242
06/26/2002,WJF,CA,AWP,WE,Federal Contract Tower,0,2,3,1,6,0,0,87,16,103,0,2,90,17,109,105,0,105,214
06/27/2002,WJF,CA,AWP,WE,Federal Contract Tower,0,2,0,3,5,0,6,100,3,109,0,8,100,6,114,168,2,170,284
06/28/2002,WJF,CA,AWP,WE,Federal Contract Tower,0,2,9,2,13,0,3,103,2,108,0,5,112,4,121,161,2,163,284
06/29/2002,WJF,CA,AWP,WE,Federal Contract Tower,0,0,9,0,9,0,3,138,0,141,0,3,147,0,150,124,0,124,274
06/30/2002,WJF,CA,AWP,WE,Federal Contract Tower,0,0,9,0,9,0,0,150,0,150,0,0,159,0,159,192,0,192,351
07/01/2002,WJF,CA,AWP,WE,Federal Contract Tower,0,1,5,0,6,0,5,99,0,104,0,6,104,0,110,103,6,109,219
07/02/2002,WJF,CA,AWP,WE,Federal Contract Tower,0,0,2,0,2,0,4,95,0,99,0,4,97,0,101,107,0,107,208
07/03/2002,WJF,CA,AWP,WE,Federal Contract Tower,0,1,4,1,6,0,1,80,1,82,0,2,84,2,88,130,2,132,220
07/04/2002,WJF,CA,AWP,WE,Federal Contract Tower,0,0,4,0,4,0,0,101,2,103,0,0,105,2,107,103,0,103,210
07/05/2002,WJF,CA,AWP,WE,Federal Contract Tower,0,1,1,0,2,0,3,172,0,175,0,4,173,0,177,86,0,86,263
07/06/2002,WJF,CA,AWP,WE,Federal Contract Tower,0,0,0,0,0,0,2,140,0,142,0,2,140,0,142,118,0,118,260
07/07/2002,WJF,CA,AWP,WE,Federal Contract Tower,0,0,5,0,5,0,0,152,0,152,0,0,157,0,157,82,0,82,239
07/08/2002,WJF,CA,AWP,WE,Federal Contract Tower,0,0,6,0,6,0,2,139,0,141,0,2,145,0,147,147,0,147,294
07/09/2002,WJF,CA,AWP,WE,Federal Contract Tower,0,2,2,1,5,0,2,75,11,88,0,4,77,12,93,58,0,58,151
07/10/2002,WJF,CA,AWP,WE,Federal Contract Tower,0,0,6,0,6,0,4,81,2,87,0,4,87,2,93,54,0,54,147
07/11/2002,WJF,CA,AWP,WE,Federal Contract Tower,0,0,2,0,2,0,4,74,16,94,0,4,76,16,96,84,2,86,182
07/12/2002,WJF,CA,AWP,WE,Federal Contract Tower,0,0,2,0,2,0,2,71,0,73,0,2,73,0,75,83,0,83,158
07/13/2002,WJF,CA,AWP,WE,Federal Contract Tower,0,0,7,0,7,0,2,139,0,141,0,2,146,0,148,162,0,162,310
07/14/2002,WJF,CA,AWP,WE,Federal Contract Tower,0,0,4,0,4,0,0,148,0,148,0,0,152,0,152,76,0,76,228
07/15/2002,WJF,CA,AWP,WE,Federal Contract Tower,0,0,6,0,6,0,2,63,0,65,0,2,69,0,71,76,4,80,151
07/16/2002,WJF,CA,AWP,WE,Federal Contract Tower,0,1,4,0,5,0,1,74,4,79,0,2,78,4,84,114,0,114,198
07/17/2002,WJF,CA,AWP,WE,Federal Contract Tower,0,0,12,1,13,0,6,97,3,106,0,6,109,4,119,153,10,163,282
07/18/2002,WJF,CA,AWP,WE,Federal Contract Tower,0,1,6,1,8,0,5,96,1,102,0,6,102,2,110,153,9,162,272
07/19/2002,WJF,CA,AWP,WE,Federal Contract Tower,0,0,10,0,10,0,2,97,2,101,0,2,107,2,111,206,0,206,317
07/20/2002,WJF,CA,AWP,WE,Federal Contract Tower,0,0,3,0,3,0,2,103,0,105,0,2,106,0,108,132,0,132,240
07/21/2002,WJF,CA,AWP,WE,Federal Contract Tower,0,0,2,0,2,0,0,120,0,120,0,0,122,0,122,61,0,61,183
07/22/2002,WJF,CA,AWP,WE,Federal Contract Tower,0,2,2,0,4,0,6,116,0,122,0,8,118,0,126,97,2,99,225
07/23/2002,WJF,CA,AWP,WE,Federal Contract Tower,0,0,7,0,7,0,4,86,0,90,0,4,93,0,97,96,6,102,199
07/24/2002,WJF,CA,AWP,WE,Federal Contract Tower,0,2,3,0,5,0,6,76,8,90,0,8,79,8,95,48,0,48,143
07/25/2002,WJF,CA,AWP,WE,Federal Contract Tower,0,0,3,2,5,0,2,75,1,78,0,2,78,3,83,60,4,64,147
07/26/2002,WJF,CA,AWP,WE,Federal Contract Tower,0,2,2,0,4,0,2,113,0,115,0,4,115,0,119,117,6,123,242
07/27/2002,WJF,CA,AWP,WE,Federal Contract Tower,0,0,5,0,5,0,2,132,0,134,0,2,137,0,139,162,0,162,301
07/28/2002,WJF,CA,AWP,WE,Federal Contract Tower,0,2,1,0,3,0,0,183,0,183,0,2,184,0,186,116,0,116,302
07/29/2002,WJF,CA,AWP,WE,Federal Contract Tower,0,1,6,0,7,0,5,100,0,105,0,6,106,0,112,151,0,151,263
07/30/2002,WJF,CA,AWP,WE,Federal Contract Tower,0,2,4,0,6,0,0,93,0,93,0,2,97,0,99,125,0,125,224
07/31/2002,WJF,CA,AWP,WE,Federal Contract Tower,0,1,8,0,9,0,3,62,4,69,0,4,70,4,78,97,0,97,175
08/01/2002,WJF,CA,AWP,WE,Federal Contract Tower,0,0,6,0,6,0,2,174,0,176,0,2,180,0,182,135,0,135,317
08/02/2002,WJF,CA,AWP,WE,Federal Contract Tower,0,1,7,0,8,0,5,76,0,81,0,6,83,0,89,82,2,84,173
08/03/2002,WJF,CA,AWP,WE,Federal Contract Tower,0,1,7,0,8,0,1,124,6,131,0,2,131,6,139,196,0,196,335
08/04/2002,WJF,CA,AWP,WE,Federal Contract Tower,0,0,4,0,4,0,0,132,6,138,0,0,136,6,142,89,0,89,231
08/05/2002,WJF,CA,AWP,WE,Federal Contract Tower,0,0,2,0,2,0,2,103,0,105,0,2,105,0,107,154,0,154,261
08/06/2002,WJF,CA,AWP,WE,Federal Contract Tower,0,1,5,0,6,0,3,80,0,83,0,4,85,0,89,240,0,240,329
08/07/2002,WJF,CA,AWP,WE,Federal Contract Tower,0,0,10,2,12,0,2,103,0,105,0,2,113,2,117,254,0,254,371
08/08/2002,WJF,CA,AWP,WE,Federal Contract Tower,0,0,1,1,2,0,2,92,1,95,0,2,93,2,97,233,2,235,332
08/09/2002,WJF,CA,AWP,WE,Federal Contract Tower,0,3,4,4,11,0,2,97,2,101,0,5,101,6,112,153,6,159,271
08/10/2002,WJF,CA,AWP,WE,Federal Contract Tower,0,0,0,0,0,0,2,174,0,176,0,2,174,0,176,164,0,164,340
08/11/2002,WJF,CA,AWP,WE,Federal Contract Tower,0,0,8,0,8,0,0,136,0,136,0,0,144,0,144,114,2,116,260
08/12/2002,WJF,CA,AWP,WE,Federal Contract Tower,0,0,4,0,4,0,2,74,0,76,0,2,78,0,80,100,0,100,180
08/13/2002,WJF,CA,AWP,WE,Federal Contract Tower,0,0,6,0,6,0,4,60,6,70,0,4,66,6,76,76,0,76,152
08/14/2002,WJF,CA,AWP,WE,Federal Contract Tower,0,1,4,0,5,0,3,59,0,62,0,4,63,0,67,92,0,92,159
08/15/2002,WJF,CA,AWP,WE,Federal Contract Tower,0,1,5,1,7,0,3,86,1,90,0,4,91,2,97,128,4,132,229
08/16/2002,WJF,CA,AWP,WE,Federal Contract Tower,0,2,3,0,5,0,0,90,0,90,0,2,93,0,95,108,0,108,203
08/17/2002,WJF,CA,AWP,WE,Federal Contract Tower,0,2,5,0,7,0,3,123,0,126,0,5,128,0,133,135,0,135,268
08/18/2002,WJF,CA,AWP,WE,Federal Contract Tower,0,0,8,0,8,0,0,118,0,118,0,0,126,0,126,74,0,74,200
08/19/2002,WJF,CA,AWP,WE,Federal Contract Tower,0,1,12,0,13,0,1,71,0,72,0,2,83,0,85,115,2,117,202
08/20/2002,WJF,CA,AWP,WE,Federal Contract Tower,0,0,5,0,5,0,7,71,0,78,0,7,76,0,83,114,0,114,197
08/21/2002,WJF,CA,AWP,WE,Federal Contract Tower,0,0,3,0,3,0,8,75,6,89,0,8,78,6,92,93,0,93,185
08/22/2002,WJF,CA,AWP,WE,Federal Contract Tower,0,3,5,0,8,0,5,66,10,81,0,8,71,10,89,56,0,56,145
08/23/2002,WJF,CA,AWP,WE,Federal Contract Tower,0,1,1,0,2,0,5,87,0,92,0,6,88,0,94,112,0,112,206
08/24/2002,WJF,CA,AWP,WE,Federal Contract Tower,0,0,6,0,6,0,2,120,0,122,0,2,126,0,128,126,0,126,254
08/25/2002,WJF,CA,AWP,WE,Federal Contract Tower,0,2,2,0,4,0,0,141,0,141,0,2,143,0,145,83,0,83,228
08/26/2002,WJF,CA,AWP,WE,Federal Contract Tower,0,2,2,0,4,0,8,65,0,73,0,10,67,0,77,52,0,52,129
08/27/2002,WJF,CA,AWP,WE,Federal Contract Tower,0,1,4,1,6,0,7,95,1,103,0,8,99,2,109,91,2,93,202
08/28/2002,WJF,CA,AWP,WE,Federal Contract Tower,0,1,5,2,8,0,5,78,0,83,0,6,83,2,91,112,10,122,213
08/29/2002,WJF,CA,AWP,WE,Federal Contract Tower,0,0,8,0,8,0,4,65,0,69,0,4,73,0,77,67,0,67,144
08/30/2002,WJF,CA,AWP,WE,Federal Contract Tower,0,0,0,0,0,0,4,106,0,110,0,4,106,0,110,118,0,118,228
08/31/2002,WJF,CA,AWP,WE,Federal Contract Tower,0,0,6,0,6,0,2,122,0,124,0,2,128,0,130,134,0,134,264
09/01/2002,WJF,CA,AWP,WE,Federal Contract Tower,0,0,2,0,2,0,0,176,0,176,0,0,178,0,178,32,0,32,210
09/02/2002,WJF,CA,AWP,WE,Federal Contract Tower,0,0,6,0,6,0,0,235,0,235,0,0,241,0,241,65,0,65,306
09/03/2002,WJF,CA,AWP,WE,Federal Contract Tower,0,0,3,0,3,0,4,211,6,221,0,4,214,6,224,130,2,132,356
09/04/2002,WJF,CA,AWP,WE,Federal Contract Tower,0,0,9,0,9,0,2,266,0,268,0,2,275,0,277,85,0,85,362
09/05/2002,WJF,CA,AWP,WE,Federal Contract Tower,0,0,10,0,10,0,2,84,0,86,0,2,94,0,96,86,0,86,182
09/06/2002,WJF,CA,AWP,WE,Federal Contract Tower,0,0,5,0,5,0,4,66,0,70,0,4,71,0,75,174,0,174,249
09/07/2002,WJF,CA,AWP,WE,Federal Contract Tower,0,0,13,0,13,0,2,150,0,152,0,2,163,0,165,116,0,116,281
09/08/2002,WJF,CA,AWP,WE,Federal Contract Tower,0,0,3,0,3,0,0,172,0,172,0,0,175,0,175,78,0,78,253
09/09/2002,WJF,CA,AWP,WE,Federal Contract Tower,0,1,3,0,4,0,1,128,0,129,0,2,131,0,133,74,0,74,207
09/10/2002,WJF,CA,AWP,WE,Federal Contract Tower,0,0,5,0,5,0,4,64,0,68,0,4,69,0,73,109,0,109,182
09/11/2002,WJF,CA,AWP,WE,Federal Contract Tower,0,0,2,0,2,0,6,112,2,120,0,6,114,2,122,142,0,142,264
09/12/2002,WJF,CA,AWP,WE,Federal Contract Tower,0,0,7,1,8,0,4,118,3,125,0,4,125,4,133,139,0,139,272
09/13/2002,WJF,CA,AWP,WE,Federal Contract Tower,0,0,0,0,0,0,6,108,6,120,0,6,108,6,120,171,0,171,291
09/14/2002,WJF,CA,AWP,WE,Federal Contract Tower,0,1,6,0,7,0,2,289,0,291,0,3,295,0,298,113,0,113,411
09/15/2002,WJF,CA,AWP,WE,Federal Contract Tower,0,0,5,0,5,0,0,122,0,122,0,0,127,0,127,98,0,98,225
09/16/2002,WJF,CA,AWP,WE,Federal Contract Tower,0,0,1,2,3,0,6,88,4,98,0,6,89,6,101,46,16,62,163
09/17/2002,WJF,CA,AWP,WE,Federal Contract Tower,0,0,4,0,4,0,2,85,2,89,0,2,89,2,93,61,0,61,154
09/18/2002,WJF,CA,AWP,WE,Federal Contract Tower,0,0,3,0,3,0,2,61,2,65,0,2,64,2,68,98,0,98,166
09/19/2002,WJF,CA,AWP,WE,Federal Contract Tower,0,0,5,0,5,0,4,73,0,77,0,4,78,0,82,114,0,114,196
09/20/2002,WJF,CA,AWP,WE,Federal Contract Tower,0,0,3,0,3,0,2,125,0,127,0,2,128,0,130,266,0,266,396
09/21/2002,WJF,CA,AWP,WE,Federal Contract Tower,0,0,2,0,2,0,2,190,0,192,0,2,192,0,194,191,0,191,385
09/22/2002,WJF,CA,AWP,WE,Federal Contract Tower,0,0,9,0,9,0,0,127,0,127,0,0,136,0,136,182,0,182,318
09/23/2002,WJF,CA,AWP,WE,Federal Contract Tower,0,0,3,0,3,0,2,94,0,96,0,2,97,0,99,84,0,84,183
09/24/2002,WJF,CA,AWP,WE,Federal Contract Tower,0,0,3,0,3,0,4,73,0,77,0,4,76,0,80,113,0,113,193
09/25/2002,WJF,CA,AWP,WE,Federal Contract Tower,0,2,11,0,13,0,4,119,10,133,0,6,130,10,146,145,0,145,291
09/26/2002,WJF,CA,AWP,WE,Federal Contract Tower,0,0,5,2,7,0,4,85,4,93,0,4,90,6,100,112,0,112,212
09/27/2002,WJF,CA,AWP,WE,Federal Contract Tower,0,6,3,0,9,0,0,123,0,123,0,6,126,0,132,83,0,83,215
09/28/2002,WJF,CA,AWP,WE,Federal Contract Tower,0,0,7,0,7,0,2,95,2,99,0,2,102,2,106,56,10,66,172
09/29/2002,WJF,CA,AWP,WE,Federal Contract Tower,0,0,7,0,7,0,0,129,0,129,0,0,136,0,136,227,0,227,363
09/30/2002,WJF,CA,AWP,WE,Federal Contract Tower,0,0,8,0,8,0,4,79,0,83,0,4,87,0,91,47,0,47,138
10/01/2002,WJF,CA,AWP,WE,Federal Contract Tower,0,1,4,0,5,0,7,53,0,60,0,8,57,0,65,72,4,76,141
10/02/2002,WJF,CA,AWP,WE,Federal Contract Tower,0,4,7,0,11,0,2,86,0,88,0,6,93,0,99,51,0,51,150
10/03/2002,WJF,CA,AWP,WE,Federal Contract Tower,0,0,4,0,4,0,2,98,0,100,0,2,102,0,104,148,0,148,252
10/04/2002,WJF,CA,AWP,WE,Federal Contract Tower,0,0,8,1,9,0,4,140,3,147,0,4,148,4,156,148,0,148,304
10/05/2002,WJF,CA,AWP,WE,Federal Contract Tower,0,0,3,0,3,0,2,216,2,220,0,2,219,2,223,188,0,188,411
10/06/2002,WJF,CA,AWP,WE,Federal Contract Tower,0,0,3,0,3,0,0,168,0,168,0,0,171,0,171,142,2,144,315
10/07/2002,WJF,CA,AWP,WE,Federal Contract Tower,0,2,3,0,5,0,0,93,0,93,0,2,96,0,98,127,0,127,225
10/08/2002,WJF,CA,AWP,WE,Federal Contract Tower,0,3,3,0,6,0,8,111,0,119,0,11,114,0,125,152,0,152,277
10/09/2002,WJF,CA,AWP,WE,Federal Contract Tower,0,1,6,0,7,0,6,83,0,89,0,7,89,0,96,180,0,180,276
10/10/2002,WJF,CA,AWP,WE,Federal Contract Tower,0,3,2,0,5,0,1,75,0,76,0,4,77,0,81,120,0,120,201
10/11/2002,WJF,CA,AWP,WE,Federal Contract Tower,0,1,7,2,10,0,3,94,2,99,0,4,101,4,109,176,0,176,285
10/12/2002,WJF,CA,AWP,WE,Federal Contract Tower,0,0,6,0,6,0,2,165,0,167,0,2,171,0,173,173,0,173,346
10/13/2002,WJF,CA,AWP,WE,Federal Contract Tower,0,0,0,0,0,0,0,147,0,147,0,0,147,0,147,114,0,114,261
10/14/2002,WJF,CA,AWP,WE,Federal Contract Tower,0,1,7,0,8,0,5,108,0,113,0,6,115,0,121,208,0,208,329
10/15/2002,WJF,CA,AWP,WE,Federal Contract Tower,0,0,8,1,9,0,6,92,7,105,0,6,100,8,114,217,0,217,331
10/16/2002,WJF,CA,AWP,WE,Federal Contract Tower,0,2,8,0,10,0,4,74,0,78,0,6,82,0,88,126,0,126,214
10/17/2002,WJF,CA,AWP,WE,Federal Contract Tower,0,0,3,4,7,0,8,79,0,87,0,8,82,4,94,145,0,145,239
10/18/2002,WJF,CA,AWP,WE,Federal Contract Tower,0,0,1,2,3,0,6,96,8,110,0,6,97,10,113,137,6,143,256
10/19/2002,WJF,CA,AWP,WE,Federal Contract Tower,0,0,11,0,11,0,2,142,0,144,0,2,153,0,155,147,0,147,302
10/20/2002,WJF,CA,AWP,WE,Federal Contract Tower,0,0,15,0,15,0,0,179,0,179,0,0,194,0,194,146,0,146,340
10/21/2002,WJF,CA,AWP,WE,Federal Contract Tower,0,2,8,5,15,0,4,127,3,134,0,6,135,8,149,163,0,163,312
10/22/2002,WJF,CA,AWP,WE,Federal Contract Tower,0,2,9,0,11,0,6,74,0,80,0,8,83,0,91,149,0,149,240
10/23/2002,WJF,CA,AWP,WE,Federal Contract Tower,0,0,4,0,4,0,5,90,0,95,0,5,94,0,99,179,0,179,278
10/24/2002,WJF,CA,AWP,WE,Federal Contract Tower,0,0,0,0,0,0,4,151,0,155,0,4,151,0,155,96,0,96,251
10/25/2002,WJF,CA,AWP,WE,Federal Contract Tower,0,3,16,0,19,0,3,113,0,116,0,6,129,0,135,70,4,74,209
10/26/2002,WJF,CA,AWP,WE,Federal Contract Tower,0,0,9,0,9,0,2,91,0,93,0,2,100,0,102,175,0,175,277
10/27/2002,WJF,CA,AWP,WE,Federal Contract Tower,0,0,8,0,8,0,0,195,0,195,0,0,203,0,203,172,0,172,375
10/28/2002,WJF,CA,AWP,WE,Federal Contract Tower,0,0,7,2,9,0,7,117,2,126,0,7,124,4,135,118,0,118,253
10/29/2002,WJF,CA,AWP,WE,Federal Contract Tower,0,0,8,1,9,0,4,81,9,94,0,4,89,10,103,116,0,116,219
10/30/2002,WJF,CA,AWP,WE,Federal Contract Tower,0,1,5,0,6,0,5,54,0,59,0,6,59,0,65,80,0,80,145
10/31/2002,WJF,CA,AWP,WE,Federal Contract Tower,0,1,9,1,11,0,5,56,1,62,0,6,65,2,73,64,0,64,137
11/01/2002,WJF,CA,AWP,WE,Federal Contract Tower,0,1,6,1,8,0,5,113,1,119,0,6,119,2,127,132,0,132,259
11/02/2002,WJF,CA,AWP,WE,Federal Contract Tower,0,0,9,0,9,0,2,158,0,160,0,2,167,0,169,200,0,200,369
11/03/2002,WJF,CA,AWP,WE,Federal Contract Tower,0,0,7,0,7,0,0,132,0,132,0,0,139,0,139,117,0,117,256
11/04/2002,WJF,CA,AWP,WE,Federal Contract Tower,0,0,0,0,0,0,4,65,0,69,0,4,65,0,69,77,0,77,146
11/05/2002,WJF,CA,AWP,WE,Federal Contract Tower,0,4,4,1,9,0,6,94,7,107,0,10,98,8,116,202,0,202,318
11/06/2002,WJF,CA,AWP,WE,Federal Contract Tower,0,0,5,0,5,0,4,67,0,71,0,4,72,0,76,106,0,106,182
11/07/2002,WJF,CA,AWP,WE,Federal Contract Tower,0,2,9,0,11,0,5,51,0,56,0,7,60,0,67,41,0,41,108
11/08/2002,WJF,CA,AWP,WE,Federal Contract Tower,0,5,6,0,11,0,1,9,0,10,0,6,15,0,21,26,0,26,47
11/09/2002,WJF,CA,AWP,WE,Federal Contract Tower,0,1,12,0,13,0,1,7,0,8,0,2,19,0,21,30,0,30,51
11/10/2002,WJF,CA,AWP,WE,Federal Contract Tower,0,2,4,2,8,0,0,52,0,52,0,2,56,2,60,44,0,44,104
11/11/2002,WJF,CA,AWP,WE,Federal Contract Tower,0,0,3,0,3,0,2,101,0,103,0,2,104,0,106,156,0,156,262
11/12/2002,WJF,CA,AWP,WE,Federal Contract Tower,0,0,6,1,7,0,5,80,1,86,0,5,86,2,93,146,0,146,239
11/13/2002,WJF,CA,AWP,WE,Federal Contract Tower,0,0,13,4,17,0,2,116,2,120,0,2,129,6,137,177,6,183,320
11/14/2002,WJF,CA,AWP,WE,Federal Contract Tower,0,2,3,2,7,0,8,62,0,70,0,10,65,2,77,155,8,163,240
11/15/2002,WJF,CA,AWP,WE,Federal Contract Tower,0,6,5,0,11,0,1,91,0,92,0,7,96,0,103,151,0,151,254
11/16/2002,WJF,CA,AWP,WE,Federal Contract Tower,0,0,1,0,1,0,2,215,0,217,0,2,216,0,218,260,0,260,478
11/17/2002,WJF,CA,AWP,WE,Federal Contract Tower,0,0,10,0,10,0,0,136,0,136,0,0,146,0,146,98,0,98,244
11/18/2002,WJF,CA,AWP,WE,Federal Contract Tower,0,0,6,0,6,0,2,98,2,102,0,2,104,2,108,130,0,130,238
11/19/2002,WJF,CA,AWP,WE,Federal Contract Tower,0,1,4,1,6,0,3,84,1,88,0,4,88,2,94,99,0,99,193
11/20/2002,WJF,CA,AWP,WE,Federal Contract Tower,0,2,8,0,10,0,3,81,0,84,0,5,89,0,94,187,2,189,283
11/21/2002,WJF,CA,AWP,WE,Federal Contract Tower,0,0,0,0,0,0,2,74,2,78,0,2,74,2,78,92,0,92,170
11/22/2002,WJF,CA,AWP,WE,Federal Contract Tower,0,0,5,2,7,0,0,96,0,96,0,0,101,2,103,127,0,127,230
11/23/2002,WJF,CA,AWP,WE,Federal Contract Tower,0,0,6,0,6,0,2,179,0,181,0,2,185,0,187,288,0,288,475
11/24/2002,WJF,CA,AWP,WE,Federal Contract Tower,0,0,4,0,4,0,2,172,0,174,0,2,176,0,178,185,0,185,363
11/25/2002,WJF,CA,AWP,WE,Federal Contract Tower,0,0,6,0,6,0,4,46,0,50,0,4,52,0,56,44,0,44,100
11/26/2002,WJF,CA,AWP,WE,Federal Contract Tower,0,2,0,0,2,0,3,21,0,24,0,5,21,0,26,42,0,42,68
11/27/2002,WJF,CA,AWP,WE,Federal Contract Tower,0,0,12,0,12,0,4,66,0,70,0,4,78,0,82,52,0,52,134
11/28/2002,WJF,CA,AWP,WE,Federal Contract Tower,0,0,0,0,0,0,0,51,0,51,0,0,51,0,51,23,0,23,74
11/29/2002,WJF,CA,AWP,WE,Federal Contract Tower,0,0,5,0,5,0,4,74,0,78,0,4,79,0,83,137,0,137,220
11/30/2002,WJF,CA,AWP,WE,Federal Contract Tower,0,2,2,0,4,0,0,59,0,59,0,2,61,0,63,106,0,106,169
12/01/2002,WJF,CA,AWP,WE,Federal Contract Tower,0,0,3,0,3,0,0,118,0,118,0,0,121,0,121,168,0,168,289
12/02/2002,WJF,CA,AWP,WE,Federal Contract Tower,0,0,3,2,5,0,2,107,6,115,0,2,110,8,120,152,0,152,272
12/03/2002,WJF,CA,AWP,WE,Federal Contract Tower,0,0,5,0,5,0,2,79,8,89,0,2,84,8,94,160,0,160,254
12/04/2002,WJF,CA,AWP,WE,Federal Contract Tower,0,0,3,0,3,0,2,88,0,90,0,2,91,0,93,238,0,238,331
12/05/2002,WJF,CA,AWP,WE,Federal Contract Tower,0,0,7,2,9,0,4,96,4,104,0,4,103,6,113,138,0,138,251
12/06/2002,WJF,CA,AWP,WE,Federal Contract Tower,0,2,4,0,6,0,2,84,2,88,0,4,88,2,94,161,2,163,257
12/07/2002,WJF,CA,AWP,WE,Federal Contract Tower,0,0,2,0,2,0,2,140,0,142,0,2,142,0,144,334,0,334,478
12/08/2002,WJF,CA,AWP,WE,Federal Contract Tower,0,0,3,0,3,0,0,125,0,125,0,0,128,0,128,122,0,122,250
12/09/2002,WJF,CA,AWP,WE,Federal Contract Tower,0,0,3,0,3,0,2,50,0,52,0,2,53,0,55,107,0,107,162
12/10/2002,WJF,CA,AWP,WE,Federal Contract Tower,0,0,3,2,5,0,4,52,2,58,0,4,55,4,63,109,4,113,176
12/11/2002,WJF,CA,AWP,WE,Federal Contract Tower,0,3,5,0,8,0,3,95,2,100,0,6,100,2,108,157,0,157,265
12/12/2002,WJF,CA,AWP,WE,Federal Contract Tower,0,0,2,2,4,0,2,98,4,104,0,2,100,6,108,97,18,115,223
12/13/2002,WJF,CA,AWP,WE,Federal Contract Tower,0,0,5,1,6,0,6,80,1,87,0,6,85,2,93,114,2,116,209
12/14/2002,WJF,CA,AWP,WE,Federal Contract Tower,0,1,8,1,10,0,3,82,1,86,0,4,90,2,96,253,2,255,351
12/15/2002,WJF,CA,AWP,WE,Federal Contract Tower,0,0,2,0,2,0,0,61,0,61,0,0,63,0,63,94,0,94,157
12/16/2002,WJF,CA,AWP,WE,Federal Contract Tower,0,2,4,1,7,0,0,7,1,8,0,2,11,2,15,5,0,5,20
12/17/2002,WJF,CA,AWP,WE,Federal Contract Tower,0,1,3,1,5,0,3,28,1,32,0,4,31,2,37,63,0,63,100
12/18/2002,WJF,CA,AWP,WE,Federal Contract Tower,0,0,4,0,4,0,4,39,0,43,0,4,43,0,47,132,0,132,179
12/19/2002,WJF,CA,AWP,WE,Federal Contract Tower,0,0,4,2,6,0,6,37,1,44,0,6,41,3,50,99,5,104,154
12/20/2002,WJF,CA,AWP,WE,Federal Contract Tower,0,3,2,0,5,0,3,33,2,38,0,6,35,2,43,59,6,65,108
12/21/2002,WJF,CA,AWP,WE,Federal Contract Tower,0,1,5,0,6,0,1,50,0,51,0,2,55,0,57,94,0,94,151
12/22/2002,WJF,CA,AWP,WE,Federal Contract Tower,0,1,5,1,7,0,1,54,1,56,0,2,59,2,63,63,0,63,126
12/23/2002,WJF,CA,AWP,WE,Federal Contract Tower,0,0,5,1,6,0,2,108,3,113,0,2,113,4,119,139,0,139,258
12/24/2002,WJF,CA,AWP,WE,Federal Contract Tower,0,0,2,0,2,0,4,57,0,61,0,4,59,0,63,35,0,35,98
12/25/2002,WJF,CA,AWP,WE,Federal Contract Tower,0,0,1,0,1,0,0,30,0,30,0,0,31,0,31,24,0,24,55
12/26/2002,WJF,CA,AWP,WE,Federal Contract Tower,0,0,0,0,0,0,2,120,4,126,0,2,120,4,126,72,0,72,198
12/27/2002,WJF,CA,AWP,WE,Federal Contract Tower,0,1,9,0,10,0,3,122,0,125,0,4,131,0,135,148,0,148,283
12/28/2002,WJF,CA,AWP,WE,Federal Contract Tower,0,0,4,0,4,0,2,137,0,139,0,2,141,0,143,120,0,120,263
12/29/2002,WJF,CA,AWP,WE,Federal Contract Tower,0,0,4,0,4,0,0,79,0,79,0,0,83,0,83,57,0,57,140
12/30/2002,WJF,CA,AWP,WE,Federal Contract Tower,0,2,4,2,8,0,0,119,2,121,0,2,123,4,129,219,2,221,350
12/31/2002,WJF,CA,AWP,WE,Federal Contract Tower,0,0,3,0,3,0,4,34,0,38,0,4,37,0,41,2,0,2,43
01/01/2003,WJF,CA,AWP,WE,Federal Contract Tower,0,0,6,0,6,0,0,103,0,103,0,0,109,0,109,120,0,120,229
01/02/2003,WJF,CA,AWP,WE,Federal Contract Tower,0,3,3,2,8,0,3,106,0,109,0,6,109,2,117,208,0,208,325
01/03/2003,WJF,CA,AWP,WE,Federal Contract Tower,0,0,6,0,6,0,2,111,2,115,0,2,117,2,121,204,0,204,325
01/04/2003,WJF,CA,AWP,WE,Federal Contract Tower,0,0,8,0,8,0,2,171,0,173,0,2,179,0,181,200,0,200,381
01/05/2003,WJF,CA,AWP,WE,Federal Contract Tower,0,2,2,0,4,0,0,180,0,180,0,2,182,0,184,82,0,82,266
01/06/2003,WJF,CA,AWP,WE,Federal Contract Tower,0,0,1,0,1,0,2,38,0,40,0,2,39,0,41,28,0,28,69
01/07/2003,WJF,CA,AWP,WE,Federal Contract Tower,0,2,5,4,11,0,4,48,0,52,0,6,53,4,63,70,4,74,137
01/08/2003,WJF,CA,AWP,WE,Federal Contract Tower,0,0,10,3,13,0,2,72,3,77,0,2,82,6,90,168,4,172,262
01/09/2003,WJF,CA,AWP,WE,Federal Contract Tower,0,0,6,1,7,0,4,69,1,74,0,4,75,2,81,102,0,102,183
01/10/2003,WJF,CA,AWP,WE,Federal Contract Tower,0,0,0,0,0,0,6,79,10,95,0,6,79,10,95,163,0,163,258
01/11/2003,WJF,CA,AWP,WE,Federal Contract Tower,0,1,14,0,15,0,1,122,0,123,0,2,136,0,138,191,0,191,329
01/12/2003,WJF,CA,AWP,WE,Federal Contract Tower,0,0,6,1,7,0,0,160,1,161,0,0,166,2,168,194,6,200,368
01/13/2003,WJF,CA,AWP,WE,Federal Contract Tower,0,0,0,0,0,0,10,109,2,121,0,10,109,2,121,175,0,175,296
01/14/2003,WJF,CA,AWP,WE,Federal Contract Tower,0,0,4,3,7,0,14,97,5,116,0,14,101,8,123,224,0,224,347
01/15/2003,WJF,CA,AWP,WE,Federal Contract Tower,0,0,8,0,8,0,20,87,2,109,0,20,95,2,117,179,4,183,300
01/16/2003,WJF,CA,AWP,WE,Federal Contract Tower,0,0,0,0,0,0,8,80,6,94,0,8,80,6,94,198,0,198,292
01/17/2003,WJF,CA,AWP,WE,Federal Contract Tower,0,1,15,1,17,0,3,107,1,111,0,4,122,2,128,209,0,209,337
01/18/2003,WJF,CA,AWP,WE,Federal Contract Tower,0,0,9,0,9,0,4,190,0,194,0,4,199,0,203,248,0,248,451
01/19/2003,WJF,CA,AWP,WE,Federal Contract Tower,0,0,6,0,6,0,0,203,0,203,0,0,209,0,209,169,0,169,378
01/20/2003,WJF,CA,AWP,WE,Federal Contract Tower,0,2,9,0,11,0,6,131,0,137,0,8,140,0,148,246,2,248,396
01/21/2003,WJF,CA,AWP,WE,Federal Contract Tower,0,1,7,0,8,0,1,62,0,63,0,2,69,0,71,61,4,65,136
01/22/2003,WJF,CA,AWP,WE,Federal Contract Tower,0,0,5,1,6,0,2,94,11,107,0,2,99,12,113,168,42,210,323
01/23/2003,WJF,CA,AWP,WE,Federal Contract Tower,0,1,4,3,8,0,11,82,11,104,0,12,86,14,112,198,12,210,322
01/24/2003,WJF,CA,AWP,WE,Federal Contract Tower,0,1,3,2,6,0,3,78,0,81,0,4,81,2,87,280,2,282,369
01/25/2003,WJF,CA,AWP,WE,Federal Contract Tower,0,0,8,0,8,0,3,165,0,168,0,3,173,0,176,243,0,243,419
01/26/2003,WJF,CA,AWP,WE,Federal Contract Tower,0,0,5,0,5,0,0,164,0,164,0,0,169,0,169,217,0,217,386
01/27/2003,WJF,CA,AWP,WE,Federal Contract Tower,0,0,3,1,4,0,2,82,1,85,0,2,85,2,89,186,2,188,277
01/28/2003,WJF,CA,AWP,WE,Federal Contract Tower,0,0,6,1,7,0,8,85,1,94,0,8,91,2,101,156,0,156,257
01/29/2003,WJF,CA,AWP,WE,Federal Contract Tower,0,1,2,0,3,0,9,99,0,108,0,10,101,0,111,208,0,208,319
01/30/2003,WJF,CA,AWP,WE,Federal Contract Tower,0,0,1,0,1,0,4,87,0,91,0,4,88,0,92,159,0,159,251
01/31/2003,WJF,CA,AWP,WE,Federal Contract Tower,0,1,11,1,13,0,3,117,7,127,0,4,128,8,140,192,0,192,332
02/01/2003,WJF,CA,AWP,WE,Federal Contract Tower,0,3,5,0,8,0,1,147,0,148,0,4,152,0,156,100,0,100,256
02/02/2003,WJF,CA,AWP,WE,Federal Contract Tower,0,0,3,0,3,0,0,98,0,98,0,0,101,0,101,76,0,76,177
02/03/2003,WJF,CA,AWP,WE,Federal Contract Tower,0,2,5,0,7,0,0,91,2,93,0,2,96,2,100,102,2,104,204
02/04/2003,WJF,CA,AWP,WE,Federal Contract Tower,0,0,3,0,3,0,2,66,0,68,0,2,69,0,71,64,0,64,135
02/05/2003,WJF,CA,AWP,WE,Federal Contract Tower,0,1,5,0,6,0,3,74,0,77,0,4,79,0,83,67,0,67,150
02/06/2003,WJF,CA,AWP,WE,Federal Contract Tower,0,0,7,0,7,0,4,70,2,76,0,4,77,2,83,77,0,77,160
02/07/2003,WJF,CA,AWP,WE,Federal Contract Tower,0,0,5,1,6,0,4,69,5,78,0,4,74,6,84,45,0,45,129
02/08/2003,WJF,CA,AWP,WE,Federal Contract Tower,0,0,10,0,10,0,2,143,0,145,0,2,153,0,155,197,0,197,352
02/09/2003,WJF,CA,AWP,WE,Federal Contract Tower,0,0,6,0,6,0,0,188,0,188,0,0,194,0,194,230,0,230,424
02/10/2003,WJF,CA,AWP,WE,Federal Contract Tower,0,1,9,0,10,0,3,71,0,74,0,4,80,0,84,106,0,106,190
02/11/2003,WJF,CA,AWP,WE,Federal Contract Tower,0,2,10,1,13,0,13,0,11,24,0,15,10,12,37,0,0,0,37
02/12/2003,WJF,CA,AWP,WE,Federal Contract Tower,0,9,4,2,15,0,2,4,2,8,0,11,8,4,23,0,0,0,23
02/13/2003,WJF,CA,AWP,WE,Federal Contract Tower,0,2,9,0,11,0,9,10,2,21,0,11,19,2,32,8,2,10,42
02/14/2003,WJF,CA,AWP,WE,Federal Contract Tower,0,2,9,0,11,0,3,90,2,95,0,5,99,2,106,99,0,99,205
02/15/2003,WJF,CA,AWP,WE,Federal Contract Tower,0,1,12,0,13,0,1,137,0,138,0,2,149,0,151,194,0,194,345
02/16/2003,WJF,CA,AWP,WE,Federal Contract Tower,0,0,1,0,1,0,0,59,0,59,0,0,60,0,60,104,0,104,164
02/17/2003,WJF,CA,AWP,WE,Federal Contract Tower,0,0,8,0,8,0,2,163,2,167,0,2,171,2,175,201,0,201,376
02/18/2003,WJF,CA,AWP,WE,Federal Contract Tower,0,0,4,0,4,0,2,77,10,89,0,2,81,10,93,141,0,141,234
02/19/2003,WJF,CA,AWP,WE,Federal Contract Tower,0,2,7,0,9,0,0,68,0,68,0,2,75,0,77,101,4,105,182
02/20/2003,WJF,CA,AWP,WE,Federal Contract Tower,0,1,3,1,5,0,3,74,5,82,0,4,77,6,87,4,0,4,91
02/21/2003,WJF,CA,AWP,WE,Federal Contract Tower,0,0,10,1,11,0,4,131,3,138,0,4,141,4,149,102,0,102,251
02/22/2003,WJF,CA,AWP,WE,Federal Contract Tower,0,0,6,0,6,0,0,222,0,222,0,0,228,0,228,161,0,161,389
02/23/2003,WJF,CA,AWP,WE,Federal Contract Tower,0,0,2,0,2,0,0,122,0,122,0,0,124,0,124,188,0,188,312
02/24/2003,WJF,CA,AWP,WE,Federal Contract Tower,0,3,7,0,10,0,1,24,1,26,0,4,31,1,36,49,0,49,85
02/25/2003,WJF,CA,AWP,WE,Federal Contract Tower,0,6,5,0,11,0,4,18,2,24,0,10,23,2,35,14,0,14,49
02/26/2003,WJF,CA,AWP,WE,Federal Contract Tower,0,2,7,4,13,0,2,41,10,53,0,4,48,14,66,42,0,42,108
02/27/2003,WJF,CA,AWP,WE,Federal Contract Tower,0,0,7,1,8,0,0,27,3,30,0,0,34,4,38,10,4,14,52
02/28/2003,WJF,CA,AWP,WE,Federal Contract Tower,0,0,4,3,7,0,4,90,5,99,0,4,94,8,106,177,0,177,283
03/01/2003,WJF,CA,AWP,WE,Federal Contract Tower,0,2,4,0,6,0,0,79,0,79,0,2,83,0,85,138,0,138,223
03/02/2003,WJF,CA,AWP,WE,Federal Contract Tower,0,0,0,0,0,0,0,104,0,104,0,0,104,0,104,140,0,140,244
03/03/2003,WJF,CA,AWP,WE,Federal Contract Tower,0,1,2,1,4,0,1,49,1,51,0,2,51,2,55,32,0,32,87
03/04/2003,WJF,CA,AWP,WE,Federal Contract Tower,0,2,10,1,13,0,2,43,3,48,0,4,53,4,61,47,0,47,108
03/05/2003,WJF,CA,AWP,WE,Federal Contract Tower,0,0,5,0,5,0,4,61,1,66,0,4,66,1,71,126,1,127,198
03/06/2003,WJF,CA,AWP,WE,Federal Contract Tower,0,0,7,2,9,0,4,69,0,73,0,4,76,2,82,92,12,104,186
03/07/2003,WJF,CA,AWP,WE,Federal Contract Tower,0,2,8,0,10,0,4,99,0,103,0,6,107,0,113,223,0,223,336
03/08/2003,WJF,CA,AWP,WE,Federal Contract Tower,0,0,7,0,7,0,2,142,0,144,0,2,149,0,151,159,0,159,310
03/09/2003,WJF,CA,AWP,WE,Federal Contract Tower,0,0,7,0,7,0,2,173,0,175,0,2,180,0,182,242,0,242,424
03/10/2003,WJF,CA,AWP,WE,Federal Contract Tower,0,1,6,1,8,0,3,86,5,94,0,4,92,6,102,204,2,206,308
03/11/2003,WJF,CA,AWP,WE,Federal Contract Tower,0,0,8,0,8,0,6,69,0,75,0,6,77,0,83,66,6,72,155
03/12/2003,WJF,CA,AWP,WE,Federal Contract Tower,0,0,2,0,2,0,2,111,0,113,0,2,113,0,115,201,4,205,320
03/13/2003,WJF,CA,AWP,WE,Federal Contract Tower,0,0,5,1,6,0,2,82,0,84,0,2,87,1,90,153,0,153,243
03/14/2003,WJF,CA,AWP,WE,Federal Contract Tower,0,0,10,0,10,0,3,74,2,79,0,3,84,2,89,188,0,188,277
03/15/2003,WJF,CA,AWP,WE,Federal Contract Tower,0,0,3,0,3,0,2,14,0,16,0,2,17,0,19,14,0,14,33
03/16/2003,WJF,CA,AWP,WE,Federal Contract Tower,0,0,9,0,9,0,0,184,0,184,0,0,193,0,193,145,0,145,338
03/17/2003,WJF,CA,AWP,WE,Federal Contract Tower,0,0,2,0,2,0,2,26,0,28,0,2,28,0,30,16,0,16,46
03/18/2003,WJF,CA,AWP,WE,Federal Contract Tower,0,0,9,0,9,0,2,22,0,24,0,2,31,0,33,10,0,10,43
03/19/2003,WJF,CA,AWP,WE,Federal Contract Tower,0,1,3,0,4,0,1,60,0,61,0,2,63,0,65,65,0,65,130
03/20/2003,WJF,CA,AWP,WE,Federal Contract Tower,0,1,3,0,4,0,1,42,2,45,0,2,45,2,49,36,0,36,85
03/21/2003,WJF,CA,AWP,WE,Federal Contract Tower,0,0,7,2,9,0,6,81,0,87,0,6,88,2,96,150,6,156,252
03/22/2003,WJF,CA,AWP,WE,Federal Contract Tower,0,0,9,0,9,0,2,210,0,212,0,2,219,0,221,186,0,186,407
03/23/2003,WJF,CA,AWP,WE,Federal Contract Tower,0,0,6,0,6,0,0,171,0,171,0,0,177,0,177,105,0,105,282
03/24/2003,WJF,CA,AWP,WE,Federal Contract Tower,0,0,5,2,7,0,2,61,0,63,0,2,66,2,70,34,0,34,104
03/25/2003,WJF,CA,AWP,WE,Federal Contract Tower,0,1,11,1,13,0,5,82,3,90,0,6,93,4,103,146,0,146,249
03/26/2003,WJF,CA,AWP,WE,Federal Contract Tower,0,0,0,0,0,0,2,44,2,48,0,2,44,2,48,54,0,54,102
03/27/2003,WJF,CA,AWP,WE,Federal Contract Tower,0,1,4,0,5,0,3,44,0,47,0,4,48,0,52,56,0,56,108
03/28/2003,WJF,CA,AWP,WE,Federal Contract Tower,0,1,0,0,1,0,5,58,0,63,0,6,58,0,64,54,0,54,118
03/29/2003,WJF,CA,AWP,WE,Federal Contract Tower,0,0,3,0,3,0,2,87,0,89,0,2,90,0,92,38,0,38,130
03/30/2003,WJF,CA,AWP,WE,Federal Contract Tower,0,0,3,0,3,0,0,130,0,130,0,0,133,0,133,113,0,113,246
03/31/2003,WJF,CA,AWP,WE,Federal Contract Tower,0,0,3,0,3,0,4,108,0,112,0,4,111,0,115,160,0,160,275
04/01/2003,WJF,CA,AWP,WE,Federal Contract Tower,0,0,4,0,4,0,4,68,2,74,0,4,72,2,78,18,0,18,96
04/02/2003,WJF,CA,AWP,WE,Federal Contract Tower,0,2,8,0,10,0,2,42,0,44,0,4,50,0,54,74,0,74,128
04/03/2003,WJF,CA,AWP,WE,Federal Contract Tower,0,0,4,0,4,0,2,63,4,69,0,2,67,4,73,94,6,100,173
04/04/2003,WJF,CA,AWP,WE,Federal Contract Tower,0,1,6,1,8,0,3,51,1,55,0,4,57,2,63,48,0,48,111
04/05/2003,WJF,CA,AWP,WE,Federal Contract Tower,0,0,7,0,7,0,2,63,0,65,0,2,70,0,72,48,0,48,120
04/06/2003,WJF,CA,AWP,WE,Federal Contract Tower,0,0,8,0,8,0,0,66,0,66,0,0,74,0,74,116,0,116,190
04/07/2003,WJF,CA,AWP,WE,Federal Contract Tower,0,0,6,1,7,0,8,98,5,111,0,8,104,6,118,185,2,187,305
04/08/2003,WJF,CA,AWP,WE,Federal Contract Tower,0,0,6,0,6,0,4,110,0,114,0,4,116,0,120,127,2,129,249
04/09/2003,WJF,CA,AWP,WE,Federal Contract Tower,0,0,8,0,8,0,6,125,0,131,0,6,133,0,139,177,4,181,320
04/10/2003,WJF,CA,AWP,WE,Federal Contract Tower,0,0,4,4,8,0,4,72,6,82,0,4,76,10,90,118,6,124,214
04/11/2003,WJF,CA,AWP,WE,Federal Contract Tower,0,2,4,0,6,0,0,72,2,74,0,2,76,2,80,106,0,106,186
04/12/2003,WJF,CA,AWP,WE,Federal Contract Tower,0,0,6,0,6,0,2,64,0,66,0,2,70,0,72,94,0,94,166
04/13/2003,WJF,CA,AWP,WE,Federal Contract Tower,0,0,4,0,4,0,0,28,0,28,0,0,32,0,32,46,0,46,78
04/14/2003,WJF,CA,AWP,WE,Federal Contract Tower,0,2,9,0,11,0,0,24,0,24,0,2,33,0,35,47,6,53,88
04/15/2003,WJF,CA,AWP,WE,Federal Contract Tower,0,0,6,0,6,0,2,66,0,68,0,2,72,0,74,154,0,154,228
04/16/2003,WJF,CA,AWP,WE,Federal Contract Tower,0,0,12,0,12,0,6,93,0,99,0,6,105,0,111,168,0,168,279
04/17/2003,WJF,CA,AWP,WE,Federal Contract Tower,0,3,4,2,9,0,15,37,0,52,0,18,41,2,61,32,0,32,93
04/18/2003,WJF,CA,AWP,WE,Federal Contract Tower,0,0,12,1,13,0,6,60,1,67,0,6,72,2,80,78,0,78,158
04/19/2003,WJF,CA,AWP,WE,Federal Contract Tower,0,0,9,0,9,0,2,249,0,251,0,2,258,0,260,226,0,226,486
04/20/2003,WJF,CA,AWP,WE,Federal Contract Tower,0,1,3,0,4,0,0,176,0,176,0,1,179,0,180,187,0,187,367
04/21/2003,WJF,CA,AWP,WE,Federal Contract Tower,0,1,8,0,9,0,3,45,0,48,0,4,53,0,57,75,0,75,132
04/22/2003,WJF,CA,AWP,WE,Federal Contract Tower,0,2,7,0,9,0,2,27,4,33,0,4,34,4,42,4,0,4,46
04/23/2003,WJF,CA,AWP,WE,Federal Contract Tower,0,1,9,1,11,0,5,65,15,85,0,6,74,16,96,50,0,50,146
04/24/2003,WJF,CA,AWP,WE,Federal Contract Tower,0,0,7,0,7,0,4,47,0,51,0,4,54,0,58,88,0,88,146
04/25/2003,WJF,CA,AWP,WE,Federal Contract Tower,0,5,4,0,9,0,3,51,2,56,0,8,55,2,65,80,8,88,153
04/26/2003,WJF,CA,AWP,WE,Federal Contract Tower,0,0,5,0,5,0,4,157,0,161,0,4,162,0,166,108,0,108,274
04/27/2003,WJF,CA,AWP,WE,Federal Contract Tower,0,0,9,0,9,0,0,113,0,113,0,0,122,0,122,156,0,156,278
04/28/2003,WJF,CA,AWP,WE,Federal Contract Tower,0,2,5,4,11,0,2,53,2,57,0,4,58,6,68,85,4,89,157
04/29/2003,WJF,CA,AWP,WE,Federal Contract Tower,0,0,9,0,9,0,2,66,4,72,0,2,75,4,81,89,12,101,182
04/30/2003,WJF,CA,AWP,WE,Federal Contract Tower,0,1,1,0,2,0,3,104,2,109,0,4,105,2,111,192,0,192,303
05/01/2003,WJF,CA,AWP,WE,Federal Contract Tower,0,3,7,1,11,0,1,95,3,99,0,4,102,4,110,87,12,99,209
05/02/2003,WJF,CA,AWP,WE,Federal Contract Tower,0,0,1,0,1,0,6,70,0,76,0,6,71,0,77,46,0,46,123
05/03/2003,WJF,CA,AWP,WE,Federal Contract Tower,0,4,8,0,12,0,2,34,0,36,0,6,42,0,48,42,0,42,90
05/04/2003,WJF,CA,AWP,WE,Federal Contract Tower,0,0,9,0,9,0,2,78,0,80,0,2,87,0,89,60,0,60,149
05/05/2003,WJF,CA,AWP,WE,Federal Contract Tower,0,2,5,0,7,0,2,78,2,82,0,4,83,2,89,66,0,66,155
05/06/2003,WJF,CA,AWP,WE,Federal Contract Tower,0,0,6,0,6,0,2,58,4,64,0,2,64,4,70,38,0,38,108
05/07/2003,WJF,CA,AWP,WE,Federal Contract Tower,0,2,7,0,9,0,10,87,2,99,0,12,94,2,108,54,2,56,164
05/08/2003,WJF,CA,AWP,WE,Federal Contract Tower,0,0,7,2,9,0,2,39,0,41,0,2,46,2,50,6,6,12,62
05/09/2003,WJF,CA,AWP,WE,Federal Contract Tower,0,0,2,0,2,0,4,71,0,75,0,4,73,0,77,9,0,9,86
05/10/2003,WJF,CA,AWP,WE,Federal Contract Tower,0,0,5,0,5,0,2,179,2,183,0,2,184,2,188,185,10,195,383
05/11/2003,WJF,CA,AWP,WE,Federal Contract Tower,0,0,9,0,9,0,0,135,0,135,0,0,144,0,144,222,0,222,366
05/12/2003,WJF,CA,AWP,WE,Federal Contract Tower,0,1,4,0,5,0,7,111,0,118,0,8,115,0,123,204,2,206,329
05/13/2003,WJF,CA,AWP,WE,Federal Contract Tower,0,2,10,4,16,0,2,97,0,99,0,4,107,4,115,232,6,238,353
05/14/2003,WJF,CA,AWP,WE,Federal Contract Tower,0,1,6,2,9,0,3,64,10,77,0,4,70,12,86,66,2,68,154
05/15/2003,WJF,CA,AWP,WE,Federal Contract Tower,0,1,5,0,6,0,8,60,0,68,0,9,65,0,74,32,8,40,114
05/16/2003,WJF,CA,AWP,WE,Federal Contract Tower,0,0,4,0,4,0,2,150,2,154,0,2,154,2,158,141,0,141,299
05/17/2003,WJF,CA,AWP,WE,Federal Contract Tower,0,0,4,0,4,0,2,157,2,161,0,2,161,2,165,214,0,214,379
05/18/2003,WJF,CA,AWP,WE,Federal Contract Tower,0,0,3,2,5,0,0,116,0,116,0,0,119,2,121,112,2,114,235
05/19/2003,WJF,CA,AWP,WE,Federal Contract Tower,0,1,5,2,8,0,7,93,8,108,0,8,98,10,116,186,0,186,302
05/20/2003,WJF,CA,AWP,WE,Federal Contract Tower,0,0,10,4,14,0,5,117,0,122,0,5,127,4,136,260,8,268,404
05/21/2003,WJF,CA,AWP,WE,Federal Contract Tower,0,1,2,0,3,0,7,148,0,155,0,8,150,0,158,208,0,208,366
05/22/2003,WJF,CA,AWP,WE,Federal Contract Tower,0,0,6,1,7,0,4,120,1,125,0,4,126,2,132,88,0,88,220
05/23/2003,WJF,CA,AWP,WE,Federal Contract Tower,0,2,6,0,8,0,4,129,0,133,0,6,135,0,141,116,0,116,257
05/24/2003,WJF,CA,AWP,WE,Federal Contract Tower,0,2,5,0,7,0,4,114,0,118,0,6,119,0,125,152,0,152,277
05/25/2003,WJF,CA,AWP,WE,Federal Contract Tower,0,0,3,0,3,0,0,93,0,93,0,0,96,0,96,108,0,108,204
05/26/2003,WJF,CA,AWP,WE,Federal Contract Tower,0,0,1,0,1,0,0,156,0,156,0,0,157,0,157,211,0,211,368
05/27/2003,WJF,CA,AWP,WE,Federal Contract Tower,0,0,6,0,6,0,8,99,0,107,0,8,105,0,113,110,0,110,223
05/28/2003,WJF,CA,AWP,WE,Federal Contract Tower,0,0,11,4,15,0,4,119,4,127,0,4,130,8,142,222,4,226,368
05/29/2003,WJF,CA,AWP,WE,Federal Contract Tower,0,0,4,6,10,0,4,94,0,98,0,4,98,6,108,120,14,134,242
05/30/2003,WJF,CA,AWP,WE,Federal Contract Tower,0,2,4,0,6,0,7,101,0,108,0,9,105,0,114,162,2,164,278
05/31/2003,WJF,CA,AWP,WE,Federal Contract Tower,0,0,12,0,12,0,2,115,0,117,0,2,127,0,129,252,0,252,381
06/01/2003,WJF,CA,AWP,WE,Federal Contract Tower,0,0,7,0,7,0,2,122,0,124,0,2,129,0,131,164,0,164,295
06/02/2003,WJF,CA,AWP,WE,Federal Contract Tower,0,2,6,0,8,0,4,87,0,91,0,6,93,0,99,102,0,102,201
06/03/2003,WJF,CA,AWP,WE,Federal Contract Tower,0,7,8,1,16,0,3,109,7,119,0,10,117,8,135,125,4,129,264
06/04/2003,WJF,CA,AWP,WE,Federal Contract Tower,0,2,4,2,8,0,10,141,6,157,0,12,145,8,165,186,0,186,351
06/05/2003,WJF,CA,AWP,WE,Federal Contract Tower,0,1,10,0,11,0,7,97,0,104,0,8,107,0,115,84,0,84,199
06/06/2003,WJF,CA,AWP,WE,Federal Contract Tower,0,1,5,0,6,0,3,155,4,162,0,4,160,4,168,151,8,159,327
06/07/2003,WJF,CA,AWP,WE,Federal Contract Tower,0,1,8,2,11,0,3,131,2,136,0,4,139,4,147,162,0,162,309
06/08/2003,WJF,CA,AWP,WE,Federal Contract Tower,0,0,7,0,7,0,0,120,0,120,0,0,127,0,127,155,0,155,282
06/09/2003,WJF,CA,AWP,WE,Federal Contract Tower,0,1,16,7,24,0,5,92,7,104,0,6,108,14,128,165,6,171,299
06/10/2003,WJF,CA,AWP,WE,Federal Contract Tower,0,0,9,3,12,0,2,69,1,72,0,2,78,4,84,32,2,34,118
06/11/2003,WJF,CA,AWP,WE,Federal Contract Tower,0,0,8,3,11,0,4,74,7,85,0,4,82,10,96,40,6,46,142
06/12/2003,WJF,CA,AWP,WE,Federal Contract Tower,0,1,8,2,11,0,4,78,0,82,0,5,86,2,93,84,16,100,193
06/13/2003,WJF,CA,AWP,WE,Federal Contract Tower,0,3,4,0,7,0,5,96,2,103,0,8,100,2,110,101,0,101,211
06/14/2003,WJF,CA,AWP,WE,Federal Contract Tower,0,1,7,0,8,0,1,152,0,153,0,2,159,0,161,222,0,222,383
06/15/2003,WJF,CA,AWP,WE,Federal Contract Tower,0,0,4,0,4,0,2,166,0,168,0,2,170,0,172,154,0,154,326
06/16/2003,WJF,CA,AWP,WE,Federal Contract Tower,0,0,6,0,6,0,2,89,0,91,0,2,95,0,97,172,6,178,275
06/17/2003,WJF,CA,AWP,WE,Federal Contract Tower,0,0,4,1,5,0,2,107,5,114,0,2,111,6,119,140,0,140,259
06/18/2003,WJF,CA,AWP,WE,Federal Contract Tower,0,2,9,4,15,0,2,106,10,118,0,4,115,14,133,122,2,124,257
06/19/2003,WJF,CA,AWP,WE,Federal Contract Tower,0,1,9,2,12,0,3,103,0,106,0,4,112,2,118,133,4,137,255
06/20/2003,WJF,CA,AWP,WE,Federal Contract Tower,0,0,3,2,5,0,2,70,0,72,0,2,73,2,77,42,0,42,119
06/21/2003,WJF,CA,AWP,WE,Federal Contract Tower,0,0,9,0,9,0,4,79,0,83,0,4,88,0,92,106,0,106,198
06/22/2003,WJF,CA,AWP,WE,Federal Contract Tower,0,2,2,0,4,0,0,125,0,125,0,2,127,0,129,62,0,62,191
06/23/2003,WJF,CA,AWP,WE,Federal Contract Tower,0,0,5,0,5,0,4,53,0,57,0,4,58,0,62,28,4,32,94
06/24/2003,WJF,CA,AWP,WE,Federal Contract Tower,0,0,1,2,3,0,2,94,3,99,0,2,95,5,102,72,10,82,184
06/25/2003,WJF,CA,AWP,WE,Federal Contract Tower,0,3,3,0,6,0,11,104,0,115,0,14,107,0,121,140,0,140,261
06/26/2003,WJF,CA,AWP,WE,Federal Contract Tower,0,2,6,1,9,0,4,130,1,135,0,6,136,2,144,88,2,90,234
06/27/2003,WJF,CA,AWP,WE,Federal Contract Tower,0,2,12,0,14,0,4,146,0,150,0,6,158,0,164,42,0,42,206
06/28/2003,WJF,CA,AWP,WE,Federal Contract Tower,0,0,9,0,9,0,2,145,0,147,0,2,154,0,156,160,0,160,316
06/29/2003,WJF,CA,AWP,WE,Federal Contract Tower,0,2,4,0,6,0,0,192,0,192,0,2,196,0,198,67,0,67,265
06/30/2003,WJF,CA,AWP,WE,Federal Contract Tower,0,0,5,0,5,0,3,106,4,113,0,3,111,4,118,145,2,147,265
07/01/2003,WJF,CA,AWP,WE,Federal Contract Tower,0,0,1,2,3,0,2,118,0,120,0,2,119,2,123,135,4,139,262
07/02/2003,WJF,CA,AWP,WE,Federal Contract Tower,0,0,5,0,5,0,2,103,0,105,0,2,108,0,110,176,0,176,286
07/03/2003,WJF,CA,AWP,WE,Federal Contract Tower,0,2,8,0,10,0,4,77,0,81,0,6,85,0,91,48,4,52,143
07/04/2003,WJF,CA,AWP,WE,Federal Contract Tower,0,0,0,0,0,0,0,136,0,136,0,0,136,0,136,110,0,110,246
07/05/2003,WJF,CA,AWP,WE,Federal Contract Tower,0,0,6,0,6,0,2,121,0,123,0,2,127,0,129,146,0,146,275
07/06/2003,WJF,CA,AWP,WE,Federal Contract Tower,0,0,7,0,7,0,0,111,0,111,0,0,118,0,118,80,0,80,198
07/07/2003,WJF,CA,AWP,WE,Federal Contract Tower,0,0,1,2,3,0,4,64,2,70,0,4,65,4,73,24,0,24,97
07/08/2003,WJF,CA,AWP,WE,Federal Contract Tower,0,1,4,1,6,0,3,114,3,120,0,4,118,4,126,134,0,134,260
07/09/2003,WJF,CA,AWP,WE,Federal Contract Tower,0,0,3,2,5,0,4,94,8,106,0,4,97,10,111,152,0,152,263
07/10/2003,WJF,CA,AWP,WE,Federal Contract Tower,0,0,5,6,11,0,4,113,0,117,0,4,118,6,128,73,10,83,211
07/11/2003,WJF,CA,AWP,WE,Federal Contract Tower,0,0,3,0,3,0,4,86,2,92,0,4,89,2,95,81,2,83,178
07/12/2003,WJF,CA,AWP,WE,Federal Contract Tower,0,0,3,1,4,0,4,147,3,154,0,4,150,4,158,184,2,186,344
07/13/2003,WJF,CA,AWP,WE,Federal Contract Tower,0,0,3,1,4,0,0,112,3,115,0,0,115,4,119,211,0,211,330
07/14/2003,WJF,CA,AWP,WE,Federal Contract Tower,0,0,5,1,6,0,4,121,5,130,0,4,126,6,136,72,0,72,208
07/15/2003,WJF,CA,AWP,WE,Federal Contract Tower,0,0,4,0,4,0,6,151,0,157,0,6,155,0,161,60,4,64,225
07/16/2003,WJF,CA,AWP,WE,Federal Contract Tower,0,5,11,1,17,0,11,82,1,94,0,16,93,2,111,108,0,108,219
07/17/2003,WJF,CA,AWP,WE,Federal Contract Tower,0,2,5,3,10,0,2,89,3,94,0,4,94,6,104,100,0,100,204
07/18/2003,WJF,CA,AWP,WE,Federal Contract Tower,0,0,7,2,9,0,2,110,20,132,0,2,117,22,141,76,16,92,233
07/19/2003,WJF,CA,AWP,WE,Federal Contract Tower,0,0,5,0,5,0,2,150,0,152,0,2,155,0,157,120,0,120,277
07/20/2003,WJF,CA,AWP,WE,Federal Contract Tower,0,0,2,0,2,0,0,141,0,141,0,0,143,0,143,153,0,153,296
07/21/2003,WJF,CA,AWP,WE,Federal Contract Tower,0,0,4,1,5,0,2,106,0,108,0,2,110,1,113,219,6,225,338
07/22/2003,WJF,CA,AWP,WE,Federal Contract Tower,0,0,8,1,9,0,4,81,1,86,0,4,89,2,95,163,0,163,258
07/23/2003,WJF,CA,AWP,WE,Federal Contract Tower,0,0,5,2,7,0,4,93,4,101,0,4,98,6,108,170,8,178,286
07/24/2003,WJF,CA,AWP,WE,Federal Contract Tower,0,2,6,0,8,0,3,227,4,234,0,5,233,4,242,102,24,126,368
07/25/2003,WJF,CA,AWP,WE,Federal Contract Tower,0,0,7,0,7,0,3,193,1,197,0,3,200,1,204,64,0,64,268
07/26/2003,WJF,CA,AWP,WE,Federal Contract Tower,0,0,6,0,6,0,2,222,0,224,0,2,228,0,230,150,0,150,380
07/27/2003,WJF,CA,AWP,WE,Federal Contract Tower,0,0,1,0,1,0,0,116,0,116,0,0,117,0,117,67,0,67,184
07/28/2003,WJF,CA,AWP,WE,Federal Contract Tower,0,1,5,0,6,0,3,90,0,93,0,4,95,0,99,126,0,126,225
07/29/2003,WJF,CA,AWP,WE,Federal Contract Tower,0,0,1,4,5,0,2,67,0,69,0,2,68,4,74,66,6,72,146
07/30/2003,WJF,CA,AWP,WE,Federal Contract Tower,0,1,8,0,9,0,9,55,0,64,0,10,63,0,73,90,0,90,163
07/31/2003,WJF,CA,AWP,WE,Federal Contract Tower,0,0,5,0,5,0,2,61,0,63,0,2,66,0,68,84,0,84,152
08/01/2003,WJF,CA,AWP,WE,Federal Contract Tower,0,0,4,0,4,0,2,96,0,98,0,2,100,0,102,84,0,84,186
08/02/2003,WJF,CA,AWP,WE,Federal Contract Tower,0,0,4,0,4,0,2,121,0,123,0,2,125,0,127,150,0,150,277
08/03/2003,WJF,CA,AWP,WE,Federal Contract Tower,0,0,2,0,2,0,0,146,0,146,0,0,148,0,148,114,0,114,262
08/04/2003,WJF,CA,AWP,WE,Federal Contract Tower,0,2,5,0,7,0,1,82,0,83,0,3,87,0,90,42,0,42,132
08/05/2003,WJF,CA,AWP,WE,Federal Contract Tower,0,0,2,0,2,0,2,108,0,110,0,2,110,0,112,92,0,92,204
08/06/2003,WJF,CA,AWP,WE,Federal Contract Tower,0,1,3,0,4,0,3,77,0,80,0,4,80,0,84,138,0,138,222
08/07/2003,WJF,CA,AWP,WE,Federal Contract Tower,0,3,14,0,17,0,5,174,0,179,0,8,188,0,196,82,0,82,278
08/08/2003,WJF,CA,AWP,WE,Federal Contract Tower,0,0,8,4,12,0,4,140,4,148,0,4,148,8,160,110,4,114,274
08/09/2003,WJF,CA,AWP,WE,Federal Contract Tower,0,0,4,0,4,0,0,151,0,151,0,0,155,0,155,176,0,176,331
08/10/2003,WJF,CA,AWP,WE,Federal Contract Tower,0,0,12,0,12,0,0,94,0,94,0,0,106,0,106,165,0,165,271
08/11/2003,WJF,CA,AWP,WE,Federal Contract Tower,0,0,2,1,3,0,2,63,5,70,0,2,65,6,73,110,0,110,183
08/12/2003,WJF,CA,AWP,WE,Federal Contract Tower,0,0,3,2,5,0,2,85,0,87,0,2,88,2,92,99,6,105,197
08/13/2003,WJF,CA,AWP,WE,Federal Contract Tower,0,2,3,0,5,0,4,97,0,101,0,6,100,0,106,104,0,104,210
08/14/2003,WJF,CA,AWP,WE,Federal Contract Tower,0,0,9,0,9,0,8,118,0,126,0,8,127,0,135,98,0,98,233
08/15/2003,WJF,CA,AWP,WE,Federal Contract Tower,0,2,3,0,5,0,4,140,0,144,0,6,143,0,149,136,2,138,287
08/16/2003,WJF,CA,AWP,WE,Federal Contract Tower,0,5,11,0,16,0,7,175,0,182,0,12,186,0,198,104,0,104,302
08/17/2003,WJF,CA,AWP,WE,Federal Contract Tower,0,2,6,0,8,0,0,122,0,122,0,2,128,0,130,136,0,136,266
08/18/2003,WJF,CA,AWP,WE,Federal Contract Tower,0,0,2,0,2,0,2,72,3,77,0,2,74,3,79,87,0,87,166
08/19/2003,WJF,CA,AWP,WE,Federal Contract Tower,0,0,5,0,5,0,2,83,0,85,0,2,88,0,90,104,0,104,194
08/20/2003,WJF,CA,AWP,WE,Federal Contract Tower,0,0,6,2,8,0,4,82,6,92,0,4,88,8,100,116,0,116,216
08/21/2003,WJF,CA,AWP,WE,Federal Contract Tower,0,0,1,0,1,0,2,79,0,81,0,2,80,0,82,66,0,66,148
08/22/2003,WJF,CA,AWP,WE,Federal Contract Tower,0,0,10,0,10,0,2,92,0,94,0,2,102,0,104,107,0,107,211
08/23/2003,WJF,CA,AWP,WE,Federal Contract Tower,0,0,9,0,9,0,2,175,0,177,0,2,184,0,186,164,0,164,350
08/24/2003,WJF,CA,AWP,WE,Federal Contract Tower,0,0,3,0,3,0,4,138,0,142,0,4,141,0,145,159,0,159,304
08/25/2003,WJF,CA,AWP,WE,Federal Contract Tower,0,0,2,0,2,0,2,62,0,64,0,2,64,0,66,70,0,70,136
08/26/2003,WJF,CA,AWP,WE,Federal Contract Tower,0,0,3,4,7,0,4,54,0,58,0,4,57,4,65,71,2,73,138
08/27/2003,WJF,CA,AWP,WE,Federal Contract Tower,0,2,7,4,13,0,4,94,4,102,0,6,101,8,115,90,14,104,219
08/28/2003,WJF,CA,AWP,WE,Federal Contract Tower,0,0,7,2,9,0,2,59,0,61,0,2,66,2,70,41,14,55,125
08/29/2003,WJF,CA,AWP,WE,Federal Contract Tower,0,0,2,0,2,0,17,91,0,108,0,17,93,0,110,91,0,91,201
08/30/2003,WJF,CA,AWP,WE,Federal Contract Tower,0,0,7,0,7,0,0,131,0,131,0,0,138,0,138,165,0,165,303
08/31/2003,WJF,CA,AWP,WE,Federal Contract Tower,0,0,0,0,0,0,0,120,0,120,0,0,120,0,120,106,0,106,226
09/01/2003,WJF,CA,AWP,WE,Federal Contract Tower,0,0,1,0,1,0,0,136,0,136,0,0,137,0,137,120,0,120,257
09/02/2003,WJF,CA,AWP,WE,Federal Contract Tower,0,0,3,5,8,0,2,69,1,72,0,2,72,6,80,40,4,44,124
09/03/2003,WJF,CA,AWP,WE,Federal Contract Tower,0,0,5,0,5,0,6,86,2,94,0,6,91,2,99,115,0,115,214
09/04/2003,WJF,CA,AWP,WE,Federal Contract Tower,0,0,1,0,1,0,6,69,0,75,0,6,70,0,76,62,0,62,138
09/05/2003,WJF,CA,AWP,WE,Federal Contract Tower,0,0,3,0,3,0,2,115,0,117,0,2,118,0,120,77,0,77,197
09/06/2003,WJF,CA,AWP,WE,Federal Contract Tower,0,0,3,0,3,0,2,101,0,103,0,2,104,0,106,115,0,115,221
09/07/2003,WJF,CA,AWP,WE,Federal Contract Tower,0,0,3,0,3,0,0,94,0,94,0,0,97,0,97,126,0,126,223
09/08/2003,WJF,CA,AWP,WE,Federal Contract Tower,0,1,3,0,4,0,3,65,2,70,0,4,68,2,74,30,0,30,104
09/09/2003,WJF,CA,AWP,WE,Federal Contract Tower,0,0,9,0,9,0,2,60,0,62,0,2,69,0,71,19,0,19,90
09/10/2003,WJF,CA,AWP,WE,Federal Contract Tower,0,2,5,0,7,0,2,70,0,72,0,4,75,0,79,131,8,139,218
09/11/2003,WJF,CA,AWP,WE,Federal Contract Tower,0,0,7,0,7,0,2,103,6,111,0,2,110,6,118,72,0,72,190
09/12/2003,WJF,CA,AWP,WE,Federal Contract Tower,0,0,5,1,6,0,4,73,1,78,0,4,78,2,84,136,2,138,222
09/13/2003,WJF,CA,AWP,WE,Federal Contract Tower,0,0,7,0,7,0,2,151,0,153,0,2,158,0,160,124,0,124,284
09/14/2003,WJF,CA,AWP,WE,Federal Contract Tower,0,0,3,0,3,0,0,128,0,128,0,0,131,0,131,92,0,92,223
09/15/2003,WJF,CA,AWP,WE,Federal Contract Tower,0,4,3,2,9,0,6,106,2,114,0,10,109,4,123,118,0,118,241
09/16/2003,WJF,CA,AWP,WE,Federal Contract Tower,0,1,8,0,9,0,12,75,0,87,0,13,83,0,96,131,0,131,227
09/17/2003,WJF,CA,AWP,WE,Federal Contract Tower,0,2,2,0,4,0,0,60,0,60,0,2,62,0,64,35,0,35,99
09/18/2003,WJF,CA,AWP,WE,Federal Contract Tower,0,1,6,2,9,0,3,73,10,86,0,4,79,12,95,42,2,44,139
09/19/2003,WJF,CA,AWP,WE,Federal Contract Tower,0,0,9,0,9,0,4,104,3,111,0,4,113,3,120,198,0,198,318
09/20/2003,WJF,CA,AWP,WE,Federal Contract Tower,0,0,12,0,12,0,2,141,0,143,0,2,153,0,155,130,0,130,285
09/21/2003,WJF,CA,AWP,WE,Federal Contract Tower,0,0,5,0,5,0,0,158,0,158,0,0,163,0,163,132,0,132,295
09/22/2003,WJF,CA,AWP,WE,Federal Contract Tower,0,0,5,0,5,0,2,89,0,91,0,2,94,0,96,104,0,104,200
09/23/2003,WJF,CA,AWP,WE,Federal Contract Tower,0,3,9,0,12,0,3,88,2,93,0,6,97,2,105,206,2,208,313
09/24/2003,WJF,CA,AWP,WE,Federal Contract Tower,0,1,8,2,11,0,3,101,0,104,0,4,109,2,115,90,2,92,207
09/25/2003,WJF,CA,AWP,WE,Federal Contract Tower,0,0,16,0,16,0,4,106,0,110,0,4,122,0,126,180,0,180,306
09/26/2003,WJF,CA,AWP,WE,Federal Contract Tower,0,0,4,1,5,0,2,113,4,119,0,2,117,5,124,188,4,192,316
09/27/2003,WJF,CA,AWP,WE,Federal Contract Tower,0,0,7,0,7,0,2,121,0,123,0,2,128,0,130,219,0,219,349
09/28/2003,WJF,CA,AWP,WE,Federal Contract Tower,0,2,19,0,21,0,0,140,0,140,0,2,159,0,161,128,0,128,289
09/29/2003,WJF,CA,AWP,WE,Federal Contract Tower,0,0,2,0,2,0,4,89,0,93,0,4,91,0,95,156,0,156,251
09/30/2003,WJF,CA,AWP,WE,Federal Contract Tower,0,0,15,1,16,0,2,94,1,97,0,2,109,2,113,132,2,134,247
10/01/2003,WJF,CA,AWP,WE,Federal Contract Tower,0,3,9,0,12,0,1,93,0,94,0,4,102,0,106,153,0,153,259
10/02/2003,WJF,CA,AWP,WE,Federal Contract Tower,0,3,15,1,19,0,3,184,3,190,0,6,199,4,209,188,6,194,403
10/03/2003,WJF,CA,AWP,WE,Federal Contract Tower,0,3,9,0,12,0,3,99,0,102,0,6,108,0,114,138,0,138,252
10/04/2003,WJF,CA,AWP,WE,Federal Contract Tower,0,1,4,0,5,0,1,140,0,141,0,2,144,0,146,97,0,97,243
10/05/2003,WJF,CA,AWP,WE,Federal Contract Tower,0,0,11,0,11,0,0,163,2,165,0,0,174,2,176,234,4,238,414
10/06/2003,WJF,CA,AWP,WE,Federal Contract Tower,0,1,2,0,3,0,3,89,0,92,0,4,91,0,95,104,0,104,199
10/07/2003,WJF,CA,AWP,WE,Federal Contract Tower,0,1,5,0,6,0,1,107,0,108,0,2,112,0,114,238,2,240,354
10/08/2003,WJF,CA,AWP,WE,Federal Contract Tower,0,1,4,0,5,0,5,83,0,88,0,6,87,0,93,171,0,171,264
10/09/2003,WJF,CA,AWP,WE,Federal Contract Tower,0,1,7,0,8,0,3,101,4,108,0,4,108,4,116,142,0,142,258
10/10/2003,WJF,CA,AWP,WE,Federal Contract Tower,0,2,14,0,16,0,2,88,0,90,0,4,102,0,106,130,0,130,236
10/11/2003,WJF,CA,AWP,WE,Federal Contract Tower,0,0,2,0,2,0,2,112,0,114,0,2,114,0,116,107,0,107,223
10/12/2003,WJF,CA,AWP,WE,Federal Contract Tower,0,0,11,0,11,0,0,151,0,151,0,0,162,0,162,78,0,78,240
10/13/2003,WJF,CA,AWP,WE,Federal Contract Tower,0,0,7,0,7,0,6,83,0,89,0,6,90,0,96,82,0,82,178
10/14/2003,WJF,CA,AWP,WE,Federal Contract Tower,0,0,6,1,7,0,10,77,1,88,0,10,83,2,95,106,0,106,201
10/15/2003,WJF,CA,AWP,WE,Federal Contract Tower,0,1,9,0,10,0,4,61,0,65,0,5,70,0,75,74,4,78,153
10/16/2003,WJF,CA,AWP,WE,Federal Contract Tower,0,0,4,0,4,0,6,118,0,124,0,6,122,0,128,102,0,102,230
10/17/2003,WJF,CA,AWP,WE,Federal Contract Tower,0,1,8,1,10,0,1,108,3,112,0,2,116,4,122,202,0,202,324
10/18/2003,WJF,CA,AWP,WE,Federal Contract Tower,0,0,7,0,7,0,2,126,0,128,0,2,133,0,135,179,0,179,314
10/19/2003,WJF,CA,AWP,WE,Federal Contract Tower,0,0,5,0,5,0,0,129,0,129,0,0,134,0,134,154,0,154,288
10/20/2003,WJF,CA,AWP,WE,Federal Contract Tower,0,0,0,0,0,0,4,96,2,102,0,4,96,2,102,126,6,132,234
10/21/2003,WJF,CA,AWP,WE,Federal Contract Tower,0,0,4,1,5,0,12,112,1,125,0,12,116,2,130,152,2,154,284
10/22/2003,WJF,CA,AWP,WE,Federal Contract Tower,0,1,9,1,11,0,4,77,1,82,0,5,86,2,93,156,4,160,253
10/23/2003,WJF,CA,AWP,WE,Federal Contract Tower,0,0,3,1,4,0,6,165,1,172,0,6,168,2,176,96,2,98,274
10/24/2003,WJF,CA,AWP,WE,Federal Contract Tower,0,2,9,0,11,0,2,191,0,193,0,4,200,0,204,160,0,160,364
10/25/2003,WJF,CA,AWP,WE,Federal Contract Tower,0,1,9,0,10,0,1,269,0,270,0,2,278,0,280,50,0,50,330
10/26/2003,WJF,CA,AWP,WE,Federal Contract Tower,0,0,7,0,7,0,4,159,0,163,0,4,166,0,170,38,0,38,208
10/27/2003,WJF,CA,AWP,WE,Federal Contract Tower,0,0,8,0,8,0,6,182,0,188,0,6,190,0,196,69,0,69,265
10/28/2003,WJF,CA,AWP,WE,Federal Contract Tower,0,0,5,0,5,0,4,360,0,364,0,4,365,0,369,64,0,64,433
10/29/2003,WJF,CA,AWP,WE,Federal Contract Tower,0,2,15,0,17,0,2,68,0,70,0,4,83,0,87,24,0,24,111
10/30/2003,WJF,CA,AWP,WE,Federal Contract Tower,0,1,10,0,11,0,6,49,6,61,0,7,59,6,72,28,0,28,100
10/31/2003,WJF,CA,AWP,WE,Federal Contract Tower,0,1,8,0,9,0,3,57,2,62,0,4,65,2,71,71,0,71,142
11/01/2003,WJF,CA,AWP,WE,Federal Contract Tower,0,0,5,0,5,0,0,85,0,85,0,0,90,0,90,116,0,116,206
11/02/2003,WJF,CA,AWP,WE,Federal Contract Tower,0,0,8,0,8,0,0,123,0,123,0,0,131,0,131,138,0,138,269
11/03/2003,WJF,CA,AWP,WE,Federal Contract Tower,0,2,13,0,15,0,2,79,0,81,0,4,92,0,96,37,0,37,133
11/04/2003,WJF,CA,AWP,WE,Federal Contract Tower,0,3,8,0,11,0,3,90,8,101,0,6,98,8,112,104,0,104,216
11/05/2003,WJF,CA,AWP,WE,Federal Contract Tower,0,1,4,0,5,0,3,88,0,91,0,4,92,0,96,62,2,64,160
11/06/2003,WJF,CA,AWP,WE,Federal Contract Tower,0,2,10,1,13,0,4,88,9,101,0,6,98,10,114,104,24,128,242
11/07/2003,WJF,CA,AWP,WE,Federal Contract Tower,0,1,6,0,7,0,3,103,0,106,0,4,109,0,113,163,0,163,276
11/08/2003,WJF,CA,AWP,WE,Federal Contract Tower,0,1,4,0,5,0,1,137,0,138,0,2,141,0,143,133,0,133,276
11/09/2003,WJF,CA,AWP,WE,Federal Contract Tower,0,0,9,0,9,0,0,69,0,69,0,0,78,0,78,48,0,48,126
11/10/2003,WJF,CA,AWP,WE,Federal Contract Tower,0,1,3,0,4,0,1,73,0,74,0,2,76,0,78,119,0,119,197
11/11/2003,WJF,CA,AWP,WE,Federal Contract Tower,0,2,9,1,12,0,3,131,1,135,0,5,140,2,147,98,0,98,245
11/12/2003,WJF,CA,AWP,WE,Federal Contract Tower,0,2,10,0,12,0,2,13,0,15,0,4,23,0,27,88,0,88,115
11/13/2003,WJF,CA,AWP,WE,Federal Contract Tower,0,2,8,1,11,0,2,89,1,92,0,4,97,2,103,98,0,98,201
11/14/2003,WJF,CA,AWP,WE,Federal Contract Tower,0,0,7,0,7,0,12,103,0,115,0,12,110,0,122,171,4,175,297
11/15/2003,WJF,CA,AWP,WE,Federal Contract Tower,0,1,9,0,10,0,3,236,0,239,0,4,245,0,249,96,0,96,345
11/16/2003,WJF,CA,AWP,WE,Federal Contract Tower,0,0,5,1,6,0,0,105,9,114,0,0,110,10,120,113,0,113,233
11/17/2003,WJF,CA,AWP,WE,Federal Contract Tower,0,0,7,1,8,0,4,35,0,39,0,4,42,1,47,95,0,95,142
11/18/2003,WJF,CA,AWP,WE,Federal Contract Tower,0,0,8,0,8,0,8,87,0,95,0,8,95,0,103,92,0,92,195
11/19/2003,WJF,CA,AWP,WE,Federal Contract Tower,0,0,5,1,6,0,2,100,1,103,0,2,105,2,109,150,0,150,259
11/20/2003,WJF,CA,AWP,WE,Federal Contract Tower,0,0,8,1,9,0,6,73,5,84,0,6,81,6,93,98,38,136,229
11/21/2003,WJF,CA,AWP,WE,Federal Contract Tower,0,1,11,0,12,0,9,86,0,95,0,10,97,0,107,139,0,139,246
11/22/2003,WJF,CA,AWP,WE,Federal Contract Tower,0,0,3,0,3,0,5,53,0,58,0,5,56,0,61,42,0,42,103
11/23/2003,WJF,CA,AWP,WE,Federal Contract Tower,0,0,5,0,5,0,0,91,0,91,0,0,96,0,96,93,0,93,189
11/24/2003,WJF,CA,AWP,WE,Federal Contract Tower,0,0,9,1,10,0,6,84,3,93,0,6,93,4,103,120,0,120,223
11/25/2003,WJF,CA,AWP,WE,Federal Contract Tower,0,0,9,0,9,0,4,95,0,99,0,4,104,0,108,52,0,52,160
11/26/2003,WJF,CA,AWP,WE,Federal Contract Tower,0,0,1,0,1,0,5,90,0,95,0,5,91,0,96,164,0,164,260
11/27/2003,WJF,CA,AWP,WE,Federal Contract Tower,0,0,1,0,1,0,0,67,0,67,0,0,68,0,68,26,0,26,94
11/28/2003,WJF,CA,AWP,WE,Federal Contract Tower,0,0,6,0,6,0,4,99,0,103,0,4,105,0,109,91,0,91,200
11/29/2003,WJF,CA,AWP,WE,Federal Contract Tower,0,1,11,0,12,0,1,127,0,128,0,2,138,0,140,132,0,132,272
11/30/2003,WJF,CA,AWP,WE,Federal Contract Tower,0,0,5,0,5,0,0,146,0,146,0,0,151,0,151,138,0,138,289
12/01/2003,WJF,CA,AWP,WE,Federal Contract Tower,0,3,7,1,11,0,5,60,1,66,0,8,67,2,77,64,0,64,141
12/02/2003,WJF,CA,AWP,WE,Federal Contract Tower,0,1,4,0,5,0,16,70,10,96,0,17,74,10,101,87,0,87,188
12/03/2003,WJF,CA,AWP,WE,Federal Contract Tower,0,3,8,1,12,0,10,93,3,106,0,13,101,4,118,182,0,182,300
12/04/2003,WJF,CA,AWP,WE,Federal Contract Tower,0,3,5,0,8,0,14,87,4,105,0,17,92,4,113,178,0,178,291
12/05/2003,WJF,CA,AWP,WE,Federal Contract Tower,0,2,7,1,10,0,2,121,1,124,0,4,128,2,134,149,8,157,291
12/06/2003,WJF,CA,AWP,WE,Federal Contract Tower,0,1,1,0,2,0,1,101,0,102,0,2,102,0,104,123,0,123,227
12/07/2003,WJF,CA,AWP,WE,Federal Contract Tower,0,0,8,0,8,0,0,67,0,67,0,0,75,0,75,108,0,108,183
12/08/2003,WJF,CA,AWP,WE,Federal Contract Tower,0,1,2,0,3,0,3,54,0,57,0,4,56,0,60,64,0,64,124
12/09/2003,WJF,CA,AWP,WE,Federal Contract Tower,0,1,7,2,10,0,6,108,0,114,0,7,115,2,124,85,0,85,209
12/10/2003,WJF,CA,AWP,WE,Federal Contract Tower,0,2,7,0,9,0,4,29,0,33,0,6,36,0,42,50,4,54,96
12/11/2003,WJF,CA,AWP,WE,Federal Contract Tower,0,2,5,1,8,0,2,33,5,40,0,4,38,6,48,20,2,22,70
12/12/2003,WJF,CA,AWP,WE,Federal Contract Tower,0,0,3,1,4,0,8,130,1,139,0,8,133,2,143,73,2,75,218
12/13/2003,WJF,CA,AWP,WE,Federal Contract Tower,0,0,1,0,1,0,2,149,0,151,0,2,150,0,152,168,0,168,320
12/14/2003,WJF,CA,AWP,WE,Federal Contract Tower,0,0,3,0,3,0,0,58,0,58,0,0,61,0,61,20,0,20,81
12/15/2003,WJF,CA,AWP,WE,Federal Contract Tower,0,0,4,1,5,0,2,42,3,47,0,2,46,4,52,90,0,90,142
12/16/2003,WJF,CA,AWP,WE,Federal Contract Tower,0,0,5,1,6,0,8,69,1,78,0,8,74,2,84,96,4,100,184
12/17/2003,WJF,CA,AWP,WE,Federal Contract Tower,0,3,10,2,15,0,1,93,0,94,0,4,103,2,109,142,8,150,259
12/18/2003,WJF,CA,AWP,WE,Federal Contract Tower,0,3,12,2,17,0,1,80,2,83,0,4,92,4,100,94,2,96,196
12/19/2003,WJF,CA,AWP,WE,Federal Contract Tower,0,0,4,0,4,0,5,79,0,84,0,5,83,0,88,129,0,129,217
12/20/2003,WJF,CA,AWP,WE,Federal Contract Tower,0,1,6,0,7,0,1,61,0,62,0,2,67,0,69,187,0,187,256
12/21/2003,WJF,CA,AWP,WE,Federal Contract Tower,0,1,7,0,8,0,1,132,0,133,0,2,139,0,141,249,0,249,390
12/22/2003,WJF,CA,AWP,WE,Federal Contract Tower,0,0,5,1,6,0,2,86,1,89,0,2,91,2,95,62,2,64,159
12/23/2003,WJF,CA,AWP,WE,Federal Contract Tower,0,2,9,0,11,0,10,70,0,80,0,12,79,0,91,62,0,62,153
12/24/2003,WJF,CA,AWP,WE,Federal Contract Tower,0,0,6,0,6,0,2,54,0,56,0,2,60,0,62,52,0,52,114
12/25/2003,WJF,CA,AWP,WE,Federal Contract Tower,0,0,0,0,0,0,0,6,0,6,0,0,6,0,6,0,0,0,6
12/26/2003,WJF,CA,AWP,WE,Federal Contract Tower,0,0,5,0,5,0,5,39,0,44,0,5,44,0,49,41,0,41,90
12/27/2003,WJF,CA,AWP,WE,Federal Contract Tower,0,2,6,0,8,0,0,149,0,149,0,2,155,0,157,114,0,114,271
12/28/2003,WJF,CA,AWP,WE,Federal Contract Tower,0,0,6,0,6,0,0,100,0,100,0,0,106,0,106,112,0,112,218
12/29/2003,WJF,CA,AWP,WE,Federal Contract Tower,0,1,7,1,9,0,3,82,3,88,0,4,89,4,97,74,0,74,171
12/30/2003,WJF,CA,AWP,WE,Federal Contract Tower,0,0,5,0,5,0,6,22,0,28,0,6,27,0,33,30,0,30,63
12/31/2003,WJF,CA,AWP,WE,Federal Contract Tower,0,2,11,0,13,0,2,93,0,95,0,4,104,0,108,109,0,109,217
01/01/2004,WJF,CA,AWP,WE,Federal Contract Tower,0,3,7,1,11,0,5,60,1,66,0,8,67,2,77,64,0,64,141
01/02/2004,WJF,CA,AWP,WE,Federal Contract Tower,0,1,4,0,5,0,16,70,10,96,0,17,74,10,101,87,0,87,188
01/03/2004,WJF,CA,AWP,WE,Federal Contract Tower,0,3,8,1,12,0,10,93,3,106,0,13,101,4,118,182,0,182,300
01/04/2004,WJF,CA,AWP,WE,Federal Contract Tower,0,3,5,0,8,0,14,87,4,105,0,17,92,4,113,178,0,178,291
01/05/2004,WJF,CA,AWP,WE,Federal Contract Tower,0,2,7,1,10,0,2,121,1,124,0,4,128,2,134,149,8,157,291
01/06/2004,WJF,CA,AWP,WE,Federal Contract Tower,0,1,1,0,2,0,1,101,0,102,0,2,102,0,104,123,0,123,227
01/07/2004,WJF,CA,AWP,WE,Federal Contract Tower,0,0,8,0,8,0,0,67,0,67,0,0,75,0,75,108,0,108,183
01/08/2004,WJF,CA,AWP,WE,Federal Contract Tower,0,1,2,0,3,0,3,54,0,57,0,4,56,0,60,64,0,64,124
01/09/2004,WJF,CA,AWP,WE,Federal Contract Tower,0,1,7,2,10,0,6,108,0,114,0,7,115,2,124,85,0,85,209
01/10/2004,WJF,CA,AWP,WE,Federal Contract Tower,0,2,7,0,9,0,4,29,0,33,0,6,36,0,42,50,4,54,96
01/11/2004,WJF,CA,AWP,WE,Federal Contract Tower,0,2,5,1,8,0,2,33,5,40,0,4,38,6,48,20,2,22,70
01/12/2004,WJF,CA,AWP,WE,Federal Contract Tower,0,0,3,1,4,0,8,130,1,139,0,8,133,2,143,73,2,75,218
01/13/2004,WJF,CA,AWP,WE,Federal Contract Tower,0,0,1,0,1,0,2,149,0,151,0,2,150,0,152,168,0,168,320
01/14/2004,WJF,CA,AWP,WE,Federal Contract Tower,0,0,3,0,3,0,0,58,0,58,0,0,61,0,61,20,0,20,81
01/15/2004,WJF,CA,AWP,WE,Federal Contract Tower,0,0,4,1,5,0,2,42,3,47,0,2,46,4,52,90,0,90,142
01/16/2004,WJF,CA,AWP,WE,Federal Contract Tower,0,0,5,1,6,0,8,69,1,78,0,8,74,2,84,96,4,100,184
01/17/2004,WJF,CA,AWP,WE,Federal Contract Tower,0,3,10,2,15,0,1,93,0,94,0,4,103,2,109,142,8,150,259
01/18/2004,WJF,CA,AWP,WE,Federal Contract Tower,0,3,12,2,17,0,1,80,2,83,0,4,92,4,100,94,2,96,196
01/19/2004,WJF,CA,AWP,WE,Federal Contract Tower,0,0,4,0,4,0,5,79,0,84,0,5,83,0,88,129,0,129,217
01/20/2004,WJF,CA,AWP,WE,Federal Contract Tower,0,1,6,0,7,0,1,61,0,62,0,2,67,0,69,187,0,187,256
01/21/2004,WJF,CA,AWP,WE,Federal Contract Tower,0,1,7,0,8,0,1,132,0,133,0,2,139,0,141,249,0,249,390
01/22/2004,WJF,CA,AWP,WE,Federal Contract Tower,0,0,5,1,6,0,2,86,1,89,0,2,91,2,95,62,2,64,159
01/23/2004,WJF,CA,AWP,WE,Federal Contract Tower,0,2,9,0,11,0,10,70,0,80,0,12,79,0,91,62,0,62,153
01/24/2004,WJF,CA,AWP,WE,Federal Contract Tower,0,0,6,0,6,0,2,54,0,56,0,2,60,0,62,52,0,52,114
01/25/2004,WJF,CA,AWP,WE,Federal Contract Tower,0,0,0,0,0,0,0,6,0,6,0,0,6,0,6,0,0,0,6
01/26/2004,WJF,CA,AWP,WE,Federal Contract Tower,0,0,5,0,5,0,5,39,0,44,0,5,44,0,49,41,0,41,90
01/27/2004,WJF,CA,AWP,WE,Federal Contract Tower,0,2,6,0,8,0,0,149,0,149,0,2,155,0,157,114,0,114,271
01/28/2004,WJF,CA,AWP,WE,Federal Contract Tower,0,0,6,0,6,0,0,100,0,100,0,0,106,0,106,112,0,112,218
01/29/2004,WJF,CA,AWP,WE,Federal Contract Tower,0,1,7,1,9,0,3,82,3,88,0,4,89,4,97,74,0,74,171
01/30/2004,WJF,CA,AWP,WE,Federal Contract Tower,0,0,5,0,5,0,6,22,0,28,0,6,27,0,33,30,0,30,63
01/31/2004,WJF,CA,AWP,WE,Federal Contract Tower,0,2,11,0,13,0,2,93,0,95,0,4,104,0,108,109,0,109,217
02/01/2004,WJF,CA,AWP,WE,Federal Contract Tower,0,0,5,0,5,0,0,139,0,139,0,0,144,0,144,194,0,194,338
02/02/2004,WJF,CA,AWP,WE,Federal Contract Tower,0,1,5,0,6,0,4,23,0,27,0,5,28,0,33,32,4,36,69
02/03/2004,WJF,CA,AWP,WE,Federal Contract Tower,0,1,3,0,4,0,3,23,2,28,0,4,26,2,32,20,6,26,58
02/04/2004,WJF,CA,AWP,WE,Federal Contract Tower,0,1,0,0,1,0,3,42,0,45,0,4,42,0,46,87,0,87,133
02/05/2004,WJF,CA,AWP,WE,Federal Contract Tower,0,1,2,0,3,0,5,82,0,87,0,6,84,0,90,142,0,142,232
02/06/2004,WJF,CA,AWP,WE,Federal Contract Tower,0,1,2,0,3,0,3,137,0,140,0,4,139,0,143,139,0,139,282
02/07/2004,WJF,CA,AWP,WE,Federal Contract Tower,0,1,2,0,3,0,3,107,0,110,0,4,109,0,113,148,0,148,261
02/08/2004,WJF,CA,AWP,WE,Federal Contract Tower,0,0,3,0,3,0,0,105,0,105,0,0,108,0,108,94,0,94,202
02/09/2004,WJF,CA,AWP,WE,Federal Contract Tower,0,1,1,0,2,0,1,69,0,70,0,2,70,0,72,76,0,76,148
02/10/2004,WJF,CA,AWP,WE,Federal Contract Tower,0,0,1,0,1,0,2,37,0,39,0,2,38,0,40,143,2,145,185
02/11/2004,WJF,CA,AWP,WE,Federal Contract Tower,0,2,13,2,17,0,4,58,2,64,0,6,71,4,81,170,16,186,267
02/12/2004,WJF,CA,AWP,WE,Federal Contract Tower,0,1,9,2,12,0,5,72,4,81,0,6,81,6,93,98,10,108,201
02/13/2004,WJF,CA,AWP,WE,Federal Contract Tower,0,1,7,0,8,0,7,99,0,106,0,8,106,0,114,126,0,126,240
02/14/2004,WJF,CA,AWP,WE,Federal Contract Tower,0,0,2,0,2,0,2,144,0,146,0,2,146,0,148,120,0,120,268
02/15/2004,WJF,CA,AWP,WE,Federal Contract Tower,0,0,5,0,5,0,0,110,0,110,0,0,115,0,115,108,0,108,223
02/16/2004,WJF,CA,AWP,WE,Federal Contract Tower,0,0,5,0,5,0,2,96,0,98,0,2,101,0,103,151,0,151,254
02/17/2004,WJF,CA,AWP,WE,Federal Contract Tower,0,1,9,2,12,0,11,70,2,83,0,12,79,4,95,74,0,74,169
02/18/2004,WJF,CA,AWP,WE,Federal Contract Tower,0,2,11,2,15,0,0,15,0,15,0,2,26,2,30,16,0,16,46
02/19/2004,WJF,CA,AWP,WE,Federal Contract Tower,0,0,5,1,6,0,6,86,1,93,0,6,91,2,99,62,4,66,165
02/20/2004,WJF,CA,AWP,WE,Federal Contract Tower,0,1,10,0,11,0,1,54,0,55,0,2,64,0,66,86,0,86,152
02/21/2004,WJF,CA,AWP,WE,Federal Contract Tower,0,2,10,0,12,0,2,31,0,33,0,4,41,0,45,82,0,82,127
02/22/2004,WJF,CA,AWP,WE,Federal Contract Tower,0,0,11,0,11,0,0,7,0,7,0,0,18,0,18,2,0,2,20
02/23/2004,WJF,CA,AWP,WE,Federal Contract Tower,0,2,15,1,18,0,10,53,1,64,0,12,68,2,82,98,0,98,180
02/24/2004,WJF,CA,AWP,WE,Federal Contract Tower,0,1,8,1,10,0,3,72,5,80,0,4,80,6,90,12,0,12,102
02/25/2004,WJF,CA,AWP,WE,Federal Contract Tower,0,0,7,0,7,0,6,41,0,47,0,6,48,0,54,40,0,40,94
02/26/2004,WJF,CA,AWP,WE,Federal Contract Tower,0,2,13,1,16,0,2,29,3,34,0,4,42,4,50,12,2,14,64
02/27/2004,WJF,CA,AWP,WE,Federal Contract Tower,0,0,4,0,4,0,2,42,0,44,0,2,46,0,48,52,0,52,100
02/28/2004,WJF,CA,AWP,WE,Federal Contract Tower,0,0,8,0,8,0,2,94,0,96,0,2,102,0,104,92,0,92,196
02/29/2004,WJF,CA,AWP,WE,Federal Contract Tower,0,0,3,0,3,0,6,131,0,137,0,6,134,0,140,134,0,134,274
03/01/2004,WJF,CA,AWP,WE,Federal Contract Tower,0,1,7,0,8,0,1,24,0,25,0,2,31,0,33,48,0,48,81
03/02/2004,WJF,CA,AWP,WE,Federal Contract Tower,0,1,6,0,7,0,3,0,0,3,0,4,6,0,10,6,0,6,16
03/03/2004,WJF,CA,AWP,WE,Federal Contract Tower,0,2,10,1,13,0,4,65,3,72,0,6,75,4,85,76,2,78,163
03/04/2004,WJF,CA,AWP,WE,Federal Contract Tower,0,1,7,0,8,0,3,52,0,55,0,4,59,0,63,54,0,54,117
03/05/2004,WJF,CA,AWP,WE,Federal Contract Tower,0,2,13,0,15,0,1,78,0,79,0,3,91,0,94,116,0,116,210
03/06/2004,WJF,CA,AWP,WE,Federal Contract Tower,0,1,6,0,7,0,1,181,2,184,0,2,187,2,191,186,2,188,379
03/07/2004,WJF,CA,AWP,WE,Federal Contract Tower,0,1,7,0,8,0,0,127,0,127,0,1,134,0,135,126,0,126,261
03/08/2004,WJF,CA,AWP,WE,Federal Contract Tower,0,1,3,0,4,0,3,140,0,143,0,4,143,0,147,180,0,180,327
03/09/2004,WJF,CA,AWP,WE,Federal Contract Tower,0,0,6,0,6,0,0,91,0,91,0,0,97,0,97,57,0,57,154
03/10/2004,WJF,CA,AWP,WE,Federal Contract Tower,0,1,7,0,8,0,3,58,0,61,0,4,65,0,69,76,0,76,145
03/11/2004,WJF,CA,AWP,WE,Federal Contract Tower,0,2,11,1,14,0,4,88,3,95,0,6,99,4,109,40,0,40,149
03/12/2004,WJF,CA,AWP,WE,Federal Contract Tower,0,2,11,1,14,0,5,144,3,152,0,7,155,4,166,144,2,146,312
03/13/2004,WJF,CA,AWP,WE,Federal Contract Tower,0,1,0,0,1,0,1,120,0,121,0,2,120,0,122,198,0,198,320
03/14/2004,WJF,CA,AWP,WE,Federal Contract Tower,0,0,7,1,8,0,0,228,3,231,0,0,235,4,239,193,0,193,432
03/15/2004,WJF,CA,AWP,WE,Federal Contract Tower,0,1,7,0,8,0,3,75,0,78,0,4,82,0,86,199,0,199,285
03/16/2004,WJF,CA,AWP,WE,Federal Contract Tower,0,2,12,0,14,0,2,92,0,94,0,4,104,0,108,144,0,144,252
03/17/2004,WJF,CA,AWP,WE,Federal Contract Tower,0,1,5,0,6,0,4,104,2,110,0,5,109,2,116,170,0,170,286
03/18/2004,WJF,CA,AWP,WE,Federal Contract Tower,0,0,7,3,10,0,4,69,3,76,0,4,76,6,86,128,0,128,214
03/19/2004,WJF,CA,AWP,WE,Federal Contract Tower,0,0,6,0,6,0,4,133,0,137,0,4,139,0,143,204,0,204,347
03/20/2004,WJF,CA,AWP,WE,Federal Contract Tower,0,0,8,0,8,0,2,189,0,191,0,2,197,0,199,168,0,168,367
03/21/2004,WJF,CA,AWP,WE,Federal Contract Tower,0,0,7,0,7,0,0,146,0,146,0,0,153,0,153,196,0,196,349
03/22/2004,WJF,CA,AWP,WE,Federal Contract Tower,0,0,3,0,3,0,4,89,0,93,0,4,92,0,96,82,0,82,178
03/23/2004,WJF,CA,AWP,WE,Federal Contract Tower,0,1,12,3,16,0,7,68,9,84,0,8,80,12,100,56,0,56,156
03/24/2004,WJF,CA,AWP,WE,Federal Contract Tower,0,0,8,1,9,0,6,55,9,70,0,6,63,10,79,54,0,54,133
03/25/2004,WJF,CA,AWP,WE,Federal Contract Tower,0,0,8,1,9,0,8,55,0,63,0,8,63,1,72,103,6,109,181
03/26/2004,WJF,CA,AWP,WE,Federal Contract Tower,0,0,2,0,2,0,2,45,0,47,0,2,47,0,49,28,0,28,77
03/27/2004,WJF,CA,AWP,WE,Federal Contract Tower,0,0,8,2,10,0,2,140,0,142,0,2,148,2,152,150,0,150,302
03/28/2004,WJF,CA,AWP,WE,Federal Contract Tower,0,0,5,0,5,0,0,107,0,107,0,0,112,0,112,148,0,148,260
03/29/2004,WJF,CA,AWP,WE,Federal Contract Tower,0,0,5,0,5,0,2,107,6,115,0,2,112,6,120,166,8,174,294
03/30/2004,WJF,CA,AWP,WE,Federal Contract Tower,0,0,6,0,6,0,4,100,6,110,0,4,106,6,116,66,0,66,182
03/31/2004,WJF,CA,AWP,WE,Federal Contract Tower,0,0,4,0,4,0,3,92,0,95,0,3,96,0,99,170,4,174,273
04/01/2004,WJF,CA,AWP,WE,Federal Contract Tower,0,4,9,0,13,0,0,51,4,55,0,4,60,4,68,22,0,22,90
04/02/2004,WJF,CA,AWP,WE,Federal Contract Tower,0,2,9,0,11,0,0,69,2,71,0,2,78,2,82,164,0,164,246
04/03/2004,WJF,CA,AWP,WE,Federal Contract Tower,0,2,9,0,11,0,0,78,2,80,0,2,87,2,91,191,0,191,282
04/04/2004,WJF,CA,AWP,WE,Federal Contract Tower,0,0,1,0,1,0,0,108,0,108,0,0,109,0,109,114,0,114,223
04/05/2004,WJF,CA,AWP,WE,Federal Contract Tower,0,2,4,0,6,0,6,66,0,72,0,8,70,0,78,110,0,110,188
04/06/2004,WJF,CA,AWP,WE,Federal Contract Tower,0,4,11,0,15,0,2,87,2,91,0,6,98,2,106,86,0,86,192
04/07/2004,WJF,CA,AWP,WE,Federal Contract Tower,0,2,7,0,9,0,0,85,2,87,0,2,92,2,96,147,4,151,247
04/08/2004,WJF,CA,AWP,WE,Federal Contract Tower,0,0,0,0,0,0,8,64,0,72,0,8,64,0,72,48,0,48,120
04/09/2004,WJF,CA,AWP,WE,Federal Contract Tower,0,2,6,0,8,0,8,110,0,118,0,10,116,0,126,120,0,120,246
04/10/2004,WJF,CA,AWP,WE,Federal Contract Tower,0,2,7,0,9,0,2,140,0,142,0,4,147,0,151,188,0,188,339
04/11/2004,WJF,CA,AWP,WE,Federal Contract Tower,0,0,3,0,3,0,0,139,0,139,0,0,142,0,142,106,0,106,248
04/12/2004,WJF,CA,AWP,WE,Federal Contract Tower,0,0,2,0,2,0,2,108,0,110,0,2,110,0,112,96,0,96,208
04/13/2004,WJF,CA,AWP,WE,Federal Contract Tower,0,2,6,1,9,0,6,96,7,109,0,8,102,8,118,94,0,94,212
04/14/2004,WJF,CA,AWP,WE,Federal Contract Tower,0,0,2,1,3,0,6,81,1,88,0,6,83,2,91,78,10,88,179
04/15/2004,WJF,CA,AWP,WE,Federal Contract Tower,0,0,2,0,2,0,3,57,0,60,0,3,59,0,62,24,0,24,86
04/16/2004,WJF,CA,AWP,WE,Federal Contract Tower,0,2,8,1,11,0,4,67,1,72,0,6,75,2,83,64,6,70,153
04/17/2004,WJF,CA,AWP,WE,Federal Contract Tower,0,2,9,0,11,0,0,34,0,34,0,2,43,0,45,146,0,146,191
04/18/2004,WJF,CA,AWP,WE,Federal Contract Tower,0,0,3,0,3,0,2,108,0,110,0,2,111,0,113,114,0,114,227
04/19/2004,WJF,CA,AWP,WE,Federal Contract Tower,0,0,1,0,1,0,4,67,0,71,0,4,68,0,72,94,0,94,166
04/20/2004,WJF,CA,AWP,WE,Federal Contract Tower,0,0,3,0,3,0,4,96,0,100,0,4,99,0,103,85,0,85,188
04/21/2004,WJF,CA,AWP,WE,Federal Contract Tower,0,1,4,0,5,0,2,57,0,59,0,3,61,0,64,4,0,4,68
04/22/2004,WJF,CA,AWP,WE,Federal Contract Tower,0,1,5,0,6,0,1,39,0,40,0,2,44,0,46,58,0,58,104
04/23/2004,WJF,CA,AWP,WE,Federal Contract Tower,0,2,9,0,11,0,2,80,0,82,0,4,89,0,93,132,0,132,225
04/24/2004,WJF,CA,AWP,WE,Federal Contract Tower,0,0,4,0,4,0,2,176,0,178,0,2,180,0,182,188,0,188,370
04/25/2004,WJF,CA,AWP,WE,Federal Contract Tower,0,0,8,0,8,0,0,133,0,133,0,0,141,0,141,173,0,173,314
04/26/2004,WJF,CA,AWP,WE,Federal Contract Tower,0,0,4,0,4,0,11,93,0,104,0,11,97,0,108,166,0,166,274
04/27/2004,WJF,CA,AWP,WE,Federal Contract Tower,0,0,5,0,5,0,4,91,0,95,0,4,96,0,100,94,0,94,194
04/28/2004,WJF,CA,AWP,WE,Federal Contract Tower,0,1,7,0,8,0,6,66,0,72,0,7,73,0,80,106,0,106,186
04/29/2004,WJF,CA,AWP,WE,Federal Contract Tower,0,1,5,0,6,0,3,57,0,60,0,4,62,0,66,16,0,16,82
04/30/2004,WJF,CA,AWP,WE,Federal Contract Tower,0,0,4,0,4,0,2,129,0,131,0,2,133,0,135,153,0,153,288
05/01/2004,WJF,CA,AWP,WE,Federal Contract Tower,0,3,8,0,11,0,3,191,0,194,0,6,199,0,205,258,0,258,463
05/02/2004,WJF,CA,AWP,WE,Federal Contract Tower,0,0,0,0,0,0,0,158,0,158,0,0,158,0,158,110,0,110,268
05/03/2004,WJF,CA,AWP,WE,Federal Contract Tower,0,3,6,0,9,0,1,92,4,97,0,4,98,4,106,124,2,126,232
05/04/2004,WJF,CA,AWP,WE,Federal Contract Tower,0,1,4,0,5,0,3,43,2,48,0,4,47,2,53,80,6,86,139
05/05/2004,WJF,CA,AWP,WE,Federal Contract Tower,0,3,8,0,11,0,5,75,1,81,0,8,83,1,92,88,0,88,180
05/06/2004,WJF,CA,AWP,WE,Federal Contract Tower,0,3,7,0,10,0,5,87,4,96,0,8,94,4,106,28,4,32,138
05/07/2004,WJF,CA,AWP,WE,Federal Contract Tower,0,1,5,0,6,0,7,105,4,116,0,8,110,4,122,180,4,184,306
05/08/2004,WJF,CA,AWP,WE,Federal Contract Tower,0,1,4,0,5,0,2,105,0,107,0,3,109,0,112,65,0,65,177
05/09/2004,WJF,CA,AWP,WE,Federal Contract Tower,0,0,1,0,1,0,0,107,0,107,0,0,108,0,108,71,0,71,179
05/10/2004,WJF,CA,AWP,WE,Federal Contract Tower,0,1,2,0,3,0,3,30,0,33,0,4,32,0,36,15,0,15,51
05/11/2004,WJF,CA,AWP,WE,Federal Contract Tower,0,0,5,1,6,0,4,59,3,66,0,4,64,4,72,44,0,44,116
05/12/2004,WJF,CA,AWP,WE,Federal Contract Tower,0,1,9,2,12,0,5,80,4,89,0,6,89,6,101,62,0,62,163
05/13/2004,WJF,CA,AWP,WE,Federal Contract Tower,0,2,6,1,9,0,7,165,3,175,0,9,171,4,184,154,0,154,338
05/14/2004,WJF,CA,AWP,WE,Federal Contract Tower,0,0,0,0,0,0,4,134,0,138,0,4,134,0,138,198,0,198,336
05/15/2004,WJF,CA,AWP,WE,Federal Contract Tower,0,0,3,0,3,0,4,148,0,152,0,4,151,0,155,155,0,155,310
05/16/2004,WJF,CA,AWP,WE,Federal Contract Tower,0,0,5,0,5,0,0,86,0,86,0,0,91,0,91,65,0,65,156
05/17/2004,WJF,CA,AWP,WE,Federal Contract Tower,0,0,3,1,4,0,8,38,3,49,0,8,41,4,53,20,4,24,77
05/18/2004,WJF,CA,AWP,WE,Federal Contract Tower,0,0,0,0,0,0,4,56,0,60,0,4,56,0,60,6,0,6,66
05/19/2004,WJF,CA,AWP,WE,Federal Contract Tower,0,1,9,0,10,0,5,62,0,67,0,6,71,0,77,144,0,144,221
05/20/2004,WJF,CA,AWP,WE,Federal Contract Tower,0,1,6,0,7,0,9,60,0,69,0,10,66,0,76,18,0,18,94
05/21/2004,WJF,CA,AWP,WE,Federal Contract Tower,0,2,9,0,11,0,2,102,0,104,0,4,111,0,115,146,0,146,261
05/22/2004,WJF,CA,AWP,WE,Federal Contract Tower,0,0,3,0,3,0,2,122,0,124,0,2,125,0,127,157,0,157,284
05/23/2004,WJF,CA,AWP,WE,Federal Contract Tower,0,0,2,0,2,0,0,78,0,78,0,0,80,0,80,30,0,30,110
05/24/2004,WJF,CA,AWP,WE,Federal Contract Tower,0,0,5,0,5,0,6,57,4,67,0,6,62,4,72,62,0,62,134
05/25/2004,WJF,CA,AWP,WE,Federal Contract Tower,0,1,10,0,11,0,12,58,0,70,0,13,68,0,81,52,0,52,133
05/26/2004,WJF,CA,AWP,WE,Federal Contract Tower,0,2,7,0,9,0,2,96,3,101,0,4,103,3,110,134,0,134,244
05/27/2004,WJF,CA,AWP,WE,Federal Contract Tower,0,2,10,1,13,0,4,59,3,66,0,6,69,4,79,66,0,66,145
05/28/2004,WJF,CA,AWP,WE,Federal Contract Tower,0,1,7,0,8,0,2,56,0,58,0,3,63,0,66,48,0,48,114
05/29/2004,WJF,CA,AWP,WE,Federal Contract Tower,0,0,6,0,6,0,6,122,0,128,0,6,128,0,134,156,0,156,290
05/30/2004,WJF,CA,AWP,WE,Federal Contract Tower,0,0,1,0,1,0,0,127,0,127,0,0,128,0,128,132,0,132,260
05/31/2004,WJF,CA,AWP,WE,Federal Contract Tower,0,0,5,0,5,0,0,120,0,120,0,0,125,0,125,154,0,154,279
06/01/2004,WJF,CA,AWP,WE,Federal Contract Tower,0,1,4,0,5,0,3,52,0,55,0,4,56,0,60,110,0,110,170
06/02/2004,WJF,CA,AWP,WE,Federal Contract Tower,0,1,4,0,5,0,12,92,2,106,0,13,96,2,111,90,0,90,201
06/03/2004,WJF,CA,AWP,WE,Federal Contract Tower,0,1,7,0,8,0,6,90,6,102,0,7,97,6,110,84,0,84,194
06/04/2004,WJF,CA,AWP,WE,Federal Contract Tower,0,1,4,0,5,0,3,79,2,84,0,4,83,2,89,125,0,125,214
06/05/2004,WJF,CA,AWP,WE,Federal Contract Tower,0,1,1,0,2,0,1,116,0,117,0,2,117,0,119,76,0,76,195
06/06/2004,WJF,CA,AWP,WE,Federal Contract Tower,0,0,6,0,6,0,0,94,0,94,0,0,100,0,100,77,0,77,177
06/07/2004,WJF,CA,AWP,WE,Federal Contract Tower,0,0,3,0,3,0,0,49,0,49,0,0,52,0,52,59,0,59,111
06/08/2004,WJF,CA,AWP,WE,Federal Contract Tower,0,2,10,0,12,0,8,37,0,45,0,10,47,0,57,36,0,36,93
06/09/2004,WJF,CA,AWP,WE,Federal Contract Tower,0,1,2,0,3,0,1,43,0,44,0,2,45,0,47,43,0,43,90
06/10/2004,WJF,CA,AWP,WE,Federal Contract Tower,0,1,5,0,6,0,9,99,2,110,0,10,104,2,116,84,0,84,200
06/11/2004,WJF,CA,AWP,WE,Federal Contract Tower,0,2,7,0,9,0,4,124,0,128,0,6,131,0,137,186,0,186,323
06/12/2004,WJF,CA,AWP,WE,Federal Contract Tower,0,1,6,0,7,0,1,102,0,103,0,2,108,0,110,114,0,114,224
06/13/2004,WJF,CA,AWP,WE,Federal Contract Tower,0,0,2,0,2,0,0,101,0,101,0,0,103,0,103,134,0,134,237
06/14/2004,WJF,CA,AWP,WE,Federal Contract Tower,0,1,3,0,4,0,11,87,8,106,0,12,90,8,110,148,0,148,258
06/15/2004,WJF,CA,AWP,WE,Federal Contract Tower,0,1,5,0,6,0,11,107,0,118,0,12,112,0,124,146,0,146,270
06/16/2004,WJF,CA,AWP,WE,Federal Contract Tower,0,3,14,2,19,0,3,96,10,109,0,6,110,12,128,148,0,148,276
06/17/2004,WJF,CA,AWP,WE,Federal Contract Tower,0,1,11,3,15,0,11,63,1,75,0,12,74,4,90,102,4,106,196
06/18/2004,WJF,CA,AWP,WE,Federal Contract Tower,0,2,13,2,17,0,5,143,0,148,0,7,156,2,165,195,2,197,362
06/19/2004,WJF,CA,AWP,WE,Federal Contract Tower,0,0,4,0,4,0,4,91,0,95,0,4,95,0,99,231,0,231,330
06/20/2004,WJF,CA,AWP,WE,Federal Contract Tower,0,0,12,0,12,0,0,160,0,160,0,0,172,0,172,156,0,156,328
06/21/2004,WJF,CA,AWP,WE,Federal Contract Tower,0,1,8,2,11,0,11,122,2,135,0,12,130,4,146,85,0,85,231
06/22/2004,WJF,CA,AWP,WE,Federal Contract Tower,0,1,7,2,10,0,7,87,4,98,0,8,94,6,108,88,0,88,196
06/23/2004,WJF,CA,AWP,WE,Federal Contract Tower,0,1,8,2,11,0,3,121,2,126,0,4,129,4,137,156,0,156,293
06/24/2004,WJF,CA,AWP,WE,Federal Contract Tower,0,0,5,1,6,0,6,71,3,80,0,6,76,4,86,160,2,162,248
06/25/2004,WJF,CA,AWP,WE,Federal Contract Tower,0,0,5,0,5,0,4,160,0,164,0,4,165,0,169,132,0,132,301
06/26/2004,WJF,CA,AWP,WE,Federal Contract Tower,0,0,3,0,3,0,2,87,0,89,0,2,90,0,92,72,0,72,164
06/27/2004,WJF,CA,AWP,WE,Federal Contract Tower,0,0,4,0,4,0,0,136,0,136,0,0,140,0,140,108,0,108,248
06/28/2004,WJF,CA,AWP,WE,Federal Contract Tower,0,0,7,1,8,0,2,83,3,88,0,2,90,4,96,109,0,109,205
06/29/2004,WJF,CA,AWP,WE,Federal Contract Tower,0,0,7,0,7,0,4,67,0,71,0,4,74,0,78,151,0,151,229
06/30/2004,WJF,CA,AWP,WE,Federal Contract Tower,0,0,7,0,7,0,2,59,0,61,0,2,66,0,68,81,2,83,151
07/01/2004,WJF,CA,AWP,WE,Federal Contract Tower,0,1,5,0,6,0,3,84,2,89,0,4,89,2,95,160,0,160,255
07/02/2004,WJF,CA,AWP,WE,Federal Contract Tower,0,1,7,0,8,0,5,133,0,138,0,6,140,0,146,138,0,138,284
07/03/2004,WJF,CA,AWP,WE,Federal Contract Tower,0,1,5,0,6,0,1,151,0,152,0,2,156,0,158,170,0,170,328
07/04/2004,WJF,CA,AWP,WE,Federal Contract Tower,0,0,0,0,0,0,0,124,0,124,0,0,124,0,124,110,0,110,234
07/05/2004,WJF,CA,AWP,WE,Federal Contract Tower,0,0,4,0,4,0,0,156,0,156,0,0,160,0,160,193,0,193,353
07/06/2004,WJF,CA,AWP,WE,Federal Contract Tower,0,1,4,0,5,0,1,108,6,115,0,2,112,6,120,106,4,110,230
07/07/2004,WJF,CA,AWP,WE,Federal Contract Tower,0,1,7,2,10,0,3,81,6,90,0,4,88,8,100,20,6,26,126
07/08/2004,WJF,CA,AWP,WE,Federal Contract Tower,0,1,7,1,9,0,5,54,7,66,0,6,61,8,75,78,0,78,153
07/09/2004,WJF,CA,AWP,WE,Federal Contract Tower,0,1,4,0,5,0,3,152,2,157,0,4,156,2,162,166,0,166,328
07/10/2004,WJF,CA,AWP,WE,Federal Contract Tower,0,1,4,0,5,0,1,114,0,115,0,2,118,0,120,166,0,166,286
07/11/2004,WJF,CA,AWP,WE,Federal Contract Tower,0,0,3,0,3,0,0,104,0,104,0,0,107,0,107,111,0,111,218
07/12/2004,WJF,CA,AWP,WE,Federal Contract Tower,0,1,0,0,1,0,1,151,0,152,0,2,151,0,153,68,0,68,221
07/13/2004,WJF,CA,AWP,WE,Federal Contract Tower,0,1,6,0,7,0,3,250,6,259,0,4,256,6,266,162,2,164,430
07/14/2004,WJF,CA,AWP,WE,Federal Contract Tower,0,1,7,1,9,0,1,248,1,250,0,2,255,2,259,134,0,134,393
07/15/2004,WJF,CA,AWP,WE,Federal Contract Tower,0,1,3,0,4,0,3,297,3,303,0,4,300,3,307,150,0,150,457
07/16/2004,WJF,CA,AWP,WE,Federal Contract Tower,0,0,4,1,5,0,4,197,1,202,0,4,201,2,207,123,0,123,330
07/17/2004,WJF,CA,AWP,WE,Federal Contract Tower,0,0,2,1,3,0,2,220,2,224,0,2,222,3,227,126,0,126,353
07/18/2004,WJF,CA,AWP,WE,Federal Contract Tower,0,0,3,1,4,0,0,187,9,196,0,0,190,10,200,102,0,102,302
07/19/2004,WJF,CA,AWP,WE,Federal Contract Tower,0,0,8,3,11,0,5,125,2,132,0,5,133,5,143,44,0,44,187
07/20/2004,WJF,CA,AWP,WE,Federal Contract Tower,0,0,5,1,6,0,5,160,16,181,0,5,165,17,187,98,2,100,287
07/21/2004,WJF,CA,AWP,WE,Federal Contract Tower,0,0,3,1,4,0,4,226,3,233,0,4,229,4,237,69,0,69,306
07/22/2004,WJF,CA,AWP,WE,Federal Contract Tower,0,0,5,0,5,0,2,105,0,107,0,2,110,0,112,114,0,114,226
07/23/2004,WJF,CA,AWP,WE,Federal Contract Tower,0,0,7,2,9,0,2,117,7,126,0,2,124,9,135,172,14,186,321
07/24/2004,WJF,CA,AWP,WE,Federal Contract Tower,0,0,0,0,0,0,2,147,0,149,0,2,147,0,149,168,0,168,317
07/25/2004,WJF,CA,AWP,WE,Federal Contract Tower,0,0,2,0,2,0,0,95,0,95,0,0,97,0,97,142,0,142,239
07/26/2004,WJF,CA,AWP,WE,Federal Contract Tower,0,0,8,0,8,0,2,105,0,107,0,2,113,0,115,104,0,104,219
07/27/2004,WJF,CA,AWP,WE,Federal Contract Tower,0,0,6,0,6,0,8,67,1,76,0,8,73,1,82,125,4,129,211
07/28/2004,WJF,CA,AWP,WE,Federal Contract Tower,0,0,7,1,8,0,6,47,0,53,0,6,54,1,61,109,0,109,170
07/29/2004,WJF,CA,AWP,WE,Federal Contract Tower,0,0,7,1,8,0,4,82,3,89,0,4,89,4,97,100,4,104,201
07/30/2004,WJF,CA,AWP,WE,Federal Contract Tower,0,0,7,1,8,0,6,133,1,140,0,6,140,2,148,124,0,124,272
07/31/2004,WJF,CA,AWP,WE,Federal Contract Tower,0,0,7,0,7,0,2,147,0,149,0,2,154,0,156,151,0,151,307
08/01/2004,WJF,CA,AWP,WE,Federal Contract Tower,0,0,2,0,2,0,0,122,0,122,0,0,124,0,124,116,0,116,240
08/02/2004,WJF,CA,AWP,WE,Federal Contract Tower,0,1,6,0,7,0,3,43,2,48,0,4,49,2,55,32,2,34,89
08/03/2004,WJF,CA,AWP,WE,Federal Contract Tower,0,2,9,1,12,0,0,79,5,84,0,2,88,6,96,54,8,62,158
08/04/2004,WJF,CA,AWP,WE,Federal Contract Tower,0,1,2,0,3,0,5,122,4,131,0,6,124,4,134,108,0,108,242
08/05/2004,WJF,CA,AWP,WE,Federal Contract Tower,0,2,8,1,11,0,7,102,1,110,0,9,110,2,121,73,2,75,196
08/06/2004,WJF,CA,AWP,WE,Federal Contract Tower,0,1,4,0,5,0,5,85,4,94,0,6,89,4,99,54,2,56,155
08/07/2004,WJF,CA,AWP,WE,Federal Contract Tower,0,1,1,0,2,0,1,178,0,179,0,2,179,0,181,164,0,164,345
08/08/2004,WJF,CA,AWP,WE,Federal Contract Tower,0,0,2,0,2,0,0,134,2,136,0,0,136,2,138,110,0,110,248
08/09/2004,WJF,CA,AWP,WE,Federal Contract Tower,0,1,3,0,4,0,7,92,2,101,0,8,95,2,105,84,2,86,191
08/10/2004,WJF,CA,AWP,WE,Federal Contract Tower,0,1,6,1,8,0,7,76,3,86,0,8,82,4,94,114,4,118,212
08/11/2004,WJF,CA,AWP,WE,Federal Contract Tower,0,1,6,1,8,0,7,56,3,66,0,8,62,4,74,28,0,28,102
08/12/2004,WJF,CA,AWP,WE,Federal Contract Tower,0,1,6,1,8,0,8,63,1,72,0,9,69,2,80,76,4,80,160
08/13/2004,WJF,CA,AWP,WE,Federal Contract Tower,0,1,5,0,6,0,1,93,0,94,0,2,98,0,100,140,4,144,244
08/14/2004,WJF,CA,AWP,WE,Federal Contract Tower,0,1,3,0,4,0,1,105,0,106,0,2,108,0,110,112,0,112,222
08/15/2004,WJF,CA,AWP,WE,Federal Contract Tower,0,0,4,0,4,0,0,116,0,116,0,0,120,0,120,20,0,20,140
08/16/2004,WJF,CA,AWP,WE,Federal Contract Tower,0,2,7,1,10,0,2,79,3,84,0,4,86,4,94,182,0,182,276
08/17/2004,WJF,CA,AWP,WE,Federal Contract Tower,0,2,9,2,13,0,5,87,10,102,0,7,96,12,115,125,0,125,240
08/18/2004,WJF,CA,AWP,WE,Federal Contract Tower,0,0,5,0,5,0,6,72,0,78,0,6,77,0,83,97,16,113,196
08/19/2004,WJF,CA,AWP,WE,Federal Contract Tower,0,1,9,2,12,0,3,59,0,62,0,4,68,2,74,97,2,99,173
08/20/2004,WJF,CA,AWP,WE,Federal Contract Tower,0,1,9,0,10,0,3,89,0,92,0,4,98,0,102,142,0,142,244
08/21/2004,WJF,CA,AWP,WE,Federal Contract Tower,0,0,2,0,2,0,6,125,0,131,0,6,127,0,133,142,0,142,275
08/22/2004,WJF,CA,AWP,WE,Federal Contract Tower,0,0,3,0,3,0,0,85,0,85,0,0,88,0,88,93,0,93,181
08/23/2004,WJF,CA,AWP,WE,Federal Contract Tower,0,0,6,1,7,0,2,48,7,57,0,2,54,8,64,56,0,56,120
08/24/2004,WJF,CA,AWP,WE,Federal Contract Tower,0,0,4,0,4,0,7,59,0,66,0,7,63,0,70,115,0,115,185
08/25/2004,WJF,CA,AWP,WE,Federal Contract Tower,0,1,6,0,7,0,3,118,0,121,0,4,124,0,128,116,0,116,244
08/26/2004,WJF,CA,AWP,WE,Federal Contract Tower,0,1,10,3,14,0,5,94,5,104,0,6,104,8,118,42,2,44,162
08/27/2004,WJF,CA,AWP,WE,Federal Contract Tower,0,1,7,2,10,0,3,149,4,156,0,4,156,6,166,94,6,100,266
08/28/2004,WJF,CA,AWP,WE,Federal Contract Tower,0,0,6,0,6,0,2,154,0,156,0,2,160,0,162,174,0,174,336
08/29/2004,WJF,CA,AWP,WE,Federal Contract Tower,0,0,3,0,3,0,0,140,0,140,0,0,143,0,143,122,0,122,265
08/30/2004,WJF,CA,AWP,WE,Federal Contract Tower,0,0,7,0,7,0,6,72,0,78,0,6,79,0,85,120,0,120,205
08/31/2004,WJF,CA,AWP,WE,Federal Contract Tower,0,1,8,0,9,0,7,71,0,78,0,8,79,0,87,219,0,219,306
09/01/2004,WJF,CA,AWP,WE,Federal Contract Tower,0,1,4,0,5,0,3,86,0,89,0,4,90,0,94,73,0,73,167
09/02/2004,WJF,CA,AWP,WE,Federal Contract Tower,0,2,9,1,12,0,2,55,1,58,0,4,64,2,70,44,8,52,122
09/03/2004,WJF,CA,AWP,WE,Federal Contract Tower,0,1,5,0,6,0,3,80,0,83,0,4,85,0,89,88,0,88,177
09/04/2004,WJF,CA,AWP,WE,Federal Contract Tower,0,2,8,0,10,0,0,95,0,95,0,2,103,0,105,114,0,114,219
09/05/2004,WJF,CA,AWP,WE,Federal Contract Tower,0,0,6,0,6,0,0,90,0,90,0,0,96,0,96,118,0,118,214
09/06/2004,WJF,CA,AWP,WE,Federal Contract Tower,0,0,0,0,0,0,0,110,0,110,0,0,110,0,110,234,0,234,344
09/07/2004,WJF,CA,AWP,WE,Federal Contract Tower,0,1,3,0,4,0,1,82,0,83,0,2,85,0,87,108,0,108,195
09/08/2004,WJF,CA,AWP,WE,Federal Contract Tower,0,1,2,0,3,0,3,78,0,81,0,4,80,0,84,104,0,104,188
09/09/2004,WJF,CA,AWP,WE,Federal Contract Tower,0,2,6,1,9,0,4,44,1,49,0,6,50,2,58,96,0,96,154
09/10/2004,WJF,CA,AWP,WE,Federal Contract Tower,0,1,2,0,3,0,3,84,0,87,0,4,86,0,90,135,0,135,225
09/11/2004,WJF,CA,AWP,WE,Federal Contract Tower,0,1,0,0,1,0,1,132,0,133,0,2,132,0,134,124,0,124,258
09/12/2004,WJF,CA,AWP,WE,Federal Contract Tower,0,0,2,0,2,0,0,72,0,72,0,0,74,0,74,82,0,82,156
09/13/2004,WJF,CA,AWP,WE,Federal Contract Tower,0,0,2,1,3,0,8,57,1,66,0,8,59,2,69,42,0,42,111
09/14/2004,WJF,CA,AWP,WE,Federal Contract Tower,0,0,4,0,4,0,4,74,0,78,0,4,78,0,82,150,0,150,232
09/15/2004,WJF,CA,AWP,WE,Federal Contract Tower,0,1,6,2,9,0,3,61,2,66,0,4,67,4,75,157,0,157,232
09/16/2004,WJF,CA,AWP,WE,Federal Contract Tower,0,1,6,2,9,0,1,63,5,69,0,2,69,7,78,124,0,124,202
09/17/2004,WJF,CA,AWP,WE,Federal Contract Tower,0,1,8,0,9,0,1,72,0,73,0,2,80,0,82,96,0,96,178
09/18/2004,WJF,CA,AWP,WE,Federal Contract Tower,0,0,3,0,3,0,2,109,0,111,0,2,112,0,114,107,0,107,221
09/19/2004,WJF,CA,AWP,WE,Federal Contract Tower,0,0,1,0,1,0,0,53,0,53,0,0,54,0,54,31,0,31,85
09/20/2004,WJF,CA,AWP,WE,Federal Contract Tower,0,0,2,1,3,0,2,66,3,71,0,2,68,4,74,58,12,70,144
09/21/2004,WJF,CA,AWP,WE,Federal Contract Tower,0,1,6,0,7,0,1,47,0,48,0,2,53,0,55,58,0,58,113
09/22/2004,WJF,CA,AWP,WE,Federal Contract Tower,0,1,7,0,8,0,3,95,0,98,0,4,102,0,106,194,0,194,300
09/23/2004,WJF,CA,AWP,WE,Federal Contract Tower,0,1,8,2,11,0,1,103,8,112,0,2,111,10,123,124,0,124,247
09/24/2004,WJF,CA,AWP,WE,Federal Contract Tower,0,0,4,1,5,0,4,121,3,128,0,4,125,4,133,88,0,88,221
09/25/2004,WJF,CA,AWP,WE,Federal Contract Tower,0,0,6,0,6,0,2,155,4,161,0,2,161,4,167,266,0,266,433
09/26/2004,WJF,CA,AWP,WE,Federal Contract Tower,0,0,2,0,2,0,0,123,0,123,0,0,125,0,125,176,0,176,301
09/27/2004,WJF,CA,AWP,WE,Federal Contract Tower,0,0,7,0,7,0,5,61,0,66,0,5,68,0,73,52,2,54,127
09/28/2004,WJF,CA,AWP,WE,Federal Contract Tower,0,2,13,1,16,0,12,97,13,122,0,14,110,14,138,110,0,110,248
09/29/2004,WJF,CA,AWP,WE,Federal Contract Tower,0,3,17,2,22,0,15,81,0,96,0,18,98,2,118,86,14,100,218
09/30/2004,WJF,CA,AWP,WE,Federal Contract Tower,0,2,14,2,18,0,2,63,6,71,0,4,77,8,89,134,6,140,229
10/01/2004,WJF,CA,AWP,WE,Federal Contract Tower,0,3,8,0,11,0,5,90,0,95,0,8,98,0,106,82,0,82,188
10/02/2004,WJF,CA,AWP,WE,Federal Contract Tower,0,0,7,0,7,0,2,153,0,155,0,2,160,0,162,155,0,155,317
10/03/2004,WJF,CA,AWP,WE,Federal Contract Tower,0,0,9,0,9,0,2,130,0,132,0,2,139,0,141,186,0,186,327
10/04/2004,WJF,CA,AWP,WE,Federal Contract Tower,0,0,8,3,11,0,4,84,3,91,0,4,92,6,102,140,14,154,256
10/05/2004,WJF,CA,AWP,WE,Federal Contract Tower,0,1,6,4,11,0,5,76,0,81,0,6,82,4,92,90,0,90,182
10/06/2004,WJF,CA,AWP,WE,Federal Contract Tower,0,0,5,3,8,0,6,104,1,111,0,6,109,4,119,162,0,162,281
10/07/2004,WJF,CA,AWP,WE,Federal Contract Tower,0,3,9,1,13,0,5,134,1,140,0,8,143,2,153,106,0,106,259
10/08/2004,WJF,CA,AWP,WE,Federal Contract Tower,0,0,8,0,8,0,4,95,0,99,0,4,103,0,107,118,0,118,225
10/09/2004,WJF,CA,AWP,WE,Federal Contract Tower,0,0,9,0,9,0,2,95,0,97,0,2,104,0,106,130,0,130,236
10/10/2004,WJF,CA,AWP,WE,Federal Contract Tower,0,0,3,0,3,0,0,145,0,145,0,0,148,0,148,172,0,172,320
10/11/2004,WJF,CA,AWP,WE,Federal Contract Tower,0,3,4,0,7,0,1,71,0,72,0,4,75,0,79,73,0,73,152
10/12/2004,WJF,CA,AWP,WE,Federal Contract Tower,0,0,4,3,7,0,2,64,3,69,0,2,68,6,76,74,0,74,150
10/13/2004,WJF,CA,AWP,WE,Federal Contract Tower,0,3,8,0,11,0,7,81,0,88,0,10,89,0,99,119,0,119,218
10/14/2004,WJF,CA,AWP,WE,Federal Contract Tower,0,0,6,4,10,0,4,61,0,65,0,4,67,4,75,144,6,150,225
10/15/2004,WJF,CA,AWP,WE,Federal Contract Tower,0,0,3,2,5,0,6,81,0,87,0,6,84,2,92,149,4,153,245
10/16/2004,WJF,CA,AWP,WE,Federal Contract Tower,0,1,6,0,7,0,3,112,0,115,0,4,118,0,122,110,0,110,232
10/17/2004,WJF,CA,AWP,WE,Federal Contract Tower,0,0,5,0,5,0,0,15,0,15,0,0,20,0,20,38,0,38,58
10/18/2004,WJF,CA,AWP,WE,Federal Contract Tower,0,4,5,4,13,0,4,33,0,37,0,8,38,4,50,48,4,52,102
10/19/2004,WJF,CA,AWP,WE,Federal Contract Tower,0,4,9,0,13,0,2,7,0,9,0,6,16,0,22,44,2,46,68
10/20/2004,WJF,CA,AWP,WE,Federal Contract Tower,0,4,5,0,9,0,2,8,0,10,0,6,13,0,19,2,0,2,21
10/21/2004,WJF,CA,AWP,WE,Federal Contract Tower,0,2,6,1,9,0,0,79,1,80,0,2,85,2,89,172,2,174,263
10/22/2004,WJF,CA,AWP,WE,Federal Contract Tower,0,0,10,1,11,0,4,123,1,128,0,4,133,2,139,196,2,198,337
10/23/2004,WJF,CA,AWP,WE,Federal Contract Tower,0,0,2,0,2,0,2,139,0,141,0,2,141,0,143,130,0,130,273
10/24/2004,WJF,CA,AWP,WE,Federal Contract Tower,0,0,8,0,8,0,0,141,2,143,0,0,149,2,151,135,0,135,286
10/25/2004,WJF,CA,AWP,WE,Federal Contract Tower,0,4,3,1,8,0,4,89,1,94,0,8,92,2,102,119,2,121,223
10/26/2004,WJF,CA,AWP,WE,Federal Contract Tower,0,3,8,0,11,0,3,7,2,12,0,6,15,2,23,8,0,8,31
10/27/2004,WJF,CA,AWP,WE,Federal Contract Tower,0,5,7,0,12,0,1,7,0,8,0,6,14,0,20,74,0,74,94
10/28/2004,WJF,CA,AWP,WE,Federal Contract Tower,0,2,5,0,7,0,4,70,0,74,0,6,75,0,81,83,0,83,164
10/29/2004,WJF,CA,AWP,WE,Federal Contract Tower,0,4,7,0,11,0,6,118,0,124,0,10,125,0,135,155,0,155,290
10/30/2004,WJF,CA,AWP,WE,Federal Contract Tower,0,0,10,0,10,0,2,185,2,189,0,2,195,2,199,180,0,180,379
10/31/2004,WJF,CA,AWP,WE,Federal Contract Tower,0,0,3,0,3,0,0,83,0,83,0,0,86,0,86,174,0,174,260
11/01/2004,WJF,CA,AWP,WE,Federal Contract Tower,0,0,9,0,9,0,6,68,2,76,0,6,77,2,85,114,0,114,199
11/02/2004,WJF,CA,AWP,WE,Federal Contract Tower,0,2,10,1,13,0,4,63,3,70,0,6,73,4,83,134,0,134,217
11/03/2004,WJF,CA,AWP,WE,Federal Contract Tower,0,0,9,0,9,0,4,72,4,80,0,4,81,4,89,154,0,154,243
11/04/2004,WJF,CA,AWP,WE,Federal Contract Tower,0,1,7,2,10,0,3,79,2,84,0,4,86,4,94,96,0,96,190
11/05/2004,WJF,CA,AWP,WE,Federal Contract Tower,0,2,5,0,7,0,0,128,1,129,0,2,133,1,136,89,0,89,225
11/06/2004,WJF,CA,AWP,WE,Federal Contract Tower,0,4,5,0,9,0,6,156,2,164,0,10,161,2,173,208,0,208,381
11/07/2004,WJF,CA,AWP,WE,Federal Contract Tower,0,0,7,0,7,0,0,65,0,65,0,0,72,0,72,112,0,112,184
11/08/2004,WJF,CA,AWP,WE,Federal Contract Tower,0,2,11,1,14,0,2,26,1,29,0,4,37,2,43,24,0,24,67
11/09/2004,WJF,CA,AWP,WE,Federal Contract Tower,0,0,8,0,8,0,4,64,2,70,0,4,72,2,78,83,6,89,167
11/10/2004,WJF,CA,AWP,WE,Federal Contract Tower,0,2,12,0,14,0,8,92,3,103,0,10,104,3,117,122,0,122,239
11/11/2004,WJF,CA,AWP,WE,Federal Contract Tower,0,1,8,1,10,0,7,78,1,86,0,8,86,2,96,118,0,118,214
11/12/2004,WJF,CA,AWP,WE,Federal Contract Tower,0,0,0,0,0,0,4,60,2,66,0,4,60,2,66,108,0,108,174
11/13/2004,WJF,CA,AWP,WE,Federal Contract Tower,0,3,5,0,8,0,3,82,0,85,0,6,87,0,93,198,0,198,291
11/14/2004,WJF,CA,AWP,WE,Federal Contract Tower,0,0,6,0,6,0,0,97,0,97,0,0,103,0,103,130,0,130,233
11/15/2004,WJF,CA,AWP,WE,Federal Contract Tower,0,1,4,5,10,0,1,74,3,78,0,2,78,8,88,100,8,108,196
11/16/2004,WJF,CA,AWP,WE,Federal Contract Tower,0,1,10,1,12,0,5,82,1,88,0,6,92,2,100,250,2,252,352
11/17/2004,WJF,CA,AWP,WE,Federal Contract Tower,0,2,7,0,9,0,0,113,2,115,0,2,120,2,124,254,2,256,380
11/18/2004,WJF,CA,AWP,WE,Federal Contract Tower,0,4,5,0,9,0,19,117,0,136,0,23,122,0,145,280,2,282,427
11/19/2004,WJF,CA,AWP,WE,Federal Contract Tower,0,1,1,1,3,0,13,89,1,103,0,14,90,2,106,274,0,274,380
11/20/2004,WJF,CA,AWP,WE,Federal Contract Tower,0,0,8,0,8,0,3,144,0,147,0,3,152,0,155,218,0,218,373
11/21/2004,WJF,CA,AWP,WE,Federal Contract Tower,0,0,6,0,6,0,0,27,2,29,0,0,33,2,35,30,0,30,65
11/22/2004,WJF,CA,AWP,WE,Federal Contract Tower,0,0,5,0,5,0,2,45,0,47,0,2,50,0,52,57,0,57,109
11/23/2004,WJF,CA,AWP,WE,Federal Contract Tower,0,2,3,0,5,0,2,92,4,98,0,4,95,4,103,72,0,72,175
11/24/2004,WJF,CA,AWP,WE,Federal Contract Tower,0,4,5,0,9,0,4,98,0,102,0,8,103,0,111,60,8,68,179
11/25/2004,WJF,CA,AWP,WE,Federal Contract Tower,0,0,4,0,4,0,0,53,0,53,0,0,57,0,57,93,0,93,150
11/26/2004,WJF,CA,AWP,WE,Federal Contract Tower,0,0,8,0,8,0,2,155,0,157,0,2,163,0,165,136,0,136,301
11/27/2004,WJF,CA,AWP,WE,Federal Contract Tower,0,3,14,0,17,0,1,29,0,30,0,4,43,0,47,54,0,54,101
11/28/2004,WJF,CA,AWP,WE,Federal Contract Tower,0,0,6,0,6,0,0,83,0,83,0,0,89,0,89,92,0,92,181
11/29/2004,WJF,CA,AWP,WE,Federal Contract Tower,0,2,7,0,9,0,6,56,0,62,0,8,63,0,71,20,0,20,91
11/30/2004,WJF,CA,AWP,WE,Federal Contract Tower,0,2,6,1,9,0,4,49,1,54,0,6,55,2,63,65,0,65,128
12/01/2004,WJF,CA,AWP,WE,Federal Contract Tower,0,1,5,0,6,0,3,84,0,87,0,4,89,0,93,66,0,66,159
12/02/2004,WJF,CA,AWP,WE,Federal Contract Tower,0,3,2,0,5,0,3,47,0,50,0,6,49,0,55,32,4,36,91
12/03/2004,WJF,CA,AWP,WE,Federal Contract Tower,0,2,6,0,8,0,4,85,0,89,0,6,91,0,97,128,0,128,225
12/04/2004,WJF,CA,AWP,WE,Federal Contract Tower,0,1,11,0,12,0,3,135,2,140,0,4,146,2,152,151,0,151,303
12/05/2004,WJF,CA,AWP,WE,Federal Contract Tower,0,0,3,0,3,0,2,22,0,24,0,2,25,0,27,88,0,88,115
12/06/2004,WJF,CA,AWP,WE,Federal Contract Tower,0,2,1,0,3,0,0,46,0,46,0,2,47,0,49,40,0,40,89
12/07/2004,WJF,CA,AWP,WE,Federal Contract Tower,0,11,8,4,23,0,0,23,3,26,0,11,31,7,49,38,10,48,97
12/08/2004,WJF,CA,AWP,WE,Federal Contract Tower,0,5,16,0,21,0,9,42,0,51,0,14,58,0,72,42,0,42,114
12/09/2004,WJF,CA,AWP,WE,Federal Contract Tower,0,3,12,2,17,0,5,94,2,101,0,8,106,4,118,116,0,116,234
12/10/2004,WJF,CA,AWP,WE,Federal Contract Tower,0,2,10,0,12,0,0,147,0,147,0,2,157,0,159,152,0,152,311
12/11/2004,WJF,CA,AWP,WE,Federal Contract Tower,0,0,5,0,5,0,4,167,8,179,0,4,172,8,184,218,0,218,402
12/12/2004,WJF,CA,AWP,WE,Federal Contract Tower,0,0,8,0,8,0,0,172,0,172,0,0,180,0,180,248,0,248,428
12/13/2004,WJF,CA,AWP,WE,Federal Contract Tower,0,0,10,0,10,0,11,97,0,108,0,11,107,0,118,211,0,211,329
12/14/2004,WJF,CA,AWP,WE,Federal Contract Tower,0,1,8,1,10,0,3,115,1,119,0,4,123,2,129,184,0,184,313
12/15/2004,WJF,CA,AWP,WE,Federal Contract Tower,0,2,8,1,11,0,6,65,3,74,0,8,73,4,85,137,10,147,232
12/16/2004,WJF,CA,AWP,WE,Federal Contract Tower,0,1,3,0,4,0,11,48,0,59,0,12,51,0,63,50,4,54,117
12/17/2004,WJF,CA,AWP,WE,Federal Contract Tower,0,3,10,0,13,0,2,97,0,99,0,5,107,0,112,110,0,110,222
12/18/2004,WJF,CA,AWP,WE,Federal Contract Tower,0,0,5,0,5,0,4,148,0,152,0,4,153,0,157,154,0,154,311
12/19/2004,WJF,CA,AWP,WE,Federal Contract Tower,0,0,6,0,6,0,0,79,0,79,0,0,85,0,85,138,0,138,223
12/20/2004,WJF,CA,AWP,WE,Federal Contract Tower,0,1,9,2,12,0,6,86,2,94,0,7,95,4,106,169,0,169,275
12/21/2004,WJF,CA,AWP,WE,Federal Contract Tower,0,2,4,1,7,0,18,173,5,196,0,20,177,6,203,253,0,253,456
12/22/2004,WJF,CA,AWP,WE,Federal Contract Tower,0,0,0,0,0,0,4,78,8,90,0,4,78,8,90,120,0,120,210
12/23/2004,WJF,CA,AWP,WE,Federal Contract Tower,0,1,6,0,7,0,7,26,0,33,0,8,32,0,40,96,0,96,136
12/24/2004,WJF,CA,AWP,WE,Federal Contract Tower,0,0,2,0,2,0,8,101,0,109,0,8,103,0,111,82,0,82,193
12/25/2004,WJF,CA,AWP,WE,Federal Contract Tower,0,0,0,0,0,0,0,34,0,34,0,0,34,0,34,38,0,38,72
12/26/2004,WJF,CA,AWP,WE,Federal Contract Tower,0,0,5,0,5,0,0,71,0,71,0,0,76,0,76,67,0,67,143
12/27/2004,WJF,CA,AWP,WE,Federal Contract Tower,0,0,6,3,9,0,2,30,3,35,0,2,36,6,44,62,20,82,126
12/28/2004,WJF,CA,AWP,WE,Federal Contract Tower,0,5,0,0,5,0,11,4,0,15,0,16,4,0,20,16,0,16,36
12/29/2004,WJF,CA,AWP,WE,Federal Contract Tower,0,4,3,0,7,0,6,0,0,6,0,10,3,0,13,50,0,50,63
12/30/2004,WJF,CA,AWP,WE,Federal Contract Tower,0,5,1,0,6,0,6,31,0,37,0,11,32,0,43,98,0,98,141
12/31/2004,WJF,CA,AWP,WE,Federal Contract Tower,0,1,3,0,4,0,3,12,0,15,0,4,15,0,19,14,0,14,33
01/01/2005,WJF,CA,AWP,WE,Federal Contract Tower,0,0,3,0,3,0,0,64,0,64,0,0,67,0,67,78,0,78,145
01/02/2005,WJF,CA,AWP,WE,Federal Contract Tower,0,0,3,0,3,0,0,41,0,41,0,0,44,0,44,84,0,84,128
01/03/2005,WJF,CA,AWP,WE,Federal Contract Tower,0,3,0,0,3,0,1,0,0,1,0,4,0,0,4,0,0,0,4
01/04/2005,WJF,CA,AWP,WE,Federal Contract Tower,0,1,0,0,1,0,1,23,0,24,0,2,23,0,25,58,0,58,83
01/05/2005,WJF,CA,AWP,WE,Federal Contract Tower,0,0,5,0,5,0,4,68,0,72,0,4,73,0,77,43,2,45,122
01/06/2005,WJF,CA,AWP,WE,Federal Contract Tower,0,1,4,4,9,0,3,73,6,82,0,4,77,10,91,52,16,68,159
01/07/2005,WJF,CA,AWP,WE,Federal Contract Tower,0,3,1,0,4,0,1,0,0,1,0,4,1,0,5,20,0,20,25
01/08/2005,WJF,CA,AWP,WE,Federal Contract Tower,0,2,1,0,3,0,0,7,0,7,0,2,8,0,10,50,0,50,60
01/09/2005,WJF,CA,AWP,WE,Federal Contract Tower,0,0,0,0,0,0,0,5,0,5,0,0,5,0,5,8,0,8,13
01/10/2005,WJF,CA,AWP,WE,Federal Contract Tower,0,5,4,0,9,0,1,4,0,5,0,6,8,0,14,12,0,12,26
01/11/2005,WJF,CA,AWP,WE,Federal Contract Tower,0,0,3,2,5,0,4,18,0,22,0,4,21,2,27,20,0,20,47
01/12/2005,WJF,CA,AWP,WE,Federal Contract Tower,0,2,8,2,12,0,4,129,0,133,0,6,137,2,145,182,2,184,329
01/13/2005,WJF,CA,AWP,WE,Federal Contract Tower,0,0,13,1,14,0,16,119,1,136,0,16,132,2,150,190,0,190,340
01/14/2005,WJF,CA,AWP,WE,Federal Contract Tower,0,1,6,1,8,0,19,166,1,186,0,20,172,2,194,240,0,240,434
01/15/2005,WJF,CA,AWP,WE,Federal Contract Tower,0,3,14,0,17,0,3,167,0,170,0,6,181,0,187,240,0,240,427
01/16/2005,WJF,CA,AWP,WE,Federal Contract Tower,0,2,10,0,12,0,0,174,0,174,0,2,184,0,186,226,0,226,412
01/17/2005,WJF,CA,AWP,WE,Federal Contract Tower,0,1,10,0,11,0,3,109,0,112,0,4,119,0,123,208,0,208,331
01/18/2005,WJF,CA,AWP,WE,Federal Contract Tower,0,1,5,3,9,0,11,81,1,93,0,12,86,4,102,114,10,124,226
01/19/2005,WJF,CA,AWP,WE,Federal Contract Tower,0,5,3,3,11,0,7,88,9,104,0,12,91,12,115,200,0,200,315
01/20/2005,WJF,CA,AWP,WE,Federal Contract Tower,0,1,10,2,13,0,17,99,0,116,0,18,109,2,129,205,0,205,334
01/21/2005,WJF,CA,AWP,WE,Federal Contract Tower,0,2,5,0,7,0,18,107,0,125,0,20,112,0,132,200,0,200,332
01/22/2005,WJF,CA,AWP,WE,Federal Contract Tower,0,2,12,0,14,0,0,194,0,194,0,2,206,0,208,180,2,182,390
01/23/2005,WJF,CA,AWP,WE,Federal Contract Tower,0,0,5,0,5,0,0,130,0,130,0,0,135,0,135,132,0,132,267
01/24/2005,WJF,CA,AWP,WE,Federal Contract Tower,0,3,7,1,11,0,12,93,1,106,0,15,100,2,117,198,0,198,315
01/25/2005,WJF,CA,AWP,WE,Federal Contract Tower,0,4,14,0,18,0,6,44,0,50,0,10,58,0,68,64,0,64,132
01/26/2005,WJF,CA,AWP,WE,Federal Contract Tower,0,5,8,3,16,0,7,14,3,24,0,12,22,6,40,30,0,30,70
01/27/2005,WJF,CA,AWP,WE,Federal Contract Tower,0,3,9,2,14,0,14,63,0,77,0,17,72,2,91,58,8,66,157
01/28/2005,WJF,CA,AWP,WE,Federal Contract Tower,0,9,8,1,18,0,2,11,1,14,0,11,19,2,32,45,0,45,77
01/29/2005,WJF,CA,AWP,WE,Federal Contract Tower,0,2,2,0,4,0,10,95,0,105,0,12,97,0,109,90,0,90,199
01/30/2005,WJF,CA,AWP,WE,Federal Contract Tower,0,0,5,0,5,0,4,126,0,130,0,4,131,0,135,202,0,202,337
01/31/2005,WJF,CA,AWP,WE,Federal Contract Tower,0,3,6,2,11,0,6,45,6,57,0,9,51,8,68,38,0,38,106
02/01/2005,WJF,CA,AWP,WE,Federal Contract Tower,0,2,5,0,7,0,4,49,2,55,0,6,54,2,62,64,38,102,164
02/02/2005,WJF,CA,AWP,WE,Federal Contract Tower,0,3,6,2,11,0,1,55,0,56,0,4,61,2,67,61,2,63,130
02/03/2005,WJF,CA,AWP,WE,Federal Contract Tower,0,4,6,0,10,0,3,47,6,56,0,7,53,6,66,52,10,62,128
02/04/2005,WJF,CA,AWP,WE,Federal Contract Tower,0,0,4,2,6,0,4,98,0,102,0,4,102,2,108,152,2,154,262
02/05/2005,WJF,CA,AWP,WE,Federal Contract Tower,0,0,8,0,8,0,2,179,2,183,0,2,187,2,191,202,0,202,393
02/06/2005,WJF,CA,AWP,WE,Federal Contract Tower,0,0,6,0,6,0,1,36,0,37,0,1,42,0,43,90,0,90,133
02/07/2005,WJF,CA,AWP,WE,Federal Contract Tower,0,1,3,3,7,0,2,19,0,21,0,3,22,3,28,34,20,54,82
02/08/2005,WJF,CA,AWP,WE,Federal Contract Tower,0,1,5,0,6,0,4,86,0,90,0,5,91,0,96,42,0,42,138
02/09/2005,WJF,CA,AWP,WE,Federal Contract Tower,0,0,6,2,8,0,6,72,0,78,0,6,78,2,86,87,6,93,179
02/10/2005,WJF,CA,AWP,WE,Federal Contract Tower,0,2,6,2,10,0,8,72,0,80,0,10,78,2,90,72,8,80,170
02/11/2005,WJF,CA,AWP,WE,Federal Contract Tower,0,7,10,0,17,0,3,11,4,18,0,10,21,4,35,4,0,4,39
02/12/2005,WJF,CA,AWP,WE,Federal Contract Tower,0,1,8,0,9,0,7,81,2,90,0,8,89,2,99,178,0,178,277
02/13/2005,WJF,CA,AWP,WE,Federal Contract Tower,0,0,0,0,0,0,0,108,0,108,0,0,108,0,108,206,0,206,314
02/14/2005,WJF,CA,AWP,WE,Federal Contract Tower,0,1,8,1,10,0,5,46,1,52,0,6,54,2,62,58,2,60,122
02/15/2005,WJF,CA,AWP,WE,Federal Contract Tower,0,0,3,1,4,0,6,72,1,79,0,6,75,2,83,148,4,152,235
02/16/2005,WJF,CA,AWP,WE,Federal Contract Tower,0,5,14,0,19,0,5,62,0,67,0,10,76,0,86,72,2,74,160
02/17/2005,WJF,CA,AWP,WE,Federal Contract Tower,0,2,13,0,15,0,2,59,0,61,0,4,72,0,76,60,2,62,138
02/18/2005,WJF,CA,AWP,WE,Federal Contract Tower,0,4,4,0,8,0,0,16,0,16,0,4,20,0,24,34,0,34,58
02/19/2005,WJF,CA,AWP,WE,Federal Contract Tower,0,0,1,0,1,0,0,3,0,3,0,0,4,0,4,4,0,4,8
02/20/2005,WJF,CA,AWP,WE,Federal Contract Tower,0,0,3,0,3,0,0,37,0,37,0,0,40,0,40,118,0,118,158
02/21/2005,WJF,CA,AWP,WE,Federal Contract Tower,0,3,3,0,6,0,1,22,0,23,0,4,25,0,29,4,0,4,33
02/22/2005,WJF,CA,AWP,WE,Federal Contract Tower,0,2,4,0,6,0,2,11,0,13,0,4,15,0,19,40,0,40,59
02/23/2005,WJF,CA,AWP,WE,Federal Contract Tower,0,2,6,0,8,0,4,15,0,19,0,6,21,0,27,36,0,36,63
02/24/2005,WJF,CA,AWP,WE,Federal Contract Tower,0,4,7,1,12,0,8,86,0,94,0,12,93,1,106,85,4,89,195
02/25/2005,WJF,CA,AWP,WE,Federal Contract Tower,0,0,7,0,7,0,8,131,0,139,0,8,138,0,146,168,0,168,314
02/26/2005,WJF,CA,AWP,WE,Federal Contract Tower,0,3,13,0,16,0,3,147,0,150,0,6,160,0,166,177,0,177,343
02/27/2005,WJF,CA,AWP,WE,Federal Contract Tower,0,0,10,0,10,0,0,130,0,130,0,0,140,0,140,170,0,170,310
02/28/2005,WJF,CA,AWP,WE,Federal Contract Tower,0,1,7,0,8,0,5,40,0,45,0,6,47,0,53,34,0,34,87
03/01/2005,WJF,CA,AWP,WE,Federal Contract Tower,0,1,5,1,7,0,3,74,1,78,0,4,79,2,85,76,0,76,161
03/02/2005,WJF,CA,AWP,WE,Federal Contract Tower,0,2,7,0,9,0,1,58,1,60,0,3,65,1,69,64,10,74,143
03/03/2005,WJF,CA,AWP,WE,Federal Contract Tower,0,1,7,0,8,0,1,78,0,79,0,2,85,0,87,61,0,61,148
03/04/2005,WJF,CA,AWP,WE,Federal Contract Tower,0,1,8,0,9,0,3,26,0,29,0,4,34,0,38,86,0,86,124
03/05/2005,WJF,CA,AWP,WE,Federal Contract Tower,0,4,3,0,7,0,6,131,0,137,0,10,134,0,144,162,0,162,306
03/06/2005,WJF,CA,AWP,WE,Federal Contract Tower,0,0,5,0,5,0,0,176,0,176,0,0,181,0,181,230,0,230,411
03/07/2005,WJF,CA,AWP,WE,Federal Contract Tower,0,0,11,0,11,0,6,84,0,90,0,6,95,0,101,110,0,110,211
03/08/2005,WJF,CA,AWP,WE,Federal Contract Tower,0,0,4,0,4,0,6,95,2,103,0,6,99,2,107,110,0,110,217
03/09/2005,WJF,CA,AWP,WE,Federal Contract Tower,0,1,6,1,8,0,1,89,3,93,0,2,95,4,101,182,0,182,283
03/10/2005,WJF,CA,AWP,WE,Federal Contract Tower,0,4,9,0,13,0,10,106,0,116,0,14,115,0,129,140,0,140,269
03/11/2005,WJF,CA,AWP,WE,Federal Contract Tower,0,3,8,5,16,0,4,121,5,130,0,7,129,10,146,138,12,150,296
03/12/2005,WJF,CA,AWP,WE,Federal Contract Tower,0,1,15,1,17,0,5,170,1,176,0,6,185,2,193,202,0,202,395
03/13/2005,WJF,CA,AWP,WE,Federal Contract Tower,0,2,13,0,15,0,0,193,0,193,0,2,206,0,208,68,0,68,276
03/14/2005,WJF,CA,AWP,WE,Federal Contract Tower,0,0,3,0,3,0,4,51,0,55,0,4,54,0,58,28,0,28,86
03/15/2005,WJF,CA,AWP,WE,Federal Contract Tower,0,0,9,0,9,0,6,94,4,104,0,6,103,4,113,114,0,114,227
03/16/2005,WJF,CA,AWP,WE,Federal Contract Tower,0,0,3,1,4,0,4,96,3,103,0,4,99,4,107,130,0,130,237
03/17/2005,WJF,CA,AWP,WE,Federal Contract Tower,0,4,5,0,9,0,4,58,0,62,0,8,63,0,71,80,0,80,151
03/18/2005,WJF,CA,AWP,WE,Federal Contract Tower,0,2,3,2,7,0,2,29,6,37,0,4,32,8,44,22,0,22,66
03/19/2005,WJF,CA,AWP,WE,Federal Contract Tower,0,1,4,0,5,0,1,41,0,42,0,2,45,0,47,54,0,54,101
03/20/2005,WJF,CA,AWP,WE,Federal Contract Tower,0,0,4,0,4,0,0,82,0,82,0,0,86,0,86,38,0,38,124
03/21/2005,WJF,CA,AWP,WE,Federal Contract Tower,0,1,3,0,4,0,3,56,0,59,0,4,59,0,63,128,0,128,191
03/22/2005,WJF,CA,AWP,WE,Federal Contract Tower,0,2,4,1,7,0,0,25,1,26,0,2,29,2,33,2,0,2,35
03/23/2005,WJF,CA,AWP,WE,Federal Contract Tower,0,1,22,4,27,0,5,55,4,64,0,6,77,8,91,44,0,44,135
03/24/2005,WJF,CA,AWP,WE,Federal Contract Tower,0,1,15,0,16,0,3,31,0,34,0,4,46,0,50,38,0,38,88
03/25/2005,WJF,CA,AWP,WE,Federal Contract Tower,0,1,7,0,8,0,3,100,0,103,0,4,107,0,111,50,0,50,161
03/26/2005,WJF,CA,AWP,WE,Federal Contract Tower,0,0,14,0,14,0,2,185,0,187,0,2,199,0,201,190,0,190,391
03/27/2005,WJF,CA,AWP,WE,Federal Contract Tower,0,0,1,0,1,0,0,139,0,139,0,0,140,0,140,74,0,74,214
03/28/2005,WJF,CA,AWP,WE,Federal Contract Tower,0,1,2,0,3,0,3,32,0,35,0,4,34,0,38,26,0,26,64
03/29/2005,WJF,CA,AWP,WE,Federal Contract Tower,0,0,3,0,3,0,4,62,0,66,0,4,65,0,69,26,0,26,95
03/30/2005,WJF,CA,AWP,WE,Federal Contract Tower,0,0,6,0,6,0,2,68,0,70,0,2,74,0,76,30,0,30,106
03/31/2005,WJF,CA,AWP,WE,Federal Contract Tower,0,0,1,0,1,0,2,39,0,41,0,2,40,0,42,40,0,40,82
04/01/2005,WJF,CA,AWP,WE,Federal Contract Tower,0,3,5,0,8,0,3,111,0,114,0,6,116,0,122,227,0,227,349
04/02/2005,WJF,CA,AWP,WE,Federal Contract Tower,0,1,8,0,9,0,3,201,0,204,0,4,209,0,213,185,0,185,398
04/03/2005,WJF,CA,AWP,WE,Federal Contract Tower,0,0,6,0,6,0,0,84,0,84,0,0,90,0,90,114,0,114,204
04/04/2005,WJF,CA,AWP,WE,Federal Contract Tower,0,0,5,0,5,0,2,23,0,25,0,2,28,0,30,36,0,36,66
04/05/2005,WJF,CA,AWP,WE,Federal Contract Tower,0,0,10,0,10,0,2,77,0,79,0,2,87,0,89,108,0,108,197
04/06/2005,WJF,CA,AWP,WE,Federal Contract Tower,0,1,3,0,4,0,5,107,0,112,0,6,110,0,116,116,0,116,232
04/07/2005,WJF,CA,AWP,WE,Federal Contract Tower,0,3,8,2,13,0,1,59,4,64,0,4,67,6,77,54,2,56,133
04/08/2005,WJF,CA,AWP,WE,Federal Contract Tower,0,0,8,0,8,0,8,52,0,60,0,8,60,0,68,56,0,56,124
04/09/2005,WJF,CA,AWP,WE,Federal Contract Tower,0,0,8,0,8,0,2,73,0,75,0,2,81,0,83,107,0,107,190
04/10/2005,WJF,CA,AWP,WE,Federal Contract Tower,0,0,8,0,8,0,0,151,0,151,0,0,159,0,159,148,0,148,307
04/11/2005,WJF,CA,AWP,WE,Federal Contract Tower,0,0,5,0,5,0,2,78,0,80,0,2,83,0,85,66,2,68,153
04/12/2005,WJF,CA,AWP,WE,Federal Contract Tower,0,2,4,0,6,0,2,72,0,74,0,4,76,0,80,70,4,74,154
04/13/2005,WJF,CA,AWP,WE,Federal Contract Tower,0,2,4,0,6,0,6,26,4,36,0,8,30,4,42,4,0,4,46
04/14/2005,WJF,CA,AWP,WE,Federal Contract Tower,0,1,8,0,9,0,3,90,0,93,0,4,98,0,102,50,0,50,152
04/15/2005,WJF,CA,AWP,WE,Federal Contract Tower,0,2,5,3,10,0,8,129,3,140,0,10,134,6,150,237,8,245,395
04/16/2005,WJF,CA,AWP,WE,Federal Contract Tower,0,0,7,0,7,0,4,183,4,191,0,4,190,4,198,222,0,222,420
04/17/2005,WJF,CA,AWP,WE,Federal Contract Tower,0,0,15,0,15,0,0,146,0,146,0,0,161,0,161,130,0,130,291
04/18/2005,WJF,CA,AWP,WE,Federal Contract Tower,0,5,15,3,23,0,3,49,1,53,0,8,64,4,76,22,0,22,98
04/19/2005,WJF,CA,AWP,WE,Federal Contract Tower,0,1,17,2,20,0,5,55,2,62,0,6,72,4,82,72,2,74,156
04/20/2005,WJF,CA,AWP,WE,Federal Contract Tower,0,1,15,0,16,0,5,102,2,109,0,6,117,2,125,123,2,125,250
04/21/2005,WJF,CA,AWP,WE,Federal Contract Tower,0,2,7,0,9,0,6,105,1,112,0,8,112,1,121,174,19,193,314
04/22/2005,WJF,CA,AWP,WE,Federal Contract Tower,0,1,2,0,3,0,5,93,0,98,0,6,95,0,101,54,0,54,155
04/23/2005,WJF,CA,AWP,WE,Federal Contract Tower,0,0,5,0,5,0,4,117,0,121,0,4,122,0,126,232,0,232,358
04/24/2005,WJF,CA,AWP,WE,Federal Contract Tower,0,0,8,0,8,0,0,49,0,49,0,0,57,0,57,136,0,136,193
04/25/2005,WJF,CA,AWP,WE,Federal Contract Tower,0,0,7,3,10,0,2,53,1,56,0,2,60,4,66,84,4,88,154
04/26/2005,WJF,CA,AWP,WE,Federal Contract Tower,0,0,4,1,5,0,4,78,5,87,0,4,82,6,92,78,2,80,172
04/27/2005,WJF,CA,AWP,WE,Federal Contract Tower,0,0,1,0,1,0,6,31,2,39,0,6,32,2,40,16,0,16,56
04/28/2005,WJF,CA,AWP,WE,Federal Contract Tower,0,3,7,0,10,0,1,21,4,26,0,4,28,4,36,12,0,12,48
04/29/2005,WJF,CA,AWP,WE,Federal Contract Tower,0,1,9,1,11,0,5,69,1,75,0,6,78,2,86,78,0,78,164
04/30/2005,WJF,CA,AWP,WE,Federal Contract Tower,0,2,10,0,12,0,0,153,0,153,0,2,163,0,165,172,0,172,337
05/01/2005,WJF,CA,AWP,WE,Federal Contract Tower,0,0,4,0,4,0,0,68,0,68,0,0,72,0,72,42,0,42,114
05/02/2005,WJF,CA,AWP,WE,Federal Contract Tower,0,1,5,0,6,0,1,76,2,79,0,2,81,2,85,86,0,86,171
05/03/2005,WJF,CA,AWP,WE,Federal Contract Tower,0,0,3,1,4,0,4,90,0,94,0,4,93,1,98,64,0,64,162
05/04/2005,WJF,CA,AWP,WE,Federal Contract Tower,0,0,6,0,6,0,4,71,0,75,0,4,77,0,81,78,0,78,159
05/05/2005,WJF,CA,AWP,WE,Federal Contract Tower,0,3,8,4,15,0,1,14,0,15,0,4,22,4,30,20,18,38,68
05/06/2005,WJF,CA,AWP,WE,Federal Contract Tower,0,3,8,0,11,0,3,47,0,50,0,6,55,0,61,70,0,70,131
05/07/2005,WJF,CA,AWP,WE,Federal Contract Tower,0,2,9,0,11,0,0,125,0,125,0,2,134,0,136,168,0,168,304
05/08/2005,WJF,CA,AWP,WE,Federal Contract Tower,0,0,8,0,8,0,0,99,0,99,0,0,107,0,107,92,0,92,199
05/09/2005,WJF,CA,AWP,WE,Federal Contract Tower,0,1,14,0,15,0,5,34,0,39,0,6,48,0,54,32,0,32,86
05/10/2005,WJF,CA,AWP,WE,Federal Contract Tower,0,2,6,0,8,0,0,41,0,41,0,2,47,0,49,110,0,110,159
05/11/2005,WJF,CA,AWP,WE,Federal Contract Tower,0,0,4,0,4,0,4,106,0,110,0,4,110,0,114,96,0,96,210
05/12/2005,WJF,CA,AWP,WE,Federal Contract Tower,0,0,7,0,7,0,6,107,4,117,0,6,114,4,124,96,0,96,220
05/13/2005,WJF,CA,AWP,WE,Federal Contract Tower,0,0,3,2,5,0,2,116,0,118,0,2,119,2,123,148,6,154,277
05/14/2005,WJF,CA,AWP,WE,Federal Contract Tower,0,0,10,0,10,0,2,165,0,167,0,2,175,0,177,256,0,256,433
05/15/2005,WJF,CA,AWP,WE,Federal Contract Tower,0,0,9,0,9,0,0,106,0,106,0,0,115,0,115,68,0,68,183
05/16/2005,WJF,CA,AWP,WE,Federal Contract Tower,0,0,3,0,3,0,4,16,0,20,0,4,19,0,23,4,0,4,27
05/17/2005,WJF,CA,AWP,WE,Federal Contract Tower,0,0,8,0,8,0,4,63,0,67,0,4,71,0,75,44,2,46,121
05/18/2005,WJF,CA,AWP,WE,Federal Contract Tower,0,1,6,0,7,0,2,74,0,76,0,3,80,0,83,49,2,51,134
05/19/2005,WJF,CA,AWP,WE,Federal Contract Tower,0,2,6,2,10,0,4,109,0,113,0,6,115,2,123,86,8,94,217
05/20/2005,WJF,CA,AWP,WE,Federal Contract Tower,0,0,6,0,6,0,4,149,0,153,0,4,155,0,159,181,0,181,340
05/21/2005,WJF,CA,AWP,WE,Federal Contract Tower,0,0,10,0,10,0,2,148,18,168,0,2,158,18,178,278,0,278,456
05/22/2005,WJF,CA,AWP,WE,Federal Contract Tower,0,0,5,0,5,0,0,121,0,121,0,0,126,0,126,96,0,96,222
05/23/2005,WJF,CA,AWP,WE,Federal Contract Tower,0,3,5,0,8,0,1,79,0,80,0,4,84,0,88,74,6,80,168
05/24/2005,WJF,CA,AWP,WE,Federal Contract Tower,0,1,5,0,6,0,3,60,0,63,0,4,65,0,69,97,0,97,166
05/25/2005,WJF,CA,AWP,WE,Federal Contract Tower,0,0,7,0,7,0,4,86,2,92,0,4,93,2,99,135,2,137,236
05/26/2005,WJF,CA,AWP,WE,Federal Contract Tower,0,2,4,0,6,0,6,88,0,94,0,8,92,0,100,196,0,196,296
05/27/2005,WJF,CA,AWP,WE,Federal Contract Tower,0,2,8,2,12,0,5,100,0,105,0,7,108,2,117,162,2,164,281
05/28/2005,WJF,CA,AWP,WE,Federal Contract Tower,0,1,11,0,12,0,3,95,0,98,0,4,106,0,110,130,0,130,240
05/29/2005,WJF,CA,AWP,WE,Federal Contract Tower,0,0,10,0,10,0,0,47,0,47,0,0,57,0,57,67,0,67,124
05/30/2005,WJF,CA,AWP,WE,Federal Contract Tower,0,0,6,0,6,0,2,133,0,135,0,2,139,0,141,138,0,138,279
05/31/2005,WJF,CA,AWP,WE,Federal Contract Tower,0,0,5,2,7,0,2,89,0,91,0,2,94,2,98,38,2,40,138
06/01/2005,WJF,CA,AWP,WE,Federal Contract Tower,0,2,1,0,3,0,6,60,0,66,0,8,61,0,69,56,0,56,125
06/02/2005,WJF,CA,AWP,WE,Federal Contract Tower,0,2,10,0,12,0,4,72,0,76,0,6,82,0,88,46,2,48,136
06/03/2005,WJF,CA,AWP,WE,Federal Contract Tower,0,0,6,0,6,0,8,148,0,156,0,8,154,0,162,124,0,124,286
06/04/2005,WJF,CA,AWP,WE,Federal Contract Tower,0,1,4,0,5,0,3,133,0,136,0,4,137,0,141,174,6,180,321
06/05/2005,WJF,CA,AWP,WE,Federal Contract Tower,0,2,5,0,7,0,0,96,2,98,0,2,101,2,105,82,0,82,187
06/06/2005,WJF,CA,AWP,WE,Federal Contract Tower,0,0,5,0,5,0,2,69,0,71,0,2,74,0,76,66,0,66,142
06/07/2005,WJF,CA,AWP,WE,Federal Contract Tower,0,0,5,0,5,0,2,93,0,95,0,2,98,0,100,152,0,152,252
06/08/2005,WJF,CA,AWP,WE,Federal Contract Tower,0,1,7,0,8,0,9,61,0,70,0,10,68,0,78,34,0,34,112
06/09/2005,WJF,CA,AWP,WE,Federal Contract Tower,0,0,9,0,9,0,2,51,0,53,0,2,60,0,62,32,4,36,98
06/10/2005,WJF,CA,AWP,WE,Federal Contract Tower,0,0,9,0,9,0,2,90,0,92,0,2,99,0,101,120,0,120,221
06/11/2005,WJF,CA,AWP,WE,Federal Contract Tower,0,1,11,0,12,0,1,115,0,116,0,2,126,0,128,170,0,170,298
06/12/2005,WJF,CA,AWP,WE,Federal Contract Tower,0,0,6,0,6,0,0,127,0,127,0,0,133,0,133,84,0,84,217
06/13/2005,WJF,CA,AWP,WE,Federal Contract Tower,0,0,1,1,2,0,2,97,1,100,0,2,98,2,102,60,0,60,162
06/14/2005,WJF,CA,AWP,WE,Federal Contract Tower,0,0,12,0,12,0,4,98,0,102,0,4,110,0,114,125,4,129,243
06/15/2005,WJF,CA,AWP,WE,Federal Contract Tower,0,2,13,1,16,0,6,91,5,102,0,8,104,6,118,52,6,58,176
06/16/2005,WJF,CA,AWP,WE,Federal Contract Tower,0,0,7,0,7,0,4,82,2,88,0,4,89,2,95,100,8,108,203
06/17/2005,WJF,CA,AWP,WE,Federal Contract Tower,0,2,5,0,7,0,4,64,0,68,0,6,69,0,75,76,0,76,151
06/18/2005,WJF,CA,AWP,WE,Federal Contract Tower,0,0,4,0,4,0,2,118,0,120,0,2,122,0,124,138,0,138,262
06/19/2005,WJF,CA,AWP,WE,Federal Contract Tower,0,0,6,0,6,0,0,111,0,111,0,0,117,0,117,114,0,114,231
06/20/2005,WJF,CA,AWP,WE,Federal Contract Tower,0,0,3,0,3,0,3,74,2,79,0,3,77,2,82,79,14,93,175
06/21/2005,WJF,CA,AWP,WE,Federal Contract Tower,0,2,4,0,6,0,2,100,0,102,0,4,104,0,108,82,10,92,200
06/22/2005,WJF,CA,AWP,WE,Federal Contract Tower,0,0,5,2,7,0,4,77,0,81,0,4,82,2,88,97,2,99,187
06/23/2005,WJF,CA,AWP,WE,Federal Contract Tower,0,1,2,4,7,0,5,93,4,102,0,6,95,8,109,133,2,135,244
06/24/2005,WJF,CA,AWP,WE,Federal Contract Tower,0,0,6,0,6,0,2,111,0,113,0,2,117,0,119,100,2,102,221
06/25/2005,WJF,CA,AWP,WE,Federal Contract Tower,0,0,2,0,2,0,2,120,0,122,0,2,122,0,124,144,0,144,268
06/26/2005,WJF,CA,AWP,WE,Federal Contract Tower,0,0,4,0,4,0,0,90,0,90,0,0,94,0,94,72,0,72,166
06/27/2005,WJF,CA,AWP,WE,Federal Contract Tower,0,0,9,0,9,0,2,102,0,104,0,2,111,0,113,44,0,44,157
06/28/2005,WJF,CA,AWP,WE,Federal Contract Tower,0,2,6,0,8,0,6,89,0,95,0,8,95,0,103,104,0,104,207
06/29/2005,WJF,CA,AWP,WE,Federal Contract Tower,0,0,5,0,5,0,2,99,0,101,0,2,104,0,106,90,4,94,200
06/30/2005,WJF,CA,AWP,WE,Federal Contract Tower,0,0,10,0,10,0,4,113,0,117,0,4,123,0,127,148,0,148,275
07/01/2005,WJF,CA,AWP,WE,Federal Contract Tower,0,0,9,0,9,0,3,137,0,140,0,3,146,0,149,168,0,168,317
07/02/2005,WJF,CA,AWP,WE,Federal Contract Tower,0,0,0,0,0,0,2,132,0,134,0,2,132,0,134,161,0,161,295
07/03/2005,WJF,CA,AWP,WE,Federal Contract Tower,0,0,3,0,3,0,0,84,0,84,0,0,87,0,87,70,0,70,157
07/04/2005,WJF,CA,AWP,WE,Federal Contract Tower,0,0,1,0,1,0,0,88,0,88,0,0,89,0,89,124,2,126,215
07/05/2005,WJF,CA,AWP,WE,Federal Contract Tower,0,0,4,1,5,0,4,83,3,90,0,4,87,4,95,116,0,116,211
07/06/2005,WJF,CA,AWP,WE,Federal Contract Tower,0,0,3,0,3,0,4,113,2,119,0,4,116,2,122,148,0,148,270
07/07/2005,WJF,CA,AWP,WE,Federal Contract Tower,0,0,5,0,5,0,4,99,0,103,0,4,104,0,108,60,0,60,168
07/08/2005,WJF,CA,AWP,WE,Federal Contract Tower,0,0,6,0,6,0,4,145,0,149,0,4,151,0,155,118,0,118,273
07/09/2005,WJF,CA,AWP,WE,Federal Contract Tower,0,2,6,0,8,0,0,171,2,173,0,2,177,2,181,106,0,106,287
07/10/2005,WJF,CA,AWP,WE,Federal Contract Tower,0,0,9,0,9,0,0,96,0,96,0,0,105,0,105,94,0,94,199
07/11/2005,WJF,CA,AWP,WE,Federal Contract Tower,0,0,3,0,3,0,4,66,2,72,0,4,69,2,75,20,6,26,101
07/12/2005,WJF,CA,AWP,WE,Federal Contract Tower,0,0,9,3,12,0,4,88,5,97,0,4,97,8,109,100,0,100,209
07/13/2005,WJF,CA,AWP,WE,Federal Contract Tower,0,0,8,2,10,0,4,68,0,72,0,4,76,2,82,100,0,100,182
07/14/2005,WJF,CA,AWP,WE,Federal Contract Tower,0,0,5,2,7,0,5,100,0,105,0,5,105,2,112,83,0,83,195
07/15/2005,WJF,CA,AWP,WE,Federal Contract Tower,0,0,4,0,4,0,2,71,2,75,0,2,75,2,79,58,0,58,137
07/16/2005,WJF,CA,AWP,WE,Federal Contract Tower,0,0,4,0,4,0,4,92,0,96,0,4,96,0,100,132,0,132,232
07/17/2005,WJF,CA,AWP,WE,Federal Contract Tower,0,0,1,0,1,0,0,124,0,124,0,0,125,0,125,182,0,182,307
07/18/2005,WJF,CA,AWP,WE,Federal Contract Tower,0,1,3,0,4,0,3,78,0,81,0,4,81,0,85,106,2,108,193
07/19/2005,WJF,CA,AWP,WE,Federal Contract Tower,0,2,4,0,6,0,4,74,0,78,0,6,78,0,84,90,0,90,174
07/20/2005,WJF,CA,AWP,WE,Federal Contract Tower,0,0,2,0,2,0,2,51,0,53,0,2,53,0,55,76,0,76,131
07/21/2005,WJF,CA,AWP,WE,Federal Contract Tower,0,1,3,1,5,0,5,64,1,70,0,6,67,2,75,102,2,104,179
07/22/2005,WJF,CA,AWP,WE,Federal Contract Tower,0,0,2,0,2,0,2,91,0,93,0,2,93,0,95,190,0,190,285
07/23/2005,WJF,CA,AWP,WE,Federal Contract Tower,0,0,3,0,3,0,2,86,0,88,0,2,89,0,91,206,0,206,297
07/24/2005,WJF,CA,AWP,WE,Federal Contract Tower,0,0,0,0,0,0,0,66,0,66,0,0,66,0,66,86,0,86,152
07/25/2005,WJF,CA,AWP,WE,Federal Contract Tower,0,0,13,0,13,0,2,50,0,52,0,2,63,0,65,96,4,100,165
07/26/2005,WJF,CA,AWP,WE,Federal Contract Tower,0,0,13,0,13,0,2,50,0,52,0,2,63,0,65,96,4,100,165
07/27/2005,WJF,CA,AWP,WE,Federal Contract Tower,0,2,3,0,5,0,6,91,0,97,0,8,94,0,102,166,0,166,268
07/28/2005,WJF,CA,AWP,WE,Federal Contract Tower,0,2,5,0,7,0,4,70,2,76,0,6,75,2,83,114,4,118,201
07/29/2005,WJF,CA,AWP,WE,Federal Contract Tower,0,0,7,0,7,0,5,107,6,118,0,5,114,6,125,140,10,150,275
07/30/2005,WJF,CA,AWP,WE,Federal Contract Tower,0,2,6,0,8,0,2,94,0,96,0,4,100,0,104,86,0,86,190
07/31/2005,WJF,CA,AWP,WE,Federal Contract Tower,0,1,4,0,5,0,0,125,0,125,0,1,129,0,130,148,0,148,278
08/01/2005,WJF,CA,AWP,WE,Federal Contract Tower,0,1,5,0,6,0,4,72,8,84,0,5,77,8,90,62,16,78,168
08/02/2005,WJF,CA,AWP,WE,Federal Contract Tower,0,5,3,5,13,0,9,112,5,126,0,14,115,10,139,72,10,82,221
08/03/2005,WJF,CA,AWP,WE,Federal Contract Tower,0,0,6,1,7,0,2,96,1,99,0,2,102,2,106,70,0,70,176
08/04/2005,WJF,CA,AWP,WE,Federal Contract Tower,0,2,3,6,11,0,4,82,6,92,0,6,85,12,103,92,0,92,195
08/05/2005,WJF,CA,AWP,WE,Federal Contract Tower,0,0,8,0,8,0,2,106,2,110,0,2,114,2,118,82,2,84,202
08/06/2005,WJF,CA,AWP,WE,Federal Contract Tower,0,0,4,0,4,0,2,122,0,124,0,2,126,0,128,194,0,194,322
08/07/2005,WJF,CA,AWP,WE,Federal Contract Tower,0,0,0,0,0,0,0,155,0,155,0,0,155,0,155,112,0,112,267
08/08/2005,WJF,CA,AWP,WE,Federal Contract Tower,0,1,8,2,11,0,7,71,4,82,0,8,79,6,93,58,12,70,163
08/09/2005,WJF,CA,AWP,WE,Federal Contract Tower,0,0,9,0,9,0,4,94,0,98,0,4,103,0,107,84,0,84,191
08/10/2005,WJF,CA,AWP,WE,Federal Contract Tower,0,2,9,0,11,0,4,73,2,79,0,6,82,2,90,98,0,98,188
08/11/2005,WJF,CA,AWP,WE,Federal Contract Tower,0,0,9,2,11,0,6,73,0,79,0,6,82,2,90,85,8,93,183
08/12/2005,WJF,CA,AWP,WE,Federal Contract Tower,0,1,7,0,8,0,3,89,0,92,0,4,96,0,100,80,2,82,182
08/13/2005,WJF,CA,AWP,WE,Federal Contract Tower,0,0,6,0,6,0,2,136,0,138,0,2,142,0,144,146,0,146,290
08/14/2005,WJF,CA,AWP,WE,Federal Contract Tower,0,0,8,0,8,0,0,118,0,118,0,0,126,0,126,149,0,149,275
08/15/2005,WJF,CA,AWP,WE,Federal Contract Tower,0,1,5,1,7,0,3,58,5,66,0,4,63,6,73,48,10,58,131
08/16/2005,WJF,CA,AWP,WE,Federal Contract Tower,0,0,4,3,7,0,8,100,3,111,0,8,104,6,118,136,14,150,268
08/17/2005,WJF,CA,AWP,WE,Federal Contract Tower,0,0,6,1,7,0,4,67,1,72,0,4,73,2,79,114,0,114,193
08/18/2005,WJF,CA,AWP,WE,Federal Contract Tower,0,0,6,2,8,0,6,74,2,82,0,6,80,4,90,54,0,54,144
08/19/2005,WJF,CA,AWP,WE,Federal Contract Tower,0,0,10,0,10,0,4,112,0,116,0,4,122,0,126,72,0,72,198
08/20/2005,WJF,CA,AWP,WE,Federal Contract Tower,0,0,5,0,5,0,2,113,0,115,0,2,118,0,120,143,0,143,263
08/21/2005,WJF,CA,AWP,WE,Federal Contract Tower,0,0,10,0,10,0,2,138,0,140,0,2,148,0,150,114,0,114,264
08/22/2005,WJF,CA,AWP,WE,Federal Contract Tower,0,0,2,0,2,0,4,80,0,84,0,4,82,0,86,92,0,92,178
08/23/2005,WJF,CA,AWP,WE,Federal Contract Tower,0,1,7,0,8,0,5,68,2,75,0,6,75,2,83,34,2,36,119
08/24/2005,WJF,CA,AWP,WE,Federal Contract Tower,0,0,0,0,0,0,6,91,0,97,0,6,91,0,97,80,2,82,179
08/25/2005,WJF,CA,AWP,WE,Federal Contract Tower,0,0,8,0,8,0,2,97,0,99,0,2,105,0,107,46,0,46,153
08/26/2005,WJF,CA,AWP,WE,Federal Contract Tower,0,0,10,2,12,0,4,95,0,99,0,4,105,2,111,92,10,102,213
08/27/2005,WJF,CA,AWP,WE,Federal Contract Tower,0,0,2,0,2,0,2,149,2,153,0,2,151,2,155,84,0,84,239
08/28/2005,WJF,CA,AWP,WE,Federal Contract Tower,0,0,1,0,1,0,2,107,0,109,0,2,108,0,110,109,0,109,219
08/29/2005,WJF,CA,AWP,WE,Federal Contract Tower,0,0,6,0,6,0,6,60,0,66,0,6,66,0,72,74,0,74,146
08/30/2005,WJF,CA,AWP,WE,Federal Contract Tower,0,0,10,1,11,0,4,71,1,76,0,4,81,2,87,58,0,58,145
08/31/2005,WJF,CA,AWP,WE,Federal Contract Tower,0,0,8,0,8,0,4,110,4,118,0,4,118,4,126,66,0,66,192
09/01/2005,WJF,CA,AWP,WE,Federal Contract Tower,0,0,7,1,8,0,10,90,1,101,0,10,97,2,109,38,0,38,147
09/02/2005,WJF,CA,AWP,WE,Federal Contract Tower,0,1,2,0,3,0,5,109,0,114,0,6,111,0,117,156,0,156,273
09/03/2005,WJF,CA,AWP,WE,Federal Contract Tower,0,0,0,0,0,0,2,227,0,229,0,2,227,0,229,160,0,160,389
09/04/2005,WJF,CA,AWP,WE,Federal Contract Tower,0,0,7,0,7,0,0,121,0,121,0,0,128,0,128,94,0,94,222
09/05/2005,WJF,CA,AWP,WE,Federal Contract Tower,0,0,1,0,1,0,0,112,0,112,0,0,113,0,113,167,0,167,280
09/06/2005,WJF,CA,AWP,WE,Federal Contract Tower,0,0,2,0,2,0,6,113,0,119,0,6,115,0,121,44,0,44,165
09/07/2005,WJF,CA,AWP,WE,Federal Contract Tower,0,4,6,2,12,0,6,83,2,91,0,10,89,4,103,70,0,70,173
09/08/2005,WJF,CA,AWP,WE,Federal Contract Tower,0,0,1,0,1,0,4,55,0,59,0,4,56,0,60,78,0,78,138
09/09/2005,WJF,CA,AWP,WE,Federal Contract Tower,0,1,6,0,7,0,9,77,0,86,0,10,83,0,93,30,0,30,123
09/10/2005,WJF,CA,AWP,WE,Federal Contract Tower,0,1,6,0,7,0,1,77,0,78,0,2,83,0,85,74,0,74,159
09/11/2005,WJF,CA,AWP,WE,Federal Contract Tower,0,0,3,0,3,0,0,105,0,105,0,0,108,0,108,71,0,71,179
09/12/2005,WJF,CA,AWP,WE,Federal Contract Tower,0,2,9,1,12,0,2,120,1,123,0,4,129,2,135,66,4,70,205
09/13/2005,WJF,CA,AWP,WE,Federal Contract Tower,0,0,4,2,6,0,4,66,4,74,0,4,70,6,80,102,2,104,184
09/14/2005,WJF,CA,AWP,WE,Federal Contract Tower,0,1,12,1,14,0,13,103,5,121,0,14,115,6,135,234,2,236,371
09/15/2005,WJF,CA,AWP,WE,Federal Contract Tower,0,1,11,0,12,0,7,81,0,88,0,8,92,0,100,164,0,164,264
09/16/2005,WJF,CA,AWP,WE,Federal Contract Tower,0,2,8,0,10,0,6,94,0,100,0,8,102,0,110,32,0,32,142
09/17/2005,WJF,CA,AWP,WE,Federal Contract Tower,0,1,2,0,3,0,3,81,0,84,0,4,83,0,87,102,0,102,189
09/18/2005,WJF,CA,AWP,WE,Federal Contract Tower,0,0,2,0,2,0,0,157,0,157,0,0,159,0,159,148,0,148,307
09/19/2005,WJF,CA,AWP,WE,Federal Contract Tower,0,2,9,0,11,0,4,75,0,79,0,6,84,0,90,69,0,69,159
09/20/2005,WJF,CA,AWP,WE,Federal Contract Tower,0,7,1,0,8,0,1,18,0,19,0,8,19,0,27,12,0,12,39
09/21/2005,WJF,CA,AWP,WE,Federal Contract Tower,0,0,9,0,9,0,4,117,0,121,0,4,126,0,130,54,0,54,184
09/22/2005,WJF,CA,AWP,WE,Federal Contract Tower,0,2,5,0,7,0,4,88,0,92,0,6,93,0,99,122,6,128,227
09/23/2005,WJF,CA,AWP,WE,Federal Contract Tower,0,1,5,0,6,0,3,113,0,116,0,4,118,0,122,93,0,93,215
09/24/2005,WJF,CA,AWP,WE,Federal Contract Tower,0,1,7,0,8,0,1,131,0,132,0,2,138,0,140,228,0,228,368
09/25/2005,WJF,CA,AWP,WE,Federal Contract Tower,0,0,8,0,8,0,0,122,0,122,0,0,130,0,130,172,0,172,302
09/26/2005,WJF,CA,AWP,WE,Federal Contract Tower,0,0,8,0,8,0,4,84,0,88,0,4,92,0,96,102,0,102,198
09/27/2005,WJF,CA,AWP,WE,Federal Contract Tower,0,1,5,0,6,0,3,90,0,93,0,4,95,0,99,100,4,104,203
09/28/2005,WJF,CA,AWP,WE,Federal Contract Tower,0,0,15,0,15,0,2,122,0,124,0,2,137,0,139,114,0,114,253
09/29/2005,WJF,CA,AWP,WE,Federal Contract Tower,0,4,6,0,10,0,6,265,0,271,0,10,271,0,281,166,0,166,447
09/30/2005,WJF,CA,AWP,WE,Federal Contract Tower,0,0,4,0,4,0,2,207,0,209,0,2,211,0,213,34,0,34,247
10/01/2005,WJF,CA,AWP,WE,Federal Contract Tower,0,0,5,0,5,0,3,145,0,148,0,3,150,0,153,171,0,171,324
10/02/2005,WJF,CA,AWP,WE,Federal Contract Tower,0,0,1,0,1,0,0,127,0,127,0,0,128,0,128,114,0,114,242
10/03/2005,WJF,CA,AWP,WE,Federal Contract Tower,0,1,3,0,4,0,3,50,0,53,0,4,53,0,57,84,4,88,145
10/04/2005,WJF,CA,AWP,WE,Federal Contract Tower,0,1,0,3,4,0,5,71,3,79,0,6,71,6,83,40,10,50,133
10/05/2005,WJF,CA,AWP,WE,Federal Contract Tower,0,1,5,0,6,0,5,84,2,91,0,6,89,2,97,110,0,110,207
10/06/2005,WJF,CA,AWP,WE,Federal Contract Tower,0,3,3,0,6,0,9,94,0,103,0,12,97,0,109,222,0,222,331
10/07/2005,WJF,CA,AWP,WE,Federal Contract Tower,0,1,4,0,5,0,3,100,0,103,0,4,104,0,108,111,0,111,219
10/08/2005,WJF,CA,AWP,WE,Federal Contract Tower,0,2,4,0,6,0,2,93,0,95,0,4,97,0,101,71,0,71,172
10/09/2005,WJF,CA,AWP,WE,Federal Contract Tower,0,1,2,0,3,0,1,125,0,126,0,2,127,0,129,98,0,98,227
10/10/2005,WJF,CA,AWP,WE,Federal Contract Tower,0,0,3,0,3,0,8,88,0,96,0,8,91,0,99,88,0,88,187
10/11/2005,WJF,CA,AWP,WE,Federal Contract Tower,0,3,1,2,6,0,11,78,0,89,0,14,79,2,95,99,6,105,200
10/12/2005,WJF,CA,AWP,WE,Federal Contract Tower,0,1,3,0,4,0,5,79,0,84,0,6,82,0,88,104,4,108,196
10/13/2005,WJF,CA,AWP,WE,Federal Contract Tower,0,1,8,1,10,0,6,79,0,85,0,7,87,1,95,60,8,68,163
10/14/2005,WJF,CA,AWP,WE,Federal Contract Tower,0,0,4,0,4,0,4,85,0,89,0,4,89,0,93,96,0,96,189
10/15/2005,WJF,CA,AWP,WE,Federal Contract Tower,0,0,4,1,5,0,2,103,1,106,0,2,107,2,111,68,0,68,179
10/16/2005,WJF,CA,AWP,WE,Federal Contract Tower,0,0,1,0,1,0,0,77,0,77,0,0,78,0,78,122,0,122,200
10/17/2005,WJF,CA,AWP,WE,Federal Contract Tower,0,0,5,0,5,0,0,24,2,26,0,0,29,2,31,30,0,30,61
10/18/2005,WJF,CA,AWP,WE,Federal Contract Tower,0,2,6,1,9,0,2,23,3,28,0,4,29,4,37,31,2,33,70
10/19/2005,WJF,CA,AWP,WE,Federal Contract Tower,0,0,14,0,14,0,6,85,0,91,0,6,99,0,105,123,20,143,248
10/20/2005,WJF,CA,AWP,WE,Federal Contract Tower,0,3,8,0,11,0,5,117,0,122,0,8,125,0,133,170,2,172,305
10/21/2005,WJF,CA,AWP,WE,Federal Contract Tower,0,4,13,0,17,0,3,135,7,145,0,7,148,7,162,249,0,249,411
10/22/2005,WJF,CA,AWP,WE,Federal Contract Tower,0,0,9,0,9,0,2,123,0,125,0,2,132,0,134,174,0,174,308
10/23/2005,WJF,CA,AWP,WE,Federal Contract Tower,0,0,12,0,12,0,0,161,0,161,0,0,173,0,173,188,0,188,361
10/24/2005,WJF,CA,AWP,WE,Federal Contract Tower,0,2,6,0,8,0,6,83,0,89,0,8,89,0,97,202,0,202,299
10/25/2005,WJF,CA,AWP,WE,Federal Contract Tower,0,2,5,1,8,0,4,63,1,68,0,6,68,2,76,67,8,75,151
10/26/2005,WJF,CA,AWP,WE,Federal Contract Tower,0,0,9,0,9,0,4,66,0,70,0,4,75,0,79,192,0,192,271
10/27/2005,WJF,CA,AWP,WE,Federal Contract Tower,0,5,15,1,21,0,0,39,7,46,0,5,54,8,67,58,6,64,131
10/28/2005,WJF,CA,AWP,WE,Federal Contract Tower,0,0,6,0,6,0,4,82,2,88,0,4,88,2,94,38,0,38,132
10/29/2005,WJF,CA,AWP,WE,Federal Contract Tower,0,0,7,0,7,0,2,169,0,171,0,2,176,0,178,266,0,266,444
10/30/2005,WJF,CA,AWP,WE,Federal Contract Tower,0,0,14,0,14,0,0,118,0,118,0,0,132,0,132,88,0,88,220
10/31/2005,WJF,CA,AWP,WE,Federal Contract Tower,0,0,2,0,2,0,2,48,0,50,0,2,50,0,52,34,0,34,86
11/01/2005,WJF,CA,AWP,WE,Federal Contract Tower,0,1,6,0,7,0,3,82,0,85,0,4,88,0,92,78,0,78,170
11/02/2005,WJF,CA,AWP,WE,Federal Contract Tower,0,1,8,1,10,0,1,56,1,58,0,2,64,2,68,54,0,54,122
11/03/2005,WJF,CA,AWP,WE,Federal Contract Tower,0,1,9,0,10,0,5,42,0,47,0,6,51,0,57,44,2,46,103
11/04/2005,WJF,CA,AWP,WE,Federal Contract Tower,0,3,4,0,7,0,1,68,2,71,0,4,72,2,78,94,0,94,172
11/05/2005,WJF,CA,AWP,WE,Federal Contract Tower,0,1,5,0,6,0,3,121,0,124,0,4,126,0,130,196,2,198,328
11/06/2005,WJF,CA,AWP,WE,Federal Contract Tower,0,0,4,0,4,0,0,114,0,114,0,0,118,0,118,108,0,108,226
11/07/2005,WJF,CA,AWP,WE,Federal Contract Tower,0,1,3,2,6,0,1,50,2,53,0,2,53,4,59,72,4,76,135
11/08/2005,WJF,CA,AWP,WE,Federal Contract Tower,0,1,9,0,10,0,3,62,0,65,0,4,71,0,75,150,0,150,225
11/09/2005,WJF,CA,AWP,WE,Federal Contract Tower,0,3,10,0,13,0,5,34,0,39,0,8,44,0,52,57,0,57,109
11/10/2005,WJF,CA,AWP,WE,Federal Contract Tower,0,0,8,0,8,0,4,38,0,42,0,4,46,0,50,38,2,40,90
11/11/2005,WJF,CA,AWP,WE,Federal Contract Tower,0,3,6,0,9,0,7,56,0,63,0,10,62,0,72,114,0,114,186
11/12/2005,WJF,CA,AWP,WE,Federal Contract Tower,0,1,8,0,9,0,1,157,0,158,0,2,165,0,167,222,0,222,389
11/13/2005,WJF,CA,AWP,WE,Federal Contract Tower,0,0,1,0,1,0,0,137,0,137,0,0,138,0,138,164,0,164,302
11/14/2005,WJF,CA,AWP,WE,Federal Contract Tower,0,0,5,1,6,0,2,78,1,81,0,2,83,2,87,101,8,109,196
11/15/2005,WJF,CA,AWP,WE,Federal Contract Tower,0,0,8,0,8,0,8,56,0,64,0,8,64,0,72,62,2,64,136
11/16/2005,WJF,CA,AWP,WE,Federal Contract Tower,0,0,9,0,9,0,10,75,0,85,0,10,84,0,94,176,0,176,270
11/17/2005,WJF,CA,AWP,WE,Federal Contract Tower,0,1,1,0,2,0,5,106,0,111,0,6,107,0,113,178,0,178,291
11/18/2005,WJF,CA,AWP,WE,Federal Contract Tower,0,2,8,1,11,0,5,140,5,150,0,7,148,6,161,148,6,154,315
11/19/2005,WJF,CA,AWP,WE,Federal Contract Tower,0,1,8,0,9,0,5,152,0,157,0,6,160,0,166,212,0,212,378
11/20/2005,WJF,CA,AWP,WE,Federal Contract Tower,0,2,5,0,7,0,2,149,0,151,0,4,154,0,158,135,0,135,293
11/21/2005,WJF,CA,AWP,WE,Federal Contract Tower,0,4,7,2,13,0,6,89,0,95,0,10,96,2,108,112,8,120,228
11/22/2005,WJF,CA,AWP,WE,Federal Contract Tower,0,0,5,1,6,0,4,88,3,95,0,4,93,4,101,132,2,134,235
11/23/2005,WJF,CA,AWP,WE,Federal Contract Tower,0,0,7,0,7,0,6,81,0,87,0,6,88,0,94,197,2,199,293
11/24/2005,WJF,CA,AWP,WE,Federal Contract Tower,0,0,10,0,10,0,0,74,0,74,0,0,84,0,84,34,0,34,118
11/25/2005,WJF,CA,AWP,WE,Federal Contract Tower,0,1,7,0,8,0,3,103,0,106,0,4,110,0,114,79,0,79,193
11/26/2005,WJF,CA,AWP,WE,Federal Contract Tower,0,0,2,0,2,0,2,46,0,48,0,2,48,0,50,47,0,47,97
11/27/2005,WJF,CA,AWP,WE,Federal Contract Tower,0,0,5,0,5,0,0,91,0,91,0,0,96,0,96,84,0,84,180
11/28/2005,WJF,CA,AWP,WE,Federal Contract Tower,0,1,5,1,7,0,1,55,1,57,0,2,60,2,64,47,6,53,117
11/29/2005,WJF,CA,AWP,WE,Federal Contract Tower,0,2,4,2,8,0,4,50,4,58,0,6,54,6,66,0,0,0,66
11/30/2005,WJF,CA,AWP,WE,Federal Contract Tower,0,0,9,2,11,0,4,59,4,67,0,4,68,6,78,30,2,32,110
12/01/2005,WJF,CA,AWP,WE,Federal Contract Tower,0,0,8,0,8,0,4,52,0,56,0,4,60,0,64,66,4,70,134
12/02/2005,WJF,CA,AWP,WE,Federal Contract Tower,0,1,6,0,7,0,5,16,0,21,0,6,22,0,28,18,0,18,46
12/03/2005,WJF,CA,AWP,WE,Federal Contract Tower,0,0,4,0,4,0,2,111,0,113,0,2,115,0,117,134,0,134,251
12/04/2005,WJF,CA,AWP,WE,Federal Contract Tower,0,1,3,0,4,0,1,98,0,99,0,2,101,0,103,115,0,115,218
12/05/2005,WJF,CA,AWP,WE,Federal Contract Tower,0,1,4,0,5,0,3,70,0,73,0,4,74,0,78,50,0,50,128
12/06/2005,WJF,CA,AWP,WE,Federal Contract Tower,0,2,7,0,9,0,11,134,0,145,0,13,141,0,154,182,2,184,338
12/07/2005,WJF,CA,AWP,WE,Federal Contract Tower,0,0,10,0,10,0,15,123,0,138,0,15,133,0,148,170,6,176,324
12/08/2005,WJF,CA,AWP,WE,Federal Contract Tower,0,4,7,0,11,0,12,66,0,78,0,16,73,0,89,84,26,110,199
12/09/2005,WJF,CA,AWP,WE,Federal Contract Tower,0,4,8,1,13,0,6,57,1,64,0,10,65,2,77,38,6,44,121
12/10/2005,WJF,CA,AWP,WE,Federal Contract Tower,0,0,4,0,4,0,2,121,0,123,0,2,125,0,127,128,0,128,255
12/11/2005,WJF,CA,AWP,WE,Federal Contract Tower,0,0,7,0,7,0,0,158,0,158,0,0,165,0,165,44,0,44,209
12/12/2005,WJF,CA,AWP,WE,Federal Contract Tower,0,0,3,0,3,0,10,108,0,118,0,10,111,0,121,169,12,181,302
12/13/2005,WJF,CA,AWP,WE,Federal Contract Tower,0,8,8,3,19,0,0,100,1,101,0,8,108,4,120,126,4,130,250
12/14/2005,WJF,CA,AWP,WE,Federal Contract Tower,0,2,6,0,8,0,4,78,0,82,0,6,84,0,90,210,0,210,300
12/15/2005,WJF,CA,AWP,WE,Federal Contract Tower,0,2,3,2,7,0,3,93,0,96,0,5,96,2,103,43,8,51,154
12/16/2005,WJF,CA,AWP,WE,Federal Contract Tower,0,3,6,0,9,0,3,87,0,90,0,6,93,0,99,74,0,74,173
12/17/2005,WJF,CA,AWP,WE,Federal Contract Tower,0,0,13,0,13,0,2,97,0,99,0,2,110,0,112,106,0,106,218
12/18/2005,WJF,CA,AWP,WE,Federal Contract Tower,0,1,7,0,8,0,0,61,0,61,0,1,68,0,69,80,0,80,149
12/19/2005,WJF,CA,AWP,WE,Federal Contract Tower,0,2,3,0,5,0,4,73,0,77,0,6,76,0,82,108,4,112,194
12/20/2005,WJF,CA,AWP,WE,Federal Contract Tower,0,2,8,0,10,0,2,120,1,123,0,4,128,1,133,86,3,89,222
12/21/2005,WJF,CA,AWP,WE,Federal Contract Tower,0,0,9,0,9,0,6,84,0,90,0,6,93,0,99,146,2,148,247
12/22/2005,WJF,CA,AWP,WE,Federal Contract Tower,0,2,13,0,15,0,6,83,0,89,0,8,96,0,104,48,0,48,152
12/23/2005,WJF,CA,AWP,WE,Federal Contract Tower,0,3,4,0,7,0,17,161,0,178,0,20,165,0,185,158,0,158,343
12/24/2005,WJF,CA,AWP,WE,Federal Contract Tower,0,0,0,0,0,0,2,108,0,110,0,2,108,0,110,62,0,62,172
12/25/2005,WJF,CA,AWP,WE,Federal Contract Tower,0,0,4,0,4,0,0,40,0,40,0,0,44,0,44,32,0,32,76
12/26/2005,WJF,CA,AWP,WE,Federal Contract Tower,0,0,5,0,5,0,0,14,0,14,0,0,19,0,19,0,0,0,19
12/27/2005,WJF,CA,AWP,WE,Federal Contract Tower,0,0,3,0,3,0,8,92,0,100,0,8,95,0,103,78,0,78,181
12/28/2005,WJF,CA,AWP,WE,Federal Contract Tower,0,1,5,0,6,0,11,65,2,78,0,12,70,2,84,30,0,30,114
12/29/2005,WJF,CA,AWP,WE,Federal Contract Tower,0,1,5,1,7,0,12,115,1,128,0,13,120,2,135,64,0,64,199
12/30/2005,WJF,CA,AWP,WE,Federal Contract Tower,0,0,10,0,10,0,9,97,0,106,0,9,107,0,116,76,0,76,192
12/31/2005,WJF,CA,AWP,WE,Federal Contract Tower,0,0,1,0,1,0,2,21,0,23,0,2,22,0,24,4,0,4,28
01/01/2006,WJF,CA,AWP,WE,Federal Contract Tower,0,0,6,0,6,0,0,20,0,20,0,0,26,0,26,12,0,12,38
01/02/2006,WJF,CA,AWP,WE,Federal Contract Tower,0,0,0,0,0,0,0,2,0,2,0,0,2,0,2,2,0,2,4
01/03/2006,WJF,CA,AWP,WE,Federal Contract Tower,0,0,4,0,4,0,24,62,2,88,0,24,66,2,92,90,2,92,184
01/04/2006,WJF,CA,AWP,WE,Federal Contract Tower,0,0,8,0,8,0,8,65,4,77,0,8,73,4,85,110,8,118,203
01/05/2006,WJF,CA,AWP,WE,Federal Contract Tower,0,3,3,5,11,0,18,72,13,103,0,21,75,18,114,100,4,104,218
01/06/2006,WJF,CA,AWP,WE,Federal Contract Tower,0,0,3,0,3,0,4,117,0,121,0,4,120,0,124,132,6,138,262
01/07/2006,WJF,CA,AWP,WE,Federal Contract Tower,0,0,2,0,2,0,2,97,0,99,0,2,99,0,101,128,6,134,235
01/08/2006,WJF,CA,AWP,WE,Federal Contract Tower,0,0,1,0,1,0,2,124,0,126,0,2,125,0,127,52,0,52,179
01/09/2006,WJF,CA,AWP,WE,Federal Contract Tower,0,0,2,0,2,0,26,117,0,143,0,26,119,0,145,226,0,226,371
01/10/2006,WJF,CA,AWP,WE,Federal Contract Tower,0,2,3,0,5,0,12,84,0,96,0,14,87,0,101,216,2,218,319
01/11/2006,WJF,CA,AWP,WE,Federal Contract Tower,0,1,3,0,4,0,14,51,0,65,0,15,54,0,69,110,2,112,181
01/12/2006,WJF,CA,AWP,WE,Federal Contract Tower,0,0,2,0,2,0,12,99,0,111,0,12,101,0,113,270,8,278,391
01/13/2006,WJF,CA,AWP,WE,Federal Contract Tower,0,2,7,0,9,0,5,97,0,102,0,7,104,0,111,230,4,234,345
01/14/2006,WJF,CA,AWP,WE,Federal Contract Tower,0,0,1,0,1,0,4,21,0,25,0,4,22,0,26,86,0,86,112
01/15/2006,WJF,CA,AWP,WE,Federal Contract Tower,0,0,1,0,1,0,0,31,0,31,0,0,32,0,32,6,0,6,38
01/16/2006,WJF,CA,AWP,WE,Federal Contract Tower,0,2,8,0,10,0,14,127,0,141,0,16,135,0,151,229,0,229,380
01/17/2006,WJF,CA,AWP,WE,Federal Contract Tower,0,2,6,1,9,0,8,100,3,111,0,10,106,4,120,120,2,122,242
01/18/2006,WJF,CA,AWP,WE,Federal Contract Tower,0,2,10,0,12,0,9,40,0,49,0,11,50,0,61,36,4,40,101
01/19/2006,WJF,CA,AWP,WE,Federal Contract Tower,0,0,3,0,3,0,6,61,0,67,0,6,64,0,70,57,2,59,129
01/20/2006,WJF,CA,AWP,WE,Federal Contract Tower,0,4,8,2,14,0,22,132,2,156,0,26,140,4,170,194,8,202,372
01/21/2006,WJF,CA,AWP,WE,Federal Contract Tower,0,0,6,0,6,0,2,171,0,173,0,2,177,0,179,114,0,114,293
01/22/2006,WJF,CA,AWP,WE,Federal Contract Tower,0,0,4,0,4,0,2,86,0,88,0,2,90,0,92,30,0,30,122
01/23/2006,WJF,CA,AWP,WE,Federal Contract Tower,0,0,1,2,3,0,4,38,2,44,0,4,39,4,47,72,18,90,137
01/24/2006,WJF,CA,AWP,WE,Federal Contract Tower,0,2,2,0,4,0,4,46,6,56,0,6,48,6,60,55,8,63,123
01/25/2006,WJF,CA,AWP,WE,Federal Contract Tower,0,1,2,3,6,0,7,82,5,94,0,8,84,8,100,82,26,108,208
01/26/2006,WJF,CA,AWP,WE,Federal Contract Tower,0,1,1,0,2,0,7,89,10,106,0,8,90,10,108,116,2,118,226
01/27/2006,WJF,CA,AWP,WE,Federal Contract Tower,0,2,12,0,14,0,6,67,0,73,0,8,79,0,87,84,0,84,171
01/28/2006,WJF,CA,AWP,WE,Federal Contract Tower,0,0,3,0,3,0,2,125,0,127,0,2,128,0,130,166,0,166,296
01/29/2006,WJF,CA,AWP,WE,Federal Contract Tower,0,0,4,0,4,0,0,112,0,112,0,0,116,0,116,100,0,100,216
01/30/2006,WJF,CA,AWP,WE,Federal Contract Tower,0,0,13,0,13,0,2,72,0,74,0,2,85,0,87,86,0,86,173
01/31/2006,WJF,CA,AWP,WE,Federal Contract Tower,0,5,13,0,18,0,6,63,2,71,0,11,76,2,89,112,24,136,225
02/01/2006,WJF,CA,AWP,WE,Federal Contract Tower,0,0,7,0,7,0,2,47,0,49,0,2,54,0,56,22,0,22,78
02/02/2006,WJF,CA,AWP,WE,Federal Contract Tower,0,2,5,0,7,0,10,49,0,59,0,12,54,0,66,60,0,60,126
02/03/2006,WJF,CA,AWP,WE,Federal Contract Tower,0,1,7,0,8,0,5,108,8,121,0,6,115,8,129,174,2,176,305
02/04/2006,WJF,CA,AWP,WE,Federal Contract Tower,0,0,5,4,9,0,2,143,2,147,0,2,148,6,156,150,6,156,312
02/05/2006,WJF,CA,AWP,WE,Federal Contract Tower,0,0,9,0,9,0,6,74,0,80,0,6,83,0,89,22,0,22,111
02/06/2006,WJF,CA,AWP,WE,Federal Contract Tower,0,1,8,1,10,0,5,76,1,82,0,6,84,2,92,108,2,110,202
02/07/2006,WJF,CA,AWP,WE,Federal Contract Tower,0,1,5,0,6,0,5,89,0,94,0,6,94,0,100,126,2,128,228
02/08/2006,WJF,CA,AWP,WE,Federal Contract Tower,0,1,3,2,6,0,3,66,4,73,0,4,69,6,79,103,2,105,184
02/09/2006,WJF,CA,AWP,WE,Federal Contract Tower,0,1,7,0,8,0,5,80,0,85,0,6,87,0,93,128,0,128,221
02/10/2006,WJF,CA,AWP,WE,Federal Contract Tower,0,3,4,1,8,0,7,132,1,140,0,10,136,2,148,140,2,142,290
02/11/2006,WJF,CA,AWP,WE,Federal Contract Tower,0,1,7,0,8,0,3,154,0,157,0,4,161,0,165,106,0,106,271
02/12/2006,WJF,CA,AWP,WE,Federal Contract Tower,0,0,0,0,0,0,0,102,6,108,0,0,102,6,108,122,0,122,230
02/13/2006,WJF,CA,AWP,WE,Federal Contract Tower,0,0,3,1,4,0,8,75,1,84,0,8,78,2,88,74,2,76,164
02/14/2006,WJF,CA,AWP,WE,Federal Contract Tower,0,3,3,0,6,0,3,60,0,63,0,6,63,0,69,28,2,30,99
02/15/2006,WJF,CA,AWP,WE,Federal Contract Tower,0,3,3,0,6,0,1,23,4,28,0,4,26,4,34,2,2,4,38
02/16/2006,WJF,CA,AWP,WE,Federal Contract Tower,0,0,3,0,3,0,5,60,0,65,0,5,63,0,68,60,0,60,128
02/17/2006,WJF,CA,AWP,WE,Federal Contract Tower,0,2,8,0,10,0,8,69,2,79,0,10,77,2,89,56,0,56,145
02/18/2006,WJF,CA,AWP,WE,Federal Contract Tower,0,1,1,0,2,0,2,41,0,43,0,3,42,0,45,68,0,68,113
02/19/2006,WJF,CA,AWP,WE,Federal Contract Tower,0,0,2,0,2,0,0,27,0,27,0,0,29,0,29,42,0,42,71
02/20/2006,WJF,CA,AWP,WE,Federal Contract Tower,0,2,4,0,6,0,10,106,2,118,0,12,110,2,124,124,0,124,248
02/21/2006,WJF,CA,AWP,WE,Federal Contract Tower,0,2,1,0,3,0,0,50,0,50,0,2,51,0,53,58,2,60,113
02/22/2006,WJF,CA,AWP,WE,Federal Contract Tower,0,0,2,1,3,0,3,75,1,79,0,3,77,2,82,50,10,60,142
02/23/2006,WJF,CA,AWP,WE,Federal Contract Tower,0,2,11,1,14,0,8,80,1,89,0,10,91,2,103,40,2,42,145
02/24/2006,WJF,CA,AWP,WE,Federal Contract Tower,0,1,9,0,10,0,7,107,0,114,0,8,116,0,124,162,0,162,286
02/25/2006,WJF,CA,AWP,WE,Federal Contract Tower,0,1,13,0,14,0,3,129,0,132,0,4,142,0,146,152,0,152,298
02/26/2006,WJF,CA,AWP,WE,Federal Contract Tower,0,1,2,0,3,0,1,99,0,100,0,2,101,0,103,120,0,120,223
02/27/2006,WJF,CA,AWP,WE,Federal Contract Tower,0,4,6,0,10,0,3,31,0,34,0,7,37,0,44,42,2,44,88
02/28/2006,WJF,CA,AWP,WE,Federal Contract Tower,0,3,1,0,4,0,3,12,1,16,0,6,13,1,20,0,0,0,20
03/01/2006,WJF,CA,AWP,WE,Federal Contract Tower,0,0,4,4,8,0,8,104,0,112,0,8,108,4,120,86,12,98,218
03/02/2006,WJF,CA,AWP,WE,Federal Contract Tower,0,0,6,3,9,0,6,55,3,64,0,6,61,6,73,49,6,55,128
03/03/2006,WJF,CA,AWP,WE,Federal Contract Tower,0,4,1,0,5,0,2,9,0,11,0,6,10,0,16,0,0,0,16
03/04/2006,WJF,CA,AWP,WE,Federal Contract Tower,0,2,18,0,20,0,2,154,0,156,0,4,172,0,176,152,0,152,328
03/05/2006,WJF,CA,AWP,WE,Federal Contract Tower,0,0,4,0,4,0,0,109,0,109,0,0,113,0,113,102,0,102,215
03/06/2006,WJF,CA,AWP,WE,Federal Contract Tower,0,4,6,0,10,0,2,17,0,19,0,6,23,0,29,0,0,0,29
03/07/2006,WJF,CA,AWP,WE,Federal Contract Tower,0,7,5,4,16,0,5,16,4,25,0,12,21,8,41,16,0,16,57
03/08/2006,WJF,CA,AWP,WE,Federal Contract Tower,0,1,4,0,5,0,5,56,2,63,0,6,60,2,68,62,0,62,130
03/09/2006,WJF,CA,AWP,WE,Federal Contract Tower,0,2,2,0,4,0,6,33,0,39,0,8,35,0,43,26,4,30,73
03/10/2006,WJF,CA,AWP,WE,Federal Contract Tower,0,5,8,0,13,0,0,16,0,16,0,5,24,0,29,38,0,38,67
03/11/2006,WJF,CA,AWP,WE,Federal Contract Tower,0,1,4,0,5,0,1,22,0,23,0,2,26,0,28,16,0,16,44
03/12/2006,WJF,CA,AWP,WE,Federal Contract Tower,0,0,5,0,5,0,0,19,0,19,0,0,24,0,24,16,0,16,40
03/13/2006,WJF,CA,AWP,WE,Federal Contract Tower,0,0,4,0,4,0,2,62,0,64,0,2,66,0,68,80,4,84,152
03/14/2006,WJF,CA,AWP,WE,Federal Contract Tower,0,4,9,1,14,0,8,63,1,72,0,12,72,2,86,52,0,52,138
03/15/2006,WJF,CA,AWP,WE,Federal Contract Tower,0,3,7,0,10,0,9,101,2,112,0,12,108,2,122,60,0,60,182
03/16/2006,WJF,CA,AWP,WE,Federal Contract Tower,0,0,8,0,8,0,6,72,0,78,0,6,80,0,86,106,2,108,194
03/17/2006,WJF,CA,AWP,WE,Federal Contract Tower,0,2,6,1,9,0,6,31,1,38,0,8,37,2,47,8,0,8,55
03/18/2006,WJF,CA,AWP,WE,Federal Contract Tower,0,0,1,0,1,0,6,24,0,30,0,6,25,0,31,28,0,28,59
03/19/2006,WJF,CA,AWP,WE,Federal Contract Tower,0,1,2,0,3,0,0,156,0,156,0,1,158,0,159,75,0,75,234
03/20/2006,WJF,CA,AWP,WE,Federal Contract Tower,0,2,5,0,7,0,4,43,0,47,0,6,48,0,54,22,0,22,76
03/21/2006,WJF,CA,AWP,WE,Federal Contract Tower,0,1,1,0,2,0,3,27,0,30,0,4,28,0,32,35,2,37,69
03/22/2006,WJF,CA,AWP,WE,Federal Contract Tower,0,0,10,0,10,0,4,102,0,106,0,4,112,0,116,104,0,104,220
03/23/2006,WJF,CA,AWP,WE,Federal Contract Tower,0,1,5,3,9,0,9,90,3,102,0,10,95,6,111,102,12,114,225
03/24/2006,WJF,CA,AWP,WE,Federal Contract Tower,0,0,11,0,11,0,4,128,0,132,0,4,139,0,143,169,2,171,314
03/25/2006,WJF,CA,AWP,WE,Federal Contract Tower,0,4,7,0,11,0,2,109,0,111,0,6,116,0,122,82,0,82,204
03/26/2006,WJF,CA,AWP,WE,Federal Contract Tower,0,0,3,0,3,0,0,112,0,112,0,0,115,0,115,120,0,120,235
03/27/2006,WJF,CA,AWP,WE,Federal Contract Tower,0,2,3,2,7,0,3,36,0,39,0,5,39,2,46,24,6,30,76
03/28/2006,WJF,CA,AWP,WE,Federal Contract Tower,0,4,7,0,11,0,0,10,0,10,0,4,17,0,21,18,2,20,41
03/29/2006,WJF,CA,AWP,WE,Federal Contract Tower,0,6,7,1,14,0,0,42,1,43,0,6,49,2,57,20,0,20,77
03/30/2006,WJF,CA,AWP,WE,Federal Contract Tower,0,1,14,1,16,0,5,66,3,74,0,6,80,4,90,118,2,120,210
03/31/2006,WJF,CA,AWP,WE,Federal Contract Tower,0,2,3,0,5,0,6,36,0,42,0,8,39,0,47,11,0,11,58
04/01/2006,WJF,CA,AWP,WE,Federal Contract Tower,0,6,6,0,12,0,2,52,0,54,0,8,58,0,66,76,4,80,146
04/02/2006,WJF,CA,AWP,WE,Federal Contract Tower,0,0,3,1,4,0,0,114,0,114,0,0,117,1,118,185,4,189,307
04/03/2006,WJF,CA,AWP,WE,Federal Contract Tower,0,1,5,0,6,0,1,19,0,20,0,2,24,0,26,18,0,18,44
04/04/2006,WJF,CA,AWP,WE,Federal Contract Tower,0,2,11,0,13,0,2,6,0,8,0,4,17,0,21,12,4,16,37
04/05/2006,WJF,CA,AWP,WE,Federal Contract Tower,0,3,2,0,5,0,1,4,4,9,0,4,6,4,14,0,2,2,16
04/06/2006,WJF,CA,AWP,WE,Federal Contract Tower,0,0,8,1,9,0,4,100,0,104,0,4,108,1,113,104,2,106,219
04/07/2006,WJF,CA,AWP,WE,Federal Contract Tower,0,2,4,0,6,0,2,63,0,65,0,4,67,0,71,72,0,72,143
04/08/2006,WJF,CA,AWP,WE,Federal Contract Tower,0,0,11,0,11,0,2,142,0,144,0,2,153,0,155,134,0,134,289
04/09/2006,WJF,CA,AWP,WE,Federal Contract Tower,0,0,5,0,5,0,0,63,0,63,0,0,68,0,68,48,0,48,116
04/10/2006,WJF,CA,AWP,WE,Federal Contract Tower,0,1,3,0,4,0,1,28,0,29,0,2,31,0,33,14,0,14,47
04/11/2006,WJF,CA,AWP,WE,Federal Contract Tower,0,4,10,0,14,0,2,66,2,70,0,6,76,2,84,86,0,86,170
04/12/2006,WJF,CA,AWP,WE,Federal Contract Tower,0,2,5,0,7,0,4,83,0,87,0,6,88,0,94,74,2,76,170
04/13/2006,WJF,CA,AWP,WE,Federal Contract Tower,0,3,6,0,9,0,5,83,0,88,0,8,89,0,97,134,4,138,235
04/14/2006,WJF,CA,AWP,WE,Federal Contract Tower,0,0,3,2,5,0,4,16,0,20,0,4,19,2,25,34,2,36,61
04/15/2006,WJF,CA,AWP,WE,Federal Contract Tower,0,0,7,0,7,0,3,27,0,30,0,3,34,0,37,34,0,34,71
04/16/2006,WJF,CA,AWP,WE,Federal Contract Tower,0,0,3,0,3,0,0,34,0,34,0,0,37,0,37,18,0,18,55
04/17/2006,WJF,CA,AWP,WE,Federal Contract Tower,0,0,2,0,2,0,2,37,0,39,0,2,39,0,41,8,4,12,53
04/18/2006,WJF,CA,AWP,WE,Federal Contract Tower,0,2,9,0,11,0,2,84,0,86,0,4,93,0,97,133,2,135,232
04/19/2006,WJF,CA,AWP,WE,Federal Contract Tower,0,1,3,0,4,0,3,94,2,99,0,4,97,2,103,98,14,112,215
04/20/2006,WJF,CA,AWP,WE,Federal Contract Tower,0,1,3,3,7,0,3,73,7,83,0,4,76,10,90,94,0,94,184
04/21/2006,WJF,CA,AWP,WE,Federal Contract Tower,0,0,3,0,3,0,6,74,0,80,0,6,77,0,83,54,0,54,137
04/22/2006,WJF,CA,AWP,WE,Federal Contract Tower,0,0,20,0,20,0,4,80,0,84,0,4,100,0,104,108,0,108,212
04/23/2006,WJF,CA,AWP,WE,Federal Contract Tower,0,1,8,0,9,0,9,45,3,57,0,10,53,3,66,33,0,33,99
04/24/2006,WJF,CA,AWP,WE,Federal Contract Tower,0,5,6,0,11,0,0,73,2,75,0,5,79,2,86,21,14,35,121
04/25/2006,WJF,CA,AWP,WE,Federal Contract Tower,0,1,5,0,6,0,11,61,4,76,0,12,66,4,82,32,0,32,114
04/26/2006,WJF,CA,AWP,WE,Federal Contract Tower,0,2,4,1,7,0,2,55,1,58,0,4,59,2,65,10,2,12,77
04/27/2006,WJF,CA,AWP,WE,Federal Contract Tower,0,1,4,0,5,0,3,47,0,50,0,4,51,0,55,48,8,56,111
04/28/2006,WJF,CA,AWP,WE,Federal Contract Tower,0,2,7,0,9,0,6,83,0,89,0,8,90,0,98,38,2,40,138
04/29/2006,WJF,CA,AWP,WE,Federal Contract Tower,0,3,12,0,15,0,3,124,40,167,0,6,136,40,182,137,0,137,319
04/30/2006,WJF,CA,AWP,WE,Federal Contract Tower,0,1,3,0,4,0,1,143,0,144,0,2,146,0,148,104,0,104,252
05/01/2006,WJF,CA,AWP,WE,Federal Contract Tower,0,3,4,0,7,0,4,74,0,78,0,7,78,0,85,42,0,42,127
05/02/2006,WJF,CA,AWP,WE,Federal Contract Tower,0,1,2,0,3,0,3,80,0,83,0,4,82,0,86,74,0,74,160
05/03/2006,WJF,CA,AWP,WE,Federal Contract Tower,0,4,3,0,7,0,0,68,0,68,0,4,71,0,75,90,4,94,169
05/04/2006,WJF,CA,AWP,WE,Federal Contract Tower,0,1,12,4,17,0,5,57,0,62,0,6,69,4,79,12,12,24,103
05/05/2006,WJF,CA,AWP,WE,Federal Contract Tower,0,2,1,0,3,0,6,71,2,79,0,8,72,2,82,62,0,62,144
05/06/2006,WJF,CA,AWP,WE,Federal Contract Tower,0,1,10,0,11,0,1,135,0,136,0,2,145,0,147,172,0,172,319
05/07/2006,WJF,CA,AWP,WE,Federal Contract Tower,0,0,5,1,6,0,0,181,5,186,0,0,186,6,192,138,0,138,330
05/08/2006,WJF,CA,AWP,WE,Federal Contract Tower,0,1,3,2,6,0,1,77,0,78,0,2,80,2,84,40,10,50,134
05/09/2006,WJF,CA,AWP,WE,Federal Contract Tower,0,2,3,0,5,0,5,54,0,59,0,7,57,0,64,102,2,104,168
05/10/2006,WJF,CA,AWP,WE,Federal Contract Tower,0,2,3,0,5,0,4,77,0,81,0,6,80,0,86,74,0,74,160
05/11/2006,WJF,CA,AWP,WE,Federal Contract Tower,0,3,9,0,12,0,6,71,2,79,0,9,80,2,91,32,0,32,123
05/12/2006,WJF,CA,AWP,WE,Federal Contract Tower,0,1,5,0,6,0,3,98,2,103,0,4,103,2,109,86,0,86,195
05/13/2006,WJF,CA,AWP,WE,Federal Contract Tower,0,0,6,0,6,0,2,187,0,189,0,2,193,0,195,129,0,129,324
05/14/2006,WJF,CA,AWP,WE,Federal Contract Tower,0,0,5,0,5,0,0,140,0,140,0,0,145,0,145,80,0,80,225
05/15/2006,WJF,CA,AWP,WE,Federal Contract Tower,0,1,4,2,7,0,3,84,0,87,0,4,88,2,94,92,16,108,202
05/16/2006,WJF,CA,AWP,WE,Federal Contract Tower,0,3,7,0,10,0,3,69,0,72,0,6,76,0,82,77,4,81,163
05/17/2006,WJF,CA,AWP,WE,Federal Contract Tower,0,2,11,0,13,0,2,71,0,73,0,4,82,0,86,66,2,68,154
05/18/2006,WJF,CA,AWP,WE,Federal Contract Tower,0,1,7,3,11,0,3,80,3,86,0,4,87,6,97,64,2,66,163
05/19/2006,WJF,CA,AWP,WE,Federal Contract Tower,0,0,5,1,6,0,2,104,1,107,0,2,109,2,113,90,0,90,203
05/20/2006,WJF,CA,AWP,WE,Federal Contract Tower,0,1,7,0,8,0,3,135,0,138,0,4,142,0,146,77,0,77,223
05/21/2006,WJF,CA,AWP,WE,Federal Contract Tower,0,0,9,0,9,0,0,63,0,63,0,0,72,0,72,100,0,100,172
05/22/2006,WJF,CA,AWP,WE,Federal Contract Tower,0,3,3,0,6,0,1,24,4,29,0,4,27,4,35,16,2,18,53
05/23/2006,WJF,CA,AWP,WE,Federal Contract Tower,0,1,2,0,3,0,9,103,2,114,0,10,105,2,117,38,0,38,155
05/24/2006,WJF,CA,AWP,WE,Federal Contract Tower,0,2,8,0,10,0,2,106,4,112,0,4,114,4,122,92,0,92,214
05/25/2006,WJF,CA,AWP,WE,Federal Contract Tower,0,0,12,1,13,0,8,87,3,98,0,8,99,4,111,72,2,74,185
05/26/2006,WJF,CA,AWP,WE,Federal Contract Tower,0,1,4,0,5,0,3,84,0,87,0,4,88,0,92,78,0,78,170
05/27/2006,WJF,CA,AWP,WE,Federal Contract Tower,0,2,0,0,2,0,1,16,0,17,0,3,16,0,19,6,0,6,25
05/28/2006,WJF,CA,AWP,WE,Federal Contract Tower,0,0,1,0,1,0,0,128,0,128,0,0,129,0,129,64,0,64,193
05/29/2006,WJF,CA,AWP,WE,Federal Contract Tower,0,1,10,0,11,0,1,166,2,169,0,2,176,2,180,140,2,142,322
05/30/2006,WJF,CA,AWP,WE,Federal Contract Tower,0,0,4,1,5,0,6,66,3,75,0,6,70,4,80,60,2,62,142
05/31/2006,WJF,CA,AWP,WE,Federal Contract Tower,0,3,14,0,17,0,4,53,0,57,0,7,67,0,74,108,2,110,184
06/01/2006,WJF,CA,AWP,WE,Federal Contract Tower,0,2,4,0,6,0,4,70,0,74,0,6,74,0,80,114,0,114,194
06/02/2006,WJF,CA,AWP,WE,Federal Contract Tower,0,0,5,0,5,0,10,87,0,97,0,10,92,0,102,80,0,80,182
06/03/2006,WJF,CA,AWP,WE,Federal Contract Tower,0,0,6,0,6,0,8,127,0,135,0,8,133,0,141,94,0,94,235
06/04/2006,WJF,CA,AWP,WE,Federal Contract Tower,0,0,1,0,1,0,0,98,0,98,0,0,99,0,99,80,0,80,179
06/05/2006,WJF,CA,AWP,WE,Federal Contract Tower,0,0,10,2,12,0,4,76,1,81,0,4,86,3,93,86,12,98,191
06/06/2006,WJF,CA,AWP,WE,Federal Contract Tower,0,0,5,1,6,0,6,57,1,64,0,6,62,2,70,62,4,66,136
06/07/2006,WJF,CA,AWP,WE,Federal Contract Tower,0,0,10,2,12,0,4,77,0,81,0,4,87,2,93,72,2,74,167
06/08/2006,WJF,CA,AWP,WE,Federal Contract Tower,0,3,6,0,9,0,1,63,2,66,0,4,69,2,75,28,2,30,105
06/09/2006,WJF,CA,AWP,WE,Federal Contract Tower,0,0,9,0,9,0,4,66,2,72,0,4,75,2,81,44,4,48,129
06/10/2006,WJF,CA,AWP,WE,Federal Contract Tower,0,0,6,0,6,0,2,124,0,126,0,2,130,0,132,160,0,160,292
06/11/2006,WJF,CA,AWP,WE,Federal Contract Tower,0,0,8,0,8,0,0,93,0,93,0,0,101,0,101,92,0,92,193
06/12/2006,WJF,CA,AWP,WE,Federal Contract Tower,0,0,8,0,8,0,4,72,0,76,0,4,80,0,84,32,0,32,116
06/13/2006,WJF,CA,AWP,WE,Federal Contract Tower,0,0,6,2,8,0,4,57,2,63,0,4,63,4,71,26,2,28,99
06/14/2006,WJF,CA,AWP,WE,Federal Contract Tower,0,0,4,2,6,0,4,69,0,73,0,4,73,2,79,52,4,56,135
06/15/2006,WJF,CA,AWP,WE,Federal Contract Tower,0,0,7,0,7,0,2,89,4,95,0,2,96,4,102,8,0,8,110
06/16/2006,WJF,CA,AWP,WE,Federal Contract Tower,0,0,7,0,7,0,6,93,0,99,0,6,100,0,106,84,0,84,190
06/17/2006,WJF,CA,AWP,WE,Federal Contract Tower,0,0,6,0,6,0,2,173,0,175,0,2,179,0,181,149,0,149,330
06/18/2006,WJF,CA,AWP,WE,Federal Contract Tower,0,0,7,0,7,0,0,80,0,80,0,0,87,0,87,109,0,109,196
06/19/2006,WJF,CA,AWP,WE,Federal Contract Tower,0,1,1,0,2,0,1,59,0,60,0,2,60,0,62,60,0,60,122
06/20/2006,WJF,CA,AWP,WE,Federal Contract Tower,0,0,7,2,9,0,4,85,2,91,0,4,92,4,100,72,2,74,174
06/21/2006,WJF,CA,AWP,WE,Federal Contract Tower,0,1,11,2,14,0,5,101,0,106,0,6,112,2,120,88,6,94,214
06/22/2006,WJF,CA,AWP,WE,Federal Contract Tower,0,4,3,1,8,0,8,83,1,92,0,12,86,2,100,62,2,64,164
06/23/2006,WJF,CA,AWP,WE,Federal Contract Tower,0,2,0,2,4,0,4,88,4,96,0,6,88,6,100,56,0,56,156
06/24/2006,WJF,CA,AWP,WE,Federal Contract Tower,0,1,3,0,4,0,11,142,0,153,0,12,145,0,157,122,0,122,279
06/25/2006,WJF,CA,AWP,WE,Federal Contract Tower,0,0,5,0,5,0,2,85,2,89,0,2,90,2,94,56,0,56,150
06/26/2006,WJF,CA,AWP,WE,Federal Contract Tower,0,1,7,0,8,0,1,69,0,70,0,2,76,0,78,54,0,54,132
06/27/2006,WJF,CA,AWP,WE,Federal Contract Tower,0,4,3,0,7,0,5,54,0,59,0,9,57,0,66,14,2,16,82
06/28/2006,WJF,CA,AWP,WE,Federal Contract Tower,0,1,3,1,5,0,5,52,1,58,0,6,55,2,63,60,2,62,125
06/29/2006,WJF,CA,AWP,WE,Federal Contract Tower,0,2,7,0,9,0,4,84,4,92,0,6,91,4,101,45,0,45,146
06/30/2006,WJF,CA,AWP,WE,Federal Contract Tower,0,0,2,0,2,0,4,84,0,88,0,4,86,0,90,77,0,77,167
07/01/2006,WJF,CA,AWP,WE,Federal Contract Tower,0,1,3,0,4,0,3,87,0,90,0,4,90,0,94,142,0,142,236
07/02/2006,WJF,CA,AWP,WE,Federal Contract Tower,0,0,2,0,2,0,0,116,0,116,0,0,118,0,118,98,0,98,216
07/03/2006,WJF,CA,AWP,WE,Federal Contract Tower,0,0,4,0,4,0,2,89,0,91,0,2,93,0,95,121,0,121,216
07/04/2006,WJF,CA,AWP,WE,Federal Contract Tower,0,0,5,0,5,0,0,64,0,64,0,0,69,0,69,74,0,74,143
07/05/2006,WJF,CA,AWP,WE,Federal Contract Tower,0,2,3,2,7,0,2,43,0,45,0,4,46,2,52,42,10,52,104
07/06/2006,WJF,CA,AWP,WE,Federal Contract Tower,0,0,5,1,6,0,4,77,0,81,0,4,82,1,87,72,6,78,165
07/07/2006,WJF,CA,AWP,WE,Federal Contract Tower,0,2,1,1,4,0,1,64,3,68,0,3,65,4,72,118,2,120,192
07/08/2006,WJF,CA,AWP,WE,Federal Contract Tower,0,0,3,0,3,0,2,125,0,127,0,2,128,0,130,213,0,213,343
07/09/2006,WJF,CA,AWP,WE,Federal Contract Tower,0,0,9,0,9,0,0,117,0,117,0,0,126,0,126,95,0,95,221
07/10/2006,WJF,CA,AWP,WE,Federal Contract Tower,0,3,2,2,7,0,7,66,0,73,0,10,68,2,80,44,20,64,144
07/11/2006,WJF,CA,AWP,WE,Federal Contract Tower,0,1,5,2,8,0,1,54,0,55,0,2,59,2,63,38,4,42,105
07/12/2006,WJF,CA,AWP,WE,Federal Contract Tower,0,1,11,1,13,0,5,66,1,72,0,6,77,2,85,88,6,94,179
07/13/2006,WJF,CA,AWP,WE,Federal Contract Tower,0,2,2,0,4,0,2,84,2,88,0,4,86,2,92,76,10,86,178
07/14/2006,WJF,CA,AWP,WE,Federal Contract Tower,0,3,6,0,9,0,5,84,0,89,0,8,90,0,98,128,2,130,228
07/15/2006,WJF,CA,AWP,WE,Federal Contract Tower,0,0,3,2,5,0,2,166,0,168,0,2,169,2,173,105,6,111,284
07/16/2006,WJF,CA,AWP,WE,Federal Contract Tower,0,0,3,1,4,0,0,90,0,90,0,0,93,1,94,106,6,112,206
07/17/2006,WJF,CA,AWP,WE,Federal Contract Tower,0,0,1,0,1,0,2,73,0,75,0,2,74,0,76,44,8,52,128
07/18/2006,WJF,CA,AWP,WE,Federal Contract Tower,0,0,4,0,4,0,4,61,0,65,0,4,65,0,69,68,0,68,137
07/19/2006,WJF,CA,AWP,WE,Federal Contract Tower,0,2,4,0,6,0,4,84,4,92,0,6,88,4,98,42,0,42,140
07/20/2006,WJF,CA,AWP,WE,Federal Contract Tower,0,0,4,3,7,0,2,75,1,78,0,2,79,4,85,70,18,88,173
07/21/2006,WJF,CA,AWP,WE,Federal Contract Tower,0,3,4,1,8,0,13,120,5,138,0,16,124,6,146,112,36,148,294
07/22/2006,WJF,CA,AWP,WE,Federal Contract Tower,0,0,5,0,5,0,2,92,0,94,0,2,97,0,99,70,0,70,169
07/23/2006,WJF,CA,AWP,WE,Federal Contract Tower,0,0,4,0,4,0,0,69,0,69,0,0,73,0,73,66,0,66,139
07/24/2006,WJF,CA,AWP,WE,Federal Contract Tower,0,2,1,0,3,0,2,84,3,89,0,4,85,3,92,94,4,98,190
07/25/2006,WJF,CA,AWP,WE,Federal Contract Tower,0,0,6,1,7,0,4,118,1,123,0,4,124,2,130,89,20,109,239
07/26/2006,WJF,CA,AWP,WE,Federal Contract Tower,0,0,5,0,5,0,4,108,6,118,0,4,113,6,123,95,2,97,220
07/27/2006,WJF,CA,AWP,WE,Federal Contract Tower,0,0,5,1,6,0,5,66,1,72,0,5,71,2,78,106,2,108,186
07/28/2006,WJF,CA,AWP,WE,Federal Contract Tower,0,3,3,0,6,0,1,49,0,50,0,4,52,0,56,60,0,60,116
07/29/2006,WJF,CA,AWP,WE,Federal Contract Tower,0,1,6,0,7,0,5,78,0,83,0,6,84,0,90,54,0,54,144
07/30/2006,WJF,CA,AWP,WE,Federal Contract Tower,0,0,7,0,7,0,0,58,0,58,0,0,65,0,65,58,0,58,123
07/31/2006,WJF,CA,AWP,WE,Federal Contract Tower,0,0,5,0,5,0,2,47,0,49,0,2,52,0,54,66,2,68,122
08/01/2006,WJF,CA,AWP,WE,Federal Contract Tower,0,1,12,0,13,0,5,47,0,52,0,6,59,0,65,106,8,114,179
08/02/2006,WJF,CA,AWP,WE,Federal Contract Tower,0,0,16,2,18,0,6,70,0,76,0,6,86,2,94,146,8,154,248
08/03/2006,WJF,CA,AWP,WE,Federal Contract Tower,0,3,13,4,20,0,1,75,8,84,0,4,88,12,104,110,6,116,220
08/04/2006,WJF,CA,AWP,WE,Federal Contract Tower,0,1,5,0,6,0,7,67,4,78,0,8,72,4,84,92,0,92,176
08/05/2006,WJF,CA,AWP,WE,Federal Contract Tower,0,0,5,0,5,0,2,194,2,198,0,2,199,2,203,187,2,189,392
08/06/2006,WJF,CA,AWP,WE,Federal Contract Tower,0,0,4,0,4,0,0,244,0,244,0,0,248,0,248,122,0,122,370
08/07/2006,WJF,CA,AWP,WE,Federal Contract Tower,0,0,4,0,4,0,4,89,0,93,0,4,93,0,97,36,0,36,133
08/08/2006,WJF,CA,AWP,WE,Federal Contract Tower,0,1,9,0,10,0,3,60,0,63,0,4,69,0,73,97,2,99,172
08/09/2006,WJF,CA,AWP,WE,Federal Contract Tower,0,1,10,0,11,0,3,59,0,62,0,4,69,0,73,96,0,96,169
08/10/2006,WJF,CA,AWP,WE,Federal Contract Tower,0,0,8,0,8,0,2,88,0,90,0,2,96,0,98,74,0,74,172
08/11/2006,WJF,CA,AWP,WE,Federal Contract Tower,0,0,4,0,4,0,6,98,7,111,0,6,102,7,115,130,4,134,249
08/12/2006,WJF,CA,AWP,WE,Federal Contract Tower,0,0,8,0,8,0,0,100,0,100,0,0,108,0,108,130,0,130,238
08/13/2006,WJF,CA,AWP,WE,Federal Contract Tower,0,0,0,0,0,0,0,128,2,130,0,0,128,2,130,82,2,84,214
08/14/2006,WJF,CA,AWP,WE,Federal Contract Tower,0,0,2,0,2,0,2,90,0,92,0,2,92,0,94,47,0,47,141
08/15/2006,WJF,CA,AWP,WE,Federal Contract Tower,0,0,6,0,6,0,4,100,4,108,0,4,106,4,114,92,0,92,206
08/16/2006,WJF,CA,AWP,WE,Federal Contract Tower,0,0,3,0,3,0,4,68,6,78,0,4,71,6,81,128,18,146,227
08/17/2006,WJF,CA,AWP,WE,Federal Contract Tower,0,0,9,1,10,0,4,57,2,63,0,4,66,3,73,94,8,102,175
08/18/2006,WJF,CA,AWP,WE,Federal Contract Tower,0,0,1,1,2,0,2,79,1,82,0,2,80,2,84,118,2,120,204
08/19/2006,WJF,CA,AWP,WE,Federal Contract Tower,0,0,5,0,5,0,6,128,0,134,0,6,133,0,139,174,0,174,313
08/20/2006,WJF,CA,AWP,WE,Federal Contract Tower,0,0,5,0,5,0,0,107,0,107,0,0,112,0,112,102,0,102,214
08/21/2006,WJF,CA,AWP,WE,Federal Contract Tower,0,3,5,0,8,0,1,52,2,55,0,4,57,2,63,97,4,101,164
08/22/2006,WJF,CA,AWP,WE,Federal Contract Tower,0,0,7,2,9,0,2,80,0,82,0,2,87,2,91,128,4,132,223
08/23/2006,WJF,CA,AWP,WE,Federal Contract Tower,0,2,2,2,6,0,2,70,0,72,0,4,72,2,78,46,6,52,130
08/24/2006,WJF,CA,AWP,WE,Federal Contract Tower,0,0,5,0,5,0,4,70,0,74,0,4,75,0,79,84,0,84,163
08/25/2006,WJF,CA,AWP,WE,Federal Contract Tower,0,0,2,0,2,0,4,90,0,94,0,4,92,0,96,104,4,108,204
08/26/2006,WJF,CA,AWP,WE,Federal Contract Tower,0,0,4,2,6,0,2,118,2,122,0,2,122,4,128,110,2,112,240
08/27/2006,WJF,CA,AWP,WE,Federal Contract Tower,0,0,5,0,5,0,0,82,0,82,0,0,87,0,87,104,0,104,191
08/28/2006,WJF,CA,AWP,WE,Federal Contract Tower,0,0,5,0,5,0,6,197,0,203,0,6,202,0,208,108,2,110,318
08/29/2006,WJF,CA,AWP,WE,Federal Contract Tower,0,0,5,0,5,0,6,70,0,76,0,6,75,0,81,118,2,120,201
08/30/2006,WJF,CA,AWP,WE,Federal Contract Tower,0,0,4,0,4,0,4,97,0,101,0,4,101,0,105,68,2,70,175
08/31/2006,WJF,CA,AWP,WE,Federal Contract Tower,0,0,5,1,6,0,4,69,4,77,0,4,74,5,83,132,2,134,217
09/01/2006,WJF,CA,AWP,WE,Federal Contract Tower,0,0,5,2,7,0,10,108,0,118,0,10,113,2,125,120,0,120,245
09/02/2006,WJF,CA,AWP,WE,Federal Contract Tower,0,1,2,0,3,0,3,75,0,78,0,4,77,0,81,100,0,100,181
09/03/2006,WJF,CA,AWP,WE,Federal Contract Tower,0,0,4,0,4,0,0,85,0,85,0,0,89,0,89,148,0,148,237
09/04/2006,WJF,CA,AWP,WE,Federal Contract Tower,0,0,3,0,3,0,0,156,0,156,0,0,159,0,159,70,0,70,229
09/05/2006,WJF,CA,AWP,WE,Federal Contract Tower,0,0,6,1,7,0,2,140,5,147,0,2,146,6,154,104,10,114,268
09/06/2006,WJF,CA,AWP,WE,Federal Contract Tower,0,1,4,0,5,0,3,97,0,100,0,4,101,0,105,64,4,68,173
09/07/2006,WJF,CA,AWP,WE,Federal Contract Tower,0,2,6,2,10,0,6,192,0,198,0,8,198,2,208,74,6,80,288
09/08/2006,WJF,CA,AWP,WE,Federal Contract Tower,0,0,0,0,0,0,4,121,5,130,0,4,121,5,130,74,6,80,210
09/09/2006,WJF,CA,AWP,WE,Federal Contract Tower,0,0,14,0,14,0,2,176,10,188,0,2,190,10,202,132,0,132,334
09/10/2006,WJF,CA,AWP,WE,Federal Contract Tower,0,1,6,0,7,0,0,167,6,173,0,1,173,6,180,90,0,90,270
09/11/2006,WJF,CA,AWP,WE,Federal Contract Tower,0,0,3,0,3,0,2,160,0,162,0,2,163,0,165,100,2,102,267
09/12/2006,WJF,CA,AWP,WE,Federal Contract Tower,0,2,8,0,10,0,6,176,0,182,0,8,184,0,192,74,0,74,266
09/13/2006,WJF,CA,AWP,WE,Federal Contract Tower,0,1,8,1,10,0,3,120,3,126,0,4,128,4,136,104,14,118,254
09/14/2006,WJF,CA,AWP,WE,Federal Contract Tower,0,2,2,0,4,0,6,98,0,104,0,8,100,0,108,20,6,26,134
09/15/2006,WJF,CA,AWP,WE,Federal Contract Tower,0,2,8,2,12,0,10,137,2,149,0,12,145,4,161,12,2,14,175
09/16/2006,WJF,CA,AWP,WE,Federal Contract Tower,0,0,7,0,7,0,2,85,0,87,0,2,92,0,94,172,0,172,266
09/17/2006,WJF,CA,AWP,WE,Federal Contract Tower,0,0,2,0,2,0,0,140,0,140,0,0,142,0,142,102,0,102,244
09/18/2006,WJF,CA,AWP,WE,Federal Contract Tower,0,2,4,0,6,0,6,97,0,103,0,8,101,0,109,56,2,58,167
09/19/2006,WJF,CA,AWP,WE,Federal Contract Tower,0,4,2,0,6,0,3,138,0,141,0,7,140,0,147,62,2,64,211
09/20/2006,WJF,CA,AWP,WE,Federal Contract Tower,0,1,5,0,6,0,3,164,2,169,0,4,169,2,175,78,2,80,255
09/21/2006,WJF,CA,AWP,WE,Federal Contract Tower,0,0,3,0,3,0,4,140,0,144,0,4,143,0,147,126,2,128,275
09/22/2006,WJF,CA,AWP,WE,Federal Contract Tower,0,0,7,0,7,0,2,119,0,121,0,2,126,0,128,64,0,64,192
09/23/2006,WJF,CA,AWP,WE,Federal Contract Tower,0,1,7,0,8,0,3,206,0,209,0,4,213,0,217,166,0,166,383
09/24/2006,WJF,CA,AWP,WE,Federal Contract Tower,0,1,5,0,6,0,1,243,0,244,0,2,248,0,250,174,0,174,424
09/25/2006,WJF,CA,AWP,WE,Federal Contract Tower,0,2,0,0,2,0,6,187,2,195,0,8,187,2,197,62,0,62,259
09/26/2006,WJF,CA,AWP,WE,Federal Contract Tower,0,3,8,0,11,0,3,170,0,173,0,6,178,0,184,110,0,110,294
09/27/2006,WJF,CA,AWP,WE,Federal Contract Tower,0,2,4,0,6,0,5,172,0,177,0,7,176,0,183,94,0,94,277
09/28/2006,WJF,CA,AWP,WE,Federal Contract Tower,0,0,3,0,3,0,4,154,0,158,0,4,157,0,161,66,0,66,227
09/29/2006,WJF,CA,AWP,WE,Federal Contract Tower,0,1,5,1,7,0,3,134,1,138,0,4,139,2,145,54,2,56,201
09/30/2006,WJF,CA,AWP,WE,Federal Contract Tower,0,0,9,0,9,0,2,162,0,164,0,2,171,0,173,158,0,158,331
10/01/2006,WJF,CA,AWP,WE,Federal Contract Tower,0,0,11,0,11,0,0,113,0,113,0,0,124,0,124,88,0,88,212
10/02/2006,WJF,CA,AWP,WE,Federal Contract Tower,0,0,5,2,7,0,4,72,2,78,0,4,77,4,85,64,12,76,161
10/03/2006,WJF,CA,AWP,WE,Federal Contract Tower,0,3,6,0,9,0,3,85,4,92,0,6,91,4,101,116,6,122,223
10/04/2006,WJF,CA,AWP,WE,Federal Contract Tower,0,1,3,0,4,0,8,77,6,91,0,9,80,6,95,110,16,126,221
10/05/2006,WJF,CA,AWP,WE,Federal Contract Tower,0,3,6,2,11,0,9,72,10,91,0,12,78,12,102,88,20,108,210
10/06/2006,WJF,CA,AWP,WE,Federal Contract Tower,0,0,1,1,2,0,3,73,0,76,0,3,74,1,78,82,4,86,164
10/07/2006,WJF,CA,AWP,WE,Federal Contract Tower,0,2,8,0,10,0,4,101,0,105,0,6,109,0,115,80,0,80,195
10/08/2006,WJF,CA,AWP,WE,Federal Contract Tower,0,0,3,0,3,0,0,118,0,118,0,0,121,0,121,152,0,152,273
10/09/2006,WJF,CA,AWP,WE,Federal Contract Tower,0,0,2,0,2,0,6,49,0,55,0,6,51,0,57,98,0,98,155
10/10/2006,WJF,CA,AWP,WE,Federal Contract Tower,0,2,3,4,9,0,8,43,0,51,0,10,46,4,60,48,4,52,112
10/11/2006,WJF,CA,AWP,WE,Federal Contract Tower,0,3,10,2,15,0,5,123,0,128,0,8,133,2,143,161,6,167,310
10/12/2006,WJF,CA,AWP,WE,Federal Contract Tower,0,1,5,1,7,0,7,109,1,117,0,8,114,2,124,134,2,136,260
10/13/2006,WJF,CA,AWP,WE,Federal Contract Tower,0,1,10,0,11,0,3,60,0,63,0,4,70,0,74,50,2,52,126
10/14/2006,WJF,CA,AWP,WE,Federal Contract Tower,0,0,5,0,5,0,6,59,2,67,0,6,64,2,72,72,0,72,144
10/15/2006,WJF,CA,AWP,WE,Federal Contract Tower,0,1,6,0,7,0,1,88,0,89,0,2,94,0,96,152,0,152,248
10/16/2006,WJF,CA,AWP,WE,Federal Contract Tower,0,1,2,0,3,0,1,32,0,33,0,2,34,0,36,6,2,8,44
10/17/2006,WJF,CA,AWP,WE,Federal Contract Tower,0,0,16,1,17,0,4,45,0,49,0,4,61,1,66,64,0,64,130
10/18/2006,WJF,CA,AWP,WE,Federal Contract Tower,0,0,1,0,1,0,5,64,0,69,0,5,65,0,70,172,8,180,250
10/19/2006,WJF,CA,AWP,WE,Federal Contract Tower,0,1,12,0,13,0,7,76,0,83,0,8,88,0,96,126,4,130,226
10/20/2006,WJF,CA,AWP,WE,Federal Contract Tower,0,0,3,0,3,0,5,114,2,121,0,5,117,2,124,86,2,88,212
10/21/2006,WJF,CA,AWP,WE,Federal Contract Tower,0,1,4,0,5,0,1,122,0,123,0,2,126,0,128,42,0,42,170
10/22/2006,WJF,CA,AWP,WE,Federal Contract Tower,0,0,3,0,3,0,0,149,0,149,0,0,152,0,152,121,0,121,273
10/23/2006,WJF,CA,AWP,WE,Federal Contract Tower,0,1,2,4,7,0,6,60,0,66,0,7,62,4,73,181,12,193,266
10/24/2006,WJF,CA,AWP,WE,Federal Contract Tower,0,0,2,0,2,0,6,72,0,78,0,6,74,0,80,178,8,186,266
10/25/2006,WJF,CA,AWP,WE,Federal Contract Tower,0,0,5,2,7,0,2,83,0,85,0,2,88,2,92,70,6,76,168
10/26/2006,WJF,CA,AWP,WE,Federal Contract Tower,0,0,3,0,3,0,5,56,0,61,0,5,59,0,64,122,4,126,190
10/27/2006,WJF,CA,AWP,WE,Federal Contract Tower,0,0,6,0,6,0,4,101,4,109,0,4,107,4,115,76,0,76,191
10/28/2006,WJF,CA,AWP,WE,Federal Contract Tower,0,0,3,0,3,0,2,120,0,122,0,2,123,0,125,146,0,146,271
10/29/2006,WJF,CA,AWP,WE,Federal Contract Tower,0,2,5,0,7,0,0,121,0,121,0,2,126,0,128,68,0,68,196
10/30/2006,WJF,CA,AWP,WE,Federal Contract Tower,0,1,7,0,8,0,5,75,2,82,0,6,82,2,90,70,0,70,160
10/31/2006,WJF,CA,AWP,WE,Federal Contract Tower,0,2,6,0,8,0,10,45,0,55,0,12,51,0,63,72,6,78,141
11/01/2006,WJF,CA,AWP,WE,Federal Contract Tower,0,0,4,0,4,0,4,92,0,96,0,4,96,0,100,171,10,181,281
11/02/2006,WJF,CA,AWP,WE,Federal Contract Tower,0,0,7,0,7,0,2,96,0,98,0,2,103,0,105,154,0,154,259
11/03/2006,WJF,CA,AWP,WE,Federal Contract Tower,0,2,4,0,6,0,2,95,0,97,0,4,99,0,103,122,0,122,225
11/04/2006,WJF,CA,AWP,WE,Federal Contract Tower,0,0,8,0,8,0,1,106,0,107,0,1,114,0,115,194,0,194,309
11/05/2006,WJF,CA,AWP,WE,Federal Contract Tower,0,0,16,0,16,0,0,90,0,90,0,0,106,0,106,94,2,96,202
11/06/2006,WJF,CA,AWP,WE,Federal Contract Tower,0,2,2,0,4,0,2,72,0,74,0,4,74,0,78,86,2,88,166
11/07/2006,WJF,CA,AWP,WE,Federal Contract Tower,0,0,1,0,1,0,0,30,0,30,0,0,31,0,31,0,0,0,31
11/08/2006,WJF,CA,AWP,WE,Federal Contract Tower,0,0,4,0,4,0,0,5,2,7,0,0,9,2,11,16,0,16,27
11/09/2006,WJF,CA,AWP,WE,Federal Contract Tower,0,0,0,2,2,0,1,12,1,14,0,1,12,3,16,6,6,12,28
11/10/2006,WJF,CA,AWP,WE,Federal Contract Tower,2,0,6,0,8,0,4,105,3,112,2,4,111,3,120,142,0,142,262
11/11/2006,WJF,CA,AWP,WE,Federal Contract Tower,0,0,2,0,2,0,2,102,3,107,0,2,104,3,109,154,0,154,263
11/12/2006,WJF,CA,AWP,WE,Federal Contract Tower,0,3,5,0,8,0,0,102,0,102,0,3,107,0,110,102,0,102,212
11/13/2006,WJF,CA,AWP,WE,Federal Contract Tower,0,2,3,0,5,0,0,43,0,43,0,2,46,0,48,40,0,40,88
11/14/2006,WJF,CA,AWP,WE,Federal Contract Tower,0,1,3,0,4,0,5,44,0,49,0,6,47,0,53,30,4,34,87
11/15/2006,WJF,CA,AWP,WE,Federal Contract Tower,0,3,5,2,10,0,25,80,2,107,0,28,85,4,117,122,0,122,239
11/16/2006,WJF,CA,AWP,WE,Federal Contract Tower,0,0,3,0,3,0,6,21,0,27,0,6,24,0,30,30,0,30,60
11/17/2006,WJF,CA,AWP,WE,Federal Contract Tower,0,3,6,0,9,0,3,106,0,109,0,6,112,0,118,86,0,86,204
11/18/2006,WJF,CA,AWP,WE,Federal Contract Tower,0,1,4,0,5,0,5,138,0,143,0,6,142,0,148,162,0,162,310
11/19/2006,WJF,CA,AWP,WE,Federal Contract Tower,0,0,4,0,4,0,0,97,0,97,0,0,101,0,101,160,0,160,261
11/20/2006,WJF,CA,AWP,WE,Federal Contract Tower,0,1,10,1,12,0,19,82,1,102,0,20,92,2,114,132,2,134,248
11/21/2006,WJF,CA,AWP,WE,Federal Contract Tower,0,4,7,0,11,0,8,56,0,64,0,12,63,0,75,66,0,66,141
11/22/2006,WJF,CA,AWP,WE,Federal Contract Tower,0,1,9,1,11,0,27,98,1,126,0,28,107,2,137,138,0,138,275
11/23/2006,WJF,CA,AWP,WE,Federal Contract Tower,0,0,2,0,2,0,0,36,0,36,0,0,38,0,38,34,0,34,72
11/24/2006,WJF,CA,AWP,WE,Federal Contract Tower,0,1,6,0,7,0,3,106,0,109,0,4,112,0,116,90,0,90,206
11/25/2006,WJF,CA,AWP,WE,Federal Contract Tower,0,3,5,0,8,0,2,74,0,76,0,5,79,0,84,81,0,81,165
11/26/2006,WJF,CA,AWP,WE,Federal Contract Tower,0,4,9,0,13,0,0,91,0,91,0,4,100,0,104,120,0,120,224
11/27/2006,WJF,CA,AWP,WE,Federal Contract Tower,0,1,3,1,5,0,1,14,1,16,0,2,17,2,21,44,12,56,77
11/28/2006,WJF,CA,AWP,WE,Federal Contract Tower,0,2,1,0,3,0,4,21,0,25,0,6,22,0,28,0,8,8,36
11/29/2006,WJF,CA,AWP,WE,Federal Contract Tower,0,0,3,0,3,0,2,37,0,39,0,2,40,0,42,8,2,10,52
11/30/2006,WJF,CA,AWP,WE,Federal Contract Tower,0,0,7,0,7,0,6,71,0,77,0,6,78,0,84,58,0,58,142
12/01/2006,WJF,CA,AWP,WE,Federal Contract Tower,0,0,6,0,6,0,6,61,0,67,0,6,67,0,73,92,0,92,165
12/02/2006,WJF,CA,AWP,WE,Federal Contract Tower,0,2,3,0,5,0,4,65,0,69,0,6,68,0,74,198,4,202,276
12/03/2006,WJF,CA,AWP,WE,Federal Contract Tower,0,0,4,0,4,0,0,53,0,53,0,0,57,0,57,32,0,32,89
12/04/2006,WJF,CA,AWP,WE,Federal Contract Tower,0,3,5,0,8,0,3,62,1,66,0,6,67,1,74,62,0,62,136
12/05/2006,WJF,CA,AWP,WE,Federal Contract Tower,0,2,6,0,8,0,4,71,0,75,0,6,77,0,83,98,6,104,187
12/06/2006,WJF,CA,AWP,WE,Federal Contract Tower,0,0,6,0,6,0,6,54,14,74,0,6,60,14,80,88,0,88,168
12/07/2006,WJF,CA,AWP,WE,Federal Contract Tower,0,0,6,0,6,0,6,60,0,66,0,6,66,0,72,74,2,76,148
12/08/2006,WJF,CA,AWP,WE,Federal Contract Tower,0,0,4,0,4,0,13,86,0,99,0,13,90,0,103,66,0,66,169
12/09/2006,WJF,CA,AWP,WE,Federal Contract Tower,0,1,5,0,6,0,1,73,0,74,0,2,78,0,80,90,0,90,170
12/10/2006,WJF,CA,AWP,WE,Federal Contract Tower,0,0,6,0,6,0,0,49,0,49,0,0,55,0,55,34,0,34,89
12/11/2006,WJF,CA,AWP,WE,Federal Contract Tower,0,0,10,0,10,0,18,41,0,59,0,18,51,0,69,60,0,60,129
12/12/2006,WJF,CA,AWP,WE,Federal Contract Tower,0,4,9,0,13,0,0,63,0,63,0,4,72,0,76,142,0,142,218
12/13/2006,WJF,CA,AWP,WE,Federal Contract Tower,0,5,7,0,12,0,0,77,0,77,0,5,84,0,89,142,12,154,243
12/14/2006,WJF,CA,AWP,WE,Federal Contract Tower,0,0,1,2,3,0,4,17,6,27,0,4,18,8,30,14,0,14,44
12/15/2006,WJF,CA,AWP,WE,Federal Contract Tower,0,0,6,0,6,0,2,84,4,90,0,2,90,4,96,50,0,50,146
12/16/2006,WJF,CA,AWP,WE,Federal Contract Tower,0,0,7,0,7,0,2,26,0,28,0,2,33,0,35,22,0,22,57
12/17/2006,WJF,CA,AWP,WE,Federal Contract Tower,0,0,4,0,4,0,0,75,0,75,0,0,79,0,79,190,0,190,269
12/18/2006,WJF,CA,AWP,WE,Federal Contract Tower,0,0,6,2,8,0,2,27,7,36,0,2,33,9,44,198,8,206,250
12/19/2006,WJF,CA,AWP,WE,Federal Contract Tower,0,0,10,0,10,0,6,51,2,59,0,6,61,2,69,202,6,208,277
12/20/2006,WJF,CA,AWP,WE,Federal Contract Tower,0,0,4,0,4,0,4,66,2,72,0,4,70,2,76,48,0,48,124
12/21/2006,WJF,CA,AWP,WE,Federal Contract Tower,0,0,8,0,8,0,6,79,0,85,0,6,87,0,93,102,0,102,195
12/22/2006,WJF,CA,AWP,WE,Federal Contract Tower,0,0,5,0,5,0,4,51,0,55,0,4,56,0,60,8,0,8,68
12/23/2006,WJF,CA,AWP,WE,Federal Contract Tower,0,0,1,0,1,0,2,81,0,83,0,2,82,0,84,120,0,120,204
12/24/2006,WJF,CA,AWP,WE,Federal Contract Tower,0,0,5,0,5,0,0,73,0,73,0,0,78,0,78,42,0,42,120
12/25/2006,WJF,CA,AWP,WE,Federal Contract Tower,0,0,2,0,2,0,0,37,0,37,0,0,39,0,39,16,0,16,55
12/26/2006,WJF,CA,AWP,WE,Federal Contract Tower,0,0,6,0,6,0,2,49,0,51,0,2,55,0,57,92,0,92,149
12/27/2006,WJF,CA,AWP,WE,Federal Contract Tower,0,1,1,0,2,0,3,12,0,15,0,4,13,0,17,8,0,8,25
12/28/2006,WJF,CA,AWP,WE,Federal Contract Tower,0,0,2,0,2,0,4,21,2,27,0,4,23,2,29,18,8,26,55
12/29/2006,WJF,CA,AWP,WE,Federal Contract Tower,0,2,3,0,5,0,4,107,0,111,0,6,110,0,116,148,0,148,264
12/30/2006,WJF,CA,AWP,WE,Federal Contract Tower,0,2,2,0,4,0,4,131,0,135,0,6,133,0,139,96,0,96,235
12/31/2006,WJF,CA,AWP,WE,Federal Contract Tower,0,0,2,0,2,0,0,92,0,92,0,0,94,0,94,84,0,84,178
01/01/2007,WJF,CA,AWP,WE,Federal Contract Tower,0,0,3,0,3,0,0,62,0,62,0,0,65,0,65,72,0,72,137
01/02/2007,WJF,CA,AWP,WE,Federal Contract Tower,0,1,2,0,3,0,10,62,0,72,0,11,64,0,75,94,0,94,169
01/03/2007,WJF,CA,AWP,WE,Federal Contract Tower,0,0,4,0,4,0,5,65,0,70,0,5,69,0,74,73,0,73,147
01/04/2007,WJF,CA,AWP,WE,Federal Contract Tower,0,1,3,0,4,0,1,20,0,21,0,2,23,0,25,2,0,2,27
01/05/2007,WJF,CA,AWP,WE,Federal Contract Tower,0,0,6,0,6,0,4,8,0,12,0,4,14,0,18,16,0,16,34
01/06/2007,WJF,CA,AWP,WE,Federal Contract Tower,0,2,7,0,9,0,6,72,0,78,0,8,79,0,87,132,4,136,223
01/07/2007,WJF,CA,AWP,WE,Federal Contract Tower,0,0,8,0,8,0,0,43,0,43,0,0,51,0,51,60,0,60,111
01/08/2007,WJF,CA,AWP,WE,Federal Contract Tower,0,2,4,0,6,0,4,66,0,70,0,6,70,0,76,80,0,80,156
01/09/2007,WJF,CA,AWP,WE,Federal Contract Tower,0,5,4,1,10,0,5,76,1,82,0,10,80,2,92,108,0,108,200
01/10/2007,WJF,CA,AWP,WE,Federal Contract Tower,0,3,6,0,9,0,15,62,0,77,0,18,68,0,86,100,0,100,186
01/11/2007,WJF,CA,AWP,WE,Federal Contract Tower,0,0,4,0,4,0,4,28,0,32,0,4,32,0,36,14,0,14,50
01/12/2007,WJF,CA,AWP,WE,Federal Contract Tower,0,4,5,1,10,0,5,25,1,31,0,9,30,2,41,22,0,22,63
01/13/2007,WJF,CA,AWP,WE,Federal Contract Tower,0,1,5,0,6,0,1,76,2,79,0,2,81,2,85,166,0,166,251
01/14/2007,WJF,CA,AWP,WE,Federal Contract Tower,0,0,2,0,2,0,0,88,0,88,0,0,90,0,90,68,0,68,158
01/15/2007,WJF,CA,AWP,WE,Federal Contract Tower,0,2,2,0,4,0,6,52,0,58,0,8,54,0,62,22,0,22,84
01/16/2007,WJF,CA,AWP,WE,Federal Contract Tower,0,1,12,2,15,0,7,46,2,55,0,8,58,4,70,66,8,74,144
01/17/2007,WJF,CA,AWP,WE,Federal Contract Tower,0,0,6,0,6,0,6,39,0,45,0,6,45,0,51,40,8,48,99
01/18/2007,WJF,CA,AWP,WE,Federal Contract Tower,0,2,3,0,5,0,4,56,0,60,0,6,59,0,65,88,0,88,153
01/19/2007,WJF,CA,AWP,WE,Federal Contract Tower,0,0,5,0,5,0,4,68,0,72,0,4,73,0,77,130,0,130,207
01/20/2007,WJF,CA,AWP,WE,Federal Contract Tower,0,0,9,0,9,0,4,155,0,159,0,4,164,0,168,108,0,108,276
01/21/2007,WJF,CA,AWP,WE,Federal Contract Tower,0,0,1,0,1,0,0,67,0,67,0,0,68,0,68,82,0,82,150
01/22/2007,WJF,CA,AWP,WE,Federal Contract Tower,0,0,5,0,5,0,4,46,0,50,0,4,51,0,55,118,0,118,173
01/23/2007,WJF,CA,AWP,WE,Federal Contract Tower,0,3,6,3,12,0,5,74,7,86,0,8,80,10,98,158,14,172,270
01/24/2007,WJF,CA,AWP,WE,Federal Contract Tower,0,1,3,1,5,0,5,97,7,109,0,6,100,8,114,216,10,226,340
01/25/2007,WJF,CA,AWP,WE,Federal Contract Tower,0,1,11,0,12,0,7,49,2,58,0,8,60,2,70,106,14,120,190
01/26/2007,WJF,CA,AWP,WE,Federal Contract Tower,0,0,4,0,4,0,4,82,2,88,0,4,86,2,92,142,3,145,237
01/27/2007,WJF,CA,AWP,WE,Federal Contract Tower,0,1,7,0,8,0,1,61,0,62,0,2,68,0,70,100,0,100,170
01/28/2007,WJF,CA,AWP,WE,Federal Contract Tower,0,1,6,0,7,0,1,32,0,33,0,2,38,0,40,86,0,86,126
01/29/2007,WJF,CA,AWP,WE,Federal Contract Tower,0,0,4,0,4,0,2,76,2,80,0,2,80,2,84,100,4,104,188
01/30/2007,WJF,CA,AWP,WE,Federal Contract Tower,0,5,4,4,13,0,5,31,2,38,0,10,35,6,51,88,4,92,143
01/31/2007,WJF,CA,AWP,WE,Federal Contract Tower,0,3,14,0,17,0,7,64,2,73,0,10,78,2,90,70,0,70,160
02/01/2007,WJF,CA,AWP,WE,Federal Contract Tower,0,2,20,0,22,0,6,49,0,55,0,8,69,0,77,72,8,80,157
02/02/2007,WJF,CA,AWP,WE,Federal Contract Tower,0,1,11,0,12,0,15,86,2,103,0,16,97,2,115,138,4,142,257
02/03/2007,WJF,CA,AWP,WE,Federal Contract Tower,0,1,12,0,13,0,7,164,0,171,0,8,176,0,184,118,0,118,302
02/04/2007,WJF,CA,AWP,WE,Federal Contract Tower,0,0,3,0,3,0,0,89,0,89,0,0,92,0,92,132,4,136,228
02/05/2007,WJF,CA,AWP,WE,Federal Contract Tower,0,1,6,0,7,0,5,93,0,98,0,6,99,0,105,118,0,118,223
02/06/2007,WJF,CA,AWP,WE,Federal Contract Tower,0,0,8,0,8,0,9,85,0,94,0,9,93,0,102,126,10,136,238
02/07/2007,WJF,CA,AWP,WE,Federal Contract Tower,0,2,10,0,12,0,3,65,0,68,0,5,75,0,80,78,4,82,162
02/08/2007,WJF,CA,AWP,WE,Federal Contract Tower,0,1,3,0,4,0,7,50,0,57,0,8,53,0,61,60,2,62,123
02/09/2007,WJF,CA,AWP,WE,Federal Contract Tower,0,0,4,0,4,0,12,85,2,99,0,12,89,2,103,136,0,136,239
02/10/2007,WJF,CA,AWP,WE,Federal Contract Tower,0,0,6,0,6,0,2,151,0,153,0,2,157,0,159,148,0,148,307
02/11/2007,WJF,CA,AWP,WE,Federal Contract Tower,0,0,2,0,2,0,0,41,0,41,0,0,43,0,43,46,0,46,89
02/12/2007,WJF,CA,AWP,WE,Federal Contract Tower,0,2,2,0,4,0,2,41,0,43,0,4,43,0,47,54,0,54,101
02/13/2007,WJF,CA,AWP,WE,Federal Contract Tower,0,3,0,2,5,0,3,33,0,36,0,6,33,2,41,254,10,264,305
02/14/2007,WJF,CA,AWP,WE,Federal Contract Tower,0,6,6,0,12,0,0,74,0,74,0,6,80,0,86,196,6,202,288
02/15/2007,WJF,CA,AWP,WE,Federal Contract Tower,0,0,15,2,17,0,6,75,0,81,0,6,90,2,98,146,2,148,246
02/16/2007,WJF,CA,AWP,WE,Federal Contract Tower,0,4,1,0,5,0,5,112,0,117,0,9,113,0,122,248,0,248,370
02/17/2007,WJF,CA,AWP,WE,Federal Contract Tower,0,1,0,0,1,0,2,119,0,121,0,3,119,0,122,270,0,270,392
02/18/2007,WJF,CA,AWP,WE,Federal Contract Tower,0,1,5,0,6,0,3,118,0,121,0,4,123,0,127,120,0,120,247
02/19/2007,WJF,CA,AWP,WE,Federal Contract Tower,0,3,9,0,12,0,5,27,0,32,0,8,36,0,44,40,2,42,86
02/20/2007,WJF,CA,AWP,WE,Federal Contract Tower,0,3,6,0,9,0,2,44,0,46,0,5,50,0,55,72,4,76,131
02/21/2007,WJF,CA,AWP,WE,Federal Contract Tower,0,1,2,4,7,0,5,93,0,98,0,6,95,4,105,72,0,72,177
02/22/2007,WJF,CA,AWP,WE,Federal Contract Tower,0,6,1,0,7,0,2,11,0,13,0,8,12,0,20,10,2,12,32
02/23/2007,WJF,CA,AWP,WE,Federal Contract Tower,0,0,5,0,5,0,4,35,0,39,0,4,40,0,44,38,0,38,82
02/24/2007,WJF,CA,AWP,WE,Federal Contract Tower,0,3,2,0,5,0,4,138,0,142,0,7,140,0,147,154,0,154,301
02/25/2007,WJF,CA,AWP,WE,Federal Contract Tower,0,0,5,0,5,0,0,21,0,21,0,0,26,0,26,44,0,44,70
02/26/2007,WJF,CA,AWP,WE,Federal Contract Tower,0,2,1,0,3,0,0,26,0,26,0,2,27,0,29,26,0,26,55
02/27/2007,WJF,CA,AWP,WE,Federal Contract Tower,0,4,3,2,9,0,2,13,0,15,0,6,16,2,24,10,6,16,40
02/28/2007,WJF,CA,AWP,WE,Federal Contract Tower,0,0,8,0,8,0,4,42,0,46,0,4,50,0,54,30,10,40,94
03/01/2007,WJF,CA,AWP,WE,Federal Contract Tower,0,3,1,0,4,0,7,68,0,75,0,10,69,0,79,50,2,52,131
03/02/2007,WJF,CA,AWP,WE,Federal Contract Tower,0,2,3,1,6,0,5,98,1,104,0,7,101,2,110,146,12,158,268
03/03/2007,WJF,CA,AWP,WE,Federal Contract Tower,0,1,2,0,3,0,3,63,0,66,0,4,65,0,69,64,0,64,133
03/04/2007,WJF,CA,AWP,WE,Federal Contract Tower,0,2,9,0,11,0,0,110,0,110,0,2,119,0,121,116,0,116,237
03/05/2007,WJF,CA,AWP,WE,Federal Contract Tower,0,1,4,0,5,0,3,78,0,81,0,4,82,0,86,106,2,108,194
03/06/2007,WJF,CA,AWP,WE,Federal Contract Tower,0,1,5,5,11,0,15,81,1,97,0,16,86,6,108,112,4,116,224
03/07/2007,WJF,CA,AWP,WE,Federal Contract Tower,0,0,5,0,5,0,10,65,0,75,0,10,70,0,80,128,8,136,216
03/08/2007,WJF,CA,AWP,WE,Federal Contract Tower,0,4,3,2,9,0,10,73,0,83,0,14,76,2,92,124,8,132,224
03/09/2007,WJF,CA,AWP,WE,Federal Contract Tower,0,0,5,1,6,0,2,94,1,97,0,2,99,2,103,88,10,98,201
03/10/2007,WJF,CA,AWP,WE,Federal Contract Tower,0,0,10,0,10,0,2,131,0,133,0,2,141,0,143,168,0,168,311
03/11/2007,WJF,CA,AWP,WE,Federal Contract Tower,0,0,2,0,2,0,0,91,0,91,0,0,93,0,93,32,0,32,125
03/12/2007,WJF,CA,AWP,WE,Federal Contract Tower,0,0,1,3,4,0,2,76,3,81,0,2,77,6,85,72,2,74,159
03/13/2007,WJF,CA,AWP,WE,Federal Contract Tower,0,2,4,0,6,0,4,61,0,65,0,6,65,0,71,34,4,38,109
03/14/2007,WJF,CA,AWP,WE,Federal Contract Tower,0,0,9,2,11,0,6,79,0,85,0,6,88,2,96,62,2,64,160
03/15/2007,WJF,CA,AWP,WE,Federal Contract Tower,0,1,7,0,8,0,3,72,0,75,0,4,79,0,83,72,6,78,161
03/16/2007,WJF,CA,AWP,WE,Federal Contract Tower,0,2,6,0,8,0,4,115,0,119,0,6,121,0,127,152,0,152,279
03/17/2007,WJF,CA,AWP,WE,Federal Contract Tower,0,0,9,0,9,0,2,169,0,171,0,2,178,0,180,88,2,90,270
03/18/2007,WJF,CA,AWP,WE,Federal Contract Tower,0,2,3,0,5,0,0,130,0,130,0,2,133,0,135,73,0,73,208
03/19/2007,WJF,CA,AWP,WE,Federal Contract Tower,0,0,3,0,3,0,2,64,0,66,0,2,67,0,69,52,0,52,121
03/20/2007,WJF,CA,AWP,WE,Federal Contract Tower,0,1,4,2,7,0,7,32,0,39,0,8,36,2,46,6,10,16,62
03/21/2007,WJF,CA,AWP,WE,Federal Contract Tower,0,1,14,0,15,0,3,40,0,43,0,4,54,0,58,72,0,72,130
03/22/2007,WJF,CA,AWP,WE,Federal Contract Tower,0,1,8,1,10,0,7,60,1,68,0,8,68,2,78,86,8,94,172
03/23/2007,WJF,CA,AWP,WE,Federal Contract Tower,0,0,3,0,3,0,4,114,0,118,0,4,117,0,121,106,0,106,227
03/24/2007,WJF,CA,AWP,WE,Federal Contract Tower,0,0,11,0,11,0,2,102,0,104,0,2,113,0,115,85,0,85,200
03/25/2007,WJF,CA,AWP,WE,Federal Contract Tower,0,0,8,0,8,0,0,128,0,128,0,0,136,0,136,122,0,122,258
03/26/2007,WJF,CA,AWP,WE,Federal Contract Tower,0,0,1,0,1,0,6,45,0,51,0,6,46,0,52,106,6,112,164
03/27/2007,WJF,CA,AWP,WE,Federal Contract Tower,0,0,3,0,3,0,6,17,0,23,0,6,20,0,26,2,0,2,28
03/28/2007,WJF,CA,AWP,WE,Federal Contract Tower,0,4,11,2,17,0,4,56,2,62,0,8,67,4,79,10,4,14,93
03/29/2007,WJF,CA,AWP,WE,Federal Contract Tower,0,1,9,0,10,0,6,60,0,66,0,7,69,0,76,120,0,120,196
03/30/2007,WJF,CA,AWP,WE,Federal Contract Tower,0,5,4,0,9,0,9,94,0,103,0,14,98,0,112,112,0,112,224
03/31/2007,WJF,CA,AWP,WE,Federal Contract Tower,0,4,5,0,9,0,4,126,0,130,0,8,131,0,139,106,0,106,245
04/01/2007,WJF,CA,AWP,WE,Federal Contract Tower,0,0,5,0,5,0,0,122,0,122,0,0,127,0,127,62,0,62,189
04/02/2007,WJF,CA,AWP,WE,Federal Contract Tower,0,1,2,0,3,0,7,49,0,56,0,8,51,0,59,50,2,52,111
04/03/2007,WJF,CA,AWP,WE,Federal Contract Tower,0,1,1,0,2,0,2,89,0,91,0,3,90,0,93,130,4,134,227
04/04/2007,WJF,CA,AWP,WE,Federal Contract Tower,0,1,0,2,3,0,7,68,0,75,0,8,68,2,78,138,8,146,224
04/05/2007,WJF,CA,AWP,WE,Federal Contract Tower,0,0,4,1,5,0,2,80,9,91,0,2,84,10,96,132,2,134,230
04/06/2007,WJF,CA,AWP,WE,Federal Contract Tower,0,1,3,0,4,0,5,111,0,116,0,6,114,0,120,98,0,98,218
04/07/2007,WJF,CA,AWP,WE,Federal Contract Tower,0,1,6,0,7,0,3,120,0,123,0,4,126,0,130,28,0,28,158
04/08/2007,WJF,CA,AWP,WE,Federal Contract Tower,0,0,3,0,3,0,0,16,0,16,0,0,19,0,19,32,0,32,51
04/09/2007,WJF,CA,AWP,WE,Federal Contract Tower,0,0,0,0,0,0,0,25,0,25,0,0,25,0,25,0,2,2,27
04/10/2007,WJF,CA,AWP,WE,Federal Contract Tower,0,2,5,0,7,0,4,36,0,40,0,6,41,0,47,12,6,18,65
04/11/2007,WJF,CA,AWP,WE,Federal Contract Tower,0,0,5,0,5,0,0,26,0,26,0,0,31,0,31,14,16,30,61
04/12/2007,WJF,CA,AWP,WE,Federal Contract Tower,0,0,0,0,0,0,4,10,0,14,0,4,10,0,14,2,0,2,16
04/13/2007,WJF,CA,AWP,WE,Federal Contract Tower,0,0,3,2,5,0,4,85,0,89,0,4,88,2,94,110,4,114,208
04/14/2007,WJF,CA,AWP,WE,Federal Contract Tower,0,0,4,0,4,0,2,122,0,124,0,2,126,0,128,48,0,48,176
04/15/2007,WJF,CA,AWP,WE,Federal Contract Tower,0,0,2,0,2,0,0,25,2,27,0,0,27,2,29,16,10,26,55
04/16/2007,WJF,CA,AWP,WE,Federal Contract Tower,0,3,8,0,11,0,3,94,0,97,0,6,102,0,108,106,0,106,214
04/17/2007,WJF,CA,AWP,WE,Federal Contract Tower,0,0,4,0,4,0,4,66,1,71,0,4,70,1,75,46,6,52,127
04/18/2007,WJF,CA,AWP,WE,Federal Contract Tower,0,0,1,0,1,0,4,46,0,50,0,4,47,0,51,16,0,16,67
04/19/2007,WJF,CA,AWP,WE,Federal Contract Tower,0,2,8,2,12,0,4,105,0,109,0,6,113,2,121,114,8,122,243
04/20/2007,WJF,CA,AWP,WE,Federal Contract Tower,0,0,10,0,10,0,4,26,0,30,0,4,36,0,40,74,2,76,116
04/21/2007,WJF,CA,AWP,WE,Federal Contract Tower,0,0,6,0,6,0,2,98,0,100,0,2,104,0,106,94,0,94,200
04/22/2007,WJF,CA,AWP,WE,Federal Contract Tower,0,0,14,1,15,0,0,38,1,39,0,0,52,2,54,18,0,18,72
04/23/2007,WJF,CA,AWP,WE,Federal Contract Tower,0,0,5,2,7,0,4,40,0,44,0,4,45,2,51,16,4,20,71
04/24/2007,WJF,CA,AWP,WE,Federal Contract Tower,0,6,8,0,14,0,2,92,0,94,0,8,100,0,108,148,0,148,256
04/25/2007,WJF,CA,AWP,WE,Federal Contract Tower,0,0,5,4,9,0,2,64,4,70,0,2,69,8,79,58,8,66,145
04/26/2007,WJF,CA,AWP,WE,Federal Contract Tower,0,3,2,1,6,0,3,55,1,59,0,6,57,2,65,62,0,62,127
04/27/2007,WJF,CA,AWP,WE,Federal Contract Tower,0,0,10,3,13,0,4,131,3,138,0,4,141,6,151,122,8,130,281
04/28/2007,WJF,CA,AWP,WE,Federal Contract Tower,0,0,3,0,3,0,6,122,0,128,0,6,125,0,131,126,0,126,257
04/29/2007,WJF,CA,AWP,WE,Federal Contract Tower,0,0,5,0,5,0,0,127,0,127,0,0,132,0,132,146,0,146,278
04/30/2007,WJF,CA,AWP,WE,Federal Contract Tower,0,0,1,0,1,0,4,67,0,71,0,4,68,0,72,62,0,62,134
05/01/2007,WJF,CA,AWP,WE,Federal Contract Tower,0,6,7,0,13,0,3,55,0,58,0,9,62,0,71,56,6,62,133
05/02/2007,WJF,CA,AWP,WE,Federal Contract Tower,0,2,3,0,5,0,6,42,0,48,0,8,45,0,53,40,16,56,109
05/03/2007,WJF,CA,AWP,WE,Federal Contract Tower,0,0,3,4,7,0,2,35,2,39,0,2,38,6,46,37,14,51,97
05/04/2007,WJF,CA,AWP,WE,Federal Contract Tower,0,0,1,0,1,0,2,38,2,42,0,2,39,2,43,14,0,14,57
05/05/2007,WJF,CA,AWP,WE,Federal Contract Tower,0,0,4,0,4,0,2,62,0,64,0,2,66,0,68,40,0,40,108
05/06/2007,WJF,CA,AWP,WE,Federal Contract Tower,0,0,0,0,0,0,0,69,0,69,0,0,69,0,69,100,0,100,169
05/07/2007,WJF,CA,AWP,WE,Federal Contract Tower,0,0,3,0,3,0,2,43,0,45,0,2,46,0,48,38,2,40,88
05/08/2007,WJF,CA,AWP,WE,Federal Contract Tower,0,0,9,1,10,0,4,88,5,97,0,4,97,6,107,146,4,150,257
05/09/2007,WJF,CA,AWP,WE,Federal Contract Tower,0,0,8,2,10,0,2,73,0,75,0,2,81,2,85,74,22,96,181
05/10/2007,WJF,CA,AWP,WE,Federal Contract Tower,0,0,12,0,12,0,2,73,0,75,0,2,85,0,87,50,8,58,145
05/11/2007,WJF,CA,AWP,WE,Federal Contract Tower,0,0,3,0,3,0,4,87,0,91,0,4,90,0,94,158,0,158,252
05/12/2007,WJF,CA,AWP,WE,Federal Contract Tower,0,0,6,0,6,0,4,91,0,95,0,4,97,0,101,108,0,108,209
05/13/2007,WJF,CA,AWP,WE,Federal Contract Tower,0,0,2,0,2,0,0,80,0,80,0,0,82,0,82,76,2,78,160
05/14/2007,WJF,CA,AWP,WE,Federal Contract Tower,0,1,5,5,11,0,3,96,7,106,0,4,101,12,117,90,8,98,215
05/15/2007,WJF,CA,AWP,WE,Federal Contract Tower,0,2,7,1,10,0,8,70,3,81,0,10,77,4,91,90,2,92,183
05/16/2007,WJF,CA,AWP,WE,Federal Contract Tower,0,1,5,3,9,0,6,81,10,97,0,7,86,13,106,145,8,153,259
05/17/2007,WJF,CA,AWP,WE,Federal Contract Tower,0,0,9,0,9,0,6,85,0,91,0,6,94,0,100,138,0,138,238
05/18/2007,WJF,CA,AWP,WE,Federal Contract Tower,0,0,1,0,1,0,2,95,8,105,0,2,96,8,106,174,0,174,280
05/19/2007,WJF,CA,AWP,WE,Federal Contract Tower,0,1,9,1,11,0,4,133,1,138,0,5,142,2,149,154,0,154,303
05/20/2007,WJF,CA,AWP,WE,Federal Contract Tower,0,0,1,0,1,0,0,116,0,116,0,0,117,0,117,117,0,117,234
05/21/2007,WJF,CA,AWP,WE,Federal Contract Tower,0,3,1,1,5,0,1,65,0,66,0,4,66,1,71,56,10,66,137
05/22/2007,WJF,CA,AWP,WE,Federal Contract Tower,0,2,5,3,10,0,4,37,1,42,0,6,42,4,52,36,2,38,90
05/23/2007,WJF,CA,AWP,WE,Federal Contract Tower,0,2,16,0,18,0,6,69,0,75,0,8,85,0,93,66,2,68,161
05/24/2007,WJF,CA,AWP,WE,Federal Contract Tower,0,0,7,0,7,0,4,94,0,98,0,4,101,0,105,72,4,76,181
05/25/2007,WJF,CA,AWP,WE,Federal Contract Tower,0,0,10,0,10,0,4,110,0,114,0,4,120,0,124,84,2,86,210
05/26/2007,WJF,CA,AWP,WE,Federal Contract Tower,0,0,9,0,9,0,1,130,0,131,0,1,139,0,140,99,0,99,239
05/27/2007,WJF,CA,AWP,WE,Federal Contract Tower,0,0,5,0,5,0,0,75,0,75,0,0,80,0,80,70,0,70,150
05/28/2007,WJF,CA,AWP,WE,Federal Contract Tower,0,0,5,0,5,0,0,64,0,64,0,0,69,0,69,52,0,52,121
05/29/2007,WJF,CA,AWP,WE,Federal Contract Tower,0,1,1,0,2,0,7,64,0,71,0,8,65,0,73,28,0,28,101
05/30/2007,WJF,CA,AWP,WE,Federal Contract Tower,0,1,9,1,11,0,11,72,1,84,0,12,81,2,95,135,0,135,230
05/31/2007,WJF,CA,AWP,WE,Federal Contract Tower,0,0,6,0,6,0,6,49,0,55,0,6,55,0,61,115,6,121,182
06/01/2007,WJF,CA,AWP,WE,Federal Contract Tower,0,2,3,0,5,0,6,122,2,130,0,8,125,2,135,124,2,126,261
06/02/2007,WJF,CA,AWP,WE,Federal Contract Tower,0,1,3,0,4,0,2,126,2,130,0,3,129,2,134,116,2,118,252
06/03/2007,WJF,CA,AWP,WE,Federal Contract Tower,0,0,5,0,5,0,0,122,0,122,0,0,127,0,127,129,8,137,264
06/04/2007,WJF,CA,AWP,WE,Federal Contract Tower,0,0,1,0,1,0,4,58,0,62,0,4,59,0,63,68,0,68,131
06/05/2007,WJF,CA,AWP,WE,Federal Contract Tower,0,6,2,0,8,0,10,47,0,57,0,16,49,0,65,40,4,44,109
06/06/2007,WJF,CA,AWP,WE,Federal Contract Tower,0,0,2,0,2,0,4,48,0,52,0,4,50,0,54,18,2,20,74
06/07/2007,WJF,CA,AWP,WE,Federal Contract Tower,0,1,4,3,8,0,4,66,1,71,0,5,70,4,79,96,12,108,187
06/08/2007,WJF,CA,AWP,WE,Federal Contract Tower,0,3,3,0,6,0,3,111,0,114,0,6,114,0,120,122,2,124,244
06/09/2007,WJF,CA,AWP,WE,Federal Contract Tower,0,0,6,0,6,0,2,180,0,182,0,2,186,0,188,122,0,122,310
06/10/2007,WJF,CA,AWP,WE,Federal Contract Tower,0,0,4,1,5,0,0,97,1,98,0,0,101,2,103,95,0,95,198
06/11/2007,WJF,CA,AWP,WE,Federal Contract Tower,0,5,9,0,14,0,3,54,0,57,0,8,63,0,71,76,8,84,155
06/12/2007,WJF,CA,AWP,WE,Federal Contract Tower,0,2,11,0,13,0,2,97,0,99,0,4,108,0,112,106,2,108,220
06/13/2007,WJF,CA,AWP,WE,Federal Contract Tower,0,6,13,0,19,0,9,96,0,105,0,15,109,0,124,98,8,106,230
06/14/2007,WJF,CA,AWP,WE,Federal Contract Tower,0,0,10,2,12,0,4,103,2,109,0,4,113,4,121,62,0,62,183
06/15/2007,WJF,CA,AWP,WE,Federal Contract Tower,0,1,3,0,4,0,5,76,0,81,0,6,79,0,85,88,10,98,183
06/16/2007,WJF,CA,AWP,WE,Federal Contract Tower,0,1,3,0,4,0,3,71,0,74,0,4,74,0,78,22,0,22,100
06/17/2007,WJF,CA,AWP,WE,Federal Contract Tower,0,0,1,0,1,0,0,83,0,83,0,0,84,0,84,78,0,78,162
06/18/2007,WJF,CA,AWP,WE,Federal Contract Tower,0,0,3,0,3,0,2,56,0,58,0,2,59,0,61,32,0,32,93
06/19/2007,WJF,CA,AWP,WE,Federal Contract Tower,0,5,6,0,11,0,3,68,0,71,0,8,74,0,82,70,0,70,152
06/20/2007,WJF,CA,AWP,WE,Federal Contract Tower,0,1,8,0,9,0,10,85,4,99,0,11,93,4,108,98,0,98,206
06/21/2007,WJF,CA,AWP,WE,Federal Contract Tower,0,3,5,0,8,0,5,55,0,60,0,8,60,0,68,100,4,104,172
06/22/2007,WJF,CA,AWP,WE,Federal Contract Tower,0,2,5,0,7,0,4,89,0,93,0,6,94,0,100,56,0,56,156
06/24/2007,WJF,CA,AWP,WE,Federal Contract Tower,0,0,6,0,6,0,0,268,0,268,0,0,274,0,274,86,0,86,360
06/25/2007,WJF,CA,AWP,WE,Federal Contract Tower,0,1,4,0,5,0,5,285,0,290,0,6,289,0,295,50,0,50,345
06/26/2007,WJF,CA,AWP,WE,Federal Contract Tower,0,3,7,0,10,0,1,158,0,159,0,4,165,0,169,88,2,90,259
06/27/2007,WJF,CA,AWP,WE,Federal Contract Tower,0,1,3,0,4,0,5,151,2,158,0,6,154,2,162,74,0,74,236
06/28/2007,WJF,CA,AWP,WE,Federal Contract Tower,0,0,3,0,3,0,2,79,0,81,0,2,82,0,84,44,0,44,128
06/29/2007,WJF,CA,AWP,WE,Federal Contract Tower,0,0,6,0,6,0,4,92,0,96,0,4,98,0,102,38,0,38,140
06/30/2007,WJF,CA,AWP,WE,Federal Contract Tower,0,0,5,0,5,0,4,83,0,87,0,4,88,0,92,95,0,95,187
07/01/2007,WJF,CA,AWP,WE,Federal Contract Tower,0,0,3,0,3,0,0,103,0,103,0,0,106,0,106,110,0,110,216
07/02/2007,WJF,CA,AWP,WE,Federal Contract Tower,0,0,5,0,5,0,4,53,2,59,0,4,58,2,64,52,10,62,126
07/03/2007,WJF,CA,AWP,WE,Federal Contract Tower,0,2,3,0,5,0,4,109,0,113,0,6,112,0,118,98,0,98,216
07/04/2007,WJF,CA,AWP,WE,Federal Contract Tower,0,0,0,0,0,0,2,91,4,97,0,2,91,4,97,86,8,94,191
07/05/2007,WJF,CA,AWP,WE,Federal Contract Tower,0,0,6,1,7,0,4,74,0,78,0,4,80,1,85,98,4,102,187
07/06/2007,WJF,CA,AWP,WE,Federal Contract Tower,0,0,2,4,6,0,6,63,4,73,0,6,65,8,79,16,10,26,105
07/07/2007,WJF,CA,AWP,WE,Federal Contract Tower,0,1,3,1,5,0,6,143,0,149,0,7,146,1,154,94,4,98,252
07/08/2007,WJF,CA,AWP,WE,Federal Contract Tower,0,2,4,0,6,0,0,74,2,76,0,2,78,2,82,104,0,104,186
07/09/2007,WJF,CA,AWP,WE,Federal Contract Tower,0,0,1,0,1,0,4,62,2,68,0,4,63,2,69,62,0,62,131
07/10/2007,WJF,CA,AWP,WE,Federal Contract Tower,0,0,5,0,5,0,6,65,0,71,0,6,70,0,76,94,8,102,178
07/11/2007,WJF,CA,AWP,WE,Federal Contract Tower,0,0,9,0,9,0,4,82,4,90,0,4,91,4,99,78,0,78,177
07/12/2007,WJF,CA,AWP,WE,Federal Contract Tower,0,0,3,1,4,0,6,88,3,97,0,6,91,4,101,103,6,109,210
07/13/2007,WJF,CA,AWP,WE,Federal Contract Tower,0,1,5,0,6,0,7,115,2,124,0,8,120,2,130,112,0,112,242
07/14/2007,WJF,CA,AWP,WE,Federal Contract Tower,0,1,3,0,4,0,3,104,0,107,0,4,107,0,111,132,0,132,243
07/15/2007,WJF,CA,AWP,WE,Federal Contract Tower,0,2,1,0,3,0,0,109,0,109,0,2,110,0,112,100,0,100,212
07/16/2007,WJF,CA,AWP,WE,Federal Contract Tower,0,0,5,0,5,0,8,73,14,95,0,8,78,14,100,86,10,96,196
07/17/2007,WJF,CA,AWP,WE,Federal Contract Tower,0,1,3,2,6,0,5,66,6,77,0,6,69,8,83,88,2,90,173
07/18/2007,WJF,CA,AWP,WE,Federal Contract Tower,0,0,2,0,2,0,2,79,4,85,0,2,81,4,87,124,18,142,229
07/19/2007,WJF,CA,AWP,WE,Federal Contract Tower,0,1,5,1,7,0,4,61,8,73,0,5,66,9,80,116,20,136,216
07/20/2007,WJF,CA,AWP,WE,Federal Contract Tower,0,1,7,0,8,0,7,80,2,89,0,8,87,2,97,130,0,130,227
07/21/2007,WJF,CA,AWP,WE,Federal Contract Tower,0,0,3,0,3,0,2,188,0,190,0,2,191,0,193,151,0,151,344
07/22/2007,WJF,CA,AWP,WE,Federal Contract Tower,0,0,0,0,0,0,0,85,0,85,0,0,85,0,85,66,0,66,151
07/23/2007,WJF,CA,AWP,WE,Federal Contract Tower,0,2,6,1,9,0,2,36,1,39,0,4,42,2,48,66,14,80,128
07/24/2007,WJF,CA,AWP,WE,Federal Contract Tower,0,0,5,3,8,0,2,90,1,93,0,2,95,4,101,148,10,158,259
07/25/2007,WJF,CA,AWP,WE,Federal Contract Tower,0,0,9,0,9,0,4,55,0,59,0,4,64,0,68,100,0,100,168
07/26/2007,WJF,CA,AWP,WE,Federal Contract Tower,0,0,7,1,8,0,4,73,3,80,0,4,80,4,88,68,12,80,168
07/27/2007,WJF,CA,AWP,WE,Federal Contract Tower,0,0,11,0,11,0,2,60,0,62,0,2,71,0,73,60,0,60,133
07/28/2007,WJF,CA,AWP,WE,Federal Contract Tower,0,0,2,0,2,0,2,88,0,90,0,2,90,0,92,80,0,80,172
07/29/2007,WJF,CA,AWP,WE,Federal Contract Tower,0,0,10,0,10,0,0,93,0,93,0,0,103,0,103,104,0,104,207
07/30/2007,WJF,CA,AWP,WE,Federal Contract Tower,0,1,5,2,8,0,3,52,2,57,0,4,57,4,65,70,6,76,141
07/31/2007,WJF,CA,AWP,WE,Federal Contract Tower,0,0,5,0,5,0,4,98,4,106,0,4,103,4,111,84,6,90,201
08/01/2007,WJF,CA,AWP,WE,Federal Contract Tower,0,0,5,2,7,0,4,71,2,77,0,4,76,4,84,56,0,56,140
08/02/2007,WJF,CA,AWP,WE,Federal Contract Tower,0,0,6,0,6,0,8,74,4,86,0,8,80,4,92,105,2,107,199
08/03/2007,WJF,CA,AWP,WE,Federal Contract Tower,0,0,6,2,8,0,4,77,0,81,0,4,83,2,89,131,4,135,224
08/04/2007,WJF,CA,AWP,WE,Federal Contract Tower,0,0,2,0,2,0,2,91,5,98,0,2,93,5,100,130,0,130,230
08/05/2007,WJF,CA,AWP,WE,Federal Contract Tower,0,0,4,0,4,0,0,93,2,95,0,0,97,2,99,62,0,62,161
08/06/2007,WJF,CA,AWP,WE,Federal Contract Tower,0,0,9,0,9,0,6,51,0,57,0,6,60,0,66,124,0,124,190
08/07/2007,WJF,CA,AWP,WE,Federal Contract Tower,0,2,10,2,14,0,4,82,2,88,0,6,92,4,102,132,8,140,242
08/08/2007,WJF,CA,AWP,WE,Federal Contract Tower,0,0,13,2,15,0,4,99,0,103,0,4,112,2,118,116,8,124,242
08/09/2007,WJF,CA,AWP,WE,Federal Contract Tower,0,4,2,0,6,0,6,73,2,81,0,10,75,2,87,134,2,136,223
08/10/2007,WJF,CA,AWP,WE,Federal Contract Tower,0,0,4,0,4,0,4,101,0,105,0,4,105,0,109,112,0,112,221
08/11/2007,WJF,CA,AWP,WE,Federal Contract Tower,0,2,6,0,8,0,2,137,0,139,0,4,143,0,147,92,0,92,239
08/12/2007,WJF,CA,AWP,WE,Federal Contract Tower,0,0,6,0,6,0,0,117,0,117,0,0,123,0,123,144,0,144,267
08/13/2007,WJF,CA,AWP,WE,Federal Contract Tower,0,1,0,1,2,0,7,107,1,115,0,8,107,2,117,92,2,94,211
08/14/2007,WJF,CA,AWP,WE,Federal Contract Tower,0,0,6,2,8,0,4,89,4,97,0,4,95,6,105,72,8,80,185
08/15/2007,WJF,CA,AWP,WE,Federal Contract Tower,0,0,4,0,4,0,4,72,0,76,0,4,76,0,80,48,0,48,128
08/16/2007,WJF,CA,AWP,WE,Federal Contract Tower,0,0,8,0,8,0,6,83,0,89,0,6,91,0,97,60,0,60,157
08/17/2007,WJF,CA,AWP,WE,Federal Contract Tower,0,0,10,1,11,0,4,101,1,106,0,4,111,2,117,72,0,72,189
08/18/2007,WJF,CA,AWP,WE,Federal Contract Tower,0,0,8,0,8,0,2,191,0,193,0,2,199,0,201,124,0,124,325
08/19/2007,WJF,CA,AWP,WE,Federal Contract Tower,0,0,3,0,3,0,4,186,0,190,0,4,189,0,193,126,0,126,319
08/20/2007,WJF,CA,AWP,WE,Federal Contract Tower,0,2,2,3,7,0,4,91,3,98,0,6,93,6,105,56,0,56,161
08/21/2007,WJF,CA,AWP,WE,Federal Contract Tower,0,3,7,4,14,0,9,73,0,82,0,12,80,4,96,62,18,80,176
08/22/2007,WJF,CA,AWP,WE,Federal Contract Tower,0,2,6,0,8,0,4,77,2,83,0,6,83,2,91,80,2,82,173
08/23/2007,WJF,CA,AWP,WE,Federal Contract Tower,0,0,3,0,3,0,4,85,0,89,0,4,88,0,92,84,6,90,182
08/24/2007,WJF,CA,AWP,WE,Federal Contract Tower,0,5,2,0,7,0,3,120,0,123,0,8,122,0,130,122,0,122,252
08/25/2007,WJF,CA,AWP,WE,Federal Contract Tower,0,1,2,0,3,0,1,174,2,177,0,2,176,2,180,134,0,134,314
08/26/2007,WJF,CA,AWP,WE,Federal Contract Tower,0,0,1,1,2,0,0,71,0,71,0,0,72,1,73,74,2,76,149
08/27/2007,WJF,CA,AWP,WE,Federal Contract Tower,0,0,2,0,2,0,2,47,0,49,0,2,49,0,51,16,0,16,67
08/28/2007,WJF,CA,AWP,WE,Federal Contract Tower,0,0,4,0,4,0,4,67,6,77,0,4,71,6,81,64,14,78,159
08/29/2007,WJF,CA,AWP,WE,Federal Contract Tower,0,0,6,0,6,0,6,91,0,97,0,6,97,0,103,90,2,92,195
08/30/2007,WJF,CA,AWP,WE,Federal Contract Tower,0,0,5,0,5,0,5,68,0,73,0,5,73,0,78,87,0,87,165
08/31/2007,WJF,CA,AWP,WE,Federal Contract Tower,0,0,3,0,3,0,6,94,0,100,0,6,97,0,103,70,2,72,175
09/01/2007,WJF,CA,AWP,WE,Federal Contract Tower,0,0,0,0,0,0,2,122,0,124,0,2,122,0,124,46,0,46,170
09/02/2007,WJF,CA,AWP,WE,Federal Contract Tower,0,0,3,0,3,0,0,133,0,133,0,0,136,0,136,54,0,54,190
09/03/2007,WJF,CA,AWP,WE,Federal Contract Tower,0,0,5,0,5,0,0,278,0,278,0,0,283,0,283,42,0,42,325
09/04/2007,WJF,CA,AWP,WE,Federal Contract Tower,0,0,5,0,5,0,6,223,0,229,0,6,228,0,234,26,0,26,260
09/05/2007,WJF,CA,AWP,WE,Federal Contract Tower,0,0,4,2,6,0,8,107,0,115,0,8,111,2,121,72,6,78,199
09/06/2007,WJF,CA,AWP,WE,Federal Contract Tower,0,0,2,0,2,0,4,65,0,69,0,4,67,0,71,105,0,105,176
09/07/2007,WJF,CA,AWP,WE,Federal Contract Tower,0,0,2,0,2,0,16,131,2,149,0,16,133,2,151,112,4,116,267
09/08/2007,WJF,CA,AWP,WE,Federal Contract Tower,0,0,2,0,2,0,4,122,0,126,0,4,124,0,128,120,2,122,250
09/09/2007,WJF,CA,AWP,WE,Federal Contract Tower,0,0,2,4,6,0,0,94,0,94,0,0,96,4,100,120,8,128,228
09/10/2007,WJF,CA,AWP,WE,Federal Contract Tower,0,1,3,1,5,0,17,60,3,80,0,18,63,4,85,48,4,52,137
09/11/2007,WJF,CA,AWP,WE,Federal Contract Tower,0,0,6,1,7,0,10,88,1,99,0,10,94,2,106,98,2,100,206
09/12/2007,WJF,CA,AWP,WE,Federal Contract Tower,0,1,3,0,4,0,5,82,0,87,0,6,85,0,91,88,0,88,179
09/13/2007,WJF,CA,AWP,WE,Federal Contract Tower,0,0,11,1,12,0,3,75,0,78,0,3,86,1,90,82,6,88,178
09/14/2007,WJF,CA,AWP,WE,Federal Contract Tower,0,0,8,1,9,0,4,74,0,78,0,4,82,1,87,70,6,76,163
09/15/2007,WJF,CA,AWP,WE,Federal Contract Tower,0,0,4,0,4,0,2,133,0,135,0,2,137,0,139,78,0,78,217
09/16/2007,WJF,CA,AWP,WE,Federal Contract Tower,0,0,7,0,7,0,0,112,0,112,0,0,119,0,119,66,0,66,185
09/17/2007,WJF,CA,AWP,WE,Federal Contract Tower,0,7,3,0,10,0,5,62,0,67,0,12,65,0,77,56,4,60,137
09/18/2007,WJF,CA,AWP,WE,Federal Contract Tower,0,3,7,2,12,0,5,87,0,92,0,8,94,2,104,92,2,94,198
09/19/2007,WJF,CA,AWP,WE,Federal Contract Tower,0,1,10,0,11,0,5,40,0,45,0,6,50,0,56,24,2,26,82
09/20/2007,WJF,CA,AWP,WE,Federal Contract Tower,0,0,3,0,3,0,2,57,0,59,0,2,60,0,62,98,0,98,160
09/21/2007,WJF,CA,AWP,WE,Federal Contract Tower,0,0,10,0,10,0,2,51,0,53,0,2,61,0,63,64,2,66,129
09/22/2007,WJF,CA,AWP,WE,Federal Contract Tower,0,3,6,0,9,0,0,38,0,38,0,3,44,0,47,92,0,92,139
09/23/2007,WJF,CA,AWP,WE,Federal Contract Tower,0,0,5,0,5,0,0,79,0,79,0,0,84,0,84,100,0,100,184
09/24/2007,WJF,CA,AWP,WE,Federal Contract Tower,0,0,5,0,5,0,4,83,0,87,0,4,88,0,92,62,2,64,156
09/25/2007,WJF,CA,AWP,WE,Federal Contract Tower,0,3,3,0,6,0,3,98,0,101,0,6,101,0,107,104,10,114,221
09/26/2007,WJF,CA,AWP,WE,Federal Contract Tower,0,1,6,1,8,0,6,116,0,122,0,7,122,1,130,132,15,147,277
09/27/2007,WJF,CA,AWP,WE,Federal Contract Tower,0,1,6,0,7,0,5,78,0,83,0,6,84,0,90,222,0,222,312
09/28/2007,WJF,CA,AWP,WE,Federal Contract Tower,0,0,8,0,8,0,2,57,0,59,0,2,65,0,67,52,0,52,119
09/29/2007,WJF,CA,AWP,WE,Federal Contract Tower,0,1,8,0,9,0,1,86,0,87,0,2,94,0,96,84,0,84,180
09/30/2007,WJF,CA,AWP,WE,Federal Contract Tower,0,0,0,0,0,0,0,128,0,128,0,0,128,0,128,112,0,112,240
10/01/2007,WJF,CA,AWP,WE,Federal Contract Tower,0,0,12,0,12,0,2,56,0,58,0,2,68,0,70,28,0,28,98
10/02/2007,WJF,CA,AWP,WE,Federal Contract Tower,0,0,5,0,5,0,8,70,0,78,0,8,75,0,83,90,2,92,175
10/03/2007,WJF,CA,AWP,WE,Federal Contract Tower,0,3,5,0,8,0,3,71,0,74,0,6,76,0,82,96,0,96,178
10/04/2007,WJF,CA,AWP,WE,Federal Contract Tower,0,0,5,0,5,0,2,49,0,51,0,2,54,0,56,32,0,32,88
10/05/2007,WJF,CA,AWP,WE,Federal Contract Tower,0,0,4,0,4,0,2,49,0,51,0,2,53,0,55,22,0,22,77
10/06/2007,WJF,CA,AWP,WE,Federal Contract Tower,0,2,3,0,5,0,2,92,0,94,0,4,95,0,99,100,0,100,199
10/07/2007,WJF,CA,AWP,WE,Federal Contract Tower,0,0,4,0,4,0,0,80,0,80,0,0,84,0,84,66,0,66,150
10/08/2007,WJF,CA,AWP,WE,Federal Contract Tower,0,2,1,0,3,0,2,84,0,86,0,4,85,0,89,50,0,50,139
10/09/2007,WJF,CA,AWP,WE,Federal Contract Tower,0,2,3,1,6,0,4,114,3,121,0,6,117,4,127,128,0,128,255
10/10/2007,WJF,CA,AWP,WE,Federal Contract Tower,0,0,4,0,4,0,4,73,2,79,0,4,77,2,83,34,0,34,117
10/11/2007,WJF,CA,AWP,WE,Federal Contract Tower,0,1,1,2,4,0,2,68,0,70,0,3,69,2,74,152,2,154,228
10/12/2007,WJF,CA,AWP,WE,Federal Contract Tower,0,3,7,1,11,0,5,68,1,74,0,8,75,2,85,60,2,62,147
10/13/2007,WJF,CA,AWP,WE,Federal Contract Tower,0,2,0,0,2,0,2,98,2,102,0,4,98,2,104,108,4,112,216
10/14/2007,WJF,CA,AWP,WE,Federal Contract Tower,0,0,3,0,3,0,0,146,0,146,0,0,149,0,149,142,0,142,291
10/15/2007,WJF,CA,AWP,WE,Federal Contract Tower,0,0,7,0,7,0,2,81,0,83,0,2,88,0,90,94,10,104,194
10/16/2007,WJF,CA,AWP,WE,Federal Contract Tower,0,0,3,2,5,0,0,64,0,64,0,0,67,2,69,8,2,10,79
10/17/2007,WJF,CA,AWP,WE,Federal Contract Tower,0,0,4,0,4,0,2,26,0,28,0,2,30,0,32,12,6,18,50
10/18/2007,WJF,CA,AWP,WE,Federal Contract Tower,0,2,7,1,10,0,2,69,1,72,0,4,76,2,82,178,4,182,264
10/19/2007,WJF,CA,AWP,WE,Federal Contract Tower,0,0,7,0,7,0,4,98,0,102,0,4,105,0,109,132,0,132,241
10/20/2007,WJF,CA,AWP,WE,Federal Contract Tower,0,1,4,0,5,0,1,29,0,30,0,2,33,0,35,22,0,22,57
10/21/2007,WJF,CA,AWP,WE,Federal Contract Tower,0,0,0,0,0,0,0,87,0,87,0,0,87,0,87,30,0,30,117
10/22/2007,WJF,CA,AWP,WE,Federal Contract Tower,0,2,6,0,8,0,2,139,0,141,0,4,145,0,149,16,4,20,169
10/23/2007,WJF,CA,AWP,WE,Federal Contract Tower,0,0,5,0,5,0,4,213,0,217,0,4,218,0,222,52,0,52,274
10/24/2007,WJF,CA,AWP,WE,Federal Contract Tower,0,2,2,1,5,0,6,203,1,210,0,8,205,2,215,40,2,42,257
10/25/2007,WJF,CA,AWP,WE,Federal Contract Tower,0,0,6,0,6,0,4,126,0,130,0,4,132,0,136,94,2,96,232
10/26/2007,WJF,CA,AWP,WE,Federal Contract Tower,0,2,7,1,10,0,4,158,1,163,0,6,165,2,173,92,2,94,267
10/27/2007,WJF,CA,AWP,WE,Federal Contract Tower,0,1,7,0,8,0,1,131,0,132,0,2,138,0,140,204,0,204,344
10/28/2007,WJF,CA,AWP,WE,Federal Contract Tower,0,0,11,0,11,0,0,160,0,160,0,0,171,0,171,94,0,94,265
10/29/2007,WJF,CA,AWP,WE,Federal Contract Tower,0,1,4,0,5,0,3,93,0,96,0,4,97,0,101,70,2,72,173
10/30/2007,WJF,CA,AWP,WE,Federal Contract Tower,0,1,4,2,7,0,3,77,4,84,0,4,81,6,91,100,4,104,195
10/31/2007,WJF,CA,AWP,WE,Federal Contract Tower,0,3,2,0,5,0,11,109,0,120,0,14,111,0,125,214,6,220,345
11/01/2007,WJF,CA,AWP,WE,Federal Contract Tower,0,1,7,2,10,0,2,108,1,111,0,3,115,3,121,200,0,200,321
11/02/2007,WJF,CA,AWP,WE,Federal Contract Tower,0,0,5,0,5,0,4,119,0,123,0,4,124,0,128,180,0,180,308
11/03/2007,WJF,CA,AWP,WE,Federal Contract Tower,0,0,5,0,5,0,4,105,2,111,0,4,110,2,116,130,2,132,248
11/04/2007,WJF,CA,AWP,WE,Federal Contract Tower,0,0,6,0,6,0,0,124,0,124,0,0,130,0,130,132,0,132,262
11/05/2007,WJF,CA,AWP,WE,Federal Contract Tower,0,1,5,0,6,0,3,89,0,92,0,4,94,0,98,172,0,172,270
11/06/2007,WJF,CA,AWP,WE,Federal Contract Tower,0,6,7,1,14,0,14,128,1,143,0,20,135,2,157,206,6,212,369
11/07/2007,WJF,CA,AWP,WE,Federal Contract Tower,0,1,7,2,10,0,5,103,4,112,0,6,110,6,122,140,14,154,276
11/08/2007,WJF,CA,AWP,WE,Federal Contract Tower,0,3,9,3,15,0,1,87,0,88,0,4,96,3,103,126,18,144,247
11/09/2007,WJF,CA,AWP,WE,Federal Contract Tower,0,0,7,0,7,0,4,52,2,58,0,4,59,2,65,92,14,106,171
11/10/2007,WJF,CA,AWP,WE,Federal Contract Tower,0,1,1,0,2,0,1,95,0,96,0,2,96,0,98,48,0,48,146
11/11/2007,WJF,CA,AWP,WE,Federal Contract Tower,0,0,10,0,10,0,2,43,0,45,0,2,53,0,55,40,0,40,95
11/12/2007,WJF,CA,AWP,WE,Federal Contract Tower,0,0,4,0,4,0,4,96,0,100,0,4,100,0,104,78,2,80,184
11/13/2007,WJF,CA,AWP,WE,Federal Contract Tower,0,4,10,2,16,0,4,78,0,82,0,8,88,2,98,100,4,104,202
11/14/2007,WJF,CA,AWP,WE,Federal Contract Tower,0,0,10,2,12,0,6,85,0,91,0,6,95,2,103,194,12,206,309
11/15/2007,WJF,CA,AWP,WE,Federal Contract Tower,0,0,10,2,12,0,14,124,0,138,0,14,134,2,150,210,10,220,370
11/16/2007,WJF,CA,AWP,WE,Federal Contract Tower,0,3,4,0,7,0,19,99,0,118,0,22,103,0,125,228,0,228,353
11/17/2007,WJF,CA,AWP,WE,Federal Contract Tower,0,4,1,0,5,0,2,147,0,149,0,6,148,0,154,144,0,144,298
11/18/2007,WJF,CA,AWP,WE,Federal Contract Tower,0,1,6,0,7,0,1,131,0,132,0,2,137,0,139,124,0,124,263
11/19/2007,WJF,CA,AWP,WE,Federal Contract Tower,0,2,12,2,16,0,10,81,5,96,0,12,93,7,112,238,4,242,354
11/20/2007,WJF,CA,AWP,WE,Federal Contract Tower,0,0,7,3,10,0,4,50,1,55,0,4,57,4,65,86,26,112,177
11/21/2007,WJF,CA,AWP,WE,Federal Contract Tower,0,1,8,0,9,0,5,87,0,92,0,6,95,0,101,168,0,168,269
11/22/2007,WJF,CA,AWP,WE,Federal Contract Tower,0,0,5,0,5,0,0,53,0,53,0,0,58,0,58,74,0,74,132
11/23/2007,WJF,CA,AWP,WE,Federal Contract Tower,0,1,1,0,2,0,2,80,0,82,0,3,81,0,84,110,0,110,194
11/24/2007,WJF,CA,AWP,WE,Federal Contract Tower,0,1,2,0,3,0,3,198,0,201,0,4,200,0,204,112,0,112,316
11/25/2007,WJF,CA,AWP,WE,Federal Contract Tower,0,0,4,0,4,0,0,96,0,96,0,0,100,0,100,40,0,40,140
11/26/2007,WJF,CA,AWP,WE,Federal Contract Tower,0,0,2,2,4,0,2,83,0,85,0,2,85,2,89,44,4,48,137
11/27/2007,WJF,CA,AWP,WE,Federal Contract Tower,0,0,2,0,2,0,2,67,0,69,0,2,69,0,71,162,4,166,237
11/28/2007,WJF,CA,AWP,WE,Federal Contract Tower,0,4,7,1,12,0,4,41,0,45,0,8,48,1,57,107,2,109,166
11/29/2007,WJF,CA,AWP,WE,Federal Contract Tower,0,1,8,1,10,0,4,93,0,97,0,5,101,1,107,119,2,121,228
11/30/2007,WJF,CA,AWP,WE,Federal Contract Tower,0,2,14,0,16,0,0,11,0,11,0,2,25,0,27,14,0,14,41
12/01/2007,WJF,CA,AWP,WE,Federal Contract Tower,0,2,5,0,7,0,0,45,0,45,0,2,50,0,52,56,2,58,110
12/02/2007,WJF,CA,AWP,WE,Federal Contract Tower,0,0,4,0,4,0,0,117,0,117,0,0,121,0,121,180,0,180,301
12/03/2007,WJF,CA,AWP,WE,Federal Contract Tower,0,1,3,0,4,0,3,57,0,60,0,4,60,0,64,68,16,84,148
12/04/2007,WJF,CA,AWP,WE,Federal Contract Tower,0,0,8,0,8,0,2,73,0,75,0,2,81,0,83,122,6,128,211
12/05/2007,WJF,CA,AWP,WE,Federal Contract Tower,0,0,4,2,6,0,6,47,0,53,0,6,51,2,59,126,6,132,191
12/06/2007,WJF,CA,AWP,WE,Federal Contract Tower,0,0,5,3,8,0,4,28,3,35,0,4,33,6,43,42,8,50,93
12/07/2007,WJF,CA,AWP,WE,Federal Contract Tower,0,3,5,0,8,0,0,13,0,13,0,3,18,0,21,30,0,30,51
12/08/2007,WJF,CA,AWP,WE,Federal Contract Tower,0,3,1,0,4,0,0,51,4,55,0,3,52,4,59,88,8,96,155
12/09/2007,WJF,CA,AWP,WE,Federal Contract Tower,0,0,4,0,4,0,3,50,2,55,0,3,54,2,59,70,2,72,131
12/10/2007,WJF,CA,AWP,WE,Federal Contract Tower,0,1,4,0,5,0,5,46,0,51,0,6,50,0,56,36,0,36,92
12/11/2007,WJF,CA,AWP,WE,Federal Contract Tower,0,2,9,0,11,0,6,36,0,42,0,8,45,0,53,222,2,224,277
12/12/2007,WJF,CA,AWP,WE,Federal Contract Tower,0,0,2,4,6,0,2,70,0,72,0,2,72,4,78,224,4,228,306
12/13/2007,WJF,CA,AWP,WE,Federal Contract Tower,0,0,3,0,3,0,4,74,0,78,0,4,77,0,81,200,6,206,287
12/14/2007,WJF,CA,AWP,WE,Federal Contract Tower,0,0,0,0,0,0,6,115,2,123,0,6,115,2,123,112,0,112,235
12/15/2007,WJF,CA,AWP,WE,Federal Contract Tower,0,0,7,0,7,0,4,147,0,151,0,4,154,0,158,164,0,164,322
12/16/2007,WJF,CA,AWP,WE,Federal Contract Tower,0,0,5,0,5,0,0,131,0,131,0,0,136,0,136,52,4,56,192
12/17/2007,WJF,CA,AWP,WE,Federal Contract Tower,0,2,4,2,8,0,2,65,0,67,0,4,69,2,75,94,4,98,173
12/18/2007,WJF,CA,AWP,WE,Federal Contract Tower,0,3,8,0,11,0,2,16,0,18,0,5,24,0,29,26,4,30,59
12/19/2007,WJF,CA,AWP,WE,Federal Contract Tower,0,2,9,0,11,0,3,15,0,18,0,5,24,0,29,36,0,36,65
12/20/2007,WJF,CA,AWP,WE,Federal Contract Tower,0,3,8,0,11,0,1,19,0,20,0,4,27,0,31,56,2,58,89
12/21/2007,WJF,CA,AWP,WE,Federal Contract Tower,0,3,4,0,7,0,7,51,0,58,0,10,55,0,65,56,2,58,123
12/22/2007,WJF,CA,AWP,WE,Federal Contract Tower,0,0,8,0,8,0,2,114,0,116,0,2,122,0,124,120,0,120,244
12/23/2007,WJF,CA,AWP,WE,Federal Contract Tower,0,0,2,0,2,0,0,74,0,74,0,0,76,0,76,32,10,42,118
12/24/2007,WJF,CA,AWP,WE,Federal Contract Tower,0,0,2,0,2,0,2,48,0,50,0,2,50,0,52,22,0,22,74
12/25/2007,WJF,CA,AWP,WE,Federal Contract Tower,0,0,0,0,0,0,0,9,0,9,0,0,9,0,9,6,0,6,15
12/26/2007,WJF,CA,AWP,WE,Federal Contract Tower,0,1,0,0,1,0,0,20,0,20,0,1,20,0,21,0,0,0,21
12/27/2007,WJF,CA,AWP,WE,Federal Contract Tower,0,0,3,0,3,0,2,56,0,58,0,2,59,0,61,92,0,92,153
12/28/2007,WJF,CA,AWP,WE,Federal Contract Tower,0,4,5,0,9,0,2,38,0,40,0,6,43,0,49,40,2,42,91
12/29/2007,WJF,CA,AWP,WE,Federal Contract Tower,0,3,2,0,5,0,2,90,0,92,0,5,92,0,97,152,0,152,249
12/30/2007,WJF,CA,AWP,WE,Federal Contract Tower,0,0,7,0,7,0,0,53,0,53,0,0,60,0,60,65,0,65,125
12/31/2007,WJF,CA,AWP,WE,Federal Contract Tower,0,0,3,0,3,0,2,86,0,88,0,2,89,0,91,128,0,128,219
01/01/2008,WJF,CA,AWP,WE,Federal Contract Tower,0,0,1,0,1,0,0,36,0,36,0,0,37,0,37,20,0,20,57
01/02/2008,WJF,CA,AWP,WE,Federal Contract Tower,0,3,13,0,16,0,9,95,0,104,0,12,108,0,120,106,0,106,226
01/03/2008,WJF,CA,AWP,WE,Federal Contract Tower,0,1,4,1,6,0,5,38,3,46,0,6,42,4,52,36,10,46,98
01/04/2008,WJF,CA,AWP,WE,Federal Contract Tower,0,0,1,0,1,0,2,22,0,24,0,2,23,0,25,18,2,20,45
01/05/2008,WJF,CA,AWP,WE,Federal Contract Tower,0,2,1,0,3,0,0,10,0,10,0,2,11,0,13,18,0,18,31
01/06/2008,WJF,CA,AWP,WE,Federal Contract Tower,0,0,1,0,1,0,0,8,4,12,0,0,9,4,13,16,4,20,33
01/07/2008,WJF,CA,AWP,WE,Federal Contract Tower,0,1,7,0,8,0,3,24,0,27,0,4,31,0,35,6,0,6,41
01/08/2008,WJF,CA,AWP,WE,Federal Contract Tower,0,0,7,5,12,0,4,55,1,60,0,4,62,6,72,60,18,78,150
01/09/2008,WJF,CA,AWP,WE,Federal Contract Tower,0,1,11,0,12,0,11,46,0,57,0,12,57,0,69,50,0,50,119
01/10/2008,WJF,CA,AWP,WE,Federal Contract Tower,0,1,12,2,15,0,7,121,0,128,0,8,133,2,143,110,4,114,257
01/11/2008,WJF,CA,AWP,WE,Federal Contract Tower,0,1,5,1,7,0,9,119,1,129,0,10,124,2,136,138,0,138,274
01/13/2008,WJF,CA,AWP,WE,Federal Contract Tower,0,0,3,0,3,0,0,85,0,85,0,0,88,0,88,98,0,98,186
01/14/2008,WJF,CA,AWP,WE,Federal Contract Tower,0,1,5,2,8,0,7,50,2,59,0,8,55,4,67,98,0,98,165
01/15/2008,WJF,CA,AWP,WE,Federal Contract Tower,0,0,7,0,7,0,2,65,0,67,0,2,72,0,74,100,0,100,174
01/16/2008,WJF,CA,AWP,WE,Federal Contract Tower,0,2,4,4,10,0,6,37,10,53,0,8,41,14,63,102,4,106,169
01/17/2008,WJF,CA,AWP,WE,Federal Contract Tower,0,2,4,0,6,0,5,50,2,57,0,7,54,2,63,72,0,72,135
01/18/2008,WJF,CA,AWP,WE,Federal Contract Tower,0,2,9,0,11,0,3,79,4,86,0,5,88,4,97,126,0,126,223
01/19/2008,WJF,CA,AWP,WE,Federal Contract Tower,0,0,4,0,4,0,2,146,0,148,0,2,150,0,152,136,0,136,288
01/20/2008,WJF,CA,AWP,WE,Federal Contract Tower,0,1,1,0,2,0,0,51,0,51,0,1,52,0,53,36,0,36,89
01/21/2008,WJF,CA,AWP,WE,Federal Contract Tower,0,2,5,0,7,0,1,30,0,31,0,3,35,0,38,22,0,22,60
01/22/2008,WJF,CA,AWP,WE,Federal Contract Tower,0,2,9,1,12,0,3,34,1,38,0,5,43,2,50,146,0,146,196
01/23/2008,WJF,CA,AWP,WE,Federal Contract Tower,0,4,3,1,8,0,0,15,1,16,0,4,18,2,24,18,8,26,50
01/24/2008,WJF,CA,AWP,WE,Federal Contract Tower,0,2,8,2,12,0,0,17,2,19,0,2,25,4,31,24,0,24,55
01/25/2008,WJF,CA,AWP,WE,Federal Contract Tower,0,6,4,0,10,0,0,11,2,13,0,6,15,2,23,0,10,10,33
01/26/2008,WJF,CA,AWP,WE,Federal Contract Tower,0,0,2,0,2,0,2,111,0,113,0,2,113,0,115,142,0,142,257
01/27/2008,WJF,CA,AWP,WE,Federal Contract Tower,0,0,1,0,1,0,0,5,0,5,0,0,6,0,6,0,0,0,6
01/28/2008,WJF,CA,AWP,WE,Federal Contract Tower,0,1,4,3,8,0,1,9,3,13,0,2,13,6,21,0,6,6,27
01/29/2008,WJF,CA,AWP,WE,Federal Contract Tower,0,2,11,1,14,0,2,79,1,82,0,4,90,2,96,106,4,110,206
01/30/2008,WJF,CA,AWP,WE,Federal Contract Tower,0,1,0,0,1,0,7,21,4,32,0,8,21,4,33,14,0,14,47
01/31/2008,WJF,CA,AWP,WE,Federal Contract Tower,0,1,9,0,10,0,3,82,2,87,0,4,91,2,97,74,0,74,171
02/01/2008,WJF,CA,AWP,WE,Federal Contract Tower,0,1,4,0,5,0,5,40,2,47,0,6,44,2,52,34,0,34,86
02/02/2008,WJF,CA,AWP,WE,Federal Contract Tower,0,0,11,5,16,0,4,84,1,89,0,4,95,6,105,54,0,54,159
02/03/2008,WJF,CA,AWP,WE,Federal Contract Tower,0,0,0,0,0,0,0,7,0,7,0,0,7,0,7,0,0,0,7
02/04/2008,WJF,CA,AWP,WE,Federal Contract Tower,0,3,2,0,5,0,3,41,2,46,0,6,43,2,51,110,4,114,165
02/05/2008,WJF,CA,AWP,WE,Federal Contract Tower,0,1,7,1,9,0,3,76,3,82,0,4,83,4,91,114,14,128,219
02/06/2008,WJF,CA,AWP,WE,Federal Contract Tower,0,1,8,1,10,0,3,41,1,45,0,4,49,2,55,24,0,24,79
02/07/2008,WJF,CA,AWP,WE,Federal Contract Tower,0,1,8,1,10,0,7,66,1,74,0,8,74,2,84,44,4,48,132
02/08/2008,WJF,CA,AWP,WE,Federal Contract Tower,0,1,8,1,10,0,1,111,2,114,0,2,119,3,124,128,2,130,254
02/09/2008,WJF,CA,AWP,WE,Federal Contract Tower,0,0,8,0,8,0,4,178,4,186,0,4,186,4,194,118,0,118,312
02/10/2008,WJF,CA,AWP,WE,Federal Contract Tower,0,0,5,0,5,0,0,112,0,112,0,0,117,0,117,124,0,124,241
02/11/2008,WJF,CA,AWP,WE,Federal Contract Tower,0,1,12,1,14,0,17,90,3,110,0,18,102,4,124,138,2,140,264
02/12/2008,WJF,CA,AWP,WE,Federal Contract Tower,0,1,5,4,10,0,38,89,2,129,0,39,94,6,139,151,2,153,292
02/13/2008,WJF,CA,AWP,WE,Federal Contract Tower,0,3,7,0,10,1,5,49,2,57,1,8,56,2,67,43,0,43,110
02/14/2008,WJF,CA,AWP,WE,Federal Contract Tower,0,2,6,1,9,0,4,27,1,32,0,6,33,2,41,18,0,18,59
02/15/2008,WJF,CA,AWP,WE,Federal Contract Tower,0,1,8,0,9,0,7,95,0,102,0,8,103,0,111,100,0,100,211
02/16/2008,WJF,CA,AWP,WE,Federal Contract Tower,0,0,5,0,5,0,2,142,0,144,0,2,147,0,149,136,0,136,285
02/17/2008,WJF,CA,AWP,WE,Federal Contract Tower,0,0,10,0,10,0,0,113,0,113,0,0,123,0,123,194,0,194,317
02/18/2008,WJF,CA,AWP,WE,Federal Contract Tower,0,2,4,0,6,0,2,135,0,137,0,4,139,0,143,106,0,106,249
02/19/2008,WJF,CA,AWP,WE,Federal Contract Tower,0,4,12,1,17,0,4,37,1,42,0,8,49,2,59,38,0,38,97
02/20/2008,WJF,CA,AWP,WE,Federal Contract Tower,0,1,3,3,7,0,1,15,2,18,0,2,18,5,25,14,4,18,43
02/21/2008,WJF,CA,AWP,WE,Federal Contract Tower,0,2,8,2,12,0,4,23,2,29,0,6,31,4,41,6,0,6,47
02/22/2008,WJF,CA,AWP,WE,Federal Contract Tower,0,6,4,1,11,0,1,20,1,22,0,7,24,2,33,32,0,32,65
02/23/2008,WJF,CA,AWP,WE,Federal Contract Tower,0,1,9,0,10,0,2,92,0,94,0,3,101,0,104,76,0,76,180
02/24/2008,WJF,CA,AWP,WE,Federal Contract Tower,0,4,6,0,10,0,1,16,0,17,0,5,22,0,27,20,0,20,47
02/25/2008,WJF,CA,AWP,WE,Federal Contract Tower,0,2,14,2,18,0,2,79,0,81,0,4,93,2,99,72,8,80,179
02/26/2008,WJF,CA,AWP,WE,Federal Contract Tower,0,5,1,4,10,0,3,111,6,120,0,8,112,10,130,48,4,52,182
02/27/2008,WJF,CA,AWP,WE,Federal Contract Tower,0,4,3,4,11,0,8,139,2,149,0,12,142,6,160,84,0,84,244
02/28/2008,WJF,CA,AWP,WE,Federal Contract Tower,0,2,13,0,15,0,2,141,2,145,0,4,154,2,160,114,0,114,274
02/29/2008,WJF,CA,AWP,WE,Federal Contract Tower,0,3,12,0,15,0,11,101,0,112,0,14,113,0,127,136,0,136,263
03/01/2008,WJF,CA,AWP,WE,Federal Contract Tower,0,2,8,0,10,0,0,42,2,44,0,2,50,2,54,41,6,47,101
03/02/2008,WJF,CA,AWP,WE,Federal Contract Tower,0,0,8,0,8,0,0,37,0,37,0,0,45,0,45,36,0,36,81
03/03/2008,WJF,CA,AWP,WE,Federal Contract Tower,0,0,4,1,5,0,4,49,1,54,0,4,53,2,59,138,2,140,199
03/04/2008,WJF,CA,AWP,WE,Federal Contract Tower,0,1,2,1,4,0,1,85,1,87,0,2,87,2,91,78,0,78,169
03/05/2008,WJF,CA,AWP,WE,Federal Contract Tower,0,1,3,0,4,0,5,81,0,86,0,6,84,0,90,74,0,74,164
03/06/2008,WJF,CA,AWP,WE,Federal Contract Tower,0,1,10,2,13,0,3,107,2,112,0,4,117,4,125,116,0,116,241
03/07/2008,WJF,CA,AWP,WE,Federal Contract Tower,0,2,9,0,11,0,4,117,0,121,0,6,126,0,132,154,0,154,286
03/08/2008,WJF,CA,AWP,WE,Federal Contract Tower,0,1,3,0,4,0,1,51,0,52,0,2,54,0,56,28,0,28,84
03/09/2008,WJF,CA,AWP,WE,Federal Contract Tower,0,0,7,0,7,0,0,152,0,152,0,0,159,0,159,132,0,132,291
03/10/2008,WJF,CA,AWP,WE,Federal Contract Tower,0,0,7,0,7,0,4,85,0,89,0,4,92,0,96,58,0,58,154
03/11/2008,WJF,CA,AWP,WE,Federal Contract Tower,0,0,11,0,11,4,4,54,0,62,4,4,65,0,73,84,0,84,157
03/12/2008,WJF,CA,AWP,WE,Federal Contract Tower,0,0,2,1,3,0,2,51,3,56,0,2,53,4,59,78,0,78,137
03/13/2008,WJF,CA,AWP,WE,Federal Contract Tower,0,0,2,1,3,0,2,19,3,24,0,2,21,4,27,10,0,10,37
03/14/2008,WJF,CA,AWP,WE,Federal Contract Tower,0,0,6,0,6,0,4,38,0,42,0,4,44,0,48,12,0,12,60
03/15/2008,WJF,CA,AWP,WE,Federal Contract Tower,0,0,5,0,5,0,2,62,0,64,0,2,67,0,69,8,0,8,77
03/16/2008,WJF,CA,AWP,WE,Federal Contract Tower,0,0,1,0,1,0,0,22,0,22,0,0,23,0,23,2,0,2,25
03/17/2008,WJF,CA,AWP,WE,Federal Contract Tower,0,3,12,2,17,0,6,57,2,65,0,9,69,4,82,52,0,52,134
03/18/2008,WJF,CA,AWP,WE,Federal Contract Tower,0,3,5,0,8,0,1,85,0,86,0,4,90,0,94,118,0,118,212
03/19/2008,WJF,CA,AWP,WE,Federal Contract Tower,0,1,5,1,7,0,3,57,0,60,0,4,62,1,67,68,2,70,137
03/20/2008,WJF,CA,AWP,WE,Federal Contract Tower,0,2,0,0,2,0,2,44,0,46,0,4,44,0,48,6,0,6,54
03/21/2008,WJF,CA,AWP,WE,Federal Contract Tower,0,0,7,0,7,0,4,101,0,105,0,4,108,0,112,172,0,172,284
03/22/2008,WJF,CA,AWP,WE,Federal Contract Tower,0,0,6,0,6,0,2,148,0,150,0,2,154,0,156,144,0,144,300
03/23/2008,WJF,CA,AWP,WE,Federal Contract Tower,0,0,2,0,2,0,0,76,0,76,0,0,78,0,78,70,0,70,148
03/24/2008,WJF,CA,AWP,WE,Federal Contract Tower,0,2,1,0,3,0,3,55,0,58,0,5,56,0,61,34,0,34,95
03/25/2008,WJF,CA,AWP,WE,Federal Contract Tower,0,0,1,0,1,0,2,44,0,46,0,2,45,0,47,12,0,12,59
03/26/2008,WJF,CA,AWP,WE,Federal Contract Tower,0,3,2,2,7,0,7,49,2,58,0,10,51,4,65,30,0,30,95
03/27/2008,WJF,CA,AWP,WE,Federal Contract Tower,0,0,11,1,12,0,2,50,3,55,0,2,61,4,67,24,0,24,91
03/28/2008,WJF,CA,AWP,WE,Federal Contract Tower,0,0,7,1,8,0,2,57,1,60,0,2,64,2,68,72,0,72,140
03/29/2008,WJF,CA,AWP,WE,Federal Contract Tower,0,1,7,0,8,0,1,64,0,65,0,2,71,0,73,44,0,44,117
03/30/2008,WJF,CA,AWP,WE,Federal Contract Tower,0,0,2,0,2,0,0,48,0,48,0,0,50,0,50,60,0,60,110
03/31/2008,WJF,CA,AWP,WE,Federal Contract Tower,0,5,5,0,10,0,3,103,2,108,0,8,108,2,118,114,4,118,236
04/01/2008,WJF,CA,AWP,WE,Federal Contract Tower,0,5,4,0,9,0,5,104,0,109,0,10,108,0,118,88,0,88,206
04/02/2008,WJF,CA,AWP,WE,Federal Contract Tower,0,2,14,3,19,0,4,25,1,30,0,6,39,4,49,30,0,30,79
04/03/2008,WJF,CA,AWP,WE,Federal Contract Tower,0,3,8,1,12,0,8,64,1,73,0,11,72,2,85,78,0,78,163
04/04/2008,WJF,CA,AWP,WE,Federal Contract Tower,0,0,6,2,8,0,2,98,6,106,0,2,104,8,114,83,4,87,201
04/05/2008,WJF,CA,AWP,WE,Federal Contract Tower,0,0,0,0,0,0,2,69,0,71,0,2,69,0,71,38,0,38,109
04/06/2008,WJF,CA,AWP,WE,Federal Contract Tower,0,0,3,0,3,0,4,100,0,104,0,4,103,0,107,70,0,70,177
04/07/2008,WJF,CA,AWP,WE,Federal Contract Tower,0,6,2,2,10,0,6,42,0,48,0,12,44,2,58,24,4,28,86
04/08/2008,WJF,CA,AWP,WE,Federal Contract Tower,0,0,2,2,4,0,4,29,0,33,0,4,31,2,37,18,0,18,55
04/09/2008,WJF,CA,AWP,WE,Federal Contract Tower,0,0,7,0,7,0,4,39,2,45,0,4,46,2,52,24,0,24,76
04/10/2008,WJF,CA,AWP,WE,Federal Contract Tower,0,0,1,2,3,0,2,102,5,109,0,2,103,7,112,193,4,197,309
04/11/2008,WJF,CA,AWP,WE,Federal Contract Tower,0,1,5,0,6,0,3,87,0,90,0,4,92,0,96,88,0,88,184
04/12/2008,WJF,CA,AWP,WE,Federal Contract Tower,0,1,5,0,6,0,1,106,0,107,0,2,111,0,113,104,0,104,217
04/13/2008,WJF,CA,AWP,WE,Federal Contract Tower,0,0,5,0,5,0,0,108,0,108,0,0,113,0,113,88,0,88,201
04/14/2008,WJF,CA,AWP,WE,Federal Contract Tower,0,1,3,0,4,0,5,47,0,52,0,6,50,0,56,44,0,44,100
04/15/2008,WJF,CA,AWP,WE,Federal Contract Tower,0,0,1,1,2,0,0,18,0,18,0,0,19,1,20,2,2,4,24
04/16/2008,WJF,CA,AWP,WE,Federal Contract Tower,0,0,8,4,12,0,2,81,4,87,0,2,89,8,99,26,2,28,127
04/17/2008,WJF,CA,AWP,WE,Federal Contract Tower,0,2,7,2,11,0,4,79,0,83,0,6,86,2,94,74,6,80,174
04/18/2008,WJF,CA,AWP,WE,Federal Contract Tower,0,5,7,0,12,0,5,131,2,138,0,10,138,2,150,88,0,88,238
04/19/2008,WJF,CA,AWP,WE,Federal Contract Tower,0,0,4,0,4,0,2,61,0,63,0,2,65,0,67,38,0,38,105
04/20/2008,WJF,CA,AWP,WE,Federal Contract Tower,0,0,0,0,0,0,0,38,0,38,0,0,38,0,38,8,0,8,46
04/21/2008,WJF,CA,AWP,WE,Federal Contract Tower,0,1,1,0,2,0,2,65,0,67,0,3,66,0,69,54,0,54,123
04/22/2008,WJF,CA,AWP,WE,Federal Contract Tower,0,1,7,1,9,0,5,83,1,89,0,6,90,2,98,82,0,82,180
04/23/2008,WJF,CA,AWP,WE,Federal Contract Tower,0,2,7,0,9,0,2,43,0,45,0,4,50,0,54,46,0,46,100
04/24/2008,WJF,CA,AWP,WE,Federal Contract Tower,0,3,7,3,13,0,5,56,10,71,0,8,63,13,84,72,0,72,156
04/25/2008,WJF,CA,AWP,WE,Federal Contract Tower,0,0,9,0,9,0,2,122,5,129,0,2,131,5,138,154,0,154,292
04/26/2008,WJF,CA,AWP,WE,Federal Contract Tower,0,2,6,0,8,0,4,115,0,119,0,6,121,0,127,104,0,104,231
04/27/2008,WJF,CA,AWP,WE,Federal Contract Tower,0,0,9,0,9,0,0,194,0,194,0,0,203,0,203,72,0,72,275
04/28/2008,WJF,CA,AWP,WE,Federal Contract Tower,0,0,7,0,7,0,2,125,0,127,0,2,132,0,134,72,0,72,206
04/29/2008,WJF,CA,AWP,WE,Federal Contract Tower,0,2,3,3,8,0,2,44,3,49,0,4,47,6,57,36,0,36,93
04/30/2008,WJF,CA,AWP,WE,Federal Contract Tower,0,0,6,0,6,0,4,34,2,40,0,4,40,2,46,8,0,8,54
05/01/2008,WJF,CA,AWP,WE,Federal Contract Tower,0,1,10,1,12,0,5,53,1,59,0,6,63,2,71,54,2,56,127
05/02/2008,WJF,CA,AWP,WE,Federal Contract Tower,0,0,3,1,4,0,2,101,1,104,0,2,104,2,108,116,0,116,224
05/03/2008,WJF,CA,AWP,WE,Federal Contract Tower,0,1,1,0,2,0,1,105,4,110,0,2,106,4,112,66,0,66,178
05/04/2008,WJF,CA,AWP,WE,Federal Contract Tower,0,0,5,0,5,0,0,110,2,112,0,0,115,2,117,76,0,76,193
05/05/2008,WJF,CA,AWP,WE,Federal Contract Tower,0,0,12,0,12,0,2,66,0,68,0,2,78,0,80,44,0,44,124
05/06/2008,WJF,CA,AWP,WE,Federal Contract Tower,0,0,7,1,8,0,4,42,1,47,0,4,49,2,55,26,0,26,81
05/07/2008,WJF,CA,AWP,WE,Federal Contract Tower,0,0,3,0,3,0,4,21,0,25,0,4,24,0,28,6,0,6,34
05/08/2008,WJF,CA,AWP,WE,Federal Contract Tower,0,1,4,0,5,0,4,78,0,82,0,5,82,0,87,100,0,100,187
05/09/2008,WJF,CA,AWP,WE,Federal Contract Tower,0,0,6,0,6,0,4,58,0,62,0,4,64,0,68,44,0,44,112
05/10/2008,WJF,CA,AWP,WE,Federal Contract Tower,0,1,6,0,7,0,1,88,0,89,0,2,94,0,96,116,0,116,212
05/11/2008,WJF,CA,AWP,WE,Federal Contract Tower,0,0,1,0,1,0,0,88,0,88,0,0,89,0,89,74,0,74,163
05/12/2008,WJF,CA,AWP,WE,Federal Contract Tower,0,0,5,1,6,0,2,31,1,34,0,2,36,2,40,2,0,2,42
05/13/2008,WJF,CA,AWP,WE,Federal Contract Tower,0,0,1,0,1,0,1,41,1,43,0,1,42,1,44,32,2,34,78
05/14/2008,WJF,CA,AWP,WE,Federal Contract Tower,0,0,4,4,8,0,2,101,6,109,0,2,105,10,117,149,0,149,266
05/15/2008,WJF,CA,AWP,WE,Federal Contract Tower,0,0,0,2,2,0,2,45,2,49,0,2,45,4,51,24,0,24,75
05/16/2008,WJF,CA,AWP,WE,Federal Contract Tower,0,0,10,1,11,0,4,90,1,95,0,4,100,2,106,54,0,54,160
05/17/2008,WJF,CA,AWP,WE,Federal Contract Tower,0,0,3,0,3,0,2,111,0,113,0,2,114,0,116,158,0,158,274
05/18/2008,WJF,CA,AWP,WE,Federal Contract Tower,0,0,3,0,3,0,0,63,0,63,0,0,66,0,66,74,0,74,140
05/19/2008,WJF,CA,AWP,WE,Federal Contract Tower,0,2,3,1,6,0,0,54,1,55,0,2,57,2,61,74,2,76,137
05/20/2008,WJF,CA,AWP,WE,Federal Contract Tower,0,0,10,0,10,0,2,46,0,48,0,2,56,0,58,34,0,34,92
05/21/2008,WJF,CA,AWP,WE,Federal Contract Tower,0,0,1,0,1,0,0,9,0,9,0,0,10,0,10,4,0,4,14
05/22/2008,WJF,CA,AWP,WE,Federal Contract Tower,0,0,5,1,6,0,0,25,1,26,0,0,30,2,32,34,0,34,66
05/23/2008,WJF,CA,AWP,WE,Federal Contract Tower,0,0,8,0,8,0,2,33,0,35,0,2,41,0,43,20,0,20,63
05/24/2008,WJF,CA,AWP,WE,Federal Contract Tower,0,2,7,0,9,0,0,49,0,49,0,2,56,0,58,82,0,82,140
05/25/2008,WJF,CA,AWP,WE,Federal Contract Tower,0,0,2,0,2,0,0,41,0,41,0,0,43,0,43,26,0,26,69
05/26/2008,WJF,CA,AWP,WE,Federal Contract Tower,0,0,7,0,7,0,0,46,0,46,0,0,53,0,53,18,0,18,71
05/27/2008,WJF,CA,AWP,WE,Federal Contract Tower,0,2,6,1,9,0,2,58,7,67,0,4,64,8,76,94,0,94,170
05/28/2008,WJF,CA,AWP,WE,Federal Contract Tower,0,1,5,1,7,0,2,57,1,60,0,3,62,2,67,108,0,108,175
05/29/2008,WJF,CA,AWP,WE,Federal Contract Tower,0,1,3,0,4,0,4,68,1,73,0,5,71,1,77,62,0,62,139
05/30/2008,WJF,CA,AWP,WE,Federal Contract Tower,0,3,9,0,12,0,4,112,0,116,0,7,121,0,128,94,0,94,222
05/31/2008,WJF,CA,AWP,WE,Federal Contract Tower,0,0,11,0,11,0,2,92,0,94,0,2,103,0,105,82,0,82,187
06/01/2008,WJF,CA,AWP,WE,Federal Contract Tower,0,0,0,0,0,0,2,97,0,99,0,2,97,0,99,56,0,56,155
06/02/2008,WJF,CA,AWP,WE,Federal Contract Tower,0,0,6,0,6,0,2,58,3,63,0,2,64,3,69,76,0,76,145
06/03/2008,WJF,CA,AWP,WE,Federal Contract Tower,0,3,5,0,8,0,7,56,1,64,0,10,61,1,72,40,0,40,112
06/04/2008,WJF,CA,AWP,WE,Federal Contract Tower,0,0,2,0,2,0,2,9,0,11,0,2,11,0,13,18,0,18,31
06/05/2008,WJF,CA,AWP,WE,Federal Contract Tower,0,2,6,0,8,0,2,62,4,68,0,4,68,4,76,100,0,100,176
06/06/2008,WJF,CA,AWP,WE,Federal Contract Tower,0,0,4,1,5,0,2,114,1,117,0,2,118,2,122,20,0,20,142
06/07/2008,WJF,CA,AWP,WE,Federal Contract Tower,0,0,6,0,6,0,2,111,0,113,0,2,117,0,119,106,6,112,231
06/08/2008,WJF,CA,AWP,WE,Federal Contract Tower,0,0,3,0,3,0,0,112,0,112,0,0,115,0,115,132,0,132,247
06/09/2008,WJF,CA,AWP,WE,Federal Contract Tower,0,2,2,0,4,0,6,54,0,60,0,8,56,0,64,50,0,50,114
06/10/2008,WJF,CA,AWP,WE,Federal Contract Tower,0,0,2,0,2,0,2,34,0,36,0,2,36,0,38,14,0,14,52
06/11/2008,WJF,CA,AWP,WE,Federal Contract Tower,0,1,6,6,13,0,3,83,0,86,0,4,89,6,99,108,0,108,207
06/12/2008,WJF,CA,AWP,WE,Federal Contract Tower,0,0,6,0,6,0,2,83,3,88,0,2,89,3,94,92,0,92,186
06/13/2008,WJF,CA,AWP,WE,Federal Contract Tower,0,1,5,0,6,0,6,86,0,92,0,7,91,0,98,74,0,74,172
06/14/2008,WJF,CA,AWP,WE,Federal Contract Tower,0,2,8,0,10,0,0,90,0,90,0,2,98,0,100,78,0,78,178
06/15/2008,WJF,CA,AWP,WE,Federal Contract Tower,0,0,7,0,7,0,0,103,0,103,0,0,110,0,110,58,0,58,168
06/16/2008,WJF,CA,AWP,WE,Federal Contract Tower,0,0,7,0,7,0,2,57,0,59,0,2,64,0,66,50,0,50,116
06/17/2008,WJF,CA,AWP,WE,Federal Contract Tower,0,1,3,0,4,0,3,71,0,74,0,4,74,0,78,66,0,66,144
06/18/2008,WJF,CA,AWP,WE,Federal Contract Tower,0,0,1,0,1,0,4,37,7,48,0,4,38,7,49,78,2,80,129
06/19/2008,WJF,CA,AWP,WE,Federal Contract Tower,0,0,2,1,3,0,6,64,3,73,0,6,66,4,76,72,0,72,148
06/20/2008,WJF,CA,AWP,WE,Federal Contract Tower,0,1,8,1,10,0,7,88,3,98,0,8,96,4,108,62,0,62,170
06/21/2008,WJF,CA,AWP,WE,Federal Contract Tower,0,0,5,0,5,0,2,84,0,86,0,2,89,0,91,94,0,94,185
06/22/2008,WJF,CA,AWP,WE,Federal Contract Tower,0,0,2,0,2,0,0,75,0,75,0,0,77,0,77,60,0,60,137
06/23/2008,WJF,CA,AWP,WE,Federal Contract Tower,0,0,2,3,5,0,2,69,3,74,0,2,71,6,79,30,2,32,111
06/24/2008,WJF,CA,AWP,WE,Federal Contract Tower,0,0,1,1,2,0,2,81,1,84,0,2,82,2,86,60,0,60,146
06/25/2008,WJF,CA,AWP,WE,Federal Contract Tower,0,0,7,2,9,0,4,65,2,71,0,4,72,4,80,22,0,22,102
06/26/2008,WJF,CA,AWP,WE,Federal Contract Tower,0,2,10,0,12,0,6,63,4,73,0,8,73,4,85,76,0,76,161
06/27/2008,WJF,CA,AWP,WE,Federal Contract Tower,0,0,6,2,8,0,2,89,1,92,0,2,95,3,100,70,2,72,172
06/28/2008,WJF,CA,AWP,WE,Federal Contract Tower,0,0,3,0,3,0,2,171,0,173,0,2,174,0,176,58,0,58,234
06/29/2008,WJF,CA,AWP,WE,Federal Contract Tower,0,1,4,0,5,0,0,195,4,199,0,1,199,4,204,70,0,70,274
06/30/2008,WJF,CA,AWP,WE,Federal Contract Tower,0,1,3,2,6,0,1,173,4,178,0,2,176,6,184,58,4,62,246
07/01/2008,WJF,CA,AWP,WE,Federal Contract Tower,0,0,5,0,5,0,4,145,2,151,0,4,150,2,156,68,0,68,224
07/02/2008,WJF,CA,AWP,WE,Federal Contract Tower,0,0,4,2,6,0,10,108,4,122,0,10,112,6,128,71,0,71,199
07/03/2008,WJF,CA,AWP,WE,Federal Contract Tower,0,0,3,0,3,0,2,97,4,103,0,2,100,4,106,80,0,80,186
07/04/2008,WJF,CA,AWP,WE,Federal Contract Tower,0,0,4,0,4,0,0,78,0,78,0,0,82,0,82,50,0,50,132
07/05/2008,WJF,CA,AWP,WE,Federal Contract Tower,0,0,1,0,1,0,2,66,0,68,0,2,67,0,69,68,0,68,137
07/06/2008,WJF,CA,AWP,WE,Federal Contract Tower,0,0,3,0,3,0,0,97,0,97,0,0,100,0,100,80,0,80,180
07/07/2008,WJF,CA,AWP,WE,Federal Contract Tower,0,1,4,0,5,0,10,55,0,65,0,11,59,0,70,16,0,16,86
07/08/2008,WJF,CA,AWP,WE,Federal Contract Tower,0,0,5,0,5,0,4,63,0,67,0,4,68,0,72,28,0,28,100
07/09/2008,WJF,CA,AWP,WE,Federal Contract Tower,0,0,3,0,3,0,2,62,0,64,0,2,65,0,67,72,4,76,143
07/10/2008,WJF,CA,AWP,WE,Federal Contract Tower,0,0,6,0,6,0,2,62,2,66,0,2,68,2,72,40,0,40,112
07/11/2008,WJF,CA,AWP,WE,Federal Contract Tower,0,0,2,1,3,0,2,55,1,58,0,2,57,2,61,22,0,22,83
07/12/2008,WJF,CA,AWP,WE,Federal Contract Tower,0,5,2,0,7,0,8,93,2,103,0,13,95,2,110,64,0,64,174
07/13/2008,WJF,CA,AWP,WE,Federal Contract Tower,0,0,1,0,1,0,0,69,2,71,0,0,70,2,72,66,0,66,138
07/14/2008,WJF,CA,AWP,WE,Federal Contract Tower,0,0,5,0,5,0,2,45,0,47,0,2,50,0,52,42,0,42,94
07/15/2008,WJF,CA,AWP,WE,Federal Contract Tower,0,4,4,3,11,0,8,76,8,92,0,12,80,11,103,28,0,28,131
07/16/2008,WJF,CA,AWP,WE,Federal Contract Tower,0,0,7,2,9,0,2,63,6,71,0,2,70,8,80,70,0,70,150
07/17/2008,WJF,CA,AWP,WE,Federal Contract Tower,0,0,3,4,7,0,2,78,10,90,0,2,81,14,97,52,0,52,149
07/18/2008,WJF,CA,AWP,WE,Federal Contract Tower,0,0,4,2,6,0,4,74,4,82,0,4,78,6,88,114,0,114,202
07/19/2008,WJF,CA,AWP,WE,Federal Contract Tower,0,0,8,0,8,0,2,97,0,99,0,2,105,0,107,82,0,82,189
07/20/2008,WJF,CA,AWP,WE,Federal Contract Tower,0,0,2,0,2,0,0,89,0,89,0,0,91,0,91,88,0,88,179
07/21/2008,WJF,CA,AWP,WE,Federal Contract Tower,0,0,6,2,8,0,2,65,6,73,0,2,71,8,81,90,0,90,171
07/22/2008,WJF,CA,AWP,WE,Federal Contract Tower,0,2,4,0,6,0,4,74,0,78,0,6,78,0,84,84,0,84,168
07/23/2008,WJF,CA,AWP,WE,Federal Contract Tower,0,0,12,0,12,0,7,93,4,104,0,7,105,4,116,112,0,112,228
07/24/2008,WJF,CA,AWP,WE,Federal Contract Tower,0,0,7,1,8,0,4,85,4,93,0,4,92,5,101,138,0,138,239
07/25/2008,WJF,CA,AWP,WE,Federal Contract Tower,0,2,4,1,7,0,4,88,6,98,0,6,92,7,105,151,6,157,262
07/26/2008,WJF,CA,AWP,WE,Federal Contract Tower,0,0,0,0,0,0,2,66,0,68,0,2,66,0,68,92,0,92,160
07/27/2008,WJF,CA,AWP,WE,Federal Contract Tower,0,0,0,0,0,0,0,76,0,76,0,0,76,0,76,62,0,62,138
07/28/2008,WJF,CA,AWP,WE,Federal Contract Tower,0,1,4,0,5,0,3,62,4,69,0,4,66,4,74,128,10,138,212
07/29/2008,WJF,CA,AWP,WE,Federal Contract Tower,0,1,6,0,7,0,3,73,2,78,0,4,79,2,85,64,12,76,161
07/30/2008,WJF,CA,AWP,WE,Federal Contract Tower,0,0,10,0,10,0,4,56,0,60,0,4,66,0,70,81,0,81,151
07/31/2008,WJF,CA,AWP,WE,Federal Contract Tower,0,3,6,0,9,0,5,77,4,86,0,8,83,4,95,40,18,58,153
08/01/2008,WJF,CA,AWP,WE,Federal Contract Tower,0,0,4,0,4,0,2,66,2,70,0,2,70,2,74,52,2,54,128
08/02/2008,WJF,CA,AWP,WE,Federal Contract Tower,0,0,0,0,0,0,2,103,4,109,0,2,103,4,109,68,0,68,177
08/03/2008,WJF,CA,AWP,WE,Federal Contract Tower,0,0,3,0,3,0,2,126,0,128,0,2,129,0,131,74,0,74,205
08/04/2008,WJF,CA,AWP,WE,Federal Contract Tower,0,2,4,1,7,0,4,60,2,66,0,6,64,3,73,44,2,46,119
08/05/2008,WJF,CA,AWP,WE,Federal Contract Tower,0,0,7,3,10,0,12,62,6,80,0,12,69,9,90,62,2,64,154
08/06/2008,WJF,CA,AWP,WE,Federal Contract Tower,0,1,11,0,12,0,6,78,0,84,0,7,89,0,96,66,0,66,162
08/07/2008,WJF,CA,AWP,WE,Federal Contract Tower,0,2,3,4,9,0,4,62,6,72,0,6,65,10,81,60,6,66,147
08/08/2008,WJF,CA,AWP,WE,Federal Contract Tower,0,0,5,6,11,0,4,97,8,109,0,4,102,14,120,103,4,107,227
08/09/2008,WJF,CA,AWP,WE,Federal Contract Tower,0,1,5,0,6,0,5,80,0,85,0,6,85,0,91,44,0,44,135
08/10/2008,WJF,CA,AWP,WE,Federal Contract Tower,0,1,3,0,4,0,3,72,2,77,0,4,75,2,81,44,0,44,125
08/11/2008,WJF,CA,AWP,WE,Federal Contract Tower,0,0,0,0,0,0,9,54,0,63,0,9,54,0,63,102,0,102,165
08/12/2008,WJF,CA,AWP,WE,Federal Contract Tower,0,1,2,4,7,0,4,72,5,81,0,5,74,9,88,60,6,66,154
08/13/2008,WJF,CA,AWP,WE,Federal Contract Tower,0,0,15,2,17,0,2,66,6,74,0,2,81,8,91,55,0,55,146
08/14/2008,WJF,CA,AWP,WE,Federal Contract Tower,0,1,8,0,9,0,4,105,0,109,0,5,113,0,118,94,0,94,212
08/15/2008,WJF,CA,AWP,WE,Federal Contract Tower,0,1,3,0,4,0,4,76,0,80,0,5,79,0,84,102,0,102,186
08/16/2008,WJF,CA,AWP,WE,Federal Contract Tower,0,0,7,0,7,0,2,89,0,91,0,2,96,0,98,68,0,68,166
08/17/2008,WJF,CA,AWP,WE,Federal Contract Tower,0,0,5,0,5,0,0,185,0,185,0,0,190,0,190,22,0,22,212
08/18/2008,WJF,CA,AWP,WE,Federal Contract Tower,0,0,4,0,4,0,2,62,0,64,0,2,66,0,68,24,0,24,92
08/19/2008,WJF,CA,AWP,WE,Federal Contract Tower,0,0,2,0,2,0,2,55,1,58,0,2,57,1,60,58,2,60,120
08/20/2008,WJF,CA,AWP,WE,Federal Contract Tower,0,0,4,0,4,0,4,73,2,79,0,4,77,2,83,48,0,48,131
08/21/2008,WJF,CA,AWP,WE,Federal Contract Tower,0,0,2,1,3,0,2,58,2,62,0,2,60,3,65,64,0,64,129
08/22/2008,WJF,CA,AWP,WE,Federal Contract Tower,0,1,10,0,11,0,2,127,0,129,0,3,137,0,140,54,0,54,194
08/23/2008,WJF,CA,AWP,WE,Federal Contract Tower,0,1,4,0,5,0,3,130,0,133,0,4,134,0,138,122,0,122,260
08/24/2008,WJF,CA,AWP,WE,Federal Contract Tower,0,2,6,0,8,0,0,105,0,105,0,2,111,0,113,78,0,78,191
08/25/2008,WJF,CA,AWP,WE,Federal Contract Tower,0,0,1,1,2,0,2,62,2,66,0,2,63,3,68,48,0,48,116
08/26/2008,WJF,CA,AWP,WE,Federal Contract Tower,0,2,6,0,8,0,4,70,0,74,0,6,76,0,82,52,0,52,134
08/27/2008,WJF,CA,AWP,WE,Federal Contract Tower,0,0,7,0,7,0,2,53,0,55,0,2,60,0,62,48,0,48,110
08/28/2008,WJF,CA,AWP,WE,Federal Contract Tower,0,0,6,2,8,0,2,64,4,70,0,2,70,6,78,92,0,92,170
08/29/2008,WJF,CA,AWP,WE,Federal Contract Tower,0,0,0,0,0,0,4,75,0,79,0,4,75,0,79,44,0,44,123
08/30/2008,WJF,CA,AWP,WE,Federal Contract Tower,0,0,8,0,8,0,2,62,0,64,0,2,70,0,72,98,0,98,170
08/31/2008,WJF,CA,AWP,WE,Federal Contract Tower,0,0,4,0,4,0,0,38,0,38,0,0,42,0,42,12,0,12,54
09/01/2008,WJF,CA,AWP,WE,Federal Contract Tower,0,0,2,0,2,0,0,104,0,104,0,0,106,0,106,92,0,92,198
09/02/2008,WJF,CA,AWP,WE,Federal Contract Tower,0,0,3,1,4,0,4,64,2,70,0,4,67,3,74,102,0,102,176
09/03/2008,WJF,CA,AWP,WE,Federal Contract Tower,0,2,4,0,6,0,6,65,0,71,0,8,69,0,77,76,0,76,153
09/04/2008,WJF,CA,AWP,WE,Federal Contract Tower,0,0,1,1,2,0,6,83,2,91,0,6,84,3,93,74,2,76,169
09/05/2008,WJF,CA,AWP,WE,Federal Contract Tower,0,1,4,1,6,0,6,86,2,94,0,7,90,3,100,80,0,80,180
09/06/2008,WJF,CA,AWP,WE,Federal Contract Tower,0,0,3,0,3,0,0,107,0,107,0,0,110,0,110,68,4,72,182
09/07/2008,WJF,CA,AWP,WE,Federal Contract Tower,0,0,3,0,3,0,0,85,0,85,0,0,88,0,88,54,0,54,142
09/08/2008,WJF,CA,AWP,WE,Federal Contract Tower,0,1,4,0,5,0,6,67,0,73,0,7,71,0,78,66,0,66,144
09/09/2008,WJF,CA,AWP,WE,Federal Contract Tower,0,0,3,4,7,0,4,64,6,74,0,4,67,10,81,60,4,64,145
09/10/2008,WJF,CA,AWP,WE,Federal Contract Tower,0,1,2,1,4,0,6,72,2,80,0,7,74,3,84,98,2,100,184
09/11/2008,WJF,CA,AWP,WE,Federal Contract Tower,0,1,5,0,6,0,4,57,2,63,0,5,62,2,69,34,0,34,103
09/12/2008,WJF,CA,AWP,WE,Federal Contract Tower,0,1,10,2,13,0,6,103,6,115,0,7,113,8,128,138,0,138,266
09/13/2008,WJF,CA,AWP,WE,Federal Contract Tower,0,0,3,0,3,0,6,85,0,91,0,6,88,0,94,152,0,152,246
09/14/2008,WJF,CA,AWP,WE,Federal Contract Tower,0,0,7,0,7,0,1,121,0,122,0,1,128,0,129,156,0,156,285
09/15/2008,WJF,CA,AWP,WE,Federal Contract Tower,0,0,6,3,9,0,8,80,6,94,0,8,86,9,103,36,0,36,139
09/16/2008,WJF,CA,AWP,WE,Federal Contract Tower,0,0,3,4,7,0,6,54,8,68,0,6,57,12,75,63,0,63,138
09/17/2008,WJF,CA,AWP,WE,Federal Contract Tower,0,0,6,3,9,0,4,57,6,67,0,4,63,9,76,64,0,64,140
09/18/2008,WJF,CA,AWP,WE,Federal Contract Tower,0,0,6,0,6,0,6,80,2,88,0,6,86,2,94,44,0,44,138
09/19/2008,WJF,CA,AWP,WE,Federal Contract Tower,0,1,6,1,8,0,3,83,2,88,0,4,89,3,96,32,4,36,132
09/20/2008,WJF,CA,AWP,WE,Federal Contract Tower,0,0,1,0,1,0,2,116,2,120,0,2,117,2,121,92,2,94,215
09/21/2008,WJF,CA,AWP,WE,Federal Contract Tower,0,0,1,0,1,0,0,126,0,126,0,0,127,0,127,128,0,128,255
09/22/2008,WJF,CA,AWP,WE,Federal Contract Tower,0,0,4,2,6,0,2,81,4,87,0,2,85,6,93,52,0,52,145
09/23/2008,WJF,CA,AWP,WE,Federal Contract Tower,0,0,1,2,3,0,6,80,2,88,0,6,81,4,91,70,0,70,161
09/24/2008,WJF,CA,AWP,WE,Federal Contract Tower,0,0,7,4,11,0,6,81,8,95,0,6,88,12,106,74,2,76,182
09/25/2008,WJF,CA,AWP,WE,Federal Contract Tower,0,0,4,1,5,0,4,48,2,54,0,4,52,3,59,42,0,42,101
09/26/2008,WJF,CA,AWP,WE,Federal Contract Tower,0,0,4,0,4,0,4,69,0,73,0,4,73,0,77,42,0,42,119
09/27/2008,WJF,CA,AWP,WE,Federal Contract Tower,0,2,5,0,7,0,6,132,0,138,0,8,137,0,145,56,0,56,201
09/28/2008,WJF,CA,AWP,WE,Federal Contract Tower,0,0,1,0,1,0,0,101,0,101,0,0,102,0,102,16,0,16,118
09/29/2008,WJF,CA,AWP,WE,Federal Contract Tower,0,2,0,3,5,0,4,31,6,41,0,6,31,9,46,20,4,24,70
09/30/2008,WJF,CA,AWP,WE,Federal Contract Tower,0,0,7,2,9,0,6,56,0,62,0,6,63,2,71,58,2,60,131
10/01/2008,WJF,CA,AWP,WE,Federal Contract Tower,0,0,5,0,5,0,6,75,0,81,0,6,80,0,86,32,0,32,118
10/02/2008,WJF,CA,AWP,WE,Federal Contract Tower,0,0,9,1,10,0,4,86,6,96,0,4,95,7,106,50,0,50,156
10/03/2008,WJF,CA,AWP,WE,Federal Contract Tower,0,0,3,3,6,0,4,82,6,92,0,4,85,9,98,58,2,60,158
10/04/2008,WJF,CA,AWP,WE,Federal Contract Tower,0,1,4,1,6,0,4,29,2,35,0,5,33,3,41,10,2,12,53
10/05/2008,WJF,CA,AWP,WE,Federal Contract Tower,0,0,6,0,6,0,0,104,0,104,0,0,110,0,110,102,0,102,212
10/06/2008,WJF,CA,AWP,WE,Federal Contract Tower,0,3,0,2,5,0,6,59,4,69,0,9,59,6,74,26,0,26,100
10/07/2008,WJF,CA,AWP,WE,Federal Contract Tower,0,3,8,2,13,0,12,91,4,107,0,15,99,6,120,88,0,88,208
10/08/2008,WJF,CA,AWP,WE,Federal Contract Tower,0,0,8,0,8,0,8,100,0,108,0,8,108,0,116,36,6,42,158
10/09/2008,WJF,CA,AWP,WE,Federal Contract Tower,0,0,7,0,7,0,4,52,0,56,0,4,59,0,63,68,0,68,131
10/10/2008,WJF,CA,AWP,WE,Federal Contract Tower,0,0,7,0,7,0,2,28,0,30,0,2,35,0,37,4,4,8,45
10/11/2008,WJF,CA,AWP,WE,Federal Contract Tower,0,1,1,0,2,0,2,51,0,53,0,3,52,0,55,58,0,58,113
10/12/2008,WJF,CA,AWP,WE,Federal Contract Tower,0,0,1,1,2,0,0,137,1,138,0,0,138,2,140,64,0,64,204
10/13/2008,WJF,CA,AWP,WE,Federal Contract Tower,0,1,3,0,4,0,4,78,2,84,0,5,81,2,88,2,0,2,90
10/14/2008,WJF,CA,AWP,WE,Federal Contract Tower,0,0,4,0,4,0,4,79,4,87,0,4,83,4,91,48,0,48,139
10/15/2008,WJF,CA,AWP,WE,Federal Contract Tower,0,0,11,1,12,0,2,112,6,120,0,2,123,7,132,78,2,80,212
10/16/2008,WJF,CA,AWP,WE,Federal Contract Tower,0,2,5,2,9,0,6,78,5,89,0,8,83,7,98,72,0,72,170
10/17/2008,WJF,CA,AWP,WE,Federal Contract Tower,0,2,6,2,10,0,6,129,6,141,0,8,135,8,151,102,0,102,253
10/18/2008,WJF,CA,AWP,WE,Federal Contract Tower,0,1,3,0,4,0,7,103,0,110,0,8,106,0,114,112,0,112,226
10/19/2008,WJF,CA,AWP,WE,Federal Contract Tower,0,0,5,2,7,0,1,112,4,117,0,1,117,6,124,60,0,60,184
10/20/2008,WJF,CA,AWP,WE,Federal Contract Tower,0,0,3,1,4,0,4,56,2,62,0,4,59,3,66,16,0,16,82
10/21/2008,WJF,CA,AWP,WE,Federal Contract Tower,0,0,6,2,8,0,12,53,2,67,0,12,59,4,75,60,4,64,139
10/22/2008,WJF,CA,AWP,WE,Federal Contract Tower,0,0,1,4,5,0,2,51,8,61,0,2,52,12,66,8,4,12,78
10/23/2008,WJF,CA,AWP,WE,Federal Contract Tower,0,1,6,1,8,0,8,70,2,80,0,9,76,3,88,60,0,60,148
10/24/2008,WJF,CA,AWP,WE,Federal Contract Tower,0,0,3,0,3,0,4,89,0,93,0,4,92,0,96,106,0,106,202
10/25/2008,WJF,CA,AWP,WE,Federal Contract Tower,0,0,1,0,1,0,2,105,0,107,0,2,106,0,108,62,0,62,170
10/26/2008,WJF,CA,AWP,WE,Federal Contract Tower,0,0,8,0,8,0,0,146,0,146,0,0,154,0,154,112,0,112,266
10/27/2008,WJF,CA,AWP,WE,Federal Contract Tower,0,0,5,1,6,0,4,72,0,76,0,4,77,1,82,28,0,28,110
10/28/2008,WJF,CA,AWP,WE,Federal Contract Tower,0,0,6,0,6,0,4,43,0,47,0,4,49,0,53,18,0,18,71
10/29/2008,WJF,CA,AWP,WE,Federal Contract Tower,0,4,6,0,10,0,10,44,2,56,0,14,50,2,66,40,0,40,106
10/30/2008,WJF,CA,AWP,WE,Federal Contract Tower,0,0,4,3,7,0,4,45,6,55,0,4,49,9,62,28,0,28,90
10/31/2008,WJF,CA,AWP,WE,Federal Contract Tower,0,0,6,1,7,0,2,57,2,61,0,2,63,3,68,114,0,114,182
11/01/2008,WJF,CA,AWP,WE,Federal Contract Tower,0,0,4,0,4,0,4,25,0,29,0,4,29,0,33,28,0,28,61
11/02/2008,WJF,CA,AWP,WE,Federal Contract Tower,0,0,3,0,3,0,0,26,0,26,0,0,29,0,29,16,0,16,45
11/03/2008,WJF,CA,AWP,WE,Federal Contract Tower,0,1,6,0,7,0,4,36,0,40,0,5,42,0,47,50,0,50,97
11/04/2008,WJF,CA,AWP,WE,Federal Contract Tower,0,3,3,0,6,0,6,25,0,31,0,9,28,0,37,22,0,22,59
11/05/2008,WJF,CA,AWP,WE,Federal Contract Tower,0,0,5,0,5,0,2,38,0,40,0,2,43,0,45,18,0,18,63
11/06/2008,WJF,CA,AWP,WE,Federal Contract Tower,0,3,10,0,13,0,8,74,0,82,0,11,84,0,95,38,0,38,133
11/07/2008,WJF,CA,AWP,WE,Federal Contract Tower,0,1,2,0,3,0,10,71,0,81,0,11,73,0,84,96,0,96,180
11/08/2008,WJF,CA,AWP,WE,Federal Contract Tower,0,2,3,0,5,0,5,147,0,152,0,7,150,0,157,66,0,66,223
11/09/2008,WJF,CA,AWP,WE,Federal Contract Tower,0,3,2,0,5,0,3,22,0,25,0,6,24,0,30,28,0,28,58
11/10/2008,WJF,CA,AWP,WE,Federal Contract Tower,0,0,5,2,7,0,6,56,4,66,0,6,61,6,73,36,0,36,109
11/11/2008,WJF,CA,AWP,WE,Federal Contract Tower,0,0,12,2,14,0,2,106,2,110,0,2,118,4,124,92,0,92,216
11/12/2008,WJF,CA,AWP,WE,Federal Contract Tower,0,1,1,2,4,0,8,58,4,70,0,9,59,6,74,100,4,104,178
11/13/2008,WJF,CA,AWP,WE,Federal Contract Tower,0,0,4,1,5,0,4,83,4,91,0,4,87,5,96,98,4,102,198
11/14/2008,WJF,CA,AWP,WE,Federal Contract Tower,0,0,14,3,17,0,4,107,4,115,0,4,121,7,132,50,4,54,186
11/15/2008,WJF,CA,AWP,WE,Federal Contract Tower,0,1,4,0,5,0,16,102,0,118,0,17,106,0,123,43,0,43,166
11/16/2008,WJF,CA,AWP,WE,Federal Contract Tower,0,0,5,2,7,0,0,200,2,202,0,0,205,4,209,40,0,40,249
11/17/2008,WJF,CA,AWP,WE,Federal Contract Tower,0,1,5,1,7,0,2,155,0,157,0,3,160,1,164,32,2,34,198
11/18/2008,WJF,CA,AWP,WE,Federal Contract Tower,0,1,4,1,6,0,17,98,2,117,0,18,102,3,123,112,2,114,237
11/19/2008,WJF,CA,AWP,WE,Federal Contract Tower,0,4,4,4,12,0,10,83,4,97,0,14,87,8,109,50,2,52,161
11/20/2008,WJF,CA,AWP,WE,Federal Contract Tower,0,3,9,3,15,0,34,86,4,124,0,37,95,7,139,128,0,128,267
11/21/2008,WJF,CA,AWP,WE,Federal Contract Tower,0,1,7,1,9,0,60,107,6,173,0,61,114,7,182,104,4,108,290
11/22/2008,WJF,CA,AWP,WE,Federal Contract Tower,0,0,11,0,11,0,30,133,0,163,0,30,144,0,174,98,0,98,272
11/23/2008,WJF,CA,AWP,WE,Federal Contract Tower,0,0,10,0,10,0,0,136,0,136,0,0,146,0,146,190,0,190,336
11/24/2008,WJF,CA,AWP,WE,Federal Contract Tower,0,1,8,0,9,0,10,93,1,104,0,11,101,1,113,170,4,174,287
11/25/2008,WJF,CA,AWP,WE,Federal Contract Tower,0,1,12,3,16,0,4,117,2,123,0,5,129,5,139,74,0,74,213
11/26/2008,WJF,CA,AWP,WE,Federal Contract Tower,0,8,7,0,15,0,14,14,0,28,0,22,21,0,43,0,0,0,43
11/27/2008,WJF,CA,AWP,WE,Federal Contract Tower,0,0,0,0,0,0,0,30,0,30,0,0,30,0,30,20,0,20,50
11/28/2008,WJF,CA,AWP,WE,Federal Contract Tower,0,3,2,0,5,0,6,70,0,76,0,9,72,0,81,72,0,72,153
11/29/2008,WJF,CA,AWP,WE,Federal Contract Tower,0,0,2,0,2,0,2,84,0,86,0,2,86,0,88,92,0,92,180
11/30/2008,WJF,CA,AWP,WE,Federal Contract Tower,0,2,6,0,8,0,2,125,0,127,0,4,131,0,135,150,0,150,285
12/01/2008,WJF,CA,AWP,WE,Federal Contract Tower,0,0,7,1,8,0,27,86,2,115,0,27,93,3,123,158,2,160,283
12/02/2008,WJF,CA,AWP,WE,Federal Contract Tower,0,6,4,0,10,0,26,66,0,92,0,32,70,0,102,60,0,60,162
12/03/2008,WJF,CA,AWP,WE,Federal Contract Tower,0,1,7,2,10,0,56,97,4,157,0,57,104,6,167,98,4,102,269
12/04/2008,WJF,CA,AWP,WE,Federal Contract Tower,0,1,10,2,13,0,40,86,4,130,0,41,96,6,143,170,8,178,321
12/05/2008,WJF,CA,AWP,WE,Federal Contract Tower,0,0,5,0,5,0,14,81,0,95,0,14,86,0,100,94,0,94,194
12/06/2008,WJF,CA,AWP,WE,Federal Contract Tower,0,0,7,0,7,0,2,117,0,119,0,2,124,0,126,86,0,86,212
12/07/2008,WJF,CA,AWP,WE,Federal Contract Tower,0,0,3,0,3,0,0,60,0,60,0,0,63,0,63,94,0,94,157
12/08/2008,WJF,CA,AWP,WE,Federal Contract Tower,0,1,3,0,4,0,4,38,0,42,0,5,41,0,46,20,0,20,66
12/09/2008,WJF,CA,AWP,WE,Federal Contract Tower,0,3,0,0,3,0,10,29,0,39,0,13,29,0,42,72,0,72,114
12/10/2008,WJF,CA,AWP,WE,Federal Contract Tower,0,1,6,0,7,0,2,56,4,62,0,3,62,4,69,34,6,40,109
12/11/2008,WJF,CA,AWP,WE,Federal Contract Tower,0,0,3,0,3,0,30,60,0,90,0,30,63,0,93,32,0,32,125
12/12/2008,WJF,CA,AWP,WE,Federal Contract Tower,0,1,9,0,10,0,28,100,0,128,0,29,109,0,138,84,0,84,222
12/13/2008,WJF,CA,AWP,WE,Federal Contract Tower,0,0,3,0,3,0,2,13,0,15,0,2,16,0,18,4,0,4,22
12/14/2008,WJF,CA,AWP,WE,Federal Contract Tower,0,0,1,0,1,0,0,49,0,49,0,0,50,0,50,72,0,72,122
12/15/2008,WJF,CA,AWP,WE,Federal Contract Tower,0,3,3,0,6,0,4,5,0,9,0,7,8,0,15,0,0,0,15
12/16/2008,WJF,CA,AWP,WE,Federal Contract Tower,0,1,9,0,10,0,4,47,0,51,0,5,56,0,61,18,0,18,79
12/17/2008,WJF,CA,AWP,WE,Federal Contract Tower,0,0,0,0,0,0,0,0,0,0,0,0,0,0,0,0,0,0,0
12/18/2008,WJF,CA,AWP,WE,Federal Contract Tower,0,0,3,0,3,0,2,57,0,59,0,2,60,0,62,36,4,40,102
12/19/2008,WJF,CA,AWP,WE,Federal Contract Tower,0,0,7,0,7,0,4,56,0,60,0,4,63,0,67,30,0,30,97
12/20/2008,WJF,CA,AWP,WE,Federal Contract Tower,0,0,2,0,2,0,5,117,0,122,0,5,119,0,124,102,0,102,226
12/21/2008,WJF,CA,AWP,WE,Federal Contract Tower,0,0,5,0,5,0,0,91,0,91,0,0,96,0,96,36,0,36,132
12/22/2008,WJF,CA,AWP,WE,Federal Contract Tower,0,2,8,0,10,0,2,14,0,16,0,4,22,0,26,0,0,0,26
12/23/2008,WJF,CA,AWP,WE,Federal Contract Tower,0,1,2,0,3,0,8,31,0,39,0,9,33,0,42,44,0,44,86
12/24/2008,WJF,CA,AWP,WE,Federal Contract Tower,0,2,3,0,5,0,8,7,0,15,0,10,10,0,20,20,0,20,40
12/25/2008,WJF,CA,AWP,WE,Federal Contract Tower,0,0,2,0,2,0,0,3,0,3,0,0,5,0,5,6,0,6,11
12/26/2008,WJF,CA,AWP,WE,Federal Contract Tower,0,2,1,0,3,0,3,24,0,27,0,5,25,0,30,8,0,8,38
12/27/2008,WJF,CA,AWP,WE,Federal Contract Tower,0,0,2,0,2,0,2,102,0,104,0,2,104,0,106,52,0,52,158
12/28/2008,WJF,CA,AWP,WE,Federal Contract Tower,0,2,2,0,4,0,2,102,0,104,0,4,104,0,108,66,0,66,174
12/29/2008,WJF,CA,AWP,WE,Federal Contract Tower,0,2,4,1,7,0,18,73,2,93,0,20,77,3,100,44,0,44,144
12/30/2008,WJF,CA,AWP,WE,Federal Contract Tower,0,0,6,0,6,0,4,85,0,89,0,4,91,0,95,98,0,98,193
12/31/2008,WJF,CA,AWP,WE,Federal Contract Tower,0,3,2,0,5,0,50,83,0,133,0,53,85,0,138,132,0,132,270
01/01/2009,WJF,CA,AWP,WE,Federal Contract Tower,0,0,4,0,4,0,0,102,0,102,0,0,106,0,106,106,0,106,212
01/02/2009,WJF,CA,AWP,WE,Federal Contract Tower,0,1,6,0,7,0,4,83,0,87,0,5,89,0,94,84,0,84,178
01/03/2009,WJF,CA,AWP,WE,Federal Contract Tower,0,0,1,0,1,0,2,79,0,81,0,2,80,0,82,82,0,82,164
01/04/2009,WJF,CA,AWP,WE,Federal Contract Tower,0,0,5,0,5,0,0,78,0,78,0,0,83,0,83,132,0,132,215
01/05/2009,WJF,CA,AWP,WE,Federal Contract Tower,0,0,2,0,2,0,30,67,0,97,0,30,69,0,99,226,0,226,325
01/06/2009,WJF,CA,AWP,WE,Federal Contract Tower,0,0,7,1,8,0,25,147,2,174,0,25,154,3,182,334,0,334,516
01/07/2009,WJF,CA,AWP,WE,Federal Contract Tower,0,1,2,3,6,0,58,93,12,163,0,59,95,15,169,228,0,228,397
01/08/2009,WJF,CA,AWP,WE,Federal Contract Tower,0,1,6,0,7,0,42,90,2,134,0,43,96,2,141,210,0,210,351
01/09/2009,WJF,CA,AWP,WE,Federal Contract Tower,0,2,5,5,12,0,20,79,10,109,0,22,84,15,121,80,0,80,201
01/10/2009,WJF,CA,AWP,WE,Federal Contract Tower,0,0,3,3,6,0,2,62,6,70,0,2,65,9,76,58,0,58,134
01/11/2009,WJF,CA,AWP,WE,Federal Contract Tower,0,0,2,0,2,0,0,79,0,79,0,0,81,0,81,118,0,118,199
01/12/2009,WJF,CA,AWP,WE,Federal Contract Tower,0,1,6,0,7,0,4,72,0,76,0,5,78,0,83,32,0,32,115
01/13/2009,WJF,CA,AWP,WE,Federal Contract Tower,0,2,13,2,17,0,12,107,6,125,0,14,120,8,142,173,0,173,315
01/14/2009,WJF,CA,AWP,WE,Federal Contract Tower,0,1,3,0,4,0,10,56,0,66,0,11,59,0,70,68,0,68,138
01/15/2009,WJF,CA,AWP,WE,Federal Contract Tower,0,1,12,0,13,0,9,79,0,88,0,10,91,0,101,92,0,92,193
01/16/2009,WJF,CA,AWP,WE,Federal Contract Tower,0,1,5,2,8,0,12,83,4,99,0,13,88,6,107,68,6,74,181
01/17/2009,WJF,CA,AWP,WE,Federal Contract Tower,0,1,4,0,5,0,4,197,0,201,0,5,201,0,206,156,0,156,362
01/18/2009,WJF,CA,AWP,WE,Federal Contract Tower,0,0,6,0,6,0,0,107,0,107,0,0,113,0,113,88,0,88,201
01/19/2009,WJF,CA,AWP,WE,Federal Contract Tower,0,0,7,0,7,0,2,104,0,106,0,2,111,0,113,40,0,40,153
01/20/2009,WJF,CA,AWP,WE,Federal Contract Tower,0,4,9,4,17,0,7,70,8,85,0,11,79,12,102,24,0,24,126
01/21/2009,WJF,CA,AWP,WE,Federal Contract Tower,0,2,10,0,12,0,13,50,0,63,0,15,60,0,75,88,0,88,163
01/22/2009,WJF,CA,AWP,WE,Federal Contract Tower,0,5,5,1,11,0,5,8,2,15,0,10,13,3,26,24,0,24,50
01/23/2009,WJF,CA,AWP,WE,Federal Contract Tower,0,1,16,0,17,0,2,30,0,32,0,3,46,0,49,0,0,0,49
01/24/2009,WJF,CA,AWP,WE,Federal Contract Tower,0,2,6,0,8,0,6,62,0,68,0,8,68,0,76,72,0,72,148
01/25/2009,WJF,CA,AWP,WE,Federal Contract Tower,0,0,4,0,4,0,0,20,0,20,0,0,24,0,24,38,0,38,62
01/26/2009,WJF,CA,AWP,WE,Federal Contract Tower,0,0,1,1,2,0,2,45,6,53,0,2,46,7,55,56,4,60,115
01/27/2009,WJF,CA,AWP,WE,Federal Contract Tower,0,2,1,2,5,0,5,56,4,65,0,7,57,6,70,78,0,78,148
01/28/2009,WJF,CA,AWP,WE,Federal Contract Tower,0,0,4,0,4,0,6,66,4,76,0,6,70,4,80,70,0,70,150
01/29/2009,WJF,CA,AWP,WE,Federal Contract Tower,0,0,3,2,5,0,4,58,4,66,0,4,61,6,71,84,0,84,155
01/30/2009,WJF,CA,AWP,WE,Federal Contract Tower,0,0,7,0,7,0,6,88,2,96,0,6,95,2,103,82,6,88,191
01/31/2009,WJF,CA,AWP,WE,Federal Contract Tower,0,0,5,0,5,0,2,158,0,160,0,2,163,0,165,182,0,182,347
02/01/2009,WJF,CA,AWP,WE,Federal Contract Tower,0,0,17,0,17,0,0,119,0,119,0,0,136,0,136,115,0,115,251
02/02/2009,WJF,CA,AWP,WE,Federal Contract Tower,0,0,17,0,17,0,3,86,4,93,0,3,103,4,110,96,0,96,206
02/03/2009,WJF,CA,AWP,WE,Federal Contract Tower,0,0,3,1,4,0,6,107,4,117,0,6,110,5,121,127,8,135,256
02/04/2009,WJF,CA,AWP,WE,Federal Contract Tower,0,0,13,0,13,0,6,144,4,154,0,6,157,4,167,70,0,70,237
02/05/2009,WJF,CA,AWP,WE,Federal Contract Tower,0,1,13,2,16,0,2,74,2,78,0,3,87,4,94,4,0,4,98
02/06/2009,WJF,CA,AWP,WE,Federal Contract Tower,0,3,13,0,16,0,4,40,2,46,0,7,53,2,62,4,2,6,68
02/07/2009,WJF,CA,AWP,WE,Federal Contract Tower,0,0,5,0,5,0,4,11,0,15,0,4,16,0,20,48,0,48,68
02/08/2009,WJF,CA,AWP,WE,Federal Contract Tower,0,0,6,0,6,0,0,22,0,22,0,0,28,0,28,42,0,42,70
02/09/2009,WJF,CA,AWP,WE,Federal Contract Tower,0,2,1,0,3,0,2,9,0,11,0,4,10,0,14,0,0,0,14
02/10/2009,WJF,CA,AWP,WE,Federal Contract Tower,0,0,4,0,4,0,2,51,0,53,0,2,55,0,57,2,0,2,59
02/11/2009,WJF,CA,AWP,WE,Federal Contract Tower,0,3,8,1,12,0,6,63,2,71,0,9,71,3,83,6,0,6,89
02/12/2009,WJF,CA,AWP,WE,Federal Contract Tower,0,1,3,1,5,0,3,35,2,40,0,4,38,3,45,114,0,114,159
02/13/2009,WJF,CA,AWP,WE,Federal Contract Tower,0,2,1,0,3,0,4,15,0,19,0,6,16,0,22,20,0,20,42
02/14/2009,WJF,CA,AWP,WE,Federal Contract Tower,0,0,10,0,10,0,2,134,0,136,0,2,144,0,146,60,0,60,206
02/15/2009,WJF,CA,AWP,WE,Federal Contract Tower,0,0,3,0,3,0,0,60,0,60,0,0,63,0,63,42,0,42,105
02/16/2009,WJF,CA,AWP,WE,Federal Contract Tower,0,2,0,0,2,0,2,10,0,12,0,4,10,0,14,0,0,0,14
02/17/2009,WJF,CA,AWP,WE,Federal Contract Tower,0,4,4,0,8,0,7,23,0,30,0,11,27,0,38,14,0,14,52
02/18/2009,WJF,CA,AWP,WE,Federal Contract Tower,0,4,6,0,10,0,14,64,2,80,0,18,70,2,90,38,0,38,128
02/19/2009,WJF,CA,AWP,WE,Federal Contract Tower,0,1,9,4,14,0,4,74,10,88,0,5,83,14,102,82,0,82,184
02/20/2009,WJF,CA,AWP,WE,Federal Contract Tower,0,0,8,1,9,0,2,115,2,119,0,2,123,3,128,97,4,101,229
02/21/2009,WJF,CA,AWP,WE,Federal Contract Tower,0,0,3,1,4,0,2,155,2,159,0,2,158,3,163,126,0,126,289
02/22/2009,WJF,CA,AWP,WE,Federal Contract Tower,0,2,1,0,3,0,2,64,0,66,0,4,65,0,69,128,0,128,197
02/23/2009,WJF,CA,AWP,WE,Federal Contract Tower,0,2,4,0,6,0,6,40,2,48,0,8,44,2,54,20,0,20,74
02/24/2009,WJF,CA,AWP,WE,Federal Contract Tower,0,3,5,1,9,0,6,72,2,80,0,9,77,3,89,53,0,53,142
02/25/2009,WJF,CA,AWP,WE,Federal Contract Tower,0,1,6,0,7,0,4,40,2,46,0,5,46,2,53,6,0,6,59
02/26/2009,WJF,CA,AWP,WE,Federal Contract Tower,0,0,0,0,0,0,4,36,0,40,0,4,36,0,40,28,0,28,68
02/27/2009,WJF,CA,AWP,WE,Federal Contract Tower,0,1,9,2,12,0,4,107,4,115,0,5,116,6,127,76,0,76,203
02/28/2009,WJF,CA,AWP,WE,Federal Contract Tower,0,2,10,0,12,0,4,150,0,154,0,6,160,0,166,206,0,206,372
03/01/2009,WJF,CA,AWP,WE,Federal Contract Tower,0,0,4,0,4,0,1,125,0,126,0,1,129,0,130,212,0,212,342
03/02/2009,WJF,CA,AWP,WE,Federal Contract Tower,0,2,7,0,9,0,4,29,0,33,0,6,36,0,42,12,0,12,54
03/03/2009,WJF,CA,AWP,WE,Federal Contract Tower,0,0,8,0,8,0,4,42,0,46,0,4,50,0,54,12,0,12,66
03/04/2009,WJF,CA,AWP,WE,Federal Contract Tower,0,1,5,0,6,0,2,14,0,16,0,3,19,0,22,0,0,0,22
03/05/2009,WJF,CA,AWP,WE,Federal Contract Tower,0,0,9,1,10,0,10,86,2,98,0,10,95,3,108,86,0,86,194
03/06/2009,WJF,CA,AWP,WE,Federal Contract Tower,0,1,4,0,5,0,4,56,0,60,0,5,60,0,65,18,0,18,83
03/07/2009,WJF,CA,AWP,WE,Federal Contract Tower,0,2,9,0,11,0,6,134,3,143,0,8,143,3,154,140,0,140,294
03/08/2009,WJF,CA,AWP,WE,Federal Contract Tower,0,0,5,0,5,0,0,121,0,121,0,0,126,0,126,68,2,70,196
03/09/2009,WJF,CA,AWP,WE,Federal Contract Tower,0,1,8,0,9,0,2,35,0,37,0,3,43,0,46,10,0,10,56
03/10/2009,WJF,CA,AWP,WE,Federal Contract Tower,0,0,6,1,7,0,2,78,2,82,0,2,84,3,89,68,2,70,159
03/11/2009,WJF,CA,AWP,WE,Federal Contract Tower,0,1,11,0,12,0,4,80,2,86,0,5,91,2,98,16,0,16,114
03/12/2009,WJF,CA,AWP,WE,Federal Contract Tower,0,0,7,0,7,0,2,76,0,78,0,2,83,0,85,108,0,108,193
03/13/2009,WJF,CA,AWP,WE,Federal Contract Tower,0,0,8,0,8,0,4,100,0,104,0,4,108,0,112,52,0,52,164
03/14/2009,WJF,CA,AWP,WE,Federal Contract Tower,0,1,12,0,13,0,2,166,0,168,0,3,178,0,181,74,0,74,255
03/15/2009,WJF,CA,AWP,WE,Federal Contract Tower,0,0,7,0,7,0,0,142,0,142,0,0,149,0,149,68,0,68,217
03/16/2009,WJF,CA,AWP,WE,Federal Contract Tower,0,2,6,1,9,0,4,63,2,69,0,6,69,3,78,42,4,46,124
03/17/2009,WJF,CA,AWP,WE,Federal Contract Tower,0,0,4,0,4,0,2,61,0,63,0,2,65,0,67,20,0,20,87
03/18/2009,WJF,CA,AWP,WE,Federal Contract Tower,0,0,7,5,12,0,2,74,6,82,0,2,81,11,94,52,0,52,146
03/19/2009,WJF,CA,AWP,WE,Federal Contract Tower,0,1,13,2,16,0,4,90,4,98,0,5,103,6,114,82,0,82,196
03/20/2009,WJF,CA,AWP,WE,Federal Contract Tower,0,1,3,0,4,0,4,101,0,105,0,5,104,0,109,60,0,60,169
03/21/2009,WJF,CA,AWP,WE,Federal Contract Tower,0,0,3,0,3,0,0,1,0,1,0,0,4,0,4,48,0,48,52
03/22/2009,WJF,CA,AWP,WE,Federal Contract Tower,0,0,5,0,5,0,0,18,0,18,0,0,23,0,23,6,0,6,29
03/23/2009,WJF,CA,AWP,WE,Federal Contract Tower,0,1,5,0,6,0,2,49,2,53,0,3,54,2,59,22,0,22,81
03/24/2009,WJF,CA,AWP,WE,Federal Contract Tower,0,0,9,1,10,0,4,84,4,92,0,4,93,5,102,24,4,28,130
03/25/2009,WJF,CA,AWP,WE,Federal Contract Tower,0,0,4,0,4,0,4,55,0,59,0,4,59,0,63,16,0,16,79
03/26/2009,WJF,CA,AWP,WE,Federal Contract Tower,0,0,8,0,8,0,2,26,2,30,0,2,34,2,38,32,0,32,70
03/27/2009,WJF,CA,AWP,WE,Federal Contract Tower,0,1,4,0,5,0,4,83,0,87,0,5,87,0,92,110,0,110,202
03/28/2009,WJF,CA,AWP,WE,Federal Contract Tower,0,0,16,0,16,0,2,178,0,180,0,2,194,0,196,104,0,104,300
03/29/2009,WJF,CA,AWP,WE,Federal Contract Tower,0,0,2,0,2,0,0,20,0,20,0,0,22,0,22,16,0,16,38
03/30/2009,WJF,CA,AWP,WE,Federal Contract Tower,0,0,7,1,8,0,4,62,2,68,0,4,69,3,76,70,0,70,146
03/31/2009,WJF,CA,AWP,WE,Federal Contract Tower,0,0,5,0,5,0,4,67,0,71,0,4,72,0,76,38,0,38,114
04/01/2009,WJF,CA,AWP,WE,Federal Contract Tower,0,2,2,0,4,0,4,37,0,41,0,6,39,0,45,0,0,0,45
04/02/2009,WJF,CA,AWP,WE,Federal Contract Tower,0,1,10,0,11,0,2,50,0,52,0,3,60,0,63,42,0,42,105
04/03/2009,WJF,CA,AWP,WE,Federal Contract Tower,0,0,3,0,3,0,4,27,2,33,0,4,30,2,36,4,0,4,40
04/04/2009,WJF,CA,AWP,WE,Federal Contract Tower,0,0,2,0,2,0,2,98,0,100,0,2,100,0,102,86,0,86,188
04/05/2009,WJF,CA,AWP,WE,Federal Contract Tower,0,0,12,0,12,0,0,115,0,115,0,0,127,0,127,84,0,84,211
04/06/2009,WJF,CA,AWP,WE,Federal Contract Tower,0,0,5,0,5,0,2,49,0,51,0,2,54,0,56,58,0,58,114
04/07/2009,WJF,CA,AWP,WE,Federal Contract Tower,0,0,7,0,7,0,2,55,0,57,0,2,62,0,64,28,0,28,92
04/08/2009,WJF,CA,AWP,WE,Federal Contract Tower,0,1,7,0,8,0,2,28,0,30,0,3,35,0,38,2,0,2,40
04/09/2009,WJF,CA,AWP,WE,Federal Contract Tower,0,2,3,0,5,0,4,27,0,31,0,6,30,0,36,20,0,20,56
04/10/2009,WJF,CA,AWP,WE,Federal Contract Tower,0,3,4,1,8,0,6,38,2,46,0,9,42,3,54,8,0,8,62
04/11/2009,WJF,CA,AWP,WE,Federal Contract Tower,0,1,0,0,1,0,2,44,0,46,0,3,44,0,47,24,0,24,71
04/12/2009,WJF,CA,AWP,WE,Federal Contract Tower,0,0,2,0,2,0,0,120,0,120,0,0,122,0,122,68,0,68,190
04/13/2009,WJF,CA,AWP,WE,Federal Contract Tower,0,0,7,2,9,0,4,66,4,74,0,4,73,6,83,100,6,106,189
04/14/2009,WJF,CA,AWP,WE,Federal Contract Tower,0,1,6,0,7,0,1,27,0,28,0,2,33,0,35,18,0,18,53
04/15/2009,WJF,CA,AWP,WE,Federal Contract Tower,0,0,0,0,0,0,2,20,0,22,0,2,20,0,22,10,0,10,32
04/16/2009,WJF,CA,AWP,WE,Federal Contract Tower,0,0,3,1,4,0,2,64,4,70,0,2,67,5,74,44,6,50,124
04/17/2009,WJF,CA,AWP,WE,Federal Contract Tower,0,0,12,0,12,0,4,111,0,115,0,4,123,0,127,80,0,80,207
04/18/2009,WJF,CA,AWP,WE,Federal Contract Tower,0,0,3,0,3,0,2,116,0,118,0,2,119,0,121,66,0,66,187
04/19/2009,WJF,CA,AWP,WE,Federal Contract Tower,0,0,6,0,6,0,0,111,0,111,0,0,117,0,117,84,0,84,201
04/20/2009,WJF,CA,AWP,WE,Federal Contract Tower,0,0,2,2,4,0,2,62,2,66,0,2,64,4,70,26,4,30,100
04/21/2009,WJF,CA,AWP,WE,Federal Contract Tower,0,0,3,1,4,0,2,72,2,76,0,2,75,3,80,56,0,56,136
04/22/2009,WJF,CA,AWP,WE,Federal Contract Tower,0,0,9,1,10,0,2,48,0,50,0,2,57,1,60,14,0,14,74
04/23/2009,WJF,CA,AWP,WE,Federal Contract Tower,0,0,3,3,6,0,2,41,6,49,0,2,44,9,55,38,0,38,93
04/24/2009,WJF,CA,AWP,WE,Federal Contract Tower,0,0,6,4,10,0,2,49,10,61,0,2,55,14,71,12,4,16,87
04/25/2009,WJF,CA,AWP,WE,Federal Contract Tower,0,1,0,0,1,0,2,55,0,57,0,3,55,0,58,44,0,44,102
04/26/2009,WJF,CA,AWP,WE,Federal Contract Tower,0,0,4,0,4,0,0,71,0,71,0,0,75,0,75,60,0,60,135
04/27/2009,WJF,CA,AWP,WE,Federal Contract Tower,0,0,3,2,5,0,2,38,4,44,0,2,41,6,49,35,0,35,84
04/28/2009,WJF,CA,AWP,WE,Federal Contract Tower,0,2,3,2,7,0,4,44,4,52,0,6,47,6,59,22,0,22,81
04/29/2009,WJF,CA,AWP,WE,Federal Contract Tower,0,0,11,0,11,0,4,56,8,68,0,4,67,8,79,36,0,36,115
04/30/2009,WJF,CA,AWP,WE,Federal Contract Tower,0,1,4,0,5,0,4,56,4,64,0,5,60,4,69,42,2,44,113
05/01/2009,WJF,CA,AWP,WE,Federal Contract Tower,0,0,7,0,7,0,4,64,0,68,0,4,71,0,75,50,0,50,125
05/02/2009,WJF,CA,AWP,WE,Federal Contract Tower,0,0,2,0,2,0,2,27,0,29,0,2,29,0,31,24,0,24,55
05/03/2009,WJF,CA,AWP,WE,Federal Contract Tower,0,0,5,0,5,0,0,38,0,38,0,0,43,0,43,30,0,30,73
05/04/2009,WJF,CA,AWP,WE,Federal Contract Tower,0,0,3,0,3,0,2,41,0,43,0,2,44,0,46,86,0,86,132
05/05/2009,WJF,CA,AWP,WE,Federal Contract Tower,0,0,9,0,9,0,2,46,0,48,0,2,55,0,57,12,0,12,69
05/06/2009,WJF,CA,AWP,WE,Federal Contract Tower,0,0,6,0,6,0,2,58,0,60,0,2,64,0,66,92,0,92,158
05/07/2009,WJF,CA,AWP,WE,Federal Contract Tower,0,0,8,2,10,0,2,56,4,62,0,2,64,6,72,6,0,6,78
05/08/2009,WJF,CA,AWP,WE,Federal Contract Tower,0,1,4,2,7,0,7,106,4,117,0,8,110,6,124,72,0,72,196
05/09/2009,WJF,CA,AWP,WE,Federal Contract Tower,0,0,1,0,1,0,0,154,0,154,0,0,155,0,155,72,0,72,227
05/10/2009,WJF,CA,AWP,WE,Federal Contract Tower,0,0,5,0,5,0,0,123,0,123,0,0,128,0,128,84,0,84,212
05/11/2009,WJF,CA,AWP,WE,Federal Contract Tower,0,0,7,0,7,0,2,50,0,52,0,2,57,0,59,20,0,20,79
05/12/2009,WJF,CA,AWP,WE,Federal Contract Tower,0,0,1,0,1,0,2,25,0,27,0,2,26,0,28,14,0,14,42
05/13/2009,WJF,CA,AWP,WE,Federal Contract Tower,0,2,5,0,7,0,6,57,2,65,0,8,62,2,72,24,2,26,98
05/14/2009,WJF,CA,AWP,WE,Federal Contract Tower,0,2,0,2,4,0,4,69,6,79,0,6,69,8,83,60,10,70,153
05/15/2009,WJF,CA,AWP,WE,Federal Contract Tower,0,2,6,0,8,0,4,112,0,116,0,6,118,0,124,152,0,152,276
05/16/2009,WJF,CA,AWP,WE,Federal Contract Tower,0,0,4,0,4,0,2,115,0,117,0,2,119,0,121,110,0,110,231
05/17/2009,WJF,CA,AWP,WE,Federal Contract Tower,0,0,3,0,3,0,0,101,0,101,0,0,104,0,104,132,0,132,236
05/18/2009,WJF,CA,AWP,WE,Federal Contract Tower,0,0,7,0,7,0,3,80,0,83,0,3,87,0,90,40,0,40,130
05/19/2009,WJF,CA,AWP,WE,Federal Contract Tower,0,0,4,0,4,0,2,70,0,72,0,2,74,0,76,20,0,20,96
05/20/2009,WJF,CA,AWP,WE,Federal Contract Tower,0,0,8,1,9,0,2,64,2,68,0,2,72,3,77,32,0,32,109
05/21/2009,WJF,CA,AWP,WE,Federal Contract Tower,0,1,3,0,4,0,8,59,2,69,0,9,62,2,73,72,0,72,145
05/22/2009,WJF,CA,AWP,WE,Federal Contract Tower,0,1,5,0,6,0,4,86,0,90,0,5,91,0,96,82,0,82,178
05/23/2009,WJF,CA,AWP,WE,Federal Contract Tower,0,0,6,0,6,0,2,113,0,115,0,2,119,0,121,34,0,34,155
05/24/2009,WJF,CA,AWP,WE,Federal Contract Tower,0,0,0,0,0,0,2,105,0,107,0,2,105,0,107,50,0,50,157
05/25/2009,WJF,CA,AWP,WE,Federal Contract Tower,0,0,4,0,4,0,2,143,0,145,0,2,147,0,149,90,0,90,239
05/26/2009,WJF,CA,AWP,WE,Federal Contract Tower,0,1,3,0,4,0,4,76,0,80,0,5,79,0,84,74,0,74,158
05/27/2009,WJF,CA,AWP,WE,Federal Contract Tower,0,0,16,2,18,0,2,94,4,100,0,2,110,6,118,48,0,48,166
05/28/2009,WJF,CA,AWP,WE,Federal Contract Tower,0,2,15,0,17,0,6,110,0,116,0,8,125,0,133,78,0,78,211
05/29/2009,WJF,CA,AWP,WE,Federal Contract Tower,0,1,3,0,4,0,2,89,0,91,0,3,92,0,95,72,0,72,167
05/30/2009,WJF,CA,AWP,WE,Federal Contract Tower,0,3,7,0,10,0,2,122,2,126,0,5,129,2,136,106,0,106,242
05/31/2009,WJF,CA,AWP,WE,Federal Contract Tower,0,0,3,0,3,0,0,91,2,93,0,0,94,2,96,127,0,127,223
06/01/2009,WJF,CA,AWP,WE,Federal Contract Tower,0,0,0,0,0,0,2,68,0,70,0,2,68,0,70,66,0,66,136
06/02/2009,WJF,CA,AWP,WE,Federal Contract Tower,0,0,6,0,6,0,2,89,0,91,0,2,95,0,97,132,6,138,235
06/03/2009,WJF,CA,AWP,WE,Federal Contract Tower,0,0,4,0,4,0,2,52,0,54,0,2,56,0,58,116,2,118,176
06/04/2009,WJF,CA,AWP,WE,Federal Contract Tower,0,0,10,1,11,0,2,122,4,128,0,2,132,5,139,70,0,70,209
06/05/2009,WJF,CA,AWP,WE,Federal Contract Tower,0,1,5,0,6,0,2,44,0,46,0,3,49,0,52,40,0,40,92
06/06/2009,WJF,CA,AWP,WE,Federal Contract Tower,0,0,11,0,11,0,2,64,2,68,0,2,75,2,79,54,0,54,133
06/07/2009,WJF,CA,AWP,WE,Federal Contract Tower,0,0,4,0,4,0,0,90,0,90,0,0,94,0,94,134,0,134,228
06/08/2009,WJF,CA,AWP,WE,Federal Contract Tower,0,0,11,0,11,0,4,62,0,66,0,4,73,0,77,18,0,18,95
06/09/2009,WJF,CA,AWP,WE,Federal Contract Tower,0,0,16,0,16,0,2,60,0,62,0,2,76,0,78,34,0,34,112
06/10/2009,WJF,CA,AWP,WE,Federal Contract Tower,0,0,5,3,8,0,2,48,8,58,0,2,53,11,66,38,2,40,106
06/11/2009,WJF,CA,AWP,WE,Federal Contract Tower,0,1,5,0,6,0,4,52,2,58,0,5,57,2,64,34,2,36,100
06/12/2009,WJF,CA,AWP,WE,Federal Contract Tower,0,2,12,0,14,0,4,81,2,87,0,6,93,2,101,44,0,44,145
06/13/2009,WJF,CA,AWP,WE,Federal Contract Tower,0,0,6,0,6,0,2,48,0,50,0,2,54,0,56,86,0,86,142
06/14/2009,WJF,CA,AWP,WE,Federal Contract Tower,0,0,8,0,8,0,0,91,0,91,0,0,99,0,99,65,0,65,164
06/15/2009,WJF,CA,AWP,WE,Federal Contract Tower,0,1,1,0,2,0,2,45,0,47,0,3,46,0,49,20,0,20,69
06/16/2009,WJF,CA,AWP,WE,Federal Contract Tower,0,2,6,0,8,0,4,87,2,93,0,6,93,2,101,60,0,60,161
06/17/2009,WJF,CA,AWP,WE,Federal Contract Tower,0,0,3,0,3,1,10,68,0,79,1,10,71,0,82,54,0,54,136
06/18/2009,WJF,CA,AWP,WE,Federal Contract Tower,0,0,6,0,6,0,6,101,2,109,0,6,107,2,115,86,0,86,201
06/19/2009,WJF,CA,AWP,WE,Federal Contract Tower,0,0,9,0,9,0,12,121,0,133,0,12,130,0,142,236,0,236,378
06/20/2009,WJF,CA,AWP,WE,Federal Contract Tower,0,1,5,0,6,0,4,91,0,95,0,5,96,0,101,72,0,72,173
06/21/2009,WJF,CA,AWP,WE,Federal Contract Tower,0,0,3,0,3,0,0,88,0,88,0,0,91,0,91,146,0,146,237
06/22/2009,WJF,CA,AWP,WE,Federal Contract Tower,0,0,1,0,1,0,2,98,0,100,0,2,99,0,101,150,0,150,251
06/23/2009,WJF,CA,AWP,WE,Federal Contract Tower,0,0,6,6,12,0,2,85,2,89,0,2,91,8,101,122,2,124,225
06/24/2009,WJF,CA,AWP,WE,Federal Contract Tower,0,0,3,0,3,0,2,101,0,103,0,2,104,0,106,108,0,108,214
06/25/2009,WJF,CA,AWP,WE,Federal Contract Tower,0,0,4,0,4,0,10,84,0,94,0,10,88,0,98,104,0,104,202
06/26/2009,WJF,CA,AWP,WE,Federal Contract Tower,0,0,10,0,10,0,4,101,0,105,0,4,111,0,115,86,0,86,201
06/27/2009,WJF,CA,AWP,WE,Federal Contract Tower,0,0,8,0,8,0,2,128,0,130,0,2,136,0,138,226,0,226,364
06/28/2009,WJF,CA,AWP,WE,Federal Contract Tower,0,0,5,0,5,0,0,130,0,130,0,0,135,0,135,162,0,162,297
06/29/2009,WJF,CA,AWP,WE,Federal Contract Tower,0,0,3,0,3,0,6,73,2,81,0,6,76,2,84,82,0,82,166
06/30/2009,WJF,CA,AWP,WE,Federal Contract Tower,0,0,4,0,4,0,4,59,0,63,0,4,63,0,67,90,0,90,157
07/01/2009,WJF,CA,AWP,WE,Federal Contract Tower,0,0,3,1,4,0,4,87,2,93,0,4,90,3,97,98,0,98,195
07/02/2009,WJF,CA,AWP,WE,Federal Contract Tower,0,2,5,0,7,0,4,83,0,87,0,6,88,0,94,56,0,56,150
07/03/2009,WJF,CA,AWP,WE,Federal Contract Tower,0,0,3,0,3,0,0,122,0,122,0,0,125,0,125,108,0,108,233
07/04/2009,WJF,CA,AWP,WE,Federal Contract Tower,0,0,1,0,1,0,0,62,0,62,0,0,63,0,63,66,0,66,129
07/05/2009,WJF,CA,AWP,WE,Federal Contract Tower,0,0,4,0,4,0,0,99,0,99,0,0,103,0,103,38,0,38,141
07/06/2009,WJF,CA,AWP,WE,Federal Contract Tower,0,2,4,0,6,0,10,63,2,75,0,12,67,2,81,60,0,60,141
07/07/2009,WJF,CA,AWP,WE,Federal Contract Tower,0,0,4,2,6,0,2,65,6,73,0,2,69,8,79,32,2,34,113
07/08/2009,WJF,CA,AWP,WE,Federal Contract Tower,0,0,6,0,6,0,2,66,0,68,0,2,72,0,74,60,0,60,134
07/09/2009,WJF,CA,AWP,WE,Federal Contract Tower,0,0,5,0,5,0,6,86,4,96,0,6,91,4,101,30,6,36,137
07/10/2009,WJF,CA,AWP,WE,Federal Contract Tower,0,0,5,0,5,0,2,91,0,93,0,2,96,0,98,194,0,194,292
07/11/2009,WJF,CA,AWP,WE,Federal Contract Tower,0,0,6,0,6,0,2,192,0,194,0,2,198,0,200,84,0,84,284
07/12/2009,WJF,CA,AWP,WE,Federal Contract Tower,0,0,8,0,8,0,0,89,0,89,0,0,97,0,97,22,0,22,119
07/13/2009,WJF,CA,AWP,WE,Federal Contract Tower,0,0,3,0,3,0,4,122,0,126,0,4,125,0,129,62,0,62,191
07/14/2009,WJF,CA,AWP,WE,Federal Contract Tower,0,0,4,4,8,0,4,65,10,79,0,4,69,14,87,24,0,24,111
07/15/2009,WJF,CA,AWP,WE,Federal Contract Tower,0,0,8,1,9,0,5,97,6,108,0,5,105,7,117,36,10,46,163
07/16/2009,WJF,CA,AWP,WE,Federal Contract Tower,0,0,9,0,9,0,6,58,0,64,0,6,67,0,73,58,0,58,131
07/17/2009,WJF,CA,AWP,WE,Federal Contract Tower,0,0,1,2,3,0,4,97,4,105,0,4,98,6,108,106,2,108,216
07/18/2009,WJF,CA,AWP,WE,Federal Contract Tower,0,0,5,0,5,0,2,101,0,103,0,2,106,0,108,84,0,84,192
07/19/2009,WJF,CA,AWP,WE,Federal Contract Tower,0,0,2,0,2,0,0,68,0,68,0,0,70,0,70,32,0,32,102
07/20/2009,WJF,CA,AWP,WE,Federal Contract Tower,0,0,2,0,2,0,2,76,5,83,0,2,78,5,85,60,12,72,157
07/21/2009,WJF,CA,AWP,WE,Federal Contract Tower,0,0,9,3,12,0,4,85,10,99,0,4,94,13,111,90,0,90,201
07/22/2009,WJF,CA,AWP,WE,Federal Contract Tower,0,0,4,0,4,0,4,79,10,93,0,4,83,10,97,122,22,144,241
07/23/2009,WJF,CA,AWP,WE,Federal Contract Tower,0,0,6,1,7,0,2,74,16,92,0,2,80,17,99,68,52,120,219
07/24/2009,WJF,CA,AWP,WE,Federal Contract Tower,0,0,8,0,8,0,2,86,0,88,0,2,94,0,96,34,0,34,130
07/25/2009,WJF,CA,AWP,WE,Federal Contract Tower,0,2,4,0,6,0,6,103,0,109,0,8,107,0,115,102,0,102,217
07/26/2009,WJF,CA,AWP,WE,Federal Contract Tower,0,2,7,0,9,0,2,79,0,81,0,4,86,0,90,106,0,106,196
07/27/2009,WJF,CA,AWP,WE,Federal Contract Tower,0,0,3,1,4,0,8,60,2,70,0,8,63,3,74,28,0,28,102
07/28/2009,WJF,CA,AWP,WE,Federal Contract Tower,0,0,2,1,3,0,2,46,2,50,0,2,48,3,53,68,0,68,121
07/29/2009,WJF,CA,AWP,WE,Federal Contract Tower,0,0,8,1,9,0,4,48,2,54,0,4,56,3,63,38,6,44,107
07/30/2009,WJF,CA,AWP,WE,Federal Contract Tower,0,0,8,3,11,0,5,69,6,80,0,5,77,9,91,42,4,46,137
07/31/2009,WJF,CA,AWP,WE,Federal Contract Tower,0,1,4,4,9,0,8,77,10,95,0,9,81,14,104,46,0,46,150
08/01/2009,WJF,CA,AWP,WE,Federal Contract Tower,0,1,8,0,9,0,4,139,2,145,0,5,147,2,154,108,0,108,262
08/02/2009,WJF,CA,AWP,WE,Federal Contract Tower,0,1,6,0,7,0,3,112,4,119,0,4,118,4,126,118,4,122,248
08/03/2009,WJF,CA,AWP,WE,Federal Contract Tower,0,0,6,0,6,0,6,80,0,86,0,6,86,0,92,64,0,64,156
08/04/2009,WJF,CA,AWP,WE,Federal Contract Tower,0,2,5,1,8,0,4,63,2,69,0,6,68,3,77,138,0,138,215
08/05/2009,WJF,CA,AWP,WE,Federal Contract Tower,0,0,10,0,10,0,2,62,0,64,0,2,72,0,74,70,2,72,146
08/06/2009,WJF,CA,AWP,WE,Federal Contract Tower,0,0,5,1,6,0,2,56,2,60,0,2,61,3,66,46,10,56,122
08/07/2009,WJF,CA,AWP,WE,Federal Contract Tower,0,0,6,0,6,0,8,99,2,109,0,8,105,2,115,44,4,48,163
08/08/2009,WJF,CA,AWP,WE,Federal Contract Tower,0,0,3,0,3,0,2,108,0,110,0,2,111,0,113,148,4,152,265
08/09/2009,WJF,CA,AWP,WE,Federal Contract Tower,0,0,4,0,4,0,0,106,0,106,0,0,110,0,110,106,0,106,216
08/10/2009,WJF,CA,AWP,WE,Federal Contract Tower,0,0,5,0,5,0,2,62,0,64,0,2,67,0,69,56,0,56,125
08/11/2009,WJF,CA,AWP,WE,Federal Contract Tower,0,0,4,0,4,0,10,55,2,67,0,10,59,2,71,46,4,50,121
08/12/2009,WJF,CA,AWP,WE,Federal Contract Tower,0,0,5,0,5,0,2,95,4,101,0,2,100,4,106,105,0,105,211
08/13/2009,WJF,CA,AWP,WE,Federal Contract Tower,0,0,1,0,1,0,2,80,2,84,0,2,81,2,85,60,0,60,145
08/14/2009,WJF,CA,AWP,WE,Federal Contract Tower,0,0,4,0,4,0,6,100,0,106,0,6,104,0,110,40,0,40,150
08/15/2009,WJF,CA,AWP,WE,Federal Contract Tower,0,0,2,0,2,0,1,124,0,125,0,1,126,0,127,106,0,106,233
08/16/2009,WJF,CA,AWP,WE,Federal Contract Tower,0,0,5,0,5,0,0,104,0,104,0,0,109,0,109,70,0,70,179
08/17/2009,WJF,CA,AWP,WE,Federal Contract Tower,0,5,4,2,11,0,9,69,4,82,0,14,73,6,93,52,0,52,145
08/18/2009,WJF,CA,AWP,WE,Federal Contract Tower,0,6,7,4,17,0,14,90,10,114,0,20,97,14,131,83,0,83,214
08/19/2009,WJF,CA,AWP,WE,Federal Contract Tower,0,1,7,0,8,0,7,80,0,87,0,8,87,0,95,88,0,88,183
08/20/2009,WJF,CA,AWP,WE,Federal Contract Tower,0,4,8,2,14,0,13,91,4,108,0,17,99,6,122,104,0,104,226
08/21/2009,WJF,CA,AWP,WE,Federal Contract Tower,0,2,9,0,11,0,4,72,2,78,0,6,81,2,89,42,2,44,133
08/22/2009,WJF,CA,AWP,WE,Federal Contract Tower,0,0,7,0,7,0,6,71,0,77,0,6,78,0,84,147,0,147,231
08/23/2009,WJF,CA,AWP,WE,Federal Contract Tower,0,0,7,0,7,0,0,73,0,73,0,0,80,0,80,70,0,70,150
08/24/2009,WJF,CA,AWP,WE,Federal Contract Tower,0,1,4,0,5,0,5,71,2,78,0,6,75,2,83,22,0,22,105
08/25/2009,WJF,CA,AWP,WE,Federal Contract Tower,0,3,4,0,7,0,8,78,0,86,0,11,82,0,93,58,0,58,151
08/26/2009,WJF,CA,AWP,WE,Federal Contract Tower,0,0,7,1,8,0,10,86,4,100,0,10,93,5,108,56,2,58,166
08/27/2009,WJF,CA,AWP,WE,Federal Contract Tower,0,4,10,0,14,0,4,173,0,177,0,8,183,0,191,74,0,74,265
08/28/2009,WJF,CA,AWP,WE,Federal Contract Tower,0,0,3,0,3,0,2,202,0,204,0,2,205,0,207,42,0,42,249
08/29/2009,WJF,CA,AWP,WE,Federal Contract Tower,0,6,5,0,11,0,6,211,0,217,0,12,216,0,228,60,0,60,288
08/30/2009,WJF,CA,AWP,WE,Federal Contract Tower,0,1,3,0,4,0,1,247,0,248,0,2,250,0,252,60,0,60,312
08/31/2009,WJF,CA,AWP,WE,Federal Contract Tower,0,1,4,0,5,0,9,248,0,257,0,10,252,0,262,20,0,20,282
09/01/2009,WJF,CA,AWP,WE,Federal Contract Tower,0,0,4,0,4,0,2,159,0,161,0,2,163,0,165,26,6,32,197
09/02/2009,WJF,CA,AWP,WE,Federal Contract Tower,0,0,7,0,7,0,2,135,0,137,0,2,142,0,144,91,4,95,239
09/03/2009,WJF,CA,AWP,WE,Federal Contract Tower,0,0,2,0,2,0,2,131,0,133,0,2,133,0,135,30,2,32,167
09/04/2009,WJF,CA,AWP,WE,Federal Contract Tower,0,1,1,0,2,0,4,206,0,210,0,5,207,0,212,30,0,30,242
09/05/2009,WJF,CA,AWP,WE,Federal Contract Tower,0,0,3,0,3,0,2,219,0,221,0,2,222,0,224,58,2,60,284
09/06/2009,WJF,CA,AWP,WE,Federal Contract Tower,0,0,4,0,4,0,0,206,0,206,0,0,210,0,210,56,0,56,266
09/07/2009,WJF,CA,AWP,WE,Federal Contract Tower,0,0,4,0,4,0,0,203,0,203,0,0,207,0,207,22,0,22,229
09/08/2009,WJF,CA,AWP,WE,Federal Contract Tower,0,0,8,0,8,0,4,235,0,239,0,4,243,0,247,8,0,8,255
09/09/2009,WJF,CA,AWP,WE,Federal Contract Tower,0,3,10,0,13,0,6,97,4,107,0,9,107,4,120,100,0,100,220
09/10/2009,WJF,CA,AWP,WE,Federal Contract Tower,0,0,5,3,8,0,4,105,8,117,0,4,110,11,125,50,0,50,175
09/11/2009,WJF,CA,AWP,WE,Federal Contract Tower,0,0,7,0,7,0,4,111,4,119,0,4,118,4,126,84,4,88,214
09/12/2009,WJF,CA,AWP,WE,Federal Contract Tower,0,2,6,0,8,0,4,163,0,167,0,6,169,0,175,54,0,54,229
09/13/2009,WJF,CA,AWP,WE,Federal Contract Tower,0,0,6,0,6,0,1,108,0,109,0,1,114,0,115,58,0,58,173
09/14/2009,WJF,CA,AWP,WE,Federal Contract Tower,0,0,4,1,5,0,2,41,2,45,0,2,45,3,50,30,0,30,80
09/15/2009,WJF,CA,AWP,WE,Federal Contract Tower,0,0,3,1,4,0,4,80,2,86,0,4,83,3,90,48,0,48,138
09/16/2009,WJF,CA,AWP,WE,Federal Contract Tower,0,0,2,2,4,0,2,66,4,72,0,2,68,6,76,66,0,66,142
09/17/2009,WJF,CA,AWP,WE,Federal Contract Tower,0,0,3,0,3,0,4,81,0,85,0,4,84,0,88,30,0,30,118
09/18/2009,WJF,CA,AWP,WE,Federal Contract Tower,0,0,3,0,3,0,2,112,6,120,0,2,115,6,123,60,0,60,183
09/19/2009,WJF,CA,AWP,WE,Federal Contract Tower,0,0,0,0,0,0,2,52,0,54,0,2,52,0,54,52,0,52,106
09/20/2009,WJF,CA,AWP,WE,Federal Contract Tower,0,0,5,0,5,0,0,169,0,169,0,0,174,0,174,40,0,40,214
09/21/2009,WJF,CA,AWP,WE,Federal Contract Tower,0,0,7,0,7,0,4,103,2,109,0,4,110,2,116,36,0,36,152
09/22/2009,WJF,CA,AWP,WE,Federal Contract Tower,0,0,5,1,6,0,6,244,2,252,0,6,249,3,258,32,0,32,290
09/23/2009,WJF,CA,AWP,WE,Federal Contract Tower,0,4,6,1,11,0,6,253,4,263,0,10,259,5,274,20,0,20,294
09/24/2009,WJF,CA,AWP,WE,Federal Contract Tower,0,0,2,0,2,0,2,142,0,144,0,2,144,0,146,26,0,26,172
09/25/2009,WJF,CA,AWP,WE,Federal Contract Tower,0,0,3,0,3,0,5,114,6,125,0,5,117,6,128,70,0,70,198
09/26/2009,WJF,CA,AWP,WE,Federal Contract Tower,0,2,5,0,7,0,4,132,0,136,0,6,137,0,143,116,0,116,259
09/27/2009,WJF,CA,AWP,WE,Federal Contract Tower,0,0,3,2,5,0,0,155,2,157,0,0,158,4,162,52,4,56,218
09/28/2009,WJF,CA,AWP,WE,Federal Contract Tower,0,0,4,0,4,0,4,89,0,93,0,4,93,0,97,18,0,18,115
09/29/2009,WJF,CA,AWP,WE,Federal Contract Tower,0,0,5,1,6,0,4,45,4,53,0,4,50,5,59,22,0,22,81
09/30/2009,WJF,CA,AWP,WE,Federal Contract Tower,0,2,12,0,14,0,4,87,0,91,0,6,99,0,105,6,0,6,111
10/01/2009,WJF,CA,AWP,WE,Federal Contract Tower,0,0,7,2,9,0,2,99,4,105,0,2,106,6,114,52,0,52,166
10/02/2009,WJF,CA,AWP,WE,Federal Contract Tower,0,1,10,0,11,0,28,136,4,168,0,29,146,4,179,84,0,84,263
10/03/2009,WJF,CA,AWP,WE,Federal Contract Tower,0,0,0,0,0,0,4,168,6,178,0,4,168,6,178,62,0,62,240
10/04/2009,WJF,CA,AWP,WE,Federal Contract Tower,0,0,2,2,4,0,8,115,6,129,0,8,117,8,133,2,0,2,135
10/05/2009,WJF,CA,AWP,WE,Federal Contract Tower,0,0,8,1,9,0,4,129,4,137,0,4,137,5,146,42,2,44,190
10/06/2009,WJF,CA,AWP,WE,Federal Contract Tower,0,1,2,0,3,0,10,116,0,126,0,11,118,0,129,94,0,94,223
10/07/2009,WJF,CA,AWP,WE,Federal Contract Tower,0,0,0,1,1,0,2,53,2,57,0,2,53,3,58,10,0,10,68
10/08/2009,WJF,CA,AWP,WE,Federal Contract Tower,0,0,2,2,4,0,4,95,6,105,0,4,97,8,109,28,0,28,137
10/09/2009,WJF,CA,AWP,WE,Federal Contract Tower,0,2,6,1,9,0,2,114,2,118,0,4,120,3,127,54,0,54,181
10/10/2009,WJF,CA,AWP,WE,Federal Contract Tower,0,0,2,0,2,0,4,128,0,132,0,4,130,0,134,2,0,2,136
10/11/2009,WJF,CA,AWP,WE,Federal Contract Tower,0,0,5,0,5,0,0,107,0,107,0,0,112,0,112,76,0,76,188
10/12/2009,WJF,CA,AWP,WE,Federal Contract Tower,0,1,6,0,7,0,4,50,0,54,0,5,56,0,61,28,0,28,89
10/13/2009,WJF,CA,AWP,WE,Federal Contract Tower,0,1,9,0,10,0,2,25,0,27,0,3,34,0,37,70,0,70,107
10/14/2009,WJF,CA,AWP,WE,Federal Contract Tower,0,3,9,0,12,0,5,50,0,55,0,8,59,0,67,14,0,14,81
10/15/2009,WJF,CA,AWP,WE,Federal Contract Tower,0,0,15,1,16,0,2,125,2,129,0,2,140,3,145,130,0,130,275
10/16/2009,WJF,CA,AWP,WE,Federal Contract Tower,0,12,9,0,21,0,0,146,4,150,0,12,155,4,171,154,0,154,325
10/17/2009,WJF,CA,AWP,WE,Federal Contract Tower,0,1,4,0,5,0,3,117,0,120,0,4,121,0,125,42,0,42,167
10/18/2009,WJF,CA,AWP,WE,Federal Contract Tower,0,0,5,0,5,0,0,113,0,113,0,0,118,0,118,93,0,93,211
10/19/2009,WJF,CA,AWP,WE,Federal Contract Tower,0,1,4,0,5,0,2,44,0,46,0,3,48,0,51,62,0,62,113
10/20/2009,WJF,CA,AWP,WE,Federal Contract Tower,0,6,2,0,8,0,10,59,0,69,0,16,61,0,77,42,0,42,119
10/21/2009,WJF,CA,AWP,WE,Federal Contract Tower,0,2,12,0,14,0,3,115,0,118,0,5,127,0,132,84,2,86,218
10/22/2009,WJF,CA,AWP,WE,Federal Contract Tower,0,1,8,1,10,0,6,100,6,112,0,7,108,7,122,110,4,114,236
10/23/2009,WJF,CA,AWP,WE,Federal Contract Tower,0,4,3,8,15,0,6,88,22,116,0,10,91,30,131,80,0,80,211
10/24/2009,WJF,CA,AWP,WE,Federal Contract Tower,0,0,0,0,0,0,4,142,2,148,0,4,142,2,148,30,0,30,178
10/25/2009,WJF,CA,AWP,WE,Federal Contract Tower,0,0,9,0,9,0,0,120,0,120,0,0,129,0,129,140,0,140,269
10/26/2009,WJF,CA,AWP,WE,Federal Contract Tower,0,0,7,3,10,0,2,75,6,83,0,2,82,9,93,54,0,54,147
10/27/2009,WJF,CA,AWP,WE,Federal Contract Tower,0,1,0,0,1,0,2,4,0,6,0,3,4,0,7,2,0,2,9
10/28/2009,WJF,CA,AWP,WE,Federal Contract Tower,0,2,6,2,10,0,0,43,4,47,0,2,49,6,57,42,2,44,101
10/29/2009,WJF,CA,AWP,WE,Federal Contract Tower,0,0,4,1,5,0,5,50,4,59,0,5,54,5,64,38,0,38,102
10/30/2009,WJF,CA,AWP,WE,Federal Contract Tower,0,1,5,0,6,0,4,119,0,123,0,5,124,0,129,52,0,52,181
10/31/2009,WJF,CA,AWP,WE,Federal Contract Tower,0,4,0,0,4,0,2,136,0,138,0,6,136,0,142,168,0,168,310
11/01/2009,WJF,CA,AWP,WE,Federal Contract Tower,0,0,7,0,7,0,0,141,0,141,0,0,148,0,148,92,0,92,240
11/02/2009,WJF,CA,AWP,WE,Federal Contract Tower,0,0,8,5,13,0,4,74,10,88,0,4,82,15,101,20,0,20,121
11/03/2009,WJF,CA,AWP,WE,Federal Contract Tower,0,0,10,4,14,0,2,92,8,102,0,2,102,12,116,86,4,90,206
11/04/2009,WJF,CA,AWP,WE,Federal Contract Tower,0,0,0,0,0,0,8,52,2,62,0,8,52,2,62,86,0,86,148
11/05/2009,WJF,CA,AWP,WE,Federal Contract Tower,0,1,6,0,7,0,6,67,0,73,0,7,73,0,80,38,0,38,118
11/06/2009,WJF,CA,AWP,WE,Federal Contract Tower,0,0,10,0,10,0,4,80,0,84,0,4,90,0,94,52,0,52,146
11/07/2009,WJF,CA,AWP,WE,Federal Contract Tower,0,0,5,0,5,0,2,89,0,91,0,2,94,0,96,58,0,58,154
11/08/2009,WJF,CA,AWP,WE,Federal Contract Tower,0,0,5,0,5,0,0,116,0,116,0,0,121,0,121,134,0,134,255
11/09/2009,WJF,CA,AWP,WE,Federal Contract Tower,0,0,8,0,8,0,2,53,4,59,0,2,61,4,67,22,2,24,91
11/10/2009,WJF,CA,AWP,WE,Federal Contract Tower,0,0,5,0,5,0,2,77,0,79,0,2,82,0,84,34,0,34,118
11/11/2009,WJF,CA,AWP,WE,Federal Contract Tower,0,0,5,0,5,0,4,93,0,97,0,4,98,0,102,66,0,66,168
11/12/2009,WJF,CA,AWP,WE,Federal Contract Tower,0,3,5,0,8,0,8,49,0,57,0,11,54,0,65,108,0,108,173
11/13/2009,WJF,CA,AWP,WE,Federal Contract Tower,0,0,1,0,1,0,5,68,0,73,0,5,69,0,74,72,2,74,148
11/14/2009,WJF,CA,AWP,WE,Federal Contract Tower,0,0,6,0,6,0,2,117,0,119,0,2,123,0,125,52,0,52,177
11/15/2009,WJF,CA,AWP,WE,Federal Contract Tower,0,0,1,0,1,0,2,87,0,89,0,2,88,0,90,64,0,64,154
11/16/2009,WJF,CA,AWP,WE,Federal Contract Tower,0,1,2,0,3,0,6,38,0,44,0,7,40,0,47,12,0,12,59
11/17/2009,WJF,CA,AWP,WE,Federal Contract Tower,0,1,2,0,3,0,7,62,0,69,0,8,64,0,72,70,0,70,142
11/18/2009,WJF,CA,AWP,WE,Federal Contract Tower,0,3,3,1,7,0,14,54,2,70,0,17,57,3,77,16,0,16,93
11/19/2009,WJF,CA,AWP,WE,Federal Contract Tower,0,0,3,0,3,0,8,75,0,83,0,8,78,0,86,76,0,76,162
11/20/2009,WJF,CA,AWP,WE,Federal Contract Tower,0,0,3,1,4,0,2,55,2,59,0,2,58,3,63,44,0,44,107
11/21/2009,WJF,CA,AWP,WE,Federal Contract Tower,0,1,4,0,5,0,4,78,0,82,0,5,82,0,87,34,0,34,121
11/22/2009,WJF,CA,AWP,WE,Federal Contract Tower,0,0,7,0,7,0,0,122,2,124,0,0,129,2,131,138,16,154,285
11/23/2009,WJF,CA,AWP,WE,Federal Contract Tower,0,0,3,0,3,0,4,64,4,72,0,4,67,4,75,38,0,38,113
11/24/2009,WJF,CA,AWP,WE,Federal Contract Tower,0,0,5,0,5,0,4,76,0,80,0,4,81,0,85,68,0,68,153
11/25/2009,WJF,CA,AWP,WE,Federal Contract Tower,0,0,5,0,5,0,2,83,0,85,0,2,88,0,90,72,0,72,162
11/26/2009,WJF,CA,AWP,WE,Federal Contract Tower,0,0,1,0,1,0,0,48,0,48,0,0,49,0,49,20,0,20,69
11/27/2009,WJF,CA,AWP,WE,Federal Contract Tower,0,0,2,0,2,0,2,88,0,90,0,2,90,0,92,38,0,38,130
11/28/2009,WJF,CA,AWP,WE,Federal Contract Tower,0,0,6,0,6,0,2,40,0,42,0,2,46,0,48,30,0,30,78
11/29/2009,WJF,CA,AWP,WE,Federal Contract Tower,0,0,2,0,2,0,0,68,0,68,0,0,70,0,70,52,0,52,122
11/30/2009,WJF,CA,AWP,WE,Federal Contract Tower,0,0,6,0,6,0,2,64,2,68,0,2,70,2,74,84,0,84,158
12/01/2009,WJF,CA,AWP,WE,Federal Contract Tower,0,0,1,0,1,0,4,62,0,66,0,4,63,0,67,108,0,108,175
12/02/2009,WJF,CA,AWP,WE,Federal Contract Tower,0,0,4,1,5,0,4,59,2,65,0,4,63,3,70,84,2,86,156
12/03/2009,WJF,CA,AWP,WE,Federal Contract Tower,0,2,13,1,16,0,17,65,4,86,0,19,78,5,102,96,0,96,198
12/04/2009,WJF,CA,AWP,WE,Federal Contract Tower,0,0,8,0,8,0,19,130,0,149,0,19,138,0,157,98,4,102,259
12/05/2009,WJF,CA,AWP,WE,Federal Contract Tower,0,0,2,0,2,0,8,38,0,46,0,8,40,0,48,80,0,80,128
12/06/2009,WJF,CA,AWP,WE,Federal Contract Tower,0,0,1,0,1,0,0,41,0,41,0,0,42,0,42,8,0,8,50
12/07/2009,WJF,CA,AWP,WE,Federal Contract Tower,0,4,1,0,5,0,1,8,0,9,0,5,9,0,14,2,0,2,16
12/08/2009,WJF,CA,AWP,WE,Federal Contract Tower,0,2,4,1,7,0,6,40,2,48,0,8,44,3,55,50,0,50,105
12/09/2009,WJF,CA,AWP,WE,Federal Contract Tower,0,0,3,0,3,0,13,54,0,67,0,13,57,0,70,124,4,128,198
12/10/2009,WJF,CA,AWP,WE,Federal Contract Tower,0,1,3,0,4,0,12,61,0,73,0,13,64,0,77,170,8,178,255
12/11/2009,WJF,CA,AWP,WE,Federal Contract Tower,0,7,1,0,8,0,6,3,0,9,0,13,4,0,17,0,0,0,17
12/12/2009,WJF,CA,AWP,WE,Federal Contract Tower,0,5,1,0,6,0,6,7,0,13,0,11,8,0,19,4,0,4,23
12/13/2009,WJF,CA,AWP,WE,Federal Contract Tower,0,0,2,0,2,0,2,28,0,30,0,2,30,0,32,66,0,66,98
12/14/2009,WJF,CA,AWP,WE,Federal Contract Tower,0,0,5,0,5,0,17,78,0,95,0,17,83,0,100,104,0,104,204
12/15/2009,WJF,CA,AWP,WE,Federal Contract Tower,0,2,6,1,9,0,28,69,2,99,0,30,75,3,108,136,2,138,246
12/16/2009,WJF,CA,AWP,WE,Federal Contract Tower,0,1,5,0,6,0,21,67,2,90,0,22,72,2,96,200,0,200,296
12/17/2009,WJF,CA,AWP,WE,Federal Contract Tower,0,0,7,0,7,0,6,71,4,81,0,6,78,4,88,110,4,114,202
12/18/2009,WJF,CA,AWP,WE,Federal Contract Tower,0,5,7,1,13,0,8,135,6,149,0,13,142,7,162,135,0,135,297
12/19/2009,WJF,CA,AWP,WE,Federal Contract Tower,0,0,4,0,4,0,6,116,0,122,0,6,120,0,126,160,0,160,286
12/20/2009,WJF,CA,AWP,WE,Federal Contract Tower,0,0,9,0,9,0,0,127,0,127,0,0,136,0,136,172,0,172,308
12/21/2009,WJF,CA,AWP,WE,Federal Contract Tower,0,2,5,1,8,0,23,46,2,71,0,25,51,3,79,297,4,301,380
12/22/2009,WJF,CA,AWP,WE,Federal Contract Tower,0,0,0,0,0,0,2,10,0,12,0,2,10,0,12,0,0,0,12
12/23/2009,WJF,CA,AWP,WE,Federal Contract Tower,0,3,3,0,6,0,19,68,0,87,0,22,71,0,93,238,0,238,331
12/24/2009,WJF,CA,AWP,WE,Federal Contract Tower,0,9,2,1,12,0,4,128,0,132,0,13,130,1,144,160,0,160,304
12/25/2009,WJF,CA,AWP,WE,Federal Contract Tower,0,0,3,0,3,0,0,20,0,20,0,0,23,0,23,2,0,2,25
12/26/2009,WJF,CA,AWP,WE,Federal Contract Tower,0,0,2,0,2,0,2,83,0,85,0,2,85,0,87,52,0,52,139
12/27/2009,WJF,CA,AWP,WE,Federal Contract Tower,0,0,0,0,0,0,0,68,0,68,0,0,68,0,68,64,0,64,132
12/28/2009,WJF,CA,AWP,WE,Federal Contract Tower,0,2,3,0,5,0,5,48,2,55,0,7,51,2,60,42,4,46,106
12/29/2009,WJF,CA,AWP,WE,Federal Contract Tower,0,1,5,0,6,0,20,79,0,99,0,21,84,0,105,168,0,168,273
12/30/2009,WJF,CA,AWP,WE,Federal Contract Tower,0,3,5,0,8,0,4,12,0,16,0,7,17,0,24,0,0,0,24
12/31/2009,WJF,CA,AWP,WE,Federal Contract Tower,0,1,7,0,8,0,10,105,0,115,0,11,112,0,123,208,0,208,331
01/01/2010,WJF,CA,AWP,WE,Federal Contract Tower,0,0,1,0,1,0,2,88,0,90,0,2,89,0,91,36,0,36,127
01/02/2010,WJF,CA,AWP,WE,Federal Contract Tower,0,0,1,0,1,0,4,97,0,101,0,4,98,0,102,136,0,136,238
01/03/2010,WJF,CA,AWP,WE,Federal Contract Tower,0,0,5,0,5,0,0,109,0,109,0,0,114,0,114,96,0,96,210
01/04/2010,WJF,CA,AWP,WE,Federal Contract Tower,0,1,1,0,2,0,6,44,0,50,0,7,45,0,52,130,0,130,182
01/05/2010,WJF,CA,AWP,WE,Federal Contract Tower,0,1,2,1,4,0,2,29,2,33,0,3,31,3,37,14,0,14,51
01/06/2010,WJF,CA,AWP,WE,Federal Contract Tower,0,0,4,0,4,0,14,86,2,102,0,14,90,2,106,176,0,176,282
01/07/2010,WJF,CA,AWP,WE,Federal Contract Tower,0,0,4,3,7,0,40,80,8,128,0,40,84,11,135,246,0,246,381
01/08/2010,WJF,CA,AWP,WE,Federal Contract Tower,0,0,7,1,8,0,14,110,2,126,0,14,117,3,134,86,0,86,220
01/09/2010,WJF,CA,AWP,WE,Federal Contract Tower,0,1,4,1,6,0,4,110,4,118,0,5,114,5,124,94,2,96,220
01/10/2010,WJF,CA,AWP,WE,Federal Contract Tower,0,2,12,0,14,0,2,110,0,112,0,4,122,0,126,62,0,62,188
01/11/2010,WJF,CA,AWP,WE,Federal Contract Tower,0,0,7,1,8,0,8,84,2,94,0,8,91,3,102,156,0,156,258
01/12/2010,WJF,CA,AWP,WE,Federal Contract Tower,0,0,4,1,5,0,8,62,2,72,0,8,66,3,77,116,2,118,195
01/13/2010,WJF,CA,AWP,WE,Federal Contract Tower,0,0,2,0,2,0,2,22,6,30,0,2,24,6,32,10,0,10,42
01/14/2010,WJF,CA,AWP,WE,Federal Contract Tower,0,2,5,0,7,0,12,63,0,75,0,14,68,0,82,188,0,188,270
01/15/2010,WJF,CA,AWP,WE,Federal Contract Tower,0,0,7,0,7,0,28,86,0,114,0,28,93,0,121,270,0,270,391
01/16/2010,WJF,CA,AWP,WE,Federal Contract Tower,0,0,15,0,15,0,2,131,0,133,0,2,146,0,148,138,0,138,286
01/17/2010,WJF,CA,AWP,WE,Federal Contract Tower,0,0,2,0,2,0,0,57,0,57,0,0,59,0,59,78,0,78,137
01/18/2010,WJF,CA,AWP,WE,Federal Contract Tower,0,1,1,0,2,0,1,4,0,5,0,2,5,0,7,30,0,30,37
01/19/2010,WJF,CA,AWP,WE,Federal Contract Tower,0,2,6,0,8,0,2,23,0,25,0,4,29,0,33,28,0,28,61
01/20/2010,WJF,CA,AWP,WE,Federal Contract Tower,0,1,1,0,2,0,1,3,0,4,0,2,4,0,6,0,0,0,6
01/21/2010,WJF,CA,AWP,WE,Federal Contract Tower,0,2,0,0,2,0,0,0,0,0,0,2,0,0,2,0,0,0,2
01/22/2010,WJF,CA,AWP,WE,Federal Contract Tower,0,1,7,1,9,0,2,19,2,23,0,3,26,3,32,28,2,30,62
01/23/2010,WJF,CA,AWP,WE,Federal Contract Tower,0,0,0,0,0,0,2,99,0,101,0,2,99,0,101,110,0,110,211
01/24/2010,WJF,CA,AWP,WE,Federal Contract Tower,0,0,5,0,5,0,2,131,0,133,0,2,136,0,138,142,0,142,280
01/25/2010,WJF,CA,AWP,WE,Federal Contract Tower,0,1,0,0,1,0,10,80,0,90,0,11,80,0,91,205,0,205,296
01/26/2010,WJF,CA,AWP,WE,Federal Contract Tower,0,2,4,0,6,0,16,41,0,57,0,18,45,0,63,222,0,222,285
01/27/2010,WJF,CA,AWP,WE,Federal Contract Tower,0,0,8,0,8,0,10,76,6,92,0,10,84,6,100,140,0,140,240
01/28/2010,WJF,CA,AWP,WE,Federal Contract Tower,0,1,11,0,12,0,32,77,4,113,0,33,88,4,125,264,0,264,389
01/29/2010,WJF,CA,AWP,WE,Federal Contract Tower,0,0,7,0,7,0,31,94,4,129,0,31,101,4,136,306,2,308,444
01/30/2010,WJF,CA,AWP,WE,Federal Contract Tower,0,0,4,0,4,0,2,129,2,133,0,2,133,2,137,80,0,80,217
01/31/2010,WJF,CA,AWP,WE,Federal Contract Tower,0,0,1,0,1,0,2,127,0,129,0,2,128,0,130,88,0,88,218
02/01/2010,WJF,CA,AWP,WE,Federal Contract Tower,0,0,4,0,4,0,31,83,4,118,0,31,87,4,122,212,0,212,334
02/02/2010,WJF,CA,AWP,WE,Federal Contract Tower,0,3,6,0,9,0,30,74,4,108,0,33,80,4,117,142,0,142,259
02/03/2010,WJF,CA,AWP,WE,Federal Contract Tower,0,1,10,0,11,0,28,73,2,103,0,29,83,2,114,160,8,168,282
02/04/2010,WJF,CA,AWP,WE,Federal Contract Tower,0,1,11,1,13,0,39,51,1,91,0,40,62,2,104,116,0,116,220
02/05/2010,WJF,CA,AWP,WE,Federal Contract Tower,0,1,2,0,3,0,4,3,0,7,0,5,5,0,10,62,0,62,72
02/06/2010,WJF,CA,AWP,WE,Federal Contract Tower,0,2,2,3,7,0,2,6,5,13,0,4,8,8,20,0,0,0,20
02/07/2010,WJF,CA,AWP,WE,Federal Contract Tower,0,0,7,0,7,0,0,0,0,0,0,0,7,0,7,42,0,42,49
02/08/2010,WJF,CA,AWP,WE,Federal Contract Tower,0,0,8,0,8,0,58,89,0,147,0,58,97,0,155,170,0,170,325
02/09/2010,WJF,CA,AWP,WE,Federal Contract Tower,0,4,9,0,13,0,14,29,0,43,0,18,38,0,56,70,0,70,126
02/10/2010,WJF,CA,AWP,WE,Federal Contract Tower,0,2,8,0,10,0,6,39,0,45,0,8,47,0,55,39,4,43,98
02/11/2010,WJF,CA,AWP,WE,Federal Contract Tower,0,0,8,1,9,0,14,77,6,97,0,14,85,7,106,164,0,164,270
02/12/2010,WJF,CA,AWP,WE,Federal Contract Tower,0,0,4,0,4,0,10,96,0,106,0,10,100,0,110,112,0,112,222
02/13/2010,WJF,CA,AWP,WE,Federal Contract Tower,0,2,6,0,8,0,4,168,0,172,0,6,174,0,180,156,0,156,336
02/14/2010,WJF,CA,AWP,WE,Federal Contract Tower,0,0,2,0,2,0,2,99,0,101,0,2,101,0,103,52,0,52,155
02/15/2010,WJF,CA,AWP,WE,Federal Contract Tower,0,1,6,0,7,0,2,87,0,89,0,3,93,0,96,86,0,86,182
02/16/2010,WJF,CA,AWP,WE,Federal Contract Tower,0,3,4,0,7,0,30,66,0,96,0,33,70,0,103,130,0,130,233
02/17/2010,WJF,CA,AWP,WE,Federal Contract Tower,0,5,7,0,12,0,24,110,4,138,0,29,117,4,150,80,0,80,230
02/18/2010,WJF,CA,AWP,WE,Federal Contract Tower,0,4,5,0,9,0,19,108,0,127,0,23,113,0,136,150,0,150,286
02/19/2010,WJF,CA,AWP,WE,Federal Contract Tower,0,3,8,0,11,0,12,41,0,53,0,15,49,0,64,14,0,14,78
02/20/2010,WJF,CA,AWP,WE,Federal Contract Tower,0,0,6,0,6,0,2,65,0,67,0,2,71,0,73,38,0,38,111
02/21/2010,WJF,CA,AWP,WE,Federal Contract Tower,0,0,2,0,2,0,0,31,0,31,0,0,33,0,33,26,0,26,59
02/22/2010,WJF,CA,AWP,WE,Federal Contract Tower,0,0,11,0,11,0,4,32,0,36,0,4,43,0,47,30,4,34,81
02/23/2010,WJF,CA,AWP,WE,Federal Contract Tower,0,3,12,1,16,0,10,88,6,104,0,13,100,7,120,120,0,120,240
02/24/2010,WJF,CA,AWP,WE,Federal Contract Tower,0,12,1,0,13,0,15,24,1,40,0,27,25,1,53,24,0,24,77
02/25/2010,WJF,CA,AWP,WE,Federal Contract Tower,0,7,5,0,12,0,22,89,0,111,0,29,94,0,123,166,0,166,289
02/26/2010,WJF,CA,AWP,WE,Federal Contract Tower,0,2,2,0,4,0,8,62,0,70,0,10,64,0,74,50,0,50,124
02/27/2010,WJF,CA,AWP,WE,Federal Contract Tower,0,2,1,0,3,0,2,46,0,48,0,4,47,0,51,10,0,10,61
02/28/2010,WJF,CA,AWP,WE,Federal Contract Tower,0,0,2,0,2,0,0,161,0,161,0,0,163,0,163,148,0,148,311
03/01/2010,WJF,CA,AWP,WE,Federal Contract Tower,0,0,2,0,2,0,2,79,0,81,0,2,81,0,83,122,8,130,213
03/02/2010,WJF,CA,AWP,WE,Federal Contract Tower,0,1,9,0,10,0,5,40,0,45,0,6,49,0,55,58,0,58,113
03/03/2010,WJF,CA,AWP,WE,Federal Contract Tower,0,0,4,5,9,0,2,40,10,52,0,2,44,15,61,0,6,6,67
03/04/2010,WJF,CA,AWP,WE,Federal Contract Tower,0,2,6,0,8,0,4,47,0,51,0,6,53,0,59,10,0,10,69
03/05/2010,WJF,CA,AWP,WE,Federal Contract Tower,0,0,3,0,3,0,2,98,0,100,0,2,101,0,103,106,0,106,209
03/06/2010,WJF,CA,AWP,WE,Federal Contract Tower,0,1,7,0,8,0,2,70,0,72,0,3,77,0,80,90,0,90,170
03/07/2010,WJF,CA,AWP,WE,Federal Contract Tower,0,0,6,0,6,0,0,31,0,31,0,0,37,0,37,26,0,26,63
03/08/2010,WJF,CA,AWP,WE,Federal Contract Tower,0,1,3,2,6,0,2,13,2,17,0,3,16,4,23,10,0,10,33
03/09/2010,WJF,CA,AWP,WE,Federal Contract Tower,0,0,3,0,3,0,2,22,0,24,0,2,25,0,27,0,0,0,27
03/10/2010,WJF,CA,AWP,WE,Federal Contract Tower,0,0,2,0,2,0,2,27,0,29,0,2,29,0,31,14,0,14,45
03/11/2010,WJF,CA,AWP,WE,Federal Contract Tower,0,2,6,0,8,0,6,74,0,80,0,8,80,0,88,106,0,106,194
03/12/2010,WJF,CA,AWP,WE,Federal Contract Tower,0,0,7,1,8,0,2,105,2,109,0,2,112,3,117,104,2,106,223
03/13/2010,WJF,CA,AWP,WE,Federal Contract Tower,0,0,0,0,0,0,2,24,0,26,0,2,24,0,26,16,0,16,42
03/14/2010,WJF,CA,AWP,WE,Federal Contract Tower,0,0,2,0,2,0,0,99,0,99,0,0,101,0,101,102,0,102,203
03/15/2010,WJF,CA,AWP,WE,Federal Contract Tower,0,0,8,0,8,0,2,68,0,70,0,2,76,0,78,42,0,42,120
03/16/2010,WJF,CA,AWP,WE,Federal Contract Tower,0,1,6,0,7,0,2,77,0,79,0,3,83,0,86,118,0,118,204
03/17/2010,WJF,CA,AWP,WE,Federal Contract Tower,0,0,2,0,2,0,4,70,0,74,0,4,72,0,76,92,0,92,168
03/18/2010,WJF,CA,AWP,WE,Federal Contract Tower,0,0,2,0,2,0,4,69,0,73,0,4,71,0,75,98,0,98,173
03/19/2010,WJF,CA,AWP,WE,Federal Contract Tower,0,1,2,0,3,0,3,104,0,107,0,4,106,0,110,82,0,82,192
03/20/2010,WJF,CA,AWP,WE,Federal Contract Tower,0,0,3,0,3,0,2,132,0,134,0,2,135,0,137,130,0,130,267
03/21/2010,WJF,CA,AWP,WE,Federal Contract Tower,0,1,1,0,2,0,1,196,0,197,0,2,197,0,199,96,0,96,295
03/22/2010,WJF,CA,AWP,WE,Federal Contract Tower,0,0,1,0,1,0,2,50,0,52,0,2,51,0,53,38,0,38,91
03/23/2010,WJF,CA,AWP,WE,Federal Contract Tower,0,0,6,0,6,0,2,55,0,57,0,2,61,0,63,58,0,58,121
03/24/2010,WJF,CA,AWP,WE,Federal Contract Tower,0,0,7,0,7,0,4,88,0,92,0,4,95,0,99,88,0,88,187
03/25/2010,WJF,CA,AWP,WE,Federal Contract Tower,0,1,3,0,4,0,4,27,0,31,0,5,30,0,35,8,0,8,43
03/26/2010,WJF,CA,AWP,WE,Federal Contract Tower,0,0,1,0,1,0,2,63,0,65,0,2,64,0,66,46,0,46,112
03/27/2010,WJF,CA,AWP,WE,Federal Contract Tower,0,0,5,0,5,0,2,66,0,68,0,2,71,0,73,84,0,84,157
03/28/2010,WJF,CA,AWP,WE,Federal Contract Tower,0,0,6,0,6,0,0,156,2,158,0,0,162,2,164,118,0,118,282
03/29/2010,WJF,CA,AWP,WE,Federal Contract Tower,0,0,3,0,3,0,4,57,0,61,0,4,60,0,64,36,0,36,100
03/30/2010,WJF,CA,AWP,WE,Federal Contract Tower,0,1,5,1,7,0,2,44,2,48,0,3,49,3,55,14,0,14,69
03/31/2010,WJF,CA,AWP,WE,Federal Contract Tower,0,1,5,1,7,0,2,18,2,22,0,3,23,3,29,8,0,8,37
04/01/2010,WJF,CA,AWP,WE,Federal Contract Tower,0,0,6,0,6,0,2,64,0,66,0,2,70,0,72,48,0,48,120
04/02/2010,WJF,CA,AWP,WE,Federal Contract Tower,0,4,5,0,9,0,6,115,0,121,0,10,120,0,130,98,0,98,228
04/03/2010,WJF,CA,AWP,WE,Federal Contract Tower,0,0,3,0,3,0,2,97,0,99,0,2,100,0,102,122,0,122,224
04/04/2010,WJF,CA,AWP,WE,Federal Contract Tower,0,0,2,0,2,0,0,29,0,29,0,0,31,0,31,48,0,48,79
04/05/2010,WJF,CA,AWP,WE,Federal Contract Tower,0,3,2,0,5,0,3,7,0,10,0,6,9,0,15,6,0,6,21
04/06/2010,WJF,CA,AWP,WE,Federal Contract Tower,0,0,3,0,3,0,2,60,6,68,0,2,63,6,71,50,0,50,121
04/07/2010,WJF,CA,AWP,WE,Federal Contract Tower,0,0,3,0,3,0,2,78,4,84,0,2,81,4,87,60,0,60,147
04/08/2010,WJF,CA,AWP,WE,Federal Contract Tower,0,2,1,0,3,0,6,119,4,129,0,8,120,4,132,48,0,48,180
04/09/2010,WJF,CA,AWP,WE,Federal Contract Tower,0,0,3,0,3,0,2,94,0,96,0,2,97,0,99,84,0,84,183
04/10/2010,WJF,CA,AWP,WE,Federal Contract Tower,0,0,3,1,4,0,2,44,2,48,0,2,47,3,52,58,0,58,110
04/11/2010,WJF,CA,AWP,WE,Federal Contract Tower,0,0,7,0,7,0,0,26,0,26,0,0,33,0,33,8,0,8,41
04/12/2010,WJF,CA,AWP,WE,Federal Contract Tower,0,2,0,0,2,0,5,19,0,24,0,7,19,0,26,46,0,46,72
04/13/2010,WJF,CA,AWP,WE,Federal Contract Tower,0,5,12,0,17,0,7,94,0,101,0,12,106,0,118,66,0,66,184
04/14/2010,WJF,CA,AWP,WE,Federal Contract Tower,0,0,3,0,3,0,4,73,0,77,0,4,76,0,80,80,0,80,160
04/15/2010,WJF,CA,AWP,WE,Federal Contract Tower,0,0,7,2,9,0,8,88,6,102,0,8,95,8,111,102,0,102,213
04/16/2010,WJF,CA,AWP,WE,Federal Contract Tower,0,2,3,0,5,0,6,93,2,101,0,8,96,2,106,78,0,78,184
04/17/2010,WJF,CA,AWP,WE,Federal Contract Tower,0,0,5,0,5,0,2,159,2,163,0,2,164,2,168,130,0,130,298
04/18/2010,WJF,CA,AWP,WE,Federal Contract Tower,0,0,3,2,5,0,2,118,2,122,0,2,121,4,127,111,0,111,238
04/19/2010,WJF,CA,AWP,WE,Federal Contract Tower,0,0,6,1,7,0,4,49,2,55,0,4,55,3,62,16,0,16,78
04/20/2010,WJF,CA,AWP,WE,Federal Contract Tower,0,3,11,1,15,0,4,35,3,42,0,7,46,4,57,42,0,42,99
04/21/2010,WJF,CA,AWP,WE,Federal Contract Tower,0,2,3,0,5,0,4,19,1,24,0,6,22,1,29,4,0,4,33
04/22/2010,WJF,CA,AWP,WE,Federal Contract Tower,0,1,6,0,7,0,2,43,0,45,0,3,49,0,52,58,0,58,110
04/23/2010,WJF,CA,AWP,WE,Federal Contract Tower,0,4,3,0,7,0,8,82,2,92,0,12,85,2,99,82,0,82,181
04/24/2010,WJF,CA,AWP,WE,Federal Contract Tower,0,0,8,0,8,0,2,260,0,262,0,2,268,0,270,60,0,60,330
04/25/2010,WJF,CA,AWP,WE,Federal Contract Tower,0,0,5,0,5,0,0,172,0,172,0,0,177,0,177,85,0,85,262
04/26/2010,WJF,CA,AWP,WE,Federal Contract Tower,0,1,8,2,11,0,4,83,4,91,0,5,91,6,102,76,0,76,178
04/27/2010,WJF,CA,AWP,WE,Federal Contract Tower,0,3,4,0,7,0,6,39,0,45,0,9,43,0,52,103,0,103,155
04/28/2010,WJF,CA,AWP,WE,Federal Contract Tower,0,1,1,0,2,0,2,21,0,23,0,3,22,0,25,16,0,16,41
04/29/2010,WJF,CA,AWP,WE,Federal Contract Tower,0,0,2,0,2,0,2,16,0,18,0,2,18,0,20,0,0,0,20
04/30/2010,WJF,CA,AWP,WE,Federal Contract Tower,0,2,1,1,4,0,6,56,1,63,0,8,57,2,67,34,0,34,101
05/01/2010,WJF,CA,AWP,WE,Federal Contract Tower,0,2,1,0,3,0,6,73,0,79,0,8,74,0,82,50,0,50,132
05/02/2010,WJF,CA,AWP,WE,Federal Contract Tower,0,0,3,1,4,0,0,83,2,85,0,0,86,3,89,100,0,100,189
05/03/2010,WJF,CA,AWP,WE,Federal Contract Tower,0,4,4,0,8,0,12,38,0,50,0,16,42,0,58,32,0,32,90
05/04/2010,WJF,CA,AWP,WE,Federal Contract Tower,0,5,2,0,7,0,12,49,2,63,0,17,51,2,70,66,0,66,136
05/05/2010,WJF,CA,AWP,WE,Federal Contract Tower,0,3,1,0,4,0,6,47,2,55,0,9,48,2,59,28,2,30,89
05/06/2010,WJF,CA,AWP,WE,Federal Contract Tower,0,2,8,0,10,0,8,39,7,54,0,10,47,7,64,34,0,34,98
05/07/2010,WJF,CA,AWP,WE,Federal Contract Tower,0,2,1,1,4,0,6,82,2,90,0,8,83,3,94,68,0,68,162
05/08/2010,WJF,CA,AWP,WE,Federal Contract Tower,0,3,2,0,5,0,7,51,2,60,0,10,53,2,65,30,0,30,95
05/09/2010,WJF,CA,AWP,WE,Federal Contract Tower,0,2,2,0,4,0,2,47,0,49,0,4,49,0,53,8,0,8,61
05/10/2010,WJF,CA,AWP,WE,Federal Contract Tower,0,4,7,0,11,0,5,32,0,37,0,9,39,0,48,8,0,8,56
05/11/2010,WJF,CA,AWP,WE,Federal Contract Tower,0,3,2,0,5,0,5,25,0,30,0,8,27,0,35,2,0,2,37
05/12/2010,WJF,CA,AWP,WE,Federal Contract Tower,0,2,3,2,7,0,12,67,8,87,0,14,70,10,94,96,0,96,190
05/13/2010,WJF,CA,AWP,WE,Federal Contract Tower,0,6,5,0,11,0,11,80,0,91,0,17,85,0,102,52,0,52,154
05/14/2010,WJF,CA,AWP,WE,Federal Contract Tower,0,7,1,0,8,0,12,105,0,117,0,19,106,0,125,182,0,182,307
05/15/2010,WJF,CA,AWP,WE,Federal Contract Tower,0,2,7,0,9,0,4,172,0,176,0,6,179,0,185,114,0,114,299
05/16/2010,WJF,CA,AWP,WE,Federal Contract Tower,0,4,1,0,5,0,4,115,0,119,0,8,116,0,124,110,0,110,234
05/17/2010,WJF,CA,AWP,WE,Federal Contract Tower,0,3,3,1,7,0,4,34,2,40,0,7,37,3,47,6,0,6,53
05/18/2010,WJF,CA,AWP,WE,Federal Contract Tower,0,5,3,2,10,0,6,22,6,34,0,11,25,8,44,4,0,4,48
05/19/2010,WJF,CA,AWP,WE,Federal Contract Tower,0,2,13,0,15,0,4,78,2,84,0,6,91,2,99,52,0,52,151
05/20/2010,WJF,CA,AWP,WE,Federal Contract Tower,0,6,4,0,10,0,8,45,0,53,0,14,49,0,63,64,0,64,127
05/21/2010,WJF,CA,AWP,WE,Federal Contract Tower,0,2,4,0,6,0,8,69,0,77,0,10,73,0,83,0,0,0,83
05/22/2010,WJF,CA,AWP,WE,Federal Contract Tower,0,6,6,0,12,0,8,27,0,35,0,14,33,0,47,6,0,6,53
05/23/2010,WJF,CA,AWP,WE,Federal Contract Tower,0,3,7,0,10,0,3,27,0,30,0,6,34,0,40,40,0,40,80
05/24/2010,WJF,CA,AWP,WE,Federal Contract Tower,0,2,3,0,5,0,4,57,0,61,0,6,60,0,66,36,0,36,102
05/25/2010,WJF,CA,AWP,WE,Federal Contract Tower,0,3,13,0,16,0,12,89,0,101,0,15,102,0,117,60,2,62,179
05/26/2010,WJF,CA,AWP,WE,Federal Contract Tower,0,3,3,0,6,0,9,52,4,65,0,12,55,4,71,24,0,24,95
05/27/2010,WJF,CA,AWP,WE,Federal Contract Tower,0,4,6,0,10,0,3,41,7,51,0,7,47,7,61,30,0,30,91
05/28/2010,WJF,CA,AWP,WE,Federal Contract Tower,0,2,3,0,5,0,5,101,5,111,0,7,104,5,116,70,0,70,186
05/29/2010,WJF,CA,AWP,WE,Federal Contract Tower,0,4,1,0,5,0,6,90,0,96,0,10,91,0,101,120,0,120,221
05/30/2010,WJF,CA,AWP,WE,Federal Contract Tower,0,2,2,0,4,0,2,105,0,107,0,4,107,0,111,84,0,84,195
05/31/2010,WJF,CA,AWP,WE,Federal Contract Tower,0,2,0,0,2,0,2,61,0,63,0,4,61,0,65,81,0,81,146
06/01/2010,WJF,CA,AWP,WE,Federal Contract Tower,0,2,3,2,7,0,6,70,4,80,0,8,73,6,87,54,0,54,141
06/02/2010,WJF,CA,AWP,WE,Federal Contract Tower,0,2,4,0,6,0,6,64,2,72,0,8,68,2,78,79,0,79,157
06/03/2010,WJF,CA,AWP,WE,Federal Contract Tower,0,2,2,0,4,0,6,50,2,58,0,8,52,2,62,16,2,18,80
06/04/2010,WJF,CA,AWP,WE,Federal Contract Tower,0,2,4,0,6,0,4,60,0,64,0,6,64,0,70,12,0,12,82
06/05/2010,WJF,CA,AWP,WE,Federal Contract Tower,0,2,4,0,6,0,4,99,0,103,0,6,103,0,109,154,0,154,263
06/06/2010,WJF,CA,AWP,WE,Federal Contract Tower,0,2,1,0,3,0,2,73,0,75,0,4,74,0,78,36,0,36,114
06/07/2010,WJF,CA,AWP,WE,Federal Contract Tower,0,2,5,1,8,0,6,55,2,63,0,8,60,3,71,60,0,60,131
06/08/2010,WJF,CA,AWP,WE,Federal Contract Tower,0,2,5,2,9,0,5,72,6,83,0,7,77,8,92,59,4,63,155
06/09/2010,WJF,CA,AWP,WE,Federal Contract Tower,0,2,3,0,5,0,4,33,0,37,0,6,36,0,42,6,4,10,52
06/10/2010,WJF,CA,AWP,WE,Federal Contract Tower,0,2,3,0,5,0,4,38,6,48,0,6,41,6,53,2,0,2,55
06/11/2010,WJF,CA,AWP,WE,Federal Contract Tower,0,3,6,0,9,0,6,53,0,59,0,9,59,0,68,8,0,8,76
06/12/2010,WJF,CA,AWP,WE,Federal Contract Tower,0,4,5,0,9,0,4,82,0,86,0,8,87,0,95,58,0,58,153
06/13/2010,WJF,CA,AWP,WE,Federal Contract Tower,0,2,7,0,9,0,2,113,0,115,0,4,120,0,124,58,0,58,182
06/14/2010,WJF,CA,AWP,WE,Federal Contract Tower,0,4,3,0,7,0,10,60,0,70,0,14,63,0,77,88,0,88,165
06/15/2010,WJF,CA,AWP,WE,Federal Contract Tower,0,5,4,0,9,0,11,67,0,78,0,16,71,0,87,64,0,64,151
06/16/2010,WJF,CA,AWP,WE,Federal Contract Tower,0,5,7,0,12,0,10,65,2,77,0,15,72,2,89,12,0,12,101
06/17/2010,WJF,CA,AWP,WE,Federal Contract Tower,0,3,5,1,9,0,6,121,4,131,0,9,126,5,140,98,2,100,240
06/18/2010,WJF,CA,AWP,WE,Federal Contract Tower,0,6,5,0,11,0,9,60,0,69,0,15,65,0,80,74,2,76,156
06/19/2010,WJF,CA,AWP,WE,Federal Contract Tower,0,3,0,0,3,0,5,82,0,87,0,8,82,0,90,46,0,46,136
06/20/2010,WJF,CA,AWP,WE,Federal Contract Tower,0,4,0,0,4,0,4,107,2,113,0,8,107,2,117,62,0,62,179
06/21/2010,WJF,CA,AWP,WE,Federal Contract Tower,0,4,3,0,7,0,6,76,0,82,0,10,79,0,89,82,0,82,171
06/22/2010,WJF,CA,AWP,WE,Federal Contract Tower,0,2,0,0,2,0,6,75,0,81,0,8,75,0,83,80,0,80,163
06/23/2010,WJF,CA,AWP,WE,Federal Contract Tower,0,2,8,0,10,0,6,84,2,92,0,8,92,2,102,114,0,114,216
06/24/2010,WJF,CA,AWP,WE,Federal Contract Tower,0,5,9,0,14,0,5,69,0,74,0,10,78,0,88,42,2,44,132
06/25/2010,WJF,CA,AWP,WE,Federal Contract Tower,0,3,9,0,12,0,5,95,2,102,0,8,104,2,114,66,0,66,180
06/26/2010,WJF,CA,AWP,WE,Federal Contract Tower,0,5,1,0,6,0,6,131,0,137,0,11,132,0,143,97,0,97,240
06/27/2010,WJF,CA,AWP,WE,Federal Contract Tower,0,4,6,0,10,0,4,99,0,103,0,8,105,0,113,40,0,40,153
06/28/2010,WJF,CA,AWP,WE,Federal Contract Tower,0,4,1,0,5,0,6,48,0,54,0,10,49,0,59,28,0,28,87
06/29/2010,WJF,CA,AWP,WE,Federal Contract Tower,0,2,1,0,3,0,4,69,0,73,0,6,70,0,76,94,2,96,172
06/30/2010,WJF,CA,AWP,WE,Federal Contract Tower,0,2,3,1,6,0,4,60,2,66,0,6,63,3,72,50,0,50,122
07/01/2010,WJF,CA,AWP,WE,Federal Contract Tower,0,4,2,1,7,0,4,58,4,66,0,8,60,5,73,64,0,64,137
07/02/2010,WJF,CA,AWP,WE,Federal Contract Tower,0,2,6,0,8,0,4,88,0,92,0,6,94,0,100,46,0,46,146
07/03/2010,WJF,CA,AWP,WE,Federal Contract Tower,0,2,0,0,2,0,4,66,0,70,0,6,66,0,72,26,0,26,98
07/04/2010,WJF,CA,AWP,WE,Federal Contract Tower,0,2,3,0,5,0,2,56,0,58,0,4,59,0,63,16,0,16,79
07/05/2010,WJF,CA,AWP,WE,Federal Contract Tower,0,4,2,0,6,0,4,73,0,77,0,8,75,0,83,76,0,76,159
07/06/2010,WJF,CA,AWP,WE,Federal Contract Tower,0,2,1,0,3,0,4,41,0,45,0,6,42,0,48,58,0,58,106
07/07/2010,WJF,CA,AWP,WE,Federal Contract Tower,0,2,5,0,7,0,4,53,0,57,0,6,58,0,64,120,0,120,184
07/08/2010,WJF,CA,AWP,WE,Federal Contract Tower,0,2,4,0,6,0,4,71,0,75,0,6,75,0,81,122,2,124,205
07/09/2010,WJF,CA,AWP,WE,Federal Contract Tower,0,4,5,0,9,0,6,90,0,96,0,10,95,0,105,115,2,117,222
07/10/2010,WJF,CA,AWP,WE,Federal Contract Tower,0,2,3,0,5,0,3,82,2,87,0,5,85,2,92,44,0,44,136
07/11/2010,WJF,CA,AWP,WE,Federal Contract Tower,0,2,2,0,4,0,2,56,0,58,0,4,58,0,62,78,0,78,140
07/12/2010,WJF,CA,AWP,WE,Federal Contract Tower,0,2,3,0,5,0,4,48,0,52,0,6,51,0,57,82,0,82,139
07/13/2010,WJF,CA,AWP,WE,Federal Contract Tower,0,3,8,0,11,0,7,58,0,65,0,10,66,0,76,28,0,28,104
07/14/2010,WJF,CA,AWP,WE,Federal Contract Tower,0,4,11,0,15,0,6,69,2,77,0,10,80,2,92,86,0,86,178
07/15/2010,WJF,CA,AWP,WE,Federal Contract Tower,0,6,4,0,10,0,8,68,2,78,0,14,72,2,88,50,0,50,138
07/16/2010,WJF,CA,AWP,WE,Federal Contract Tower,0,2,2,1,5,0,3,73,2,78,0,5,75,3,83,36,2,38,121
07/17/2010,WJF,CA,AWP,WE,Federal Contract Tower,0,2,1,0,3,0,4,88,0,92,0,6,89,0,95,34,0,34,129
07/18/2010,WJF,CA,AWP,WE,Federal Contract Tower,0,2,1,0,3,0,3,68,0,71,0,5,69,0,74,96,0,96,170
07/19/2010,WJF,CA,AWP,WE,Federal Contract Tower,0,4,1,0,5,0,6,52,0,58,0,10,53,0,63,86,2,88,151
07/20/2010,WJF,CA,AWP,WE,Federal Contract Tower,0,6,6,0,12,0,10,57,0,67,0,16,63,0,79,76,2,78,157
07/21/2010,WJF,CA,AWP,WE,Federal Contract Tower,0,2,9,0,11,0,4,75,2,81,0,6,84,2,92,66,0,66,158
07/22/2010,WJF,CA,AWP,WE,Federal Contract Tower,0,2,7,0,9,4,82,6,0,92,4,84,13,0,101,74,0,74,175
07/23/2010,WJF,CA,AWP,WE,Federal Contract Tower,0,5,5,0,10,0,8,89,10,107,0,13,94,10,117,76,0,76,193
07/24/2010,WJF,CA,AWP,WE,Federal Contract Tower,0,4,5,0,9,0,8,77,0,85,0,12,82,0,94,76,0,76,170
07/25/2010,WJF,CA,AWP,WE,Federal Contract Tower,0,4,4,0,8,0,4,79,0,83,0,8,83,0,91,36,0,36,127
07/26/2010,WJF,CA,AWP,WE,Federal Contract Tower,0,3,7,0,10,0,6,57,0,63,0,9,64,0,73,70,0,70,143
07/27/2010,WJF,CA,AWP,WE,Federal Contract Tower,0,2,5,1,8,0,4,194,4,202,0,6,199,5,210,28,0,28,238
07/28/2010,WJF,CA,AWP,WE,Federal Contract Tower,0,4,5,0,9,0,6,279,0,285,0,10,284,0,294,30,0,30,324
07/29/2010,WJF,CA,AWP,WE,Federal Contract Tower,0,1,0,0,1,0,4,191,4,199,0,5,191,4,200,64,2,66,266
07/30/2010,WJF,CA,AWP,WE,Federal Contract Tower,0,4,4,0,8,0,6,374,2,382,0,10,378,2,390,4,2,6,396
07/31/2010,WJF,CA,AWP,WE,Federal Contract Tower,0,2,4,0,6,0,4,85,0,89,0,6,89,0,95,38,0,38,133
08/01/2010,WJF,CA,AWP,WE,Federal Contract Tower,0,2,4,0,6,0,2,71,0,73,0,4,75,0,79,42,0,42,121
08/02/2010,WJF,CA,AWP,WE,Federal Contract Tower,0,4,0,0,4,0,6,45,0,51,0,10,45,0,55,8,0,8,63
08/03/2010,WJF,CA,AWP,WE,Federal Contract Tower,0,2,3,0,5,0,4,85,2,91,0,6,88,2,96,86,0,86,182
08/04/2010,WJF,CA,AWP,WE,Federal Contract Tower,0,4,8,2,14,0,6,77,4,87,0,10,85,6,101,66,2,68,169
08/05/2010,WJF,CA,AWP,WE,Federal Contract Tower,0,2,8,0,10,0,4,66,4,74,0,6,74,4,84,56,0,56,140
08/06/2010,WJF,CA,AWP,WE,Federal Contract Tower,0,4,6,0,10,0,6,76,6,88,0,10,82,6,98,72,10,82,180
08/07/2010,WJF,CA,AWP,WE,Federal Contract Tower,0,4,5,0,9,0,7,97,0,104,0,11,102,0,113,84,0,84,197
08/08/2010,WJF,CA,AWP,WE,Federal Contract Tower,0,2,2,0,4,0,2,86,0,88,0,4,88,0,92,48,0,48,140
08/09/2010,WJF,CA,AWP,WE,Federal Contract Tower,0,2,2,1,5,0,4,62,2,68,0,6,64,3,73,80,0,80,153
08/10/2010,WJF,CA,AWP,WE,Federal Contract Tower,0,1,11,1,13,0,4,81,0,85,0,5,92,1,98,24,0,24,122
08/11/2010,WJF,CA,AWP,WE,Federal Contract Tower,0,5,14,0,19,0,11,92,2,105,0,16,106,2,124,42,0,42,166
08/12/2010,WJF,CA,AWP,WE,Federal Contract Tower,0,0,2,3,5,0,2,79,2,83,0,2,81,5,88,108,0,108,196
08/13/2010,WJF,CA,AWP,WE,Federal Contract Tower,0,0,6,0,6,0,4,78,2,84,0,4,84,2,90,72,2,74,164
08/14/2010,WJF,CA,AWP,WE,Federal Contract Tower,0,3,7,0,10,0,6,85,0,91,0,9,92,0,101,80,0,80,181
08/15/2010,WJF,CA,AWP,WE,Federal Contract Tower,0,2,3,0,5,0,2,104,0,106,0,4,107,0,111,184,0,184,295
08/16/2010,WJF,CA,AWP,WE,Federal Contract Tower,0,2,3,0,5,0,4,59,2,65,0,6,62,2,70,42,0,42,112
08/17/2010,WJF,CA,AWP,WE,Federal Contract Tower,0,2,12,0,14,0,4,64,6,74,0,6,76,6,88,52,0,52,140
08/18/2010,WJF,CA,AWP,WE,Federal Contract Tower,0,2,1,0,3,0,4,42,2,48,0,6,43,2,51,72,0,72,123
08/19/2010,WJF,CA,AWP,WE,Federal Contract Tower,0,2,4,0,6,0,8,57,0,65,0,10,61,0,71,50,0,50,121
08/20/2010,WJF,CA,AWP,WE,Federal Contract Tower,0,3,3,0,6,0,6,148,0,154,0,9,151,0,160,64,0,64,224
08/21/2010,WJF,CA,AWP,WE,Federal Contract Tower,0,2,6,0,8,0,4,101,0,105,0,6,107,0,113,64,0,64,177
08/22/2010,WJF,CA,AWP,WE,Federal Contract Tower,0,2,4,0,6,0,2,108,0,110,0,4,112,0,116,54,0,54,170
08/23/2010,WJF,CA,AWP,WE,Federal Contract Tower,0,2,10,0,12,0,4,67,2,73,0,6,77,2,85,44,0,44,129
08/24/2010,WJF,CA,AWP,WE,Federal Contract Tower,0,5,5,1,11,0,6,170,4,180,0,11,175,5,191,52,0,52,243
08/25/2010,WJF,CA,AWP,WE,Federal Contract Tower,0,2,6,0,8,0,4,104,2,110,0,6,110,2,118,78,0,78,196
08/26/2010,WJF,CA,AWP,WE,Federal Contract Tower,0,2,6,0,8,0,4,74,0,78,0,6,80,0,86,110,0,110,196
08/27/2010,WJF,CA,AWP,WE,Federal Contract Tower,0,2,2,0,4,0,3,66,0,69,0,5,68,0,73,58,0,58,131
08/28/2010,WJF,CA,AWP,WE,Federal Contract Tower,0,3,1,0,4,0,6,121,6,133,0,9,122,6,137,78,0,78,215
08/29/2010,WJF,CA,AWP,WE,Federal Contract Tower,0,2,1,1,4,0,3,69,2,74,0,5,70,3,78,20,0,20,98
08/30/2010,WJF,CA,AWP,WE,Federal Contract Tower,0,2,1,2,5,0,4,63,8,75,0,6,64,10,80,40,0,40,120
08/31/2010,WJF,CA,AWP,WE,Federal Contract Tower,0,2,1,0,3,0,4,61,2,67,0,6,62,2,70,26,0,26,96
09/01/2010,WJF,CA,AWP,WE,Federal Contract Tower,0,4,5,0,9,0,6,74,4,84,0,10,79,4,93,292,0,292,385
09/02/2010,WJF,CA,AWP,WE,Federal Contract Tower,0,2,6,0,8,0,4,59,2,65,0,6,65,2,73,90,0,90,163
09/03/2010,WJF,CA,AWP,WE,Federal Contract Tower,0,4,7,0,11,0,4,82,0,86,0,8,89,0,97,70,0,70,167
09/04/2010,WJF,CA,AWP,WE,Federal Contract Tower,0,2,3,0,5,0,4,74,0,78,0,6,77,0,83,56,0,56,139
09/05/2010,WJF,CA,AWP,WE,Federal Contract Tower,0,2,3,0,5,0,8,71,0,79,0,10,74,0,84,58,0,58,142
09/06/2010,WJF,CA,AWP,WE,Federal Contract Tower,0,2,2,0,4,0,6,75,0,81,0,8,77,0,85,90,0,90,175
09/07/2010,WJF,CA,AWP,WE,Federal Contract Tower,0,2,1,2,5,0,12,57,4,73,0,14,58,6,78,34,0,34,112
09/08/2010,WJF,CA,AWP,WE,Federal Contract Tower,0,2,10,0,12,0,6,57,2,65,0,8,67,2,77,48,0,48,125
09/09/2010,WJF,CA,AWP,WE,Federal Contract Tower,0,4,3,0,7,0,6,48,0,54,0,10,51,0,61,30,2,32,93
09/10/2010,WJF,CA,AWP,WE,Federal Contract Tower,0,2,7,0,9,0,6,98,1,105,0,8,105,1,114,62,0,62,176
09/11/2010,WJF,CA,AWP,WE,Federal Contract Tower,0,4,2,0,6,0,12,145,3,160,0,16,147,3,166,54,0,54,220
09/12/2010,WJF,CA,AWP,WE,Federal Contract Tower,0,2,5,0,7,0,3,145,0,148,0,5,150,0,155,90,0,90,245
09/13/2010,WJF,CA,AWP,WE,Federal Contract Tower,0,2,0,0,2,0,5,80,2,87,0,7,80,2,89,58,0,58,147
09/14/2010,WJF,CA,AWP,WE,Federal Contract Tower,0,2,10,2,14,0,4,175,4,183,0,6,185,6,197,6,0,6,203
09/15/2010,WJF,CA,AWP,WE,Federal Contract Tower,0,2,0,0,2,0,4,69,4,77,0,6,69,4,79,24,0,24,103
09/16/2010,WJF,CA,AWP,WE,Federal Contract Tower,0,2,3,0,5,0,4,61,2,67,0,6,64,2,72,26,0,26,98
09/17/2010,WJF,CA,AWP,WE,Federal Contract Tower,0,2,7,0,9,0,4,118,0,122,0,6,125,0,131,100,0,100,231
09/18/2010,WJF,CA,AWP,WE,Federal Contract Tower,0,2,2,0,4,0,8,128,0,136,0,10,130,0,140,76,0,76,216
09/19/2010,WJF,CA,AWP,WE,Federal Contract Tower,0,2,4,0,6,0,2,102,0,104,0,4,106,0,110,74,0,74,184
09/20/2010,WJF,CA,AWP,WE,Federal Contract Tower,0,2,7,0,9,0,4,65,4,73,0,6,72,4,82,48,0,48,130
09/21/2010,WJF,CA,AWP,WE,Federal Contract Tower,0,2,6,0,8,0,4,51,6,61,0,6,57,6,69,48,12,60,129
09/22/2010,WJF,CA,AWP,WE,Federal Contract Tower,0,2,3,0,5,0,4,40,2,46,0,6,43,2,51,20,2,22,73
09/23/2010,WJF,CA,AWP,WE,Federal Contract Tower,0,2,4,1,7,0,3,78,4,85,0,5,82,5,92,80,0,80,172
09/24/2010,WJF,CA,AWP,WE,Federal Contract Tower,0,5,2,0,7,0,9,91,0,100,0,14,93,0,107,59,0,59,166
09/25/2010,WJF,CA,AWP,WE,Federal Contract Tower,0,4,5,0,9,0,6,101,0,107,0,10,106,0,116,70,0,70,186
09/26/2010,WJF,CA,AWP,WE,Federal Contract Tower,0,2,1,0,3,0,4,96,0,100,0,6,97,0,103,98,0,98,201
09/27/2010,WJF,CA,AWP,WE,Federal Contract Tower,0,4,2,0,6,0,4,47,0,51,0,8,49,0,57,66,0,66,123
09/28/2010,WJF,CA,AWP,WE,Federal Contract Tower,0,3,5,1,9,0,4,60,2,66,0,7,65,3,75,30,0,30,105
09/29/2010,WJF,CA,AWP,WE,Federal Contract Tower,0,4,5,0,9,0,6,62,2,70,0,10,67,2,79,56,0,56,135
09/30/2010,WJF,CA,AWP,WE,Federal Contract Tower,0,4,3,0,7,0,6,62,0,68,0,10,65,0,75,72,0,72,147
10/01/2010,WJF,CA,AWP,WE,Federal Contract Tower,0,5,2,0,7,0,8,83,2,93,0,13,85,2,100,116,4,120,220
10/02/2010,WJF,CA,AWP,WE,Federal Contract Tower,0,2,2,0,4,0,4,66,2,72,0,6,68,2,76,66,0,66,142
10/03/2010,WJF,CA,AWP,WE,Federal Contract Tower,0,2,6,0,8,0,2,105,0,107,0,4,111,0,115,141,0,141,256
10/04/2010,WJF,CA,AWP,WE,Federal Contract Tower,0,2,2,0,4,0,3,21,0,24,0,5,23,0,28,0,0,0,28
10/05/2010,WJF,CA,AWP,WE,Federal Contract Tower,0,4,4,0,8,0,6,55,2,63,0,10,59,2,71,46,0,46,117
10/06/2010,WJF,CA,AWP,WE,Federal Contract Tower,0,7,4,0,11,0,10,30,0,40,0,17,34,0,51,34,0,34,85
10/07/2010,WJF,CA,AWP,WE,Federal Contract Tower,0,2,4,0,6,0,4,65,0,69,0,6,69,0,75,56,0,56,131
10/08/2010,WJF,CA,AWP,WE,Federal Contract Tower,0,3,6,2,11,0,6,91,4,101,0,9,97,6,112,68,0,68,180
10/09/2010,WJF,CA,AWP,WE,Federal Contract Tower,0,4,3,0,7,0,6,157,0,163,0,10,160,0,170,124,0,124,294
10/10/2010,WJF,CA,AWP,WE,Federal Contract Tower,0,3,6,0,9,0,3,93,0,96,0,6,99,0,105,144,0,144,249
10/11/2010,WJF,CA,AWP,WE,Federal Contract Tower,0,4,8,0,12,0,6,100,0,106,0,10,108,0,118,110,0,110,228
10/12/2010,WJF,CA,AWP,WE,Federal Contract Tower,0,2,8,0,10,0,4,96,2,102,0,6,104,2,112,86,0,86,198
10/13/2010,WJF,CA,AWP,WE,Federal Contract Tower,0,2,5,0,7,0,7,71,2,80,0,9,76,2,87,48,0,48,135
10/14/2010,WJF,CA,AWP,WE,Federal Contract Tower,0,2,4,0,6,0,5,86,4,95,0,7,90,4,101,63,4,67,168
10/15/2010,WJF,CA,AWP,WE,Federal Contract Tower,0,2,6,1,9,0,6,82,2,90,0,8,88,3,99,90,0,90,189
10/16/2010,WJF,CA,AWP,WE,Federal Contract Tower,0,2,3,0,5,0,4,85,0,89,0,6,88,0,94,174,0,174,268
10/17/2010,WJF,CA,AWP,WE,Federal Contract Tower,0,4,3,0,7,0,4,69,0,73,0,8,72,0,80,76,0,76,156
10/18/2010,WJF,CA,AWP,WE,Federal Contract Tower,0,3,9,0,12,0,4,41,0,45,0,7,50,0,57,32,0,32,89
10/19/2010,WJF,CA,AWP,WE,Federal Contract Tower,0,3,1,1,5,0,4,14,2,20,0,7,15,3,25,14,0,14,39
10/20/2010,WJF,CA,AWP,WE,Federal Contract Tower,0,3,3,0,6,0,6,39,2,47,0,9,42,2,53,20,0,20,73
10/21/2010,WJF,CA,AWP,WE,Federal Contract Tower,0,4,11,0,15,0,5,65,0,70,0,9,76,0,85,92,0,92,177
10/22/2010,WJF,CA,AWP,WE,Federal Contract Tower,0,3,6,0,9,0,4,56,0,60,0,7,62,0,69,66,0,66,135
10/23/2010,WJF,CA,AWP,WE,Federal Contract Tower,0,2,3,0,5,0,4,45,0,49,0,6,48,0,54,50,0,50,104
10/24/2010,WJF,CA,AWP,WE,Federal Contract Tower,0,2,4,0,6,0,2,49,0,51,0,4,53,0,57,86,0,86,143
10/25/2010,WJF,CA,AWP,WE,Federal Contract Tower,0,3,4,0,7,0,4,20,0,24,0,7,24,0,31,10,0,10,41
10/26/2010,WJF,CA,AWP,WE,Federal Contract Tower,0,6,7,2,15,0,8,45,4,57,0,14,52,6,72,14,0,14,86
10/27/2010,WJF,CA,AWP,WE,Federal Contract Tower,0,3,4,1,8,0,8,88,4,100,0,11,92,5,108,136,0,136,244
10/28/2010,WJF,CA,AWP,WE,Federal Contract Tower,0,2,2,1,5,0,4,124,2,130,0,6,126,3,135,158,0,158,293
10/29/2010,WJF,CA,AWP,WE,Federal Contract Tower,0,2,4,1,7,0,4,92,3,99,0,6,96,4,106,140,0,140,246
10/30/2010,WJF,CA,AWP,WE,Federal Contract Tower,0,3,8,0,11,0,12,94,0,106,0,15,102,0,117,102,0,102,219
10/31/2010,WJF,CA,AWP,WE,Federal Contract Tower,0,2,4,0,6,0,2,124,0,126,0,4,128,0,132,156,0,156,288
11/01/2010,WJF,CA,AWP,WE,Federal Contract Tower,0,4,4,0,8,0,6,75,0,81,0,10,79,0,89,54,0,54,143
11/02/2010,WJF,CA,AWP,WE,Federal Contract Tower,0,4,4,3,11,0,6,54,6,66,0,10,58,9,77,50,0,50,127
11/03/2010,WJF,CA,AWP,WE,Federal Contract Tower,0,7,3,0,10,0,12,38,0,50,0,19,41,0,60,50,4,54,114
11/04/2010,WJF,CA,AWP,WE,Federal Contract Tower,0,2,3,0,5,0,4,65,0,69,0,6,68,0,74,64,0,64,138
11/05/2010,WJF,CA,AWP,WE,Federal Contract Tower,0,6,3,0,9,0,11,72,0,83,0,17,75,0,92,180,0,180,272
11/06/2010,WJF,CA,AWP,WE,Federal Contract Tower,0,5,3,0,8,0,7,81,12,100,0,12,84,12,108,86,0,86,194
11/07/2010,WJF,CA,AWP,WE,Federal Contract Tower,0,2,2,0,4,0,4,65,0,69,0,6,67,0,73,64,0,64,137
11/08/2010,WJF,CA,AWP,WE,Federal Contract Tower,0,3,3,1,7,0,4,20,2,26,0,7,23,3,33,4,0,4,37
11/09/2010,WJF,CA,AWP,WE,Federal Contract Tower,0,4,3,0,7,0,6,62,2,70,0,10,65,2,77,46,0,46,123
11/10/2010,WJF,CA,AWP,WE,Federal Contract Tower,0,5,0,3,8,0,6,38,8,52,0,11,38,11,60,4,0,4,64
11/11/2010,WJF,CA,AWP,WE,Federal Contract Tower,0,3,2,0,5,0,4,35,0,39,0,7,37,0,44,22,0,22,66
11/12/2010,WJF,CA,AWP,WE,Federal Contract Tower,0,3,5,1,9,0,4,72,2,78,0,7,77,3,87,56,0,56,143
11/13/2010,WJF,CA,AWP,WE,Federal Contract Tower,0,2,5,0,7,0,4,109,0,113,0,6,114,0,120,162,0,162,282
11/14/2010,WJF,CA,AWP,WE,Federal Contract Tower,0,2,11,0,13,0,2,136,0,138,0,4,147,0,151,140,0,140,291
11/15/2010,WJF,CA,AWP,WE,Federal Contract Tower,0,2,1,2,5,0,4,77,4,85,0,6,78,6,90,52,2,54,144
11/16/2010,WJF,CA,AWP,WE,Federal Contract Tower,0,3,6,2,11,0,4,66,4,74,0,7,72,6,85,44,0,44,129
11/17/2010,WJF,CA,AWP,WE,Federal Contract Tower,0,8,6,2,16,0,12,68,4,84,0,20,74,6,100,52,0,52,152
11/18/2010,WJF,CA,AWP,WE,Federal Contract Tower,0,3,5,1,9,0,16,94,2,112,0,19,99,3,121,104,0,104,225
11/19/2010,WJF,CA,AWP,WE,Federal Contract Tower,0,4,10,0,14,0,6,40,4,50,0,10,50,4,64,42,0,42,106
11/20/2010,WJF,CA,AWP,WE,Federal Contract Tower,0,5,5,0,10,0,5,15,0,20,0,10,20,0,30,2,0,2,32
11/21/2010,WJF,CA,AWP,WE,Federal Contract Tower,0,3,0,0,3,0,3,23,0,26,0,6,23,0,29,12,2,14,43
11/22/2010,WJF,CA,AWP,WE,Federal Contract Tower,0,4,7,2,13,0,5,34,12,51,0,9,41,14,64,64,8,72,136
11/23/2010,WJF,CA,AWP,WE,Federal Contract Tower,0,6,4,0,10,0,10,44,0,54,0,16,48,0,64,66,0,66,130
11/24/2010,WJF,CA,AWP,WE,Federal Contract Tower,0,4,7,0,11,0,8,67,0,75,0,12,74,0,86,38,0,38,124
11/25/2010,WJF,CA,AWP,WE,Federal Contract Tower,0,0,2,0,2,0,0,29,0,29,0,0,31,0,31,30,0,30,61
11/26/2010,WJF,CA,AWP,WE,Federal Contract Tower,0,4,6,0,10,0,6,95,0,101,0,10,101,0,111,82,0,82,193
11/27/2010,WJF,CA,AWP,WE,Federal Contract Tower,0,2,4,0,6,0,4,57,6,67,0,6,61,6,73,62,0,62,135
11/28/2010,WJF,CA,AWP,WE,Federal Contract Tower,0,4,3,0,7,0,4,28,0,32,0,8,31,0,39,22,0,22,61
11/29/2010,WJF,CA,AWP,WE,Federal Contract Tower,0,5,6,0,11,0,6,42,0,48,0,11,48,0,59,50,0,50,109
11/30/2010,WJF,CA,AWP,WE,Federal Contract Tower,0,3,9,1,13,0,6,59,2,67,0,9,68,3,80,70,2,72,152
12/01/2010,WJF,CA,AWP,WE,Federal Contract Tower,0,3,8,0,11,0,6,80,2,88,0,9,88,2,99,116,6,122,221
12/02/2010,WJF,CA,AWP,WE,Federal Contract Tower,0,8,4,1,13,0,12,101,6,119,0,20,105,7,132,94,4,98,230
12/03/2010,WJF,CA,AWP,WE,Federal Contract Tower,0,6,14,0,20,0,12,83,0,95,0,18,97,0,115,90,0,90,205
12/04/2010,WJF,CA,AWP,WE,Federal Contract Tower,0,2,5,0,7,0,4,93,0,97,0,6,98,0,104,132,0,132,236
12/05/2010,WJF,CA,AWP,WE,Federal Contract Tower,0,2,6,0,8,0,2,69,0,71,0,4,75,0,79,130,0,130,209
12/06/2010,WJF,CA,AWP,WE,Federal Contract Tower,0,3,5,0,8,0,6,38,0,44,0,9,43,0,52,64,0,64,116
12/07/2010,WJF,CA,AWP,WE,Federal Contract Tower,0,8,3,0,11,0,31,58,0,89,0,39,61,0,100,112,0,112,212
12/08/2010,WJF,CA,AWP,WE,Federal Contract Tower,0,3,4,1,8,0,19,70,4,93,0,22,74,5,101,188,4,192,293
12/09/2010,WJF,CA,AWP,WE,Federal Contract Tower,0,5,3,2,10,0,6,63,4,73,0,11,66,6,83,140,0,140,223
12/10/2010,WJF,CA,AWP,WE,Federal Contract Tower,0,4,10,0,14,0,6,46,0,52,0,10,56,0,66,20,0,20,86
12/11/2010,WJF,CA,AWP,WE,Federal Contract Tower,0,4,1,0,5,0,6,104,0,110,0,10,105,0,115,140,0,140,255
12/12/2010,WJF,CA,AWP,WE,Federal Contract Tower,0,4,2,0,6,0,4,102,0,106,0,8,104,0,112,134,0,134,246
12/13/2010,WJF,CA,AWP,WE,Federal Contract Tower,0,3,7,0,10,0,4,97,0,101,0,7,104,0,111,126,0,126,237
12/14/2010,WJF,CA,AWP,WE,Federal Contract Tower,0,5,8,2,15,0,11,80,8,99,0,16,88,10,114,124,0,124,238
12/15/2010,WJF,CA,AWP,WE,Federal Contract Tower,0,4,12,3,19,0,7,40,12,59,0,11,52,15,78,62,0,62,140
12/16/2010,WJF,CA,AWP,WE,Federal Contract Tower,0,5,12,0,17,0,28,70,0,98,0,33,82,0,115,46,0,46,161
12/17/2010,WJF,CA,AWP,WE,Federal Contract Tower,0,10,7,0,17,0,12,10,1,23,0,22,17,1,40,6,0,6,46
12/18/2010,WJF,CA,AWP,WE,Federal Contract Tower,0,4,0,0,4,0,4,18,0,22,0,8,18,0,26,48,0,48,74
12/19/2010,WJF,CA,AWP,WE,Federal Contract Tower,0,2,1,1,4,0,2,8,1,11,0,4,9,2,15,10,0,10,25
12/20/2010,WJF,CA,AWP,WE,Federal Contract Tower,0,6,2,1,9,0,6,2,2,10,0,12,4,3,19,0,0,0,19
12/21/2010,WJF,CA,AWP,WE,Federal Contract Tower,0,9,3,1,13,0,12,15,4,31,0,21,18,5,44,4,0,4,48
12/22/2010,WJF,CA,AWP,WE,Federal Contract Tower,0,8,2,0,10,0,8,4,0,12,0,16,6,0,22,8,0,8,30
12/23/2010,WJF,CA,AWP,WE,Federal Contract Tower,0,5,1,0,6,0,67,111,0,178,0,72,112,0,184,226,0,226,410
12/24/2010,WJF,CA,AWP,WE,Federal Contract Tower,0,1,5,0,6,0,2,87,0,89,0,3,92,0,95,112,0,112,207
12/25/2010,WJF,CA,AWP,WE,Federal Contract Tower,0,0,1,0,1,0,0,12,0,12,0,0,13,0,13,54,0,54,67
12/26/2010,WJF,CA,AWP,WE,Federal Contract Tower,0,0,2,0,2,0,0,28,0,28,0,0,30,0,30,14,0,14,44
12/27/2010,WJF,CA,AWP,WE,Federal Contract Tower,0,2,3,0,5,0,36,110,0,146,0,38,113,0,151,270,0,270,421
12/28/2010,WJF,CA,AWP,WE,Federal Contract Tower,0,1,2,1,4,0,20,125,2,147,0,21,127,3,151,180,0,180,331
12/29/2010,WJF,CA,AWP,WE,Federal Contract Tower,0,1,0,0,1,0,2,2,0,4,0,3,2,0,5,4,0,4,9
12/30/2010,WJF,CA,AWP,WE,Federal Contract Tower,0,3,2,0,5,0,4,20,0,24,0,7,22,0,29,43,0,43,72
12/31/2010,WJF,CA,AWP,WE,Federal Contract Tower,0,2,2,0,4,0,5,63,0,68,0,7,65,0,72,72,0,72,144
01/01/2011,WJF,CA,AWP,WE,Federal Contract Tower,0,0,5,0,5,0,4,54,0,58,0,4,59,0,63,62,0,62,125
01/02/2011,WJF,CA,AWP,WE,Federal Contract Tower,0,2,5,0,7,0,2,17,0,19,0,4,22,0,26,20,0,20,46
01/03/2011,WJF,CA,AWP,WE,Federal Contract Tower,0,2,1,0,3,0,2,18,0,20,0,4,19,0,23,40,0,40,63
01/04/2011,WJF,CA,AWP,WE,Federal Contract Tower,0,1,4,0,5,0,4,49,2,55,0,5,53,2,60,74,0,74,134
01/05/2011,WJF,CA,AWP,WE,Federal Contract Tower,0,1,4,0,5,0,2,51,0,53,0,3,55,0,58,148,0,148,206
01/06/2011,WJF,CA,AWP,WE,Federal Contract Tower,0,2,1,0,3,0,7,94,2,103,0,9,95,2,106,124,0,124,230
01/07/2011,WJF,CA,AWP,WE,Federal Contract Tower,0,1,5,0,6,0,34,76,0,110,0,35,81,0,116,162,0,162,278
01/08/2011,WJF,CA,AWP,WE,Federal Contract Tower,0,2,4,1,7,0,2,93,2,97,0,4,97,3,104,94,0,94,198
01/09/2011,WJF,CA,AWP,WE,Federal Contract Tower,0,0,5,0,5,0,0,64,0,64,0,0,69,0,69,46,0,46,115
01/10/2011,WJF,CA,AWP,WE,Federal Contract Tower,0,1,4,4,9,0,13,60,8,81,0,14,64,12,90,106,0,106,196
01/11/2011,WJF,CA,AWP,WE,Federal Contract Tower,0,1,3,0,4,0,4,65,6,75,0,5,68,6,79,69,8,77,156
01/12/2011,WJF,CA,AWP,WE,Federal Contract Tower,0,2,3,1,6,0,14,80,14,108,0,16,83,15,114,104,0,104,218
01/13/2011,WJF,CA,AWP,WE,Federal Contract Tower,0,2,5,0,7,0,12,48,2,62,0,14,53,2,69,102,0,102,171
01/14/2011,WJF,CA,AWP,WE,Federal Contract Tower,0,9,5,1,15,0,19,55,2,76,0,28,60,3,91,96,0,96,187
01/15/2011,WJF,CA,AWP,WE,Federal Contract Tower,0,0,4,0,4,0,2,101,0,103,0,2,105,0,107,134,0,134,241
01/16/2011,WJF,CA,AWP,WE,Federal Contract Tower,0,0,2,1,3,0,0,106,2,108,0,0,108,3,111,138,0,138,249
01/17/2011,WJF,CA,AWP,WE,Federal Contract Tower,0,1,8,0,9,0,6,85,0,91,0,7,93,0,100,128,0,128,228
01/18/2011,WJF,CA,AWP,WE,Federal Contract Tower,0,3,4,1,8,0,32,68,4,104,0,35,72,5,112,160,0,160,272
01/19/2011,WJF,CA,AWP,WE,Federal Contract Tower,0,3,3,1,7,0,8,37,10,55,0,11,40,11,62,66,52,118,180
01/20/2011,WJF,CA,AWP,WE,Federal Contract Tower,0,6,5,3,14,0,8,48,6,62,0,14,53,9,76,116,6,122,198
01/21/2011,WJF,CA,AWP,WE,Federal Contract Tower,0,2,3,0,5,0,20,108,2,130,0,22,111,2,135,98,0,98,233
01/22/2011,WJF,CA,AWP,WE,Federal Contract Tower,0,1,3,0,4,0,1,131,0,132,0,2,134,0,136,152,0,152,288
01/23/2011,WJF,CA,AWP,WE,Federal Contract Tower,0,0,1,0,1,0,0,91,0,91,0,0,92,0,92,142,0,142,234
01/24/2011,WJF,CA,AWP,WE,Federal Contract Tower,0,3,1,0,4,0,4,89,8,101,0,7,90,8,105,144,0,144,249
01/25/2011,WJF,CA,AWP,WE,Federal Contract Tower,0,1,1,2,4,0,42,97,10,149,0,43,98,12,153,106,4,110,263
01/26/2011,WJF,CA,AWP,WE,Federal Contract Tower,0,1,11,0,12,0,20,53,0,73,0,21,64,0,85,80,0,80,165
01/27/2011,WJF,CA,AWP,WE,Federal Contract Tower,0,2,11,0,13,0,24,79,2,105,0,26,90,2,118,100,8,108,226
01/28/2011,WJF,CA,AWP,WE,Federal Contract Tower,0,4,6,3,13,0,17,102,8,127,0,21,108,11,140,84,2,86,226
01/29/2011,WJF,CA,AWP,WE,Federal Contract Tower,0,0,7,0,7,0,2,101,0,103,0,2,108,0,110,140,0,140,250
01/30/2011,WJF,CA,AWP,WE,Federal Contract Tower,0,0,12,0,12,0,0,38,0,38,0,0,50,0,50,42,0,42,92
01/31/2011,WJF,CA,AWP,WE,Federal Contract Tower,0,0,9,0,9,0,8,77,0,85,0,8,86,0,94,36,0,36,130
02/01/2011,WJF,CA,AWP,WE,Federal Contract Tower,0,1,2,1,4,0,2,53,2,57,0,3,55,3,61,94,0,94,155
02/02/2011,WJF,CA,AWP,WE,Federal Contract Tower,0,1,0,0,1,0,2,36,0,38,0,3,36,0,39,166,0,166,205
02/03/2011,WJF,CA,AWP,WE,Federal Contract Tower,0,3,3,0,6,0,16,91,2,109,0,19,94,2,115,110,0,110,225
02/04/2011,WJF,CA,AWP,WE,Federal Contract Tower,0,2,7,1,10,0,8,136,4,148,0,10,143,5,158,152,2,154,312
02/05/2011,WJF,CA,AWP,WE,Federal Contract Tower,0,0,0,0,0,0,2,171,0,173,0,2,171,0,173,140,0,140,313
02/06/2011,WJF,CA,AWP,WE,Federal Contract Tower,0,0,2,0,2,0,0,91,2,93,0,0,93,2,95,68,0,68,163
02/07/2011,WJF,CA,AWP,WE,Federal Contract Tower,0,1,2,0,3,0,2,61,0,63,0,3,63,0,66,62,0,62,128
02/08/2011,WJF,CA,AWP,WE,Federal Contract Tower,0,1,3,0,4,0,2,65,2,69,0,3,68,2,73,76,0,76,149
02/09/2011,WJF,CA,AWP,WE,Federal Contract Tower,0,1,5,0,6,0,5,69,2,76,0,6,74,2,82,110,0,110,192
02/10/2011,WJF,CA,AWP,WE,Federal Contract Tower,0,3,5,2,10,0,6,59,8,73,0,9,64,10,83,106,0,106,189
02/11/2011,WJF,CA,AWP,WE,Federal Contract Tower,0,5,5,1,11,0,11,90,6,107,0,16,95,7,118,68,0,68,186
02/12/2011,WJF,CA,AWP,WE,Federal Contract Tower,0,0,1,0,1,0,2,125,0,127,0,2,126,0,128,84,0,84,212
02/13/2011,WJF,CA,AWP,WE,Federal Contract Tower,0,0,3,0,3,0,0,134,0,134,0,0,137,0,137,166,0,166,303
02/14/2011,WJF,CA,AWP,WE,Federal Contract Tower,0,1,1,0,2,0,2,42,3,47,0,3,43,3,49,44,0,44,93
02/15/2011,WJF,CA,AWP,WE,Federal Contract Tower,0,1,8,0,9,0,2,46,6,54,0,3,54,6,63,44,0,44,107
02/16/2011,WJF,CA,AWP,WE,Federal Contract Tower,0,1,1,0,2,0,2,5,3,10,0,3,6,3,12,0,0,0,12
02/17/2011,WJF,CA,AWP,WE,Federal Contract Tower,0,4,4,0,8,0,6,33,1,40,0,10,37,1,48,74,0,74,122
02/18/2011,WJF,CA,AWP,WE,Federal Contract Tower,0,6,6,0,12,0,9,32,0,41,0,15,38,0,53,68,0,68,121
02/19/2011,WJF,CA,AWP,WE,Federal Contract Tower,0,0,3,0,3,0,2,18,0,20,0,2,21,0,23,46,0,46,69
02/20/2011,WJF,CA,AWP,WE,Federal Contract Tower,0,0,0,0,0,0,0,69,2,71,0,0,69,2,71,128,0,128,199
02/21/2011,WJF,CA,AWP,WE,Federal Contract Tower,0,1,6,0,7,0,2,90,0,92,0,3,96,0,99,92,0,92,191
02/22/2011,WJF,CA,AWP,WE,Federal Contract Tower,0,1,6,0,7,0,2,65,0,67,0,3,71,0,74,122,0,122,196
02/23/2011,WJF,CA,AWP,WE,Federal Contract Tower,0,1,3,1,5,0,2,52,4,58,0,3,55,5,63,46,6,52,115
02/24/2011,WJF,CA,AWP,WE,Federal Contract Tower,0,1,2,0,3,0,2,32,4,38,0,3,34,4,41,26,6,32,73
02/25/2011,WJF,CA,AWP,WE,Federal Contract Tower,0,1,1,0,2,0,2,10,0,12,0,3,11,0,14,18,0,18,32
02/26/2011,WJF,CA,AWP,WE,Federal Contract Tower,0,2,0,0,2,0,2,20,0,22,0,4,20,0,24,30,0,30,54
02/27/2011,WJF,CA,AWP,WE,Federal Contract Tower,0,0,7,0,7,0,0,145,0,145,0,0,152,0,152,161,0,161,313
02/28/2011,WJF,CA,AWP,WE,Federal Contract Tower,0,2,11,0,13,0,4,71,0,75,0,6,82,0,88,38,0,38,126
03/01/2011,WJF,CA,AWP,WE,Federal Contract Tower,0,1,4,0,5,0,2,91,0,93,0,3,95,0,98,90,0,90,188
03/02/2011,WJF,CA,AWP,WE,Federal Contract Tower,0,1,4,2,7,0,2,38,6,46,0,3,42,8,53,48,0,48,101
03/03/2011,WJF,CA,AWP,WE,Federal Contract Tower,0,1,4,1,6,0,2,39,4,45,0,3,43,5,51,28,0,28,79
03/04/2011,WJF,CA,AWP,WE,Federal Contract Tower,0,1,4,0,5,0,4,93,2,99,0,5,97,2,104,162,0,162,266
03/05/2011,WJF,CA,AWP,WE,Federal Contract Tower,0,0,5,0,5,0,6,136,2,144,0,6,141,2,149,122,0,122,271
03/06/2011,WJF,CA,AWP,WE,Federal Contract Tower,0,0,10,0,10,0,0,83,0,83,0,0,93,0,93,82,2,84,177
03/07/2011,WJF,CA,AWP,WE,Federal Contract Tower,0,4,2,0,6,0,6,6,0,12,0,10,8,0,18,2,0,2,20
03/08/2011,WJF,CA,AWP,WE,Federal Contract Tower,0,5,5,2,12,0,8,78,4,90,0,13,83,6,102,78,10,88,190
03/09/2011,WJF,CA,AWP,WE,Federal Contract Tower,0,7,3,1,11,0,8,88,6,102,0,15,91,7,113,113,20,133,246
03/10/2011,WJF,CA,AWP,WE,Federal Contract Tower,0,8,7,0,15,0,11,94,2,107,0,19,101,2,122,84,6,90,212
03/11/2011,WJF,CA,AWP,WE,Federal Contract Tower,0,9,6,0,15,0,12,77,0,89,0,21,83,0,104,50,0,50,154
03/12/2011,WJF,CA,AWP,WE,Federal Contract Tower,0,4,2,0,6,0,8,87,0,95,0,12,89,0,101,58,0,58,159
03/13/2011,WJF,CA,AWP,WE,Federal Contract Tower,0,4,4,0,8,0,4,133,0,137,0,8,137,0,145,66,0,66,211
03/14/2011,WJF,CA,AWP,WE,Federal Contract Tower,0,4,1,0,5,0,6,40,0,46,0,10,41,0,51,22,0,22,73
03/15/2011,WJF,CA,AWP,WE,Federal Contract Tower,0,2,2,1,5,0,6,61,4,71,0,8,63,5,76,72,2,74,150
03/16/2011,WJF,CA,AWP,WE,Federal Contract Tower,0,5,3,0,8,0,8,29,4,41,0,13,32,4,49,30,0,30,79
03/17/2011,WJF,CA,AWP,WE,Federal Contract Tower,0,2,4,5,11,0,4,50,12,66,0,6,54,17,77,12,8,20,97
03/18/2011,WJF,CA,AWP,WE,Federal Contract Tower,0,3,9,2,14,0,9,110,4,123,0,12,119,6,137,123,0,123,260
03/19/2011,WJF,CA,AWP,WE,Federal Contract Tower,0,5,7,0,12,0,3,44,0,47,0,8,51,0,59,32,0,32,91
03/20/2011,WJF,CA,AWP,WE,Federal Contract Tower,0,2,2,0,4,0,2,10,0,12,0,4,12,0,16,6,0,6,22
03/21/2011,WJF,CA,AWP,WE,Federal Contract Tower,0,3,5,0,8,0,4,25,0,29,0,7,30,0,37,2,0,2,39
03/22/2011,WJF,CA,AWP,WE,Federal Contract Tower,0,3,5,1,9,0,4,63,4,71,0,7,68,5,80,76,0,76,156
03/23/2011,WJF,CA,AWP,WE,Federal Contract Tower,0,7,9,1,17,0,7,48,2,57,0,14,57,3,74,106,0,106,180
03/24/2011,WJF,CA,AWP,WE,Federal Contract Tower,0,4,3,1,8,0,6,14,6,26,0,10,17,7,34,44,0,44,78
03/25/2011,WJF,CA,AWP,WE,Federal Contract Tower,0,6,4,0,10,0,8,21,0,29,0,14,25,0,39,36,0,36,75
03/26/2011,WJF,CA,AWP,WE,Federal Contract Tower,0,4,5,0,9,0,4,46,0,50,0,8,51,0,59,60,0,60,119
03/27/2011,WJF,CA,AWP,WE,Federal Contract Tower,0,4,12,0,16,0,4,54,0,58,0,8,66,0,74,34,0,34,108
03/28/2011,WJF,CA,AWP,WE,Federal Contract Tower,0,3,4,2,9,0,8,42,4,54,0,11,46,6,63,50,12,62,125
03/29/2011,WJF,CA,AWP,WE,Federal Contract Tower,0,6,8,0,14,0,8,87,0,95,0,14,95,0,109,112,0,112,221
03/30/2011,WJF,CA,AWP,WE,Federal Contract Tower,0,2,4,0,6,0,4,76,0,80,0,6,80,0,86,131,0,131,217
03/31/2011,WJF,CA,AWP,WE,Federal Contract Tower,0,2,2,0,4,0,4,69,2,75,0,6,71,2,79,124,0,124,203
04/01/2011,WJF,CA,AWP,WE,Federal Contract Tower,0,2,3,0,5,0,4,119,4,127,0,6,122,4,132,130,0,130,262
04/02/2011,WJF,CA,AWP,WE,Federal Contract Tower,0,2,3,0,5,0,4,39,0,43,0,6,42,0,48,36,0,36,84
04/03/2011,WJF,CA,AWP,WE,Federal Contract Tower,0,2,6,2,10,0,2,65,2,69,0,4,71,4,79,52,0,52,131
04/04/2011,WJF,CA,AWP,WE,Federal Contract Tower,0,4,5,0,9,0,6,86,0,92,0,10,91,0,101,94,0,94,195
04/05/2011,WJF,CA,AWP,WE,Federal Contract Tower,0,2,6,2,10,0,3,76,9,88,0,5,82,11,98,104,0,104,202
04/06/2011,WJF,CA,AWP,WE,Federal Contract Tower,0,3,3,0,6,0,5,47,4,56,0,8,50,4,62,36,0,36,98
04/07/2011,WJF,CA,AWP,WE,Federal Contract Tower,0,3,4,2,9,0,4,18,4,26,0,7,22,6,35,22,0,22,57
04/08/2011,WJF,CA,AWP,WE,Federal Contract Tower,0,4,4,1,9,0,4,37,4,45,0,8,41,5,54,72,0,72,126
04/09/2011,WJF,CA,AWP,WE,Federal Contract Tower,0,3,1,0,4,0,5,63,4,72,0,8,64,4,76,30,4,34,110
04/10/2011,WJF,CA,AWP,WE,Federal Contract Tower,0,2,4,0,6,0,6,126,0,132,0,8,130,0,138,159,0,159,297
04/11/2011,WJF,CA,AWP,WE,Federal Contract Tower,0,2,6,0,8,0,6,69,0,75,0,8,75,0,83,114,0,114,197
04/12/2011,WJF,CA,AWP,WE,Federal Contract Tower,0,2,3,1,6,0,5,62,5,72,0,7,65,6,78,62,6,68,146
04/13/2011,WJF,CA,AWP,WE,Federal Contract Tower,0,4,8,1,13,0,9,44,2,55,0,13,52,3,68,18,6,24,92
04/14/2011,WJF,CA,AWP,WE,Federal Contract Tower,0,2,0,0,2,0,4,42,2,48,0,6,42,2,50,62,0,62,112
04/15/2011,WJF,CA,AWP,WE,Federal Contract Tower,0,7,9,0,16,0,20,113,2,135,0,27,122,2,151,126,2,128,279
04/16/2011,WJF,CA,AWP,WE,Federal Contract Tower,0,2,1,0,3,0,4,124,0,128,0,6,125,0,131,148,0,148,279
04/17/2011,WJF,CA,AWP,WE,Federal Contract Tower,0,1,4,0,5,0,3,53,2,58,0,4,57,2,63,25,0,25,88
04/18/2011,WJF,CA,AWP,WE,Federal Contract Tower,0,6,5,0,11,0,9,22,0,31,0,15,27,0,42,22,0,22,64
04/19/2011,WJF,CA,AWP,WE,Federal Contract Tower,0,4,9,2,15,0,6,50,4,60,0,10,59,6,75,34,0,34,109
04/20/2011,WJF,CA,AWP,WE,Federal Contract Tower,0,3,12,0,15,0,6,68,0,74,0,9,80,0,89,24,0,24,113
04/21/2011,WJF,CA,AWP,WE,Federal Contract Tower,0,3,9,2,14,0,4,53,4,61,0,7,62,6,75,24,4,28,103
04/22/2011,WJF,CA,AWP,WE,Federal Contract Tower,0,3,6,2,11,0,4,68,4,76,0,7,74,6,87,90,0,90,177
04/23/2011,WJF,CA,AWP,WE,Federal Contract Tower,0,2,2,0,4,0,4,64,0,68,0,6,66,0,72,80,0,80,152
04/24/2011,WJF,CA,AWP,WE,Federal Contract Tower,0,2,4,0,6,0,2,30,0,32,0,4,34,0,38,10,0,10,48
04/25/2011,WJF,CA,AWP,WE,Federal Contract Tower,0,2,5,0,7,0,4,23,0,27,0,6,28,0,34,22,0,22,56
04/26/2011,WJF,CA,AWP,WE,Federal Contract Tower,0,2,9,2,13,0,4,31,4,39,0,6,40,6,52,14,4,18,70
04/27/2011,WJF,CA,AWP,WE,Federal Contract Tower,0,2,7,1,10,0,5,80,2,87,0,7,87,3,97,90,0,90,187
04/28/2011,WJF,CA,AWP,WE,Federal Contract Tower,0,4,6,2,12,0,6,49,2,57,0,10,55,4,69,32,6,38,107
04/29/2011,WJF,CA,AWP,WE,Federal Contract Tower,0,5,7,0,12,0,8,51,0,59,0,13,58,0,71,18,0,18,89
04/30/2011,WJF,CA,AWP,WE,Federal Contract Tower,0,0,4,0,4,0,2,74,0,76,0,2,78,0,80,54,0,54,134
05/01/2011,WJF,CA,AWP,WE,Federal Contract Tower,0,0,6,0,6,0,0,138,0,138,0,0,144,0,144,86,0,86,230
05/02/2011,WJF,CA,AWP,WE,Federal Contract Tower,0,1,3,0,4,0,6,66,0,72,0,7,69,0,76,112,0,112,188
05/03/2011,WJF,CA,AWP,WE,Federal Contract Tower,0,0,15,3,18,0,2,110,6,118,0,2,125,9,136,76,2,78,214
05/04/2011,WJF,CA,AWP,WE,Federal Contract Tower,0,0,2,1,3,0,2,62,4,68,0,2,64,5,71,100,0,100,171
05/05/2011,WJF,CA,AWP,WE,Federal Contract Tower,0,0,2,1,3,0,2,82,2,86,0,2,84,3,89,64,0,64,153
05/06/2011,WJF,CA,AWP,WE,Federal Contract Tower,0,0,7,0,7,0,4,71,1,76,0,4,78,1,83,46,0,46,129
05/07/2011,WJF,CA,AWP,WE,Federal Contract Tower,0,1,4,0,5,0,2,93,0,95,0,3,97,0,100,84,0,84,184
05/08/2011,WJF,CA,AWP,WE,Federal Contract Tower,0,0,2,1,3,0,0,16,1,17,0,0,18,2,20,10,0,10,30
05/09/2011,WJF,CA,AWP,WE,Federal Contract Tower,0,1,1,0,2,0,2,19,0,21,0,3,20,0,23,18,0,18,41
05/10/2011,WJF,CA,AWP,WE,Federal Contract Tower,0,1,3,1,5,0,2,62,4,68,0,3,65,5,73,46,0,46,119
05/11/2011,WJF,CA,AWP,WE,Federal Contract Tower,0,0,1,0,1,0,2,67,0,69,0,2,68,0,70,175,0,175,245
05/12/2011,WJF,CA,AWP,WE,Federal Contract Tower,0,0,6,0,6,0,2,89,0,91,0,2,95,0,97,60,0,60,157
05/13/2011,WJF,CA,AWP,WE,Federal Contract Tower,0,2,6,0,8,0,8,102,0,110,0,10,108,0,118,122,0,122,240
05/14/2011,WJF,CA,AWP,WE,Federal Contract Tower,0,1,6,0,7,0,2,65,0,67,0,3,71,0,74,72,0,72,146
05/15/2011,WJF,CA,AWP,WE,Federal Contract Tower,0,0,5,0,5,0,0,24,0,24,0,0,29,0,29,22,0,22,51
05/16/2011,WJF,CA,AWP,WE,Federal Contract Tower,0,3,3,0,6,0,2,31,6,39,0,5,34,6,45,40,0,40,85
05/17/2011,WJF,CA,AWP,WE,Federal Contract Tower,0,2,7,1,10,0,3,20,2,25,0,5,27,3,35,34,2,36,71
05/18/2011,WJF,CA,AWP,WE,Federal Contract Tower,0,1,1,2,4,0,2,14,4,20,0,3,15,6,24,26,2,28,52
05/19/2011,WJF,CA,AWP,WE,Federal Contract Tower,0,1,2,0,3,0,4,55,0,59,0,5,57,0,62,84,0,84,146
05/20/2011,WJF,CA,AWP,WE,Federal Contract Tower,0,0,4,0,4,0,3,102,2,107,0,3,106,2,111,102,0,102,213
05/21/2011,WJF,CA,AWP,WE,Federal Contract Tower,0,0,9,0,9,0,4,159,1,164,0,4,168,1,173,146,0,146,319
05/22/2011,WJF,CA,AWP,WE,Federal Contract Tower,0,2,5,0,7,0,6,72,0,78,0,8,77,0,85,70,0,70,155
05/23/2011,WJF,CA,AWP,WE,Federal Contract Tower,0,1,4,1,6,0,4,29,2,35,0,5,33,3,41,6,0,6,47
05/24/2011,WJF,CA,AWP,WE,Federal Contract Tower,0,0,2,0,2,0,0,0,0,0,0,0,2,0,2,42,0,42,44
05/25/2011,WJF,CA,AWP,WE,Federal Contract Tower,0,1,9,1,11,0,4,70,4,78,0,5,79,5,89,65,0,65,154
05/26/2011,WJF,CA,AWP,WE,Federal Contract Tower,0,1,3,0,4,0,4,38,0,42,0,5,41,0,46,12,0,12,58
05/27/2011,WJF,CA,AWP,WE,Federal Contract Tower,0,0,4,0,4,0,2,58,2,62,0,2,62,2,66,8,0,8,74
05/28/2011,WJF,CA,AWP,WE,Federal Contract Tower,0,0,1,0,1,0,1,35,0,36,0,1,36,0,37,48,0,48,85
05/29/2011,WJF,CA,AWP,WE,Federal Contract Tower,0,0,0,0,0,0,4,16,0,20,0,4,16,0,20,0,0,0,20
05/30/2011,WJF,CA,AWP,WE,Federal Contract Tower,0,0,3,0,3,0,0,127,0,127,0,0,130,0,130,182,0,182,312
05/31/2011,WJF,CA,AWP,WE,Federal Contract Tower,0,5,1,3,9,0,9,62,7,78,0,14,63,10,87,92,0,92,179
06/01/2011,WJF,CA,AWP,WE,Federal Contract Tower,0,2,2,1,5,0,8,36,2,46,0,10,38,3,51,60,0,60,111
06/02/2011,WJF,CA,AWP,WE,Federal Contract Tower,0,2,4,2,8,0,6,55,2,63,0,8,59,4,71,56,2,58,129
06/03/2011,WJF,CA,AWP,WE,Federal Contract Tower,0,0,12,3,15,0,13,117,6,136,0,13,129,9,151,162,0,162,313
06/04/2011,WJF,CA,AWP,WE,Federal Contract Tower,0,1,4,0,5,0,3,63,0,66,0,4,67,0,71,90,0,90,161
06/05/2011,WJF,CA,AWP,WE,Federal Contract Tower,0,0,5,0,5,0,0,71,0,71,0,0,76,0,76,96,0,96,172
06/06/2011,WJF,CA,AWP,WE,Federal Contract Tower,0,0,7,0,7,0,2,43,0,45,0,2,50,0,52,34,0,34,86
06/07/2011,WJF,CA,AWP,WE,Federal Contract Tower,0,2,5,3,10,0,6,53,10,69,0,8,58,13,79,58,4,62,141
06/08/2011,WJF,CA,AWP,WE,Federal Contract Tower,0,1,13,3,17,0,2,55,6,63,0,3,68,9,80,84,6,90,170
06/09/2011,WJF,CA,AWP,WE,Federal Contract Tower,0,0,10,0,10,0,2,88,0,90,0,2,98,0,100,110,0,110,210
06/10/2011,WJF,CA,AWP,WE,Federal Contract Tower,0,0,9,1,10,0,4,88,2,94,0,4,97,3,104,188,0,188,292
06/11/2011,WJF,CA,AWP,WE,Federal Contract Tower,0,0,10,0,10,0,2,91,0,93,0,2,101,0,103,194,0,194,297
06/12/2011,WJF,CA,AWP,WE,Federal Contract Tower,0,0,7,0,7,0,0,104,0,104,0,0,111,0,111,130,0,130,241
06/13/2011,WJF,CA,AWP,WE,Federal Contract Tower,0,2,5,3,10,0,6,57,6,69,0,8,62,9,79,78,0,78,157
06/14/2011,WJF,CA,AWP,WE,Federal Contract Tower,0,0,11,0,11,0,2,107,0,109,0,2,118,0,120,100,0,100,220
06/15/2011,WJF,CA,AWP,WE,Federal Contract Tower,0,0,6,1,7,0,2,82,2,86,0,2,88,3,93,62,0,62,155
06/16/2011,WJF,CA,AWP,WE,Federal Contract Tower,0,1,1,1,3,0,6,38,2,46,0,7,39,3,49,79,2,81,130
06/17/2011,WJF,CA,AWP,WE,Federal Contract Tower,0,3,3,1,7,0,22,84,2,108,0,25,87,3,115,116,4,120,235
06/18/2011,WJF,CA,AWP,WE,Federal Contract Tower,0,0,4,0,4,0,4,113,0,117,0,4,117,0,121,64,0,64,185
06/19/2011,WJF,CA,AWP,WE,Federal Contract Tower,0,0,0,0,0,0,0,55,0,55,0,0,55,0,55,44,0,44,99
06/20/2011,WJF,CA,AWP,WE,Federal Contract Tower,0,0,6,0,6,0,2,88,0,90,0,2,94,0,96,82,0,82,178
06/21/2011,WJF,CA,AWP,WE,Federal Contract Tower,0,0,4,0,4,0,2,102,2,106,0,2,106,2,110,90,0,90,200
06/22/2011,WJF,CA,AWP,WE,Federal Contract Tower,0,1,2,0,3,0,4,79,6,89,0,5,81,6,92,58,0,58,150
06/23/2011,WJF,CA,AWP,WE,Federal Contract Tower,0,1,1,0,2,0,4,59,2,65,0,5,60,2,67,100,2,102,169
06/24/2011,WJF,CA,AWP,WE,Federal Contract Tower,0,0,8,2,10,0,0,81,4,85,0,0,89,6,95,90,2,92,187
06/25/2011,WJF,CA,AWP,WE,Federal Contract Tower,0,0,1,0,1,0,2,80,0,82,0,2,81,0,83,92,0,92,175
06/26/2011,WJF,CA,AWP,WE,Federal Contract Tower,0,0,5,0,5,0,0,70,0,70,0,0,75,0,75,114,0,114,189
06/27/2011,WJF,CA,AWP,WE,Federal Contract Tower,0,0,5,1,6,0,2,49,2,53,0,2,54,3,59,44,0,44,103
06/28/2011,WJF,CA,AWP,WE,Federal Contract Tower,0,0,3,0,3,0,2,57,4,63,0,2,60,4,66,20,4,24,90
06/29/2011,WJF,CA,AWP,WE,Federal Contract Tower,0,0,12,0,12,0,2,75,4,81,0,2,87,4,93,64,0,64,157
06/30/2011,WJF,CA,AWP,WE,Federal Contract Tower,0,0,3,1,4,0,2,94,2,98,0,2,97,3,102,76,2,78,180
07/01/2011,WJF,CA,AWP,WE,Federal Contract Tower,0,0,3,0,3,0,2,113,0,115,0,2,116,0,118,110,0,110,228
07/02/2011,WJF,CA,AWP,WE,Federal Contract Tower,0,0,2,0,2,0,2,82,0,84,0,2,84,0,86,112,0,112,198
07/03/2011,WJF,CA,AWP,WE,Federal Contract Tower,0,3,0,0,3,0,2,86,0,88,0,5,86,0,91,100,0,100,191
07/04/2011,WJF,CA,AWP,WE,Federal Contract Tower,0,0,3,0,3,0,0,49,0,49,0,0,52,0,52,30,0,30,82
07/05/2011,WJF,CA,AWP,WE,Federal Contract Tower,0,0,4,1,5,0,4,47,2,53,0,4,51,3,58,16,6,22,80
07/06/2011,WJF,CA,AWP,WE,Federal Contract Tower,0,1,10,1,12,0,3,64,8,75,0,4,74,9,87,48,6,54,141
07/07/2011,WJF,CA,AWP,WE,Federal Contract Tower,0,0,1,0,1,0,2,70,0,72,0,2,71,0,73,54,2,56,129
07/08/2011,WJF,CA,AWP,WE,Federal Contract Tower,0,0,3,1,4,0,2,63,2,67,0,2,66,3,71,104,0,104,175
07/09/2011,WJF,CA,AWP,WE,Federal Contract Tower,0,0,4,0,4,0,0,0,0,0,0,0,4,0,4,60,0,60,64
07/10/2011,WJF,CA,AWP,WE,Federal Contract Tower,0,0,3,0,3,0,0,80,0,80,0,0,83,0,83,24,0,24,107
07/11/2011,WJF,CA,AWP,WE,Federal Contract Tower,0,0,5,0,5,0,2,56,0,58,0,2,61,0,63,58,0,58,121
07/12/2011,WJF,CA,AWP,WE,Federal Contract Tower,0,0,1,2,3,0,2,43,4,49,0,2,44,6,52,52,0,52,104
07/13/2011,WJF,CA,AWP,WE,Federal Contract Tower,0,0,4,2,6,0,4,61,6,71,0,4,65,8,77,88,0,88,165
07/14/2011,WJF,CA,AWP,WE,Federal Contract Tower,0,0,1,0,1,0,4,56,2,62,0,4,57,2,63,54,0,54,117
07/15/2011,WJF,CA,AWP,WE,Federal Contract Tower,0,1,4,2,7,0,8,68,2,78,0,9,72,4,85,50,4,54,139
07/16/2011,WJF,CA,AWP,WE,Federal Contract Tower,0,0,8,1,9,0,2,122,2,126,0,2,130,3,135,94,0,94,229
07/17/2011,WJF,CA,AWP,WE,Federal Contract Tower,0,0,5,0,5,0,0,101,0,101,0,0,106,0,106,146,0,146,252
07/18/2011,WJF,CA,AWP,WE,Federal Contract Tower,0,0,5,0,5,0,2,72,0,74,0,2,77,0,79,90,0,90,169
07/19/2011,WJF,CA,AWP,WE,Federal Contract Tower,0,0,3,0,3,0,2,74,4,80,0,2,77,4,83,88,0,88,171
07/20/2011,WJF,CA,AWP,WE,Federal Contract Tower,0,1,3,0,4,0,3,75,6,84,0,4,78,6,88,118,0,118,206
07/21/2011,WJF,CA,AWP,WE,Federal Contract Tower,0,1,4,1,6,0,3,58,6,67,0,4,62,7,73,112,8,120,193
07/22/2011,WJF,CA,AWP,WE,Federal Contract Tower,0,1,10,1,12,0,4,111,2,117,0,5,121,3,129,102,0,102,231
07/23/2011,WJF,CA,AWP,WE,Federal Contract Tower,0,2,5,0,7,0,4,111,0,115,0,6,116,0,122,96,0,96,218
07/24/2011,WJF,CA,AWP,WE,Federal Contract Tower,0,0,2,0,2,0,0,107,4,111,0,0,109,4,113,30,0,30,143
07/25/2011,WJF,CA,AWP,WE,Federal Contract Tower,0,0,2,0,2,0,2,43,0,45,0,2,45,0,47,8,0,8,55
07/26/2011,WJF,CA,AWP,WE,Federal Contract Tower,0,0,1,0,1,0,2,27,6,35,0,2,28,6,36,28,2,30,66
07/27/2011,WJF,CA,AWP,WE,Federal Contract Tower,0,0,4,4,8,0,2,40,6,48,0,2,44,10,56,38,0,38,94
07/28/2011,WJF,CA,AWP,WE,Federal Contract Tower,0,0,1,0,1,0,2,43,2,47,0,2,44,2,48,32,0,32,80
07/29/2011,WJF,CA,AWP,WE,Federal Contract Tower,0,0,3,0,3,0,2,49,0,51,0,2,52,0,54,22,0,22,76
07/30/2011,WJF,CA,AWP,WE,Federal Contract Tower,0,1,5,0,6,0,2,100,0,102,0,3,105,0,108,90,0,90,198
07/31/2011,WJF,CA,AWP,WE,Federal Contract Tower,0,0,2,0,2,0,0,65,0,65,0,0,67,0,67,70,0,70,137
08/01/2011,WJF,CA,AWP,WE,Federal Contract Tower,0,0,4,0,4,0,6,54,0,60,0,6,58,0,64,44,0,44,108
08/02/2011,WJF,CA,AWP,WE,Federal Contract Tower,0,0,7,0,7,0,2,53,0,55,0,2,60,0,62,44,2,46,108
08/03/2011,WJF,CA,AWP,WE,Federal Contract Tower,0,1,8,1,10,0,6,75,4,85,0,7,83,5,95,54,0,54,149
08/04/2011,WJF,CA,AWP,WE,Federal Contract Tower,0,0,7,0,7,0,2,48,0,50,0,2,55,0,57,40,0,40,97
08/05/2011,WJF,CA,AWP,WE,Federal Contract Tower,0,0,4,1,5,0,2,65,2,69,0,2,69,3,74,24,8,32,106
08/06/2011,WJF,CA,AWP,WE,Federal Contract Tower,0,0,1,0,1,0,2,100,4,106,0,2,101,4,107,106,0,106,213
08/07/2011,WJF,CA,AWP,WE,Federal Contract Tower,0,0,1,0,1,0,0,62,2,64,0,0,63,2,65,40,0,40,105
08/08/2011,WJF,CA,AWP,WE,Federal Contract Tower,0,0,13,0,13,0,2,75,4,81,0,2,88,4,94,58,4,62,156
08/09/2011,WJF,CA,AWP,WE,Federal Contract Tower,0,0,3,0,3,0,2,47,0,49,0,2,50,0,52,68,0,68,120
08/10/2011,WJF,CA,AWP,WE,Federal Contract Tower,0,0,9,0,9,0,2,71,0,73,0,2,80,0,82,42,0,42,124
08/11/2011,WJF,CA,AWP,WE,Federal Contract Tower,0,0,8,2,10,0,2,93,4,99,0,2,101,6,109,96,0,96,205
08/12/2011,WJF,CA,AWP,WE,Federal Contract Tower,0,7,3,0,10,0,16,95,0,111,0,23,98,0,121,156,0,156,277
08/13/2011,WJF,CA,AWP,WE,Federal Contract Tower,0,0,3,0,3,0,2,125,2,129,0,2,128,2,132,130,0,130,262
08/14/2011,WJF,CA,AWP,WE,Federal Contract Tower,0,0,1,0,1,0,0,78,0,78,0,0,79,0,79,46,0,46,125
08/15/2011,WJF,CA,AWP,WE,Federal Contract Tower,0,0,3,0,3,0,2,47,1,50,0,2,50,1,53,36,0,36,89
08/16/2011,WJF,CA,AWP,WE,Federal Contract Tower,0,0,3,0,3,0,2,60,0,62,0,2,63,0,65,34,0,34,99
08/17/2011,WJF,CA,AWP,WE,Federal Contract Tower,0,0,7,4,11,0,2,70,8,80,0,2,77,12,91,164,10,174,265
08/18/2011,WJF,CA,AWP,WE,Federal Contract Tower,0,0,2,0,2,0,2,72,2,76,0,2,74,2,78,120,0,120,198
08/19/2011,WJF,CA,AWP,WE,Federal Contract Tower,0,0,4,0,4,0,2,82,2,86,0,2,86,2,90,70,2,72,162
08/20/2011,WJF,CA,AWP,WE,Federal Contract Tower,0,1,1,0,2,0,8,78,0,86,0,9,79,0,88,70,0,70,158
08/21/2011,WJF,CA,AWP,WE,Federal Contract Tower,0,0,2,0,2,0,0,129,0,129,0,0,131,0,131,72,0,72,203
08/22/2011,WJF,CA,AWP,WE,Federal Contract Tower,0,0,1,1,2,0,14,35,4,53,0,14,36,5,55,40,2,42,97
08/23/2011,WJF,CA,AWP,WE,Federal Contract Tower,0,0,3,3,6,0,2,59,8,69,0,2,62,11,75,30,2,32,107
08/24/2011,WJF,CA,AWP,WE,Federal Contract Tower,0,4,1,2,7,0,12,38,6,56,0,16,39,8,63,58,0,58,121
08/25/2011,WJF,CA,AWP,WE,Federal Contract Tower,0,1,3,0,4,0,4,64,0,68,0,5,67,0,72,78,0,78,150
08/26/2011,WJF,CA,AWP,WE,Federal Contract Tower,0,0,1,2,3,0,2,61,4,67,0,2,62,6,70,30,2,32,102
08/27/2011,WJF,CA,AWP,WE,Federal Contract Tower,0,0,3,0,3,0,2,103,4,109,0,2,106,4,112,104,0,104,216
08/28/2011,WJF,CA,AWP,WE,Federal Contract Tower,0,0,0,0,0,0,2,95,4,101,0,2,95,4,101,118,0,118,219
08/29/2011,WJF,CA,AWP,WE,Federal Contract Tower,0,1,5,2,8,0,4,58,4,66,0,5,63,6,74,40,0,40,114
08/30/2011,WJF,CA,AWP,WE,Federal Contract Tower,0,0,0,4,4,0,4,51,8,63,0,4,51,12,67,100,2,102,169
08/31/2011,WJF,CA,AWP,WE,Federal Contract Tower,0,0,7,1,8,0,4,77,2,83,0,4,84,3,91,38,0,38,129
09/01/2011,WJF,CA,AWP,WE,Federal Contract Tower,0,0,3,1,4,0,4,113,2,119,0,4,116,3,123,64,0,64,187
09/02/2011,WJF,CA,AWP,WE,Federal Contract Tower,0,0,4,0,4,0,2,126,0,128,0,2,130,0,132,120,0,120,252
09/03/2011,WJF,CA,AWP,WE,Federal Contract Tower,0,1,0,0,1,0,4,116,0,120,0,5,116,0,121,174,0,174,295
09/04/2011,WJF,CA,AWP,WE,Federal Contract Tower,0,0,4,0,4,0,0,213,0,213,0,0,217,0,217,48,0,48,265
09/05/2011,WJF,CA,AWP,WE,Federal Contract Tower,0,1,2,0,3,0,1,254,0,255,0,2,256,0,258,32,0,32,290
09/06/2011,WJF,CA,AWP,WE,Federal Contract Tower,0,0,1,1,2,0,2,138,4,144,0,2,139,5,146,2,0,2,148
09/07/2011,WJF,CA,AWP,WE,Federal Contract Tower,0,0,3,4,7,0,2,71,10,83,0,2,74,14,90,32,2,34,124
09/08/2011,WJF,CA,AWP,WE,Federal Contract Tower,0,2,0,3,5,0,4,74,8,86,0,6,74,11,91,38,10,48,139
09/09/2011,WJF,CA,AWP,WE,Federal Contract Tower,0,1,5,0,6,0,4,86,0,90,0,5,91,0,96,106,0,106,202
09/10/2011,WJF,CA,AWP,WE,Federal Contract Tower,0,1,1,0,2,0,4,125,0,129,0,5,126,0,131,78,0,78,209
09/11/2011,WJF,CA,AWP,WE,Federal Contract Tower,0,0,5,0,5,0,0,174,1,175,0,0,179,1,180,64,0,64,244
09/12/2011,WJF,CA,AWP,WE,Federal Contract Tower,0,0,9,4,13,0,2,86,7,95,0,2,95,11,108,28,2,30,138
09/13/2011,WJF,CA,AWP,WE,Federal Contract Tower,0,0,2,1,3,0,2,52,3,57,0,2,54,4,60,89,4,93,153
09/14/2011,WJF,CA,AWP,WE,Federal Contract Tower,0,0,5,3,8,0,2,80,6,88,0,2,85,9,96,59,6,65,161
09/15/2011,WJF,CA,AWP,WE,Federal Contract Tower,0,0,9,1,10,0,2,84,2,88,0,2,93,3,98,52,2,54,152
09/16/2011,WJF,CA,AWP,WE,Federal Contract Tower,0,1,17,1,19,0,16,112,2,130,0,17,129,3,149,110,6,116,265
09/17/2011,WJF,CA,AWP,WE,Federal Contract Tower,0,0,1,0,1,0,2,192,0,194,0,2,193,0,195,38,0,38,233
09/18/2011,WJF,CA,AWP,WE,Federal Contract Tower,0,0,10,0,10,0,0,112,0,112,0,0,122,0,122,66,0,66,188
09/19/2011,WJF,CA,AWP,WE,Federal Contract Tower,0,0,6,0,6,0,2,58,0,60,0,2,64,0,66,40,0,40,106
09/20/2011,WJF,CA,AWP,WE,Federal Contract Tower,0,0,13,0,13,0,2,93,1,96,0,2,106,1,109,100,0,100,209
09/21/2011,WJF,CA,AWP,WE,Federal Contract Tower,0,0,7,1,8,0,2,70,5,77,0,2,77,6,85,102,0,102,187
09/22/2011,WJF,CA,AWP,WE,Federal Contract Tower,0,0,2,2,4,0,2,57,4,63,0,2,59,6,67,134,0,134,201
09/23/2011,WJF,CA,AWP,WE,Federal Contract Tower,0,0,4,0,4,0,2,83,0,85,0,2,87,0,89,124,0,124,213
09/24/2011,WJF,CA,AWP,WE,Federal Contract Tower,0,0,7,0,7,0,2,128,12,142,0,2,135,12,149,102,0,102,251
09/25/2011,WJF,CA,AWP,WE,Federal Contract Tower,0,0,1,0,1,0,0,86,0,86,0,0,87,0,87,30,0,30,117
09/26/2011,WJF,CA,AWP,WE,Federal Contract Tower,0,0,9,0,9,0,2,62,0,64,0,2,71,0,73,94,0,94,167
09/27/2011,WJF,CA,AWP,WE,Federal Contract Tower,0,0,4,1,5,0,2,88,2,92,0,2,92,3,97,62,2,64,161
09/28/2011,WJF,CA,AWP,WE,Federal Contract Tower,0,1,7,1,9,0,4,82,2,88,0,5,89,3,97,122,0,122,219
09/29/2011,WJF,CA,AWP,WE,Federal Contract Tower,0,0,3,0,3,0,4,80,2,86,0,4,83,2,89,50,0,50,139
09/30/2011,WJF,CA,AWP,WE,Federal Contract Tower,0,1,1,0,2,0,4,87,0,91,0,5,88,0,93,74,0,74,167
10/01/2011,WJF,CA,AWP,WE,Federal Contract Tower,0,0,5,0,5,0,2,108,2,112,0,2,113,2,117,84,10,94,211
10/02/2011,WJF,CA,AWP,WE,Federal Contract Tower,0,0,0,0,0,0,0,93,0,93,0,0,93,0,93,38,0,38,131
10/03/2011,WJF,CA,AWP,WE,Federal Contract Tower,0,0,3,0,3,0,2,52,0,54,0,2,55,0,57,18,0,18,75
10/04/2011,WJF,CA,AWP,WE,Federal Contract Tower,0,1,9,1,11,0,2,33,2,37,0,3,42,3,48,34,0,34,82
10/05/2011,WJF,CA,AWP,WE,Federal Contract Tower,0,3,4,0,7,0,4,8,0,12,0,7,12,0,19,0,0,0,19
10/06/2011,WJF,CA,AWP,WE,Federal Contract Tower,0,0,2,2,4,0,2,25,6,33,0,2,27,8,37,48,0,48,85
10/07/2011,WJF,CA,AWP,WE,Federal Contract Tower,0,3,6,1,10,0,9,84,2,95,0,12,90,3,105,44,4,48,153
10/08/2011,WJF,CA,AWP,WE,Federal Contract Tower,0,0,6,0,6,0,2,137,0,139,0,2,143,0,145,144,0,144,289
10/09/2011,WJF,CA,AWP,WE,Federal Contract Tower,0,0,5,0,5,0,0,132,0,132,0,0,137,0,137,136,0,136,273
10/10/2011,WJF,CA,AWP,WE,Federal Contract Tower,0,0,7,0,7,0,2,77,0,79,0,2,84,0,86,67,0,67,153
10/11/2011,WJF,CA,AWP,WE,Federal Contract Tower,0,1,2,0,3,0,8,43,2,53,0,9,45,2,56,2,0,2,58
10/12/2011,WJF,CA,AWP,WE,Federal Contract Tower,0,1,6,2,9,0,6,78,4,88,0,7,84,6,97,56,0,56,153
10/13/2011,WJF,CA,AWP,WE,Federal Contract Tower,0,8,9,0,17,0,13,95,0,108,0,21,104,0,125,52,0,52,177
10/14/2011,WJF,CA,AWP,WE,Federal Contract Tower,0,1,8,0,9,0,8,97,0,105,0,9,105,0,114,104,0,104,218
10/15/2011,WJF,CA,AWP,WE,Federal Contract Tower,0,1,1,0,2,0,2,110,2,114,0,3,111,2,116,108,0,108,224
10/16/2011,WJF,CA,AWP,WE,Federal Contract Tower,0,0,3,0,3,0,0,75,0,75,0,0,78,0,78,78,0,78,156
10/17/2011,WJF,CA,AWP,WE,Federal Contract Tower,0,3,7,1,11,0,5,60,4,69,0,8,67,5,80,22,0,22,102
10/18/2011,WJF,CA,AWP,WE,Federal Contract Tower,0,0,7,2,9,0,2,68,4,74,0,2,75,6,83,64,0,64,147
10/19/2011,WJF,CA,AWP,WE,Federal Contract Tower,0,1,7,0,8,0,6,86,0,92,0,7,93,0,100,84,0,84,184
10/20/2011,WJF,CA,AWP,WE,Federal Contract Tower,0,1,2,1,4,0,2,65,4,71,0,3,67,5,75,90,4,94,169
10/21/2011,WJF,CA,AWP,WE,Federal Contract Tower,0,2,7,0,9,0,14,86,2,102,0,16,93,2,111,80,0,80,191
10/22/2011,WJF,CA,AWP,WE,Federal Contract Tower,0,2,2,0,4,0,8,166,0,174,0,10,168,0,178,84,0,84,262
10/23/2011,WJF,CA,AWP,WE,Federal Contract Tower,0,0,2,0,2,0,0,137,0,137,0,0,139,0,139,152,0,152,291
10/24/2011,WJF,CA,AWP,WE,Federal Contract Tower,0,3,8,1,12,0,6,45,6,57,0,9,53,7,69,38,0,38,107
10/25/2011,WJF,CA,AWP,WE,Federal Contract Tower,0,1,3,1,5,0,2,36,2,40,0,3,39,3,45,40,8,48,93
10/26/2011,WJF,CA,AWP,WE,Federal Contract Tower,0,3,5,1,9,0,8,86,4,98,0,11,91,5,107,76,4,80,187
10/27/2011,WJF,CA,AWP,WE,Federal Contract Tower,0,1,5,0,6,0,4,53,2,59,0,5,58,2,65,84,2,86,151
10/28/2011,WJF,CA,AWP,WE,Federal Contract Tower,0,1,7,2,10,0,2,122,2,126,0,3,129,4,136,62,6,68,204
10/29/2011,WJF,CA,AWP,WE,Federal Contract Tower,0,0,4,0,4,0,2,159,0,161,0,2,163,0,165,58,0,58,223
10/30/2011,WJF,CA,AWP,WE,Federal Contract Tower,0,1,7,0,8,0,1,153,1,155,0,2,160,1,163,96,0,96,259
10/31/2011,WJF,CA,AWP,WE,Federal Contract Tower,0,3,2,0,5,0,10,61,4,75,0,13,63,4,80,108,0,108,188
11/01/2011,WJF,CA,AWP,WE,Federal Contract Tower,0,4,3,0,7,0,14,45,0,59,0,18,48,0,66,70,0,70,136
11/02/2011,WJF,CA,AWP,WE,Federal Contract Tower,0,4,5,0,9,0,11,49,3,63,0,15,54,3,72,60,0,60,132
11/03/2011,WJF,CA,AWP,WE,Federal Contract Tower,0,5,12,0,17,0,9,95,0,104,0,14,107,0,121,78,2,80,201
11/04/2011,WJF,CA,AWP,WE,Federal Contract Tower,0,1,4,0,5,0,2,15,2,19,0,3,19,2,24,0,0,0,24
11/05/2011,WJF,CA,AWP,WE,Federal Contract Tower,0,0,8,0,8,0,0,89,0,89,0,0,97,0,97,74,0,74,171
11/06/2011,WJF,CA,AWP,WE,Federal Contract Tower,0,0,3,0,3,0,0,17,0,17,0,0,20,0,20,28,0,28,48
11/07/2011,WJF,CA,AWP,WE,Federal Contract Tower,0,2,3,0,5,0,7,60,0,67,0,9,63,0,72,42,0,42,114
11/08/2011,WJF,CA,AWP,WE,Federal Contract Tower,0,1,6,3,10,0,4,69,8,81,0,5,75,11,91,68,6,74,165
11/09/2011,WJF,CA,AWP,WE,Federal Contract Tower,0,2,5,1,8,0,4,66,10,80,0,6,71,11,88,66,2,68,156
11/10/2011,WJF,CA,AWP,WE,Federal Contract Tower,0,3,8,0,11,0,6,73,2,81,0,9,81,2,92,58,0,58,150
11/11/2011,WJF,CA,AWP,WE,Federal Contract Tower,0,3,0,0,3,0,6,61,0,67,0,9,61,0,70,48,2,50,120
11/12/2011,WJF,CA,AWP,WE,Federal Contract Tower,0,2,0,1,3,0,2,40,2,44,0,4,40,3,47,22,0,22,69
11/13/2011,WJF,CA,AWP,WE,Federal Contract Tower,0,0,3,0,3,0,0,114,0,114,0,0,117,0,117,132,0,132,249
11/14/2011,WJF,CA,AWP,WE,Federal Contract Tower,0,6,5,0,11,0,10,35,0,45,0,16,40,0,56,6,0,6,62
11/15/2011,WJF,CA,AWP,WE,Federal Contract Tower,0,1,1,1,3,0,2,47,2,51,0,3,48,3,54,56,0,56,110
11/16/2011,WJF,CA,AWP,WE,Federal Contract Tower,0,1,6,2,9,0,3,82,4,89,0,4,88,6,98,58,0,58,156
11/17/2011,WJF,CA,AWP,WE,Federal Contract Tower,0,1,6,1,8,0,2,82,2,86,0,3,88,3,94,120,0,120,214
11/18/2011,WJF,CA,AWP,WE,Federal Contract Tower,0,2,6,2,10,0,4,48,4,56,0,6,54,6,66,60,0,60,126
11/19/2011,WJF,CA,AWP,WE,Federal Contract Tower,0,1,7,0,8,0,2,40,6,48,0,3,47,6,56,66,0,66,122
11/20/2011,WJF,CA,AWP,WE,Federal Contract Tower,0,0,5,0,5,0,0,10,2,12,0,0,15,2,17,0,0,0,17
11/21/2011,WJF,CA,AWP,WE,Federal Contract Tower,0,1,6,0,7,0,2,56,0,58,0,3,62,0,65,70,0,70,135
11/22/2011,WJF,CA,AWP,WE,Federal Contract Tower,0,1,1,0,2,0,2,95,0,97,0,3,96,0,99,88,0,88,187
11/23/2011,WJF,CA,AWP,WE,Federal Contract Tower,0,2,3,0,5,0,18,85,0,103,0,20,88,0,108,176,0,176,284
11/24/2011,WJF,CA,AWP,WE,Federal Contract Tower,0,0,2,0,2,0,0,22,0,22,0,0,24,0,24,30,0,30,54
11/25/2011,WJF,CA,AWP,WE,Federal Contract Tower,0,1,5,0,6,0,2,64,0,66,0,3,69,0,72,102,0,102,174
11/26/2011,WJF,CA,AWP,WE,Federal Contract Tower,0,1,5,0,6,0,6,115,0,121,0,7,120,0,127,38,0,38,165
11/27/2011,WJF,CA,AWP,WE,Federal Contract Tower,0,0,3,0,3,0,4,104,0,108,0,4,107,0,111,126,0,126,237
11/28/2011,WJF,CA,AWP,WE,Federal Contract Tower,0,1,6,1,8,0,8,55,2,65,0,9,61,3,73,70,0,70,143
11/29/2011,WJF,CA,AWP,WE,Federal Contract Tower,0,8,4,1,13,0,18,87,2,107,0,26,91,3,120,158,2,160,280
11/30/2011,WJF,CA,AWP,WE,Federal Contract Tower,0,1,3,1,5,0,15,32,4,51,0,16,35,5,56,111,7,118,174
12/01/2011,WJF,CA,AWP,WE,Federal Contract Tower,0,3,2,0,5,0,6,9,0,15,0,9,11,0,20,2,0,2,22
12/02/2011,WJF,CA,AWP,WE,Federal Contract Tower,0,3,5,2,10,0,28,41,4,73,0,31,46,6,83,112,0,112,195
12/03/2011,WJF,CA,AWP,WE,Federal Contract Tower,0,0,1,0,1,0,2,49,0,51,0,2,50,0,52,54,0,54,106
12/04/2011,WJF,CA,AWP,WE,Federal Contract Tower,0,0,6,0,6,0,2,106,0,108,0,2,112,0,114,98,0,98,212
12/05/2011,WJF,CA,AWP,WE,Federal Contract Tower,0,1,3,1,5,0,10,15,2,27,0,11,18,3,32,30,0,30,62
12/06/2011,WJF,CA,AWP,WE,Federal Contract Tower,0,1,1,0,2,0,10,51,0,61,0,11,52,0,63,86,0,86,149
12/07/2011,WJF,CA,AWP,WE,Federal Contract Tower,0,1,3,2,6,0,2,75,6,83,0,3,78,8,89,60,0,60,149
12/08/2011,WJF,CA,AWP,WE,Federal Contract Tower,0,1,8,4,13,0,2,84,6,92,0,3,92,10,105,96,0,96,201
12/09/2011,WJF,CA,AWP,WE,Federal Contract Tower,0,2,5,0,7,0,6,77,2,85,0,8,82,2,92,46,0,46,138
12/10/2011,WJF,CA,AWP,WE,Federal Contract Tower,0,0,4,0,4,0,7,114,6,127,0,7,118,6,131,156,8,164,295
12/11/2011,WJF,CA,AWP,WE,Federal Contract Tower,0,0,2,0,2,0,0,106,0,106,0,0,108,0,108,134,0,134,242
12/12/2011,WJF,CA,AWP,WE,Federal Contract Tower,0,2,2,0,4,0,2,8,0,10,0,4,10,0,14,0,0,0,14
12/13/2011,WJF,CA,AWP,WE,Federal Contract Tower,0,1,8,0,9,0,2,25,2,29,0,3,33,2,38,12,0,12,50
12/14/2011,WJF,CA,AWP,WE,Federal Contract Tower,0,1,3,3,7,0,2,97,12,111,0,3,100,15,118,176,0,176,294
12/15/2011,WJF,CA,AWP,WE,Federal Contract Tower,0,2,3,1,6,0,26,41,2,69,0,28,44,3,75,132,0,132,207
12/16/2011,WJF,CA,AWP,WE,Federal Contract Tower,0,1,1,0,2,0,8,49,2,59,0,9,50,2,61,74,0,74,135
12/17/2011,WJF,CA,AWP,WE,Federal Contract Tower,0,0,5,0,5,0,2,47,0,49,0,2,52,0,54,54,0,54,108
12/18/2011,WJF,CA,AWP,WE,Federal Contract Tower,0,0,5,0,5,0,0,85,0,85,0,0,90,0,90,92,0,92,182
12/19/2011,WJF,CA,AWP,WE,Federal Contract Tower,0,3,8,2,13,0,5,67,4,76,0,8,75,6,89,58,4,62,151
12/20/2011,WJF,CA,AWP,WE,Federal Contract Tower,0,1,5,0,6,0,2,78,2,82,0,3,83,2,88,50,0,50,138
12/21/2011,WJF,CA,AWP,WE,Federal Contract Tower,0,2,3,0,5,0,5,92,2,99,0,7,95,2,104,116,2,118,222
12/22/2011,WJF,CA,AWP,WE,Federal Contract Tower,0,1,3,0,4,0,10,22,0,32,0,11,25,0,36,10,0,10,46
12/23/2011,WJF,CA,AWP,WE,Federal Contract Tower,0,1,1,0,2,0,6,36,0,42,0,7,37,0,44,26,0,26,70
12/24/2011,WJF,CA,AWP,WE,Federal Contract Tower,0,0,1,0,1,0,0,54,0,54,0,0,55,0,55,2,0,2,57
12/25/2011,WJF,CA,AWP,WE,Federal Contract Tower,0,0,0,0,0,0,0,37,0,37,0,0,37,0,37,16,0,16,53
12/26/2011,WJF,CA,AWP,WE,Federal Contract Tower,0,0,3,0,3,0,0,64,0,64,0,0,67,0,67,58,0,58,125
12/27/2011,WJF,CA,AWP,WE,Federal Contract Tower,0,1,3,2,6,0,8,73,4,85,0,9,76,6,91,52,4,56,147
12/28/2011,WJF,CA,AWP,WE,Federal Contract Tower,0,1,3,0,4,0,2,99,2,103,0,3,102,2,107,142,0,142,249
12/29/2011,WJF,CA,AWP,WE,Federal Contract Tower,0,1,2,0,3,0,6,94,0,100,0,7,96,0,103,42,0,42,145
12/30/2011,WJF,CA,AWP,WE,Federal Contract Tower,0,1,2,0,3,0,6,88,0,94,0,7,90,0,97,32,0,32,129
12/31/2011,WJF,CA,AWP,WE,Federal Contract Tower,0,0,4,0,4,0,4,84,0,88,0,4,88,0,92,80,0,80,172
01/01/2012,WJF,CA,AWP,WE,Federal Contract Tower,0,0,1,0,1,0,0,91,0,91,0,0,92,0,92,30,0,30,122
01/02/2012,WJF,CA,AWP,WE,Federal Contract Tower,0,0,4,0,4,0,0,101,0,101,0,0,105,0,105,64,0,64,169
01/03/2012,WJF,CA,AWP,WE,Federal Contract Tower,0,1,5,0,6,0,2,65,0,67,0,3,70,0,73,48,0,48,121
01/04/2012,WJF,CA,AWP,WE,Federal Contract Tower,0,1,8,1,10,0,2,75,2,79,0,3,83,3,89,46,0,46,135
01/05/2012,WJF,CA,AWP,WE,Federal Contract Tower,0,1,3,2,6,0,2,66,6,74,0,3,69,8,80,52,0,52,132
01/06/2012,WJF,CA,AWP,WE,Federal Contract Tower,0,2,1,0,3,0,26,88,2,116,0,28,89,2,119,74,0,74,193
01/07/2012,WJF,CA,AWP,WE,Federal Contract Tower,0,0,4,0,4,0,2,90,0,92,0,2,94,0,96,102,0,102,198
01/08/2012,WJF,CA,AWP,WE,Federal Contract Tower,0,0,2,0,2,0,0,65,2,67,0,0,67,2,69,106,0,106,175
01/09/2012,WJF,CA,AWP,WE,Federal Contract Tower,0,0,0,0,0,0,2,68,4,74,0,2,68,4,74,62,0,62,136
01/10/2012,WJF,CA,AWP,WE,Federal Contract Tower,0,1,3,1,5,0,17,76,2,95,0,18,79,3,100,68,0,68,168
01/11/2012,WJF,CA,AWP,WE,Federal Contract Tower,0,1,5,3,9,0,8,77,10,95,0,9,82,13,104,64,2,66,170
01/12/2012,WJF,CA,AWP,WE,Federal Contract Tower,0,1,1,1,3,0,2,40,2,44,0,3,41,3,47,34,0,34,81
01/13/2012,WJF,CA,AWP,WE,Federal Contract Tower,0,1,2,4,7,0,18,56,12,86,0,19,58,16,93,80,0,80,173
01/14/2012,WJF,CA,AWP,WE,Federal Contract Tower,0,0,7,0,7,0,2,146,0,148,0,2,153,0,155,88,0,88,243
01/15/2012,WJF,CA,AWP,WE,Federal Contract Tower,0,0,6,0,6,0,0,67,0,67,0,0,73,0,73,152,0,152,225
01/16/2012,WJF,CA,AWP,WE,Federal Contract Tower,0,2,1,0,3,0,3,27,0,30,0,5,28,0,33,184,0,184,217
01/17/2012,WJF,CA,AWP,WE,Federal Contract Tower,0,2,10,1,13,0,3,90,2,95,0,5,100,3,108,201,0,201,309
01/18/2012,WJF,CA,AWP,WE,Federal Contract Tower,0,1,5,0,6,0,4,80,4,88,0,5,85,4,94,70,0,70,164
01/19/2012,WJF,CA,AWP,WE,Federal Contract Tower,0,2,6,1,9,0,4,48,4,56,0,6,54,5,65,38,6,44,109
01/20/2012,WJF,CA,AWP,WE,Federal Contract Tower,0,3,5,0,8,0,6,51,4,61,0,9,56,4,69,96,6,102,171
01/21/2012,WJF,CA,AWP,WE,Federal Contract Tower,0,0,3,0,3,0,4,8,0,12,0,4,11,0,15,24,0,24,39
01/22/2012,WJF,CA,AWP,WE,Federal Contract Tower,0,0,3,0,3,0,0,76,0,76,0,0,79,0,79,56,0,56,135
01/23/2012,WJF,CA,AWP,WE,Federal Contract Tower,0,1,0,0,1,0,2,11,0,13,0,3,11,0,14,0,0,0,14
01/24/2012,WJF,CA,AWP,WE,Federal Contract Tower,0,1,3,0,4,0,16,78,7,101,0,17,81,7,105,114,4,118,223
01/25/2012,WJF,CA,AWP,WE,Federal Contract Tower,0,1,2,0,3,0,5,57,2,64,0,6,59,2,67,82,0,82,149
01/26/2012,WJF,CA,AWP,WE,Federal Contract Tower,0,1,3,0,4,0,2,55,6,63,0,3,58,6,67,50,6,56,123
01/27/2012,WJF,CA,AWP,WE,Federal Contract Tower,0,3,1,1,5,0,8,49,2,59,0,11,50,3,64,46,4,50,114
01/28/2012,WJF,CA,AWP,WE,Federal Contract Tower,0,0,2,0,2,0,3,73,1,77,0,3,75,1,79,88,0,88,167
01/29/2012,WJF,CA,AWP,WE,Federal Contract Tower,0,0,3,0,3,0,0,172,0,172,0,0,175,0,175,140,0,140,315
01/30/2012,WJF,CA,AWP,WE,Federal Contract Tower,0,1,4,0,5,0,6,51,0,57,0,7,55,0,62,118,0,118,180
01/31/2012,WJF,CA,AWP,WE,Federal Contract Tower,0,1,10,1,12,0,32,104,2,138,0,33,114,3,150,188,0,188,338
02/01/2012,WJF,CA,AWP,WE,Federal Contract Tower,0,1,5,0,6,0,6,41,2,49,0,7,46,2,55,58,0,58,113
02/02/2012,WJF,CA,AWP,WE,Federal Contract Tower,0,1,4,1,6,0,36,87,2,125,0,37,91,3,131,96,0,96,227
02/03/2012,WJF,CA,AWP,WE,Federal Contract Tower,0,1,3,0,4,0,6,72,0,78,0,7,75,0,82,84,0,84,166
02/04/2012,WJF,CA,AWP,WE,Federal Contract Tower,0,0,3,0,3,0,2,129,0,131,0,2,132,0,134,88,0,88,222
02/05/2012,WJF,CA,AWP,WE,Federal Contract Tower,0,0,5,0,5,0,2,109,0,111,0,2,114,0,116,84,0,84,200
02/06/2012,WJF,CA,AWP,WE,Federal Contract Tower,0,3,1,0,4,0,5,43,0,48,0,8,44,0,52,38,0,38,90
02/07/2012,WJF,CA,AWP,WE,Federal Contract Tower,0,2,5,1,8,0,4,24,4,32,0,6,29,5,40,36,2,38,78
02/08/2012,WJF,CA,AWP,WE,Federal Contract Tower,0,1,3,1,5,0,4,70,2,76,0,5,73,3,81,66,6,72,153
02/09/2012,WJF,CA,AWP,WE,Federal Contract Tower,0,6,7,2,15,0,10,99,8,117,0,16,106,10,132,78,0,78,210
02/10/2012,WJF,CA,AWP,WE,Federal Contract Tower,0,6,9,0,15,0,10,99,0,109,0,16,108,0,124,54,0,54,178
02/11/2012,WJF,CA,AWP,WE,Federal Contract Tower,0,0,3,0,3,0,2,45,0,47,0,2,48,0,50,24,0,24,74
02/12/2012,WJF,CA,AWP,WE,Federal Contract Tower,0,0,8,0,8,0,2,76,0,78,0,2,84,0,86,41,0,41,127
02/13/2012,WJF,CA,AWP,WE,Federal Contract Tower,0,2,2,0,4,0,4,19,0,23,0,6,21,0,27,0,0,0,27
02/14/2012,WJF,CA,AWP,WE,Federal Contract Tower,0,2,8,1,11,0,8,63,3,74,0,10,71,4,85,34,0,34,119
02/15/2012,WJF,CA,AWP,WE,Federal Contract Tower,0,1,5,1,7,0,2,23,2,27,0,3,28,3,34,8,0,8,42
02/16/2012,WJF,CA,AWP,WE,Federal Contract Tower,0,1,4,2,7,0,2,34,4,40,0,3,38,6,47,42,6,48,95
02/17/2012,WJF,CA,AWP,WE,Federal Contract Tower,0,3,10,1,14,0,6,106,4,116,0,9,116,5,130,164,0,164,294
02/18/2012,WJF,CA,AWP,WE,Federal Contract Tower,0,1,5,0,6,0,3,98,0,101,0,4,103,0,107,32,0,32,139
02/19/2012,WJF,CA,AWP,WE,Federal Contract Tower,0,0,4,0,4,0,2,49,0,51,0,2,53,0,55,24,0,24,79
02/20/2012,WJF,CA,AWP,WE,Federal Contract Tower,0,1,4,0,5,0,2,85,0,87,0,3,89,0,92,116,0,116,208
02/21/2012,WJF,CA,AWP,WE,Federal Contract Tower,0,1,6,1,8,0,2,80,4,86,0,3,86,5,94,104,4,108,202
02/22/2012,WJF,CA,AWP,WE,Federal Contract Tower,1,4,1,0,6,0,2,88,2,92,1,6,89,2,98,76,0,76,174
02/23/2012,WJF,CA,AWP,WE,Federal Contract Tower,0,1,5,0,6,0,2,94,0,96,0,3,99,0,102,104,0,104,206
02/24/2012,WJF,CA,AWP,WE,Federal Contract Tower,0,2,9,0,11,0,4,99,0,103,0,6,108,0,114,58,0,58,172
02/25/2012,WJF,CA,AWP,WE,Federal Contract Tower,0,1,2,0,3,0,5,47,0,52,0,6,49,0,55,32,0,32,87
02/26/2012,WJF,CA,AWP,WE,Federal Contract Tower,0,0,5,0,5,0,4,121,0,125,0,4,126,0,130,101,0,101,231
02/27/2012,WJF,CA,AWP,WE,Federal Contract Tower,0,5,2,0,7,0,11,15,0,26,0,16,17,0,33,16,0,16,49
02/28/2012,WJF,CA,AWP,WE,Federal Contract Tower,0,1,6,3,10,0,2,48,8,58,0,3,54,11,68,50,0,50,118
02/29/2012,WJF,CA,AWP,WE,Federal Contract Tower,0,5,0,0,5,0,12,26,0,38,0,17,26,0,43,40,0,40,83
03/01/2012,WJF,CA,AWP,WE,Federal Contract Tower,0,2,0,2,4,0,4,13,2,19,0,6,13,4,23,0,0,0,23
03/02/2012,WJF,CA,AWP,WE,Federal Contract Tower,0,2,5,0,7,0,4,48,2,54,0,6,53,2,61,12,4,16,77
03/03/2012,WJF,CA,AWP,WE,Federal Contract Tower,0,2,5,0,7,0,2,137,2,141,0,4,142,2,148,150,0,150,298
03/04/2012,WJF,CA,AWP,WE,Federal Contract Tower,0,0,13,0,13,0,0,165,6,171,0,0,178,6,184,118,0,118,302
03/05/2012,WJF,CA,AWP,WE,Federal Contract Tower,0,1,4,0,5,0,6,61,0,67,0,7,65,0,72,68,0,68,140
03/06/2012,WJF,CA,AWP,WE,Federal Contract Tower,0,5,4,1,10,0,6,20,8,34,0,11,24,9,44,22,0,22,66
03/07/2012,WJF,CA,AWP,WE,Federal Contract Tower,0,3,4,2,9,0,5,51,20,76,0,8,55,22,85,46,6,52,137
03/08/2012,WJF,CA,AWP,WE,Federal Contract Tower,0,2,5,2,9,0,3,68,14,85,0,5,73,16,94,42,0,42,136
03/09/2012,WJF,CA,AWP,WE,Federal Contract Tower,0,1,7,0,8,0,0,0,0,0,0,1,7,0,8,120,0,120,128
03/10/2012,WJF,CA,AWP,WE,Federal Contract Tower,0,0,1,0,1,0,2,124,0,126,0,2,125,0,127,112,0,112,239
03/11/2012,WJF,CA,AWP,WE,Federal Contract Tower,0,0,5,0,5,0,4,66,0,70,0,4,71,0,75,44,0,44,119
03/12/2012,WJF,CA,AWP,WE,Federal Contract Tower,0,0,7,1,8,0,2,36,2,40,0,2,43,3,48,22,6,28,76
03/13/2012,WJF,CA,AWP,WE,Federal Contract Tower,0,1,4,1,6,0,6,46,2,54,0,7,50,3,60,42,4,46,106
03/14/2012,WJF,CA,AWP,WE,Federal Contract Tower,0,0,4,2,6,0,2,48,4,54,0,2,52,6,60,56,4,60,120
03/15/2012,WJF,CA,AWP,WE,Federal Contract Tower,0,0,1,3,4,0,2,57,6,65,0,2,58,9,69,32,10,42,111
03/16/2012,WJF,CA,AWP,WE,Federal Contract Tower,0,1,1,0,2,0,6,42,2,50,0,7,43,2,52,46,10,56,108
03/17/2012,WJF,CA,AWP,WE,Federal Contract Tower,0,2,0,0,2,0,2,2,0,4,0,4,2,0,6,0,0,0,6
03/18/2012,WJF,CA,AWP,WE,Federal Contract Tower,0,0,0,0,0,0,0,16,0,16,0,0,16,0,16,16,0,16,32
03/19/2012,WJF,CA,AWP,WE,Federal Contract Tower,0,2,3,1,6,0,4,37,6,47,0,6,40,7,53,58,34,92,145
03/20/2012,WJF,CA,AWP,WE,Federal Contract Tower,0,2,4,0,6,0,6,63,3,72,0,8,67,3,78,72,36,108,186
03/21/2012,WJF,CA,AWP,WE,Federal Contract Tower,0,2,6,0,8,0,6,111,6,123,0,8,117,6,131,86,26,112,243
03/22/2012,WJF,CA,AWP,WE,Federal Contract Tower,0,0,3,0,3,0,4,65,4,73,0,4,68,4,76,48,32,80,156
03/23/2012,WJF,CA,AWP,WE,Federal Contract Tower,0,1,9,0,10,0,4,74,4,82,0,5,83,4,92,48,0,48,140
03/24/2012,WJF,CA,AWP,WE,Federal Contract Tower,0,1,7,0,8,0,6,102,0,108,0,7,109,0,116,106,0,106,222
03/25/2012,WJF,CA,AWP,WE,Federal Contract Tower,0,0,1,0,1,0,0,24,0,24,0,0,25,0,25,40,0,40,65
03/26/2012,WJF,CA,AWP,WE,Federal Contract Tower,0,1,3,0,4,0,4,33,0,37,0,5,36,0,41,38,0,38,79
03/27/2012,WJF,CA,AWP,WE,Federal Contract Tower,0,2,3,0,5,0,2,52,6,60,0,4,55,6,65,54,0,54,119
03/28/2012,WJF,CA,AWP,WE,Federal Contract Tower,0,0,2,0,2,0,2,31,0,33,0,2,33,0,35,84,2,86,121
03/29/2012,WJF,CA,AWP,WE,Federal Contract Tower,0,0,5,0,5,0,2,57,2,61,0,2,62,2,66,76,0,76,142
03/30/2012,WJF,CA,AWP,WE,Federal Contract Tower,0,0,2,0,2,0,2,97,0,99,0,2,99,0,101,96,0,96,197
03/31/2012,WJF,CA,AWP,WE,Federal Contract Tower,0,0,1,0,1,0,2,28,2,32,0,2,29,2,33,30,0,30,63
04/01/2012,WJF,CA,AWP,WE,Federal Contract Tower,0,0,2,0,2,0,0,19,0,19,0,0,21,0,21,8,0,8,29
04/02/2012,WJF,CA,AWP,WE,Federal Contract Tower,0,0,6,0,6,0,2,50,2,54,0,2,56,2,60,84,0,84,144
04/03/2012,WJF,CA,AWP,WE,Federal Contract Tower,0,0,9,3,12,0,2,92,8,102,0,2,101,11,114,98,2,100,214
04/04/2012,WJF,CA,AWP,WE,Federal Contract Tower,0,0,6,2,8,0,2,43,8,53,0,2,49,10,61,26,2,28,89
04/05/2012,WJF,CA,AWP,WE,Federal Contract Tower,0,0,5,1,6,0,2,43,2,47,0,2,48,3,53,18,0,18,71
04/06/2012,WJF,CA,AWP,WE,Federal Contract Tower,0,0,6,1,7,0,2,92,2,96,0,2,98,3,103,138,0,138,241
04/07/2012,WJF,CA,AWP,WE,Federal Contract Tower,0,0,1,0,1,0,0,112,0,112,0,0,113,0,113,132,0,132,245
04/08/2012,WJF,CA,AWP,WE,Federal Contract Tower,0,0,6,0,6,0,0,94,0,94,0,0,100,0,100,84,0,84,184
04/09/2012,WJF,CA,AWP,WE,Federal Contract Tower,0,0,4,1,5,0,2,73,2,77,0,2,77,3,82,74,0,74,156
04/10/2012,WJF,CA,AWP,WE,Federal Contract Tower,0,0,6,2,8,0,2,78,6,86,0,2,84,8,94,42,0,42,136
04/11/2012,WJF,CA,AWP,WE,Federal Contract Tower,0,1,4,2,7,0,4,22,6,32,0,5,26,8,39,50,6,56,95
04/12/2012,WJF,CA,AWP,WE,Federal Contract Tower,0,1,3,0,4,0,2,36,0,38,0,3,39,0,42,26,0,26,68
04/13/2012,WJF,CA,AWP,WE,Federal Contract Tower,0,2,0,0,2,0,2,0,0,2,0,4,0,0,4,0,0,0,4
04/14/2012,WJF,CA,AWP,WE,Federal Contract Tower,0,2,4,0,6,0,3,33,0,36,0,5,37,0,42,6,0,6,48
04/15/2012,WJF,CA,AWP,WE,Federal Contract Tower,0,0,3,0,3,0,0,106,0,106,0,0,109,0,109,60,0,60,169
04/16/2012,WJF,CA,AWP,WE,Federal Contract Tower,0,0,1,1,2,0,2,85,6,93,0,2,86,7,95,40,0,40,135
04/17/2012,WJF,CA,AWP,WE,Federal Contract Tower,0,2,2,2,6,0,6,76,6,88,0,8,78,8,94,96,2,98,192
04/18/2012,WJF,CA,AWP,WE,Federal Contract Tower,0,0,5,2,7,0,4,59,4,67,0,4,64,6,74,56,10,66,140
04/19/2012,WJF,CA,AWP,WE,Federal Contract Tower,0,0,6,1,7,0,2,84,8,94,0,2,90,9,101,114,2,116,217
04/20/2012,WJF,CA,AWP,WE,Federal Contract Tower,0,1,0,3,4,0,5,90,8,103,0,6,90,11,107,140,0,140,247
04/21/2012,WJF,CA,AWP,WE,Federal Contract Tower,0,1,6,0,7,0,4,162,2,168,0,5,168,2,175,184,0,184,359
04/22/2012,WJF,CA,AWP,WE,Federal Contract Tower,0,0,4,0,4,0,0,74,0,74,0,0,78,0,78,67,0,67,145
04/23/2012,WJF,CA,AWP,WE,Federal Contract Tower,0,9,12,0,21,0,12,53,4,69,0,21,65,4,90,88,12,100,190
04/24/2012,WJF,CA,AWP,WE,Federal Contract Tower,0,0,5,2,7,0,4,80,6,90,0,4,85,8,97,68,2,70,167
04/25/2012,WJF,CA,AWP,WE,Federal Contract Tower,0,0,5,0,5,0,2,49,0,51,0,2,54,0,56,72,0,72,128
04/26/2012,WJF,CA,AWP,WE,Federal Contract Tower,0,5,8,0,13,0,12,34,0,46,0,17,42,0,59,24,0,24,83
04/27/2012,WJF,CA,AWP,WE,Federal Contract Tower,0,2,8,1,11,0,6,100,2,108,0,8,108,3,119,98,10,108,227
04/28/2012,WJF,CA,AWP,WE,Federal Contract Tower,0,0,3,1,4,0,2,110,2,114,0,2,113,3,118,112,0,112,230
04/29/2012,WJF,CA,AWP,WE,Federal Contract Tower,0,0,11,0,11,0,0,131,0,131,0,0,142,0,142,84,0,84,226
04/30/2012,WJF,CA,AWP,WE,Federal Contract Tower,0,2,4,0,6,0,6,66,0,72,0,8,70,0,78,30,0,30,108
05/01/2012,WJF,CA,AWP,WE,Federal Contract Tower,0,4,6,0,10,0,6,45,0,51,0,10,51,0,61,50,0,50,111
05/02/2012,WJF,CA,AWP,WE,Federal Contract Tower,0,1,6,2,9,0,4,41,4,49,0,5,47,6,58,32,2,34,92
05/03/2012,WJF,CA,AWP,WE,Federal Contract Tower,0,3,4,1,8,0,7,34,4,45,0,10,38,5,53,50,0,50,103
05/04/2012,WJF,CA,AWP,WE,Federal Contract Tower,0,0,3,0,3,0,2,44,2,48,0,2,47,2,51,26,0,26,77
05/05/2012,WJF,CA,AWP,WE,Federal Contract Tower,0,1,1,0,2,0,4,83,0,87,0,5,84,0,89,108,0,108,197
05/06/2012,WJF,CA,AWP,WE,Federal Contract Tower,0,1,4,0,5,0,1,116,2,119,0,2,120,2,124,150,2,152,276
05/07/2012,WJF,CA,AWP,WE,Federal Contract Tower,0,1,0,0,1,0,4,68,0,72,0,5,68,0,73,38,0,38,111
05/08/2012,WJF,CA,AWP,WE,Federal Contract Tower,0,0,8,3,11,0,2,63,10,75,0,2,71,13,86,62,0,62,148
05/09/2012,WJF,CA,AWP,WE,Federal Contract Tower,0,0,4,4,8,0,3,59,10,72,0,3,63,14,80,92,10,102,182
05/10/2012,WJF,CA,AWP,WE,Federal Contract Tower,0,1,5,5,11,0,2,63,12,77,0,3,68,17,88,56,14,70,158
05/11/2012,WJF,CA,AWP,WE,Federal Contract Tower,0,2,1,7,10,0,5,80,14,99,0,7,81,21,109,48,2,50,159
05/12/2012,WJF,CA,AWP,WE,Federal Contract Tower,0,1,3,0,4,0,2,100,0,102,0,3,103,0,106,76,0,76,182
05/13/2012,WJF,CA,AWP,WE,Federal Contract Tower,0,0,3,1,4,0,0,88,1,89,0,0,91,2,93,96,0,96,189
05/14/2012,WJF,CA,AWP,WE,Federal Contract Tower,0,1,2,1,4,0,4,55,6,65,0,5,57,7,69,30,18,48,117
05/15/2012,WJF,CA,AWP,WE,Federal Contract Tower,0,0,5,1,6,0,2,54,2,58,0,2,59,3,64,80,0,80,144
05/16/2012,WJF,CA,AWP,WE,Federal Contract Tower,0,0,5,0,5,0,2,73,0,75,0,2,78,0,80,48,0,48,128
05/17/2012,WJF,CA,AWP,WE,Federal Contract Tower,0,0,3,0,3,0,2,40,2,44,0,2,43,2,47,56,0,56,103
05/18/2012,WJF,CA,AWP,WE,Federal Contract Tower,0,0,5,0,5,0,4,60,0,64,0,4,65,0,69,6,0,6,75
05/19/2012,WJF,CA,AWP,WE,Federal Contract Tower,0,0,5,2,7,0,2,147,2,151,0,2,152,4,158,50,0,50,208
05/20/2012,WJF,CA,AWP,WE,Federal Contract Tower,0,0,1,0,1,0,0,83,0,83,0,0,84,0,84,24,0,24,108
05/21/2012,WJF,CA,AWP,WE,Federal Contract Tower,0,0,6,1,7,0,2,81,4,87,0,2,87,5,94,62,0,62,156
05/22/2012,WJF,CA,AWP,WE,Federal Contract Tower,0,1,2,0,3,0,2,21,0,23,0,3,23,0,26,12,0,12,38
05/23/2012,WJF,CA,AWP,WE,Federal Contract Tower,0,0,5,0,5,0,0,17,0,17,0,0,22,0,22,4,0,4,26
05/24/2012,WJF,CA,AWP,WE,Federal Contract Tower,0,1,8,1,10,0,6,56,2,64,0,7,64,3,74,18,0,18,92
05/25/2012,WJF,CA,AWP,WE,Federal Contract Tower,0,0,6,0,6,0,2,46,2,50,0,2,52,2,56,14,0,14,70
05/26/2012,WJF,CA,AWP,WE,Federal Contract Tower,0,0,1,0,1,0,4,20,0,24,0,4,21,0,25,2,0,2,27
05/27/2012,WJF,CA,AWP,WE,Federal Contract Tower,0,0,8,0,8,0,6,120,0,126,0,6,128,0,134,68,0,68,202
05/28/2012,WJF,CA,AWP,WE,Federal Contract Tower,0,0,4,0,4,0,0,105,2,107,0,0,109,2,111,76,0,76,187
05/29/2012,WJF,CA,AWP,WE,Federal Contract Tower,0,0,1,2,3,0,4,90,4,98,0,4,91,6,101,58,0,58,159
05/30/2012,WJF,CA,AWP,WE,Federal Contract Tower,0,0,3,0,3,0,2,66,2,70,0,2,69,2,73,40,14,54,127
05/31/2012,WJF,CA,AWP,WE,Federal Contract Tower,0,0,4,2,6,0,2,55,4,61,0,2,59,6,67,46,0,46,113
06/01/2012,WJF,CA,AWP,WE,Federal Contract Tower,0,0,2,0,2,0,2,62,2,66,0,2,64,2,68,46,0,46,114
06/02/2012,WJF,CA,AWP,WE,Federal Contract Tower,0,0,1,0,1,0,2,80,0,82,0,2,81,0,83,42,0,42,125
06/03/2012,WJF,CA,AWP,WE,Federal Contract Tower,0,0,7,0,7,0,0,96,6,102,0,0,103,6,109,50,0,50,159
06/04/2012,WJF,CA,AWP,WE,Federal Contract Tower,0,0,5,0,5,0,2,19,0,21,0,2,24,0,26,26,0,26,52
06/05/2012,WJF,CA,AWP,WE,Federal Contract Tower,0,0,0,1,1,0,2,20,2,24,0,2,20,3,25,8,0,8,33
06/06/2012,WJF,CA,AWP,WE,Federal Contract Tower,0,0,12,5,17,0,4,96,11,111,0,4,108,16,128,104,0,104,232
06/07/2012,WJF,CA,AWP,WE,Federal Contract Tower,0,2,6,6,14,0,4,74,12,90,0,6,80,18,104,32,0,32,136
06/08/2012,WJF,CA,AWP,WE,Federal Contract Tower,0,0,4,2,6,0,2,84,4,90,0,2,88,6,96,40,0,40,136
06/09/2012,WJF,CA,AWP,WE,Federal Contract Tower,0,0,1,0,1,0,2,56,0,58,0,2,57,0,59,8,0,8,67
06/10/2012,WJF,CA,AWP,WE,Federal Contract Tower,0,0,4,0,4,0,0,108,0,108,0,0,112,0,112,108,0,108,220
06/11/2012,WJF,CA,AWP,WE,Federal Contract Tower,0,0,4,2,6,0,2,82,4,88,0,2,86,6,94,64,0,64,158
06/12/2012,WJF,CA,AWP,WE,Federal Contract Tower,0,0,3,1,4,0,4,75,2,81,0,4,78,3,85,70,2,72,157
06/13/2012,WJF,CA,AWP,WE,Federal Contract Tower,0,0,6,0,6,0,4,75,0,79,0,4,81,0,85,86,0,86,171
06/14/2012,WJF,CA,AWP,WE,Federal Contract Tower,0,0,3,2,5,0,4,53,4,61,0,4,56,6,66,70,6,76,142
06/15/2012,WJF,CA,AWP,WE,Federal Contract Tower,0,0,3,1,4,0,2,62,2,66,0,2,65,3,70,38,0,38,108
06/16/2012,WJF,CA,AWP,WE,Federal Contract Tower,0,0,4,0,4,0,2,138,0,140,0,2,142,0,144,34,0,34,178
06/17/2012,WJF,CA,AWP,WE,Federal Contract Tower,0,0,2,0,2,0,2,89,0,91,0,2,91,0,93,62,0,62,155
06/18/2012,WJF,CA,AWP,WE,Federal Contract Tower,0,5,4,1,10,0,16,54,2,72,0,21,58,3,82,24,0,24,106
06/19/2012,WJF,CA,AWP,WE,Federal Contract Tower,0,0,2,0,2,0,2,65,0,67,0,2,67,0,69,40,0,40,109
06/20/2012,WJF,CA,AWP,WE,Federal Contract Tower,0,4,2,1,7,0,5,57,2,64,0,9,59,3,71,84,0,84,155
06/21/2012,WJF,CA,AWP,WE,Federal Contract Tower,0,0,10,10,20,0,2,98,2,102,0,2,108,12,122,42,0,42,164
06/22/2012,WJF,CA,AWP,WE,Federal Contract Tower,0,2,6,2,10,0,3,83,4,90,0,5,89,6,100,58,2,60,160
06/23/2012,WJF,CA,AWP,WE,Federal Contract Tower,0,1,2,2,5,0,2,159,2,163,0,3,161,4,168,58,0,58,226
06/24/2012,WJF,CA,AWP,WE,Federal Contract Tower,0,0,1,1,2,0,0,112,2,114,0,0,113,3,116,47,0,47,163
06/25/2012,WJF,CA,AWP,WE,Federal Contract Tower,0,0,5,0,5,0,2,66,2,70,0,2,71,2,75,20,2,22,97
06/26/2012,WJF,CA,AWP,WE,Federal Contract Tower,0,0,6,3,9,0,2,69,6,77,0,2,75,9,86,34,0,34,120
06/27/2012,WJF,CA,AWP,WE,Federal Contract Tower,0,0,11,0,11,0,2,110,0,112,0,2,121,0,123,90,0,90,213
06/28/2012,WJF,CA,AWP,WE,Federal Contract Tower,0,0,9,0,9,0,2,65,0,67,0,2,74,0,76,53,0,53,129
06/29/2012,WJF,CA,AWP,WE,Federal Contract Tower,0,2,8,0,10,0,4,103,0,107,0,6,111,0,117,30,0,30,147
06/30/2012,WJF,CA,AWP,WE,Federal Contract Tower,0,0,2,0,2,0,2,111,0,113,0,2,113,0,115,84,0,84,199
07/01/2012,WJF,CA,AWP,WE,Federal Contract Tower,0,0,3,0,3,0,2,64,0,66,0,2,67,0,69,62,0,62,131
07/02/2012,WJF,CA,AWP,WE,Federal Contract Tower,0,0,2,0,2,0,2,66,0,68,0,2,68,0,70,60,0,60,130
07/03/2012,WJF,CA,AWP,WE,Federal Contract Tower,0,4,2,2,8,0,10,69,4,83,0,14,71,6,91,58,0,58,149
07/04/2012,WJF,CA,AWP,WE,Federal Contract Tower,0,0,3,0,3,0,0,91,0,91,0,0,94,0,94,32,0,32,126
07/05/2012,WJF,CA,AWP,WE,Federal Contract Tower,0,1,5,2,8,0,3,56,6,65,0,4,61,8,73,86,12,98,171
07/06/2012,WJF,CA,AWP,WE,Federal Contract Tower,0,0,7,30,37,0,2,75,6,83,0,2,82,36,120,52,0,52,172
07/07/2012,WJF,CA,AWP,WE,Federal Contract Tower,0,2,3,0,5,0,5,81,0,86,0,7,84,0,91,80,0,80,171
07/08/2012,WJF,CA,AWP,WE,Federal Contract Tower,0,0,2,0,2,0,0,57,0,57,0,0,59,0,59,54,0,54,113
07/09/2012,WJF,CA,AWP,WE,Federal Contract Tower,0,0,2,4,6,0,2,59,8,69,0,2,61,12,75,66,0,66,141
07/10/2012,WJF,CA,AWP,WE,Federal Contract Tower,0,0,5,3,8,0,2,58,6,66,0,2,63,9,74,42,0,42,116
07/11/2012,WJF,CA,AWP,WE,Federal Contract Tower,0,1,3,1,5,0,5,56,4,65,0,6,59,5,70,44,10,54,124
07/12/2012,WJF,CA,AWP,WE,Federal Contract Tower,0,1,5,0,6,0,2,58,0,60,0,3,63,0,66,36,0,36,102
07/13/2012,WJF,CA,AWP,WE,Federal Contract Tower,0,3,3,0,6,0,4,52,0,56,0,7,55,0,62,51,0,51,113
07/14/2012,WJF,CA,AWP,WE,Federal Contract Tower,0,0,8,0,8,0,2,113,0,115,0,2,121,0,123,80,0,80,203
07/15/2012,WJF,CA,AWP,WE,Federal Contract Tower,0,0,5,0,5,0,0,102,0,102,0,0,107,0,107,110,0,110,217
07/16/2012,WJF,CA,AWP,WE,Federal Contract Tower,0,0,0,0,0,0,6,47,0,53,0,6,47,0,53,72,0,72,125
07/17/2012,WJF,CA,AWP,WE,Federal Contract Tower,0,0,2,0,2,0,2,137,2,141,0,2,139,2,143,59,0,59,202
07/18/2012,WJF,CA,AWP,WE,Federal Contract Tower,0,1,5,0,6,0,6,74,0,80,0,7,79,0,86,92,0,92,178
07/19/2012,WJF,CA,AWP,WE,Federal Contract Tower,0,2,1,0,3,0,4,72,0,76,0,6,73,0,79,109,0,109,188
07/20/2012,WJF,CA,AWP,WE,Federal Contract Tower,0,0,1,0,1,0,2,89,0,91,0,2,90,0,92,100,0,100,192
07/21/2012,WJF,CA,AWP,WE,Federal Contract Tower,0,0,3,0,3,0,2,89,2,93,0,2,92,2,96,76,0,76,172
07/22/2012,WJF,CA,AWP,WE,Federal Contract Tower,0,0,2,0,2,0,0,75,0,75,0,0,77,0,77,46,0,46,123
07/23/2012,WJF,CA,AWP,WE,Federal Contract Tower,0,0,1,0,1,0,4,42,2,48,0,4,43,2,49,24,2,26,75
07/24/2012,WJF,CA,AWP,WE,Federal Contract Tower,0,0,6,0,6,0,2,56,0,58,0,2,62,0,64,59,0,59,123
07/25/2012,WJF,CA,AWP,WE,Federal Contract Tower,0,0,5,0,5,0,2,72,0,74,0,2,77,0,79,26,0,26,105
07/26/2012,WJF,CA,AWP,WE,Federal Contract Tower,0,1,4,0,5,0,6,59,0,65,0,7,63,0,70,50,2,52,122
07/27/2012,WJF,CA,AWP,WE,Federal Contract Tower,0,0,1,0,1,0,2,62,0,64,0,2,63,0,65,28,2,30,95
07/28/2012,WJF,CA,AWP,WE,Federal Contract Tower,0,0,3,0,3,0,4,130,0,134,0,4,133,0,137,1,0,1,138
07/29/2012,WJF,CA,AWP,WE,Federal Contract Tower,0,2,1,0,3,0,0,115,4,119,0,2,116,4,122,114,0,114,236
07/30/2012,WJF,CA,AWP,WE,Federal Contract Tower,0,2,2,0,4,0,4,58,2,64,0,6,60,2,68,58,0,58,126
07/31/2012,WJF,CA,AWP,WE,Federal Contract Tower,0,0,4,2,6,0,2,48,6,56,0,2,52,8,62,102,0,102,164
08/01/2012,WJF,CA,AWP,WE,Federal Contract Tower,0,1,2,0,3,0,2,114,0,116,0,3,116,0,119,116,0,116,235
08/02/2012,WJF,CA,AWP,WE,Federal Contract Tower,0,0,4,0,4,0,2,81,0,83,0,2,85,0,87,50,0,50,137
08/03/2012,WJF,CA,AWP,WE,Federal Contract Tower,0,0,2,0,2,0,3,80,0,83,0,3,82,0,85,58,0,58,143
08/04/2012,WJF,CA,AWP,WE,Federal Contract Tower,0,0,2,0,2,0,4,92,0,96,0,4,94,0,98,34,0,34,132
08/05/2012,WJF,CA,AWP,WE,Federal Contract Tower,0,0,4,0,4,0,0,98,2,100,0,0,102,2,104,62,0,62,166
08/06/2012,WJF,CA,AWP,WE,Federal Contract Tower,0,0,2,0,2,0,2,80,1,83,0,2,82,1,85,50,0,50,135
08/07/2012,WJF,CA,AWP,WE,Federal Contract Tower,0,0,3,0,3,0,2,89,0,91,0,2,92,0,94,52,0,52,146
08/08/2012,WJF,CA,AWP,WE,Federal Contract Tower,0,0,1,0,1,0,7,69,0,76,0,7,70,0,77,82,0,82,159
08/09/2012,WJF,CA,AWP,WE,Federal Contract Tower,0,0,0,0,0,0,2,48,0,50,0,2,48,0,50,38,2,40,90
08/10/2012,WJF,CA,AWP,WE,Federal Contract Tower,0,0,1,0,1,0,2,109,0,111,0,2,110,0,112,38,0,38,150
08/11/2012,WJF,CA,AWP,WE,Federal Contract Tower,0,0,0,0,0,0,0,0,0,0,0,0,0,0,0,32,2,34,34
08/12/2012,WJF,CA,AWP,WE,Federal Contract Tower,0,1,5,0,6,0,3,159,0,162,0,4,164,0,168,62,0,62,230
08/13/2012,WJF,CA,AWP,WE,Federal Contract Tower,0,1,2,0,3,0,2,191,0,193,0,3,193,0,196,30,0,30,226
08/14/2012,WJF,CA,AWP,WE,Federal Contract Tower,0,0,4,0,4,0,2,128,0,130,0,2,132,0,134,50,0,50,184
08/15/2012,WJF,CA,AWP,WE,Federal Contract Tower,0,0,5,0,5,0,2,84,2,88,0,2,89,2,93,78,0,78,171
08/16/2012,WJF,CA,AWP,WE,Federal Contract Tower,0,0,9,0,9,0,4,89,1,94,0,4,98,1,103,76,0,76,179
08/17/2012,WJF,CA,AWP,WE,Federal Contract Tower,0,0,10,2,12,0,2,96,8,106,0,2,106,10,118,34,2,36,154
08/18/2012,WJF,CA,AWP,WE,Federal Contract Tower,0,0,4,3,7,0,2,128,6,136,0,2,132,9,143,94,0,94,237
08/19/2012,WJF,CA,AWP,WE,Federal Contract Tower,0,0,1,0,1,0,0,94,0,94,0,0,95,0,95,64,0,64,159
08/20/2012,WJF,CA,AWP,WE,Federal Contract Tower,0,0,9,4,13,0,2,72,8,82,0,2,81,12,95,34,4,38,133
08/21/2012,WJF,CA,AWP,WE,Federal Contract Tower,0,0,7,3,10,0,2,81,4,87,0,2,88,7,97,62,0,62,159
08/22/2012,WJF,CA,AWP,WE,Federal Contract Tower,0,0,7,1,8,0,4,73,2,79,0,4,80,3,87,26,0,26,113
08/23/2012,WJF,CA,AWP,WE,Federal Contract Tower,0,0,3,2,5,0,2,54,4,60,0,2,57,6,65,54,8,62,127
08/24/2012,WJF,CA,AWP,WE,Federal Contract Tower,0,1,1,2,4,0,6,99,5,110,0,7,100,7,114,56,12,68,182
08/25/2012,WJF,CA,AWP,WE,Federal Contract Tower,0,0,0,0,0,0,2,98,0,100,0,2,98,0,100,50,0,50,150
08/26/2012,WJF,CA,AWP,WE,Federal Contract Tower,0,0,3,0,3,0,2,108,0,110,0,2,111,0,113,57,0,57,170
08/27/2012,WJF,CA,AWP,WE,Federal Contract Tower,0,0,3,3,6,0,2,74,6,82,0,2,77,9,88,10,2,12,100
08/28/2012,WJF,CA,AWP,WE,Federal Contract Tower,0,0,6,3,9,0,0,112,6,118,0,0,118,9,127,60,2,62,189
08/29/2012,WJF,CA,AWP,WE,Federal Contract Tower,0,0,8,4,12,0,2,71,6,79,0,2,79,10,91,52,12,64,155
08/30/2012,WJF,CA,AWP,WE,Federal Contract Tower,0,0,8,2,10,0,2,76,4,82,0,2,84,6,92,44,0,44,136
08/31/2012,WJF,CA,AWP,WE,Federal Contract Tower,0,0,5,0,5,0,2,90,0,92,0,2,95,0,97,74,0,74,171
09/01/2012,WJF,CA,AWP,WE,Federal Contract Tower,0,1,23,0,24,0,2,91,0,93,0,3,114,0,117,36,0,36,153
09/02/2012,WJF,CA,AWP,WE,Federal Contract Tower,0,0,5,0,5,0,0,112,0,112,0,0,117,0,117,68,0,68,185
09/03/2012,WJF,CA,AWP,WE,Federal Contract Tower,0,0,4,0,4,0,0,105,0,105,0,0,109,0,109,90,0,90,199
09/04/2012,WJF,CA,AWP,WE,Federal Contract Tower,0,0,3,0,3,0,0,70,0,70,0,0,73,0,73,22,0,22,95
09/05/2012,WJF,CA,AWP,WE,Federal Contract Tower,0,4,2,0,6,0,6,46,0,52,0,10,48,0,58,32,0,32,90
09/06/2012,WJF,CA,AWP,WE,Federal Contract Tower,0,0,3,0,3,0,2,46,0,48,0,2,49,0,51,106,2,108,159
09/07/2012,WJF,CA,AWP,WE,Federal Contract Tower,0,0,3,1,4,0,2,55,6,63,0,2,58,7,67,10,10,20,87
09/08/2012,WJF,CA,AWP,WE,Federal Contract Tower,0,0,1,2,3,0,2,82,4,88,0,2,83,6,91,127,0,127,218
09/09/2012,WJF,CA,AWP,WE,Federal Contract Tower,0,0,3,0,3,0,0,46,0,46,0,0,49,0,49,62,0,62,111
09/10/2012,WJF,CA,AWP,WE,Federal Contract Tower,0,0,0,0,0,0,2,35,0,37,0,2,35,0,37,24,0,24,61
09/11/2012,WJF,CA,AWP,WE,Federal Contract Tower,0,2,0,0,2,0,4,61,2,67,0,6,61,2,69,64,0,64,133
09/12/2012,WJF,CA,AWP,WE,Federal Contract Tower,0,1,6,0,7,0,4,75,2,81,0,5,81,2,88,92,0,92,180
09/13/2012,WJF,CA,AWP,WE,Federal Contract Tower,0,1,4,2,7,0,8,96,4,108,0,9,100,6,115,142,0,142,257
09/14/2012,WJF,CA,AWP,WE,Federal Contract Tower,0,0,4,1,5,0,2,89,2,93,0,2,93,3,98,94,4,98,196
09/15/2012,WJF,CA,AWP,WE,Federal Contract Tower,0,1,2,0,3,0,4,82,0,86,0,5,84,0,89,74,0,74,163
09/16/2012,WJF,CA,AWP,WE,Federal Contract Tower,0,0,1,0,1,0,0,62,0,62,0,0,63,0,63,90,0,90,153
09/17/2012,WJF,CA,AWP,WE,Federal Contract Tower,0,0,7,1,8,0,2,59,4,65,0,2,66,5,73,30,20,50,123
09/18/2012,WJF,CA,AWP,WE,Federal Contract Tower,0,0,4,0,4,0,2,80,0,82,0,2,84,0,86,34,0,34,120
09/19/2012,WJF,CA,AWP,WE,Federal Contract Tower,0,2,2,0,4,0,4,78,2,84,0,6,80,2,88,38,0,38,126
09/20/2012,WJF,CA,AWP,WE,Federal Contract Tower,0,0,3,1,4,0,2,85,2,89,0,2,88,3,93,68,0,68,161
09/21/2012,WJF,CA,AWP,WE,Federal Contract Tower,0,0,3,0,3,0,2,78,0,80,0,2,81,0,83,132,0,132,215
09/22/2012,WJF,CA,AWP,WE,Federal Contract Tower,0,0,2,0,2,0,2,105,0,107,0,2,107,0,109,47,0,47,156
09/23/2012,WJF,CA,AWP,WE,Federal Contract Tower,0,0,1,0,1,0,0,92,0,92,0,0,93,0,93,84,0,84,177
09/24/2012,WJF,CA,AWP,WE,Federal Contract Tower,0,0,3,1,4,0,2,60,2,64,0,2,63,3,68,44,0,44,112
09/25/2012,WJF,CA,AWP,WE,Federal Contract Tower,0,0,3,1,4,0,2,63,3,68,0,2,66,4,72,96,0,96,168
09/26/2012,WJF,CA,AWP,WE,Federal Contract Tower,0,0,12,0,12,0,0,76,4,80,0,0,88,4,92,102,0,102,194
09/27/2012,WJF,CA,AWP,WE,Federal Contract Tower,0,0,3,1,4,0,0,69,1,70,0,0,72,2,74,66,0,66,140
09/28/2012,WJF,CA,AWP,WE,Federal Contract Tower,0,0,3,0,3,0,3,102,0,105,0,3,105,0,108,150,0,150,258
09/29/2012,WJF,CA,AWP,WE,Federal Contract Tower,0,0,5,0,5,0,2,99,0,101,0,2,104,0,106,102,0,102,208
09/30/2012,WJF,CA,AWP,WE,Federal Contract Tower,0,0,5,0,5,0,0,104,0,104,0,0,109,0,109,75,0,75,184
10/01/2012,WJF,CA,AWP,WE,Federal Contract Tower,0,0,6,0,6,0,2,55,0,57,0,2,61,0,63,64,0,64,127
10/02/2012,WJF,CA,AWP,WE,Federal Contract Tower,0,0,4,0,4,0,2,65,0,67,0,2,69,0,71,54,0,54,125
10/03/2012,WJF,CA,AWP,WE,Federal Contract Tower,0,0,4,2,6,0,0,64,2,66,0,0,68,4,72,26,0,26,98
10/04/2012,WJF,CA,AWP,WE,Federal Contract Tower,0,0,2,0,2,0,2,45,0,47,0,2,47,0,49,38,0,38,87
10/05/2012,WJF,CA,AWP,WE,Federal Contract Tower,0,0,10,1,11,0,2,58,2,62,0,2,68,3,73,70,0,70,143
10/06/2012,WJF,CA,AWP,WE,Federal Contract Tower,0,0,4,0,4,0,2,95,0,97,0,2,99,0,101,52,0,52,153
10/07/2012,WJF,CA,AWP,WE,Federal Contract Tower,0,0,4,0,4,0,0,60,0,60,0,0,64,0,64,36,0,36,100
10/08/2012,WJF,CA,AWP,WE,Federal Contract Tower,0,0,4,0,4,0,2,63,0,65,0,2,67,0,69,52,0,52,121
10/09/2012,WJF,CA,AWP,WE,Federal Contract Tower,0,0,5,0,5,0,2,56,0,58,0,2,61,0,63,40,0,40,103
10/10/2012,WJF,CA,AWP,WE,Federal Contract Tower,0,1,11,0,12,0,1,91,4,96,0,2,102,4,108,42,0,42,150
10/11/2012,WJF,CA,AWP,WE,Federal Contract Tower,0,3,0,0,3,0,2,45,0,47,0,5,45,0,50,58,0,58,108
10/12/2012,WJF,CA,AWP,WE,Federal Contract Tower,0,1,6,0,7,0,2,43,0,45,0,3,49,0,52,54,0,54,106
10/13/2012,WJF,CA,AWP,WE,Federal Contract Tower,0,1,4,0,5,0,3,88,2,93,0,4,92,2,98,84,0,84,182
10/14/2012,WJF,CA,AWP,WE,Federal Contract Tower,0,2,2,0,4,0,2,78,2,82,0,4,80,2,86,46,0,46,132
10/15/2012,WJF,CA,AWP,WE,Federal Contract Tower,0,0,5,3,8,0,2,54,6,62,0,2,59,9,70,10,0,10,80
10/16/2012,WJF,CA,AWP,WE,Federal Contract Tower,0,0,7,0,7,0,1,85,0,86,0,1,92,0,93,54,0,54,147
10/17/2012,WJF,CA,AWP,WE,Federal Contract Tower,0,0,4,0,4,0,3,84,0,87,0,3,88,0,91,62,0,62,153
10/18/2012,WJF,CA,AWP,WE,Federal Contract Tower,0,1,4,3,8,0,3,84,3,90,0,4,88,6,98,84,0,84,182
10/19/2012,WJF,CA,AWP,WE,Federal Contract Tower,0,0,4,0,4,0,2,90,0,92,0,2,94,0,96,78,0,78,174
10/20/2012,WJF,CA,AWP,WE,Federal Contract Tower,0,2,7,0,9,0,3,102,0,105,0,5,109,0,114,88,0,88,202
10/21/2012,WJF,CA,AWP,WE,Federal Contract Tower,0,0,7,0,7,0,0,54,0,54,0,0,61,0,61,48,0,48,109
10/22/2012,WJF,CA,AWP,WE,Federal Contract Tower,0,4,7,0,11,0,2,48,0,50,0,6,55,0,61,0,0,0,61
10/23/2012,WJF,CA,AWP,WE,Federal Contract Tower,0,3,4,4,11,0,2,58,7,67,0,5,62,11,78,22,0,22,100
10/24/2012,WJF,CA,AWP,WE,Federal Contract Tower,0,1,2,0,3,0,1,40,8,49,0,2,42,8,52,20,4,24,76
10/25/2012,WJF,CA,AWP,WE,Federal Contract Tower,0,3,10,2,15,0,6,94,6,106,0,9,104,8,121,66,0,66,187
10/26/2012,WJF,CA,AWP,WE,Federal Contract Tower,0,2,1,1,4,0,10,66,2,78,0,12,67,3,82,54,0,54,136
10/27/2012,WJF,CA,AWP,WE,Federal Contract Tower,0,2,1,0,3,0,2,111,0,113,0,4,112,0,116,106,0,106,222
10/28/2012,WJF,CA,AWP,WE,Federal Contract Tower,0,1,0,0,1,0,1,84,0,85,0,2,84,0,86,70,0,70,156
10/29/2012,WJF,CA,AWP,WE,Federal Contract Tower,0,1,10,3,14,0,5,79,4,88,0,6,89,7,102,66,0,66,168
10/30/2012,WJF,CA,AWP,WE,Federal Contract Tower,0,0,11,3,14,0,2,120,5,127,0,2,131,8,141,66,0,66,207
10/31/2012,WJF,CA,AWP,WE,Federal Contract Tower,0,4,4,0,8,0,7,86,0,93,0,11,90,0,101,125,2,127,228
11/01/2012,WJF,CA,AWP,WE,Federal Contract Tower,0,4,5,4,13,0,2,81,2,85,0,6,86,6,98,40,0,40,138
11/02/2012,WJF,CA,AWP,WE,Federal Contract Tower,0,0,2,3,5,0,2,86,1,89,0,2,88,4,94,104,2,106,200
11/03/2012,WJF,CA,AWP,WE,Federal Contract Tower,0,1,8,0,9,0,2,128,0,130,0,3,136,0,139,80,0,80,219
11/04/2012,WJF,CA,AWP,WE,Federal Contract Tower,0,1,2,0,3,0,0,106,0,106,0,1,108,0,109,58,0,58,167
11/05/2012,WJF,CA,AWP,WE,Federal Contract Tower,0,0,1,0,1,0,2,66,0,68,0,2,67,0,69,20,0,20,89
11/06/2012,WJF,CA,AWP,WE,Federal Contract Tower,0,0,4,1,5,0,8,97,2,107,0,8,101,3,112,132,0,132,244
11/07/2012,WJF,CA,AWP,WE,Federal Contract Tower,0,0,7,0,7,0,4,90,0,94,0,4,97,0,101,60,0,60,161
11/08/2012,WJF,CA,AWP,WE,Federal Contract Tower,0,6,8,0,14,0,1,32,2,35,0,7,40,2,49,2,2,4,53
11/09/2012,WJF,CA,AWP,WE,Federal Contract Tower,0,1,3,0,4,0,4,48,0,52,0,5,51,0,56,32,4,36,92
11/10/2012,WJF,CA,AWP,WE,Federal Contract Tower,0,0,0,0,0,0,2,43,0,45,0,2,43,0,45,20,0,20,65
11/11/2012,WJF,CA,AWP,WE,Federal Contract Tower,0,0,2,0,2,0,0,67,0,67,0,0,69,0,69,48,0,48,117
11/12/2012,WJF,CA,AWP,WE,Federal Contract Tower,0,1,2,0,3,0,5,70,0,75,0,6,72,0,78,104,0,104,182
11/13/2012,WJF,CA,AWP,WE,Federal Contract Tower,0,1,2,1,4,0,3,86,1,90,0,4,88,2,94,120,0,120,214
11/14/2012,WJF,CA,AWP,WE,Federal Contract Tower,0,2,6,0,8,0,3,73,0,76,0,5,79,0,84,46,0,46,130
11/15/2012,WJF,CA,AWP,WE,Federal Contract Tower,0,4,0,0,4,0,0,49,0,49,0,4,49,0,53,108,2,110,163
11/16/2012,WJF,CA,AWP,WE,Federal Contract Tower,0,3,7,0,10,0,3,57,0,60,0,6,64,0,70,64,0,64,134
11/17/2012,WJF,CA,AWP,WE,Federal Contract Tower,0,2,3,0,5,0,0,29,0,29,0,2,32,0,34,54,0,54,88
11/18/2012,WJF,CA,AWP,WE,Federal Contract Tower,0,0,5,0,5,0,0,64,0,64,0,0,69,0,69,40,0,40,109
11/19/2012,WJF,CA,AWP,WE,Federal Contract Tower,0,0,3,3,6,0,2,60,6,68,0,2,63,9,74,64,0,64,138
11/20/2012,WJF,CA,AWP,WE,Federal Contract Tower,0,2,3,0,5,0,7,91,0,98,0,9,94,0,103,112,0,112,215
11/21/2012,WJF,CA,AWP,WE,Federal Contract Tower,0,2,5,0,7,0,4,86,0,90,0,6,91,0,97,44,0,44,141
11/22/2012,WJF,CA,AWP,WE,Federal Contract Tower,0,0,1,0,1,0,0,64,0,64,0,0,65,0,65,38,0,38,103
11/23/2012,WJF,CA,AWP,WE,Federal Contract Tower,0,2,1,0,3,0,2,102,0,104,0,4,103,0,107,66,0,66,173
11/24/2012,WJF,CA,AWP,WE,Federal Contract Tower,0,2,8,0,10,0,9,118,0,127,0,11,126,0,137,114,0,114,251
11/25/2012,WJF,CA,AWP,WE,Federal Contract Tower,0,0,5,0,5,0,0,107,0,107,0,0,112,0,112,55,0,55,167
11/26/2012,WJF,CA,AWP,WE,Federal Contract Tower,0,2,4,0,6,0,3,75,0,78,0,5,79,0,84,42,10,52,136
11/27/2012,WJF,CA,AWP,WE,Federal Contract Tower,0,0,22,0,22,0,2,118,0,120,0,2,140,0,142,78,0,78,220
11/28/2012,WJF,CA,AWP,WE,Federal Contract Tower,0,2,3,0,5,0,13,41,0,54,0,15,44,0,59,10,0,10,69
11/29/2012,WJF,CA,AWP,WE,Federal Contract Tower,0,3,4,2,9,0,3,27,12,42,0,6,31,14,51,40,4,44,95
11/30/2012,WJF,CA,AWP,WE,Federal Contract Tower,0,3,11,0,14,0,6,32,0,38,0,9,43,0,52,280,0,280,332
12/01/2012,WJF,CA,AWP,WE,Federal Contract Tower,0,2,2,0,4,0,2,53,0,55,0,4,55,0,59,102,0,102,161
12/02/2012,WJF,CA,AWP,WE,Federal Contract Tower,0,6,3,0,9,0,4,19,2,25,0,10,22,2,34,14,0,14,48
12/03/2012,WJF,CA,AWP,WE,Federal Contract Tower,0,8,11,1,20,0,3,38,1,42,0,11,49,2,62,37,0,37,99
12/04/2012,WJF,CA,AWP,WE,Federal Contract Tower,0,3,3,0,6,0,7,92,0,99,0,10,95,0,105,158,0,158,263
12/05/2012,WJF,CA,AWP,WE,Federal Contract Tower,0,1,4,5,10,0,2,73,6,81,0,3,77,11,91,32,0,32,123
12/06/2012,WJF,CA,AWP,WE,Federal Contract Tower,0,4,3,1,8,0,6,113,2,121,0,10,116,3,129,122,0,122,251
12/07/2012,WJF,CA,AWP,WE,Federal Contract Tower,0,0,7,0,7,0,2,87,0,89,0,2,94,0,96,128,0,128,224
12/08/2012,WJF,CA,AWP,WE,Federal Contract Tower,0,0,5,0,5,0,2,132,0,134,0,2,137,0,139,77,0,77,216
12/09/2012,WJF,CA,AWP,WE,Federal Contract Tower,0,0,3,0,3,0,0,91,0,91,0,0,94,0,94,107,0,107,201
12/10/2012,WJF,CA,AWP,WE,Federal Contract Tower,0,0,3,0,3,0,2,37,0,39,0,2,40,0,42,24,0,24,66
12/11/2012,WJF,CA,AWP,WE,Federal Contract Tower,0,0,4,3,7,0,2,87,6,95,0,2,91,9,102,72,0,72,174
12/12/2012,WJF,CA,AWP,WE,Federal Contract Tower,0,2,6,0,8,0,3,21,3,27,0,5,27,3,35,10,2,12,47
12/13/2012,WJF,CA,AWP,WE,Federal Contract Tower,0,1,2,0,3,0,0,24,2,26,0,1,26,2,29,42,2,44,73
12/14/2012,WJF,CA,AWP,WE,Federal Contract Tower,0,3,4,1,8,0,1,45,2,48,0,4,49,3,56,26,0,26,82
12/15/2012,WJF,CA,AWP,WE,Federal Contract Tower,0,0,3,0,3,0,2,72,0,74,0,2,75,0,77,66,0,66,143
12/16/2012,WJF,CA,AWP,WE,Federal Contract Tower,0,0,2,0,2,0,0,22,2,24,0,0,24,2,26,22,0,22,48
12/17/2012,WJF,CA,AWP,WE,Federal Contract Tower,0,0,6,3,9,0,1,44,4,49,0,1,50,7,58,24,8,32,90
12/18/2012,WJF,CA,AWP,WE,Federal Contract Tower,0,2,5,5,12,0,5,18,6,29,0,7,23,11,41,6,0,6,47
12/19/2012,WJF,CA,AWP,WE,Federal Contract Tower,0,0,10,5,15,0,4,74,2,80,0,4,84,7,95,46,6,52,147
12/20/2012,WJF,CA,AWP,WE,Federal Contract Tower,0,0,11,3,14,0,4,91,2,97,0,4,102,5,111,78,6,84,195
12/21/2012,WJF,CA,AWP,WE,Federal Contract Tower,0,0,3,0,3,0,6,86,0,92,0,6,89,0,95,118,0,118,213
12/22/2012,WJF,CA,AWP,WE,Federal Contract Tower,0,0,2,0,2,0,2,67,0,69,0,2,69,0,71,42,0,42,113
12/23/2012,WJF,CA,AWP,WE,Federal Contract Tower,0,0,7,0,7,0,0,55,0,55,0,0,62,0,62,16,0,16,78
12/24/2012,WJF,CA,AWP,WE,Federal Contract Tower,0,3,0,0,3,0,9,11,0,20,0,12,11,0,23,4,0,4,27
12/25/2012,WJF,CA,AWP,WE,Federal Contract Tower,0,1,1,0,2,0,2,27,0,29,0,3,28,0,31,18,0,18,49
12/26/2012,WJF,CA,AWP,WE,Federal Contract Tower,0,1,9,0,10,0,1,14,0,15,0,2,23,0,25,16,0,16,41
12/27/2012,WJF,CA,AWP,WE,Federal Contract Tower,0,4,2,0,6,0,10,61,0,71,0,14,63,0,77,30,0,30,107
12/28/2012,WJF,CA,AWP,WE,Federal Contract Tower,0,3,7,0,10,0,5,92,0,97,0,8,99,0,107,65,0,65,172
12/29/2012,WJF,CA,AWP,WE,Federal Contract Tower,0,2,1,0,3,0,0,40,0,40,0,2,41,0,43,60,0,60,103
12/30/2012,WJF,CA,AWP,WE,Federal Contract Tower,0,2,4,0,6,0,2,56,0,58,0,4,60,0,64,66,0,66,130
12/31/2012,WJF,CA,AWP,WE,Federal Contract Tower,0,0,2,0,2,0,2,71,0,73,0,2,73,0,75,86,0,86,161
01/01/2013,WJF,CA,AWP,WE,Federal Contract Tower,0,0,2,0,2,0,0,59,0,59,0,0,61,0,61,88,0,88,149
01/02/2013,WJF,CA,AWP,WE,Federal Contract Tower,0,2,0,0,2,0,5,65,0,70,0,7,65,0,72,58,0,58,130
01/03/2013,WJF,CA,AWP,WE,Federal Contract Tower,1,0,3,0,4,1,4,89,0,94,2,4,92,0,98,70,0,70,168
01/04/2013,WJF,CA,AWP,WE,Federal Contract Tower,0,0,5,0,5,0,1,117,0,118,0,1,122,0,123,136,0,136,259
01/05/2013,WJF,CA,AWP,WE,Federal Contract Tower,0,0,2,0,2,0,2,87,0,89,0,2,89,0,91,177,0,177,268
01/06/2013,WJF,CA,AWP,WE,Federal Contract Tower,0,0,2,0,2,0,0,29,0,29,0,0,31,0,31,2,0,2,33
01/07/2013,WJF,CA,AWP,WE,Federal Contract Tower,0,1,4,0,5,0,3,74,2,79,0,4,78,2,84,42,2,44,128
01/08/2013,WJF,CA,AWP,WE,Federal Contract Tower,0,3,4,1,8,0,4,82,2,88,0,7,86,3,96,57,0,57,153
01/09/2013,WJF,CA,AWP,WE,Federal Contract Tower,0,0,3,0,3,0,2,92,0,94,0,2,95,0,97,54,2,56,153
01/10/2013,WJF,CA,AWP,WE,Federal Contract Tower,0,0,0,0,0,0,2,26,0,28,0,2,26,0,28,0,0,0,28
01/11/2013,WJF,CA,AWP,WE,Federal Contract Tower,0,0,3,0,3,0,3,49,0,52,0,3,52,0,55,56,0,56,111
01/12/2013,WJF,CA,AWP,WE,Federal Contract Tower,0,0,5,0,5,0,2,95,0,97,0,2,100,0,102,95,0,95,197
01/13/2013,WJF,CA,AWP,WE,Federal Contract Tower,0,0,1,0,1,0,0,82,0,82,0,0,83,0,83,114,0,114,197
01/14/2013,WJF,CA,AWP,WE,Federal Contract Tower,0,0,0,1,1,0,2,39,1,42,0,2,39,2,43,26,2,28,71
01/15/2013,WJF,CA,AWP,WE,Federal Contract Tower,0,0,9,2,11,0,2,68,6,76,0,2,77,8,87,73,0,73,160
01/16/2013,WJF,CA,AWP,WE,Federal Contract Tower,0,0,5,1,6,0,2,70,6,78,0,2,75,7,84,44,0,44,128
01/17/2013,WJF,CA,AWP,WE,Federal Contract Tower,0,0,1,1,2,0,2,49,4,55,0,2,50,5,57,55,20,75,132
01/18/2013,WJF,CA,AWP,WE,Federal Contract Tower,0,1,6,1,8,0,2,83,4,89,0,3,89,5,97,69,2,71,168
01/19/2013,WJF,CA,AWP,WE,Federal Contract Tower,0,0,9,0,9,0,2,89,0,91,0,2,98,0,100,146,0,146,246
01/20/2013,WJF,CA,AWP,WE,Federal Contract Tower,0,0,3,0,3,0,0,87,0,87,0,0,90,0,90,155,0,155,245
01/21/2013,WJF,CA,AWP,WE,Federal Contract Tower,0,0,7,0,7,0,5,63,0,68,0,5,70,0,75,74,0,74,149
01/22/2013,WJF,CA,AWP,WE,Federal Contract Tower,0,0,5,2,7,0,3,91,3,97,0,3,96,5,104,78,0,78,182
01/23/2013,WJF,CA,AWP,WE,Federal Contract Tower,0,0,9,0,9,0,2,64,0,66,0,2,73,0,75,67,0,67,142
01/24/2013,WJF,CA,AWP,WE,Federal Contract Tower,0,1,8,2,11,0,1,43,1,45,0,2,51,3,56,66,0,66,122
01/25/2013,WJF,CA,AWP,WE,Federal Contract Tower,0,4,8,0,12,0,0,24,2,26,0,4,32,2,38,34,0,34,72
01/26/2013,WJF,CA,AWP,WE,Federal Contract Tower,0,5,6,0,11,0,4,51,0,55,0,9,57,0,66,101,0,101,167
01/27/2013,WJF,CA,AWP,WE,Federal Contract Tower,0,4,0,0,4,0,2,9,0,11,0,6,9,0,15,26,0,26,41
01/28/2013,WJF,CA,AWP,WE,Federal Contract Tower,0,4,0,2,6,0,3,33,2,38,0,7,33,4,44,34,0,34,78
01/29/2013,WJF,CA,AWP,WE,Federal Contract Tower,0,0,1,5,6,0,2,56,2,60,0,2,57,7,66,46,4,50,116
01/30/2013,WJF,CA,AWP,WE,Federal Contract Tower,0,2,9,0,11,0,2,110,0,112,0,4,119,0,123,68,0,68,191
01/31/2013,WJF,CA,AWP,WE,Federal Contract Tower,0,1,4,0,5,0,2,111,0,113,0,3,115,0,118,54,0,54,172
02/01/2013,WJF,CA,AWP,WE,Federal Contract Tower,0,1,3,1,5,0,3,91,1,95,0,4,94,2,100,110,0,110,210
02/02/2013,WJF,CA,AWP,WE,Federal Contract Tower,0,0,7,0,7,0,2,114,0,116,0,2,121,0,123,86,0,86,209
02/03/2013,WJF,CA,AWP,WE,Federal Contract Tower,0,0,1,0,1,0,0,93,0,93,0,0,94,0,94,70,0,70,164
02/04/2013,WJF,CA,AWP,WE,Federal Contract Tower,0,1,4,0,5,0,3,77,0,80,0,4,81,0,85,110,0,110,195
02/05/2013,WJF,CA,AWP,WE,Federal Contract Tower,0,0,7,2,9,0,2,71,4,77,0,2,78,6,86,80,0,80,166
02/06/2013,WJF,CA,AWP,WE,Federal Contract Tower,0,0,6,2,8,0,2,77,5,84,0,2,83,7,92,28,0,28,120
02/07/2013,WJF,CA,AWP,WE,Federal Contract Tower,0,1,7,2,10,0,1,62,6,69,0,2,69,8,79,50,0,50,129
02/08/2013,WJF,CA,AWP,WE,Federal Contract Tower,0,1,5,0,6,0,1,11,0,12,0,2,16,0,18,0,0,0,18
02/09/2013,WJF,CA,AWP,WE,Federal Contract Tower,0,0,5,0,5,0,2,56,0,58,0,2,61,0,63,67,0,67,130
02/10/2013,WJF,CA,AWP,WE,Federal Contract Tower,0,0,3,0,3,0,0,91,0,91,0,0,94,0,94,114,0,114,208
02/11/2013,WJF,CA,AWP,WE,Federal Contract Tower,0,0,5,1,6,0,2,67,0,69,0,2,72,1,75,43,0,43,118
02/12/2013,WJF,CA,AWP,WE,Federal Contract Tower,0,0,7,0,7,0,2,92,2,96,0,2,99,2,103,68,0,68,171
02/13/2013,WJF,CA,AWP,WE,Federal Contract Tower,0,0,5,0,5,0,3,58,0,61,0,3,63,0,66,78,0,78,144
02/14/2013,WJF,CA,AWP,WE,Federal Contract Tower,0,1,2,0,3,0,3,59,0,62,0,4,61,0,65,95,0,95,160
02/15/2013,WJF,CA,AWP,WE,Federal Contract Tower,0,4,2,0,6,0,4,76,0,80,0,8,78,0,86,90,0,90,176
02/16/2013,WJF,CA,AWP,WE,Federal Contract Tower,0,3,1,0,4,0,1,107,0,108,0,4,108,0,112,114,0,114,226
02/17/2013,WJF,CA,AWP,WE,Federal Contract Tower,0,0,6,0,6,0,0,74,0,74,0,0,80,0,80,42,0,42,122
02/18/2013,WJF,CA,AWP,WE,Federal Contract Tower,0,0,8,0,8,0,2,89,0,91,0,2,97,0,99,80,0,80,179
02/19/2013,WJF,CA,AWP,WE,Federal Contract Tower,0,6,2,0,8,0,7,14,0,21,0,13,16,0,29,0,0,0,29
02/20/2013,WJF,CA,AWP,WE,Federal Contract Tower,0,0,0,0,0,0,2,7,0,9,0,2,7,0,9,0,0,0,9
02/21/2013,WJF,CA,AWP,WE,Federal Contract Tower,0,0,9,4,13,0,0,0,0,0,0,0,9,4,13,14,0,14,27
02/22/2013,WJF,CA,AWP,WE,Federal Contract Tower,0,0,6,0,6,0,2,66,2,70,0,2,72,2,76,70,8,78,154
02/23/2013,WJF,CA,AWP,WE,Federal Contract Tower,0,0,4,0,4,0,2,32,0,34,0,2,36,0,38,6,0,6,44
02/24/2013,WJF,CA,AWP,WE,Federal Contract Tower,0,0,3,0,3,0,0,44,0,44,0,0,47,0,47,38,0,38,85
02/25/2013,WJF,CA,AWP,WE,Federal Contract Tower,0,0,6,2,8,0,2,46,6,54,0,2,52,8,62,63,26,89,151
02/26/2013,WJF,CA,AWP,WE,Federal Contract Tower,0,0,8,4,12,0,2,62,8,72,0,2,70,12,84,27,6,33,117
02/27/2013,WJF,CA,AWP,WE,Federal Contract Tower,0,0,4,4,8,0,2,73,10,85,0,2,77,14,93,62,6,68,161
02/28/2013,WJF,CA,AWP,WE,Federal Contract Tower,0,0,7,0,7,0,2,82,0,84,0,2,89,0,91,134,0,134,225
03/01/2013,WJF,CA,AWP,WE,Federal Contract Tower,0,1,2,0,3,0,4,88,0,92,0,5,90,0,95,42,0,42,137
03/02/2013,WJF,CA,AWP,WE,Federal Contract Tower,0,0,2,0,2,0,2,123,0,125,0,2,125,0,127,102,0,102,229
03/03/2013,WJF,CA,AWP,WE,Federal Contract Tower,0,0,1,0,1,0,0,73,0,73,0,0,74,0,74,50,0,50,124
03/04/2013,WJF,CA,AWP,WE,Federal Contract Tower,0,0,4,0,4,0,2,72,0,74,0,2,76,0,78,44,2,46,124
03/05/2013,WJF,CA,AWP,WE,Federal Contract Tower,0,0,8,0,8,0,2,59,2,63,0,2,67,2,71,16,6,22,93
03/06/2013,WJF,CA,AWP,WE,Federal Contract Tower,0,0,5,1,6,0,1,28,0,29,0,1,33,1,35,27,0,27,62
03/07/2013,WJF,CA,AWP,WE,Federal Contract Tower,0,0,8,0,8,0,2,52,0,54,0,2,60,0,62,24,0,24,86
03/08/2013,WJF,CA,AWP,WE,Federal Contract Tower,0,1,0,0,1,0,6,20,0,26,0,7,20,0,27,8,0,8,35
03/09/2013,WJF,CA,AWP,WE,Federal Contract Tower,0,2,5,2,9,0,2,50,4,56,0,4,55,6,65,96,2,98,163
03/10/2013,WJF,CA,AWP,WE,Federal Contract Tower,0,0,4,0,4,0,1,112,2,115,0,1,116,2,119,158,0,158,277
03/11/2013,WJF,CA,AWP,WE,Federal Contract Tower,0,0,5,2,7,0,2,87,8,97,0,2,92,10,104,64,0,64,168
03/12/2013,WJF,CA,AWP,WE,Federal Contract Tower,0,1,1,1,3,0,3,115,6,124,0,4,116,7,127,80,0,80,207
03/13/2013,WJF,CA,AWP,WE,Federal Contract Tower,0,0,10,1,11,0,4,105,0,109,0,4,115,1,120,80,0,80,200
03/14/2013,WJF,CA,AWP,WE,Federal Contract Tower,0,1,10,0,11,0,4,88,0,92,0,5,98,0,103,28,0,28,131
03/15/2013,WJF,CA,AWP,WE,Federal Contract Tower,0,5,3,0,8,0,0,0,0,0,0,5,3,0,8,70,0,70,78
03/16/2013,WJF,CA,AWP,WE,Federal Contract Tower,0,2,7,0,9,0,3,57,0,60,0,5,64,0,69,12,0,12,81
03/17/2013,WJF,CA,AWP,WE,Federal Contract Tower,0,0,3,0,3,0,0,43,0,43,0,0,46,0,46,30,0,30,76
03/18/2013,WJF,CA,AWP,WE,Federal Contract Tower,0,0,6,2,8,0,2,68,0,70,0,2,74,2,78,94,0,94,172
03/19/2013,WJF,CA,AWP,WE,Federal Contract Tower,0,1,9,1,11,0,2,50,2,54,0,3,59,3,65,22,0,22,87
03/20/2013,WJF,CA,AWP,WE,Federal Contract Tower,0,2,1,0,3,0,2,42,0,44,0,4,43,0,47,66,0,66,113
03/21/2013,WJF,CA,AWP,WE,Federal Contract Tower,0,0,4,1,5,0,2,47,0,49,0,2,51,1,54,6,0,6,60
03/22/2013,WJF,CA,AWP,WE,Federal Contract Tower,0,0,3,0,3,0,11,80,0,91,0,11,83,0,94,93,0,93,187
03/23/2013,WJF,CA,AWP,WE,Federal Contract Tower,0,0,5,0,5,0,1,94,0,95,0,1,99,0,100,168,0,168,268
03/24/2013,WJF,CA,AWP,WE,Federal Contract Tower,0,0,3,0,3,0,0,164,0,164,0,0,167,0,167,60,0,60,227
03/25/2013,WJF,CA,AWP,WE,Federal Contract Tower,0,0,2,0,2,0,2,58,0,60,0,2,60,0,62,18,0,18,80
03/26/2013,WJF,CA,AWP,WE,Federal Contract Tower,0,0,6,0,6,0,2,71,0,73,0,2,77,0,79,76,0,76,155
03/27/2013,WJF,CA,AWP,WE,Federal Contract Tower,0,2,2,1,5,0,4,80,2,86,0,6,82,3,91,72,2,74,165
03/28/2013,WJF,CA,AWP,WE,Federal Contract Tower,0,0,3,3,6,0,2,99,3,104,0,2,102,6,110,134,0,134,244
03/29/2013,WJF,CA,AWP,WE,Federal Contract Tower,0,0,1,0,1,0,5,131,4,140,0,5,132,4,141,150,8,158,299
03/30/2013,WJF,CA,AWP,WE,Federal Contract Tower,0,0,7,0,7,0,0,113,0,113,0,0,120,0,120,62,0,62,182
03/31/2013,WJF,CA,AWP,WE,Federal Contract Tower,0,0,3,0,3,0,0,49,0,49,0,0,52,0,52,38,0,38,90
04/01/2013,WJF,CA,AWP,WE,Federal Contract Tower,0,0,4,0,4,0,2,35,0,37,0,2,39,0,41,20,0,20,61
04/02/2013,WJF,CA,AWP,WE,Federal Contract Tower,0,0,4,0,4,0,2,73,2,77,0,2,77,2,81,107,0,107,188
04/03/2013,WJF,CA,AWP,WE,Federal Contract Tower,0,0,2,0,2,0,2,93,0,95,0,2,95,0,97,100,0,100,197
04/04/2013,WJF,CA,AWP,WE,Federal Contract Tower,0,0,2,3,5,0,4,75,6,85,0,4,77,9,90,36,4,40,130
04/05/2013,WJF,CA,AWP,WE,Federal Contract Tower,0,1,4,3,8,0,15,38,2,55,0,16,42,5,63,12,0,12,75
04/06/2013,WJF,CA,AWP,WE,Federal Contract Tower,0,0,1,0,1,0,4,25,0,29,0,4,26,0,30,16,0,16,46
04/07/2013,WJF,CA,AWP,WE,Federal Contract Tower,0,0,4,0,4,0,8,20,0,28,0,8,24,0,32,50,0,50,82
04/08/2013,WJF,CA,AWP,WE,Federal Contract Tower,0,0,0,0,0,0,0,4,0,4,0,0,4,0,4,0,0,0,4
04/09/2013,WJF,CA,AWP,WE,Federal Contract Tower,0,0,2,3,5,0,4,63,7,74,0,4,65,10,79,28,2,30,109
04/10/2013,WJF,CA,AWP,WE,Federal Contract Tower,0,0,3,0,3,0,4,83,0,87,0,4,86,0,90,70,0,70,160
04/11/2013,WJF,CA,AWP,WE,Federal Contract Tower,0,0,1,0,1,0,4,41,0,45,0,4,42,0,46,6,0,6,52
04/12/2013,WJF,CA,AWP,WE,Federal Contract Tower,0,1,1,0,2,0,11,61,0,72,0,12,62,0,74,72,0,72,146
04/13/2013,WJF,CA,AWP,WE,Federal Contract Tower,0,0,4,0,4,0,8,86,0,94,0,8,90,0,98,132,0,132,230
04/14/2013,WJF,CA,AWP,WE,Federal Contract Tower,0,0,2,0,2,0,2,38,0,40,0,2,40,0,42,42,0,42,84
04/15/2013,WJF,CA,AWP,WE,Federal Contract Tower,0,5,4,0,9,0,6,13,0,19,0,11,17,0,28,10,0,10,38
04/16/2013,WJF,CA,AWP,WE,Federal Contract Tower,0,0,0,0,0,0,0,33,0,33,0,0,33,0,33,6,0,6,39
04/17/2013,WJF,CA,AWP,WE,Federal Contract Tower,0,2,4,0,6,0,10,60,0,70,0,12,64,0,76,14,2,16,92
04/18/2013,WJF,CA,AWP,WE,Federal Contract Tower,0,0,4,0,4,0,4,92,0,96,0,4,96,0,100,118,0,118,218
04/19/2013,WJF,CA,AWP,WE,Federal Contract Tower,0,2,6,1,9,0,10,113,1,124,0,12,119,2,133,95,2,97,230
04/20/2013,WJF,CA,AWP,WE,Federal Contract Tower,0,1,5,0,6,0,0,135,0,135,0,1,140,0,141,206,0,206,347
04/21/2013,WJF,CA,AWP,WE,Federal Contract Tower,0,0,6,0,6,0,0,122,0,122,0,0,128,0,128,198,0,198,326
04/22/2013,WJF,CA,AWP,WE,Federal Contract Tower,0,3,3,2,8,0,10,62,4,76,0,13,65,6,84,32,0,32,116
04/23/2013,WJF,CA,AWP,WE,Federal Contract Tower,0,2,4,5,11,0,4,59,5,68,0,6,63,10,79,14,0,14,93
04/24/2013,WJF,CA,AWP,WE,Federal Contract Tower,0,1,4,0,5,0,6,52,2,60,0,7,56,2,65,16,0,16,81
04/25/2013,WJF,CA,AWP,WE,Federal Contract Tower,0,3,2,4,9,0,12,65,4,81,0,15,67,8,90,72,0,72,162
04/26/2013,WJF,CA,AWP,WE,Federal Contract Tower,0,3,4,2,9,0,5,111,0,116,0,8,115,2,125,77,0,77,202
04/27/2013,WJF,CA,AWP,WE,Federal Contract Tower,0,0,5,0,5,0,2,132,2,136,0,2,137,2,141,150,0,150,291
04/28/2013,WJF,CA,AWP,WE,Federal Contract Tower,0,0,4,0,4,0,2,93,0,95,0,2,97,0,99,82,0,82,181
04/29/2013,WJF,CA,AWP,WE,Federal Contract Tower,0,0,4,4,8,0,4,59,3,66,0,4,63,7,74,68,0,68,142
04/30/2013,WJF,CA,AWP,WE,Federal Contract Tower,0,0,4,4,8,0,2,67,10,79,0,2,71,14,87,20,0,20,107
05/01/2013,WJF,CA,AWP,WE,Federal Contract Tower,0,2,3,2,7,0,5,45,1,51,0,7,48,3,58,88,0,88,146
05/02/2013,WJF,CA,AWP,WE,Federal Contract Tower,0,3,6,1,10,0,9,106,3,118,0,12,112,4,128,18,0,18,146
05/03/2013,WJF,CA,AWP,WE,Federal Contract Tower,0,1,7,0,8,0,3,154,0,157,0,4,161,0,165,48,0,48,213
05/04/2013,WJF,CA,AWP,WE,Federal Contract Tower,0,0,1,0,1,0,4,85,0,89,0,4,86,0,90,48,0,48,138
05/05/2013,WJF,CA,AWP,WE,Federal Contract Tower,0,0,5,0,5,0,0,36,0,36,0,0,41,0,41,30,0,30,71
05/06/2013,WJF,CA,AWP,WE,Federal Contract Tower,0,0,2,0,2,0,2,14,0,16,0,2,16,0,18,2,0,2,20
05/07/2013,WJF,CA,AWP,WE,Federal Contract Tower,0,1,1,2,4,0,2,56,2,60,0,3,57,4,64,106,0,106,170
05/08/2013,WJF,CA,AWP,WE,Federal Contract Tower,0,2,2,0,4,0,3,62,0,65,0,5,64,0,69,127,0,127,196
05/09/2013,WJF,CA,AWP,WE,Federal Contract Tower,0,0,5,4,9,0,2,57,6,65,0,2,62,10,74,14,6,20,94
05/10/2013,WJF,CA,AWP,WE,Federal Contract Tower,0,1,4,2,7,0,3,119,2,124,0,4,123,4,131,132,6,138,269
05/11/2013,WJF,CA,AWP,WE,Federal Contract Tower,0,0,0,0,0,0,2,110,0,112,0,2,110,0,112,108,0,108,220
05/12/2013,WJF,CA,AWP,WE,Federal Contract Tower,0,0,3,0,3,0,0,73,0,73,0,0,76,0,76,70,0,70,146
05/13/2013,WJF,CA,AWP,WE,Federal Contract Tower,0,1,8,0,9,0,3,90,0,93,0,4,98,0,102,46,0,46,148
05/14/2013,WJF,CA,AWP,WE,Federal Contract Tower,0,0,7,4,11,0,2,86,8,96,0,2,93,12,107,88,0,88,195
05/15/2013,WJF,CA,AWP,WE,Federal Contract Tower,0,0,0,0,0,0,2,192,0,194,0,2,192,0,194,84,0,84,278
05/16/2013,WJF,CA,AWP,WE,Federal Contract Tower,0,0,3,3,6,0,2,231,3,236,0,2,234,6,242,0,0,0,242
05/17/2013,WJF,CA,AWP,WE,Federal Contract Tower,0,7,2,0,9,0,10,68,0,78,0,17,70,0,87,54,0,54,141
05/18/2013,WJF,CA,AWP,WE,Federal Contract Tower,0,0,0,0,0,0,4,72,0,76,0,4,72,0,76,70,0,70,146
05/19/2013,WJF,CA,AWP,WE,Federal Contract Tower,0,0,2,0,2,0,2,105,0,107,0,2,107,0,109,112,0,112,221
05/20/2013,WJF,CA,AWP,WE,Federal Contract Tower,0,1,6,4,11,0,3,68,6,77,0,4,74,10,88,66,6,72,160
05/21/2013,WJF,CA,AWP,WE,Federal Contract Tower,0,0,6,4,10,0,2,79,4,85,0,2,85,8,95,86,0,86,181
05/22/2013,WJF,CA,AWP,WE,Federal Contract Tower,0,0,3,2,5,0,2,51,2,55,0,2,54,4,60,28,0,28,88
05/23/2013,WJF,CA,AWP,WE,Federal Contract Tower,0,0,7,1,8,0,2,63,1,66,0,2,70,2,74,24,0,24,98
05/24/2013,WJF,CA,AWP,WE,Federal Contract Tower,0,1,5,0,6,0,5,116,0,121,0,6,121,0,127,102,0,102,229
05/25/2013,WJF,CA,AWP,WE,Federal Contract Tower,0,0,2,0,2,0,2,67,0,69,0,2,69,0,71,64,0,64,135
05/26/2013,WJF,CA,AWP,WE,Federal Contract Tower,0,0,2,0,2,0,0,39,0,39,0,0,41,0,41,12,0,12,53
05/27/2013,WJF,CA,AWP,WE,Federal Contract Tower,0,2,2,0,4,0,2,55,0,57,0,4,57,0,61,12,0,12,73
05/28/2013,WJF,CA,AWP,WE,Federal Contract Tower,0,0,1,0,1,0,1,20,0,21,0,1,21,0,22,10,0,10,32
05/29/2013,WJF,CA,AWP,WE,Federal Contract Tower,0,0,4,1,5,0,2,28,1,31,0,2,32,2,36,12,0,12,48
05/30/2013,WJF,CA,AWP,WE,Federal Contract Tower,0,0,3,1,4,0,4,172,4,180,0,4,175,5,184,46,0,46,230
05/31/2013,WJF,CA,AWP,WE,Federal Contract Tower,0,0,9,0,9,0,2,363,0,365,0,2,372,0,374,16,0,16,390
06/01/2013,WJF,CA,AWP,WE,Federal Contract Tower,0,1,1,0,2,0,1,273,0,274,0,2,274,0,276,90,0,90,366
06/02/2013,WJF,CA,AWP,WE,Federal Contract Tower,0,0,4,0,4,0,0,332,0,332,0,0,336,0,336,58,2,60,396
06/03/2013,WJF,CA,AWP,WE,Federal Contract Tower,0,2,2,0,4,0,6,164,0,170,0,8,166,0,174,12,0,12,186
06/04/2013,WJF,CA,AWP,WE,Federal Contract Tower,0,1,3,0,4,0,3,96,0,99,0,4,99,0,103,40,0,40,143
06/05/2013,WJF,CA,AWP,WE,Federal Contract Tower,0,0,4,0,4,0,2,111,0,113,0,2,115,0,117,74,0,74,191
06/06/2013,WJF,CA,AWP,WE,Federal Contract Tower,0,0,2,1,3,0,2,109,1,112,0,2,111,2,115,40,0,40,155
06/07/2013,WJF,CA,AWP,WE,Federal Contract Tower,0,1,4,0,5,0,3,88,0,91,0,4,92,0,96,80,0,80,176
06/08/2013,WJF,CA,AWP,WE,Federal Contract Tower,0,0,4,0,4,0,2,84,0,86,0,2,88,0,90,114,0,114,204
06/09/2013,WJF,CA,AWP,WE,Federal Contract Tower,0,0,4,0,4,0,0,89,0,89,0,0,93,0,93,56,0,56,149
06/10/2013,WJF,CA,AWP,WE,Federal Contract Tower,0,1,5,0,6,0,3,65,0,68,0,4,70,0,74,24,0,24,98
06/11/2013,WJF,CA,AWP,WE,Federal Contract Tower,0,1,6,0,7,0,3,66,0,69,0,4,72,0,76,10,0,10,86
06/12/2013,WJF,CA,AWP,WE,Federal Contract Tower,0,2,4,0,6,0,6,62,0,68,0,8,66,0,74,46,0,46,120
06/13/2013,WJF,CA,AWP,WE,Federal Contract Tower,0,1,1,0,2,0,3,57,0,60,0,4,58,0,62,32,0,32,94
06/14/2013,WJF,CA,AWP,WE,Federal Contract Tower,0,0,3,0,3,0,4,61,0,65,0,4,64,0,68,54,0,54,122
06/15/2013,WJF,CA,AWP,WE,Federal Contract Tower,0,0,5,0,5,0,2,76,0,78,0,2,81,0,83,52,0,52,135
06/16/2013,WJF,CA,AWP,WE,Federal Contract Tower,0,0,2,0,2,0,0,84,0,84,0,0,86,0,86,72,0,72,158
06/17/2013,WJF,CA,AWP,WE,Federal Contract Tower,0,0,3,0,3,0,2,45,0,47,0,2,48,0,50,22,0,22,72
06/18/2013,WJF,CA,AWP,WE,Federal Contract Tower,0,0,1,1,2,0,2,37,0,39,0,2,38,1,41,28,0,28,69
06/19/2013,WJF,CA,AWP,WE,Federal Contract Tower,0,0,0,8,8,0,2,41,4,47,0,2,41,12,55,0,0,0,55
06/20/2013,WJF,CA,AWP,WE,Federal Contract Tower,0,0,9,0,9,0,2,60,0,62,0,2,69,0,71,70,0,70,141
06/21/2013,WJF,CA,AWP,WE,Federal Contract Tower,0,2,7,0,9,0,0,94,0,94,0,2,101,0,103,32,2,34,137
06/22/2013,WJF,CA,AWP,WE,Federal Contract Tower,0,0,1,0,1,0,2,87,0,89,0,2,88,0,90,56,0,56,146
06/23/2013,WJF,CA,AWP,WE,Federal Contract Tower,0,0,1,0,1,0,0,55,0,55,0,0,56,0,56,29,0,29,85
06/24/2013,WJF,CA,AWP,WE,Federal Contract Tower,0,0,3,2,5,0,2,45,0,47,0,2,48,2,52,16,0,16,68
06/25/2013,WJF,CA,AWP,WE,Federal Contract Tower,0,0,9,10,19,0,2,32,4,38,0,2,41,14,57,10,0,10,67
06/26/2013,WJF,CA,AWP,WE,Federal Contract Tower,0,3,1,0,4,0,3,70,0,73,0,6,71,0,77,42,0,42,119
06/27/2013,WJF,CA,AWP,WE,Federal Contract Tower,0,0,8,8,16,0,2,71,0,73,0,2,79,8,89,26,0,26,115
06/28/2013,WJF,CA,AWP,WE,Federal Contract Tower,0,0,2,2,4,0,2,68,2,72,0,2,70,4,76,48,4,52,128
06/29/2013,WJF,CA,AWP,WE,Federal Contract Tower,0,0,0,0,0,0,5,104,0,109,0,5,104,0,109,16,0,16,125
06/30/2013,WJF,CA,AWP,WE,Federal Contract Tower,0,0,5,0,5,0,0,81,0,81,0,0,86,0,86,50,0,50,136
07/01/2013,WJF,CA,AWP,WE,Federal Contract Tower,0,0,2,4,6,0,2,50,0,52,0,2,52,4,58,56,0,56,114
07/02/2013,WJF,CA,AWP,WE,Federal Contract Tower,0,0,4,5,9,0,2,55,6,63,0,2,59,11,72,18,0,18,90
07/03/2013,WJF,CA,AWP,WE,Federal Contract Tower,0,0,6,0,6,0,2,75,0,77,0,2,81,0,83,28,0,28,111
07/04/2013,WJF,CA,AWP,WE,Federal Contract Tower,0,0,1,0,1,0,0,94,0,94,0,0,95,0,95,20,0,20,115
07/05/2013,WJF,CA,AWP,WE,Federal Contract Tower,0,0,0,0,0,0,2,46,0,48,0,2,46,0,48,0,0,0,48
07/06/2013,WJF,CA,AWP,WE,Federal Contract Tower,0,0,4,0,4,0,2,105,0,107,0,2,109,0,111,82,0,82,193
07/07/2013,WJF,CA,AWP,WE,Federal Contract Tower,0,0,2,0,2,0,0,99,0,99,0,0,101,0,101,80,0,80,181
07/08/2013,WJF,CA,AWP,WE,Federal Contract Tower,0,0,11,0,11,0,2,61,0,63,0,2,72,0,74,38,0,38,112
07/09/2013,WJF,CA,AWP,WE,Federal Contract Tower,0,0,13,0,13,0,2,79,0,81,0,2,92,0,94,12,0,12,106
07/10/2013,WJF,CA,AWP,WE,Federal Contract Tower,0,0,8,2,10,0,2,73,0,75,0,2,81,2,85,30,0,30,115
07/11/2013,WJF,CA,AWP,WE,Federal Contract Tower,0,0,0,0,0,0,0,64,6,70,0,0,64,6,70,60,0,60,130
07/12/2013,WJF,CA,AWP,WE,Federal Contract Tower,0,3,5,0,8,0,6,63,0,69,0,9,68,0,77,22,0,22,99
07/13/2013,WJF,CA,AWP,WE,Federal Contract Tower,0,0,3,0,3,0,2,118,0,120,0,2,121,0,123,132,0,132,255
07/14/2013,WJF,CA,AWP,WE,Federal Contract Tower,0,0,2,0,2,0,0,89,0,89,0,0,91,0,91,56,0,56,147
07/15/2013,WJF,CA,AWP,WE,Federal Contract Tower,0,0,0,0,0,0,2,39,0,41,0,2,39,0,41,22,0,22,63
07/16/2013,WJF,CA,AWP,WE,Federal Contract Tower,0,0,6,3,9,0,2,60,2,64,0,2,66,5,73,18,0,18,91
07/17/2013,WJF,CA,AWP,WE,Federal Contract Tower,0,1,2,3,6,0,4,63,1,68,0,5,65,4,74,70,0,70,144
07/18/2013,WJF,CA,AWP,WE,Federal Contract Tower,0,0,11,7,18,0,2,76,0,78,0,2,87,7,96,80,4,84,180
07/19/2013,WJF,CA,AWP,WE,Federal Contract Tower,0,1,1,0,2,0,4,97,0,101,0,5,98,0,103,118,0,118,221
07/20/2013,WJF,CA,AWP,WE,Federal Contract Tower,0,1,2,0,3,0,3,68,0,71,0,4,70,0,74,93,0,93,167
07/21/2013,WJF,CA,AWP,WE,Federal Contract Tower,0,0,2,0,2,0,0,77,0,77,0,0,79,0,79,66,0,66,145
07/22/2013,WJF,CA,AWP,WE,Federal Contract Tower,0,1,4,6,11,0,3,47,0,50,0,4,51,6,61,62,0,62,123
07/23/2013,WJF,CA,AWP,WE,Federal Contract Tower,0,0,6,4,10,0,2,118,10,130,0,2,124,14,140,81,0,81,221
07/24/2013,WJF,CA,AWP,WE,Federal Contract Tower,0,0,1,0,1,0,2,79,0,81,0,2,80,0,82,60,0,60,142
07/25/2013,WJF,CA,AWP,WE,Federal Contract Tower,0,0,4,1,5,0,0,70,1,71,0,0,74,2,76,66,0,66,142
07/26/2013,WJF,CA,AWP,WE,Federal Contract Tower,0,3,0,0,3,0,0,61,0,61,0,3,61,0,64,51,0,51,115
07/27/2013,WJF,CA,AWP,WE,Federal Contract Tower,0,1,3,0,4,0,1,71,0,72,0,2,74,0,76,114,0,114,190
07/28/2013,WJF,CA,AWP,WE,Federal Contract Tower,0,0,3,0,3,0,0,94,0,94,0,0,97,0,97,76,0,76,173
07/29/2013,WJF,CA,AWP,WE,Federal Contract Tower,0,2,3,0,5,0,4,39,0,43,0,6,42,0,48,36,0,36,84
07/30/2013,WJF,CA,AWP,WE,Federal Contract Tower,0,1,8,0,9,0,3,82,0,85,0,4,90,0,94,126,0,126,220
07/31/2013,WJF,CA,AWP,WE,Federal Contract Tower,0,1,3,2,6,0,5,81,4,90,0,6,84,6,96,74,0,74,170
08/01/2013,WJF,CA,AWP,WE,Federal Contract Tower,0,0,4,3,7,0,2,84,7,93,0,2,88,10,100,68,22,90,190
08/02/2013,WJF,CA,AWP,WE,Federal Contract Tower,0,0,2,0,2,0,2,124,0,126,0,2,126,0,128,144,0,144,272
08/03/2013,WJF,CA,AWP,WE,Federal Contract Tower,0,0,4,0,4,0,2,113,4,119,0,2,117,4,123,136,10,146,269
08/04/2013,WJF,CA,AWP,WE,Federal Contract Tower,0,0,4,0,4,0,0,90,0,90,0,0,94,0,94,86,0,86,180
08/05/2013,WJF,CA,AWP,WE,Federal Contract Tower,0,0,4,0,4,0,2,39,0,41,0,2,43,0,45,6,0,6,51
08/06/2013,WJF,CA,AWP,WE,Federal Contract Tower,0,0,8,2,10,0,0,68,0,68,0,0,76,2,78,64,0,64,142
08/07/2013,WJF,CA,AWP,WE,Federal Contract Tower,0,0,10,2,12,0,2,89,0,91,0,2,99,2,103,72,2,74,177
08/08/2013,WJF,CA,AWP,WE,Federal Contract Tower,0,0,4,2,6,0,0,82,0,82,0,0,86,2,88,86,0,86,174
08/09/2013,WJF,CA,AWP,WE,Federal Contract Tower,0,0,5,0,5,0,2,111,0,113,0,2,116,0,118,32,0,32,150
08/10/2013,WJF,CA,AWP,WE,Federal Contract Tower,0,1,7,0,8,0,4,125,0,129,0,5,132,0,137,224,0,224,361
08/11/2013,WJF,CA,AWP,WE,Federal Contract Tower,0,0,0,0,0,0,0,95,0,95,0,0,95,0,95,58,0,58,153
08/12/2013,WJF,CA,AWP,WE,Federal Contract Tower,0,0,6,0,6,0,2,68,0,70,0,2,74,0,76,22,0,22,98
08/13/2013,WJF,CA,AWP,WE,Federal Contract Tower,0,0,18,7,25,0,3,51,3,57,0,3,69,10,82,32,4,36,118
08/14/2013,WJF,CA,AWP,WE,Federal Contract Tower,0,0,3,3,6,0,4,72,8,84,0,4,75,11,90,64,12,76,166
08/15/2013,WJF,CA,AWP,WE,Federal Contract Tower,0,0,9,2,11,0,2,68,2,72,0,2,77,4,83,64,8,72,155
08/16/2013,WJF,CA,AWP,WE,Federal Contract Tower,0,3,12,0,15,0,4,87,0,91,0,7,99,0,106,60,0,60,166
08/17/2013,WJF,CA,AWP,WE,Federal Contract Tower,0,0,5,0,5,0,2,100,0,102,0,2,105,0,107,64,0,64,171
08/18/2013,WJF,CA,AWP,WE,Federal Contract Tower,0,0,2,0,2,0,0,51,0,51,0,0,53,0,53,70,0,70,123
08/19/2013,WJF,CA,AWP,WE,Federal Contract Tower,0,0,7,4,11,0,2,41,0,43,0,2,48,4,54,2,0,2,56
08/20/2013,WJF,CA,AWP,WE,Federal Contract Tower,0,0,4,2,6,0,2,68,0,70,0,2,72,2,76,52,0,52,128
08/21/2013,WJF,CA,AWP,WE,Federal Contract Tower,0,0,8,2,10,0,2,74,2,78,0,2,82,4,88,30,6,36,124
08/22/2013,WJF,CA,AWP,WE,Federal Contract Tower,0,0,5,0,5,0,2,78,0,80,0,2,83,0,85,50,0,50,135
08/23/2013,WJF,CA,AWP,WE,Federal Contract Tower,0,0,8,0,8,0,2,54,0,56,0,2,62,0,64,70,0,70,134
08/24/2013,WJF,CA,AWP,WE,Federal Contract Tower,0,0,5,0,5,0,2,89,8,99,0,2,94,8,104,56,4,60,164
08/25/2013,WJF,CA,AWP,WE,Federal Contract Tower,0,0,7,0,7,0,0,93,0,93,0,0,100,0,100,70,0,70,170
08/26/2013,WJF,CA,AWP,WE,Federal Contract Tower,0,1,13,0,14,0,0,82,0,82,0,1,95,0,96,38,0,38,134
08/27/2013,WJF,CA,AWP,WE,Federal Contract Tower,0,0,7,0,7,0,2,45,0,47,0,2,52,0,54,40,0,40,94
08/28/2013,WJF,CA,AWP,WE,Federal Contract Tower,0,0,2,0,2,0,2,68,3,73,0,2,70,3,75,74,0,74,149
08/29/2013,WJF,CA,AWP,WE,Federal Contract Tower,0,0,4,1,5,0,2,50,1,53,0,2,54,2,58,40,0,40,98
08/30/2013,WJF,CA,AWP,WE,Federal Contract Tower,0,0,7,0,7,0,2,74,0,76,0,2,81,0,83,110,0,110,193
08/31/2013,WJF,CA,AWP,WE,Federal Contract Tower,0,0,7,0,7,0,2,67,0,69,0,2,74,0,76,18,0,18,94
09/01/2013,WJF,CA,AWP,WE,Federal Contract Tower,0,0,1,0,1,0,0,50,0,50,0,0,51,0,51,2,0,2,53
09/02/2013,WJF,CA,AWP,WE,Federal Contract Tower,0,0,7,0,7,0,0,0,0,0,0,0,7,0,7,44,0,44,51
09/03/2013,WJF,CA,AWP,WE,Federal Contract Tower,0,0,3,0,3,0,2,65,0,67,0,2,68,0,70,4,0,4,74
09/04/2013,WJF,CA,AWP,WE,Federal Contract Tower,0,0,6,0,6,0,2,49,0,51,0,2,55,0,57,8,0,8,65
09/05/2013,WJF,CA,AWP,WE,Federal Contract Tower,0,0,9,2,11,0,2,79,0,81,0,2,88,2,92,60,0,60,152
09/06/2013,WJF,CA,AWP,WE,Federal Contract Tower,0,0,5,0,5,0,2,63,0,65,0,2,68,0,70,62,0,62,132
09/07/2013,WJF,CA,AWP,WE,Federal Contract Tower,0,0,6,0,6,0,2,96,0,98,0,2,102,0,104,62,0,62,166
09/08/2013,WJF,CA,AWP,WE,Federal Contract Tower,0,0,7,0,7,0,0,83,0,83,0,0,90,0,90,44,0,44,134
09/09/2013,WJF,CA,AWP,WE,Federal Contract Tower,0,1,4,0,5,0,3,50,0,53,0,4,54,0,58,64,0,64,122
09/10/2013,WJF,CA,AWP,WE,Federal Contract Tower,0,0,8,0,8,0,2,72,0,74,0,2,80,0,82,32,0,32,114
09/11/2013,WJF,CA,AWP,WE,Federal Contract Tower,0,0,14,0,14,0,2,66,0,68,0,2,80,0,82,81,0,81,163
09/12/2013,WJF,CA,AWP,WE,Federal Contract Tower,0,1,7,0,8,0,3,72,0,75,0,4,79,0,83,82,0,82,165
09/13/2013,WJF,CA,AWP,WE,Federal Contract Tower,0,0,3,0,3,0,2,87,0,89,0,2,90,0,92,171,0,171,263
09/14/2013,WJF,CA,AWP,WE,Federal Contract Tower,0,0,3,0,3,0,2,69,0,71,0,2,72,0,74,56,0,56,130
09/15/2013,WJF,CA,AWP,WE,Federal Contract Tower,0,0,6,0,6,0,0,93,0,93,0,0,99,0,99,94,0,94,193
09/16/2013,WJF,CA,AWP,WE,Federal Contract Tower,0,0,5,0,5,0,3,52,0,55,0,3,57,0,60,12,0,12,72
09/17/2013,WJF,CA,AWP,WE,Federal Contract Tower,0,0,9,0,9,0,2,70,2,74,0,2,79,2,83,18,0,18,101
09/18/2013,WJF,CA,AWP,WE,Federal Contract Tower,0,0,8,4,12,0,0,63,0,63,0,0,71,4,75,26,0,26,101
09/19/2013,WJF,CA,AWP,WE,Federal Contract Tower,0,2,4,0,6,0,2,58,0,60,0,4,62,0,66,28,0,28,94
09/20/2013,WJF,CA,AWP,WE,Federal Contract Tower,0,2,10,2,14,0,11,80,8,99,0,13,90,10,113,102,0,102,215
09/21/2013,WJF,CA,AWP,WE,Federal Contract Tower,0,1,2,0,3,0,3,48,0,51,0,4,50,0,54,4,0,4,58
09/22/2013,WJF,CA,AWP,WE,Federal Contract Tower,0,0,1,0,1,0,0,49,0,49,0,0,50,0,50,16,0,16,66
09/23/2013,WJF,CA,AWP,WE,Federal Contract Tower,0,4,2,0,6,0,4,62,0,66,0,8,64,0,72,30,0,30,102
09/24/2013,WJF,CA,AWP,WE,Federal Contract Tower,0,6,6,0,12,0,2,72,0,74,0,8,78,0,86,52,0,52,138
09/25/2013,WJF,CA,AWP,WE,Federal Contract Tower,0,0,0,0,0,0,2,50,0,52,0,2,50,0,52,10,0,10,62
09/26/2013,WJF,CA,AWP,WE,Federal Contract Tower,0,0,1,0,1,0,2,50,0,52,0,2,51,0,53,24,0,24,77
09/27/2013,WJF,CA,AWP,WE,Federal Contract Tower,0,1,5,0,6,0,3,68,0,71,0,4,73,0,77,82,0,82,159
09/28/2013,WJF,CA,AWP,WE,Federal Contract Tower,0,0,7,0,7,0,2,77,0,79,0,2,84,0,86,60,0,60,146
09/29/2013,WJF,CA,AWP,WE,Federal Contract Tower,0,0,10,0,10,0,0,86,0,86,0,0,96,0,96,58,0,58,154
09/30/2013,WJF,CA,AWP,WE,Federal Contract Tower,0,0,9,4,13,0,2,49,0,51,0,2,58,4,64,8,0,8,72
10/01/2013,WJF,CA,AWP,WE,Federal Contract Tower,0,0,0,0,0,0,3,55,0,58,0,3,55,0,58,26,0,26,84
10/02/2013,WJF,CA,AWP,WE,Federal Contract Tower,0,0,7,0,7,0,2,64,0,66,0,2,71,0,73,18,0,18,91
10/03/2013,WJF,CA,AWP,WE,Federal Contract Tower,0,0,4,2,6,0,2,32,1,35,0,2,36,3,41,18,4,22,63
10/04/2013,WJF,CA,AWP,WE,Federal Contract Tower,0,2,5,0,7,0,2,43,6,51,0,4,48,6,58,12,10,22,80
10/05/2013,WJF,CA,AWP,WE,Federal Contract Tower,0,0,2,0,2,0,2,101,0,103,0,2,103,0,105,142,0,142,247
10/06/2013,WJF,CA,AWP,WE,Federal Contract Tower,0,0,2,0,2,0,0,128,0,128,0,0,130,0,130,67,0,67,197
10/07/2013,WJF,CA,AWP,WE,Federal Contract Tower,0,2,5,0,7,0,2,79,0,81,0,4,84,0,88,66,0,66,154
10/08/2013,WJF,CA,AWP,WE,Federal Contract Tower,0,0,4,2,6,0,1,53,0,54,0,1,57,2,60,54,0,54,114
10/09/2013,WJF,CA,AWP,WE,Federal Contract Tower,0,5,1,0,6,0,1,19,0,20,0,6,20,0,26,0,0,0,26
10/10/2013,WJF,CA,AWP,WE,Federal Contract Tower,0,2,3,0,5,0,2,61,0,63,0,4,64,0,68,32,0,32,100
10/11/2013,WJF,CA,AWP,WE,Federal Contract Tower,0,1,3,0,4,0,3,91,0,94,0,4,94,0,98,87,0,87,185
10/12/2013,WJF,CA,AWP,WE,Federal Contract Tower,0,0,2,0,2,0,2,79,0,81,0,2,81,0,83,70,0,70,153
10/13/2013,WJF,CA,AWP,WE,Federal Contract Tower,0,0,2,0,2,0,0,83,0,83,0,0,85,0,85,88,0,88,173
10/14/2013,WJF,CA,AWP,WE,Federal Contract Tower,0,0,1,0,1,0,4,57,0,61,0,4,58,0,62,16,0,16,78
10/15/2013,WJF,CA,AWP,WE,Federal Contract Tower,0,1,10,8,19,0,3,62,0,65,0,4,72,8,84,74,4,78,162
10/16/2013,WJF,CA,AWP,WE,Federal Contract Tower,0,0,4,0,4,0,2,58,0,60,0,2,62,0,64,34,0,34,98
10/17/2013,WJF,CA,AWP,WE,Federal Contract Tower,0,0,7,0,7,0,5,90,2,97,0,5,97,2,104,80,0,80,184
10/18/2013,WJF,CA,AWP,WE,Federal Contract Tower,0,2,6,2,10,0,2,93,0,95,0,4,99,2,105,43,0,43,148
10/19/2013,WJF,CA,AWP,WE,Federal Contract Tower,0,1,2,0,3,0,2,118,0,120,0,3,120,0,123,46,0,46,169
10/20/2013,WJF,CA,AWP,WE,Federal Contract Tower,0,2,11,0,13,0,0,89,0,89,0,2,100,0,102,78,0,78,180
10/21/2013,WJF,CA,AWP,WE,Federal Contract Tower,0,0,5,0,5,0,2,61,0,63,0,2,66,0,68,42,0,42,110
10/22/2013,WJF,CA,AWP,WE,Federal Contract Tower,0,0,1,0,1,0,1,49,0,50,0,1,50,0,51,6,0,6,57
10/23/2013,WJF,CA,AWP,WE,Federal Contract Tower,0,0,7,0,7,0,2,57,0,59,0,2,64,0,66,56,0,56,122
10/24/2013,WJF,CA,AWP,WE,Federal Contract Tower,0,0,6,2,8,0,2,52,0,54,0,2,58,2,62,8,0,8,70
10/25/2013,WJF,CA,AWP,WE,Federal Contract Tower,0,4,11,0,15,0,6,134,0,140,0,10,145,0,155,74,0,74,229
10/26/2013,WJF,CA,AWP,WE,Federal Contract Tower,0,1,5,0,6,0,7,146,1,154,0,8,151,1,160,106,0,106,266
10/27/2013,WJF,CA,AWP,WE,Federal Contract Tower,0,2,3,0,5,0,2,127,0,129,0,4,130,0,134,42,0,42,176
10/28/2013,WJF,CA,AWP,WE,Federal Contract Tower,0,1,4,2,7,0,1,15,1,17,0,2,19,3,24,0,0,0,24
10/29/2013,WJF,CA,AWP,WE,Federal Contract Tower,0,0,6,15,21,0,0,56,1,57,0,0,62,16,78,12,0,12,90
10/30/2013,WJF,CA,AWP,WE,Federal Contract Tower,0,3,0,1,4,0,3,68,1,72,0,6,68,2,76,88,0,88,164
10/31/2013,WJF,CA,AWP,WE,Federal Contract Tower,0,3,3,2,8,0,6,88,0,94,0,9,91,2,102,72,0,72,174
11/01/2013,WJF,CA,AWP,WE,Federal Contract Tower,0,2,2,0,4,0,6,86,0,92,0,8,88,0,96,88,0,88,184
11/02/2013,WJF,CA,AWP,WE,Federal Contract Tower,0,0,7,0,7,0,2,111,0,113,0,2,118,0,120,112,0,112,232
11/03/2013,WJF,CA,AWP,WE,Federal Contract Tower,0,0,4,0,4,0,0,46,0,46,0,0,50,0,50,8,0,8,58
11/04/2013,WJF,CA,AWP,WE,Federal Contract Tower,0,6,5,0,11,0,1,73,0,74,0,7,78,0,85,88,0,88,173
11/05/2013,WJF,CA,AWP,WE,Federal Contract Tower,0,1,3,1,5,0,1,62,3,66,0,2,65,4,71,88,2,90,161
11/06/2013,WJF,CA,AWP,WE,Federal Contract Tower,0,0,11,2,13,0,1,70,0,71,0,1,81,2,84,100,2,102,186
11/07/2013,WJF,CA,AWP,WE,Federal Contract Tower,0,1,8,4,13,0,1,53,1,55,0,2,61,5,68,36,0,36,104
11/08/2013,WJF,CA,AWP,WE,Federal Contract Tower,0,1,2,1,4,0,1,88,0,89,0,2,90,1,93,104,0,104,197
11/09/2013,WJF,CA,AWP,WE,Federal Contract Tower,0,0,5,0,5,0,2,85,0,87,0,2,90,0,92,64,0,64,156
11/10/2013,WJF,CA,AWP,WE,Federal Contract Tower,0,0,0,0,0,0,0,82,0,82,0,0,82,0,82,98,0,98,180
11/11/2013,WJF,CA,AWP,WE,Federal Contract Tower,0,2,8,0,10,0,3,68,0,71,0,5,76,0,81,52,0,52,133
11/12/2013,WJF,CA,AWP,WE,Federal Contract Tower,0,1,9,0,10,0,1,41,0,42,0,2,50,0,52,13,0,13,65
11/13/2013,WJF,CA,AWP,WE,Federal Contract Tower,0,1,6,2,9,0,1,64,0,65,0,2,70,2,74,100,0,100,174
11/14/2013,WJF,CA,AWP,WE,Federal Contract Tower,0,0,14,6,20,0,4,86,0,90,0,4,100,6,110,94,2,96,206
11/15/2013,WJF,CA,AWP,WE,Federal Contract Tower,0,1,3,1,5,0,2,38,1,41,0,3,41,2,46,22,0,22,68
11/16/2013,WJF,CA,AWP,WE,Federal Contract Tower,0,5,1,0,6,0,5,23,0,28,0,10,24,0,34,18,0,18,52
11/17/2013,WJF,CA,AWP,WE,Federal Contract Tower,0,3,10,0,13,0,4,106,0,110,0,7,116,0,123,60,0,60,183
11/18/2013,WJF,CA,AWP,WE,Federal Contract Tower,0,1,6,11,18,0,4,58,1,63,0,5,64,12,81,24,6,30,111
11/19/2013,WJF,CA,AWP,WE,Federal Contract Tower,0,4,6,8,18,0,1,39,4,44,0,5,45,12,62,32,2,34,96
11/20/2013,WJF,CA,AWP,WE,Federal Contract Tower,0,1,4,16,21,0,0,44,0,44,0,1,48,16,65,64,0,64,129
11/21/2013,WJF,CA,AWP,WE,Federal Contract Tower,0,1,8,0,9,0,1,13,0,14,0,2,21,0,23,8,0,8,31
11/22/2013,WJF,CA,AWP,WE,Federal Contract Tower,0,0,7,0,7,0,2,7,0,9,0,2,14,0,16,74,0,74,90
11/23/2013,WJF,CA,AWP,WE,Federal Contract Tower,0,1,2,0,3,0,1,14,0,15,0,2,16,0,18,14,0,14,32
11/24/2013,WJF,CA,AWP,WE,Federal Contract Tower,0,0,4,0,4,0,0,75,0,75,0,0,79,0,79,72,0,72,151
11/25/2013,WJF,CA,AWP,WE,Federal Contract Tower,0,1,6,3,10,0,1,60,1,62,0,2,66,4,72,30,2,32,104
11/26/2013,WJF,CA,AWP,WE,Federal Contract Tower,0,1,10,0,11,0,8,75,0,83,0,9,85,0,94,54,0,54,148
11/27/2013,WJF,CA,AWP,WE,Federal Contract Tower,0,2,7,0,9,0,17,70,0,87,0,19,77,0,96,78,0,78,174
11/28/2013,WJF,CA,AWP,WE,Federal Contract Tower,0,0,2,0,2,0,0,23,0,23,0,0,25,0,25,8,0,8,33
11/29/2013,WJF,CA,AWP,WE,Federal Contract Tower,0,1,7,0,8,0,1,36,0,37,0,2,43,0,45,32,0,32,77
11/30/2013,WJF,CA,AWP,WE,Federal Contract Tower,0,0,0,0,0,0,2,69,0,71,0,2,69,0,71,114,0,114,185
12/01/2013,WJF,CA,AWP,WE,Federal Contract Tower,0,0,5,0,5,0,0,85,0,85,0,0,90,0,90,78,0,78,168
12/02/2013,WJF,CA,AWP,WE,Federal Contract Tower,0,1,4,0,5,0,1,47,0,48,0,2,51,0,53,18,0,18,71
12/03/2013,WJF,CA,AWP,WE,Federal Contract Tower,0,0,4,0,4,0,1,32,0,33,0,1,36,0,37,8,0,8,45
12/04/2013,WJF,CA,AWP,WE,Federal Contract Tower,0,1,8,0,9,0,3,49,0,52,0,4,57,0,61,42,0,42,103
12/05/2013,WJF,CA,AWP,WE,Federal Contract Tower,0,3,6,0,9,0,1,37,0,38,0,4,43,0,47,42,0,42,89
12/06/2013,WJF,CA,AWP,WE,Federal Contract Tower,0,1,2,0,3,0,3,60,0,63,0,4,62,0,66,48,0,48,114
12/07/2013,WJF,CA,AWP,WE,Federal Contract Tower,0,2,0,0,2,0,0,0,0,0,0,2,0,0,2,0,0,0,2
12/08/2013,WJF,CA,AWP,WE,Federal Contract Tower,0,0,1,0,1,0,0,58,0,58,0,0,59,0,59,92,0,92,151
12/09/2013,WJF,CA,AWP,WE,Federal Contract Tower,0,1,5,0,6,0,1,20,0,21,0,2,25,0,27,0,0,0,27
12/10/2013,WJF,CA,AWP,WE,Federal Contract Tower,0,1,4,2,7,0,1,35,0,36,0,2,39,2,43,54,0,54,97
12/11/2013,WJF,CA,AWP,WE,Federal Contract Tower,0,1,2,2,5,0,2,53,5,60,0,3,55,7,65,21,0,21,86
12/12/2013,WJF,CA,AWP,WE,Federal Contract Tower,0,2,10,0,12,0,2,96,0,98,0,4,106,0,110,68,0,68,178
12/13/2013,WJF,CA,AWP,WE,Federal Contract Tower,0,1,3,1,5,0,2,58,0,60,0,3,61,1,65,36,0,36,101
12/14/2013,WJF,CA,AWP,WE,Federal Contract Tower,0,0,3,0,3,0,3,65,0,68,0,3,68,0,71,104,0,104,175
12/15/2013,WJF,CA,AWP,WE,Federal Contract Tower,0,0,2,0,2,0,0,73,0,73,0,0,75,0,75,90,0,90,165
12/16/2013,WJF,CA,AWP,WE,Federal Contract Tower,0,1,11,0,12,0,2,41,0,43,0,3,52,0,55,66,0,66,121
12/17/2013,WJF,CA,AWP,WE,Federal Contract Tower,0,1,7,0,8,0,1,63,0,64,0,2,70,0,72,109,0,109,181
12/18/2013,WJF,CA,AWP,WE,Federal Contract Tower,0,1,10,0,11,0,2,49,2,53,0,3,59,2,64,61,10,71,135
12/19/2013,WJF,CA,AWP,WE,Federal Contract Tower,0,1,5,3,9,0,1,45,3,49,0,2,50,6,58,22,10,32,90
12/20/2013,WJF,CA,AWP,WE,Federal Contract Tower,0,1,13,1,15,0,3,78,1,82,0,4,91,2,97,76,4,80,177
12/21/2013,WJF,CA,AWP,WE,Federal Contract Tower,0,0,7,0,7,0,2,86,0,88,0,2,93,0,95,80,0,80,175
12/22/2013,WJF,CA,AWP,WE,Federal Contract Tower,0,0,1,0,1,0,0,87,0,87,0,0,88,0,88,56,0,56,144
12/23/2013,WJF,CA,AWP,WE,Federal Contract Tower,0,0,14,3,17,0,0,60,1,61,0,0,74,4,78,68,2,70,148
12/24/2013,WJF,CA,AWP,WE,Federal Contract Tower,0,0,3,0,3,0,4,55,0,59,0,4,58,0,62,54,0,54,116
12/25/2013,WJF,CA,AWP,WE,Federal Contract Tower,0,0,0,0,0,0,0,11,0,11,0,0,11,0,11,0,0,0,11
12/26/2013,WJF,CA,AWP,WE,Federal Contract Tower,0,1,1,1,3,0,4,74,3,81,0,5,75,4,84,36,0,36,120
12/27/2013,WJF,CA,AWP,WE,Federal Contract Tower,0,1,6,0,7,0,9,76,0,85,0,10,82,0,92,66,0,66,158
12/28/2013,WJF,CA,AWP,WE,Federal Contract Tower,0,0,3,0,3,0,2,84,0,86,0,2,87,0,89,52,0,52,141
12/29/2013,WJF,CA,AWP,WE,Federal Contract Tower,0,0,6,0,6,0,0,53,0,53,0,0,59,0,59,36,0,36,95
12/30/2013,WJF,CA,AWP,WE,Federal Contract Tower,0,1,2,0,3,0,3,77,0,80,0,4,79,0,83,96,36,132,215
12/31/2013,WJF,CA,AWP,WE,Federal Contract Tower,0,1,4,0,5,0,1,89,0,90,0,2,93,0,95,40,0,40,135
01/01/2014,WJF,CA,AWP,WE,Federal Contract Tower,0,0,2,0,2,0,0,40,0,40,0,0,42,0,42,20,0,20,62
01/02/2014,WJF,CA,AWP,WE,Federal Contract Tower,0,1,8,0,9,0,8,63,0,71,0,9,71,0,80,94,0,94,174
01/03/2014,WJF,CA,AWP,WE,Federal Contract Tower,0,3,3,0,6,0,3,87,2,92,0,6,90,2,98,70,4,74,172
01/04/2014,WJF,CA,AWP,WE,Federal Contract Tower,0,0,8,0,8,0,2,69,0,71,0,2,77,0,79,104,0,104,183
01/05/2014,WJF,CA,AWP,WE,Federal Contract Tower,0,0,2,0,2,0,0,86,0,86,0,0,88,0,88,86,0,86,174
01/06/2014,WJF,CA,AWP,WE,Federal Contract Tower,0,0,3,0,3,0,10,45,4,59,0,10,48,4,62,30,0,30,92
01/07/2014,WJF,CA,AWP,WE,Federal Contract Tower,0,2,18,0,20,0,5,55,0,60,0,7,73,0,80,32,0,32,112
01/08/2014,WJF,CA,AWP,WE,Federal Contract Tower,0,1,5,2,8,0,3,36,0,39,0,4,41,2,47,27,0,27,74
01/09/2014,WJF,CA,AWP,WE,Federal Contract Tower,0,1,2,5,8,0,1,38,2,41,0,2,40,7,49,26,6,32,81
01/10/2014,WJF,CA,AWP,WE,Federal Contract Tower,0,1,6,0,7,0,3,62,5,70,0,4,68,5,77,84,10,94,171
01/11/2014,WJF,CA,AWP,WE,Federal Contract Tower,0,4,7,0,11,0,2,79,0,81,0,6,86,0,92,56,0,56,148
01/12/2014,WJF,CA,AWP,WE,Federal Contract Tower,0,0,4,0,4,0,0,47,0,47,0,0,51,0,51,40,0,40,91
01/13/2014,WJF,CA,AWP,WE,Federal Contract Tower,0,0,4,10,14,0,3,43,0,46,0,3,47,10,60,28,0,28,88
01/14/2014,WJF,CA,AWP,WE,Federal Contract Tower,0,1,4,6,11,0,2,55,0,57,0,3,59,6,68,32,2,34,102
01/15/2014,WJF,CA,AWP,WE,Federal Contract Tower,0,3,6,0,9,0,6,43,0,49,0,9,49,0,58,25,0,25,83
01/16/2014,WJF,CA,AWP,WE,Federal Contract Tower,0,1,6,0,7,0,12,186,0,198,0,13,192,0,205,59,0,59,264
01/17/2014,WJF,CA,AWP,WE,Federal Contract Tower,0,1,4,0,5,0,3,138,0,141,0,4,142,0,146,44,0,44,190
01/18/2014,WJF,CA,AWP,WE,Federal Contract Tower,0,0,9,0,9,0,2,117,0,119,0,2,126,0,128,128,0,128,256
01/19/2014,WJF,CA,AWP,WE,Federal Contract Tower,0,0,7,0,7,0,0,120,0,120,0,0,127,0,127,84,0,84,211
01/20/2014,WJF,CA,AWP,WE,Federal Contract Tower,0,1,2,0,3,0,3,82,0,85,0,4,84,0,88,60,0,60,148
01/21/2014,WJF,CA,AWP,WE,Federal Contract Tower,0,1,8,0,9,0,3,77,0,80,0,4,85,0,89,86,0,86,175
01/22/2014,WJF,CA,AWP,WE,Federal Contract Tower,0,5,6,2,13,0,7,63,0,70,0,12,69,2,83,114,0,114,197
01/23/2014,WJF,CA,AWP,WE,Federal Contract Tower,0,3,6,0,9,0,5,85,0,90,0,8,91,0,99,70,0,70,169
01/24/2014,WJF,CA,AWP,WE,Federal Contract Tower,0,2,8,0,10,0,3,59,2,64,0,5,67,2,74,18,2,20,94
01/25/2014,WJF,CA,AWP,WE,Federal Contract Tower,0,0,7,0,7,0,2,105,0,107,0,2,112,0,114,90,0,90,204
01/26/2014,WJF,CA,AWP,WE,Federal Contract Tower,0,0,3,0,3,0,0,95,0,95,0,0,98,0,98,54,0,54,152
01/27/2014,WJF,CA,AWP,WE,Federal Contract Tower,0,1,4,0,5,0,5,83,0,88,0,6,87,0,93,64,0,64,157
01/28/2014,WJF,CA,AWP,WE,Federal Contract Tower,0,1,17,2,20,0,3,73,6,82,0,4,90,8,102,92,8,100,202
01/29/2014,WJF,CA,AWP,WE,Federal Contract Tower,0,2,18,0,20,0,1,66,0,67,0,3,84,0,87,76,0,76,163
01/30/2014,WJF,CA,AWP,WE,Federal Contract Tower,0,3,5,3,11,0,1,33,1,35,0,4,38,4,46,10,4,14,60
01/31/2014,WJF,CA,AWP,WE,Federal Contract Tower,0,1,5,2,8,0,1,53,0,54,0,2,58,2,62,4,0,4,66
02/01/2014,WJF,CA,AWP,WE,Federal Contract Tower,0,0,7,0,7,0,2,71,0,73,0,2,78,0,80,32,0,32,112
02/02/2014,WJF,CA,AWP,WE,Federal Contract Tower,0,0,6,0,6,0,0,63,0,63,0,0,69,0,69,0,0,0,69
02/03/2014,WJF,CA,AWP,WE,Federal Contract Tower,0,1,5,0,6,0,1,49,0,50,0,2,54,0,56,36,2,38,94
02/04/2014,WJF,CA,AWP,WE,Federal Contract Tower,0,1,14,6,21,0,3,67,10,80,0,4,81,16,101,66,10,76,177
02/05/2014,WJF,CA,AWP,WE,Federal Contract Tower,0,1,15,6,22,0,3,61,4,68,0,4,76,10,90,74,2,76,166
02/06/2014,WJF,CA,AWP,WE,Federal Contract Tower,0,1,1,0,2,0,1,29,0,30,0,2,30,0,32,18,0,18,50
02/07/2014,WJF,CA,AWP,WE,Federal Contract Tower,0,2,6,0,8,0,6,61,0,67,0,8,67,0,75,52,0,52,127
02/08/2014,WJF,CA,AWP,WE,Federal Contract Tower,0,0,3,0,3,0,2,106,0,108,0,2,109,0,111,98,0,98,209
02/09/2014,WJF,CA,AWP,WE,Federal Contract Tower,0,0,10,0,10,0,0,64,1,65,0,0,74,1,75,46,0,46,121
02/10/2014,WJF,CA,AWP,WE,Federal Contract Tower,0,1,2,0,3,0,1,43,2,46,0,2,45,2,49,0,0,0,49
02/11/2014,WJF,CA,AWP,WE,Federal Contract Tower,0,1,10,1,12,0,1,79,1,81,0,2,89,2,93,132,0,132,225
02/12/2014,WJF,CA,AWP,WE,Federal Contract Tower,0,1,10,0,11,0,1,46,0,47,0,2,56,0,58,46,0,46,104
02/13/2014,WJF,CA,AWP,WE,Federal Contract Tower,0,0,8,1,9,0,0,43,1,44,0,0,51,2,53,12,0,12,65
02/14/2014,WJF,CA,AWP,WE,Federal Contract Tower,0,1,3,0,4,0,3,72,0,75,0,4,75,0,79,46,0,46,125
02/15/2014,WJF,CA,AWP,WE,Federal Contract Tower,0,0,8,0,8,0,4,112,1,117,0,4,120,1,125,136,0,136,261
02/16/2014,WJF,CA,AWP,WE,Federal Contract Tower,0,0,4,0,4,0,0,80,0,80,0,0,84,0,84,72,0,72,156
02/17/2014,WJF,CA,AWP,WE,Federal Contract Tower,0,1,8,0,9,0,1,87,0,88,0,2,95,0,97,84,0,84,181
02/18/2014,WJF,CA,AWP,WE,Federal Contract Tower,0,1,11,0,12,0,1,85,0,86,0,2,96,0,98,120,0,120,218
02/19/2014,WJF,CA,AWP,WE,Federal Contract Tower,0,3,2,0,5,0,1,27,0,28,0,4,29,0,33,0,0,0,33
02/20/2014,WJF,CA,AWP,WE,Federal Contract Tower,0,4,4,0,8,0,3,76,0,79,0,7,80,0,87,32,0,32,119
02/21/2014,WJF,CA,AWP,WE,Federal Contract Tower,0,1,10,2,13,0,1,89,0,90,0,2,99,2,103,78,0,78,181
02/22/2014,WJF,CA,AWP,WE,Federal Contract Tower,0,0,4,0,4,0,2,116,0,118,0,2,120,0,122,38,0,38,160
02/23/2014,WJF,CA,AWP,WE,Federal Contract Tower,0,0,2,3,5,0,0,107,3,110,0,0,109,6,115,80,2,82,197
02/24/2014,WJF,CA,AWP,WE,Federal Contract Tower,0,1,3,0,4,0,1,96,0,97,0,2,99,0,101,82,0,82,183
02/25/2014,WJF,CA,AWP,WE,Federal Contract Tower,0,1,14,3,18,0,3,93,1,97,0,4,107,4,115,57,2,59,174
02/26/2014,WJF,CA,AWP,WE,Federal Contract Tower,0,2,8,5,15,0,2,36,1,39,0,4,44,6,54,24,0,24,78
02/27/2014,WJF,CA,AWP,WE,Federal Contract Tower,0,1,3,2,6,0,1,41,2,44,0,2,44,4,50,24,2,26,76
02/28/2014,WJF,CA,AWP,WE,Federal Contract Tower,0,0,4,0,4,0,1,1,0,2,0,1,5,0,6,10,0,10,16
03/01/2014,WJF,CA,AWP,WE,Federal Contract Tower,0,1,2,0,3,0,1,10,0,11,0,2,12,0,14,36,0,36,50
03/02/2014,WJF,CA,AWP,WE,Federal Contract Tower,0,0,1,0,1,0,0,42,0,42,0,0,43,0,43,58,0,58,101
03/03/2014,WJF,CA,AWP,WE,Federal Contract Tower,0,1,5,0,6,0,1,59,0,60,0,2,64,0,66,64,0,64,130
03/04/2014,WJF,CA,AWP,WE,Federal Contract Tower,0,0,4,10,14,0,1,48,4,53,0,1,52,14,67,78,0,78,145
03/05/2014,WJF,CA,AWP,WE,Federal Contract Tower,0,1,0,8,9,0,1,62,5,68,0,2,62,13,77,74,0,74,151
03/06/2014,WJF,CA,AWP,WE,Federal Contract Tower,0,2,5,0,7,0,2,35,0,37,0,4,40,0,44,17,0,17,61
03/07/2014,WJF,CA,AWP,WE,Federal Contract Tower,0,0,7,4,11,0,0,61,2,63,0,0,68,6,74,42,0,42,116
03/08/2014,WJF,CA,AWP,WE,Federal Contract Tower,0,0,8,0,8,0,2,77,0,79,0,2,85,0,87,112,0,112,199
03/09/2014,WJF,CA,AWP,WE,Federal Contract Tower,0,0,5,0,5,0,0,104,2,106,0,0,109,2,111,78,0,78,189
03/10/2014,WJF,CA,AWP,WE,Federal Contract Tower,0,0,2,0,2,0,2,54,0,56,0,2,56,0,58,31,0,31,89
03/11/2014,WJF,CA,AWP,WE,Federal Contract Tower,0,1,6,2,9,0,3,70,0,73,0,4,76,2,82,52,0,52,134
03/12/2014,WJF,CA,AWP,WE,Federal Contract Tower,0,2,6,0,8,0,6,40,0,46,0,8,46,0,54,86,0,86,140
03/13/2014,WJF,CA,AWP,WE,Federal Contract Tower,0,1,1,1,3,0,2,75,1,78,0,3,76,2,81,50,34,84,165
03/14/2014,WJF,CA,AWP,WE,Federal Contract Tower,0,0,6,0,6,0,2,83,0,85,0,2,89,0,91,114,0,114,205
03/15/2014,WJF,CA,AWP,WE,Federal Contract Tower,0,0,3,0,3,0,2,113,0,115,0,2,116,0,118,169,0,169,287
03/16/2014,WJF,CA,AWP,WE,Federal Contract Tower,0,0,10,0,10,0,0,190,0,190,0,0,200,0,200,160,0,160,360
03/17/2014,WJF,CA,AWP,WE,Federal Contract Tower,0,0,0,0,0,0,2,14,0,16,0,2,14,0,16,0,0,0,16
03/18/2014,WJF,CA,AWP,WE,Federal Contract Tower,0,0,7,1,8,0,0,46,6,52,0,0,53,7,60,84,12,96,156
03/19/2014,WJF,CA,AWP,WE,Federal Contract Tower,0,0,6,1,7,0,0,76,2,78,0,0,82,3,85,46,26,72,157
03/20/2014,WJF,CA,AWP,WE,Federal Contract Tower,0,0,4,1,5,0,0,89,1,90,0,0,93,2,95,40,0,40,135
03/21/2014,WJF,CA,AWP,WE,Federal Contract Tower,0,0,0,0,0,0,0,70,16,86,0,0,70,16,86,2,0,2,88
03/22/2014,WJF,CA,AWP,WE,Federal Contract Tower,0,0,0,0,0,0,0,118,12,130,0,0,118,12,130,30,0,30,160
03/23/2014,WJF,CA,AWP,WE,Federal Contract Tower,0,0,6,0,6,0,0,60,6,66,0,0,66,6,72,40,0,40,112
03/24/2014,WJF,CA,AWP,WE,Federal Contract Tower,0,0,1,0,1,0,2,37,2,41,0,2,38,2,42,48,0,48,90
03/25/2014,WJF,CA,AWP,WE,Federal Contract Tower,0,2,7,0,9,0,6,55,0,61,0,8,62,0,70,61,0,61,131
03/26/2014,WJF,CA,AWP,WE,Federal Contract Tower,0,3,4,3,10,0,1,22,3,26,0,4,26,6,36,4,4,8,44
03/27/2014,WJF,CA,AWP,WE,Federal Contract Tower,0,0,4,0,4,0,0,36,0,36,0,0,40,0,40,18,0,18,58
03/28/2014,WJF,CA,AWP,WE,Federal Contract Tower,0,0,7,2,9,0,2,96,2,100,0,2,103,4,109,142,2,144,253
03/29/2014,WJF,CA,AWP,WE,Federal Contract Tower,0,0,2,0,2,0,2,81,0,83,0,2,83,0,85,42,0,42,127
03/30/2014,WJF,CA,AWP,WE,Federal Contract Tower,0,0,2,0,2,0,0,39,0,39,0,0,41,0,41,6,0,6,47
03/31/2014,WJF,CA,AWP,WE,Federal Contract Tower,0,0,1,0,1,0,2,46,0,48,0,2,47,0,49,12,0,12,61
04/01/2014,WJF,CA,AWP,WE,Federal Contract Tower,0,0,0,2,2,0,1,11,0,12,0,1,11,2,14,0,0,0,14
04/02/2014,WJF,CA,AWP,WE,Federal Contract Tower,0,0,1,0,1,0,2,18,0,20,0,2,19,0,21,0,0,0,21
04/03/2014,WJF,CA,AWP,WE,Federal Contract Tower,0,2,2,4,8,0,0,65,0,65,0,2,67,4,73,78,0,78,151
04/04/2014,WJF,CA,AWP,WE,Federal Contract Tower,0,1,7,8,16,0,0,66,2,68,0,1,73,10,84,78,0,78,162
04/05/2014,WJF,CA,AWP,WE,Federal Contract Tower,0,0,1,0,1,0,2,52,0,54,0,2,53,0,55,42,0,42,97
04/06/2014,WJF,CA,AWP,WE,Federal Contract Tower,0,0,5,0,5,0,0,267,0,267,0,0,272,0,272,100,0,100,372
04/07/2014,WJF,CA,AWP,WE,Federal Contract Tower,0,0,3,0,3,0,2,78,0,80,0,2,81,0,83,56,0,56,139
04/08/2014,WJF,CA,AWP,WE,Federal Contract Tower,0,1,1,8,10,0,3,101,0,104,0,4,102,8,114,44,0,44,158
04/09/2014,WJF,CA,AWP,WE,Federal Contract Tower,0,0,5,10,15,0,2,78,2,82,0,2,83,12,97,128,4,132,229
04/10/2014,WJF,CA,AWP,WE,Federal Contract Tower,0,2,6,6,14,0,2,47,6,55,0,4,53,12,69,36,0,36,105
04/11/2014,WJF,CA,AWP,WE,Federal Contract Tower,0,3,6,1,10,0,5,89,2,96,0,8,95,3,106,40,2,42,148
04/12/2014,WJF,CA,AWP,WE,Federal Contract Tower,0,0,4,0,4,0,4,63,0,67,0,4,67,0,71,92,0,92,163
04/13/2014,WJF,CA,AWP,WE,Federal Contract Tower,0,0,7,0,7,0,4,62,0,66,0,4,69,0,73,28,0,28,101
04/14/2014,WJF,CA,AWP,WE,Federal Contract Tower,0,1,4,0,5,0,3,29,0,32,0,4,33,0,37,28,0,28,65
04/15/2014,WJF,CA,AWP,WE,Federal Contract Tower,0,0,2,0,2,0,2,49,0,51,0,2,51,0,53,18,0,18,71
04/16/2014,WJF,CA,AWP,WE,Federal Contract Tower,0,1,7,0,8,0,3,58,0,61,0,4,65,0,69,58,0,58,127
04/17/2014,WJF,CA,AWP,WE,Federal Contract Tower,0,2,8,0,10,0,1,65,0,66,0,3,73,0,76,22,0,22,98
04/18/2014,WJF,CA,AWP,WE,Federal Contract Tower,0,1,6,2,9,0,7,79,0,86,0,8,85,2,95,54,0,54,149
04/19/2014,WJF,CA,AWP,WE,Federal Contract Tower,0,0,11,0,11,0,2,116,0,118,0,2,127,0,129,82,0,82,211
04/20/2014,WJF,CA,AWP,WE,Federal Contract Tower,0,0,1,0,1,0,0,67,0,67,0,0,68,0,68,80,0,80,148
04/21/2014,WJF,CA,AWP,WE,Federal Contract Tower,0,0,4,3,7,0,2,49,1,52,0,2,53,4,59,6,0,6,65
04/22/2014,WJF,CA,AWP,WE,Federal Contract Tower,0,0,1,0,1,0,0,20,1,21,0,0,21,1,22,18,0,18,40
04/23/2014,WJF,CA,AWP,WE,Federal Contract Tower,0,0,10,8,18,0,1,46,2,49,0,1,56,10,67,42,0,42,109
04/24/2014,WJF,CA,AWP,WE,Federal Contract Tower,2,2,7,0,11,0,8,69,0,77,2,10,76,0,88,54,0,54,142
04/25/2014,WJF,CA,AWP,WE,Federal Contract Tower,0,5,6,3,14,0,5,45,1,51,0,10,51,4,65,6,4,10,75
04/26/2014,WJF,CA,AWP,WE,Federal Contract Tower,0,0,2,0,2,0,10,1,0,11,0,10,3,0,13,0,0,0,13
04/27/2014,WJF,CA,AWP,WE,Federal Contract Tower,0,2,3,0,5,0,0,33,0,33,0,2,36,0,38,4,0,4,42
04/28/2014,WJF,CA,AWP,WE,Federal Contract Tower,0,0,4,7,11,0,2,50,4,56,0,2,54,11,67,36,6,42,109
04/29/2014,WJF,CA,AWP,WE,Federal Contract Tower,0,0,3,8,11,0,2,31,0,33,0,2,34,8,44,14,0,14,58
04/30/2014,WJF,CA,AWP,WE,Federal Contract Tower,0,2,4,6,12,0,0,33,2,35,0,2,37,8,47,8,0,8,55
05/01/2014,WJF,CA,AWP,WE,Federal Contract Tower,0,0,6,0,6,0,2,31,2,35,0,2,37,2,41,26,4,30,71
05/02/2014,WJF,CA,AWP,WE,Federal Contract Tower,0,0,4,0,4,0,3,78,0,81,0,3,82,0,85,56,0,56,141
05/03/2014,WJF,CA,AWP,WE,Federal Contract Tower,0,0,3,0,3,0,2,71,0,73,0,2,74,0,76,68,0,68,144
05/04/2014,WJF,CA,AWP,WE,Federal Contract Tower,0,0,7,0,7,0,0,81,0,81,0,0,88,0,88,76,0,76,164
05/05/2014,WJF,CA,AWP,WE,Federal Contract Tower,0,0,6,0,6,0,2,39,2,43,0,2,45,2,49,58,0,58,107
05/06/2014,WJF,CA,AWP,WE,Federal Contract Tower,0,1,2,0,3,0,4,27,0,31,0,5,29,0,34,22,0,22,56
05/07/2014,WJF,CA,AWP,WE,Federal Contract Tower,0,0,2,1,3,0,2,47,3,52,0,2,49,4,55,18,0,18,73
05/08/2014,WJF,CA,AWP,WE,Federal Contract Tower,0,0,0,0,0,0,2,64,0,66,0,2,64,0,66,54,0,54,120
05/09/2014,WJF,CA,AWP,WE,Federal Contract Tower,0,0,2,0,2,0,2,46,0,48,0,2,48,0,50,44,0,44,94
05/10/2014,WJF,CA,AWP,WE,Federal Contract Tower,0,0,0,0,0,0,0,10,0,10,0,0,10,0,10,0,0,0,10
05/11/2014,WJF,CA,AWP,WE,Federal Contract Tower,0,0,0,0,0,0,0,23,0,23,0,0,23,0,23,22,0,22,45
05/12/2014,WJF,CA,AWP,WE,Federal Contract Tower,0,0,4,1,5,0,2,55,3,60,0,2,59,4,65,48,2,50,115
05/13/2014,WJF,CA,AWP,WE,Federal Contract Tower,0,0,6,0,6,0,0,53,0,53,0,0,59,0,59,2,0,2,61
05/14/2014,WJF,CA,AWP,WE,Federal Contract Tower,0,0,8,0,8,0,0,56,0,56,0,0,64,0,64,50,0,50,114
05/15/2014,WJF,CA,AWP,WE,Federal Contract Tower,0,0,6,0,6,0,2,80,0,82,0,2,86,0,88,100,0,100,188
05/16/2014,WJF,CA,AWP,WE,Federal Contract Tower,0,0,2,0,2,0,2,82,0,84,0,2,84,0,86,78,0,78,164
05/17/2014,WJF,CA,AWP,WE,Federal Contract Tower,0,0,3,2,5,0,2,77,1,80,0,2,80,3,85,80,0,80,165
05/18/2014,WJF,CA,AWP,WE,Federal Contract Tower,0,0,3,0,3,0,0,39,0,39,0,0,42,0,42,28,0,28,70
05/19/2014,WJF,CA,AWP,WE,Federal Contract Tower,0,2,0,2,4,0,4,34,1,39,0,6,34,3,43,24,0,24,67
05/20/2014,WJF,CA,AWP,WE,Federal Contract Tower,0,0,4,0,4,0,2,57,0,59,0,2,61,0,63,40,0,40,103
05/21/2014,WJF,CA,AWP,WE,Federal Contract Tower,0,1,8,0,9,0,1,81,0,82,0,2,89,0,91,50,0,50,141
05/22/2014,WJF,CA,AWP,WE,Federal Contract Tower,0,0,3,0,3,0,2,54,0,56,0,2,57,0,59,6,0,6,65
05/23/2014,WJF,CA,AWP,WE,Federal Contract Tower,0,0,7,0,7,0,2,95,0,97,0,2,102,0,104,132,0,132,236
05/24/2014,WJF,CA,AWP,WE,Federal Contract Tower,0,0,0,0,0,0,1,75,0,76,0,1,75,0,76,88,0,88,164
05/25/2014,WJF,CA,AWP,WE,Federal Contract Tower,0,0,3,0,3,0,0,79,0,79,0,0,82,0,82,100,0,100,182
05/26/2014,WJF,CA,AWP,WE,Federal Contract Tower,0,2,5,0,7,0,0,97,0,97,0,2,102,0,104,82,0,82,186
05/27/2014,WJF,CA,AWP,WE,Federal Contract Tower,0,1,5,0,6,0,3,59,0,62,0,4,64,0,68,66,0,66,134
05/28/2014,WJF,CA,AWP,WE,Federal Contract Tower,0,2,3,0,5,0,2,52,0,54,0,4,55,0,59,28,0,28,87
05/29/2014,WJF,CA,AWP,WE,Federal Contract Tower,0,0,7,0,7,0,4,86,0,90,0,4,93,0,97,56,0,56,153
05/30/2014,WJF,CA,AWP,WE,Federal Contract Tower,0,1,5,0,6,0,5,87,0,92,0,6,92,0,98,74,0,74,172
05/31/2014,WJF,CA,AWP,WE,Federal Contract Tower,0,0,0,0,0,0,2,79,0,81,0,2,79,0,81,74,0,74,155
06/01/2014,WJF,CA,AWP,WE,Federal Contract Tower,0,0,7,0,7,0,2,100,0,102,0,2,107,0,109,118,0,118,227
06/02/2014,WJF,CA,AWP,WE,Federal Contract Tower,0,0,8,0,8,0,0,48,0,48,0,0,56,0,56,4,0,4,60
06/03/2014,WJF,CA,AWP,WE,Federal Contract Tower,0,0,4,0,4,0,0,76,2,78,0,0,80,2,82,112,0,112,194
06/04/2014,WJF,CA,AWP,WE,Federal Contract Tower,0,0,4,2,6,0,2,87,1,90,0,2,91,3,96,98,0,98,194
06/05/2014,WJF,CA,AWP,WE,Federal Contract Tower,0,0,6,6,12,0,2,68,2,72,0,2,74,8,84,50,0,50,134
06/06/2014,WJF,CA,AWP,WE,Federal Contract Tower,0,1,6,2,9,0,3,71,2,76,0,4,77,4,85,92,6,98,183
06/07/2014,WJF,CA,AWP,WE,Federal Contract Tower,0,1,5,0,6,0,1,69,0,70,0,2,74,0,76,158,0,158,234
06/08/2014,WJF,CA,AWP,WE,Federal Contract Tower,0,0,0,0,0,0,0,83,0,83,0,0,83,0,83,70,0,70,153
06/09/2014,WJF,CA,AWP,WE,Federal Contract Tower,0,0,6,7,13,0,4,50,1,55,0,4,56,8,68,50,12,62,130
06/10/2014,WJF,CA,AWP,WE,Federal Contract Tower,0,2,11,5,18,0,3,71,5,79,0,5,82,10,97,96,2,98,195
06/11/2014,WJF,CA,AWP,WE,Federal Contract Tower,0,0,7,2,9,0,2,52,0,54,0,2,59,2,63,26,0,26,89
06/12/2014,WJF,CA,AWP,WE,Federal Contract Tower,0,0,11,0,11,0,0,57,0,57,0,0,68,0,68,36,0,36,104
06/13/2014,WJF,CA,AWP,WE,Federal Contract Tower,0,0,3,1,4,0,2,69,3,74,0,2,72,4,78,58,0,58,136
06/14/2014,WJF,CA,AWP,WE,Federal Contract Tower,0,1,5,0,6,0,1,74,0,75,0,2,79,0,81,90,0,90,171
06/15/2014,WJF,CA,AWP,WE,Federal Contract Tower,0,0,4,0,4,0,0,112,0,112,0,0,116,0,116,86,0,86,202
06/16/2014,WJF,CA,AWP,WE,Federal Contract Tower,0,2,5,0,7,0,2,33,0,35,0,4,38,0,42,12,0,12,54
06/17/2014,WJF,CA,AWP,WE,Federal Contract Tower,0,0,3,0,3,0,2,42,0,44,0,2,45,0,47,10,0,10,57
06/18/2014,WJF,CA,AWP,WE,Federal Contract Tower,0,1,5,0,6,0,3,95,0,98,0,4,100,0,104,96,0,96,200
06/19/2014,WJF,CA,AWP,WE,Federal Contract Tower,0,0,1,0,1,0,2,77,0,79,0,2,78,0,80,114,0,114,194
06/20/2014,WJF,CA,AWP,WE,Federal Contract Tower,0,0,8,0,8,0,2,67,0,69,0,2,75,0,77,82,0,82,159
06/21/2014,WJF,CA,AWP,WE,Federal Contract Tower,0,0,4,0,4,0,2,66,0,68,0,2,70,0,72,90,0,90,162
06/22/2014,WJF,CA,AWP,WE,Federal Contract Tower,0,0,4,0,4,0,0,94,0,94,0,0,98,0,98,90,0,90,188
06/23/2014,WJF,CA,AWP,WE,Federal Contract Tower,0,1,11,0,12,0,1,53,0,54,0,2,64,0,66,23,0,23,89
06/24/2014,WJF,CA,AWP,WE,Federal Contract Tower,0,0,6,0,6,0,2,35,0,37,0,2,41,0,43,48,0,48,91
06/25/2014,WJF,CA,AWP,WE,Federal Contract Tower,0,1,13,2,16,0,4,44,4,52,0,5,57,6,68,10,4,14,82
06/26/2014,WJF,CA,AWP,WE,Federal Contract Tower,0,0,7,0,7,0,2,33,0,35,0,2,40,0,42,20,0,20,62
06/27/2014,WJF,CA,AWP,WE,Federal Contract Tower,0,0,2,0,2,0,2,59,0,61,0,2,61,0,63,20,0,20,83
06/28/2014,WJF,CA,AWP,WE,Federal Contract Tower,0,0,5,0,5,0,0,88,0,88,0,0,93,0,93,90,0,90,183
06/29/2014,WJF,CA,AWP,WE,Federal Contract Tower,0,0,8,0,8,0,0,94,0,94,0,0,102,0,102,138,0,138,240
06/30/2014,WJF,CA,AWP,WE,Federal Contract Tower,0,0,3,0,3,0,2,89,0,91,0,2,92,0,94,70,0,70,164
07/01/2014,WJF,CA,AWP,WE,Federal Contract Tower,0,0,4,1,5,0,3,66,1,70,0,3,70,2,75,121,2,123,198
07/02/2014,WJF,CA,AWP,WE,Federal Contract Tower,0,0,4,0,4,0,2,64,0,66,0,2,68,0,70,78,0,78,148
07/03/2014,WJF,CA,AWP,WE,Federal Contract Tower,0,0,2,1,3,0,2,57,1,60,0,2,59,2,63,74,0,74,137
07/04/2014,WJF,CA,AWP,WE,Federal Contract Tower,0,0,2,0,2,0,0,70,0,70,0,0,72,0,72,76,0,76,148
07/05/2014,WJF,CA,AWP,WE,Federal Contract Tower,0,0,3,0,3,0,2,68,0,70,0,2,71,0,73,50,0,50,123
07/06/2014,WJF,CA,AWP,WE,Federal Contract Tower,0,0,5,0,5,0,0,77,0,77,0,0,82,0,82,74,0,74,156
07/07/2014,WJF,CA,AWP,WE,Federal Contract Tower,0,0,3,0,3,0,2,53,0,55,0,2,56,0,58,36,0,36,94
07/08/2014,WJF,CA,AWP,WE,Federal Contract Tower,0,1,9,0,10,0,4,66,0,70,0,5,75,0,80,50,0,50,130
07/09/2014,WJF,CA,AWP,WE,Federal Contract Tower,0,0,4,2,6,0,6,64,0,70,0,6,68,2,76,24,2,26,102
07/10/2014,WJF,CA,AWP,WE,Federal Contract Tower,0,1,5,0,6,0,3,49,0,52,0,4,54,0,58,40,0,40,98
07/11/2014,WJF,CA,AWP,WE,Federal Contract Tower,0,7,6,0,13,0,3,87,0,90,0,10,93,0,103,67,0,67,170
07/12/2014,WJF,CA,AWP,WE,Federal Contract Tower,0,0,3,0,3,0,2,129,0,131,0,2,132,0,134,98,0,98,232
07/13/2014,WJF,CA,AWP,WE,Federal Contract Tower,0,0,3,0,3,0,0,71,0,71,0,0,74,0,74,72,0,72,146
07/14/2014,WJF,CA,AWP,WE,Federal Contract Tower,0,0,5,0,5,0,2,37,0,39,0,2,42,0,44,24,0,24,68
07/15/2014,WJF,CA,AWP,WE,Federal Contract Tower,0,0,5,3,8,0,2,88,0,90,0,2,93,3,98,68,0,68,166
07/16/2014,WJF,CA,AWP,WE,Federal Contract Tower,0,0,2,0,2,0,2,74,0,76,0,2,76,0,78,74,0,74,152
07/17/2014,WJF,CA,AWP,WE,Federal Contract Tower,0,0,12,4,16,0,2,52,0,54,0,2,64,4,70,26,0,26,96
07/18/2014,WJF,CA,AWP,WE,Federal Contract Tower,0,0,8,1,9,0,2,76,1,79,0,2,84,2,88,130,4,134,222
07/19/2014,WJF,CA,AWP,WE,Federal Contract Tower,0,0,3,0,3,0,2,76,0,78,0,2,79,0,81,80,0,80,161
07/20/2014,WJF,CA,AWP,WE,Federal Contract Tower,0,0,5,0,5,0,0,70,0,70,0,0,75,0,75,80,0,80,155
07/21/2014,WJF,CA,AWP,WE,Federal Contract Tower,0,0,6,6,12,0,2,90,0,92,0,2,96,6,104,114,0,114,218
07/22/2014,WJF,CA,AWP,WE,Federal Contract Tower,0,0,3,10,13,0,2,66,2,70,0,2,69,12,83,78,0,78,161
07/23/2014,WJF,CA,AWP,WE,Federal Contract Tower,0,1,4,2,7,0,1,72,0,73,0,2,76,2,80,116,0,116,196
07/24/2014,WJF,CA,AWP,WE,Federal Contract Tower,0,2,5,0,7,0,2,54,4,60,0,4,59,4,67,75,26,101,168
07/25/2014,WJF,CA,AWP,WE,Federal Contract Tower,0,0,7,0,7,0,1,63,2,66,0,1,70,2,73,60,0,60,133
07/26/2014,WJF,CA,AWP,WE,Federal Contract Tower,0,1,8,0,9,0,2,85,1,88,0,3,93,1,97,82,4,86,183
07/27/2014,WJF,CA,AWP,WE,Federal Contract Tower,0,2,6,0,8,0,0,87,0,87,0,2,93,0,95,100,0,100,195
07/28/2014,WJF,CA,AWP,WE,Federal Contract Tower,0,0,3,0,3,0,0,62,2,64,0,0,65,2,67,58,0,58,125
07/29/2014,WJF,CA,AWP,WE,Federal Contract Tower,0,0,8,0,8,0,2,60,1,63,0,2,68,1,71,78,0,78,149
07/30/2014,WJF,CA,AWP,WE,Federal Contract Tower,0,0,6,0,6,0,2,73,0,75,0,2,79,0,81,226,0,226,307
07/31/2014,WJF,CA,AWP,WE,Federal Contract Tower,0,1,5,0,6,0,3,60,0,63,0,4,65,0,69,68,2,70,139
08/01/2014,WJF,CA,AWP,WE,Federal Contract Tower,0,1,7,2,10,0,2,71,0,73,0,3,78,2,83,130,0,130,213
08/02/2014,WJF,CA,AWP,WE,Federal Contract Tower,0,0,0,0,0,0,2,91,0,93,0,2,91,0,93,122,0,122,215
08/03/2014,WJF,CA,AWP,WE,Federal Contract Tower,0,0,1,0,1,0,63,2,0,65,0,63,3,0,66,98,0,98,164
08/04/2014,WJF,CA,AWP,WE,Federal Contract Tower,0,0,2,0,2,0,2,62,0,64,0,2,64,0,66,22,0,22,88
08/05/2014,WJF,CA,AWP,WE,Federal Contract Tower,0,1,2,4,7,0,3,61,2,66,0,4,63,6,73,90,6,96,169
08/06/2014,WJF,CA,AWP,WE,Federal Contract Tower,0,1,10,0,11,0,2,73,0,75,0,3,83,0,86,42,0,42,128
08/07/2014,WJF,CA,AWP,WE,Federal Contract Tower,0,2,6,4,12,0,2,66,0,68,0,4,72,4,80,112,0,112,192
08/08/2014,WJF,CA,AWP,WE,Federal Contract Tower,0,0,0,0,0,0,2,65,0,67,0,2,65,0,67,148,0,148,215
08/09/2014,WJF,CA,AWP,WE,Federal Contract Tower,0,0,4,0,4,0,2,108,0,110,0,2,112,0,114,114,0,114,228
08/10/2014,WJF,CA,AWP,WE,Federal Contract Tower,0,0,7,0,7,0,0,85,0,85,0,0,92,0,92,64,0,64,156
08/11/2014,WJF,CA,AWP,WE,Federal Contract Tower,0,0,9,4,13,0,0,51,0,51,0,0,60,4,64,26,0,26,90
08/12/2014,WJF,CA,AWP,WE,Federal Contract Tower,0,0,11,1,12,0,2,60,2,64,0,2,71,3,76,94,0,94,170
08/13/2014,WJF,CA,AWP,WE,Federal Contract Tower,0,1,9,0,10,0,3,94,0,97,0,4,103,0,107,106,0,106,213
08/14/2014,WJF,CA,AWP,WE,Federal Contract Tower,0,0,7,0,7,0,2,93,2,97,0,2,100,2,104,117,2,119,223
08/15/2014,WJF,CA,AWP,WE,Federal Contract Tower,0,1,7,0,8,0,3,114,0,117,0,4,121,0,125,96,0,96,221
08/16/2014,WJF,CA,AWP,WE,Federal Contract Tower,0,2,11,0,13,0,0,130,0,130,0,2,141,0,143,92,0,92,235
08/17/2014,WJF,CA,AWP,WE,Federal Contract Tower,0,0,6,0,6,0,0,102,0,102,0,0,108,0,108,90,0,90,198
08/18/2014,WJF,CA,AWP,WE,Federal Contract Tower,0,0,4,0,4,0,2,89,0,91,0,2,93,0,95,104,0,104,199
08/19/2014,WJF,CA,AWP,WE,Federal Contract Tower,0,1,3,0,4,0,3,62,2,67,0,4,65,2,71,46,2,48,119
08/20/2014,WJF,CA,AWP,WE,Federal Contract Tower,0,3,3,0,6,0,5,57,0,62,0,8,60,0,68,32,0,32,100
08/21/2014,WJF,CA,AWP,WE,Federal Contract Tower,0,2,4,0,6,0,1,62,0,63,0,3,66,0,69,142,0,142,211
08/22/2014,WJF,CA,AWP,WE,Federal Contract Tower,0,0,2,1,3,0,2,71,1,74,0,2,73,2,77,134,0,134,211
08/23/2014,WJF,CA,AWP,WE,Federal Contract Tower,0,2,9,0,11,0,0,115,0,115,0,2,124,0,126,146,0,146,272
08/24/2014,WJF,CA,AWP,WE,Federal Contract Tower,0,0,8,0,8,0,0,90,0,90,0,0,98,0,98,112,0,112,210
08/25/2014,WJF,CA,AWP,WE,Federal Contract Tower,0,0,3,0,3,0,2,52,0,54,0,2,55,0,57,34,0,34,91
08/26/2014,WJF,CA,AWP,WE,Federal Contract Tower,0,0,8,0,8,0,2,67,0,69,0,2,75,0,77,30,0,30,107
08/27/2014,WJF,CA,AWP,WE,Federal Contract Tower,0,5,12,0,17,0,5,75,2,82,0,10,87,2,99,48,2,50,149
08/28/2014,WJF,CA,AWP,WE,Federal Contract Tower,0,2,1,0,3,0,0,56,0,56,0,2,57,0,59,94,0,94,153
08/29/2014,WJF,CA,AWP,WE,Federal Contract Tower,0,0,6,0,6,0,0,106,0,106,0,0,112,0,112,123,0,123,235
08/30/2014,WJF,CA,AWP,WE,Federal Contract Tower,0,0,0,0,0,0,2,94,0,96,0,2,94,0,96,102,0,102,198
08/31/2014,WJF,CA,AWP,WE,Federal Contract Tower,0,0,4,0,4,0,0,71,0,71,0,0,75,0,75,106,0,106,181
09/01/2014,WJF,CA,AWP,WE,Federal Contract Tower,0,0,9,0,9,0,0,95,0,95,0,0,104,0,104,124,0,124,228
09/02/2014,WJF,CA,AWP,WE,Federal Contract Tower,0,0,10,4,14,0,3,49,0,52,0,3,59,4,66,38,2,40,106
09/03/2014,WJF,CA,AWP,WE,Federal Contract Tower,0,0,2,4,6,0,3,51,0,54,0,3,53,4,60,86,2,88,148
09/04/2014,WJF,CA,AWP,WE,Federal Contract Tower,0,0,4,2,6,0,2,67,2,71,0,2,71,4,77,62,0,62,139
09/05/2014,WJF,CA,AWP,WE,Federal Contract Tower,0,2,3,6,11,0,1,78,0,79,0,3,81,6,90,99,2,101,191
09/06/2014,WJF,CA,AWP,WE,Federal Contract Tower,0,0,1,0,1,0,2,96,0,98,0,2,97,0,99,132,0,132,231
09/07/2014,WJF,CA,AWP,WE,Federal Contract Tower,0,0,0,0,0,0,0,75,0,75,0,0,75,0,75,48,0,48,123
09/08/2014,WJF,CA,AWP,WE,Federal Contract Tower,0,0,1,0,1,0,2,47,0,49,0,2,48,0,50,26,0,26,76
09/09/2014,WJF,CA,AWP,WE,Federal Contract Tower,0,2,4,11,17,0,2,51,1,54,0,4,55,12,71,18,6,24,95
09/10/2014,WJF,CA,AWP,WE,Federal Contract Tower,0,0,9,8,17,0,2,75,0,77,0,2,84,8,94,62,0,62,156
09/11/2014,WJF,CA,AWP,WE,Federal Contract Tower,0,1,4,2,7,1,0,43,0,44,1,1,47,2,51,42,0,42,93
09/12/2014,WJF,CA,AWP,WE,Federal Contract Tower,0,2,4,0,6,0,1,89,0,90,0,3,93,0,96,142,0,142,238
09/13/2014,WJF,CA,AWP,WE,Federal Contract Tower,0,0,3,0,3,0,4,102,0,106,0,4,105,0,109,88,0,88,197
09/14/2014,WJF,CA,AWP,WE,Federal Contract Tower,0,0,5,0,5,0,0,95,0,95,0,0,100,0,100,88,0,88,188
09/15/2014,WJF,CA,AWP,WE,Federal Contract Tower,0,0,1,0,1,0,2,55,0,57,0,2,56,0,58,40,0,40,98
09/16/2014,WJF,CA,AWP,WE,Federal Contract Tower,0,0,8,0,8,0,2,63,2,67,0,2,71,2,75,50,0,50,125
09/17/2014,WJF,CA,AWP,WE,Federal Contract Tower,0,2,8,1,11,0,2,54,1,57,0,4,62,2,68,24,8,32,100
09/18/2014,WJF,CA,AWP,WE,Federal Contract Tower,0,0,6,0,6,0,0,55,0,55,0,0,61,0,61,64,0,64,125
09/19/2014,WJF,CA,AWP,WE,Federal Contract Tower,0,0,7,2,9,0,2,62,0,64,0,2,69,2,73,48,0,48,121
09/20/2014,WJF,CA,AWP,WE,Federal Contract Tower,0,1,4,0,5,0,1,107,0,108,0,2,111,0,113,160,0,160,273
09/21/2014,WJF,CA,AWP,WE,Federal Contract Tower,0,0,5,0,5,0,0,91,0,91,0,0,96,0,96,118,0,118,214
09/22/2014,WJF,CA,AWP,WE,Federal Contract Tower,0,0,4,2,6,0,2,51,0,53,0,2,55,2,59,80,0,80,139
09/23/2014,WJF,CA,AWP,WE,Federal Contract Tower,0,1,9,0,10,0,3,65,0,68,0,4,74,0,78,108,0,108,186
09/24/2014,WJF,CA,AWP,WE,Federal Contract Tower,0,1,5,0,6,0,5,63,0,68,0,6,68,0,74,118,0,118,192
09/25/2014,WJF,CA,AWP,WE,Federal Contract Tower,0,2,15,0,17,0,4,66,0,70,0,6,81,0,87,60,0,60,147
09/26/2014,WJF,CA,AWP,WE,Federal Contract Tower,0,0,5,0,5,0,2,77,0,79,0,2,82,0,84,116,0,116,200
09/27/2014,WJF,CA,AWP,WE,Federal Contract Tower,0,0,5,0,5,0,2,69,0,71,0,2,74,0,76,108,0,108,184
09/28/2014,WJF,CA,AWP,WE,Federal Contract Tower,0,0,11,0,11,0,0,77,0,77,0,0,88,0,88,110,0,110,198
09/29/2014,WJF,CA,AWP,WE,Federal Contract Tower,0,0,2,0,2,0,2,83,0,85,0,2,85,0,87,81,0,81,168
09/30/2014,WJF,CA,AWP,WE,Federal Contract Tower,0,4,3,6,13,0,4,67,3,74,0,8,70,9,87,24,0,24,111
10/01/2014,WJF,CA,AWP,WE,Federal Contract Tower,0,2,3,4,9,0,2,60,2,64,0,4,63,6,73,46,6,52,125
10/02/2014,WJF,CA,AWP,WE,Federal Contract Tower,0,0,6,2,8,0,0,51,0,51,0,0,57,2,59,54,0,54,113
10/03/2014,WJF,CA,AWP,WE,Federal Contract Tower,0,2,5,4,11,0,2,72,2,76,0,4,77,6,87,66,0,66,153
10/04/2014,WJF,CA,AWP,WE,Federal Contract Tower,0,0,1,0,1,0,2,109,0,111,0,2,110,0,112,172,0,172,284
10/05/2014,WJF,CA,AWP,WE,Federal Contract Tower,0,0,2,0,2,0,0,83,0,83,0,0,85,0,85,102,0,102,187
10/06/2014,WJF,CA,AWP,WE,Federal Contract Tower,0,0,12,0,12,0,2,56,0,58,0,2,68,0,70,14,0,14,84
10/07/2014,WJF,CA,AWP,WE,Federal Contract Tower,0,2,5,8,15,0,4,57,2,63,0,6,62,10,78,68,2,70,148
10/08/2014,WJF,CA,AWP,WE,Federal Contract Tower,0,0,8,6,14,0,2,64,2,68,0,2,72,8,82,30,2,32,114
10/09/2014,WJF,CA,AWP,WE,Federal Contract Tower,0,6,13,2,21,0,2,76,0,78,0,8,89,2,99,50,0,50,149
10/10/2014,WJF,CA,AWP,WE,Federal Contract Tower,0,0,3,0,3,0,2,97,0,99,0,2,100,0,102,102,0,102,204
10/11/2014,WJF,CA,AWP,WE,Federal Contract Tower,0,0,2,0,2,0,4,106,0,110,0,4,108,0,112,76,0,76,188
10/12/2014,WJF,CA,AWP,WE,Federal Contract Tower,0,0,2,0,2,0,0,86,0,86,0,0,88,0,88,62,0,62,150
10/13/2014,WJF,CA,AWP,WE,Federal Contract Tower,0,1,15,0,16,0,1,93,0,94,0,2,108,0,110,54,0,54,164
10/14/2014,WJF,CA,AWP,WE,Federal Contract Tower,0,0,4,0,4,0,2,65,0,67,0,2,69,0,71,84,0,84,155
10/15/2014,WJF,CA,AWP,WE,Federal Contract Tower,0,1,9,0,10,0,1,36,0,37,0,2,45,0,47,4,0,4,51
10/16/2014,WJF,CA,AWP,WE,Federal Contract Tower,0,0,3,2,5,0,2,100,17,119,0,2,103,19,124,80,4,84,208
10/17/2014,WJF,CA,AWP,WE,Federal Contract Tower,0,1,3,0,4,0,1,74,0,75,0,2,77,0,79,122,0,122,201
10/18/2014,WJF,CA,AWP,WE,Federal Contract Tower,0,1,3,0,4,0,1,94,0,95,0,2,97,0,99,130,0,130,229
10/19/2014,WJF,CA,AWP,WE,Federal Contract Tower,0,2,1,0,3,0,0,95,0,95,0,2,96,0,98,152,0,152,250
10/20/2014,WJF,CA,AWP,WE,Federal Contract Tower,0,1,4,0,5,0,1,61,0,62,0,2,65,0,67,26,0,26,93
10/21/2014,WJF,CA,AWP,WE,Federal Contract Tower,0,1,19,10,30,0,1,56,2,59,0,2,75,12,89,54,6,60,149
10/22/2014,WJF,CA,AWP,WE,Federal Contract Tower,0,1,6,0,7,0,1,96,0,97,0,2,102,0,104,140,0,140,244
10/23/2014,WJF,CA,AWP,WE,Federal Contract Tower,0,3,6,2,11,0,1,77,2,80,0,4,83,4,91,100,0,100,191
10/24/2014,WJF,CA,AWP,WE,Federal Contract Tower,0,1,4,0,5,0,1,96,0,97,0,2,100,0,102,142,0,142,244
10/25/2014,WJF,CA,AWP,WE,Federal Contract Tower,0,0,3,0,3,0,0,94,0,94,0,0,97,0,97,80,0,80,177
10/26/2014,WJF,CA,AWP,WE,Federal Contract Tower,0,0,10,0,10,0,0,71,0,71,0,0,81,0,81,88,0,88,169
10/27/2014,WJF,CA,AWP,WE,Federal Contract Tower,0,2,2,0,4,0,2,60,0,62,0,4,62,0,66,20,0,20,86
10/28/2014,WJF,CA,AWP,WE,Federal Contract Tower,0,1,4,0,5,0,1,71,0,72,0,2,75,0,77,54,0,54,131
10/29/2014,WJF,CA,AWP,WE,Federal Contract Tower,0,1,3,0,4,0,1,78,0,79,0,2,81,0,83,36,0,36,119
10/30/2014,WJF,CA,AWP,WE,Federal Contract Tower,0,1,7,0,8,0,1,78,0,79,0,2,85,0,87,74,0,74,161
10/31/2014,WJF,CA,AWP,WE,Federal Contract Tower,0,0,8,0,8,0,0,53,0,53,0,0,61,0,61,48,0,48,109
11/01/2014,WJF,CA,AWP,WE,Federal Contract Tower,0,0,5,0,5,0,0,70,0,70,0,0,75,0,75,28,0,28,103
11/02/2014,WJF,CA,AWP,WE,Federal Contract Tower,0,0,5,0,5,0,0,107,0,107,0,0,112,0,112,60,0,60,172
11/03/2014,WJF,CA,AWP,WE,Federal Contract Tower,0,1,2,0,3,0,1,41,0,42,0,2,43,0,45,24,0,24,69
11/04/2014,WJF,CA,AWP,WE,Federal Contract Tower,0,1,2,1,4,0,3,48,1,52,0,4,50,2,56,56,0,56,112
11/05/2014,WJF,CA,AWP,WE,Federal Contract Tower,0,3,5,1,9,0,1,74,1,76,0,4,79,2,85,56,0,56,141
11/06/2014,WJF,CA,AWP,WE,Federal Contract Tower,0,4,6,0,10,0,2,69,0,71,0,6,75,0,81,130,0,130,211
11/07/2014,WJF,CA,AWP,WE,Federal Contract Tower,1,0,1,0,2,0,0,98,0,98,1,0,99,0,100,82,0,82,182
11/08/2014,WJF,CA,AWP,WE,Federal Contract Tower,0,0,1,0,1,0,0,124,0,124,0,0,125,0,125,210,0,210,335
11/09/2014,WJF,CA,AWP,WE,Federal Contract Tower,0,0,4,0,4,0,2,159,0,161,0,2,163,0,165,262,0,262,427
11/10/2014,WJF,CA,AWP,WE,Federal Contract Tower,0,1,3,1,5,0,0,64,1,65,0,1,67,2,70,42,0,42,112
11/11/2014,WJF,CA,AWP,WE,Federal Contract Tower,0,1,8,0,9,0,1,64,0,65,0,2,72,0,74,10,0,10,84
11/12/2014,WJF,CA,AWP,WE,Federal Contract Tower,0,0,5,0,5,0,0,48,0,48,0,0,53,0,53,102,0,102,155
11/13/2014,WJF,CA,AWP,WE,Federal Contract Tower,0,0,10,0,10,0,1,57,4,62,0,1,67,4,72,20,22,42,114
11/14/2014,WJF,CA,AWP,WE,Federal Contract Tower,0,1,7,2,10,0,0,63,0,63,0,1,70,2,73,74,0,74,147
11/15/2014,WJF,CA,AWP,WE,Federal Contract Tower,0,1,2,0,3,0,1,49,0,50,0,2,51,0,53,52,0,52,105
11/16/2014,WJF,CA,AWP,WE,Federal Contract Tower,0,0,2,0,2,0,0,43,0,43,0,0,45,0,45,68,0,68,113
11/17/2014,WJF,CA,AWP,WE,Federal Contract Tower,0,1,7,2,10,0,1,55,2,58,0,2,62,4,68,46,0,46,114
11/18/2014,WJF,CA,AWP,WE,Federal Contract Tower,0,1,3,4,8,0,1,47,4,52,0,2,50,8,60,38,2,40,100
11/19/2014,WJF,CA,AWP,WE,Federal Contract Tower,0,1,8,0,9,0,1,32,6,39,0,2,40,6,48,8,0,8,56
11/20/2014,WJF,CA,AWP,WE,Federal Contract Tower,0,1,6,2,9,0,1,57,6,64,0,2,63,8,73,64,2,66,139
11/21/2014,WJF,CA,AWP,WE,Federal Contract Tower,0,0,15,0,15,0,0,73,0,73,0,0,88,0,88,38,0,38,126
11/22/2014,WJF,CA,AWP,WE,Federal Contract Tower,0,0,4,4,8,0,2,23,0,25,0,2,27,4,33,18,0,18,51
11/23/2014,WJF,CA,AWP,WE,Federal Contract Tower,0,0,3,0,3,0,0,50,0,50,0,0,53,0,53,50,0,50,103
11/24/2014,WJF,CA,AWP,WE,Federal Contract Tower,0,1,5,0,6,0,1,50,0,51,0,2,55,0,57,26,0,26,83
11/25/2014,WJF,CA,AWP,WE,Federal Contract Tower,0,1,10,5,16,0,1,77,1,79,0,2,87,6,95,148,0,148,243
11/26/2014,WJF,CA,AWP,WE,Federal Contract Tower,0,1,5,0,6,0,1,84,0,85,0,2,89,0,91,26,0,26,117
11/27/2014,WJF,CA,AWP,WE,Federal Contract Tower,0,0,3,0,3,0,0,73,0,73,0,0,76,0,76,126,0,126,202
11/28/2014,WJF,CA,AWP,WE,Federal Contract Tower,0,0,4,0,4,0,2,117,0,119,0,2,121,0,123,36,0,36,159
11/29/2014,WJF,CA,AWP,WE,Federal Contract Tower,0,1,6,0,7,0,1,120,0,121,0,2,126,0,128,98,0,98,226
11/30/2014,WJF,CA,AWP,WE,Federal Contract Tower,0,0,6,0,6,0,0,84,0,84,0,0,90,0,90,46,0,46,136
12/01/2014,WJF,CA,AWP,WE,Federal Contract Tower,0,1,5,1,7,0,1,59,1,61,0,2,64,2,68,20,2,22,90
12/02/2014,WJF,CA,AWP,WE,Federal Contract Tower,0,2,1,0,3,0,0,3,0,3,0,2,4,0,6,4,0,4,10
12/03/2014,WJF,CA,AWP,WE,Federal Contract Tower,0,0,5,0,5,0,0,0,0,0,0,0,5,0,5,2,0,2,7
12/04/2014,WJF,CA,AWP,WE,Federal Contract Tower,0,1,4,0,5,0,1,42,0,43,0,2,46,0,48,64,0,64,112
12/05/2014,WJF,CA,AWP,WE,Federal Contract Tower,0,2,6,0,8,0,0,57,0,57,0,2,63,0,65,106,0,106,171
12/06/2014,WJF,CA,AWP,WE,Federal Contract Tower,0,2,4,0,6,0,0,87,0,87,0,2,91,0,93,96,0,96,189
12/07/2014,WJF,CA,AWP,WE,Federal Contract Tower,0,0,6,0,6,0,0,112,0,112,0,0,118,0,118,300,0,300,418
12/08/2014,WJF,CA,AWP,WE,Federal Contract Tower,0,1,4,0,5,0,1,46,0,47,0,2,50,0,52,44,0,44,96
12/09/2014,WJF,CA,AWP,WE,Federal Contract Tower,0,1,3,2,6,0,1,67,4,72,0,2,70,6,78,34,0,34,112
12/10/2014,WJF,CA,AWP,WE,Federal Contract Tower,0,1,3,0,4,0,1,73,0,74,0,2,76,0,78,64,0,64,142
12/11/2014,WJF,CA,AWP,WE,Federal Contract Tower,0,1,2,0,3,0,0,47,0,47,0,1,49,0,50,66,0,66,116
12/12/2014,WJF,CA,AWP,WE,Federal Contract Tower,0,4,0,0,4,0,0,1,0,1,0,4,1,0,5,0,0,0,5
12/13/2014,WJF,CA,AWP,WE,Federal Contract Tower,0,0,3,0,3,0,2,86,0,88,0,2,89,0,91,128,0,128,219
12/14/2014,WJF,CA,AWP,WE,Federal Contract Tower,0,0,4,0,4,0,0,94,0,94,0,0,98,0,98,102,0,102,200
12/15/2014,WJF,CA,AWP,WE,Federal Contract Tower,0,3,6,3,12,0,0,36,5,41,0,3,42,8,53,22,4,26,79
12/16/2014,WJF,CA,AWP,WE,Federal Contract Tower,0,1,2,2,5,0,1,10,0,11,0,2,12,2,16,0,0,0,16
12/17/2014,WJF,CA,AWP,WE,Federal Contract Tower,0,3,1,0,4,0,1,27,6,34,0,4,28,6,38,28,4,32,70
12/18/2014,WJF,CA,AWP,WE,Federal Contract Tower,0,0,9,0,9,0,0,68,0,68,0,0,77,0,77,92,0,92,169
12/19/2014,WJF,CA,AWP,WE,Federal Contract Tower,0,1,14,0,15,0,0,84,0,84,0,1,98,0,99,113,0,113,212
12/20/2014,WJF,CA,AWP,WE,Federal Contract Tower,0,0,5,0,5,0,0,119,0,119,0,0,124,0,124,104,0,104,228
12/21/2014,WJF,CA,AWP,WE,Federal Contract Tower,0,0,1,0,1,0,0,59,0,59,0,0,60,0,60,126,0,126,186
12/22/2014,WJF,CA,AWP,WE,Federal Contract Tower,0,0,3,0,3,0,2,78,0,80,0,2,81,0,83,56,0,56,139
12/23/2014,WJF,CA,AWP,WE,Federal Contract Tower,0,1,6,0,7,0,1,100,0,101,0,2,106,0,108,42,0,42,150
12/24/2014,WJF,CA,AWP,WE,Federal Contract Tower,0,1,5,0,6,0,3,46,0,49,0,4,51,0,55,70,0,70,125
12/25/2014,WJF,CA,AWP,WE,Federal Contract Tower,0,0,1,0,1,0,0,16,0,16,0,0,17,0,17,6,0,6,23
12/26/2014,WJF,CA,AWP,WE,Federal Contract Tower,0,1,1,0,2,0,0,59,0,59,0,1,60,0,61,46,0,46,107
12/27/2014,WJF,CA,AWP,WE,Federal Contract Tower,0,0,2,0,2,0,2,61,0,63,0,2,63,0,65,44,0,44,109
12/28/2014,WJF,CA,AWP,WE,Federal Contract Tower,0,0,0,0,0,0,0,57,0,57,0,0,57,0,57,66,0,66,123
12/29/2014,WJF,CA,AWP,WE,Federal Contract Tower,0,1,3,0,4,0,1,58,0,59,0,2,61,0,63,26,0,26,89
12/30/2014,WJF,CA,AWP,WE,Federal Contract Tower,0,1,4,2,7,0,1,31,0,32,0,2,35,2,39,22,0,22,61
12/31/2014,WJF,CA,AWP,WE,Federal Contract Tower,0,1,0,0,1,0,1,35,0,36,0,2,35,0,37,12,0,12,49
01/01/2015,WJF,CA,AWP,WE,Federal Contract Tower,0,0,1,0,1,0,0,70,0,70,0,0,71,0,71,74,0,74,145
01/02/2015,WJF,CA,AWP,WE,Federal Contract Tower,0,1,3,0,4,0,0,81,0,81,0,1,84,0,85,86,0,86,171
01/03/2015,WJF,CA,AWP,WE,Federal Contract Tower,0,0,4,0,4,0,0,72,0,72,0,0,76,0,76,62,0,62,138
01/04/2015,WJF,CA,AWP,WE,Federal Contract Tower,0,0,1,0,1,0,0,82,0,82,0,0,83,0,83,82,0,82,165
01/05/2015,WJF,CA,AWP,WE,Federal Contract Tower,0,1,4,2,7,0,1,59,0,60,0,2,63,2,67,38,0,38,105
01/06/2015,WJF,CA,AWP,WE,Federal Contract Tower,0,1,8,0,9,0,1,87,0,88,0,2,95,0,97,2,0,2,99
01/07/2015,WJF,CA,AWP,WE,Federal Contract Tower,0,1,5,0,6,0,1,64,0,65,0,2,69,0,71,28,0,28,99
01/08/2015,WJF,CA,AWP,WE,Federal Contract Tower,0,0,4,0,4,0,0,90,4,94,0,0,94,4,98,106,0,106,204
01/09/2015,WJF,CA,AWP,WE,Federal Contract Tower,0,2,2,0,4,0,0,57,7,64,0,2,59,7,68,62,0,62,130
01/10/2015,WJF,CA,AWP,WE,Federal Contract Tower,0,0,2,4,6,0,2,82,0,84,0,2,84,4,90,56,0,56,146
01/11/2015,WJF,CA,AWP,WE,Federal Contract Tower,0,0,5,0,5,0,0,13,0,13,0,0,18,0,18,14,0,14,32
01/12/2015,WJF,CA,AWP,WE,Federal Contract Tower,0,1,3,4,8,0,1,67,0,68,0,2,70,4,76,20,0,20,96
01/13/2015,WJF,CA,AWP,WE,Federal Contract Tower,0,2,9,2,13,0,2,54,2,58,0,4,63,4,71,18,0,18,89
01/14/2015,WJF,CA,AWP,WE,Federal Contract Tower,0,1,3,2,6,0,2,69,2,73,0,3,72,4,79,34,0,34,113
01/15/2015,WJF,CA,AWP,WE,Federal Contract Tower,0,0,6,3,9,0,2,68,3,73,0,2,74,6,82,52,0,52,134
01/16/2015,WJF,CA,AWP,WE,Federal Contract Tower,0,1,4,1,6,0,1,103,1,105,0,2,107,2,111,108,0,108,219
01/17/2015,WJF,CA,AWP,WE,Federal Contract Tower,0,0,3,0,3,0,2,104,0,106,0,2,107,0,109,136,0,136,245
01/18/2015,WJF,CA,AWP,WE,Federal Contract Tower,0,0,2,0,2,0,0,112,0,112,0,0,114,0,114,86,0,86,200
01/19/2015,WJF,CA,AWP,WE,Federal Contract Tower,0,1,5,2,8,0,1,76,0,77,0,2,81,2,85,68,0,68,153
01/20/2015,WJF,CA,AWP,WE,Federal Contract Tower,0,1,7,3,11,0,1,58,3,62,0,2,65,6,73,66,0,66,139
01/21/2015,WJF,CA,AWP,WE,Federal Contract Tower,0,1,8,1,10,0,1,71,1,73,0,2,79,2,83,190,0,190,273
01/22/2015,WJF,CA,AWP,WE,Federal Contract Tower,0,1,5,0,6,0,0,65,0,65,0,1,70,0,71,88,0,88,159
01/23/2015,WJF,CA,AWP,WE,Federal Contract Tower,0,0,4,0,4,0,0,60,2,62,0,0,64,2,66,78,2,80,146
01/24/2015,WJF,CA,AWP,WE,Federal Contract Tower,0,0,0,0,0,0,2,59,0,61,0,2,59,0,61,66,0,66,127
01/25/2015,WJF,CA,AWP,WE,Federal Contract Tower,0,0,6,0,6,0,0,92,0,92,0,0,98,0,98,102,0,102,200
01/26/2015,WJF,CA,AWP,WE,Federal Contract Tower,0,2,2,2,6,0,0,50,4,54,0,2,52,6,60,42,0,42,102
01/27/2015,WJF,CA,AWP,WE,Federal Contract Tower,0,1,8,0,9,0,1,37,0,38,0,2,45,0,47,38,0,38,85
01/28/2015,WJF,CA,AWP,WE,Federal Contract Tower,0,1,9,4,14,0,1,70,5,76,0,2,79,9,90,84,16,100,190
01/29/2015,WJF,CA,AWP,WE,Federal Contract Tower,0,0,10,4,14,0,0,82,6,88,0,0,92,10,102,120,0,120,222
01/30/2015,WJF,CA,AWP,WE,Federal Contract Tower,0,2,15,4,21,0,0,66,0,66,0,2,81,4,87,96,0,96,183
01/31/2015,WJF,CA,AWP,WE,Federal Contract Tower,0,0,2,0,2,0,0,116,0,116,0,0,118,0,118,74,0,74,192
02/01/2015,WJF,CA,AWP,WE,Federal Contract Tower,0,0,8,0,8,0,0,138,0,138,0,0,146,0,146,146,0,146,292
02/02/2015,WJF,CA,AWP,WE,Federal Contract Tower,0,1,3,5,9,0,1,64,7,72,0,2,67,12,81,64,0,64,145
02/03/2015,WJF,CA,AWP,WE,Federal Contract Tower,0,1,3,8,12,0,1,66,0,67,0,2,69,8,79,60,0,60,139
02/04/2015,WJF,CA,AWP,WE,Federal Contract Tower,0,1,6,6,13,0,1,93,5,99,0,2,99,11,112,146,4,150,262
02/05/2015,WJF,CA,AWP,WE,Federal Contract Tower,0,1,4,0,5,0,1,85,0,86,0,2,89,0,91,70,0,70,161
02/06/2015,WJF,CA,AWP,WE,Federal Contract Tower,0,1,6,2,9,0,0,68,2,70,0,1,74,4,79,30,0,30,109
02/07/2015,WJF,CA,AWP,WE,Federal Contract Tower,0,0,3,0,3,0,2,64,0,66,0,2,67,0,69,69,0,69,138
02/08/2015,WJF,CA,AWP,WE,Federal Contract Tower,0,0,8,0,8,0,0,128,0,128,0,0,136,0,136,106,0,106,242
02/09/2015,WJF,CA,AWP,WE,Federal Contract Tower,0,2,4,0,6,0,2,52,0,54,0,4,56,0,60,22,0,22,82
02/10/2015,WJF,CA,AWP,WE,Federal Contract Tower,0,1,2,0,3,0,1,59,0,60,0,2,61,0,63,64,0,64,127
02/11/2015,WJF,CA,AWP,WE,Federal Contract Tower,0,3,4,0,7,0,1,65,0,66,0,4,69,0,73,56,0,56,129
02/12/2015,WJF,CA,AWP,WE,Federal Contract Tower,0,2,2,0,4,0,2,92,0,94,0,4,94,0,98,78,0,78,176
02/13/2015,WJF,CA,AWP,WE,Federal Contract Tower,0,16,8,0,24,0,0,114,0,114,0,16,122,0,138,148,0,148,286
02/14/2015,WJF,CA,AWP,WE,Federal Contract Tower,0,5,1,0,6,0,2,95,0,97,0,7,96,0,103,60,0,60,163
02/15/2015,WJF,CA,AWP,WE,Federal Contract Tower,0,1,3,0,4,0,1,148,0,149,0,2,151,0,153,109,0,109,262
02/16/2015,WJF,CA,AWP,WE,Federal Contract Tower,0,7,3,0,10,0,3,87,0,90,0,10,90,0,100,76,0,76,176
02/17/2015,WJF,CA,AWP,WE,Federal Contract Tower,0,4,11,2,17,0,2,72,0,74,0,6,83,2,91,64,0,64,155
02/18/2015,WJF,CA,AWP,WE,Federal Contract Tower,0,1,1,2,4,0,1,80,2,83,0,2,81,4,87,50,0,50,137
02/19/2015,WJF,CA,AWP,WE,Federal Contract Tower,0,2,9,0,11,0,1,93,0,94,0,3,102,0,105,120,0,120,225
02/20/2015,WJF,CA,AWP,WE,Federal Contract Tower,0,1,4,0,5,0,1,95,0,96,0,2,99,0,101,160,0,160,261
02/21/2015,WJF,CA,AWP,WE,Federal Contract Tower,0,0,16,0,16,0,2,85,0,87,0,2,101,0,103,103,0,103,206
02/22/2015,WJF,CA,AWP,WE,Federal Contract Tower,0,0,1,0,1,0,0,29,0,29,0,0,30,0,30,28,0,28,58
02/23/2015,WJF,CA,AWP,WE,Federal Contract Tower,0,1,4,0,5,0,1,40,0,41,0,2,44,0,46,38,0,38,84
02/24/2015,WJF,CA,AWP,WE,Federal Contract Tower,0,1,14,0,15,0,1,84,0,85,0,2,98,0,100,100,0,100,200
02/25/2015,WJF,CA,AWP,WE,Federal Contract Tower,0,3,20,0,23,0,1,112,2,115,0,4,132,2,138,110,2,112,250
02/26/2015,WJF,CA,AWP,WE,Federal Contract Tower,0,2,1,5,8,0,2,62,1,65,0,4,63,6,73,48,0,48,121
02/27/2015,WJF,CA,AWP,WE,Federal Contract Tower,0,0,5,0,5,0,0,56,0,56,0,0,61,0,61,64,0,64,125
02/28/2015,WJF,CA,AWP,WE,Federal Contract Tower,0,1,4,0,5,0,1,62,0,63,0,2,66,0,68,86,0,86,154
03/01/2015,WJF,CA,AWP,WE,Federal Contract Tower,0,0,3,0,3,0,0,41,0,41,0,0,44,0,44,88,0,88,132
03/02/2015,WJF,CA,AWP,WE,Federal Contract Tower,0,1,6,0,7,0,1,24,0,25,0,2,30,0,32,8,0,8,40
03/03/2015,WJF,CA,AWP,WE,Federal Contract Tower,0,1,8,6,15,0,1,57,6,64,0,2,65,12,79,56,0,56,135
03/04/2015,WJF,CA,AWP,WE,Federal Contract Tower,0,1,5,5,11,0,1,56,3,60,0,2,61,8,71,40,0,40,111
03/05/2015,WJF,CA,AWP,WE,Federal Contract Tower,0,0,8,5,13,0,0,85,3,88,0,0,93,8,101,84,0,84,185
03/06/2015,WJF,CA,AWP,WE,Federal Contract Tower,0,1,3,2,6,0,0,83,2,85,0,1,86,4,91,164,0,164,255
03/07/2015,WJF,CA,AWP,WE,Federal Contract Tower,0,0,3,0,3,0,0,157,0,157,0,0,160,0,160,182,0,182,342
03/08/2015,WJF,CA,AWP,WE,Federal Contract Tower,0,0,6,0,6,0,0,136,0,136,0,0,142,0,142,92,0,92,234
03/09/2015,WJF,CA,AWP,WE,Federal Contract Tower,0,2,4,2,8,0,2,67,4,73,0,4,71,6,81,18,0,18,99
03/10/2015,WJF,CA,AWP,WE,Federal Contract Tower,0,0,4,2,6,0,2,88,2,92,0,2,92,4,98,116,0,116,214
03/11/2015,WJF,CA,AWP,WE,Federal Contract Tower,0,0,5,1,6,0,2,56,1,59,0,2,61,2,65,52,0,52,117
03/12/2015,WJF,CA,AWP,WE,Federal Contract Tower,0,1,5,1,7,0,1,46,3,50,0,2,51,4,57,6,4,10,67
03/13/2015,WJF,CA,AWP,WE,Federal Contract Tower,0,0,4,1,5,0,2,106,1,109,0,2,110,2,114,108,4,112,226
03/14/2015,WJF,CA,AWP,WE,Federal Contract Tower,0,1,3,0,4,0,1,106,0,107,0,2,109,0,111,134,0,134,245
03/15/2015,WJF,CA,AWP,WE,Federal Contract Tower,0,0,4,0,4,0,0,131,0,131,0,0,135,0,135,108,0,108,243
03/16/2015,WJF,CA,AWP,WE,Federal Contract Tower,0,1,6,2,9,0,1,67,2,70,0,2,73,4,79,48,6,54,133
03/17/2015,WJF,CA,AWP,WE,Federal Contract Tower,0,1,8,0,9,0,1,42,2,45,0,2,50,2,54,18,0,18,72
03/18/2015,WJF,CA,AWP,WE,Federal Contract Tower,0,2,0,1,3,0,0,62,2,64,0,2,62,3,67,50,20,70,137
03/19/2015,WJF,CA,AWP,WE,Federal Contract Tower,0,0,6,8,14,0,0,38,7,45,0,0,44,15,59,26,76,102,161
03/20/2015,WJF,CA,AWP,WE,Federal Contract Tower,0,0,1,4,5,0,0,70,14,84,0,0,71,18,89,192,168,360,449
03/21/2015,WJF,CA,AWP,WE,Federal Contract Tower,0,0,0,0,0,0,0,75,3,78,0,0,75,3,78,196,226,422,500
03/22/2015,WJF,CA,AWP,WE,Federal Contract Tower,0,0,1,3,4,0,0,102,28,130,0,0,103,31,134,176,318,494,628
03/23/2015,WJF,CA,AWP,WE,Federal Contract Tower,0,0,0,17,17,0,0,33,0,33,0,0,33,17,50,0,2,2,52
03/24/2015,WJF,CA,AWP,WE,Federal Contract Tower,0,0,2,5,7,0,2,30,5,37,0,2,32,10,44,16,6,22,66
03/25/2015,WJF,CA,AWP,WE,Federal Contract Tower,0,0,7,4,11,0,2,111,6,119,0,2,118,10,130,128,0,128,258
03/26/2015,WJF,CA,AWP,WE,Federal Contract Tower,0,0,1,4,5,0,2,85,4,91,0,2,86,8,96,102,0,102,198
03/27/2015,WJF,CA,AWP,WE,Federal Contract Tower,0,0,1,0,1,0,2,109,0,111,0,2,110,0,112,134,0,134,246
03/28/2015,WJF,CA,AWP,WE,Federal Contract Tower,0,0,13,0,13,0,2,114,0,116,0,2,127,0,129,130,0,130,259
03/29/2015,WJF,CA,AWP,WE,Federal Contract Tower,0,0,4,0,4,0,0,100,0,100,0,0,104,0,104,128,0,128,232
03/30/2015,WJF,CA,AWP,WE,Federal Contract Tower,0,0,2,0,2,0,2,83,0,85,0,2,85,0,87,60,0,60,147
03/31/2015,WJF,CA,AWP,WE,Federal Contract Tower,0,0,2,0,2,0,2,46,0,48,0,2,48,0,50,38,0,38,88
04/01/2015,WJF,CA,AWP,WE,Federal Contract Tower,0,0,1,0,1,0,2,44,0,46,0,2,45,0,47,16,0,16,63
04/02/2015,WJF,CA,AWP,WE,Federal Contract Tower,0,0,8,2,10,0,2,78,0,80,0,2,86,2,90,122,0,122,212
04/03/2015,WJF,CA,AWP,WE,Federal Contract Tower,0,0,2,0,2,0,2,75,0,77,0,2,77,0,79,60,0,60,139
04/04/2015,WJF,CA,AWP,WE,Federal Contract Tower,0,0,0,0,0,0,2,91,0,93,0,2,91,0,93,104,0,104,197
04/05/2015,WJF,CA,AWP,WE,Federal Contract Tower,0,0,2,0,2,0,0,45,0,45,0,0,47,0,47,52,0,52,99
04/06/2015,WJF,CA,AWP,WE,Federal Contract Tower,0,0,1,0,1,0,2,47,0,49,0,2,48,0,50,12,0,12,62
04/07/2015,WJF,CA,AWP,WE,Federal Contract Tower,0,0,6,0,6,0,0,23,0,23,0,0,29,0,29,58,0,58,87
04/08/2015,WJF,CA,AWP,WE,Federal Contract Tower,0,0,6,0,6,0,4,55,0,59,0,4,61,0,65,18,0,18,83
04/09/2015,WJF,CA,AWP,WE,Federal Contract Tower,0,0,6,1,7,0,2,92,1,95,0,2,98,2,102,98,0,98,200
04/10/2015,WJF,CA,AWP,WE,Federal Contract Tower,0,1,16,0,17,0,3,89,0,92,0,4,105,0,109,88,0,88,197
04/11/2015,WJF,CA,AWP,WE,Federal Contract Tower,0,0,3,0,3,0,2,113,0,115,0,2,116,0,118,112,0,112,230
04/12/2015,WJF,CA,AWP,WE,Federal Contract Tower,0,0,2,0,2,0,1,172,0,173,0,1,174,0,175,114,0,114,289
04/13/2015,WJF,CA,AWP,WE,Federal Contract Tower,0,0,3,2,5,0,2,57,2,61,0,2,60,4,66,14,0,14,80
04/14/2015,WJF,CA,AWP,WE,Federal Contract Tower,0,0,3,0,3,0,2,34,12,48,0,2,37,12,51,8,0,8,59
04/15/2015,WJF,CA,AWP,WE,Federal Contract Tower,0,0,4,6,10,0,2,64,2,68,0,2,68,8,78,52,0,52,130
04/16/2015,WJF,CA,AWP,WE,Federal Contract Tower,0,0,7,4,11,0,2,79,3,84,0,2,86,7,95,34,0,34,129
04/17/2015,WJF,CA,AWP,WE,Federal Contract Tower,0,0,5,0,5,0,2,106,0,108,0,2,111,0,113,152,0,152,265
04/18/2015,WJF,CA,AWP,WE,Federal Contract Tower,0,0,2,0,2,0,2,96,0,98,0,2,98,0,100,66,0,66,166
04/19/2015,WJF,CA,AWP,WE,Federal Contract Tower,0,0,6,0,6,0,0,103,0,103,0,0,109,0,109,68,0,68,177
04/20/2015,WJF,CA,AWP,WE,Federal Contract Tower,0,0,3,2,5,0,2,70,2,74,0,2,73,4,79,34,0,34,113
04/21/2015,WJF,CA,AWP,WE,Federal Contract Tower,0,1,2,2,5,0,1,36,2,39,0,2,38,4,44,18,0,18,62
04/22/2015,WJF,CA,AWP,WE,Federal Contract Tower,0,0,7,2,9,0,2,55,2,59,0,2,62,4,68,160,0,160,228
04/23/2015,WJF,CA,AWP,WE,Federal Contract Tower,0,1,5,2,8,0,1,66,2,69,0,2,71,4,77,28,0,28,105
04/24/2015,WJF,CA,AWP,WE,Federal Contract Tower,0,1,3,0,4,0,1,40,0,41,0,2,43,0,45,34,0,34,79
04/25/2015,WJF,CA,AWP,WE,Federal Contract Tower,0,2,3,0,5,0,0,19,0,19,0,2,22,0,24,34,0,34,58
04/26/2015,WJF,CA,AWP,WE,Federal Contract Tower,0,0,3,0,3,0,0,59,0,59,0,0,62,0,62,32,0,32,94
04/27/2015,WJF,CA,AWP,WE,Federal Contract Tower,0,0,7,0,7,0,2,58,0,60,0,2,65,0,67,37,0,37,104
04/28/2015,WJF,CA,AWP,WE,Federal Contract Tower,0,1,2,1,4,0,2,60,1,63,0,3,62,2,67,114,0,114,181
04/29/2015,WJF,CA,AWP,WE,Federal Contract Tower,0,2,3,1,6,0,2,71,1,74,0,4,74,2,80,88,2,90,170
04/30/2015,WJF,CA,AWP,WE,Federal Contract Tower,0,1,7,0,8,0,3,67,0,70,0,4,74,0,78,42,0,42,120
05/01/2015,WJF,CA,AWP,WE,Federal Contract Tower,0,2,2,0,4,0,2,87,0,89,0,4,89,0,93,86,0,86,179
05/02/2015,WJF,CA,AWP,WE,Federal Contract Tower,0,0,4,0,4,0,2,80,0,82,0,2,84,0,86,40,0,40,126
05/03/2015,WJF,CA,AWP,WE,Federal Contract Tower,0,0,1,0,1,0,0,83,0,83,0,0,84,0,84,110,0,110,194
05/04/2015,WJF,CA,AWP,WE,Federal Contract Tower,0,2,0,0,2,0,2,54,0,56,0,4,54,0,58,20,0,20,78
05/05/2015,WJF,CA,AWP,WE,Federal Contract Tower,0,0,6,0,6,0,2,49,0,51,0,2,55,0,57,2,0,2,59
05/06/2015,WJF,CA,AWP,WE,Federal Contract Tower,0,2,0,0,2,0,1,34,0,35,0,3,34,0,37,2,0,2,39
05/07/2015,WJF,CA,AWP,WE,Federal Contract Tower,0,1,0,2,3,0,1,47,4,52,0,2,47,6,55,20,0,20,75
05/08/2015,WJF,CA,AWP,WE,Federal Contract Tower,0,1,4,0,5,0,1,24,0,25,0,2,28,0,30,22,0,22,52
05/09/2015,WJF,CA,AWP,WE,Federal Contract Tower,0,1,7,0,8,0,1,86,0,87,0,2,93,0,95,96,0,96,191
05/10/2015,WJF,CA,AWP,WE,Federal Contract Tower,0,0,2,0,2,0,0,108,0,108,0,0,110,0,110,188,0,188,298
05/11/2015,WJF,CA,AWP,WE,Federal Contract Tower,0,0,0,4,4,0,2,63,2,67,0,2,63,6,71,38,4,42,113
05/12/2015,WJF,CA,AWP,WE,Federal Contract Tower,0,0,13,0,13,0,2,47,0,49,0,2,60,0,62,46,0,46,108
05/13/2015,WJF,CA,AWP,WE,Federal Contract Tower,0,0,2,0,2,0,2,52,0,54,0,2,54,0,56,41,0,41,97
05/14/2015,WJF,CA,AWP,WE,Federal Contract Tower,0,1,7,1,9,0,1,31,3,35,0,2,38,4,44,14,0,14,58
05/15/2015,WJF,CA,AWP,WE,Federal Contract Tower,0,1,3,1,5,0,1,34,1,36,0,2,37,2,41,18,0,18,59
05/16/2015,WJF,CA,AWP,WE,Federal Contract Tower,0,0,4,0,4,0,0,80,0,80,0,0,84,0,84,56,0,56,140
05/17/2015,WJF,CA,AWP,WE,Federal Contract Tower,0,0,5,0,5,0,0,112,0,112,0,0,117,0,117,240,0,240,357
05/18/2015,WJF,CA,AWP,WE,Federal Contract Tower,0,1,2,2,5,0,1,36,3,40,0,2,38,5,45,38,1,39,84
05/19/2015,WJF,CA,AWP,WE,Federal Contract Tower,0,0,3,7,10,0,2,62,5,69,0,2,65,12,79,42,2,44,123
05/20/2015,WJF,CA,AWP,WE,Federal Contract Tower,0,0,8,5,13,0,2,67,5,74,0,2,75,10,87,80,0,80,167
05/21/2015,WJF,CA,AWP,WE,Federal Contract Tower,0,0,7,1,8,0,2,57,1,60,0,2,64,2,68,12,0,12,80
05/22/2015,WJF,CA,AWP,WE,Federal Contract Tower,0,1,4,0,5,0,1,55,0,56,0,2,59,0,61,62,0,62,123
05/23/2015,WJF,CA,AWP,WE,Federal Contract Tower,0,0,8,0,8,0,2,59,0,61,0,2,67,0,69,44,0,44,113
05/24/2015,WJF,CA,AWP,WE,Federal Contract Tower,0,0,0,0,0,0,0,74,0,74,0,0,74,0,74,98,0,98,172
05/25/2015,WJF,CA,AWP,WE,Federal Contract Tower,0,0,11,0,11,0,0,152,0,152,0,0,163,0,163,92,0,92,255
05/26/2015,WJF,CA,AWP,WE,Federal Contract Tower,0,0,5,0,5,0,2,72,0,74,0,2,77,0,79,62,0,62,141
05/27/2015,WJF,CA,AWP,WE,Federal Contract Tower,0,0,4,1,5,0,2,79,1,82,0,2,83,2,87,116,0,116,203
05/28/2015,WJF,CA,AWP,WE,Federal Contract Tower,0,2,7,1,10,0,2,84,5,91,0,4,91,6,101,82,0,82,183
05/29/2015,WJF,CA,AWP,WE,Federal Contract Tower,0,0,1,2,3,0,2,89,2,93,0,2,90,4,96,98,0,98,194
05/30/2015,WJF,CA,AWP,WE,Federal Contract Tower,0,2,2,0,4,0,2,149,0,151,0,4,151,0,155,118,0,118,273
05/31/2015,WJF,CA,AWP,WE,Federal Contract Tower,0,0,2,0,2,0,0,78,0,78,0,0,80,0,80,118,0,118,198
06/01/2015,WJF,CA,AWP,WE,Federal Contract Tower,0,0,4,0,4,0,2,48,0,50,0,2,52,0,54,42,0,42,96
06/02/2015,WJF,CA,AWP,WE,Federal Contract Tower,0,0,10,2,12,0,2,51,0,53,0,2,61,2,65,50,0,50,115
06/03/2015,WJF,CA,AWP,WE,Federal Contract Tower,0,0,6,0,6,0,2,50,0,52,0,2,56,0,58,60,0,60,118
06/04/2015,WJF,CA,AWP,WE,Federal Contract Tower,0,0,5,4,9,0,2,59,2,63,0,2,64,6,72,48,0,48,120
06/05/2015,WJF,CA,AWP,WE,Federal Contract Tower,0,0,4,0,4,0,2,92,0,94,0,2,96,0,98,108,0,108,206
06/06/2015,WJF,CA,AWP,WE,Federal Contract Tower,0,0,8,0,8,0,1,89,0,90,0,1,97,0,98,98,0,98,196
06/07/2015,WJF,CA,AWP,WE,Federal Contract Tower,0,0,2,0,2,0,0,118,0,118,0,0,120,0,120,106,0,106,226
06/08/2015,WJF,CA,AWP,WE,Federal Contract Tower,0,0,9,4,13,0,2,63,4,69,0,2,72,8,82,74,0,74,156
06/09/2015,WJF,CA,AWP,WE,Federal Contract Tower,0,0,10,4,14,0,0,49,4,53,0,0,59,8,67,32,0,32,99
06/10/2015,WJF,CA,AWP,WE,Federal Contract Tower,0,0,19,4,23,0,2,68,16,86,0,2,87,20,109,72,0,72,181
06/11/2015,WJF,CA,AWP,WE,Federal Contract Tower,0,0,6,0,6,0,2,77,0,79,0,2,83,0,85,74,0,74,159
06/12/2015,WJF,CA,AWP,WE,Federal Contract Tower,0,0,5,1,6,0,2,59,1,62,0,2,64,2,68,48,0,48,116
06/13/2015,WJF,CA,AWP,WE,Federal Contract Tower,0,0,5,0,5,0,2,112,0,114,0,2,117,0,119,96,0,96,215
06/14/2015,WJF,CA,AWP,WE,Federal Contract Tower,0,0,4,0,4,0,0,83,0,83,0,0,87,0,87,78,0,78,165
06/15/2015,WJF,CA,AWP,WE,Federal Contract Tower,0,0,3,0,3,0,2,49,0,51,0,2,52,0,54,64,0,64,118
06/16/2015,WJF,CA,AWP,WE,Federal Contract Tower,0,0,9,0,9,0,6,63,0,69,0,6,72,0,78,76,0,76,154
06/17/2015,WJF,CA,AWP,WE,Federal Contract Tower,0,2,9,0,11,0,2,59,0,61,0,4,68,0,72,46,0,46,118
06/18/2015,WJF,CA,AWP,WE,Federal Contract Tower,0,0,10,0,10,0,2,53,0,55,0,2,63,0,65,44,0,44,109
06/19/2015,WJF,CA,AWP,WE,Federal Contract Tower,0,1,4,0,5,0,1,70,0,71,0,2,74,0,76,132,0,132,208
06/20/2015,WJF,CA,AWP,WE,Federal Contract Tower,0,0,4,0,4,0,4,124,0,128,0,4,128,0,132,100,0,100,232
06/21/2015,WJF,CA,AWP,WE,Federal Contract Tower,0,0,0,0,0,0,2,76,0,78,0,2,76,0,78,34,0,34,112
06/22/2015,WJF,CA,AWP,WE,Federal Contract Tower,0,0,5,0,5,0,2,63,0,65,0,2,68,0,70,24,0,24,94
06/23/2015,WJF,CA,AWP,WE,Federal Contract Tower,0,0,3,0,3,0,2,59,0,61,0,2,62,0,64,62,0,62,126
06/24/2015,WJF,CA,AWP,WE,Federal Contract Tower,0,1,7,2,10,0,1,149,1,151,0,2,156,3,161,60,2,62,223
06/25/2015,WJF,CA,AWP,WE,Federal Contract Tower,0,2,3,2,7,0,2,66,0,68,0,4,69,2,75,62,0,62,137
06/26/2015,WJF,CA,AWP,WE,Federal Contract Tower,0,0,7,0,7,0,12,87,0,99,0,12,94,0,106,110,0,110,216
06/27/2015,WJF,CA,AWP,WE,Federal Contract Tower,0,0,5,0,5,0,0,137,0,137,0,0,142,0,142,192,0,192,334
06/28/2015,WJF,CA,AWP,WE,Federal Contract Tower,0,0,9,0,9,0,0,110,0,110,0,0,119,0,119,120,0,120,239
06/29/2015,WJF,CA,AWP,WE,Federal Contract Tower,0,0,1,0,1,0,2,65,0,67,0,2,66,0,68,74,0,74,142
06/30/2015,WJF,CA,AWP,WE,Federal Contract Tower,0,0,5,0,5,0,2,68,0,70,0,2,73,0,75,74,0,74,149
07/01/2015,WJF,CA,AWP,WE,Federal Contract Tower,0,0,3,4,7,0,2,60,0,62,0,2,63,4,69,48,0,48,117
07/02/2015,WJF,CA,AWP,WE,Federal Contract Tower,0,0,1,0,1,0,2,70,0,72,0,2,71,0,73,78,0,78,151
07/03/2015,WJF,CA,AWP,WE,Federal Contract Tower,0,0,3,0,3,0,2,86,0,88,0,2,89,0,91,104,0,104,195
07/04/2015,WJF,CA,AWP,WE,Federal Contract Tower,0,0,3,0,3,0,0,76,0,76,0,0,79,0,79,86,0,86,165
07/05/2015,WJF,CA,AWP,WE,Federal Contract Tower,0,0,11,0,11,0,0,70,0,70,0,0,81,0,81,50,0,50,131
07/06/2015,WJF,CA,AWP,WE,Federal Contract Tower,0,0,2,0,2,0,2,49,0,51,0,2,51,0,53,62,0,62,115
07/07/2015,WJF,CA,AWP,WE,Federal Contract Tower,0,0,5,5,10,0,2,54,3,59,0,2,59,8,69,8,0,8,77
07/08/2015,WJF,CA,AWP,WE,Federal Contract Tower,0,0,2,12,14,0,1,56,2,59,0,1,58,14,73,44,0,44,117
07/09/2015,WJF,CA,AWP,WE,Federal Contract Tower,0,0,3,8,11,0,2,36,0,38,0,2,39,8,49,18,0,18,67
07/10/2015,WJF,CA,AWP,WE,Federal Contract Tower,0,0,2,0,2,0,2,66,0,68,0,2,68,0,70,54,0,54,124
07/11/2015,WJF,CA,AWP,WE,Federal Contract Tower,0,0,2,1,3,0,2,95,0,97,0,2,97,1,100,104,0,104,204
07/12/2015,WJF,CA,AWP,WE,Federal Contract Tower,0,0,5,0,5,0,0,111,0,111,0,0,116,0,116,148,0,148,264
07/13/2015,WJF,CA,AWP,WE,Federal Contract Tower,0,0,4,0,4,0,2,41,0,43,0,2,45,0,47,12,0,12,59
07/14/2015,WJF,CA,AWP,WE,Federal Contract Tower,0,0,9,0,9,0,2,80,0,82,0,2,89,0,91,58,0,58,149
07/15/2015,WJF,CA,AWP,WE,Federal Contract Tower,0,0,5,0,5,0,2,59,0,61,0,2,64,0,66,76,0,76,142
07/16/2015,WJF,CA,AWP,WE,Federal Contract Tower,0,0,6,0,6,0,0,69,0,69,0,0,75,0,75,16,0,16,91
07/17/2015,WJF,CA,AWP,WE,Federal Contract Tower,0,0,6,0,6,0,2,94,0,96,0,2,100,0,102,114,0,114,216
07/18/2015,WJF,CA,AWP,WE,Federal Contract Tower,0,0,2,0,2,0,2,72,0,74,0,2,74,0,76,66,0,66,142
07/19/2015,WJF,CA,AWP,WE,Federal Contract Tower,0,2,5,0,7,0,0,54,0,54,0,2,59,0,61,116,0,116,177
07/20/2015,WJF,CA,AWP,WE,Federal Contract Tower,0,0,5,0,5,0,2,44,0,46,0,2,49,0,51,58,0,58,109
07/21/2015,WJF,CA,AWP,WE,Federal Contract Tower,0,0,6,0,6,0,2,70,0,72,0,2,76,0,78,102,0,102,180
07/22/2015,WJF,CA,AWP,WE,Federal Contract Tower,0,6,7,0,13,0,0,60,0,60,0,6,67,0,73,100,0,100,173
07/23/2015,WJF,CA,AWP,WE,Federal Contract Tower,0,0,6,1,7,0,0,75,1,76,0,0,81,2,83,42,0,42,125
07/24/2015,WJF,CA,AWP,WE,Federal Contract Tower,0,0,6,0,6,0,2,77,3,82,0,2,83,3,88,24,0,24,112
07/25/2015,WJF,CA,AWP,WE,Federal Contract Tower,0,0,0,0,0,0,2,112,0,114,0,2,112,0,114,76,0,76,190
07/26/2015,WJF,CA,AWP,WE,Federal Contract Tower,0,2,4,0,6,0,5,62,0,67,0,7,66,0,73,94,0,94,167
07/27/2015,WJF,CA,AWP,WE,Federal Contract Tower,0,0,1,3,4,0,2,47,9,58,0,2,48,12,62,10,6,16,78
07/28/2015,WJF,CA,AWP,WE,Federal Contract Tower,0,0,2,0,2,0,2,78,4,84,0,2,80,4,86,252,4,256,342
07/29/2015,WJF,CA,AWP,WE,Federal Contract Tower,0,4,9,2,15,0,0,64,0,64,0,4,73,2,79,90,0,90,169
07/30/2015,WJF,CA,AWP,WE,Federal Contract Tower,0,2,8,0,10,0,4,45,0,49,0,6,53,0,59,24,0,24,83
07/31/2015,WJF,CA,AWP,WE,Federal Contract Tower,0,0,5,1,6,0,3,86,1,90,0,3,91,2,96,108,0,108,204
08/01/2015,WJF,CA,AWP,WE,Federal Contract Tower,0,0,3,0,3,0,2,109,0,111,0,2,112,0,114,90,0,90,204
08/02/2015,WJF,CA,AWP,WE,Federal Contract Tower,0,0,3,0,3,0,0,81,0,81,0,0,84,0,84,112,0,112,196
08/03/2015,WJF,CA,AWP,WE,Federal Contract Tower,0,2,6,0,8,0,2,38,0,40,0,4,44,0,48,58,0,58,106
08/04/2015,WJF,CA,AWP,WE,Federal Contract Tower,0,1,5,0,6,0,1,80,0,81,0,2,85,0,87,82,0,82,169
08/05/2015,WJF,CA,AWP,WE,Federal Contract Tower,0,0,2,0,2,0,2,75,2,79,0,2,77,2,81,44,0,44,125
08/06/2015,WJF,CA,AWP,WE,Federal Contract Tower,0,0,9,6,15,0,2,59,0,61,0,2,68,6,76,42,0,42,118
08/07/2015,WJF,CA,AWP,WE,Federal Contract Tower,0,1,5,0,6,0,1,87,0,88,0,2,92,0,94,30,0,30,124
08/08/2015,WJF,CA,AWP,WE,Federal Contract Tower,0,1,6,0,7,0,1,125,0,126,0,2,131,0,133,116,0,116,249
08/09/2015,WJF,CA,AWP,WE,Federal Contract Tower,0,0,3,0,3,0,0,102,0,102,0,0,105,0,105,88,0,88,193
08/10/2015,WJF,CA,AWP,WE,Federal Contract Tower,0,0,1,2,3,0,2,64,4,70,0,2,65,6,73,98,2,100,173
08/11/2015,WJF,CA,AWP,WE,Federal Contract Tower,0,0,6,5,11,0,2,65,3,70,0,2,71,8,81,116,8,124,205
08/12/2015,WJF,CA,AWP,WE,Federal Contract Tower,0,0,4,6,10,0,2,68,0,70,0,2,72,6,80,92,0,92,172
08/13/2015,WJF,CA,AWP,WE,Federal Contract Tower,0,0,6,4,10,0,2,79,0,81,0,2,85,4,91,124,0,124,215
08/14/2015,WJF,CA,AWP,WE,Federal Contract Tower,0,0,2,1,3,0,2,140,1,143,0,2,142,2,146,114,0,114,260
08/15/2015,WJF,CA,AWP,WE,Federal Contract Tower,0,0,2,0,2,0,2,98,0,100,0,2,100,0,102,94,0,94,196
08/16/2015,WJF,CA,AWP,WE,Federal Contract Tower,0,0,3,0,3,0,0,131,0,131,0,0,134,0,134,74,0,74,208
08/17/2015,WJF,CA,AWP,WE,Federal Contract Tower,0,1,7,1,9,0,1,100,1,102,0,2,107,2,111,48,0,48,159
08/18/2015,WJF,CA,AWP,WE,Federal Contract Tower,0,0,9,0,9,0,2,49,0,51,0,2,58,0,60,60,0,60,120
08/19/2015,WJF,CA,AWP,WE,Federal Contract Tower,0,0,7,0,7,0,2,66,0,68,0,2,73,0,75,46,0,46,121
08/20/2015,WJF,CA,AWP,WE,Federal Contract Tower,0,0,7,0,7,0,2,53,0,55,0,2,60,0,62,76,0,76,138
08/21/2015,WJF,CA,AWP,WE,Federal Contract Tower,0,0,3,0,3,0,2,57,0,59,0,2,60,0,62,54,0,54,116
08/22/2015,WJF,CA,AWP,WE,Federal Contract Tower,0,1,4,0,5,0,1,137,0,138,0,2,141,0,143,124,0,124,267
08/23/2015,WJF,CA,AWP,WE,Federal Contract Tower,0,0,5,0,5,0,0,88,0,88,0,0,93,0,93,102,0,102,195
08/24/2015,WJF,CA,AWP,WE,Federal Contract Tower,0,0,8,1,9,0,2,53,1,56,0,2,61,2,65,88,0,88,153
08/25/2015,WJF,CA,AWP,WE,Federal Contract Tower,0,0,10,0,10,0,2,52,0,54,0,2,62,0,64,48,0,48,112
08/26/2015,WJF,CA,AWP,WE,Federal Contract Tower,0,0,8,2,10,0,2,55,0,57,0,2,63,2,67,74,0,74,141
08/27/2015,WJF,CA,AWP,WE,Federal Contract Tower,0,0,7,0,7,0,2,61,0,63,0,2,68,0,70,86,0,86,156
08/28/2015,WJF,CA,AWP,WE,Federal Contract Tower,0,0,2,0,2,0,2,110,0,112,0,2,112,0,114,178,0,178,292
08/29/2015,WJF,CA,AWP,WE,Federal Contract Tower,0,1,0,0,1,0,1,88,0,89,0,2,88,0,90,254,0,254,344
08/30/2015,WJF,CA,AWP,WE,Federal Contract Tower,0,0,1,0,1,0,0,64,0,64,0,0,65,0,65,94,0,94,159
08/31/2015,WJF,CA,AWP,WE,Federal Contract Tower,0,0,1,6,7,0,2,47,2,51,0,2,48,8,58,48,8,56,114
09/01/2015,WJF,CA,AWP,WE,Federal Contract Tower,0,2,7,1,10,0,2,69,1,72,0,4,76,2,82,48,0,48,130
09/02/2015,WJF,CA,AWP,WE,Federal Contract Tower,0,0,3,0,3,0,2,53,0,55,0,2,56,0,58,32,0,32,90
09/03/2015,WJF,CA,AWP,WE,Federal Contract Tower,0,3,4,1,8,0,17,33,1,51,0,20,37,2,59,91,0,91,150
09/04/2015,WJF,CA,AWP,WE,Federal Contract Tower,0,3,1,0,4,0,7,55,0,62,0,10,56,0,66,26,0,26,92
09/05/2015,WJF,CA,AWP,WE,Federal Contract Tower,0,0,3,0,3,0,2,82,0,84,0,2,85,0,87,98,0,98,185
09/06/2015,WJF,CA,AWP,WE,Federal Contract Tower,0,0,3,0,3,0,0,77,2,79,0,0,80,2,82,66,0,66,148
09/07/2015,WJF,CA,AWP,WE,Federal Contract Tower,0,2,4,0,6,0,0,86,0,86,0,2,90,0,92,121,0,121,213
09/08/2015,WJF,CA,AWP,WE,Federal Contract Tower,0,0,3,0,3,0,2,57,2,61,0,2,60,2,64,76,0,76,140
09/09/2015,WJF,CA,AWP,WE,Federal Contract Tower,0,2,2,0,4,0,2,62,0,64,0,4,64,0,68,2,0,2,70
09/10/2015,WJF,CA,AWP,WE,Federal Contract Tower,0,0,3,0,3,0,2,47,0,49,0,2,50,0,52,72,0,72,124
09/11/2015,WJF,CA,AWP,WE,Federal Contract Tower,0,0,1,1,2,0,2,87,1,90,0,2,88,2,92,90,0,90,182
09/12/2015,WJF,CA,AWP,WE,Federal Contract Tower,0,0,3,0,3,0,2,80,0,82,0,2,83,0,85,172,0,172,257
09/13/2015,WJF,CA,AWP,WE,Federal Contract Tower,0,0,2,0,2,0,0,62,0,62,0,0,64,0,64,58,0,58,122
09/14/2015,WJF,CA,AWP,WE,Federal Contract Tower,0,0,1,0,1,0,2,28,0,30,0,2,29,0,31,20,0,20,51
09/15/2015,WJF,CA,AWP,WE,Federal Contract Tower,0,0,9,12,21,0,2,19,0,21,0,2,28,12,42,24,0,24,66
09/16/2015,WJF,CA,AWP,WE,Federal Contract Tower,0,1,4,4,9,0,3,58,2,63,0,4,62,6,72,56,8,64,136
09/17/2015,WJF,CA,AWP,WE,Federal Contract Tower,0,0,4,1,5,0,2,69,1,72,0,2,73,2,77,60,0,60,137
09/18/2015,WJF,CA,AWP,WE,Federal Contract Tower,0,0,1,0,1,0,2,62,0,64,0,2,63,0,65,78,0,78,143
09/19/2015,WJF,CA,AWP,WE,Federal Contract Tower,0,0,4,0,4,0,2,93,0,95,0,2,97,0,99,124,0,124,223
09/20/2015,WJF,CA,AWP,WE,Federal Contract Tower,0,0,6,0,6,0,0,113,0,113,0,0,119,0,119,76,0,76,195
09/21/2015,WJF,CA,AWP,WE,Federal Contract Tower,0,0,8,0,8,0,2,42,0,44,0,2,50,0,52,22,0,22,74
09/22/2015,WJF,CA,AWP,WE,Federal Contract Tower,0,0,7,0,7,0,2,42,0,44,0,2,49,0,51,4,0,4,55
09/23/2015,WJF,CA,AWP,WE,Federal Contract Tower,0,2,11,0,13,0,2,81,0,83,0,4,92,0,96,42,0,42,138
09/24/2015,WJF,CA,AWP,WE,Federal Contract Tower,0,0,7,0,7,0,2,65,0,67,0,2,72,0,74,60,0,60,134
09/25/2015,WJF,CA,AWP,WE,Federal Contract Tower,0,0,0,0,0,0,2,76,0,78,0,2,76,0,78,68,0,68,146
09/26/2015,WJF,CA,AWP,WE,Federal Contract Tower,0,1,3,0,4,0,1,94,0,95,0,2,97,0,99,174,0,174,273
09/27/2015,WJF,CA,AWP,WE,Federal Contract Tower,0,0,1,0,1,0,0,90,0,90,0,0,91,0,91,94,0,94,185
09/28/2015,WJF,CA,AWP,WE,Federal Contract Tower,0,0,0,2,2,0,2,54,0,56,0,2,54,2,58,28,0,28,86
09/29/2015,WJF,CA,AWP,WE,Federal Contract Tower,0,0,7,1,8,0,2,76,1,79,0,2,83,2,87,70,0,70,157
09/30/2015,WJF,CA,AWP,WE,Federal Contract Tower,0,0,7,1,8,0,2,87,1,90,0,2,94,2,98,82,0,82,180
10/01/2015,WJF,CA,AWP,WE,Federal Contract Tower,0,0,3,2,5,0,2,80,0,82,0,2,83,2,87,3,0,3,90
10/02/2015,WJF,CA,AWP,WE,Federal Contract Tower,0,0,3,2,5,0,2,61,0,63,0,2,64,2,68,34,0,34,102
10/03/2015,WJF,CA,AWP,WE,Federal Contract Tower,0,1,3,0,4,0,1,97,0,98,0,2,100,0,102,126,0,126,228
10/04/2015,WJF,CA,AWP,WE,Federal Contract Tower,0,0,5,0,5,0,0,29,6,35,0,0,34,6,40,0,8,8,48
10/05/2015,WJF,CA,AWP,WE,Federal Contract Tower,0,1,3,0,4,0,1,43,0,44,0,2,46,0,48,40,0,40,88
10/06/2015,WJF,CA,AWP,WE,Federal Contract Tower,0,0,4,0,4,0,2,66,0,68,0,2,70,0,72,84,0,84,156
10/07/2015,WJF,CA,AWP,WE,Federal Contract Tower,0,1,4,0,5,0,1,78,0,79,0,2,82,0,84,70,0,70,154
10/08/2015,WJF,CA,AWP,WE,Federal Contract Tower,0,1,1,2,4,0,1,76,0,77,0,2,77,2,81,60,0,60,141
10/09/2015,WJF,CA,AWP,WE,Federal Contract Tower,0,1,2,0,3,0,1,94,0,95,0,2,96,0,98,172,0,172,270
10/10/2015,WJF,CA,AWP,WE,Federal Contract Tower,0,0,2,0,2,0,2,103,0,105,0,2,105,0,107,158,0,158,265
10/11/2015,WJF,CA,AWP,WE,Federal Contract Tower,0,0,0,0,0,0,0,94,0,94,0,0,94,0,94,128,0,128,222
10/12/2015,WJF,CA,AWP,WE,Federal Contract Tower,0,1,8,0,9,0,1,70,0,71,0,2,78,0,80,98,0,98,178
10/13/2015,WJF,CA,AWP,WE,Federal Contract Tower,0,1,3,0,4,0,1,47,0,48,0,2,50,0,52,92,0,92,144
10/14/2015,WJF,CA,AWP,WE,Federal Contract Tower,0,1,6,0,7,0,1,67,0,68,0,2,73,0,75,60,0,60,135
10/15/2015,WJF,CA,AWP,WE,Federal Contract Tower,0,1,4,2,7,0,1,62,0,63,0,2,66,2,70,10,0,10,80
10/16/2015,WJF,CA,AWP,WE,Federal Contract Tower,0,1,0,0,1,0,1,84,0,85,0,2,84,0,86,52,0,52,138
10/17/2015,WJF,CA,AWP,WE,Federal Contract Tower,0,2,9,0,11,0,0,77,0,77,0,2,86,0,88,106,0,106,194
10/18/2015,WJF,CA,AWP,WE,Federal Contract Tower,0,0,2,0,2,0,0,64,0,64,0,0,66,0,66,96,0,96,162
10/19/2015,WJF,CA,AWP,WE,Federal Contract Tower,0,1,5,2,8,0,1,80,0,81,0,2,85,2,89,46,0,46,135
10/20/2015,WJF,CA,AWP,WE,Federal Contract Tower,0,1,7,1,9,0,1,85,3,89,0,2,92,4,98,88,0,88,186
10/21/2015,WJF,CA,AWP,WE,Federal Contract Tower,0,1,0,4,5,0,1,77,0,78,0,2,77,4,83,88,0,88,171
10/22/2015,WJF,CA,AWP,WE,Federal Contract Tower,0,1,2,0,3,0,1,105,0,106,0,2,107,0,109,26,0,26,135
10/23/2015,WJF,CA,AWP,WE,Federal Contract Tower,0,0,3,0,3,0,2,112,0,114,0,2,115,0,117,124,0,124,241
10/24/2015,WJF,CA,AWP,WE,Federal Contract Tower,0,1,8,0,9,0,1,116,0,117,0,2,124,0,126,142,0,142,268
10/25/2015,WJF,CA,AWP,WE,Federal Contract Tower,0,0,3,0,3,0,0,92,0,92,0,0,95,0,95,96,0,96,191
10/26/2015,WJF,CA,AWP,WE,Federal Contract Tower,0,1,0,1,2,0,1,65,1,67,0,2,65,2,69,32,0,32,101
10/27/2015,WJF,CA,AWP,WE,Federal Contract Tower,0,2,10,0,12,0,1,85,0,86,0,3,95,0,98,118,0,118,216
10/28/2015,WJF,CA,AWP,WE,Federal Contract Tower,0,2,9,0,11,0,1,57,0,58,0,3,66,0,69,8,0,8,77
10/29/2015,WJF,CA,AWP,WE,Federal Contract Tower,0,0,1,0,1,0,1,36,0,37,0,1,37,0,38,14,0,14,52
10/30/2015,WJF,CA,AWP,WE,Federal Contract Tower,0,0,2,0,2,0,2,45,0,47,0,2,47,0,49,72,0,72,121
10/31/2015,WJF,CA,AWP,WE,Federal Contract Tower,0,1,4,0,5,0,1,126,0,127,0,2,130,0,132,78,0,78,210
11/01/2015,WJF,CA,AWP,WE,Federal Contract Tower,0,0,3,0,3,0,0,96,0,96,0,0,99,0,99,98,0,98,197
11/02/2015,WJF,CA,AWP,WE,Federal Contract Tower,0,2,5,0,7,0,0,18,0,18,0,2,23,0,25,8,0,8,33
11/03/2015,WJF,CA,AWP,WE,Federal Contract Tower,0,1,0,2,3,0,1,25,3,29,0,2,25,5,32,36,2,38,70
11/04/2015,WJF,CA,AWP,WE,Federal Contract Tower,0,1,1,0,2,0,1,45,0,46,0,2,46,0,48,14,0,14,62
11/05/2015,WJF,CA,AWP,WE,Federal Contract Tower,0,1,4,4,9,0,1,83,4,88,0,2,87,8,97,64,0,64,161
11/06/2015,WJF,CA,AWP,WE,Federal Contract Tower,0,1,6,0,7,0,1,70,0,71,0,2,76,0,78,88,0,88,166
11/07/2015,WJF,CA,AWP,WE,Federal Contract Tower,0,1,4,2,7,0,1,122,0,123,0,2,126,2,130,110,0,110,240
11/08/2015,WJF,CA,AWP,WE,Federal Contract Tower,0,0,7,0,7,0,0,149,0,149,0,0,156,0,156,162,0,162,318
11/09/2015,WJF,CA,AWP,WE,Federal Contract Tower,0,4,2,10,16,0,1,34,0,35,0,5,36,10,51,20,0,20,71
11/10/2015,WJF,CA,AWP,WE,Federal Contract Tower,0,3,0,8,11,0,1,25,2,28,0,4,25,10,39,8,2,10,49
11/11/2015,WJF,CA,AWP,WE,Federal Contract Tower,0,4,5,0,9,0,2,80,0,82,0,6,85,0,91,56,0,56,147
11/12/2015,WJF,CA,AWP,WE,Federal Contract Tower,0,1,0,6,7,0,1,63,6,70,0,2,63,12,77,44,0,44,121
11/13/2015,WJF,CA,AWP,WE,Federal Contract Tower,0,1,3,0,4,0,1,70,0,71,0,2,73,0,75,76,0,76,151
11/14/2015,WJF,CA,AWP,WE,Federal Contract Tower,0,0,11,0,11,0,2,162,0,164,0,2,173,0,175,180,0,180,355
11/15/2015,WJF,CA,AWP,WE,Federal Contract Tower,0,0,0,0,0,0,0,17,0,17,0,0,17,0,17,38,0,38,55
11/16/2015,WJF,CA,AWP,WE,Federal Contract Tower,0,1,7,2,10,0,1,23,0,24,0,2,30,2,34,24,0,24,58
11/17/2015,WJF,CA,AWP,WE,Federal Contract Tower,0,2,10,1,13,0,1,45,0,46,0,3,55,1,59,36,0,36,95
11/18/2015,WJF,CA,AWP,WE,Federal Contract Tower,0,1,5,2,8,0,1,37,0,38,0,2,42,2,46,38,0,38,84
11/19/2015,WJF,CA,AWP,WE,Federal Contract Tower,0,1,3,0,4,0,1,89,4,94,0,2,92,4,98,52,16,68,166
11/20/2015,WJF,CA,AWP,WE,Federal Contract Tower,0,4,3,0,7,0,1,105,0,106,0,5,108,0,113,146,0,146,259
11/21/2015,WJF,CA,AWP,WE,Federal Contract Tower,0,0,4,0,4,0,0,121,0,121,0,0,125,0,125,164,0,164,289
11/22/2015,WJF,CA,AWP,WE,Federal Contract Tower,0,0,3,0,3,0,0,86,0,86,0,0,89,0,89,88,0,88,177
11/23/2015,WJF,CA,AWP,WE,Federal Contract Tower,0,1,1,1,3,0,1,71,1,73,0,2,72,2,76,34,0,34,110
11/24/2015,WJF,CA,AWP,WE,Federal Contract Tower,0,1,2,0,3,0,1,54,0,55,0,2,56,0,58,50,0,50,108
11/25/2015,WJF,CA,AWP,WE,Federal Contract Tower,0,1,2,2,5,0,1,43,0,44,0,2,45,2,49,40,0,40,89
11/26/2015,WJF,CA,AWP,WE,Federal Contract Tower,0,2,5,0,7,0,0,54,0,54,0,2,59,0,61,68,0,68,129
11/27/2015,WJF,CA,AWP,WE,Federal Contract Tower,0,1,7,0,8,0,1,67,0,68,0,2,74,0,76,42,0,42,118
11/28/2015,WJF,CA,AWP,WE,Federal Contract Tower,0,2,0,0,2,0,2,101,0,103,0,4,101,0,105,42,0,42,147
11/29/2015,WJF,CA,AWP,WE,Federal Contract Tower,0,1,1,0,2,0,1,103,0,104,0,2,104,0,106,116,0,116,222
11/30/2015,WJF,CA,AWP,WE,Federal Contract Tower,0,1,5,2,8,0,1,37,0,38,0,2,42,2,46,38,0,38,84
12/01/2015,WJF,CA,AWP,WE,Federal Contract Tower,0,1,7,2,10,0,1,66,0,67,0,2,73,2,77,40,0,40,117
12/02/2015,WJF,CA,AWP,WE,Federal Contract Tower,0,1,8,2,11,0,1,44,0,45,0,2,52,2,56,18,0,18,74
12/03/2015,WJF,CA,AWP,WE,Federal Contract Tower,0,1,9,0,10,0,1,83,0,84,0,2,92,0,94,64,0,64,158
12/04/2015,WJF,CA,AWP,WE,Federal Contract Tower,0,1,6,2,9,0,1,62,0,63,0,2,68,2,72,32,0,32,104
12/05/2015,WJF,CA,AWP,WE,Federal Contract Tower,0,0,7,0,7,0,1,89,0,90,0,1,96,0,97,166,0,166,263
12/06/2015,WJF,CA,AWP,WE,Federal Contract Tower,0,0,6,0,6,0,0,92,0,92,0,0,98,0,98,46,0,46,144
12/07/2015,WJF,CA,AWP,WE,Federal Contract Tower,0,1,1,0,2,0,1,75,0,76,0,2,76,0,78,94,0,94,172
12/08/2015,WJF,CA,AWP,WE,Federal Contract Tower,0,1,4,4,9,0,3,59,2,64,0,4,63,6,73,56,4,60,133
12/09/2015,WJF,CA,AWP,WE,Federal Contract Tower,0,2,6,0,8,0,2,72,2,76,0,4,78,2,84,30,4,34,118
12/10/2015,WJF,CA,AWP,WE,Federal Contract Tower,0,1,7,2,10,0,1,41,2,44,0,2,48,4,54,4,0,4,58
12/11/2015,WJF,CA,AWP,WE,Federal Contract Tower,0,3,0,0,3,0,1,21,0,22,0,4,21,0,25,0,0,0,25
12/12/2015,WJF,CA,AWP,WE,Federal Contract Tower,0,1,1,0,2,0,1,56,0,57,0,2,57,0,59,74,0,74,133
12/13/2015,WJF,CA,AWP,WE,Federal Contract Tower,0,0,2,0,2,0,0,71,0,71,0,0,73,0,73,64,0,64,137
12/14/2015,WJF,CA,AWP,WE,Federal Contract Tower,0,1,4,1,6,0,1,18,1,20,0,2,22,2,26,0,0,0,26
12/15/2015,WJF,CA,AWP,WE,Federal Contract Tower,0,2,8,0,10,0,2,56,0,58,0,4,64,0,68,96,0,96,164
12/16/2015,WJF,CA,AWP,WE,Federal Contract Tower,0,1,14,2,17,0,1,67,0,68,0,2,81,2,85,76,0,76,161
12/17/2015,WJF,CA,AWP,WE,Federal Contract Tower,0,1,4,1,6,0,3,56,1,60,0,4,60,2,66,64,4,68,134
12/18/2015,WJF,CA,AWP,WE,Federal Contract Tower,0,3,7,2,12,0,1,117,0,118,0,4,124,2,130,76,0,76,206
12/19/2015,WJF,CA,AWP,WE,Federal Contract Tower,0,1,10,0,11,0,4,68,0,72,0,5,78,0,83,86,0,86,169
12/20/2015,WJF,CA,AWP,WE,Federal Contract Tower,0,0,2,0,2,0,0,63,0,63,0,0,65,0,65,38,0,38,103
12/21/2015,WJF,CA,AWP,WE,Federal Contract Tower,0,2,0,2,4,0,0,42,0,42,0,2,42,2,46,26,0,26,72
12/22/2015,WJF,CA,AWP,WE,Federal Contract Tower,0,4,0,0,4,0,0,15,0,15,0,4,15,0,19,0,0,0,19
12/23/2015,WJF,CA,AWP,WE,Federal Contract Tower,0,2,1,0,3,0,1,17,0,18,0,3,18,0,21,0,0,0,21
12/24/2015,WJF,CA,AWP,WE,Federal Contract Tower,0,1,0,0,1,0,1,40,0,41,0,2,40,0,42,36,0,36,78
12/25/2015,WJF,CA,AWP,WE,Federal Contract Tower,0,0,0,0,0,0,0,14,0,14,0,0,14,0,14,0,0,0,14
12/26/2015,WJF,CA,AWP,WE,Federal Contract Tower,0,2,2,0,4,0,3,25,0,28,0,5,27,0,32,8,0,8,40
12/27/2015,WJF,CA,AWP,WE,Federal Contract Tower,0,0,3,0,3,0,0,70,0,70,0,0,73,0,73,30,0,30,103
12/28/2015,WJF,CA,AWP,WE,Federal Contract Tower,0,3,0,0,3,0,1,34,0,35,0,4,34,0,38,2,0,2,40
12/29/2015,WJF,CA,AWP,WE,Federal Contract Tower,0,1,4,2,7,0,1,61,0,62,0,2,65,2,69,192,0,192,261
12/30/2015,WJF,CA,AWP,WE,Federal Contract Tower,0,2,16,0,18,0,2,91,0,93,0,4,107,0,111,72,0,72,183
12/31/2015,WJF,CA,AWP,WE,Federal Contract Tower,0,1,10,0,11,0,1,62,0,63,0,2,72,0,74,50,0,50,124
01/01/2016,WJF,CA,AWP,WE,Federal Contract Tower,0,0,3,0,3,0,0,65,0,65,0,0,68,0,68,66,0,66,134
01/02/2016,WJF,CA,AWP,WE,Federal Contract Tower,0,0,1,0,1,0,2,108,0,110,0,2,109,0,111,82,0,82,193
01/03/2016,WJF,CA,AWP,WE,Federal Contract Tower,0,0,3,0,3,0,0,55,0,55,0,0,58,0,58,84,0,84,142
01/04/2016,WJF,CA,AWP,WE,Federal Contract Tower,0,1,7,0,8,0,1,33,0,34,0,2,40,0,42,8,0,8,50
01/05/2016,WJF,CA,AWP,WE,Federal Contract Tower,0,4,0,0,4,0,0,9,0,9,0,4,9,0,13,0,0,0,13
01/06/2016,WJF,CA,AWP,WE,Federal Contract Tower,0,4,0,1,5,0,0,15,1,16,0,4,15,2,21,2,0,2,23
01/07/2016,WJF,CA,AWP,WE,Federal Contract Tower,0,1,7,6,14,0,1,37,2,40,0,2,44,8,54,30,16,46,100
01/08/2016,WJF,CA,AWP,WE,Federal Contract Tower,0,3,11,0,14,0,1,57,2,60,0,4,68,2,74,42,4,46,120
01/09/2016,WJF,CA,AWP,WE,Federal Contract Tower,0,1,4,2,7,0,1,82,0,83,0,2,86,2,90,134,0,134,224
01/10/2016,WJF,CA,AWP,WE,Federal Contract Tower,0,0,4,2,6,0,0,66,0,66,0,0,70,2,72,82,0,82,154
01/11/2016,WJF,CA,AWP,WE,Federal Contract Tower,0,1,5,6,12,0,1,62,4,67,0,2,67,10,79,30,0,30,109
01/12/2016,WJF,CA,AWP,WE,Federal Contract Tower,0,1,9,11,21,0,1,92,1,94,0,2,101,12,115,80,2,82,197
01/13/2016,WJF,CA,AWP,WE,Federal Contract Tower,0,1,9,6,16,0,1,56,4,61,0,2,65,10,77,32,0,32,109
01/14/2016,WJF,CA,AWP,WE,Federal Contract Tower,0,1,5,3,9,0,1,62,5,68,0,2,67,8,77,66,0,66,143
01/15/2016,WJF,CA,AWP,WE,Federal Contract Tower,0,1,2,0,3,0,1,35,0,36,0,2,37,0,39,24,0,24,63
01/16/2016,WJF,CA,AWP,WE,Federal Contract Tower,0,1,1,0,2,0,1,64,0,65,0,2,65,0,67,89,0,89,156
01/17/2016,WJF,CA,AWP,WE,Federal Contract Tower,0,0,4,0,4,0,0,111,0,111,0,0,115,0,115,114,0,114,229
01/18/2016,WJF,CA,AWP,WE,Federal Contract Tower,0,1,4,0,5,0,1,34,0,35,0,2,38,0,40,64,0,64,104
01/19/2016,WJF,CA,AWP,WE,Federal Contract Tower,0,1,4,0,5,0,1,42,0,43,0,2,46,0,48,52,0,52,100
01/20/2016,WJF,CA,AWP,WE,Federal Contract Tower,0,3,4,1,8,0,2,82,1,85,0,5,86,2,93,106,0,106,199
01/21/2016,WJF,CA,AWP,WE,Federal Contract Tower,0,1,7,2,10,0,1,93,4,98,0,2,100,6,108,168,14,182,290
01/22/2016,WJF,CA,AWP,WE,Federal Contract Tower,0,1,2,0,3,0,1,65,2,68,0,2,67,2,71,112,0,112,183
01/23/2016,WJF,CA,AWP,WE,Federal Contract Tower,0,1,11,0,12,0,1,60,0,61,0,2,71,0,73,74,0,74,147
01/24/2016,WJF,CA,AWP,WE,Federal Contract Tower,0,0,6,0,6,0,0,82,0,82,0,0,88,0,88,78,0,78,166
01/25/2016,WJF,CA,AWP,WE,Federal Contract Tower,0,1,7,0,8,0,1,63,2,66,0,2,70,2,74,70,0,70,144
01/26/2016,WJF,CA,AWP,WE,Federal Contract Tower,0,2,10,6,18,0,2,80,4,86,0,4,90,10,104,172,2,174,278
01/27/2016,WJF,CA,AWP,WE,Federal Contract Tower,0,1,6,4,11,0,1,87,6,94,0,2,93,10,105,80,4,84,189
01/28/2016,WJF,CA,AWP,WE,Federal Contract Tower,0,1,14,6,21,0,1,87,6,94,0,2,101,12,115,114,2,116,231
01/29/2016,WJF,CA,AWP,WE,Federal Contract Tower,0,1,5,1,7,0,1,65,1,67,0,2,70,2,74,36,0,36,110
01/30/2016,WJF,CA,AWP,WE,Federal Contract Tower,0,2,3,0,5,0,0,29,0,29,0,2,32,0,34,18,0,18,52
01/31/2016,WJF,CA,AWP,WE,Federal Contract Tower,0,2,1,6,9,0,0,11,16,27,0,2,12,22,36,4,0,4,40
02/01/2016,WJF,CA,AWP,WE,Federal Contract Tower,0,1,4,0,5,0,1,21,4,26,0,2,25,4,31,0,0,0,31
02/02/2016,WJF,CA,AWP,WE,Federal Contract Tower,0,1,7,0,8,0,1,60,10,71,0,2,67,10,79,42,0,42,121
02/03/2016,WJF,CA,AWP,WE,Federal Contract Tower,0,1,4,6,11,0,1,69,0,70,0,2,73,6,81,110,0,110,191
02/04/2016,WJF,CA,AWP,WE,Federal Contract Tower,0,1,9,2,12,0,1,59,2,62,0,2,68,4,74,30,0,30,104
02/05/2016,WJF,CA,AWP,WE,Federal Contract Tower,0,1,2,4,7,0,1,70,6,77,0,2,72,10,84,58,0,58,142
02/06/2016,WJF,CA,AWP,WE,Federal Contract Tower,0,1,0,0,1,0,1,119,0,120,0,2,119,0,121,252,0,252,373
02/07/2016,WJF,CA,AWP,WE,Federal Contract Tower,0,0,6,0,6,0,0,64,0,64,0,0,70,0,70,40,0,40,110
02/08/2016,WJF,CA,AWP,WE,Federal Contract Tower,0,1,4,0,5,0,1,45,4,50,0,2,49,4,55,26,0,26,81
02/09/2016,WJF,CA,AWP,WE,Federal Contract Tower,0,3,0,0,3,0,1,69,2,72,0,4,69,2,75,164,6,170,245
02/10/2016,WJF,CA,AWP,WE,Federal Contract Tower,0,1,5,2,8,0,1,82,8,91,0,2,87,10,99,62,4,66,165
02/11/2016,WJF,CA,AWP,WE,Federal Contract Tower,0,1,5,0,6,0,1,90,2,93,0,2,95,2,99,30,0,30,129
02/12/2016,WJF,CA,AWP,WE,Federal Contract Tower,0,1,8,0,9,0,1,136,4,141,0,2,144,4,150,62,0,62,212
02/13/2016,WJF,CA,AWP,WE,Federal Contract Tower,0,0,1,0,1,0,0,137,0,137,0,0,138,0,138,114,0,114,252
02/14/2016,WJF,CA,AWP,WE,Federal Contract Tower,0,1,4,0,5,0,0,81,0,81,0,1,85,0,86,94,0,94,180
02/15/2016,WJF,CA,AWP,WE,Federal Contract Tower,0,3,4,0,7,0,2,79,0,81,0,5,83,0,88,84,0,84,172
02/16/2016,WJF,CA,AWP,WE,Federal Contract Tower,0,1,7,0,8,0,1,83,0,84,0,2,90,0,92,122,0,122,214
02/17/2016,WJF,CA,AWP,WE,Federal Contract Tower,0,2,3,3,8,0,0,44,1,45,0,2,47,4,53,30,2,32,85
02/18/2016,WJF,CA,AWP,WE,Federal Contract Tower,0,1,3,1,5,0,3,42,1,46,0,4,45,2,51,36,0,36,87
02/19/2016,WJF,CA,AWP,WE,Federal Contract Tower,0,1,4,0,5,0,3,85,0,88,0,4,89,0,93,68,0,68,161
02/20/2016,WJF,CA,AWP,WE,Federal Contract Tower,0,3,7,0,10,0,0,120,0,120,0,3,127,0,130,184,0,184,314
02/21/2016,WJF,CA,AWP,WE,Federal Contract Tower,0,0,9,0,9,0,0,140,0,140,0,0,149,0,149,152,0,152,301
02/22/2016,WJF,CA,AWP,WE,Federal Contract Tower,0,1,9,1,11,0,1,67,1,69,0,2,76,2,80,78,6,84,164
02/23/2016,WJF,CA,AWP,WE,Federal Contract Tower,0,2,7,2,11,0,0,83,2,85,0,2,90,4,96,82,0,82,178
02/24/2016,WJF,CA,AWP,WE,Federal Contract Tower,0,1,4,0,5,0,1,96,0,97,0,2,100,0,102,110,0,110,212
02/25/2016,WJF,CA,AWP,WE,Federal Contract Tower,0,3,3,6,12,0,1,73,0,74,0,4,76,6,86,96,0,96,182
02/26/2016,WJF,CA,AWP,WE,Federal Contract Tower,0,1,5,0,6,0,1,118,0,119,0,2,123,0,125,144,0,144,269
02/27/2016,WJF,CA,AWP,WE,Federal Contract Tower,0,0,4,0,4,0,0,110,0,110,0,0,114,0,114,114,0,114,228
02/28/2016,WJF,CA,AWP,WE,Federal Contract Tower,0,0,1,0,1,0,0,115,0,115,0,0,116,0,116,144,0,144,260
02/29/2016,WJF,CA,AWP,WE,Federal Contract Tower,0,1,1,6,8,0,1,65,0,66,0,2,66,6,74,36,0,36,110
03/01/2016,WJF,CA,AWP,WE,Federal Contract Tower,0,1,1,6,8,0,1,75,0,76,0,2,76,6,84,36,0,36,120
03/02/2016,WJF,CA,AWP,WE,Federal Contract Tower,0,1,2,3,6,0,1,85,8,94,0,2,87,11,100,42,0,42,142
03/03/2016,WJF,CA,AWP,WE,Federal Contract Tower,0,1,7,2,10,0,1,46,0,47,0,2,53,2,57,50,0,50,107
03/04/2016,WJF,CA,AWP,WE,Federal Contract Tower,0,1,7,4,12,0,1,65,0,66,0,2,72,4,78,80,0,80,158
03/05/2016,WJF,CA,AWP,WE,Federal Contract Tower,0,5,4,0,9,0,1,38,0,39,0,6,42,0,48,82,0,82,130
03/06/2016,WJF,CA,AWP,WE,Federal Contract Tower,0,0,5,0,5,0,0,21,0,21,0,0,26,0,26,18,0,18,44
03/07/2016,WJF,CA,AWP,WE,Federal Contract Tower,0,3,0,0,3,0,1,23,0,24,0,4,23,0,27,14,0,14,41
03/08/2016,WJF,CA,AWP,WE,Federal Contract Tower,0,3,3,0,6,0,1,79,0,80,0,4,82,0,86,60,0,60,146
03/09/2016,WJF,CA,AWP,WE,Federal Contract Tower,0,0,6,2,8,0,1,73,2,76,0,1,79,4,84,44,7,51,135
03/10/2016,WJF,CA,AWP,WE,Federal Contract Tower,0,2,16,4,22,0,2,76,0,78,0,4,92,4,100,60,0,60,160
03/11/2016,WJF,CA,AWP,WE,Federal Contract Tower,0,3,10,1,14,0,1,55,1,57,0,4,65,2,71,14,0,14,85
03/12/2016,WJF,CA,AWP,WE,Federal Contract Tower,0,1,4,0,5,0,1,75,0,76,0,2,79,0,81,70,0,70,151
03/13/2016,WJF,CA,AWP,WE,Federal Contract Tower,0,0,8,1,9,0,0,60,2,62,0,0,68,3,71,48,2,50,121
03/14/2016,WJF,CA,AWP,WE,Federal Contract Tower,0,1,8,0,9,0,1,35,0,36,0,2,43,0,45,12,0,12,57
03/15/2016,WJF,CA,AWP,WE,Federal Contract Tower,0,1,2,2,5,0,1,89,5,95,0,2,91,7,100,104,6,110,210
03/16/2016,WJF,CA,AWP,WE,Federal Contract Tower,0,1,12,9,22,0,1,70,0,71,0,2,82,9,93,50,0,50,143
03/17/2016,WJF,CA,AWP,WE,Federal Contract Tower,0,0,3,2,5,0,0,104,36,140,0,0,107,38,145,120,380,500,645
03/18/2016,WJF,CA,AWP,WE,Federal Contract Tower,0,0,2,0,2,0,0,73,0,73,0,0,75,0,75,384,180,564,639
03/19/2016,WJF,CA,AWP,WE,Federal Contract Tower,0,0,0,0,0,0,0,47,2,49,0,0,47,2,49,438,202,640,689
03/20/2016,WJF,CA,AWP,WE,Federal Contract Tower,0,0,0,0,0,0,0,109,30,139,0,0,109,30,139,320,254,574,713
03/21/2016,WJF,CA,AWP,WE,Federal Contract Tower,0,2,3,10,15,0,2,55,0,57,0,4,58,10,72,74,0,74,146
03/22/2016,WJF,CA,AWP,WE,Federal Contract Tower,0,1,2,0,3,0,1,20,0,21,0,2,22,0,24,0,0,0,24
03/23/2016,WJF,CA,AWP,WE,Federal Contract Tower,0,1,5,0,6,0,1,85,0,86,0,2,90,0,92,136,0,136,228
03/24/2016,WJF,CA,AWP,WE,Federal Contract Tower,0,1,9,0,10,0,1,99,0,100,0,2,108,0,110,122,0,122,232
03/25/2016,WJF,CA,AWP,WE,Federal Contract Tower,0,3,5,0,8,0,1,133,0,134,0,4,138,0,142,120,0,120,262
03/26/2016,WJF,CA,AWP,WE,Federal Contract Tower,0,1,0,0,1,0,1,145,0,146,0,2,145,0,147,202,0,202,349
03/27/2016,WJF,CA,AWP,WE,Federal Contract Tower,0,0,2,0,2,0,0,93,0,93,0,0,95,0,95,104,0,104,199
03/28/2016,WJF,CA,AWP,WE,Federal Contract Tower,0,1,2,0,3,0,1,20,0,21,0,2,22,0,24,28,0,28,52
03/29/2016,WJF,CA,AWP,WE,Federal Contract Tower,2,0,0,2,4,0,0,41,0,41,2,0,41,2,45,22,0,22,67
03/30/2016,WJF,CA,AWP,WE,Federal Contract Tower,0,2,4,4,10,0,0,56,8,64,0,2,60,12,74,112,0,112,186
03/31/2016,WJF,CA,AWP,WE,Federal Contract Tower,0,2,8,3,13,0,0,73,3,76,0,2,81,6,89,144,0,144,233
04/01/2016,WJF,CA,AWP,WE,Federal Contract Tower,0,4,3,6,13,0,2,101,0,103,0,6,104,6,116,146,0,146,262
04/02/2016,WJF,CA,AWP,WE,Federal Contract Tower,0,1,2,1,4,0,1,118,0,119,0,2,120,1,123,110,0,110,233
04/03/2016,WJF,CA,AWP,WE,Federal Contract Tower,0,0,2,0,2,0,0,187,0,187,0,0,189,0,189,84,0,84,273
04/04/2016,WJF,CA,AWP,WE,Federal Contract Tower,0,1,5,8,14,0,1,91,0,92,0,2,96,8,106,68,0,68,174
04/05/2016,WJF,CA,AWP,WE,Federal Contract Tower,0,1,3,8,12,0,1,83,0,84,0,2,86,8,96,76,0,76,172
04/06/2016,WJF,CA,AWP,WE,Federal Contract Tower,0,1,2,8,11,0,1,83,0,84,0,2,85,8,95,126,0,126,221
04/07/2016,WJF,CA,AWP,WE,Federal Contract Tower,0,1,2,4,7,0,1,46,2,49,0,2,48,6,56,38,0,38,94
04/08/2016,WJF,CA,AWP,WE,Federal Contract Tower,0,2,6,0,8,0,0,38,0,38,0,2,44,0,46,88,0,88,134
04/09/2016,WJF,CA,AWP,WE,Federal Contract Tower,0,1,6,0,7,0,1,49,0,50,0,2,55,0,57,90,0,90,147
04/10/2016,WJF,CA,AWP,WE,Federal Contract Tower,0,0,2,0,2,0,0,53,0,53,0,0,55,0,55,110,0,110,165
04/11/2016,WJF,CA,AWP,WE,Federal Contract Tower,0,1,7,2,10,0,1,44,2,47,0,2,51,4,57,22,0,22,79
04/12/2016,WJF,CA,AWP,WE,Federal Contract Tower,0,1,2,4,7,0,1,62,0,63,0,2,64,4,70,64,0,64,134
04/13/2016,WJF,CA,AWP,WE,Federal Contract Tower,0,1,4,4,9,0,1,62,0,63,0,2,66,4,72,64,0,64,136
04/14/2016,WJF,CA,AWP,WE,Federal Contract Tower,0,1,0,3,4,0,1,14,1,16,0,2,14,4,20,0,2,2,22
04/15/2016,WJF,CA,AWP,WE,Federal Contract Tower,0,2,2,2,6,0,0,31,2,33,0,2,33,4,39,10,0,10,49
04/16/2016,WJF,CA,AWP,WE,Federal Contract Tower,0,1,7,0,8,0,1,76,0,77,0,2,83,0,85,76,0,76,161
04/17/2016,WJF,CA,AWP,WE,Federal Contract Tower,0,0,4,0,4,0,0,85,0,85,0,0,89,0,89,84,0,84,173
04/18/2016,WJF,CA,AWP,WE,Federal Contract Tower,0,1,6,0,7,0,1,56,0,57,0,2,62,0,64,48,0,48,112
04/19/2016,WJF,CA,AWP,WE,Federal Contract Tower,0,1,0,1,2,0,1,61,0,62,0,2,61,1,64,46,2,48,112
04/20/2016,WJF,CA,AWP,WE,Federal Contract Tower,0,1,4,0,5,0,1,55,0,56,0,2,59,0,61,90,0,90,151
04/21/2016,WJF,CA,AWP,WE,Federal Contract Tower,0,0,4,0,4,0,0,31,0,31,0,0,35,0,35,18,0,18,53
04/22/2016,WJF,CA,AWP,WE,Federal Contract Tower,0,1,0,0,1,0,1,53,0,54,0,2,53,0,55,94,0,94,149
04/23/2016,WJF,CA,AWP,WE,Federal Contract Tower,0,1,1,0,2,0,1,33,0,34,0,2,34,0,36,16,0,16,52
04/24/2016,WJF,CA,AWP,WE,Federal Contract Tower,0,0,1,0,1,0,0,63,0,63,0,0,64,0,64,24,0,24,88
04/25/2016,WJF,CA,AWP,WE,Federal Contract Tower,0,1,1,0,2,0,1,13,0,14,0,2,14,0,16,0,0,0,16
04/26/2016,WJF,CA,AWP,WE,Federal Contract Tower,0,1,1,0,2,0,1,42,0,43,0,2,43,0,45,56,0,56,101
04/27/2016,WJF,CA,AWP,WE,Federal Contract Tower,0,0,2,0,2,0,0,34,0,34,0,0,36,0,36,8,0,8,44
04/28/2016,WJF,CA,AWP,WE,Federal Contract Tower,0,1,1,4,6,0,1,27,0,28,0,2,28,4,34,28,0,28,62
04/29/2016,WJF,CA,AWP,WE,Federal Contract Tower,0,1,0,2,3,0,1,56,15,72,0,2,56,17,75,78,0,78,153
04/30/2016,WJF,CA,AWP,WE,Federal Contract Tower,0,1,3,0,4,0,1,40,13,54,0,2,43,13,58,48,0,48,106
05/01/2016,WJF,CA,AWP,WE,Federal Contract Tower,0,0,3,0,3,0,0,115,0,115,0,0,118,0,118,90,0,90,208
05/02/2016,WJF,CA,AWP,WE,Federal Contract Tower,0,1,5,10,16,0,1,41,2,44,0,2,46,12,60,26,0,26,86
05/03/2016,WJF,CA,AWP,WE,Federal Contract Tower,0,1,5,8,14,0,1,91,0,92,0,2,96,8,106,114,0,114,220
05/04/2016,WJF,CA,AWP,WE,Federal Contract Tower,0,0,6,10,16,0,1,43,0,44,0,1,49,10,60,50,0,50,110
05/05/2016,WJF,CA,AWP,WE,Federal Contract Tower,0,2,2,3,7,0,0,30,3,33,0,2,32,6,40,34,0,34,74
05/06/2016,WJF,CA,AWP,WE,Federal Contract Tower,0,1,2,1,4,0,1,35,1,37,0,2,37,2,41,44,0,44,85
05/07/2016,WJF,CA,AWP,WE,Federal Contract Tower,0,1,0,0,1,0,1,43,0,44,0,2,43,0,45,52,0,52,97
05/08/2016,WJF,CA,AWP,WE,Federal Contract Tower,0,0,1,0,1,0,0,46,0,46,0,0,47,0,47,18,0,18,65
05/09/2016,WJF,CA,AWP,WE,Federal Contract Tower,0,1,8,0,9,0,1,63,0,64,0,2,71,0,73,20,0,20,93
05/10/2016,WJF,CA,AWP,WE,Federal Contract Tower,0,1,5,0,6,0,1,61,0,62,0,2,66,0,68,70,0,70,138
05/11/2016,WJF,CA,AWP,WE,Federal Contract Tower,0,1,4,0,5,0,1,83,0,84,0,2,87,0,89,112,0,112,201
05/12/2016,WJF,CA,AWP,WE,Federal Contract Tower,0,1,0,0,1,0,1,88,0,89,0,2,88,0,90,82,0,82,172
05/13/2016,WJF,CA,AWP,WE,Federal Contract Tower,0,1,0,0,1,0,1,85,0,86,0,2,85,0,87,80,0,80,167
05/14/2016,WJF,CA,AWP,WE,Federal Contract Tower,0,1,8,0,9,0,1,110,0,111,0,2,118,0,120,116,0,116,236
05/15/2016,WJF,CA,AWP,WE,Federal Contract Tower,0,0,1,0,1,0,0,42,0,42,0,0,43,0,43,42,0,42,85
05/16/2016,WJF,CA,AWP,WE,Federal Contract Tower,0,1,3,0,4,0,1,49,0,50,0,2,52,0,54,34,0,34,88
05/17/2016,WJF,CA,AWP,WE,Federal Contract Tower,0,1,3,0,4,0,1,48,0,49,0,2,51,0,53,34,0,34,87
05/18/2016,WJF,CA,AWP,WE,Federal Contract Tower,0,0,4,0,4,0,1,75,0,76,0,1,79,0,80,38,0,38,118
05/19/2016,WJF,CA,AWP,WE,Federal Contract Tower,0,1,3,0,4,0,1,70,0,71,0,2,73,0,75,40,0,40,115
05/20/2016,WJF,CA,AWP,WE,Federal Contract Tower,0,1,3,0,4,0,1,39,0,40,0,2,42,0,44,2,0,2,46
05/21/2016,WJF,CA,AWP,WE,Federal Contract Tower,0,1,3,0,4,0,1,40,0,41,0,2,43,0,45,54,0,54,99
05/22/2016,WJF,CA,AWP,WE,Federal Contract Tower,0,0,0,0,0,0,0,118,0,118,0,0,118,0,118,78,0,78,196
05/23/2016,WJF,CA,AWP,WE,Federal Contract Tower,0,1,2,0,3,0,1,49,0,50,0,2,51,0,53,32,0,32,85
05/24/2016,WJF,CA,AWP,WE,Federal Contract Tower,0,3,2,0,5,0,1,49,0,50,0,4,51,0,55,8,0,8,63
05/25/2016,WJF,CA,AWP,WE,Federal Contract Tower,0,2,5,0,7,0,0,36,0,36,0,2,41,0,43,26,0,26,69
05/26/2016,WJF,CA,AWP,WE,Federal Contract Tower,0,1,4,8,13,0,1,54,0,55,0,2,58,8,68,32,0,32,100
05/27/2016,WJF,CA,AWP,WE,Federal Contract Tower,0,1,10,6,17,0,1,71,0,72,0,2,81,6,89,68,0,68,157
05/28/2016,WJF,CA,AWP,WE,Federal Contract Tower,0,1,6,4,11,0,1,102,0,103,0,2,108,4,114,156,0,156,270
05/29/2016,WJF,CA,AWP,WE,Federal Contract Tower,0,0,3,0,3,0,0,76,0,76,0,0,79,0,79,72,0,72,151
05/30/2016,WJF,CA,AWP,WE,Federal Contract Tower,0,0,1,4,5,0,0,79,0,79,0,0,80,4,84,18,0,18,102
05/31/2016,WJF,CA,AWP,WE,Federal Contract Tower,0,1,3,23,27,0,1,62,1,64,0,2,65,24,91,30,0,30,121
06/01/2016,WJF,CA,AWP,WE,Federal Contract Tower,0,1,6,8,15,0,1,72,0,73,0,2,78,8,88,52,0,52,140
06/02/2016,WJF,CA,AWP,WE,Federal Contract Tower,0,1,1,6,8,0,1,61,0,62,0,2,62,6,70,20,0,20,90
06/03/2016,WJF,CA,AWP,WE,Federal Contract Tower,0,1,3,0,4,0,1,78,0,79,0,2,81,0,83,142,0,142,225
06/04/2016,WJF,CA,AWP,WE,Federal Contract Tower,0,1,6,0,7,0,1,80,0,81,0,2,86,0,88,58,0,58,146
06/05/2016,WJF,CA,AWP,WE,Federal Contract Tower,0,0,3,0,3,0,0,81,0,81,0,0,84,0,84,48,0,48,132
06/06/2016,WJF,CA,AWP,WE,Federal Contract Tower,0,1,3,0,4,0,1,53,0,54,0,2,56,0,58,22,0,22,80
06/07/2016,WJF,CA,AWP,WE,Federal Contract Tower,0,1,4,2,7,0,1,73,0,74,0,2,77,2,81,60,0,60,141
06/08/2016,WJF,CA,AWP,WE,Federal Contract Tower,0,1,5,2,8,0,1,48,0,49,0,2,53,2,57,38,0,38,95
06/09/2016,WJF,CA,AWP,WE,Federal Contract Tower,0,3,6,0,9,0,1,71,0,72,0,4,77,0,81,54,0,54,135
06/10/2016,WJF,CA,AWP,WE,Federal Contract Tower,0,1,4,0,5,0,1,65,0,66,0,2,69,0,71,46,0,46,117
06/11/2016,WJF,CA,AWP,WE,Federal Contract Tower,0,1,7,0,8,0,2,92,0,94,0,3,99,0,102,138,0,138,240
06/12/2016,WJF,CA,AWP,WE,Federal Contract Tower,0,0,5,0,5,0,0,56,0,56,0,0,61,0,61,26,0,26,87
06/13/2016,WJF,CA,AWP,WE,Federal Contract Tower,0,1,0,0,1,0,1,57,0,58,0,2,57,0,59,70,0,70,129
06/14/2016,WJF,CA,AWP,WE,Federal Contract Tower,0,1,1,0,2,0,1,50,0,51,0,2,51,0,53,12,0,12,65
06/15/2016,WJF,CA,AWP,WE,Federal Contract Tower,0,1,0,0,1,0,1,28,0,29,0,2,28,0,30,24,0,24,54
06/16/2016,WJF,CA,AWP,WE,Federal Contract Tower,0,1,0,0,1,0,1,39,0,40,0,2,39,0,41,4,0,4,45
06/17/2016,WJF,CA,AWP,WE,Federal Contract Tower,0,1,2,0,3,0,1,85,0,86,0,2,87,0,89,24,0,24,113
06/18/2016,WJF,CA,AWP,WE,Federal Contract Tower,0,0,2,0,2,0,2,63,2,67,0,2,65,2,69,44,0,44,113
06/19/2016,WJF,CA,AWP,WE,Federal Contract Tower,0,0,4,0,4,0,0,72,0,72,0,0,76,0,76,76,0,76,152
06/20/2016,WJF,CA,AWP,WE,Federal Contract Tower,0,1,1,0,2,0,1,59,0,60,0,2,60,0,62,10,0,10,72
06/21/2016,WJF,CA,AWP,WE,Federal Contract Tower,0,1,3,0,4,0,1,71,0,72,0,2,74,0,76,6,0,6,82
06/22/2016,WJF,CA,AWP,WE,Federal Contract Tower,0,1,1,4,6,0,1,49,0,50,0,2,50,4,56,12,0,12,68
06/23/2016,WJF,CA,AWP,WE,Federal Contract Tower,0,1,2,0,3,0,1,38,0,39,0,2,40,0,42,34,0,34,76
06/24/2016,WJF,CA,AWP,WE,Federal Contract Tower,0,1,9,0,10,0,1,44,0,45,0,2,53,0,55,10,0,10,65
06/25/2016,WJF,CA,AWP,WE,Federal Contract Tower,0,0,1,0,1,0,0,88,0,88,0,0,89,0,89,74,0,74,163
06/26/2016,WJF,CA,AWP,WE,Federal Contract Tower,0,0,2,0,2,0,0,77,0,77,0,0,79,0,79,116,0,116,195
06/27/2016,WJF,CA,AWP,WE,Federal Contract Tower,0,1,0,5,6,0,1,58,1,60,0,2,58,6,66,4,0,4,70
06/28/2016,WJF,CA,AWP,WE,Federal Contract Tower,0,2,4,2,8,0,2,49,0,51,0,4,53,2,59,16,0,16,75
06/29/2016,WJF,CA,AWP,WE,Federal Contract Tower,0,1,5,2,8,0,1,50,0,51,0,2,55,2,59,62,0,62,121
06/30/2016,WJF,CA,AWP,WE,Federal Contract Tower,0,1,9,2,12,0,1,66,0,67,0,2,75,2,79,82,0,82,161
07/01/2016,WJF,CA,AWP,WE,Federal Contract Tower,0,0,9,2,11,0,2,87,0,89,0,2,96,2,100,66,0,66,166
07/02/2016,WJF,CA,AWP,WE,Federal Contract Tower,0,0,1,0,1,0,0,68,0,68,0,0,69,0,69,60,0,60,129
07/03/2016,WJF,CA,AWP,WE,Federal Contract Tower,0,0,1,0,1,0,0,61,0,61,0,0,62,0,62,30,0,30,92
07/04/2016,WJF,CA,AWP,WE,Federal Contract Tower,0,0,6,0,6,0,0,78,0,78,0,0,84,0,84,24,0,24,108
07/05/2016,WJF,CA,AWP,WE,Federal Contract Tower,0,1,2,0,3,0,1,54,0,55,0,2,56,0,58,46,0,46,104
07/06/2016,WJF,CA,AWP,WE,Federal Contract Tower,0,1,4,0,5,0,1,58,0,59,0,2,62,0,64,2,0,2,66
07/07/2016,WJF,CA,AWP,WE,Federal Contract Tower,0,2,2,0,4,0,0,63,0,63,0,2,65,0,67,54,0,54,121
07/08/2016,WJF,CA,AWP,WE,Federal Contract Tower,0,1,6,2,9,0,1,48,0,49,0,2,54,2,58,4,0,4,62
07/09/2016,WJF,CA,AWP,WE,Federal Contract Tower,0,0,1,0,1,0,2,118,0,120,0,2,119,0,121,72,0,72,193
07/10/2016,WJF,CA,AWP,WE,Federal Contract Tower,0,0,3,0,3,0,0,48,0,48,0,0,51,0,51,6,0,6,57
07/11/2016,WJF,CA,AWP,WE,Federal Contract Tower,0,0,3,0,3,0,2,73,0,75,0,2,76,0,78,30,0,30,108
07/12/2016,WJF,CA,AWP,WE,Federal Contract Tower,0,1,4,0,5,0,1,63,0,64,0,2,67,0,69,40,0,40,109
07/13/2016,WJF,CA,AWP,WE,Federal Contract Tower,0,1,5,1,7,0,1,80,1,82,0,2,85,2,89,72,0,72,161
07/14/2016,WJF,CA,AWP,WE,Federal Contract Tower,0,0,4,2,6,0,2,63,0,65,0,2,67,2,71,66,0,66,137
07/15/2016,WJF,CA,AWP,WE,Federal Contract Tower,0,0,5,0,5,0,2,103,0,105,0,2,108,0,110,64,0,64,174
07/16/2016,WJF,CA,AWP,WE,Federal Contract Tower,0,0,8,0,8,0,2,56,0,58,0,2,64,0,66,108,0,108,174
07/17/2016,WJF,CA,AWP,WE,Federal Contract Tower,0,0,3,0,3,0,0,64,0,64,0,0,67,0,67,50,0,50,117
07/18/2016,WJF,CA,AWP,WE,Federal Contract Tower,0,1,2,0,3,0,1,49,0,50,0,2,51,0,53,64,0,64,117
07/19/2016,WJF,CA,AWP,WE,Federal Contract Tower,0,1,5,0,6,0,1,66,0,67,0,2,71,0,73,62,0,62,135
07/20/2016,WJF,CA,AWP,WE,Federal Contract Tower,0,1,2,0,3,0,1,72,0,73,0,2,74,0,76,52,0,52,128
07/21/2016,WJF,CA,AWP,WE,Federal Contract Tower,0,0,5,0,5,0,0,69,2,71,0,0,74,2,76,102,0,102,178
07/22/2016,WJF,CA,AWP,WE,Federal Contract Tower,0,0,6,0,6,0,0,87,0,87,0,0,93,0,93,8,0,8,101
07/23/2016,WJF,CA,AWP,WE,Federal Contract Tower,0,1,3,0,4,0,1,81,0,82,0,2,84,0,86,38,0,38,124
07/24/2016,WJF,CA,AWP,WE,Federal Contract Tower,0,0,1,0,1,0,0,77,0,77,0,0,78,0,78,22,0,22,100
07/25/2016,WJF,CA,AWP,WE,Federal Contract Tower,0,1,1,0,2,0,1,58,0,59,0,2,59,0,61,0,0,0,61
07/26/2016,WJF,CA,AWP,WE,Federal Contract Tower,0,1,4,0,5,0,1,77,0,78,0,2,81,0,83,18,0,18,101
07/27/2016,WJF,CA,AWP,WE,Federal Contract Tower,0,1,3,0,4,0,2,84,0,86,0,3,87,0,90,6,0,6,96
07/28/2016,WJF,CA,AWP,WE,Federal Contract Tower,0,0,6,0,6,0,0,54,0,54,0,0,60,0,60,26,0,26,86
07/29/2016,WJF,CA,AWP,WE,Federal Contract Tower,0,0,4,0,4,0,0,91,0,91,0,0,95,0,95,80,0,80,175
07/30/2016,WJF,CA,AWP,WE,Federal Contract Tower,0,1,1,0,2,0,1,81,0,82,0,2,82,0,84,44,0,44,128
07/31/2016,WJF,CA,AWP,WE,Federal Contract Tower,0,0,1,0,1,0,1,62,0,63,0,1,63,0,64,30,0,30,94
08/01/2016,WJF,CA,AWP,WE,Federal Contract Tower,0,0,0,0,0,0,2,70,0,72,0,2,70,0,72,14,0,14,86
08/02/2016,WJF,CA,AWP,WE,Federal Contract Tower,0,1,8,1,10,0,2,86,1,89,0,3,94,2,99,20,0,20,119
08/03/2016,WJF,CA,AWP,WE,Federal Contract Tower,0,0,3,0,3,0,0,84,0,84,0,0,87,0,87,50,0,50,137
08/04/2016,WJF,CA,AWP,WE,Federal Contract Tower,0,0,7,4,11,0,0,70,0,70,0,0,77,4,81,52,0,52,133
08/05/2016,WJF,CA,AWP,WE,Federal Contract Tower,0,0,0,3,3,0,2,55,1,58,0,2,55,4,61,14,10,24,85
08/06/2016,WJF,CA,AWP,WE,Federal Contract Tower,0,0,8,0,8,0,2,92,0,94,0,2,100,0,102,106,0,106,208
08/07/2016,WJF,CA,AWP,WE,Federal Contract Tower,0,0,2,0,2,0,0,72,0,72,0,0,74,0,74,84,0,84,158
08/08/2016,WJF,CA,AWP,WE,Federal Contract Tower,0,1,5,2,8,0,1,45,0,46,0,2,50,2,54,24,0,24,78
08/09/2016,WJF,CA,AWP,WE,Federal Contract Tower,0,1,14,6,21,0,1,44,0,45,0,2,58,6,66,18,0,18,84
08/10/2016,WJF,CA,AWP,WE,Federal Contract Tower,0,1,7,2,10,0,1,54,0,55,0,2,61,2,65,12,0,12,77
08/11/2016,WJF,CA,AWP,WE,Federal Contract Tower,0,0,4,3,7,0,0,40,1,41,0,0,44,4,48,96,0,96,144
08/12/2016,WJF,CA,AWP,WE,Federal Contract Tower,0,0,4,0,4,0,0,102,0,102,0,0,106,0,106,76,0,76,182
08/13/2016,WJF,CA,AWP,WE,Federal Contract Tower,0,0,2,0,2,0,1,61,0,62,0,1,63,0,64,106,0,106,170
08/14/2016,WJF,CA,AWP,WE,Federal Contract Tower,0,0,3,0,3,0,0,58,0,58,0,0,61,0,61,32,0,32,93
08/15/2016,WJF,CA,AWP,WE,Federal Contract Tower,0,0,1,0,1,0,2,34,0,36,0,2,35,0,37,26,0,26,63
08/16/2016,WJF,CA,AWP,WE,Federal Contract Tower,0,0,2,0,2,0,2,69,0,71,0,2,71,0,73,28,0,28,101
08/17/2016,WJF,CA,AWP,WE,Federal Contract Tower,0,0,5,0,5,0,2,92,0,94,0,2,97,0,99,0,0,0,99
08/18/2016,WJF,CA,AWP,WE,Federal Contract Tower,0,0,5,0,5,0,4,60,0,64,0,4,65,0,69,66,0,66,135
08/19/2016,WJF,CA,AWP,WE,Federal Contract Tower,0,0,13,0,13,0,2,51,0,53,0,2,64,0,66,74,0,74,140
08/20/2016,WJF,CA,AWP,WE,Federal Contract Tower,0,1,1,0,2,0,1,83,0,84,0,2,84,0,86,30,0,30,116
08/21/2016,WJF,CA,AWP,WE,Federal Contract Tower,0,0,3,0,3,0,0,78,0,78,0,0,81,0,81,58,0,58,139
08/22/2016,WJF,CA,AWP,WE,Federal Contract Tower,0,0,0,0,0,0,2,31,0,33,0,2,31,0,33,14,0,14,47
08/23/2016,WJF,CA,AWP,WE,Federal Contract Tower,0,0,0,0,0,0,0,63,0,63,0,0,63,0,63,20,0,20,83
08/24/2016,WJF,CA,AWP,WE,Federal Contract Tower,0,0,0,0,0,0,2,63,0,65,0,2,63,0,65,58,0,58,123
08/25/2016,WJF,CA,AWP,WE,Federal Contract Tower,0,0,8,0,8,0,0,59,0,59,0,0,67,0,67,6,0,6,73
08/26/2016,WJF,CA,AWP,WE,Federal Contract Tower,0,0,2,0,2,0,2,67,0,69,0,2,69,0,71,158,0,158,229
08/27/2016,WJF,CA,AWP,WE,Federal Contract Tower,0,0,6,0,6,0,2,72,0,74,0,2,78,0,80,4,0,4,84
08/28/2016,WJF,CA,AWP,WE,Federal Contract Tower,0,0,0,0,0,0,0,72,0,72,0,0,72,0,72,20,0,20,92
08/29/2016,WJF,CA,AWP,WE,Federal Contract Tower,0,1,5,0,6,0,1,54,0,55,0,2,59,0,61,116,0,116,177
08/30/2016,WJF,CA,AWP,WE,Federal Contract Tower,0,1,6,2,9,0,1,54,0,55,0,2,60,2,64,72,0,72,136
08/31/2016,WJF,CA,AWP,WE,Federal Contract Tower,0,1,2,4,7,0,1,78,0,79,0,2,80,4,86,62,0,62,148
09/01/2016,WJF,CA,AWP,WE,Federal Contract Tower,0,0,1,0,1,0,0,55,0,55,0,0,56,0,56,24,0,24,80
09/02/2016,WJF,CA,AWP,WE,Federal Contract Tower,0,1,2,0,3,0,1,59,0,60,0,2,61,0,63,62,0,62,125
09/03/2016,WJF,CA,AWP,WE,Federal Contract Tower,0,1,2,0,3,0,1,45,0,46,0,2,47,0,49,28,0,28,77
09/04/2016,WJF,CA,AWP,WE,Federal Contract Tower,0,0,0,0,0,0,0,42,0,42,0,0,42,0,42,36,0,36,78
09/05/2016,WJF,CA,AWP,WE,Federal Contract Tower,0,0,0,0,0,0,0,96,0,96,0,0,96,0,96,74,0,74,170
09/06/2016,WJF,CA,AWP,WE,Federal Contract Tower,0,0,0,2,2,0,2,70,0,72,0,2,70,2,74,56,0,56,130
09/07/2016,WJF,CA,AWP,WE,Federal Contract Tower,0,0,4,0,4,0,2,94,0,96,0,2,98,0,100,98,0,98,198
09/08/2016,WJF,CA,AWP,WE,Federal Contract Tower,0,0,1,4,5,0,0,82,0,82,0,0,83,4,87,77,0,77,164
09/09/2016,WJF,CA,AWP,WE,Federal Contract Tower,0,0,4,8,12,0,2,83,0,85,0,2,87,8,97,78,0,78,175
09/10/2016,WJF,CA,AWP,WE,Federal Contract Tower,0,1,2,8,11,0,1,80,0,81,0,2,82,8,92,32,0,32,124
09/11/2016,WJF,CA,AWP,WE,Federal Contract Tower,0,0,1,8,9,0,0,93,0,93,0,0,94,8,102,58,0,58,160
09/12/2016,WJF,CA,AWP,WE,Federal Contract Tower,0,1,2,8,11,0,1,31,0,32,0,2,33,8,43,0,0,0,43
09/13/2016,WJF,CA,AWP,WE,Federal Contract Tower,0,1,1,6,8,0,1,26,0,27,0,2,27,6,35,16,0,16,51
09/14/2016,WJF,CA,AWP,WE,Federal Contract Tower,0,0,1,0,1,0,1,72,2,75,0,1,73,2,76,34,0,34,110
09/15/2016,WJF,CA,AWP,WE,Federal Contract Tower,0,0,3,4,7,0,0,60,0,60,0,0,63,4,67,43,0,43,110
09/16/2016,WJF,CA,AWP,WE,Federal Contract Tower,0,1,3,0,4,0,1,81,0,82,0,2,84,0,86,74,0,74,160
09/17/2016,WJF,CA,AWP,WE,Federal Contract Tower,0,1,3,0,4,0,1,99,0,100,0,2,102,0,104,54,0,54,158
09/18/2016,WJF,CA,AWP,WE,Federal Contract Tower,0,0,6,0,6,0,0,78,0,78,0,0,84,0,84,40,0,40,124
09/19/2016,WJF,CA,AWP,WE,Federal Contract Tower,0,1,1,2,4,0,1,57,0,58,0,2,58,2,62,20,0,20,82
09/20/2016,WJF,CA,AWP,WE,Federal Contract Tower,0,1,6,2,9,0,1,66,0,67,0,2,72,2,76,36,0,36,112
09/21/2016,WJF,CA,AWP,WE,Federal Contract Tower,0,1,6,0,7,0,1,53,0,54,0,2,59,0,61,22,0,22,83
09/22/2016,WJF,CA,AWP,WE,Federal Contract Tower,0,0,1,2,3,0,0,24,0,24,0,0,25,2,27,2,0,2,29
09/23/2016,WJF,CA,AWP,WE,Federal Contract Tower,0,0,0,2,2,0,2,82,0,84,0,2,82,2,86,42,0,42,128
09/24/2016,WJF,CA,AWP,WE,Federal Contract Tower,0,1,2,0,3,0,1,86,0,87,0,2,88,0,90,58,0,58,148
09/25/2016,WJF,CA,AWP,WE,Federal Contract Tower,0,0,1,0,1,0,0,41,0,41,0,0,42,0,42,8,0,8,50
09/26/2016,WJF,CA,AWP,WE,Federal Contract Tower,0,1,1,2,4,0,1,43,0,44,0,2,44,2,48,16,0,16,64
09/27/2016,WJF,CA,AWP,WE,Federal Contract Tower,0,1,2,4,7,0,1,59,0,60,0,2,61,4,67,28,0,28,95
09/28/2016,WJF,CA,AWP,WE,Federal Contract Tower,0,1,3,2,6,0,1,53,0,54,0,2,56,2,60,26,0,26,86
09/29/2016,WJF,CA,AWP,WE,Federal Contract Tower,0,1,6,2,9,0,1,86,0,87,0,2,92,2,96,58,0,58,154
09/30/2016,WJF,CA,AWP,WE,Federal Contract Tower,0,1,4,0,5,0,1,111,0,112,0,2,115,0,117,20,0,20,137
10/01/2016,WJF,CA,AWP,WE,Federal Contract Tower,0,1,1,0,2,0,0,76,0,76,0,1,77,0,78,84,0,84,162
10/02/2016,WJF,CA,AWP,WE,Federal Contract Tower,0,0,1,0,1,0,0,72,0,72,0,0,73,0,73,40,0,40,113
10/03/2016,WJF,CA,AWP,WE,Federal Contract Tower,0,0,3,0,3,0,2,29,0,31,0,2,32,0,34,0,0,0,34
10/04/2016,WJF,CA,AWP,WE,Federal Contract Tower,0,0,4,0,4,0,2,59,0,61,0,2,63,0,65,76,0,76,141
10/05/2016,WJF,CA,AWP,WE,Federal Contract Tower,0,0,1,0,1,0,4,75,0,79,0,4,76,0,80,76,2,78,158
10/06/2016,WJF,CA,AWP,WE,Federal Contract Tower,0,0,4,4,8,0,0,72,0,72,0,0,76,4,80,36,0,36,116
10/07/2016,WJF,CA,AWP,WE,Federal Contract Tower,0,1,4,0,5,0,1,78,0,79,0,2,82,0,84,70,0,70,154
10/08/2016,WJF,CA,AWP,WE,Federal Contract Tower,0,1,0,0,1,0,1,137,0,138,0,2,137,0,139,198,0,198,337
10/09/2016,WJF,CA,AWP,WE,Federal Contract Tower,0,0,6,0,6,0,0,87,0,87,0,0,93,0,93,48,0,48,141
10/10/2016,WJF,CA,AWP,WE,Federal Contract Tower,0,0,6,0,6,0,2,46,0,48,0,2,52,0,54,28,0,28,82
10/11/2016,WJF,CA,AWP,WE,Federal Contract Tower,0,0,0,8,8,0,2,56,0,58,0,2,56,8,66,16,0,16,82
10/12/2016,WJF,CA,AWP,WE,Federal Contract Tower,0,0,2,8,10,0,2,71,0,73,0,2,73,8,83,58,0,58,141
10/13/2016,WJF,CA,AWP,WE,Federal Contract Tower,0,1,9,8,18,0,3,76,0,79,0,4,85,8,97,44,0,44,141
10/14/2016,WJF,CA,AWP,WE,Federal Contract Tower,0,0,5,4,9,0,2,66,0,68,0,2,71,4,77,84,0,84,161
10/15/2016,WJF,CA,AWP,WE,Federal Contract Tower,0,0,2,0,2,0,0,57,0,57,0,0,59,0,59,56,0,56,115
10/16/2016,WJF,CA,AWP,WE,Federal Contract Tower,0,0,1,0,1,0,0,28,0,28,0,0,29,0,29,0,0,0,29
10/17/2016,WJF,CA,AWP,WE,Federal Contract Tower,0,1,3,2,6,0,1,25,0,26,0,2,28,2,32,0,0,0,32
10/18/2016,WJF,CA,AWP,WE,Federal Contract Tower,0,1,3,0,4,0,1,28,0,29,0,2,31,0,33,6,0,6,39
10/19/2016,WJF,CA,AWP,WE,Federal Contract Tower,0,1,3,2,6,0,1,60,0,61,0,2,63,2,67,36,0,36,103
10/20/2016,WJF,CA,AWP,WE,Federal Contract Tower,0,0,8,0,8,0,0,62,0,62,0,0,70,0,70,64,0,64,134
10/21/2016,WJF,CA,AWP,WE,Federal Contract Tower,0,1,2,0,3,0,1,63,0,64,0,2,65,0,67,128,0,128,195
10/22/2016,WJF,CA,AWP,WE,Federal Contract Tower,0,0,5,0,5,0,0,82,0,82,0,0,87,0,87,114,0,114,201
10/23/2016,WJF,CA,AWP,WE,Federal Contract Tower,0,0,2,0,2,0,0,65,0,65,0,0,67,0,67,44,0,44,111
10/24/2016,WJF,CA,AWP,WE,Federal Contract Tower,0,1,0,2,3,0,1,48,0,49,0,2,48,2,52,44,0,44,96
10/25/2016,WJF,CA,AWP,WE,Federal Contract Tower,0,1,2,2,5,0,1,62,0,63,0,2,64,2,68,94,0,94,162
10/26/2016,WJF,CA,AWP,WE,Federal Contract Tower,0,1,7,5,13,0,1,76,1,78,0,2,83,6,91,36,0,36,127
10/27/2016,WJF,CA,AWP,WE,Federal Contract Tower,0,1,5,2,8,0,1,56,0,57,0,2,61,2,65,66,0,66,131
10/28/2016,WJF,CA,AWP,WE,Federal Contract Tower,0,1,0,0,1,0,1,14,0,15,0,2,14,0,16,20,0,20,36
10/29/2016,WJF,CA,AWP,WE,Federal Contract Tower,0,2,13,0,15,0,2,83,0,85,0,4,96,0,100,96,0,96,196
10/30/2016,WJF,CA,AWP,WE,Federal Contract Tower,0,0,4,0,4,0,0,8,0,8,0,0,12,0,12,42,0,42,54
10/31/2016,WJF,CA,AWP,WE,Federal Contract Tower,0,0,5,0,5,0,2,39,0,41,0,2,44,0,46,36,0,36,82
11/01/2016,WJF,CA,AWP,WE,Federal Contract Tower,0,1,7,0,8,0,1,48,0,49,0,2,55,0,57,48,0,48,105
11/02/2016,WJF,CA,AWP,WE,Federal Contract Tower,0,0,12,0,12,0,2,56,0,58,0,2,68,0,70,54,0,54,124
11/03/2016,WJF,CA,AWP,WE,Federal Contract Tower,0,0,8,0,8,0,2,57,0,59,0,2,65,0,67,48,0,48,115
11/04/2016,WJF,CA,AWP,WE,Federal Contract Tower,0,0,7,0,7,0,2,53,0,55,0,2,60,0,62,78,0,78,140
11/05/2016,WJF,CA,AWP,WE,Federal Contract Tower,0,1,9,0,10,0,1,92,0,93,0,2,101,0,103,76,0,76,179
11/06/2016,WJF,CA,AWP,WE,Federal Contract Tower,0,0,2,0,2,0,0,65,0,65,0,0,67,0,67,32,0,32,99
11/07/2016,WJF,CA,AWP,WE,Federal Contract Tower,0,1,3,0,4,0,1,62,0,63,0,2,65,0,67,40,0,40,107
11/08/2016,WJF,CA,AWP,WE,Federal Contract Tower,0,1,3,0,4,0,1,74,0,75,0,2,77,0,79,60,0,60,139
11/09/2016,WJF,CA,AWP,WE,Federal Contract Tower,0,1,5,2,8,0,1,56,0,57,0,2,61,2,65,14,0,14,79
11/10/2016,WJF,CA,AWP,WE,Federal Contract Tower,0,1,2,0,3,0,1,55,0,56,0,2,57,0,59,50,0,50,109
11/11/2016,WJF,CA,AWP,WE,Federal Contract Tower,0,1,4,0,5,0,1,89,0,90,0,2,93,0,95,58,0,58,153
11/12/2016,WJF,CA,AWP,WE,Federal Contract Tower,0,0,2,0,2,0,2,87,0,89,0,2,89,0,91,122,0,122,213
11/13/2016,WJF,CA,AWP,WE,Federal Contract Tower,0,0,0,0,0,0,0,68,0,68,0,0,68,0,68,66,0,66,134
11/14/2016,WJF,CA,AWP,WE,Federal Contract Tower,0,1,2,2,5,0,1,53,0,54,0,2,55,2,59,14,0,14,73
11/15/2016,WJF,CA,AWP,WE,Federal Contract Tower,0,1,6,0,7,0,1,55,0,56,0,2,61,0,63,38,0,38,101
11/16/2016,WJF,CA,AWP,WE,Federal Contract Tower,0,0,6,2,8,0,0,19,0,19,0,0,25,2,27,6,0,6,33
11/17/2016,WJF,CA,AWP,WE,Federal Contract Tower,0,1,3,4,8,0,1,52,0,53,0,2,55,4,61,36,0,36,97
11/18/2016,WJF,CA,AWP,WE,Federal Contract Tower,0,1,6,0,7,0,1,63,0,64,0,2,69,0,71,56,0,56,127
11/19/2016,WJF,CA,AWP,WE,Federal Contract Tower,0,1,9,0,10,0,0,75,0,75,0,1,84,0,85,130,0,130,215
11/20/2016,WJF,CA,AWP,WE,Federal Contract Tower,0,0,5,0,5,0,0,28,0,28,0,0,33,0,33,68,0,68,101
11/21/2016,WJF,CA,AWP,WE,Federal Contract Tower,0,1,2,2,5,0,1,32,0,33,0,2,34,2,38,24,0,24,62
11/22/2016,WJF,CA,AWP,WE,Federal Contract Tower,0,1,3,2,6,0,3,54,0,57,0,4,57,2,63,12,0,12,75
11/23/2016,WJF,CA,AWP,WE,Federal Contract Tower,0,1,3,2,6,0,3,59,0,62,0,4,62,2,68,52,0,52,120
11/24/2016,WJF,CA,AWP,WE,Federal Contract Tower,0,0,1,0,1,0,0,30,0,30,0,0,31,0,31,0,0,0,31
11/25/2016,WJF,CA,AWP,WE,Federal Contract Tower,0,1,5,0,6,0,0,93,0,93,0,1,98,0,99,94,0,94,193
11/26/2016,WJF,CA,AWP,WE,Federal Contract Tower,0,0,3,0,3,0,0,47,0,47,0,0,50,0,50,88,0,88,138
11/27/2016,WJF,CA,AWP,WE,Federal Contract Tower,0,0,1,0,1,0,0,7,0,7,0,0,8,0,8,0,0,0,8
11/28/2016,WJF,CA,AWP,WE,Federal Contract Tower,0,0,1,2,3,0,1,22,0,23,0,1,23,2,26,18,0,18,44
11/29/2016,WJF,CA,AWP,WE,Federal Contract Tower,0,1,3,6,10,0,1,44,0,45,0,2,47,6,55,84,0,84,139
11/30/2016,WJF,CA,AWP,WE,Federal Contract Tower,0,1,7,2,10,0,1,61,0,62,0,2,68,2,72,62,0,62,134
12/01/2016,WJF,CA,AWP,WE,Federal Contract Tower,0,1,1,2,4,0,1,52,0,53,0,2,53,2,57,24,0,24,81
12/02/2016,WJF,CA,AWP,WE,Federal Contract Tower,0,0,1,2,3,0,0,35,0,35,0,0,36,2,38,10,0,10,48
12/03/2016,WJF,CA,AWP,WE,Federal Contract Tower,0,1,2,0,3,0,1,46,0,47,0,2,48,0,50,28,0,28,78
12/04/2016,WJF,CA,AWP,WE,Federal Contract Tower,0,0,0,0,0,0,0,73,0,73,0,0,73,0,73,74,0,74,147
12/05/2016,WJF,CA,AWP,WE,Federal Contract Tower,0,0,1,0,1,0,1,28,0,29,0,1,29,0,30,14,0,14,44
12/06/2016,WJF,CA,AWP,WE,Federal Contract Tower,0,1,3,2,6,0,1,27,2,30,0,2,30,4,36,16,0,16,52
12/07/2016,WJF,CA,AWP,WE,Federal Contract Tower,0,1,4,6,11,0,1,65,0,66,0,2,69,6,77,94,0,94,171
12/08/2016,WJF,CA,AWP,WE,Federal Contract Tower,0,1,5,0,6,0,1,66,0,67,0,2,71,0,73,204,0,204,277
12/09/2016,WJF,CA,AWP,WE,Federal Contract Tower,0,0,3,0,3,0,2,45,0,47,0,2,48,0,50,14,0,14,64
12/10/2016,WJF,CA,AWP,WE,Federal Contract Tower,0,1,5,0,6,0,1,48,0,49,0,2,53,0,55,54,0,54,109
12/11/2016,WJF,CA,AWP,WE,Federal Contract Tower,0,0,9,0,9,0,0,41,0,41,0,0,50,0,50,72,0,72,122
12/12/2016,WJF,CA,AWP,WE,Federal Contract Tower,0,1,6,0,7,0,1,44,0,45,0,2,50,0,52,46,0,46,98
12/13/2016,WJF,CA,AWP,WE,Federal Contract Tower,0,1,1,0,2,0,1,42,0,43,0,2,43,0,45,36,0,36,81
12/14/2016,WJF,CA,AWP,WE,Federal Contract Tower,0,0,4,0,4,0,2,61,3,66,0,2,65,3,70,104,0,104,174
12/15/2016,WJF,CA,AWP,WE,Federal Contract Tower,0,1,5,0,6,0,1,29,0,30,0,2,34,0,36,44,0,44,80
12/16/2016,WJF,CA,AWP,WE,Federal Contract Tower,0,1,3,0,4,0,5,2,0,7,0,6,5,0,11,0,0,0,11
12/17/2016,WJF,CA,AWP,WE,Federal Contract Tower,0,1,3,0,4,0,1,68,0,69,0,2,71,0,73,72,0,72,145
12/18/2016,WJF,CA,AWP,WE,Federal Contract Tower,0,0,2,0,2,0,0,58,0,58,0,0,60,0,60,42,0,42,102
12/19/2016,WJF,CA,AWP,WE,Federal Contract Tower,0,1,3,0,4,0,1,38,0,39,0,2,41,0,43,64,0,64,107
12/20/2016,WJF,CA,AWP,WE,Federal Contract Tower,0,1,3,2,6,0,4,66,0,70,0,5,69,2,76,57,0,57,133
12/21/2016,WJF,CA,AWP,WE,Federal Contract Tower,0,1,6,0,7,0,1,54,0,55,0,2,60,0,62,132,0,132,194
12/22/2016,WJF,CA,AWP,WE,Federal Contract Tower,0,2,7,0,9,0,4,32,0,36,0,6,39,0,45,36,0,36,81
12/23/2016,WJF,CA,AWP,WE,Federal Contract Tower,0,1,3,0,4,0,1,17,0,18,0,2,20,0,22,32,0,32,54
12/24/2016,WJF,CA,AWP,WE,Federal Contract Tower,0,1,0,0,1,0,0,5,0,5,0,1,5,0,6,0,0,0,6
12/25/2016,WJF,CA,AWP,WE,Federal Contract Tower,0,0,0,0,0,0,0,21,0,21,0,0,21,0,21,0,0,0,21
12/26/2016,WJF,CA,AWP,WE,Federal Contract Tower,0,0,2,0,2,0,0,35,0,35,0,0,37,0,37,66,0,66,103
12/27/2016,WJF,CA,AWP,WE,Federal Contract Tower,0,1,3,0,4,0,1,52,0,53,0,2,55,0,57,34,0,34,91
12/28/2016,WJF,CA,AWP,WE,Federal Contract Tower,0,1,6,0,7,0,1,48,0,49,0,2,54,0,56,68,0,68,124
12/29/2016,WJF,CA,AWP,WE,Federal Contract Tower,0,1,6,0,7,0,1,94,0,95,0,2,100,0,102,112,0,112,214
12/30/2016,WJF,CA,AWP,WE,Federal Contract Tower,0,1,7,0,8,0,1,27,0,28,0,2,34,0,36,54,0,54,90
12/31/2016,WJF,CA,AWP,WE,Federal Contract Tower,0,1,1,0,2,0,1,11,0,12,0,2,12,0,14,60,0,60,74
01/01/2017,WJF,CA,AWP,WE,Federal Contract Tower,0,0,0,0,0,0,0,35,0,35,0,0,35,0,35,2,0,2,37
01/02/2017,WJF,CA,AWP,WE,Federal Contract Tower,0,0,3,0,3,0,0,29,0,29,0,0,32,0,32,0,0,0,32
01/03/2017,WJF,CA,AWP,WE,Federal Contract Tower,0,0,0,0,0,0,2,36,0,38,0,2,36,0,38,26,0,26,64
01/04/2017,WJF,CA,AWP,WE,Federal Contract Tower,0,2,1,2,5,0,2,27,0,29,0,4,28,2,34,2,0,2,36
01/05/2017,WJF,CA,AWP,WE,Federal Contract Tower,0,1,2,2,5,0,1,11,0,12,0,2,13,2,17,28,0,28,45
01/06/2017,WJF,CA,AWP,WE,Federal Contract Tower,0,1,8,0,9,0,1,81,14,96,0,2,89,14,105,108,0,108,213
01/07/2017,WJF,CA,AWP,WE,Federal Contract Tower,0,2,3,0,5,0,0,16,0,16,0,2,19,0,21,44,0,44,65
01/08/2017,WJF,CA,AWP,WE,Federal Contract Tower,0,0,0,0,0,0,0,88,0,88,0,0,88,0,88,84,0,84,172
01/09/2017,WJF,CA,AWP,WE,Federal Contract Tower,0,1,1,4,6,0,1,7,0,8,0,2,8,4,14,0,0,0,14
01/10/2017,WJF,CA,AWP,WE,Federal Contract Tower,0,0,8,2,10,0,1,18,0,19,0,1,26,2,29,4,4,8,37
01/11/2017,WJF,CA,AWP,WE,Federal Contract Tower,0,1,2,2,5,0,1,24,0,25,0,2,26,2,30,0,0,0,30
01/12/2017,WJF,CA,AWP,WE,Federal Contract Tower,0,1,6,2,9,0,1,9,0,10,0,2,15,2,19,4,0,4,23
01/13/2017,WJF,CA,AWP,WE,Federal Contract Tower,0,1,2,0,3,0,1,6,0,7,0,2,8,0,10,24,0,24,34
01/14/2017,WJF,CA,AWP,WE,Federal Contract Tower,0,2,0,0,2,0,2,94,0,96,0,4,94,0,98,174,0,174,272
01/15/2017,WJF,CA,AWP,WE,Federal Contract Tower,0,0,11,0,11,0,0,89,0,89,0,0,100,0,100,148,0,148,248
01/16/2017,WJF,CA,AWP,WE,Federal Contract Tower,0,1,5,0,6,0,1,59,0,60,0,2,64,0,66,52,0,52,118
01/17/2017,WJF,CA,AWP,WE,Federal Contract Tower,0,1,1,0,2,0,1,84,0,85,0,2,85,0,87,150,0,150,237
01/18/2017,WJF,CA,AWP,WE,Federal Contract Tower,0,1,12,0,13,0,2,49,0,51,0,3,61,0,64,38,0,38,102
01/19/2017,WJF,CA,AWP,WE,Federal Contract Tower,0,1,2,2,5,0,1,14,0,15,0,2,16,2,20,0,0,0,20
01/20/2017,WJF,CA,AWP,WE,Federal Contract Tower,0,2,0,0,2,0,0,0,0,0,0,2,0,0,2,0,0,0,2
01/21/2017,WJF,CA,AWP,WE,Federal Contract Tower,0,1,2,0,3,0,1,43,0,44,0,2,45,0,47,40,0,40,87
01/22/2017,WJF,CA,AWP,WE,Federal Contract Tower,0,0,0,0,0,0,0,0,0,0,0,0,0,0,0,0,0,0,0
01/23/2017,WJF,CA,AWP,WE,Federal Contract Tower,0,1,0,0,1,0,1,0,0,1,0,2,0,0,2,2,0,2,4
01/24/2017,WJF,CA,AWP,WE,Federal Contract Tower,0,1,4,6,11,0,1,57,0,58,0,2,61,6,69,134,0,134,203
01/25/2017,WJF,CA,AWP,WE,Federal Contract Tower,0,0,1,2,3,0,2,88,0,90,0,2,89,2,93,80,0,80,173
01/26/2017,WJF,CA,AWP,WE,Federal Contract Tower,0,0,6,2,8,0,2,94,0,96,0,2,100,2,104,156,0,156,260
01/27/2017,WJF,CA,AWP,WE,Federal Contract Tower,0,1,1,0,2,0,1,62,0,63,0,2,63,0,65,48,0,48,113
01/28/2017,WJF,CA,AWP,WE,Federal Contract Tower,0,1,3,0,4,0,1,88,0,89,0,2,91,0,93,76,0,76,169
01/29/2017,WJF,CA,AWP,WE,Federal Contract Tower,0,0,5,0,5,0,0,83,0,83,0,0,88,0,88,46,0,46,134
01/30/2017,WJF,CA,AWP,WE,Federal Contract Tower,0,0,2,0,2,0,2,51,0,53,0,2,53,0,55,56,0,56,111
01/31/2017,WJF,CA,AWP,WE,Federal Contract Tower,0,1,7,2,10,0,1,78,0,79,0,2,85,2,89,176,0,176,265
02/01/2017,WJF,CA,AWP,WE,Federal Contract Tower,0,1,9,4,14,0,1,68,0,69,0,2,77,4,83,78,0,78,161
02/02/2017,WJF,CA,AWP,WE,Federal Contract Tower,0,0,6,10,16,0,2,45,0,47,0,2,51,10,63,82,0,82,145
02/03/2017,WJF,CA,AWP,WE,Federal Contract Tower,0,3,0,2,5,0,2,35,0,37,0,5,35,2,42,40,0,40,82
02/04/2017,WJF,CA,AWP,WE,Federal Contract Tower,0,1,5,0,6,0,1,49,0,50,0,2,54,0,56,106,0,106,162
02/05/2017,WJF,CA,AWP,WE,Federal Contract Tower,0,1,4,0,5,0,1,60,0,61,0,2,64,0,66,110,0,110,176
02/06/2017,WJF,CA,AWP,WE,Federal Contract Tower,0,1,1,0,2,0,1,6,0,7,0,2,7,0,9,0,0,0,9
02/07/2017,WJF,CA,AWP,WE,Federal Contract Tower,0,1,4,0,5,0,1,14,0,15,0,2,18,0,20,0,0,0,20
02/08/2017,WJF,CA,AWP,WE,Federal Contract Tower,0,1,4,0,5,0,1,36,0,37,0,2,40,0,42,40,0,40,82
02/09/2017,WJF,CA,AWP,WE,Federal Contract Tower,0,0,5,0,5,0,2,68,0,70,0,2,73,0,75,126,0,126,201
02/10/2017,WJF,CA,AWP,WE,Federal Contract Tower,0,1,4,2,7,0,1,23,0,24,0,2,27,2,31,34,0,34,65
02/11/2017,WJF,CA,AWP,WE,Federal Contract Tower,0,1,6,0,7,0,2,77,0,79,0,3,83,0,86,164,0,164,250
02/12/2017,WJF,CA,AWP,WE,Federal Contract Tower,0,0,4,0,4,0,0,49,0,49,0,0,53,0,53,108,0,108,161
02/13/2017,WJF,CA,AWP,WE,Federal Contract Tower,0,0,5,0,5,0,2,75,0,77,0,2,80,0,82,68,0,68,150
02/14/2017,WJF,CA,AWP,WE,Federal Contract Tower,0,0,2,0,2,0,2,58,0,60,0,2,60,0,62,44,0,44,106
02/15/2017,WJF,CA,AWP,WE,Federal Contract Tower,0,0,5,2,7,0,2,76,0,78,0,2,81,2,85,74,0,74,159
02/16/2017,WJF,CA,AWP,WE,Federal Contract Tower,0,1,16,0,17,0,1,54,0,55,0,2,70,0,72,58,0,58,130
02/17/2017,WJF,CA,AWP,WE,Federal Contract Tower,0,3,4,2,9,0,0,2,0,2,0,3,6,2,11,2,0,2,13
02/18/2017,WJF,CA,AWP,WE,Federal Contract Tower,0,3,3,0,6,0,0,17,0,17,0,3,20,0,23,38,0,38,61
02/19/2017,WJF,CA,AWP,WE,Federal Contract Tower,0,0,3,0,3,0,0,28,0,28,0,0,31,0,31,32,0,32,63
02/20/2017,WJF,CA,AWP,WE,Federal Contract Tower,0,1,2,0,3,0,1,13,0,14,0,2,15,0,17,32,0,32,49
02/21/2017,WJF,CA,AWP,WE,Federal Contract Tower,0,1,5,0,6,0,1,51,0,52,0,2,56,0,58,88,0,88,146
02/22/2017,WJF,CA,AWP,WE,Federal Contract Tower,0,1,0,0,1,0,1,37,0,38,0,2,37,0,39,24,0,24,63
02/23/2017,WJF,CA,AWP,WE,Federal Contract Tower,0,1,1,0,2,0,1,23,0,24,0,2,24,0,26,0,0,0,26
02/24/2017,WJF,CA,AWP,WE,Federal Contract Tower,0,1,6,2,9,0,1,112,0,113,0,2,118,2,122,130,0,130,252
02/25/2017,WJF,CA,AWP,WE,Federal Contract Tower,0,1,8,0,9,0,1,68,0,69,0,2,76,0,78,44,0,44,122
02/26/2017,WJF,CA,AWP,WE,Federal Contract Tower,0,0,2,0,2,0,0,26,0,26,0,0,28,0,28,4,0,4,32
02/27/2017,WJF,CA,AWP,WE,Federal Contract Tower,0,0,2,0,2,0,1,18,0,19,0,1,20,0,21,12,0,12,33
02/28/2017,WJF,CA,AWP,WE,Federal Contract Tower,0,0,1,0,1,0,2,66,0,68,0,2,67,0,69,46,0,46,115
03/01/2017,WJF,CA,AWP,WE,Federal Contract Tower,0,1,0,0,1,0,1,69,0,70,0,2,69,0,71,112,0,112,183
03/02/2017,WJF,CA,AWP,WE,Federal Contract Tower,0,1,5,0,6,0,1,36,0,37,0,2,41,0,43,50,0,50,93
03/03/2017,WJF,CA,AWP,WE,Federal Contract Tower,0,1,4,4,9,0,1,92,0,93,0,2,96,4,102,60,0,60,162
03/04/2017,WJF,CA,AWP,WE,Federal Contract Tower,0,0,0,0,0,0,2,101,0,103,0,2,101,0,103,122,0,122,225
03/05/2017,WJF,CA,AWP,WE,Federal Contract Tower,0,0,2,0,2,0,0,5,0,5,0,0,7,0,7,6,0,6,13
03/06/2017,WJF,CA,AWP,WE,Federal Contract Tower,0,1,0,0,1,0,1,47,0,48,0,2,47,0,49,92,0,92,141
03/07/2017,WJF,CA,AWP,WE,Federal Contract Tower,0,1,4,2,7,0,1,21,0,22,0,2,25,2,29,48,0,48,77
03/08/2017,WJF,CA,AWP,WE,Federal Contract Tower,0,1,3,6,10,0,1,64,0,65,0,2,67,6,75,220,0,220,295
03/09/2017,WJF,CA,AWP,WE,Federal Contract Tower,0,3,2,8,13,0,0,55,4,59,0,3,57,12,72,68,2,70,142
03/10/2017,WJF,CA,AWP,WE,Federal Contract Tower,0,1,10,2,13,0,1,115,0,116,0,2,125,2,129,208,0,208,337
03/11/2017,WJF,CA,AWP,WE,Federal Contract Tower,0,1,0,0,1,0,1,114,0,115,0,2,114,0,116,150,0,150,266
03/12/2017,WJF,CA,AWP,WE,Federal Contract Tower,0,0,2,0,2,0,0,83,0,83,0,0,85,0,85,96,0,96,181
03/13/2017,WJF,CA,AWP,WE,Federal Contract Tower,0,1,1,0,2,0,1,55,0,56,0,2,56,0,58,40,0,40,98
03/14/2017,WJF,CA,AWP,WE,Federal Contract Tower,0,1,1,0,2,0,1,71,0,72,0,2,72,0,74,48,0,48,122
03/15/2017,WJF,CA,AWP,WE,Federal Contract Tower,0,0,7,0,7,0,2,86,0,88,0,2,93,0,95,116,0,116,211
03/16/2017,WJF,CA,AWP,WE,Federal Contract Tower,0,1,4,4,9,0,1,75,0,76,0,2,79,4,85,74,0,74,159
03/17/2017,WJF,CA,AWP,WE,Federal Contract Tower,0,1,1,0,2,0,1,68,0,69,0,2,69,0,71,106,0,106,177
03/18/2017,WJF,CA,AWP,WE,Federal Contract Tower,0,1,7,0,8,0,0,118,0,118,0,1,125,0,126,114,0,114,240
03/19/2017,WJF,CA,AWP,WE,Federal Contract Tower,0,0,4,0,4,0,0,72,0,72,0,0,76,0,76,162,0,162,238
03/20/2017,WJF,CA,AWP,WE,Federal Contract Tower,0,0,7,0,7,0,2,53,0,55,0,2,60,0,62,68,0,68,130
03/21/2017,WJF,CA,AWP,WE,Federal Contract Tower,0,4,3,4,11,0,1,20,0,21,0,5,23,4,32,24,0,24,56
03/22/2017,WJF,CA,AWP,WE,Federal Contract Tower,0,1,1,1,3,0,1,22,0,23,0,2,23,1,26,56,0,56,82
03/23/2017,WJF,CA,AWP,WE,Federal Contract Tower,0,1,0,10,11,0,1,41,4,46,0,2,41,14,57,18,62,80,137
03/24/2017,WJF,CA,AWP,WE,Federal Contract Tower,0,2,1,0,3,0,3,20,10,33,0,5,21,10,36,140,180,320,356
03/25/2017,WJF,CA,AWP,WE,Federal Contract Tower,0,0,6,0,6,0,0,15,6,21,0,0,21,6,27,248,432,680,707
03/26/2017,WJF,CA,AWP,WE,Federal Contract Tower,0,0,1,1,2,0,0,32,0,32,0,0,33,1,34,246,408,654,688
03/27/2017,WJF,CA,AWP,WE,Federal Contract Tower,0,0,3,10,13,0,0,6,0,6,0,0,9,10,19,0,0,0,19
03/28/2017,WJF,CA,AWP,WE,Federal Contract Tower,0,1,4,2,7,0,1,69,0,70,0,2,73,2,77,70,0,70,147
03/29/2017,WJF,CA,AWP,WE,Federal Contract Tower,0,1,10,2,13,0,1,84,2,87,0,2,94,4,100,172,0,172,272
03/30/2017,WJF,CA,AWP,WE,Federal Contract Tower,0,1,2,0,3,0,1,18,0,19,0,2,20,0,22,0,0,0,22
03/31/2017,WJF,CA,AWP,WE,Federal Contract Tower,0,2,9,0,11,0,0,63,0,63,0,2,72,0,74,80,0,80,154
04/01/2017,WJF,CA,AWP,WE,Federal Contract Tower,0,0,1,0,1,0,2,113,0,115,0,2,114,0,116,78,0,78,194
04/02/2017,WJF,CA,AWP,WE,Federal Contract Tower,0,0,6,0,6,0,0,88,0,88,0,0,94,0,94,34,0,34,128
04/03/2017,WJF,CA,AWP,WE,Federal Contract Tower,0,0,5,0,5,0,2,28,0,30,0,2,33,0,35,16,0,16,51
04/04/2017,WJF,CA,AWP,WE,Federal Contract Tower,0,1,3,2,6,0,1,95,0,96,0,2,98,2,102,126,0,126,228
04/06/2017,WJF,CA,AWP,WE,Federal Contract Tower,0,1,10,5,16,0,1,75,0,76,0,2,85,5,92,54,0,54,146
04/07/2017,WJF,CA,AWP,WE,Federal Contract Tower,0,1,2,2,5,0,1,43,0,44,0,2,45,2,49,44,0,44,93
04/08/2017,WJF,CA,AWP,WE,Federal Contract Tower,0,1,2,0,3,0,0,49,0,49,0,1,51,0,52,42,0,42,94
04/09/2017,WJF,CA,AWP,WE,Federal Contract Tower,0,0,5,0,5,0,0,229,0,229,0,0,234,0,234,96,0,96,330
04/10/2017,WJF,CA,AWP,WE,Federal Contract Tower,0,1,3,4,8,0,1,78,0,79,0,2,81,4,87,72,0,72,159
04/11/2017,WJF,CA,AWP,WE,Federal Contract Tower,0,1,1,0,2,0,1,66,0,67,0,2,67,0,69,18,0,18,87
04/12/2017,WJF,CA,AWP,WE,Federal Contract Tower,0,3,1,0,4,0,1,43,0,44,0,4,44,0,48,88,0,88,136
04/13/2017,WJF,CA,AWP,WE,Federal Contract Tower,0,1,2,0,3,0,1,21,0,22,0,2,23,0,25,24,0,24,49
04/14/2017,WJF,CA,AWP,WE,Federal Contract Tower,0,0,6,0,6,0,2,56,0,58,0,2,62,0,64,14,0,14,78
04/15/2017,WJF,CA,AWP,WE,Federal Contract Tower,0,1,3,0,4,0,1,109,0,110,0,2,112,0,114,90,0,90,204
04/16/2017,WJF,CA,AWP,WE,Federal Contract Tower,0,0,0,0,0,0,0,27,0,27,0,0,27,0,27,28,0,28,55
04/17/2017,WJF,CA,AWP,WE,Federal Contract Tower,0,1,8,0,9,0,1,48,0,49,0,2,56,0,58,36,0,36,94
04/18/2017,WJF,CA,AWP,WE,Federal Contract Tower,0,1,3,2,6,0,1,39,3,43,0,2,42,5,49,32,0,32,81
04/19/2017,WJF,CA,AWP,WE,Federal Contract Tower,0,1,4,0,5,0,1,79,2,82,0,2,83,2,87,82,0,82,169
04/20/2017,WJF,CA,AWP,WE,Federal Contract Tower,0,1,4,0,5,0,1,26,0,27,0,2,30,0,32,22,0,22,54
04/21/2017,WJF,CA,AWP,WE,Federal Contract Tower,0,0,4,0,4,0,2,96,0,98,0,2,100,0,102,116,0,116,218
04/22/2017,WJF,CA,AWP,WE,Federal Contract Tower,0,1,6,0,7,0,1,93,0,94,0,2,99,0,101,148,0,148,249
04/23/2017,WJF,CA,AWP,WE,Federal Contract Tower,0,1,3,0,4,0,0,67,0,67,0,1,70,0,71,54,0,54,125
04/24/2017,WJF,CA,AWP,WE,Federal Contract Tower,0,2,2,0,4,0,1,28,0,29,0,3,30,0,33,0,0,0,33
04/25/2017,WJF,CA,AWP,WE,Federal Contract Tower,0,1,1,0,2,0,1,27,0,28,0,2,28,0,30,20,0,20,50
04/26/2017,WJF,CA,AWP,WE,Federal Contract Tower,0,3,3,0,6,0,1,27,0,28,0,4,30,0,34,40,0,40,74
04/27/2017,WJF,CA,AWP,WE,Federal Contract Tower,0,1,6,0,7,0,1,20,0,21,0,2,26,0,28,2,0,2,30
04/28/2017,WJF,CA,AWP,WE,Federal Contract Tower,0,1,0,7,8,0,1,44,0,45,0,2,44,7,53,28,0,28,81
04/29/2017,WJF,CA,AWP,WE,Federal Contract Tower,0,1,5,0,6,0,0,53,0,53,0,1,58,0,59,102,0,102,161
04/30/2017,WJF,CA,AWP,WE,Federal Contract Tower,0,0,8,0,8,0,0,99,0,99,0,0,107,0,107,72,0,72,179
05/01/2017,WJF,CA,AWP,WE,Federal Contract Tower,0,0,8,10,18,0,2,68,2,72,0,2,76,12,90,84,58,142,232
05/02/2017,WJF,CA,AWP,WE,Federal Contract Tower,0,4,6,8,18,0,0,85,0,85,0,4,91,8,103,144,0,144,247
05/03/2017,WJF,CA,AWP,WE,Federal Contract Tower,0,1,3,8,12,0,1,57,2,60,0,2,60,10,72,60,0,60,132
05/04/2017,WJF,CA,AWP,WE,Federal Contract Tower,0,1,4,4,9,0,1,54,0,55,0,2,58,4,64,82,0,82,146
05/05/2017,WJF,CA,AWP,WE,Federal Contract Tower,0,1,3,0,4,0,1,76,0,77,0,2,79,0,81,72,0,72,153
05/06/2017,WJF,CA,AWP,WE,Federal Contract Tower,0,0,1,0,1,0,2,54,0,56,0,2,55,0,57,28,0,28,85
05/07/2017,WJF,CA,AWP,WE,Federal Contract Tower,0,0,2,0,2,0,0,41,0,41,0,0,43,0,43,54,0,54,97
05/08/2017,WJF,CA,AWP,WE,Federal Contract Tower,0,1,6,6,13,0,1,59,0,60,0,2,65,6,73,68,0,68,141
05/09/2017,WJF,CA,AWP,WE,Federal Contract Tower,0,1,5,2,8,0,1,63,0,64,0,2,68,2,72,66,0,66,138
05/10/2017,WJF,CA,AWP,WE,Federal Contract Tower,0,3,5,2,10,0,1,30,0,31,0,4,35,2,41,2,0,2,43
05/11/2017,WJF,CA,AWP,WE,Federal Contract Tower,0,1,7,0,8,0,1,71,0,72,0,2,78,0,80,76,0,76,156
05/12/2017,WJF,CA,AWP,WE,Federal Contract Tower,0,0,5,4,9,0,0,48,0,48,0,0,53,4,57,18,0,18,75
05/13/2017,WJF,CA,AWP,WE,Federal Contract Tower,0,0,1,0,1,0,0,53,0,53,0,0,54,0,54,62,0,62,116
05/14/2017,WJF,CA,AWP,WE,Federal Contract Tower,0,0,2,0,2,0,0,56,0,56,0,0,58,0,58,60,0,60,118
05/15/2017,WJF,CA,AWP,WE,Federal Contract Tower,0,1,5,6,12,0,1,36,0,37,0,2,41,6,49,22,0,22,71
05/16/2017,WJF,CA,AWP,WE,Federal Contract Tower,0,1,2,8,11,0,1,37,0,38,0,2,39,8,49,14,4,18,67
05/17/2017,WJF,CA,AWP,WE,Federal Contract Tower,0,1,5,0,6,0,1,11,2,14,0,2,16,2,20,12,2,14,34
05/18/2017,WJF,CA,AWP,WE,Federal Contract Tower,0,1,2,0,3,0,1,74,0,75,0,2,76,0,78,74,0,74,152
05/19/2017,WJF,CA,AWP,WE,Federal Contract Tower,0,1,4,0,5,0,1,95,6,102,0,2,99,6,107,72,0,72,179
05/20/2017,WJF,CA,AWP,WE,Federal Contract Tower,0,1,4,0,5,0,1,118,1,120,0,2,122,1,125,60,0,60,185
05/21/2017,WJF,CA,AWP,WE,Federal Contract Tower,0,1,3,0,4,0,0,90,0,90,0,1,93,0,94,88,0,88,182
05/22/2017,WJF,CA,AWP,WE,Federal Contract Tower,0,1,2,0,3,0,1,76,0,77,0,2,78,0,80,80,0,80,160
05/23/2017,WJF,CA,AWP,WE,Federal Contract Tower,0,6,10,0,16,0,1,54,0,55,0,7,64,0,71,72,0,72,143
05/24/2017,WJF,CA,AWP,WE,Federal Contract Tower,0,1,4,6,11,0,1,34,0,35,0,2,38,6,46,30,0,30,76
05/25/2017,WJF,CA,AWP,WE,Federal Contract Tower,0,1,3,0,4,0,1,23,2,26,0,2,26,2,30,32,0,32,62
05/26/2017,WJF,CA,AWP,WE,Federal Contract Tower,0,0,2,0,2,0,0,2,0,2,0,0,4,0,4,12,0,12,16
05/27/2017,WJF,CA,AWP,WE,Federal Contract Tower,0,2,1,0,3,0,4,103,0,107,0,6,104,0,110,94,0,94,204
05/28/2017,WJF,CA,AWP,WE,Federal Contract Tower,0,0,1,0,1,0,0,106,0,106,0,0,107,0,107,130,0,130,237
05/29/2017,WJF,CA,AWP,WE,Federal Contract Tower,0,0,6,0,6,0,0,79,0,79,0,0,85,0,85,62,0,62,147
05/30/2017,WJF,CA,AWP,WE,Federal Contract Tower,0,1,4,8,13,0,1,41,0,42,0,2,45,8,55,90,0,90,145
05/31/2017,WJF,CA,AWP,WE,Federal Contract Tower,0,1,5,5,11,0,1,67,3,71,0,2,72,8,82,72,14,86,168
06/01/2017,WJF,CA,AWP,WE,Federal Contract Tower,0,1,7,10,18,0,1,61,0,62,0,2,68,10,80,44,0,44,124
06/02/2017,WJF,CA,AWP,WE,Federal Contract Tower,0,3,9,0,12,0,3,97,0,100,0,6,106,0,112,102,0,102,214
06/03/2017,WJF,CA,AWP,WE,Federal Contract Tower,0,0,6,0,6,0,2,128,0,130,0,2,134,0,136,80,0,80,216
06/04/2017,WJF,CA,AWP,WE,Federal Contract Tower,0,2,6,0,8,0,0,67,0,67,0,2,73,0,75,84,0,84,159
06/05/2017,WJF,CA,AWP,WE,Federal Contract Tower,0,2,2,0,4,0,2,29,0,31,0,4,31,0,35,38,0,38,73
06/06/2017,WJF,CA,AWP,WE,Federal Contract Tower,0,1,3,1,5,0,1,55,1,57,0,2,58,2,62,90,2,92,154
06/07/2017,WJF,CA,AWP,WE,Federal Contract Tower,0,1,8,0,9,0,1,68,0,69,0,2,76,0,78,110,0,110,188
06/08/2017,WJF,CA,AWP,WE,Federal Contract Tower,0,1,6,2,9,0,1,52,0,53,0,2,58,2,62,66,0,66,128
06/09/2017,WJF,CA,AWP,WE,Federal Contract Tower,0,1,6,0,7,0,1,55,0,56,0,2,61,0,63,48,0,48,111
06/10/2017,WJF,CA,AWP,WE,Federal Contract Tower,0,1,7,0,8,0,1,83,0,84,0,2,90,0,92,22,0,22,114
06/11/2017,WJF,CA,AWP,WE,Federal Contract Tower,0,0,1,0,1,0,0,18,0,18,0,0,19,0,19,0,0,0,19
06/12/2017,WJF,CA,AWP,WE,Federal Contract Tower,0,1,2,2,5,0,2,56,2,60,0,3,58,4,65,50,0,50,115
06/13/2017,WJF,CA,AWP,WE,Federal Contract Tower,0,1,7,1,9,0,1,79,1,81,0,2,86,2,90,178,12,190,280
06/14/2017,WJF,CA,AWP,WE,Federal Contract Tower,0,1,2,0,3,0,1,93,0,94,0,2,95,0,97,164,0,164,261
06/15/2017,WJF,CA,AWP,WE,Federal Contract Tower,0,1,7,0,8,0,1,62,0,63,0,2,69,0,71,48,0,48,119
06/16/2017,WJF,CA,AWP,WE,Federal Contract Tower,0,2,3,0,5,0,1,62,0,63,0,3,65,0,68,156,0,156,224
06/17/2017,WJF,CA,AWP,WE,Federal Contract Tower,0,0,13,0,13,0,2,211,0,213,0,2,224,0,226,152,0,152,378
06/18/2017,WJF,CA,AWP,WE,Federal Contract Tower,0,0,0,0,0,0,0,112,0,112,0,0,112,0,112,72,0,72,184
06/19/2017,WJF,CA,AWP,WE,Federal Contract Tower,0,0,8,0,8,0,1,99,0,100,0,1,107,0,108,64,0,64,172
06/20/2017,WJF,CA,AWP,WE,Federal Contract Tower,0,1,3,0,4,0,1,85,0,86,0,2,88,0,90,60,0,60,150
06/21/2017,WJF,CA,AWP,WE,Federal Contract Tower,0,1,3,0,4,0,1,76,0,77,0,2,79,0,81,40,0,40,121
06/22/2017,WJF,CA,AWP,WE,Federal Contract Tower,0,1,2,0,3,0,1,74,0,75,0,2,76,0,78,120,0,120,198
06/23/2017,WJF,CA,AWP,WE,Federal Contract Tower,0,0,3,0,3,0,2,80,0,82,0,2,83,0,85,62,0,62,147
06/24/2017,WJF,CA,AWP,WE,Federal Contract Tower,0,1,0,0,1,0,0,61,0,61,0,1,61,0,62,58,0,58,120
06/25/2017,WJF,CA,AWP,WE,Federal Contract Tower,0,1,4,0,5,0,0,103,0,103,0,1,107,0,108,54,0,54,162
06/26/2017,WJF,CA,AWP,WE,Federal Contract Tower,0,1,0,4,5,0,1,63,0,64,0,2,63,4,69,36,0,36,105
06/27/2017,WJF,CA,AWP,WE,Federal Contract Tower,0,1,6,0,7,0,1,65,0,66,0,2,71,0,73,28,0,28,101
06/28/2017,WJF,CA,AWP,WE,Federal Contract Tower,0,1,9,6,16,0,1,82,0,83,0,2,91,6,99,74,0,74,173
06/29/2017,WJF,CA,AWP,WE,Federal Contract Tower,0,0,2,0,2,0,0,87,0,87,0,0,89,0,89,56,0,56,145
06/30/2017,WJF,CA,AWP,WE,Federal Contract Tower,0,0,0,6,6,0,2,94,0,96,0,2,94,6,102,166,0,166,268
07/01/2017,WJF,CA,AWP,WE,Federal Contract Tower,0,4,14,0,18,0,0,83,0,83,0,4,97,0,101,148,0,148,249
07/02/2017,WJF,CA,AWP,WE,Federal Contract Tower,0,0,7,0,7,0,0,61,0,61,0,0,68,0,68,32,0,32,100
07/03/2017,WJF,CA,AWP,WE,Federal Contract Tower,0,1,5,0,6,0,1,60,0,61,0,2,65,0,67,66,0,66,133
07/04/2017,WJF,CA,AWP,WE,Federal Contract Tower,0,0,2,0,2,0,0,98,0,98,0,0,100,0,100,56,0,56,156
07/05/2017,WJF,CA,AWP,WE,Federal Contract Tower,0,3,6,7,16,0,1,100,1,102,0,4,106,8,118,74,10,84,202
07/06/2017,WJF,CA,AWP,WE,Federal Contract Tower,0,1,3,6,10,0,1,61,0,62,0,2,64,6,72,90,0,90,162
07/07/2017,WJF,CA,AWP,WE,Federal Contract Tower,0,1,3,6,10,0,1,89,0,90,0,2,92,6,100,66,0,66,166
07/08/2017,WJF,CA,AWP,WE,Federal Contract Tower,0,0,7,0,7,0,0,80,0,80,0,0,87,0,87,74,0,74,161
07/09/2017,WJF,CA,AWP,WE,Federal Contract Tower,0,0,6,0,6,0,0,71,0,71,0,0,77,0,77,84,0,84,161
07/10/2017,WJF,CA,AWP,WE,Federal Contract Tower,0,1,9,6,16,0,1,51,0,52,0,2,60,6,68,44,0,44,112
07/11/2017,WJF,CA,AWP,WE,Federal Contract Tower,0,1,3,2,6,0,1,71,0,72,0,2,74,2,78,12,0,12,90
07/12/2017,WJF,CA,AWP,WE,Federal Contract Tower,0,1,5,3,9,0,1,63,1,65,0,2,68,4,74,90,2,92,166
07/13/2017,WJF,CA,AWP,WE,Federal Contract Tower,0,1,2,0,3,0,1,42,0,43,0,2,44,0,46,100,0,100,146
07/14/2017,WJF,CA,AWP,WE,Federal Contract Tower,0,0,11,0,11,0,0,113,0,113,0,0,124,0,124,174,0,174,298
07/15/2017,WJF,CA,AWP,WE,Federal Contract Tower,0,0,0,7,7,0,0,94,0,94,0,0,94,7,101,190,0,190,291
07/16/2017,WJF,CA,AWP,WE,Federal Contract Tower,0,0,4,0,4,0,0,64,0,64,0,0,68,0,68,34,0,34,102
07/17/2017,WJF,CA,AWP,WE,Federal Contract Tower,0,0,6,0,6,0,2,39,0,41,0,2,45,0,47,20,0,20,67
07/18/2017,WJF,CA,AWP,WE,Federal Contract Tower,0,1,0,0,1,0,1,79,0,80,0,2,79,0,81,130,0,130,211
07/19/2017,WJF,CA,AWP,WE,Federal Contract Tower,0,1,6,0,7,0,2,47,0,49,0,3,53,0,56,174,0,174,230
07/20/2017,WJF,CA,AWP,WE,Federal Contract Tower,0,1,6,0,7,0,1,75,2,78,0,2,81,2,85,128,4,132,217
07/21/2017,WJF,CA,AWP,WE,Federal Contract Tower,0,0,11,0,11,0,2,73,2,77,0,2,84,2,88,108,0,108,196
07/22/2017,WJF,CA,AWP,WE,Federal Contract Tower,0,4,7,0,11,0,4,94,0,98,0,8,101,0,109,68,0,68,177
07/23/2017,WJF,CA,AWP,WE,Federal Contract Tower,0,0,7,0,7,0,0,76,0,76,0,0,83,0,83,28,0,28,111
07/24/2017,WJF,CA,AWP,WE,Federal Contract Tower,0,1,11,2,14,0,1,41,2,44,0,2,52,4,58,48,0,48,106
07/25/2017,WJF,CA,AWP,WE,Federal Contract Tower,0,1,6,0,7,0,1,55,4,60,0,2,61,4,67,46,2,48,115
07/26/2017,WJF,CA,AWP,WE,Federal Contract Tower,0,1,10,0,11,0,1,60,2,63,0,2,70,2,74,56,0,56,130
07/27/2017,WJF,CA,AWP,WE,Federal Contract Tower,0,1,4,0,5,0,2,92,0,94,0,3,96,0,99,132,0,132,231
07/28/2017,WJF,CA,AWP,WE,Federal Contract Tower,0,0,0,0,0,0,2,103,2,107,0,2,103,2,107,152,2,154,261
07/29/2017,WJF,CA,AWP,WE,Federal Contract Tower,0,1,6,0,7,0,0,76,0,76,0,1,82,0,83,110,0,110,193
07/30/2017,WJF,CA,AWP,WE,Federal Contract Tower,0,0,4,0,4,0,0,84,0,84,0,0,88,0,88,72,0,72,160
07/31/2017,WJF,CA,AWP,WE,Federal Contract Tower,0,1,7,0,8,0,1,53,1,55,0,2,60,1,63,26,0,26,89
08/01/2017,WJF,CA,AWP,WE,Federal Contract Tower,0,1,7,0,8,0,1,42,0,43,0,2,49,0,51,92,0,92,143
08/02/2017,WJF,CA,AWP,WE,Federal Contract Tower,0,1,3,0,4,0,1,53,0,54,0,2,56,0,58,148,0,148,206
08/03/2017,WJF,CA,AWP,WE,Federal Contract Tower,0,1,10,6,17,0,1,82,0,83,0,2,92,6,100,102,0,102,202
08/04/2017,WJF,CA,AWP,WE,Federal Contract Tower,0,1,6,0,7,0,1,91,1,93,0,2,97,1,100,54,0,54,154
08/05/2017,WJF,CA,AWP,WE,Federal Contract Tower,0,0,0,0,0,0,3,56,3,62,0,3,56,3,62,62,0,62,124
08/06/2017,WJF,CA,AWP,WE,Federal Contract Tower,0,0,2,2,4,0,0,83,0,83,0,0,85,2,87,54,0,54,141
08/07/2017,WJF,CA,AWP,WE,Federal Contract Tower,0,0,1,0,1,0,2,65,0,67,0,2,66,0,68,30,0,30,98
08/08/2017,WJF,CA,AWP,WE,Federal Contract Tower,0,1,2,8,11,0,1,52,0,53,0,2,54,8,64,72,0,72,136
08/09/2017,WJF,CA,AWP,WE,Federal Contract Tower,0,1,4,11,16,0,1,80,1,82,0,2,84,12,98,58,12,70,168
08/10/2017,WJF,CA,AWP,WE,Federal Contract Tower,0,1,3,4,8,0,0,67,1,68,0,1,70,5,76,92,0,92,168
08/11/2017,WJF,CA,AWP,WE,Federal Contract Tower,0,1,4,4,9,0,1,68,0,69,0,2,72,4,78,72,0,72,150
08/12/2017,WJF,CA,AWP,WE,Federal Contract Tower,0,0,11,0,11,0,0,84,0,84,0,0,95,0,95,54,0,54,149
08/13/2017,WJF,CA,AWP,WE,Federal Contract Tower,0,0,1,0,1,0,1,73,0,74,0,1,74,0,75,80,0,80,155
08/14/2017,WJF,CA,AWP,WE,Federal Contract Tower,0,1,1,0,2,0,1,54,0,55,0,2,55,0,57,76,0,76,133
08/15/2017,WJF,CA,AWP,WE,Federal Contract Tower,0,1,7,2,10,0,1,48,2,51,0,2,55,4,61,42,12,54,115
08/16/2017,WJF,CA,AWP,WE,Federal Contract Tower,0,1,17,1,19,0,1,53,1,55,0,2,70,2,74,82,14,96,170
08/17/2017,WJF,CA,AWP,WE,Federal Contract Tower,0,1,3,2,6,0,1,74,0,75,0,2,77,2,81,64,0,64,145
08/18/2017,WJF,CA,AWP,WE,Federal Contract Tower,0,0,7,0,7,0,2,90,0,92,0,2,97,0,99,96,0,96,195
08/19/2017,WJF,CA,AWP,WE,Federal Contract Tower,0,0,3,1,4,0,2,131,0,133,0,2,134,1,137,176,0,176,313
08/20/2017,WJF,CA,AWP,WE,Federal Contract Tower,0,0,2,0,2,0,0,72,0,72,0,0,74,0,74,44,0,44,118
08/21/2017,WJF,CA,AWP,WE,Federal Contract Tower,0,1,7,0,8,0,3,47,0,50,0,4,54,0,58,54,0,54,112
08/22/2017,WJF,CA,AWP,WE,Federal Contract Tower,0,1,4,0,5,0,1,59,0,60,0,2,63,0,65,6,0,6,71
08/23/2017,WJF,CA,AWP,WE,Federal Contract Tower,0,1,2,0,3,0,1,53,0,54,0,2,55,0,57,142,0,142,199
08/24/2017,WJF,CA,AWP,WE,Federal Contract Tower,0,3,3,1,7,0,1,51,1,53,0,4,54,2,60,32,12,44,104
08/25/2017,WJF,CA,AWP,WE,Federal Contract Tower,0,1,2,0,3,0,1,75,0,76,0,2,77,0,79,152,0,152,231
08/26/2017,WJF,CA,AWP,WE,Federal Contract Tower,0,0,0,0,0,0,1,70,0,71,0,1,70,0,71,78,0,78,149
08/27/2017,WJF,CA,AWP,WE,Federal Contract Tower,0,0,3,2,5,0,0,68,2,70,0,0,71,4,75,92,0,92,167
08/28/2017,WJF,CA,AWP,WE,Federal Contract Tower,0,2,4,1,7,0,2,37,0,39,0,4,41,1,46,32,14,46,92
08/29/2017,WJF,CA,AWP,WE,Federal Contract Tower,0,1,3,3,7,0,1,35,1,37,0,2,38,4,44,20,4,24,68
08/30/2017,WJF,CA,AWP,WE,Federal Contract Tower,0,1,11,2,14,0,2,54,0,56,0,3,65,2,70,38,0,38,108
08/31/2017,WJF,CA,AWP,WE,Federal Contract Tower,0,1,3,0,4,0,3,41,0,44,0,4,44,0,48,80,0,80,128
09/01/2017,WJF,CA,AWP,WE,Federal Contract Tower,0,1,3,0,4,0,1,71,0,72,0,2,74,0,76,44,0,44,120
09/02/2017,WJF,CA,AWP,WE,Federal Contract Tower,0,1,0,6,7,0,1,113,0,114,0,2,113,6,121,84,10,94,215
09/03/2017,WJF,CA,AWP,WE,Federal Contract Tower,0,0,3,1,4,0,0,87,1,88,0,0,90,2,92,64,12,76,168
09/04/2017,WJF,CA,AWP,WE,Federal Contract Tower,0,0,5,4,9,0,0,53,0,53,0,0,58,4,62,68,0,68,130
09/05/2017,WJF,CA,AWP,WE,Federal Contract Tower,0,3,3,2,8,0,2,84,0,86,0,5,87,2,94,48,0,48,142
09/06/2017,WJF,CA,AWP,WE,Federal Contract Tower,0,1,7,1,9,0,1,85,1,87,0,2,92,2,96,10,4,14,110
09/07/2017,WJF,CA,AWP,WE,Federal Contract Tower,0,1,1,2,4,0,1,55,0,56,0,2,56,2,60,46,0,46,106
09/08/2017,WJF,CA,AWP,WE,Federal Contract Tower,0,1,1,4,6,0,1,68,0,69,0,2,69,4,75,56,0,56,131
09/09/2017,WJF,CA,AWP,WE,Federal Contract Tower,0,1,1,0,2,0,1,79,0,80,0,2,80,0,82,72,0,72,154
09/10/2017,WJF,CA,AWP,WE,Federal Contract Tower,0,0,4,0,4,0,0,53,0,53,0,0,57,0,57,70,0,70,127
09/11/2017,WJF,CA,AWP,WE,Federal Contract Tower,0,0,0,2,2,0,2,50,0,52,0,2,50,2,54,32,0,32,86
09/12/2017,WJF,CA,AWP,WE,Federal Contract Tower,0,1,4,0,5,0,0,100,0,100,0,1,104,0,105,116,0,116,221
09/13/2017,WJF,CA,AWP,WE,Federal Contract Tower,0,0,6,0,6,0,2,57,0,59,0,2,63,0,65,50,0,50,115
09/14/2017,WJF,CA,AWP,WE,Federal Contract Tower,0,1,1,0,2,0,1,49,0,50,0,2,50,0,52,42,0,42,94
09/15/2017,WJF,CA,AWP,WE,Federal Contract Tower,0,1,4,0,5,0,2,58,0,60,0,3,62,0,65,36,0,36,101
09/16/2017,WJF,CA,AWP,WE,Federal Contract Tower,0,3,2,0,5,0,3,90,0,93,0,6,92,0,98,118,0,118,216
09/17/2017,WJF,CA,AWP,WE,Federal Contract Tower,0,1,6,0,7,0,1,75,0,76,0,2,81,0,83,90,0,90,173
09/18/2017,WJF,CA,AWP,WE,Federal Contract Tower,0,2,2,0,4,0,2,35,0,37,0,4,37,0,41,14,0,14,55
09/19/2017,WJF,CA,AWP,WE,Federal Contract Tower,0,0,1,0,1,0,0,34,0,34,0,0,35,0,35,48,0,48,83
09/20/2017,WJF,CA,AWP,WE,Federal Contract Tower,0,3,7,0,10,0,1,53,0,54,0,4,60,0,64,6,0,6,70
09/21/2017,WJF,CA,AWP,WE,Federal Contract Tower,0,1,4,8,13,0,1,34,2,37,0,2,38,10,50,24,0,24,74
09/22/2017,WJF,CA,AWP,WE,Federal Contract Tower,0,3,4,0,7,0,1,90,0,91,0,4,94,0,98,94,0,94,192
09/23/2017,WJF,CA,AWP,WE,Federal Contract Tower,0,1,13,0,14,0,2,95,0,97,0,3,108,0,111,80,0,80,191
09/24/2017,WJF,CA,AWP,WE,Federal Contract Tower,0,0,1,0,1,0,0,78,0,78,0,0,79,0,79,82,0,82,161
09/25/2017,WJF,CA,AWP,WE,Federal Contract Tower,0,2,0,6,8,0,2,87,0,89,0,4,87,6,97,46,0,46,143
09/26/2017,WJF,CA,AWP,WE,Federal Contract Tower,0,1,4,6,11,0,1,80,2,83,0,2,84,8,94,86,12,98,192
09/27/2017,WJF,CA,AWP,WE,Federal Contract Tower,0,1,6,8,15,0,1,71,0,72,0,2,77,8,87,24,4,28,115
09/28/2017,WJF,CA,AWP,WE,Federal Contract Tower,0,4,8,4,16,0,1,77,0,78,0,5,85,4,94,110,0,110,204
09/29/2017,WJF,CA,AWP,WE,Federal Contract Tower,0,1,14,2,17,0,1,107,0,108,0,2,121,2,125,122,0,122,247
09/30/2017,WJF,CA,AWP,WE,Federal Contract Tower,0,0,7,0,7,0,0,71,0,71,0,0,78,0,78,72,0,72,150
10/01/2017,WJF,CA,AWP,WE,Federal Contract Tower,1,0,4,0,5,0,0,51,0,51,1,0,55,0,56,22,0,22,78
10/02/2017,WJF,CA,AWP,WE,Federal Contract Tower,0,1,4,0,5,0,1,60,0,61,0,2,64,0,66,136,0,136,202
10/03/2017,WJF,CA,AWP,WE,Federal Contract Tower,0,1,10,2,13,0,1,44,0,45,0,2,54,2,58,48,0,48,106
10/04/2017,WJF,CA,AWP,WE,Federal Contract Tower,0,1,10,5,16,0,1,96,1,98,0,2,106,6,114,82,6,88,202
10/05/2017,WJF,CA,AWP,WE,Federal Contract Tower,0,1,1,0,2,0,1,80,0,81,0,2,81,0,83,112,0,112,195
10/06/2017,WJF,CA,AWP,WE,Federal Contract Tower,0,0,5,1,6,0,2,80,0,82,0,2,85,1,88,162,6,168,256
10/07/2017,WJF,CA,AWP,WE,Federal Contract Tower,0,1,2,0,3,0,2,89,0,91,0,3,91,0,94,82,0,82,176
10/08/2017,WJF,CA,AWP,WE,Federal Contract Tower,0,0,8,0,8,0,0,88,0,88,0,0,96,0,96,66,0,66,162
10/09/2017,WJF,CA,AWP,WE,Federal Contract Tower,0,1,0,0,1,0,2,41,0,43,0,3,41,0,44,22,0,22,66
10/10/2017,WJF,CA,AWP,WE,Federal Contract Tower,0,1,1,0,2,0,1,74,0,75,0,2,75,0,77,92,0,92,169
10/11/2017,WJF,CA,AWP,WE,Federal Contract Tower,0,1,1,1,3,0,1,77,1,79,0,2,78,2,82,64,10,74,156
10/12/2017,WJF,CA,AWP,WE,Federal Contract Tower,0,1,3,0,4,0,1,71,0,72,0,2,74,0,76,138,0,138,214
10/13/2017,WJF,CA,AWP,WE,Federal Contract Tower,0,1,2,0,3,0,1,65,0,66,0,2,67,0,69,98,0,98,167
10/14/2017,WJF,CA,AWP,WE,Federal Contract Tower,0,2,3,0,5,0,2,65,0,67,0,4,68,0,72,90,0,90,162
10/15/2017,WJF,CA,AWP,WE,Federal Contract Tower,0,0,2,0,2,0,0,72,0,72,0,0,74,0,74,28,0,28,102
10/16/2017,WJF,CA,AWP,WE,Federal Contract Tower,0,1,4,0,5,0,1,61,0,62,0,2,65,0,67,44,0,44,111
10/17/2017,WJF,CA,AWP,WE,Federal Contract Tower,0,1,9,0,10,0,1,102,0,103,0,2,111,0,113,72,0,72,185
10/18/2017,WJF,CA,AWP,WE,Federal Contract Tower,0,1,1,0,2,0,1,67,0,68,0,2,68,0,70,56,0,56,126
10/19/2017,WJF,CA,AWP,WE,Federal Contract Tower,0,2,6,0,8,0,0,35,0,35,0,2,41,0,43,24,0,24,67
10/20/2017,WJF,CA,AWP,WE,Federal Contract Tower,0,0,1,0,1,0,0,17,0,17,0,0,18,0,18,2,0,2,20
10/21/2017,WJF,CA,AWP,WE,Federal Contract Tower,0,1,3,0,4,0,2,103,0,105,0,3,106,0,109,136,0,136,245
10/22/2017,WJF,CA,AWP,WE,Federal Contract Tower,0,0,5,0,5,0,0,71,0,71,0,0,76,0,76,68,0,68,144
10/23/2017,WJF,CA,AWP,WE,Federal Contract Tower,0,3,2,0,5,0,2,64,0,66,0,5,66,0,71,86,0,86,157
10/24/2017,WJF,CA,AWP,WE,Federal Contract Tower,0,1,0,0,1,0,1,92,0,93,0,2,92,0,94,60,0,60,154
10/25/2017,WJF,CA,AWP,WE,Federal Contract Tower,0,1,4,2,7,0,1,84,0,85,0,2,88,2,92,36,0,36,128
10/26/2017,WJF,CA,AWP,WE,Federal Contract Tower,0,1,12,0,13,0,1,94,0,95,0,2,106,0,108,50,0,50,158
10/27/2017,WJF,CA,AWP,WE,Federal Contract Tower,0,3,2,0,5,0,1,96,0,97,0,4,98,0,102,150,0,150,252
10/28/2017,WJF,CA,AWP,WE,Federal Contract Tower,0,0,5,0,5,0,3,148,0,151,0,3,153,0,156,148,0,148,304
10/29/2017,WJF,CA,AWP,WE,Federal Contract Tower,0,0,0,0,0,0,0,73,0,73,0,0,73,0,73,86,0,86,159
10/30/2017,WJF,CA,AWP,WE,Federal Contract Tower,0,0,16,0,16,0,0,51,0,51,0,0,67,0,67,30,0,30,97
10/31/2017,WJF,CA,AWP,WE,Federal Contract Tower,0,1,5,0,6,0,1,13,0,14,0,2,18,0,20,0,0,0,20
11/01/2017,WJF,CA,AWP,WE,Federal Contract Tower,0,1,7,0,8,0,7,16,0,23,0,8,23,0,31,16,0,16,47
11/02/2017,WJF,CA,AWP,WE,Federal Contract Tower,0,0,3,0,3,0,0,8,0,8,0,0,11,0,11,8,0,8,19
11/03/2017,WJF,CA,AWP,WE,Federal Contract Tower,0,3,3,0,6,0,1,61,0,62,0,4,64,0,68,52,0,52,120
11/04/2017,WJF,CA,AWP,WE,Federal Contract Tower,0,1,11,0,12,0,1,58,0,59,0,2,69,0,71,50,0,50,121
11/05/2017,WJF,CA,AWP,WE,Federal Contract Tower,0,0,5,0,5,0,0,21,0,21,0,0,26,0,26,22,0,22,48
11/06/2017,WJF,CA,AWP,WE,Federal Contract Tower,0,3,2,0,5,0,1,42,0,43,0,4,44,0,48,62,0,62,110
11/07/2017,WJF,CA,AWP,WE,Federal Contract Tower,0,1,6,0,7,0,1,79,0,80,0,2,85,0,87,150,0,150,237
11/08/2017,WJF,CA,AWP,WE,Federal Contract Tower,0,3,2,0,5,0,1,92,0,93,0,4,94,0,98,108,0,108,206
11/09/2017,WJF,CA,AWP,WE,Federal Contract Tower,0,2,3,0,5,0,1,55,0,56,0,3,58,0,61,58,0,58,119
11/10/2017,WJF,CA,AWP,WE,Federal Contract Tower,0,1,8,0,9,0,1,100,0,101,0,2,108,0,110,54,0,54,164
11/11/2017,WJF,CA,AWP,WE,Federal Contract Tower,0,1,6,0,7,0,2,101,0,103,0,3,107,0,110,146,0,146,256
11/12/2017,WJF,CA,AWP,WE,Federal Contract Tower,0,0,0,0,0,0,0,75,0,75,0,0,75,0,75,80,0,80,155
11/13/2017,WJF,CA,AWP,WE,Federal Contract Tower,0,1,2,0,3,0,2,54,0,56,0,3,56,0,59,0,0,0,59
11/14/2017,WJF,CA,AWP,WE,Federal Contract Tower,0,0,6,10,16,0,0,58,0,58,0,0,64,10,74,76,0,76,150
11/15/2017,WJF,CA,AWP,WE,Federal Contract Tower,0,1,8,6,15,0,1,86,0,87,0,2,94,6,102,100,0,100,202
11/16/2017,WJF,CA,AWP,WE,Federal Contract Tower,0,1,7,6,14,0,1,50,0,51,0,2,57,6,65,114,0,114,179
11/17/2017,WJF,CA,AWP,WE,Federal Contract Tower,0,1,8,5,14,0,1,50,1,52,0,2,58,6,66,98,4,102,168
11/18/2017,WJF,CA,AWP,WE,Federal Contract Tower,0,1,1,0,2,0,1,98,0,99,0,2,99,0,101,100,0,100,201
11/19/2017,WJF,CA,AWP,WE,Federal Contract Tower,0,0,1,0,1,0,0,85,0,85,0,0,86,0,86,80,0,80,166
11/20/2017,WJF,CA,AWP,WE,Federal Contract Tower,0,0,0,2,2,0,0,59,0,59,0,0,59,2,61,44,0,44,105
11/21/2017,WJF,CA,AWP,WE,Federal Contract Tower,0,1,0,0,1,0,1,67,0,68,0,2,67,0,69,72,0,72,141
11/22/2017,WJF,CA,AWP,WE,Federal Contract Tower,0,1,4,0,5,0,1,95,0,96,0,2,99,0,101,168,0,168,269
11/23/2017,WJF,CA,AWP,WE,Federal Contract Tower,0,0,2,0,2,0,0,35,0,35,0,0,37,0,37,30,0,30,67
11/24/2017,WJF,CA,AWP,WE,Federal Contract Tower,0,1,8,0,9,0,1,70,0,71,0,2,78,0,80,76,0,76,156
11/25/2017,WJF,CA,AWP,WE,Federal Contract Tower,0,0,4,0,4,0,4,103,0,107,0,4,107,0,111,144,0,144,255
11/27/2017,WJF,CA,AWP,WE,Federal Contract Tower,0,0,2,0,2,0,0,8,2,10,0,0,10,2,12,2,20,22,34
11/28/2017,WJF,CA,AWP,WE,Federal Contract Tower,0,1,8,1,10,0,1,77,1,79,0,2,85,2,89,68,8,76,165
11/29/2017,WJF,CA,AWP,WE,Federal Contract Tower,0,2,10,0,12,0,3,71,0,74,0,5,81,0,86,140,0,140,226
11/30/2017,WJF,CA,AWP,WE,Federal Contract Tower,0,1,19,2,22,0,1,70,2,73,0,2,89,4,95,84,16,100,195
12/01/2017,WJF,CA,AWP,WE,Federal Contract Tower,0,1,2,0,3,0,1,82,0,83,0,2,84,0,86,138,0,138,224
12/02/2017,WJF,CA,AWP,WE,Federal Contract Tower,0,2,4,0,6,0,0,85,2,87,0,2,89,2,93,180,0,180,273
12/03/2017,WJF,CA,AWP,WE,Federal Contract Tower,0,0,9,0,9,0,0,28,0,28,0,0,37,0,37,14,0,14,51
12/04/2017,WJF,CA,AWP,WE,Federal Contract Tower,0,1,2,0,3,0,1,49,0,50,0,2,51,0,53,40,0,40,93
12/05/2017,WJF,CA,AWP,WE,Federal Contract Tower,0,1,5,0,6,0,1,145,0,146,0,2,150,0,152,35,0,35,187
12/06/2017,WJF,CA,AWP,WE,Federal Contract Tower,0,0,2,2,4,0,1,201,0,202,0,1,203,2,206,86,0,86,292
12/07/2017,WJF,CA,AWP,WE,Federal Contract Tower,0,0,7,0,7,0,0,59,0,59,0,0,66,0,66,74,0,74,140
12/08/2017,WJF,CA,AWP,WE,Federal Contract Tower,0,2,5,0,7,0,1,155,0,156,0,3,160,0,163,100,0,100,263
12/09/2017,WJF,CA,AWP,WE,Federal Contract Tower,0,0,2,0,2,0,2,146,0,148,0,2,148,0,150,48,0,48,198
12/10/2017,WJF,CA,AWP,WE,Federal Contract Tower,0,0,2,0,2,0,0,127,0,127,0,0,129,0,129,46,0,46,175
12/11/2017,WJF,CA,AWP,WE,Federal Contract Tower,0,1,11,0,12,0,1,112,0,113,0,2,123,0,125,68,0,68,193
12/12/2017,WJF,CA,AWP,WE,Federal Contract Tower,0,1,7,0,8,0,1,79,0,80,0,2,86,0,88,28,0,28,116
12/13/2017,WJF,CA,AWP,WE,Federal Contract Tower,0,1,1,5,7,0,1,71,1,73,0,2,72,6,80,32,14,46,126
12/14/2017,WJF,CA,AWP,WE,Federal Contract Tower,0,1,14,3,18,0,1,77,0,78,0,2,91,3,96,26,4,30,126
12/15/2017,WJF,CA,AWP,WE,Federal Contract Tower,0,2,6,10,18,0,1,121,0,122,0,3,127,10,140,122,16,138,278
12/16/2017,WJF,CA,AWP,WE,Federal Contract Tower,0,1,3,0,4,0,1,75,0,76,0,2,78,0,80,104,0,104,184
12/17/2017,WJF,CA,AWP,WE,Federal Contract Tower,0,0,2,0,2,0,0,60,0,60,0,0,62,0,62,84,0,84,146
12/18/2017,WJF,CA,AWP,WE,Federal Contract Tower,0,1,2,0,3,0,1,104,0,105,0,2,106,0,108,92,0,92,200
12/19/2017,WJF,CA,AWP,WE,Federal Contract Tower,0,5,11,2,18,0,1,64,0,65,0,6,75,2,83,42,0,42,125
12/20/2017,WJF,CA,AWP,WE,Federal Contract Tower,0,0,5,2,7,0,0,25,0,25,0,0,30,2,32,8,0,8,40
12/21/2017,WJF,CA,AWP,WE,Federal Contract Tower,0,1,10,3,14,0,1,44,1,46,0,2,54,4,60,14,14,28,88
12/22/2017,WJF,CA,AWP,WE,Federal Contract Tower,0,1,5,0,6,0,1,92,0,93,0,2,97,0,99,92,0,92,191
12/23/2017,WJF,CA,AWP,WE,Federal Contract Tower,0,0,6,0,6,0,0,81,0,81,0,0,87,0,87,54,0,54,141
12/24/2017,WJF,CA,AWP,WE,Federal Contract Tower,0,0,5,0,5,0,0,30,0,30,0,0,35,0,35,32,0,32,67
12/25/2017,WJF,CA,AWP,WE,Federal Contract Tower,0,0,1,0,1,0,0,31,0,31,0,0,32,0,32,2,0,2,34
12/26/2017,WJF,CA,AWP,WE,Federal Contract Tower,0,1,8,0,9,0,1,72,0,73,0,2,80,0,82,34,0,34,116
12/27/2017,WJF,CA,AWP,WE,Federal Contract Tower,0,1,11,0,12,0,1,53,0,54,0,2,64,0,66,32,0,32,98
12/28/2017,WJF,CA,AWP,WE,Federal Contract Tower,0,1,4,0,5,0,1,74,0,75,0,2,78,0,80,86,0,86,166
12/29/2017,WJF,CA,AWP,WE,Federal Contract Tower,0,1,2,0,3,0,1,102,0,103,0,2,104,0,106,56,0,56,162
12/30/2017,WJF,CA,AWP,WE,Federal Contract Tower,0,1,4,0,5,0,2,106,1,109,0,3,110,1,114,96,0,96,210
12/31/2017,WJF,CA,AWP,WE,Federal Contract Tower,0,0,2,0,2,0,0,64,0,64,0,0,66,0,66,10,0,10,76
01/01/2018,WJF,CA,AWP,WE,Federal Contract Tower,0,0,2,0,2,0,0,54,0,54,0,0,56,0,56,58,0,58,114
01/02/2018,WJF,CA,AWP,WE,Federal Contract Tower,0,1,3,0,4,0,2,52,0,54,0,3,55,0,58,48,0,48,106
01/03/2018,WJF,CA,AWP,WE,Federal Contract Tower,0,2,2,0,4,0,1,54,4,59,0,3,56,4,63,96,10,106,169
01/04/2018,WJF,CA,AWP,WE,Federal Contract Tower,0,1,8,8,17,0,1,53,0,54,0,2,61,8,71,54,0,54,125
01/05/2018,WJF,CA,AWP,WE,Federal Contract Tower,0,1,7,1,9,0,1,60,1,62,0,2,67,2,71,66,0,66,137
01/06/2018,WJF,CA,AWP,WE,Federal Contract Tower,0,1,4,0,5,0,2,109,0,111,0,3,113,0,116,70,0,70,186
01/07/2018,WJF,CA,AWP,WE,Federal Contract Tower,0,0,7,0,7,0,0,81,0,81,0,0,88,0,88,74,0,74,162
01/08/2018,WJF,CA,AWP,WE,Federal Contract Tower,0,3,2,6,11,0,0,13,0,13,0,3,15,6,24,8,0,8,32
01/09/2018,WJF,CA,AWP,WE,Federal Contract Tower,0,2,2,6,10,0,0,1,0,1,0,2,3,6,11,22,0,22,33
01/10/2018,WJF,CA,AWP,WE,Federal Contract Tower,0,2,4,4,10,0,1,41,0,42,0,3,45,4,52,0,0,0,52
01/11/2018,WJF,CA,AWP,WE,Federal Contract Tower,0,1,7,0,8,0,1,73,2,76,0,2,80,2,84,100,8,108,192
01/12/2018,WJF,CA,AWP,WE,Federal Contract Tower,0,1,23,2,26,0,1,93,0,94,0,2,116,2,120,106,0,106,226
01/13/2018,WJF,CA,AWP,WE,Federal Contract Tower,0,1,11,0,12,0,2,98,0,100,0,3,109,0,112,150,0,150,262
01/14/2018,WJF,CA,AWP,WE,Federal Contract Tower,0,1,10,0,11,0,0,87,0,87,0,1,97,0,98,64,0,64,162
01/15/2018,WJF,CA,AWP,WE,Federal Contract Tower,0,1,1,0,2,0,1,91,0,92,0,2,92,0,94,76,0,76,170
01/16/2018,WJF,CA,AWP,WE,Federal Contract Tower,0,1,8,2,11,0,1,68,2,71,0,2,76,4,82,104,4,108,190
01/17/2018,WJF,CA,AWP,WE,Federal Contract Tower,0,1,10,0,11,0,1,85,0,86,0,2,95,0,97,82,0,82,179
01/18/2018,WJF,CA,AWP,WE,Federal Contract Tower,0,1,9,0,10,0,1,67,0,68,0,2,76,0,78,98,0,98,176
01/19/2018,WJF,CA,AWP,WE,Federal Contract Tower,0,1,7,3,11,0,1,37,3,41,0,2,44,6,52,100,36,136,188
01/20/2018,WJF,CA,AWP,WE,Federal Contract Tower,0,1,2,0,3,0,1,20,0,21,0,2,22,0,24,30,0,30,54
01/21/2018,WJF,CA,AWP,WE,Federal Contract Tower,0,0,1,0,1,0,0,84,0,84,0,0,85,0,85,70,0,70,155
01/22/2018,WJF,CA,AWP,WE,Federal Contract Tower,0,1,5,0,6,0,1,70,0,71,0,2,75,0,77,100,0,100,177
01/23/2018,WJF,CA,AWP,WE,Federal Contract Tower,0,2,11,0,13,0,1,63,0,64,0,3,74,0,77,184,0,184,261
01/24/2018,WJF,CA,AWP,WE,Federal Contract Tower,0,2,15,0,17,0,1,62,4,67,0,3,77,4,84,74,0,74,158
01/25/2018,WJF,CA,AWP,WE,Federal Contract Tower,0,1,9,0,10,0,1,26,0,27,0,2,35,0,37,60,0,60,97
01/26/2018,WJF,CA,AWP,WE,Federal Contract Tower,0,1,12,0,13,0,1,97,2,100,0,2,109,2,113,100,4,104,217
01/27/2018,WJF,CA,AWP,WE,Federal Contract Tower,0,0,4,0,4,0,2,81,0,83,0,2,85,0,87,48,0,48,135
01/28/2018,WJF,CA,AWP,WE,Federal Contract Tower,0,0,5,0,5,0,0,61,0,61,0,0,66,0,66,88,0,88,154
01/29/2018,WJF,CA,AWP,WE,Federal Contract Tower,0,1,6,0,7,0,1,51,4,56,0,2,57,4,63,18,0,18,81
01/30/2018,WJF,CA,AWP,WE,Federal Contract Tower,0,1,4,8,13,0,1,46,2,49,0,2,50,10,62,52,2,54,116
01/31/2018,WJF,CA,AWP,WE,Federal Contract Tower,0,1,10,6,17,0,1,75,2,78,0,2,85,8,95,110,0,110,205
02/01/2018,WJF,CA,AWP,WE,Federal Contract Tower,0,0,8,6,14,0,0,84,0,84,0,0,92,6,98,84,0,84,182
02/02/2018,WJF,CA,AWP,WE,Federal Contract Tower,0,0,13,8,21,0,0,71,0,71,0,0,84,8,92,74,0,74,166
02/03/2018,WJF,CA,AWP,WE,Federal Contract Tower,0,0,1,0,1,0,2,121,0,123,0,2,122,0,124,154,0,154,278
02/04/2018,WJF,CA,AWP,WE,Federal Contract Tower,0,0,5,0,5,0,0,72,0,72,0,0,77,0,77,76,0,76,153
02/05/2018,WJF,CA,AWP,WE,Federal Contract Tower,0,1,1,0,2,0,1,52,0,53,0,2,53,0,55,52,0,52,107
02/06/2018,WJF,CA,AWP,WE,Federal Contract Tower,0,3,6,0,9,0,0,67,2,69,0,3,73,2,78,92,0,92,170
02/07/2018,WJF,CA,AWP,WE,Federal Contract Tower,0,1,16,0,17,0,1,54,0,55,0,2,70,0,72,116,0,116,188
02/08/2018,WJF,CA,AWP,WE,Federal Contract Tower,0,0,2,0,2,0,1,63,0,64,0,1,65,0,66,70,0,70,136
02/09/2018,WJF,CA,AWP,WE,Federal Contract Tower,0,1,16,4,21,0,1,104,0,105,0,2,120,4,126,89,0,89,215
02/10/2018,WJF,CA,AWP,WE,Federal Contract Tower,0,1,4,0,5,0,1,32,0,33,0,2,36,0,38,20,0,20,58
02/11/2018,WJF,CA,AWP,WE,Federal Contract Tower,0,0,3,0,3,0,0,76,0,76,0,0,79,0,79,40,0,40,119
02/12/2018,WJF,CA,AWP,WE,Federal Contract Tower,0,0,3,0,3,0,0,43,0,43,0,0,46,0,46,16,0,16,62
02/13/2018,WJF,CA,AWP,WE,Federal Contract Tower,0,4,7,4,15,0,1,56,2,59,0,5,63,6,74,48,22,70,144
02/14/2018,WJF,CA,AWP,WE,Federal Contract Tower,0,1,5,1,7,0,1,31,1,33,0,2,36,2,40,72,4,76,116
02/15/2018,WJF,CA,AWP,WE,Federal Contract Tower,0,0,7,0,7,0,0,40,0,40,0,0,47,0,47,30,0,30,77
02/16/2018,WJF,CA,AWP,WE,Federal Contract Tower,0,1,5,0,6,0,1,87,0,88,0,2,92,0,94,70,0,70,164
02/17/2018,WJF,CA,AWP,WE,Federal Contract Tower,0,1,4,0,5,0,0,115,0,115,0,1,119,0,120,160,0,160,280
02/18/2018,WJF,CA,AWP,WE,Federal Contract Tower,0,0,1,0,1,0,0,26,0,26,0,0,27,0,27,28,0,28,55
02/19/2018,WJF,CA,AWP,WE,Federal Contract Tower,0,1,0,0,1,0,1,19,0,20,0,2,19,0,21,16,0,16,37
02/20/2018,WJF,CA,AWP,WE,Federal Contract Tower,0,1,11,0,12,0,1,68,0,69,0,2,79,0,81,38,0,38,119
02/21/2018,WJF,CA,AWP,WE,Federal Contract Tower,0,1,5,2,8,0,1,55,0,56,0,2,60,2,64,70,0,70,134
02/22/2018,WJF,CA,AWP,WE,Federal Contract Tower,0,3,3,2,8,0,1,19,0,20,0,4,22,2,28,18,0,18,46
02/23/2018,WJF,CA,AWP,WE,Federal Contract Tower,0,0,7,0,7,0,0,24,2,26,0,0,31,2,33,68,10,78,111
02/24/2018,WJF,CA,AWP,WE,Federal Contract Tower,0,1,1,0,2,0,1,48,0,49,0,2,49,0,51,22,0,22,73
02/25/2018,WJF,CA,AWP,WE,Federal Contract Tower,0,0,1,0,1,0,0,58,0,58,0,0,59,0,59,44,0,44,103
02/26/2018,WJF,CA,AWP,WE,Federal Contract Tower,0,3,0,6,9,0,1,29,0,30,0,4,29,6,39,6,0,6,45
02/27/2018,WJF,CA,AWP,WE,Federal Contract Tower,0,1,2,0,3,0,1,28,0,29,0,2,30,0,32,38,0,38,70
02/28/2018,WJF,CA,AWP,WE,Federal Contract Tower,0,1,6,0,7,0,1,49,0,50,0,2,55,0,57,38,0,38,95
03/01/2018,WJF,CA,AWP,WE,Federal Contract Tower,0,1,2,0,3,0,1,27,0,28,0,2,29,0,31,78,0,78,109
03/03/2018,WJF,CA,AWP,WE,Federal Contract Tower,0,2,2,0,4,0,1,1,0,2,0,3,3,0,6,2,0,2,8
03/04/2018,WJF,CA,AWP,WE,Federal Contract Tower,0,0,0,0,0,0,0,65,2,67,0,0,65,2,67,90,4,94,161
03/05/2018,WJF,CA,AWP,WE,Federal Contract Tower,0,1,10,0,11,0,1,57,0,58,0,2,67,0,69,80,0,80,149
03/06/2018,WJF,CA,AWP,WE,Federal Contract Tower,0,1,4,0,5,0,1,57,0,58,0,2,61,0,63,58,0,58,121
03/07/2018,WJF,CA,AWP,WE,Federal Contract Tower,0,1,4,6,11,0,1,75,0,76,0,2,79,6,87,206,0,206,293
03/08/2018,WJF,CA,AWP,WE,Federal Contract Tower,0,1,3,4,8,0,1,66,2,69,0,2,69,6,77,234,0,234,311
03/09/2018,WJF,CA,AWP,WE,Federal Contract Tower,0,1,4,6,11,0,1,83,0,84,0,2,87,6,95,66,0,66,161
03/10/2018,WJF,CA,AWP,WE,Federal Contract Tower,0,1,5,0,6,0,0,42,0,42,0,1,47,0,48,110,0,110,158
03/11/2018,WJF,CA,AWP,WE,Federal Contract Tower,0,0,4,0,4,0,0,47,0,47,0,0,51,0,51,46,0,46,97
03/12/2018,WJF,CA,AWP,WE,Federal Contract Tower,0,5,4,6,15,0,1,72,4,77,0,6,76,10,92,80,12,92,184
03/13/2018,WJF,CA,AWP,WE,Federal Contract Tower,0,1,3,0,4,0,1,27,0,28,0,2,30,0,32,8,0,8,40
03/14/2018,WJF,CA,AWP,WE,Federal Contract Tower,0,1,6,0,7,0,1,42,1,44,0,2,48,1,51,50,0,50,101
03/15/2018,WJF,CA,AWP,WE,Federal Contract Tower,0,1,6,0,7,0,1,26,2,29,0,2,32,2,36,14,0,14,50
03/16/2018,WJF,CA,AWP,WE,Federal Contract Tower,0,5,10,2,17,0,1,43,0,44,0,6,53,2,61,27,0,27,88
03/17/2018,WJF,CA,AWP,WE,Federal Contract Tower,0,0,5,0,5,0,1,67,0,68,0,1,72,0,73,100,0,100,173
03/18/2018,WJF,CA,AWP,WE,Federal Contract Tower,0,0,14,0,14,0,0,76,0,76,0,0,90,0,90,68,0,68,158
03/19/2018,WJF,CA,AWP,WE,Federal Contract Tower,0,1,7,0,8,0,1,91,0,92,0,2,98,0,100,132,0,132,232
03/20/2018,WJF,CA,AWP,WE,Federal Contract Tower,0,0,13,3,16,0,0,16,1,17,0,0,29,4,33,6,6,12,45
03/21/2018,WJF,CA,AWP,WE,Federal Contract Tower,0,1,2,4,7,0,1,3,0,4,0,2,5,4,11,0,0,0,11
03/22/2018,WJF,CA,AWP,WE,Federal Contract Tower,0,4,1,1,6,0,0,4,4,8,0,4,5,5,14,0,16,16,30
03/23/2018,WJF,CA,AWP,WE,Federal Contract Tower,0,2,7,0,9,0,0,53,8,61,0,2,60,8,70,134,48,182,252
03/24/2018,WJF,CA,AWP,WE,Federal Contract Tower,0,0,2,0,2,0,0,26,0,26,0,0,28,0,28,370,0,370,398
03/25/2018,WJF,CA,AWP,WE,Federal Contract Tower,0,0,0,0,0,0,0,80,7,87,0,0,80,7,87,177,88,265,352
03/26/2018,WJF,CA,AWP,WE,Federal Contract Tower,0,1,5,2,8,0,1,52,5,58,0,2,57,7,66,16,0,16,82
03/27/2018,WJF,CA,AWP,WE,Federal Contract Tower,0,1,3,0,4,0,1,70,0,71,0,2,73,0,75,42,0,42,117
03/28/2018,WJF,CA,AWP,WE,Federal Contract Tower,0,0,9,0,9,0,0,93,0,93,0,0,102,0,102,104,0,104,206
03/29/2018,WJF,CA,AWP,WE,Federal Contract Tower,0,1,11,8,20,0,2,104,4,110,0,3,115,12,130,146,28,174,304
03/30/2018,WJF,CA,AWP,WE,Federal Contract Tower,0,0,7,6,13,0,2,78,0,80,0,2,85,6,93,76,0,76,169
03/31/2018,WJF,CA,AWP,WE,Federal Contract Tower,0,0,14,0,14,0,0,95,0,95,0,0,109,0,109,86,0,86,195
04/01/2018,WJF,CA,AWP,WE,Federal Contract Tower,0,0,4,0,4,0,0,50,0,50,0,0,54,0,54,48,0,48,102
04/02/2018,WJF,CA,AWP,WE,Federal Contract Tower,0,1,4,8,13,0,1,74,0,75,0,2,78,8,88,10,0,10,98
04/03/2018,WJF,CA,AWP,WE,Federal Contract Tower,0,4,7,4,15,0,1,71,0,72,0,5,78,4,87,82,0,82,169
04/04/2018,WJF,CA,AWP,WE,Federal Contract Tower,0,1,8,4,13,0,1,81,0,82,0,2,89,4,95,104,0,104,199
04/05/2018,WJF,CA,AWP,WE,Federal Contract Tower,0,1,10,0,11,0,1,63,0,64,0,2,73,0,75,36,0,36,111
04/06/2018,WJF,CA,AWP,WE,Federal Contract Tower,0,1,0,4,5,0,1,30,0,31,0,2,30,4,36,8,0,8,44
04/07/2018,WJF,CA,AWP,WE,Federal Contract Tower,0,2,2,0,4,0,1,26,0,27,0,3,28,0,31,28,0,28,59
04/08/2018,WJF,CA,AWP,WE,Federal Contract Tower,0,1,5,2,8,0,0,78,0,78,0,1,83,2,86,34,0,34,120
04/09/2018,WJF,CA,AWP,WE,Federal Contract Tower,0,1,2,0,3,0,1,80,0,81,0,2,82,0,84,26,0,26,110
04/10/2018,WJF,CA,AWP,WE,Federal Contract Tower,0,0,20,0,20,0,0,65,0,65,0,0,85,0,85,108,0,108,193
04/11/2018,WJF,CA,AWP,WE,Federal Contract Tower,0,0,10,2,12,0,0,39,2,41,0,0,49,4,53,54,0,54,107
04/12/2018,WJF,CA,AWP,WE,Federal Contract Tower,0,0,0,0,0,0,0,12,0,12,0,0,12,0,12,0,0,0,12
04/13/2018,WJF,CA,AWP,WE,Federal Contract Tower,0,2,14,0,16,0,2,50,0,52,0,4,64,0,68,52,0,52,120
04/14/2018,WJF,CA,AWP,WE,Federal Contract Tower,0,2,6,0,8,0,2,109,2,113,0,4,115,2,121,106,0,106,227
04/15/2018,WJF,CA,AWP,WE,Federal Contract Tower,0,0,6,0,6,0,0,82,0,82,0,0,88,0,88,50,0,50,138
04/16/2018,WJF,CA,AWP,WE,Federal Contract Tower,0,1,5,0,6,0,1,23,0,24,0,2,28,0,30,16,0,16,46
04/17/2018,WJF,CA,AWP,WE,Federal Contract Tower,0,1,5,0,6,0,1,59,0,60,0,2,64,0,66,10,0,10,76
04/18/2018,WJF,CA,AWP,WE,Federal Contract Tower,0,1,5,0,6,0,1,72,0,73,0,2,77,0,79,74,0,74,153
04/19/2018,WJF,CA,AWP,WE,Federal Contract Tower,0,1,6,0,7,0,1,10,0,11,0,2,16,0,18,0,0,0,18
04/20/2018,WJF,CA,AWP,WE,Federal Contract Tower,0,0,4,2,6,0,2,97,0,99,0,2,101,2,105,26,0,26,131
04/21/2018,WJF,CA,AWP,WE,Federal Contract Tower,0,0,11,0,11,0,2,112,0,114,0,2,123,0,125,54,0,54,179
04/22/2018,WJF,CA,AWP,WE,Federal Contract Tower,0,0,7,0,7,0,0,94,0,94,0,0,101,0,101,96,0,96,197
04/23/2018,WJF,CA,AWP,WE,Federal Contract Tower,0,1,5,0,6,0,1,71,0,72,0,2,76,0,78,28,0,28,106
04/24/2018,WJF,CA,AWP,WE,Federal Contract Tower,0,1,6,0,7,0,1,63,0,64,0,2,69,0,71,48,0,48,119
04/25/2018,WJF,CA,AWP,WE,Federal Contract Tower,0,0,5,0,5,0,0,66,0,66,0,0,71,0,71,70,0,70,141
04/26/2018,WJF,CA,AWP,WE,Federal Contract Tower,0,0,4,10,14,0,2,59,0,61,0,2,63,10,75,46,0,46,121
04/27/2018,WJF,CA,AWP,WE,Federal Contract Tower,0,1,2,2,5,0,3,26,2,31,0,4,28,4,36,12,0,12,48
04/28/2018,WJF,CA,AWP,WE,Federal Contract Tower,0,1,2,0,3,0,0,28,0,28,0,1,30,0,31,0,0,0,31
04/29/2018,WJF,CA,AWP,WE,Federal Contract Tower,0,0,2,0,2,0,0,24,0,24,0,0,26,0,26,0,0,0,26
04/30/2018,WJF,CA,AWP,WE,Federal Contract Tower,0,1,4,9,14,0,1,38,5,44,0,2,42,14,58,26,64,90,148
05/01/2018,WJF,CA,AWP,WE,Federal Contract Tower,0,1,6,6,13,0,1,31,2,34,0,2,37,8,47,6,0,6,53
05/02/2018,WJF,CA,AWP,WE,Federal Contract Tower,0,1,6,6,13,0,1,38,0,39,0,2,44,6,52,42,0,42,94
05/03/2018,WJF,CA,AWP,WE,Federal Contract Tower,0,1,7,0,8,0,1,88,0,89,0,2,95,0,97,94,0,94,191
05/04/2018,WJF,CA,AWP,WE,Federal Contract Tower,0,0,7,0,7,0,2,120,0,122,0,2,127,0,129,154,0,154,283
05/05/2018,WJF,CA,AWP,WE,Federal Contract Tower,0,0,6,0,6,0,2,80,0,82,0,2,86,0,88,90,0,90,178
05/06/2018,WJF,CA,AWP,WE,Federal Contract Tower,0,0,10,0,10,0,0,68,0,68,0,0,78,0,78,82,0,82,160
05/07/2018,WJF,CA,AWP,WE,Federal Contract Tower,0,1,6,0,7,0,1,56,0,57,0,2,62,0,64,88,0,88,152
05/08/2018,WJF,CA,AWP,WE,Federal Contract Tower,0,1,4,0,5,0,1,51,1,53,0,2,55,1,58,98,0,98,156
05/09/2018,WJF,CA,AWP,WE,Federal Contract Tower,0,1,3,1,5,0,1,50,1,52,0,2,53,2,57,60,6,66,123
05/10/2018,WJF,CA,AWP,WE,Federal Contract Tower,0,1,5,0,6,0,1,32,0,33,0,2,37,0,39,14,0,14,53
05/11/2018,WJF,CA,AWP,WE,Federal Contract Tower,0,0,5,2,7,0,0,34,4,38,0,0,39,6,45,14,0,14,59
05/12/2018,WJF,CA,AWP,WE,Federal Contract Tower,0,0,6,2,8,0,5,43,0,48,0,5,49,2,56,62,0,62,118
05/13/2018,WJF,CA,AWP,WE,Federal Contract Tower,0,0,1,0,1,0,0,41,0,41,0,0,42,0,42,24,0,24,66
05/14/2018,WJF,CA,AWP,WE,Federal Contract Tower,0,1,3,0,4,0,1,72,0,73,0,2,75,0,77,44,0,44,121
05/15/2018,WJF,CA,AWP,WE,Federal Contract Tower,0,1,5,2,8,0,1,58,0,59,0,2,63,2,67,18,0,18,85
05/17/2018,WJF,CA,AWP,WE,Federal Contract Tower,0,1,5,2,8,0,1,74,0,75,0,2,79,2,83,60,0,60,143
05/18/2018,WJF,CA,AWP,WE,Federal Contract Tower,0,0,12,0,12,0,2,101,0,103,0,2,113,0,115,82,0,82,197
05/19/2018,WJF,CA,AWP,WE,Federal Contract Tower,0,1,0,0,1,0,1,75,0,76,0,2,75,0,77,80,0,80,157
05/20/2018,WJF,CA,AWP,WE,Federal Contract Tower,0,0,7,0,7,0,0,116,0,116,0,0,123,0,123,198,0,198,321
05/21/2018,WJF,CA,AWP,WE,Federal Contract Tower,0,1,2,0,3,0,1,36,0,37,0,2,38,0,40,54,0,54,94
05/22/2018,WJF,CA,AWP,WE,Federal Contract Tower,0,1,5,0,6,0,1,51,0,52,0,2,56,0,58,50,0,50,108
05/23/2018,WJF,CA,AWP,WE,Federal Contract Tower,0,1,11,0,12,0,1,81,0,82,0,2,92,0,94,86,0,86,180
05/24/2018,WJF,CA,AWP,WE,Federal Contract Tower,0,1,7,2,10,0,1,64,0,65,0,2,71,2,75,44,0,44,119
05/25/2018,WJF,CA,AWP,WE,Federal Contract Tower,0,0,4,0,4,0,2,42,0,44,0,2,46,0,48,0,0,0,48
05/26/2018,WJF,CA,AWP,WE,Federal Contract Tower,0,3,2,0,5,0,1,32,0,33,0,4,34,0,38,6,0,6,44
05/27/2018,WJF,CA,AWP,WE,Federal Contract Tower,0,0,9,0,9,0,0,92,0,92,0,0,101,0,101,68,0,68,169
05/28/2018,WJF,CA,AWP,WE,Federal Contract Tower,0,0,13,0,13,0,0,95,0,95,0,0,108,0,108,66,0,66,174
05/29/2018,WJF,CA,AWP,WE,Federal Contract Tower,0,1,10,5,16,0,3,71,1,75,0,4,81,6,91,80,4,84,175
05/30/2018,WJF,CA,AWP,WE,Federal Contract Tower,0,1,7,9,17,0,1,46,3,50,0,2,53,12,67,16,8,24,91
05/31/2018,WJF,CA,AWP,WE,Federal Contract Tower,0,5,6,6,17,0,0,34,0,34,0,5,40,6,51,4,0,4,55
06/01/2018,WJF,CA,AWP,WE,Federal Contract Tower,0,0,8,6,14,0,2,92,0,94,0,2,100,6,108,136,0,136,244
06/02/2018,WJF,CA,AWP,WE,Federal Contract Tower,0,2,2,0,4,0,1,111,2,114,0,3,113,2,118,122,0,122,240
06/03/2018,WJF,CA,AWP,WE,Federal Contract Tower,0,2,2,0,4,0,0,96,0,96,0,2,98,0,100,130,0,130,230
06/04/2018,WJF,CA,AWP,WE,Federal Contract Tower,0,3,2,0,5,0,1,112,0,113,0,4,114,0,118,34,0,34,152
06/05/2018,WJF,CA,AWP,WE,Federal Contract Tower,0,1,6,2,9,0,1,37,0,38,0,2,43,2,47,72,0,72,119
06/06/2018,WJF,CA,AWP,WE,Federal Contract Tower,0,1,8,2,11,0,1,47,0,48,0,2,55,2,59,24,0,24,83
06/07/2018,WJF,CA,AWP,WE,Federal Contract Tower,0,2,5,0,7,0,4,51,0,55,0,6,56,0,62,24,0,24,86
06/08/2018,WJF,CA,AWP,WE,Federal Contract Tower,0,0,6,0,6,0,2,77,0,79,0,2,83,0,85,56,0,56,141
06/09/2018,WJF,CA,AWP,WE,Federal Contract Tower,0,0,2,0,2,0,8,43,0,51,0,8,45,0,53,18,0,18,71
06/10/2018,WJF,CA,AWP,WE,Federal Contract Tower,0,0,0,0,0,0,0,43,0,43,0,0,43,0,43,4,0,4,47
06/11/2018,WJF,CA,AWP,WE,Federal Contract Tower,0,0,2,0,2,0,2,75,0,77,0,2,77,0,79,62,0,62,141
06/12/2018,WJF,CA,AWP,WE,Federal Contract Tower,0,0,2,0,2,0,2,80,0,82,0,2,82,0,84,40,0,40,124
06/13/2018,WJF,CA,AWP,WE,Federal Contract Tower,0,0,12,0,12,0,2,115,0,117,0,2,127,0,129,84,0,84,213
06/14/2018,WJF,CA,AWP,WE,Federal Contract Tower,0,0,6,0,6,0,2,69,0,71,0,2,75,0,77,40,0,40,117
06/15/2018,WJF,CA,AWP,WE,Federal Contract Tower,0,4,4,0,8,0,2,60,0,62,0,6,64,0,70,32,0,32,102
06/16/2018,WJF,CA,AWP,WE,Federal Contract Tower,0,1,4,0,5,0,0,66,0,66,0,1,70,0,71,16,0,16,87
06/17/2018,WJF,CA,AWP,WE,Federal Contract Tower,0,0,3,0,3,0,0,26,0,26,0,0,29,0,29,0,0,0,29
06/18/2018,WJF,CA,AWP,WE,Federal Contract Tower,0,0,7,0,7,0,2,68,0,70,0,2,75,0,77,14,0,14,91
06/19/2018,WJF,CA,AWP,WE,Federal Contract Tower,0,0,5,4,9,0,2,79,0,81,0,2,84,4,90,119,0,119,209
06/20/2018,WJF,CA,AWP,WE,Federal Contract Tower,0,0,5,4,9,0,1,56,0,57,0,1,61,4,66,82,0,82,148
06/21/2018,WJF,CA,AWP,WE,Federal Contract Tower,0,0,7,4,11,0,2,45,0,47,0,2,52,4,58,36,0,36,94
06/22/2018,WJF,CA,AWP,WE,Federal Contract Tower,0,0,3,4,7,0,2,70,0,72,0,2,73,4,79,54,0,54,133
06/23/2018,WJF,CA,AWP,WE,Federal Contract Tower,0,7,8,0,15,0,1,86,0,87,0,8,94,0,102,84,0,84,186
06/24/2018,WJF,CA,AWP,WE,Federal Contract Tower,0,2,3,0,5,0,0,73,0,73,0,2,76,0,78,70,0,70,148
06/25/2018,WJF,CA,AWP,WE,Federal Contract Tower,0,0,5,0,5,0,2,69,0,71,0,2,74,0,76,22,0,22,98
06/26/2018,WJF,CA,AWP,WE,Federal Contract Tower,0,0,5,0,5,0,2,53,2,57,0,2,58,2,62,50,2,52,114
06/27/2018,WJF,CA,AWP,WE,Federal Contract Tower,0,3,10,2,15,0,2,77,0,79,0,5,87,2,94,48,0,48,142
06/28/2018,WJF,CA,AWP,WE,Federal Contract Tower,0,1,5,7,13,0,4,58,1,63,0,5,63,8,76,22,2,24,100
06/29/2018,WJF,CA,AWP,WE,Federal Contract Tower,0,0,4,8,12,0,2,84,0,86,0,2,88,8,98,94,0,94,192
06/30/2018,WJF,CA,AWP,WE,Federal Contract Tower,0,0,1,0,1,0,2,92,0,94,0,2,93,0,95,102,0,102,197
07/01/2018,WJF,CA,AWP,WE,Federal Contract Tower,0,0,3,0,3,0,0,59,0,59,0,0,62,0,62,52,0,52,114
07/02/2018,WJF,CA,AWP,WE,Federal Contract Tower,0,0,4,10,14,0,1,41,0,42,0,1,45,10,56,38,0,38,94
07/03/2018,WJF,CA,AWP,WE,Federal Contract Tower,0,2,7,4,13,0,2,51,0,53,0,4,58,4,66,16,0,16,82
07/04/2018,WJF,CA,AWP,WE,Federal Contract Tower,0,0,5,0,5,0,0,67,0,67,0,0,72,0,72,102,0,102,174
07/05/2018,WJF,CA,AWP,WE,Federal Contract Tower,0,0,2,0,2,0,2,60,0,62,0,2,62,0,64,46,0,46,110
07/06/2018,WJF,CA,AWP,WE,Federal Contract Tower,0,0,4,0,4,0,2,75,0,77,0,2,79,0,81,60,0,60,141
07/07/2018,WJF,CA,AWP,WE,Federal Contract Tower,0,2,3,0,5,0,1,55,0,56,0,3,58,0,61,62,0,62,123
07/08/2018,WJF,CA,AWP,WE,Federal Contract Tower,0,0,5,0,5,0,0,71,0,71,0,0,76,0,76,32,0,32,108
07/09/2018,WJF,CA,AWP,WE,Federal Contract Tower,0,0,5,0,5,0,2,38,0,40,0,2,43,0,45,28,0,28,73
07/10/2018,WJF,CA,AWP,WE,Federal Contract Tower,0,0,7,0,7,0,2,57,2,61,0,2,64,2,68,52,0,52,120
07/11/2018,WJF,CA,AWP,WE,Federal Contract Tower,0,0,5,0,5,0,2,54,0,56,0,2,59,0,61,76,0,76,137
07/12/2018,WJF,CA,AWP,WE,Federal Contract Tower,0,2,6,0,8,0,3,54,0,57,0,5,60,0,65,4,0,4,69
07/13/2018,WJF,CA,AWP,WE,Federal Contract Tower,0,0,12,0,12,0,2,60,2,64,0,2,72,2,76,78,2,80,156
07/14/2018,WJF,CA,AWP,WE,Federal Contract Tower,0,1,4,0,5,0,1,75,0,76,0,2,79,0,81,134,0,134,215
07/15/2018,WJF,CA,AWP,WE,Federal Contract Tower,0,0,0,0,0,0,0,69,0,69,0,0,69,0,69,34,0,34,103
07/16/2018,WJF,CA,AWP,WE,Federal Contract Tower,0,0,2,2,4,0,2,53,0,55,0,2,55,2,59,88,0,88,147
07/17/2018,WJF,CA,AWP,WE,Federal Contract Tower,0,0,9,0,9,2,0,69,0,71,2,0,78,0,80,104,0,104,184
07/18/2018,WJF,CA,AWP,WE,Federal Contract Tower,0,2,11,0,13,0,2,95,0,97,0,4,106,0,110,96,0,96,206
07/19/2018,WJF,CA,AWP,WE,Federal Contract Tower,0,2,2,0,4,0,3,72,2,77,0,5,74,2,81,12,0,12,93
07/20/2018,WJF,CA,AWP,WE,Federal Contract Tower,0,0,6,0,6,0,0,80,4,84,0,0,86,4,90,48,0,48,138
07/21/2018,WJF,CA,AWP,WE,Federal Contract Tower,0,0,3,0,3,0,2,83,0,85,0,2,86,0,88,80,0,80,168
07/22/2018,WJF,CA,AWP,WE,Federal Contract Tower,0,0,3,0,3,0,0,79,0,79,0,0,82,0,82,60,0,60,142
07/23/2018,WJF,CA,AWP,WE,Federal Contract Tower,0,0,2,1,3,0,2,48,7,57,0,2,50,8,60,50,8,58,118
07/24/2018,WJF,CA,AWP,WE,Federal Contract Tower,0,2,4,0,6,0,2,35,2,39,0,4,39,2,45,38,0,38,83
07/25/2018,WJF,CA,AWP,WE,Federal Contract Tower,0,0,3,0,3,0,3,44,4,51,0,3,47,4,54,32,4,36,90
07/26/2018,WJF,CA,AWP,WE,Federal Contract Tower,0,0,8,0,8,0,2,51,2,55,0,2,59,2,63,96,0,96,159
07/27/2018,WJF,CA,AWP,WE,Federal Contract Tower,0,0,7,0,7,0,2,75,0,77,0,2,82,0,84,84,0,84,168
07/28/2018,WJF,CA,AWP,WE,Federal Contract Tower,0,0,2,0,2,0,2,68,0,70,0,2,70,0,72,72,0,72,144
07/29/2018,WJF,CA,AWP,WE,Federal Contract Tower,0,0,0,0,0,0,0,58,0,58,0,0,58,0,58,68,0,68,126
07/30/2018,WJF,CA,AWP,WE,Federal Contract Tower,0,0,3,2,5,0,2,56,0,58,0,2,59,2,63,54,0,54,117
07/31/2018,WJF,CA,AWP,WE,Federal Contract Tower,0,0,15,0,15,0,3,47,0,50,0,3,62,0,65,124,0,124,189
08/01/2018,WJF,CA,AWP,WE,Federal Contract Tower,0,0,2,0,2,0,2,50,0,52,0,2,52,0,54,76,0,76,130
08/02/2018,WJF,CA,AWP,WE,Federal Contract Tower,0,0,2,5,7,0,2,42,1,45,0,2,44,6,52,56,6,62,114
08/03/2018,WJF,CA,AWP,WE,Federal Contract Tower,0,0,3,1,4,0,2,53,1,56,0,2,56,2,60,74,0,74,134
08/04/2018,WJF,CA,AWP,WE,Federal Contract Tower,0,2,2,0,4,0,1,46,0,47,0,3,48,0,51,98,0,98,149
08/05/2018,WJF,CA,AWP,WE,Federal Contract Tower,0,0,5,0,5,0,0,58,0,58,0,0,63,0,63,46,0,46,109
08/06/2018,WJF,CA,AWP,WE,Federal Contract Tower,0,0,0,0,0,0,2,43,0,45,0,2,43,0,45,24,0,24,69
08/07/2018,WJF,CA,AWP,WE,Federal Contract Tower,0,0,2,7,9,0,2,57,1,60,0,2,59,8,69,88,8,96,165
08/08/2018,WJF,CA,AWP,WE,Federal Contract Tower,0,0,11,4,15,0,2,54,0,56,0,2,65,4,71,30,0,30,101
08/09/2018,WJF,CA,AWP,WE,Federal Contract Tower,0,0,3,4,7,0,2,36,0,38,0,2,39,4,45,48,0,48,93
08/10/2018,WJF,CA,AWP,WE,Federal Contract Tower,0,0,6,1,7,0,2,52,1,55,0,2,58,2,62,76,8,84,146
08/11/2018,WJF,CA,AWP,WE,Federal Contract Tower,0,2,4,0,6,0,1,90,0,91,0,3,94,0,97,154,0,154,251
08/12/2018,WJF,CA,AWP,WE,Federal Contract Tower,0,0,4,0,4,0,0,55,0,55,0,0,59,0,59,52,0,52,111
08/13/2018,WJF,CA,AWP,WE,Federal Contract Tower,0,1,7,0,8,0,3,56,0,59,0,4,63,0,67,60,0,60,127
08/14/2018,WJF,CA,AWP,WE,Federal Contract Tower,0,2,7,0,9,0,4,71,0,75,0,6,78,0,84,36,0,36,120
08/15/2018,WJF,CA,AWP,WE,Federal Contract Tower,0,0,4,0,4,0,2,73,2,77,0,2,77,2,81,80,0,80,161
08/16/2018,WJF,CA,AWP,WE,Federal Contract Tower,0,0,2,2,4,0,2,57,1,60,0,2,59,3,64,10,0,10,74
08/17/2018,WJF,CA,AWP,WE,Federal Contract Tower,0,1,7,2,10,0,2,69,0,71,0,3,76,2,81,84,0,84,165
08/18/2018,WJF,CA,AWP,WE,Federal Contract Tower,0,1,8,0,9,0,1,80,0,81,0,2,88,0,90,120,0,120,210
08/19/2018,WJF,CA,AWP,WE,Federal Contract Tower,0,0,3,0,3,0,0,92,0,92,0,0,95,0,95,94,0,94,189
08/20/2018,WJF,CA,AWP,WE,Federal Contract Tower,0,0,7,2,9,0,2,42,0,44,0,2,49,2,53,68,0,68,121
08/21/2018,WJF,CA,AWP,WE,Federal Contract Tower,0,0,0,0,0,0,2,52,0,54,0,2,52,0,54,32,0,32,86
08/22/2018,WJF,CA,AWP,WE,Federal Contract Tower,0,0,8,1,9,0,2,66,1,69,0,2,74,2,78,38,6,44,122
08/23/2018,WJF,CA,AWP,WE,Federal Contract Tower,0,0,6,2,8,0,2,56,0,58,0,2,62,2,66,30,0,30,96
08/24/2018,WJF,CA,AWP,WE,Federal Contract Tower,0,0,6,2,8,0,2,70,0,72,0,2,76,2,80,114,0,114,194
08/25/2018,WJF,CA,AWP,WE,Federal Contract Tower,0,1,4,0,5,0,1,73,2,76,0,2,77,2,81,104,0,104,185
08/26/2018,WJF,CA,AWP,WE,Federal Contract Tower,0,0,10,0,10,0,0,79,0,79,0,0,89,0,89,58,0,58,147
08/27/2018,WJF,CA,AWP,WE,Federal Contract Tower,0,0,1,0,1,0,2,31,0,33,0,2,32,0,34,20,0,20,54
08/28/2018,WJF,CA,AWP,WE,Federal Contract Tower,0,0,5,4,9,0,2,72,0,74,0,2,77,4,83,80,0,80,163
08/29/2018,WJF,CA,AWP,WE,Federal Contract Tower,0,0,9,0,9,0,2,42,0,44,0,2,51,0,53,104,0,104,157
08/30/2018,WJF,CA,AWP,WE,Federal Contract Tower,0,2,6,0,8,0,2,39,0,41,0,4,45,0,49,14,0,14,63
08/31/2018,WJF,CA,AWP,WE,Federal Contract Tower,0,0,1,0,1,0,2,51,0,53,0,2,52,0,54,58,0,58,112
09/01/2018,WJF,CA,AWP,WE,Federal Contract Tower,0,0,0,5,5,0,2,75,1,78,0,2,75,6,83,84,0,84,167
09/02/2018,WJF,CA,AWP,WE,Federal Contract Tower,0,2,2,0,4,0,0,64,0,64,0,2,66,0,68,70,0,70,138
09/03/2018,WJF,CA,AWP,WE,Federal Contract Tower,0,0,11,0,11,0,0,66,0,66,0,0,77,0,77,44,0,44,121
09/04/2018,WJF,CA,AWP,WE,Federal Contract Tower,0,0,6,0,6,0,2,78,0,80,0,2,84,0,86,28,0,28,114
09/05/2018,WJF,CA,AWP,WE,Federal Contract Tower,0,2,7,0,9,0,1,68,0,69,0,3,75,0,78,88,0,88,166
09/06/2018,WJF,CA,AWP,WE,Federal Contract Tower,0,0,7,2,9,0,2,45,0,47,0,2,52,2,56,94,0,94,150
09/07/2018,WJF,CA,AWP,WE,Federal Contract Tower,0,0,11,4,15,0,2,75,0,77,0,2,86,4,92,86,0,86,178
09/08/2018,WJF,CA,AWP,WE,Federal Contract Tower,0,0,4,0,4,0,1,118,0,119,0,1,122,0,123,74,0,74,197
09/09/2018,WJF,CA,AWP,WE,Federal Contract Tower,0,0,4,0,4,0,0,56,0,56,0,0,60,0,60,56,0,56,116
09/10/2018,WJF,CA,AWP,WE,Federal Contract Tower,0,0,3,4,7,0,2,54,0,56,0,2,57,4,63,42,0,42,105
09/11/2018,WJF,CA,AWP,WE,Federal Contract Tower,0,0,11,0,11,0,1,58,0,59,0,1,69,0,70,30,8,38,108
09/12/2018,WJF,CA,AWP,WE,Federal Contract Tower,0,0,2,7,9,0,2,51,1,54,0,2,53,8,63,70,16,86,149
09/13/2018,WJF,CA,AWP,WE,Federal Contract Tower,0,1,4,8,13,0,2,38,0,40,0,3,42,8,53,42,6,48,101
09/14/2018,WJF,CA,AWP,WE,Federal Contract Tower,0,2,4,0,6,0,2,67,0,69,0,4,71,0,75,88,0,88,163
09/15/2018,WJF,CA,AWP,WE,Federal Contract Tower,0,1,5,0,6,0,0,67,0,67,0,1,72,0,73,78,0,78,151
09/16/2018,WJF,CA,AWP,WE,Federal Contract Tower,0,0,3,0,3,0,0,65,0,65,0,0,68,0,68,66,0,66,134
09/17/2018,WJF,CA,AWP,WE,Federal Contract Tower,0,0,3,0,3,0,2,53,0,55,0,2,56,0,58,12,0,12,70
09/18/2018,WJF,CA,AWP,WE,Federal Contract Tower,0,0,0,3,3,0,2,50,1,53,0,2,50,4,56,56,0,56,112
09/19/2018,WJF,CA,AWP,WE,Federal Contract Tower,0,0,9,0,9,0,2,49,2,53,0,2,58,2,62,46,0,46,108
09/20/2018,WJF,CA,AWP,WE,Federal Contract Tower,0,3,14,0,17,0,0,71,0,71,0,3,85,0,88,78,6,84,172
09/21/2018,WJF,CA,AWP,WE,Federal Contract Tower,0,1,6,0,7,0,0,102,0,102,0,1,108,0,109,108,0,108,217
09/22/2018,WJF,CA,AWP,WE,Federal Contract Tower,0,0,4,0,4,0,1,123,0,124,0,1,127,0,128,62,0,62,190
09/23/2018,WJF,CA,AWP,WE,Federal Contract Tower,0,0,1,0,1,0,0,88,0,88,0,0,89,0,89,55,0,55,144
09/24/2018,WJF,CA,AWP,WE,Federal Contract Tower,0,1,12,0,13,0,2,60,0,62,0,3,72,0,75,26,0,26,101
09/25/2018,WJF,CA,AWP,WE,Federal Contract Tower,0,1,5,0,6,0,2,47,0,49,0,3,52,0,55,12,0,12,67
09/26/2018,WJF,CA,AWP,WE,Federal Contract Tower,0,0,4,1,5,0,2,78,1,81,0,2,82,2,86,64,4,68,154
09/27/2018,WJF,CA,AWP,WE,Federal Contract Tower,0,0,5,0,5,0,0,54,0,54,0,0,59,0,59,90,0,90,149
09/28/2018,WJF,CA,AWP,WE,Federal Contract Tower,0,0,6,0,6,0,0,91,0,91,0,0,97,0,97,82,0,82,179
09/29/2018,WJF,CA,AWP,WE,Federal Contract Tower,0,1,2,0,3,0,1,39,0,40,0,2,41,0,43,42,0,42,85
09/30/2018,WJF,CA,AWP,WE,Federal Contract Tower,0,0,2,0,2,0,0,69,0,69,0,0,71,0,71,58,0,58,129
10/01/2018,WJF,CA,AWP,WE,Federal Contract Tower,0,0,7,2,9,0,2,65,0,67,0,2,72,2,76,24,0,24,100
10/02/2018,WJF,CA,AWP,WE,Federal Contract Tower,0,0,10,0,10,0,1,28,6,35,0,1,38,6,45,14,80,94,139
10/03/2018,WJF,CA,AWP,WE,Federal Contract Tower,0,3,5,0,8,0,1,42,0,43,0,4,47,0,51,14,0,14,65
10/04/2018,WJF,CA,AWP,WE,Federal Contract Tower,0,2,4,4,10,0,2,33,1,36,0,4,37,5,46,50,36,86,132
10/05/2018,WJF,CA,AWP,WE,Federal Contract Tower,0,0,6,0,6,0,3,79,0,82,0,3,85,0,88,70,0,70,158
10/06/2018,WJF,CA,AWP,WE,Federal Contract Tower,0,3,11,0,14,0,0,26,0,26,0,3,37,0,40,10,0,10,50
10/07/2018,WJF,CA,AWP,WE,Federal Contract Tower,0,0,2,0,2,0,0,86,2,88,0,0,88,2,90,44,0,44,134
10/08/2018,WJF,CA,AWP,WE,Federal Contract Tower,0,2,4,0,6,0,2,76,0,78,0,4,80,0,84,110,0,110,194
10/09/2018,WJF,CA,AWP,WE,Federal Contract Tower,0,2,4,8,14,0,1,69,1,71,0,3,73,9,85,78,16,94,179
10/10/2018,WJF,CA,AWP,WE,Federal Contract Tower,0,0,13,5,18,0,5,34,4,43,0,5,47,9,61,20,8,28,89
10/11/2018,WJF,CA,AWP,WE,Federal Contract Tower,0,0,6,6,12,0,1,68,0,69,0,1,74,6,81,124,0,124,205
10/12/2018,WJF,CA,AWP,WE,Federal Contract Tower,0,0,8,0,8,0,0,74,0,74,0,0,82,0,82,32,0,32,114
10/13/2018,WJF,CA,AWP,WE,Federal Contract Tower,0,1,3,0,4,0,2,70,0,72,0,3,73,0,76,234,0,234,310
10/14/2018,WJF,CA,AWP,WE,Federal Contract Tower,0,1,3,0,4,0,0,71,0,71,0,1,74,0,75,80,8,88,163
10/15/2018,WJF,CA,AWP,WE,Federal Contract Tower,0,2,0,4,6,0,2,36,0,38,0,4,36,4,44,6,0,6,50
10/16/2018,WJF,CA,AWP,WE,Federal Contract Tower,0,0,9,0,9,0,3,53,0,56,0,3,62,0,65,136,0,136,201
10/17/2018,WJF,CA,AWP,WE,Federal Contract Tower,0,2,6,0,8,0,0,71,0,71,0,2,77,0,79,106,0,106,185
10/18/2018,WJF,CA,AWP,WE,Federal Contract Tower,0,0,2,0,2,0,0,66,0,66,0,0,68,0,68,96,0,96,164
10/19/2018,WJF,CA,AWP,WE,Federal Contract Tower,0,0,6,1,7,0,0,60,0,60,0,0,66,1,67,78,0,78,145
10/20/2018,WJF,CA,AWP,WE,Federal Contract Tower,0,0,13,2,15,0,2,85,0,87,0,2,98,2,102,108,0,108,210
10/21/2018,WJF,CA,AWP,WE,Federal Contract Tower,0,0,10,0,10,0,0,79,0,79,0,0,89,0,89,32,0,32,121
10/22/2018,WJF,CA,AWP,WE,Federal Contract Tower,0,0,8,0,8,0,2,54,0,56,0,2,62,0,64,102,0,102,166
10/23/2018,WJF,CA,AWP,WE,Federal Contract Tower,0,0,7,2,9,0,2,46,2,50,0,2,53,4,59,116,10,126,185
10/24/2018,WJF,CA,AWP,WE,Federal Contract Tower,0,0,5,0,5,0,2,52,0,54,0,2,57,0,59,86,0,86,145
10/25/2018,WJF,CA,AWP,WE,Federal Contract Tower,0,0,10,2,12,0,0,64,0,64,0,0,74,2,76,80,0,80,156
10/26/2018,WJF,CA,AWP,WE,Federal Contract Tower,0,0,11,0,11,0,2,78,0,80,0,2,89,0,91,50,0,50,141
10/27/2018,WJF,CA,AWP,WE,Federal Contract Tower,0,1,17,0,18,0,1,97,0,98,0,2,114,0,116,100,0,100,216
10/28/2018,WJF,CA,AWP,WE,Federal Contract Tower,0,0,5,0,5,0,0,97,0,97,0,0,102,0,102,22,0,22,124
10/29/2018,WJF,CA,AWP,WE,Federal Contract Tower,0,0,5,0,5,0,1,48,0,49,0,1,53,0,54,0,0,0,54
10/30/2018,WJF,CA,AWP,WE,Federal Contract Tower,0,0,5,0,5,0,2,61,2,65,0,2,66,2,70,92,0,92,162
10/31/2018,WJF,CA,AWP,WE,Federal Contract Tower,0,0,9,0,9,0,2,69,0,71,0,2,78,0,80,94,0,94,174
11/01/2018,WJF,CA,AWP,WE,Federal Contract Tower,0,2,6,4,12,0,0,53,3,56,0,2,59,7,68,46,6,52,120
11/02/2018,WJF,CA,AWP,WE,Federal Contract Tower,0,0,3,0,3,0,0,92,0,92,0,0,95,0,95,130,0,130,225
11/03/2018,WJF,CA,AWP,WE,Federal Contract Tower,0,0,4,0,4,0,0,78,0,78,0,0,82,0,82,118,0,118,200
11/04/2018,WJF,CA,AWP,WE,Federal Contract Tower,0,0,7,0,7,0,0,85,0,85,0,0,92,0,92,82,0,82,174
11/05/2018,WJF,CA,AWP,WE,Federal Contract Tower,0,0,4,0,4,0,2,37,0,39,0,2,41,0,43,22,0,22,65
11/06/2018,WJF,CA,AWP,WE,Federal Contract Tower,0,1,6,0,7,0,1,61,0,62,0,2,67,0,69,70,0,70,139
11/07/2018,WJF,CA,AWP,WE,Federal Contract Tower,0,0,14,0,14,0,0,45,0,45,0,0,59,0,59,40,0,40,99
11/08/2018,WJF,CA,AWP,WE,Federal Contract Tower,0,3,7,5,15,0,2,86,0,88,0,5,93,5,103,28,0,28,131
11/09/2018,WJF,CA,AWP,WE,Federal Contract Tower,0,1,4,0,5,0,1,186,0,187,0,2,190,0,192,0,0,0,192
11/10/2018,WJF,CA,AWP,WE,Federal Contract Tower,0,3,5,0,8,0,1,180,0,181,0,4,185,0,189,70,0,70,259
11/11/2018,WJF,CA,AWP,WE,Federal Contract Tower,0,0,1,0,1,0,0,121,0,121,0,0,122,0,122,6,0,6,128
11/12/2018,WJF,CA,AWP,WE,Federal Contract Tower,0,1,6,0,7,0,1,27,0,28,0,2,33,0,35,32,0,32,67
11/13/2018,WJF,CA,AWP,WE,Federal Contract Tower,0,1,16,0,17,0,0,60,0,60,0,1,76,0,77,14,0,14,91
11/14/2018,WJF,CA,AWP,WE,Federal Contract Tower,0,1,4,5,10,0,0,70,0,70,0,1,74,5,80,32,0,32,112
11/15/2018,WJF,CA,AWP,WE,Federal Contract Tower,0,3,7,4,14,0,1,77,0,78,0,4,84,4,92,60,0,60,152
11/16/2018,WJF,CA,AWP,WE,Federal Contract Tower,0,1,5,0,6,0,1,76,0,77,0,2,81,0,83,84,0,84,167
11/17/2018,WJF,CA,AWP,WE,Federal Contract Tower,0,0,1,0,1,0,2,78,0,80,0,2,79,0,81,102,0,102,183
11/18/2018,WJF,CA,AWP,WE,Federal Contract Tower,0,1,9,0,10,0,0,59,0,59,0,1,68,0,69,44,0,44,113
11/19/2018,WJF,CA,AWP,WE,Federal Contract Tower,0,2,19,0,21,0,1,52,0,53,0,3,71,0,74,32,0,32,106
11/20/2018,WJF,CA,AWP,WE,Federal Contract Tower,0,1,3,2,6,0,1,82,0,83,0,2,85,2,89,50,0,50,139
11/21/2018,WJF,CA,AWP,WE,Federal Contract Tower,0,1,5,0,6,0,2,51,0,53,0,3,56,0,59,48,0,48,107
11/22/2018,WJF,CA,AWP,WE,Federal Contract Tower,0,0,1,0,1,0,0,19,0,19,0,0,20,0,20,0,0,0,20
11/23/2018,WJF,CA,AWP,WE,Federal Contract Tower,0,0,3,0,3,0,1,21,3,25,0,1,24,3,28,36,0,36,64
11/24/2018,WJF,CA,AWP,WE,Federal Contract Tower,0,1,8,0,9,0,0,31,0,31,0,1,39,0,40,40,0,40,80
11/25/2018,WJF,CA,AWP,WE,Federal Contract Tower,0,0,3,0,3,0,2,81,0,83,0,2,84,0,86,118,0,118,204
11/26/2018,WJF,CA,AWP,WE,Federal Contract Tower,0,0,3,0,3,0,4,49,0,53,0,4,52,0,56,28,0,28,84
11/27/2018,WJF,CA,AWP,WE,Federal Contract Tower,0,1,9,2,12,0,1,78,0,79,0,2,87,2,91,76,0,76,167
11/28/2018,WJF,CA,AWP,WE,Federal Contract Tower,0,2,14,0,16,0,2,29,0,31,0,4,43,0,47,46,0,46,93
11/29/2018,WJF,CA,AWP,WE,Federal Contract Tower,0,0,0,3,3,0,0,12,0,12,0,0,12,3,15,0,0,0,15
11/30/2018,WJF,CA,AWP,WE,Federal Contract Tower,0,0,1,0,1,0,0,24,0,24,0,0,25,0,25,50,0,50,75
12/01/2018,WJF,CA,AWP,WE,Federal Contract Tower,0,1,4,0,5,0,0,31,0,31,0,1,35,0,36,54,0,54,90
12/02/2018,WJF,CA,AWP,WE,Federal Contract Tower,0,0,4,0,4,0,0,45,0,45,0,0,49,0,49,56,0,56,105
12/03/2018,WJF,CA,AWP,WE,Federal Contract Tower,0,1,6,0,7,0,1,62,0,63,0,2,68,0,70,100,0,100,170
12/04/2018,WJF,CA,AWP,WE,Federal Contract Tower,0,1,6,1,8,0,0,44,0,44,0,1,50,1,52,88,18,106,158
12/05/2018,WJF,CA,AWP,WE,Federal Contract Tower,0,1,6,0,7,0,0,19,4,23,0,1,25,4,30,42,0,42,72
12/06/2018,WJF,CA,AWP,WE,Federal Contract Tower,0,0,2,0,2,0,0,5,0,5,0,0,7,0,7,0,0,0,7
12/07/2018,WJF,CA,AWP,WE,Federal Contract Tower,0,1,10,0,11,0,1,48,0,49,0,2,58,0,60,124,0,124,184
12/08/2018,WJF,CA,AWP,WE,Federal Contract Tower,0,1,21,0,22,0,1,84,0,85,0,2,105,0,107,154,0,154,261
12/09/2018,WJF,CA,AWP,WE,Federal Contract Tower,0,0,9,0,9,0,0,71,0,71,0,0,80,0,80,68,0,68,148
12/10/2018,WJF,CA,AWP,WE,Federal Contract Tower,0,0,7,5,12,0,1,43,1,45,0,1,50,6,57,44,0,44,101
12/11/2018,WJF,CA,AWP,WE,Federal Contract Tower,0,1,8,4,13,0,0,31,0,31,0,1,39,4,44,76,2,78,122
12/12/2018,WJF,CA,AWP,WE,Federal Contract Tower,0,1,4,7,12,0,1,33,1,35,0,2,37,8,47,62,2,64,111
12/13/2018,WJF,CA,AWP,WE,Federal Contract Tower,0,2,7,0,9,0,1,75,0,76,0,3,82,0,85,96,0,96,181
12/14/2018,WJF,CA,AWP,WE,Federal Contract Tower,0,1,4,0,5,0,1,55,1,57,0,2,59,1,62,78,4,82,144
12/15/2018,WJF,CA,AWP,WE,Federal Contract Tower,0,0,7,0,7,0,2,89,10,101,0,2,96,10,108,54,2,56,164
12/16/2018,WJF,CA,AWP,WE,Federal Contract Tower,0,0,6,1,7,0,0,91,0,91,0,0,97,1,98,94,0,94,192
12/17/2018,WJF,CA,AWP,WE,Federal Contract Tower,0,2,1,4,7,0,2,33,0,35,0,4,34,4,42,50,0,50,92
12/18/2018,WJF,CA,AWP,WE,Federal Contract Tower,0,3,5,0,8,0,0,44,0,44,0,3,49,0,52,118,0,118,170
12/19/2018,WJF,CA,AWP,WE,Federal Contract Tower,0,1,6,2,9,0,1,58,6,65,0,2,64,8,74,42,0,42,116
12/20/2018,WJF,CA,AWP,WE,Federal Contract Tower,0,1,3,0,4,0,1,54,0,55,0,2,57,0,59,30,0,30,89
12/21/2018,WJF,CA,AWP,WE,Federal Contract Tower,0,1,6,0,7,0,1,57,0,58,0,2,63,0,65,60,0,60,125
12/22/2018,WJF,CA,AWP,WE,Federal Contract Tower,0,0,7,0,7,0,0,100,0,100,0,0,107,0,107,102,0,102,209
12/23/2018,WJF,CA,AWP,WE,Federal Contract Tower,0,0,0,0,0,0,0,68,0,68,0,0,68,0,68,86,0,86,154
12/24/2018,WJF,CA,AWP,WE,Federal Contract Tower,0,1,3,0,4,0,1,57,0,58,0,2,60,0,62,58,0,58,120
12/25/2018,WJF,CA,AWP,WE,Federal Contract Tower,0,0,0,0,0,0,0,16,0,16,0,0,16,0,16,0,0,0,16
12/26/2018,WJF,CA,AWP,WE,Federal Contract Tower,0,1,2,0,3,0,1,59,0,60,0,2,61,0,63,58,0,58,121
12/27/2018,WJF,CA,AWP,WE,Federal Contract Tower,0,1,0,0,1,0,1,31,0,32,0,2,31,0,33,24,0,24,57
12/28/2018,WJF,CA,AWP,WE,Federal Contract Tower,0,1,8,0,9,0,0,58,0,58,0,1,66,0,67,58,0,58,125
12/29/2018,WJF,CA,AWP,WE,Federal Contract Tower,0,2,0,0,2,0,0,49,0,49,0,2,49,0,51,62,0,62,113
12/30/2018,WJF,CA,AWP,WE,Federal Contract Tower,0,0,3,0,3,0,0,43,0,43,0,0,46,0,46,48,0,48,94
12/31/2018,WJF,CA,AWP,WE,Federal Contract Tower,0,1,0,0,1,0,1,24,0,25,0,2,24,0,26,2,0,2,28
01/01/2019,WJF,CA,AWP,WE,Federal Contract Tower,0,0,0,0,0,0,0,19,0,19,0,0,19,0,19,26,0,26,45
01/02/2019,WJF,CA,AWP,WE,Federal Contract Tower,0,1,3,2,6,0,1,37,0,38,0,2,40,2,44,26,0,26,70
01/03/2019,WJF,CA,AWP,WE,Federal Contract Tower,0,1,1,0,2,0,0,65,0,65,0,1,66,0,67,80,0,80,147
01/04/2019,WJF,CA,AWP,WE,Federal Contract Tower,0,2,4,0,6,0,3,75,0,78,0,5,79,0,84,78,0,78,162
01/05/2019,WJF,CA,AWP,WE,Federal Contract Tower,0,2,1,0,3,0,0,42,0,42,0,2,43,0,45,92,0,92,137
01/06/2019,WJF,CA,AWP,WE,Federal Contract Tower,0,0,9,0,9,0,0,28,0,28,0,0,37,0,37,46,0,46,83
01/07/2019,WJF,CA,AWP,WE,Federal Contract Tower,0,1,0,0,1,0,1,16,0,17,0,2,16,0,18,0,0,0,18
01/08/2019,WJF,CA,AWP,WE,Federal Contract Tower,0,1,7,0,8,0,0,39,0,39,0,1,46,0,47,56,0,56,103
01/09/2019,WJF,CA,AWP,WE,Federal Contract Tower,0,1,4,0,5,0,1,37,1,39,0,2,41,1,44,38,0,38,82
01/10/2019,WJF,CA,AWP,WE,Federal Contract Tower,0,1,4,0,5,0,1,56,2,59,0,2,60,2,64,42,0,42,106
01/11/2019,WJF,CA,AWP,WE,Federal Contract Tower,0,1,6,6,13,0,1,62,0,63,0,2,68,6,76,100,8,108,184
01/12/2019,WJF,CA,AWP,WE,Federal Contract Tower,0,2,0,0,2,0,0,12,0,12,0,2,12,0,14,14,0,14,28
01/13/2019,WJF,CA,AWP,WE,Federal Contract Tower,0,0,1,0,1,0,0,44,0,44,0,0,45,0,45,48,0,48,93
01/14/2019,WJF,CA,AWP,WE,Federal Contract Tower,0,1,8,4,13,0,0,10,4,14,0,1,18,8,27,8,0,8,35
01/15/2019,WJF,CA,AWP,WE,Federal Contract Tower,0,2,2,5,9,0,0,0,1,1,0,2,2,6,10,0,24,24,34
01/16/2019,WJF,CA,AWP,WE,Federal Contract Tower,0,2,0,3,5,0,0,19,1,20,0,2,19,4,25,54,4,58,83
01/17/2019,WJF,CA,AWP,WE,Federal Contract Tower,0,2,3,4,9,0,0,12,2,14,0,2,15,6,23,12,12,24,47
01/18/2019,WJF,CA,AWP,WE,Federal Contract Tower,0,1,6,4,11,0,1,86,2,89,0,2,92,6,100,118,2,120,220
01/19/2019,WJF,CA,AWP,WE,Federal Contract Tower,0,0,13,0,13,0,0,104,0,104,0,0,117,0,117,106,0,106,223
01/20/2019,WJF,CA,AWP,WE,Federal Contract Tower,0,0,3,0,3,0,0,55,0,55,0,0,58,0,58,56,0,56,114
01/21/2019,WJF,CA,AWP,WE,Federal Contract Tower,0,0,3,0,3,0,0,28,0,28,0,0,31,0,31,0,0,0,31
01/22/2019,WJF,CA,AWP,WE,Federal Contract Tower,0,1,10,0,11,0,1,37,4,42,0,2,47,4,53,46,2,48,101
01/23/2019,WJF,CA,AWP,WE,Federal Contract Tower,0,1,14,0,15,0,1,69,4,74,0,2,83,4,89,86,0,86,175
01/24/2019,WJF,CA,AWP,WE,Federal Contract Tower,0,1,2,0,3,0,0,63,2,65,0,1,65,2,68,88,2,90,158
01/25/2019,WJF,CA,AWP,WE,Federal Contract Tower,0,2,6,1,9,0,2,70,3,75,0,4,76,4,84,62,4,66,150
01/26/2019,WJF,CA,AWP,WE,Federal Contract Tower,0,0,2,0,2,0,0,82,0,82,0,0,84,0,84,64,0,64,148
01/27/2019,WJF,CA,AWP,WE,Federal Contract Tower,0,0,16,0,16,0,0,116,0,116,0,0,132,0,132,114,0,114,246
01/28/2019,WJF,CA,AWP,WE,Federal Contract Tower,0,0,5,0,5,0,1,68,2,71,0,1,73,2,76,78,0,78,154
01/29/2019,WJF,CA,AWP,WE,Federal Contract Tower,0,2,7,4,13,0,1,52,0,53,0,3,59,4,66,78,0,78,144
01/30/2019,WJF,CA,AWP,WE,Federal Contract Tower,0,2,11,1,14,0,1,81,0,82,0,3,92,1,96,102,0,102,198
01/31/2019,WJF,CA,AWP,WE,Federal Contract Tower,0,2,8,0,10,0,0,10,0,10,0,2,18,0,20,18,0,18,38
02/01/2019,WJF,CA,AWP,WE,Federal Contract Tower,0,1,7,0,8,0,1,20,0,21,0,2,27,0,29,0,0,0,29
02/02/2019,WJF,CA,AWP,WE,Federal Contract Tower,0,0,6,0,6,0,0,2,0,2,0,0,8,0,8,0,0,0,8
02/03/2019,WJF,CA,AWP,WE,Federal Contract Tower,0,0,3,0,3,0,0,11,0,11,0,0,14,0,14,14,0,14,28
02/04/2019,WJF,CA,AWP,WE,Federal Contract Tower,0,4,6,10,20,0,0,0,0,0,0,4,6,10,20,0,0,0,20
02/05/2019,WJF,CA,AWP,WE,Federal Contract Tower,0,7,0,8,15,0,0,1,2,3,0,7,1,10,18,0,4,4,22
02/06/2019,WJF,CA,AWP,WE,Federal Contract Tower,0,1,12,6,19,0,0,29,1,30,0,1,41,7,49,6,2,8,57
02/07/2019,WJF,CA,AWP,WE,Federal Contract Tower,0,1,13,0,14,0,1,81,1,83,0,2,94,1,97,54,0,54,151
02/08/2019,WJF,CA,AWP,WE,Federal Contract Tower,0,1,5,2,8,0,1,108,7,116,0,2,113,9,124,74,2,76,200
02/09/2019,WJF,CA,AWP,WE,Federal Contract Tower,0,0,8,0,8,0,1,28,0,29,0,1,36,0,37,74,0,74,111
02/10/2019,WJF,CA,AWP,WE,Federal Contract Tower,0,0,1,0,1,0,0,8,0,8,0,0,9,0,9,6,0,6,15
02/11/2019,WJF,CA,AWP,WE,Federal Contract Tower,0,1,10,0,11,0,1,64,0,65,0,2,74,0,76,102,0,102,178
02/12/2019,WJF,CA,AWP,WE,Federal Contract Tower,0,2,2,0,4,0,1,56,0,57,0,3,58,0,61,104,0,104,165
02/13/2019,WJF,CA,AWP,WE,Federal Contract Tower,0,4,7,0,11,0,0,12,0,12,0,4,19,0,23,4,0,4,27
02/14/2019,WJF,CA,AWP,WE,Federal Contract Tower,0,3,2,0,5,0,1,0,0,1,0,4,2,0,6,0,0,0,6
02/15/2019,WJF,CA,AWP,WE,Federal Contract Tower,0,1,3,1,5,0,3,16,1,20,0,4,19,2,25,6,4,10,35
02/16/2019,WJF,CA,AWP,WE,Federal Contract Tower,0,2,1,0,3,0,0,26,0,26,0,2,27,0,29,50,0,50,79
02/17/2019,WJF,CA,AWP,WE,Federal Contract Tower,0,0,2,0,2,0,0,11,0,11,0,0,13,0,13,4,0,4,17
02/18/2019,WJF,CA,AWP,WE,Federal Contract Tower,0,0,6,0,6,0,1,69,0,70,0,1,75,0,76,86,0,86,162
02/19/2019,WJF,CA,AWP,WE,Federal Contract Tower,0,1,13,0,14,0,1,64,3,68,0,2,77,3,82,62,0,62,144
02/20/2019,WJF,CA,AWP,WE,Federal Contract Tower,1,1,2,0,4,0,1,21,0,22,1,2,23,0,26,30,0,30,56
02/21/2019,WJF,CA,AWP,WE,Federal Contract Tower,0,1,7,0,8,0,0,4,0,4,0,1,11,0,12,0,0,0,12
02/22/2019,WJF,CA,AWP,WE,Federal Contract Tower,0,2,3,2,7,0,2,80,0,82,0,4,83,2,89,144,0,144,233
02/23/2019,WJF,CA,AWP,WE,Federal Contract Tower,0,0,13,0,13,0,0,109,0,109,0,0,122,0,122,120,0,120,242
02/24/2019,WJF,CA,AWP,WE,Federal Contract Tower,0,0,1,0,1,0,0,129,0,129,0,0,130,0,130,108,0,108,238
02/25/2019,WJF,CA,AWP,WE,Federal Contract Tower,0,1,9,0,10,0,1,47,0,48,0,2,56,0,58,50,0,50,108
02/26/2019,WJF,CA,AWP,WE,Federal Contract Tower,0,0,11,0,11,0,0,64,0,64,0,0,75,0,75,146,0,146,221
02/27/2019,WJF,CA,AWP,WE,Federal Contract Tower,0,1,6,0,7,0,1,40,0,41,0,2,46,0,48,50,0,50,98
02/28/2019,WJF,CA,AWP,WE,Federal Contract Tower,0,1,4,2,7,0,1,26,0,27,0,2,30,2,34,0,0,0,34
03/01/2019,WJF,CA,AWP,WE,Federal Contract Tower,0,0,2,0,2,0,1,37,0,38,0,1,39,0,40,14,0,14,54
03/02/2019,WJF,CA,AWP,WE,Federal Contract Tower,0,0,6,0,6,0,0,21,0,21,0,0,27,0,27,8,0,8,35
03/03/2019,WJF,CA,AWP,WE,Federal Contract Tower,0,0,7,0,7,0,0,30,0,30,0,0,37,0,37,10,0,10,47
03/04/2019,WJF,CA,AWP,WE,Federal Contract Tower,0,2,5,0,7,0,1,68,0,69,0,3,73,0,76,52,0,52,128
03/05/2019,WJF,CA,AWP,WE,Federal Contract Tower,0,1,4,0,5,0,0,39,0,39,0,1,43,0,44,62,0,62,106
03/06/2019,WJF,CA,AWP,WE,Federal Contract Tower,0,0,7,0,7,0,0,2,0,2,0,0,9,0,9,0,0,0,9
03/07/2019,WJF,CA,AWP,WE,Federal Contract Tower,0,1,6,4,11,0,1,23,2,26,0,2,29,6,37,42,0,42,79
03/08/2019,WJF,CA,AWP,WE,Federal Contract Tower,0,2,2,2,6,0,1,18,0,19,0,3,20,2,25,0,0,0,25
03/09/2019,WJF,CA,AWP,WE,Federal Contract Tower,0,0,4,1,5,0,0,79,0,79,0,0,83,1,84,50,0,50,134
03/10/2019,WJF,CA,AWP,WE,Federal Contract Tower,0,0,6,0,6,0,0,67,0,67,0,0,73,0,73,46,0,46,119
03/11/2019,WJF,CA,AWP,WE,Federal Contract Tower,0,1,4,8,13,0,1,34,0,35,0,2,38,8,48,20,0,20,68
03/12/2019,WJF,CA,AWP,WE,Federal Contract Tower,0,3,14,10,27,0,0,51,2,53,0,3,65,12,80,18,0,18,98
03/13/2019,WJF,CA,AWP,WE,Federal Contract Tower,0,0,9,0,9,0,0,66,0,66,0,0,75,0,75,26,0,26,101
03/14/2019,WJF,CA,AWP,WE,Federal Contract Tower,0,0,15,0,15,0,0,88,0,88,0,0,103,0,103,56,0,56,159
03/15/2019,WJF,CA,AWP,WE,Federal Contract Tower,0,1,18,0,19,0,5,61,0,66,0,6,79,0,85,102,0,102,187
03/16/2019,WJF,CA,AWP,WE,Federal Contract Tower,0,0,5,0,5,0,0,103,0,103,0,0,108,0,108,82,0,82,190
03/17/2019,WJF,CA,AWP,WE,Federal Contract Tower,0,2,16,0,18,0,0,137,0,137,0,2,153,0,155,22,0,22,177
03/18/2019,WJF,CA,AWP,WE,Federal Contract Tower,0,0,13,4,17,0,0,74,0,74,0,0,87,4,91,76,0,76,167
03/19/2019,WJF,CA,AWP,WE,Federal Contract Tower,0,0,11,7,18,0,0,69,1,70,0,0,80,8,88,110,6,116,204
03/20/2019,WJF,CA,AWP,WE,Federal Contract Tower,0,0,6,0,6,0,0,26,1,27,0,0,32,1,33,50,7,57,90
03/21/2019,WJF,CA,AWP,WE,Federal Contract Tower,0,2,4,0,6,0,1,31,0,32,0,3,35,0,38,22,0,22,60
03/22/2019,WJF,CA,AWP,WE,Federal Contract Tower,0,3,10,2,15,0,1,86,0,87,0,4,96,2,102,60,0,60,162
03/23/2019,WJF,CA,AWP,WE,Federal Contract Tower,0,0,4,2,6,0,0,59,1,60,0,0,63,3,66,32,0,32,98
03/24/2019,WJF,CA,AWP,WE,Federal Contract Tower,0,0,7,0,7,0,0,157,0,157,0,0,164,0,164,74,0,74,238
03/25/2019,WJF,CA,AWP,WE,Federal Contract Tower,0,1,6,0,7,0,1,87,0,88,0,2,93,0,95,64,0,64,159
03/26/2019,WJF,CA,AWP,WE,Federal Contract Tower,0,0,4,0,4,0,1,62,1,64,0,1,66,1,68,104,10,114,182
03/27/2019,WJF,CA,AWP,WE,Federal Contract Tower,0,3,2,3,8,0,1,50,0,51,0,4,52,3,59,56,0,56,115
03/28/2019,WJF,CA,AWP,WE,Federal Contract Tower,0,1,3,8,12,0,1,39,3,43,0,2,42,11,55,20,12,32,87
03/29/2019,WJF,CA,AWP,WE,Federal Contract Tower,0,0,3,0,3,0,2,61,0,63,0,2,64,0,66,68,0,68,134
03/30/2019,WJF,CA,AWP,WE,Federal Contract Tower,0,0,6,0,6,0,0,128,0,128,0,0,134,0,134,106,0,106,240
03/31/2019,WJF,CA,AWP,WE,Federal Contract Tower,0,0,15,0,15,0,0,134,0,134,0,0,149,0,149,98,0,98,247
04/01/2019,WJF,CA,AWP,WE,Federal Contract Tower,0,2,3,8,13,0,2,80,0,82,0,4,83,8,95,70,8,78,173
04/02/2019,WJF,CA,AWP,WE,Federal Contract Tower,0,1,7,6,14,0,1,43,0,44,0,2,50,6,58,36,0,36,94
04/03/2019,WJF,CA,AWP,WE,Federal Contract Tower,0,0,6,4,10,0,1,47,0,48,0,1,53,4,58,44,0,44,102
04/04/2019,WJF,CA,AWP,WE,Federal Contract Tower,0,3,4,2,9,0,1,25,2,28,0,4,29,4,37,22,0,22,59
04/05/2019,WJF,CA,AWP,WE,Federal Contract Tower,0,2,1,2,5,0,1,40,0,41,0,3,41,2,46,30,0,30,76
04/06/2019,WJF,CA,AWP,WE,Federal Contract Tower,0,0,5,0,5,0,0,77,0,77,0,0,82,0,82,106,0,106,188
04/07/2019,WJF,CA,AWP,WE,Federal Contract Tower,0,0,7,0,7,0,0,114,0,114,0,0,121,0,121,96,0,96,217
04/08/2019,WJF,CA,AWP,WE,Federal Contract Tower,0,3,14,1,18,0,3,56,1,60,0,6,70,2,78,80,8,88,166
04/09/2019,WJF,CA,AWP,WE,Federal Contract Tower,0,0,2,0,2,0,2,10,0,12,0,2,12,0,14,0,0,0,14
04/10/2019,WJF,CA,AWP,WE,Federal Contract Tower,0,0,5,0,5,0,2,34,0,36,0,2,39,0,41,2,0,2,43
04/11/2019,WJF,CA,AWP,WE,Federal Contract Tower,0,1,1,1,3,0,2,33,0,35,0,3,34,1,38,32,0,32,70
04/12/2019,WJF,CA,AWP,WE,Federal Contract Tower,0,0,2,1,3,0,2,76,0,78,0,2,78,1,81,72,0,72,153
04/13/2019,WJF,CA,AWP,WE,Federal Contract Tower,0,0,4,0,4,0,0,126,0,126,0,0,130,0,130,148,0,148,278
04/14/2019,WJF,CA,AWP,WE,Federal Contract Tower,0,0,4,1,5,0,0,113,1,114,0,0,117,2,119,52,0,52,171
04/15/2019,WJF,CA,AWP,WE,Federal Contract Tower,0,0,2,0,2,0,1,26,0,27,0,1,28,0,29,12,0,12,41
04/16/2019,WJF,CA,AWP,WE,Federal Contract Tower,0,0,2,0,2,0,0,24,0,24,0,0,26,0,26,18,0,18,44
04/17/2019,WJF,CA,AWP,WE,Federal Contract Tower,0,0,4,0,4,0,0,75,0,75,0,0,79,0,79,112,0,112,191
04/18/2019,WJF,CA,AWP,WE,Federal Contract Tower,0,0,6,0,6,0,1,72,0,73,0,1,78,0,79,52,0,52,131
04/19/2019,WJF,CA,AWP,WE,Federal Contract Tower,0,0,12,0,12,0,2,102,0,104,0,2,114,0,116,110,0,110,226
04/20/2019,WJF,CA,AWP,WE,Federal Contract Tower,0,0,0,0,0,0,0,42,0,42,0,0,42,0,42,16,0,16,58
04/21/2019,WJF,CA,AWP,WE,Federal Contract Tower,0,0,1,0,1,0,0,45,0,45,0,0,46,0,46,62,0,62,108
04/22/2019,WJF,CA,AWP,WE,Federal Contract Tower,0,0,7,0,7,0,2,62,0,64,0,2,69,0,71,44,0,44,115
04/23/2019,WJF,CA,AWP,WE,Federal Contract Tower,0,0,3,0,3,0,2,43,4,49,0,2,46,4,52,78,36,114,166
04/24/2019,WJF,CA,AWP,WE,Federal Contract Tower,0,0,7,0,7,0,0,66,2,68,0,0,73,2,75,98,0,98,173
04/25/2019,WJF,CA,AWP,WE,Federal Contract Tower,0,0,5,6,11,0,2,60,0,62,0,2,65,6,73,64,46,110,183
04/26/2019,WJF,CA,AWP,WE,Federal Contract Tower,0,4,5,0,9,0,2,70,0,72,0,6,75,0,81,110,0,110,191
04/27/2019,WJF,CA,AWP,WE,Federal Contract Tower,0,0,11,0,11,0,0,50,0,50,0,0,61,0,61,132,0,132,193
04/28/2019,WJF,CA,AWP,WE,Federal Contract Tower,0,0,16,0,16,0,0,67,0,67,0,0,83,0,83,60,0,60,143
04/29/2019,WJF,CA,AWP,WE,Federal Contract Tower,0,2,4,3,9,0,0,15,1,16,0,2,19,4,25,28,4,32,57
04/30/2019,WJF,CA,AWP,WE,Federal Contract Tower,0,1,5,3,9,0,0,30,1,31,0,1,35,4,40,30,6,36,76
05/01/2019,WJF,CA,AWP,WE,Federal Contract Tower,0,0,9,4,13,0,2,70,0,72,0,2,79,4,85,122,0,122,207
05/02/2019,WJF,CA,AWP,WE,Federal Contract Tower,0,1,2,0,3,0,2,71,0,73,0,3,73,0,76,132,0,132,208
05/03/2019,WJF,CA,AWP,WE,Federal Contract Tower,0,3,3,0,6,0,2,101,0,103,0,5,104,0,109,134,0,134,243
05/04/2019,WJF,CA,AWP,WE,Federal Contract Tower,0,2,9,0,11,0,0,86,0,86,0,2,95,0,97,130,0,130,227
05/05/2019,WJF,CA,AWP,WE,Federal Contract Tower,0,0,1,0,1,0,0,36,0,36,0,0,37,0,37,38,0,38,75
05/06/2019,WJF,CA,AWP,WE,Federal Contract Tower,0,2,4,0,6,0,0,24,0,24,0,2,28,0,30,0,0,0,30
05/07/2019,WJF,CA,AWP,WE,Federal Contract Tower,0,1,2,2,5,0,1,30,0,31,0,2,32,2,36,4,0,4,40
05/08/2019,WJF,CA,AWP,WE,Federal Contract Tower,0,1,2,2,5,0,1,47,0,48,0,2,49,2,53,80,0,80,133
05/09/2019,WJF,CA,AWP,WE,Federal Contract Tower,0,1,4,0,5,0,0,34,2,36,0,1,38,2,41,26,0,26,67
05/10/2019,WJF,CA,AWP,WE,Federal Contract Tower,0,3,3,2,8,0,0,15,0,15,0,3,18,2,23,12,0,12,35
05/11/2019,WJF,CA,AWP,WE,Federal Contract Tower,0,1,1,0,2,0,0,82,0,82,0,1,83,0,84,210,0,210,294
05/12/2019,WJF,CA,AWP,WE,Federal Contract Tower,0,0,3,0,3,0,0,73,1,74,0,0,76,1,77,150,0,150,227
05/13/2019,WJF,CA,AWP,WE,Federal Contract Tower,0,0,7,0,7,0,4,31,0,35,0,4,38,0,42,84,0,84,126
05/14/2019,WJF,CA,AWP,WE,Federal Contract Tower,0,0,6,0,6,0,2,56,0,58,0,2,62,0,64,94,0,94,158
05/15/2019,WJF,CA,AWP,WE,Federal Contract Tower,0,0,7,2,9,0,3,43,0,46,0,3,50,2,55,16,18,34,89
05/16/2019,WJF,CA,AWP,WE,Federal Contract Tower,0,4,4,1,9,0,0,16,0,16,0,4,20,1,25,0,0,0,25
05/17/2019,WJF,CA,AWP,WE,Federal Contract Tower,0,0,8,0,8,0,3,49,0,52,0,3,57,0,60,20,0,20,80
05/18/2019,WJF,CA,AWP,WE,Federal Contract Tower,0,0,1,0,1,0,0,107,0,107,0,0,108,0,108,162,0,162,270
05/19/2019,WJF,CA,AWP,WE,Federal Contract Tower,0,0,4,0,4,0,0,23,0,23,0,0,27,0,27,70,0,70,97
05/20/2019,WJF,CA,AWP,WE,Federal Contract Tower,0,0,1,0,1,0,2,34,0,36,0,2,35,0,37,4,0,4,41
05/21/2019,WJF,CA,AWP,WE,Federal Contract Tower,0,3,2,0,5,0,1,9,0,10,0,4,11,0,15,0,0,0,15
05/22/2019,WJF,CA,AWP,WE,Federal Contract Tower,0,1,5,1,7,0,1,24,4,29,0,2,29,5,36,44,20,64,100
05/23/2019,WJF,CA,AWP,WE,Federal Contract Tower,0,2,11,7,20,0,0,21,0,21,0,2,32,7,41,40,8,48,89
05/24/2019,WJF,CA,AWP,WE,Federal Contract Tower,0,0,6,0,6,0,3,92,0,95,0,3,98,0,101,136,0,136,237
05/25/2019,WJF,CA,AWP,WE,Federal Contract Tower,0,0,6,0,6,0,0,66,0,66,0,0,72,0,72,162,0,162,234
05/26/2019,WJF,CA,AWP,WE,Federal Contract Tower,0,0,1,0,1,0,0,14,0,14,0,0,15,0,15,14,0,14,29
05/27/2019,WJF,CA,AWP,WE,Federal Contract Tower,0,0,0,0,0,0,0,58,0,58,0,0,58,0,58,70,0,70,128
05/28/2019,WJF,CA,AWP,WE,Federal Contract Tower,0,2,4,4,10,0,0,64,0,64,0,2,68,4,74,123,0,123,197
05/29/2019,WJF,CA,AWP,WE,Federal Contract Tower,0,2,1,2,5,0,2,52,0,54,0,4,53,2,59,100,0,100,159
05/30/2019,WJF,CA,AWP,WE,Federal Contract Tower,0,0,4,3,7,0,2,73,0,75,0,2,77,3,82,104,0,104,186
05/31/2019,WJF,CA,AWP,WE,Federal Contract Tower,0,0,1,4,5,0,2,83,1,86,0,2,84,5,91,84,6,90,181
06/01/2019,WJF,CA,AWP,WE,Federal Contract Tower,0,0,5,0,5,0,0,78,0,78,0,0,83,0,83,86,0,86,169
06/02/2019,WJF,CA,AWP,WE,Federal Contract Tower,0,0,7,0,7,0,0,66,0,66,0,0,73,0,73,96,0,96,169
06/03/2019,WJF,CA,AWP,WE,Federal Contract Tower,0,0,9,0,9,0,0,67,0,67,0,0,76,0,76,134,0,134,210
06/04/2019,WJF,CA,AWP,WE,Federal Contract Tower,0,0,12,2,14,0,2,45,0,47,0,2,57,2,61,102,0,102,163
06/05/2019,WJF,CA,AWP,WE,Federal Contract Tower,0,0,7,0,7,0,2,72,0,74,0,2,79,0,81,56,0,56,137
06/06/2019,WJF,CA,AWP,WE,Federal Contract Tower,0,0,16,0,16,0,2,47,0,49,0,2,63,0,65,15,6,21,86
06/07/2019,WJF,CA,AWP,WE,Federal Contract Tower,0,0,6,0,6,0,2,55,0,57,0,2,61,0,63,104,0,104,167
06/08/2019,WJF,CA,AWP,WE,Federal Contract Tower,0,0,4,0,4,0,0,109,0,109,0,0,113,0,113,126,0,126,239
06/09/2019,WJF,CA,AWP,WE,Federal Contract Tower,0,0,6,0,6,0,0,62,0,62,0,0,68,0,68,116,0,116,184
06/10/2019,WJF,CA,AWP,WE,Federal Contract Tower,0,0,11,2,13,0,2,70,0,72,0,2,81,2,85,50,0,50,135
06/11/2019,WJF,CA,AWP,WE,Federal Contract Tower,0,0,12,2,14,0,2,58,0,60,0,2,70,2,74,66,0,66,140
06/12/2019,WJF,CA,AWP,WE,Federal Contract Tower,0,0,9,2,11,0,2,74,0,76,0,2,83,2,87,82,0,82,169
06/13/2019,WJF,CA,AWP,WE,Federal Contract Tower,0,0,4,0,4,0,0,53,0,53,0,0,57,0,57,66,0,66,123
06/14/2019,WJF,CA,AWP,WE,Federal Contract Tower,0,0,3,0,3,0,2,41,0,43,0,2,44,0,46,80,0,80,126
06/15/2019,WJF,CA,AWP,WE,Federal Contract Tower,0,0,10,0,10,0,0,72,2,74,0,0,82,2,84,136,0,136,220
06/16/2019,WJF,CA,AWP,WE,Federal Contract Tower,0,0,11,0,11,0,0,46,0,46,0,0,57,0,57,64,0,64,121
06/17/2019,WJF,CA,AWP,WE,Federal Contract Tower,0,0,12,0,12,0,0,72,0,72,0,0,84,0,84,144,0,144,228
06/18/2019,WJF,CA,AWP,WE,Federal Contract Tower,0,0,11,0,11,0,4,58,0,62,0,4,69,0,73,90,0,90,163
06/19/2019,WJF,CA,AWP,WE,Federal Contract Tower,0,0,16,4,20,0,2,62,0,64,0,2,78,4,84,70,0,70,154
06/20/2019,WJF,CA,AWP,WE,Federal Contract Tower,0,1,6,0,7,0,1,34,0,35,0,2,40,0,42,0,0,0,42
06/21/2019,WJF,CA,AWP,WE,Federal Contract Tower,0,1,1,0,2,0,1,32,0,33,0,2,33,0,35,30,0,30,65
06/22/2019,WJF,CA,AWP,WE,Federal Contract Tower,0,0,11,0,11,0,0,108,0,108,0,0,119,0,119,198,0,198,317
06/23/2019,WJF,CA,AWP,WE,Federal Contract Tower,0,0,6,0,6,0,0,102,0,102,0,0,108,0,108,336,0,336,444
06/24/2019,WJF,CA,AWP,WE,Federal Contract Tower,0,0,14,0,14,0,0,42,0,42,0,0,56,0,56,104,0,104,160
06/25/2019,WJF,CA,AWP,WE,Federal Contract Tower,0,0,1,0,1,0,2,48,0,50,0,2,49,0,51,82,0,82,133
06/26/2019,WJF,CA,AWP,WE,Federal Contract Tower,0,1,1,0,2,0,1,57,0,58,0,2,58,0,60,142,0,142,202
06/27/2019,WJF,CA,AWP,WE,Federal Contract Tower,0,1,8,11,20,0,1,73,1,75,0,2,81,12,95,90,18,108,203
06/28/2019,WJF,CA,AWP,WE,Federal Contract Tower,0,1,6,8,15,0,1,88,0,89,0,2,94,8,104,80,0,80,184
06/29/2019,WJF,CA,AWP,WE,Federal Contract Tower,0,0,1,0,1,0,0,85,0,85,0,0,86,0,86,126,0,126,212
06/30/2019,WJF,CA,AWP,WE,Federal Contract Tower,0,0,3,0,3,0,0,69,0,69,0,0,72,0,72,112,0,112,184
07/01/2019,WJF,CA,AWP,WE,Federal Contract Tower,0,0,8,3,11,0,0,36,1,37,0,0,44,4,48,52,10,62,110
07/02/2019,WJF,CA,AWP,WE,Federal Contract Tower,0,1,3,3,7,0,1,40,0,41,0,2,43,3,48,40,2,42,90
07/03/2019,WJF,CA,AWP,WE,Federal Contract Tower,0,1,9,2,12,0,2,47,0,49,0,3,56,2,61,32,0,32,93
07/04/2019,WJF,CA,AWP,WE,Federal Contract Tower,0,0,5,0,5,0,4,58,2,64,0,4,63,2,69,76,0,76,145
07/05/2019,WJF,CA,AWP,WE,Federal Contract Tower,0,0,2,0,2,0,2,68,0,70,0,2,70,0,72,52,0,52,124
07/06/2019,WJF,CA,AWP,WE,Federal Contract Tower,0,0,8,0,8,0,0,66,0,66,0,0,74,0,74,78,0,78,152
07/07/2019,WJF,CA,AWP,WE,Federal Contract Tower,0,1,1,0,2,0,1,72,0,73,0,2,73,0,75,130,0,130,205
07/08/2019,WJF,CA,AWP,WE,Federal Contract Tower,0,0,8,0,8,0,0,44,0,44,0,0,52,0,52,74,0,74,126
07/09/2019,WJF,CA,AWP,WE,Federal Contract Tower,0,0,9,1,10,0,2,60,0,62,0,2,69,1,72,166,0,166,238
07/10/2019,WJF,CA,AWP,WE,Federal Contract Tower,0,0,4,0,4,0,1,86,0,87,0,1,90,0,91,128,0,128,219
07/11/2019,WJF,CA,AWP,WE,Federal Contract Tower,0,0,10,0,10,0,2,91,0,93,0,2,101,0,103,78,0,78,181
07/12/2019,WJF,CA,AWP,WE,Federal Contract Tower,0,0,2,0,2,0,2,112,0,114,0,2,114,0,116,90,0,90,206
07/13/2019,WJF,CA,AWP,WE,Federal Contract Tower,0,0,4,0,4,0,0,97,0,97,0,0,101,0,101,100,0,100,201
07/14/2019,WJF,CA,AWP,WE,Federal Contract Tower,0,0,8,0,8,0,0,76,0,76,0,0,84,0,84,58,0,58,142
07/15/2019,WJF,CA,AWP,WE,Federal Contract Tower,0,0,3,0,3,0,0,56,0,56,0,0,59,0,59,56,0,56,115
07/16/2019,WJF,CA,AWP,WE,Federal Contract Tower,0,0,4,0,4,0,2,88,0,90,0,2,92,0,94,178,0,178,272
07/17/2019,WJF,CA,AWP,WE,Federal Contract Tower,0,1,5,2,8,0,1,59,1,61,0,2,64,3,69,102,14,116,185
07/18/2019,WJF,CA,AWP,WE,Federal Contract Tower,0,0,3,2,5,0,2,55,5,62,0,2,58,7,67,74,12,86,153
07/19/2019,WJF,CA,AWP,WE,Federal Contract Tower,0,0,6,4,10,0,2,91,4,97,0,2,97,8,107,100,2,102,209
07/20/2019,WJF,CA,AWP,WE,Federal Contract Tower,0,0,3,0,3,0,0,65,0,65,0,0,68,0,68,84,0,84,152
07/21/2019,WJF,CA,AWP,WE,Federal Contract Tower,0,0,1,0,1,0,0,119,0,119,0,0,120,0,120,120,0,120,240
07/22/2019,WJF,CA,AWP,WE,Federal Contract Tower,0,0,4,0,4,0,0,86,6,92,0,0,90,6,96,102,8,110,206
07/23/2019,WJF,CA,AWP,WE,Federal Contract Tower,0,0,12,0,12,0,2,44,4,50,0,2,56,4,62,80,16,96,158
07/24/2019,WJF,CA,AWP,WE,Federal Contract Tower,1,3,6,4,14,0,2,58,4,64,1,5,64,8,78,50,14,64,142
07/25/2019,WJF,CA,AWP,WE,Federal Contract Tower,0,0,6,1,7,0,2,41,3,46,0,2,47,4,53,60,20,80,133
07/26/2019,WJF,CA,AWP,WE,Federal Contract Tower,0,0,6,0,6,0,2,58,0,60,0,2,64,0,66,78,0,78,144
07/27/2019,WJF,CA,AWP,WE,Federal Contract Tower,0,0,3,0,3,0,0,83,0,83,0,0,86,0,86,108,0,108,194
07/28/2019,WJF,CA,AWP,WE,Federal Contract Tower,0,0,1,0,1,0,0,56,0,56,0,0,57,0,57,114,0,114,171
07/29/2019,WJF,CA,AWP,WE,Federal Contract Tower,0,0,3,0,3,0,2,54,0,56,0,2,57,0,59,98,0,98,157
07/30/2019,WJF,CA,AWP,WE,Federal Contract Tower,0,0,5,1,6,0,2,70,0,72,0,2,75,1,78,134,10,144,222
07/31/2019,WJF,CA,AWP,WE,Federal Contract Tower,0,1,8,0,9,0,2,78,0,80,0,3,86,0,89,58,0,58,147
08/01/2019,WJF,CA,AWP,WE,Federal Contract Tower,0,1,2,0,3,0,2,64,0,66,0,3,66,0,69,184,0,184,253
08/02/2019,WJF,CA,AWP,WE,Federal Contract Tower,0,0,1,4,5,0,2,73,0,75,0,2,74,4,80,142,0,142,222
08/03/2019,WJF,CA,AWP,WE,Federal Contract Tower,0,0,5,0,5,0,0,150,0,150,0,0,155,0,155,184,0,184,339
08/04/2019,WJF,CA,AWP,WE,Federal Contract Tower,0,0,0,0,0,0,0,71,0,71,0,0,71,0,71,142,0,142,213
08/05/2019,WJF,CA,AWP,WE,Federal Contract Tower,0,1,3,0,4,0,1,72,0,73,0,2,75,0,77,104,0,104,181
08/06/2019,WJF,CA,AWP,WE,Federal Contract Tower,0,1,1,6,8,0,1,50,19,70,0,2,51,25,78,32,2,34,112
08/07/2019,WJF,CA,AWP,WE,Federal Contract Tower,0,0,11,3,14,0,2,58,3,63,0,2,69,6,77,56,20,76,153
08/08/2019,WJF,CA,AWP,WE,Federal Contract Tower,0,0,2,16,18,0,2,67,0,69,0,2,69,16,87,138,0,138,225
08/09/2019,WJF,CA,AWP,WE,Federal Contract Tower,0,0,5,0,5,0,2,80,0,82,0,2,85,0,87,126,0,126,213
08/10/2019,WJF,CA,AWP,WE,Federal Contract Tower,0,1,4,0,5,0,1,99,0,100,0,2,103,0,105,186,0,186,291
08/11/2019,WJF,CA,AWP,WE,Federal Contract Tower,0,0,5,0,5,0,0,106,0,106,0,0,111,0,111,144,0,144,255
08/12/2019,WJF,CA,AWP,WE,Federal Contract Tower,0,0,5,0,5,0,2,72,0,74,0,2,77,0,79,40,0,40,119
08/13/2019,WJF,CA,AWP,WE,Federal Contract Tower,0,1,6,0,7,0,2,62,0,64,0,3,68,0,71,104,0,104,175
08/14/2019,WJF,CA,AWP,WE,Federal Contract Tower,0,1,31,0,32,0,1,53,0,54,0,2,84,0,86,38,0,38,124
08/15/2019,WJF,CA,AWP,WE,Federal Contract Tower,0,0,24,0,24,0,2,43,0,45,0,2,67,0,69,62,0,62,131
08/16/2019,WJF,CA,AWP,WE,Federal Contract Tower,0,1,8,0,9,0,1,48,0,49,0,2,56,0,58,44,5,49,107
08/17/2019,WJF,CA,AWP,WE,Federal Contract Tower,0,1,6,0,7,0,0,76,0,76,0,1,82,0,83,96,0,96,179
08/18/2019,WJF,CA,AWP,WE,Federal Contract Tower,0,1,19,0,20,0,0,98,0,98,0,1,117,0,118,178,0,178,296
08/19/2019,WJF,CA,AWP,WE,Federal Contract Tower,0,1,8,0,9,0,1,53,1,55,0,2,61,1,64,30,0,30,94
08/20/2019,WJF,CA,AWP,WE,Federal Contract Tower,0,0,6,0,6,0,2,43,0,45,0,2,49,0,51,88,0,88,139
08/21/2019,WJF,CA,AWP,WE,Federal Contract Tower,0,1,9,4,14,0,1,95,0,96,0,2,104,4,110,40,0,40,150
08/22/2019,WJF,CA,AWP,WE,Federal Contract Tower,0,1,5,2,8,0,1,64,2,67,0,2,69,4,75,40,2,42,117
08/23/2019,WJF,CA,AWP,WE,Federal Contract Tower,0,2,1,4,7,0,0,78,0,78,0,2,79,4,85,76,14,90,175
08/24/2019,WJF,CA,AWP,WE,Federal Contract Tower,0,2,6,0,8,0,0,83,0,83,0,2,89,0,91,170,0,170,261
08/25/2019,WJF,CA,AWP,WE,Federal Contract Tower,0,0,6,0,6,0,0,94,0,94,0,0,100,0,100,184,0,184,284
08/26/2019,WJF,CA,AWP,WE,Federal Contract Tower,0,1,4,0,5,0,1,57,5,63,0,2,61,5,68,30,0,30,98
08/27/2019,WJF,CA,AWP,WE,Federal Contract Tower,0,2,3,1,6,0,2,39,6,47,0,4,42,7,53,38,4,42,95
08/28/2019,WJF,CA,AWP,WE,Federal Contract Tower,0,0,4,0,4,0,2,48,4,54,0,2,52,4,58,120,24,144,202
08/29/2019,WJF,CA,AWP,WE,Federal Contract Tower,0,0,3,0,3,0,1,46,1,48,0,1,49,1,51,34,0,34,85
08/30/2019,WJF,CA,AWP,WE,Federal Contract Tower,0,0,2,1,3,0,2,91,0,93,0,2,93,1,96,80,0,80,176
08/31/2019,WJF,CA,AWP,WE,Federal Contract Tower,0,0,6,0,6,0,0,78,0,78,0,0,84,0,84,70,0,70,154
09/01/2019,WJF,CA,AWP,WE,Federal Contract Tower,0,0,11,0,11,0,0,67,0,67,0,0,78,0,78,100,0,100,178
09/02/2019,WJF,CA,AWP,WE,Federal Contract Tower,0,1,3,0,4,0,0,66,0,66,0,1,69,0,70,88,0,88,158
09/03/2019,WJF,CA,AWP,WE,Federal Contract Tower,0,0,1,0,1,0,2,55,1,58,0,2,56,1,59,58,4,62,121
09/04/2019,WJF,CA,AWP,WE,Federal Contract Tower,0,1,3,0,4,0,2,43,1,46,0,3,46,1,50,46,4,50,100
09/05/2019,WJF,CA,AWP,WE,Federal Contract Tower,0,1,3,4,8,0,2,44,0,46,0,3,47,4,54,74,10,84,138
09/06/2019,WJF,CA,AWP,WE,Federal Contract Tower,0,1,5,0,6,0,1,56,1,58,0,2,61,1,64,42,6,48,112
09/07/2019,WJF,CA,AWP,WE,Federal Contract Tower,0,0,6,0,6,0,0,57,0,57,0,0,63,0,63,102,0,102,165
09/08/2019,WJF,CA,AWP,WE,Federal Contract Tower,0,0,0,1,1,0,0,17,1,18,0,0,17,2,19,12,0,12,31
09/09/2019,WJF,CA,AWP,WE,Federal Contract Tower,0,0,2,9,11,0,2,41,0,43,0,2,43,9,54,60,12,72,126
09/10/2019,WJF,CA,AWP,WE,Federal Contract Tower,0,0,5,6,11,0,2,35,0,37,0,2,40,6,48,34,0,34,82
09/11/2019,WJF,CA,AWP,WE,Federal Contract Tower,0,0,6,5,11,0,2,71,1,74,0,2,77,6,85,50,8,58,143
09/12/2019,WJF,CA,AWP,WE,Federal Contract Tower,0,0,4,5,9,0,2,54,0,56,0,2,58,5,65,36,6,42,107
09/13/2019,WJF,CA,AWP,WE,Federal Contract Tower,0,5,1,5,11,0,1,58,0,59,0,6,59,5,70,76,10,86,156
09/14/2019,WJF,CA,AWP,WE,Federal Contract Tower,0,3,5,0,8,0,0,102,0,102,0,3,107,0,110,192,0,192,302
09/15/2019,WJF,CA,AWP,WE,Federal Contract Tower,0,0,2,0,2,0,0,61,0,61,0,0,63,0,63,114,0,114,177
09/16/2019,WJF,CA,AWP,WE,Federal Contract Tower,0,0,6,0,6,0,2,62,0,64,0,2,68,0,70,62,0,62,132
09/17/2019,WJF,CA,AWP,WE,Federal Contract Tower,0,0,10,0,10,0,2,43,0,45,0,2,53,0,55,66,0,66,121
09/18/2019,WJF,CA,AWP,WE,Federal Contract Tower,0,1,13,1,15,0,1,48,2,51,0,2,61,3,66,26,36,62,128
09/19/2019,WJF,CA,AWP,WE,Federal Contract Tower,0,1,10,0,11,0,2,25,0,27,0,3,35,0,38,32,0,32,70
09/20/2019,WJF,CA,AWP,WE,Federal Contract Tower,0,0,9,0,9,0,2,72,0,74,0,2,81,0,83,98,0,98,181
09/21/2019,WJF,CA,AWP,WE,Federal Contract Tower,0,0,4,0,4,0,0,95,0,95,0,0,99,0,99,86,0,86,185
09/22/2019,WJF,CA,AWP,WE,Federal Contract Tower,0,0,4,0,4,0,1,90,0,91,0,1,94,0,95,62,0,62,157
09/23/2019,WJF,CA,AWP,WE,Federal Contract Tower,0,0,3,0,3,0,2,47,0,49,0,2,50,0,52,36,0,36,88
09/24/2019,WJF,CA,AWP,WE,Federal Contract Tower,0,2,4,2,8,0,2,48,0,50,0,4,52,2,58,46,0,46,104
09/25/2019,WJF,CA,AWP,WE,Federal Contract Tower,0,0,10,1,11,0,2,63,1,66,0,2,73,2,77,46,2,48,125
09/26/2019,WJF,CA,AWP,WE,Federal Contract Tower,0,0,12,1,13,0,1,34,1,36,0,1,46,2,49,22,0,22,71
09/27/2019,WJF,CA,AWP,WE,Federal Contract Tower,0,0,6,3,9,0,2,35,1,38,0,2,41,4,47,10,20,30,77
09/28/2019,WJF,CA,AWP,WE,Federal Contract Tower,0,0,7,0,7,0,2,27,0,29,0,2,34,0,36,12,0,12,48
09/29/2019,WJF,CA,AWP,WE,Federal Contract Tower,0,0,5,0,5,0,0,44,0,44,0,0,49,0,49,30,0,30,79
09/30/2019,WJF,CA,AWP,WE,Federal Contract Tower,0,0,8,2,10,0,2,51,1,54,0,2,59,3,64,72,18,90,154
10/01/2019,WJF,CA,AWP,WE,Federal Contract Tower,0,2,0,0,2,0,2,50,0,52,0,4,50,0,54,42,0,42,96
10/02/2019,WJF,CA,AWP,WE,Federal Contract Tower,0,0,4,0,4,0,3,85,1,89,0,3,89,1,93,80,20,100,193
10/03/2019,WJF,CA,AWP,WE,Federal Contract Tower,0,0,5,6,11,0,2,75,3,80,0,2,80,9,91,122,18,140,231
10/04/2019,WJF,CA,AWP,WE,Federal Contract Tower,0,0,3,0,3,0,2,59,0,61,0,2,62,0,64,58,0,58,122
10/05/2019,WJF,CA,AWP,WE,Federal Contract Tower,0,0,8,0,8,0,0,100,0,100,0,0,108,0,108,164,0,164,272
10/06/2019,WJF,CA,AWP,WE,Federal Contract Tower,0,0,1,0,1,0,0,61,0,61,0,0,62,0,62,68,0,68,130
10/07/2019,WJF,CA,AWP,WE,Federal Contract Tower,0,0,3,7,10,0,2,60,0,62,0,2,63,7,72,16,4,20,92
10/08/2019,WJF,CA,AWP,WE,Federal Contract Tower,0,0,4,2,6,0,2,63,0,65,0,2,67,2,71,84,0,84,155
10/09/2019,WJF,CA,AWP,WE,Federal Contract Tower,0,0,5,5,10,0,1,35,1,37,0,1,40,6,47,24,8,32,79
10/10/2019,WJF,CA,AWP,WE,Federal Contract Tower,0,2,1,7,10,0,2,44,1,47,0,4,45,8,57,8,2,10,67
10/11/2019,WJF,CA,AWP,WE,Federal Contract Tower,0,0,3,1,4,0,3,270,2,275,0,3,273,3,279,48,2,50,329
10/12/2019,WJF,CA,AWP,WE,Federal Contract Tower,0,0,6,0,6,0,0,182,0,182,0,0,188,0,188,126,0,126,314
10/13/2019,WJF,CA,AWP,WE,Federal Contract Tower,0,0,2,0,2,0,0,117,0,117,0,0,119,0,119,128,0,128,247
10/14/2019,WJF,CA,AWP,WE,Federal Contract Tower,0,2,5,0,7,0,1,113,0,114,0,3,118,0,121,124,0,124,245
10/15/2019,WJF,CA,AWP,WE,Federal Contract Tower,0,0,10,0,10,0,2,130,0,132,0,2,140,0,142,46,0,46,188
10/16/2019,WJF,CA,AWP,WE,Federal Contract Tower,0,1,3,4,8,0,2,104,9,115,0,3,107,13,123,38,10,48,171
10/17/2019,WJF,CA,AWP,WE,Federal Contract Tower,0,3,3,0,6,0,2,54,0,56,0,5,57,0,62,22,0,22,84
10/18/2019,WJF,CA,AWP,WE,Federal Contract Tower,0,0,3,0,3,0,5,99,0,104,0,5,102,0,107,48,0,48,155
10/19/2019,WJF,CA,AWP,WE,Federal Contract Tower,0,0,1,0,1,0,0,75,0,75,0,0,76,0,76,50,0,50,126
10/20/2019,WJF,CA,AWP,WE,Federal Contract Tower,0,0,3,0,3,0,0,66,0,66,0,0,69,0,69,136,0,136,205
10/21/2019,WJF,CA,AWP,WE,Federal Contract Tower,0,0,7,0,7,0,2,60,0,62,0,2,67,0,69,40,0,40,109
10/22/2019,WJF,CA,AWP,WE,Federal Contract Tower,0,0,4,1,5,0,2,48,3,53,0,2,52,4,58,90,2,92,150
10/23/2019,WJF,CA,AWP,WE,Federal Contract Tower,0,1,0,3,4,0,3,72,1,76,0,4,72,4,80,70,6,76,156
10/24/2019,WJF,CA,AWP,WE,Federal Contract Tower,0,0,3,0,3,0,4,145,0,149,0,4,148,0,152,10,0,10,162
10/25/2019,WJF,CA,AWP,WE,Federal Contract Tower,0,2,3,0,5,0,2,118,0,120,0,4,121,0,125,68,0,68,193
10/26/2019,WJF,CA,AWP,WE,Federal Contract Tower,0,0,1,0,1,0,0,118,0,118,0,0,119,0,119,74,0,74,193
10/27/2019,WJF,CA,AWP,WE,Federal Contract Tower,0,0,10,0,10,0,0,64,0,64,0,0,74,0,74,76,0,76,150
10/28/2019,WJF,CA,AWP,WE,Federal Contract Tower,0,0,5,0,5,0,2,64,0,66,0,2,69,0,71,32,0,32,103
10/29/2019,WJF,CA,AWP,WE,Federal Contract Tower,0,0,2,0,2,0,2,41,0,43,0,2,43,0,45,22,0,22,67
10/30/2019,WJF,CA,AWP,WE,Federal Contract Tower,0,0,1,0,1,0,2,42,0,44,0,2,43,0,45,16,0,16,61
10/31/2019,WJF,CA,AWP,WE,Federal Contract Tower,0,2,4,2,8,0,2,98,0,100,0,4,102,2,108,72,0,72,180
11/01/2019,WJF,CA,AWP,WE,Federal Contract Tower,0,0,8,0,8,0,2,118,2,122,0,2,126,2,130,138,0,138,268
11/02/2019,WJF,CA,AWP,WE,Federal Contract Tower,0,0,4,0,4,0,0,149,0,149,0,0,153,0,153,112,0,112,265
11/03/2019,WJF,CA,AWP,WE,Federal Contract Tower,0,0,5,0,5,0,0,96,0,96,0,0,101,0,101,90,0,90,191
11/04/2019,WJF,CA,AWP,WE,Federal Contract Tower,0,1,3,3,7,0,1,68,1,70,0,2,71,4,77,70,4,74,151
11/05/2019,WJF,CA,AWP,WE,Federal Contract Tower,0,0,10,4,14,0,2,85,0,87,0,2,95,4,101,88,8,96,197
11/06/2019,WJF,CA,AWP,WE,Federal Contract Tower,0,1,3,2,6,0,1,57,0,58,0,2,60,2,64,58,0,58,122
11/07/2019,WJF,CA,AWP,WE,Federal Contract Tower,0,1,2,8,11,0,1,72,0,73,0,2,74,8,84,54,0,54,138
11/08/2019,WJF,CA,AWP,WE,Federal Contract Tower,0,1,2,4,7,0,1,79,0,80,0,2,81,4,87,60,0,60,147
11/09/2019,WJF,CA,AWP,WE,Federal Contract Tower,0,0,8,0,8,0,0,131,0,131,0,0,139,0,139,136,0,136,275
11/10/2019,WJF,CA,AWP,WE,Federal Contract Tower,0,0,1,0,1,0,0,74,0,74,0,0,75,0,75,62,0,62,137
11/11/2019,WJF,CA,AWP,WE,Federal Contract Tower,0,1,7,0,8,0,1,74,0,75,0,2,81,0,83,46,0,46,129
11/12/2019,WJF,CA,AWP,WE,Federal Contract Tower,0,1,5,5,11,0,1,47,1,49,0,2,52,6,60,14,4,18,78
11/13/2019,WJF,CA,AWP,WE,Federal Contract Tower,0,1,11,4,16,0,1,49,2,52,0,2,60,6,68,14,0,14,82
11/14/2019,WJF,CA,AWP,WE,Federal Contract Tower,0,3,1,5,9,0,1,44,0,45,0,4,45,5,54,28,0,28,82
11/15/2019,WJF,CA,AWP,WE,Federal Contract Tower,0,0,11,2,13,0,0,120,0,120,0,0,131,2,133,50,0,50,183
11/16/2019,WJF,CA,AWP,WE,Federal Contract Tower,0,0,5,0,5,0,0,84,0,84,0,0,89,0,89,90,0,90,179
11/17/2019,WJF,CA,AWP,WE,Federal Contract Tower,0,0,3,0,3,0,0,57,0,57,0,0,60,0,60,48,0,48,108
11/18/2019,WJF,CA,AWP,WE,Federal Contract Tower,0,3,4,0,7,0,1,98,0,99,0,4,102,0,106,62,0,62,168
11/19/2019,WJF,CA,AWP,WE,Federal Contract Tower,0,1,24,0,25,0,1,40,2,43,0,2,64,2,68,40,1,41,109
11/20/2019,WJF,CA,AWP,WE,Federal Contract Tower,0,0,0,1,1,0,2,19,1,22,0,2,19,2,23,36,4,40,63
11/21/2019,WJF,CA,AWP,WE,Federal Contract Tower,0,3,5,0,8,0,1,58,2,61,0,4,63,2,69,66,0,66,135
11/22/2019,WJF,CA,AWP,WE,Federal Contract Tower,0,1,9,0,10,0,1,89,0,90,0,2,98,0,100,62,0,62,162
11/23/2019,WJF,CA,AWP,WE,Federal Contract Tower,0,0,1,0,1,0,0,76,0,76,0,0,77,0,77,62,0,62,139
11/24/2019,WJF,CA,AWP,WE,Federal Contract Tower,0,0,4,0,4,0,0,91,0,91,0,0,95,0,95,134,0,134,229
11/25/2019,WJF,CA,AWP,WE,Federal Contract Tower,0,0,3,0,3,0,2,21,0,23,0,2,24,0,26,2,0,2,28
11/26/2019,WJF,CA,AWP,WE,Federal Contract Tower,0,1,3,0,4,0,1,72,0,73,0,2,75,0,77,98,0,98,175
11/27/2019,WJF,CA,AWP,WE,Federal Contract Tower,0,2,3,0,5,0,0,7,0,7,0,2,10,0,12,0,0,0,12
11/28/2019,WJF,CA,AWP,WE,Federal Contract Tower,0,0,0,0,0,0,0,0,0,0,0,0,0,0,0,0,0,0,0
11/29/2019,WJF,CA,AWP,WE,Federal Contract Tower,0,0,1,0,1,0,0,23,0,23,0,0,24,0,24,10,0,10,34
11/30/2019,WJF,CA,AWP,WE,Federal Contract Tower,0,0,0,0,0,0,0,30,0,30,0,0,30,0,30,22,0,22,52
12/01/2019,WJF,CA,AWP,WE,Federal Contract Tower,0,0,6,0,6,0,0,42,0,42,0,0,48,0,48,34,0,34,82
12/02/2019,WJF,CA,AWP,WE,Federal Contract Tower,0,1,8,0,9,0,0,64,0,64,0,1,72,0,73,38,0,38,111
12/03/2019,WJF,CA,AWP,WE,Federal Contract Tower,0,1,4,2,7,0,1,49,0,50,0,2,53,2,57,36,0,36,93
12/04/2019,WJF,CA,AWP,WE,Federal Contract Tower,0,2,2,2,6,0,0,0,0,0,0,2,2,2,6,0,0,0,6
12/05/2019,WJF,CA,AWP,WE,Federal Contract Tower,0,1,8,0,9,0,1,63,0,64,0,2,71,0,73,78,0,78,151
12/06/2019,WJF,CA,AWP,WE,Federal Contract Tower,0,5,5,6,16,0,1,67,1,69,0,6,72,7,85,24,4,28,113
12/07/2019,WJF,CA,AWP,WE,Federal Contract Tower,0,0,17,0,17,0,0,23,0,23,0,0,40,0,40,56,0,56,96
12/08/2019,WJF,CA,AWP,WE,Federal Contract Tower,0,0,3,0,3,0,0,24,0,24,0,0,27,0,27,16,0,16,43
12/09/2019,WJF,CA,AWP,WE,Federal Contract Tower,0,1,3,2,6,0,1,83,0,84,0,2,86,2,90,56,0,56,146
12/10/2019,WJF,CA,AWP,WE,Federal Contract Tower,0,1,11,0,12,0,0,85,0,85,0,1,96,0,97,46,0,46,143
12/11/2019,WJF,CA,AWP,WE,Federal Contract Tower,0,2,3,2,7,0,1,82,0,83,0,3,85,2,90,42,0,42,132
12/12/2019,WJF,CA,AWP,WE,Federal Contract Tower,0,1,4,2,7,0,1,38,0,39,0,2,42,2,46,18,0,18,64
12/13/2019,WJF,CA,AWP,WE,Federal Contract Tower,0,2,6,4,12,0,1,87,2,90,0,3,93,6,102,82,0,82,184
12/14/2019,WJF,CA,AWP,WE,Federal Contract Tower,0,0,3,0,3,0,2,27,0,29,0,2,30,0,32,20,0,20,52
12/15/2019,WJF,CA,AWP,WE,Federal Contract Tower,0,1,1,0,2,0,0,61,0,61,0,1,62,0,63,38,0,38,101
12/16/2019,WJF,CA,AWP,WE,Federal Contract Tower,0,1,4,0,5,0,1,55,0,56,0,2,59,0,61,46,0,46,107
12/17/2019,WJF,CA,AWP,WE,Federal Contract Tower,0,1,5,0,6,0,0,43,2,45,0,1,48,2,51,38,0,38,89
12/18/2019,WJF,CA,AWP,WE,Federal Contract Tower,0,2,7,0,9,0,2,68,0,70,0,4,75,0,79,126,0,126,205
12/19/2019,WJF,CA,AWP,WE,Federal Contract Tower,0,2,5,0,7,0,4,69,0,73,0,6,74,0,80,80,0,80,160
12/20/2019,WJF,CA,AWP,WE,Federal Contract Tower,0,0,4,0,4,0,1,90,0,91,0,1,94,0,95,112,0,112,207
12/21/2019,WJF,CA,AWP,WE,Federal Contract Tower,0,0,6,0,6,0,0,76,0,76,0,0,82,0,82,130,0,130,212
12/22/2019,WJF,CA,AWP,WE,Federal Contract Tower,0,1,2,0,3,0,1,3,9,13,0,2,5,9,16,48,0,48,64
12/23/2019,WJF,CA,AWP,WE,Federal Contract Tower,0,2,9,0,11,0,0,7,0,7,0,2,16,0,18,0,0,0,18
12/24/2019,WJF,CA,AWP,WE,Federal Contract Tower,0,2,4,0,6,0,0,22,0,22,0,2,26,0,28,8,0,8,36
12/25/2019,WJF,CA,AWP,WE,Federal Contract Tower,0,0,0,0,0,0,0,8,0,8,0,0,8,0,8,6,0,6,14
12/26/2019,WJF,CA,AWP,WE,Federal Contract Tower,0,0,0,0,0,0,0,0,0,0,0,0,0,0,0,0,0,0,0
12/27/2019,WJF,CA,AWP,WE,Federal Contract Tower,0,0,5,0,5,0,1,76,0,77,0,1,81,0,82,58,0,58,140
12/28/2019,WJF,CA,AWP,WE,Federal Contract Tower,0,0,1,0,1,0,1,70,0,71,0,1,71,0,72,138,0,138,210
12/29/2019,WJF,CA,AWP,WE,Federal Contract Tower,0,0,6,0,6,0,0,48,0,48,0,0,54,0,54,96,0,96,150
12/30/2019,WJF,CA,AWP,WE,Federal Contract Tower,0,0,0,0,0,0,2,25,0,27,0,2,25,0,27,16,0,16,43
12/31/2019,WJF,CA,AWP,WE,Federal Contract Tower,0,1,2,0,3,0,1,68,0,69,0,2,70,0,72,80,0,80,152
01/01/2020,WJF,CA,AWP,WE,Federal Contract Tower,0,0,1,0,1,0,0,59,0,59,0,0,60,0,60,24,0,24,84
01/02/2020,WJF,CA,AWP,WE,Federal Contract Tower,0,1,3,0,4,0,1,55,0,56,0,2,58,0,60,58,0,58,118
01/03/2020,WJF,CA,AWP,WE,Federal Contract Tower,0,1,4,2,7,0,1,74,0,75,0,2,78,2,82,54,0,54,136
01/04/2020,WJF,CA,AWP,WE,Federal Contract Tower,0,0,3,0,3,0,0,88,0,88,0,0,91,0,91,42,0,42,133
01/05/2020,WJF,CA,AWP,WE,Federal Contract Tower,0,0,4,0,4,0,0,51,0,51,0,0,55,0,55,20,0,20,75
01/06/2020,WJF,CA,AWP,WE,Federal Contract Tower,0,1,2,0,3,0,1,30,0,31,0,2,32,0,34,28,0,28,62
01/07/2020,WJF,CA,AWP,WE,Federal Contract Tower,0,1,2,2,5,0,1,65,0,66,0,2,67,2,71,64,0,64,135
01/08/2020,WJF,CA,AWP,WE,Federal Contract Tower,0,1,1,6,8,0,1,37,0,38,0,2,38,6,46,20,0,20,66
01/09/2020,WJF,CA,AWP,WE,Federal Contract Tower,0,0,2,10,12,0,1,18,1,20,0,1,20,11,32,0,14,14,46
01/10/2020,WJF,CA,AWP,WE,Federal Contract Tower,0,0,3,4,7,0,1,28,0,29,0,1,31,4,36,4,0,4,40
01/11/2020,WJF,CA,AWP,WE,Federal Contract Tower,0,0,6,0,6,0,0,29,0,29,0,0,35,0,35,6,0,6,41
01/12/2020,WJF,CA,AWP,WE,Federal Contract Tower,0,0,4,0,4,0,0,62,0,62,0,0,66,0,66,66,0,66,132
01/13/2020,WJF,CA,AWP,WE,Federal Contract Tower,0,1,3,4,8,0,1,38,0,39,0,2,41,4,47,54,0,54,101
01/14/2020,WJF,CA,AWP,WE,Federal Contract Tower,0,1,5,11,17,0,1,29,0,30,0,2,34,11,47,6,0,6,53
01/15/2020,WJF,CA,AWP,WE,Federal Contract Tower,0,1,9,6,16,0,1,70,3,74,0,2,79,9,90,58,28,86,176
01/16/2020,WJF,CA,AWP,WE,Federal Contract Tower,0,0,5,0,5,0,0,13,28,41,0,0,18,28,46,46,0,46,92
01/17/2020,WJF,CA,AWP,WE,Federal Contract Tower,0,1,7,0,8,0,1,87,0,88,0,2,94,0,96,108,0,108,204
01/18/2020,WJF,CA,AWP,WE,Federal Contract Tower,0,0,9,0,9,0,0,108,0,108,0,0,117,0,117,122,0,122,239
01/19/2020,WJF,CA,AWP,WE,Federal Contract Tower,0,0,1,0,1,0,0,82,0,82,0,0,83,0,83,66,0,66,149
01/20/2020,WJF,CA,AWP,WE,Federal Contract Tower,0,0,5,0,5,0,1,49,0,50,0,1,54,0,55,60,0,60,115
01/21/2020,WJF,CA,AWP,WE,Federal Contract Tower,0,1,8,0,9,0,1,36,0,37,0,2,44,0,46,48,0,48,94
01/22/2020,WJF,CA,AWP,WE,Federal Contract Tower,0,1,1,6,8,0,1,43,1,45,0,2,44,7,53,84,6,90,143
01/23/2020,WJF,CA,AWP,WE,Federal Contract Tower,0,4,12,4,20,0,2,63,0,65,0,6,75,4,85,48,0,48,133
01/24/2020,WJF,CA,AWP,WE,Federal Contract Tower,0,3,2,0,5,0,3,101,2,106,0,6,103,2,111,110,0,110,221
01/25/2020,WJF,CA,AWP,WE,Federal Contract Tower,0,0,2,0,2,0,0,106,0,106,0,0,108,0,108,168,0,168,276
01/26/2020,WJF,CA,AWP,WE,Federal Contract Tower,0,0,14,3,17,0,0,60,5,65,0,0,74,8,82,34,0,34,116
01/27/2020,WJF,CA,AWP,WE,Federal Contract Tower,0,1,6,6,13,0,1,71,0,72,0,2,77,6,85,62,0,62,147
01/28/2020,WJF,CA,AWP,WE,Federal Contract Tower,0,1,3,4,8,0,2,34,6,42,0,3,37,10,50,18,6,24,74
01/29/2020,WJF,CA,AWP,WE,Federal Contract Tower,0,1,3,2,6,0,1,39,0,40,0,2,42,2,46,54,4,58,104
01/30/2020,WJF,CA,AWP,WE,Federal Contract Tower,0,2,15,4,21,0,0,66,4,70,0,2,81,8,91,54,18,72,163
01/31/2020,WJF,CA,AWP,WE,Federal Contract Tower,0,3,14,2,19,0,1,95,0,96,0,4,109,2,115,118,0,118,233
02/01/2020,WJF,CA,AWP,WE,Federal Contract Tower,0,0,4,0,4,0,0,141,0,141,0,0,145,0,145,212,0,212,357
02/02/2020,WJF,CA,AWP,WE,Federal Contract Tower,0,0,3,0,3,0,0,39,0,39,0,0,42,0,42,70,0,70,112
02/03/2020,WJF,CA,AWP,WE,Federal Contract Tower,0,1,1,10,12,0,1,40,0,41,0,2,41,10,53,24,0,24,77
02/04/2020,WJF,CA,AWP,WE,Federal Contract Tower,0,1,3,0,4,0,1,22,0,23,0,2,25,0,27,12,0,12,39
02/05/2020,WJF,CA,AWP,WE,Federal Contract Tower,0,1,7,8,16,0,1,59,0,60,0,2,66,8,76,20,4,24,100
02/06/2020,WJF,CA,AWP,WE,Federal Contract Tower,0,1,7,3,11,0,1,82,1,84,0,2,89,4,95,21,4,25,120
02/07/2020,WJF,CA,AWP,WE,Federal Contract Tower,0,1,8,2,11,0,1,110,0,111,0,2,118,2,122,116,0,116,238
02/08/2020,WJF,CA,AWP,WE,Federal Contract Tower,0,0,4,0,4,0,0,60,0,60,0,0,64,0,64,6,0,6,70
02/09/2020,WJF,CA,AWP,WE,Federal Contract Tower,0,0,3,0,3,0,0,20,0,20,0,0,23,0,23,34,0,34,57
02/10/2020,WJF,CA,AWP,WE,Federal Contract Tower,0,1,1,0,2,0,1,13,0,14,0,2,14,0,16,0,0,0,16
02/11/2020,WJF,CA,AWP,WE,Federal Contract Tower,0,1,8,6,15,0,1,47,0,48,0,2,55,6,63,14,0,14,77
02/12/2020,WJF,CA,AWP,WE,Federal Contract Tower,0,1,7,0,8,0,1,74,0,75,0,2,81,0,83,54,0,54,137
02/13/2020,WJF,CA,AWP,WE,Federal Contract Tower,0,1,1,0,2,0,1,65,0,66,0,2,66,0,68,26,0,26,94
02/14/2020,WJF,CA,AWP,WE,Federal Contract Tower,0,1,6,0,7,0,1,82,0,83,0,2,88,0,90,56,0,56,146
02/15/2020,WJF,CA,AWP,WE,Federal Contract Tower,0,0,5,0,5,0,0,80,0,80,0,0,85,0,85,64,0,64,149
02/16/2020,WJF,CA,AWP,WE,Federal Contract Tower,0,0,0,0,0,0,0,48,0,48,0,0,48,0,48,34,0,34,82
02/17/2020,WJF,CA,AWP,WE,Federal Contract Tower,0,1,13,1,15,0,1,44,10,55,0,2,57,11,70,50,0,50,120
02/18/2020,WJF,CA,AWP,WE,Federal Contract Tower,0,0,4,1,5,0,1,47,1,49,0,1,51,2,54,82,0,82,136
02/19/2020,WJF,CA,AWP,WE,Federal Contract Tower,0,1,2,0,3,0,1,65,0,66,0,2,67,0,69,48,0,48,117
02/20/2020,WJF,CA,AWP,WE,Federal Contract Tower,0,3,6,0,9,0,1,74,0,75,0,4,80,0,84,74,0,74,158
02/21/2020,WJF,CA,AWP,WE,Federal Contract Tower,0,1,0,0,1,0,1,92,2,95,0,2,92,2,96,88,4,92,188
02/22/2020,WJF,CA,AWP,WE,Federal Contract Tower,0,0,7,0,7,0,0,29,0,29,0,0,36,0,36,46,0,46,82
02/23/2020,WJF,CA,AWP,WE,Federal Contract Tower,0,0,1,0,1,0,0,93,0,93,0,0,94,0,94,58,0,58,152
02/24/2020,WJF,CA,AWP,WE,Federal Contract Tower,0,1,7,0,8,0,1,50,0,51,0,2,57,0,59,46,0,46,105
02/25/2020,WJF,CA,AWP,WE,Federal Contract Tower,0,1,7,0,8,0,1,34,0,35,0,2,41,0,43,38,0,38,81
02/26/2020,WJF,CA,AWP,WE,Federal Contract Tower,0,1,2,1,4,0,1,72,0,73,0,2,74,1,77,120,2,122,199
02/27/2020,WJF,CA,AWP,WE,Federal Contract Tower,0,1,1,10,12,0,1,56,0,57,0,2,57,10,69,60,0,60,129
02/28/2020,WJF,CA,AWP,WE,Federal Contract Tower,0,1,6,0,7,0,1,81,0,82,0,2,87,0,89,98,0,98,187
02/29/2020,WJF,CA,AWP,WE,Federal Contract Tower,0,0,3,0,3,0,0,72,0,72,0,0,75,0,75,112,0,112,187
03/01/2020,WJF,CA,AWP,WE,Federal Contract Tower,0,0,0,0,0,0,0,15,0,15,0,0,15,0,15,0,0,0,15
03/02/2020,WJF,CA,AWP,WE,Federal Contract Tower,0,1,3,7,11,0,0,20,1,21,0,1,23,8,32,8,12,20,52
03/03/2020,WJF,CA,AWP,WE,Federal Contract Tower,0,0,7,0,7,0,1,79,0,80,0,1,86,0,87,80,0,80,167
03/04/2020,WJF,CA,AWP,WE,Federal Contract Tower,0,1,8,10,19,0,1,81,0,82,0,2,89,10,101,76,0,76,177
03/05/2020,WJF,CA,AWP,WE,Federal Contract Tower,0,1,20,6,27,0,1,71,4,76,0,2,91,10,103,122,2,124,227
03/06/2020,WJF,CA,AWP,WE,Federal Contract Tower,0,1,0,7,8,0,1,99,0,100,0,2,99,7,108,102,0,102,210
03/07/2020,WJF,CA,AWP,WE,Federal Contract Tower,0,2,2,0,4,0,0,30,0,30,0,2,32,0,34,52,0,52,86
03/08/2020,WJF,CA,AWP,WE,Federal Contract Tower,0,0,13,0,13,0,0,75,0,75,0,0,88,0,88,54,0,54,142
03/09/2020,WJF,CA,AWP,WE,Federal Contract Tower,0,1,5,0,6,0,1,83,0,84,0,2,88,0,90,68,0,68,158
03/10/2020,WJF,CA,AWP,WE,Federal Contract Tower,0,0,0,4,4,0,0,0,0,0,0,0,0,4,4,12,0,12,16
03/11/2020,WJF,CA,AWP,WE,Federal Contract Tower,0,2,1,4,7,0,0,35,0,35,0,2,36,4,42,46,0,46,88
03/12/2020,WJF,CA,AWP,WE,Federal Contract Tower,0,1,6,4,11,0,1,35,0,36,0,2,41,4,47,62,0,62,109
03/13/2020,WJF,CA,AWP,WE,Federal Contract Tower,0,2,1,5,8,0,0,29,0,29,0,2,30,5,37,16,2,18,55
03/14/2020,WJF,CA,AWP,WE,Federal Contract Tower,0,0,9,0,9,0,0,9,1,10,0,0,18,1,19,50,0,50,69
03/15/2020,WJF,CA,AWP,WE,Federal Contract Tower,0,0,6,0,6,0,0,29,0,29,0,0,35,0,35,36,0,36,71
03/16/2020,WJF,CA,AWP,WE,Federal Contract Tower,0,2,0,4,6,0,0,15,0,15,0,2,15,4,21,18,0,18,39
03/17/2020,WJF,CA,AWP,WE,Federal Contract Tower,0,1,22,2,25,0,1,41,0,42,0,2,63,2,67,52,12,64,131
03/18/2020,WJF,CA,AWP,WE,Federal Contract Tower,0,1,13,4,18,0,1,54,0,55,0,2,67,4,73,60,0,60,133
03/19/2020,WJF,CA,AWP,WE,Federal Contract Tower,0,2,3,0,5,0,0,15,0,15,0,2,18,0,20,16,0,16,36
03/20/2020,WJF,CA,AWP,WE,Federal Contract Tower,0,1,10,0,11,0,1,52,0,53,0,2,62,0,64,104,0,104,168
03/21/2020,WJF,CA,AWP,WE,Federal Contract Tower,0,0,1,0,1,0,0,46,0,46,0,0,47,0,47,78,0,78,125
03/22/2020,WJF,CA,AWP,WE,Federal Contract Tower,0,0,1,0,1,0,0,44,0,44,0,0,45,0,45,32,0,32,77
03/23/2020,WJF,CA,AWP,WE,Federal Contract Tower,0,0,0,1,1,0,1,25,1,27,0,1,25,2,28,2,6,8,36
03/24/2020,WJF,CA,AWP,WE,Federal Contract Tower,0,1,3,0,4,0,1,10,0,11,0,2,13,0,15,22,0,22,37
03/25/2020,WJF,CA,AWP,WE,Federal Contract Tower,0,1,1,0,2,0,1,9,0,10,0,2,10,0,12,0,0,0,12
03/26/2020,WJF,CA,AWP,WE,Federal Contract Tower,0,1,0,0,1,0,1,35,0,36,0,2,35,0,37,18,0,18,55
03/27/2020,WJF,CA,AWP,WE,Federal Contract Tower,0,1,5,2,8,0,0,37,0,37,0,1,42,2,45,38,8,46,91
03/28/2020,WJF,CA,AWP,WE,Federal Contract Tower,0,0,8,0,8,0,0,81,0,81,0,0,89,0,89,90,0,90,179
03/29/2020,WJF,CA,AWP,WE,Federal Contract Tower,0,0,1,0,1,0,0,21,0,21,0,0,22,0,22,36,0,36,58
03/30/2020,WJF,CA,AWP,WE,Federal Contract Tower,0,1,1,0,2,0,1,58,0,59,0,2,59,0,61,44,0,44,105
03/31/2020,WJF,CA,AWP,WE,Federal Contract Tower,0,2,4,0,6,0,0,45,0,45,0,2,49,0,51,90,0,90,141
04/01/2020,WJF,CA,AWP,WE,Federal Contract Tower,0,1,4,0,5,0,1,21,0,22,0,2,25,0,27,6,0,6,33
04/02/2020,WJF,CA,AWP,WE,Federal Contract Tower,0,1,2,0,3,0,1,35,0,36,0,2,37,0,39,38,0,38,77
04/03/2020,WJF,CA,AWP,WE,Federal Contract Tower,0,0,1,0,1,0,1,61,0,62,0,1,62,0,63,122,0,122,185
04/04/2020,WJF,CA,AWP,WE,Federal Contract Tower,0,0,0,0,0,0,0,35,0,35,0,0,35,0,35,96,0,96,131
04/05/2020,WJF,CA,AWP,WE,Federal Contract Tower,0,0,2,0,2,0,0,8,0,8,0,0,10,0,10,74,0,74,84
04/06/2020,WJF,CA,AWP,WE,Federal Contract Tower,0,2,2,0,4,0,0,6,0,6,0,2,8,0,10,52,0,52,62
04/07/2020,WJF,CA,AWP,WE,Federal Contract Tower,0,0,2,0,2,0,0,14,0,14,0,0,16,0,16,74,0,74,90
04/08/2020,WJF,CA,AWP,WE,Federal Contract Tower,0,2,1,0,3,0,0,3,0,3,0,2,4,0,6,56,0,56,62
04/09/2020,WJF,CA,AWP,WE,Federal Contract Tower,0,4,0,2,6,0,0,4,0,4,0,4,4,2,10,0,0,0,10
04/10/2020,WJF,CA,AWP,WE,Federal Contract Tower,0,4,0,0,4,0,0,8,0,8,0,4,8,0,12,60,0,60,72
04/11/2020,WJF,CA,AWP,WE,Federal Contract Tower,0,0,0,0,0,0,0,140,0,140,0,0,140,0,140,198,0,198,338
04/12/2020,WJF,CA,AWP,WE,Federal Contract Tower,0,0,0,0,0,0,0,22,0,22,0,0,22,0,22,0,0,0,22
04/13/2020,WJF,CA,AWP,WE,Federal Contract Tower,0,4,1,2,7,0,1,34,0,35,0,5,35,2,42,18,4,22,64
04/14/2020,WJF,CA,AWP,WE,Federal Contract Tower,0,1,5,2,8,0,1,73,0,74,0,2,78,2,82,144,0,144,226
04/15/2020,WJF,CA,AWP,WE,Federal Contract Tower,0,1,10,0,11,0,1,115,0,116,0,2,125,0,127,140,0,140,267
04/16/2020,WJF,CA,AWP,WE,Federal Contract Tower,0,1,4,0,5,0,1,55,0,56,0,2,59,0,61,66,0,66,127
04/17/2020,WJF,CA,AWP,WE,Federal Contract Tower,0,1,1,0,2,0,1,43,0,44,0,2,44,0,46,96,0,96,142
04/18/2020,WJF,CA,AWP,WE,Federal Contract Tower,0,0,3,0,3,0,0,24,0,24,0,0,27,0,27,54,0,54,81
04/19/2020,WJF,CA,AWP,WE,Federal Contract Tower,0,0,13,0,13,0,0,62,0,62,0,0,75,0,75,60,0,60,135
04/20/2020,WJF,CA,AWP,WE,Federal Contract Tower,0,1,9,2,12,0,1,25,2,28,0,2,34,4,40,48,6,54,94
04/21/2020,WJF,CA,AWP,WE,Federal Contract Tower,0,1,4,2,7,0,1,51,0,52,0,2,55,2,59,70,0,70,129
04/22/2020,WJF,CA,AWP,WE,Federal Contract Tower,0,1,4,4,9,0,1,65,0,66,0,2,69,4,75,94,0,94,169
04/23/2020,WJF,CA,AWP,WE,Federal Contract Tower,0,1,0,2,3,0,2,54,0,56,0,3,54,2,59,54,0,54,113
04/24/2020,WJF,CA,AWP,WE,Federal Contract Tower,0,0,5,0,5,0,2,111,0,113,0,2,116,0,118,176,0,176,294
04/25/2020,WJF,CA,AWP,WE,Federal Contract Tower,0,0,10,0,10,0,0,104,0,104,0,0,114,0,114,182,0,182,296
04/26/2020,WJF,CA,AWP,WE,Federal Contract Tower,0,0,6,0,6,0,0,74,0,74,0,0,80,0,80,108,0,108,188
04/27/2020,WJF,CA,AWP,WE,Federal Contract Tower,0,0,6,0,6,0,2,13,0,15,0,2,19,0,21,10,0,10,31
04/28/2020,WJF,CA,AWP,WE,Federal Contract Tower,0,0,2,0,2,0,2,61,0,63,0,2,63,0,65,16,0,16,81
04/29/2020,WJF,CA,AWP,WE,Federal Contract Tower,0,0,2,2,4,0,2,46,0,48,0,2,48,2,52,26,0,26,78
04/30/2020,WJF,CA,AWP,WE,Federal Contract Tower,0,0,1,2,3,0,2,21,0,23,0,2,22,2,26,4,0,4,30
05/01/2020,WJF,CA,AWP,WE,Federal Contract Tower,0,0,0,4,4,0,2,24,0,26,0,2,24,4,30,28,0,28,58
05/02/2020,WJF,CA,AWP,WE,Federal Contract Tower,0,0,2,0,2,0,0,33,0,33,0,0,35,0,35,60,0,60,95
05/03/2020,WJF,CA,AWP,WE,Federal Contract Tower,0,0,0,0,0,0,0,29,0,29,0,0,29,0,29,36,0,36,65
05/04/2020,WJF,CA,AWP,WE,Federal Contract Tower,0,0,2,0,2,0,2,63,0,65,0,2,65,0,67,34,0,34,101
05/05/2020,WJF,CA,AWP,WE,Federal Contract Tower,0,2,2,0,4,0,2,64,0,66,0,4,66,0,70,76,0,76,146
05/06/2020,WJF,CA,AWP,WE,Federal Contract Tower,0,1,2,0,3,0,1,46,0,47,0,2,48,0,50,42,0,42,92
05/07/2020,WJF,CA,AWP,WE,Federal Contract Tower,0,1,2,0,3,0,1,38,0,39,0,2,40,0,42,90,0,90,132
05/08/2020,WJF,CA,AWP,WE,Federal Contract Tower,0,0,2,0,2,0,2,86,0,88,0,2,88,0,90,112,0,112,202
05/09/2020,WJF,CA,AWP,WE,Federal Contract Tower,0,0,7,0,7,0,0,67,0,67,0,0,74,0,74,90,0,90,164
05/10/2020,WJF,CA,AWP,WE,Federal Contract Tower,0,0,2,0,2,0,0,54,0,54,0,0,56,0,56,26,0,26,82
05/11/2020,WJF,CA,AWP,WE,Federal Contract Tower,0,0,1,0,1,0,2,29,0,31,0,2,30,0,32,44,0,44,76
05/12/2020,WJF,CA,AWP,WE,Federal Contract Tower,0,0,9,2,11,0,2,25,0,27,0,2,34,2,38,26,0,26,64
05/13/2020,WJF,CA,AWP,WE,Federal Contract Tower,0,1,2,2,5,0,1,37,0,38,0,2,39,2,43,0,0,0,43
05/14/2020,WJF,CA,AWP,WE,Federal Contract Tower,0,1,4,2,7,0,3,23,0,26,0,4,27,2,33,4,0,4,37
05/15/2020,WJF,CA,AWP,WE,Federal Contract Tower,0,0,0,6,6,0,2,51,0,53,0,2,51,6,59,32,0,32,91
05/16/2020,WJF,CA,AWP,WE,Federal Contract Tower,0,0,7,0,7,0,0,111,0,111,0,0,118,0,118,74,0,74,192
05/17/2020,WJF,CA,AWP,WE,Federal Contract Tower,0,0,0,0,0,0,0,57,0,57,0,0,57,0,57,28,0,28,85
05/18/2020,WJF,CA,AWP,WE,Federal Contract Tower,0,0,1,7,8,0,2,23,1,26,0,2,24,8,34,10,0,10,44
05/19/2020,WJF,CA,AWP,WE,Federal Contract Tower,0,0,4,4,8,0,2,26,0,28,0,2,30,4,36,48,0,48,84
05/20/2020,WJF,CA,AWP,WE,Federal Contract Tower,0,0,6,0,6,0,1,44,0,45,0,1,50,0,51,68,0,68,119
05/21/2020,WJF,CA,AWP,WE,Federal Contract Tower,0,0,2,0,2,0,7,36,0,43,0,7,38,0,45,16,0,16,61
05/22/2020,WJF,CA,AWP,WE,Federal Contract Tower,0,0,8,0,8,0,2,63,0,65,0,2,71,0,73,80,0,80,153
05/23/2020,WJF,CA,AWP,WE,Federal Contract Tower,0,0,1,0,1,0,0,75,0,75,0,0,76,0,76,116,0,116,192
05/24/2020,WJF,CA,AWP,WE,Federal Contract Tower,0,0,3,0,3,0,0,68,0,68,0,0,71,0,71,50,0,50,121
05/25/2020,WJF,CA,AWP,WE,Federal Contract Tower,0,0,2,0,2,0,0,81,0,81,0,0,83,0,83,86,0,86,169
05/26/2020,WJF,CA,AWP,WE,Federal Contract Tower,0,0,0,2,2,0,2,49,0,51,0,2,49,2,53,50,0,50,103
05/27/2020,WJF,CA,AWP,WE,Federal Contract Tower,0,1,16,2,19,0,1,49,0,50,0,2,65,2,69,60,0,60,129
05/28/2020,WJF,CA,AWP,WE,Federal Contract Tower,0,1,0,0,1,0,1,33,1,35,0,2,33,1,36,96,0,96,132
05/29/2020,WJF,CA,AWP,WE,Federal Contract Tower,0,1,0,4,5,0,1,102,0,103,0,2,102,4,108,96,0,96,204
05/30/2020,WJF,CA,AWP,WE,Federal Contract Tower,0,0,8,0,8,0,0,73,0,73,0,0,81,0,81,84,0,84,165
05/31/2020,WJF,CA,AWP,WE,Federal Contract Tower,0,0,2,0,2,0,0,83,0,83,0,0,85,0,85,92,0,92,177
06/01/2020,WJF,CA,AWP,WE,Federal Contract Tower,0,0,0,0,0,0,2,52,0,54,0,2,52,0,54,10,0,10,64
06/02/2020,WJF,CA,AWP,WE,Federal Contract Tower,0,0,10,0,10,0,2,47,0,49,0,2,57,0,59,48,0,48,107
06/03/2020,WJF,CA,AWP,WE,Federal Contract Tower,0,0,0,0,0,0,2,43,0,45,0,2,43,0,45,66,0,66,111
06/04/2020,WJF,CA,AWP,WE,Federal Contract Tower,0,0,7,2,9,0,2,67,0,69,0,2,74,2,78,124,0,124,202
06/05/2020,WJF,CA,AWP,WE,Federal Contract Tower,0,0,7,0,7,0,2,45,0,47,0,2,52,0,54,98,0,98,152
06/06/2020,WJF,CA,AWP,WE,Federal Contract Tower,0,0,0,0,0,0,0,22,0,22,0,0,22,0,22,0,0,0,22
06/07/2020,WJF,CA,AWP,WE,Federal Contract Tower,0,0,0,0,0,0,0,14,0,14,0,0,14,0,14,0,0,0,14
06/08/2020,WJF,CA,AWP,WE,Federal Contract Tower,0,0,7,0,7,0,2,41,0,43,0,2,48,0,50,12,0,12,62
06/09/2020,WJF,CA,AWP,WE,Federal Contract Tower,0,0,7,0,7,0,2,47,0,49,0,2,54,0,56,36,0,36,92
06/10/2020,WJF,CA,AWP,WE,Federal Contract Tower,0,0,5,2,7,0,2,67,0,69,0,2,72,2,76,62,0,62,138
06/11/2020,WJF,CA,AWP,WE,Federal Contract Tower,0,0,2,0,2,0,2,70,0,72,0,2,72,0,74,50,0,50,124
06/12/2020,WJF,CA,AWP,WE,Federal Contract Tower,0,0,0,0,0,0,2,40,0,42,0,2,40,0,42,48,0,48,90
06/13/2020,WJF,CA,AWP,WE,Federal Contract Tower,0,0,2,0,2,0,0,24,0,24,0,0,26,0,26,42,0,42,68
06/14/2020,WJF,CA,AWP,WE,Federal Contract Tower,0,0,10,0,10,0,0,72,0,72,0,0,82,0,82,16,0,16,98
06/15/2020,WJF,CA,AWP,WE,Federal Contract Tower,0,0,0,0,0,0,0,56,0,56,0,0,56,0,56,0,0,0,56
06/16/2020,WJF,CA,AWP,WE,Federal Contract Tower,0,0,3,0,3,0,2,17,0,19,0,2,20,0,22,46,0,46,68
06/17/2020,WJF,CA,AWP,WE,Federal Contract Tower,0,0,11,2,13,0,2,33,0,35,0,2,44,2,48,34,0,34,82
06/18/2020,WJF,CA,AWP,WE,Federal Contract Tower,0,0,10,0,10,0,2,54,2,58,0,2,64,2,68,56,0,56,124
06/19/2020,WJF,CA,AWP,WE,Federal Contract Tower,0,0,3,0,3,0,2,59,0,61,0,2,62,0,64,54,0,54,118
06/20/2020,WJF,CA,AWP,WE,Federal Contract Tower,0,0,7,0,7,0,0,80,0,80,0,0,87,0,87,98,0,98,185
06/21/2020,WJF,CA,AWP,WE,Federal Contract Tower,0,0,0,0,0,0,0,49,0,49,0,0,49,0,49,64,0,64,113
06/22/2020,WJF,CA,AWP,WE,Federal Contract Tower,0,0,2,0,2,0,2,32,3,37,0,2,34,3,39,26,0,26,65
06/23/2020,WJF,CA,AWP,WE,Federal Contract Tower,0,0,5,0,5,0,2,71,4,77,0,2,76,4,82,114,0,114,196
06/24/2020,WJF,CA,AWP,WE,Federal Contract Tower,0,0,8,2,10,0,2,56,2,60,0,2,64,4,70,40,0,40,110
06/25/2020,WJF,CA,AWP,WE,Federal Contract Tower,0,0,4,0,4,0,2,52,0,54,0,2,56,0,58,28,0,28,86
06/26/2020,WJF,CA,AWP,WE,Federal Contract Tower,0,0,1,0,1,0,2,98,0,100,0,2,99,0,101,168,0,168,269
06/27/2020,WJF,CA,AWP,WE,Federal Contract Tower,0,0,3,0,3,0,0,76,0,76,0,0,79,0,79,104,0,104,183
06/28/2020,WJF,CA,AWP,WE,Federal Contract Tower,0,0,0,0,0,0,2,16,0,18,0,2,16,0,18,10,0,10,28
06/29/2020,WJF,CA,AWP,WE,Federal Contract Tower,0,0,3,0,3,0,2,34,0,36,0,2,37,0,39,0,0,0,39
06/30/2020,WJF,CA,AWP,WE,Federal Contract Tower,0,0,4,0,4,0,2,48,0,50,0,2,52,0,54,74,0,74,128
07/01/2020,WJF,CA,AWP,WE,Federal Contract Tower,0,0,4,0,4,0,2,60,0,62,0,2,64,0,66,14,0,14,80
07/02/2020,WJF,CA,AWP,WE,Federal Contract Tower,0,0,3,0,3,0,2,44,0,46,0,2,47,0,49,38,0,38,87
07/03/2020,WJF,CA,AWP,WE,Federal Contract Tower,0,0,1,0,1,0,2,114,0,116,0,2,115,0,117,184,0,184,301
07/04/2020,WJF,CA,AWP,WE,Federal Contract Tower,0,0,3,0,3,0,0,56,0,56,0,0,59,0,59,64,0,64,123
07/05/2020,WJF,CA,AWP,WE,Federal Contract Tower,0,0,2,0,2,0,0,87,0,87,0,0,89,0,89,28,0,28,117
07/06/2020,WJF,CA,AWP,WE,Federal Contract Tower,0,0,3,0,3,0,2,31,0,33,0,2,34,0,36,30,0,30,66
07/07/2020,WJF,CA,AWP,WE,Federal Contract Tower,0,0,2,2,4,0,2,54,0,56,0,2,56,2,60,34,0,34,94
07/08/2020,WJF,CA,AWP,WE,Federal Contract Tower,0,0,2,0,2,0,2,35,0,37,0,2,37,0,39,22,0,22,61
07/09/2020,WJF,CA,AWP,WE,Federal Contract Tower,0,0,4,0,4,0,1,61,0,62,0,1,65,0,66,10,0,10,76
07/10/2020,WJF,CA,AWP,WE,Federal Contract Tower,0,0,5,2,7,0,2,58,0,60,0,2,63,2,67,48,0,48,115
07/11/2020,WJF,CA,AWP,WE,Federal Contract Tower,0,0,4,0,4,0,0,57,0,57,0,0,61,0,61,28,0,28,89
07/12/2020,WJF,CA,AWP,WE,Federal Contract Tower,0,0,5,0,5,0,0,58,0,58,0,0,63,0,63,57,0,57,120
07/13/2020,WJF,CA,AWP,WE,Federal Contract Tower,0,0,0,0,0,0,2,36,2,40,0,2,36,2,40,16,0,16,56
07/14/2020,WJF,CA,AWP,WE,Federal Contract Tower,0,0,2,2,4,0,2,48,0,50,0,2,50,2,54,10,0,10,64
07/15/2020,WJF,CA,AWP,WE,Federal Contract Tower,0,0,1,0,1,0,2,45,0,47,0,2,46,0,48,30,0,30,78
07/16/2020,WJF,CA,AWP,WE,Federal Contract Tower,0,0,8,0,8,0,2,55,0,57,0,2,63,0,65,30,0,30,95
07/17/2020,WJF,CA,AWP,WE,Federal Contract Tower,0,0,8,0,8,0,2,57,0,59,0,2,65,0,67,56,0,56,123
07/18/2020,WJF,CA,AWP,WE,Federal Contract Tower,0,0,9,0,9,0,0,49,0,49,0,0,58,0,58,40,0,40,98
07/19/2020,WJF,CA,AWP,WE,Federal Contract Tower,0,0,2,0,2,0,0,47,0,47,0,0,49,0,49,40,0,40,89
07/20/2020,WJF,CA,AWP,WE,Federal Contract Tower,0,0,2,0,2,0,0,53,0,53,0,0,55,0,55,40,0,40,95
07/21/2020,WJF,CA,AWP,WE,Federal Contract Tower,0,0,1,0,1,0,4,55,0,59,0,4,56,0,60,58,0,58,118
07/22/2020,WJF,CA,AWP,WE,Federal Contract Tower,0,0,9,0,9,0,2,55,0,57,0,2,64,0,66,82,0,82,148
07/23/2020,WJF,CA,AWP,WE,Federal Contract Tower,0,0,9,0,9,0,2,64,0,66,0,2,73,0,75,72,0,72,147
07/24/2020,WJF,CA,AWP,WE,Federal Contract Tower,0,0,6,0,6,0,2,67,0,69,0,2,73,0,75,70,0,70,145
07/25/2020,WJF,CA,AWP,WE,Federal Contract Tower,0,0,0,0,0,0,0,74,0,74,0,0,74,0,74,88,0,88,162
07/26/2020,WJF,CA,AWP,WE,Federal Contract Tower,0,0,3,0,3,0,0,46,0,46,0,0,49,0,49,14,0,14,63
07/27/2020,WJF,CA,AWP,WE,Federal Contract Tower,0,0,4,0,4,0,2,47,0,49,0,2,51,0,53,50,0,50,103
07/28/2020,WJF,CA,AWP,WE,Federal Contract Tower,0,0,2,0,2,0,2,54,0,56,0,2,56,0,58,58,0,58,116
07/29/2020,WJF,CA,AWP,WE,Federal Contract Tower,0,0,11,0,11,0,2,70,0,72,0,2,81,0,83,54,0,54,137
07/30/2020,WJF,CA,AWP,WE,Federal Contract Tower,0,0,4,0,4,0,3,64,0,67,0,3,68,0,71,58,0,58,129
07/31/2020,WJF,CA,AWP,WE,Federal Contract Tower,0,0,1,0,1,0,2,68,2,72,0,2,69,2,73,68,0,68,141
08/01/2020,WJF,CA,AWP,WE,Federal Contract Tower,0,0,2,0,2,0,2,83,0,85,0,2,85,0,87,62,0,62,149
08/02/2020,WJF,CA,AWP,WE,Federal Contract Tower,0,0,5,0,5,0,0,48,0,48,0,0,53,0,53,72,0,72,125
08/03/2020,WJF,CA,AWP,WE,Federal Contract Tower,0,0,4,0,4,0,2,45,0,47,0,2,49,0,51,34,0,34,85
08/04/2020,WJF,CA,AWP,WE,Federal Contract Tower,0,0,4,0,4,0,2,44,0,46,0,2,48,0,50,32,0,32,82
08/05/2020,WJF,CA,AWP,WE,Federal Contract Tower,0,0,0,0,0,0,2,35,0,37,0,2,35,0,37,24,0,24,61
08/06/2020,WJF,CA,AWP,WE,Federal Contract Tower,0,0,0,6,6,0,2,24,0,26,0,2,24,6,32,2,0,2,34
08/07/2020,WJF,CA,AWP,WE,Federal Contract Tower,0,0,8,0,8,0,2,79,0,81,0,2,87,0,89,46,0,46,135
08/08/2020,WJF,CA,AWP,WE,Federal Contract Tower,0,0,4,0,4,0,0,69,0,69,0,0,73,0,73,36,0,36,109
08/09/2020,WJF,CA,AWP,WE,Federal Contract Tower,0,0,0,0,0,0,0,61,0,61,0,0,61,0,61,34,0,34,95
08/10/2020,WJF,CA,AWP,WE,Federal Contract Tower,0,0,4,10,14,0,2,56,0,58,0,2,60,10,72,24,0,24,96
08/11/2020,WJF,CA,AWP,WE,Federal Contract Tower,0,0,6,4,10,0,2,76,0,78,0,2,82,4,88,78,0,78,166
08/12/2020,WJF,CA,AWP,WE,Federal Contract Tower,0,0,8,6,14,0,0,62,0,62,0,0,70,6,76,10,0,10,86
08/13/2020,WJF,CA,AWP,WE,Federal Contract Tower,0,0,2,4,6,0,2,122,0,124,0,2,124,4,130,60,0,60,190
08/14/2020,WJF,CA,AWP,WE,Federal Contract Tower,0,0,2,11,13,0,2,151,0,153,0,2,153,11,166,102,0,102,268
08/15/2020,WJF,CA,AWP,WE,Federal Contract Tower,0,0,0,0,0,0,0,102,0,102,0,0,102,0,102,48,0,48,150
08/16/2020,WJF,CA,AWP,WE,Federal Contract Tower,0,0,2,0,2,0,0,149,0,149,0,0,151,0,151,34,0,34,185
08/17/2020,WJF,CA,AWP,WE,Federal Contract Tower,0,0,2,0,2,0,0,117,0,117,0,0,119,0,119,16,0,16,135
08/18/2020,WJF,CA,AWP,WE,Federal Contract Tower,0,0,1,2,3,0,2,106,0,108,0,2,107,2,111,52,0,52,163
08/19/2020,WJF,CA,AWP,WE,Federal Contract Tower,0,0,3,0,3,0,2,102,0,104,0,2,105,0,107,0,0,0,107
08/20/2020,WJF,CA,AWP,WE,Federal Contract Tower,0,1,0,0,1,0,3,83,4,90,0,4,83,4,91,80,0,80,171
08/21/2020,WJF,CA,AWP,WE,Federal Contract Tower,0,0,10,2,12,0,2,125,0,127,0,2,135,2,139,24,0,24,163
08/22/2020,WJF,CA,AWP,WE,Federal Contract Tower,0,0,6,0,6,0,0,83,0,83,0,0,89,0,89,48,0,48,137
08/23/2020,WJF,CA,AWP,WE,Federal Contract Tower,0,0,7,0,7,0,0,91,0,91,0,0,98,0,98,72,0,72,170
08/24/2020,WJF,CA,AWP,WE,Federal Contract Tower,0,0,0,0,0,0,2,78,0,80,0,2,78,0,80,24,0,24,104
08/25/2020,WJF,CA,AWP,WE,Federal Contract Tower,0,0,5,2,7,0,0,51,0,51,0,0,56,2,58,20,0,20,78
08/26/2020,WJF,CA,AWP,WE,Federal Contract Tower,0,0,2,2,4,0,0,61,0,61,0,0,63,2,65,22,0,22,87
08/27/2020,WJF,CA,AWP,WE,Federal Contract Tower,0,0,9,0,9,0,0,102,0,102,0,0,111,0,111,16,0,16,127
08/28/2020,WJF,CA,AWP,WE,Federal Contract Tower,0,0,6,0,6,0,0,101,0,101,0,0,107,0,107,52,0,52,159
08/29/2020,WJF,CA,AWP,WE,Federal Contract Tower,0,0,3,0,3,0,0,80,0,80,0,0,83,0,83,34,0,34,117
08/30/2020,WJF,CA,AWP,WE,Federal Contract Tower,0,0,1,0,1,0,0,78,0,78,0,0,79,0,79,48,0,48,127
08/31/2020,WJF,CA,AWP,WE,Federal Contract Tower,0,0,0,0,0,0,0,49,2,51,0,0,49,2,51,14,0,14,65
09/01/2020,WJF,CA,AWP,WE,Federal Contract Tower,0,0,4,0,4,0,0,46,0,46,0,0,50,0,50,18,0,18,68
09/02/2020,WJF,CA,AWP,WE,Federal Contract Tower,0,0,0,0,0,0,0,39,0,39,0,0,39,0,39,18,0,18,57
09/03/2020,WJF,CA,AWP,WE,Federal Contract Tower,0,0,0,4,4,0,0,60,0,60,0,0,60,4,64,42,0,42,106
09/04/2020,WJF,CA,AWP,WE,Federal Contract Tower,0,0,1,0,1,0,0,78,0,78,0,0,79,0,79,46,0,46,125
09/05/2020,WJF,CA,AWP,WE,Federal Contract Tower,0,0,4,0,4,0,0,59,0,59,0,0,63,0,63,18,0,18,81
09/06/2020,WJF,CA,AWP,WE,Federal Contract Tower,0,0,0,0,0,0,0,84,0,84,0,0,84,0,84,42,0,42,126
09/07/2020,WJF,CA,AWP,WE,Federal Contract Tower,0,0,11,0,11,0,0,13,0,13,0,0,24,0,24,12,0,12,36
09/08/2020,WJF,CA,AWP,WE,Federal Contract Tower,0,0,9,0,9,0,0,7,3,10,0,0,16,3,19,10,0,10,29
09/09/2020,WJF,CA,AWP,WE,Federal Contract Tower,0,0,3,4,7,0,0,49,2,51,0,0,52,6,58,24,0,24,82
09/10/2020,WJF,CA,AWP,WE,Federal Contract Tower,0,0,3,4,7,0,0,38,0,38,0,0,41,4,45,44,0,44,89
09/11/2020,WJF,CA,AWP,WE,Federal Contract Tower,0,0,9,2,11,0,0,48,0,48,0,0,57,2,59,28,0,28,87
09/12/2020,WJF,CA,AWP,WE,Federal Contract Tower,0,0,13,0,13,0,0,44,0,44,0,0,57,0,57,32,0,32,89
09/13/2020,WJF,CA,AWP,WE,Federal Contract Tower,0,0,2,0,2,0,0,39,0,39,0,0,41,0,41,76,0,76,117
09/14/2020,WJF,CA,AWP,WE,Federal Contract Tower,0,0,1,4,5,0,0,24,0,24,0,0,25,4,29,10,0,10,39
09/15/2020,WJF,CA,AWP,WE,Federal Contract Tower,0,0,3,2,5,0,0,36,0,36,0,0,39,2,41,0,0,0,41
09/16/2020,WJF,CA,AWP,WE,Federal Contract Tower,0,0,6,4,10,0,0,51,0,51,0,0,57,4,61,56,0,56,117
09/17/2020,WJF,CA,AWP,WE,Federal Contract Tower,0,0,13,0,13,0,0,41,0,41,0,0,54,0,54,54,0,54,108
09/18/2020,WJF,CA,AWP,WE,Federal Contract Tower,0,0,4,4,8,0,0,65,0,65,0,0,69,4,73,22,0,22,95
09/19/2020,WJF,CA,AWP,WE,Federal Contract Tower,0,0,3,0,3,0,0,70,0,70,0,0,73,0,73,36,0,36,109
09/20/2020,WJF,CA,AWP,WE,Federal Contract Tower,0,0,2,0,2,0,0,80,0,80,0,0,82,0,82,56,0,56,138
09/21/2020,WJF,CA,AWP,WE,Federal Contract Tower,0,0,0,0,0,0,0,52,0,52,0,0,52,0,52,34,0,34,86
09/22/2020,WJF,CA,AWP,WE,Federal Contract Tower,0,0,3,0,3,0,0,62,0,62,0,0,65,0,65,48,0,48,113
09/23/2020,WJF,CA,AWP,WE,Federal Contract Tower,0,0,4,1,5,0,0,93,0,93,0,0,97,1,98,54,0,54,152
09/24/2020,WJF,CA,AWP,WE,Federal Contract Tower,0,0,3,4,7,0,0,67,0,67,0,0,70,4,74,70,0,70,144
09/25/2020,WJF,CA,AWP,WE,Federal Contract Tower,0,0,0,0,0,0,0,84,0,84,0,0,84,0,84,42,0,42,126
09/26/2020,WJF,CA,AWP,WE,Federal Contract Tower,0,0,4,0,4,0,0,85,0,85,0,0,89,0,89,38,0,38,127
09/27/2020,WJF,CA,AWP,WE,Federal Contract Tower,0,0,3,0,3,0,0,90,0,90,0,0,93,0,93,72,0,72,165
09/28/2020,WJF,CA,AWP,WE,Federal Contract Tower,0,0,1,0,1,0,0,62,0,62,0,0,63,0,63,66,0,66,129
09/29/2020,WJF,CA,AWP,WE,Federal Contract Tower,0,0,1,1,2,0,0,71,0,71,0,0,72,1,73,34,0,34,107
09/30/2020,WJF,CA,AWP,WE,Federal Contract Tower,0,0,8,0,8,0,0,65,0,65,0,0,73,0,73,22,0,22,95
10/01/2020,WJF,CA,AWP,WE,Federal Contract Tower,0,0,2,2,4,0,0,59,0,59,0,0,61,2,63,24,0,24,87
10/02/2020,WJF,CA,AWP,WE,Federal Contract Tower,0,0,2,2,4,0,0,81,0,81,0,0,83,2,85,54,0,54,139
10/03/2020,WJF,CA,AWP,WE,Federal Contract Tower,0,0,6,0,6,0,0,61,0,61,0,0,67,0,67,84,0,84,151
10/04/2020,WJF,CA,AWP,WE,Federal Contract Tower,0,0,2,0,2,0,0,84,0,84,0,0,86,0,86,160,0,160,246
10/05/2020,WJF,CA,AWP,WE,Federal Contract Tower,0,0,5,0,5,0,0,49,0,49,0,0,54,0,54,58,0,58,112
10/06/2020,WJF,CA,AWP,WE,Federal Contract Tower,0,0,1,6,7,0,0,58,0,58,0,0,59,6,65,42,0,42,107
10/07/2020,WJF,CA,AWP,WE,Federal Contract Tower,0,0,4,6,10,0,0,74,0,74,0,0,78,6,84,76,0,76,160
10/08/2020,WJF,CA,AWP,WE,Federal Contract Tower,0,0,6,2,8,0,0,60,0,60,0,0,66,2,68,42,0,42,110
10/09/2020,WJF,CA,AWP,WE,Federal Contract Tower,0,0,1,4,5,0,0,68,0,68,0,0,69,4,73,58,0,58,131
10/10/2020,WJF,CA,AWP,WE,Federal Contract Tower,0,0,10,0,10,0,0,61,0,61,0,0,71,0,71,54,0,54,125
10/11/2020,WJF,CA,AWP,WE,Federal Contract Tower,0,0,0,0,0,0,0,75,0,75,0,0,75,0,75,98,0,98,173
10/12/2020,WJF,CA,AWP,WE,Federal Contract Tower,0,0,2,0,2,0,0,84,0,84,0,0,86,0,86,52,0,52,138
10/13/2020,WJF,CA,AWP,WE,Federal Contract Tower,0,0,0,4,4,0,0,86,0,86,0,0,86,4,90,16,12,28,118
10/14/2020,WJF,CA,AWP,WE,Federal Contract Tower,0,0,2,4,6,0,0,73,0,73,0,0,75,4,79,84,0,84,163
10/15/2020,WJF,CA,AWP,WE,Federal Contract Tower,0,0,3,4,7,0,0,96,2,98,0,0,99,6,105,62,0,62,167
10/16/2020,WJF,CA,AWP,WE,Federal Contract Tower,0,0,4,2,6,0,0,74,0,74,0,0,78,2,80,64,0,64,144
10/17/2020,WJF,CA,AWP,WE,Federal Contract Tower,0,0,5,0,5,0,0,99,6,105,0,0,104,6,110,120,0,120,230
10/18/2020,WJF,CA,AWP,WE,Federal Contract Tower,0,0,0,0,0,0,70,0,0,70,0,70,0,0,70,66,0,66,136
10/19/2020,WJF,CA,AWP,WE,Federal Contract Tower,0,0,1,0,1,0,0,86,0,86,0,0,87,0,87,102,0,102,189
10/20/2020,WJF,CA,AWP,WE,Federal Contract Tower,0,0,8,0,8,0,0,90,0,90,0,0,98,0,98,68,0,68,166
10/21/2020,WJF,CA,AWP,WE,Federal Contract Tower,0,0,4,0,4,0,0,63,0,63,0,0,67,0,67,64,0,64,131
10/22/2020,WJF,CA,AWP,WE,Federal Contract Tower,0,0,3,0,3,0,0,71,0,71,0,0,74,0,74,128,0,128,202
10/23/2020,WJF,CA,AWP,WE,Federal Contract Tower,0,0,4,0,4,0,0,39,0,39,0,0,43,0,43,24,0,24,67
10/24/2020,WJF,CA,AWP,WE,Federal Contract Tower,0,1,5,0,6,0,0,50,0,50,0,1,55,0,56,74,0,74,130
10/25/2020,WJF,CA,AWP,WE,Federal Contract Tower,0,0,3,0,3,0,0,26,0,26,0,0,29,0,29,10,0,10,39
10/26/2020,WJF,CA,AWP,WE,Federal Contract Tower,0,0,0,0,0,0,0,26,0,26,0,0,26,0,26,6,0,6,32
10/27/2020,WJF,CA,AWP,WE,Federal Contract Tower,0,0,4,0,4,0,0,45,0,45,0,0,49,0,49,82,0,82,131
10/28/2020,WJF,CA,AWP,WE,Federal Contract Tower,0,0,3,4,7,0,0,87,0,87,0,0,90,4,94,76,0,76,170
10/29/2020,WJF,CA,AWP,WE,Federal Contract Tower,0,0,5,0,5,0,0,56,0,56,0,0,61,0,61,76,0,76,137
10/30/2020,WJF,CA,AWP,WE,Federal Contract Tower,0,0,8,4,12,0,0,6,1,7,0,0,14,5,19,114,0,114,133
10/31/2020,WJF,CA,AWP,WE,Federal Contract Tower,0,0,5,0,5,0,0,124,0,124,0,0,129,0,129,104,0,104,233
11/01/2020,WJF,CA,AWP,WE,Federal Contract Tower,0,0,3,0,3,0,0,68,0,68,0,0,71,0,71,68,0,68,139
11/02/2020,WJF,CA,AWP,WE,Federal Contract Tower,0,0,0,0,0,0,0,61,0,61,0,0,61,0,61,34,0,34,95
11/03/2020,WJF,CA,AWP,WE,Federal Contract Tower,0,0,4,4,8,0,0,51,0,51,0,0,55,4,59,56,0,56,115
11/04/2020,WJF,CA,AWP,WE,Federal Contract Tower,0,0,0,6,6,0,0,56,0,56,0,0,56,6,62,20,0,20,82
11/05/2020,WJF,CA,AWP,WE,Federal Contract Tower,0,0,1,10,11,0,0,56,0,56,0,0,57,10,67,4,0,4,71
11/06/2020,WJF,CA,AWP,WE,Federal Contract Tower,0,0,5,0,5,0,0,49,0,49,0,0,54,0,54,92,0,92,146
11/07/2020,WJF,CA,AWP,WE,Federal Contract Tower,0,0,2,0,2,0,0,2,6,8,0,0,4,6,10,0,0,0,10
11/08/2020,WJF,CA,AWP,WE,Federal Contract Tower,0,0,1,0,1,0,0,8,0,8,0,0,9,0,9,26,0,26,35
11/09/2020,WJF,CA,AWP,WE,Federal Contract Tower,0,0,4,12,16,0,0,28,0,28,0,0,32,12,44,14,0,14,58
11/10/2020,WJF,CA,AWP,WE,Federal Contract Tower,0,0,6,10,16,0,0,63,0,63,0,0,69,10,79,82,0,82,161
11/11/2020,WJF,CA,AWP,WE,Federal Contract Tower,0,0,10,0,10,0,0,89,0,89,0,0,99,0,99,104,0,104,203
11/12/2020,WJF,CA,AWP,WE,Federal Contract Tower,0,0,4,0,4,0,0,48,2,50,0,0,52,2,54,48,0,48,102
11/13/2020,WJF,CA,AWP,WE,Federal Contract Tower,0,0,3,2,5,0,0,52,2,54,0,0,55,4,59,50,0,50,109
11/14/2020,WJF,CA,AWP,WE,Federal Contract Tower,0,0,6,0,6,0,0,64,0,64,0,0,70,0,70,70,0,70,140
11/15/2020,WJF,CA,AWP,WE,Federal Contract Tower,0,0,0,0,0,0,0,84,0,84,0,0,84,0,84,124,0,124,208
11/16/2020,WJF,CA,AWP,WE,Federal Contract Tower,0,0,8,0,8,0,0,52,0,52,0,0,60,0,60,6,0,6,66
11/17/2020,WJF,CA,AWP,WE,Federal Contract Tower,0,0,6,4,10,0,0,49,0,49,0,0,55,4,59,104,0,104,163
11/18/2020,WJF,CA,AWP,WE,Federal Contract Tower,0,0,5,0,5,0,0,29,0,29,0,0,34,0,34,0,0,0,34
11/19/2020,WJF,CA,AWP,WE,Federal Contract Tower,0,0,0,0,0,0,0,6,0,6,0,0,6,0,6,0,0,0,6
11/20/2020,WJF,CA,AWP,WE,Federal Contract Tower,0,0,0,0,0,0,0,6,0,6,0,0,6,0,6,20,0,20,26
11/21/2020,WJF,CA,AWP,WE,Federal Contract Tower,0,0,2,0,2,0,0,94,0,94,0,0,96,0,96,138,0,138,234
11/22/2020,WJF,CA,AWP,WE,Federal Contract Tower,0,0,5,0,5,0,0,83,0,83,0,0,88,0,88,206,0,206,294
11/23/2020,WJF,CA,AWP,WE,Federal Contract Tower,0,1,1,0,2,0,0,26,0,26,0,1,27,0,28,10,0,10,38
11/24/2020,WJF,CA,AWP,WE,Federal Contract Tower,0,1,10,0,11,0,1,59,0,60,0,2,69,0,71,216,0,216,287
11/25/2020,WJF,CA,AWP,WE,Federal Contract Tower,0,1,5,0,6,0,1,46,0,47,0,2,51,0,53,110,0,110,163
11/26/2020,WJF,CA,AWP,WE,Federal Contract Tower,0,0,4,0,4,0,0,35,0,35,0,0,39,0,39,64,0,64,103
11/27/2020,WJF,CA,AWP,WE,Federal Contract Tower,0,1,7,0,8,0,1,50,0,51,0,2,57,0,59,112,0,112,171
11/28/2020,WJF,CA,AWP,WE,Federal Contract Tower,0,0,5,0,5,0,0,74,0,74,0,0,79,0,79,124,0,124,203
11/29/2020,WJF,CA,AWP,WE,Federal Contract Tower,0,0,1,0,1,0,0,45,0,45,0,0,46,0,46,129,0,129,175
11/30/2020,WJF,CA,AWP,WE,Federal Contract Tower,0,2,4,0,6,0,0,61,0,61,0,2,65,0,67,62,0,62,129
12/01/2020,WJF,CA,AWP,WE,Federal Contract Tower,0,3,3,2,8,0,1,53,0,54,0,4,56,2,62,86,0,86,148
12/02/2020,WJF,CA,AWP,WE,Federal Contract Tower,0,1,4,0,5,0,1,59,0,60,0,2,63,0,65,56,0,56,121
12/03/2020,WJF,CA,AWP,WE,Federal Contract Tower,0,1,3,0,4,0,1,35,0,36,0,2,38,0,40,38,0,38,78
12/04/2020,WJF,CA,AWP,WE,Federal Contract Tower,0,1,7,0,8,0,1,54,0,55,0,2,61,0,63,108,0,108,171
12/05/2020,WJF,CA,AWP,WE,Federal Contract Tower,0,0,6,0,6,0,0,69,0,69,0,0,75,0,75,142,0,142,217
12/06/2020,WJF,CA,AWP,WE,Federal Contract Tower,0,1,8,0,9,0,0,75,0,75,0,1,83,0,84,146,0,146,230
12/07/2020,WJF,CA,AWP,WE,Federal Contract Tower,0,1,6,0,7,0,1,28,0,29,0,2,34,0,36,52,0,52,88
12/08/2020,WJF,CA,AWP,WE,Federal Contract Tower,0,1,6,2,9,0,1,3,0,4,0,2,9,2,13,30,0,30,43
12/09/2020,WJF,CA,AWP,WE,Federal Contract Tower,0,4,2,0,6,0,1,60,0,61,0,5,62,0,67,82,0,82,149
12/10/2020,WJF,CA,AWP,WE,Federal Contract Tower,0,1,21,1,23,0,1,21,1,23,0,2,42,2,46,128,4,132,178
12/11/2020,WJF,CA,AWP,WE,Federal Contract Tower,0,1,4,0,5,0,1,28,0,29,0,2,32,0,34,62,0,62,96
12/12/2020,WJF,CA,AWP,WE,Federal Contract Tower,0,0,0,0,0,0,0,9,0,9,0,0,9,0,9,0,0,0,9
12/13/2020,WJF,CA,AWP,WE,Federal Contract Tower,0,0,5,0,5,0,0,86,0,86,0,0,91,0,91,184,0,184,275
12/14/2020,WJF,CA,AWP,WE,Federal Contract Tower,0,1,4,0,5,0,1,9,0,10,0,2,13,0,15,0,0,0,15
12/15/2020,WJF,CA,AWP,WE,Federal Contract Tower,0,1,4,0,5,0,1,45,0,46,0,2,49,0,51,130,0,130,181
12/16/2020,WJF,CA,AWP,WE,Federal Contract Tower,0,1,7,0,8,0,1,54,0,55,0,2,61,0,63,238,0,238,301
12/17/2020,WJF,CA,AWP,WE,Federal Contract Tower,0,1,0,0,1,0,1,15,0,16,0,2,15,0,17,80,0,80,97
12/18/2020,WJF,CA,AWP,WE,Federal Contract Tower,0,2,1,2,5,0,2,42,0,44,0,4,43,2,49,80,0,80,129
12/19/2020,WJF,CA,AWP,WE,Federal Contract Tower,0,0,13,0,13,0,0,82,0,82,0,0,95,0,95,140,0,140,235
12/20/2020,WJF,CA,AWP,WE,Federal Contract Tower,0,0,6,0,6,0,0,76,0,76,0,0,82,0,82,92,0,92,174
12/21/2020,WJF,CA,AWP,WE,Federal Contract Tower,0,1,8,0,9,0,1,61,0,62,0,2,69,0,71,118,0,118,189
12/22/2020,WJF,CA,AWP,WE,Federal Contract Tower,0,1,11,1,13,0,1,60,1,62,0,2,71,2,75,56,12,68,143
12/23/2020,WJF,CA,AWP,WE,Federal Contract Tower,0,1,1,0,2,0,1,56,0,57,0,2,57,0,59,124,0,124,183
12/24/2020,WJF,CA,AWP,WE,Federal Contract Tower,0,1,0,0,1,0,1,36,0,37,0,2,36,0,38,74,0,74,112
12/25/2020,WJF,CA,AWP,WE,Federal Contract Tower,0,0,1,0,1,0,0,24,0,24,0,0,25,0,25,20,0,20,45
12/26/2020,WJF,CA,AWP,WE,Federal Contract Tower,0,0,3,0,3,0,0,30,0,30,0,0,33,0,33,32,0,32,65
12/27/2020,WJF,CA,AWP,WE,Federal Contract Tower,0,0,1,0,1,0,0,42,0,42,0,0,43,0,43,116,0,116,159
12/28/2020,WJF,CA,AWP,WE,Federal Contract Tower,0,2,5,4,11,0,0,4,0,4,0,2,9,4,15,0,0,0,15
12/29/2020,WJF,CA,AWP,WE,Federal Contract Tower,0,1,5,0,6,0,1,25,0,26,0,2,30,0,32,34,0,34,66
12/30/2020,WJF,CA,AWP,WE,Federal Contract Tower,0,1,2,0,3,0,1,68,0,69,0,2,70,0,72,90,0,90,162
12/31/2020,WJF,CA,AWP,WE,Federal Contract Tower,0,1,0,0,1,0,1,29,0,30,0,2,29,0,31,32,0,32,63
01/01/2021,WJF,CA,AWP,WE,Federal Contract Tower,0,0,0,0,0,0,2,32,0,34,0,2,32,0,34,98,0,98,132
01/02/2021,WJF,CA,AWP,WE,Federal Contract Tower,0,0,3,0,3,0,0,57,0,57,0,0,60,0,60,52,0,52,112
01/03/2021,WJF,CA,AWP,WE,Federal Contract Tower,0,0,6,0,6,0,0,43,0,43,0,0,49,0,49,52,0,52,101
01/04/2021,WJF,CA,AWP,WE,Federal Contract Tower,0,1,1,0,2,0,1,31,0,32,0,2,32,0,34,78,0,78,112
01/05/2021,WJF,CA,AWP,WE,Federal Contract Tower,0,1,2,2,5,0,1,27,0,28,0,2,29,2,33,8,0,8,41
01/06/2021,WJF,CA,AWP,WE,Federal Contract Tower,0,1,4,2,7,0,1,40,3,44,0,2,44,5,51,84,0,84,135
01/07/2021,WJF,CA,AWP,WE,Federal Contract Tower,0,0,6,5,11,0,1,52,2,55,0,1,58,7,66,58,32,90,156
01/08/2021,WJF,CA,AWP,WE,Federal Contract Tower,0,1,3,0,4,0,1,67,0,68,0,2,70,0,72,122,0,122,194
01/09/2021,WJF,CA,AWP,WE,Federal Contract Tower,0,0,5,0,5,0,0,33,0,33,0,0,38,0,38,96,0,96,134
01/10/2021,WJF,CA,AWP,WE,Federal Contract Tower,0,0,4,0,4,0,0,60,0,60,0,0,64,0,64,114,0,114,178
01/11/2021,WJF,CA,AWP,WE,Federal Contract Tower,0,1,1,2,4,0,1,41,0,42,0,2,42,2,46,60,0,60,106
01/12/2021,WJF,CA,AWP,WE,Federal Contract Tower,0,1,1,9,11,0,1,46,4,51,0,2,47,13,62,110,37,147,209
01/13/2021,WJF,CA,AWP,WE,Federal Contract Tower,0,1,7,5,13,0,1,47,7,55,0,2,54,12,68,116,60,176,244
01/14/2021,WJF,CA,AWP,WE,Federal Contract Tower,0,1,6,6,13,0,1,57,0,58,0,2,63,6,71,78,6,84,155
01/15/2021,WJF,CA,AWP,WE,Federal Contract Tower,0,1,0,0,1,0,1,71,0,72,0,2,71,0,73,116,0,116,189
01/16/2021,WJF,CA,AWP,WE,Federal Contract Tower,0,0,0,0,0,0,0,63,0,63,0,0,63,0,63,120,0,120,183
01/17/2021,WJF,CA,AWP,WE,Federal Contract Tower,0,0,3,0,3,0,0,76,0,76,0,0,79,0,79,146,26,172,251
01/18/2021,WJF,CA,AWP,WE,Federal Contract Tower,0,1,2,0,3,0,1,42,0,43,0,2,44,0,46,58,0,58,104
01/19/2021,WJF,CA,AWP,WE,Federal Contract Tower,0,0,1,0,1,0,0,10,0,10,0,0,11,0,11,0,0,0,11
01/20/2021,WJF,CA,AWP,WE,Federal Contract Tower,0,1,4,7,12,0,1,26,3,30,0,2,30,10,42,30,6,36,78
01/21/2021,WJF,CA,AWP,WE,Federal Contract Tower,0,3,6,4,13,0,1,50,1,52,0,4,56,5,65,206,30,236,301
01/22/2021,WJF,CA,AWP,WE,Federal Contract Tower,0,1,8,3,12,0,2,14,7,23,0,3,22,10,35,66,24,90,125
01/23/2021,WJF,CA,AWP,WE,Federal Contract Tower,0,2,3,0,5,0,0,15,0,15,0,2,18,0,20,74,0,74,94
01/24/2021,WJF,CA,AWP,WE,Federal Contract Tower,0,0,3,0,3,0,0,32,0,32,0,0,35,0,35,34,0,34,69
01/25/2021,WJF,CA,AWP,WE,Federal Contract Tower,0,2,2,0,4,0,0,6,0,6,0,2,8,0,10,0,0,0,10
01/26/2021,WJF,CA,AWP,WE,Federal Contract Tower,0,1,0,8,9,0,1,43,1,45,0,2,43,9,54,68,20,88,142
01/27/2021,WJF,CA,AWP,WE,Federal Contract Tower,0,1,0,4,5,0,1,16,4,21,0,2,16,8,26,20,0,20,46
01/28/2021,WJF,CA,AWP,WE,Federal Contract Tower,0,0,1,10,11,0,1,20,4,25,0,1,21,14,36,56,4,60,96
01/29/2021,WJF,CA,AWP,WE,Federal Contract Tower,0,3,2,8,13,0,1,6,0,7,0,4,8,8,20,16,0,16,36
01/30/2021,WJF,CA,AWP,WE,Federal Contract Tower,0,3,4,0,7,0,0,105,0,105,0,3,109,0,112,128,0,128,240
01/31/2021,WJF,CA,AWP,WE,Federal Contract Tower,0,0,3,0,3,0,0,60,0,60,0,0,63,0,63,40,0,40,103
02/01/2021,WJF,CA,AWP,WE,Federal Contract Tower,0,1,6,0,7,0,1,44,0,45,0,2,50,0,52,30,0,30,82
02/02/2021,WJF,CA,AWP,WE,Federal Contract Tower,0,0,5,0,5,0,1,50,2,53,0,1,55,2,58,54,4,58,116
02/03/2021,WJF,CA,AWP,WE,Federal Contract Tower,0,1,5,0,6,0,1,24,0,25,0,2,29,0,31,48,0,48,79
02/04/2021,WJF,CA,AWP,WE,Federal Contract Tower,0,1,5,0,6,0,1,51,0,52,0,2,56,0,58,182,0,182,240
02/05/2021,WJF,CA,AWP,WE,Federal Contract Tower,0,1,5,0,6,0,1,112,0,113,0,2,117,0,119,162,0,162,281
02/06/2021,WJF,CA,AWP,WE,Federal Contract Tower,0,0,6,2,8,0,0,121,0,121,0,0,127,2,129,228,2,230,359
02/07/2021,WJF,CA,AWP,WE,Federal Contract Tower,0,0,0,0,0,0,0,70,0,70,0,0,70,0,70,116,0,116,186
02/08/2021,WJF,CA,AWP,WE,Federal Contract Tower,0,1,7,0,8,0,1,36,0,37,0,2,43,0,45,124,0,124,169
02/09/2021,WJF,CA,AWP,WE,Federal Contract Tower,0,1,7,3,11,0,1,35,0,36,0,2,42,3,47,96,16,112,159
02/10/2021,WJF,CA,AWP,WE,Federal Contract Tower,0,3,1,0,4,0,1,62,4,67,0,4,63,4,71,62,0,62,133
02/11/2021,WJF,CA,AWP,WE,Federal Contract Tower,0,3,8,4,15,0,0,47,2,49,0,3,55,6,64,188,8,196,260
02/12/2021,WJF,CA,AWP,WE,Federal Contract Tower,0,1,3,0,4,0,1,8,0,9,0,2,11,0,13,2,0,2,15
02/13/2021,WJF,CA,AWP,WE,Federal Contract Tower,0,0,0,0,0,0,0,15,0,15,0,0,15,0,15,40,0,40,55
02/14/2021,WJF,CA,AWP,WE,Federal Contract Tower,0,0,5,0,5,0,0,9,0,9,0,0,14,0,14,6,0,6,20
02/15/2021,WJF,CA,AWP,WE,Federal Contract Tower,0,1,3,0,4,0,1,19,0,20,0,2,22,0,24,30,0,30,54
02/16/2021,WJF,CA,AWP,WE,Federal Contract Tower,0,0,2,0,2,0,1,24,0,25,0,1,26,0,27,44,0,44,71
02/17/2021,WJF,CA,AWP,WE,Federal Contract Tower,0,1,7,6,14,0,1,39,0,40,0,2,46,6,54,8,14,22,76
02/18/2021,WJF,CA,AWP,WE,Federal Contract Tower,0,6,11,0,17,0,3,57,0,60,0,9,68,0,77,144,0,144,221
02/19/2021,WJF,CA,AWP,WE,Federal Contract Tower,0,1,9,0,10,0,1,69,0,70,0,2,78,0,80,142,0,142,222
02/20/2021,WJF,CA,AWP,WE,Federal Contract Tower,0,0,0,0,0,0,0,21,0,21,0,0,21,0,21,0,0,0,21
02/21/2021,WJF,CA,AWP,WE,Federal Contract Tower,0,0,2,0,2,0,0,71,0,71,0,0,73,0,73,68,0,68,141
02/22/2021,WJF,CA,AWP,WE,Federal Contract Tower,0,1,9,6,16,0,1,47,0,48,0,2,56,6,64,78,0,78,142
02/23/2021,WJF,CA,AWP,WE,Federal Contract Tower,0,1,12,0,13,0,1,106,0,107,0,2,118,0,120,150,0,150,270
02/24/2021,WJF,CA,AWP,WE,Federal Contract Tower,0,0,12,2,14,0,0,42,2,44,0,0,54,4,58,94,0,94,152
02/25/2021,WJF,CA,AWP,WE,Federal Contract Tower,0,2,1,1,4,0,1,27,0,28,0,3,28,1,32,61,2,63,95
02/26/2021,WJF,CA,AWP,WE,Federal Contract Tower,0,1,0,2,3,0,1,61,0,62,0,2,61,2,65,58,0,58,123
02/27/2021,WJF,CA,AWP,WE,Federal Contract Tower,0,0,3,0,3,0,0,29,0,29,0,0,32,0,32,0,0,0,32
02/28/2021,WJF,CA,AWP,WE,Federal Contract Tower,0,0,5,0,5,0,0,46,0,46,0,0,51,0,51,58,0,58,109
03/01/2021,WJF,CA,AWP,WE,Federal Contract Tower,0,1,7,2,10,0,1,43,2,46,0,2,50,4,56,26,0,26,82
03/02/2021,WJF,CA,AWP,WE,Federal Contract Tower,0,1,4,4,9,0,1,41,2,44,0,2,45,6,53,34,46,80,133
03/03/2021,WJF,CA,AWP,WE,Federal Contract Tower,0,1,2,0,3,0,1,43,0,44,0,2,45,0,47,31,0,31,78
03/04/2021,WJF,CA,AWP,WE,Federal Contract Tower,0,1,2,3,6,0,1,104,0,105,0,2,106,3,111,106,14,120,231
03/05/2021,WJF,CA,AWP,WE,Federal Contract Tower,0,1,13,0,14,0,1,113,0,114,0,2,126,0,128,132,0,132,260
03/06/2021,WJF,CA,AWP,WE,Federal Contract Tower,0,0,3,0,3,0,0,76,0,76,0,0,79,0,79,77,0,77,156
03/07/2021,WJF,CA,AWP,WE,Federal Contract Tower,0,0,3,0,3,0,1,62,0,63,0,1,65,0,66,74,0,74,140
03/08/2021,WJF,CA,AWP,WE,Federal Contract Tower,0,2,5,6,13,0,1,24,1,26,0,3,29,7,39,4,12,16,55
03/09/2021,WJF,CA,AWP,WE,Federal Contract Tower,0,1,0,4,5,0,1,14,0,15,0,2,14,4,20,10,0,10,30
03/10/2021,WJF,CA,AWP,WE,Federal Contract Tower,0,2,0,0,2,0,0,1,0,1,0,2,1,0,3,0,0,0,3
03/11/2021,WJF,CA,AWP,WE,Federal Contract Tower,0,2,3,6,11,0,0,17,0,17,0,2,20,6,28,70,0,70,98
03/12/2021,WJF,CA,AWP,WE,Federal Contract Tower,0,2,2,2,6,0,0,36,0,36,0,2,38,2,42,40,0,40,82
03/13/2021,WJF,CA,AWP,WE,Federal Contract Tower,0,0,2,2,4,0,0,34,0,34,0,0,36,2,38,28,0,28,66
03/14/2021,WJF,CA,AWP,WE,Federal Contract Tower,0,0,4,0,4,0,0,43,0,43,0,0,47,0,47,66,0,66,113
03/15/2021,WJF,CA,AWP,WE,Federal Contract Tower,0,2,2,0,4,0,0,2,0,2,0,2,4,0,6,0,0,0,6
03/16/2021,WJF,CA,AWP,WE,Federal Contract Tower,0,2,10,0,12,0,0,36,0,36,0,2,46,0,48,52,0,52,100
03/17/2021,WJF,CA,AWP,WE,Federal Contract Tower,0,1,1,2,4,0,1,105,0,106,0,2,106,2,110,138,0,138,248
03/18/2021,WJF,CA,AWP,WE,Federal Contract Tower,0,1,6,0,7,0,1,60,0,61,0,2,66,0,68,138,0,138,206
03/19/2021,WJF,CA,AWP,WE,Federal Contract Tower,0,1,9,0,10,0,3,69,0,72,0,4,78,0,82,142,0,142,224
03/20/2021,WJF,CA,AWP,WE,Federal Contract Tower,0,0,4,0,4,0,0,21,0,21,0,0,25,0,25,0,0,0,25
03/21/2021,WJF,CA,AWP,WE,Federal Contract Tower,0,0,3,0,3,0,0,43,0,43,0,0,46,0,46,44,0,44,90
03/22/2021,WJF,CA,AWP,WE,Federal Contract Tower,0,1,3,2,6,0,1,30,2,33,0,2,33,4,39,16,2,18,57
03/23/2021,WJF,CA,AWP,WE,Federal Contract Tower,0,2,0,0,2,0,0,13,0,13,0,2,13,0,15,56,0,56,71
03/24/2021,WJF,CA,AWP,WE,Federal Contract Tower,0,1,2,8,11,0,1,80,6,87,0,2,82,14,98,58,0,58,156
03/25/2021,WJF,CA,AWP,WE,Federal Contract Tower,0,1,8,2,11,0,1,27,0,28,0,2,35,2,39,6,0,6,45
03/26/2021,WJF,CA,AWP,WE,Federal Contract Tower,0,2,11,5,18,0,0,79,6,85,0,2,90,11,103,118,2,120,223
03/27/2021,WJF,CA,AWP,WE,Federal Contract Tower,0,0,14,0,14,0,0,124,0,124,0,0,138,0,138,114,0,114,252
03/28/2021,WJF,CA,AWP,WE,Federal Contract Tower,0,0,6,0,6,0,0,166,0,166,0,0,172,0,172,162,0,162,334
03/29/2021,WJF,CA,AWP,WE,Federal Contract Tower,0,0,7,0,7,0,1,36,0,37,0,1,43,0,44,22,0,22,66
03/30/2021,WJF,CA,AWP,WE,Federal Contract Tower,0,1,4,0,5,0,2,62,0,64,0,3,66,0,69,48,0,48,117
03/31/2021,WJF,CA,AWP,WE,Federal Contract Tower,0,1,4,2,7,0,1,36,4,41,0,2,40,6,48,50,4,54,102
04/01/2021,WJF,CA,AWP,WE,Federal Contract Tower,0,2,4,4,10,0,1,60,10,71,0,3,64,14,81,138,0,138,219
04/02/2021,WJF,CA,AWP,WE,Federal Contract Tower,0,1,8,0,9,0,1,80,0,81,0,2,88,0,90,86,0,86,176
04/03/2021,WJF,CA,AWP,WE,Federal Contract Tower,0,0,11,0,11,0,0,86,0,86,0,0,97,0,97,142,0,142,239
04/04/2021,WJF,CA,AWP,WE,Federal Contract Tower,0,0,2,0,2,0,0,29,0,29,0,0,31,0,31,50,0,50,81
04/05/2021,WJF,CA,AWP,WE,Federal Contract Tower,0,1,0,4,5,0,1,22,0,23,0,2,22,4,28,38,10,48,76
04/06/2021,WJF,CA,AWP,WE,Federal Contract Tower,0,1,7,4,12,0,1,93,0,94,0,2,100,4,106,310,0,310,416
04/07/2021,WJF,CA,AWP,WE,Federal Contract Tower,0,4,1,3,8,0,2,47,1,50,0,6,48,4,58,90,0,90,148
04/08/2021,WJF,CA,AWP,WE,Federal Contract Tower,0,1,6,0,7,0,1,23,0,24,0,2,29,0,31,39,0,39,70
04/09/2021,WJF,CA,AWP,WE,Federal Contract Tower,0,1,1,5,7,0,6,70,1,77,0,7,71,6,84,62,2,64,148
04/10/2021,WJF,CA,AWP,WE,Federal Contract Tower,0,0,2,0,2,0,0,68,0,68,0,0,70,0,70,130,0,130,200
04/11/2021,WJF,CA,AWP,WE,Federal Contract Tower,0,0,5,0,5,0,0,70,0,70,0,0,75,0,75,122,0,122,197
04/12/2021,WJF,CA,AWP,WE,Federal Contract Tower,0,1,3,0,4,0,1,44,0,45,0,2,47,0,49,162,0,162,211
04/13/2021,WJF,CA,AWP,WE,Federal Contract Tower,0,1,9,4,14,0,1,13,0,14,0,2,22,4,28,13,0,13,41
04/14/2021,WJF,CA,AWP,WE,Federal Contract Tower,0,1,5,4,10,0,1,27,0,28,0,2,32,4,38,66,0,66,104
04/15/2021,WJF,CA,AWP,WE,Federal Contract Tower,0,1,4,0,5,0,0,44,1,45,0,1,48,1,50,50,0,50,100
04/16/2021,WJF,CA,AWP,WE,Federal Contract Tower,0,1,5,4,10,0,1,84,0,85,0,2,89,4,95,72,0,72,167
04/17/2021,WJF,CA,AWP,WE,Federal Contract Tower,0,0,5,0,5,0,0,83,0,83,0,0,88,0,88,100,0,100,188
04/18/2021,WJF,CA,AWP,WE,Federal Contract Tower,0,0,9,0,9,0,0,38,0,38,0,0,47,0,47,36,0,36,83
04/19/2021,WJF,CA,AWP,WE,Federal Contract Tower,0,1,4,0,5,0,1,37,0,38,0,2,41,0,43,112,0,112,155
04/20/2021,WJF,CA,AWP,WE,Federal Contract Tower,0,1,2,0,3,0,1,36,0,37,0,2,38,0,40,10,0,10,50
04/21/2021,WJF,CA,AWP,WE,Federal Contract Tower,0,1,6,1,8,0,1,21,3,25,0,2,27,4,33,2,0,2,35
04/22/2021,WJF,CA,AWP,WE,Federal Contract Tower,0,1,3,0,4,0,1,30,0,31,0,2,33,0,35,18,6,24,59
04/23/2021,WJF,CA,AWP,WE,Federal Contract Tower,0,1,9,2,12,0,6,32,0,38,0,7,41,2,50,98,0,98,148
04/24/2021,WJF,CA,AWP,WE,Federal Contract Tower,0,0,1,0,1,0,0,38,0,38,0,0,39,0,39,24,0,24,63
04/25/2021,WJF,CA,AWP,WE,Federal Contract Tower,0,0,3,0,3,0,0,12,0,12,0,0,15,0,15,2,0,2,17
04/26/2021,WJF,CA,AWP,WE,Federal Contract Tower,0,0,3,0,3,0,2,25,0,27,0,2,28,0,30,12,0,12,42
04/27/2021,WJF,CA,AWP,WE,Federal Contract Tower,0,2,2,0,4,0,0,38,0,38,0,2,40,0,42,74,0,74,116
04/28/2021,WJF,CA,AWP,WE,Federal Contract Tower,0,1,5,0,6,0,1,125,0,126,0,2,130,0,132,118,0,118,250
04/29/2021,WJF,CA,AWP,WE,Federal Contract Tower,0,1,8,8,17,0,1,80,0,81,0,2,88,8,98,78,8,86,184
04/30/2021,WJF,CA,AWP,WE,Federal Contract Tower,0,0,11,0,11,0,1,75,0,76,0,1,86,0,87,120,0,120,207
05/01/2021,WJF,CA,AWP,WE,Federal Contract Tower,0,0,3,0,3,0,0,54,0,54,0,0,57,0,57,72,0,72,129
05/02/2021,WJF,CA,AWP,WE,Federal Contract Tower,0,0,4,0,4,0,0,17,0,17,0,0,21,0,21,22,0,22,43
05/03/2021,WJF,CA,AWP,WE,Federal Contract Tower,0,1,1,4,6,0,1,37,3,41,0,2,38,7,47,36,2,38,85
05/04/2021,WJF,CA,AWP,WE,Federal Contract Tower,0,1,4,8,13,0,1,92,0,93,0,2,96,8,106,134,0,134,240
05/05/2021,WJF,CA,AWP,WE,Federal Contract Tower,0,1,15,0,16,0,1,57,6,64,0,2,72,6,80,84,0,84,164
05/06/2021,WJF,CA,AWP,WE,Federal Contract Tower,0,1,5,4,10,0,1,40,8,49,0,2,45,12,59,66,0,66,125
05/07/2021,WJF,CA,AWP,WE,Federal Contract Tower,0,1,2,0,3,0,1,45,2,48,0,2,47,2,51,134,0,134,185
05/08/2021,WJF,CA,AWP,WE,Federal Contract Tower,0,0,10,0,10,0,0,110,0,110,0,0,120,0,120,142,0,142,262
05/09/2021,WJF,CA,AWP,WE,Federal Contract Tower,0,0,2,0,2,0,0,58,0,58,0,0,60,0,60,66,0,66,126
05/10/2021,WJF,CA,AWP,WE,Federal Contract Tower,0,3,0,0,3,0,1,34,0,35,0,4,34,0,38,72,2,74,112
05/11/2021,WJF,CA,AWP,WE,Federal Contract Tower,0,1,12,0,13,0,1,59,0,60,0,2,71,0,73,84,0,84,157
05/12/2021,WJF,CA,AWP,WE,Federal Contract Tower,0,1,16,0,17,0,1,68,0,69,0,2,84,0,86,86,0,86,172
05/13/2021,WJF,CA,AWP,WE,Federal Contract Tower,0,1,9,0,10,0,1,37,0,38,0,2,46,0,48,72,0,72,120
05/14/2021,WJF,CA,AWP,WE,Federal Contract Tower,0,1,7,2,10,0,1,69,0,70,0,2,76,2,80,94,0,94,174
05/15/2021,WJF,CA,AWP,WE,Federal Contract Tower,0,0,3,0,3,0,0,36,0,36,0,0,39,0,39,48,0,48,87
05/16/2021,WJF,CA,AWP,WE,Federal Contract Tower,0,0,1,0,1,0,0,22,0,22,0,0,23,0,23,12,0,12,35
05/17/2021,WJF,CA,AWP,WE,Federal Contract Tower,0,1,2,0,3,0,1,51,0,52,0,2,53,0,55,16,0,16,71
05/18/2021,WJF,CA,AWP,WE,Federal Contract Tower,0,2,2,0,4,0,1,16,0,17,0,3,18,0,21,22,0,22,43
05/19/2021,WJF,CA,AWP,WE,Federal Contract Tower,0,1,3,0,4,0,1,16,0,17,0,2,19,0,21,8,0,8,29
05/20/2021,WJF,CA,AWP,WE,Federal Contract Tower,0,0,4,0,4,0,0,19,0,19,0,0,23,0,23,2,0,2,25
05/21/2021,WJF,CA,AWP,WE,Federal Contract Tower,0,1,0,0,1,0,1,36,0,37,0,2,36,0,38,32,0,32,70
05/22/2021,WJF,CA,AWP,WE,Federal Contract Tower,0,0,3,0,3,0,0,70,0,70,0,0,73,0,73,142,0,142,215
05/23/2021,WJF,CA,AWP,WE,Federal Contract Tower,0,0,3,0,3,0,0,78,0,78,0,0,81,0,81,124,0,124,205
05/24/2021,WJF,CA,AWP,WE,Federal Contract Tower,0,1,0,0,1,0,1,65,2,68,0,2,65,2,69,90,2,92,161
05/25/2021,WJF,CA,AWP,WE,Federal Contract Tower,0,1,11,0,12,0,1,54,0,55,0,2,65,0,67,34,0,34,101
05/26/2021,WJF,CA,AWP,WE,Federal Contract Tower,0,1,4,0,5,0,1,45,1,47,0,2,49,1,52,66,0,66,118
05/27/2021,WJF,CA,AWP,WE,Federal Contract Tower,0,0,9,7,16,0,0,55,1,56,0,0,64,8,72,68,0,68,140
05/28/2021,WJF,CA,AWP,WE,Federal Contract Tower,0,1,1,0,2,0,1,77,0,78,0,2,78,0,80,90,0,90,170
05/29/2021,WJF,CA,AWP,WE,Federal Contract Tower,0,1,3,0,4,0,1,58,0,59,0,2,61,0,63,120,0,120,183
05/30/2021,WJF,CA,AWP,WE,Federal Contract Tower,0,0,1,0,1,0,0,68,0,68,0,0,69,0,69,44,0,44,113
05/31/2021,WJF,CA,AWP,WE,Federal Contract Tower,0,0,3,0,3,0,0,59,0,59,0,0,62,0,62,36,0,36,98
06/01/2021,WJF,CA,AWP,WE,Federal Contract Tower,0,3,5,8,16,0,1,65,5,71,0,4,70,13,87,98,2,100,187
06/02/2021,WJF,CA,AWP,WE,Federal Contract Tower,0,1,5,4,10,0,1,46,4,51,0,2,51,8,61,54,0,54,115
06/03/2021,WJF,CA,AWP,WE,Federal Contract Tower,0,1,4,2,7,0,1,60,2,63,0,2,64,4,70,60,0,60,130
06/04/2021,WJF,CA,AWP,WE,Federal Contract Tower,0,2,5,4,11,0,1,83,2,86,0,3,88,6,97,104,0,104,201
06/05/2021,WJF,CA,AWP,WE,Federal Contract Tower,0,0,7,0,7,0,0,107,0,107,0,0,114,0,114,62,0,62,176
06/06/2021,WJF,CA,AWP,WE,Federal Contract Tower,0,0,0,0,0,0,0,35,0,35,0,0,35,0,35,16,0,16,51
06/07/2021,WJF,CA,AWP,WE,Federal Contract Tower,0,1,6,0,7,0,1,30,0,31,0,2,36,0,38,2,0,2,40
06/08/2021,WJF,CA,AWP,WE,Federal Contract Tower,0,3,0,6,9,0,1,29,0,30,0,4,29,6,39,16,16,32,71
06/09/2021,WJF,CA,AWP,WE,Federal Contract Tower,0,1,4,0,5,0,1,66,0,67,0,2,70,0,72,64,0,64,136
06/10/2021,WJF,CA,AWP,WE,Federal Contract Tower,0,1,0,0,1,0,1,80,0,81,0,2,80,0,82,88,0,88,170
06/11/2021,WJF,CA,AWP,WE,Federal Contract Tower,0,1,3,0,4,0,1,100,0,101,0,2,103,0,105,98,0,98,203
06/12/2021,WJF,CA,AWP,WE,Federal Contract Tower,0,0,9,0,9,0,0,153,0,153,0,0,162,0,162,156,0,156,318
06/13/2021,WJF,CA,AWP,WE,Federal Contract Tower,0,0,10,0,10,0,0,88,0,88,0,0,98,0,98,122,0,122,220
06/14/2021,WJF,CA,AWP,WE,Federal Contract Tower,0,1,2,0,3,0,1,44,0,45,0,2,46,0,48,12,0,12,60
06/15/2021,WJF,CA,AWP,WE,Federal Contract Tower,0,2,5,0,7,0,2,55,0,57,0,4,60,0,64,60,0,60,124
06/16/2021,WJF,CA,AWP,WE,Federal Contract Tower,0,1,4,0,5,0,1,58,0,59,0,2,62,0,64,54,0,54,118
06/17/2021,WJF,CA,AWP,WE,Federal Contract Tower,0,1,3,2,6,0,1,73,0,74,0,2,76,2,80,46,2,48,128
06/18/2021,WJF,CA,AWP,WE,Federal Contract Tower,0,1,20,0,21,0,1,62,0,63,0,2,82,0,84,30,0,30,114
06/19/2021,WJF,CA,AWP,WE,Federal Contract Tower,0,0,6,0,6,0,0,100,0,100,0,0,106,0,106,120,0,120,226
06/21/2021,WJF,CA,AWP,WE,Federal Contract Tower,0,1,4,0,5,0,0,45,4,49,0,1,49,4,54,54,0,54,108
06/22/2021,WJF,CA,AWP,WE,Federal Contract Tower,0,1,10,2,13,0,1,34,0,35,0,2,44,2,48,96,0,96,144
06/23/2021,WJF,CA,AWP,WE,Federal Contract Tower,0,1,6,0,7,0,1,39,0,40,0,2,45,0,47,24,0,24,71
06/24/2021,WJF,CA,AWP,WE,Federal Contract Tower,0,4,5,2,11,0,0,48,0,48,0,4,53,2,59,44,4,48,107
06/25/2021,WJF,CA,AWP,WE,Federal Contract Tower,0,1,6,0,7,0,1,77,0,78,0,2,83,0,85,60,0,60,145
06/26/2021,WJF,CA,AWP,WE,Federal Contract Tower,0,0,1,0,1,0,0,118,0,118,0,0,119,0,119,90,0,90,209
06/27/2021,WJF,CA,AWP,WE,Federal Contract Tower,0,0,3,0,3,0,0,105,0,105,0,0,108,0,108,42,0,42,150
06/28/2021,WJF,CA,AWP,WE,Federal Contract Tower,0,0,2,2,4,0,0,44,0,44,0,0,46,2,48,32,0,32,80
06/29/2021,WJF,CA,AWP,WE,Federal Contract Tower,0,2,6,0,8,0,0,49,0,49,0,2,55,0,57,60,0,60,117
06/30/2021,WJF,CA,AWP,WE,Federal Contract Tower,0,7,10,0,17,0,1,96,0,97,0,8,106,0,114,72,0,72,186
07/01/2021,WJF,CA,AWP,WE,Federal Contract Tower,0,1,8,6,15,0,1,68,0,69,0,2,76,6,84,68,0,68,152
07/02/2021,WJF,CA,AWP,WE,Federal Contract Tower,0,1,3,0,4,0,1,77,0,78,0,2,80,0,82,40,0,40,122
07/03/2021,WJF,CA,AWP,WE,Federal Contract Tower,0,0,3,0,3,0,0,70,0,70,0,0,73,0,73,70,0,70,143
07/04/2021,WJF,CA,AWP,WE,Federal Contract Tower,0,0,2,0,2,0,0,124,0,124,0,0,126,0,126,26,0,26,152
07/05/2021,WJF,CA,AWP,WE,Federal Contract Tower,0,0,7,0,7,0,0,40,0,40,0,0,47,0,47,66,0,66,113
07/06/2021,WJF,CA,AWP,WE,Federal Contract Tower,0,1,1,8,10,0,1,58,0,59,0,2,59,8,69,68,0,68,137
07/07/2021,WJF,CA,AWP,WE,Federal Contract Tower,0,1,2,2,5,0,1,55,0,56,0,2,57,2,61,80,0,80,141
07/08/2021,WJF,CA,AWP,WE,Federal Contract Tower,0,3,0,0,3,0,1,54,0,55,0,4,54,0,58,66,0,66,124
07/09/2021,WJF,CA,AWP,WE,Federal Contract Tower,0,0,5,0,5,0,1,53,0,54,0,1,58,0,59,66,0,66,125
07/10/2021,WJF,CA,AWP,WE,Federal Contract Tower,0,0,1,0,1,0,0,61,0,61,0,0,62,0,62,114,0,114,176
07/11/2021,WJF,CA,AWP,WE,Federal Contract Tower,0,0,0,0,0,0,0,23,0,23,0,0,23,0,23,10,0,10,33
07/12/2021,WJF,CA,AWP,WE,Federal Contract Tower,0,1,1,0,2,0,1,21,0,22,0,2,22,0,24,18,0,18,42
07/13/2021,WJF,CA,AWP,WE,Federal Contract Tower,0,1,3,0,4,0,1,34,0,35,0,2,37,0,39,56,0,56,95
07/14/2021,WJF,CA,AWP,WE,Federal Contract Tower,0,1,10,0,11,0,1,35,0,36,0,2,45,0,47,26,0,26,73
07/15/2021,WJF,CA,AWP,WE,Federal Contract Tower,0,1,7,0,8,0,1,67,0,68,0,2,74,0,76,62,0,62,138
07/16/2021,WJF,CA,AWP,WE,Federal Contract Tower,0,1,2,2,5,0,1,58,0,59,0,2,60,2,64,64,0,64,128
07/17/2021,WJF,CA,AWP,WE,Federal Contract Tower,0,0,7,0,7,0,0,63,0,63,0,0,70,0,70,34,0,34,104
07/18/2021,WJF,CA,AWP,WE,Federal Contract Tower,0,0,2,0,2,0,0,44,0,44,0,0,46,0,46,72,0,72,118
07/19/2021,WJF,CA,AWP,WE,Federal Contract Tower,0,1,1,2,4,0,1,37,0,38,0,2,38,2,42,74,0,74,116
07/20/2021,WJF,CA,AWP,WE,Federal Contract Tower,0,3,7,0,10,0,1,106,0,107,0,4,113,0,117,82,0,82,199
07/21/2021,WJF,CA,AWP,WE,Federal Contract Tower,0,1,19,0,20,0,1,68,2,71,0,2,87,2,91,78,0,78,169
07/22/2021,WJF,CA,AWP,WE,Federal Contract Tower,0,1,3,0,4,0,1,89,0,90,0,2,92,0,94,66,14,80,174
07/23/2021,WJF,CA,AWP,WE,Federal Contract Tower,0,1,3,0,4,0,1,77,0,78,0,2,80,0,82,72,0,72,154
07/24/2021,WJF,CA,AWP,WE,Federal Contract Tower,0,0,2,0,2,0,0,83,0,83,0,0,85,0,85,76,0,76,161
07/25/2021,WJF,CA,AWP,WE,Federal Contract Tower,0,0,6,0,6,0,0,57,0,57,0,0,63,0,63,64,0,64,127
07/26/2021,WJF,CA,AWP,WE,Federal Contract Tower,0,4,1,2,7,0,0,31,0,31,0,4,32,2,38,42,10,52,90
07/27/2021,WJF,CA,AWP,WE,Federal Contract Tower,0,1,2,0,3,0,1,44,0,45,0,2,46,0,48,60,0,60,108
07/28/2021,WJF,CA,AWP,WE,Federal Contract Tower,0,1,0,0,1,0,1,55,0,56,0,2,55,0,57,74,0,74,131
07/29/2021,WJF,CA,AWP,WE,Federal Contract Tower,0,1,8,4,13,0,1,52,0,53,0,2,60,4,66,88,0,88,154
07/30/2021,WJF,CA,AWP,WE,Federal Contract Tower,0,2,7,5,14,0,1,84,1,86,0,3,91,6,100,66,10,76,176
07/31/2021,WJF,CA,AWP,WE,Federal Contract Tower,0,0,5,0,5,0,0,105,0,105,0,0,110,0,110,90,0,90,200
08/01/2021,WJF,CA,AWP,WE,Federal Contract Tower,0,0,0,0,0,0,0,57,0,57,0,0,57,0,57,80,0,80,137
08/02/2021,WJF,CA,AWP,WE,Federal Contract Tower,0,2,0,2,4,0,0,57,0,57,0,2,57,2,61,20,4,24,85
08/03/2021,WJF,CA,AWP,WE,Federal Contract Tower,0,1,1,0,2,0,1,54,0,55,0,2,55,0,57,38,0,38,95
08/04/2021,WJF,CA,AWP,WE,Federal Contract Tower,0,1,12,0,13,0,1,58,2,61,0,2,70,2,74,30,0,30,104
08/05/2021,WJF,CA,AWP,WE,Federal Contract Tower,0,1,7,8,16,0,1,47,0,48,0,2,54,8,64,36,0,36,100
08/06/2021,WJF,CA,AWP,WE,Federal Contract Tower,0,1,7,0,8,0,1,56,0,57,0,2,63,0,65,80,0,80,145
08/07/2021,WJF,CA,AWP,WE,Federal Contract Tower,0,0,6,0,6,0,0,67,0,67,0,0,73,0,73,114,0,114,187
08/08/2021,WJF,CA,AWP,WE,Federal Contract Tower,0,0,4,0,4,0,0,53,0,53,0,0,57,0,57,80,0,80,137
08/09/2021,WJF,CA,AWP,WE,Federal Contract Tower,0,1,10,2,13,0,1,33,2,36,0,2,43,4,49,44,4,48,97
08/10/2021,WJF,CA,AWP,WE,Federal Contract Tower,0,2,7,5,14,0,1,37,2,40,0,3,44,7,54,62,10,72,126
08/11/2021,WJF,CA,AWP,WE,Federal Contract Tower,0,1,4,0,5,0,1,48,3,52,0,2,52,3,57,64,0,64,121
08/12/2021,WJF,CA,AWP,WE,Federal Contract Tower,0,1,6,1,8,0,1,52,5,58,0,2,58,6,66,22,8,30,96
08/13/2021,WJF,CA,AWP,WE,Federal Contract Tower,0,1,7,4,12,0,1,52,0,53,0,2,59,4,65,66,0,66,131
08/14/2021,WJF,CA,AWP,WE,Federal Contract Tower,0,0,3,0,3,0,0,79,0,79,0,0,82,0,82,116,0,116,198
08/15/2021,WJF,CA,AWP,WE,Federal Contract Tower,0,0,4,0,4,0,0,46,0,46,0,0,50,0,50,58,0,58,108
08/16/2021,WJF,CA,AWP,WE,Federal Contract Tower,0,1,1,0,2,0,1,19,0,20,0,2,20,0,22,36,0,36,58
08/17/2021,WJF,CA,AWP,WE,Federal Contract Tower,0,1,6,2,9,0,1,25,2,28,0,2,31,4,37,0,2,2,39
08/18/2021,WJF,CA,AWP,WE,Federal Contract Tower,0,1,2,1,4,0,1,11,1,13,0,2,13,2,17,6,4,10,27
08/19/2021,WJF,CA,AWP,WE,Federal Contract Tower,0,1,7,0,8,0,1,55,0,56,0,2,62,0,64,76,0,76,140
08/20/2021,WJF,CA,AWP,WE,Federal Contract Tower,0,1,20,4,25,0,2,87,0,89,0,3,107,4,114,198,0,198,312
08/21/2021,WJF,CA,AWP,WE,Federal Contract Tower,0,0,6,0,6,0,0,64,0,64,0,0,70,0,70,52,0,52,122
08/22/2021,WJF,CA,AWP,WE,Federal Contract Tower,0,0,2,0,2,0,0,55,0,55,0,0,57,0,57,84,0,84,141
08/23/2021,WJF,CA,AWP,WE,Federal Contract Tower,0,1,4,4,9,0,1,50,0,51,0,2,54,4,60,52,4,56,116
08/24/2021,WJF,CA,AWP,WE,Federal Contract Tower,0,1,9,0,10,0,1,39,0,40,0,2,48,0,50,52,0,52,102
08/25/2021,WJF,CA,AWP,WE,Federal Contract Tower,0,1,3,0,4,0,1,65,0,66,0,2,68,0,70,88,0,88,158
08/26/2021,WJF,CA,AWP,WE,Federal Contract Tower,0,1,0,0,1,0,1,52,0,53,0,2,52,0,54,58,0,58,112
08/27/2021,WJF,CA,AWP,WE,Federal Contract Tower,0,1,5,2,8,0,1,79,0,80,0,2,84,2,88,62,0,62,150
08/28/2021,WJF,CA,AWP,WE,Federal Contract Tower,0,1,6,0,7,0,0,68,0,68,0,1,74,0,75,128,0,128,203
08/29/2021,WJF,CA,AWP,WE,Federal Contract Tower,0,0,7,0,7,0,0,82,0,82,0,0,89,0,89,81,1,82,171
08/30/2021,WJF,CA,AWP,WE,Federal Contract Tower,0,1,3,1,5,0,1,46,0,47,0,2,49,1,52,28,0,28,80
08/31/2021,WJF,CA,AWP,WE,Federal Contract Tower,0,1,5,0,6,0,1,32,0,33,0,2,37,0,39,60,0,60,99
09/01/2021,WJF,CA,AWP,WE,Federal Contract Tower,0,3,2,0,5,0,1,36,0,37,0,4,38,0,42,32,0,32,74
09/02/2021,WJF,CA,AWP,WE,Federal Contract Tower,0,1,5,0,6,0,1,44,0,45,0,2,49,0,51,18,0,18,69
09/03/2021,WJF,CA,AWP,WE,Federal Contract Tower,0,1,4,0,5,0,1,62,0,63,0,2,66,0,68,64,0,64,132
09/04/2021,WJF,CA,AWP,WE,Federal Contract Tower,0,0,8,0,8,0,0,73,0,73,0,0,81,0,81,30,0,30,111
09/05/2021,WJF,CA,AWP,WE,Federal Contract Tower,0,0,0,0,0,0,2,61,0,63,0,2,61,0,63,68,0,68,131
09/06/2021,WJF,CA,AWP,WE,Federal Contract Tower,0,0,6,0,6,0,0,54,0,54,0,0,60,0,60,110,0,110,170
09/07/2021,WJF,CA,AWP,WE,Federal Contract Tower,0,1,3,2,6,0,1,24,2,27,0,2,27,4,33,30,0,30,63
09/08/2021,WJF,CA,AWP,WE,Federal Contract Tower,0,4,10,6,20,0,1,41,2,44,0,5,51,8,64,60,0,60,124
09/09/2021,WJF,CA,AWP,WE,Federal Contract Tower,0,0,2,8,10,0,0,59,0,59,0,0,61,8,69,90,0,90,159
09/10/2021,WJF,CA,AWP,WE,Federal Contract Tower,0,1,2,4,7,0,1,47,1,49,0,2,49,5,56,72,0,72,128
09/11/2021,WJF,CA,AWP,WE,Federal Contract Tower,0,1,7,8,16,0,0,98,0,98,0,1,105,8,114,120,0,120,234
09/12/2021,WJF,CA,AWP,WE,Federal Contract Tower,0,0,3,6,9,0,1,48,0,49,0,1,51,6,58,84,0,84,142
09/13/2021,WJF,CA,AWP,WE,Federal Contract Tower,0,1,8,0,9,0,1,32,0,33,0,2,40,0,42,30,0,30,72
09/14/2021,WJF,CA,AWP,WE,Federal Contract Tower,0,1,2,0,3,0,1,40,2,43,0,2,42,2,46,62,0,62,108
09/15/2021,WJF,CA,AWP,WE,Federal Contract Tower,0,3,9,4,16,0,1,50,0,51,0,4,59,4,67,102,0,102,169
09/16/2021,WJF,CA,AWP,WE,Federal Contract Tower,0,0,12,0,12,0,1,69,0,70,0,1,81,0,82,134,0,134,216
09/17/2021,WJF,CA,AWP,WE,Federal Contract Tower,0,1,17,0,18,0,1,142,2,145,0,2,159,2,163,62,2,64,227
09/18/2021,WJF,CA,AWP,WE,Federal Contract Tower,0,0,3,0,3,0,0,65,0,65,0,0,68,0,68,73,0,73,141
09/19/2021,WJF,CA,AWP,WE,Federal Contract Tower,0,0,3,0,3,0,0,29,0,29,0,0,32,0,32,22,0,22,54
09/20/2021,WJF,CA,AWP,WE,Federal Contract Tower,0,0,1,0,1,0,2,37,0,39,0,2,38,0,40,54,0,54,94
09/21/2021,WJF,CA,AWP,WE,Federal Contract Tower,0,3,7,2,12,0,1,61,0,62,0,4,68,2,74,50,0,50,124
09/22/2021,WJF,CA,AWP,WE,Federal Contract Tower,0,1,13,0,14,0,1,76,0,77,0,2,89,0,91,52,0,52,143
09/23/2021,WJF,CA,AWP,WE,Federal Contract Tower,0,2,14,0,16,0,0,46,0,46,0,2,60,0,62,68,0,68,130
09/24/2021,WJF,CA,AWP,WE,Federal Contract Tower,0,1,5,0,6,0,1,66,0,67,0,2,71,0,73,94,0,94,167
09/25/2021,WJF,CA,AWP,WE,Federal Contract Tower,0,0,9,0,9,0,0,76,0,76,0,0,85,0,85,88,0,88,173
09/26/2021,WJF,CA,AWP,WE,Federal Contract Tower,0,0,6,0,6,0,0,51,0,51,0,0,57,0,57,50,0,50,107
09/27/2021,WJF,CA,AWP,WE,Federal Contract Tower,0,0,15,0,15,0,1,26,0,27,0,1,41,0,42,14,0,14,56
09/28/2021,WJF,CA,AWP,WE,Federal Contract Tower,0,1,3,0,4,0,1,17,0,18,0,2,20,0,22,0,0,0,22
09/29/2021,WJF,CA,AWP,WE,Federal Contract Tower,0,1,10,0,11,0,2,81,5,88,0,3,91,5,99,110,42,152,251
09/30/2021,WJF,CA,AWP,WE,Federal Contract Tower,0,1,2,2,5,0,1,83,0,84,0,2,85,2,89,122,0,122,211
10/01/2021,WJF,CA,AWP,WE,Federal Contract Tower,0,1,2,2,5,0,1,90,0,91,0,2,92,2,96,92,0,92,188
10/02/2021,WJF,CA,AWP,WE,Federal Contract Tower,0,0,8,0,8,0,0,100,0,100,0,0,108,0,108,118,0,118,226
10/03/2021,WJF,CA,AWP,WE,Federal Contract Tower,0,0,1,0,1,0,0,43,0,43,0,0,44,0,44,60,0,60,104
10/04/2021,WJF,CA,AWP,WE,Federal Contract Tower,0,1,5,2,8,0,1,53,2,56,0,2,58,4,64,40,0,40,104
10/05/2021,WJF,CA,AWP,WE,Federal Contract Tower,0,1,10,0,11,0,1,53,0,54,0,2,63,0,65,100,0,100,165
10/06/2021,WJF,CA,AWP,WE,Federal Contract Tower,0,1,19,2,22,0,1,72,0,73,0,2,91,2,95,78,0,78,173
10/07/2021,WJF,CA,AWP,WE,Federal Contract Tower,0,1,10,4,15,0,1,41,0,42,0,2,51,4,57,46,0,46,103
10/08/2021,WJF,CA,AWP,WE,Federal Contract Tower,0,2,4,0,6,0,0,54,0,54,0,2,58,0,60,62,0,62,122
10/09/2021,WJF,CA,AWP,WE,Federal Contract Tower,0,1,7,0,8,0,0,81,0,81,0,1,88,0,89,84,0,84,173
10/10/2021,WJF,CA,AWP,WE,Federal Contract Tower,0,1,5,0,6,0,0,80,0,80,0,1,85,0,86,104,0,104,190
10/11/2021,WJF,CA,AWP,WE,Federal Contract Tower,0,0,0,0,0,0,0,2,0,2,0,0,2,0,2,0,0,0,2
10/12/2021,WJF,CA,AWP,WE,Federal Contract Tower,0,3,2,0,5,0,1,61,0,62,0,4,63,0,67,18,0,18,85
10/13/2021,WJF,CA,AWP,WE,Federal Contract Tower,0,1,4,0,5,0,1,97,0,98,0,2,101,0,103,96,0,96,199
10/14/2021,WJF,CA,AWP,WE,Federal Contract Tower,0,1,3,0,4,0,1,107,0,108,0,2,110,0,112,68,0,68,180
10/15/2021,WJF,CA,AWP,WE,Federal Contract Tower,0,1,3,0,4,0,1,96,0,97,0,2,99,0,101,106,0,106,207
10/16/2021,WJF,CA,AWP,WE,Federal Contract Tower,0,0,3,0,3,0,0,107,0,107,0,0,110,0,110,112,0,112,222
10/17/2021,WJF,CA,AWP,WE,Federal Contract Tower,0,0,5,0,5,0,0,55,0,55,0,0,60,0,60,54,0,54,114
10/18/2021,WJF,CA,AWP,WE,Federal Contract Tower,0,2,2,0,4,0,0,13,0,13,0,2,15,0,17,0,0,0,17
10/19/2021,WJF,CA,AWP,WE,Federal Contract Tower,0,1,2,0,3,0,9,56,0,65,0,10,58,0,68,174,0,174,242
10/20/2021,WJF,CA,AWP,WE,Federal Contract Tower,0,1,13,0,14,0,1,89,0,90,0,2,102,0,104,156,0,156,260
10/21/2021,WJF,CA,AWP,WE,Federal Contract Tower,0,0,3,0,3,0,1,68,0,69,0,1,71,0,72,66,0,66,138
10/22/2021,WJF,CA,AWP,WE,Federal Contract Tower,0,1,4,0,5,0,1,71,0,72,0,2,75,0,77,152,0,152,229
10/23/2021,WJF,CA,AWP,WE,Federal Contract Tower,0,0,6,0,6,0,0,21,0,21,0,0,27,0,27,38,0,38,65
10/24/2021,WJF,CA,AWP,WE,Federal Contract Tower,0,0,8,0,8,0,0,20,0,20,0,0,28,0,28,66,0,66,94
10/25/2021,WJF,CA,AWP,WE,Federal Contract Tower,0,0,2,2,4,0,0,7,0,7,0,0,9,2,11,0,0,0,11
10/26/2021,WJF,CA,AWP,WE,Federal Contract Tower,0,1,6,0,7,0,3,78,2,83,0,4,84,2,90,72,4,76,166
10/27/2021,WJF,CA,AWP,WE,Federal Contract Tower,0,0,2,0,2,0,0,77,2,79,0,0,79,2,81,142,0,142,223
10/28/2021,WJF,CA,AWP,WE,Federal Contract Tower,0,1,7,6,14,0,1,50,0,51,0,2,57,6,65,74,0,74,139
10/29/2021,WJF,CA,AWP,WE,Federal Contract Tower,0,0,10,0,10,0,1,81,0,82,0,1,91,0,92,152,0,152,244
10/30/2021,WJF,CA,AWP,WE,Federal Contract Tower,0,0,5,0,5,0,0,86,0,86,0,0,91,0,91,96,0,96,187
10/31/2021,WJF,CA,AWP,WE,Federal Contract Tower,0,0,11,0,11,0,0,46,0,46,0,0,57,0,57,48,0,48,105
11/01/2021,WJF,CA,AWP,WE,Federal Contract Tower,0,1,10,5,16,0,1,21,1,23,0,2,31,6,39,54,6,60,99
11/02/2021,WJF,CA,AWP,WE,Federal Contract Tower,0,3,6,6,15,0,1,63,0,64,0,4,69,6,79,98,0,98,177
11/03/2021,WJF,CA,AWP,WE,Federal Contract Tower,0,1,1,5,7,0,1,78,0,79,0,2,79,5,86,76,0,76,162
11/04/2021,WJF,CA,AWP,WE,Federal Contract Tower,0,2,14,0,16,0,1,61,0,62,0,3,75,0,78,8,30,38,116
11/05/2021,WJF,CA,AWP,WE,Federal Contract Tower,0,1,18,0,19,0,1,108,0,109,0,2,126,0,128,111,0,111,239
11/06/2021,WJF,CA,AWP,WE,Federal Contract Tower,0,1,4,0,5,0,0,70,0,70,0,1,74,0,75,136,0,136,211
11/07/2021,WJF,CA,AWP,WE,Federal Contract Tower,0,0,0,0,0,0,0,46,0,46,0,0,46,0,46,18,0,18,64
11/08/2021,WJF,CA,AWP,WE,Federal Contract Tower,0,1,4,0,5,0,1,27,0,28,0,2,31,0,33,6,0,6,39
11/09/2021,WJF,CA,AWP,WE,Federal Contract Tower,0,2,8,0,10,0,0,24,0,24,0,2,32,0,34,12,0,12,46
11/10/2021,WJF,CA,AWP,WE,Federal Contract Tower,0,3,4,0,7,0,1,48,0,49,0,4,52,0,56,82,0,82,138
11/11/2021,WJF,CA,AWP,WE,Federal Contract Tower,0,1,5,0,6,0,1,57,0,58,0,2,62,0,64,70,0,70,134
11/12/2021,WJF,CA,AWP,WE,Federal Contract Tower,0,1,2,0,3,0,1,84,0,85,0,2,86,0,88,58,0,58,146
11/13/2021,WJF,CA,AWP,WE,Federal Contract Tower,0,0,9,0,9,0,0,76,0,76,0,0,85,0,85,142,0,142,227
11/14/2021,WJF,CA,AWP,WE,Federal Contract Tower,0,0,4,0,4,0,0,73,0,73,0,0,77,0,77,152,0,152,229
11/15/2021,WJF,CA,AWP,WE,Federal Contract Tower,0,1,15,1,17,0,1,42,1,44,0,2,57,2,61,66,0,66,127
11/16/2021,WJF,CA,AWP,WE,Federal Contract Tower,0,1,3,2,6,0,1,56,0,57,0,2,59,2,63,68,0,68,131
11/17/2021,WJF,CA,AWP,WE,Federal Contract Tower,0,3,12,4,19,0,1,73,0,74,0,4,85,4,93,74,0,74,167
11/18/2021,WJF,CA,AWP,WE,Federal Contract Tower,0,1,6,2,9,0,1,64,0,65,0,2,70,2,74,46,0,46,120
11/19/2021,WJF,CA,AWP,WE,Federal Contract Tower,0,0,19,2,21,0,1,59,0,60,0,1,78,2,81,76,6,82,163
11/20/2021,WJF,CA,AWP,WE,Federal Contract Tower,0,0,2,0,2,0,0,77,0,77,0,0,79,0,79,94,0,94,173
11/21/2021,WJF,CA,AWP,WE,Federal Contract Tower,0,0,4,0,4,0,0,36,0,36,0,0,40,0,40,20,0,20,60
11/22/2021,WJF,CA,AWP,WE,Federal Contract Tower,0,1,7,0,8,0,1,35,0,36,0,2,42,0,44,46,0,46,90
11/23/2021,WJF,CA,AWP,WE,Federal Contract Tower,0,1,2,0,3,0,1,59,0,60,0,2,61,0,63,56,0,56,119
11/24/2021,WJF,CA,AWP,WE,Federal Contract Tower,0,1,5,0,6,0,2,53,0,55,0,3,58,0,61,74,0,74,135
11/25/2021,WJF,CA,AWP,WE,Federal Contract Tower,0,0,3,0,3,0,0,21,0,21,0,0,24,0,24,38,0,38,62
11/26/2021,WJF,CA,AWP,WE,Federal Contract Tower,0,1,1,0,2,0,0,51,0,51,0,1,52,0,53,72,0,72,125
11/27/2021,WJF,CA,AWP,WE,Federal Contract Tower,0,0,0,0,0,0,0,72,0,72,0,0,72,0,72,90,0,90,162
11/28/2021,WJF,CA,AWP,WE,Federal Contract Tower,0,0,6,0,6,0,0,90,0,90,0,0,96,0,96,62,0,62,158
11/29/2021,WJF,CA,AWP,WE,Federal Contract Tower,0,1,3,0,4,0,1,46,0,47,0,2,49,0,51,56,0,56,107
11/30/2021,WJF,CA,AWP,WE,Federal Contract Tower,0,1,8,0,9,0,1,69,0,70,0,2,77,0,79,64,0,64,143
12/01/2021,WJF,CA,AWP,WE,Federal Contract Tower,0,1,1,0,2,0,1,45,0,46,0,2,46,0,48,36,0,36,84
12/02/2021,WJF,CA,AWP,WE,Federal Contract Tower,0,1,4,0,5,0,1,41,0,42,0,2,45,0,47,50,0,50,97
12/03/2021,WJF,CA,AWP,WE,Federal Contract Tower,0,1,10,0,11,0,1,86,0,87,0,2,96,0,98,44,0,44,142
12/04/2021,WJF,CA,AWP,WE,Federal Contract Tower,0,0,12,0,12,0,0,151,0,151,0,0,163,0,163,160,0,160,323
12/05/2021,WJF,CA,AWP,WE,Federal Contract Tower,0,0,8,0,8,0,0,60,0,60,0,0,68,0,68,62,0,62,130
12/06/2021,WJF,CA,AWP,WE,Federal Contract Tower,0,1,1,0,2,0,1,31,0,32,0,2,32,0,34,48,0,48,82
12/07/2021,WJF,CA,AWP,WE,Federal Contract Tower,0,2,21,0,23,0,1,38,0,39,0,3,59,0,62,48,0,48,110
12/08/2021,WJF,CA,AWP,WE,Federal Contract Tower,0,1,11,0,12,0,1,63,0,64,0,2,74,0,76,100,0,100,176
12/09/2021,WJF,CA,AWP,WE,Federal Contract Tower,0,1,2,0,3,0,0,1,0,1,0,1,3,0,4,0,0,0,4
12/10/2021,WJF,CA,AWP,WE,Federal Contract Tower,0,1,5,2,8,0,1,97,0,98,0,2,102,2,106,184,2,186,292
12/11/2021,WJF,CA,AWP,WE,Federal Contract Tower,0,0,7,0,7,0,0,112,0,112,0,0,119,0,119,152,0,152,271
12/12/2021,WJF,CA,AWP,WE,Federal Contract Tower,0,1,3,0,4,0,0,78,0,78,0,1,81,0,82,62,0,62,144
12/13/2021,WJF,CA,AWP,WE,Federal Contract Tower,0,1,0,0,1,0,1,20,0,21,0,2,20,0,22,4,0,4,26
12/14/2021,WJF,CA,AWP,WE,Federal Contract Tower,0,1,0,0,1,0,0,0,0,0,0,1,0,0,1,0,0,0,1
12/15/2021,WJF,CA,AWP,WE,Federal Contract Tower,0,3,6,0,9,0,2,87,0,89,0,5,93,0,98,102,0,102,200
12/16/2021,WJF,CA,AWP,WE,Federal Contract Tower,0,5,0,0,5,0,1,38,0,39,0,6,38,0,44,76,0,76,120
12/17/2021,WJF,CA,AWP,WE,Federal Contract Tower,0,1,3,11,15,0,1,66,2,69,0,2,69,13,84,104,8,112,196
12/18/2021,WJF,CA,AWP,WE,Federal Contract Tower,0,0,10,0,10,0,0,81,0,81,0,0,91,0,91,116,0,116,207
12/19/2021,WJF,CA,AWP,WE,Federal Contract Tower,0,0,5,0,5,0,0,78,0,78,0,0,83,0,83,130,0,130,213
12/20/2021,WJF,CA,AWP,WE,Federal Contract Tower,0,1,12,0,13,0,1,53,2,56,0,2,65,2,69,42,0,42,111
12/21/2021,WJF,CA,AWP,WE,Federal Contract Tower,0,3,1,0,4,0,1,67,0,68,0,4,68,0,72,116,0,116,188
12/22/2021,WJF,CA,AWP,WE,Federal Contract Tower,0,1,2,2,5,0,1,31,2,34,0,2,33,4,39,28,24,52,91
12/23/2021,WJF,CA,AWP,WE,Federal Contract Tower,0,2,1,0,3,0,0,2,0,2,0,2,3,0,5,36,0,36,41
12/24/2021,WJF,CA,AWP,WE,Federal Contract Tower,0,2,0,0,2,0,0,13,0,13,0,2,13,0,15,46,0,46,61
12/25/2021,WJF,CA,AWP,WE,Federal Contract Tower,0,0,1,0,1,0,0,5,0,5,0,0,6,0,6,24,0,24,30
12/26/2021,WJF,CA,AWP,WE,Federal Contract Tower,0,0,1,0,1,0,0,12,0,12,0,0,13,0,13,4,0,4,17
12/27/2021,WJF,CA,AWP,WE,Federal Contract Tower,0,1,2,0,3,0,1,2,0,3,0,2,4,0,6,0,0,0,6
12/28/2021,WJF,CA,AWP,WE,Federal Contract Tower,0,1,1,0,2,0,1,10,0,11,0,2,11,0,13,12,0,12,25
12/29/2021,WJF,CA,AWP,WE,Federal Contract Tower,0,2,0,0,2,0,0,8,0,8,0,2,8,0,10,38,0,38,48
12/30/2021,WJF,CA,AWP,WE,Federal Contract Tower,0,0,0,0,0,0,0,0,0,0,0,0,0,0,0,0,0,0,0
12/31/2021,WJF,CA,AWP,WE,Federal Contract Tower,0,0,2,0,2,0,0,2,0,2,0,0,4,0,4,0,0,0,4
01/01/2022,WJF,CA,AWP,WE,Federal Contract Tower,0,0,6,0,6,0,0,62,0,62,0,0,68,0,68,56,0,56,124
01/02/2022,WJF,CA,AWP,WE,Federal Contract Tower,0,0,1,0,1,0,0,69,0,69,0,0,70,0,70,88,0,88,158
01/03/2022,WJF,CA,AWP,WE,Federal Contract Tower,0,1,4,0,5,0,1,53,0,54,0,2,57,0,59,104,0,104,163
01/04/2022,WJF,CA,AWP,WE,Federal Contract Tower,0,1,6,0,7,0,1,19,0,20,0,2,25,0,27,16,6,22,49
01/05/2022,WJF,CA,AWP,WE,Federal Contract Tower,0,1,2,2,5,0,1,52,0,53,0,2,54,2,58,60,0,60,118
01/06/2022,WJF,CA,AWP,WE,Federal Contract Tower,0,1,6,2,9,0,1,57,2,60,0,2,63,4,69,46,8,54,123
01/07/2022,WJF,CA,AWP,WE,Federal Contract Tower,0,3,10,0,13,0,1,56,0,57,0,4,66,0,70,94,0,94,164
01/08/2022,WJF,CA,AWP,WE,Federal Contract Tower,0,0,3,0,3,0,0,89,0,89,0,0,92,0,92,88,0,88,180
01/09/2022,WJF,CA,AWP,WE,Federal Contract Tower,0,0,2,0,2,0,0,89,0,89,0,0,91,0,91,62,0,62,153
01/10/2022,WJF,CA,AWP,WE,Federal Contract Tower,0,1,0,4,5,0,1,22,0,23,0,2,22,4,28,6,2,8,36
01/11/2022,WJF,CA,AWP,WE,Federal Contract Tower,0,1,3,14,18,0,1,40,2,43,0,2,43,16,61,102,0,102,163
01/12/2022,WJF,CA,AWP,WE,Federal Contract Tower,0,1,2,12,15,0,1,66,2,69,0,2,68,14,84,74,0,74,158
01/13/2022,WJF,CA,AWP,WE,Federal Contract Tower,0,1,3,7,11,0,1,45,3,49,0,2,48,10,60,76,0,76,136
01/14/2022,WJF,CA,AWP,WE,Federal Contract Tower,0,1,3,0,4,0,1,70,0,71,0,2,73,0,75,80,0,80,155
01/15/2022,WJF,CA,AWP,WE,Federal Contract Tower,0,0,2,0,2,0,0,49,0,49,0,0,51,0,51,148,0,148,199
01/16/2022,WJF,CA,AWP,WE,Federal Contract Tower,0,0,9,0,9,0,0,45,0,45,0,0,54,0,54,88,0,88,142
01/17/2022,WJF,CA,AWP,WE,Federal Contract Tower,0,1,7,0,8,0,1,28,0,29,0,2,35,0,37,48,0,48,85
01/18/2022,WJF,CA,AWP,WE,Federal Contract Tower,0,1,4,2,7,0,1,48,3,52,0,2,52,5,59,32,0,32,91
01/19/2022,WJF,CA,AWP,WE,Federal Contract Tower,0,1,3,5,9,0,1,50,4,55,0,2,53,9,64,70,0,70,134
01/20/2022,WJF,CA,AWP,WE,Federal Contract Tower,0,1,11,2,14,0,1,79,0,80,0,2,90,2,94,112,0,112,206
01/21/2022,WJF,CA,AWP,WE,Federal Contract Tower,0,1,1,0,2,0,1,39,0,40,0,2,40,0,42,72,0,72,114
01/22/2022,WJF,CA,AWP,WE,Federal Contract Tower,0,0,5,0,5,0,0,37,0,37,0,0,42,0,42,22,0,22,64
01/23/2022,WJF,CA,AWP,WE,Federal Contract Tower,0,0,5,0,5,0,0,115,0,115,0,0,120,0,120,64,0,64,184
01/24/2022,WJF,CA,AWP,WE,Federal Contract Tower,0,1,0,0,1,0,1,102,0,103,0,2,102,0,104,38,0,38,142
01/25/2022,WJF,CA,AWP,WE,Federal Contract Tower,0,1,5,7,13,0,1,70,1,72,0,2,75,8,85,100,10,110,195
01/26/2022,WJF,CA,AWP,WE,Federal Contract Tower,0,1,4,5,10,0,1,98,3,102,0,2,102,8,112,148,14,162,274
01/27/2022,WJF,CA,AWP,WE,Federal Contract Tower,0,1,9,12,22,0,1,69,2,72,0,2,78,14,94,44,6,50,144
01/28/2022,WJF,CA,AWP,WE,Federal Contract Tower,0,1,0,0,1,0,1,47,4,52,0,2,47,4,53,122,2,124,177
01/29/2022,WJF,CA,AWP,WE,Federal Contract Tower,0,0,1,0,1,0,0,60,0,60,0,0,61,0,61,88,0,88,149
01/30/2022,WJF,CA,AWP,WE,Federal Contract Tower,0,0,14,0,14,0,0,78,0,78,0,0,92,0,92,136,0,136,228
01/31/2022,WJF,CA,AWP,WE,Federal Contract Tower,0,1,2,0,3,0,1,46,0,47,0,2,48,0,50,98,0,98,148
02/01/2022,WJF,CA,AWP,WE,Federal Contract Tower,0,1,12,0,13,0,1,43,8,52,0,2,55,8,65,30,24,54,119
02/02/2022,WJF,CA,AWP,WE,Federal Contract Tower,0,1,2,0,3,0,1,30,0,31,0,2,32,0,34,24,0,24,58
02/03/2022,WJF,CA,AWP,WE,Federal Contract Tower,0,1,5,9,15,0,1,50,3,54,0,2,55,12,69,52,16,68,137
02/04/2022,WJF,CA,AWP,WE,Federal Contract Tower,0,1,9,0,10,0,1,59,0,60,0,2,68,0,70,84,0,84,154
02/05/2022,WJF,CA,AWP,WE,Federal Contract Tower,0,0,9,0,9,0,0,46,0,46,0,0,55,0,55,44,0,44,99
02/06/2022,WJF,CA,AWP,WE,Federal Contract Tower,0,0,0,0,0,0,0,37,0,37,0,0,37,0,37,52,0,52,89
02/07/2022,WJF,CA,AWP,WE,Federal Contract Tower,0,1,9,8,18,0,1,37,0,38,0,2,46,8,56,64,10,74,130
02/08/2022,WJF,CA,AWP,WE,Federal Contract Tower,0,1,10,13,24,0,1,65,1,67,0,2,75,14,91,56,4,60,151
02/09/2022,WJF,CA,AWP,WE,Federal Contract Tower,0,1,11,16,28,0,1,50,2,53,0,2,61,18,81,66,6,72,153
02/10/2022,WJF,CA,AWP,WE,Federal Contract Tower,0,1,19,0,20,0,1,36,0,37,0,2,55,0,57,54,0,54,111
02/11/2022,WJF,CA,AWP,WE,Federal Contract Tower,0,2,2,0,4,0,1,75,0,76,0,3,77,0,80,118,0,118,198
02/12/2022,WJF,CA,AWP,WE,Federal Contract Tower,0,0,9,0,9,0,0,94,0,94,0,0,103,0,103,124,0,124,227
02/13/2022,WJF,CA,AWP,WE,Federal Contract Tower,0,0,1,0,1,0,0,57,0,57,0,0,58,0,58,166,0,166,224
02/14/2022,WJF,CA,AWP,WE,Federal Contract Tower,0,1,0,0,1,0,1,47,0,48,0,2,47,0,49,36,4,40,89
02/15/2022,WJF,CA,AWP,WE,Federal Contract Tower,0,1,0,0,1,0,0,3,0,3,0,1,3,0,4,2,0,2,6
02/16/2022,WJF,CA,AWP,WE,Federal Contract Tower,0,3,10,0,13,0,1,52,0,53,0,4,62,0,66,8,0,8,74
02/17/2022,WJF,CA,AWP,WE,Federal Contract Tower,0,1,2,2,5,0,1,51,2,54,0,2,53,4,59,16,4,20,79
02/18/2022,WJF,CA,AWP,WE,Federal Contract Tower,0,1,11,0,12,0,1,76,0,77,0,2,87,0,89,108,0,108,197
02/19/2022,WJF,CA,AWP,WE,Federal Contract Tower,0,0,5,0,5,0,0,106,0,106,0,0,111,0,111,72,0,72,183
02/20/2022,WJF,CA,AWP,WE,Federal Contract Tower,0,1,1,0,2,0,0,60,0,60,0,1,61,0,62,110,0,110,172
02/21/2022,WJF,CA,AWP,WE,Federal Contract Tower,0,1,2,0,3,0,1,13,0,14,0,2,15,0,17,0,0,0,17
02/22/2022,WJF,CA,AWP,WE,Federal Contract Tower,0,2,0,2,4,0,0,7,0,7,0,2,7,2,11,0,0,0,11
02/23/2022,WJF,CA,AWP,WE,Federal Contract Tower,0,2,5,0,7,0,1,26,0,27,0,3,31,0,34,28,0,28,62
02/24/2022,WJF,CA,AWP,WE,Federal Contract Tower,0,2,2,3,7,0,1,60,1,62,0,3,62,4,69,0,94,94,163
02/25/2022,WJF,CA,AWP,WE,Federal Contract Tower,0,1,6,0,7,0,1,72,0,73,0,2,78,0,80,114,0,114,194
02/26/2022,WJF,CA,AWP,WE,Federal Contract Tower,0,0,1,0,1,0,0,82,0,82,0,0,83,0,83,78,0,78,161
02/27/2022,WJF,CA,AWP,WE,Federal Contract Tower,0,0,4,0,4,0,0,52,0,52,0,0,56,0,56,36,0,36,92
02/28/2022,WJF,CA,AWP,WE,Federal Contract Tower,0,1,5,0,6,0,1,49,2,52,0,2,54,2,58,80,2,82,140
03/01/2022,WJF,CA,AWP,WE,Federal Contract Tower,0,1,9,2,12,0,1,73,2,76,0,2,82,4,88,102,16,118,206
03/02/2022,WJF,CA,AWP,WE,Federal Contract Tower,0,1,2,6,9,0,1,85,0,86,0,2,87,6,95,168,0,168,263
03/03/2022,WJF,CA,AWP,WE,Federal Contract Tower,0,1,16,0,17,0,1,60,0,61,0,2,76,0,78,82,0,82,160
03/04/2022,WJF,CA,AWP,WE,Federal Contract Tower,0,2,0,4,6,0,0,12,0,12,0,2,12,4,18,30,0,30,48
03/05/2022,WJF,CA,AWP,WE,Federal Contract Tower,0,0,2,0,2,0,0,24,0,24,0,0,26,0,26,18,0,18,44
03/06/2022,WJF,CA,AWP,WE,Federal Contract Tower,0,0,2,0,2,0,0,68,0,68,0,0,70,0,70,80,0,80,150
03/07/2022,WJF,CA,AWP,WE,Federal Contract Tower,0,1,8,11,20,0,1,43,0,44,0,2,51,11,64,72,14,86,150
03/08/2022,WJF,CA,AWP,WE,Federal Contract Tower,0,1,7,18,26,0,1,65,24,90,0,2,72,42,116,150,0,150,266
03/09/2022,WJF,CA,AWP,WE,Federal Contract Tower,0,2,9,2,13,0,1,28,1,30,0,3,37,3,43,58,0,58,101
03/10/2022,WJF,CA,AWP,WE,Federal Contract Tower,0,1,0,0,1,0,1,21,0,22,0,2,21,0,23,14,0,14,37
03/11/2022,WJF,CA,AWP,WE,Federal Contract Tower,0,2,6,4,12,0,1,105,0,106,0,3,111,4,118,170,0,170,288
03/12/2022,WJF,CA,AWP,WE,Federal Contract Tower,0,0,9,0,9,0,0,107,0,107,0,0,116,0,116,132,0,132,248
03/13/2022,WJF,CA,AWP,WE,Federal Contract Tower,0,0,1,0,1,0,0,10,0,10,0,0,11,0,11,6,0,6,17
03/14/2022,WJF,CA,AWP,WE,Federal Contract Tower,0,1,7,3,11,0,1,70,0,71,0,2,77,3,82,102,0,102,184
03/15/2022,WJF,CA,AWP,WE,Federal Contract Tower,0,1,2,2,5,0,1,64,1,66,0,2,66,3,71,38,0,38,109
03/16/2022,WJF,CA,AWP,WE,Federal Contract Tower,0,1,1,0,2,0,1,31,0,32,0,2,32,0,34,2,0,2,36
03/17/2022,WJF,CA,AWP,WE,Federal Contract Tower,0,3,17,4,24,0,1,64,0,65,0,4,81,4,89,46,0,46,135
03/18/2022,WJF,CA,AWP,WE,Federal Contract Tower,0,0,2,0,2,0,1,91,0,92,0,1,93,0,94,84,0,84,178
03/19/2022,WJF,CA,AWP,WE,Federal Contract Tower,0,0,1,0,1,0,0,42,0,42,0,0,43,0,43,38,0,38,81
03/20/2022,WJF,CA,AWP,WE,Federal Contract Tower,0,0,0,0,0,0,0,6,0,6,0,0,6,0,6,0,0,0,6
03/21/2022,WJF,CA,AWP,WE,Federal Contract Tower,0,1,1,0,2,0,1,44,0,45,0,2,45,0,47,34,0,34,81
03/22/2022,WJF,CA,AWP,WE,Federal Contract Tower,0,2,2,0,4,0,1,81,0,82,0,3,83,0,86,64,0,64,150
03/23/2022,WJF,CA,AWP,WE,Federal Contract Tower,0,1,5,0,6,0,1,71,0,72,0,2,76,0,78,106,0,106,184
03/24/2022,WJF,CA,AWP,WE,Federal Contract Tower,0,1,3,0,4,0,1,62,0,63,0,2,65,0,67,84,6,90,157
03/25/2022,WJF,CA,AWP,WE,Federal Contract Tower,0,0,9,0,9,0,0,117,2,119,0,0,126,2,128,168,2,170,298
03/26/2022,WJF,CA,AWP,WE,Federal Contract Tower,0,0,6,0,6,0,0,156,0,156,0,0,162,0,162,126,0,126,288
03/27/2022,WJF,CA,AWP,WE,Federal Contract Tower,0,0,0,0,0,0,0,100,0,100,0,0,100,0,100,84,0,84,184
03/28/2022,WJF,CA,AWP,WE,Federal Contract Tower,0,2,5,0,7,0,0,7,0,7,0,2,12,0,14,18,0,18,32
03/29/2022,WJF,CA,AWP,WE,Federal Contract Tower,0,1,4,2,7,0,1,32,0,33,0,2,36,2,40,26,4,30,70
03/30/2022,WJF,CA,AWP,WE,Federal Contract Tower,0,1,13,0,14,0,1,60,2,63,0,2,73,2,77,48,0,48,125
03/31/2022,WJF,CA,AWP,WE,Federal Contract Tower,0,1,8,2,11,0,1,53,2,56,0,2,61,4,67,70,6,76,143
04/01/2022,WJF,CA,AWP,WE,Federal Contract Tower,0,1,10,4,15,0,1,97,0,98,0,2,107,4,113,126,0,126,239
04/02/2022,WJF,CA,AWP,WE,Federal Contract Tower,0,0,8,0,8,0,0,70,0,70,0,0,78,0,78,138,0,138,216
04/03/2022,WJF,CA,AWP,WE,Federal Contract Tower,0,0,9,0,9,0,0,43,0,43,0,0,52,0,52,94,0,94,146
04/04/2022,WJF,CA,AWP,WE,Federal Contract Tower,0,1,0,4,5,0,1,22,0,23,0,2,22,4,28,36,0,36,64
04/05/2022,WJF,CA,AWP,WE,Federal Contract Tower,0,1,5,2,8,0,1,11,2,14,0,2,16,4,22,0,0,0,22
04/06/2022,WJF,CA,AWP,WE,Federal Contract Tower,0,1,7,10,18,0,1,49,2,52,0,2,56,12,70,92,6,98,168
04/07/2022,WJF,CA,AWP,WE,Federal Contract Tower,0,1,4,10,15,0,1,46,2,49,0,2,50,12,64,74,2,76,140
04/08/2022,WJF,CA,AWP,WE,Federal Contract Tower,0,1,10,0,11,0,2,82,0,84,0,3,92,0,95,32,0,32,127
04/09/2022,WJF,CA,AWP,WE,Federal Contract Tower,0,0,1,0,1,0,0,35,0,35,0,0,36,0,36,12,0,12,48
04/10/2022,WJF,CA,AWP,WE,Federal Contract Tower,0,0,2,0,2,0,0,50,0,50,0,0,52,0,52,46,0,46,98
04/11/2022,WJF,CA,AWP,WE,Federal Contract Tower,0,1,1,2,4,0,1,8,2,11,0,2,9,4,15,0,0,0,15
04/12/2022,WJF,CA,AWP,WE,Federal Contract Tower,0,1,2,1,4,0,1,14,1,16,0,2,16,2,20,14,6,20,40
04/13/2022,WJF,CA,AWP,WE,Federal Contract Tower,0,1,18,0,19,0,1,40,0,41,0,2,58,0,60,26,0,26,86
04/14/2022,WJF,CA,AWP,WE,Federal Contract Tower,0,0,4,0,4,0,1,42,0,43,0,1,46,0,47,42,0,42,89
04/15/2022,WJF,CA,AWP,WE,Federal Contract Tower,0,2,5,0,7,0,0,66,0,66,0,2,71,0,73,80,0,80,153
04/16/2022,WJF,CA,AWP,WE,Federal Contract Tower,0,0,5,0,5,0,0,27,0,27,0,0,32,0,32,34,0,34,66
04/17/2022,WJF,CA,AWP,WE,Federal Contract Tower,0,5,5,0,10,0,0,54,0,54,0,5,59,0,64,154,0,154,218
04/18/2022,WJF,CA,AWP,WE,Federal Contract Tower,0,0,8,0,8,0,0,50,0,50,0,0,58,0,58,76,0,76,134
04/19/2022,WJF,CA,AWP,WE,Federal Contract Tower,0,2,4,0,6,0,1,26,8,35,0,3,30,8,41,0,26,26,67
04/20/2022,WJF,CA,AWP,WE,Federal Contract Tower,0,0,2,0,2,0,0,46,0,46,0,0,48,0,48,18,0,18,66
04/21/2022,WJF,CA,AWP,WE,Federal Contract Tower,0,0,6,0,6,0,0,34,0,34,0,0,40,0,40,12,0,12,52
04/22/2022,WJF,CA,AWP,WE,Federal Contract Tower,0,0,2,0,2,0,0,14,0,14,0,0,16,0,16,0,0,0,16
04/23/2022,WJF,CA,AWP,WE,Federal Contract Tower,0,0,2,0,2,0,0,91,0,91,0,0,93,0,93,124,0,124,217
04/24/2022,WJF,CA,AWP,WE,Federal Contract Tower,0,0,3,0,3,0,0,70,0,70,0,0,73,0,73,110,0,110,183
04/25/2022,WJF,CA,AWP,WE,Federal Contract Tower,0,1,10,1,12,0,0,49,2,51,0,1,59,3,63,94,0,94,157
04/26/2022,WJF,CA,AWP,WE,Federal Contract Tower,0,0,6,2,8,0,0,39,12,51,0,0,45,14,59,50,0,50,109
04/27/2022,WJF,CA,AWP,WE,Federal Contract Tower,0,0,2,0,2,0,0,35,0,35,0,0,37,0,37,44,0,44,81
04/28/2022,WJF,CA,AWP,WE,Federal Contract Tower,0,1,2,4,7,0,1,18,0,19,0,2,20,4,26,0,0,0,26
04/29/2022,WJF,CA,AWP,WE,Federal Contract Tower,0,1,7,7,15,0,0,71,5,76,0,1,78,12,91,102,0,102,193
04/30/2022,WJF,CA,AWP,WE,Federal Contract Tower,0,0,2,0,2,0,0,75,0,75,0,0,77,0,77,12,0,12,89
05/01/2022,WJF,CA,AWP,WE,Federal Contract Tower,0,0,2,0,2,0,0,30,0,30,0,0,32,0,32,14,0,14,46
05/02/2022,WJF,CA,AWP,WE,Federal Contract Tower,0,0,5,6,11,0,0,26,2,28,0,0,31,8,39,108,0,108,147
05/03/2022,WJF,CA,AWP,WE,Federal Contract Tower,0,0,1,4,5,0,0,64,8,72,0,0,65,12,77,94,0,94,171
05/04/2022,WJF,CA,AWP,WE,Federal Contract Tower,0,4,2,10,16,0,0,54,0,54,0,4,56,10,70,64,0,64,134
05/05/2022,WJF,CA,AWP,WE,Federal Contract Tower,0,2,15,0,17,0,0,45,0,45,0,2,60,0,62,26,0,26,88
05/06/2022,WJF,CA,AWP,WE,Federal Contract Tower,0,0,9,2,11,0,0,39,0,39,0,0,48,2,50,36,0,36,86
05/07/2022,WJF,CA,AWP,WE,Federal Contract Tower,0,0,2,1,3,0,0,16,0,16,0,0,18,1,19,0,0,0,19
05/08/2022,WJF,CA,AWP,WE,Federal Contract Tower,0,0,3,0,3,0,0,3,0,3,0,0,6,0,6,2,0,2,8
05/09/2022,WJF,CA,AWP,WE,Federal Contract Tower,0,0,1,0,1,0,0,19,0,19,0,0,20,0,20,6,0,6,26
05/10/2022,WJF,CA,AWP,WE,Federal Contract Tower,0,0,5,0,5,0,0,46,0,46,0,0,51,0,51,28,0,28,79
05/11/2022,WJF,CA,AWP,WE,Federal Contract Tower,0,0,6,0,6,0,0,54,0,54,0,0,60,0,60,14,0,14,74
05/12/2022,WJF,CA,AWP,WE,Federal Contract Tower,0,0,6,0,6,0,0,96,0,96,0,0,102,0,102,22,0,22,124
05/13/2022,WJF,CA,AWP,WE,Federal Contract Tower,0,0,3,0,3,0,0,114,0,114,0,0,117,0,117,98,0,98,215
05/14/2022,WJF,CA,AWP,WE,Federal Contract Tower,0,0,10,0,10,0,0,119,0,119,0,0,129,0,129,156,0,156,285
05/15/2022,WJF,CA,AWP,WE,Federal Contract Tower,0,0,5,0,5,0,1,99,0,100,0,1,104,0,105,68,0,68,173
05/16/2022,WJF,CA,AWP,WE,Federal Contract Tower,0,2,3,0,5,0,0,31,0,31,0,2,34,0,36,0,0,0,36
05/17/2022,WJF,CA,AWP,WE,Federal Contract Tower,0,0,6,0,6,0,0,51,2,53,0,0,57,2,59,14,0,14,73
05/18/2022,WJF,CA,AWP,WE,Federal Contract Tower,0,0,3,2,5,0,0,58,0,58,0,0,61,2,63,26,0,26,89
05/19/2022,WJF,CA,AWP,WE,Federal Contract Tower,0,2,7,0,9,0,0,87,0,87,0,2,94,0,96,98,0,98,194
05/20/2022,WJF,CA,AWP,WE,Federal Contract Tower,0,0,5,0,5,0,0,34,0,34,0,0,39,0,39,0,0,0,39
05/21/2022,WJF,CA,AWP,WE,Federal Contract Tower,0,0,4,0,4,0,0,117,0,117,0,0,121,0,121,136,0,136,257
05/22/2022,WJF,CA,AWP,WE,Federal Contract Tower,0,0,5,0,5,0,0,86,0,86,0,0,91,0,91,60,0,60,151
05/23/2022,WJF,CA,AWP,WE,Federal Contract Tower,0,0,13,0,13,0,0,40,0,40,0,0,53,0,53,18,0,18,71
05/24/2022,WJF,CA,AWP,WE,Federal Contract Tower,0,0,8,0,8,0,0,57,3,60,0,0,65,3,68,110,10,120,188
05/25/2022,WJF,CA,AWP,WE,Federal Contract Tower,0,0,6,2,8,0,0,61,0,61,0,0,67,2,69,46,0,46,115
05/26/2022,WJF,CA,AWP,WE,Federal Contract Tower,0,0,10,10,20,0,0,77,2,79,0,0,87,12,99,54,0,54,153
05/27/2022,WJF,CA,AWP,WE,Federal Contract Tower,0,0,6,0,6,0,0,54,0,54,0,0,60,0,60,28,0,28,88
05/28/2022,WJF,CA,AWP,WE,Federal Contract Tower,0,0,10,0,10,0,0,15,0,15,0,0,25,0,25,0,0,0,25
05/29/2022,WJF,CA,AWP,WE,Federal Contract Tower,0,0,0,0,0,0,0,7,0,7,0,0,7,0,7,0,0,0,7
05/30/2022,WJF,CA,AWP,WE,Federal Contract Tower,0,0,3,0,3,0,0,70,0,70,0,0,73,0,73,34,0,34,107
05/31/2022,WJF,CA,AWP,WE,Federal Contract Tower,0,0,10,8,18,0,0,61,0,61,0,0,71,8,79,120,0,120,199
06/01/2022,WJF,CA,AWP,WE,Federal Contract Tower,0,0,9,7,16,0,0,66,5,71,0,0,75,12,87,110,2,112,199
06/02/2022,WJF,CA,AWP,WE,Federal Contract Tower,0,0,9,8,17,0,0,36,4,40,0,0,45,12,57,8,4,12,69
06/03/2022,WJF,CA,AWP,WE,Federal Contract Tower,0,0,2,0,2,0,0,75,0,75,0,0,77,0,77,70,0,70,147
06/04/2022,WJF,CA,AWP,WE,Federal Contract Tower,0,0,4,0,4,0,0,47,0,47,0,0,51,0,51,8,0,8,59
06/05/2022,WJF,CA,AWP,WE,Federal Contract Tower,0,2,0,0,2,0,0,22,0,22,0,2,22,0,24,38,0,38,62
06/06/2022,WJF,CA,AWP,WE,Federal Contract Tower,0,0,5,0,5,0,0,27,0,27,0,0,32,0,32,10,0,10,42
06/07/2022,WJF,CA,AWP,WE,Federal Contract Tower,0,0,1,2,3,0,0,56,0,56,0,0,57,2,59,64,0,64,123
06/08/2022,WJF,CA,AWP,WE,Federal Contract Tower,0,0,6,2,8,0,0,41,4,45,0,0,47,6,53,54,4,58,111
06/09/2022,WJF,CA,AWP,WE,Federal Contract Tower,0,6,1,0,7,0,0,52,0,52,0,6,53,0,59,98,0,98,157
06/10/2022,WJF,CA,AWP,WE,Federal Contract Tower,0,1,6,0,7,0,0,75,0,75,0,1,81,0,82,116,0,116,198
06/11/2022,WJF,CA,AWP,WE,Federal Contract Tower,0,0,7,0,7,0,0,86,0,86,0,0,93,0,93,54,0,54,147
06/12/2022,WJF,CA,AWP,WE,Federal Contract Tower,0,0,13,0,13,0,0,76,0,76,0,0,89,0,89,50,0,50,139
06/13/2022,WJF,CA,AWP,WE,Federal Contract Tower,0,0,2,0,2,0,0,54,0,54,0,0,56,0,56,12,0,12,68
06/14/2022,WJF,CA,AWP,WE,Federal Contract Tower,0,0,4,0,4,0,0,63,0,63,0,0,67,0,67,34,0,34,101
06/15/2022,WJF,CA,AWP,WE,Federal Contract Tower,0,0,8,2,10,0,0,83,0,83,0,0,91,2,93,112,0,112,205
06/16/2022,WJF,CA,AWP,WE,Federal Contract Tower,0,1,2,0,3,0,0,29,0,29,0,1,31,0,32,28,0,28,60
06/17/2022,WJF,CA,AWP,WE,Federal Contract Tower,0,2,3,0,5,0,1,40,0,41,0,3,43,0,46,28,0,28,74
06/18/2022,WJF,CA,AWP,WE,Federal Contract Tower,0,0,2,0,2,0,0,65,0,65,0,0,67,0,67,54,0,54,121
06/19/2022,WJF,CA,AWP,WE,Federal Contract Tower,0,0,3,0,3,0,0,47,0,47,0,0,50,0,50,58,0,58,108
06/20/2022,WJF,CA,AWP,WE,Federal Contract Tower,0,0,4,0,4,0,0,53,0,53,0,0,57,0,57,68,0,68,125
06/21/2022,WJF,CA,AWP,WE,Federal Contract Tower,0,0,4,0,4,0,0,57,0,57,0,0,61,0,61,118,0,118,179
06/22/2022,WJF,CA,AWP,WE,Federal Contract Tower,0,2,0,0,2,0,0,90,0,90,0,2,90,0,92,18,0,18,110
06/23/2022,WJF,CA,AWP,WE,Federal Contract Tower,0,0,10,0,10,0,0,136,0,136,0,0,146,0,146,84,0,84,230
06/24/2022,WJF,CA,AWP,WE,Federal Contract Tower,0,0,10,9,19,0,0,90,1,91,0,0,100,10,110,46,10,56,166
06/25/2022,WJF,CA,AWP,WE,Federal Contract Tower,0,0,5,0,5,0,0,98,0,98,0,0,103,0,103,80,0,80,183
06/26/2022,WJF,CA,AWP,WE,Federal Contract Tower,0,0,3,0,3,0,0,62,0,62,0,0,65,0,65,110,0,110,175
06/27/2022,WJF,CA,AWP,WE,Federal Contract Tower,0,0,5,2,7,0,0,41,2,43,0,0,46,4,50,20,6,26,76
06/28/2022,WJF,CA,AWP,WE,Federal Contract Tower,0,0,1,6,7,0,0,44,4,48,0,0,45,10,55,42,0,42,97
06/29/2022,WJF,CA,AWP,WE,Federal Contract Tower,0,1,3,8,12,0,0,63,2,65,0,1,66,10,77,0,0,0,77
06/30/2022,WJF,CA,AWP,WE,Federal Contract Tower,0,0,5,0,5,0,0,73,0,73,0,0,78,0,78,18,0,18,96
07/01/2022,WJF,CA,AWP,WE,Federal Contract Tower,0,0,1,0,1,0,0,66,0,66,0,0,67,0,67,42,0,42,109
07/02/2022,WJF,CA,AWP,WE,Federal Contract Tower,0,0,0,0,0,0,0,70,0,70,0,0,70,0,70,66,0,66,136
07/03/2022,WJF,CA,AWP,WE,Federal Contract Tower,0,0,12,0,12,0,0,46,0,46,0,0,58,0,58,50,0,50,108
07/04/2022,WJF,CA,AWP,WE,Federal Contract Tower,0,0,3,0,3,0,0,52,0,52,0,0,55,0,55,132,0,132,187
07/05/2022,WJF,CA,AWP,WE,Federal Contract Tower,0,0,6,0,6,0,0,46,0,46,0,0,52,0,52,46,0,46,98
07/06/2022,WJF,CA,AWP,WE,Federal Contract Tower,0,0,5,0,5,0,0,39,0,39,0,0,44,0,44,42,0,42,86
07/07/2022,WJF,CA,AWP,WE,Federal Contract Tower,0,0,1,0,1,0,0,68,0,68,0,0,69,0,69,50,0,50,119
07/08/2022,WJF,CA,AWP,WE,Federal Contract Tower,0,2,4,2,8,0,0,72,0,72,0,2,76,2,80,74,0,74,154
07/09/2022,WJF,CA,AWP,WE,Federal Contract Tower,0,0,5,0,5,0,0,97,0,97,0,0,102,0,102,84,0,84,186
07/10/2022,WJF,CA,AWP,WE,Federal Contract Tower,0,0,1,0,1,0,0,75,0,75,0,0,76,0,76,84,0,84,160
07/11/2022,WJF,CA,AWP,WE,Federal Contract Tower,0,0,4,0,4,0,0,42,0,42,0,0,46,0,46,80,0,80,126
07/12/2022,WJF,CA,AWP,WE,Federal Contract Tower,0,0,0,2,2,0,0,45,2,47,0,0,45,4,49,64,2,66,115
07/13/2022,WJF,CA,AWP,WE,Federal Contract Tower,0,0,11,2,13,0,0,63,2,65,0,0,74,4,78,66,0,66,144
07/14/2022,WJF,CA,AWP,WE,Federal Contract Tower,0,0,6,0,6,0,0,65,0,65,0,0,71,0,71,42,10,52,123
07/15/2022,WJF,CA,AWP,WE,Federal Contract Tower,0,0,5,2,7,0,0,82,0,82,0,0,87,2,89,66,0,66,155
07/16/2022,WJF,CA,AWP,WE,Federal Contract Tower,0,0,3,0,3,0,0,60,0,60,0,0,63,0,63,90,0,90,153
07/17/2022,WJF,CA,AWP,WE,Federal Contract Tower,0,0,0,0,0,0,0,62,0,62,0,0,62,0,62,56,0,56,118
07/18/2022,WJF,CA,AWP,WE,Federal Contract Tower,0,0,2,4,6,0,0,43,0,43,0,0,45,4,49,50,0,50,99
07/19/2022,WJF,CA,AWP,WE,Federal Contract Tower,0,0,7,2,9,0,0,56,0,56,0,0,63,2,65,36,0,36,101
07/20/2022,WJF,CA,AWP,WE,Federal Contract Tower,0,0,0,0,0,0,0,60,1,61,0,0,60,1,61,46,2,48,109
07/21/2022,WJF,CA,AWP,WE,Federal Contract Tower,0,0,5,0,5,0,0,58,0,58,0,0,63,0,63,62,0,62,125
07/22/2022,WJF,CA,AWP,WE,Federal Contract Tower,0,0,10,0,10,0,0,54,0,54,0,0,64,0,64,56,0,56,120
07/23/2022,WJF,CA,AWP,WE,Federal Contract Tower,0,0,0,0,0,0,0,47,0,47,0,0,47,0,47,70,0,70,117
07/24/2022,WJF,CA,AWP,WE,Federal Contract Tower,0,0,3,0,3,0,0,63,0,63,0,0,66,0,66,22,0,22,88
07/25/2022,WJF,CA,AWP,WE,Federal Contract Tower,0,0,5,2,7,0,0,34,0,34,0,0,39,2,41,114,0,114,155
07/26/2022,WJF,CA,AWP,WE,Federal Contract Tower,0,0,6,0,6,0,0,43,0,43,0,0,49,0,49,100,0,100,149
07/27/2022,WJF,CA,AWP,WE,Federal Contract Tower,0,0,4,0,4,0,0,37,0,37,0,0,41,0,41,140,0,140,181
07/28/2022,WJF,CA,AWP,WE,Federal Contract Tower,0,0,3,2,5,0,0,50,0,50,0,0,53,2,55,124,0,124,179
07/29/2022,WJF,CA,AWP,WE,Federal Contract Tower,0,0,8,0,8,0,0,59,0,59,0,0,67,0,67,92,0,92,159
07/30/2022,WJF,CA,AWP,WE,Federal Contract Tower,0,0,6,0,6,0,0,67,0,67,0,0,73,0,73,120,0,120,193
07/31/2022,WJF,CA,AWP,WE,Federal Contract Tower,0,0,1,0,1,0,0,45,0,45,0,0,46,0,46,40,0,40,86
08/01/2022,WJF,CA,AWP,WE,Federal Contract Tower,0,2,1,0,3,0,0,47,0,47,0,2,48,0,50,86,0,86,136
08/02/2022,WJF,CA,AWP,WE,Federal Contract Tower,0,2,4,1,7,0,0,46,0,46,0,2,50,1,53,94,0,94,147
08/03/2022,WJF,CA,AWP,WE,Federal Contract Tower,0,0,6,3,9,0,0,58,0,58,0,0,64,3,67,128,0,128,195
08/04/2022,WJF,CA,AWP,WE,Federal Contract Tower,0,0,9,6,15,0,2,38,0,40,0,2,47,6,55,76,0,76,131
08/05/2022,WJF,CA,AWP,WE,Federal Contract Tower,0,0,5,2,7,0,0,60,3,63,0,0,65,5,70,116,0,116,186
08/06/2022,WJF,CA,AWP,WE,Federal Contract Tower,0,0,3,0,3,0,0,98,0,98,0,0,101,0,101,126,0,126,227
08/07/2022,WJF,CA,AWP,WE,Federal Contract Tower,0,0,3,0,3,0,0,54,0,54,0,0,57,0,57,46,0,46,103
08/08/2022,WJF,CA,AWP,WE,Federal Contract Tower,0,0,3,4,7,0,0,60,0,60,0,0,63,4,67,52,12,64,131
08/09/2022,WJF,CA,AWP,WE,Federal Contract Tower,0,0,9,6,15,0,0,50,0,50,0,0,59,6,65,70,0,70,135
08/10/2022,WJF,CA,AWP,WE,Federal Contract Tower,0,0,8,8,16,0,0,75,0,75,0,0,83,8,91,84,0,84,175
08/11/2022,WJF,CA,AWP,WE,Federal Contract Tower,0,0,10,2,12,0,0,49,0,49,0,0,59,2,61,70,0,70,131
08/12/2022,WJF,CA,AWP,WE,Federal Contract Tower,0,0,4,7,11,0,0,80,1,81,0,0,84,8,92,100,10,110,202
08/13/2022,WJF,CA,AWP,WE,Federal Contract Tower,0,0,2,0,2,0,0,79,0,79,0,0,81,0,81,170,0,170,251
08/14/2022,WJF,CA,AWP,WE,Federal Contract Tower,0,0,0,0,0,0,0,76,0,76,0,0,76,0,76,40,0,40,116
08/15/2022,WJF,CA,AWP,WE,Federal Contract Tower,0,0,1,0,1,0,0,45,0,45,0,0,46,0,46,74,0,74,120
08/16/2022,WJF,CA,AWP,WE,Federal Contract Tower,0,0,1,2,3,0,0,33,0,33,0,0,34,2,36,72,0,72,108
08/17/2022,WJF,CA,AWP,WE,Federal Contract Tower,0,0,3,0,3,0,0,43,0,43,0,0,46,0,46,48,0,48,94
08/18/2022,WJF,CA,AWP,WE,Federal Contract Tower,0,0,0,0,0,0,0,56,0,56,0,0,56,0,56,74,0,74,130
08/19/2022,WJF,CA,AWP,WE,Federal Contract Tower,0,0,3,2,5,0,0,75,0,75,0,0,78,2,80,62,0,62,142
08/20/2022,WJF,CA,AWP,WE,Federal Contract Tower,0,0,8,0,8,0,0,53,0,53,0,0,61,0,61,106,0,106,167
08/21/2022,WJF,CA,AWP,WE,Federal Contract Tower,0,0,0,0,0,0,0,53,0,53,0,0,53,0,53,44,0,44,97
08/22/2022,WJF,CA,AWP,WE,Federal Contract Tower,0,0,1,0,1,0,0,44,0,44,0,0,45,0,45,54,0,54,99
08/23/2022,WJF,CA,AWP,WE,Federal Contract Tower,0,0,5,0,5,0,0,50,2,52,0,0,55,2,57,60,6,66,123
08/24/2022,WJF,CA,AWP,WE,Federal Contract Tower,0,0,5,2,7,0,0,44,0,44,0,0,49,2,51,74,0,74,125
08/25/2022,WJF,CA,AWP,WE,Federal Contract Tower,0,0,3,2,5,0,0,50,0,50,0,0,53,2,55,10,0,10,65
08/26/2022,WJF,CA,AWP,WE,Federal Contract Tower,0,0,7,2,9,0,0,82,0,82,0,0,89,2,91,90,0,90,181
08/27/2022,WJF,CA,AWP,WE,Federal Contract Tower,0,0,0,0,0,0,0,82,0,82,0,0,82,0,82,52,0,52,134
08/28/2022,WJF,CA,AWP,WE,Federal Contract Tower,0,0,4,0,4,0,0,68,0,68,0,0,72,0,72,40,0,40,112
08/29/2022,WJF,CA,AWP,WE,Federal Contract Tower,0,0,1,2,3,0,0,89,0,89,0,0,90,2,92,82,2,84,176
08/30/2022,WJF,CA,AWP,WE,Federal Contract Tower,0,0,5,2,7,0,0,52,2,54,0,0,57,4,61,10,0,10,71
08/31/2022,WJF,CA,AWP,WE,Federal Contract Tower,0,0,0,0,0,0,0,161,0,161,0,0,161,0,161,68,0,68,229
09/01/2022,WJF,CA,AWP,WE,Federal Contract Tower,0,0,0,5,5,0,0,54,2,56,0,0,54,7,61,40,0,40,101
09/02/2022,WJF,CA,AWP,WE,Federal Contract Tower,0,1,3,0,4,0,0,56,0,56,0,1,59,0,60,72,0,72,132
09/03/2022,WJF,CA,AWP,WE,Federal Contract Tower,0,0,0,0,0,0,0,59,0,59,0,0,59,0,59,74,0,74,133
09/04/2022,WJF,CA,AWP,WE,Federal Contract Tower,0,1,1,0,2,0,0,38,0,38,0,1,39,0,40,26,0,26,66
09/05/2022,WJF,CA,AWP,WE,Federal Contract Tower,0,2,2,0,4,0,0,59,0,59,0,2,61,0,63,100,0,100,163
09/06/2022,WJF,CA,AWP,WE,Federal Contract Tower,0,0,1,0,1,0,0,72,0,72,0,0,73,0,73,2,0,2,75
09/07/2022,WJF,CA,AWP,WE,Federal Contract Tower,0,0,0,2,2,0,0,50,2,52,0,0,50,4,54,74,0,74,128
09/08/2022,WJF,CA,AWP,WE,Federal Contract Tower,0,1,6,5,12,0,0,52,3,55,0,1,58,8,67,42,8,50,117
09/09/2022,WJF,CA,AWP,WE,Federal Contract Tower,0,1,6,9,16,0,1,35,2,38,0,2,41,11,54,46,0,46,100
09/10/2022,WJF,CA,AWP,WE,Federal Contract Tower,0,0,7,0,7,0,0,35,0,35,0,0,42,0,42,46,0,46,88
09/11/2022,WJF,CA,AWP,WE,Federal Contract Tower,0,0,3,0,3,0,0,75,0,75,0,0,78,0,78,82,0,82,160
09/12/2022,WJF,CA,AWP,WE,Federal Contract Tower,0,0,3,0,3,0,0,37,0,37,0,0,40,0,40,122,0,122,162
09/13/2022,WJF,CA,AWP,WE,Federal Contract Tower,0,0,2,2,4,0,0,43,0,43,0,0,45,2,47,22,0,22,69
09/14/2022,WJF,CA,AWP,WE,Federal Contract Tower,0,0,5,1,6,0,0,52,1,53,0,0,57,2,59,68,0,68,127
09/15/2022,WJF,CA,AWP,WE,Federal Contract Tower,0,0,7,0,7,0,0,55,0,55,0,0,62,0,62,30,0,30,92
09/16/2022,WJF,CA,AWP,WE,Federal Contract Tower,0,0,12,2,14,0,0,77,0,77,0,0,89,2,91,48,0,48,139
09/17/2022,WJF,CA,AWP,WE,Federal Contract Tower,0,0,3,0,3,0,0,71,0,71,0,0,74,0,74,104,0,104,178
09/18/2022,WJF,CA,AWP,WE,Federal Contract Tower,0,0,3,0,3,0,0,48,0,48,0,0,51,0,51,116,0,116,167
09/19/2022,WJF,CA,AWP,WE,Federal Contract Tower,0,0,2,0,2,0,0,52,0,52,0,0,54,0,54,26,0,26,80
09/20/2022,WJF,CA,AWP,WE,Federal Contract Tower,0,0,13,1,14,0,0,42,5,47,0,0,55,6,61,56,2,58,119
09/21/2022,WJF,CA,AWP,WE,Federal Contract Tower,0,2,5,0,7,0,0,63,0,63,0,2,68,0,70,58,0,58,128
09/22/2022,WJF,CA,AWP,WE,Federal Contract Tower,0,0,3,0,3,0,0,58,2,60,0,0,61,2,63,38,0,38,101
09/23/2022,WJF,CA,AWP,WE,Federal Contract Tower,0,0,1,4,5,0,1,70,0,71,0,1,71,4,76,102,0,102,178
09/24/2022,WJF,CA,AWP,WE,Federal Contract Tower,0,0,2,0,2,0,0,39,0,39,0,0,41,0,41,70,0,70,111
09/25/2022,WJF,CA,AWP,WE,Federal Contract Tower,0,0,5,0,5,0,0,82,0,82,0,0,87,0,87,90,0,90,177
09/26/2022,WJF,CA,AWP,WE,Federal Contract Tower,0,0,0,1,1,0,0,44,2,46,0,0,44,3,47,54,0,54,101
09/27/2022,WJF,CA,AWP,WE,Federal Contract Tower,0,0,4,2,6,0,0,56,0,56,0,0,60,2,62,68,0,68,130
09/28/2022,WJF,CA,AWP,WE,Federal Contract Tower,0,1,4,3,8,0,0,58,1,59,0,1,62,4,67,56,0,56,123
09/29/2022,WJF,CA,AWP,WE,Federal Contract Tower,0,0,3,6,9,0,0,58,4,62,0,0,61,10,71,54,0,54,125
09/30/2022,WJF,CA,AWP,WE,Federal Contract Tower,0,0,9,0,9,0,0,74,0,74,0,0,83,0,83,112,0,112,195
10/01/2022,WJF,CA,AWP,WE,Federal Contract Tower,0,0,6,0,6,0,0,109,0,109,0,0,115,0,115,106,0,106,221
10/02/2022,WJF,CA,AWP,WE,Federal Contract Tower,0,0,4,0,4,0,0,90,0,90,0,0,94,0,94,110,0,110,204
10/03/2022,WJF,CA,AWP,WE,Federal Contract Tower,0,0,1,0,1,0,0,84,0,84,0,0,85,0,85,106,2,108,193
10/04/2022,WJF,CA,AWP,WE,Federal Contract Tower,0,0,7,4,11,0,0,56,6,62,0,0,63,10,73,34,18,52,125
10/05/2022,WJF,CA,AWP,WE,Federal Contract Tower,0,0,13,7,20,0,0,67,1,68,0,0,80,8,88,74,14,88,176
10/06/2022,WJF,CA,AWP,WE,Federal Contract Tower,0,0,2,0,2,0,0,53,0,53,0,0,55,0,55,114,0,114,169
10/07/2022,WJF,CA,AWP,WE,Federal Contract Tower,0,0,5,0,5,0,0,76,0,76,0,0,81,0,81,158,0,158,239
10/08/2022,WJF,CA,AWP,WE,Federal Contract Tower,0,1,8,0,9,0,0,119,0,119,0,1,127,0,128,110,0,110,238
10/09/2022,WJF,CA,AWP,WE,Federal Contract Tower,0,0,14,0,14,0,0,83,0,83,0,0,97,0,97,106,0,106,203
10/10/2022,WJF,CA,AWP,WE,Federal Contract Tower,0,1,13,0,14,0,0,53,0,53,0,1,66,0,67,98,0,98,165
10/11/2022,WJF,CA,AWP,WE,Federal Contract Tower,0,0,8,0,8,0,0,60,0,60,0,0,68,0,68,40,0,40,108
10/12/2022,WJF,CA,AWP,WE,Federal Contract Tower,0,0,2,0,2,0,0,65,0,65,0,0,67,0,67,70,0,70,137
10/13/2022,WJF,CA,AWP,WE,Federal Contract Tower,0,0,10,0,10,0,0,94,0,94,0,0,104,0,104,282,2,284,388
10/14/2022,WJF,CA,AWP,WE,Federal Contract Tower,0,0,4,0,4,0,0,84,0,84,0,0,88,0,88,70,0,70,158
10/15/2022,WJF,CA,AWP,WE,Federal Contract Tower,0,0,3,0,3,0,0,47,0,47,0,0,50,0,50,34,0,34,84
10/16/2022,WJF,CA,AWP,WE,Federal Contract Tower,0,0,9,0,9,0,0,56,0,56,0,0,65,0,65,50,0,50,115
10/17/2022,WJF,CA,AWP,WE,Federal Contract Tower,0,0,6,0,6,0,0,75,0,75,0,0,81,0,81,100,0,100,181
10/18/2022,WJF,CA,AWP,WE,Federal Contract Tower,0,0,0,4,4,0,0,47,0,47,0,0,47,4,51,150,0,150,201
10/19/2022,WJF,CA,AWP,WE,Federal Contract Tower,0,0,7,7,14,0,0,87,2,89,0,0,94,9,103,70,0,70,173
10/20/2022,WJF,CA,AWP,WE,Federal Contract Tower,0,2,4,3,9,0,0,65,1,66,0,2,69,4,75,120,0,120,195
10/21/2022,WJF,CA,AWP,WE,Federal Contract Tower,0,0,14,0,14,0,0,114,0,114,0,0,128,0,128,126,0,126,254
10/22/2022,WJF,CA,AWP,WE,Federal Contract Tower,0,0,3,0,3,0,0,16,0,16,0,0,19,0,19,44,0,44,63
10/23/2022,WJF,CA,AWP,WE,Federal Contract Tower,0,0,1,0,1,0,0,49,0,49,0,0,50,0,50,86,0,86,136
10/24/2022,WJF,CA,AWP,WE,Federal Contract Tower,0,0,6,0,6,0,0,70,0,70,0,0,76,0,76,148,0,148,224
10/25/2022,WJF,CA,AWP,WE,Federal Contract Tower,0,0,5,1,6,0,0,39,0,39,0,0,44,1,45,68,0,68,113
10/26/2022,WJF,CA,AWP,WE,Federal Contract Tower,0,0,2,6,8,0,0,48,0,48,0,0,50,6,56,34,0,34,90
10/27/2022,WJF,CA,AWP,WE,Federal Contract Tower,0,0,4,2,6,0,0,71,2,73,0,0,75,4,79,56,0,56,135
10/28/2022,WJF,CA,AWP,WE,Federal Contract Tower,0,0,9,2,11,0,0,116,2,118,0,0,125,4,129,146,0,146,275
10/29/2022,WJF,CA,AWP,WE,Federal Contract Tower,0,0,8,0,8,0,0,68,0,68,0,0,76,0,76,122,0,122,198
10/30/2022,WJF,CA,AWP,WE,Federal Contract Tower,0,0,14,0,14,0,0,69,0,69,0,0,83,0,83,94,0,94,177
10/31/2022,WJF,CA,AWP,WE,Federal Contract Tower,0,0,2,0,2,0,0,52,0,52,0,0,54,0,54,64,0,64,118
11/01/2022,WJF,CA,AWP,WE,Federal Contract Tower,0,0,11,4,15,0,0,42,0,42,0,0,53,4,57,70,0,70,127
11/02/2022,WJF,CA,AWP,WE,Federal Contract Tower,0,0,8,0,8,0,0,7,0,7,0,0,15,0,15,2,0,2,17
11/03/2022,WJF,CA,AWP,WE,Federal Contract Tower,0,1,2,0,3,0,1,22,0,23,0,2,24,0,26,46,0,46,72
11/04/2022,WJF,CA,AWP,WE,Federal Contract Tower,0,0,15,2,17,0,0,69,2,71,0,0,84,4,88,112,0,112,200
11/05/2022,WJF,CA,AWP,WE,Federal Contract Tower,0,0,1,0,1,0,0,27,0,27,0,0,28,0,28,52,0,52,80
11/06/2022,WJF,CA,AWP,WE,Federal Contract Tower,0,0,2,0,2,0,0,52,0,52,0,0,54,0,54,42,0,42,96
11/07/2022,WJF,CA,AWP,WE,Federal Contract Tower,0,2,1,0,3,0,0,12,0,12,0,2,13,0,15,12,0,12,27
11/08/2022,WJF,CA,AWP,WE,Federal Contract Tower,0,0,2,0,2,0,0,0,0,0,0,0,2,0,2,0,0,0,2
11/09/2022,WJF,CA,AWP,WE,Federal Contract Tower,0,0,11,0,11,0,0,33,4,37,0,0,44,4,48,50,8,58,106
11/10/2022,WJF,CA,AWP,WE,Federal Contract Tower,0,0,5,0,5,0,0,73,0,73,0,0,78,0,78,116,0,116,194
11/11/2022,WJF,CA,AWP,WE,Federal Contract Tower,0,0,6,2,8,0,0,76,0,76,0,0,82,2,84,114,0,114,198
11/12/2022,WJF,CA,AWP,WE,Federal Contract Tower,0,0,11,0,11,0,0,98,0,98,0,0,109,0,109,54,0,54,163
11/13/2022,WJF,CA,AWP,WE,Federal Contract Tower,0,0,2,0,2,0,0,35,0,35,0,0,37,0,37,24,0,24,61
11/14/2022,WJF,CA,AWP,WE,Federal Contract Tower,0,0,5,4,9,0,0,61,0,61,0,0,66,4,70,94,2,96,166
11/15/2022,WJF,CA,AWP,WE,Federal Contract Tower,0,0,4,11,15,0,0,43,4,47,0,0,47,15,62,46,18,64,126
11/16/2022,WJF,CA,AWP,WE,Federal Contract Tower,0,0,1,4,5,0,0,19,2,21,0,0,20,6,26,58,4,62,88
11/17/2022,WJF,CA,AWP,WE,Federal Contract Tower,0,0,8,6,14,0,0,44,4,48,0,0,52,10,62,112,0,112,174
11/18/2022,WJF,CA,AWP,WE,Federal Contract Tower,0,0,5,0,5,0,0,55,2,57,0,0,60,2,62,134,0,134,196
11/19/2022,WJF,CA,AWP,WE,Federal Contract Tower,0,0,3,0,3,0,0,54,0,54,0,0,57,0,57,130,0,130,187
11/20/2022,WJF,CA,AWP,WE,Federal Contract Tower,0,0,8,0,8,0,0,74,0,74,0,0,82,0,82,114,0,114,196
11/21/2022,WJF,CA,AWP,WE,Federal Contract Tower,0,0,7,2,9,0,0,49,0,49,0,0,56,2,58,98,0,98,156
11/22/2022,WJF,CA,AWP,WE,Federal Contract Tower,0,0,11,2,13,0,0,54,0,54,0,0,65,2,67,88,0,88,155
11/23/2022,WJF,CA,AWP,WE,Federal Contract Tower,0,0,8,1,9,0,2,67,1,70,0,2,75,2,79,98,8,106,185
11/24/2022,WJF,CA,AWP,WE,Federal Contract Tower,0,0,0,0,0,0,0,28,0,28,0,0,28,0,28,20,0,20,48
11/25/2022,WJF,CA,AWP,WE,Federal Contract Tower,0,0,6,0,6,0,1,56,0,57,0,1,62,0,63,66,0,66,129
11/26/2022,WJF,CA,AWP,WE,Federal Contract Tower,0,0,1,0,1,0,0,56,0,56,0,0,57,0,57,48,0,48,105
11/27/2022,WJF,CA,AWP,WE,Federal Contract Tower,0,0,9,0,9,0,0,96,0,96,0,0,105,0,105,92,0,92,197
11/28/2022,WJF,CA,AWP,WE,Federal Contract Tower,0,1,2,0,3,0,2,17,0,19,0,3,19,0,22,0,0,0,22
11/29/2022,WJF,CA,AWP,WE,Federal Contract Tower,0,1,6,0,7,0,1,54,0,55,0,2,60,0,62,110,0,110,172
11/30/2022,WJF,CA,AWP,WE,Federal Contract Tower,0,1,1,4,6,0,1,28,0,29,0,2,29,4,35,126,0,126,161
12/01/2022,WJF,CA,AWP,WE,Federal Contract Tower,0,1,2,0,3,0,1,5,0,6,0,2,7,0,9,0,0,0,9
12/02/2022,WJF,CA,AWP,WE,Federal Contract Tower,0,3,12,0,15,0,0,20,0,20,0,3,32,0,35,32,0,32,67
12/03/2022,WJF,CA,AWP,WE,Federal Contract Tower,0,0,5,0,5,0,0,56,0,56,0,0,61,0,61,116,0,116,177
12/04/2022,WJF,CA,AWP,WE,Federal Contract Tower,0,0,3,0,3,0,0,19,0,19,0,0,22,0,22,46,0,46,68
12/05/2022,WJF,CA,AWP,WE,Federal Contract Tower,0,1,6,2,9,0,1,33,0,34,0,2,39,2,43,42,0,42,85
12/06/2022,WJF,CA,AWP,WE,Federal Contract Tower,0,1,8,0,9,0,1,33,0,34,0,2,41,0,43,30,0,30,73
12/07/2022,WJF,CA,AWP,WE,Federal Contract Tower,0,1,8,0,9,0,1,57,0,58,0,2,65,0,67,74,0,74,141
12/08/2022,WJF,CA,AWP,WE,Federal Contract Tower,0,1,2,2,5,0,1,57,2,60,0,2,59,4,65,82,0,82,147
12/09/2022,WJF,CA,AWP,WE,Federal Contract Tower,0,1,12,6,19,0,1,52,0,53,0,2,64,6,72,62,0,62,134
12/10/2022,WJF,CA,AWP,WE,Federal Contract Tower,0,0,2,0,2,0,0,29,0,29,0,0,31,0,31,34,0,34,65
12/11/2022,WJF,CA,AWP,WE,Federal Contract Tower,0,2,0,0,2,0,0,0,0,0,0,2,0,0,2,0,0,0,2
12/12/2022,WJF,CA,AWP,WE,Federal Contract Tower,0,1,2,8,11,0,1,18,0,19,0,2,20,8,30,10,0,10,40
12/13/2022,WJF,CA,AWP,WE,Federal Contract Tower,0,3,4,2,9,0,1,65,0,66,0,4,69,2,75,112,0,112,187
12/14/2022,WJF,CA,AWP,WE,Federal Contract Tower,0,1,7,2,10,0,1,57,0,58,0,2,64,2,68,86,0,86,154
12/15/2022,WJF,CA,AWP,WE,Federal Contract Tower,0,1,7,6,14,0,1,47,0,48,0,2,54,6,62,70,0,70,132
12/16/2022,WJF,CA,AWP,WE,Federal Contract Tower,0,3,9,0,12,0,1,46,0,47,0,4,55,0,59,28,0,28,87
12/17/2022,WJF,CA,AWP,WE,Federal Contract Tower,0,0,1,0,1,0,0,98,0,98,0,0,99,0,99,164,0,164,263
12/18/2022,WJF,CA,AWP,WE,Federal Contract Tower,0,0,5,0,5,0,0,69,0,69,0,0,74,0,74,122,0,122,196
12/19/2022,WJF,CA,AWP,WE,Federal Contract Tower,0,1,5,0,6,0,1,57,0,58,0,2,62,0,64,62,0,62,126
12/20/2022,WJF,CA,AWP,WE,Federal Contract Tower,0,1,2,0,3,0,1,41,0,42,0,2,43,0,45,68,0,68,113
12/21/2022,WJF,CA,AWP,WE,Federal Contract Tower,0,1,6,0,7,0,1,72,0,73,0,2,78,0,80,54,0,54,134
12/22/2022,WJF,CA,AWP,WE,Federal Contract Tower,0,1,11,0,12,0,1,57,0,58,0,2,68,0,70,70,0,70,140
12/23/2022,WJF,CA,AWP,WE,Federal Contract Tower,0,1,0,0,1,0,1,46,0,47,0,2,46,0,48,78,0,78,126
12/24/2022,WJF,CA,AWP,WE,Federal Contract Tower,0,0,0,0,0,0,0,70,0,70,0,0,70,0,70,100,0,100,170
12/25/2022,WJF,CA,AWP,WE,Federal Contract Tower,0,0,6,0,6,0,0,18,0,18,0,0,24,0,24,24,0,24,48
12/26/2022,WJF,CA,AWP,WE,Federal Contract Tower,0,0,4,0,4,0,0,57,0,57,0,0,61,0,61,82,0,82,143
12/27/2022,WJF,CA,AWP,WE,Federal Contract Tower,0,1,0,0,1,0,3,9,2,14,0,4,9,2,15,8,0,8,23
12/28/2022,WJF,CA,AWP,WE,Federal Contract Tower,0,1,4,0,5,0,1,33,0,34,0,2,37,0,39,44,0,44,83
12/29/2022,WJF,CA,AWP,WE,Federal Contract Tower,0,2,5,1,8,0,0,10,4,14,0,2,15,5,22,50,6,56,78
12/30/2022,WJF,CA,AWP,WE,Federal Contract Tower,0,0,0,0,0,0,1,5,0,6,0,1,5,0,6,16,0,16,22
12/31/2022,WJF,CA,AWP,WE,Federal Contract Tower,0,0,4,0,4,0,0,5,0,5,0,0,9,0,9,0,0,0,9
01/01/2023,WJF,CA,AWP,WE,Federal Contract Tower,0,0,2,0,2,0,0,12,0,12,0,0,14,0,14,14,0,14,28
01/02/2023,WJF,CA,AWP,WE,Federal Contract Tower,0,0,7,0,7,0,2,50,0,52,0,2,57,0,59,90,0,90,149
01/03/2023,WJF,CA,AWP,WE,Federal Contract Tower,0,0,6,0,6,0,0,20,0,20,0,0,26,0,26,4,0,4,30
01/04/2023,WJF,CA,AWP,WE,Federal Contract Tower,0,1,2,1,4,0,1,5,1,7,0,2,7,2,11,4,0,4,15
01/05/2023,WJF,CA,AWP,WE,Federal Contract Tower,0,1,0,2,3,0,1,0,0,1,0,2,0,2,4,0,2,2,6
01/06/2023,WJF,CA,AWP,WE,Federal Contract Tower,0,0,6,0,6,0,0,76,0,76,0,0,82,0,82,130,0,130,212
01/07/2023,WJF,CA,AWP,WE,Federal Contract Tower,0,0,3,0,3,0,0,95,0,95,0,0,98,0,98,166,0,166,264
01/08/2023,WJF,CA,AWP,WE,Federal Contract Tower,0,0,2,0,2,0,0,36,0,36,0,0,38,0,38,30,0,30,68
01/09/2023,WJF,CA,AWP,WE,Federal Contract Tower,0,4,0,4,8,0,0,0,0,0,0,4,0,4,8,0,0,0,8
01/10/2023,WJF,CA,AWP,WE,Federal Contract Tower,0,1,0,2,3,0,1,0,0,1,0,2,0,2,4,0,0,0,4
01/11/2023,WJF,CA,AWP,WE,Federal Contract Tower,0,1,2,20,23,0,1,48,0,49,0,2,50,20,72,78,6,84,156
01/12/2023,WJF,CA,AWP,WE,Federal Contract Tower,0,1,7,4,12,0,1,60,3,64,0,2,67,7,76,122,0,122,198
01/13/2023,WJF,CA,AWP,WE,Federal Contract Tower,0,1,3,2,6,0,1,106,10,117,0,2,109,12,123,172,0,172,295
01/14/2023,WJF,CA,AWP,WE,Federal Contract Tower,0,0,0,0,0,0,0,3,0,3,0,0,3,0,3,0,0,0,3
01/15/2023,WJF,CA,AWP,WE,Federal Contract Tower,0,0,1,0,1,0,0,13,0,13,0,0,14,0,14,34,0,34,48
01/16/2023,WJF,CA,AWP,WE,Federal Contract Tower,0,2,3,0,5,0,0,2,0,2,0,2,5,0,7,16,0,16,23
01/17/2023,WJF,CA,AWP,WE,Federal Contract Tower,0,2,4,2,8,0,1,29,2,32,0,3,33,4,40,26,0,26,66
01/18/2023,WJF,CA,AWP,WE,Federal Contract Tower,0,1,5,0,6,0,1,74,0,75,0,2,79,0,81,164,0,164,245
01/19/2023,WJF,CA,AWP,WE,Federal Contract Tower,0,1,7,0,8,0,1,28,4,33,0,2,35,4,41,28,12,40,81
01/20/2023,WJF,CA,AWP,WE,Federal Contract Tower,0,1,17,0,18,0,1,78,0,79,0,2,95,0,97,124,2,126,223
01/21/2023,WJF,CA,AWP,WE,Federal Contract Tower,0,0,2,0,2,0,0,123,0,123,0,0,125,0,125,100,0,100,225
01/22/2023,WJF,CA,AWP,WE,Federal Contract Tower,0,0,0,0,0,0,0,26,0,26,0,0,26,0,26,10,0,10,36
01/23/2023,WJF,CA,AWP,WE,Federal Contract Tower,0,1,5,4,10,0,1,68,0,69,0,2,73,4,79,64,0,64,143
01/24/2023,WJF,CA,AWP,WE,Federal Contract Tower,0,1,5,2,8,0,0,76,0,76,0,1,81,2,84,56,0,56,140
01/25/2023,WJF,CA,AWP,WE,Federal Contract Tower,0,0,1,0,1,0,0,76,0,76,0,0,77,0,77,152,2,154,231
01/26/2023,WJF,CA,AWP,WE,Federal Contract Tower,0,2,0,0,2,0,0,41,0,41,0,2,41,0,43,20,0,20,63
01/27/2023,WJF,CA,AWP,WE,Federal Contract Tower,0,0,6,0,6,0,3,131,3,137,0,3,137,3,143,84,0,84,227
01/28/2023,WJF,CA,AWP,WE,Federal Contract Tower,0,0,7,0,7,0,0,144,0,144,0,0,151,0,151,74,0,74,225
01/29/2023,WJF,CA,AWP,WE,Federal Contract Tower,0,0,0,0,0,0,0,9,0,9,0,0,9,0,9,6,0,6,15
01/30/2023,WJF,CA,AWP,WE,Federal Contract Tower,0,1,4,0,5,0,1,8,0,9,0,2,12,0,14,24,0,24,38
01/31/2023,WJF,CA,AWP,WE,Federal Contract Tower,0,0,0,0,0,0,0,45,0,45,0,0,45,0,45,112,0,112,157
02/01/2023,WJF,CA,AWP,WE,Federal Contract Tower,0,0,2,2,4,0,0,41,0,41,0,0,43,2,45,18,0,18,63
02/02/2023,WJF,CA,AWP,WE,Federal Contract Tower,0,0,0,0,0,0,1,73,0,74,0,1,73,0,74,96,0,96,170
02/03/2023,WJF,CA,AWP,WE,Federal Contract Tower,0,1,3,0,4,0,1,110,0,111,0,2,113,0,115,68,0,68,183
02/04/2023,WJF,CA,AWP,WE,Federal Contract Tower,0,0,6,0,6,0,0,84,0,84,0,0,90,0,90,74,0,74,164
02/05/2023,WJF,CA,AWP,WE,Federal Contract Tower,0,0,5,0,5,0,2,15,0,17,0,2,20,0,22,4,0,4,26
02/06/2023,WJF,CA,AWP,WE,Federal Contract Tower,0,0,6,1,7,0,2,23,1,26,0,2,29,2,33,24,24,48,81
02/07/2023,WJF,CA,AWP,WE,Federal Contract Tower,0,0,8,0,8,0,2,50,0,52,0,2,58,0,60,38,0,38,98
02/08/2023,WJF,CA,AWP,WE,Federal Contract Tower,0,1,15,2,18,0,1,86,0,87,0,2,101,2,105,68,0,68,173
02/09/2023,WJF,CA,AWP,WE,Federal Contract Tower,0,1,2,0,3,0,1,55,2,58,0,2,57,2,61,40,0,40,101
02/10/2023,WJF,CA,AWP,WE,Federal Contract Tower,0,1,4,0,5,0,1,91,0,92,0,2,95,0,97,62,0,62,159
02/11/2023,WJF,CA,AWP,WE,Federal Contract Tower,0,0,4,0,4,0,0,77,0,77,0,0,81,0,81,128,0,128,209
02/12/2023,WJF,CA,AWP,WE,Federal Contract Tower,0,0,8,0,8,0,0,66,0,66,0,0,74,0,74,100,0,100,174
02/13/2023,WJF,CA,AWP,WE,Federal Contract Tower,0,1,2,0,3,0,1,32,0,33,0,2,34,0,36,26,0,26,62
02/14/2023,WJF,CA,AWP,WE,Federal Contract Tower,0,2,2,0,4,0,0,1,0,1,0,2,3,0,5,0,0,0,5
02/15/2023,WJF,CA,AWP,WE,Federal Contract Tower,0,1,1,1,3,0,1,39,1,41,0,2,40,2,44,4,0,4,48
02/16/2023,WJF,CA,AWP,WE,Federal Contract Tower,0,4,4,0,8,0,1,49,0,50,0,5,53,0,58,8,0,8,66
02/17/2023,WJF,CA,AWP,WE,Federal Contract Tower,0,2,4,0,6,0,1,66,0,67,0,3,70,0,73,36,0,36,109
02/18/2023,WJF,CA,AWP,WE,Federal Contract Tower,0,1,14,0,15,0,0,100,0,100,0,1,114,0,115,130,0,130,245
02/19/2023,WJF,CA,AWP,WE,Federal Contract Tower,0,0,8,0,8,0,0,93,0,93,0,0,101,0,101,114,0,114,215
02/20/2023,WJF,CA,AWP,WE,Federal Contract Tower,0,1,3,0,4,0,1,74,0,75,0,2,77,0,79,86,0,86,165
02/21/2023,WJF,CA,AWP,WE,Federal Contract Tower,0,1,2,0,3,0,1,13,0,14,0,2,15,0,17,18,0,18,35
02/22/2023,WJF,CA,AWP,WE,Federal Contract Tower,0,2,0,0,2,0,0,2,0,2,0,2,2,0,4,0,0,0,4
02/23/2023,WJF,CA,AWP,WE,Federal Contract Tower,0,3,1,0,4,0,0,12,0,12,0,3,13,0,16,0,0,0,16
02/24/2023,WJF,CA,AWP,WE,Federal Contract Tower,0,0,2,0,2,0,0,7,0,7,0,0,9,0,9,0,0,0,9
02/25/2023,WJF,CA,AWP,WE,Federal Contract Tower,0,0,0,0,0,0,0,7,0,7,0,0,7,0,7,0,0,0,7
02/26/2023,WJF,CA,AWP,WE,Federal Contract Tower,0,0,1,0,1,0,0,61,0,61,0,0,62,0,62,42,0,42,104
02/27/2023,WJF,CA,AWP,WE,Federal Contract Tower,0,4,0,0,4,0,0,10,0,10,0,4,10,0,14,0,0,0,14
02/28/2023,WJF,CA,AWP,WE,Federal Contract Tower,0,1,3,0,4,0,1,4,0,5,0,2,7,0,9,16,0,16,25
03/01/2023,WJF,CA,AWP,WE,Federal Contract Tower,0,1,0,0,1,0,5,3,0,8,0,6,3,0,9,6,0,6,15
03/02/2023,WJF,CA,AWP,WE,Federal Contract Tower,0,1,6,0,7,0,1,83,0,84,0,2,89,0,91,86,0,86,177
03/03/2023,WJF,CA,AWP,WE,Federal Contract Tower,0,3,3,0,6,0,0,93,0,93,0,3,96,0,99,88,0,88,187
03/04/2023,WJF,CA,AWP,WE,Federal Contract Tower,0,0,8,0,8,0,0,16,0,16,0,0,24,0,24,0,0,0,24
03/05/2023,WJF,CA,AWP,WE,Federal Contract Tower,0,0,0,0,0,0,0,11,0,11,0,0,11,0,11,14,0,14,25
03/06/2023,WJF,CA,AWP,WE,Federal Contract Tower,0,1,2,0,3,0,1,13,0,14,0,2,15,0,17,12,0,12,29
03/07/2023,WJF,CA,AWP,WE,Federal Contract Tower,0,1,8,6,15,0,1,30,0,31,0,2,38,6,46,34,0,34,80
03/08/2023,WJF,CA,AWP,WE,Federal Contract Tower,0,1,14,0,15,0,1,35,0,36,0,2,49,0,51,8,0,8,59
03/09/2023,WJF,CA,AWP,WE,Federal Contract Tower,0,1,3,1,5,0,1,76,1,78,0,2,79,2,83,216,1,217,300
03/10/2023,WJF,CA,AWP,WE,Federal Contract Tower,0,1,4,0,5,0,1,3,0,4,0,2,7,0,9,0,0,0,9
03/11/2023,WJF,CA,AWP,WE,Federal Contract Tower,0,0,6,0,6,0,0,51,0,51,0,0,57,0,57,30,0,30,87
03/12/2023,WJF,CA,AWP,WE,Federal Contract Tower,0,0,4,0,4,0,0,89,0,89,0,0,93,0,93,192,0,192,285
03/13/2023,WJF,CA,AWP,WE,Federal Contract Tower,0,1,5,2,8,0,2,68,0,70,0,3,73,2,78,118,0,118,196
03/14/2023,WJF,CA,AWP,WE,Federal Contract Tower,0,2,7,0,9,0,0,9,0,9,0,2,16,0,18,46,0,46,64
03/15/2023,WJF,CA,AWP,WE,Federal Contract Tower,0,1,9,0,10,0,1,9,2,12,0,2,18,2,22,0,4,4,26
03/16/2023,WJF,CA,AWP,WE,Federal Contract Tower,0,1,8,8,17,0,9,86,0,95,0,10,94,8,112,198,6,204,316
03/17/2023,WJF,CA,AWP,WE,Federal Contract Tower,0,3,3,2,8,0,3,102,0,105,0,6,105,2,113,222,0,222,335
03/18/2023,WJF,CA,AWP,WE,Federal Contract Tower,0,0,5,0,5,0,0,120,0,120,0,0,125,0,125,208,0,208,333
03/19/2023,WJF,CA,AWP,WE,Federal Contract Tower,0,0,7,0,7,0,0,22,0,22,0,0,29,0,29,22,0,22,51
03/20/2023,WJF,CA,AWP,WE,Federal Contract Tower,0,1,3,2,6,0,1,23,0,24,0,2,26,2,30,12,2,14,44
03/21/2023,WJF,CA,AWP,WE,Federal Contract Tower,0,3,0,0,3,0,2,0,0,2,0,5,0,0,5,16,0,16,21
03/22/2023,WJF,CA,AWP,WE,Federal Contract Tower,0,1,4,6,11,0,0,5,0,5,0,1,9,6,16,36,0,36,52
03/23/2023,WJF,CA,AWP,WE,Federal Contract Tower,0,0,8,6,14,0,1,35,0,36,0,1,43,6,50,52,0,52,102
03/24/2023,WJF,CA,AWP,WE,Federal Contract Tower,0,0,2,4,6,0,1,38,0,39,0,1,40,4,45,22,2,24,69
03/25/2023,WJF,CA,AWP,WE,Federal Contract Tower,0,0,9,0,9,0,0,89,0,89,0,0,98,0,98,118,0,118,216
03/26/2023,WJF,CA,AWP,WE,Federal Contract Tower,0,1,3,0,4,0,0,58,0,58,0,1,61,0,62,82,0,82,144
03/27/2023,WJF,CA,AWP,WE,Federal Contract Tower,0,1,6,1,8,0,1,59,1,61,0,2,65,2,69,28,0,28,97
03/28/2023,WJF,CA,AWP,WE,Federal Contract Tower,0,3,4,2,9,0,1,73,0,74,0,4,77,2,83,122,0,122,205
03/29/2023,WJF,CA,AWP,WE,Federal Contract Tower,0,1,2,0,3,0,1,3,0,4,0,2,5,0,7,8,0,8,15
03/30/2023,WJF,CA,AWP,WE,Federal Contract Tower,0,2,0,8,10,0,0,11,0,11,0,2,11,8,21,38,0,38,59
03/31/2023,WJF,CA,AWP,WE,Federal Contract Tower,0,1,4,4,9,0,1,114,2,117,0,2,118,6,126,140,0,140,266
04/01/2023,WJF,CA,AWP,WE,Federal Contract Tower,0,1,5,0,6,0,0,118,0,118,0,1,123,0,124,202,0,202,326
04/02/2023,WJF,CA,AWP,WE,Federal Contract Tower,0,1,12,0,13,0,0,54,0,54,0,1,66,0,67,62,0,62,129
04/03/2023,WJF,CA,AWP,WE,Federal Contract Tower,0,0,1,0,1,0,0,2,0,2,0,0,3,0,3,0,0,0,3
04/04/2023,WJF,CA,AWP,WE,Federal Contract Tower,0,1,3,2,6,0,1,34,0,35,0,2,37,2,41,46,0,46,87
04/05/2023,WJF,CA,AWP,WE,Federal Contract Tower,0,1,6,10,17,0,1,96,3,100,0,2,102,13,117,120,0,120,237
04/06/2023,WJF,CA,AWP,WE,Federal Contract Tower,0,1,4,6,11,0,1,89,0,90,0,2,93,6,101,182,0,182,283
04/07/2023,WJF,CA,AWP,WE,Federal Contract Tower,0,1,4,0,5,0,1,116,0,117,0,2,120,0,122,194,0,194,316
04/08/2023,WJF,CA,AWP,WE,Federal Contract Tower,0,1,5,0,6,0,0,128,0,128,0,1,133,0,134,130,0,130,264
04/09/2023,WJF,CA,AWP,WE,Federal Contract Tower,0,1,2,0,3,0,0,89,0,89,0,1,91,0,92,70,0,70,162
04/10/2023,WJF,CA,AWP,WE,Federal Contract Tower,0,1,10,0,11,0,1,68,0,69,0,2,78,0,80,90,0,90,170
04/11/2023,WJF,CA,AWP,WE,Federal Contract Tower,0,1,5,2,8,0,1,52,3,56,0,2,57,5,64,120,2,122,186
04/12/2023,WJF,CA,AWP,WE,Federal Contract Tower,0,1,1,1,3,0,1,25,1,27,0,2,26,2,30,48,0,48,78
04/13/2023,WJF,CA,AWP,WE,Federal Contract Tower,0,1,0,4,5,0,1,10,0,11,0,2,10,4,16,0,0,0,16
04/14/2023,WJF,CA,AWP,WE,Federal Contract Tower,0,1,3,2,6,0,1,86,2,89,0,2,89,4,95,78,6,84,179
04/15/2023,WJF,CA,AWP,WE,Federal Contract Tower,0,0,8,0,8,0,0,138,0,138,0,0,146,0,146,102,0,102,248
04/16/2023,WJF,CA,AWP,WE,Federal Contract Tower,0,0,5,0,5,0,0,87,0,87,0,0,92,0,92,62,0,62,154
04/17/2023,WJF,CA,AWP,WE,Federal Contract Tower,0,1,8,4,13,0,1,25,2,28,0,2,33,6,41,0,8,8,49
04/18/2023,WJF,CA,AWP,WE,Federal Contract Tower,0,1,6,2,9,0,1,25,0,26,0,2,31,2,35,18,0,18,53
04/19/2023,WJF,CA,AWP,WE,Federal Contract Tower,0,1,13,0,14,0,1,28,0,29,0,2,41,0,43,14,0,14,57
04/20/2023,WJF,CA,AWP,WE,Federal Contract Tower,0,2,6,5,13,0,1,95,1,97,0,3,101,6,110,148,14,162,272
04/21/2023,WJF,CA,AWP,WE,Federal Contract Tower,0,0,1,4,5,0,0,88,0,88,0,0,89,4,93,138,4,142,235
04/22/2023,WJF,CA,AWP,WE,Federal Contract Tower,0,0,7,0,7,0,0,116,0,116,0,0,123,0,123,164,0,164,287
04/23/2023,WJF,CA,AWP,WE,Federal Contract Tower,0,0,3,0,3,0,0,57,0,57,0,0,60,0,60,56,0,56,116
04/24/2023,WJF,CA,AWP,WE,Federal Contract Tower,0,1,4,1,6,0,3,17,0,20,0,4,21,1,26,4,0,4,30
04/25/2023,WJF,CA,AWP,WE,Federal Contract Tower,0,1,15,0,16,0,1,46,1,48,0,2,61,1,64,118,0,118,182
04/26/2023,WJF,CA,AWP,WE,Federal Contract Tower,0,2,11,1,14,0,1,71,1,73,0,3,82,2,87,94,2,96,183
04/27/2023,WJF,CA,AWP,WE,Federal Contract Tower,0,2,8,0,10,0,1,50,0,51,0,3,58,0,61,94,0,94,155
04/28/2023,WJF,CA,AWP,WE,Federal Contract Tower,0,1,10,0,11,0,1,87,0,88,0,2,97,0,99,112,0,112,211
04/29/2023,WJF,CA,AWP,WE,Federal Contract Tower,0,0,12,0,12,0,0,142,0,142,0,0,154,0,154,96,0,96,250
04/30/2023,WJF,CA,AWP,WE,Federal Contract Tower,0,0,3,0,3,0,0,63,0,63,0,0,66,0,66,46,0,46,112
05/01/2023,WJF,CA,AWP,WE,Federal Contract Tower,0,1,0,0,1,0,1,15,0,16,0,2,15,0,17,0,0,0,17
05/02/2023,WJF,CA,AWP,WE,Federal Contract Tower,0,1,4,0,5,0,1,21,0,22,0,2,25,0,27,10,0,10,37
05/03/2023,WJF,CA,AWP,WE,Federal Contract Tower,0,1,1,0,2,0,1,23,2,26,0,2,24,2,28,62,0,62,90
05/04/2023,WJF,CA,AWP,WE,Federal Contract Tower,0,2,2,0,4,0,0,5,0,5,0,2,7,0,9,2,0,2,11
05/05/2023,WJF,CA,AWP,WE,Federal Contract Tower,0,1,2,0,3,0,1,34,0,35,0,2,36,0,38,34,0,34,72
05/06/2023,WJF,CA,AWP,WE,Federal Contract Tower,0,0,7,0,7,0,0,58,0,58,0,0,65,0,65,84,0,84,149
05/07/2023,WJF,CA,AWP,WE,Federal Contract Tower,0,0,2,0,2,0,0,48,0,48,0,0,50,0,50,26,0,26,76
05/08/2023,WJF,CA,AWP,WE,Federal Contract Tower,0,1,4,0,5,0,1,30,0,31,0,2,34,0,36,48,0,48,84
05/09/2023,WJF,CA,AWP,WE,Federal Contract Tower,0,1,11,2,14,0,1,32,0,33,0,2,43,2,47,52,0,52,99
05/10/2023,WJF,CA,AWP,WE,Federal Contract Tower,0,3,4,0,7,0,1,28,0,29,0,4,32,0,36,38,0,38,74
05/11/2023,WJF,CA,AWP,WE,Federal Contract Tower,0,1,5,4,10,0,1,70,0,71,0,2,75,4,81,142,0,142,223
05/12/2023,WJF,CA,AWP,WE,Federal Contract Tower,0,1,5,4,10,0,1,81,2,84,0,2,86,6,94,68,0,68,162
05/13/2023,WJF,CA,AWP,WE,Federal Contract Tower,0,0,5,0,5,0,0,127,0,127,0,0,132,0,132,98,0,98,230
05/14/2023,WJF,CA,AWP,WE,Federal Contract Tower,0,0,1,0,1,0,0,45,0,45,0,0,46,0,46,88,0,88,134
05/15/2023,WJF,CA,AWP,WE,Federal Contract Tower,0,0,10,2,12,0,0,70,0,70,0,0,80,2,82,112,0,112,194
05/16/2023,WJF,CA,AWP,WE,Federal Contract Tower,0,1,11,8,20,0,0,69,2,71,0,1,80,10,91,110,8,118,209
05/17/2023,WJF,CA,AWP,WE,Federal Contract Tower,0,5,8,4,17,0,1,45,0,46,0,6,53,4,63,96,0,96,159
05/18/2023,WJF,CA,AWP,WE,Federal Contract Tower,0,1,5,6,12,0,1,33,2,36,0,2,38,8,48,92,0,92,140
05/19/2023,WJF,CA,AWP,WE,Federal Contract Tower,0,1,5,8,14,0,1,51,0,52,0,2,56,8,66,48,0,48,114
05/20/2023,WJF,CA,AWP,WE,Federal Contract Tower,0,0,5,0,5,0,0,114,0,114,0,0,119,0,119,88,0,88,207
05/21/2023,WJF,CA,AWP,WE,Federal Contract Tower,0,0,12,0,12,0,0,84,0,84,0,0,96,0,96,142,0,142,238
05/22/2023,WJF,CA,AWP,WE,Federal Contract Tower,0,1,0,2,3,0,1,32,0,33,0,2,32,2,36,40,0,40,76
05/23/2023,WJF,CA,AWP,WE,Federal Contract Tower,0,1,5,4,10,0,1,38,0,39,0,2,43,4,49,26,12,38,87
05/24/2023,WJF,CA,AWP,WE,Federal Contract Tower,0,1,3,3,7,0,1,58,2,61,0,2,61,5,68,24,0,24,92
05/25/2023,WJF,CA,AWP,WE,Federal Contract Tower,0,1,4,1,6,0,1,58,1,60,0,2,62,2,66,106,0,106,172
05/26/2023,WJF,CA,AWP,WE,Federal Contract Tower,0,2,8,0,10,0,1,38,0,39,0,3,46,0,49,26,0,26,75
05/27/2023,WJF,CA,AWP,WE,Federal Contract Tower,0,0,3,0,3,0,0,75,0,75,0,0,78,0,78,118,0,118,196
05/28/2023,WJF,CA,AWP,WE,Federal Contract Tower,0,0,5,0,5,0,0,62,0,62,0,0,67,0,67,68,0,68,135
05/29/2023,WJF,CA,AWP,WE,Federal Contract Tower,0,0,2,0,2,0,0,50,0,50,0,0,52,0,52,30,0,30,82
05/30/2023,WJF,CA,AWP,WE,Federal Contract Tower,0,1,1,0,2,0,1,28,0,29,0,2,29,0,31,50,8,58,89
05/31/2023,WJF,CA,AWP,WE,Federal Contract Tower,0,1,2,0,3,0,1,9,0,10,0,2,11,0,13,0,2,2,15
06/01/2023,WJF,CA,AWP,WE,Federal Contract Tower,0,1,4,0,5,0,1,40,0,41,0,2,44,0,46,18,0,18,64
06/02/2023,WJF,CA,AWP,WE,Federal Contract Tower,0,1,5,0,6,0,1,70,0,71,0,2,75,0,77,106,0,106,183
06/03/2023,WJF,CA,AWP,WE,Federal Contract Tower,0,0,2,0,2,0,0,140,0,140,0,0,142,0,142,160,0,160,302
06/04/2023,WJF,CA,AWP,WE,Federal Contract Tower,0,0,8,0,8,0,0,65,0,65,0,0,73,0,73,94,0,94,167
06/05/2023,WJF,CA,AWP,WE,Federal Contract Tower,0,1,3,0,4,0,1,43,0,44,0,2,46,0,48,66,0,66,114
06/06/2023,WJF,CA,AWP,WE,Federal Contract Tower,0,1,7,0,8,0,1,34,0,35,0,2,41,0,43,74,0,74,117
06/07/2023,WJF,CA,AWP,WE,Federal Contract Tower,0,6,9,5,20,0,1,39,1,41,0,7,48,6,61,66,2,68,129
06/08/2023,WJF,CA,AWP,WE,Federal Contract Tower,0,0,8,1,9,0,1,74,3,78,0,1,82,4,87,130,2,132,219
06/09/2023,WJF,CA,AWP,WE,Federal Contract Tower,0,2,7,2,11,0,3,61,0,64,0,5,68,2,75,71,0,71,146
06/10/2023,WJF,CA,AWP,WE,Federal Contract Tower,0,0,16,0,16,0,0,72,0,72,0,0,88,0,88,122,0,122,210
06/11/2023,WJF,CA,AWP,WE,Federal Contract Tower,0,0,7,0,7,0,0,11,0,11,0,0,18,0,18,34,0,34,52
06/12/2023,WJF,CA,AWP,WE,Federal Contract Tower,0,1,8,0,9,0,1,41,0,42,0,2,49,0,51,20,0,20,71
06/13/2023,WJF,CA,AWP,WE,Federal Contract Tower,0,1,1,0,2,0,1,79,0,80,0,2,80,0,82,68,0,68,150
06/14/2023,WJF,CA,AWP,WE,Federal Contract Tower,0,1,14,2,17,0,1,74,0,75,0,2,88,2,92,112,0,112,204
06/15/2023,WJF,CA,AWP,WE,Federal Contract Tower,0,2,0,0,2,0,1,62,0,63,0,3,62,0,65,58,0,58,123
06/16/2023,WJF,CA,AWP,WE,Federal Contract Tower,0,1,3,0,4,0,0,139,0,139,0,1,142,0,143,174,0,174,317
06/17/2023,WJF,CA,AWP,WE,Federal Contract Tower,0,0,9,0,9,0,0,122,0,122,0,0,131,0,131,124,0,124,255
06/18/2023,WJF,CA,AWP,WE,Federal Contract Tower,0,0,0,0,0,0,0,29,0,29,0,0,29,0,29,84,0,84,113
06/19/2023,WJF,CA,AWP,WE,Federal Contract Tower,0,0,5,0,5,0,0,17,3,20,0,0,22,3,25,8,0,8,33
06/20/2023,WJF,CA,AWP,WE,Federal Contract Tower,0,1,6,0,7,0,1,35,0,36,0,2,41,0,43,36,0,36,79
06/21/2023,WJF,CA,AWP,WE,Federal Contract Tower,0,1,8,0,9,0,1,49,0,50,0,2,57,0,59,58,0,58,117
06/22/2023,WJF,CA,AWP,WE,Federal Contract Tower,0,1,5,2,8,0,1,31,0,32,0,2,36,2,40,26,0,26,66
06/23/2023,WJF,CA,AWP,WE,Federal Contract Tower,0,2,2,4,8,0,4,62,0,66,0,6,64,4,74,56,0,56,130
06/24/2023,WJF,CA,AWP,WE,Federal Contract Tower,0,0,10,0,10,0,0,142,0,142,0,0,152,0,152,204,0,204,356
06/25/2023,WJF,CA,AWP,WE,Federal Contract Tower,0,0,6,0,6,0,0,45,0,45,0,0,51,0,51,128,0,128,179
06/26/2023,WJF,CA,AWP,WE,Federal Contract Tower,0,1,9,2,12,0,1,32,0,33,0,2,41,2,45,30,0,30,75
06/27/2023,WJF,CA,AWP,WE,Federal Contract Tower,0,1,8,6,15,0,1,56,0,57,0,2,64,6,72,34,0,34,106
06/28/2023,WJF,CA,AWP,WE,Federal Contract Tower,0,1,2,8,11,0,1,41,0,42,0,2,43,8,53,90,0,90,143
06/29/2023,WJF,CA,AWP,WE,Federal Contract Tower,0,1,13,2,16,0,1,56,0,57,0,2,69,2,73,92,0,92,165
06/30/2023,WJF,CA,AWP,WE,Federal Contract Tower,0,1,2,6,9,0,1,79,0,80,0,2,81,6,89,120,0,120,209
07/01/2023,WJF,CA,AWP,WE,Federal Contract Tower,0,0,2,0,2,0,0,64,0,64,0,0,66,0,66,112,0,112,178
07/02/2023,WJF,CA,AWP,WE,Federal Contract Tower,0,0,8,0,8,0,0,70,0,70,0,0,78,0,78,114,0,114,192
07/03/2023,WJF,CA,AWP,WE,Federal Contract Tower,0,1,0,0,1,0,1,58,0,59,0,2,58,0,60,78,0,78,138
07/04/2023,WJF,CA,AWP,WE,Federal Contract Tower,0,0,3,0,3,0,0,41,0,41,0,0,44,0,44,58,0,58,102
07/05/2023,WJF,CA,AWP,WE,Federal Contract Tower,0,1,2,0,3,0,1,48,0,49,0,2,50,0,52,92,0,92,144
07/06/2023,WJF,CA,AWP,WE,Federal Contract Tower,0,1,1,4,6,0,1,45,0,46,0,2,46,4,52,96,0,96,148
07/07/2023,WJF,CA,AWP,WE,Federal Contract Tower,0,0,3,0,3,0,0,81,0,81,0,0,84,0,84,64,0,64,148
07/08/2023,WJF,CA,AWP,WE,Federal Contract Tower,0,0,4,0,4,0,0,78,0,78,0,0,82,0,82,78,0,78,160
07/09/2023,WJF,CA,AWP,WE,Federal Contract Tower,0,0,5,0,5,0,0,57,0,57,0,0,62,0,62,80,0,80,142
07/10/2023,WJF,CA,AWP,WE,Federal Contract Tower,0,1,6,0,7,0,1,42,0,43,0,2,48,0,50,36,0,36,86
07/11/2023,WJF,CA,AWP,WE,Federal Contract Tower,0,1,7,2,10,0,1,74,0,75,0,2,81,2,85,84,0,84,169
07/12/2023,WJF,CA,AWP,WE,Federal Contract Tower,0,1,3,0,4,0,1,52,0,53,0,2,55,0,57,46,0,46,103
07/13/2023,WJF,CA,AWP,WE,Federal Contract Tower,0,1,1,2,4,0,1,51,0,52,0,2,52,2,56,18,0,18,74
07/14/2023,WJF,CA,AWP,WE,Federal Contract Tower,0,9,12,0,21,0,1,88,0,89,0,10,100,0,110,106,0,106,216
07/15/2023,WJF,CA,AWP,WE,Federal Contract Tower,0,0,0,0,0,0,0,90,0,90,0,0,90,0,90,134,0,134,224
07/16/2023,WJF,CA,AWP,WE,Federal Contract Tower,0,0,3,0,3,0,0,55,0,55,0,0,58,0,58,78,0,78,136
07/17/2023,WJF,CA,AWP,WE,Federal Contract Tower,0,1,2,6,9,0,1,29,3,33,0,2,31,9,42,24,0,24,66
07/18/2023,WJF,CA,AWP,WE,Federal Contract Tower,0,2,2,4,8,0,0,34,4,38,0,2,36,8,46,46,2,48,94
07/19/2023,WJF,CA,AWP,WE,Federal Contract Tower,0,1,1,0,2,0,1,69,0,70,0,2,70,0,72,60,0,60,132
07/20/2023,WJF,CA,AWP,WE,Federal Contract Tower,0,1,0,0,1,0,1,48,0,49,0,2,48,0,50,82,0,82,132
07/21/2023,WJF,CA,AWP,WE,Federal Contract Tower,0,1,6,0,7,0,1,65,0,66,0,2,71,0,73,54,0,54,127
07/22/2023,WJF,CA,AWP,WE,Federal Contract Tower,0,0,2,0,2,0,0,65,0,65,0,0,67,0,67,96,0,96,163
07/23/2023,WJF,CA,AWP,WE,Federal Contract Tower,0,0,2,0,2,0,0,51,0,51,0,0,53,0,53,84,0,84,137
07/24/2023,WJF,CA,AWP,WE,Federal Contract Tower,0,1,12,0,13,0,1,52,0,53,0,2,64,0,66,60,0,60,126
07/25/2023,WJF,CA,AWP,WE,Federal Contract Tower,0,1,7,0,8,0,1,69,0,70,0,2,76,0,78,56,0,56,134
07/26/2023,WJF,CA,AWP,WE,Federal Contract Tower,0,1,1,0,2,0,1,48,0,49,0,2,49,0,51,72,0,72,123
07/27/2023,WJF,CA,AWP,WE,Federal Contract Tower,0,1,0,0,1,0,1,63,0,64,0,2,63,0,65,96,2,98,163
07/28/2023,WJF,CA,AWP,WE,Federal Contract Tower,0,1,4,0,5,0,1,55,0,56,0,2,59,0,61,124,0,124,185
07/29/2023,WJF,CA,AWP,WE,Federal Contract Tower,0,0,6,0,6,0,0,119,0,119,0,0,125,0,125,84,0,84,209
07/30/2023,WJF,CA,AWP,WE,Federal Contract Tower,0,0,1,0,1,0,0,72,0,72,0,0,73,0,73,82,0,82,155
07/31/2023,WJF,CA,AWP,WE,Federal Contract Tower,0,1,1,2,4,0,1,48,0,49,0,2,49,2,53,64,0,64,117
08/01/2023,WJF,CA,AWP,WE,Federal Contract Tower,0,1,7,2,10,0,1,54,0,55,0,2,61,2,65,82,0,82,147
08/02/2023,WJF,CA,AWP,WE,Federal Contract Tower,0,1,1,0,2,0,1,128,0,129,0,2,129,0,131,54,4,58,189
08/03/2023,WJF,CA,AWP,WE,Federal Contract Tower,0,1,1,0,2,0,1,47,1,49,0,2,48,1,51,74,38,112,163
08/04/2023,WJF,CA,AWP,WE,Federal Contract Tower,0,1,5,0,6,0,1,106,0,107,0,2,111,0,113,80,0,80,193
08/05/2023,WJF,CA,AWP,WE,Federal Contract Tower,0,0,10,0,10,0,0,113,0,113,0,0,123,0,123,126,0,126,249
08/06/2023,WJF,CA,AWP,WE,Federal Contract Tower,0,0,10,0,10,0,0,74,0,74,0,0,84,0,84,60,0,60,144
08/07/2023,WJF,CA,AWP,WE,Federal Contract Tower,0,1,2,4,7,0,1,43,0,44,0,2,45,4,51,34,12,46,97
08/08/2023,WJF,CA,AWP,WE,Federal Contract Tower,0,1,3,10,14,0,1,27,0,28,0,2,30,10,42,58,0,58,100
08/09/2023,WJF,CA,AWP,WE,Federal Contract Tower,0,1,1,4,6,0,0,33,2,35,0,1,34,6,41,8,0,8,49
08/10/2023,WJF,CA,AWP,WE,Federal Contract Tower,0,1,8,5,14,0,1,33,0,34,0,2,41,5,48,62,0,62,110
08/11/2023,WJF,CA,AWP,WE,Federal Contract Tower,0,1,6,0,7,0,1,48,0,49,0,2,54,0,56,96,0,96,152
08/12/2023,WJF,CA,AWP,WE,Federal Contract Tower,0,2,7,0,9,0,0,58,0,58,0,2,65,0,67,74,0,74,141
08/13/2023,WJF,CA,AWP,WE,Federal Contract Tower,0,2,0,0,2,0,0,68,0,68,0,2,68,0,70,68,0,68,138
08/14/2023,WJF,CA,AWP,WE,Federal Contract Tower,0,1,5,0,6,0,1,42,0,43,0,2,47,0,49,30,0,30,79
08/15/2023,WJF,CA,AWP,WE,Federal Contract Tower,0,1,2,0,3,0,0,37,0,37,0,1,39,0,40,74,0,74,114
08/16/2023,WJF,CA,AWP,WE,Federal Contract Tower,0,1,5,2,8,0,1,39,0,40,0,2,44,2,48,68,0,68,116
08/17/2023,WJF,CA,AWP,WE,Federal Contract Tower,0,1,5,0,6,0,1,52,0,53,0,2,57,0,59,64,0,64,123
08/18/2023,WJF,CA,AWP,WE,Federal Contract Tower,0,1,5,2,8,0,1,68,0,69,0,2,73,2,77,78,0,78,155
08/19/2023,WJF,CA,AWP,WE,Federal Contract Tower,0,0,6,0,6,0,0,69,0,69,0,0,75,0,75,56,0,56,131
08/20/2023,WJF,CA,AWP,WE,Federal Contract Tower,0,0,1,0,1,0,0,0,0,0,0,0,1,0,1,2,0,2,3
08/21/2023,WJF,CA,AWP,WE,Federal Contract Tower,0,1,2,0,3,0,1,14,0,15,0,2,16,0,18,28,0,28,46
08/22/2023,WJF,CA,AWP,WE,Federal Contract Tower,0,3,2,2,7,0,1,59,0,60,0,4,61,2,67,48,0,48,115
08/23/2023,WJF,CA,AWP,WE,Federal Contract Tower,0,3,4,0,7,0,3,66,0,69,0,6,70,0,76,78,0,78,154
08/24/2023,WJF,CA,AWP,WE,Federal Contract Tower,0,2,3,6,11,0,1,71,2,74,0,3,74,8,85,52,12,64,149
08/25/2023,WJF,CA,AWP,WE,Federal Contract Tower,0,1,0,2,3,0,1,94,0,95,0,2,94,2,98,162,0,162,260
08/26/2023,WJF,CA,AWP,WE,Federal Contract Tower,0,0,4,0,4,0,0,106,0,106,0,0,110,0,110,154,0,154,264
08/27/2023,WJF,CA,AWP,WE,Federal Contract Tower,0,0,4,0,4,0,0,73,0,73,0,0,77,0,77,112,0,112,189
08/28/2023,WJF,CA,AWP,WE,Federal Contract Tower,0,1,6,0,7,0,1,32,0,33,0,2,38,0,40,40,0,40,80
08/29/2023,WJF,CA,AWP,WE,Federal Contract Tower,0,2,2,0,4,0,1,61,1,63,0,3,63,1,67,102,0,102,169
08/30/2023,WJF,CA,AWP,WE,Federal Contract Tower,0,1,1,4,6,0,1,58,0,59,0,2,59,4,65,76,0,76,141
08/31/2023,WJF,CA,AWP,WE,Federal Contract Tower,0,1,1,0,2,0,1,42,0,43,0,2,43,0,45,42,0,42,87
