02/01/2000,XNA,AR,ASW,CE,Federal Contract Tower,7,36,5,0,48,13,24,2,0,39,20,60,7,0,87,6,0,6,93
02/02/2000,XNA,AR,ASW,CE,Federal Contract Tower,11,51,6,2,70,3,9,9,8,29,14,60,15,10,99,0,34,34,133
02/03/2000,XNA,AR,ASW,CE,Federal Contract Tower,12,57,7,2,78,3,12,11,0,26,15,69,18,2,104,34,20,54,158
02/04/2000,XNA,AR,ASW,CE,Federal Contract Tower,14,57,8,0,79,7,0,8,0,15,21,57,16,0,94,4,0,4,98
02/05/2000,XNA,AR,ASW,CE,Federal Contract Tower,11,56,9,0,76,0,0,15,0,15,11,56,24,0,91,10,0,10,101
02/06/2000,XNA,AR,ASW,CE,Federal Contract Tower,8,59,7,3,77,0,3,1,1,5,8,62,8,4,82,4,0,4,86
02/07/2000,XNA,AR,ASW,CE,Federal Contract Tower,13,59,8,0,80,5,0,8,0,13,18,59,16,0,93,2,0,2,95
02/08/2000,XNA,AR,ASW,CE,Federal Contract Tower,10,48,6,0,64,8,16,20,0,44,18,64,26,0,108,14,0,14,122
02/09/2000,XNA,AR,ASW,CE,Federal Contract Tower,13,59,7,0,79,4,6,3,0,13,17,65,10,0,92,10,0,10,102
02/10/2000,XNA,AR,ASW,CE,Federal Contract Tower,16,60,8,0,84,4,0,12,0,16,20,60,20,0,100,0,0,0,100
02/11/2000,XNA,AR,ASW,CE,Federal Contract Tower,19,40,9,0,68,11,0,2,0,13,30,40,11,0,81,0,0,0,81
02/12/2000,XNA,AR,ASW,CE,Federal Contract Tower,9,58,7,0,74,0,0,1,0,1,9,58,8,0,75,14,0,14,89
02/13/2000,XNA,AR,ASW,CE,Federal Contract Tower,3,63,6,0,72,0,0,0,0,0,3,63,6,0,72,0,0,0,72
02/14/2000,XNA,AR,ASW,CE,Federal Contract Tower,15,51,7,4,77,16,0,10,0,26,31,51,17,4,103,0,8,8,111
02/15/2000,XNA,AR,ASW,CE,Federal Contract Tower,11,46,5,0,62,3,17,22,0,42,14,63,27,0,104,16,0,16,120
02/16/2000,XNA,AR,ASW,CE,Federal Contract Tower,13,57,6,4,80,6,0,13,20,39,19,57,19,24,119,8,102,110,229
02/17/2000,XNA,AR,ASW,CE,Federal Contract Tower,17,61,8,5,91,3,0,15,3,21,20,61,23,8,112,0,0,0,112
02/18/2000,XNA,AR,ASW,CE,Federal Contract Tower,11,55,6,0,72,0,0,9,0,9,11,55,15,0,81,0,0,0,81
02/19/2000,XNA,AR,ASW,CE,Federal Contract Tower,12,54,6,0,72,1,4,6,0,11,13,58,12,0,83,8,0,8,91
02/20/2000,XNA,AR,ASW,CE,Federal Contract Tower,9,51,6,0,66,0,8,18,0,26,9,59,24,0,92,26,0,26,118
02/21/2000,XNA,AR,ASW,CE,Federal Contract Tower,15,64,7,0,86,2,3,5,0,10,17,67,12,0,96,4,0,4,100
02/22/2000,XNA,AR,ASW,CE,Federal Contract Tower,13,60,6,0,79,0,0,8,0,8,13,60,14,0,87,0,0,0,87
02/23/2000,XNA,AR,ASW,CE,Federal Contract Tower,14,61,6,0,81,4,2,0,0,6,18,63,6,0,87,0,0,0,87
02/24/2000,XNA,AR,ASW,CE,Federal Contract Tower,12,60,6,0,78,0,1,20,0,21,12,61,26,0,99,0,0,0,99
02/25/2000,XNA,AR,ASW,CE,Federal Contract Tower,7,57,6,0,70,0,10,0,0,10,7,67,6,0,80,2,0,2,82
02/26/2000,XNA,AR,ASW,CE,Federal Contract Tower,7,47,5,0,59,0,10,3,0,13,7,57,8,0,72,0,0,0,72
02/27/2000,XNA,AR,ASW,CE,Federal Contract Tower,6,57,6,0,69,0,11,8,0,19,6,68,14,0,88,10,0,10,98
02/28/2000,XNA,AR,ASW,CE,Federal Contract Tower,12,65,7,0,84,0,5,14,0,19,12,70,21,0,103,12,0,12,115
02/29/2000,XNA,AR,ASW,CE,Federal Contract Tower,14,63,7,0,84,2,4,2,0,8,16,67,9,0,92,0,0,0,92
03/01/2000,XNA,AR,ASW,CE,Federal Contract Tower,15,68,11,3,97,0,0,13,19,32,15,68,24,22,129,0,50,50,179
03/02/2000,XNA,AR,ASW,CE,Federal Contract Tower,15,66,10,0,91,0,0,10,0,10,15,66,20,0,101,0,0,0,101
03/03/2000,XNA,AR,ASW,CE,Federal Contract Tower,15,66,9,0,90,1,5,5,0,11,16,71,14,0,101,0,0,0,101
03/04/2000,XNA,AR,ASW,CE,Federal Contract Tower,11,52,7,0,70,0,5,5,0,10,11,57,12,0,80,0,0,0,80
03/05/2000,XNA,AR,ASW,CE,Federal Contract Tower,5,57,8,0,70,0,10,3,0,13,5,67,11,0,83,22,0,22,105
03/06/2000,XNA,AR,ASW,CE,Federal Contract Tower,14,62,8,0,84,2,1,10,0,13,16,63,18,0,97,12,0,12,109
03/07/2000,XNA,AR,ASW,CE,Federal Contract Tower,15,63,10,3,91,0,0,11,7,18,15,63,21,10,109,0,42,42,151
03/08/2000,XNA,AR,ASW,CE,Federal Contract Tower,15,68,9,0,92,1,2,11,0,14,16,70,20,0,106,2,0,2,108
03/09/2000,XNA,AR,ASW,CE,Federal Contract Tower,15,63,9,2,89,2,0,1,4,7,17,63,10,6,96,14,0,14,110
03/10/2000,XNA,AR,ASW,CE,Federal Contract Tower,12,56,7,2,77,1,2,4,4,11,13,58,11,6,88,12,18,30,118
03/11/2000,XNA,AR,ASW,CE,Federal Contract Tower,7,58,8,0,73,0,1,6,0,7,7,59,14,0,80,12,0,12,92
03/12/2000,XNA,AR,ASW,CE,Federal Contract Tower,14,60,8,0,82,1,6,2,0,9,15,66,10,0,91,12,0,12,103
03/13/2000,XNA,AR,ASW,CE,Federal Contract Tower,16,65,8,3,92,4,0,7,1,12,20,65,15,4,104,20,30,50,154
03/14/2000,XNA,AR,ASW,CE,Federal Contract Tower,16,67,8,0,91,0,2,9,0,11,16,69,17,0,102,0,0,0,102
03/15/2000,XNA,AR,ASW,CE,Federal Contract Tower,16,64,9,2,91,0,0,10,0,10,16,64,19,2,101,0,28,28,129
03/16/2000,XNA,AR,ASW,CE,Federal Contract Tower,17,67,9,0,93,3,0,6,0,9,20,67,15,0,102,0,0,0,102
03/17/2000,XNA,AR,ASW,CE,Federal Contract Tower,13,57,2,0,72,3,6,0,0,9,16,63,2,0,81,0,0,0,81
03/18/2000,XNA,AR,ASW,CE,Federal Contract Tower,13,54,7,0,74,7,0,9,0,16,20,54,16,0,90,6,0,6,96
03/19/2000,XNA,AR,ASW,CE,Federal Contract Tower,4,48,6,0,58,0,9,1,0,10,4,57,7,0,68,0,0,0,68
03/20/2000,XNA,AR,ASW,CE,Federal Contract Tower,15,63,8,0,86,1,5,4,0,10,16,68,12,0,96,12,0,12,108
03/21/2000,XNA,AR,ASW,CE,Federal Contract Tower,14,58,7,0,79,3,4,3,0,10,17,62,10,0,89,0,0,0,89
03/22/2000,XNA,AR,ASW,CE,Federal Contract Tower,16,63,8,0,87,1,0,4,0,5,17,63,12,0,92,0,0,0,92
03/23/2000,XNA,AR,ASW,CE,Federal Contract Tower,15,64,8,0,87,2,0,12,0,14,17,64,20,0,101,0,0,0,101
03/24/2000,XNA,AR,ASW,CE,Federal Contract Tower,11,60,8,3,82,0,4,6,7,17,11,64,14,10,99,10,70,80,179
03/25/2000,XNA,AR,ASW,CE,Federal Contract Tower,9,56,7,0,72,0,5,8,0,13,9,61,15,0,85,10,0,10,95
03/26/2000,XNA,AR,ASW,CE,Federal Contract Tower,9,53,6,0,68,0,7,5,0,12,9,60,11,0,80,0,0,0,80
03/27/2000,XNA,AR,ASW,CE,Federal Contract Tower,14,63,7,0,84,0,4,20,0,24,14,67,27,0,108,20,0,20,128
03/28/2000,XNA,AR,ASW,CE,Federal Contract Tower,15,58,7,0,80,3,0,23,0,26,18,58,30,0,106,10,0,10,116
03/29/2000,XNA,AR,ASW,CE,Federal Contract Tower,15,65,4,2,86,1,1,0,2,4,16,66,4,4,90,0,0,0,90
03/30/2000,XNA,AR,ASW,CE,Federal Contract Tower,16,64,9,2,91,2,0,7,7,16,18,64,16,9,107,10,38,48,155
03/31/2000,XNA,AR,ASW,CE,Federal Contract Tower,16,69,9,3,97,0,0,15,6,21,16,69,24,9,118,10,42,52,170
04/01/2000,XNA,AR,ASW,CE,Federal Contract Tower,8,44,7,0,59,0,10,1,0,11,8,54,8,0,70,0,0,0,70
04/02/2000,XNA,AR,ASW,CE,Federal Contract Tower,8,51,6,0,65,0,9,0,0,9,8,60,6,0,74,0,0,0,74
04/03/2000,XNA,AR,ASW,CE,Federal Contract Tower,13,61,10,4,88,11,0,9,4,24,24,61,19,8,112,10,44,54,166
04/04/2000,XNA,AR,ASW,CE,Federal Contract Tower,14,55,10,4,83,7,0,16,6,29,21,55,26,10,112,0,38,38,150
04/05/2000,XNA,AR,ASW,CE,Federal Contract Tower,15,62,12,4,93,5,0,4,4,13,20,62,16,8,106,0,28,28,134
04/06/2000,XNA,AR,ASW,CE,Federal Contract Tower,14,66,10,0,90,1,0,22,0,23,15,66,32,0,113,10,0,10,123
04/07/2000,XNA,AR,ASW,CE,Federal Contract Tower,12,59,9,2,82,4,1,4,0,9,16,60,13,2,91,12,2,14,105
04/08/2000,XNA,AR,ASW,CE,Federal Contract Tower,10,58,8,2,78,0,7,20,0,27,10,65,28,2,105,36,0,36,141
04/09/2000,XNA,AR,ASW,CE,Federal Contract Tower,10,49,6,2,67,0,6,16,0,22,10,55,22,2,89,0,0,0,89
04/10/2000,XNA,AR,ASW,CE,Federal Contract Tower,13,64,9,2,88,5,0,1,0,6,18,64,10,2,94,0,0,0,94
04/11/2000,XNA,AR,ASW,CE,Federal Contract Tower,12,60,8,0,80,2,0,12,0,14,14,60,20,0,94,0,0,0,94
04/12/2000,XNA,AR,ASW,CE,Federal Contract Tower,15,62,10,4,91,4,0,4,0,8,19,62,14,4,99,2,0,2,101
04/13/2000,XNA,AR,ASW,CE,Federal Contract Tower,16,68,10,5,99,1,0,4,14,19,17,68,14,19,118,12,52,64,182
04/14/2000,XNA,AR,ASW,CE,Federal Contract Tower,15,67,12,5,99,0,0,17,18,35,15,67,29,23,134,40,40,80,214
04/15/2000,XNA,AR,ASW,CE,Federal Contract Tower,5,53,7,0,65,0,7,14,0,21,5,60,21,0,86,12,0,12,98
04/16/2000,XNA,AR,ASW,CE,Federal Contract Tower,9,50,7,0,66,0,8,7,0,15,9,58,14,0,81,0,0,0,81
04/17/2000,XNA,AR,ASW,CE,Federal Contract Tower,12,64,9,0,85,0,5,22,0,27,12,69,31,0,112,10,0,10,122
04/18/2000,XNA,AR,ASW,CE,Federal Contract Tower,16,68,10,5,99,1,0,5,5,11,17,68,15,10,110,0,38,38,148
04/19/2000,XNA,AR,ASW,CE,Federal Contract Tower,13,64,12,6,95,0,0,21,4,25,13,64,33,10,120,0,10,10,130
04/20/2000,XNA,AR,ASW,CE,Federal Contract Tower,13,60,9,0,82,3,0,5,0,8,16,60,14,0,90,10,0,10,100
04/21/2000,XNA,AR,ASW,CE,Federal Contract Tower,15,69,10,0,94,3,3,6,0,12,18,72,16,0,106,26,0,26,132
04/22/2000,XNA,AR,ASW,CE,Federal Contract Tower,5,50,7,0,62,0,10,25,0,35,5,60,32,0,97,32,0,32,129
04/23/2000,XNA,AR,ASW,CE,Federal Contract Tower,10,54,7,0,71,0,6,2,0,8,10,60,9,0,79,0,0,0,79
04/24/2000,XNA,AR,ASW,CE,Federal Contract Tower,16,68,11,5,100,0,0,17,16,33,16,68,28,21,133,14,68,82,215
04/25/2000,XNA,AR,ASW,CE,Federal Contract Tower,13,62,9,0,84,3,11,9,0,23,16,73,18,0,107,8,0,8,115
04/26/2000,XNA,AR,ASW,CE,Federal Contract Tower,11,63,9,0,83,0,4,2,0,6,11,67,11,0,89,4,0,4,93
04/27/2000,XNA,AR,ASW,CE,Federal Contract Tower,13,58,8,0,79,2,3,6,0,11,15,61,14,0,90,2,0,2,92
04/28/2000,XNA,AR,ASW,CE,Federal Contract Tower,14,72,11,4,101,0,0,21,10,31,14,72,32,14,132,10,50,60,192
04/29/2000,XNA,AR,ASW,CE,Federal Contract Tower,6,59,8,2,75,0,15,9,0,24,6,74,17,2,99,8,2,10,109
04/30/2000,XNA,AR,ASW,CE,Federal Contract Tower,9,56,8,0,73,0,9,0,0,9,9,65,8,0,82,0,0,0,82
05/01/2000,XNA,AR,ASW,CE,Federal Contract Tower,11,62,9,0,82,4,2,2,0,8,15,64,11,0,90,12,0,12,102
05/02/2000,XNA,AR,ASW,CE,Federal Contract Tower,12,64,11,0,87,5,0,13,0,18,17,64,24,0,105,10,0,10,115
05/03/2000,XNA,AR,ASW,CE,Federal Contract Tower,13,68,10,3,94,2,0,0,8,10,15,68,10,11,104,4,20,24,128
05/04/2000,XNA,AR,ASW,CE,Federal Contract Tower,12,71,11,3,97,3,0,11,4,18,15,71,22,7,115,10,2,12,127
05/05/2000,XNA,AR,ASW,CE,Federal Contract Tower,8,64,10,2,84,0,4,7,1,12,8,68,17,3,96,12,0,12,108
05/06/2000,XNA,AR,ASW,CE,Federal Contract Tower,8,53,4,1,66,1,6,0,0,7,9,59,4,1,73,14,0,14,87
05/07/2000,XNA,AR,ASW,CE,Federal Contract Tower,10,60,10,2,82,0,0,10,8,18,10,60,20,10,100,0,0,0,100
05/08/2000,XNA,AR,ASW,CE,Federal Contract Tower,11,66,9,0,86,2,1,9,0,12,13,67,18,0,98,12,0,12,110
05/09/2000,XNA,AR,ASW,CE,Federal Contract Tower,11,64,9,0,84,2,0,17,0,19,13,64,26,0,103,0,0,0,103
05/10/2000,XNA,AR,ASW,CE,Federal Contract Tower,13,75,10,2,100,0,0,5,0,5,13,75,15,2,105,30,10,40,145
05/11/2000,XNA,AR,ASW,CE,Federal Contract Tower,11,63,9,3,86,0,0,10,2,12,11,63,19,5,98,4,2,6,104
05/12/2000,XNA,AR,ASW,CE,Federal Contract Tower,8,65,10,4,87,0,0,6,15,21,8,65,16,19,108,12,28,40,148
05/13/2000,XNA,AR,ASW,CE,Federal Contract Tower,8,54,7,0,69,0,9,6,0,15,8,63,13,0,84,0,0,0,84
05/14/2000,XNA,AR,ASW,CE,Federal Contract Tower,9,54,7,0,70,0,11,3,0,14,9,65,10,0,84,12,0,12,96
05/15/2000,XNA,AR,ASW,CE,Federal Contract Tower,13,71,9,0,93,4,8,7,0,19,17,79,16,0,112,8,0,8,120
05/16/2000,XNA,AR,ASW,CE,Federal Contract Tower,11,68,10,0,89,0,7,3,0,10,11,75,13,0,99,0,0,0,99
05/17/2000,XNA,AR,ASW,CE,Federal Contract Tower,13,66,10,0,89,1,0,5,0,6,14,66,15,0,95,6,0,6,101
05/18/2000,XNA,AR,ASW,CE,Federal Contract Tower,12,60,9,3,84,0,0,8,15,23,12,60,17,18,107,12,50,62,169
05/19/2000,XNA,AR,ASW,CE,Federal Contract Tower,11,60,8,3,82,0,0,12,3,15,11,60,20,6,97,10,2,12,109
05/20/2000,XNA,AR,ASW,CE,Federal Contract Tower,9,47,6,0,62,0,7,9,0,16,9,54,15,0,78,16,0,16,94
05/21/2000,XNA,AR,ASW,CE,Federal Contract Tower,9,63,8,0,80,0,2,13,0,15,9,65,21,0,95,6,0,6,101
05/22/2000,XNA,AR,ASW,CE,Federal Contract Tower,8,64,9,3,84,0,0,11,9,20,8,64,20,12,104,2,56,58,162
05/23/2000,XNA,AR,ASW,CE,Federal Contract Tower,13,67,9,0,89,0,0,15,0,15,13,67,24,0,104,4,0,4,108
05/24/2000,XNA,AR,ASW,CE,Federal Contract Tower,13,65,10,0,88,0,0,12,0,12,13,65,22,0,100,14,0,14,114
05/25/2000,XNA,AR,ASW,CE,Federal Contract Tower,12,63,8,0,83,3,1,5,0,9,15,64,13,0,92,16,0,16,108
05/26/2000,XNA,AR,ASW,CE,Federal Contract Tower,11,59,9,0,79,0,0,8,0,8,11,59,17,0,87,0,0,0,87
05/27/2000,XNA,AR,ASW,CE,Federal Contract Tower,6,44,6,0,56,0,10,2,0,12,6,54,8,0,68,12,0,12,80
05/28/2000,XNA,AR,ASW,CE,Federal Contract Tower,8,50,6,0,64,0,8,2,0,10,8,58,8,0,74,0,0,0,74
05/29/2000,XNA,AR,ASW,CE,Federal Contract Tower,9,58,8,0,75,0,12,2,0,14,9,70,10,0,89,10,0,10,99
05/30/2000,XNA,AR,ASW,CE,Federal Contract Tower,13,69,10,2,94,5,1,8,4,18,18,70,18,6,112,0,0,0,112
05/31/2000,XNA,AR,ASW,CE,Federal Contract Tower,14,63,10,0,87,3,0,13,0,16,17,63,23,0,103,12,0,12,115
06/01/2000,XNA,AR,ASW,CE,Federal Contract Tower,13,63,8,0,84,2,0,19,0,21,15,63,27,0,105,20,0,20,125
06/02/2000,XNA,AR,ASW,CE,Federal Contract Tower,12,64,8,0,84,2,4,9,0,15,14,68,17,0,99,0,0,0,99
06/03/2000,XNA,AR,ASW,CE,Federal Contract Tower,11,61,8,0,80,2,4,3,0,9,13,65,11,0,89,0,0,0,89
06/04/2000,XNA,AR,ASW,CE,Federal Contract Tower,8,57,7,0,72,0,4,2,0,6,8,61,9,0,78,0,0,0,78
06/05/2000,XNA,AR,ASW,CE,Federal Contract Tower,11,61,8,0,80,2,3,2,0,7,13,64,10,0,87,0,0,0,87
06/06/2000,XNA,AR,ASW,CE,Federal Contract Tower,11,63,8,0,82,2,3,32,0,37,13,66,40,0,119,18,0,18,137
06/07/2000,XNA,AR,ASW,CE,Federal Contract Tower,16,69,10,2,97,1,0,10,6,17,17,69,20,8,114,4,30,34,148
06/08/2000,XNA,AR,ASW,CE,Federal Contract Tower,12,67,8,0,87,4,0,8,0,12,16,67,16,0,99,18,0,18,117
06/09/2000,XNA,AR,ASW,CE,Federal Contract Tower,11,65,8,1,85,0,4,8,3,15,11,69,16,4,100,2,0,2,102
06/10/2000,XNA,AR,ASW,CE,Federal Contract Tower,7,50,6,0,63,0,6,2,0,8,7,56,8,0,71,0,0,0,71
06/11/2000,XNA,AR,ASW,CE,Federal Contract Tower,8,60,6,0,74,0,8,0,0,8,8,68,6,0,82,10,0,10,92
06/12/2000,XNA,AR,ASW,CE,Federal Contract Tower,13,69,8,0,90,2,0,13,0,15,15,69,21,0,105,6,0,6,111
06/13/2000,XNA,AR,ASW,CE,Federal Contract Tower,14,73,8,0,95,0,5,25,0,30,14,78,33,0,125,22,0,22,147
06/14/2000,XNA,AR,ASW,CE,Federal Contract Tower,11,60,6,0,77,0,3,0,0,3,11,63,6,0,80,0,0,0,80
06/15/2000,XNA,AR,ASW,CE,Federal Contract Tower,15,82,9,0,106,0,0,27,0,27,15,82,36,0,133,26,0,26,159
06/16/2000,XNA,AR,ASW,CE,Federal Contract Tower,10,57,6,2,75,0,3,4,0,7,10,60,10,2,82,2,2,4,86
06/17/2000,XNA,AR,ASW,CE,Federal Contract Tower,8,44,5,0,57,0,5,2,0,7,8,49,7,0,64,2,0,2,66
06/18/2000,XNA,AR,ASW,CE,Federal Contract Tower,6,59,6,0,71,0,5,6,0,11,6,64,12,0,82,22,0,22,104
06/19/2000,XNA,AR,ASW,CE,Federal Contract Tower,12,71,8,0,91,0,3,10,0,13,12,74,18,0,104,8,0,8,112
06/20/2000,XNA,AR,ASW,CE,Federal Contract Tower,15,62,8,1,86,2,0,19,0,21,17,62,27,1,107,4,0,4,111
06/21/2000,XNA,AR,ASW,CE,Federal Contract Tower,11,60,7,2,80,0,0,2,7,9,11,60,9,9,89,2,4,6,95
06/22/2000,XNA,AR,ASW,CE,Federal Contract Tower,15,66,9,2,92,2,0,32,6,40,17,66,41,8,132,20,18,38,170
06/23/2000,XNA,AR,ASW,CE,Federal Contract Tower,9,73,8,0,90,0,5,11,0,16,9,78,19,0,106,24,0,24,130
06/24/2000,XNA,AR,ASW,CE,Federal Contract Tower,5,51,5,2,63,0,6,10,0,16,5,57,15,2,79,2,0,2,81
06/25/2000,XNA,AR,ASW,CE,Federal Contract Tower,10,54,6,0,70,2,4,12,0,18,12,58,18,0,88,14,0,14,102
06/26/2000,XNA,AR,ASW,CE,Federal Contract Tower,12,62,5,0,79,3,3,0,0,6,15,65,5,0,85,18,0,18,103
06/27/2000,XNA,AR,ASW,CE,Federal Contract Tower,12,62,7,2,83,0,0,10,8,18,12,62,17,10,101,0,30,30,131
06/28/2000,XNA,AR,ASW,CE,Federal Contract Tower,14,65,7,1,87,1,0,1,3,5,15,65,8,4,92,0,14,14,106
06/29/2000,XNA,AR,ASW,CE,Federal Contract Tower,15,65,9,1,90,5,0,10,15,30,20,65,19,16,120,19,34,53,173
06/30/2000,XNA,AR,ASW,CE,Federal Contract Tower,12,61,7,1,81,0,7,14,1,22,12,68,21,2,103,14,0,14,117
07/01/2000,XNA,AR,ASW,CE,Federal Contract Tower,10,55,8,0,73,0,8,15,0,23,10,63,23,0,96,16,0,16,112
07/02/2000,XNA,AR,ASW,CE,Federal Contract Tower,10,53,7,0,70,0,7,9,0,16,10,60,16,0,86,16,0,16,102
07/03/2000,XNA,AR,ASW,CE,Federal Contract Tower,4,44,6,1,55,0,9,4,1,14,4,53,10,2,69,6,2,8,77
07/04/2000,XNA,AR,ASW,CE,Federal Contract Tower,6,44,6,0,56,0,5,7,0,12,6,49,13,0,68,8,0,8,76
07/05/2000,XNA,AR,ASW,CE,Federal Contract Tower,14,70,9,2,95,1,0,3,0,4,15,70,12,2,99,22,8,30,129
07/06/2000,XNA,AR,ASW,CE,Federal Contract Tower,13,71,9,0,93,3,2,8,0,13,16,73,17,0,106,12,0,12,118
07/07/2000,XNA,AR,ASW,CE,Federal Contract Tower,12,61,8,0,81,2,0,23,0,25,14,61,31,0,106,20,0,20,126
07/08/2000,XNA,AR,ASW,CE,Federal Contract Tower,8,57,8,0,73,0,4,21,0,25,8,61,29,0,98,18,0,18,116
07/09/2000,XNA,AR,ASW,CE,Federal Contract Tower,11,57,7,0,75,0,7,19,0,26,11,64,26,0,101,22,0,22,123
07/10/2000,XNA,AR,ASW,CE,Federal Contract Tower,14,68,9,2,93,3,0,14,6,23,17,68,23,8,116,14,10,24,140
07/11/2000,XNA,AR,ASW,CE,Federal Contract Tower,12,63,8,0,83,4,0,6,0,10,16,63,14,0,93,16,0,16,109
07/12/2000,XNA,AR,ASW,CE,Federal Contract Tower,13,66,8,0,87,1,0,7,0,8,14,66,15,0,95,16,0,16,111
07/13/2000,XNA,AR,ASW,CE,Federal Contract Tower,15,69,10,3,97,0,0,17,25,42,15,69,27,28,139,10,42,52,191
07/14/2000,XNA,AR,ASW,CE,Federal Contract Tower,12,59,7,0,78,5,2,11,0,18,17,61,18,0,96,18,0,18,114
07/15/2000,XNA,AR,ASW,CE,Federal Contract Tower,11,52,6,0,69,3,3,14,0,20,14,55,20,0,89,24,0,24,113
07/16/2000,XNA,AR,ASW,CE,Federal Contract Tower,6,56,6,0,68,0,11,8,0,19,6,67,14,0,87,0,0,0,87
07/17/2000,XNA,AR,ASW,CE,Federal Contract Tower,12,62,7,0,81,2,6,8,0,16,14,68,15,0,97,8,0,8,105
07/18/2000,XNA,AR,ASW,CE,Federal Contract Tower,14,73,9,2,98,0,4,19,0,23,14,77,28,2,121,8,16,24,145
07/19/2000,XNA,AR,ASW,CE,Federal Contract Tower,17,69,9,3,98,0,0,28,11,39,17,69,37,14,137,10,56,66,203
07/20/2000,XNA,AR,ASW,CE,Federal Contract Tower,13,66,8,2,89,2,8,30,0,40,15,74,38,2,129,22,2,24,153
07/21/2000,XNA,AR,ASW,CE,Federal Contract Tower,13,65,8,2,88,0,2,9,0,11,13,67,17,2,99,0,0,0,99
07/22/2000,XNA,AR,ASW,CE,Federal Contract Tower,10,53,6,0,69,0,6,9,0,15,10,59,15,0,84,4,0,4,88
07/23/2000,XNA,AR,ASW,CE,Federal Contract Tower,11,56,7,2,76,0,4,17,0,21,11,60,24,2,97,8,0,8,105
07/24/2000,XNA,AR,ASW,CE,Federal Contract Tower,13,68,8,1,90,1,2,10,0,13,14,70,18,1,103,10,0,10,113
07/25/2000,XNA,AR,ASW,CE,Federal Contract Tower,13,69,8,2,92,0,1,25,0,26,13,70,33,2,118,0,0,0,118
07/26/2000,XNA,AR,ASW,CE,Federal Contract Tower,15,70,10,4,99,0,0,19,4,23,15,70,29,8,122,6,4,10,132
07/27/2000,XNA,AR,ASW,CE,Federal Contract Tower,13,63,7,0,83,3,2,10,0,15,16,65,17,0,98,0,0,0,98
07/28/2000,XNA,AR,ASW,CE,Federal Contract Tower,14,60,8,2,84,3,0,13,0,16,17,60,21,2,100,4,4,8,108
07/29/2000,XNA,AR,ASW,CE,Federal Contract Tower,8,52,6,0,66,0,13,10,0,23,8,65,16,0,89,0,0,0,89
07/30/2000,XNA,AR,ASW,CE,Federal Contract Tower,9,58,7,0,74,0,7,5,0,12,9,65,12,0,86,12,0,12,98
07/31/2000,XNA,AR,ASW,CE,Federal Contract Tower,14,71,8,0,93,0,6,8,0,14,14,77,16,0,107,10,0,10,117
08/01/2000,XNA,AR,ASW,CE,Federal Contract Tower,14,67,10,3,94,1,2,8,1,12,15,69,18,4,106,0,34,34,140
08/02/2000,XNA,AR,ASW,CE,Federal Contract Tower,13,65,10,3,91,4,0,15,7,26,17,65,25,10,117,10,8,18,135
08/03/2000,XNA,AR,ASW,CE,Federal Contract Tower,16,68,11,0,95,0,0,0,0,0,16,68,11,0,95,0,0,0,95
08/04/2000,XNA,AR,ASW,CE,Federal Contract Tower,13,62,10,2,87,0,6,7,10,23,13,68,17,12,110,0,32,32,142
08/05/2000,XNA,AR,ASW,CE,Federal Contract Tower,8,49,8,0,65,0,9,22,0,31,8,58,30,0,96,5,0,5,101
08/06/2000,XNA,AR,ASW,CE,Federal Contract Tower,9,49,8,0,66,0,8,10,0,18,9,57,18,0,84,22,0,22,106
08/07/2000,XNA,AR,ASW,CE,Federal Contract Tower,12,62,9,2,85,5,1,0,2,8,17,63,9,4,93,8,10,18,111
08/08/2000,XNA,AR,ASW,CE,Federal Contract Tower,12,64,10,0,86,3,2,4,0,9,15,66,14,0,95,0,0,0,95
08/09/2000,XNA,AR,ASW,CE,Federal Contract Tower,12,65,10,3,90,0,2,17,0,19,12,67,27,3,109,6,16,22,131
08/10/2000,XNA,AR,ASW,CE,Federal Contract Tower,15,69,12,3,99,1,0,3,8,12,16,69,15,11,111,12,14,26,137
08/11/2000,XNA,AR,ASW,CE,Federal Contract Tower,13,59,10,2,84,5,4,5,0,14,18,63,15,2,98,16,2,18,116
08/12/2000,XNA,AR,ASW,CE,Federal Contract Tower,10,48,7,0,65,0,9,25,0,34,10,57,32,0,99,0,0,0,99
08/13/2000,XNA,AR,ASW,CE,Federal Contract Tower,9,51,7,3,70,0,10,3,5,18,9,61,10,8,88,6,0,6,94
08/14/2000,XNA,AR,ASW,CE,Federal Contract Tower,13,58,9,0,80,3,1,10,0,14,16,59,19,0,94,2,0,2,96
08/15/2000,XNA,AR,ASW,CE,Federal Contract Tower,14,66,9,4,93,0,2,14,8,24,14,68,23,12,117,0,0,0,117
08/16/2000,XNA,AR,ASW,CE,Federal Contract Tower,14,70,12,4,100,0,0,8,5,13,14,70,20,9,113,12,40,52,165
08/17/2000,XNA,AR,ASW,CE,Federal Contract Tower,14,65,9,4,92,2,1,12,0,15,16,66,21,4,107,16,4,20,127
08/18/2000,XNA,AR,ASW,CE,Federal Contract Tower,13,62,9,0,84,3,0,11,0,14,16,62,20,0,98,14,0,14,112
08/19/2000,XNA,AR,ASW,CE,Federal Contract Tower,10,56,9,0,75,0,2,28,0,30,10,58,37,0,105,22,0,22,127
08/20/2000,XNA,AR,ASW,CE,Federal Contract Tower,12,56,9,0,77,2,7,5,0,14,14,63,14,0,91,18,0,18,109
08/21/2000,XNA,AR,ASW,CE,Federal Contract Tower,16,68,11,4,99,0,0,10,8,18,16,68,21,12,117,12,36,48,165
08/22/2000,XNA,AR,ASW,CE,Federal Contract Tower,14,63,9,0,86,1,0,23,0,24,15,63,32,0,110,18,0,18,128
08/23/2000,XNA,AR,ASW,CE,Federal Contract Tower,14,69,12,5,100,0,0,19,3,22,14,69,31,8,122,12,14,26,148
08/24/2000,XNA,AR,ASW,CE,Federal Contract Tower,15,66,10,4,95,1,0,10,2,13,16,66,20,6,108,16,8,24,132
08/25/2000,XNA,AR,ASW,CE,Federal Contract Tower,13,65,9,4,91,0,7,1,3,11,13,72,10,7,102,6,36,42,144
08/26/2000,XNA,AR,ASW,CE,Federal Contract Tower,8,60,9,2,79,0,15,8,0,23,8,75,17,2,102,0,0,0,102
08/27/2000,XNA,AR,ASW,CE,Federal Contract Tower,11,64,9,2,86,0,1,5,0,6,11,65,14,2,92,12,0,12,104
08/28/2000,XNA,AR,ASW,CE,Federal Contract Tower,13,65,9,0,87,0,4,9,0,13,13,69,18,0,100,10,0,10,110
08/29/2000,XNA,AR,ASW,CE,Federal Contract Tower,14,66,9,2,91,1,6,18,0,25,15,72,27,2,116,0,8,8,124
08/30/2000,XNA,AR,ASW,CE,Federal Contract Tower,16,79,14,4,113,0,0,22,6,28,16,79,36,10,141,0,10,10,151
08/31/2000,XNA,AR,ASW,CE,Federal Contract Tower,15,70,10,3,98,0,3,11,0,14,15,73,21,3,112,14,8,22,134
09/01/2000,XNA,AR,ASW,CE,Federal Contract Tower,11,63,10,3,87,0,0,16,21,37,11,63,26,24,124,18,24,42,166
09/02/2000,XNA,AR,ASW,CE,Federal Contract Tower,6,44,7,0,57,0,10,12,0,22,6,54,19,0,79,26,0,26,105
09/03/2000,XNA,AR,ASW,CE,Federal Contract Tower,4,30,5,0,39,0,8,12,0,20,4,38,17,0,59,10,0,10,69
09/04/2000,XNA,AR,ASW,CE,Federal Contract Tower,9,50,8,0,67,0,8,12,0,20,9,58,20,0,87,6,0,6,93
09/05/2000,XNA,AR,ASW,CE,Federal Contract Tower,11,61,9,3,84,0,5,1,3,9,11,66,10,6,93,0,4,4,97
09/06/2000,XNA,AR,ASW,CE,Federal Contract Tower,15,70,12,0,97,0,0,11,0,11,15,70,23,0,108,0,0,0,108
09/07/2000,XNA,AR,ASW,CE,Federal Contract Tower,15,70,10,5,100,0,6,25,1,32,15,76,35,6,132,8,18,26,158
09/08/2000,XNA,AR,ASW,CE,Federal Contract Tower,14,61,9,2,86,2,8,28,0,38,16,69,37,2,124,20,0,20,144
09/09/2000,XNA,AR,ASW,CE,Federal Contract Tower,11,48,7,0,66,4,2,9,0,15,15,50,16,0,81,0,0,0,81
09/10/2000,XNA,AR,ASW,CE,Federal Contract Tower,12,49,7,0,68,0,8,10,0,18,12,57,17,0,86,6,0,6,92
09/11/2000,XNA,AR,ASW,CE,Federal Contract Tower,16,66,11,5,98,0,0,7,13,20,16,66,18,18,118,10,74,84,202
09/12/2000,XNA,AR,ASW,CE,Federal Contract Tower,16,68,11,5,100,0,0,7,8,15,16,68,18,13,115,0,36,36,151
09/13/2000,XNA,AR,ASW,CE,Federal Contract Tower,14,71,12,6,103,0,0,14,7,21,14,71,26,13,124,0,18,18,142
09/14/2000,XNA,AR,ASW,CE,Federal Contract Tower,14,63,9,0,86,0,4,12,0,16,14,67,21,0,102,12,0,12,114
09/15/2000,XNA,AR,ASW,CE,Federal Contract Tower,14,61,9,0,84,2,8,12,0,22,16,69,21,0,106,10,0,10,116
09/16/2000,XNA,AR,ASW,CE,Federal Contract Tower,9,46,6,0,61,0,9,14,0,23,9,55,20,0,84,16,0,16,100
09/17/2000,XNA,AR,ASW,CE,Federal Contract Tower,12,52,7,2,73,1,6,9,0,16,13,58,16,2,89,10,4,14,103
09/18/2000,XNA,AR,ASW,CE,Federal Contract Tower,13,58,8,0,79,3,6,10,0,19,16,64,18,0,98,8,0,8,106
09/19/2000,XNA,AR,ASW,CE,Federal Contract Tower,14,61,8,2,85,3,7,9,0,19,17,68,17,2,104,0,0,0,104
09/20/2000,XNA,AR,ASW,CE,Federal Contract Tower,17,71,13,6,107,0,0,12,12,24,17,71,25,18,131,0,0,0,131
09/21/2000,XNA,AR,ASW,CE,Federal Contract Tower,16,59,9,4,88,3,0,27,0,30,19,59,36,4,118,18,0,18,136
09/22/2000,XNA,AR,ASW,CE,Federal Contract Tower,16,69,6,5,96,4,0,0,13,17,20,69,6,18,113,12,44,56,169
09/23/2000,XNA,AR,ASW,CE,Federal Contract Tower,10,44,6,2,62,0,5,5,4,14,10,49,11,6,76,0,2,2,78
09/24/2000,XNA,AR,ASW,CE,Federal Contract Tower,12,54,7,2,75,0,1,0,0,1,12,55,7,2,76,0,0,0,76
09/25/2000,XNA,AR,ASW,CE,Federal Contract Tower,15,63,9,2,89,0,0,3,0,3,15,63,12,2,92,0,0,0,92
09/26/2000,XNA,AR,ASW,CE,Federal Contract Tower,15,65,9,0,89,0,2,24,0,26,15,67,33,0,115,12,0,12,127
09/27/2000,XNA,AR,ASW,CE,Federal Contract Tower,16,67,11,0,94,0,0,14,0,14,16,67,25,0,108,8,0,8,116
09/28/2000,XNA,AR,ASW,CE,Federal Contract Tower,13,66,9,0,88,0,11,26,0,37,13,77,35,0,125,18,0,18,143
09/29/2000,XNA,AR,ASW,CE,Federal Contract Tower,15,65,9,0,89,5,41,15,0,61,20,106,24,0,150,12,0,12,162
09/30/2000,XNA,AR,ASW,CE,Federal Contract Tower,12,51,7,2,72,4,4,14,0,22,16,55,21,2,94,10,0,10,104
10/01/2000,XNA,AR,ASW,CE,Federal Contract Tower,12,56,8,0,76,3,4,2,0,9,15,60,10,0,85,10,0,10,95
10/02/2000,XNA,AR,ASW,CE,Federal Contract Tower,14,64,10,0,88,2,3,10,0,15,16,67,20,0,103,10,0,10,113
10/03/2000,XNA,AR,ASW,CE,Federal Contract Tower,14,66,11,0,91,2,4,9,0,15,16,70,20,0,106,10,0,10,116
10/04/2000,XNA,AR,ASW,CE,Federal Contract Tower,15,69,13,2,99,0,0,18,2,20,15,69,31,4,119,0,4,4,123
10/05/2000,XNA,AR,ASW,CE,Federal Contract Tower,13,61,9,1,84,1,0,2,1,4,14,61,11,2,88,14,8,22,110
10/06/2000,XNA,AR,ASW,CE,Federal Contract Tower,14,68,10,1,93,0,2,4,7,13,14,70,14,8,106,2,40,42,148
10/07/2000,XNA,AR,ASW,CE,Federal Contract Tower,11,48,7,0,66,3,7,18,0,28,14,55,25,0,94,14,0,14,108
10/08/2000,XNA,AR,ASW,CE,Federal Contract Tower,12,53,7,0,72,0,1,12,0,13,12,54,19,0,85,8,0,8,93
10/09/2000,XNA,AR,ASW,CE,Federal Contract Tower,12,63,9,0,84,0,3,23,0,26,12,66,32,0,110,6,0,6,116
10/10/2000,XNA,AR,ASW,CE,Federal Contract Tower,15,65,9,0,89,0,1,18,0,19,15,66,27,0,108,0,0,0,108
10/11/2000,XNA,AR,ASW,CE,Federal Contract Tower,14,69,11,2,96,0,0,4,4,8,14,69,15,6,104,0,20,20,124
10/12/2000,XNA,AR,ASW,CE,Federal Contract Tower,19,72,11,3,105,0,0,6,13,19,19,72,17,16,124,10,44,54,178
10/13/2000,XNA,AR,ASW,CE,Federal Contract Tower,17,67,10,3,97,0,0,17,6,23,17,67,27,9,120,16,10,26,146
10/14/2000,XNA,AR,ASW,CE,Federal Contract Tower,11,49,7,0,67,3,5,2,0,10,14,54,9,0,77,12,0,12,89
10/15/2000,XNA,AR,ASW,CE,Federal Contract Tower,8,50,7,0,65,0,4,9,0,13,8,54,16,0,78,14,0,14,92
10/16/2000,XNA,AR,ASW,CE,Federal Contract Tower,14,61,8,2,85,0,1,0,0,1,14,62,8,2,86,0,0,0,86
10/17/2000,XNA,AR,ASW,CE,Federal Contract Tower,15,63,10,0,88,0,0,17,0,17,15,63,27,0,105,8,0,8,113
10/18/2000,XNA,AR,ASW,CE,Federal Contract Tower,17,73,10,0,100,0,0,5,0,5,17,73,15,0,105,12,0,12,117
10/19/2000,XNA,AR,ASW,CE,Federal Contract Tower,13,63,9,0,85,0,9,4,0,13,13,72,13,0,98,16,0,16,114
10/20/2000,XNA,AR,ASW,CE,Federal Contract Tower,14,63,9,0,86,2,4,11,0,17,16,67,20,0,103,14,0,14,117
10/21/2000,XNA,AR,ASW,CE,Federal Contract Tower,12,50,3,0,65,0,6,0,0,6,12,56,3,0,71,0,0,0,71
10/22/2000,XNA,AR,ASW,CE,Federal Contract Tower,10,48,5,0,63,0,5,0,0,5,10,53,5,0,68,0,0,0,68
10/23/2000,XNA,AR,ASW,CE,Federal Contract Tower,16,71,10,1,98,0,1,6,1,8,16,72,16,2,106,0,0,0,106
10/24/2000,XNA,AR,ASW,CE,Federal Contract Tower,17,68,11,2,98,0,0,13,8,21,17,68,24,10,119,0,12,12,131
10/25/2000,XNA,AR,ASW,CE,Federal Contract Tower,14,69,11,2,96,0,0,13,0,13,14,69,24,2,109,0,0,0,109
10/26/2000,XNA,AR,ASW,CE,Federal Contract Tower,15,67,10,0,92,0,0,9,0,9,15,67,19,0,101,0,0,0,101
10/27/2000,XNA,AR,ASW,CE,Federal Contract Tower,13,58,4,0,75,1,5,0,0,6,14,63,4,0,81,0,0,0,81
10/28/2000,XNA,AR,ASW,CE,Federal Contract Tower,10,45,6,1,62,5,2,8,1,16,15,47,14,2,78,24,0,24,102
10/29/2000,XNA,AR,ASW,CE,Federal Contract Tower,10,56,8,1,75,0,6,9,1,16,10,62,17,2,91,10,0,10,101
10/30/2000,XNA,AR,ASW,CE,Federal Contract Tower,14,62,9,0,85,1,4,0,0,5,15,66,9,0,90,12,0,12,102
10/31/2000,XNA,AR,ASW,CE,Federal Contract Tower,15,65,9,0,89,1,6,11,0,18,16,71,20,0,107,0,0,0,107
11/01/2000,XNA,AR,ASW,CE,Federal Contract Tower,14,61,12,0,87,3,0,1,0,4,17,61,13,0,91,0,0,0,91
11/02/2000,XNA,AR,ASW,CE,Federal Contract Tower,15,68,14,0,97,0,0,13,10,23,15,68,27,10,120,12,20,32,152
11/03/2000,XNA,AR,ASW,CE,Federal Contract Tower,14,60,11,0,85,1,1,3,0,5,15,61,14,0,90,12,0,12,102
11/04/2000,XNA,AR,ASW,CE,Federal Contract Tower,12,53,6,0,71,1,5,0,0,6,13,58,6,0,77,0,0,0,77
11/05/2000,XNA,AR,ASW,CE,Federal Contract Tower,12,52,3,0,67,1,5,0,0,6,13,57,3,0,73,0,0,0,73
11/06/2000,XNA,AR,ASW,CE,Federal Contract Tower,15,58,12,0,85,1,0,22,2,25,16,58,34,2,110,18,0,18,128
11/07/2000,XNA,AR,ASW,CE,Federal Contract Tower,15,63,10,0,88,1,4,9,0,14,16,67,19,0,102,0,0,0,102
11/08/2000,XNA,AR,ASW,CE,Federal Contract Tower,12,38,10,0,60,0,0,4,0,4,12,38,14,0,64,0,0,0,64
11/09/2000,XNA,AR,ASW,CE,Federal Contract Tower,13,57,10,0,80,3,0,2,0,5,16,57,12,0,85,0,0,0,85
11/10/2000,XNA,AR,ASW,CE,Federal Contract Tower,13,56,9,0,78,8,7,9,0,24,21,63,18,0,102,18,0,18,120
11/11/2000,XNA,AR,ASW,CE,Federal Contract Tower,12,52,9,0,73,2,5,2,0,9,14,57,11,0,82,20,0,20,102
11/12/2000,XNA,AR,ASW,CE,Federal Contract Tower,12,49,3,0,64,1,5,0,0,6,13,54,3,0,70,6,0,6,76
11/13/2000,XNA,AR,ASW,CE,Federal Contract Tower,15,58,10,0,83,1,0,23,0,24,16,58,33,0,107,8,0,8,115
11/14/2000,XNA,AR,ASW,CE,Federal Contract Tower,16,64,11,0,91,0,4,10,0,14,16,68,21,0,105,14,0,14,119
11/15/2000,XNA,AR,ASW,CE,Federal Contract Tower,17,64,12,0,93,0,0,6,0,6,17,64,18,0,99,4,0,4,103
11/16/2000,XNA,AR,ASW,CE,Federal Contract Tower,17,69,12,0,98,0,0,16,0,16,17,69,28,0,114,14,0,14,128
11/17/2000,XNA,AR,ASW,CE,Federal Contract Tower,17,68,12,0,97,1,9,16,0,26,18,77,28,0,123,18,0,18,141
11/18/2000,XNA,AR,ASW,CE,Federal Contract Tower,12,48,8,0,68,2,5,16,0,23,14,53,24,0,91,24,0,24,115
11/19/2000,XNA,AR,ASW,CE,Federal Contract Tower,13,52,9,0,74,0,8,1,0,9,13,60,10,0,83,12,0,12,95
11/20/2000,XNA,AR,ASW,CE,Federal Contract Tower,16,63,11,0,90,1,0,18,0,19,17,63,29,0,109,14,0,14,123
11/21/2000,XNA,AR,ASW,CE,Federal Contract Tower,18,67,13,1,99,0,0,26,9,35,18,67,39,10,134,0,0,0,134
11/22/2000,XNA,AR,ASW,CE,Federal Contract Tower,10,39,7,1,57,8,23,19,0,50,18,62,26,1,107,0,0,0,107
11/23/2000,XNA,AR,ASW,CE,Federal Contract Tower,11,48,9,0,68,0,0,6,0,6,11,48,15,0,74,0,0,0,74
11/24/2000,XNA,AR,ASW,CE,Federal Contract Tower,9,41,7,0,57,0,1,1,0,2,9,42,8,0,59,0,0,0,59
11/25/2000,XNA,AR,ASW,CE,Federal Contract Tower,10,61,11,0,82,0,3,3,0,6,10,64,14,0,88,0,0,0,88
11/26/2000,XNA,AR,ASW,CE,Federal Contract Tower,13,51,8,1,73,0,7,10,0,17,13,58,18,1,90,12,0,12,102
11/27/2000,XNA,AR,ASW,CE,Federal Contract Tower,15,63,10,0,88,0,4,10,0,14,15,67,20,0,102,8,0,8,110
11/28/2000,XNA,AR,ASW,CE,Federal Contract Tower,13,69,11,0,93,0,4,15,0,19,13,73,26,0,112,10,0,10,122
11/29/2000,XNA,AR,ASW,CE,Federal Contract Tower,13,73,12,0,98,0,1,2,0,3,13,74,14,0,101,2,0,2,103
11/30/2000,XNA,AR,ASW,CE,Federal Contract Tower,14,73,12,0,99,0,0,27,0,27,14,73,39,0,126,24,0,24,150
12/01/2000,XNA,AR,ASW,CE,Federal Contract Tower,16,65,11,0,92,0,3,11,0,14,16,68,22,0,106,2,0,2,108
12/02/2000,XNA,AR,ASW,CE,Federal Contract Tower,12,58,9,0,79,0,0,2,0,2,12,58,11,0,81,0,0,0,81
12/03/2000,XNA,AR,ASW,CE,Federal Contract Tower,14,55,8,0,77,2,9,9,0,20,16,64,17,0,97,28,0,28,125
12/04/2000,XNA,AR,ASW,CE,Federal Contract Tower,16,63,9,0,88,0,5,11,0,16,16,68,20,0,104,10,0,10,114
12/05/2000,XNA,AR,ASW,CE,Federal Contract Tower,17,67,11,0,95,0,0,12,8,20,17,67,23,8,115,0,22,22,137
12/06/2000,XNA,AR,ASW,CE,Federal Contract Tower,16,67,9,0,92,0,2,0,0,2,16,69,9,0,94,0,0,0,94
12/07/2000,XNA,AR,ASW,CE,Federal Contract Tower,16,63,10,0,89,2,0,6,5,13,18,63,16,5,102,10,12,22,124
12/08/2000,XNA,AR,ASW,CE,Federal Contract Tower,17,67,10,0,94,3,0,18,0,21,20,67,28,0,115,22,0,22,137
12/09/2000,XNA,AR,ASW,CE,Federal Contract Tower,13,53,8,0,74,0,7,8,0,15,13,60,16,0,89,0,0,0,89
12/10/2000,XNA,AR,ASW,CE,Federal Contract Tower,14,55,8,0,77,0,2,0,0,2,14,57,8,0,79,0,0,0,79
12/11/2000,XNA,AR,ASW,CE,Federal Contract Tower,13,53,6,0,72,3,1,0,0,4,16,54,6,0,76,0,0,0,76
12/12/2000,XNA,AR,ASW,CE,Federal Contract Tower,11,51,6,0,68,0,4,0,0,4,11,55,6,0,72,4,0,4,76
12/13/2000,XNA,AR,ASW,CE,Federal Contract Tower,5,19,3,0,27,0,0,5,0,5,5,19,8,0,32,0,0,0,32
12/14/2000,XNA,AR,ASW,CE,Federal Contract Tower,18,60,10,0,88,1,0,15,0,16,19,60,25,0,104,14,0,14,118
12/15/2000,XNA,AR,ASW,CE,Federal Contract Tower,10,54,7,0,71,0,3,3,0,6,10,57,10,0,77,0,0,0,77
12/16/2000,XNA,AR,ASW,CE,Federal Contract Tower,13,43,6,0,62,2,0,3,0,5,15,43,9,0,67,0,0,0,67
12/17/2000,XNA,AR,ASW,CE,Federal Contract Tower,13,48,6,0,67,2,5,9,0,16,15,53,15,0,83,10,0,10,93
12/18/2000,XNA,AR,ASW,CE,Federal Contract Tower,15,52,8,0,75,3,0,7,0,10,18,52,15,0,85,0,0,0,85
12/19/2000,XNA,AR,ASW,CE,Federal Contract Tower,19,68,11,0,98,3,0,4,0,7,22,68,15,0,105,0,0,0,105
12/20/2000,XNA,AR,ASW,CE,Federal Contract Tower,18,61,10,0,89,2,0,6,0,8,20,61,16,0,97,0,0,0,97
12/21/2000,XNA,AR,ASW,CE,Federal Contract Tower,15,63,9,1,88,0,3,16,3,22,15,66,25,4,110,0,0,0,110
12/22/2000,XNA,AR,ASW,CE,Federal Contract Tower,19,64,10,1,94,5,0,11,1,17,24,64,21,2,111,0,14,14,125
12/23/2000,XNA,AR,ASW,CE,Federal Contract Tower,14,55,6,0,75,0,8,0,0,8,14,63,6,0,83,0,0,0,83
12/24/2000,XNA,AR,ASW,CE,Federal Contract Tower,11,42,6,0,59,0,4,7,0,11,11,46,13,0,70,0,0,0,70
12/25/2000,XNA,AR,ASW,CE,Federal Contract Tower,1,15,0,0,16,0,6,0,0,6,1,21,0,0,22,0,0,0,22
12/26/2000,XNA,AR,ASW,CE,Federal Contract Tower,0,0,0,0,0,0,0,2,0,2,0,0,2,0,2,0,0,0,2
12/27/2000,XNA,AR,ASW,CE,Federal Contract Tower,0,0,0,0,0,0,0,2,0,2,0,0,2,0,2,0,0,0,2
12/28/2000,XNA,AR,ASW,CE,Federal Contract Tower,4,16,3,0,23,0,0,9,0,9,4,16,12,0,32,0,0,0,32
12/29/2000,XNA,AR,ASW,CE,Federal Contract Tower,14,57,8,0,79,0,3,2,0,5,14,60,10,0,84,0,0,0,84
12/30/2000,XNA,AR,ASW,CE,Federal Contract Tower,13,52,6,0,71,0,6,0,0,6,13,58,6,0,77,0,0,0,77
12/31/2000,XNA,AR,ASW,CE,Federal Contract Tower,4,39,5,0,48,0,13,0,0,13,4,52,5,0,61,0,0,0,61
01/01/2001,XNA,AR,ASW,CE,Federal Contract Tower,9,46,8,0,63,0,2,0,0,2,9,48,8,0,65,0,0,0,65
01/02/2001,XNA,AR,ASW,CE,Federal Contract Tower,11,62,10,0,83,4,0,4,0,8,15,62,14,0,91,0,0,0,91
01/03/2001,XNA,AR,ASW,CE,Federal Contract Tower,14,68,11,2,95,3,0,1,0,4,17,68,12,2,99,0,2,2,101
01/04/2001,XNA,AR,ASW,CE,Federal Contract Tower,13,59,10,0,82,4,0,14,0,18,17,59,24,0,100,0,0,0,100
01/05/2001,XNA,AR,ASW,CE,Federal Contract Tower,12,63,10,0,85,2,10,7,0,19,14,73,17,0,104,2,2,4,108
01/06/2001,XNA,AR,ASW,CE,Federal Contract Tower,11,55,9,0,75,2,7,7,0,16,13,62,16,0,91,18,0,18,109
01/07/2001,XNA,AR,ASW,CE,Federal Contract Tower,10,53,9,0,72,6,3,4,0,13,16,56,13,0,85,16,0,16,101
01/08/2001,XNA,AR,ASW,CE,Federal Contract Tower,12,64,10,0,86,4,5,3,0,12,16,69,13,0,98,6,0,6,104
01/09/2001,XNA,AR,ASW,CE,Federal Contract Tower,16,68,12,2,98,3,0,14,8,25,19,68,26,10,123,0,20,20,143
01/10/2001,XNA,AR,ASW,CE,Federal Contract Tower,13,66,8,0,87,3,1,0,0,4,16,67,8,0,91,4,0,4,95
01/11/2001,XNA,AR,ASW,CE,Federal Contract Tower,13,67,6,0,86,0,6,0,0,6,13,73,6,0,92,0,0,0,92
01/12/2001,XNA,AR,ASW,CE,Federal Contract Tower,10,43,5,0,58,3,0,0,0,3,13,43,5,0,61,0,0,0,61
01/13/2001,XNA,AR,ASW,CE,Federal Contract Tower,13,58,6,0,77,0,10,0,0,10,13,68,6,0,87,0,0,0,87
01/14/2001,XNA,AR,ASW,CE,Federal Contract Tower,13,58,9,0,80,0,7,9,0,16,13,65,18,0,96,4,0,4,100
01/15/2001,XNA,AR,ASW,CE,Federal Contract Tower,15,73,10,0,98,0,7,13,0,20,15,80,23,0,118,0,2,2,120
01/16/2001,XNA,AR,ASW,CE,Federal Contract Tower,15,71,7,0,93,0,7,0,0,7,15,78,7,0,100,0,0,0,100
01/17/2001,XNA,AR,ASW,CE,Federal Contract Tower,15,64,11,0,90,0,0,18,0,18,15,64,29,0,108,12,0,12,120
01/18/2001,XNA,AR,ASW,CE,Federal Contract Tower,15,75,12,3,105,0,0,10,6,16,15,75,22,9,121,10,52,62,183
01/19/2001,XNA,AR,ASW,CE,Federal Contract Tower,14,65,10,0,89,3,0,7,0,10,17,65,17,0,99,4,0,4,103
01/20/2001,XNA,AR,ASW,CE,Federal Contract Tower,10,47,7,0,64,0,7,10,0,17,10,54,17,0,81,20,0,20,101
01/21/2001,XNA,AR,ASW,CE,Federal Contract Tower,12,56,8,0,76,1,7,18,0,26,13,63,26,0,102,60,0,60,162
01/22/2001,XNA,AR,ASW,CE,Federal Contract Tower,15,75,11,0,101,0,5,14,0,19,15,80,25,0,120,0,0,0,120
01/23/2001,XNA,AR,ASW,CE,Federal Contract Tower,13,77,11,3,104,0,0,18,3,21,13,77,29,6,125,0,0,0,125
01/24/2001,XNA,AR,ASW,CE,Federal Contract Tower,16,72,13,3,104,0,0,7,7,14,16,72,20,10,118,0,2,2,120
01/25/2001,XNA,AR,ASW,CE,Federal Contract Tower,13,71,10,0,94,0,12,14,0,26,13,83,24,0,120,16,0,16,136
01/26/2001,XNA,AR,ASW,CE,Federal Contract Tower,13,65,9,2,89,0,9,7,0,16,13,74,16,2,105,20,2,22,127
01/27/2001,XNA,AR,ASW,CE,Federal Contract Tower,11,57,9,0,77,0,0,15,0,15,11,57,24,0,92,0,0,0,92
01/28/2001,XNA,AR,ASW,CE,Federal Contract Tower,12,54,5,0,71,0,5,0,0,5,12,59,5,0,76,0,0,0,76
01/29/2001,XNA,AR,ASW,CE,Federal Contract Tower,11,52,7,1,71,0,0,4,3,7,11,52,11,4,78,0,0,0,78
01/30/2001,XNA,AR,ASW,CE,Federal Contract Tower,13,64,9,0,86,0,5,4,0,9,13,69,13,0,95,0,0,0,95
01/31/2001,XNA,AR,ASW,CE,Federal Contract Tower,7,81,17,3,108,0,0,28,21,49,7,81,45,24,157,10,12,22,179
02/01/2001,XNA,AR,ASW,CE,Federal Contract Tower,14,71,15,2,102,4,0,10,11,25,18,71,25,13,127,14,44,58,185
02/02/2001,XNA,AR,ASW,CE,Federal Contract Tower,9,75,10,1,95,0,4,0,12,16,9,79,10,13,111,18,28,46,157
02/03/2001,XNA,AR,ASW,CE,Federal Contract Tower,8,55,9,0,72,0,7,5,0,12,8,62,14,0,84,2,0,2,86
02/04/2001,XNA,AR,ASW,CE,Federal Contract Tower,8,55,9,0,72,0,9,3,0,12,8,64,12,0,84,16,0,16,100
02/05/2001,XNA,AR,ASW,CE,Federal Contract Tower,10,68,12,1,91,0,4,13,1,18,10,72,25,2,109,14,0,14,123
02/06/2001,XNA,AR,ASW,CE,Federal Contract Tower,11,76,14,0,101,0,0,22,0,22,11,76,36,0,123,0,0,0,123
02/07/2001,XNA,AR,ASW,CE,Federal Contract Tower,10,97,17,2,126,0,1,4,0,5,10,98,21,2,131,0,0,0,131
02/08/2001,XNA,AR,ASW,CE,Federal Contract Tower,10,67,12,0,89,1,13,12,0,26,11,80,24,0,115,0,0,0,115
02/09/2001,XNA,AR,ASW,CE,Federal Contract Tower,9,61,8,0,78,2,3,0,0,5,11,64,8,0,83,0,0,0,83
02/10/2001,XNA,AR,ASW,CE,Federal Contract Tower,7,55,10,0,72,0,6,20,0,26,7,61,30,0,98,20,0,20,118
02/11/2001,XNA,AR,ASW,CE,Federal Contract Tower,8,53,9,0,70,0,5,10,0,15,8,58,19,0,85,16,0,16,101
02/12/2001,XNA,AR,ASW,CE,Federal Contract Tower,9,69,11,0,89,0,5,0,0,5,9,74,11,0,94,0,0,0,94
02/13/2001,XNA,AR,ASW,CE,Federal Contract Tower,10,68,12,0,90,0,0,2,0,2,10,68,14,0,92,0,0,0,92
02/14/2001,XNA,AR,ASW,CE,Federal Contract Tower,10,65,12,0,87,0,0,4,0,4,10,65,16,0,91,0,0,0,91
02/15/2001,XNA,AR,ASW,CE,Federal Contract Tower,9,70,13,0,92,0,0,8,0,8,9,70,21,0,100,0,0,0,100
02/16/2001,XNA,AR,ASW,CE,Federal Contract Tower,9,67,9,0,85,1,6,0,0,7,10,73,9,0,92,0,0,0,92
02/17/2001,XNA,AR,ASW,CE,Federal Contract Tower,7,55,8,0,70,0,3,16,0,19,7,58,24,0,89,12,0,12,101
02/18/2001,XNA,AR,ASW,CE,Federal Contract Tower,8,56,8,0,72,2,2,6,0,10,10,58,14,0,82,14,0,14,96
02/19/2001,XNA,AR,ASW,CE,Federal Contract Tower,11,71,11,0,93,0,7,4,0,11,11,78,15,0,104,10,0,10,114
02/20/2001,XNA,AR,ASW,CE,Federal Contract Tower,11,75,12,0,98,1,4,4,0,9,12,79,16,0,107,0,0,0,107
02/21/2001,XNA,AR,ASW,CE,Federal Contract Tower,12,77,13,0,102,2,0,7,0,9,14,77,20,0,111,0,0,0,111
02/22/2001,XNA,AR,ASW,CE,Federal Contract Tower,8,76,12,0,96,0,4,6,0,10,8,80,18,0,106,0,0,0,106
02/23/2001,XNA,AR,ASW,CE,Federal Contract Tower,11,75,13,0,99,0,0,4,0,4,11,75,17,0,103,0,0,0,103
02/24/2001,XNA,AR,ASW,CE,Federal Contract Tower,5,40,1,0,46,7,6,0,0,13,12,46,1,0,59,0,0,0,59
02/25/2001,XNA,AR,ASW,CE,Federal Contract Tower,7,53,9,0,69,4,6,3,0,13,11,59,12,0,82,22,0,22,104
02/26/2001,XNA,AR,ASW,CE,Federal Contract Tower,11,68,14,2,95,0,0,22,9,31,11,68,36,11,126,60,34,94,220
02/27/2001,XNA,AR,ASW,CE,Federal Contract Tower,9,61,12,1,83,0,0,5,9,14,9,61,17,10,97,28,24,52,149
02/28/2001,XNA,AR,ASW,CE,Federal Contract Tower,12,78,15,0,105,1,0,8,0,9,13,78,23,0,114,0,0,0,114
03/01/2001,XNA,AR,ASW,CE,Federal Contract Tower,8,89,13,3,113,0,1,0,8,9,8,90,13,11,122,2,6,8,130
03/02/2001,XNA,AR,ASW,CE,Federal Contract Tower,11,79,12,0,102,0,23,10,0,33,11,102,22,0,135,20,0,20,155
03/03/2001,XNA,AR,ASW,CE,Federal Contract Tower,7,56,2,0,65,0,30,0,0,30,7,86,2,0,95,0,0,0,95
03/04/2001,XNA,AR,ASW,CE,Federal Contract Tower,8,56,9,0,73,1,5,11,0,17,9,61,20,0,90,14,0,14,104
03/05/2001,XNA,AR,ASW,CE,Federal Contract Tower,10,67,11,0,88,1,5,13,0,19,11,72,24,0,107,8,0,8,115
03/06/2001,XNA,AR,ASW,CE,Federal Contract Tower,10,75,12,0,97,0,2,8,0,10,10,77,20,0,107,0,0,0,107
03/07/2001,XNA,AR,ASW,CE,Federal Contract Tower,10,76,14,3,103,0,0,5,9,14,10,76,19,12,117,0,82,82,199
03/08/2001,XNA,AR,ASW,CE,Federal Contract Tower,10,69,6,3,88,0,10,0,1,11,10,79,6,4,99,8,22,30,129
03/09/2001,XNA,AR,ASW,CE,Federal Contract Tower,12,74,11,3,100,0,2,11,2,15,12,76,22,5,115,12,10,22,137
03/10/2001,XNA,AR,ASW,CE,Federal Contract Tower,8,49,8,0,65,1,11,9,0,21,9,60,17,0,86,16,0,16,102
03/11/2001,XNA,AR,ASW,CE,Federal Contract Tower,7,57,8,0,72,0,6,13,0,19,7,63,21,0,91,10,0,10,101
03/12/2001,XNA,AR,ASW,CE,Federal Contract Tower,11,67,10,0,88,0,5,4,0,9,11,72,14,0,97,6,0,6,103
03/13/2001,XNA,AR,ASW,CE,Federal Contract Tower,11,79,11,4,105,0,1,10,0,11,11,80,21,4,116,0,12,12,128
03/14/2001,XNA,AR,ASW,CE,Federal Contract Tower,10,69,13,4,96,0,0,13,14,27,10,69,26,18,123,0,12,12,135
03/15/2001,XNA,AR,ASW,CE,Federal Contract Tower,12,70,11,4,97,0,0,19,0,19,12,70,30,4,116,0,16,16,132
03/16/2001,XNA,AR,ASW,CE,Federal Contract Tower,17,85,15,5,122,0,0,12,24,36,17,85,27,29,158,12,12,24,182
03/17/2001,XNA,AR,ASW,CE,Federal Contract Tower,10,56,8,0,74,4,0,13,0,17,14,56,21,0,91,14,0,14,105
03/18/2001,XNA,AR,ASW,CE,Federal Contract Tower,8,64,9,3,84,0,0,13,1,14,8,64,22,4,98,12,4,16,114
03/19/2001,XNA,AR,ASW,CE,Federal Contract Tower,11,71,10,0,92,2,8,1,0,11,13,79,11,0,103,10,0,10,113
03/20/2001,XNA,AR,ASW,CE,Federal Contract Tower,12,74,11,0,97,0,5,16,0,21,12,79,27,0,118,0,0,0,118
03/21/2001,XNA,AR,ASW,CE,Federal Contract Tower,11,81,13,0,105,0,0,11,0,11,11,81,24,0,116,6,0,6,122
03/22/2001,XNA,AR,ASW,CE,Federal Contract Tower,14,81,13,0,108,0,0,27,0,27,14,81,40,0,135,18,0,18,153
03/23/2001,XNA,AR,ASW,CE,Federal Contract Tower,12,66,10,0,88,4,0,17,0,21,16,66,27,0,109,16,0,16,125
03/24/2001,XNA,AR,ASW,CE,Federal Contract Tower,9,52,7,0,68,3,2,4,0,9,12,54,11,0,77,0,0,0,77
03/25/2001,XNA,AR,ASW,CE,Federal Contract Tower,9,58,8,0,75,1,3,20,0,24,10,61,28,0,99,14,0,14,113
03/26/2001,XNA,AR,ASW,CE,Federal Contract Tower,11,72,10,0,93,3,2,13,0,18,14,74,23,0,111,8,0,8,119
03/27/2001,XNA,AR,ASW,CE,Federal Contract Tower,13,74,11,3,101,3,0,6,1,10,16,74,17,4,111,12,16,28,139
03/28/2001,XNA,AR,ASW,CE,Federal Contract Tower,12,76,11,0,99,1,0,3,0,4,13,76,14,0,103,0,0,0,103
03/29/2001,XNA,AR,ASW,CE,Federal Contract Tower,12,75,9,0,96,2,4,0,0,6,14,79,9,0,102,0,0,0,102
03/30/2001,XNA,AR,ASW,CE,Federal Contract Tower,11,72,9,2,94,1,1,0,0,2,12,73,9,2,96,0,0,0,96
03/31/2001,XNA,AR,ASW,CE,Federal Contract Tower,8,50,7,0,65,3,1,5,0,9,11,51,12,0,74,0,0,0,74
04/01/2001,XNA,AR,ASW,CE,Federal Contract Tower,8,59,3,0,70,0,1,21,0,22,8,60,24,0,92,12,0,12,104
04/02/2001,XNA,AR,ASW,CE,Federal Contract Tower,11,75,7,0,93,0,5,5,0,10,11,80,12,0,103,8,0,8,111
04/03/2001,XNA,AR,ASW,CE,Federal Contract Tower,13,75,11,9,108,0,1,4,0,5,13,76,15,9,113,0,36,36,149
04/04/2001,XNA,AR,ASW,CE,Federal Contract Tower,10,75,13,3,101,0,0,1,0,1,10,75,14,3,102,0,14,14,116
04/05/2001,XNA,AR,ASW,CE,Federal Contract Tower,9,80,7,0,96,0,0,7,0,7,9,80,14,0,103,0,0,0,103
04/06/2001,XNA,AR,ASW,CE,Federal Contract Tower,11,78,9,9,107,0,0,2,1,3,11,78,11,10,110,0,10,10,120
04/07/2001,XNA,AR,ASW,CE,Federal Contract Tower,7,49,5,0,61,0,4,10,0,14,7,53,15,0,75,0,0,0,75
04/08/2001,XNA,AR,ASW,CE,Federal Contract Tower,10,60,1,4,75,0,0,16,0,16,10,60,17,4,91,12,4,16,107
04/09/2001,XNA,AR,ASW,CE,Federal Contract Tower,12,78,12,0,102,0,0,14,0,14,12,78,26,0,116,6,0,6,122
04/10/2001,XNA,AR,ASW,CE,Federal Contract Tower,10,80,10,0,100,0,0,14,0,14,10,80,24,0,114,0,0,0,114
04/11/2001,XNA,AR,ASW,CE,Federal Contract Tower,10,72,5,0,87,0,13,0,0,13,10,85,5,0,100,0,0,0,100
04/12/2001,XNA,AR,ASW,CE,Federal Contract Tower,11,84,11,9,115,0,6,23,0,29,11,90,34,9,144,24,22,46,190
04/13/2001,XNA,AR,ASW,CE,Federal Contract Tower,9,73,10,0,92,0,2,13,0,15,9,75,23,0,107,0,0,0,107
04/14/2001,XNA,AR,ASW,CE,Federal Contract Tower,10,59,1,0,70,0,0,4,0,4,10,59,5,0,74,0,0,0,74
04/15/2001,XNA,AR,ASW,CE,Federal Contract Tower,9,61,2,0,72,0,0,15,0,15,9,61,17,0,87,0,0,0,87
04/16/2001,XNA,AR,ASW,CE,Federal Contract Tower,13,72,9,0,94,0,0,15,0,15,13,72,24,0,109,16,0,16,125
04/17/2001,XNA,AR,ASW,CE,Federal Contract Tower,12,74,13,0,99,0,0,11,2,13,12,74,24,2,112,8,6,14,126
04/18/2001,XNA,AR,ASW,CE,Federal Contract Tower,10,75,7,0,92,0,0,20,0,20,10,75,27,0,112,0,0,0,112
04/19/2001,XNA,AR,ASW,CE,Federal Contract Tower,9,77,11,0,97,0,0,3,0,3,9,77,14,0,100,0,0,0,100
04/20/2001,XNA,AR,ASW,CE,Federal Contract Tower,10,76,8,0,94,0,0,6,0,6,10,76,14,0,100,0,0,0,100
04/21/2001,XNA,AR,ASW,CE,Federal Contract Tower,7,58,2,0,67,0,0,12,0,12,7,58,14,0,79,16,0,16,95
04/22/2001,XNA,AR,ASW,CE,Federal Contract Tower,7,57,8,0,72,0,0,8,0,8,7,57,16,0,80,14,0,14,94
04/23/2001,XNA,AR,ASW,CE,Federal Contract Tower,12,78,3,0,93,0,0,9,0,9,12,78,12,0,102,6,0,6,108
04/24/2001,XNA,AR,ASW,CE,Federal Contract Tower,10,77,16,0,103,0,1,16,0,17,10,78,32,0,120,10,0,10,130
04/25/2001,XNA,AR,ASW,CE,Federal Contract Tower,11,79,11,4,105,0,2,6,0,8,11,81,17,4,113,4,4,8,121
04/26/2001,XNA,AR,ASW,CE,Federal Contract Tower,10,78,9,0,97,0,0,13,0,13,10,78,22,0,110,0,0,0,110
04/27/2001,XNA,AR,ASW,CE,Federal Contract Tower,9,78,7,5,99,0,0,13,0,13,9,78,20,5,112,0,0,0,112
04/28/2001,XNA,AR,ASW,CE,Federal Contract Tower,12,68,1,0,81,0,0,22,0,22,12,68,23,0,103,0,0,0,103
04/29/2001,XNA,AR,ASW,CE,Federal Contract Tower,8,58,5,2,73,0,0,10,1,11,8,58,15,3,84,2,2,4,88
04/30/2001,XNA,AR,ASW,CE,Federal Contract Tower,10,76,10,0,96,0,4,11,0,15,10,80,21,0,111,0,0,0,111
05/01/2001,XNA,AR,ASW,CE,Federal Contract Tower,14,74,9,2,99,1,2,16,0,19,15,76,25,2,118,4,2,6,124
05/02/2001,XNA,AR,ASW,CE,Federal Contract Tower,14,77,16,4,111,1,4,14,0,19,15,81,30,4,130,0,42,42,172
05/03/2001,XNA,AR,ASW,CE,Federal Contract Tower,11,78,11,14,114,1,6,13,0,20,12,84,24,14,134,0,24,24,158
05/04/2001,XNA,AR,ASW,CE,Federal Contract Tower,11,75,8,23,117,1,0,10,0,11,12,75,18,23,128,6,170,176,304
05/05/2001,XNA,AR,ASW,CE,Federal Contract Tower,9,56,3,1,69,1,0,8,3,12,10,56,11,4,81,6,0,6,87
05/06/2001,XNA,AR,ASW,CE,Federal Contract Tower,7,57,5,0,69,1,6,11,0,18,8,63,16,0,87,0,0,0,87
05/07/2001,XNA,AR,ASW,CE,Federal Contract Tower,13,64,20,2,99,1,0,13,0,14,14,64,33,2,113,10,0,10,123
05/08/2001,XNA,AR,ASW,CE,Federal Contract Tower,11,74,6,0,91,1,4,20,0,25,12,78,26,0,116,2,0,2,118
05/09/2001,XNA,AR,ASW,CE,Federal Contract Tower,12,76,18,0,106,0,1,9,0,10,12,77,27,0,116,0,0,0,116
05/10/2001,XNA,AR,ASW,CE,Federal Contract Tower,10,71,7,9,97,0,1,14,0,15,10,72,21,9,112,0,6,6,118
05/11/2001,XNA,AR,ASW,CE,Federal Contract Tower,10,74,7,0,91,0,1,2,0,3,10,75,9,0,94,0,0,0,94
05/12/2001,XNA,AR,ASW,CE,Federal Contract Tower,11,52,3,0,66,0,1,26,0,27,11,53,29,0,93,10,0,10,103
05/13/2001,XNA,AR,ASW,CE,Federal Contract Tower,12,62,3,16,93,0,0,13,0,13,12,62,16,16,106,12,20,32,138
05/14/2001,XNA,AR,ASW,CE,Federal Contract Tower,10,75,8,0,93,0,0,2,0,2,10,75,10,0,95,28,0,28,123
05/15/2001,XNA,AR,ASW,CE,Federal Contract Tower,11,74,16,0,101,0,4,6,0,10,11,78,22,0,111,6,0,6,117
05/16/2001,XNA,AR,ASW,CE,Federal Contract Tower,12,71,9,4,96,3,0,21,9,33,15,71,30,13,129,2,10,12,141
05/17/2001,XNA,AR,ASW,CE,Federal Contract Tower,13,72,11,14,110,0,0,5,0,5,13,72,16,14,115,0,0,0,115
05/18/2001,XNA,AR,ASW,CE,Federal Contract Tower,12,69,7,0,88,0,0,5,0,5,12,69,12,0,93,0,0,0,93
05/19/2001,XNA,AR,ASW,CE,Federal Contract Tower,13,57,2,0,72,0,8,5,0,13,13,65,7,0,85,0,0,0,85
05/20/2001,XNA,AR,ASW,CE,Federal Contract Tower,10,58,10,0,78,0,0,11,0,11,10,58,21,0,89,0,0,0,89
05/21/2001,XNA,AR,ASW,CE,Federal Contract Tower,14,72,1,0,87,0,0,13,0,13,14,72,14,0,100,0,0,0,100
05/22/2001,XNA,AR,ASW,CE,Federal Contract Tower,12,77,12,4,105,0,4,18,0,22,12,81,30,4,127,0,16,16,143
05/23/2001,XNA,AR,ASW,CE,Federal Contract Tower,11,69,12,4,96,0,0,21,0,21,11,69,33,4,117,0,4,4,121
05/24/2001,XNA,AR,ASW,CE,Federal Contract Tower,13,80,11,7,111,0,2,18,0,20,13,82,29,7,131,0,14,14,145
05/25/2001,XNA,AR,ASW,CE,Federal Contract Tower,13,76,5,0,94,0,6,18,0,24,13,82,23,0,118,10,0,10,128
05/26/2001,XNA,AR,ASW,CE,Federal Contract Tower,9,53,6,0,68,0,0,16,0,16,9,53,22,0,84,0,0,0,84
05/27/2001,XNA,AR,ASW,CE,Federal Contract Tower,6,48,3,0,57,0,0,12,0,12,6,48,15,0,69,32,0,32,101
05/28/2001,XNA,AR,ASW,CE,Federal Contract Tower,10,64,1,0,75,0,0,18,0,18,10,64,19,0,93,10,0,10,103
05/29/2001,XNA,AR,ASW,CE,Federal Contract Tower,14,81,9,0,104,0,4,11,0,15,14,85,20,0,119,0,0,0,119
05/30/2001,XNA,AR,ASW,CE,Federal Contract Tower,16,72,13,0,101,0,0,5,0,5,16,72,18,0,106,18,0,18,124
05/31/2001,XNA,AR,ASW,CE,Federal Contract Tower,12,77,15,8,112,0,5,11,0,16,12,82,26,8,128,18,10,28,156
06/01/2001,XNA,AR,ASW,CE,Federal Contract Tower,13,75,16,0,104,1,2,27,0,30,14,77,43,0,134,32,0,32,166
06/02/2001,XNA,AR,ASW,CE,Federal Contract Tower,10,60,6,0,76,1,0,7,0,8,11,60,13,0,84,4,0,4,88
06/03/2001,XNA,AR,ASW,CE,Federal Contract Tower,9,52,4,0,65,1,0,8,0,9,10,52,12,0,74,0,0,0,74
06/04/2001,XNA,AR,ASW,CE,Federal Contract Tower,11,76,11,4,102,0,0,11,0,11,11,76,22,4,113,10,20,30,143
06/05/2001,XNA,AR,ASW,CE,Federal Contract Tower,12,79,12,6,109,0,3,19,6,28,12,82,31,12,137,22,0,22,159
06/06/2001,XNA,AR,ASW,CE,Federal Contract Tower,9,74,11,6,100,0,0,14,7,21,9,74,25,13,121,0,64,64,185
06/07/2001,XNA,AR,ASW,CE,Federal Contract Tower,12,73,11,20,116,1,0,16,0,17,13,73,27,20,133,26,40,66,199
06/08/2001,XNA,AR,ASW,CE,Federal Contract Tower,11,71,10,0,92,1,4,13,0,18,12,75,23,0,110,2,0,2,112
06/09/2001,XNA,AR,ASW,CE,Federal Contract Tower,9,56,2,0,67,1,8,8,0,17,10,64,10,0,84,0,0,0,84
06/10/2001,XNA,AR,ASW,CE,Federal Contract Tower,11,59,8,0,78,0,1,20,0,21,11,60,28,0,99,16,0,16,115
06/11/2001,XNA,AR,ASW,CE,Federal Contract Tower,13,76,15,0,104,0,1,15,0,16,13,77,30,0,120,10,0,10,130
06/12/2001,XNA,AR,ASW,CE,Federal Contract Tower,12,77,18,13,120,0,1,16,1,18,12,78,34,14,138,0,54,54,192
06/13/2001,XNA,AR,ASW,CE,Federal Contract Tower,12,76,6,26,120,8,6,40,0,54,20,82,46,26,174,30,70,100,274
06/14/2001,XNA,AR,ASW,CE,Federal Contract Tower,14,55,18,0,87,0,3,2,0,5,14,58,20,0,92,0,0,0,92
06/15/2001,XNA,AR,ASW,CE,Federal Contract Tower,11,62,9,8,90,0,9,34,0,43,11,71,43,8,133,0,16,16,149
06/16/2001,XNA,AR,ASW,CE,Federal Contract Tower,9,53,7,2,71,0,3,15,0,18,9,56,22,2,89,28,0,28,117
06/17/2001,XNA,AR,ASW,CE,Federal Contract Tower,11,59,3,0,73,0,1,12,0,13,11,60,15,0,86,16,0,16,102
06/18/2001,XNA,AR,ASW,CE,Federal Contract Tower,12,66,4,6,88,0,1,17,0,18,12,67,21,6,106,16,56,72,178
06/19/2001,XNA,AR,ASW,CE,Federal Contract Tower,13,75,9,4,101,0,5,21,0,26,13,80,30,4,127,0,36,36,163
06/20/2001,XNA,AR,ASW,CE,Federal Contract Tower,12,72,7,0,91,0,7,11,0,18,12,79,18,0,109,10,0,10,119
06/21/2001,XNA,AR,ASW,CE,Federal Contract Tower,12,72,7,2,93,0,5,4,0,9,12,77,11,2,102,0,0,0,102
06/22/2001,XNA,AR,ASW,CE,Federal Contract Tower,12,74,2,2,90,0,0,47,0,47,12,74,49,2,137,18,0,18,155
06/23/2001,XNA,AR,ASW,CE,Federal Contract Tower,10,57,13,0,80,0,4,8,0,12,10,61,21,0,92,0,0,0,92
06/24/2001,XNA,AR,ASW,CE,Federal Contract Tower,9,61,2,0,72,0,0,10,0,10,9,61,12,0,82,16,0,16,98
06/25/2001,XNA,AR,ASW,CE,Federal Contract Tower,14,74,3,8,99,0,0,10,0,10,14,74,13,8,109,8,44,52,161
06/26/2001,XNA,AR,ASW,CE,Federal Contract Tower,12,80,11,4,107,0,6,11,0,17,12,86,22,4,124,0,14,14,138
06/27/2001,XNA,AR,ASW,CE,Federal Contract Tower,13,71,14,1,99,0,0,7,0,7,13,71,21,1,106,0,0,0,106
06/28/2001,XNA,AR,ASW,CE,Federal Contract Tower,14,76,27,4,121,0,14,18,1,33,14,90,45,5,154,0,42,42,196
06/29/2001,XNA,AR,ASW,CE,Federal Contract Tower,13,77,40,0,130,0,0,17,0,17,13,77,57,0,147,0,0,0,147
06/30/2001,XNA,AR,ASW,CE,Federal Contract Tower,13,50,6,0,69,0,0,2,0,2,13,50,8,0,71,0,0,0,71
07/01/2001,XNA,AR,ASW,CE,Federal Contract Tower,11,60,3,0,74,1,3,15,0,19,12,63,18,0,93,10,0,10,103
07/02/2001,XNA,AR,ASW,CE,Federal Contract Tower,16,75,28,6,125,1,0,11,0,12,17,75,39,6,137,0,34,34,171
07/03/2001,XNA,AR,ASW,CE,Federal Contract Tower,15,61,28,2,106,1,0,14,0,15,16,61,42,2,121,0,0,0,121
07/04/2001,XNA,AR,ASW,CE,Federal Contract Tower,6,49,5,0,60,6,0,9,0,15,12,49,14,0,75,2,0,2,77
07/05/2001,XNA,AR,ASW,CE,Federal Contract Tower,15,71,21,0,107,0,0,19,0,19,15,71,40,0,126,8,0,8,134
07/06/2001,XNA,AR,ASW,CE,Federal Contract Tower,18,66,10,0,94,0,0,13,0,13,18,66,23,0,107,8,0,8,115
07/07/2001,XNA,AR,ASW,CE,Federal Contract Tower,14,51,2,0,67,0,0,9,0,9,14,51,11,0,76,0,0,0,76
07/08/2001,XNA,AR,ASW,CE,Federal Contract Tower,12,55,7,0,74,0,0,14,0,14,12,55,21,0,88,6,0,6,94
07/09/2001,XNA,AR,ASW,CE,Federal Contract Tower,15,71,11,3,100,0,0,16,13,29,15,71,27,16,129,14,62,76,205
07/10/2001,XNA,AR,ASW,CE,Federal Contract Tower,15,66,10,0,91,0,6,8,0,14,15,72,18,0,105,0,0,0,105
07/11/2001,XNA,AR,ASW,CE,Federal Contract Tower,17,70,8,2,97,0,2,15,0,17,17,72,23,2,114,2,0,2,116
07/12/2001,XNA,AR,ASW,CE,Federal Contract Tower,18,77,11,0,106,0,4,12,0,16,18,81,23,0,122,0,0,0,122
07/13/2001,XNA,AR,ASW,CE,Federal Contract Tower,18,65,3,4,90,0,4,11,0,15,18,69,14,4,105,0,0,0,105
07/14/2001,XNA,AR,ASW,CE,Federal Contract Tower,10,50,1,0,61,0,4,18,0,22,10,54,19,0,83,0,0,0,83
07/15/2001,XNA,AR,ASW,CE,Federal Contract Tower,12,55,10,0,77,0,0,11,0,11,12,55,21,0,88,4,0,4,92
07/16/2001,XNA,AR,ASW,CE,Federal Contract Tower,17,72,6,0,95,0,0,6,0,6,17,72,12,0,101,6,0,6,107
07/17/2001,XNA,AR,ASW,CE,Federal Contract Tower,15,68,17,2,102,0,0,8,0,8,15,68,25,2,110,4,8,12,122
07/18/2001,XNA,AR,ASW,CE,Federal Contract Tower,15,70,23,0,108,0,2,10,0,12,15,72,33,0,120,0,0,0,120
07/19/2001,XNA,AR,ASW,CE,Federal Contract Tower,16,67,19,0,102,0,4,24,0,28,16,71,43,0,130,0,0,0,130
07/20/2001,XNA,AR,ASW,CE,Federal Contract Tower,16,62,6,8,92,0,0,14,0,14,16,62,20,8,106,0,0,0,106
07/21/2001,XNA,AR,ASW,CE,Federal Contract Tower,14,53,7,0,74,0,0,12,0,12,14,53,19,0,86,2,0,2,88
07/22/2001,XNA,AR,ASW,CE,Federal Contract Tower,12,57,2,0,71,0,0,8,0,8,12,57,10,0,79,0,0,0,79
07/23/2001,XNA,AR,ASW,CE,Federal Contract Tower,16,64,8,0,88,0,0,10,0,10,16,64,18,0,98,10,0,10,108
07/24/2001,XNA,AR,ASW,CE,Federal Contract Tower,16,64,16,0,96,0,1,4,0,5,16,65,20,0,101,0,0,0,101
07/25/2001,XNA,AR,ASW,CE,Federal Contract Tower,16,65,11,4,96,0,0,0,0,0,16,65,11,4,96,4,26,30,126
07/26/2001,XNA,AR,ASW,CE,Federal Contract Tower,15,61,22,0,98,0,2,9,0,11,15,63,31,0,109,0,0,0,109
07/27/2001,XNA,AR,ASW,CE,Federal Contract Tower,19,59,5,0,83,0,4,6,0,10,19,63,11,0,93,0,0,0,93
07/28/2001,XNA,AR,ASW,CE,Federal Contract Tower,10,50,11,0,71,0,0,22,0,22,10,50,33,0,93,0,0,0,93
07/29/2001,XNA,AR,ASW,CE,Federal Contract Tower,13,56,1,0,70,0,4,5,0,9,13,60,6,0,79,0,0,0,79
07/30/2001,XNA,AR,ASW,CE,Federal Contract Tower,20,48,5,8,81,0,0,11,0,11,20,48,16,8,92,8,16,24,116
07/31/2001,XNA,AR,ASW,CE,Federal Contract Tower,16,75,4,2,97,0,8,23,0,31,16,83,27,2,128,6,0,6,134
08/01/2001,XNA,AR,ASW,CE,Federal Contract Tower,17,71,6,3,97,0,16,1,0,17,17,87,7,3,114,2,14,16,130
08/02/2001,XNA,AR,ASW,CE,Federal Contract Tower,13,70,7,6,96,0,0,10,0,10,13,70,17,6,106,2,62,64,170
08/03/2001,XNA,AR,ASW,CE,Federal Contract Tower,15,69,6,2,92,0,0,16,0,16,15,69,22,2,108,0,0,0,108
08/04/2001,XNA,AR,ASW,CE,Federal Contract Tower,11,55,0,1,67,0,0,6,1,7,11,55,6,2,74,4,0,4,78
08/05/2001,XNA,AR,ASW,CE,Federal Contract Tower,12,58,1,0,71,0,0,9,0,9,12,58,10,0,80,8,0,8,88
08/06/2001,XNA,AR,ASW,CE,Federal Contract Tower,16,72,5,5,98,0,1,25,1,27,16,73,30,6,125,10,10,20,145
08/07/2001,XNA,AR,ASW,CE,Federal Contract Tower,15,69,4,0,88,0,0,2,0,2,15,69,6,0,90,0,0,0,90
08/08/2001,XNA,AR,ASW,CE,Federal Contract Tower,15,75,17,0,107,0,4,18,4,26,15,79,35,4,133,0,0,0,133
08/09/2001,XNA,AR,ASW,CE,Federal Contract Tower,15,70,7,0,92,0,0,22,0,22,15,70,29,0,114,0,0,0,114
08/10/2001,XNA,AR,ASW,CE,Federal Contract Tower,15,71,12,0,98,0,4,6,0,10,15,75,18,0,108,44,0,44,152
08/11/2001,XNA,AR,ASW,CE,Federal Contract Tower,11,50,7,1,69,0,0,7,1,8,11,50,14,2,77,2,6,8,85
08/12/2001,XNA,AR,ASW,CE,Federal Contract Tower,10,57,5,0,72,0,0,17,2,19,10,57,22,2,91,18,0,18,109
08/13/2001,XNA,AR,ASW,CE,Federal Contract Tower,15,70,2,11,98,0,1,12,1,14,15,71,14,12,112,14,40,54,166
08/14/2001,XNA,AR,ASW,CE,Federal Contract Tower,15,69,9,0,93,0,0,4,0,4,15,69,13,0,97,0,0,0,97
08/15/2001,XNA,AR,ASW,CE,Federal Contract Tower,14,66,5,6,91,0,4,13,2,19,14,70,18,8,110,0,12,12,122
08/16/2001,XNA,AR,ASW,CE,Federal Contract Tower,16,71,13,4,104,0,0,13,0,13,16,71,26,4,117,0,22,22,139
08/17/2001,XNA,AR,ASW,CE,Federal Contract Tower,17,63,8,0,88,0,0,7,0,7,17,63,15,0,95,0,0,0,95
08/18/2001,XNA,AR,ASW,CE,Federal Contract Tower,11,52,2,0,65,0,0,0,0,0,11,52,2,0,65,0,0,0,65
08/19/2001,XNA,AR,ASW,CE,Federal Contract Tower,13,57,1,0,71,0,0,14,0,14,13,57,15,0,85,14,0,14,99
08/20/2001,XNA,AR,ASW,CE,Federal Contract Tower,11,75,8,7,101,0,2,11,0,13,11,77,19,7,114,10,14,24,138
08/21/2001,XNA,AR,ASW,CE,Federal Contract Tower,13,68,12,2,95,0,1,12,0,13,13,69,24,2,108,0,30,30,138
08/22/2001,XNA,AR,ASW,CE,Federal Contract Tower,13,71,15,0,99,0,0,5,0,5,13,71,20,0,104,0,0,0,104
08/23/2001,XNA,AR,ASW,CE,Federal Contract Tower,15,67,12,0,94,0,0,16,0,16,15,67,28,0,110,2,0,2,112
08/24/2001,XNA,AR,ASW,CE,Federal Contract Tower,18,66,11,0,95,0,8,5,0,13,18,74,16,0,108,0,0,0,108
08/25/2001,XNA,AR,ASW,CE,Federal Contract Tower,10,50,9,0,69,0,0,8,0,8,10,50,17,0,77,8,0,8,85
08/26/2001,XNA,AR,ASW,CE,Federal Contract Tower,12,59,4,0,75,0,0,6,0,6,12,59,10,0,81,0,0,0,81
08/27/2001,XNA,AR,ASW,CE,Federal Contract Tower,15,73,11,10,109,0,2,5,0,7,15,75,16,10,116,0,48,48,164
08/28/2001,XNA,AR,ASW,CE,Federal Contract Tower,16,73,13,2,104,0,0,11,0,11,16,73,24,2,115,0,22,22,137
08/29/2001,XNA,AR,ASW,CE,Federal Contract Tower,15,68,8,14,105,0,4,17,0,21,15,72,25,14,126,0,48,48,174
08/30/2001,XNA,AR,ASW,CE,Federal Contract Tower,15,73,19,0,107,0,0,4,0,4,15,73,23,0,111,4,0,4,115
08/31/2001,XNA,AR,ASW,CE,Federal Contract Tower,12,58,6,2,78,1,2,13,10,26,13,60,19,12,104,0,12,12,116
09/01/2001,XNA,AR,ASW,CE,Federal Contract Tower,11,53,4,0,68,0,1,10,0,11,11,54,14,0,79,0,0,0,79
09/02/2001,XNA,AR,ASW,CE,Federal Contract Tower,9,44,0,0,53,0,1,16,0,17,9,45,16,0,70,4,0,4,74
09/03/2001,XNA,AR,ASW,CE,Federal Contract Tower,11,51,9,0,71,0,1,20,2,23,11,52,29,2,94,10,0,10,104
09/04/2001,XNA,AR,ASW,CE,Federal Contract Tower,15,67,11,2,95,0,1,12,0,13,15,68,23,2,108,0,0,0,108
09/05/2001,XNA,AR,ASW,CE,Federal Contract Tower,14,71,5,0,90,0,6,1,0,7,14,77,6,0,97,0,0,0,97
09/06/2001,XNA,AR,ASW,CE,Federal Contract Tower,15,66,13,0,94,0,2,19,0,21,15,68,32,0,115,0,0,0,115
09/07/2001,XNA,AR,ASW,CE,Federal Contract Tower,14,74,9,4,101,3,0,11,8,22,17,74,20,12,123,0,4,4,127
09/08/2001,XNA,AR,ASW,CE,Federal Contract Tower,7,47,5,0,59,0,4,0,0,4,7,51,5,0,63,0,0,0,63
09/09/2001,XNA,AR,ASW,CE,Federal Contract Tower,13,54,5,2,74,0,0,5,0,5,13,54,10,2,79,6,0,6,85
09/10/2001,XNA,AR,ASW,CE,Federal Contract Tower,15,68,10,9,102,0,0,14,5,19,15,68,24,14,121,4,8,12,133
09/11/2001,XNA,AR,ASW,CE,Federal Contract Tower,2,11,2,0,15,0,0,3,0,3,2,11,5,0,18,0,0,0,18
09/12/2001,XNA,AR,ASW,CE,Federal Contract Tower,0,1,0,0,1,0,8,0,0,8,0,9,0,0,9,0,0,0,9
09/13/2001,XNA,AR,ASW,CE,Federal Contract Tower,1,26,0,0,27,0,5,0,0,5,1,31,0,0,32,0,0,0,32
09/14/2001,XNA,AR,ASW,CE,Federal Contract Tower,7,62,4,0,73,0,4,0,0,4,7,66,4,0,77,0,0,0,77
09/15/2001,XNA,AR,ASW,CE,Federal Contract Tower,11,43,9,0,63,0,0,0,0,0,11,43,9,0,63,0,0,0,63
09/16/2001,XNA,AR,ASW,CE,Federal Contract Tower,8,46,5,0,59,0,4,0,0,4,8,50,5,0,63,0,0,0,63
09/17/2001,XNA,AR,ASW,CE,Federal Contract Tower,11,62,6,0,79,0,0,0,0,0,11,62,6,0,79,0,0,0,79
09/18/2001,XNA,AR,ASW,CE,Federal Contract Tower,11,68,8,0,87,0,0,0,0,0,11,68,8,0,87,0,0,0,87
09/19/2001,XNA,AR,ASW,CE,Federal Contract Tower,11,70,17,16,114,0,2,0,1,3,11,72,17,17,117,0,56,56,173
09/20/2001,XNA,AR,ASW,CE,Federal Contract Tower,10,62,11,4,87,0,2,10,0,12,10,64,21,4,99,0,0,0,99
09/21/2001,XNA,AR,ASW,CE,Federal Contract Tower,11,65,4,4,84,0,0,5,0,5,11,65,9,4,89,0,18,18,107
09/22/2001,XNA,AR,ASW,CE,Federal Contract Tower,8,49,6,0,63,0,0,12,0,12,8,49,18,0,75,4,0,4,79
09/23/2001,XNA,AR,ASW,CE,Federal Contract Tower,8,47,8,0,63,0,0,20,0,20,8,47,28,0,83,4,0,4,87
09/24/2001,XNA,AR,ASW,CE,Federal Contract Tower,11,70,8,6,95,0,0,10,0,10,11,70,18,6,105,6,22,28,133
09/25/2001,XNA,AR,ASW,CE,Federal Contract Tower,9,70,14,0,93,0,4,15,2,21,9,74,29,2,114,0,0,0,114
09/26/2001,XNA,AR,ASW,CE,Federal Contract Tower,11,70,11,9,101,0,0,12,1,13,11,70,23,10,114,10,24,34,148
09/27/2001,XNA,AR,ASW,CE,Federal Contract Tower,9,73,15,0,97,0,2,9,0,11,9,75,24,0,108,2,0,2,110
09/28/2001,XNA,AR,ASW,CE,Federal Contract Tower,10,75,9,2,96,0,0,11,0,11,10,75,20,2,107,2,14,16,123
09/29/2001,XNA,AR,ASW,CE,Federal Contract Tower,7,40,5,0,52,2,4,7,0,13,9,44,12,0,65,0,0,0,65
09/30/2001,XNA,AR,ASW,CE,Federal Contract Tower,8,50,2,0,60,0,0,18,0,18,8,50,20,0,78,0,0,0,78
10/01/2001,XNA,AR,ASW,CE,Federal Contract Tower,10,72,11,5,98,0,0,3,13,16,10,72,14,18,114,4,38,42,156
10/02/2001,XNA,AR,ASW,CE,Federal Contract Tower,10,71,8,17,106,0,1,11,0,12,10,72,19,17,118,12,52,64,182
10/03/2001,XNA,AR,ASW,CE,Federal Contract Tower,10,72,12,0,94,0,9,9,0,18,10,81,21,0,112,0,0,0,112
10/04/2001,XNA,AR,ASW,CE,Federal Contract Tower,10,68,13,8,99,0,1,6,0,7,10,69,19,8,106,8,0,8,114
10/05/2001,XNA,AR,ASW,CE,Federal Contract Tower,13,69,7,0,89,0,5,0,0,5,13,74,7,0,94,0,0,0,94
10/06/2001,XNA,AR,ASW,CE,Federal Contract Tower,10,45,4,0,59,0,1,6,0,7,10,46,10,0,66,0,0,0,66
10/07/2001,XNA,AR,ASW,CE,Federal Contract Tower,10,51,3,1,65,0,1,20,3,24,10,52,23,4,89,16,0,16,105
10/08/2001,XNA,AR,ASW,CE,Federal Contract Tower,10,68,13,0,91,0,0,7,0,7,10,68,20,0,98,4,0,4,102
10/09/2001,XNA,AR,ASW,CE,Federal Contract Tower,12,68,16,0,96,0,0,9,0,9,12,68,25,0,105,0,0,0,105
10/10/2001,XNA,AR,ASW,CE,Federal Contract Tower,10,57,7,0,74,3,1,1,0,5,13,58,8,0,79,0,0,0,79
10/11/2001,XNA,AR,ASW,CE,Federal Contract Tower,10,72,19,9,110,0,0,5,0,5,10,72,24,9,115,0,0,0,115
10/12/2001,XNA,AR,ASW,CE,Federal Contract Tower,11,59,10,5,85,0,0,7,0,7,11,59,17,5,92,2,2,4,96
10/13/2001,XNA,AR,ASW,CE,Federal Contract Tower,10,48,2,2,62,0,0,0,0,0,10,48,2,2,62,0,0,0,62
10/14/2001,XNA,AR,ASW,CE,Federal Contract Tower,10,54,2,0,66,0,0,6,0,6,10,54,8,0,72,0,0,0,72
10/15/2001,XNA,AR,ASW,CE,Federal Contract Tower,10,71,9,8,98,0,0,11,0,11,10,71,20,8,109,0,42,42,151
10/16/2001,XNA,AR,ASW,CE,Federal Contract Tower,10,73,18,0,101,0,0,8,0,8,10,73,26,0,109,0,0,0,109
10/17/2001,XNA,AR,ASW,CE,Federal Contract Tower,10,72,11,4,97,0,0,15,2,17,10,72,26,6,114,0,14,14,128
10/18/2001,XNA,AR,ASW,CE,Federal Contract Tower,10,66,11,22,109,0,2,6,0,8,10,68,17,22,117,0,38,38,155
10/19/2001,XNA,AR,ASW,CE,Federal Contract Tower,11,74,10,6,101,0,0,12,0,12,11,74,22,6,113,0,36,36,149
10/20/2001,XNA,AR,ASW,CE,Federal Contract Tower,10,50,0,0,60,0,0,11,0,11,10,50,11,0,71,0,0,0,71
10/21/2001,XNA,AR,ASW,CE,Federal Contract Tower,10,57,5,2,74,0,0,23,0,23,10,57,28,2,97,6,0,6,103
10/22/2001,XNA,AR,ASW,CE,Federal Contract Tower,12,71,5,0,88,0,0,6,0,6,12,71,11,0,94,0,0,0,94
10/23/2001,XNA,AR,ASW,CE,Federal Contract Tower,11,69,14,0,94,0,0,6,0,6,11,69,20,0,100,0,0,0,100
10/24/2001,XNA,AR,ASW,CE,Federal Contract Tower,10,69,10,2,91,0,2,9,0,11,10,71,19,2,102,0,0,0,102
10/25/2001,XNA,AR,ASW,CE,Federal Contract Tower,10,70,14,2,96,0,4,11,0,15,10,74,25,2,111,0,10,10,121
10/26/2001,XNA,AR,ASW,CE,Federal Contract Tower,12,70,9,9,100,0,2,13,0,15,12,72,22,9,115,4,12,16,131
10/27/2001,XNA,AR,ASW,CE,Federal Contract Tower,10,55,11,0,76,0,0,10,0,10,10,55,21,0,86,0,0,0,86
10/28/2001,XNA,AR,ASW,CE,Federal Contract Tower,10,54,4,0,68,0,0,6,0,6,10,54,10,0,74,0,0,0,74
10/29/2001,XNA,AR,ASW,CE,Federal Contract Tower,11,67,4,6,88,0,0,10,0,10,11,67,14,6,98,6,14,20,118
10/30/2001,XNA,AR,ASW,CE,Federal Contract Tower,10,69,12,2,93,0,0,11,0,11,10,69,23,2,104,0,0,0,104
10/31/2001,XNA,AR,ASW,CE,Federal Contract Tower,9,63,9,7,88,0,4,9,0,13,9,67,18,7,101,0,46,46,147
11/01/2001,XNA,AR,ASW,CE,Federal Contract Tower,13,65,12,12,102,1,0,3,0,4,14,65,15,12,106,0,0,0,106
11/02/2001,XNA,AR,ASW,CE,Federal Contract Tower,13,64,5,0,82,0,1,2,0,3,13,65,7,0,85,0,0,0,85
11/03/2001,XNA,AR,ASW,CE,Federal Contract Tower,10,48,8,0,66,0,1,5,0,6,10,49,13,0,72,0,0,0,72
11/04/2001,XNA,AR,ASW,CE,Federal Contract Tower,10,48,5,0,63,0,1,5,0,6,10,49,10,0,69,0,0,0,69
11/05/2001,XNA,AR,ASW,CE,Federal Contract Tower,10,57,7,14,88,0,0,8,0,8,10,57,15,14,96,6,32,38,134
11/06/2001,XNA,AR,ASW,CE,Federal Contract Tower,15,59,8,4,86,0,0,12,0,12,15,59,20,4,98,20,52,72,170
11/07/2001,XNA,AR,ASW,CE,Federal Contract Tower,14,65,7,2,88,0,0,16,1,17,14,65,23,3,105,0,0,0,105
11/08/2001,XNA,AR,ASW,CE,Federal Contract Tower,17,60,12,11,100,0,0,21,0,21,17,60,33,11,121,0,38,38,159
11/09/2001,XNA,AR,ASW,CE,Federal Contract Tower,13,61,7,2,83,0,0,12,0,12,13,61,19,2,95,8,0,8,103
11/10/2001,XNA,AR,ASW,CE,Federal Contract Tower,11,41,1,0,53,0,0,12,0,12,11,41,13,0,65,0,0,0,65
11/11/2001,XNA,AR,ASW,CE,Federal Contract Tower,12,48,7,0,67,0,0,4,0,4,12,48,11,0,71,8,0,8,79
11/12/2001,XNA,AR,ASW,CE,Federal Contract Tower,12,60,4,0,76,0,0,6,0,6,12,60,10,0,82,4,0,4,86
11/13/2001,XNA,AR,ASW,CE,Federal Contract Tower,14,54,4,0,72,0,0,7,0,7,14,54,11,0,79,0,0,0,79
11/14/2001,XNA,AR,ASW,CE,Federal Contract Tower,13,60,6,14,93,0,4,2,0,6,13,64,8,14,99,0,4,4,103
11/15/2001,XNA,AR,ASW,CE,Federal Contract Tower,13,60,9,3,85,0,0,7,2,9,13,60,16,5,94,2,28,30,124
11/16/2001,XNA,AR,ASW,CE,Federal Contract Tower,15,56,10,5,86,0,0,7,0,7,15,56,17,5,93,10,24,34,127
11/17/2001,XNA,AR,ASW,CE,Federal Contract Tower,14,47,9,0,70,0,0,5,0,5,14,47,14,0,75,0,0,0,75
11/18/2001,XNA,AR,ASW,CE,Federal Contract Tower,12,45,6,0,63,0,4,9,0,13,12,49,15,0,76,6,0,6,82
11/19/2001,XNA,AR,ASW,CE,Federal Contract Tower,12,61,4,2,79,0,0,10,0,10,12,61,14,2,89,6,0,6,95
11/20/2001,XNA,AR,ASW,CE,Federal Contract Tower,12,55,12,2,81,0,2,11,0,13,12,57,23,2,94,0,0,0,94
11/21/2001,XNA,AR,ASW,CE,Federal Contract Tower,12,56,5,0,73,0,2,34,2,38,12,58,39,2,111,0,0,0,111
11/22/2001,XNA,AR,ASW,CE,Federal Contract Tower,10,40,3,0,53,0,6,7,0,13,10,46,10,0,66,0,0,0,66
11/23/2001,XNA,AR,ASW,CE,Federal Contract Tower,14,42,9,0,65,0,10,0,0,10,14,52,9,0,75,2,0,2,77
11/24/2001,XNA,AR,ASW,CE,Federal Contract Tower,12,50,0,0,62,0,0,0,0,0,12,50,0,0,62,0,0,0,62
11/25/2001,XNA,AR,ASW,CE,Federal Contract Tower,15,48,2,0,65,0,0,13,0,13,15,48,15,0,78,0,0,0,78
11/26/2001,XNA,AR,ASW,CE,Federal Contract Tower,12,58,13,2,85,0,0,4,0,4,12,58,17,2,89,8,0,8,97
11/27/2001,XNA,AR,ASW,CE,Federal Contract Tower,13,54,16,4,87,0,0,7,0,7,13,54,23,4,94,0,0,0,94
11/28/2001,XNA,AR,ASW,CE,Federal Contract Tower,5,41,21,0,67,0,0,7,0,7,5,41,28,0,74,0,0,0,74
11/29/2001,XNA,AR,ASW,CE,Federal Contract Tower,11,53,21,0,85,0,0,7,0,7,11,53,28,0,92,0,0,0,92
11/30/2001,XNA,AR,ASW,CE,Federal Contract Tower,14,55,9,5,83,0,0,6,0,6,14,55,15,5,89,20,48,68,157
12/01/2001,XNA,AR,ASW,CE,Federal Contract Tower,11,46,6,0,63,0,0,0,0,0,11,46,6,0,63,6,0,6,69
12/02/2001,XNA,AR,ASW,CE,Federal Contract Tower,13,47,3,0,63,0,0,5,0,5,13,47,8,0,68,6,0,6,74
12/03/2001,XNA,AR,ASW,CE,Federal Contract Tower,11,59,19,0,89,0,0,0,0,0,11,59,19,0,89,0,0,0,89
12/04/2001,XNA,AR,ASW,CE,Federal Contract Tower,13,60,20,4,97,0,0,4,0,4,13,60,24,4,101,0,2,2,103
12/05/2001,XNA,AR,ASW,CE,Federal Contract Tower,12,63,11,0,86,0,4,3,0,7,12,67,14,0,93,0,0,0,93
12/06/2001,XNA,AR,ASW,CE,Federal Contract Tower,14,61,14,15,104,0,0,8,0,8,14,61,22,15,112,0,28,28,140
12/07/2001,XNA,AR,ASW,CE,Federal Contract Tower,17,57,12,0,86,0,0,4,0,4,17,57,16,0,90,4,0,4,94
12/08/2001,XNA,AR,ASW,CE,Federal Contract Tower,10,48,3,0,61,0,0,2,0,2,10,48,5,0,63,0,0,0,63
12/09/2001,XNA,AR,ASW,CE,Federal Contract Tower,16,45,6,0,67,0,0,7,0,7,16,45,13,0,74,0,0,0,74
12/10/2001,XNA,AR,ASW,CE,Federal Contract Tower,15,58,8,0,81,0,0,7,0,7,15,58,15,0,88,0,0,0,88
12/11/2001,XNA,AR,ASW,CE,Federal Contract Tower,12,58,9,0,79,0,0,17,0,17,12,58,26,0,96,0,0,0,96
12/12/2001,XNA,AR,ASW,CE,Federal Contract Tower,11,65,12,20,108,0,0,0,0,0,11,65,12,20,108,0,0,0,108
12/13/2001,XNA,AR,ASW,CE,Federal Contract Tower,14,65,17,0,96,0,0,0,0,0,14,65,17,0,96,0,0,0,96
12/14/2001,XNA,AR,ASW,CE,Federal Contract Tower,14,59,12,11,96,0,0,6,0,6,14,59,18,11,102,0,16,16,118
12/15/2001,XNA,AR,ASW,CE,Federal Contract Tower,10,42,4,0,56,0,0,0,0,0,10,42,4,0,56,0,0,0,56
12/16/2001,XNA,AR,ASW,CE,Federal Contract Tower,13,40,1,0,54,0,4,4,0,8,13,44,5,0,62,0,0,0,62
12/17/2001,XNA,AR,ASW,CE,Federal Contract Tower,15,62,16,0,93,0,0,8,0,8,15,62,24,0,101,0,0,0,101
12/18/2001,XNA,AR,ASW,CE,Federal Contract Tower,14,52,10,4,80,0,4,15,0,19,14,56,25,4,99,0,6,6,105
12/19/2001,XNA,AR,ASW,CE,Federal Contract Tower,15,56,13,0,84,0,0,15,0,15,15,56,28,0,99,0,4,4,103
12/20/2001,XNA,AR,ASW,CE,Federal Contract Tower,16,58,16,2,92,0,0,9,0,9,16,58,25,2,101,0,8,8,109
12/21/2001,XNA,AR,ASW,CE,Federal Contract Tower,16,52,10,0,78,0,1,7,0,8,16,53,17,0,86,0,0,0,86
12/22/2001,XNA,AR,ASW,CE,Federal Contract Tower,12,47,11,0,70,0,0,6,0,6,12,47,17,0,76,0,0,0,76
12/23/2001,XNA,AR,ASW,CE,Federal Contract Tower,12,45,0,0,57,0,0,8,0,8,12,45,8,0,65,0,0,0,65
12/24/2001,XNA,AR,ASW,CE,Federal Contract Tower,8,38,3,0,49,0,0,8,0,8,8,38,11,0,57,0,0,0,57
12/25/2001,XNA,AR,ASW,CE,Federal Contract Tower,10,36,1,0,47,0,0,5,0,5,10,36,6,0,52,0,0,0,52
12/26/2001,XNA,AR,ASW,CE,Federal Contract Tower,10,54,3,0,67,0,0,11,0,11,10,54,14,0,78,0,0,0,78
12/27/2001,XNA,AR,ASW,CE,Federal Contract Tower,12,55,1,4,72,0,4,5,0,9,12,59,6,4,81,0,22,22,103
12/28/2001,XNA,AR,ASW,CE,Federal Contract Tower,18,47,5,25,95,0,0,21,0,21,18,47,26,25,116,0,44,44,160
12/29/2001,XNA,AR,ASW,CE,Federal Contract Tower,10,43,16,0,69,0,4,4,0,8,10,47,20,0,77,6,0,6,83
12/30/2001,XNA,AR,ASW,CE,Federal Contract Tower,11,44,1,0,56,0,4,18,0,22,11,48,19,0,78,0,0,0,78
12/31/2001,XNA,AR,ASW,CE,Federal Contract Tower,12,41,2,0,55,0,0,7,0,7,12,41,9,0,62,0,0,0,62
01/01/2002,XNA,AR,ASW,CE,Federal Contract Tower,10,43,5,0,58,0,0,10,0,10,10,43,15,0,68,0,0,0,68
01/02/2002,XNA,AR,ASW,CE,Federal Contract Tower,12,48,8,12,80,0,0,10,0,10,12,48,18,12,90,0,16,16,106
01/03/2002,XNA,AR,ASW,CE,Federal Contract Tower,15,46,11,4,76,0,12,0,0,12,15,58,11,4,88,0,10,10,98
01/04/2002,XNA,AR,ASW,CE,Federal Contract Tower,13,53,14,0,80,0,0,7,0,7,13,53,21,0,87,0,0,0,87
01/05/2002,XNA,AR,ASW,CE,Federal Contract Tower,9,43,11,0,63,0,0,0,0,0,9,43,11,0,63,0,0,0,63
01/06/2002,XNA,AR,ASW,CE,Federal Contract Tower,11,42,7,2,62,0,0,2,0,2,11,42,9,2,64,0,10,10,74
01/07/2002,XNA,AR,ASW,CE,Federal Contract Tower,13,50,13,0,76,0,2,15,0,17,13,52,28,0,93,0,0,0,93
01/08/2002,XNA,AR,ASW,CE,Federal Contract Tower,12,54,14,0,80,0,0,11,0,11,12,54,25,0,91,0,0,0,91
01/09/2002,XNA,AR,ASW,CE,Federal Contract Tower,12,55,11,8,86,0,6,9,0,15,12,61,20,8,101,6,16,22,123
01/10/2002,XNA,AR,ASW,CE,Federal Contract Tower,14,53,8,9,84,0,0,2,0,2,14,53,10,9,86,0,2,2,88
01/11/2002,XNA,AR,ASW,CE,Federal Contract Tower,13,52,8,15,88,0,0,8,0,8,13,52,16,15,96,0,34,34,130
01/12/2002,XNA,AR,ASW,CE,Federal Contract Tower,9,46,6,0,61,0,0,13,0,13,9,46,19,0,74,0,0,0,74
01/13/2002,XNA,AR,ASW,CE,Federal Contract Tower,11,46,1,0,58,0,2,11,0,13,11,48,12,0,71,4,0,4,75
01/14/2002,XNA,AR,ASW,CE,Federal Contract Tower,13,55,12,0,80,0,0,8,2,10,13,55,20,2,90,6,0,6,96
01/15/2002,XNA,AR,ASW,CE,Federal Contract Tower,12,59,15,0,86,0,2,18,0,20,12,61,33,0,106,2,0,2,108
01/16/2002,XNA,AR,ASW,CE,Federal Contract Tower,14,62,12,6,94,0,2,12,0,14,14,64,24,6,108,0,12,12,120
01/17/2002,XNA,AR,ASW,CE,Federal Contract Tower,12,62,31,0,105,0,0,6,0,6,12,62,37,0,111,6,0,6,117
01/18/2002,XNA,AR,ASW,CE,Federal Contract Tower,15,55,19,0,89,0,4,0,0,4,15,59,19,0,93,0,0,0,93
01/19/2002,XNA,AR,ASW,CE,Federal Contract Tower,10,47,1,2,60,0,0,1,0,1,10,47,2,2,61,0,0,0,61
01/20/2002,XNA,AR,ASW,CE,Federal Contract Tower,11,45,6,0,62,0,0,15,0,15,11,45,21,0,77,10,0,10,87
01/21/2002,XNA,AR,ASW,CE,Federal Contract Tower,16,57,12,0,85,0,2,15,0,17,16,59,27,0,102,6,0,6,108
01/22/2002,XNA,AR,ASW,CE,Federal Contract Tower,16,65,7,0,88,0,4,5,0,9,16,69,12,0,97,0,0,0,97
01/23/2002,XNA,AR,ASW,CE,Federal Contract Tower,13,66,11,0,90,0,4,9,0,13,13,70,20,0,103,0,0,0,103
01/24/2002,XNA,AR,ASW,CE,Federal Contract Tower,15,53,12,12,92,0,0,6,0,6,15,53,18,12,98,2,96,98,196
01/25/2002,XNA,AR,ASW,CE,Federal Contract Tower,12,60,9,0,81,0,0,14,0,14,12,60,23,0,95,0,0,0,95
01/26/2002,XNA,AR,ASW,CE,Federal Contract Tower,11,45,3,1,60,0,0,14,0,14,11,45,17,1,74,0,0,0,74
01/27/2002,XNA,AR,ASW,CE,Federal Contract Tower,13,50,3,0,66,0,4,12,0,16,13,54,15,0,82,0,0,0,82
01/28/2002,XNA,AR,ASW,CE,Federal Contract Tower,10,57,10,0,77,0,0,22,0,22,10,57,32,0,99,6,0,6,105
01/29/2002,XNA,AR,ASW,CE,Federal Contract Tower,12,55,7,0,74,0,0,2,0,2,12,55,9,0,76,0,0,0,76
01/30/2002,XNA,AR,ASW,CE,Federal Contract Tower,11,62,6,0,79,0,0,0,0,0,11,62,6,0,79,0,0,0,79
01/31/2002,XNA,AR,ASW,CE,Federal Contract Tower,12,54,12,0,78,0,0,0,0,0,12,54,12,0,78,0,0,0,78
02/01/2002,XNA,AR,ASW,CE,Federal Contract Tower,12,63,9,0,84,0,0,6,0,6,12,63,15,0,90,2,0,2,92
02/02/2002,XNA,AR,ASW,CE,Federal Contract Tower,11,47,3,0,61,0,0,11,0,11,11,47,14,0,72,4,0,4,76
02/03/2002,XNA,AR,ASW,CE,Federal Contract Tower,11,48,3,0,62,0,0,7,0,7,11,48,10,0,69,8,0,8,77
02/04/2002,XNA,AR,ASW,CE,Federal Contract Tower,12,59,10,2,83,0,0,10,0,10,12,59,20,2,93,6,18,24,117
02/05/2002,XNA,AR,ASW,CE,Federal Contract Tower,12,49,18,0,79,0,0,16,0,16,12,49,34,0,95,0,0,0,95
02/06/2002,XNA,AR,ASW,CE,Federal Contract Tower,10,56,18,4,88,0,0,16,0,16,10,56,34,4,104,0,0,0,104
02/07/2002,XNA,AR,ASW,CE,Federal Contract Tower,13,61,18,0,92,0,0,4,0,4,13,61,22,0,96,10,0,10,106
02/08/2002,XNA,AR,ASW,CE,Federal Contract Tower,12,63,18,0,93,0,8,11,0,19,12,71,29,0,112,0,0,0,112
02/09/2002,XNA,AR,ASW,CE,Federal Contract Tower,8,41,3,0,52,0,0,5,0,5,8,41,8,0,57,0,0,0,57
02/10/2002,XNA,AR,ASW,CE,Federal Contract Tower,10,46,3,0,59,0,0,5,0,5,10,46,8,0,64,0,0,0,64
02/11/2002,XNA,AR,ASW,CE,Federal Contract Tower,12,60,14,2,88,0,0,21,0,21,12,60,35,2,109,6,0,6,115
02/12/2002,XNA,AR,ASW,CE,Federal Contract Tower,10,66,14,0,90,0,2,13,0,15,10,68,27,0,105,0,0,0,105
02/13/2002,XNA,AR,ASW,CE,Federal Contract Tower,12,64,8,0,84,0,0,19,0,19,12,64,27,0,103,0,0,0,103
02/14/2002,XNA,AR,ASW,CE,Federal Contract Tower,12,61,17,2,92,0,4,5,0,9,12,65,22,2,101,0,14,14,115
02/15/2002,XNA,AR,ASW,CE,Federal Contract Tower,13,59,15,0,87,0,6,5,0,11,13,65,20,0,98,0,0,0,98
02/16/2002,XNA,AR,ASW,CE,Federal Contract Tower,11,44,4,0,59,0,0,13,0,13,11,44,17,0,72,13,0,13,85
02/17/2002,XNA,AR,ASW,CE,Federal Contract Tower,10,59,14,2,85,0,0,14,0,14,10,59,28,2,99,0,0,0,99
02/18/2002,XNA,AR,ASW,CE,Federal Contract Tower,12,59,7,0,78,0,2,0,0,2,12,61,7,0,80,0,0,0,80
02/19/2002,XNA,AR,ASW,CE,Federal Contract Tower,14,58,12,2,86,0,4,4,0,8,14,62,16,2,94,0,0,0,94
02/20/2002,XNA,AR,ASW,CE,Federal Contract Tower,12,69,17,0,98,0,0,8,0,8,12,69,25,0,106,0,0,0,106
02/21/2002,XNA,AR,ASW,CE,Federal Contract Tower,12,61,9,0,82,0,0,10,0,10,12,61,19,0,92,0,0,0,92
02/22/2002,XNA,AR,ASW,CE,Federal Contract Tower,10,64,19,0,93,0,0,12,0,12,10,64,31,0,105,12,0,12,117
02/23/2002,XNA,AR,ASW,CE,Federal Contract Tower,8,49,2,2,61,0,0,11,0,11,8,49,13,2,72,8,0,8,80
02/24/2002,XNA,AR,ASW,CE,Federal Contract Tower,12,50,6,0,68,0,4,4,0,8,12,54,10,0,76,0,0,0,76
02/25/2002,XNA,AR,ASW,CE,Federal Contract Tower,12,61,11,0,84,0,0,0,0,0,12,61,11,0,84,0,0,0,84
02/26/2002,XNA,AR,ASW,CE,Federal Contract Tower,11,61,14,3,89,0,7,0,0,7,11,68,14,3,96,0,24,24,120
02/27/2002,XNA,AR,ASW,CE,Federal Contract Tower,10,62,4,0,76,0,0,10,0,10,10,62,14,0,86,6,0,6,92
02/28/2002,XNA,AR,ASW,CE,Federal Contract Tower,12,61,8,2,83,0,0,7,0,7,12,61,15,2,90,0,4,4,94
03/01/2002,XNA,AR,ASW,CE,Federal Contract Tower,14,61,8,0,83,0,4,1,0,5,14,65,9,0,88,0,0,0,88
03/02/2002,XNA,AR,ASW,CE,Federal Contract Tower,3,39,10,0,52,0,0,0,0,0,3,39,10,0,52,0,0,0,52
03/03/2002,XNA,AR,ASW,CE,Federal Contract Tower,9,46,7,0,62,0,2,3,0,5,9,48,10,0,67,0,0,0,67
03/04/2002,XNA,AR,ASW,CE,Federal Contract Tower,12,62,12,0,86,0,0,5,0,5,12,62,17,0,91,2,0,2,93
03/05/2002,XNA,AR,ASW,CE,Federal Contract Tower,15,66,10,0,91,0,0,2,0,2,15,66,12,0,93,0,0,0,93
03/06/2002,XNA,AR,ASW,CE,Federal Contract Tower,12,60,10,0,82,0,2,3,0,5,12,62,13,0,87,2,0,2,89
03/07/2002,XNA,AR,ASW,CE,Federal Contract Tower,14,57,16,4,91,0,4,2,0,6,14,61,18,4,97,0,0,0,97
03/08/2002,XNA,AR,ASW,CE,Federal Contract Tower,14,56,10,0,80,0,0,0,0,0,14,56,10,0,80,0,0,0,80
03/09/2002,XNA,AR,ASW,CE,Federal Contract Tower,8,41,0,0,49,0,0,4,0,4,8,41,4,0,53,0,0,0,53
03/10/2002,XNA,AR,ASW,CE,Federal Contract Tower,12,49,4,2,67,0,0,10,0,10,12,49,14,2,77,0,0,0,77
03/11/2002,XNA,AR,ASW,CE,Federal Contract Tower,12,57,11,0,80,0,4,3,0,7,12,61,14,0,87,0,0,0,87
03/12/2002,XNA,AR,ASW,CE,Federal Contract Tower,12,63,16,0,91,0,0,10,0,10,12,63,26,0,101,0,0,0,101
03/13/2002,XNA,AR,ASW,CE,Federal Contract Tower,12,67,15,7,101,0,4,4,1,9,12,71,19,8,110,0,10,10,120
03/14/2002,XNA,AR,ASW,CE,Federal Contract Tower,12,62,15,7,96,0,2,8,0,10,12,64,23,7,106,0,36,36,142
03/15/2002,XNA,AR,ASW,CE,Federal Contract Tower,12,60,13,2,87,0,4,2,0,6,12,64,15,2,93,0,0,0,93
03/16/2002,XNA,AR,ASW,CE,Federal Contract Tower,7,50,2,0,59,0,0,6,0,6,7,50,8,0,65,0,0,0,65
03/17/2002,XNA,AR,ASW,CE,Federal Contract Tower,11,50,6,0,67,0,0,4,0,4,11,50,10,0,71,2,0,2,73
03/18/2002,XNA,AR,ASW,CE,Federal Contract Tower,12,56,5,8,81,0,0,0,0,0,12,56,5,8,81,0,50,50,131
03/19/2002,XNA,AR,ASW,CE,Federal Contract Tower,13,47,7,8,75,0,0,2,0,2,13,47,9,8,77,0,0,0,77
03/20/2002,XNA,AR,ASW,CE,Federal Contract Tower,12,65,10,20,107,0,2,8,3,13,12,67,18,23,120,8,28,36,156
03/21/2002,XNA,AR,ASW,CE,Federal Contract Tower,8,65,12,0,85,0,0,4,0,4,8,65,16,0,89,0,0,0,89
03/22/2002,XNA,AR,ASW,CE,Federal Contract Tower,12,59,9,0,80,0,4,11,0,15,12,63,20,0,95,16,0,16,111
03/23/2002,XNA,AR,ASW,CE,Federal Contract Tower,9,47,7,0,63,0,0,17,0,17,9,47,24,0,80,0,0,0,80
03/24/2002,XNA,AR,ASW,CE,Federal Contract Tower,12,46,0,0,58,0,0,4,0,4,12,46,4,0,62,0,0,0,62
03/25/2002,XNA,AR,ASW,CE,Federal Contract Tower,12,59,14,0,85,0,0,0,0,0,12,59,14,0,85,0,0,0,85
03/26/2002,XNA,AR,ASW,CE,Federal Contract Tower,13,67,20,0,100,0,0,5,0,5,13,67,25,0,105,0,0,0,105
03/27/2002,XNA,AR,ASW,CE,Federal Contract Tower,15,52,24,0,91,0,2,18,0,20,15,54,42,0,111,0,0,0,111
03/28/2002,XNA,AR,ASW,CE,Federal Contract Tower,12,58,33,2,105,0,4,4,0,8,12,62,37,2,113,0,2,2,115
03/29/2002,XNA,AR,ASW,CE,Federal Contract Tower,12,58,2,0,72,0,0,2,0,2,12,58,4,0,74,0,0,0,74
03/30/2002,XNA,AR,ASW,CE,Federal Contract Tower,6,45,1,0,52,0,2,6,0,8,6,47,7,0,60,0,0,0,60
03/31/2002,XNA,AR,ASW,CE,Federal Contract Tower,10,49,7,0,66,0,2,12,0,14,10,51,19,0,80,0,0,0,80
04/01/2002,XNA,AR,ASW,CE,Federal Contract Tower,12,58,12,2,84,0,0,8,0,8,12,58,20,2,92,8,2,10,102
04/02/2002,XNA,AR,ASW,CE,Federal Contract Tower,12,60,11,0,83,0,0,11,0,11,12,60,22,0,94,0,0,0,94
04/03/2002,XNA,AR,ASW,CE,Federal Contract Tower,12,58,10,18,98,0,2,9,0,11,12,60,19,18,109,12,26,38,147
04/04/2002,XNA,AR,ASW,CE,Federal Contract Tower,12,60,8,13,93,0,9,3,0,12,12,69,11,13,105,4,20,24,129
04/05/2002,XNA,AR,ASW,CE,Federal Contract Tower,12,59,18,4,93,0,4,16,0,20,12,63,34,4,113,0,6,6,119
04/06/2002,XNA,AR,ASW,CE,Federal Contract Tower,7,44,7,0,58,0,0,16,0,16,7,44,23,0,74,0,0,0,74
04/07/2002,XNA,AR,ASW,CE,Federal Contract Tower,10,34,0,0,44,0,0,0,0,0,10,34,0,0,44,2,0,2,46
04/08/2002,XNA,AR,ASW,CE,Federal Contract Tower,10,65,16,6,97,0,0,0,0,0,10,65,16,6,97,0,0,0,97
04/09/2002,XNA,AR,ASW,CE,Federal Contract Tower,10,64,11,0,85,0,8,6,0,14,10,72,17,0,99,0,0,0,99
04/10/2002,XNA,AR,ASW,CE,Federal Contract Tower,10,63,14,8,95,0,0,14,0,14,10,63,28,8,109,2,44,46,155
04/11/2002,XNA,AR,ASW,CE,Federal Contract Tower,11,69,23,10,113,0,0,6,0,6,11,69,29,10,119,8,34,42,161
04/12/2002,XNA,AR,ASW,CE,Federal Contract Tower,11,62,11,5,89,0,2,3,0,5,11,64,14,5,94,0,16,16,110
04/13/2002,XNA,AR,ASW,CE,Federal Contract Tower,9,38,3,2,52,0,0,2,0,2,9,38,5,2,54,0,0,0,54
04/14/2002,XNA,AR,ASW,CE,Federal Contract Tower,10,53,3,0,66,0,0,10,0,10,10,53,13,0,76,6,0,6,82
04/15/2002,XNA,AR,ASW,CE,Federal Contract Tower,10,62,8,2,82,0,0,10,0,10,10,62,18,2,92,0,0,0,92
04/16/2002,XNA,AR,ASW,CE,Federal Contract Tower,10,53,17,2,82,0,2,12,0,14,10,55,29,2,96,0,0,0,96
04/17/2002,XNA,AR,ASW,CE,Federal Contract Tower,10,63,29,2,104,0,2,22,0,24,10,65,51,2,128,18,12,30,158
04/18/2002,XNA,AR,ASW,CE,Federal Contract Tower,11,62,22,0,95,0,2,10,0,12,11,64,32,0,107,4,0,4,111
04/19/2002,XNA,AR,ASW,CE,Federal Contract Tower,10,65,12,0,87,0,0,4,0,4,10,65,16,0,91,0,0,0,91
04/20/2002,XNA,AR,ASW,CE,Federal Contract Tower,9,50,10,0,69,0,6,4,0,10,9,56,14,0,79,6,0,6,85
04/21/2002,XNA,AR,ASW,CE,Federal Contract Tower,9,52,2,0,63,0,0,18,0,18,9,52,20,0,81,12,0,12,93
04/22/2002,XNA,AR,ASW,CE,Federal Contract Tower,10,66,9,0,85,0,0,12,0,12,10,66,21,0,97,8,0,8,105
04/23/2002,XNA,AR,ASW,CE,Federal Contract Tower,10,63,11,4,88,0,10,7,0,17,10,73,18,4,105,0,12,12,117
04/24/2002,XNA,AR,ASW,CE,Federal Contract Tower,9,57,13,0,79,0,0,6,0,6,9,57,19,0,85,0,0,0,85
04/25/2002,XNA,AR,ASW,CE,Federal Contract Tower,10,64,20,2,96,0,2,4,0,6,10,66,24,2,102,0,4,4,106
04/26/2002,XNA,AR,ASW,CE,Federal Contract Tower,12,58,12,0,82,0,0,2,0,2,12,58,14,0,84,0,0,0,84
04/27/2002,XNA,AR,ASW,CE,Federal Contract Tower,9,43,0,0,52,0,0,0,0,0,9,43,0,0,52,0,0,0,52
04/28/2002,XNA,AR,ASW,CE,Federal Contract Tower,9,57,7,0,73,0,0,9,0,9,9,57,16,0,82,8,0,8,90
04/29/2002,XNA,AR,ASW,CE,Federal Contract Tower,9,64,11,6,90,0,1,10,0,11,9,65,21,6,101,0,10,10,111
04/30/2002,XNA,AR,ASW,CE,Federal Contract Tower,11,67,9,0,87,0,0,2,0,2,11,67,11,0,89,0,0,0,89
05/01/2002,XNA,AR,ASW,CE,Federal Contract Tower,10,64,13,9,96,0,0,6,0,6,10,64,19,9,102,0,16,16,118
05/02/2002,XNA,AR,ASW,CE,Federal Contract Tower,10,63,17,0,90,0,4,2,0,6,10,67,19,0,96,0,0,0,96
05/03/2002,XNA,AR,ASW,CE,Federal Contract Tower,9,58,14,0,81,0,2,7,0,9,9,60,21,0,90,0,0,0,90
05/04/2002,XNA,AR,ASW,CE,Federal Contract Tower,9,43,5,0,57,0,0,3,0,3,9,43,8,0,60,0,0,0,60
05/05/2002,XNA,AR,ASW,CE,Federal Contract Tower,9,54,10,0,73,0,4,7,0,11,9,58,17,0,84,0,0,0,84
05/06/2002,XNA,AR,ASW,CE,Federal Contract Tower,11,67,8,0,86,0,9,10,2,21,11,76,18,2,107,8,0,8,115
05/07/2002,XNA,AR,ASW,CE,Federal Contract Tower,11,72,9,4,96,0,2,12,0,14,11,74,21,4,110,2,0,2,112
05/08/2002,XNA,AR,ASW,CE,Federal Contract Tower,12,63,12,0,87,0,0,2,0,2,12,63,14,0,89,0,0,0,89
05/09/2002,XNA,AR,ASW,CE,Federal Contract Tower,12,64,22,0,98,2,0,7,0,9,14,64,29,0,107,4,0,4,111
05/10/2002,XNA,AR,ASW,CE,Federal Contract Tower,10,64,9,0,83,0,0,2,0,2,10,64,11,0,85,16,0,16,101
05/11/2002,XNA,AR,ASW,CE,Federal Contract Tower,10,41,2,0,53,0,0,5,0,5,10,41,7,0,58,8,0,8,66
05/12/2002,XNA,AR,ASW,CE,Federal Contract Tower,10,46,3,0,59,0,0,0,0,0,10,46,3,0,59,0,0,0,59
05/13/2002,XNA,AR,ASW,CE,Federal Contract Tower,13,57,10,8,88,0,4,10,0,14,13,61,20,8,102,16,24,40,142
05/14/2002,XNA,AR,ASW,CE,Federal Contract Tower,10,65,19,0,94,0,2,18,0,20,10,67,37,0,114,2,0,2,116
05/15/2002,XNA,AR,ASW,CE,Federal Contract Tower,10,63,10,0,83,0,0,4,0,4,10,63,14,0,87,4,0,4,91
05/16/2002,XNA,AR,ASW,CE,Federal Contract Tower,12,65,14,0,91,0,8,11,0,19,12,73,25,0,110,0,0,0,110
05/17/2002,XNA,AR,ASW,CE,Federal Contract Tower,10,64,15,0,89,0,0,1,0,1,10,64,16,0,90,0,0,0,90
05/18/2002,XNA,AR,ASW,CE,Federal Contract Tower,10,44,13,0,67,0,0,4,0,4,10,44,17,0,71,6,0,6,77
05/19/2002,XNA,AR,ASW,CE,Federal Contract Tower,9,57,6,0,72,0,0,10,2,12,9,57,16,2,84,0,0,0,84
05/20/2002,XNA,AR,ASW,CE,Federal Contract Tower,10,67,19,0,96,0,2,10,0,12,10,69,29,0,108,0,0,0,108
05/21/2002,XNA,AR,ASW,CE,Federal Contract Tower,7,58,22,2,89,0,0,22,0,22,7,58,44,2,111,2,0,2,113
05/22/2002,XNA,AR,ASW,CE,Federal Contract Tower,10,62,14,9,95,0,0,12,0,12,10,62,26,9,107,2,24,26,133
05/23/2002,XNA,AR,ASW,CE,Federal Contract Tower,10,66,18,17,111,0,2,10,0,12,10,68,28,17,123,0,16,16,139
05/24/2002,XNA,AR,ASW,CE,Federal Contract Tower,10,62,10,0,82,0,0,1,0,1,10,62,11,0,83,0,0,0,83
05/25/2002,XNA,AR,ASW,CE,Federal Contract Tower,8,39,5,0,52,0,0,2,0,2,8,39,7,0,54,0,0,0,54
05/26/2002,XNA,AR,ASW,CE,Federal Contract Tower,7,39,1,0,47,0,0,2,0,2,7,39,3,0,49,0,0,0,49
05/27/2002,XNA,AR,ASW,CE,Federal Contract Tower,6,45,1,0,52,1,0,2,0,3,7,45,3,0,55,0,0,0,55
05/28/2002,XNA,AR,ASW,CE,Federal Contract Tower,12,66,15,0,93,0,0,2,0,2,12,66,17,0,95,0,0,0,95
05/29/2002,XNA,AR,ASW,CE,Federal Contract Tower,10,63,28,4,105,0,0,6,1,7,10,63,34,5,112,0,2,2,114
05/30/2002,XNA,AR,ASW,CE,Federal Contract Tower,10,71,24,0,105,0,0,15,0,15,10,71,39,0,120,10,0,10,130
05/31/2002,XNA,AR,ASW,CE,Federal Contract Tower,11,62,14,0,87,0,2,33,0,35,11,64,47,0,122,8,0,8,130
06/01/2002,XNA,AR,ASW,CE,Federal Contract Tower,12,41,19,3,75,0,0,33,0,33,12,41,52,3,108,0,24,24,132
06/02/2002,XNA,AR,ASW,CE,Federal Contract Tower,13,50,5,0,68,0,0,15,0,15,13,50,20,0,83,0,0,0,83
06/03/2002,XNA,AR,ASW,CE,Federal Contract Tower,14,50,11,0,75,1,2,10,0,13,15,52,21,0,88,6,0,6,94
06/04/2002,XNA,AR,ASW,CE,Federal Contract Tower,13,60,18,0,91,0,3,16,0,19,13,63,34,0,110,4,0,4,114
06/05/2002,XNA,AR,ASW,CE,Federal Contract Tower,15,60,13,12,100,0,0,8,0,8,15,60,21,12,108,0,0,0,108
06/06/2002,XNA,AR,ASW,CE,Federal Contract Tower,15,62,18,0,95,0,0,6,2,8,15,62,24,2,103,2,0,2,105
06/07/2002,XNA,AR,ASW,CE,Federal Contract Tower,20,58,19,0,97,0,0,13,0,13,20,58,32,0,110,18,0,18,128
06/08/2002,XNA,AR,ASW,CE,Federal Contract Tower,16,38,3,0,57,0,6,7,0,13,16,44,10,0,70,0,0,0,70
06/09/2002,XNA,AR,ASW,CE,Federal Contract Tower,10,52,3,0,65,0,0,1,0,1,10,52,4,0,66,0,0,0,66
06/10/2002,XNA,AR,ASW,CE,Federal Contract Tower,14,57,19,0,90,0,2,10,0,12,14,59,29,0,102,0,0,0,102
06/11/2002,XNA,AR,ASW,CE,Federal Contract Tower,16,55,16,0,87,0,0,13,0,13,16,55,29,0,100,0,12,12,112
06/12/2002,XNA,AR,ASW,CE,Federal Contract Tower,18,56,14,0,88,0,0,2,0,2,18,56,16,0,90,0,0,0,90
06/13/2002,XNA,AR,ASW,CE,Federal Contract Tower,14,56,21,1,92,0,0,28,0,28,14,56,49,1,120,0,0,0,120
06/14/2002,XNA,AR,ASW,CE,Federal Contract Tower,19,57,14,6,96,0,4,15,0,19,19,61,29,6,115,4,24,28,143
06/15/2002,XNA,AR,ASW,CE,Federal Contract Tower,16,39,10,8,73,0,0,10,1,11,16,39,20,9,84,0,42,42,126
06/16/2002,XNA,AR,ASW,CE,Federal Contract Tower,15,48,10,2,75,0,0,11,0,11,15,48,21,2,86,6,0,6,92
06/17/2002,XNA,AR,ASW,CE,Federal Contract Tower,17,57,15,8,97,0,0,16,0,16,17,57,31,8,113,4,0,4,117
06/18/2002,XNA,AR,ASW,CE,Federal Contract Tower,17,57,16,4,94,0,6,12,0,18,17,63,28,4,112,0,0,0,112
06/19/2002,XNA,AR,ASW,CE,Federal Contract Tower,15,65,10,0,90,0,5,12,0,17,15,70,22,0,107,0,0,0,107
06/20/2002,XNA,AR,ASW,CE,Federal Contract Tower,16,61,19,4,100,0,0,8,0,8,16,61,27,4,108,0,32,32,140
06/21/2002,XNA,AR,ASW,CE,Federal Contract Tower,16,59,18,0,93,0,8,8,0,16,16,67,26,0,109,0,0,0,109
06/22/2002,XNA,AR,ASW,CE,Federal Contract Tower,15,36,7,0,58,0,0,2,0,2,15,36,9,0,60,0,0,0,60
06/23/2002,XNA,AR,ASW,CE,Federal Contract Tower,15,49,3,0,67,0,0,8,2,10,15,49,11,2,77,0,0,0,77
06/24/2002,XNA,AR,ASW,CE,Federal Contract Tower,18,55,9,0,82,0,0,9,0,9,18,55,18,0,91,0,0,0,91
06/25/2002,XNA,AR,ASW,CE,Federal Contract Tower,16,56,9,2,83,0,0,5,0,5,16,56,14,2,88,10,0,10,98
06/26/2002,XNA,AR,ASW,CE,Federal Contract Tower,13,62,9,12,96,0,0,14,0,14,13,62,23,12,110,4,4,8,118
06/27/2002,XNA,AR,ASW,CE,Federal Contract Tower,12,65,12,15,104,0,4,20,0,24,12,69,32,15,128,12,30,42,170
06/28/2002,XNA,AR,ASW,CE,Federal Contract Tower,14,62,19,11,106,0,4,2,3,9,14,66,21,14,115,0,50,50,165
06/29/2002,XNA,AR,ASW,CE,Federal Contract Tower,11,42,3,0,56,0,3,3,0,6,11,45,6,0,62,0,0,0,62
06/30/2002,XNA,AR,ASW,CE,Federal Contract Tower,11,51,6,1,69,0,0,16,0,16,11,51,22,1,85,0,0,0,85
07/01/2002,XNA,AR,ASW,CE,Federal Contract Tower,13,57,11,0,81,0,5,10,0,15,13,62,21,0,96,0,0,0,96
07/02/2002,XNA,AR,ASW,CE,Federal Contract Tower,20,55,21,0,96,2,6,4,0,12,22,61,25,0,108,2,0,2,110
07/03/2002,XNA,AR,ASW,CE,Federal Contract Tower,21,46,14,10,91,0,6,8,0,14,21,52,22,10,105,0,38,38,143
07/04/2002,XNA,AR,ASW,CE,Federal Contract Tower,15,27,3,0,45,0,8,2,0,10,15,35,5,0,55,0,0,0,55
07/05/2002,XNA,AR,ASW,CE,Federal Contract Tower,13,31,3,0,47,0,0,8,0,8,13,31,11,0,55,2,0,2,57
07/06/2002,XNA,AR,ASW,CE,Federal Contract Tower,15,33,3,0,51,0,4,6,0,10,15,37,9,0,61,0,0,0,61
07/07/2002,XNA,AR,ASW,CE,Federal Contract Tower,18,36,5,0,59,0,0,25,0,25,18,36,30,0,84,0,0,0,84
07/08/2002,XNA,AR,ASW,CE,Federal Contract Tower,21,48,18,0,87,0,0,10,0,10,21,48,28,0,97,6,0,6,103
07/09/2002,XNA,AR,ASW,CE,Federal Contract Tower,22,56,11,4,93,0,0,2,0,2,22,56,13,4,95,0,20,20,115
07/10/2002,XNA,AR,ASW,CE,Federal Contract Tower,21,50,18,10,99,0,0,13,4,17,21,50,31,14,116,0,46,46,162
07/11/2002,XNA,AR,ASW,CE,Federal Contract Tower,24,48,22,0,94,0,4,6,0,10,24,52,28,0,104,0,0,0,104
07/12/2002,XNA,AR,ASW,CE,Federal Contract Tower,24,47,13,0,84,0,4,4,0,8,24,51,17,0,92,0,0,0,92
07/13/2002,XNA,AR,ASW,CE,Federal Contract Tower,19,35,2,0,56,0,0,7,0,7,19,35,9,0,63,0,0,0,63
07/14/2002,XNA,AR,ASW,CE,Federal Contract Tower,16,43,4,1,64,0,6,4,0,10,16,49,8,1,74,6,0,6,80
07/15/2002,XNA,AR,ASW,CE,Federal Contract Tower,22,53,24,4,103,0,11,10,0,21,22,64,34,4,124,0,0,0,124
07/16/2002,XNA,AR,ASW,CE,Federal Contract Tower,25,50,26,7,108,0,2,7,0,9,25,52,33,7,117,2,40,42,159
07/17/2002,XNA,AR,ASW,CE,Federal Contract Tower,23,51,7,0,81,0,6,7,1,14,23,57,14,1,95,0,0,0,95
07/18/2002,XNA,AR,ASW,CE,Federal Contract Tower,22,48,19,2,91,0,2,9,0,11,22,50,28,2,102,8,0,8,110
07/19/2002,XNA,AR,ASW,CE,Federal Contract Tower,23,49,28,0,100,0,0,18,0,18,23,49,46,0,118,10,0,10,128
07/20/2002,XNA,AR,ASW,CE,Federal Contract Tower,17,33,2,2,54,0,0,11,0,11,17,33,13,2,65,8,0,8,73
07/21/2002,XNA,AR,ASW,CE,Federal Contract Tower,13,44,6,0,63,0,0,12,0,12,13,44,18,0,75,0,0,0,75
07/22/2002,XNA,AR,ASW,CE,Federal Contract Tower,19,52,8,0,79,0,0,7,0,7,19,52,15,0,86,6,0,6,92
07/23/2002,XNA,AR,ASW,CE,Federal Contract Tower,25,49,22,2,98,0,4,6,0,10,25,53,28,2,108,0,0,0,108
07/24/2002,XNA,AR,ASW,CE,Federal Contract Tower,18,51,23,14,106,0,0,19,0,19,18,51,42,14,125,4,26,30,155
07/25/2002,XNA,AR,ASW,CE,Federal Contract Tower,24,52,22,4,102,0,0,19,3,22,24,52,41,7,124,0,24,24,148
07/26/2002,XNA,AR,ASW,CE,Federal Contract Tower,22,51,12,3,88,0,0,13,0,13,22,51,25,3,101,0,30,30,131
07/27/2002,XNA,AR,ASW,CE,Federal Contract Tower,14,35,5,0,54,0,0,7,0,7,14,35,12,0,61,0,0,0,61
07/28/2002,XNA,AR,ASW,CE,Federal Contract Tower,18,42,3,0,63,0,4,11,0,15,18,46,14,0,78,6,0,6,84
07/29/2002,XNA,AR,ASW,CE,Federal Contract Tower,23,48,13,0,84,0,0,13,0,13,23,48,26,0,97,4,0,4,101
07/30/2002,XNA,AR,ASW,CE,Federal Contract Tower,24,53,8,0,85,0,0,11,2,13,24,53,19,2,98,12,0,12,110
07/31/2002,XNA,AR,ASW,CE,Federal Contract Tower,22,49,22,0,93,0,0,7,2,9,22,49,29,2,102,0,0,0,102
08/01/2002,XNA,AR,ASW,CE,Federal Contract Tower,27,47,23,2,99,0,1,16,0,17,27,48,39,2,116,8,34,42,158
08/02/2002,XNA,AR,ASW,CE,Federal Contract Tower,23,47,8,12,90,0,5,7,0,12,23,52,15,12,102,0,30,30,132
08/03/2002,XNA,AR,ASW,CE,Federal Contract Tower,21,31,5,0,57,0,1,3,0,4,21,32,8,0,61,2,0,2,63
08/04/2002,XNA,AR,ASW,CE,Federal Contract Tower,16,39,1,0,56,0,3,19,0,22,16,42,20,0,78,8,0,8,86
08/05/2002,XNA,AR,ASW,CE,Federal Contract Tower,24,46,11,0,81,2,0,14,0,16,26,46,25,0,97,6,0,6,103
08/06/2002,XNA,AR,ASW,CE,Federal Contract Tower,24,46,15,0,85,0,0,7,0,7,24,46,22,0,92,0,0,0,92
08/07/2002,XNA,AR,ASW,CE,Federal Contract Tower,25,50,11,0,86,0,0,9,0,9,25,50,20,0,95,0,0,0,95
08/08/2002,XNA,AR,ASW,CE,Federal Contract Tower,24,44,15,0,83,0,0,19,0,19,24,44,34,0,102,2,0,2,104
08/09/2002,XNA,AR,ASW,CE,Federal Contract Tower,26,47,11,0,84,0,0,11,0,11,26,47,22,0,95,0,0,0,95
08/10/2002,XNA,AR,ASW,CE,Federal Contract Tower,17,27,7,1,52,0,2,5,1,8,17,29,12,2,60,0,0,0,60
08/11/2002,XNA,AR,ASW,CE,Federal Contract Tower,17,46,3,0,66,0,0,7,0,7,17,46,10,0,73,6,0,6,79
08/12/2002,XNA,AR,ASW,CE,Federal Contract Tower,24,41,4,8,77,0,2,6,0,8,24,43,10,8,85,12,58,70,155
08/13/2002,XNA,AR,ASW,CE,Federal Contract Tower,18,40,6,0,64,0,0,0,0,0,18,40,6,0,64,0,0,0,64
08/14/2002,XNA,AR,ASW,CE,Federal Contract Tower,23,44,15,14,96,0,4,2,0,6,23,48,17,14,102,0,0,0,102
08/15/2002,XNA,AR,ASW,CE,Federal Contract Tower,23,51,5,6,85,0,2,6,0,8,23,53,11,6,93,2,26,28,121
08/16/2002,XNA,AR,ASW,CE,Federal Contract Tower,15,47,11,0,73,0,0,7,0,7,15,47,18,0,80,2,0,2,82
08/17/2002,XNA,AR,ASW,CE,Federal Contract Tower,16,37,11,0,64,0,14,7,0,21,16,51,18,0,85,8,0,8,93
08/18/2002,XNA,AR,ASW,CE,Federal Contract Tower,13,44,3,0,60,0,0,7,0,7,13,44,10,0,67,0,0,0,67
08/19/2002,XNA,AR,ASW,CE,Federal Contract Tower,22,47,4,10,83,0,0,6,0,6,22,47,10,10,89,10,10,20,109
08/20/2002,XNA,AR,ASW,CE,Federal Contract Tower,27,42,2,0,71,0,4,10,0,14,27,46,12,0,85,0,0,0,85
08/21/2002,XNA,AR,ASW,CE,Federal Contract Tower,24,44,7,0,75,0,0,8,0,8,24,44,15,0,83,4,0,4,87
08/22/2002,XNA,AR,ASW,CE,Federal Contract Tower,18,52,14,0,84,0,0,19,0,19,18,52,33,0,103,16,0,16,119
08/23/2002,XNA,AR,ASW,CE,Federal Contract Tower,27,40,20,6,93,0,2,15,2,19,27,42,35,8,112,6,30,36,148
08/24/2002,XNA,AR,ASW,CE,Federal Contract Tower,16,33,2,0,51,0,8,6,0,14,16,41,8,0,65,0,0,0,65
08/25/2002,XNA,AR,ASW,CE,Federal Contract Tower,19,42,20,0,81,0,0,12,0,12,19,42,32,0,93,8,0,8,101
08/26/2002,XNA,AR,ASW,CE,Federal Contract Tower,24,43,11,4,82,0,0,16,0,16,24,43,27,4,98,0,0,0,98
08/27/2002,XNA,AR,ASW,CE,Federal Contract Tower,24,53,16,2,95,0,0,14,0,14,24,53,30,2,109,4,0,4,113
08/28/2002,XNA,AR,ASW,CE,Federal Contract Tower,26,44,22,6,98,0,4,8,18,30,26,48,30,24,128,0,20,20,148
08/29/2002,XNA,AR,ASW,CE,Federal Contract Tower,27,48,12,2,89,0,0,7,0,7,27,48,19,2,96,2,0,2,98
08/30/2002,XNA,AR,ASW,CE,Federal Contract Tower,24,42,13,0,79,0,0,12,0,12,24,42,25,0,91,2,0,2,93
08/31/2002,XNA,AR,ASW,CE,Federal Contract Tower,10,39,3,0,52,0,0,8,0,8,10,39,11,0,60,2,0,2,62
09/01/2002,XNA,AR,ASW,CE,Federal Contract Tower,10,31,3,0,44,0,2,10,0,12,10,33,13,0,56,2,0,2,58
09/02/2002,XNA,AR,ASW,CE,Federal Contract Tower,13,42,9,0,64,0,0,9,0,9,13,42,18,0,73,0,0,0,73
09/03/2002,XNA,AR,ASW,CE,Federal Contract Tower,29,48,18,10,105,0,2,3,0,5,29,50,21,10,110,0,10,10,120
09/04/2002,XNA,AR,ASW,CE,Federal Contract Tower,25,46,11,19,101,0,0,12,0,12,25,46,23,19,113,6,18,24,137
09/05/2002,XNA,AR,ASW,CE,Federal Contract Tower,24,53,18,0,95,0,0,10,0,10,24,53,28,0,105,10,0,10,115
09/06/2002,XNA,AR,ASW,CE,Federal Contract Tower,24,50,11,4,89,0,0,12,2,14,24,50,23,6,103,0,18,18,121
09/07/2002,XNA,AR,ASW,CE,Federal Contract Tower,17,34,4,2,57,0,6,6,0,12,17,40,10,2,69,2,0,2,71
09/08/2002,XNA,AR,ASW,CE,Federal Contract Tower,17,45,2,0,64,0,2,6,0,8,17,47,8,0,72,6,0,6,78
09/09/2002,XNA,AR,ASW,CE,Federal Contract Tower,24,48,8,0,80,0,4,2,0,6,24,52,10,0,86,10,0,10,96
09/10/2002,XNA,AR,ASW,CE,Federal Contract Tower,18,51,12,7,88,0,6,14,0,20,18,57,26,7,108,2,17,19,127
09/11/2002,XNA,AR,ASW,CE,Federal Contract Tower,14,41,15,0,70,0,6,2,0,8,14,47,17,0,78,0,0,0,78
09/12/2002,XNA,AR,ASW,CE,Federal Contract Tower,24,46,23,0,93,0,0,7,0,7,24,46,30,0,100,12,0,12,112
09/13/2002,XNA,AR,ASW,CE,Federal Contract Tower,22,49,11,2,84,0,0,6,0,6,22,49,17,2,90,4,8,12,102
09/14/2002,XNA,AR,ASW,CE,Federal Contract Tower,16,33,9,0,58,0,8,17,0,25,16,41,26,0,83,0,0,0,83
09/15/2002,XNA,AR,ASW,CE,Federal Contract Tower,16,47,6,2,71,0,0,4,0,4,16,47,10,2,75,0,0,0,75
09/16/2002,XNA,AR,ASW,CE,Federal Contract Tower,23,50,6,2,81,0,0,9,0,9,23,50,15,2,90,8,24,32,122
09/17/2002,XNA,AR,ASW,CE,Federal Contract Tower,26,57,11,0,94,0,0,3,0,3,26,57,14,0,97,0,0,0,97
09/18/2002,XNA,AR,ASW,CE,Federal Contract Tower,26,51,8,3,88,0,0,2,2,4,26,51,10,5,92,0,10,10,102
09/19/2002,XNA,AR,ASW,CE,Federal Contract Tower,21,54,18,0,93,0,0,2,0,2,21,54,20,0,95,0,0,0,95
09/20/2002,XNA,AR,ASW,CE,Federal Contract Tower,24,54,17,4,99,0,0,0,0,0,24,54,17,4,99,0,22,22,121
09/21/2002,XNA,AR,ASW,CE,Federal Contract Tower,18,35,5,0,58,0,3,10,0,13,18,38,15,0,71,2,0,2,73
09/22/2002,XNA,AR,ASW,CE,Federal Contract Tower,19,45,2,0,66,0,4,8,0,12,19,49,10,0,78,4,0,4,82
09/23/2002,XNA,AR,ASW,CE,Federal Contract Tower,21,53,8,8,90,0,0,12,0,12,21,53,20,8,102,4,20,24,126
09/24/2002,XNA,AR,ASW,CE,Federal Contract Tower,24,55,5,2,86,0,0,3,0,3,24,55,8,2,89,0,46,46,135
09/25/2002,XNA,AR,ASW,CE,Federal Contract Tower,25,48,9,26,108,0,4,9,1,14,25,52,18,27,122,2,104,106,228
09/26/2002,XNA,AR,ASW,CE,Federal Contract Tower,23,52,13,16,104,0,0,6,0,6,23,52,19,16,110,0,110,110,220
09/27/2002,XNA,AR,ASW,CE,Federal Contract Tower,28,49,12,4,93,0,0,12,0,12,28,49,24,4,105,6,0,6,111
09/28/2002,XNA,AR,ASW,CE,Federal Contract Tower,15,38,5,0,58,0,4,8,0,12,15,42,13,0,70,0,0,0,70
09/29/2002,XNA,AR,ASW,CE,Federal Contract Tower,18,46,1,0,65,0,0,20,0,20,18,46,21,0,85,4,0,4,89
09/30/2002,XNA,AR,ASW,CE,Federal Contract Tower,21,53,12,0,86,0,0,19,0,19,21,53,31,0,105,18,0,18,123
10/01/2002,XNA,AR,ASW,CE,Federal Contract Tower,30,59,24,24,137,1,0,16,0,17,31,59,40,24,154,0,82,82,236
10/02/2002,XNA,AR,ASW,CE,Federal Contract Tower,19,61,15,2,97,1,4,4,0,9,20,65,19,2,106,2,42,44,150
10/03/2002,XNA,AR,ASW,CE,Federal Contract Tower,24,55,13,0,92,1,0,8,2,11,25,55,21,2,103,0,0,0,103
10/04/2002,XNA,AR,ASW,CE,Federal Contract Tower,33,58,6,0,97,1,0,4,0,5,34,58,10,0,102,8,0,8,110
10/05/2002,XNA,AR,ASW,CE,Federal Contract Tower,16,40,2,0,58,1,6,13,0,20,17,46,15,0,78,6,0,6,84
10/06/2002,XNA,AR,ASW,CE,Federal Contract Tower,17,50,3,0,70,1,2,7,0,10,18,52,10,0,80,8,0,8,88
10/07/2002,XNA,AR,ASW,CE,Federal Contract Tower,22,55,16,14,107,1,2,10,0,13,23,57,26,14,120,0,12,12,132
10/08/2002,XNA,AR,ASW,CE,Federal Contract Tower,24,56,2,6,88,0,1,3,0,4,24,57,5,6,92,0,2,2,94
10/09/2002,XNA,AR,ASW,CE,Federal Contract Tower,23,61,16,0,100,0,4,0,0,4,23,65,16,0,104,0,0,0,104
10/10/2002,XNA,AR,ASW,CE,Federal Contract Tower,24,59,21,10,114,0,1,0,0,1,24,60,21,10,115,0,0,0,115
10/11/2002,XNA,AR,ASW,CE,Federal Contract Tower,27,56,12,1,96,0,3,2,5,10,27,59,14,6,106,0,0,0,106
10/12/2002,XNA,AR,ASW,CE,Federal Contract Tower,19,42,4,0,65,0,1,2,0,3,19,43,6,0,68,0,0,0,68
10/13/2002,XNA,AR,ASW,CE,Federal Contract Tower,18,50,7,0,75,0,7,12,0,19,18,57,19,0,94,0,0,0,94
10/14/2002,XNA,AR,ASW,CE,Federal Contract Tower,24,56,7,0,87,0,5,21,0,26,24,61,28,0,113,0,0,0,113
10/15/2002,XNA,AR,ASW,CE,Federal Contract Tower,22,61,8,0,91,0,0,10,0,10,22,61,18,0,101,0,0,0,101
10/16/2002,XNA,AR,ASW,CE,Federal Contract Tower,20,61,18,5,104,0,0,11,1,12,20,61,29,6,116,2,32,34,150
10/17/2002,XNA,AR,ASW,CE,Federal Contract Tower,24,60,13,2,99,0,0,20,0,20,24,60,33,2,119,0,26,26,145
10/18/2002,XNA,AR,ASW,CE,Federal Contract Tower,17,55,11,4,87,0,8,6,1,15,17,63,17,5,102,2,30,32,134
10/19/2002,XNA,AR,ASW,CE,Federal Contract Tower,18,45,4,0,67,0,0,0,0,0,18,45,4,0,67,0,0,0,67
10/20/2002,XNA,AR,ASW,CE,Federal Contract Tower,14,56,8,0,78,0,2,6,0,8,14,58,14,0,86,0,0,0,86
10/21/2002,XNA,AR,ASW,CE,Federal Contract Tower,24,59,13,2,98,0,0,5,0,5,24,59,18,2,103,2,0,2,105
10/22/2002,XNA,AR,ASW,CE,Federal Contract Tower,22,70,7,4,103,0,2,6,0,8,22,72,13,4,111,12,0,12,123
10/23/2002,XNA,AR,ASW,CE,Federal Contract Tower,18,69,25,0,112,0,2,7,0,9,18,71,32,0,121,10,0,10,131
10/24/2002,XNA,AR,ASW,CE,Federal Contract Tower,22,60,22,2,106,0,0,5,2,7,22,60,27,4,113,20,0,20,133
10/25/2002,XNA,AR,ASW,CE,Federal Contract Tower,22,66,18,0,106,0,0,0,0,0,22,66,18,0,106,0,0,0,106
10/26/2002,XNA,AR,ASW,CE,Federal Contract Tower,17,46,7,0,70,0,9,14,0,23,17,55,21,0,93,6,0,6,99
10/27/2002,XNA,AR,ASW,CE,Federal Contract Tower,13,55,8,0,76,0,0,1,0,1,13,55,9,0,77,0,0,0,77
10/28/2002,XNA,AR,ASW,CE,Federal Contract Tower,19,65,15,3,102,0,0,7,9,16,19,65,22,12,118,0,0,0,118
10/29/2002,XNA,AR,ASW,CE,Federal Contract Tower,22,63,26,8,119,0,2,1,0,3,22,65,27,8,122,0,0,0,122
10/30/2002,XNA,AR,ASW,CE,Federal Contract Tower,22,66,12,0,100,0,0,0,0,0,22,66,12,0,100,0,0,0,100
10/31/2002,XNA,AR,ASW,CE,Federal Contract Tower,21,62,19,0,102,0,0,7,0,7,21,62,26,0,109,0,0,0,109
11/01/2002,XNA,AR,ASW,CE,Federal Contract Tower,21,56,15,0,92,0,5,3,0,8,21,61,18,0,100,0,0,0,100
11/02/2002,XNA,AR,ASW,CE,Federal Contract Tower,13,44,2,0,59,0,0,1,0,1,13,44,3,0,60,0,0,0,60
11/03/2002,XNA,AR,ASW,CE,Federal Contract Tower,14,51,13,1,79,0,0,8,1,9,14,51,21,2,88,0,8,8,96
11/04/2002,XNA,AR,ASW,CE,Federal Contract Tower,15,64,14,11,104,0,5,24,1,30,15,69,38,12,134,16,104,120,254
11/05/2002,XNA,AR,ASW,CE,Federal Contract Tower,17,63,11,49,140,0,1,0,0,1,17,64,11,49,141,0,0,0,141
11/06/2002,XNA,AR,ASW,CE,Federal Contract Tower,20,66,14,6,106,0,0,12,0,12,20,66,26,6,118,10,62,72,190
11/07/2002,XNA,AR,ASW,CE,Federal Contract Tower,16,62,16,0,94,0,10,16,0,26,16,72,32,0,120,0,0,0,120
11/08/2002,XNA,AR,ASW,CE,Federal Contract Tower,21,60,12,4,97,0,0,12,0,12,21,60,24,4,109,0,0,0,109
11/09/2002,XNA,AR,ASW,CE,Federal Contract Tower,13,41,7,2,63,1,5,0,0,6,14,46,7,2,69,0,0,0,69
11/10/2002,XNA,AR,ASW,CE,Federal Contract Tower,14,49,5,0,68,0,0,4,0,4,14,49,9,0,72,0,0,0,72
11/11/2002,XNA,AR,ASW,CE,Federal Contract Tower,21,60,10,0,91,0,0,14,0,14,21,60,24,0,105,8,0,8,113
11/12/2002,XNA,AR,ASW,CE,Federal Contract Tower,18,56,10,4,88,0,8,13,2,23,18,64,23,6,111,0,76,76,187
11/13/2002,XNA,AR,ASW,CE,Federal Contract Tower,21,61,20,4,106,0,4,25,0,29,21,65,45,4,135,0,8,8,143
11/14/2002,XNA,AR,ASW,CE,Federal Contract Tower,21,73,18,0,112,0,2,4,0,6,21,75,22,0,118,0,0,0,118
11/15/2002,XNA,AR,ASW,CE,Federal Contract Tower,19,69,15,0,103,0,0,0,0,0,19,69,15,0,103,0,0,0,103
11/16/2002,XNA,AR,ASW,CE,Federal Contract Tower,14,44,9,0,67,0,4,2,0,6,14,48,11,0,73,0,0,0,73
11/17/2002,XNA,AR,ASW,CE,Federal Contract Tower,16,51,7,0,74,0,0,13,0,13,16,51,20,0,87,0,0,0,87
11/18/2002,XNA,AR,ASW,CE,Federal Contract Tower,18,60,14,4,96,0,1,4,0,5,18,61,18,4,101,0,6,6,107
11/19/2002,XNA,AR,ASW,CE,Federal Contract Tower,20,57,6,2,85,1,0,6,0,7,21,57,12,2,92,0,0,0,92
11/20/2002,XNA,AR,ASW,CE,Federal Contract Tower,24,63,18,2,107,0,3,17,0,20,24,66,35,2,127,0,0,0,127
11/21/2002,XNA,AR,ASW,CE,Federal Contract Tower,20,61,14,2,97,0,4,3,0,7,20,65,17,2,104,0,0,0,104
11/22/2002,XNA,AR,ASW,CE,Federal Contract Tower,26,56,8,0,90,0,0,14,0,14,26,56,22,0,104,16,0,16,120
11/23/2002,XNA,AR,ASW,CE,Federal Contract Tower,15,44,0,0,59,0,1,4,0,5,15,45,4,0,64,0,0,0,64
11/24/2002,XNA,AR,ASW,CE,Federal Contract Tower,15,51,4,0,70,0,0,2,0,2,15,51,6,0,72,0,0,0,72
11/25/2002,XNA,AR,ASW,CE,Federal Contract Tower,18,60,5,4,87,0,0,5,0,5,18,60,10,4,92,0,0,0,92
11/26/2002,XNA,AR,ASW,CE,Federal Contract Tower,18,64,9,7,98,0,1,4,1,6,18,65,13,8,104,0,51,51,155
11/27/2002,XNA,AR,ASW,CE,Federal Contract Tower,18,60,5,0,83,0,13,9,0,22,18,73,14,0,105,0,0,0,105
11/28/2002,XNA,AR,ASW,CE,Federal Contract Tower,12,40,1,0,53,0,0,2,0,2,12,40,3,0,55,2,0,2,57
11/29/2002,XNA,AR,ASW,CE,Federal Contract Tower,12,36,2,0,50,0,5,5,0,10,12,41,7,0,60,0,0,0,60
11/30/2002,XNA,AR,ASW,CE,Federal Contract Tower,15,38,5,0,58,0,4,11,0,15,15,42,16,0,73,0,0,0,73
12/01/2002,XNA,AR,ASW,CE,Federal Contract Tower,16,55,8,0,79,0,4,13,0,17,16,59,21,0,96,0,0,0,96
12/02/2002,XNA,AR,ASW,CE,Federal Contract Tower,17,65,14,0,96,0,2,9,0,11,17,67,23,0,107,0,0,0,107
12/03/2002,XNA,AR,ASW,CE,Federal Contract Tower,18,54,17,2,91,0,0,4,0,4,18,54,21,2,95,0,0,0,95
12/04/2002,XNA,AR,ASW,CE,Federal Contract Tower,19,49,21,0,89,0,0,0,0,0,19,49,21,0,89,0,0,0,89
12/05/2002,XNA,AR,ASW,CE,Federal Contract Tower,16,66,28,0,110,0,2,7,2,11,16,68,35,2,121,2,0,2,123
12/06/2002,XNA,AR,ASW,CE,Federal Contract Tower,16,52,13,0,81,0,5,2,0,7,16,57,15,0,88,0,0,0,88
12/07/2002,XNA,AR,ASW,CE,Federal Contract Tower,17,38,2,0,57,0,0,3,0,3,17,38,5,0,60,8,0,8,68
12/08/2002,XNA,AR,ASW,CE,Federal Contract Tower,18,51,2,0,71,0,2,3,0,5,18,53,5,0,76,0,0,0,76
12/09/2002,XNA,AR,ASW,CE,Federal Contract Tower,19,60,6,1,86,0,0,0,0,0,19,60,6,1,86,6,0,6,92
12/10/2002,XNA,AR,ASW,CE,Federal Contract Tower,15,57,9,6,87,0,2,3,0,5,15,59,12,6,92,0,12,12,104
12/11/2002,XNA,AR,ASW,CE,Federal Contract Tower,18,58,11,0,87,0,0,0,0,0,18,58,11,0,87,0,0,0,87
12/12/2002,XNA,AR,ASW,CE,Federal Contract Tower,22,63,16,6,107,0,0,2,0,2,22,63,18,6,109,0,6,6,115
12/13/2002,XNA,AR,ASW,CE,Federal Contract Tower,18,57,12,24,111,0,0,0,0,0,18,57,12,24,111,0,0,0,111
12/14/2002,XNA,AR,ASW,CE,Federal Contract Tower,15,37,2,0,54,0,1,13,0,14,15,38,15,0,68,0,0,0,68
12/15/2002,XNA,AR,ASW,CE,Federal Contract Tower,14,47,3,0,64,0,4,4,0,8,14,51,7,0,72,0,0,0,72
12/16/2002,XNA,AR,ASW,CE,Federal Contract Tower,18,62,10,0,90,0,0,5,0,5,18,62,15,0,95,0,0,0,95
12/17/2002,XNA,AR,ASW,CE,Federal Contract Tower,17,64,12,2,95,0,5,9,0,14,17,69,21,2,109,0,0,0,109
12/18/2002,XNA,AR,ASW,CE,Federal Contract Tower,17,58,25,2,102,0,0,3,0,3,17,58,28,2,105,0,0,0,105
12/19/2002,XNA,AR,ASW,CE,Federal Contract Tower,20,60,17,5,102,0,0,5,0,5,20,60,22,5,107,0,36,36,143
12/20/2002,XNA,AR,ASW,CE,Federal Contract Tower,16,67,8,0,91,0,4,8,0,12,16,71,16,0,103,8,0,8,111
12/21/2002,XNA,AR,ASW,CE,Federal Contract Tower,14,36,1,0,51,0,0,2,0,2,14,36,3,0,53,0,0,0,53
12/22/2002,XNA,AR,ASW,CE,Federal Contract Tower,13,46,1,0,60,0,0,16,0,16,13,46,17,0,76,0,0,0,76
12/23/2002,XNA,AR,ASW,CE,Federal Contract Tower,19,51,12,0,82,0,0,0,0,0,19,51,12,0,82,0,0,0,82
12/24/2002,XNA,AR,ASW,CE,Federal Contract Tower,13,41,3,0,57,0,0,0,0,0,13,41,3,0,57,0,0,0,57
12/25/2002,XNA,AR,ASW,CE,Federal Contract Tower,8,41,5,0,54,0,12,8,0,20,8,53,13,0,74,0,0,0,74
12/26/2002,XNA,AR,ASW,CE,Federal Contract Tower,17,51,7,0,75,0,2,6,0,8,17,53,13,0,83,0,0,0,83
12/27/2002,XNA,AR,ASW,CE,Federal Contract Tower,17,57,2,4,80,0,0,4,0,4,17,57,6,4,84,0,0,0,84
12/28/2002,XNA,AR,ASW,CE,Federal Contract Tower,13,38,1,0,52,0,0,3,0,3,13,38,4,0,55,0,0,0,55
12/29/2002,XNA,AR,ASW,CE,Federal Contract Tower,14,46,16,0,76,0,2,7,0,9,14,48,23,0,85,0,0,0,85
12/30/2002,XNA,AR,ASW,CE,Federal Contract Tower,12,47,7,0,66,0,0,2,0,2,12,47,9,0,68,0,0,0,68
12/31/2002,XNA,AR,ASW,CE,Federal Contract Tower,11,41,7,0,59,0,6,3,0,9,11,47,10,0,68,0,0,0,68
01/01/2003,XNA,AR,ASW,CE,Federal Contract Tower,14,36,2,0,52,0,4,8,0,12,14,40,10,0,64,0,0,0,64
01/02/2003,XNA,AR,ASW,CE,Federal Contract Tower,17,54,8,7,86,0,2,1,0,3,17,56,9,7,89,0,12,12,101
01/03/2003,XNA,AR,ASW,CE,Federal Contract Tower,18,52,5,0,75,0,0,7,0,7,18,52,12,0,82,4,0,4,86
01/04/2003,XNA,AR,ASW,CE,Federal Contract Tower,15,36,1,0,52,0,0,5,0,5,15,36,6,0,57,0,0,0,57
01/05/2003,XNA,AR,ASW,CE,Federal Contract Tower,14,48,10,0,72,0,0,6,0,6,14,48,16,0,78,6,0,6,84
01/06/2003,XNA,AR,ASW,CE,Federal Contract Tower,18,57,6,2,83,0,0,4,0,4,18,57,10,2,87,0,0,0,87
01/07/2003,XNA,AR,ASW,CE,Federal Contract Tower,17,65,22,4,108,0,0,5,4,9,17,65,27,8,117,0,46,46,163
01/08/2003,XNA,AR,ASW,CE,Federal Contract Tower,15,57,16,0,88,0,0,6,0,6,15,57,22,0,94,14,0,14,108
01/09/2003,XNA,AR,ASW,CE,Federal Contract Tower,19,54,22,4,99,0,3,7,0,10,19,57,29,4,109,0,14,14,123
01/10/2003,XNA,AR,ASW,CE,Federal Contract Tower,15,64,4,2,85,0,2,15,0,17,15,66,19,2,102,0,8,8,110
01/11/2003,XNA,AR,ASW,CE,Federal Contract Tower,14,42,7,0,63,0,0,2,0,2,14,42,9,0,65,2,0,2,67
01/12/2003,XNA,AR,ASW,CE,Federal Contract Tower,13,45,2,0,60,0,6,2,0,8,13,51,4,0,68,0,0,0,68
01/13/2003,XNA,AR,ASW,CE,Federal Contract Tower,24,57,8,0,89,2,2,7,0,11,26,59,15,0,100,4,0,4,104
01/14/2003,XNA,AR,ASW,CE,Federal Contract Tower,18,60,20,0,98,1,3,5,0,9,19,63,25,0,107,2,0,2,109
01/15/2003,XNA,AR,ASW,CE,Federal Contract Tower,20,59,13,10,102,0,0,5,0,5,20,59,18,10,107,0,18,18,125
01/16/2003,XNA,AR,ASW,CE,Federal Contract Tower,19,65,35,0,119,0,6,1,0,7,19,71,36,0,126,0,0,0,126
01/17/2003,XNA,AR,ASW,CE,Federal Contract Tower,21,59,13,6,99,0,0,11,0,11,21,59,24,6,110,22,38,60,170
01/18/2003,XNA,AR,ASW,CE,Federal Contract Tower,13,43,5,0,61,0,1,0,0,1,13,44,5,0,62,0,0,0,62
01/19/2003,XNA,AR,ASW,CE,Federal Contract Tower,17,50,4,0,71,0,6,4,0,10,17,56,8,0,81,0,0,0,81
01/20/2003,XNA,AR,ASW,CE,Federal Contract Tower,22,63,21,0,106,0,0,7,0,7,22,63,28,0,113,6,0,6,119
01/21/2003,XNA,AR,ASW,CE,Federal Contract Tower,22,62,20,2,106,0,5,11,0,16,22,67,31,2,122,4,0,4,126
01/22/2003,XNA,AR,ASW,CE,Federal Contract Tower,25,63,19,2,109,0,0,15,0,15,25,63,34,2,124,0,0,0,124
01/23/2003,XNA,AR,ASW,CE,Federal Contract Tower,22,63,18,4,107,0,0,5,0,5,22,63,23,4,112,0,42,42,154
01/24/2003,XNA,AR,ASW,CE,Federal Contract Tower,18,65,9,0,92,0,0,2,0,2,18,65,11,0,94,2,0,2,96
01/25/2003,XNA,AR,ASW,CE,Federal Contract Tower,17,43,0,0,60,0,0,6,0,6,17,43,6,0,66,0,0,0,66
01/26/2003,XNA,AR,ASW,CE,Federal Contract Tower,15,54,5,0,74,0,0,2,0,2,15,54,7,0,76,0,0,0,76
01/27/2003,XNA,AR,ASW,CE,Federal Contract Tower,20,59,14,6,99,0,0,4,0,4,20,59,18,6,103,0,4,4,107
01/28/2003,XNA,AR,ASW,CE,Federal Contract Tower,18,62,16,6,102,0,2,4,0,6,18,64,20,6,108,0,0,0,108
01/29/2003,XNA,AR,ASW,CE,Federal Contract Tower,22,62,17,18,119,0,0,0,0,0,22,62,17,18,119,0,0,0,119
01/30/2003,XNA,AR,ASW,CE,Federal Contract Tower,23,57,9,20,109,0,2,8,0,10,23,59,17,20,119,14,6,20,139
01/31/2003,XNA,AR,ASW,CE,Federal Contract Tower,25,61,14,4,104,0,2,5,0,7,25,63,19,4,111,0,0,0,111
02/01/2003,XNA,AR,ASW,CE,Federal Contract Tower,14,46,1,0,61,0,0,11,0,11,14,46,12,0,72,0,0,0,72
02/02/2003,XNA,AR,ASW,CE,Federal Contract Tower,15,58,4,0,77,0,0,10,0,10,15,58,14,0,87,0,0,0,87
02/03/2003,XNA,AR,ASW,CE,Federal Contract Tower,22,59,6,2,89,0,2,1,0,3,22,61,7,2,92,0,0,0,92
02/04/2003,XNA,AR,ASW,CE,Federal Contract Tower,26,63,20,18,127,0,1,11,0,12,26,64,31,18,139,14,4,18,157
02/05/2003,XNA,AR,ASW,CE,Federal Contract Tower,24,64,15,22,125,0,5,1,0,6,24,69,16,22,131,0,50,50,181
02/06/2003,XNA,AR,ASW,CE,Federal Contract Tower,21,65,29,0,115,0,0,0,0,0,21,65,29,0,115,0,0,0,115
02/07/2003,XNA,AR,ASW,CE,Federal Contract Tower,24,61,13,0,98,0,0,7,0,7,24,61,20,0,105,0,0,0,105
02/08/2003,XNA,AR,ASW,CE,Federal Contract Tower,16,42,3,0,61,0,0,17,0,17,16,42,20,0,78,0,0,0,78
02/09/2003,XNA,AR,ASW,CE,Federal Contract Tower,13,52,5,0,70,0,0,0,0,0,13,52,5,0,70,0,0,0,70
02/10/2003,XNA,AR,ASW,CE,Federal Contract Tower,26,59,10,8,103,0,0,5,0,5,26,59,15,8,108,0,30,30,138
02/11/2003,XNA,AR,ASW,CE,Federal Contract Tower,25,65,15,20,125,0,4,18,0,22,25,69,33,20,147,4,47,51,198
02/12/2003,XNA,AR,ASW,CE,Federal Contract Tower,26,66,18,22,132,0,11,17,0,28,26,77,35,22,160,4,18,22,182
02/13/2003,XNA,AR,ASW,CE,Federal Contract Tower,25,62,23,17,127,0,0,13,0,13,25,62,36,17,140,0,80,80,220
02/14/2003,XNA,AR,ASW,CE,Federal Contract Tower,25,61,13,0,99,0,0,0,0,0,25,61,13,0,99,0,0,0,99
02/15/2003,XNA,AR,ASW,CE,Federal Contract Tower,12,42,5,0,59,0,0,0,0,0,12,42,5,0,59,0,0,0,59
02/16/2003,XNA,AR,ASW,CE,Federal Contract Tower,16,53,4,0,73,0,0,0,0,0,16,53,4,0,73,0,0,0,73
02/17/2003,XNA,AR,ASW,CE,Federal Contract Tower,25,50,11,0,86,0,0,4,0,4,25,50,15,0,90,0,0,0,90
02/18/2003,XNA,AR,ASW,CE,Federal Contract Tower,27,68,16,2,113,0,2,10,0,12,27,70,26,2,125,8,0,8,133
02/19/2003,XNA,AR,ASW,CE,Federal Contract Tower,28,60,23,0,111,0,0,5,0,5,28,60,28,0,116,0,0,0,116
02/20/2003,XNA,AR,ASW,CE,Federal Contract Tower,26,65,17,30,138,0,0,4,0,4,26,65,21,30,142,0,76,76,218
02/21/2003,XNA,AR,ASW,CE,Federal Contract Tower,21,76,4,28,129,0,0,0,0,0,21,76,4,28,129,0,18,18,147
02/22/2003,XNA,AR,ASW,CE,Federal Contract Tower,15,40,0,0,55,0,0,0,0,0,15,40,0,0,55,0,0,0,55
02/23/2003,XNA,AR,ASW,CE,Federal Contract Tower,10,27,7,0,44,0,2,0,0,2,10,29,7,0,46,0,0,0,46
02/24/2003,XNA,AR,ASW,CE,Federal Contract Tower,24,49,18,0,91,0,0,2,1,3,24,49,20,1,94,0,0,0,94
02/25/2003,XNA,AR,ASW,CE,Federal Contract Tower,24,47,22,0,93,0,0,6,1,7,24,47,28,1,100,0,0,0,100
02/26/2003,XNA,AR,ASW,CE,Federal Contract Tower,17,51,22,0,90,0,0,4,0,4,17,51,26,0,94,0,0,0,94
02/27/2003,XNA,AR,ASW,CE,Federal Contract Tower,24,61,13,0,98,0,0,2,0,2,24,61,15,0,100,0,0,0,100
02/28/2003,XNA,AR,ASW,CE,Federal Contract Tower,22,49,16,0,87,0,0,0,0,0,22,49,16,0,87,0,0,0,87
03/01/2003,XNA,AR,ASW,CE,Federal Contract Tower,17,43,0,0,60,0,4,0,0,4,17,47,0,0,64,0,0,0,64
03/02/2003,XNA,AR,ASW,CE,Federal Contract Tower,18,50,11,17,96,0,0,2,0,2,18,50,13,17,98,0,0,0,98
03/03/2003,XNA,AR,ASW,CE,Federal Contract Tower,28,64,11,7,110,0,0,12,0,12,28,64,23,7,122,0,6,6,128
03/04/2003,XNA,AR,ASW,CE,Federal Contract Tower,26,57,13,14,110,0,0,12,0,12,26,57,25,14,122,0,152,152,274
03/05/2003,XNA,AR,ASW,CE,Federal Contract Tower,27,62,12,2,103,0,0,2,0,2,27,62,14,2,105,0,0,0,105
03/06/2003,XNA,AR,ASW,CE,Federal Contract Tower,29,17,15,1,62,0,46,0,1,47,29,63,15,2,109,8,0,8,117
03/07/2003,XNA,AR,ASW,CE,Federal Contract Tower,24,64,0,10,98,0,9,18,0,27,24,73,18,10,125,20,22,42,167
03/08/2003,XNA,AR,ASW,CE,Federal Contract Tower,15,42,3,0,60,0,2,8,0,10,15,44,11,0,70,0,0,0,70
03/09/2003,XNA,AR,ASW,CE,Federal Contract Tower,19,57,3,0,79,0,0,11,0,11,19,57,14,0,90,2,0,2,92
03/10/2003,XNA,AR,ASW,CE,Federal Contract Tower,25,62,12,17,116,0,0,9,0,9,25,62,21,17,125,0,20,20,145
03/11/2003,XNA,AR,ASW,CE,Federal Contract Tower,31,59,17,14,121,0,0,9,0,9,31,59,26,14,130,0,50,50,180
03/12/2003,XNA,AR,ASW,CE,Federal Contract Tower,33,60,8,10,111,0,0,11,0,11,33,60,19,10,122,0,14,14,136
03/13/2003,XNA,AR,ASW,CE,Federal Contract Tower,30,63,14,0,107,0,0,2,0,2,30,63,16,0,109,0,0,0,109
03/14/2003,XNA,AR,ASW,CE,Federal Contract Tower,30,61,24,2,117,0,0,4,0,4,30,61,28,2,121,0,0,0,121
03/15/2003,XNA,AR,ASW,CE,Federal Contract Tower,20,43,0,4,67,0,0,24,12,36,20,43,24,16,103,10,12,22,125
03/16/2003,XNA,AR,ASW,CE,Federal Contract Tower,20,53,4,0,77,0,0,14,0,14,20,53,18,0,91,2,0,2,93
03/17/2003,XNA,AR,ASW,CE,Federal Contract Tower,28,56,2,0,86,0,0,4,0,4,28,56,6,0,90,0,0,0,90
03/18/2003,XNA,AR,ASW,CE,Federal Contract Tower,30,64,9,0,103,0,0,2,0,2,30,64,11,0,105,0,0,0,105
03/19/2003,XNA,AR,ASW,CE,Federal Contract Tower,29,62,10,0,101,0,0,2,0,2,29,62,12,0,103,0,0,0,103
03/20/2003,XNA,AR,ASW,CE,Federal Contract Tower,27,59,13,2,101,0,0,2,0,2,27,59,15,2,103,0,0,0,103
03/21/2003,XNA,AR,ASW,CE,Federal Contract Tower,27,66,11,0,104,0,0,11,0,11,27,66,22,0,115,0,0,0,115
03/22/2003,XNA,AR,ASW,CE,Federal Contract Tower,18,40,0,0,58,0,1,19,0,20,18,41,19,0,78,0,0,0,78
03/23/2003,XNA,AR,ASW,CE,Federal Contract Tower,18,53,2,0,73,0,0,3,0,3,18,53,5,0,76,0,0,0,76
03/24/2003,XNA,AR,ASW,CE,Federal Contract Tower,26,67,5,15,113,0,0,1,1,2,26,67,6,16,115,0,2,2,117
03/25/2003,XNA,AR,ASW,CE,Federal Contract Tower,27,68,8,0,103,0,0,4,0,4,27,68,12,0,107,0,0,0,107
03/26/2003,XNA,AR,ASW,CE,Federal Contract Tower,27,66,10,18,121,0,0,14,4,18,27,66,24,22,139,0,68,68,207
03/27/2003,XNA,AR,ASW,CE,Federal Contract Tower,26,65,18,14,123,0,0,11,1,12,26,65,29,15,135,0,32,32,167
03/28/2003,XNA,AR,ASW,CE,Federal Contract Tower,28,60,9,0,97,0,0,7,0,7,28,60,16,0,104,0,0,0,104
03/29/2003,XNA,AR,ASW,CE,Federal Contract Tower,16,37,5,0,58,1,8,8,0,17,17,45,13,0,75,0,0,0,75
03/30/2003,XNA,AR,ASW,CE,Federal Contract Tower,17,48,12,0,77,0,0,5,0,5,17,48,17,0,82,0,0,0,82
03/31/2003,XNA,AR,ASW,CE,Federal Contract Tower,28,60,6,20,114,0,0,10,0,10,28,60,16,20,124,0,26,26,150
04/01/2003,XNA,AR,ASW,CE,Federal Contract Tower,31,55,12,30,128,0,4,10,1,15,31,59,22,31,143,0,38,38,181
04/02/2003,XNA,AR,ASW,CE,Federal Contract Tower,33,55,10,5,103,0,1,4,1,6,33,56,14,6,109,0,6,6,115
04/03/2003,XNA,AR,ASW,CE,Federal Contract Tower,27,56,19,0,102,0,0,5,0,5,27,56,24,0,107,0,0,0,107
04/04/2003,XNA,AR,ASW,CE,Federal Contract Tower,25,54,17,17,113,0,0,2,1,3,25,54,19,18,116,0,12,12,128
04/05/2003,XNA,AR,ASW,CE,Federal Contract Tower,19,36,4,0,59,0,4,6,0,10,19,40,10,0,69,0,0,0,69
04/06/2003,XNA,AR,ASW,CE,Federal Contract Tower,12,52,7,0,71,0,0,0,0,0,12,52,7,0,71,0,0,0,71
04/07/2003,XNA,AR,ASW,CE,Federal Contract Tower,25,66,10,8,109,2,0,11,2,15,27,66,21,10,124,18,10,28,152
04/08/2003,XNA,AR,ASW,CE,Federal Contract Tower,29,56,15,10,110,0,4,1,0,5,29,60,16,10,115,0,0,0,115
04/09/2003,XNA,AR,ASW,CE,Federal Contract Tower,28,58,22,7,115,0,0,20,2,22,28,58,42,9,137,0,8,8,145
04/10/2003,XNA,AR,ASW,CE,Federal Contract Tower,27,59,22,6,114,0,0,6,0,6,27,59,28,6,120,0,38,38,158
04/11/2003,XNA,AR,ASW,CE,Federal Contract Tower,27,60,10,10,107,0,1,21,0,22,27,61,31,10,129,0,12,12,141
04/12/2003,XNA,AR,ASW,CE,Federal Contract Tower,19,43,7,0,69,0,0,14,0,14,19,43,21,0,83,0,0,0,83
04/13/2003,XNA,AR,ASW,CE,Federal Contract Tower,20,57,4,0,81,0,0,4,0,4,20,57,8,0,85,0,0,0,85
04/14/2003,XNA,AR,ASW,CE,Federal Contract Tower,23,72,9,8,112,0,0,2,0,2,23,72,11,8,114,0,0,0,114
04/15/2003,XNA,AR,ASW,CE,Federal Contract Tower,27,61,21,12,121,0,0,6,0,6,27,61,27,12,127,0,36,36,163
04/16/2003,XNA,AR,ASW,CE,Federal Contract Tower,28,64,13,0,105,0,0,3,0,3,28,64,16,0,108,0,0,0,108
04/17/2003,XNA,AR,ASW,CE,Federal Contract Tower,31,69,15,10,125,0,0,4,0,4,31,69,19,10,129,0,72,72,201
04/18/2003,XNA,AR,ASW,CE,Federal Contract Tower,28,61,15,8,112,0,4,8,0,12,28,65,23,8,124,0,0,0,124
04/19/2003,XNA,AR,ASW,CE,Federal Contract Tower,18,42,0,0,60,0,1,0,0,1,18,43,0,0,61,0,0,0,61
04/20/2003,XNA,AR,ASW,CE,Federal Contract Tower,17,60,5,0,82,0,0,2,0,2,17,60,7,0,84,0,0,0,84
04/21/2003,XNA,AR,ASW,CE,Federal Contract Tower,25,67,19,10,121,0,0,7,0,7,25,67,26,10,128,0,16,16,144
04/22/2003,XNA,AR,ASW,CE,Federal Contract Tower,26,67,12,6,111,0,3,15,0,18,26,70,27,6,129,0,2,2,131
04/23/2003,XNA,AR,ASW,CE,Federal Contract Tower,26,66,15,22,129,0,2,10,0,12,26,68,25,22,141,4,48,52,193
04/24/2003,XNA,AR,ASW,CE,Federal Contract Tower,29,65,20,8,122,0,0,26,0,26,29,65,46,8,148,0,4,4,152
04/25/2003,XNA,AR,ASW,CE,Federal Contract Tower,27,63,13,14,117,0,0,2,0,2,27,63,15,14,119,0,0,0,119
04/26/2003,XNA,AR,ASW,CE,Federal Contract Tower,18,43,4,1,66,0,0,8,13,21,18,43,12,14,87,6,0,6,93
04/27/2003,XNA,AR,ASW,CE,Federal Contract Tower,17,55,5,0,77,0,0,0,0,0,17,55,5,0,77,0,0,0,77
04/28/2003,XNA,AR,ASW,CE,Federal Contract Tower,26,67,12,2,107,0,3,6,0,9,26,70,18,2,116,0,4,4,120
04/29/2003,XNA,AR,ASW,CE,Federal Contract Tower,29,58,27,6,120,0,0,19,0,19,29,58,46,6,139,0,10,10,149
04/30/2003,XNA,AR,ASW,CE,Federal Contract Tower,30,56,16,5,107,0,2,25,1,28,30,58,41,6,135,4,4,8,143
05/01/2003,XNA,AR,ASW,CE,Federal Contract Tower,23,64,27,2,116,0,5,3,0,8,23,69,30,2,124,0,0,0,124
05/02/2003,XNA,AR,ASW,CE,Federal Contract Tower,25,63,8,4,100,0,3,6,0,9,25,66,14,4,109,0,0,0,109
05/03/2003,XNA,AR,ASW,CE,Federal Contract Tower,13,47,5,2,67,0,4,8,2,14,13,51,13,4,81,0,10,10,91
05/04/2003,XNA,AR,ASW,CE,Federal Contract Tower,15,60,8,0,83,0,0,0,0,0,15,60,8,0,83,0,0,0,83
05/05/2003,XNA,AR,ASW,CE,Federal Contract Tower,23,57,14,20,114,0,0,10,0,10,23,57,24,20,124,0,60,60,184
05/06/2003,XNA,AR,ASW,CE,Federal Contract Tower,24,59,16,2,101,0,0,7,0,7,24,59,23,2,108,0,2,2,110
05/07/2003,XNA,AR,ASW,CE,Federal Contract Tower,31,58,16,6,111,0,0,9,0,9,31,58,25,6,120,2,8,10,130
05/08/2003,XNA,AR,ASW,CE,Federal Contract Tower,25,57,16,0,98,0,4,9,0,13,25,61,25,0,111,0,0,0,111
05/09/2003,XNA,AR,ASW,CE,Federal Contract Tower,34,52,16,0,102,0,0,3,0,3,34,52,19,0,105,0,0,0,105
05/10/2003,XNA,AR,ASW,CE,Federal Contract Tower,16,40,2,0,58,0,0,0,0,0,16,40,2,0,58,0,0,0,58
05/11/2003,XNA,AR,ASW,CE,Federal Contract Tower,18,47,7,0,72,0,0,4,0,4,18,47,11,0,76,0,0,0,76
05/12/2003,XNA,AR,ASW,CE,Federal Contract Tower,26,54,23,22,125,0,0,10,0,10,26,54,33,22,135,0,10,10,145
05/13/2003,XNA,AR,ASW,CE,Federal Contract Tower,29,57,23,4,113,0,0,4,0,4,29,57,27,4,117,0,26,26,143
05/14/2003,XNA,AR,ASW,CE,Federal Contract Tower,28,62,19,0,109,0,2,6,0,8,28,64,25,0,117,0,0,0,117
05/15/2003,XNA,AR,ASW,CE,Federal Contract Tower,27,59,11,32,129,0,0,9,0,9,27,59,20,32,138,6,50,56,194
05/16/2003,XNA,AR,ASW,CE,Federal Contract Tower,26,57,9,0,92,0,0,2,0,2,26,57,11,0,94,0,0,0,94
05/17/2003,XNA,AR,ASW,CE,Federal Contract Tower,13,40,7,0,60,0,4,0,0,4,13,44,7,0,64,0,0,0,64
05/18/2003,XNA,AR,ASW,CE,Federal Contract Tower,12,63,8,0,83,0,0,3,0,3,12,63,11,0,86,0,0,0,86
05/19/2003,XNA,AR,ASW,CE,Federal Contract Tower,21,67,21,4,113,0,0,7,0,7,21,67,28,4,120,0,12,12,132
05/20/2003,XNA,AR,ASW,CE,Federal Contract Tower,29,60,15,8,112,0,0,4,0,4,29,60,19,8,116,8,96,104,220
05/21/2003,XNA,AR,ASW,CE,Federal Contract Tower,28,64,23,6,121,0,9,5,2,16,28,73,28,8,137,0,0,0,137
05/22/2003,XNA,AR,ASW,CE,Federal Contract Tower,28,64,25,0,117,0,0,4,0,4,28,64,29,0,121,10,0,10,131
05/23/2003,XNA,AR,ASW,CE,Federal Contract Tower,22,68,8,0,98,0,2,23,0,25,22,70,31,0,123,0,0,0,123
05/24/2003,XNA,AR,ASW,CE,Federal Contract Tower,13,37,8,0,58,0,8,2,0,10,13,45,10,0,68,0,0,0,68
05/25/2003,XNA,AR,ASW,CE,Federal Contract Tower,13,37,3,0,53,0,2,3,0,5,13,39,6,0,58,0,0,0,58
05/26/2003,XNA,AR,ASW,CE,Federal Contract Tower,14,59,3,0,76,0,0,18,0,18,14,59,21,0,94,0,0,0,94
05/27/2003,XNA,AR,ASW,CE,Federal Contract Tower,25,67,9,10,111,0,2,19,0,21,25,69,28,10,132,0,34,34,166
05/28/2003,XNA,AR,ASW,CE,Federal Contract Tower,29,65,8,13,115,0,4,10,1,15,29,69,18,14,130,6,14,20,150
05/29/2003,XNA,AR,ASW,CE,Federal Contract Tower,23,71,14,6,114,0,5,17,0,22,23,76,31,6,136,10,4,14,150
05/30/2003,XNA,AR,ASW,CE,Federal Contract Tower,20,63,18,20,121,0,0,18,0,18,20,63,36,20,139,0,66,66,205
05/31/2003,XNA,AR,ASW,CE,Federal Contract Tower,17,37,13,14,81,0,2,10,8,20,17,39,23,22,101,0,58,58,159
06/01/2003,XNA,AR,ASW,CE,Federal Contract Tower,21,56,5,0,82,0,0,14,0,14,21,56,19,0,96,0,0,0,96
06/02/2003,XNA,AR,ASW,CE,Federal Contract Tower,30,61,5,11,107,0,0,1,0,1,30,61,6,11,108,0,0,0,108
06/03/2003,XNA,AR,ASW,CE,Federal Contract Tower,26,61,8,18,113,0,0,3,0,3,26,61,11,18,116,2,42,44,160
06/04/2003,XNA,AR,ASW,CE,Federal Contract Tower,26,62,12,22,122,0,0,30,2,32,26,62,42,24,154,18,72,90,244
06/05/2003,XNA,AR,ASW,CE,Federal Contract Tower,24,71,7,13,115,0,2,5,20,27,24,73,12,33,142,0,20,20,162
06/06/2003,XNA,AR,ASW,CE,Federal Contract Tower,30,64,19,16,129,0,0,5,1,6,30,64,24,17,135,0,0,0,135
06/07/2003,XNA,AR,ASW,CE,Federal Contract Tower,23,45,9,4,81,0,4,16,0,20,23,49,25,4,101,0,2,2,103
06/08/2003,XNA,AR,ASW,CE,Federal Contract Tower,16,51,2,8,77,0,0,7,3,10,16,51,9,11,87,0,2,2,89
06/09/2003,XNA,AR,ASW,CE,Federal Contract Tower,23,67,13,13,116,0,0,9,8,17,23,67,22,21,133,0,69,69,202
06/10/2003,XNA,AR,ASW,CE,Federal Contract Tower,22,73,11,12,118,0,4,5,0,9,22,77,16,12,127,0,40,40,167
06/11/2003,XNA,AR,ASW,CE,Federal Contract Tower,24,69,15,8,116,0,0,6,0,6,24,69,21,8,122,0,16,16,138
06/12/2003,XNA,AR,ASW,CE,Federal Contract Tower,19,57,19,7,102,0,0,4,1,5,19,57,23,8,107,0,54,54,161
06/13/2003,XNA,AR,ASW,CE,Federal Contract Tower,23,54,12,10,99,0,0,23,0,23,23,54,35,10,122,0,10,10,132
06/14/2003,XNA,AR,ASW,CE,Federal Contract Tower,16,41,10,2,69,4,2,10,0,16,20,43,20,2,85,0,22,22,107
06/15/2003,XNA,AR,ASW,CE,Federal Contract Tower,14,57,5,0,76,0,2,7,0,9,14,59,12,0,85,0,0,0,85
06/16/2003,XNA,AR,ASW,CE,Federal Contract Tower,27,62,13,8,110,0,2,10,0,12,27,64,23,8,122,11,2,13,135
06/17/2003,XNA,AR,ASW,CE,Federal Contract Tower,27,60,11,2,100,2,0,1,0,3,29,60,12,2,103,0,4,4,107
06/18/2003,XNA,AR,ASW,CE,Federal Contract Tower,29,68,28,2,127,0,0,5,0,5,29,68,33,2,132,14,0,14,146
06/19/2003,XNA,AR,ASW,CE,Federal Contract Tower,29,62,16,0,107,0,0,9,0,9,29,62,25,0,116,0,0,0,116
06/20/2003,XNA,AR,ASW,CE,Federal Contract Tower,25,60,3,5,93,0,1,19,1,21,25,61,22,6,114,0,4,4,118
06/21/2003,XNA,AR,ASW,CE,Federal Contract Tower,15,41,10,2,68,0,4,6,0,10,15,45,16,2,78,4,2,6,84
06/22/2003,XNA,AR,ASW,CE,Federal Contract Tower,17,55,2,0,74,0,0,8,0,8,17,55,10,0,82,0,0,0,82
06/23/2003,XNA,AR,ASW,CE,Federal Contract Tower,21,65,15,15,116,0,2,12,1,15,21,67,27,16,131,0,50,50,181
06/24/2003,XNA,AR,ASW,CE,Federal Contract Tower,23,69,29,11,132,0,0,4,0,4,23,69,33,11,136,0,6,6,142
06/25/2003,XNA,AR,ASW,CE,Federal Contract Tower,21,63,20,12,116,0,2,6,0,8,21,65,26,12,124,2,8,10,134
06/26/2003,XNA,AR,ASW,CE,Federal Contract Tower,21,69,17,9,116,0,2,7,0,9,21,71,24,9,125,2,14,16,141
06/27/2003,XNA,AR,ASW,CE,Federal Contract Tower,24,66,20,4,114,0,0,25,0,25,24,66,45,4,139,0,0,0,139
06/28/2003,XNA,AR,ASW,CE,Federal Contract Tower,12,47,0,4,63,0,4,4,0,8,12,51,4,4,71,6,0,6,77
06/29/2003,XNA,AR,ASW,CE,Federal Contract Tower,15,54,9,2,80,0,0,11,0,11,15,54,20,2,91,8,0,8,99
06/30/2003,XNA,AR,ASW,CE,Federal Contract Tower,24,64,17,0,105,0,0,10,0,10,24,64,27,0,115,4,0,4,119
07/01/2003,XNA,AR,ASW,CE,Federal Contract Tower,26,67,8,20,121,0,4,5,0,9,26,71,13,20,130,0,38,38,168
07/02/2003,XNA,AR,ASW,CE,Federal Contract Tower,27,72,10,12,121,0,2,7,0,9,27,74,17,12,130,4,84,88,218
07/03/2003,XNA,AR,ASW,CE,Federal Contract Tower,26,70,4,2,102,0,0,9,0,9,26,70,13,2,111,0,0,0,111
07/04/2003,XNA,AR,ASW,CE,Federal Contract Tower,17,40,0,0,57,0,10,8,0,18,17,50,8,0,75,0,0,0,75
07/05/2003,XNA,AR,ASW,CE,Federal Contract Tower,13,45,3,0,61,0,0,6,0,6,13,45,9,0,67,0,0,0,67
07/06/2003,XNA,AR,ASW,CE,Federal Contract Tower,15,63,6,0,84,0,2,7,0,9,15,65,13,0,93,0,0,0,93
07/07/2003,XNA,AR,ASW,CE,Federal Contract Tower,25,71,6,16,118,0,2,10,1,13,25,73,16,17,131,0,44,44,175
07/08/2003,XNA,AR,ASW,CE,Federal Contract Tower,23,69,16,6,114,0,0,12,0,12,23,69,28,6,126,8,26,34,160
07/09/2003,XNA,AR,ASW,CE,Federal Contract Tower,27,70,12,14,123,0,0,14,0,14,27,70,26,14,137,0,42,42,179
07/10/2003,XNA,AR,ASW,CE,Federal Contract Tower,28,64,24,21,137,0,0,16,0,16,28,64,40,21,153,0,48,48,201
07/11/2003,XNA,AR,ASW,CE,Federal Contract Tower,21,67,15,12,115,0,0,10,3,13,21,67,25,15,128,2,44,46,174
07/12/2003,XNA,AR,ASW,CE,Federal Contract Tower,12,48,3,5,68,0,0,4,1,5,12,48,7,6,73,0,6,6,79
07/13/2003,XNA,AR,ASW,CE,Federal Contract Tower,19,59,4,0,82,0,0,4,0,4,19,59,8,0,86,0,0,0,86
07/14/2003,XNA,AR,ASW,CE,Federal Contract Tower,22,72,21,16,131,0,0,6,0,6,22,72,27,16,137,4,56,60,197
07/15/2003,XNA,AR,ASW,CE,Federal Contract Tower,27,66,18,1,112,0,0,8,3,11,27,66,26,4,123,0,2,2,125
07/16/2003,XNA,AR,ASW,CE,Federal Contract Tower,26,70,19,6,121,0,0,8,4,12,26,70,27,10,133,4,42,46,179
07/17/2003,XNA,AR,ASW,CE,Federal Contract Tower,26,69,13,21,129,0,2,9,0,11,26,71,22,21,140,2,22,24,164
07/18/2003,XNA,AR,ASW,CE,Federal Contract Tower,20,65,3,1,89,0,0,12,1,13,20,65,15,2,102,0,18,18,120
07/19/2003,XNA,AR,ASW,CE,Federal Contract Tower,13,50,4,4,71,0,0,8,0,8,13,50,12,4,79,0,0,0,79
07/20/2003,XNA,AR,ASW,CE,Federal Contract Tower,18,59,8,3,88,0,0,13,0,13,18,59,21,3,101,0,6,6,107
07/21/2003,XNA,AR,ASW,CE,Federal Contract Tower,25,65,8,8,106,0,0,11,0,11,25,65,19,8,117,0,12,12,129
07/22/2003,XNA,AR,ASW,CE,Federal Contract Tower,23,60,8,6,97,0,0,11,0,11,23,60,19,6,108,0,4,4,112
07/23/2003,XNA,AR,ASW,CE,Federal Contract Tower,25,69,6,4,104,0,2,15,0,17,25,71,21,4,121,2,54,56,177
07/24/2003,XNA,AR,ASW,CE,Federal Contract Tower,25,68,9,8,110,0,0,11,2,13,25,68,20,10,123,0,8,8,131
07/25/2003,XNA,AR,ASW,CE,Federal Contract Tower,25,63,11,6,105,0,0,4,1,5,25,63,15,7,110,4,28,32,142
07/26/2003,XNA,AR,ASW,CE,Federal Contract Tower,12,49,2,0,63,0,4,10,0,14,12,53,12,0,77,0,0,0,77
07/27/2003,XNA,AR,ASW,CE,Federal Contract Tower,12,62,2,7,83,0,0,2,1,3,12,62,4,8,86,0,14,14,100
07/28/2003,XNA,AR,ASW,CE,Federal Contract Tower,22,71,15,9,117,0,0,3,1,4,22,71,18,10,121,0,35,35,156
07/29/2003,XNA,AR,ASW,CE,Federal Contract Tower,26,68,21,2,117,0,5,12,2,19,26,73,33,4,136,16,10,26,162
07/30/2003,XNA,AR,ASW,CE,Federal Contract Tower,27,67,13,14,121,0,0,5,1,6,27,67,18,15,127,4,38,42,169
07/31/2003,XNA,AR,ASW,CE,Federal Contract Tower,25,65,24,15,129,2,0,9,1,12,27,65,33,16,141,10,64,74,215
08/01/2003,XNA,AR,ASW,CE,Federal Contract Tower,28,65,10,10,113,0,0,7,0,7,28,65,17,10,120,6,0,6,126
08/02/2003,XNA,AR,ASW,CE,Federal Contract Tower,16,45,5,0,66,0,0,4,0,4,16,45,9,0,70,0,0,0,70
08/03/2003,XNA,AR,ASW,CE,Federal Contract Tower,12,62,4,0,78,0,0,4,0,4,12,62,8,0,82,0,0,0,82
08/04/2003,XNA,AR,ASW,CE,Federal Contract Tower,19,65,5,11,100,0,0,2,1,3,19,65,7,12,103,0,56,56,159
08/05/2003,XNA,AR,ASW,CE,Federal Contract Tower,28,69,7,5,109,0,1,10,0,11,28,70,17,5,120,0,26,26,146
08/06/2003,XNA,AR,ASW,CE,Federal Contract Tower,27,74,12,8,121,0,0,8,2,10,27,74,20,10,131,0,6,6,137
08/07/2003,XNA,AR,ASW,CE,Federal Contract Tower,25,79,10,15,129,0,0,5,0,5,25,79,15,15,134,0,20,20,154
08/08/2003,XNA,AR,ASW,CE,Federal Contract Tower,26,66,10,14,116,0,0,12,0,12,26,66,22,14,128,4,54,58,186
08/09/2003,XNA,AR,ASW,CE,Federal Contract Tower,11,47,9,2,69,0,0,13,0,13,11,47,22,2,82,0,4,4,86
08/10/2003,XNA,AR,ASW,CE,Federal Contract Tower,19,60,8,0,87,0,0,2,0,2,19,60,10,0,89,0,0,0,89
08/11/2003,XNA,AR,ASW,CE,Federal Contract Tower,22,65,13,7,107,0,0,2,6,8,22,65,15,13,115,0,8,8,123
08/12/2003,XNA,AR,ASW,CE,Federal Contract Tower,24,67,15,13,119,0,0,7,0,7,24,67,22,13,126,14,24,38,164
08/13/2003,XNA,AR,ASW,CE,Federal Contract Tower,27,67,12,0,106,0,0,6,0,6,27,67,18,0,112,14,0,14,126
08/14/2003,XNA,AR,ASW,CE,Federal Contract Tower,29,63,11,10,113,0,4,6,0,10,29,67,17,10,123,0,38,38,161
08/15/2003,XNA,AR,ASW,CE,Federal Contract Tower,36,68,4,6,114,0,0,8,0,8,36,68,12,6,122,0,32,32,154
08/16/2003,XNA,AR,ASW,CE,Federal Contract Tower,13,45,2,0,60,0,0,15,0,15,13,45,17,0,75,18,0,18,93
08/17/2003,XNA,AR,ASW,CE,Federal Contract Tower,19,62,7,0,88,0,0,5,0,5,19,62,12,0,93,10,0,10,103
08/18/2003,XNA,AR,ASW,CE,Federal Contract Tower,26,71,7,14,118,0,0,8,2,10,26,71,15,16,128,4,12,16,144
08/19/2003,XNA,AR,ASW,CE,Federal Contract Tower,26,71,13,12,122,0,0,5,0,5,26,71,18,12,127,4,32,36,163
08/20/2003,XNA,AR,ASW,CE,Federal Contract Tower,26,71,12,3,112,0,2,10,1,13,26,73,22,4,125,6,4,10,135
08/21/2003,XNA,AR,ASW,CE,Federal Contract Tower,24,69,14,10,117,0,0,17,0,17,24,69,31,10,134,10,8,18,152
08/22/2003,XNA,AR,ASW,CE,Federal Contract Tower,27,66,16,22,131,0,0,11,0,11,27,66,27,22,142,2,24,26,168
08/23/2003,XNA,AR,ASW,CE,Federal Contract Tower,11,46,8,0,65,0,0,15,0,15,11,46,23,0,80,0,0,0,80
08/24/2003,XNA,AR,ASW,CE,Federal Contract Tower,19,64,2,0,85,0,0,12,0,12,19,64,14,0,97,12,0,12,109
08/25/2003,XNA,AR,ASW,CE,Federal Contract Tower,28,76,18,23,145,0,4,3,0,7,28,80,21,23,152,0,30,30,182
08/26/2003,XNA,AR,ASW,CE,Federal Contract Tower,23,66,15,14,118,0,0,9,0,9,23,66,24,14,127,0,26,26,153
08/27/2003,XNA,AR,ASW,CE,Federal Contract Tower,31,79,18,8,136,0,3,4,0,7,31,82,22,8,143,0,18,18,161
08/28/2003,XNA,AR,ASW,CE,Federal Contract Tower,26,72,19,2,119,0,4,5,0,9,26,76,24,2,128,0,6,6,134
08/29/2003,XNA,AR,ASW,CE,Federal Contract Tower,27,61,7,0,95,0,0,12,0,12,27,61,19,0,107,14,0,14,121
08/30/2003,XNA,AR,ASW,CE,Federal Contract Tower,12,40,0,0,52,0,0,3,0,3,12,40,3,0,55,0,0,0,55
08/31/2003,XNA,AR,ASW,CE,Federal Contract Tower,16,41,7,0,64,0,0,2,0,2,16,41,9,0,66,2,0,2,68
09/01/2003,XNA,AR,ASW,CE,Federal Contract Tower,26,57,4,0,87,0,0,0,0,0,26,57,4,0,87,0,0,0,87
09/02/2003,XNA,AR,ASW,CE,Federal Contract Tower,28,67,16,0,111,0,2,0,0,2,28,69,16,0,113,0,0,0,113
09/03/2003,XNA,AR,ASW,CE,Federal Contract Tower,29,71,39,6,145,0,0,1,1,2,29,71,40,7,147,0,8,8,155
09/04/2003,XNA,AR,ASW,CE,Federal Contract Tower,28,65,12,4,109,0,4,8,0,12,28,69,20,4,121,0,0,0,121
09/05/2003,XNA,AR,ASW,CE,Federal Contract Tower,30,63,12,16,121,0,2,13,1,16,30,65,25,17,137,6,36,42,179
09/06/2003,XNA,AR,ASW,CE,Federal Contract Tower,15,45,14,5,79,0,0,18,0,18,15,45,32,5,97,0,8,8,105
09/07/2003,XNA,AR,ASW,CE,Federal Contract Tower,22,57,13,2,94,0,0,11,0,11,22,57,24,2,105,0,0,0,105
09/08/2003,XNA,AR,ASW,CE,Federal Contract Tower,30,69,17,15,131,0,0,14,1,15,30,69,31,16,146,10,76,86,232
09/09/2003,XNA,AR,ASW,CE,Federal Contract Tower,31,66,13,8,118,0,0,3,0,3,31,66,16,8,121,8,27,35,156
09/10/2003,XNA,AR,ASW,CE,Federal Contract Tower,30,68,21,25,144,0,0,2,1,3,30,68,23,26,147,2,28,30,177
09/11/2003,XNA,AR,ASW,CE,Federal Contract Tower,26,63,18,0,107,0,4,1,0,5,26,67,19,0,112,0,0,0,112
09/12/2003,XNA,AR,ASW,CE,Federal Contract Tower,28,70,10,10,118,0,0,0,0,0,28,70,10,10,118,0,0,0,118
09/13/2003,XNA,AR,ASW,CE,Federal Contract Tower,17,44,5,0,66,0,0,1,0,1,17,44,6,0,67,0,0,0,67
09/14/2003,XNA,AR,ASW,CE,Federal Contract Tower,22,62,7,18,109,0,0,11,0,11,22,62,18,18,120,0,12,12,132
09/15/2003,XNA,AR,ASW,CE,Federal Contract Tower,29,68,14,6,117,0,0,15,0,15,29,68,29,6,132,20,2,22,154
09/16/2003,XNA,AR,ASW,CE,Federal Contract Tower,30,66,15,14,125,0,4,6,2,12,30,70,21,16,137,5,12,17,154
09/17/2003,XNA,AR,ASW,CE,Federal Contract Tower,32,68,17,14,131,0,0,3,3,6,32,68,20,17,137,0,12,12,149
09/18/2003,XNA,AR,ASW,CE,Federal Contract Tower,29,67,22,2,120,0,0,5,0,5,29,67,27,2,125,12,0,12,137
09/19/2003,XNA,AR,ASW,CE,Federal Contract Tower,34,61,12,4,111,0,0,11,0,11,34,61,23,4,122,10,26,36,158
09/20/2003,XNA,AR,ASW,CE,Federal Contract Tower,17,43,3,0,63,0,2,8,0,10,17,45,11,0,73,0,0,0,73
09/21/2003,XNA,AR,ASW,CE,Federal Contract Tower,24,52,3,0,79,0,0,9,0,9,24,52,12,0,88,2,0,2,90
09/22/2003,XNA,AR,ASW,CE,Federal Contract Tower,27,71,23,3,124,0,0,3,1,4,27,71,26,4,128,0,2,2,130
09/23/2003,XNA,AR,ASW,CE,Federal Contract Tower,32,64,12,1,109,0,0,4,1,5,32,64,16,2,114,0,8,8,122
09/24/2003,XNA,AR,ASW,CE,Federal Contract Tower,29,68,11,14,122,0,0,5,0,5,29,68,16,14,127,0,8,8,135
09/25/2003,XNA,AR,ASW,CE,Federal Contract Tower,31,77,22,17,147,0,2,8,1,11,31,79,30,18,158,0,58,58,216
09/26/2003,XNA,AR,ASW,CE,Federal Contract Tower,31,67,9,4,111,0,0,10,0,10,31,67,19,4,121,0,26,26,147
09/27/2003,XNA,AR,ASW,CE,Federal Contract Tower,16,45,5,0,66,0,0,6,0,6,16,45,11,0,72,0,0,0,72
09/28/2003,XNA,AR,ASW,CE,Federal Contract Tower,22,57,4,0,83,0,0,11,0,11,22,57,15,0,94,4,0,4,98
09/29/2003,XNA,AR,ASW,CE,Federal Contract Tower,31,73,15,0,119,0,0,5,0,5,31,73,20,0,124,0,2,2,126
09/30/2003,XNA,AR,ASW,CE,Federal Contract Tower,34,67,18,0,119,0,6,1,0,7,34,73,19,0,126,0,0,0,126
10/01/2003,XNA,AR,ASW,CE,Federal Contract Tower,48,71,30,4,153,0,0,9,0,9,48,71,39,4,162,0,8,8,170
10/02/2003,XNA,AR,ASW,CE,Federal Contract Tower,29,72,18,2,121,0,0,5,0,5,29,72,23,2,126,0,0,0,126
10/03/2003,XNA,AR,ASW,CE,Federal Contract Tower,34,64,5,0,103,0,0,4,0,4,34,64,9,0,107,0,0,0,107
10/04/2003,XNA,AR,ASW,CE,Federal Contract Tower,16,42,6,0,64,0,2,8,0,10,16,44,14,0,74,6,0,6,80
10/05/2003,XNA,AR,ASW,CE,Federal Contract Tower,23,54,2,0,79,0,0,2,0,2,23,54,4,0,81,0,0,0,81
10/06/2003,XNA,AR,ASW,CE,Federal Contract Tower,29,70,10,8,117,0,0,1,0,1,29,70,11,8,118,0,0,0,118
10/07/2003,XNA,AR,ASW,CE,Federal Contract Tower,31,70,25,9,135,0,6,8,1,15,31,76,33,10,150,0,6,6,156
10/08/2003,XNA,AR,ASW,CE,Federal Contract Tower,32,70,15,5,122,0,0,2,0,2,32,70,17,5,124,0,0,0,124
10/09/2003,XNA,AR,ASW,CE,Federal Contract Tower,31,63,23,0,117,0,0,0,0,0,31,63,23,0,117,0,0,0,117
10/10/2003,XNA,AR,ASW,CE,Federal Contract Tower,33,71,37,4,145,0,0,0,0,0,33,71,37,4,145,0,0,0,145
10/11/2003,XNA,AR,ASW,CE,Federal Contract Tower,20,44,7,0,71,0,0,5,0,5,20,44,12,0,76,0,0,0,76
10/12/2003,XNA,AR,ASW,CE,Federal Contract Tower,23,54,9,0,86,0,0,8,0,8,23,54,17,0,94,0,0,0,94
10/13/2003,XNA,AR,ASW,CE,Federal Contract Tower,33,71,10,0,114,0,0,5,0,5,33,71,15,0,119,3,0,3,122
10/14/2003,XNA,AR,ASW,CE,Federal Contract Tower,30,67,19,4,120,0,0,4,0,4,30,67,23,4,124,4,6,10,134
10/15/2003,XNA,AR,ASW,CE,Federal Contract Tower,33,64,17,10,124,0,0,2,0,2,33,64,19,10,126,0,4,4,130
10/16/2003,XNA,AR,ASW,CE,Federal Contract Tower,31,66,20,29,146,0,0,12,1,13,31,66,32,30,159,0,4,4,163
10/17/2003,XNA,AR,ASW,CE,Federal Contract Tower,36,61,10,4,111,0,2,14,0,16,36,63,24,4,127,0,0,0,127
10/18/2003,XNA,AR,ASW,CE,Federal Contract Tower,29,40,4,0,73,0,0,5,0,5,29,40,9,0,78,0,0,0,78
10/19/2003,XNA,AR,ASW,CE,Federal Contract Tower,24,57,7,0,88,0,0,3,0,3,24,57,10,0,91,0,0,0,91
10/20/2003,XNA,AR,ASW,CE,Federal Contract Tower,26,73,14,9,122,0,0,5,1,6,26,73,19,10,128,0,4,4,132
10/21/2003,XNA,AR,ASW,CE,Federal Contract Tower,32,64,17,6,119,0,4,15,0,19,32,68,32,6,138,0,6,6,144
10/22/2003,XNA,AR,ASW,CE,Federal Contract Tower,32,72,11,5,120,0,2,13,1,16,32,74,24,6,136,6,0,6,142
10/23/2003,XNA,AR,ASW,CE,Federal Contract Tower,32,65,12,2,111,0,0,11,0,11,32,65,23,2,122,0,4,4,126
10/24/2003,XNA,AR,ASW,CE,Federal Contract Tower,33,62,12,14,121,0,0,15,3,18,33,62,27,17,139,0,14,14,153
10/25/2003,XNA,AR,ASW,CE,Federal Contract Tower,17,41,6,0,64,0,0,0,0,0,17,41,6,0,64,0,0,0,64
10/26/2003,XNA,AR,ASW,CE,Federal Contract Tower,24,59,9,0,92,0,4,0,0,4,24,63,9,0,96,0,0,0,96
10/27/2003,XNA,AR,ASW,CE,Federal Contract Tower,29,69,13,9,120,0,0,9,1,10,29,69,22,10,130,0,2,2,132
10/28/2003,XNA,AR,ASW,CE,Federal Contract Tower,31,69,22,5,127,0,0,13,2,15,31,69,35,7,142,0,6,6,148
10/29/2003,XNA,AR,ASW,CE,Federal Contract Tower,34,62,22,4,122,0,0,1,0,1,34,62,23,4,123,0,0,0,123
10/30/2003,XNA,AR,ASW,CE,Federal Contract Tower,29,77,19,4,129,0,0,14,0,14,29,77,33,4,143,0,0,0,143
10/31/2003,XNA,AR,ASW,CE,Federal Contract Tower,33,67,9,0,109,0,0,12,0,12,33,67,21,0,121,0,0,0,121
11/01/2003,XNA,AR,ASW,CE,Federal Contract Tower,11,51,11,0,73,0,0,3,0,3,11,51,14,0,76,0,0,0,76
11/02/2003,XNA,AR,ASW,CE,Federal Contract Tower,20,64,5,0,89,0,0,4,0,4,20,64,9,0,93,0,0,0,93
11/03/2003,XNA,AR,ASW,CE,Federal Contract Tower,25,65,14,23,127,0,0,3,0,3,25,65,17,23,130,0,38,38,168
11/04/2003,XNA,AR,ASW,CE,Federal Contract Tower,25,68,21,0,114,0,0,1,0,1,25,68,22,0,115,0,0,0,115
11/05/2003,XNA,AR,ASW,CE,Federal Contract Tower,28,68,25,0,121,0,0,0,0,0,28,68,25,0,121,0,0,0,121
11/06/2003,XNA,AR,ASW,CE,Federal Contract Tower,27,65,28,2,122,0,0,0,0,0,27,65,28,2,122,0,0,0,122
11/07/2003,XNA,AR,ASW,CE,Federal Contract Tower,27,70,26,3,126,0,0,0,0,0,27,70,26,3,126,0,0,0,126
11/08/2003,XNA,AR,ASW,CE,Federal Contract Tower,11,50,8,0,69,0,0,4,0,4,11,50,12,0,73,0,0,0,73
11/09/2003,XNA,AR,ASW,CE,Federal Contract Tower,21,64,5,24,114,0,0,8,0,8,21,64,13,24,122,0,26,26,148
11/10/2003,XNA,AR,ASW,CE,Federal Contract Tower,33,65,12,10,120,0,0,0,0,0,33,65,12,10,120,0,0,0,120
11/11/2003,XNA,AR,ASW,CE,Federal Contract Tower,29,69,14,0,112,0,0,0,0,0,29,69,14,0,112,0,0,0,112
11/12/2003,XNA,AR,ASW,CE,Federal Contract Tower,29,67,12,9,117,0,0,4,1,5,29,67,16,10,122,0,10,10,132
11/13/2003,XNA,AR,ASW,CE,Federal Contract Tower,35,69,24,2,130,0,0,8,2,10,35,69,32,4,140,0,0,0,140
11/14/2003,XNA,AR,ASW,CE,Federal Contract Tower,31,74,10,0,115,0,0,4,0,4,31,74,14,0,119,0,0,0,119
11/15/2003,XNA,AR,ASW,CE,Federal Contract Tower,13,41,6,0,60,0,0,0,0,0,13,41,6,0,60,0,0,0,60
11/16/2003,XNA,AR,ASW,CE,Federal Contract Tower,18,60,6,0,84,0,4,9,0,13,18,64,15,0,97,0,0,0,97
11/17/2003,XNA,AR,ASW,CE,Federal Contract Tower,21,75,11,0,107,0,0,0,0,0,21,75,11,0,107,0,0,0,107
11/18/2003,XNA,AR,ASW,CE,Federal Contract Tower,23,74,16,5,118,0,0,1,0,1,23,74,17,5,119,0,2,2,121
11/19/2003,XNA,AR,ASW,CE,Federal Contract Tower,26,77,20,27,150,0,0,3,1,4,26,77,23,28,154,0,2,2,156
11/20/2003,XNA,AR,ASW,CE,Federal Contract Tower,27,70,16,17,130,0,0,17,0,17,27,70,33,17,147,0,0,0,147
11/21/2003,XNA,AR,ASW,CE,Federal Contract Tower,28,70,9,2,109,0,0,9,0,9,28,70,18,2,118,0,0,0,118
11/22/2003,XNA,AR,ASW,CE,Federal Contract Tower,15,51,10,0,76,0,0,3,0,3,15,51,13,0,79,0,0,0,79
11/23/2003,XNA,AR,ASW,CE,Federal Contract Tower,20,62,8,0,90,0,0,0,0,0,20,62,8,0,90,0,0,0,90
11/24/2003,XNA,AR,ASW,CE,Federal Contract Tower,25,70,5,6,106,0,0,5,0,5,25,70,10,6,111,8,8,16,127
11/25/2003,XNA,AR,ASW,CE,Federal Contract Tower,28,73,11,28,140,0,0,4,0,4,28,73,15,28,144,2,24,26,170
11/26/2003,XNA,AR,ASW,CE,Federal Contract Tower,29,67,6,0,102,0,0,8,0,8,29,67,14,0,110,2,0,2,112
11/27/2003,XNA,AR,ASW,CE,Federal Contract Tower,18,39,2,0,59,0,0,2,0,2,18,39,4,0,61,0,0,0,61
11/28/2003,XNA,AR,ASW,CE,Federal Contract Tower,17,42,5,0,64,0,0,1,0,1,17,42,6,0,65,0,0,0,65
11/29/2003,XNA,AR,ASW,CE,Federal Contract Tower,13,50,3,0,66,0,2,3,0,5,13,52,6,0,71,0,0,0,71
11/30/2003,XNA,AR,ASW,CE,Federal Contract Tower,20,72,9,0,101,0,0,10,0,10,20,72,19,0,111,0,0,0,111
12/01/2003,XNA,AR,ASW,CE,Federal Contract Tower,26,73,13,4,116,0,0,9,0,9,26,73,22,4,125,0,2,2,127
12/02/2003,XNA,AR,ASW,CE,Federal Contract Tower,29,69,31,2,131,0,1,6,0,7,29,70,37,2,138,0,0,0,138
12/03/2003,XNA,AR,ASW,CE,Federal Contract Tower,33,77,12,4,126,0,0,1,0,1,33,77,13,4,127,0,0,0,127
12/04/2003,XNA,AR,ASW,CE,Federal Contract Tower,29,79,14,6,128,0,0,0,0,0,29,79,14,6,128,0,0,0,128
12/05/2003,XNA,AR,ASW,CE,Federal Contract Tower,26,68,11,6,111,0,0,5,0,5,26,68,16,6,116,8,4,12,128
12/06/2003,XNA,AR,ASW,CE,Federal Contract Tower,14,51,2,0,67,0,0,6,0,6,14,51,8,0,73,0,0,0,73
12/07/2003,XNA,AR,ASW,CE,Federal Contract Tower,22,64,4,0,90,0,0,3,0,3,22,64,7,0,93,4,0,4,97
12/08/2003,XNA,AR,ASW,CE,Federal Contract Tower,28,69,10,4,111,0,0,5,0,5,28,69,15,4,116,0,0,0,116
12/09/2003,XNA,AR,ASW,CE,Federal Contract Tower,28,66,14,0,108,0,2,2,0,4,28,68,16,0,112,0,0,0,112
12/10/2003,XNA,AR,ASW,CE,Federal Contract Tower,28,66,22,3,119,0,0,8,0,8,28,66,30,3,127,6,0,6,133
12/11/2003,XNA,AR,ASW,CE,Federal Contract Tower,30,63,14,13,120,0,0,4,0,4,30,63,18,13,124,0,14,14,138
12/12/2003,XNA,AR,ASW,CE,Federal Contract Tower,26,68,20,6,120,0,0,3,0,3,26,68,23,6,123,12,0,12,135
12/13/2003,XNA,AR,ASW,CE,Federal Contract Tower,14,50,5,0,69,0,0,0,0,0,14,50,5,0,69,0,0,0,69
12/14/2003,XNA,AR,ASW,CE,Federal Contract Tower,24,61,6,2,93,0,0,1,1,2,24,61,7,3,95,0,2,2,97
12/15/2003,XNA,AR,ASW,CE,Federal Contract Tower,27,61,10,14,112,0,0,4,0,4,27,61,14,14,116,0,0,0,116
12/16/2003,XNA,AR,ASW,CE,Federal Contract Tower,30,64,14,15,123,0,0,0,0,0,30,64,14,15,123,0,2,2,125
12/17/2003,XNA,AR,ASW,CE,Federal Contract Tower,26,73,13,4,116,0,0,9,0,9,26,73,22,4,125,0,2,2,127
12/18/2003,XNA,AR,ASW,CE,Federal Contract Tower,27,64,23,17,131,0,0,0,0,0,27,64,23,17,131,0,4,4,135
12/19/2003,XNA,AR,ASW,CE,Federal Contract Tower,25,62,10,2,99,0,0,8,2,10,25,62,18,4,109,6,4,10,119
12/20/2003,XNA,AR,ASW,CE,Federal Contract Tower,11,49,9,2,71,0,0,2,0,2,11,49,11,2,73,0,0,0,73
12/21/2003,XNA,AR,ASW,CE,Federal Contract Tower,21,57,5,0,83,0,0,5,0,5,21,57,10,0,88,0,0,0,88
12/22/2003,XNA,AR,ASW,CE,Federal Contract Tower,28,62,4,0,94,0,0,5,0,5,28,62,9,0,99,0,0,0,99
12/23/2003,XNA,AR,ASW,CE,Federal Contract Tower,25,64,9,0,98,0,2,12,0,14,25,66,21,0,112,4,0,4,116
12/24/2003,XNA,AR,ASW,CE,Federal Contract Tower,23,49,2,0,74,0,0,15,0,15,23,49,17,0,89,0,0,0,89
12/25/2003,XNA,AR,ASW,CE,Federal Contract Tower,14,43,0,0,57,0,0,0,0,0,14,43,0,0,57,0,0,0,57
12/26/2003,XNA,AR,ASW,CE,Federal Contract Tower,22,56,7,0,85,0,0,7,0,7,22,56,14,0,92,0,0,0,92
12/27/2003,XNA,AR,ASW,CE,Federal Contract Tower,10,46,0,0,56,0,2,3,0,5,10,48,3,0,61,0,0,0,61
12/28/2003,XNA,AR,ASW,CE,Federal Contract Tower,19,60,6,0,85,0,0,2,0,2,19,60,8,0,87,0,0,0,87
12/29/2003,XNA,AR,ASW,CE,Federal Contract Tower,25,61,3,4,93,0,4,6,0,10,25,65,9,4,103,0,8,8,111
12/30/2003,XNA,AR,ASW,CE,Federal Contract Tower,27,61,2,0,90,0,0,4,0,4,27,61,6,0,94,0,0,0,94
12/31/2003,XNA,AR,ASW,CE,Federal Contract Tower,15,48,0,0,63,0,4,7,0,11,15,52,7,0,74,0,0,0,74
01/01/2004,XNA,AR,ASW,CE,Federal Contract Tower,16,51,4,0,71,0,0,0,0,0,16,51,4,0,71,0,0,0,71
01/02/2004,XNA,AR,ASW,CE,Federal Contract Tower,19,52,6,0,77,0,0,2,0,2,19,52,8,0,79,0,0,0,79
01/03/2004,XNA,AR,ASW,CE,Federal Contract Tower,12,42,1,0,55,0,1,2,0,3,12,43,3,0,58,0,0,0,58
01/04/2004,XNA,AR,ASW,CE,Federal Contract Tower,14,59,2,0,75,0,0,0,0,0,14,59,2,0,75,0,0,0,75
01/05/2004,XNA,AR,ASW,CE,Federal Contract Tower,23,67,6,2,98,0,0,0,0,0,23,67,6,2,98,0,0,0,98
01/06/2004,XNA,AR,ASW,CE,Federal Contract Tower,26,66,16,14,122,0,0,2,0,2,26,66,18,14,124,0,84,84,208
01/07/2004,XNA,AR,ASW,CE,Federal Contract Tower,24,61,13,22,120,0,0,8,0,8,24,61,21,22,128,2,60,62,190
01/08/2004,XNA,AR,ASW,CE,Federal Contract Tower,22,70,11,30,133,0,0,2,0,2,22,70,13,30,135,0,0,0,135
01/09/2004,XNA,AR,ASW,CE,Federal Contract Tower,23,66,8,22,119,0,2,2,0,4,23,68,10,22,123,0,82,82,205
01/10/2004,XNA,AR,ASW,CE,Federal Contract Tower,6,52,9,0,67,0,0,11,0,11,6,52,20,0,78,0,0,0,78
01/11/2004,XNA,AR,ASW,CE,Federal Contract Tower,15,66,5,2,88,0,2,0,2,4,15,68,5,4,92,0,14,14,106
01/12/2004,XNA,AR,ASW,CE,Federal Contract Tower,24,68,14,23,129,0,0,11,1,12,24,68,25,24,141,0,38,38,179
01/13/2004,XNA,AR,ASW,CE,Federal Contract Tower,23,68,19,11,121,0,0,3,1,4,23,68,22,12,125,0,4,4,129
01/14/2004,XNA,AR,ASW,CE,Federal Contract Tower,25,73,15,12,125,0,0,5,0,5,25,73,20,12,130,0,20,20,150
01/15/2004,XNA,AR,ASW,CE,Federal Contract Tower,24,74,16,13,127,0,0,12,0,12,24,74,28,13,139,0,34,34,173
01/16/2004,XNA,AR,ASW,CE,Federal Contract Tower,26,72,10,4,112,0,0,0,0,0,26,72,10,4,112,0,0,0,112
01/17/2004,XNA,AR,ASW,CE,Federal Contract Tower,6,51,4,0,61,0,0,0,0,0,6,51,4,0,61,0,0,0,61
01/18/2004,XNA,AR,ASW,CE,Federal Contract Tower,17,65,4,0,86,0,0,3,0,3,17,65,7,0,89,0,0,0,89
01/19/2004,XNA,AR,ASW,CE,Federal Contract Tower,23,79,9,0,111,0,6,4,0,10,23,85,13,0,121,0,0,0,121
01/20/2004,XNA,AR,ASW,CE,Federal Contract Tower,20,74,19,21,134,0,0,2,1,3,20,74,21,22,137,0,26,26,163
01/21/2004,XNA,AR,ASW,CE,Federal Contract Tower,21,75,10,18,124,0,4,6,0,10,21,79,16,18,134,0,2,2,136
01/22/2004,XNA,AR,ASW,CE,Federal Contract Tower,24,75,9,29,137,0,0,15,4,19,24,75,24,33,156,2,42,44,200
01/23/2004,XNA,AR,ASW,CE,Federal Contract Tower,18,74,11,6,109,0,0,6,1,7,18,74,17,7,116,0,2,2,118
01/24/2004,XNA,AR,ASW,CE,Federal Contract Tower,8,53,3,0,64,0,0,1,0,1,8,53,4,0,65,0,0,0,65
01/25/2004,XNA,AR,ASW,CE,Federal Contract Tower,13,59,8,6,86,0,0,0,0,0,13,59,8,6,86,0,0,0,86
01/26/2004,XNA,AR,ASW,CE,Federal Contract Tower,17,63,12,0,92,0,0,0,0,0,17,63,12,0,92,0,0,0,92
01/27/2004,XNA,AR,ASW,CE,Federal Contract Tower,20,63,20,16,119,0,0,4,1,5,20,63,24,17,124,2,2,4,128
01/28/2004,XNA,AR,ASW,CE,Federal Contract Tower,24,72,14,18,128,0,0,1,2,3,24,72,15,20,131,0,4,4,135
01/29/2004,XNA,AR,ASW,CE,Federal Contract Tower,23,78,22,8,131,0,0,0,0,0,23,78,22,8,131,0,22,22,153
01/30/2004,XNA,AR,ASW,CE,Federal Contract Tower,22,69,12,19,122,0,0,6,0,6,22,69,18,19,128,2,118,120,248
01/31/2004,XNA,AR,ASW,CE,Federal Contract Tower,7,50,0,0,57,0,0,6,0,6,7,50,6,0,63,0,0,0,63
02/01/2004,XNA,AR,ASW,CE,Federal Contract Tower,13,69,3,0,85,0,0,2,0,2,13,69,5,0,87,2,0,2,89
02/02/2004,XNA,AR,ASW,CE,Federal Contract Tower,23,70,17,0,110,0,0,0,0,0,23,70,17,0,110,0,0,0,110
02/03/2004,XNA,AR,ASW,CE,Federal Contract Tower,24,78,3,8,113,0,3,7,0,10,24,81,10,8,123,0,4,4,127
02/04/2004,XNA,AR,ASW,CE,Federal Contract Tower,20,73,9,0,102,0,3,1,0,4,20,76,10,0,106,0,0,0,106
02/05/2004,XNA,AR,ASW,CE,Federal Contract Tower,22,76,19,0,117,0,0,0,0,0,22,76,19,0,117,0,0,0,117
02/06/2004,XNA,AR,ASW,CE,Federal Contract Tower,25,73,15,0,113,0,0,0,0,0,25,73,15,0,113,0,0,0,113
02/07/2004,XNA,AR,ASW,CE,Federal Contract Tower,7,54,9,0,70,0,0,8,0,8,7,54,17,0,78,0,0,0,78
02/08/2004,XNA,AR,ASW,CE,Federal Contract Tower,13,64,4,0,81,0,0,7,0,7,13,64,11,0,88,0,0,0,88
02/09/2004,XNA,AR,ASW,CE,Federal Contract Tower,22,76,11,0,109,0,0,1,0,1,22,76,12,0,110,0,0,0,110
02/10/2004,XNA,AR,ASW,CE,Federal Contract Tower,24,81,28,13,146,4,0,12,1,17,28,81,40,14,163,0,0,0,163
02/11/2004,XNA,AR,ASW,CE,Federal Contract Tower,24,88,20,4,136,0,0,8,0,8,24,88,28,4,144,0,0,0,144
02/12/2004,XNA,AR,ASW,CE,Federal Contract Tower,25,77,16,12,130,0,0,4,0,4,25,77,20,12,134,0,44,44,178
02/13/2004,XNA,AR,ASW,CE,Federal Contract Tower,24,75,7,20,126,0,0,13,0,13,24,75,20,20,139,0,46,46,185
02/14/2004,XNA,AR,ASW,CE,Federal Contract Tower,8,51,2,0,61,0,0,14,0,14,8,51,16,0,75,8,0,8,83
02/15/2004,XNA,AR,ASW,CE,Federal Contract Tower,13,66,4,4,87,0,0,2,0,2,13,66,6,4,89,5,0,5,94
02/16/2004,XNA,AR,ASW,CE,Federal Contract Tower,27,76,12,0,115,0,0,3,0,3,27,76,15,0,118,0,0,0,118
02/17/2004,XNA,AR,ASW,CE,Federal Contract Tower,27,75,28,1,131,0,2,7,0,9,27,77,35,1,140,0,6,6,146
02/18/2004,XNA,AR,ASW,CE,Federal Contract Tower,27,72,15,17,131,0,0,5,1,6,27,72,20,18,137,0,2,2,139
02/19/2004,XNA,AR,ASW,CE,Federal Contract Tower,26,74,26,20,146,1,0,3,4,8,27,74,29,24,154,4,4,8,162
02/20/2004,XNA,AR,ASW,CE,Federal Contract Tower,25,74,12,16,127,0,0,2,0,2,25,74,14,16,129,0,0,0,129
02/21/2004,XNA,AR,ASW,CE,Federal Contract Tower,10,53,11,0,74,0,0,0,0,0,10,53,11,0,74,0,0,0,74
02/22/2004,XNA,AR,ASW,CE,Federal Contract Tower,17,65,6,0,88,0,0,5,0,5,17,65,11,0,93,0,0,0,93
02/23/2004,XNA,AR,ASW,CE,Federal Contract Tower,25,74,14,12,125,0,0,9,0,9,25,74,23,12,134,0,4,4,138
02/24/2004,XNA,AR,ASW,CE,Federal Contract Tower,24,75,19,36,154,0,0,1,0,1,24,75,20,36,155,0,22,22,177
02/25/2004,XNA,AR,ASW,CE,Federal Contract Tower,29,72,17,31,149,0,2,6,0,8,29,74,23,31,157,6,74,80,237
02/26/2004,XNA,AR,ASW,CE,Federal Contract Tower,26,72,11,13,122,0,0,7,0,7,26,72,18,13,129,0,16,16,145
02/27/2004,XNA,AR,ASW,CE,Federal Contract Tower,25,72,7,3,107,0,0,17,0,17,25,72,24,3,124,0,2,2,126
02/28/2004,XNA,AR,ASW,CE,Federal Contract Tower,8,59,1,4,72,0,2,16,0,18,8,61,17,4,90,6,0,6,96
02/29/2004,XNA,AR,ASW,CE,Federal Contract Tower,15,60,5,0,80,0,0,2,0,2,15,60,7,0,82,0,0,0,82
03/01/2004,XNA,AR,ASW,CE,Federal Contract Tower,20,74,8,10,112,0,0,2,1,3,20,74,10,11,115,0,52,52,167
03/02/2004,XNA,AR,ASW,CE,Federal Contract Tower,28,69,11,10,118,0,0,14,1,15,28,69,25,11,133,0,102,102,235
03/03/2004,XNA,AR,ASW,CE,Federal Contract Tower,25,72,8,10,115,0,0,0,0,0,25,72,8,10,115,0,0,0,115
03/04/2004,XNA,AR,ASW,CE,Federal Contract Tower,23,71,17,0,111,0,0,4,0,4,23,71,21,0,115,0,0,0,115
03/05/2004,XNA,AR,ASW,CE,Federal Contract Tower,24,64,11,6,105,0,2,11,1,14,24,66,22,7,119,0,2,2,121
03/06/2004,XNA,AR,ASW,CE,Federal Contract Tower,8,58,0,0,66,0,0,9,0,9,8,58,9,0,75,0,0,0,75
03/07/2004,XNA,AR,ASW,CE,Federal Contract Tower,15,62,5,0,82,0,0,3,0,3,15,62,8,0,85,0,0,0,85
03/08/2004,XNA,AR,ASW,CE,Federal Contract Tower,28,72,12,0,112,0,0,5,0,5,28,72,17,0,117,0,0,0,117
03/09/2004,XNA,AR,ASW,CE,Federal Contract Tower,34,77,26,2,139,0,3,12,0,15,34,80,38,2,154,0,2,2,156
03/10/2004,XNA,AR,ASW,CE,Federal Contract Tower,29,69,15,11,124,0,4,7,0,11,29,73,22,11,135,0,8,8,143
03/11/2004,XNA,AR,ASW,CE,Federal Contract Tower,27,70,23,16,136,0,0,4,0,4,27,70,27,16,140,0,16,16,156
03/12/2004,XNA,AR,ASW,CE,Federal Contract Tower,31,65,9,11,116,0,0,15,1,16,31,65,24,12,132,6,22,28,160
03/13/2004,XNA,AR,ASW,CE,Federal Contract Tower,10,56,2,0,68,0,0,1,0,1,10,56,3,0,69,0,0,0,69
03/14/2004,XNA,AR,ASW,CE,Federal Contract Tower,18,61,4,0,83,0,0,0,0,0,18,61,4,0,83,0,0,0,83
03/15/2004,XNA,AR,ASW,CE,Federal Contract Tower,30,69,3,6,108,0,4,3,0,7,30,73,6,6,115,0,0,0,115
03/16/2004,XNA,AR,ASW,CE,Federal Contract Tower,28,68,12,26,134,0,0,8,0,8,28,68,20,26,142,0,16,16,158
03/17/2004,XNA,AR,ASW,CE,Federal Contract Tower,24,71,13,12,120,0,0,3,0,3,24,71,16,12,123,0,56,56,179
03/18/2004,XNA,AR,ASW,CE,Federal Contract Tower,24,74,22,8,128,2,4,12,0,18,26,78,34,8,146,4,24,28,174
03/19/2004,XNA,AR,ASW,CE,Federal Contract Tower,28,65,6,0,99,0,0,10,0,10,28,65,16,0,109,0,0,0,109
03/20/2004,XNA,AR,ASW,CE,Federal Contract Tower,11,53,5,0,69,0,0,0,0,0,11,53,5,0,69,0,0,0,69
03/21/2004,XNA,AR,ASW,CE,Federal Contract Tower,18,64,6,10,98,0,0,8,0,8,18,64,14,10,106,0,20,20,126
03/22/2004,XNA,AR,ASW,CE,Federal Contract Tower,29,75,8,15,127,0,0,13,0,13,29,75,21,15,140,8,56,64,204
03/23/2004,XNA,AR,ASW,CE,Federal Contract Tower,26,72,11,8,117,0,2,18,0,20,26,74,29,8,137,0,0,0,137
03/24/2004,XNA,AR,ASW,CE,Federal Contract Tower,28,72,8,24,132,0,4,2,0,6,28,76,10,24,138,0,2,2,140
03/25/2004,XNA,AR,ASW,CE,Federal Contract Tower,28,76,12,11,127,0,0,2,0,2,28,76,14,11,129,0,0,0,129
03/26/2004,XNA,AR,ASW,CE,Federal Contract Tower,24,70,13,3,110,0,0,3,0,3,24,70,16,3,113,0,0,0,113
03/27/2004,XNA,AR,ASW,CE,Federal Contract Tower,9,54,7,2,72,0,0,5,0,5,9,54,12,2,77,0,0,0,77
03/28/2004,XNA,AR,ASW,CE,Federal Contract Tower,21,57,3,0,81,0,0,5,0,5,21,57,8,0,86,0,0,0,86
03/29/2004,XNA,AR,ASW,CE,Federal Contract Tower,29,70,15,15,129,0,0,0,0,0,29,70,15,15,129,0,32,32,161
03/30/2004,XNA,AR,ASW,CE,Federal Contract Tower,28,72,15,11,126,0,0,6,1,7,28,72,21,12,133,0,45,45,178
03/31/2004,XNA,AR,ASW,CE,Federal Contract Tower,28,78,19,4,129,0,0,20,0,20,28,78,39,4,149,0,0,0,149
04/01/2004,XNA,AR,ASW,CE,Federal Contract Tower,27,73,23,0,123,0,0,21,0,21,27,73,44,0,144,0,0,0,144
04/02/2004,XNA,AR,ASW,CE,Federal Contract Tower,28,63,19,15,125,0,0,14,2,16,28,63,33,17,141,6,36,42,183
04/03/2004,XNA,AR,ASW,CE,Federal Contract Tower,9,52,4,0,65,0,0,13,0,13,9,52,17,0,78,0,0,0,78
04/04/2004,XNA,AR,ASW,CE,Federal Contract Tower,21,63,6,6,96,0,0,4,0,4,21,63,10,6,100,0,8,8,108
04/05/2004,XNA,AR,ASW,CE,Federal Contract Tower,28,76,10,21,135,0,0,12,0,12,28,76,22,21,147,14,12,26,173
04/06/2004,XNA,AR,ASW,CE,Federal Contract Tower,26,72,19,4,121,0,0,19,10,29,26,72,38,14,150,10,12,22,172
04/07/2004,XNA,AR,ASW,CE,Federal Contract Tower,28,84,9,0,121,0,0,4,0,4,28,84,13,0,125,0,0,0,125
04/08/2004,XNA,AR,ASW,CE,Federal Contract Tower,27,78,29,0,134,0,0,10,0,10,27,78,39,0,144,2,0,2,146
04/09/2004,XNA,AR,ASW,CE,Federal Contract Tower,28,76,13,18,135,0,0,4,2,6,28,76,17,20,141,0,8,8,149
04/10/2004,XNA,AR,ASW,CE,Federal Contract Tower,12,51,5,0,68,0,0,0,0,0,12,51,5,0,68,0,0,0,68
04/11/2004,XNA,AR,ASW,CE,Federal Contract Tower,22,64,4,0,90,0,0,5,0,5,22,64,9,0,95,0,0,0,95
04/12/2004,XNA,AR,ASW,CE,Federal Contract Tower,28,72,7,33,140,0,2,6,2,10,28,74,13,35,150,0,82,82,232
04/13/2004,XNA,AR,ASW,CE,Federal Contract Tower,28,81,13,13,135,1,0,9,0,10,29,81,22,13,145,0,58,58,203
04/14/2004,XNA,AR,ASW,CE,Federal Contract Tower,26,87,18,17,148,0,0,12,0,12,26,87,30,17,160,0,24,24,184
04/15/2004,XNA,AR,ASW,CE,Federal Contract Tower,25,77,16,12,130,0,0,8,2,10,25,77,24,14,140,0,26,26,166
04/16/2004,XNA,AR,ASW,CE,Federal Contract Tower,28,73,12,13,126,0,0,13,0,13,28,73,25,13,139,8,22,30,169
04/17/2004,XNA,AR,ASW,CE,Federal Contract Tower,14,51,3,0,68,0,0,3,0,3,14,51,6,0,71,0,0,0,71
04/18/2004,XNA,AR,ASW,CE,Federal Contract Tower,20,59,7,0,86,0,0,0,0,0,20,59,7,0,86,0,0,0,86
04/19/2004,XNA,AR,ASW,CE,Federal Contract Tower,27,76,5,12,120,0,0,6,0,6,27,76,11,12,126,0,114,114,240
04/20/2004,XNA,AR,ASW,CE,Federal Contract Tower,27,72,7,5,111,0,2,1,0,3,27,74,8,5,114,0,0,0,114
04/21/2004,XNA,AR,ASW,CE,Federal Contract Tower,27,79,11,0,117,0,5,8,0,13,27,84,19,0,130,6,0,6,136
04/22/2004,XNA,AR,ASW,CE,Federal Contract Tower,30,73,16,9,128,0,0,1,0,1,30,73,17,9,129,0,8,8,137
04/23/2004,XNA,AR,ASW,CE,Federal Contract Tower,28,70,12,1,111,0,0,0,0,0,28,70,12,1,111,0,2,2,113
04/24/2004,XNA,AR,ASW,CE,Federal Contract Tower,10,54,4,0,68,0,0,2,0,2,10,54,6,0,70,0,0,0,70
04/25/2004,XNA,AR,ASW,CE,Federal Contract Tower,21,62,0,4,87,0,4,8,0,12,21,66,8,4,99,0,0,0,99
04/26/2004,XNA,AR,ASW,CE,Federal Contract Tower,26,76,20,15,137,0,0,8,0,8,26,76,28,15,145,0,10,10,155
04/27/2004,XNA,AR,ASW,CE,Federal Contract Tower,26,79,10,0,115,0,0,16,0,16,26,79,26,0,131,0,0,0,131
04/28/2004,XNA,AR,ASW,CE,Federal Contract Tower,27,79,17,4,127,0,0,5,0,5,27,79,22,4,132,0,0,0,132
04/29/2004,XNA,AR,ASW,CE,Federal Contract Tower,25,74,14,10,123,0,0,12,0,12,25,74,26,10,135,0,11,11,146
04/30/2004,XNA,AR,ASW,CE,Federal Contract Tower,27,72,18,0,117,0,0,3,0,3,27,72,21,0,120,0,0,0,120
05/01/2004,XNA,AR,ASW,CE,Federal Contract Tower,11,52,4,0,67,0,0,0,0,0,11,52,4,0,67,0,0,0,67
05/02/2004,XNA,AR,ASW,CE,Federal Contract Tower,19,63,6,4,92,0,4,4,0,8,19,67,10,4,100,0,4,4,104
05/03/2004,XNA,AR,ASW,CE,Federal Contract Tower,26,73,22,7,128,0,5,0,0,5,26,78,22,7,133,0,0,0,133
05/04/2004,XNA,AR,ASW,CE,Federal Contract Tower,25,78,32,0,135,0,0,8,0,8,25,78,40,0,143,0,0,0,143
05/05/2004,XNA,AR,ASW,CE,Federal Contract Tower,27,78,25,10,140,0,0,8,0,8,27,78,33,10,148,0,22,22,170
05/06/2004,XNA,AR,ASW,CE,Federal Contract Tower,28,86,18,6,138,0,0,4,0,4,28,86,22,6,142,0,68,68,210
05/07/2004,XNA,AR,ASW,CE,Federal Contract Tower,27,71,12,12,122,0,0,5,0,5,27,71,17,12,127,0,22,22,149
05/08/2004,XNA,AR,ASW,CE,Federal Contract Tower,11,55,13,0,79,0,3,21,0,24,11,58,34,0,103,0,0,0,103
05/09/2004,XNA,AR,ASW,CE,Federal Contract Tower,17,67,6,0,90,0,2,7,0,9,17,69,13,0,99,4,0,4,103
05/10/2004,XNA,AR,ASW,CE,Federal Contract Tower,25,78,18,18,139,0,0,7,0,7,25,78,25,18,146,2,48,50,196
05/11/2004,XNA,AR,ASW,CE,Federal Contract Tower,28,83,4,12,127,0,4,12,0,16,28,87,16,12,143,0,50,50,193
05/12/2004,XNA,AR,ASW,CE,Federal Contract Tower,27,82,15,6,130,0,0,4,0,4,27,82,19,6,134,0,14,14,148
05/13/2004,XNA,AR,ASW,CE,Federal Contract Tower,26,72,23,0,121,0,0,0,0,0,26,72,23,0,121,0,0,0,121
05/14/2004,XNA,AR,ASW,CE,Federal Contract Tower,24,77,24,2,127,0,0,0,0,0,24,77,24,2,127,0,0,0,127
05/15/2004,XNA,AR,ASW,CE,Federal Contract Tower,12,51,6,0,69,0,3,3,0,6,12,54,9,0,75,0,0,0,75
05/16/2004,XNA,AR,ASW,CE,Federal Contract Tower,20,66,7,0,93,0,2,12,0,14,20,68,19,0,107,0,0,0,107
05/17/2004,XNA,AR,ASW,CE,Federal Contract Tower,30,69,9,18,126,0,2,6,0,8,30,71,15,18,134,0,100,100,234
05/18/2004,XNA,AR,ASW,CE,Federal Contract Tower,27,77,17,22,143,0,0,7,0,7,27,77,24,22,150,0,4,4,154
05/19/2004,XNA,AR,ASW,CE,Federal Contract Tower,28,82,39,10,159,0,0,14,0,14,28,82,53,10,173,0,0,0,173
05/20/2004,XNA,AR,ASW,CE,Federal Contract Tower,29,74,24,18,145,0,0,12,0,12,29,74,36,18,157,10,20,30,187
05/21/2004,XNA,AR,ASW,CE,Federal Contract Tower,22,78,5,8,113,0,0,22,0,22,22,78,27,8,135,0,0,0,135
05/22/2004,XNA,AR,ASW,CE,Federal Contract Tower,12,55,2,6,75,0,0,4,0,4,12,55,6,6,79,0,0,0,79
05/23/2004,XNA,AR,ASW,CE,Federal Contract Tower,19,69,7,2,97,0,6,11,0,17,19,75,18,2,114,0,0,0,114
05/24/2004,XNA,AR,ASW,CE,Federal Contract Tower,28,77,17,10,132,0,2,7,0,9,28,79,24,10,141,0,6,6,147
05/25/2004,XNA,AR,ASW,CE,Federal Contract Tower,28,73,10,0,111,0,0,4,0,4,28,73,14,0,115,0,0,0,115
05/26/2004,XNA,AR,ASW,CE,Federal Contract Tower,28,73,19,4,124,0,0,4,0,4,28,73,23,4,128,0,0,0,128
05/27/2004,XNA,AR,ASW,CE,Federal Contract Tower,25,82,24,0,131,0,2,5,0,7,25,84,29,0,138,0,0,0,138
05/28/2004,XNA,AR,ASW,CE,Federal Contract Tower,25,73,19,0,117,0,6,9,0,15,25,79,28,0,132,0,0,0,132
05/29/2004,XNA,AR,ASW,CE,Federal Contract Tower,13,52,0,0,65,0,0,1,0,1,13,52,1,0,66,0,0,0,66
05/30/2004,XNA,AR,ASW,CE,Federal Contract Tower,19,57,0,0,76,0,0,0,0,0,19,57,0,0,76,0,0,0,76
05/31/2004,XNA,AR,ASW,CE,Federal Contract Tower,22,64,2,0,88,0,0,6,0,6,22,64,8,0,94,0,0,0,94
06/01/2004,XNA,AR,ASW,CE,Federal Contract Tower,27,78,14,7,126,4,0,3,10,17,31,78,17,17,143,0,22,22,165
06/02/2004,XNA,AR,ASW,CE,Federal Contract Tower,25,73,13,6,117,0,2,9,0,11,25,75,22,6,128,0,0,0,128
06/03/2004,XNA,AR,ASW,CE,Federal Contract Tower,23,79,15,7,124,0,0,13,8,21,23,79,28,15,145,0,2,2,147
06/04/2004,XNA,AR,ASW,CE,Federal Contract Tower,27,71,14,6,118,17,0,6,0,23,44,71,20,6,141,0,18,18,159
06/05/2004,XNA,AR,ASW,CE,Federal Contract Tower,19,56,8,0,83,7,4,0,0,11,26,60,8,0,94,0,0,0,94
06/06/2004,XNA,AR,ASW,CE,Federal Contract Tower,19,61,11,0,91,0,11,2,0,13,19,72,13,0,104,0,0,0,104
06/07/2004,XNA,AR,ASW,CE,Federal Contract Tower,25,75,13,7,120,0,1,8,3,12,25,76,21,10,132,0,20,20,152
06/08/2004,XNA,AR,ASW,CE,Federal Contract Tower,25,73,14,0,112,3,0,7,0,10,28,73,21,0,122,0,0,0,122
06/09/2004,XNA,AR,ASW,CE,Federal Contract Tower,25,74,13,2,114,1,1,4,0,6,26,75,17,2,120,0,0,0,120
06/10/2004,XNA,AR,ASW,CE,Federal Contract Tower,25,80,14,2,121,0,7,7,0,14,25,87,21,2,135,0,2,2,137
06/11/2004,XNA,AR,ASW,CE,Federal Contract Tower,25,74,13,4,116,0,3,20,0,23,25,77,33,4,139,0,0,0,139
06/12/2004,XNA,AR,ASW,CE,Federal Contract Tower,12,39,7,0,58,0,13,16,0,29,12,52,23,0,87,0,0,0,87
06/13/2004,XNA,AR,ASW,CE,Federal Contract Tower,19,54,9,0,82,2,10,4,0,16,21,64,13,0,98,8,0,8,106
06/14/2004,XNA,AR,ASW,CE,Federal Contract Tower,27,79,16,9,131,0,0,22,17,39,27,79,38,26,170,0,30,30,200
06/15/2004,XNA,AR,ASW,CE,Federal Contract Tower,26,81,14,8,129,0,2,17,6,25,26,83,31,14,154,2,26,28,182
06/16/2004,XNA,AR,ASW,CE,Federal Contract Tower,26,74,13,0,113,2,0,8,0,10,28,74,21,0,123,0,0,0,123
06/17/2004,XNA,AR,ASW,CE,Federal Contract Tower,27,83,15,9,134,0,0,9,1,10,27,83,24,10,144,2,22,24,168
06/18/2004,XNA,AR,ASW,CE,Federal Contract Tower,27,77,13,0,117,2,2,11,0,15,29,79,24,0,132,2,0,2,134
06/19/2004,XNA,AR,ASW,CE,Federal Contract Tower,15,40,6,0,61,4,5,1,0,10,19,45,7,0,71,0,0,0,71
06/20/2004,XNA,AR,ASW,CE,Federal Contract Tower,19,57,9,2,87,0,8,1,0,9,19,65,10,2,96,0,10,10,106
06/21/2004,XNA,AR,ASW,CE,Federal Contract Tower,24,71,12,0,107,0,5,16,0,21,24,76,28,0,128,0,0,0,128
06/22/2004,XNA,AR,ASW,CE,Federal Contract Tower,27,82,14,6,129,0,3,16,0,19,27,85,30,6,148,0,0,0,148
06/23/2004,XNA,AR,ASW,CE,Federal Contract Tower,29,76,14,9,128,0,0,13,9,22,29,76,27,18,150,4,38,42,192
06/24/2004,XNA,AR,ASW,CE,Federal Contract Tower,28,86,16,9,139,0,0,16,13,29,28,86,32,22,168,0,0,0,168
06/25/2004,XNA,AR,ASW,CE,Federal Contract Tower,26,74,11,7,118,0,4,0,7,11,26,78,11,14,129,0,2,2,131
06/26/2004,XNA,AR,ASW,CE,Federal Contract Tower,13,44,7,0,64,0,11,5,0,16,13,55,12,0,80,0,0,0,80
06/27/2004,XNA,AR,ASW,CE,Federal Contract Tower,22,63,11,6,102,2,0,7,6,15,24,63,18,12,117,0,16,16,133
06/28/2004,XNA,AR,ASW,CE,Federal Contract Tower,27,76,15,7,125,0,0,13,5,18,27,76,28,12,143,0,0,0,143
06/29/2004,XNA,AR,ASW,CE,Federal Contract Tower,28,84,15,8,135,0,0,35,6,41,28,84,50,14,176,0,2,2,178
06/30/2004,XNA,AR,ASW,CE,Federal Contract Tower,27,75,13,5,120,3,0,2,0,5,30,75,15,5,125,0,0,0,125
07/01/2004,XNA,AR,ASW,CE,Federal Contract Tower,22,80,11,0,113,2,7,0,0,9,24,87,11,0,122,0,0,0,122
07/02/2004,XNA,AR,ASW,CE,Federal Contract Tower,20,74,7,6,107,2,3,0,0,5,22,77,7,6,112,0,22,22,134
07/03/2004,XNA,AR,ASW,CE,Federal Contract Tower,11,45,7,0,63,0,2,4,0,6,11,47,11,0,69,0,0,0,69
07/04/2004,XNA,AR,ASW,CE,Federal Contract Tower,10,40,2,0,52,4,4,0,0,8,14,44,2,0,60,0,0,0,60
07/05/2004,XNA,AR,ASW,CE,Federal Contract Tower,17,65,10,0,92,6,3,0,0,9,23,68,10,0,101,0,0,0,101
07/06/2004,XNA,AR,ASW,CE,Federal Contract Tower,21,79,12,0,112,0,7,5,0,12,21,86,17,0,124,0,0,0,124
07/07/2004,XNA,AR,ASW,CE,Federal Contract Tower,19,83,12,6,120,0,3,11,4,18,19,86,23,10,138,0,0,0,138
07/08/2004,XNA,AR,ASW,CE,Federal Contract Tower,24,81,13,6,124,1,0,12,0,13,25,81,25,6,137,0,2,2,139
07/09/2004,XNA,AR,ASW,CE,Federal Contract Tower,19,81,12,0,112,0,5,10,0,15,19,86,22,0,127,0,0,0,127
07/10/2004,XNA,AR,ASW,CE,Federal Contract Tower,11,43,6,0,60,0,8,7,0,15,11,51,13,0,75,0,0,0,75
07/11/2004,XNA,AR,ASW,CE,Federal Contract Tower,14,53,7,0,74,0,12,8,0,20,14,65,15,0,94,0,0,0,94
07/12/2004,XNA,AR,ASW,CE,Federal Contract Tower,24,82,12,7,125,0,0,6,7,13,24,82,18,14,138,0,12,12,150
07/13/2004,XNA,AR,ASW,CE,Federal Contract Tower,26,84,13,8,131,0,0,13,10,23,26,84,26,18,154,0,14,14,168
07/14/2004,XNA,AR,ASW,CE,Federal Contract Tower,24,74,12,7,117,2,0,15,2,19,26,74,27,9,136,0,12,12,148
07/15/2004,XNA,AR,ASW,CE,Federal Contract Tower,25,81,12,7,125,1,0,8,6,15,26,81,20,13,140,0,12,12,152
07/16/2004,XNA,AR,ASW,CE,Federal Contract Tower,20,67,5,0,92,6,7,0,0,13,26,74,5,0,105,0,0,0,105
07/17/2004,XNA,AR,ASW,CE,Federal Contract Tower,14,44,6,5,69,0,0,4,4,8,14,44,10,9,77,0,16,16,93
07/18/2004,XNA,AR,ASW,CE,Federal Contract Tower,18,71,10,6,105,0,0,11,8,19,18,71,21,14,124,0,14,14,138
07/19/2004,XNA,AR,ASW,CE,Federal Contract Tower,26,83,12,8,129,0,0,9,10,19,26,83,21,18,148,0,4,4,152
07/20/2004,XNA,AR,ASW,CE,Federal Contract Tower,27,79,13,8,127,0,0,10,23,33,27,79,23,31,160,0,8,8,168
07/21/2004,XNA,AR,ASW,CE,Federal Contract Tower,26,81,12,8,127,0,0,9,9,18,26,81,21,17,145,2,22,24,169
07/22/2004,XNA,AR,ASW,CE,Federal Contract Tower,24,87,13,8,132,0,0,12,5,17,24,87,25,13,149,0,20,20,169
07/23/2004,XNA,AR,ASW,CE,Federal Contract Tower,22,76,10,2,110,3,2,3,0,8,25,78,13,2,118,0,0,0,118
07/24/2004,XNA,AR,ASW,CE,Federal Contract Tower,12,43,4,0,59,2,4,0,0,6,14,47,4,0,65,0,0,0,65
07/25/2004,XNA,AR,ASW,CE,Federal Contract Tower,17,65,9,0,91,0,4,3,0,7,17,69,12,0,98,0,0,0,98
07/26/2004,XNA,AR,ASW,CE,Federal Contract Tower,24,85,11,6,126,0,3,23,2,28,24,88,34,8,154,18,4,22,176
07/27/2004,XNA,AR,ASW,CE,Federal Contract Tower,23,79,11,0,113,3,8,16,0,27,26,87,27,0,140,0,0,0,140
07/28/2004,XNA,AR,ASW,CE,Federal Contract Tower,21,90,13,7,131,0,0,19,1,20,21,90,32,8,151,0,2,2,153
07/29/2004,XNA,AR,ASW,CE,Federal Contract Tower,24,87,12,0,123,0,3,5,0,8,24,90,17,0,131,0,0,0,131
07/30/2004,XNA,AR,ASW,CE,Federal Contract Tower,25,82,11,4,122,0,0,11,0,11,25,82,22,4,133,0,0,0,133
07/31/2004,XNA,AR,ASW,CE,Federal Contract Tower,13,45,6,0,64,0,4,11,0,15,13,49,17,0,79,0,0,0,79
08/01/2004,XNA,AR,ASW,CE,Federal Contract Tower,16,59,8,0,83,1,7,5,0,13,17,66,13,0,96,0,0,0,96
08/02/2004,XNA,AR,ASW,CE,Federal Contract Tower,21,80,11,2,114,1,0,17,0,18,22,80,28,2,132,4,8,12,144
08/03/2004,XNA,AR,ASW,CE,Federal Contract Tower,22,77,12,3,114,3,0,5,7,15,25,77,17,10,129,0,12,12,141
08/04/2004,XNA,AR,ASW,CE,Federal Contract Tower,22,81,11,2,116,4,0,11,0,15,26,81,22,2,131,34,0,34,165
08/05/2004,XNA,AR,ASW,CE,Federal Contract Tower,21,89,12,4,126,0,0,3,4,7,21,89,15,8,133,0,42,42,175
08/06/2004,XNA,AR,ASW,CE,Federal Contract Tower,21,78,12,3,114,3,0,1,7,11,24,78,13,10,125,34,0,34,159
08/07/2004,XNA,AR,ASW,CE,Federal Contract Tower,12,45,6,2,65,0,4,0,0,4,12,49,6,2,69,0,4,4,73
08/08/2004,XNA,AR,ASW,CE,Federal Contract Tower,15,65,9,3,92,0,2,14,2,18,15,67,23,5,110,0,2,2,112
08/09/2004,XNA,AR,ASW,CE,Federal Contract Tower,24,86,12,4,126,1,1,13,2,17,25,87,25,6,143,10,2,12,155
08/10/2004,XNA,AR,ASW,CE,Federal Contract Tower,23,81,12,0,116,0,0,19,0,19,23,81,31,0,135,0,0,0,135
08/11/2004,XNA,AR,ASW,CE,Federal Contract Tower,19,77,10,2,108,0,6,0,0,6,19,83,10,2,114,0,0,0,114
08/12/2004,XNA,AR,ASW,CE,Federal Contract Tower,23,81,11,5,120,0,0,16,5,21,23,81,27,10,141,12,8,20,161
08/13/2004,XNA,AR,ASW,CE,Federal Contract Tower,21,73,8,4,106,3,2,0,2,7,24,75,8,6,113,0,8,8,121
08/14/2004,XNA,AR,ASW,CE,Federal Contract Tower,12,49,6,0,67,0,0,13,0,13,12,49,19,0,80,0,0,0,80
08/15/2004,XNA,AR,ASW,CE,Federal Contract Tower,17,62,8,0,87,0,5,16,0,21,17,67,24,0,108,0,0,0,108
08/16/2004,XNA,AR,ASW,CE,Federal Contract Tower,20,73,9,0,102,0,10,3,0,13,20,83,12,0,115,4,0,4,119
08/17/2004,XNA,AR,ASW,CE,Federal Contract Tower,21,74,7,4,106,0,6,0,2,8,21,80,7,6,114,0,0,0,114
08/18/2004,XNA,AR,ASW,CE,Federal Contract Tower,23,83,11,5,122,0,0,5,5,10,23,83,16,10,132,0,30,30,162
08/19/2004,XNA,AR,ASW,CE,Federal Contract Tower,18,81,11,4,114,0,0,20,0,20,18,81,31,4,134,0,0,0,134
08/20/2004,XNA,AR,ASW,CE,Federal Contract Tower,22,81,10,0,113,0,0,7,0,7,22,81,17,0,120,0,0,0,120
08/21/2004,XNA,AR,ASW,CE,Federal Contract Tower,13,44,5,2,64,3,1,5,0,9,16,45,10,2,73,0,0,0,73
08/22/2004,XNA,AR,ASW,CE,Federal Contract Tower,17,62,8,0,87,0,5,2,0,7,17,67,10,0,94,0,0,0,94
08/23/2004,XNA,AR,ASW,CE,Federal Contract Tower,23,86,11,5,125,0,2,6,1,9,23,88,17,6,134,0,12,12,146
08/24/2004,XNA,AR,ASW,CE,Federal Contract Tower,25,83,12,5,125,1,0,7,6,14,26,83,19,11,139,0,30,30,169
08/25/2004,XNA,AR,ASW,CE,Federal Contract Tower,18,83,10,5,116,0,0,8,3,11,18,83,18,8,127,0,20,20,147
08/26/2004,XNA,AR,ASW,CE,Federal Contract Tower,24,86,11,3,124,0,0,11,0,11,24,86,22,3,135,0,0,0,135
08/27/2004,XNA,AR,ASW,CE,Federal Contract Tower,22,78,10,3,113,0,0,2,5,7,22,78,12,8,120,0,64,64,184
08/28/2004,XNA,AR,ASW,CE,Federal Contract Tower,13,47,5,0,65,3,0,1,0,4,16,47,6,0,69,0,0,0,69
08/29/2004,XNA,AR,ASW,CE,Federal Contract Tower,17,65,8,0,90,1,2,8,0,11,18,67,16,0,101,0,0,0,101
08/30/2004,XNA,AR,ASW,CE,Federal Contract Tower,21,76,10,0,107,2,4,3,0,9,23,80,13,0,116,0,0,0,116
08/31/2004,XNA,AR,ASW,CE,Federal Contract Tower,21,78,11,3,113,0,0,9,1,10,21,78,20,4,123,4,0,4,127
09/01/2004,XNA,AR,ASW,CE,Federal Contract Tower,22,81,15,9,127,0,0,1,12,13,22,81,16,21,140,0,111,111,251
09/02/2004,XNA,AR,ASW,CE,Federal Contract Tower,24,85,15,10,134,0,0,6,8,14,24,85,21,18,148,0,64,64,212
09/03/2004,XNA,AR,ASW,CE,Federal Contract Tower,24,76,13,9,122,1,9,6,0,16,25,85,19,9,138,0,10,10,148
09/04/2004,XNA,AR,ASW,CE,Federal Contract Tower,12,38,7,0,57,2,5,11,0,18,14,43,18,0,75,0,0,0,75
09/05/2004,XNA,AR,ASW,CE,Federal Contract Tower,10,35,6,0,51,3,2,2,0,7,13,37,8,0,58,0,0,0,58
09/06/2004,XNA,AR,ASW,CE,Federal Contract Tower,17,54,9,2,82,4,5,0,0,9,21,59,9,2,91,2,4,6,97
09/07/2004,XNA,AR,ASW,CE,Federal Contract Tower,25,85,15,8,133,1,9,4,0,14,26,94,19,8,147,0,28,28,175
09/08/2004,XNA,AR,ASW,CE,Federal Contract Tower,24,78,14,9,125,3,0,6,3,12,27,78,20,12,137,0,12,12,149
09/09/2004,XNA,AR,ASW,CE,Federal Contract Tower,28,91,16,11,146,0,0,7,3,10,28,91,23,14,156,2,38,40,196
09/10/2004,XNA,AR,ASW,CE,Federal Contract Tower,25,81,15,10,131,2,0,0,4,6,27,81,15,14,137,0,54,54,191
09/11/2004,XNA,AR,ASW,CE,Federal Contract Tower,18,50,10,4,82,1,0,14,0,15,19,50,24,4,97,0,0,0,97
09/12/2004,XNA,AR,ASW,CE,Federal Contract Tower,18,60,11,1,90,0,6,10,0,16,18,66,21,1,106,0,0,0,106
09/13/2004,XNA,AR,ASW,CE,Federal Contract Tower,27,82,13,0,122,1,11,1,0,13,28,93,14,0,135,0,0,0,135
09/14/2004,XNA,AR,ASW,CE,Federal Contract Tower,28,83,15,12,138,0,0,14,12,26,28,83,29,24,164,0,56,56,220
09/15/2004,XNA,AR,ASW,CE,Federal Contract Tower,25,81,15,11,132,0,0,13,7,20,25,81,28,18,152,0,152,152,304
09/16/2004,XNA,AR,ASW,CE,Federal Contract Tower,29,79,15,12,135,0,0,10,15,25,29,79,25,27,160,0,24,24,184
09/17/2004,XNA,AR,ASW,CE,Federal Contract Tower,27,80,13,10,130,1,0,5,6,12,28,80,18,16,142,6,0,6,148
09/18/2004,XNA,AR,ASW,CE,Federal Contract Tower,13,42,5,0,60,0,10,0,0,10,13,52,5,0,70,0,0,0,70
09/19/2004,XNA,AR,ASW,CE,Federal Contract Tower,20,59,9,1,89,1,9,11,0,21,21,68,20,1,110,4,0,4,114
09/20/2004,XNA,AR,ASW,CE,Federal Contract Tower,29,88,15,12,144,0,0,6,1,7,29,88,21,13,151,0,64,64,215
09/21/2004,XNA,AR,ASW,CE,Federal Contract Tower,28,85,15,11,139,0,0,13,11,24,28,85,28,22,163,0,38,38,201
09/22/2004,XNA,AR,ASW,CE,Federal Contract Tower,27,82,15,12,136,0,0,7,19,26,27,82,22,31,162,0,34,34,196
09/23/2004,XNA,AR,ASW,CE,Federal Contract Tower,29,86,15,11,141,0,0,2,7,9,29,86,17,18,150,0,38,38,188
09/24/2004,XNA,AR,ASW,CE,Federal Contract Tower,28,85,14,0,127,1,0,15,0,16,29,85,29,0,143,0,0,0,143
09/25/2004,XNA,AR,ASW,CE,Federal Contract Tower,15,46,7,0,68,5,2,3,0,10,20,48,10,0,78,2,0,2,80
09/26/2004,XNA,AR,ASW,CE,Federal Contract Tower,19,66,11,0,96,0,7,19,0,26,19,73,30,0,122,0,0,0,122
09/27/2004,XNA,AR,ASW,CE,Federal Contract Tower,26,85,14,4,129,2,1,16,0,19,28,86,30,4,148,0,4,4,152
09/28/2004,XNA,AR,ASW,CE,Federal Contract Tower,26,80,13,0,119,2,12,20,0,34,28,92,33,0,153,0,0,0,153
09/29/2004,XNA,AR,ASW,CE,Federal Contract Tower,28,87,14,0,129,1,10,9,0,20,29,97,23,0,149,0,0,0,149
09/30/2004,XNA,AR,ASW,CE,Federal Contract Tower,27,94,15,6,142,0,0,12,0,12,27,94,27,6,154,0,0,0,154
10/01/2004,XNA,AR,ASW,CE,Federal Contract Tower,26,87,12,9,134,0,2,6,1,9,26,89,18,10,143,0,8,8,151
10/02/2004,XNA,AR,ASW,CE,Federal Contract Tower,16,44,0,2,62,0,8,6,0,14,16,52,6,2,76,0,0,0,76
10/03/2004,XNA,AR,ASW,CE,Federal Contract Tower,17,76,6,0,99,0,0,13,0,13,17,76,19,0,112,0,0,0,112
10/04/2004,XNA,AR,ASW,CE,Federal Contract Tower,22,94,12,28,156,0,2,4,2,8,22,96,16,30,164,0,78,78,242
10/05/2004,XNA,AR,ASW,CE,Federal Contract Tower,26,92,12,24,154,0,4,15,1,20,26,96,27,25,174,0,86,86,260
10/06/2004,XNA,AR,ASW,CE,Federal Contract Tower,27,89,20,43,179,0,0,6,0,6,27,89,26,43,185,0,95,95,280
10/07/2004,XNA,AR,ASW,CE,Federal Contract Tower,25,96,13,0,134,0,4,2,0,6,25,100,15,0,140,0,0,0,140
10/08/2004,XNA,AR,ASW,CE,Federal Contract Tower,28,87,13,0,128,0,0,3,0,3,28,87,16,0,131,2,0,2,133
10/09/2004,XNA,AR,ASW,CE,Federal Contract Tower,15,51,12,0,78,0,2,8,0,10,15,53,20,0,88,0,0,0,88
10/10/2004,XNA,AR,ASW,CE,Federal Contract Tower,18,72,2,0,92,0,0,2,0,2,18,72,4,0,94,0,0,0,94
10/11/2004,XNA,AR,ASW,CE,Federal Contract Tower,25,88,9,2,124,0,0,0,0,0,25,88,9,2,124,0,0,0,124
10/12/2004,XNA,AR,ASW,CE,Federal Contract Tower,25,88,19,0,132,0,0,0,0,0,25,88,19,0,132,0,0,0,132
10/13/2004,XNA,AR,ASW,CE,Federal Contract Tower,25,91,22,4,142,0,0,15,0,15,25,91,37,4,157,0,0,0,157
10/14/2004,XNA,AR,ASW,CE,Federal Contract Tower,25,83,22,8,138,0,0,8,0,8,25,83,30,8,146,0,20,20,166
10/15/2004,XNA,AR,ASW,CE,Federal Contract Tower,27,77,13,21,138,0,0,7,2,9,27,77,20,23,147,0,54,54,201
10/16/2004,XNA,AR,ASW,CE,Federal Contract Tower,18,49,1,0,68,0,0,3,0,3,18,49,4,0,71,0,0,0,71
10/17/2004,XNA,AR,ASW,CE,Federal Contract Tower,23,72,7,2,104,0,0,6,0,6,23,72,13,2,110,0,2,2,112
10/18/2004,XNA,AR,ASW,CE,Federal Contract Tower,24,83,11,4,122,0,0,5,0,5,24,83,16,4,127,0,2,2,129
10/19/2004,XNA,AR,ASW,CE,Federal Contract Tower,23,78,25,4,130,0,0,9,0,9,23,78,34,4,139,0,0,0,139
10/20/2004,XNA,AR,ASW,CE,Federal Contract Tower,24,97,24,2,147,0,0,0,0,0,24,97,24,2,147,0,0,0,147
10/21/2004,XNA,AR,ASW,CE,Federal Contract Tower,26,93,20,0,139,0,0,0,0,0,26,93,20,0,139,0,0,0,139
10/22/2004,XNA,AR,ASW,CE,Federal Contract Tower,27,81,11,0,119,0,2,0,0,2,27,83,11,0,121,0,0,0,121
10/23/2004,XNA,AR,ASW,CE,Federal Contract Tower,15,49,10,0,74,0,0,5,0,5,15,49,15,0,79,0,0,0,79
10/24/2004,XNA,AR,ASW,CE,Federal Contract Tower,19,71,14,0,104,0,0,11,0,11,19,71,25,0,115,5,0,5,120
10/25/2004,XNA,AR,ASW,CE,Federal Contract Tower,25,82,17,13,137,0,6,4,0,10,25,88,21,13,147,0,20,20,167
10/26/2004,XNA,AR,ASW,CE,Federal Contract Tower,26,82,21,0,129,0,0,2,0,2,26,82,23,0,131,0,0,0,131
10/27/2004,XNA,AR,ASW,CE,Federal Contract Tower,25,81,13,9,128,0,0,6,0,6,25,81,19,9,134,0,52,52,186
10/28/2004,XNA,AR,ASW,CE,Federal Contract Tower,25,81,16,4,126,0,4,0,0,4,25,85,16,4,130,0,6,6,136
10/29/2004,XNA,AR,ASW,CE,Federal Contract Tower,24,80,13,12,129,0,0,1,0,1,24,80,14,12,130,0,4,4,134
10/30/2004,XNA,AR,ASW,CE,Federal Contract Tower,14,51,2,0,67,0,3,10,0,13,14,54,12,0,80,4,0,4,84
10/31/2004,XNA,AR,ASW,CE,Federal Contract Tower,17,70,3,0,90,0,0,0,0,0,17,70,3,0,90,0,0,0,90
11/01/2004,XNA,AR,ASW,CE,Federal Contract Tower,23,82,7,0,112,0,0,0,0,0,23,82,7,0,112,0,0,0,112
11/02/2004,XNA,AR,ASW,CE,Federal Contract Tower,25,90,8,4,127,0,0,1,0,1,25,90,9,4,128,0,36,36,164
11/03/2004,XNA,AR,ASW,CE,Federal Contract Tower,25,95,26,14,160,0,0,0,0,0,25,95,26,14,160,0,0,0,160
11/04/2004,XNA,AR,ASW,CE,Federal Contract Tower,26,99,33,19,177,0,1,6,0,7,26,100,39,19,184,0,0,0,184
11/05/2004,XNA,AR,ASW,CE,Federal Contract Tower,25,93,15,8,141,0,4,16,0,20,25,97,31,8,161,41,73,114,275
11/06/2004,XNA,AR,ASW,CE,Federal Contract Tower,17,53,7,0,77,0,0,12,2,14,17,53,19,2,91,0,0,0,91
11/07/2004,XNA,AR,ASW,CE,Federal Contract Tower,21,74,11,2,108,0,0,6,0,6,21,74,17,2,114,0,52,52,166
11/08/2004,XNA,AR,ASW,CE,Federal Contract Tower,29,84,9,22,144,0,0,5,2,7,29,84,14,24,151,0,58,58,209
11/09/2004,XNA,AR,ASW,CE,Federal Contract Tower,26,92,10,12,140,0,0,8,0,8,26,92,18,12,148,6,82,88,236
11/10/2004,XNA,AR,ASW,CE,Federal Contract Tower,24,97,20,0,141,0,0,3,0,3,24,97,23,0,144,0,0,0,144
11/11/2004,XNA,AR,ASW,CE,Federal Contract Tower,21,94,37,0,152,0,0,0,0,0,21,94,37,0,152,0,0,0,152
11/12/2004,XNA,AR,ASW,CE,Federal Contract Tower,24,88,11,9,132,0,0,5,1,6,24,88,16,10,138,2,20,22,160
11/13/2004,XNA,AR,ASW,CE,Federal Contract Tower,17,58,4,0,79,0,0,4,0,4,17,58,8,0,83,0,0,0,83
11/14/2004,XNA,AR,ASW,CE,Federal Contract Tower,20,80,13,2,115,0,2,0,0,2,20,82,13,2,117,0,0,0,117
11/15/2004,XNA,AR,ASW,CE,Federal Contract Tower,27,93,18,9,147,0,0,4,0,4,27,93,22,9,151,0,50,50,201
11/16/2004,XNA,AR,ASW,CE,Federal Contract Tower,25,94,15,0,134,0,0,2,0,2,25,94,17,0,136,0,0,0,136
11/17/2004,XNA,AR,ASW,CE,Federal Contract Tower,26,85,7,4,122,0,0,5,0,5,26,85,12,4,127,0,44,44,171
11/18/2004,XNA,AR,ASW,CE,Federal Contract Tower,24,90,12,0,126,0,0,1,0,1,24,90,13,0,127,0,0,0,127
11/19/2004,XNA,AR,ASW,CE,Federal Contract Tower,25,88,20,2,135,0,0,0,0,0,25,88,20,2,135,0,0,0,135
11/20/2004,XNA,AR,ASW,CE,Federal Contract Tower,16,59,4,0,79,0,0,2,0,2,16,59,6,0,81,0,0,0,81
11/21/2004,XNA,AR,ASW,CE,Federal Contract Tower,19,71,0,0,90,0,0,0,0,0,19,71,0,0,90,0,0,0,90
11/22/2004,XNA,AR,ASW,CE,Federal Contract Tower,21,89,13,0,123,0,0,0,0,0,21,89,13,0,123,0,0,0,123
11/23/2004,XNA,AR,ASW,CE,Federal Contract Tower,26,77,24,2,129,0,0,0,0,0,26,77,24,2,129,0,0,0,129
11/24/2004,XNA,AR,ASW,CE,Federal Contract Tower,23,78,7,2,110,0,0,6,0,6,23,78,13,2,116,0,8,8,124
11/25/2004,XNA,AR,ASW,CE,Federal Contract Tower,19,44,2,0,65,0,3,2,0,5,19,47,4,0,70,0,0,0,70
11/26/2004,XNA,AR,ASW,CE,Federal Contract Tower,22,54,3,0,79,0,2,5,0,7,22,56,8,0,86,0,0,0,86
11/27/2004,XNA,AR,ASW,CE,Federal Contract Tower,17,56,5,0,78,0,0,3,0,3,17,56,8,0,81,0,0,0,81
11/28/2004,XNA,AR,ASW,CE,Federal Contract Tower,23,82,10,0,115,0,4,5,0,9,23,86,15,0,124,0,0,0,124
11/29/2004,XNA,AR,ASW,CE,Federal Contract Tower,24,91,19,4,138,0,0,0,0,0,24,91,19,4,138,0,0,0,138
11/30/2004,XNA,AR,ASW,CE,Federal Contract Tower,22,90,7,0,119,0,0,0,0,0,22,90,7,0,119,0,0,0,119
12/01/2004,XNA,AR,ASW,CE,Federal Contract Tower,27,90,6,8,131,0,4,7,0,11,27,94,13,8,142,0,6,6,148
12/02/2004,XNA,AR,ASW,CE,Federal Contract Tower,26,102,15,7,150,0,0,15,0,15,26,102,30,7,165,0,16,16,181
12/03/2004,XNA,AR,ASW,CE,Federal Contract Tower,27,91,22,20,160,0,0,6,0,6,27,91,28,20,166,0,166,166,332
12/04/2004,XNA,AR,ASW,CE,Federal Contract Tower,19,46,0,0,65,0,0,10,0,10,19,46,10,0,75,2,0,2,77
12/05/2004,XNA,AR,ASW,CE,Federal Contract Tower,20,72,0,0,92,0,0,0,0,0,20,72,0,0,92,0,0,0,92
12/06/2004,XNA,AR,ASW,CE,Federal Contract Tower,21,83,23,58,185,0,0,0,0,0,21,83,23,58,185,0,78,78,263
12/07/2004,XNA,AR,ASW,CE,Federal Contract Tower,27,91,24,2,144,0,2,2,3,7,27,93,26,5,151,0,6,6,157
12/08/2004,XNA,AR,ASW,CE,Federal Contract Tower,26,82,6,5,119,0,6,7,0,13,26,88,13,5,132,0,58,58,190
12/09/2004,XNA,AR,ASW,CE,Federal Contract Tower,26,87,20,15,148,0,0,5,1,6,26,87,25,16,154,0,68,68,222
12/10/2004,XNA,AR,ASW,CE,Federal Contract Tower,22,86,11,11,130,0,0,2,0,2,22,86,13,11,132,0,30,30,162
12/11/2004,XNA,AR,ASW,CE,Federal Contract Tower,14,51,2,0,67,0,0,8,0,8,14,51,10,0,75,0,0,0,75
12/12/2004,XNA,AR,ASW,CE,Federal Contract Tower,20,64,5,14,103,0,0,0,0,0,20,64,5,14,103,0,8,8,111
12/13/2004,XNA,AR,ASW,CE,Federal Contract Tower,25,87,13,18,143,0,0,7,0,7,25,87,20,18,150,0,16,16,166
12/14/2004,XNA,AR,ASW,CE,Federal Contract Tower,24,102,19,5,150,0,0,1,0,1,24,102,20,5,151,0,58,58,209
12/15/2004,XNA,AR,ASW,CE,Federal Contract Tower,26,83,17,0,126,0,2,9,0,11,26,85,26,0,137,0,0,0,137
12/16/2004,XNA,AR,ASW,CE,Federal Contract Tower,24,94,15,27,160,0,0,14,0,14,24,94,29,27,174,0,11,11,185
12/17/2004,XNA,AR,ASW,CE,Federal Contract Tower,25,84,6,15,130,0,0,5,1,6,25,84,11,16,136,0,52,52,188
12/18/2004,XNA,AR,ASW,CE,Federal Contract Tower,15,48,4,1,68,0,0,6,0,6,15,48,10,1,74,0,0,0,74
12/19/2004,XNA,AR,ASW,CE,Federal Contract Tower,20,62,8,0,90,0,0,14,0,14,20,62,22,0,104,0,0,0,104
12/20/2004,XNA,AR,ASW,CE,Federal Contract Tower,23,82,10,0,115,0,4,2,0,6,23,86,12,0,121,0,0,0,121
12/21/2004,XNA,AR,ASW,CE,Federal Contract Tower,23,78,9,8,118,0,2,8,0,10,23,80,17,8,128,0,44,44,172
12/22/2004,XNA,AR,ASW,CE,Federal Contract Tower,16,73,12,0,101,0,0,0,0,0,16,73,12,0,101,0,0,0,101
12/23/2004,XNA,AR,ASW,CE,Federal Contract Tower,19,69,3,0,91,0,0,11,0,11,19,69,14,0,102,0,0,0,102
12/24/2004,XNA,AR,ASW,CE,Federal Contract Tower,21,50,6,0,77,0,0,10,0,10,21,50,16,0,87,0,0,0,87
12/25/2004,XNA,AR,ASW,CE,Federal Contract Tower,17,34,1,0,52,0,0,2,0,2,17,34,3,0,54,0,0,0,54
12/26/2004,XNA,AR,ASW,CE,Federal Contract Tower,18,59,2,0,79,0,0,7,0,7,18,59,9,0,86,0,0,0,86
12/27/2004,XNA,AR,ASW,CE,Federal Contract Tower,24,85,4,0,113,0,0,5,2,7,24,85,9,2,120,0,0,0,120
12/28/2004,XNA,AR,ASW,CE,Federal Contract Tower,22,81,11,0,114,0,0,5,0,5,22,81,16,0,119,0,0,0,119
12/29/2004,XNA,AR,ASW,CE,Federal Contract Tower,25,85,6,0,116,0,0,1,0,1,25,85,7,0,117,0,0,0,117
12/30/2004,XNA,AR,ASW,CE,Federal Contract Tower,20,83,3,0,106,0,0,2,0,2,20,83,5,0,108,0,0,0,108
12/31/2004,XNA,AR,ASW,CE,Federal Contract Tower,22,52,4,0,78,0,1,3,0,4,22,53,7,0,82,0,0,0,82
01/01/2005,XNA,AR,ASW,CE,Federal Contract Tower,13,44,2,0,59,0,0,4,0,4,13,44,6,0,63,4,0,4,67
01/02/2005,XNA,AR,ASW,CE,Federal Contract Tower,18,65,1,0,84,0,0,0,0,0,18,65,1,0,84,0,0,0,84
01/03/2005,XNA,AR,ASW,CE,Federal Contract Tower,19,81,7,0,107,0,0,0,0,0,19,81,7,0,107,0,0,0,107
01/04/2005,XNA,AR,ASW,CE,Federal Contract Tower,20,76,13,0,109,0,0,0,0,0,20,76,13,0,109,0,0,0,109
01/05/2005,XNA,AR,ASW,CE,Federal Contract Tower,22,75,22,0,119,0,0,0,0,0,22,75,22,0,119,0,0,0,119
01/06/2005,XNA,AR,ASW,CE,Federal Contract Tower,23,83,21,2,129,0,0,2,0,2,23,83,23,2,131,6,0,6,137
01/07/2005,XNA,AR,ASW,CE,Federal Contract Tower,22,79,5,0,106,0,2,5,0,7,22,81,10,0,113,0,0,0,113
01/08/2005,XNA,AR,ASW,CE,Federal Contract Tower,13,42,4,0,59,0,0,5,0,5,13,42,9,0,64,0,0,0,64
01/09/2005,XNA,AR,ASW,CE,Federal Contract Tower,15,64,4,0,83,0,2,4,2,8,15,66,8,2,91,0,0,0,91
01/10/2005,XNA,AR,ASW,CE,Federal Contract Tower,24,83,11,0,118,0,4,4,0,8,24,87,15,0,126,0,0,0,126
01/11/2005,XNA,AR,ASW,CE,Federal Contract Tower,23,82,25,16,146,0,0,1,0,1,23,82,26,16,147,0,12,12,159
01/12/2005,XNA,AR,ASW,CE,Federal Contract Tower,26,81,13,8,128,0,0,0,0,0,26,81,13,8,128,0,0,0,128
01/13/2005,XNA,AR,ASW,CE,Federal Contract Tower,22,76,23,6,127,0,0,6,0,6,22,76,29,6,133,10,12,22,155
01/14/2005,XNA,AR,ASW,CE,Federal Contract Tower,20,80,11,7,118,0,3,1,1,5,20,83,12,8,123,2,2,4,127
01/15/2005,XNA,AR,ASW,CE,Federal Contract Tower,16,47,8,8,79,0,0,6,0,6,16,47,14,8,85,0,68,68,153
01/16/2005,XNA,AR,ASW,CE,Federal Contract Tower,19,63,3,4,89,0,0,2,0,2,19,63,5,4,91,0,0,0,91
01/17/2005,XNA,AR,ASW,CE,Federal Contract Tower,22,84,24,0,130,0,0,0,0,0,22,84,24,0,130,0,0,0,130
01/18/2005,XNA,AR,ASW,CE,Federal Contract Tower,19,80,18,3,120,0,2,10,0,12,19,82,28,3,132,0,27,27,159
01/19/2005,XNA,AR,ASW,CE,Federal Contract Tower,25,77,23,9,134,0,0,8,2,10,25,77,31,11,144,0,28,28,172
01/20/2005,XNA,AR,ASW,CE,Federal Contract Tower,22,89,18,0,129,0,0,15,0,15,22,89,33,0,144,0,0,0,144
01/21/2005,XNA,AR,ASW,CE,Federal Contract Tower,21,80,20,16,137,0,0,9,0,9,21,80,29,16,146,0,28,28,174
01/22/2005,XNA,AR,ASW,CE,Federal Contract Tower,14,40,6,0,60,0,0,4,0,4,14,40,10,0,64,0,0,0,64
01/23/2005,XNA,AR,ASW,CE,Federal Contract Tower,18,65,6,6,95,0,0,0,0,0,18,65,6,6,95,0,18,18,113
01/24/2005,XNA,AR,ASW,CE,Federal Contract Tower,23,80,9,3,115,0,0,6,1,7,23,80,15,4,122,4,2,6,128
01/25/2005,XNA,AR,ASW,CE,Federal Contract Tower,28,74,21,8,131,0,2,10,0,12,28,76,31,8,143,16,62,78,221
01/26/2005,XNA,AR,ASW,CE,Federal Contract Tower,24,81,15,20,140,0,0,11,0,11,24,81,26,20,151,0,103,103,254
01/27/2005,XNA,AR,ASW,CE,Federal Contract Tower,25,82,12,6,125,0,2,10,0,12,25,84,22,6,137,0,34,34,171
01/28/2005,XNA,AR,ASW,CE,Federal Contract Tower,25,78,18,0,121,0,2,4,0,6,25,80,22,0,127,0,0,0,127
01/29/2005,XNA,AR,ASW,CE,Federal Contract Tower,13,41,10,0,64,0,0,0,0,0,13,41,10,0,64,0,0,0,64
01/30/2005,XNA,AR,ASW,CE,Federal Contract Tower,17,61,13,0,91,0,4,0,0,4,17,65,13,0,95,0,0,0,95
01/31/2005,XNA,AR,ASW,CE,Federal Contract Tower,22,85,11,0,118,0,0,0,0,0,22,85,11,0,118,0,0,0,118
02/01/2005,XNA,AR,ASW,CE,Federal Contract Tower,26,86,10,14,136,0,0,2,0,2,26,86,12,14,138,0,48,48,186
02/02/2005,XNA,AR,ASW,CE,Federal Contract Tower,23,97,27,4,151,0,0,0,0,0,23,97,27,4,151,0,0,0,151
02/03/2005,XNA,AR,ASW,CE,Federal Contract Tower,26,90,16,0,132,0,0,10,0,10,26,90,26,0,142,6,0,6,148
02/04/2005,XNA,AR,ASW,CE,Federal Contract Tower,27,90,13,8,138,0,1,3,0,4,27,91,16,8,142,0,54,54,196
02/05/2005,XNA,AR,ASW,CE,Federal Contract Tower,14,50,6,21,91,0,0,11,0,11,14,50,17,21,102,0,124,124,226
02/06/2005,XNA,AR,ASW,CE,Federal Contract Tower,17,67,2,0,86,0,0,0,0,0,17,67,2,0,86,0,0,0,86
02/07/2005,XNA,AR,ASW,CE,Federal Contract Tower,18,82,20,8,128,0,0,0,0,0,18,82,20,8,128,0,0,0,128
02/08/2005,XNA,AR,ASW,CE,Federal Contract Tower,20,83,18,2,123,0,0,0,0,0,20,83,18,2,123,0,0,0,123
02/09/2005,XNA,AR,ASW,CE,Federal Contract Tower,23,92,24,13,152,0,0,9,0,9,23,92,33,13,161,12,16,28,189
02/10/2005,XNA,AR,ASW,CE,Federal Contract Tower,23,93,12,8,136,0,0,9,1,10,23,93,21,9,146,0,26,26,172
02/11/2005,XNA,AR,ASW,CE,Federal Contract Tower,25,90,7,14,136,0,0,6,0,6,25,90,13,14,142,4,52,56,198
02/12/2005,XNA,AR,ASW,CE,Federal Contract Tower,16,50,4,0,70,0,2,0,0,2,16,52,4,0,72,0,0,0,72
02/13/2005,XNA,AR,ASW,CE,Federal Contract Tower,20,63,4,0,87,0,0,4,0,4,20,63,8,0,91,0,0,0,91
02/14/2005,XNA,AR,ASW,CE,Federal Contract Tower,20,84,7,14,125,0,0,10,0,10,20,84,17,14,135,0,40,40,175
02/15/2005,XNA,AR,ASW,CE,Federal Contract Tower,24,77,12,0,113,0,0,8,0,8,24,77,20,0,121,12,0,12,133
02/16/2005,XNA,AR,ASW,CE,Federal Contract Tower,25,84,18,23,150,1,0,9,4,14,26,84,27,27,164,0,34,34,198
02/17/2005,XNA,AR,ASW,CE,Federal Contract Tower,27,87,25,13,152,0,1,12,0,13,27,88,37,13,165,6,68,74,239
02/18/2005,XNA,AR,ASW,CE,Federal Contract Tower,27,82,4,4,117,0,8,12,0,20,27,90,16,4,137,0,1,1,138
02/19/2005,XNA,AR,ASW,CE,Federal Contract Tower,15,49,6,1,71,0,0,0,0,0,15,49,6,1,71,0,0,0,71
02/20/2005,XNA,AR,ASW,CE,Federal Contract Tower,19,60,2,0,81,0,0,4,0,4,19,60,6,0,85,0,0,0,85
02/21/2005,XNA,AR,ASW,CE,Federal Contract Tower,23,81,7,0,111,0,7,5,0,12,23,88,12,0,123,0,0,0,123
02/22/2005,XNA,AR,ASW,CE,Federal Contract Tower,25,86,20,6,137,0,0,4,0,4,25,86,24,6,141,0,16,16,157
02/23/2005,XNA,AR,ASW,CE,Federal Contract Tower,26,89,18,28,161,0,0,0,0,0,26,89,18,28,161,0,0,0,161
02/24/2005,XNA,AR,ASW,CE,Federal Contract Tower,29,87,19,14,149,0,1,0,0,1,29,88,19,14,150,0,26,26,176
02/25/2005,XNA,AR,ASW,CE,Federal Contract Tower,26,81,10,16,133,0,0,10,0,10,26,81,20,16,143,0,14,14,157
02/26/2005,XNA,AR,ASW,CE,Federal Contract Tower,13,48,7,2,70,0,0,13,0,13,13,48,20,2,83,0,4,4,87
02/27/2005,XNA,AR,ASW,CE,Federal Contract Tower,19,65,6,0,90,0,2,4,0,6,19,67,10,0,96,0,0,0,96
02/28/2005,XNA,AR,ASW,CE,Federal Contract Tower,26,82,6,0,114,0,4,4,0,8,26,86,10,0,122,0,0,0,122
03/01/2005,XNA,AR,ASW,CE,Federal Contract Tower,27,77,13,13,130,0,0,9,1,10,27,77,22,14,140,0,70,70,210
03/02/2005,XNA,AR,ASW,CE,Federal Contract Tower,32,85,10,18,145,0,2,5,0,7,32,87,15,18,152,0,34,34,186
03/03/2005,XNA,AR,ASW,CE,Federal Contract Tower,28,92,18,19,157,0,0,5,0,5,28,92,23,19,162,0,76,76,238
03/04/2005,XNA,AR,ASW,CE,Federal Contract Tower,27,88,17,18,150,0,2,13,0,15,27,90,30,18,165,0,84,84,249
03/05/2005,XNA,AR,ASW,CE,Federal Contract Tower,16,50,5,0,71,0,0,21,0,21,16,50,26,0,92,0,0,0,92
03/06/2005,XNA,AR,ASW,CE,Federal Contract Tower,18,69,9,1,97,0,4,6,0,10,18,73,15,1,107,0,0,0,107
03/07/2005,XNA,AR,ASW,CE,Federal Contract Tower,28,94,14,3,139,0,0,2,1,3,28,94,16,4,142,0,0,0,142
03/08/2005,XNA,AR,ASW,CE,Federal Contract Tower,26,91,10,4,131,0,6,7,0,13,26,97,17,4,144,0,36,36,180
03/09/2005,XNA,AR,ASW,CE,Federal Contract Tower,28,92,19,2,141,0,0,0,0,0,28,92,19,2,141,0,0,0,141
03/10/2005,XNA,AR,ASW,CE,Federal Contract Tower,29,94,21,13,157,0,0,10,0,10,29,94,31,13,167,8,36,44,211
03/11/2005,XNA,AR,ASW,CE,Federal Contract Tower,28,80,14,8,130,0,2,12,0,14,28,82,26,8,144,0,22,22,166
03/12/2005,XNA,AR,ASW,CE,Federal Contract Tower,15,54,2,0,71,0,2,56,0,58,15,56,58,0,129,0,0,0,129
03/13/2005,XNA,AR,ASW,CE,Federal Contract Tower,21,73,3,6,103,0,0,9,0,9,21,73,12,6,112,0,2,2,114
03/14/2005,XNA,AR,ASW,CE,Federal Contract Tower,28,85,7,30,150,0,2,14,2,18,28,87,21,32,168,4,162,166,334
03/15/2005,XNA,AR,ASW,CE,Federal Contract Tower,24,84,14,8,130,0,0,5,0,5,24,84,19,8,135,0,0,0,135
03/16/2005,XNA,AR,ASW,CE,Federal Contract Tower,27,90,11,20,148,0,3,4,0,7,27,93,15,20,155,0,140,140,295
03/17/2005,XNA,AR,ASW,CE,Federal Contract Tower,27,90,19,4,140,1,0,11,0,12,28,90,30,4,152,10,35,45,197
03/18/2005,XNA,AR,ASW,CE,Federal Contract Tower,25,87,6,1,119,0,8,7,1,16,25,95,13,2,135,0,32,32,167
03/19/2005,XNA,AR,ASW,CE,Federal Contract Tower,16,54,1,0,71,0,0,14,0,14,16,54,15,0,85,0,0,0,85
03/20/2005,XNA,AR,ASW,CE,Federal Contract Tower,20,68,5,6,99,0,2,19,0,21,20,70,24,6,120,0,0,0,120
03/21/2005,XNA,AR,ASW,CE,Federal Contract Tower,29,81,8,0,118,0,0,0,0,0,29,81,8,0,118,0,0,0,118
03/22/2005,XNA,AR,ASW,CE,Federal Contract Tower,27,86,11,0,124,0,4,2,0,6,27,90,13,0,130,0,0,0,130
03/23/2005,XNA,AR,ASW,CE,Federal Contract Tower,23,80,10,1,114,0,0,1,0,1,23,80,11,1,115,0,0,0,115
03/24/2005,XNA,AR,ASW,CE,Federal Contract Tower,26,91,17,26,160,0,0,5,0,5,26,91,22,26,165,0,112,112,277
03/25/2005,XNA,AR,ASW,CE,Federal Contract Tower,26,89,9,0,124,0,0,0,0,0,26,89,9,0,124,0,0,0,124
03/26/2005,XNA,AR,ASW,CE,Federal Contract Tower,15,56,4,0,75,0,0,0,0,0,15,56,4,0,75,0,0,0,75
03/27/2005,XNA,AR,ASW,CE,Federal Contract Tower,20,67,5,0,92,0,0,0,0,0,20,67,5,0,92,0,0,0,92
03/28/2005,XNA,AR,ASW,CE,Federal Contract Tower,28,76,7,2,113,0,4,20,0,24,28,80,27,2,137,0,0,0,137
03/29/2005,XNA,AR,ASW,CE,Federal Contract Tower,26,93,11,15,145,0,2,14,0,16,26,95,25,15,161,2,54,56,217
03/30/2005,XNA,AR,ASW,CE,Federal Contract Tower,24,90,15,2,131,0,6,5,0,11,24,96,20,2,142,0,12,12,154
03/31/2005,XNA,AR,ASW,CE,Federal Contract Tower,21,87,21,13,142,0,2,3,0,5,21,89,24,13,147,0,36,36,183
04/01/2005,XNA,AR,ASW,CE,Federal Contract Tower,26,82,18,0,126,0,0,4,0,4,26,82,22,0,130,0,0,0,130
04/02/2005,XNA,AR,ASW,CE,Federal Contract Tower,15,51,2,0,68,0,0,12,0,12,15,51,14,0,80,0,0,0,80
04/03/2005,XNA,AR,ASW,CE,Federal Contract Tower,17,65,8,0,90,0,2,14,0,16,17,67,22,0,106,0,0,0,106
04/04/2005,XNA,AR,ASW,CE,Federal Contract Tower,26,88,19,6,139,0,4,6,4,14,26,92,25,10,153,0,4,4,157
04/05/2005,XNA,AR,ASW,CE,Federal Contract Tower,23,86,12,14,135,0,2,1,0,3,23,88,13,14,138,0,68,68,206
04/06/2005,XNA,AR,ASW,CE,Federal Contract Tower,22,93,15,0,130,0,2,2,0,4,22,95,17,0,134,0,0,0,134
04/07/2005,XNA,AR,ASW,CE,Federal Contract Tower,21,85,20,2,128,0,0,0,0,0,21,85,20,2,128,0,0,0,128
04/08/2005,XNA,AR,ASW,CE,Federal Contract Tower,26,89,12,11,138,0,0,11,1,12,26,89,23,12,150,10,24,34,184
04/09/2005,XNA,AR,ASW,CE,Federal Contract Tower,15,56,3,0,74,0,2,0,0,2,15,58,3,0,76,0,0,0,76
04/10/2005,XNA,AR,ASW,CE,Federal Contract Tower,21,72,5,0,98,0,0,1,0,1,21,72,6,0,99,0,0,0,99
04/11/2005,XNA,AR,ASW,CE,Federal Contract Tower,25,92,19,6,142,0,0,1,0,1,25,92,20,6,143,6,14,20,163
04/12/2005,XNA,AR,ASW,CE,Federal Contract Tower,25,90,4,6,125,0,2,19,0,21,25,92,23,6,146,0,2,2,148
04/13/2005,XNA,AR,ASW,CE,Federal Contract Tower,26,95,22,20,163,0,0,3,0,3,26,95,25,20,166,0,1,1,167
04/14/2005,XNA,AR,ASW,CE,Federal Contract Tower,26,91,21,12,150,0,0,8,0,8,26,91,29,12,158,0,3,3,161
04/15/2005,XNA,AR,ASW,CE,Federal Contract Tower,26,99,32,8,165,0,0,8,0,8,26,99,40,8,173,0,4,4,177
04/16/2005,XNA,AR,ASW,CE,Federal Contract Tower,14,65,14,0,93,0,2,6,0,8,14,67,20,0,101,0,0,0,101
04/17/2005,XNA,AR,ASW,CE,Federal Contract Tower,21,79,9,2,111,0,0,0,0,0,21,79,9,2,111,0,0,0,111
04/18/2005,XNA,AR,ASW,CE,Federal Contract Tower,26,92,8,8,134,0,0,4,0,4,26,92,12,8,138,0,52,52,190
04/19/2005,XNA,AR,ASW,CE,Federal Contract Tower,27,90,16,14,147,0,10,7,0,17,27,100,23,14,164,0,88,88,252
04/20/2005,XNA,AR,ASW,CE,Federal Contract Tower,24,96,17,2,139,0,2,5,0,7,24,98,22,2,146,2,0,2,148
04/21/2005,XNA,AR,ASW,CE,Federal Contract Tower,26,94,23,0,143,0,0,6,0,6,26,94,29,0,149,0,0,0,149
04/22/2005,XNA,AR,ASW,CE,Federal Contract Tower,25,86,15,14,140,1,0,4,0,5,26,86,19,14,145,0,46,46,191
04/23/2005,XNA,AR,ASW,CE,Federal Contract Tower,16,54,6,0,76,0,2,1,0,3,16,56,7,0,79,0,0,0,79
04/24/2005,XNA,AR,ASW,CE,Federal Contract Tower,21,69,8,6,104,0,0,15,0,15,21,69,23,6,119,0,2,2,121
04/25/2005,XNA,AR,ASW,CE,Federal Contract Tower,24,86,6,4,120,0,0,1,0,1,24,86,7,4,121,0,40,40,161
04/26/2005,XNA,AR,ASW,CE,Federal Contract Tower,26,85,17,12,140,0,0,4,1,5,26,85,21,13,145,0,42,42,187
04/27/2005,XNA,AR,ASW,CE,Federal Contract Tower,27,91,20,18,156,0,2,23,0,25,27,93,43,18,181,0,152,152,333
04/28/2005,XNA,AR,ASW,CE,Federal Contract Tower,25,95,11,34,165,0,2,2,0,4,25,97,13,34,169,0,38,38,207
04/29/2005,XNA,AR,ASW,CE,Federal Contract Tower,26,97,6,6,135,0,0,0,0,0,26,97,6,6,135,0,0,0,135
04/30/2005,XNA,AR,ASW,CE,Federal Contract Tower,16,67,6,0,89,0,2,4,0,6,16,69,10,0,95,4,0,4,99
05/01/2005,XNA,AR,ASW,CE,Federal Contract Tower,21,71,9,0,101,0,0,13,0,13,21,71,22,0,114,0,0,0,114
05/02/2005,XNA,AR,ASW,CE,Federal Contract Tower,26,92,11,34,163,0,2,2,0,4,26,94,13,34,167,0,136,136,303
05/03/2005,XNA,AR,ASW,CE,Federal Contract Tower,25,97,7,22,151,0,0,5,0,5,25,97,12,22,156,0,104,104,260
05/04/2005,XNA,AR,ASW,CE,Federal Contract Tower,27,97,17,9,150,0,2,9,0,11,27,99,26,9,161,0,74,74,235
05/05/2005,XNA,AR,ASW,CE,Federal Contract Tower,25,91,12,6,134,0,0,10,0,10,25,91,22,6,144,0,36,36,180
05/06/2005,XNA,AR,ASW,CE,Federal Contract Tower,23,90,7,13,133,0,0,13,5,18,23,90,20,18,151,6,174,180,331
05/07/2005,XNA,AR,ASW,CE,Federal Contract Tower,16,56,3,0,75,0,6,4,0,10,16,62,7,0,85,0,0,0,85
05/08/2005,XNA,AR,ASW,CE,Federal Contract Tower,20,73,6,0,99,0,0,0,0,0,20,73,6,0,99,0,0,0,99
05/09/2005,XNA,AR,ASW,CE,Federal Contract Tower,27,95,11,8,141,0,1,6,0,7,27,96,17,8,148,0,16,16,164
05/10/2005,XNA,AR,ASW,CE,Federal Contract Tower,27,90,12,8,137,0,3,0,0,3,27,93,12,8,140,0,12,12,152
05/11/2005,XNA,AR,ASW,CE,Federal Contract Tower,19,90,19,8,136,0,4,12,0,16,19,94,31,8,152,10,48,58,210
05/12/2005,XNA,AR,ASW,CE,Federal Contract Tower,24,93,13,10,140,0,0,2,0,2,24,93,15,10,142,4,40,44,186
05/13/2005,XNA,AR,ASW,CE,Federal Contract Tower,22,95,7,0,124,0,0,1,0,1,22,95,8,0,125,0,0,0,125
05/14/2005,XNA,AR,ASW,CE,Federal Contract Tower,16,60,4,0,80,0,0,6,0,6,16,60,10,0,86,0,0,0,86
05/15/2005,XNA,AR,ASW,CE,Federal Contract Tower,21,73,2,0,96,0,0,5,0,5,21,73,7,0,101,0,0,0,101
05/16/2005,XNA,AR,ASW,CE,Federal Contract Tower,27,91,14,9,141,0,0,10,0,10,27,91,24,9,151,6,10,16,167
05/17/2005,XNA,AR,ASW,CE,Federal Contract Tower,27,91,23,14,155,0,0,11,0,11,27,91,34,14,166,0,0,0,166
05/18/2005,XNA,AR,ASW,CE,Federal Contract Tower,26,96,24,6,152,0,4,13,0,17,26,100,37,6,169,0,24,24,193
05/19/2005,XNA,AR,ASW,CE,Federal Contract Tower,27,88,20,20,155,0,4,6,0,10,27,92,26,20,165,0,66,66,231
05/20/2005,XNA,AR,ASW,CE,Federal Contract Tower,23,86,14,25,148,0,0,3,1,4,23,86,17,26,152,0,2,2,154
05/21/2005,XNA,AR,ASW,CE,Federal Contract Tower,19,55,9,0,83,0,2,6,0,8,19,57,15,0,91,0,0,0,91
05/22/2005,XNA,AR,ASW,CE,Federal Contract Tower,20,77,4,2,103,0,0,0,0,0,20,77,4,2,103,0,0,0,103
05/23/2005,XNA,AR,ASW,CE,Federal Contract Tower,23,96,12,4,135,0,4,2,0,6,23,100,14,4,141,0,4,4,145
05/24/2005,XNA,AR,ASW,CE,Federal Contract Tower,26,94,14,0,134,0,0,1,0,1,26,94,15,0,135,0,0,0,135
05/25/2005,XNA,AR,ASW,CE,Federal Contract Tower,28,92,20,10,150,0,12,8,0,20,28,104,28,10,170,0,86,86,256
05/26/2005,XNA,AR,ASW,CE,Federal Contract Tower,26,95,22,12,155,0,0,1,0,1,26,95,23,12,156,0,26,26,182
05/27/2005,XNA,AR,ASW,CE,Federal Contract Tower,25,88,12,0,125,0,0,6,0,6,25,88,18,0,131,0,0,0,131
05/28/2005,XNA,AR,ASW,CE,Federal Contract Tower,19,57,1,0,77,0,2,13,0,15,19,59,14,0,92,2,0,2,94
05/29/2005,XNA,AR,ASW,CE,Federal Contract Tower,27,64,5,0,96,0,2,1,0,3,27,66,6,0,99,0,0,0,99
05/30/2005,XNA,AR,ASW,CE,Federal Contract Tower,24,78,8,0,110,0,2,10,0,12,24,80,18,0,122,0,0,0,122
05/31/2005,XNA,AR,ASW,CE,Federal Contract Tower,25,94,3,2,124,0,0,4,0,4,25,94,7,2,128,0,2,2,130
06/01/2005,XNA,AR,ASW,CE,Federal Contract Tower,26,94,14,4,138,0,0,4,0,4,26,94,18,4,142,0,0,0,142
06/02/2005,XNA,AR,ASW,CE,Federal Contract Tower,20,93,21,19,153,0,0,2,0,2,20,93,23,19,155,0,6,6,161
06/03/2005,XNA,AR,ASW,CE,Federal Contract Tower,33,90,10,18,151,0,0,7,0,7,33,90,17,18,158,0,17,17,175
06/04/2005,XNA,AR,ASW,CE,Federal Contract Tower,29,59,3,0,91,0,2,9,0,11,29,61,12,0,102,0,0,0,102
06/05/2005,XNA,AR,ASW,CE,Federal Contract Tower,21,72,5,2,100,0,4,6,0,10,21,76,11,2,110,2,2,4,114
06/06/2005,XNA,AR,ASW,CE,Federal Contract Tower,22,84,10,9,125,0,0,4,0,4,22,84,14,9,129,0,60,60,189
06/07/2005,XNA,AR,ASW,CE,Federal Contract Tower,22,95,10,11,138,0,4,2,0,6,22,99,12,11,144,0,4,4,148
06/08/2005,XNA,AR,ASW,CE,Federal Contract Tower,21,102,15,13,151,0,2,15,0,17,21,104,30,13,168,2,22,24,192
06/09/2005,XNA,AR,ASW,CE,Federal Contract Tower,25,82,13,11,131,0,8,18,0,26,25,90,31,11,157,16,30,46,203
06/10/2005,XNA,AR,ASW,CE,Federal Contract Tower,19,79,3,0,101,0,4,7,0,11,19,83,10,0,112,0,0,0,112
06/11/2005,XNA,AR,ASW,CE,Federal Contract Tower,15,61,5,2,83,0,0,2,0,2,15,61,7,2,85,0,0,0,85
06/12/2005,XNA,AR,ASW,CE,Federal Contract Tower,18,73,4,2,97,0,4,29,0,33,18,77,33,2,130,0,0,0,130
06/13/2005,XNA,AR,ASW,CE,Federal Contract Tower,24,89,17,7,137,0,4,4,0,8,24,93,21,7,145,8,0,8,153
06/14/2005,XNA,AR,ASW,CE,Federal Contract Tower,23,94,23,4,144,0,4,18,0,22,23,98,41,4,166,0,0,0,166
06/15/2005,XNA,AR,ASW,CE,Federal Contract Tower,24,93,28,8,153,0,0,20,0,20,24,93,48,8,173,14,46,60,233
06/16/2005,XNA,AR,ASW,CE,Federal Contract Tower,23,94,11,4,132,0,0,7,0,7,23,94,18,4,139,2,0,2,141
06/17/2005,XNA,AR,ASW,CE,Federal Contract Tower,25,85,9,0,119,0,4,6,0,10,25,89,15,0,129,4,0,4,133
06/18/2005,XNA,AR,ASW,CE,Federal Contract Tower,16,54,4,0,74,0,10,30,0,40,16,64,34,0,114,0,0,0,114
06/19/2005,XNA,AR,ASW,CE,Federal Contract Tower,20,69,12,0,101,0,0,4,0,4,20,69,16,0,105,6,0,6,111
06/20/2005,XNA,AR,ASW,CE,Federal Contract Tower,23,87,5,8,123,0,0,19,2,21,23,87,24,10,144,0,32,32,176
06/21/2005,XNA,AR,ASW,CE,Federal Contract Tower,28,86,20,4,138,0,10,16,1,27,28,96,36,5,165,0,42,42,207
06/22/2005,XNA,AR,ASW,CE,Federal Contract Tower,27,89,29,2,147,0,4,15,0,19,27,93,44,2,166,14,0,14,180
06/23/2005,XNA,AR,ASW,CE,Federal Contract Tower,27,83,11,4,125,1,0,7,0,8,28,83,18,4,133,0,0,0,133
06/24/2005,XNA,AR,ASW,CE,Federal Contract Tower,23,86,12,4,125,0,5,6,0,11,23,91,18,4,136,0,0,0,136
06/25/2005,XNA,AR,ASW,CE,Federal Contract Tower,16,59,9,0,84,0,8,14,0,22,16,67,23,0,106,0,0,0,106
06/26/2005,XNA,AR,ASW,CE,Federal Contract Tower,22,68,8,0,98,0,10,2,0,12,22,78,10,0,110,0,0,0,110
06/27/2005,XNA,AR,ASW,CE,Federal Contract Tower,26,100,13,0,139,0,2,6,0,8,26,102,19,0,147,6,0,6,153
06/28/2005,XNA,AR,ASW,CE,Federal Contract Tower,21,91,18,13,143,0,0,12,5,17,21,91,30,18,160,6,54,60,220
06/29/2005,XNA,AR,ASW,CE,Federal Contract Tower,27,81,23,5,136,0,6,10,4,20,27,87,33,9,156,0,48,48,204
06/30/2005,XNA,AR,ASW,CE,Federal Contract Tower,28,87,19,10,144,0,0,10,6,16,28,87,29,16,160,0,108,108,268
07/01/2005,XNA,AR,ASW,CE,Federal Contract Tower,0,0,0,0,0,0,17,46,14,77,0,17,46,14,77,0,10,10,87
07/02/2005,XNA,AR,ASW,CE,Federal Contract Tower,15,56,3,0,74,0,4,25,0,29,15,60,28,0,103,2,0,2,105
07/03/2005,XNA,AR,ASW,CE,Federal Contract Tower,16,59,2,0,77,0,0,10,0,10,16,59,12,0,87,0,0,0,87
07/04/2005,XNA,AR,ASW,CE,Federal Contract Tower,19,78,0,0,97,0,2,5,0,7,19,80,5,0,104,0,0,0,104
07/05/2005,XNA,AR,ASW,CE,Federal Contract Tower,24,85,20,7,136,0,2,17,0,19,24,87,37,7,155,0,26,26,181
07/06/2005,XNA,AR,ASW,CE,Federal Contract Tower,20,92,7,12,131,0,2,14,0,16,20,94,21,12,147,0,54,54,201
07/07/2005,XNA,AR,ASW,CE,Federal Contract Tower,20,83,16,11,130,0,4,5,0,9,20,87,21,11,139,0,50,50,189
07/08/2005,XNA,AR,ASW,CE,Federal Contract Tower,22,81,9,10,122,0,2,14,1,17,22,83,23,11,139,0,54,54,193
07/09/2005,XNA,AR,ASW,CE,Federal Contract Tower,18,53,3,22,96,0,4,31,0,35,18,57,34,22,131,0,62,62,193
07/10/2005,XNA,AR,ASW,CE,Federal Contract Tower,21,73,6,30,130,0,7,15,0,22,21,80,21,30,152,0,24,24,176
07/11/2005,XNA,AR,ASW,CE,Federal Contract Tower,26,100,16,5,147,0,4,5,0,9,26,104,21,5,156,0,8,8,164
07/12/2005,XNA,AR,ASW,CE,Federal Contract Tower,23,97,15,16,151,0,10,14,0,24,23,107,29,16,175,0,0,0,175
07/13/2005,XNA,AR,ASW,CE,Federal Contract Tower,24,90,23,20,157,0,4,10,1,15,24,94,33,21,172,10,122,132,304
07/14/2005,XNA,AR,ASW,CE,Federal Contract Tower,21,84,7,4,116,1,0,8,0,9,22,84,15,4,125,0,28,28,153
07/15/2005,XNA,AR,ASW,CE,Federal Contract Tower,24,83,16,17,140,0,8,7,1,16,24,91,23,18,156,4,52,56,212
07/16/2005,XNA,AR,ASW,CE,Federal Contract Tower,16,52,3,0,71,0,0,2,0,2,16,52,5,0,73,0,0,0,73
07/17/2005,XNA,AR,ASW,CE,Federal Contract Tower,19,67,7,0,93,0,2,9,0,11,19,69,16,0,104,0,0,0,104
07/18/2005,XNA,AR,ASW,CE,Federal Contract Tower,26,81,9,2,118,0,0,11,0,11,26,81,20,2,129,14,0,14,143
07/19/2005,XNA,AR,ASW,CE,Federal Contract Tower,26,84,11,12,133,0,4,5,0,9,26,88,16,12,142,0,24,24,166
07/20/2005,XNA,AR,ASW,CE,Federal Contract Tower,24,89,11,6,130,0,2,8,0,10,24,91,19,6,140,2,0,2,142
07/21/2005,XNA,AR,ASW,CE,Federal Contract Tower,20,83,15,12,130,0,3,6,0,9,20,86,21,12,139,0,58,58,197
07/22/2005,XNA,AR,ASW,CE,Federal Contract Tower,22,87,13,8,130,0,2,10,0,12,22,89,23,8,142,0,4,4,146
07/23/2005,XNA,AR,ASW,CE,Federal Contract Tower,14,55,4,0,73,0,0,5,0,5,14,55,9,0,78,0,0,0,78
07/24/2005,XNA,AR,ASW,CE,Federal Contract Tower,19,70,5,0,94,0,0,8,0,8,19,70,13,0,102,0,0,0,102
07/25/2005,XNA,AR,ASW,CE,Federal Contract Tower,21,86,16,16,139,0,6,11,0,17,21,92,27,16,156,0,72,72,228
07/26/2005,XNA,AR,ASW,CE,Federal Contract Tower,24,81,18,9,132,0,0,2,0,2,24,81,20,9,134,0,28,28,162
07/27/2005,XNA,AR,ASW,CE,Federal Contract Tower,24,87,11,2,124,0,2,10,0,12,24,89,21,2,136,0,0,0,136
07/28/2005,XNA,AR,ASW,CE,Federal Contract Tower,26,87,31,17,161,0,3,14,0,17,26,90,45,17,178,0,62,62,240
07/29/2005,XNA,AR,ASW,CE,Federal Contract Tower,24,82,14,24,144,0,2,11,6,19,24,84,25,30,163,0,100,100,263
07/30/2005,XNA,AR,ASW,CE,Federal Contract Tower,15,54,0,2,71,0,6,8,0,14,15,60,8,2,85,0,2,2,87
07/31/2005,XNA,AR,ASW,CE,Federal Contract Tower,21,66,7,8,102,0,2,8,0,10,21,68,15,8,112,0,6,6,118
08/01/2005,XNA,AR,ASW,CE,Federal Contract Tower,24,81,12,9,126,0,2,14,0,16,24,83,26,9,142,0,14,14,156
08/02/2005,XNA,AR,ASW,CE,Federal Contract Tower,27,85,16,9,137,0,8,7,5,20,27,93,23,14,157,0,76,76,233
08/03/2005,XNA,AR,ASW,CE,Federal Contract Tower,24,90,9,6,129,0,2,2,0,4,24,92,11,6,133,0,64,64,197
08/04/2005,XNA,AR,ASW,CE,Federal Contract Tower,24,89,16,11,140,0,2,12,4,18,24,91,28,15,158,0,48,48,206
08/05/2005,XNA,AR,ASW,CE,Federal Contract Tower,22,84,10,6,122,0,4,6,0,10,22,88,16,6,132,0,0,0,132
08/06/2005,XNA,AR,ASW,CE,Federal Contract Tower,17,58,5,6,86,0,2,2,1,5,17,60,7,7,91,0,34,34,125
08/07/2005,XNA,AR,ASW,CE,Federal Contract Tower,18,65,2,2,87,0,0,11,0,11,18,65,13,2,98,0,0,0,98
08/08/2005,XNA,AR,ASW,CE,Federal Contract Tower,24,87,6,4,121,0,6,12,2,20,24,93,18,6,141,0,36,36,177
08/09/2005,XNA,AR,ASW,CE,Federal Contract Tower,23,89,23,4,139,0,7,19,0,26,23,96,42,4,165,0,0,0,165
08/10/2005,XNA,AR,ASW,CE,Federal Contract Tower,24,88,18,9,139,0,6,1,1,8,24,94,19,10,147,0,30,30,177
08/11/2005,XNA,AR,ASW,CE,Federal Contract Tower,0,0,0,0,0,0,0,0,0,0,0,0,0,0,0,0,0,0,0
08/12/2005,XNA,AR,ASW,CE,Federal Contract Tower,24,88,14,18,144,0,2,9,0,11,24,90,23,18,155,0,94,94,249
08/13/2005,XNA,AR,ASW,CE,Federal Contract Tower,12,56,8,0,76,0,6,9,0,15,12,62,17,0,91,0,0,0,91
08/14/2005,XNA,AR,ASW,CE,Federal Contract Tower,31,63,2,0,96,0,0,0,0,0,31,63,2,0,96,0,0,0,96
08/15/2005,XNA,AR,ASW,CE,Federal Contract Tower,21,80,9,3,113,0,0,7,0,7,21,80,16,3,120,0,0,0,120
08/16/2005,XNA,AR,ASW,CE,Federal Contract Tower,24,90,5,9,128,0,0,6,0,6,24,90,11,9,134,0,4,4,138
08/17/2005,XNA,AR,ASW,CE,Federal Contract Tower,25,87,22,0,134,0,0,7,0,7,25,87,29,0,141,0,0,0,141
08/18/2005,XNA,AR,ASW,CE,Federal Contract Tower,23,84,15,10,132,0,0,12,0,12,23,84,27,10,144,0,0,0,144
08/19/2005,XNA,AR,ASW,CE,Federal Contract Tower,24,83,18,6,131,0,8,2,0,10,24,91,20,6,141,0,20,20,161
08/20/2005,XNA,AR,ASW,CE,Federal Contract Tower,15,51,1,0,67,0,4,2,0,6,15,55,3,0,73,0,0,0,73
08/21/2005,XNA,AR,ASW,CE,Federal Contract Tower,21,63,4,2,90,0,0,6,0,6,21,63,10,2,96,6,0,6,102
08/22/2005,XNA,AR,ASW,CE,Federal Contract Tower,27,84,14,10,135,0,1,5,0,6,27,85,19,10,141,0,0,0,141
08/23/2005,XNA,AR,ASW,CE,Federal Contract Tower,29,81,24,15,149,0,0,16,0,16,29,81,40,15,165,8,10,18,183
08/24/2005,XNA,AR,ASW,CE,Federal Contract Tower,28,87,25,8,148,0,0,14,1,15,28,87,39,9,163,0,30,30,193
08/25/2005,XNA,AR,ASW,CE,Federal Contract Tower,25,90,18,10,143,0,0,12,4,16,25,90,30,14,159,0,38,38,197
08/26/2005,XNA,AR,ASW,CE,Federal Contract Tower,25,86,7,4,122,0,0,11,0,11,25,86,18,4,133,0,2,2,135
08/27/2005,XNA,AR,ASW,CE,Federal Contract Tower,17,51,5,0,73,0,2,7,0,9,17,53,12,0,82,0,0,0,82
08/28/2005,XNA,AR,ASW,CE,Federal Contract Tower,19,69,2,16,106,0,0,14,0,14,19,69,16,16,120,0,36,36,156
08/29/2005,XNA,AR,ASW,CE,Federal Contract Tower,27,87,7,24,145,0,2,6,1,9,27,89,13,25,154,0,80,80,234
08/30/2005,XNA,AR,ASW,CE,Federal Contract Tower,28,89,17,8,142,0,4,6,4,14,28,93,23,12,156,0,0,0,156
08/31/2005,XNA,AR,ASW,CE,Federal Contract Tower,33,81,12,13,139,0,0,10,0,10,33,81,22,13,149,8,6,14,163
09/01/2005,XNA,AR,ASW,CE,Federal Contract Tower,29,83,14,19,145,0,0,4,3,7,29,83,18,22,152,0,46,46,198
09/02/2005,XNA,AR,ASW,CE,Federal Contract Tower,22,82,13,10,127,0,4,22,2,28,22,86,35,12,155,0,24,24,179
09/03/2005,XNA,AR,ASW,CE,Federal Contract Tower,16,43,19,0,78,0,2,5,0,7,16,45,24,0,85,0,0,0,85
09/04/2005,XNA,AR,ASW,CE,Federal Contract Tower,16,50,10,0,76,0,1,3,0,4,16,51,13,0,80,0,0,0,80
09/05/2005,XNA,AR,ASW,CE,Federal Contract Tower,22,72,14,0,108,0,1,17,0,18,22,73,31,0,126,0,0,0,126
09/06/2005,XNA,AR,ASW,CE,Federal Contract Tower,32,86,6,11,135,0,4,23,1,28,32,90,29,12,163,8,12,20,183
09/07/2005,XNA,AR,ASW,CE,Federal Contract Tower,30,74,22,15,141,0,0,10,3,13,30,74,32,18,154,0,38,38,192
09/08/2005,XNA,AR,ASW,CE,Federal Contract Tower,27,93,22,17,159,0,2,13,0,15,27,95,35,17,174,0,50,50,224
09/09/2005,XNA,AR,ASW,CE,Federal Contract Tower,35,85,14,13,147,0,8,11,0,19,35,93,25,13,166,0,66,66,232
09/10/2005,XNA,AR,ASW,CE,Federal Contract Tower,18,45,2,2,67,0,2,6,0,8,18,47,8,2,75,0,0,0,75
09/11/2005,XNA,AR,ASW,CE,Federal Contract Tower,17,65,12,4,98,0,4,2,0,6,17,69,14,4,104,0,0,0,104
09/12/2005,XNA,AR,ASW,CE,Federal Contract Tower,33,79,12,14,138,0,2,6,0,8,33,81,18,14,146,0,84,84,230
09/13/2005,XNA,AR,ASW,CE,Federal Contract Tower,29,83,5,11,128,0,4,8,1,13,29,87,13,12,141,0,46,46,187
09/14/2005,XNA,AR,ASW,CE,Federal Contract Tower,27,83,13,0,123,0,0,2,0,2,27,83,15,0,125,0,0,0,125
09/15/2005,XNA,AR,ASW,CE,Federal Contract Tower,26,82,12,0,120,0,0,0,0,0,26,82,12,0,120,0,0,0,120
09/16/2005,XNA,AR,ASW,CE,Federal Contract Tower,23,84,18,8,133,0,6,8,0,14,23,90,26,8,147,0,0,0,147
09/17/2005,XNA,AR,ASW,CE,Federal Contract Tower,18,48,12,2,80,0,2,10,0,12,18,50,22,2,92,0,2,2,94
09/18/2005,XNA,AR,ASW,CE,Federal Contract Tower,25,65,21,0,111,0,0,24,0,24,25,65,45,0,135,0,0,0,135
09/19/2005,XNA,AR,ASW,CE,Federal Contract Tower,25,80,10,5,120,0,8,12,0,20,25,88,22,5,140,0,50,50,190
09/20/2005,XNA,AR,ASW,CE,Federal Contract Tower,27,86,17,14,144,0,2,18,0,20,27,88,35,14,164,0,76,76,240
09/21/2005,XNA,AR,ASW,CE,Federal Contract Tower,26,81,17,11,135,0,0,8,0,8,26,81,25,11,143,0,8,8,151
09/22/2005,XNA,AR,ASW,CE,Federal Contract Tower,27,78,13,24,142,0,0,0,3,3,27,78,13,27,145,0,52,52,197
09/23/2005,XNA,AR,ASW,CE,Federal Contract Tower,27,75,9,9,120,0,2,12,1,15,27,77,21,10,135,0,48,48,183
09/24/2005,XNA,AR,ASW,CE,Federal Contract Tower,15,45,7,6,73,0,4,6,0,10,15,49,13,6,83,2,0,2,85
09/25/2005,XNA,AR,ASW,CE,Federal Contract Tower,21,54,6,0,81,0,0,2,0,2,21,54,8,0,83,0,0,0,83
09/26/2005,XNA,AR,ASW,CE,Federal Contract Tower,27,81,12,6,126,0,0,8,0,8,27,81,20,6,134,0,2,2,136
09/27/2005,XNA,AR,ASW,CE,Federal Contract Tower,25,84,15,4,128,0,2,12,1,15,25,86,27,5,143,6,32,38,181
09/28/2005,XNA,AR,ASW,CE,Federal Contract Tower,25,83,17,18,143,0,0,2,0,2,25,83,19,18,145,0,24,24,169
09/29/2005,XNA,AR,ASW,CE,Federal Contract Tower,28,87,17,13,145,0,0,6,0,6,28,87,23,13,151,0,26,26,177
09/30/2005,XNA,AR,ASW,CE,Federal Contract Tower,28,81,12,4,125,0,0,12,0,12,28,81,24,4,137,0,4,4,141
10/01/2005,XNA,AR,ASW,CE,Federal Contract Tower,16,46,21,0,83,0,0,8,0,8,16,46,29,0,91,8,0,8,99
10/02/2005,XNA,AR,ASW,CE,Federal Contract Tower,18,69,19,2,108,0,0,16,0,16,18,69,35,2,124,0,0,0,124
10/03/2005,XNA,AR,ASW,CE,Federal Contract Tower,25,79,16,12,132,0,2,9,1,12,25,81,25,13,144,0,78,78,222
10/04/2005,XNA,AR,ASW,CE,Federal Contract Tower,23,80,17,14,134,0,0,11,0,11,23,80,28,14,145,0,52,52,197
10/05/2005,XNA,AR,ASW,CE,Federal Contract Tower,24,83,16,8,131,1,2,19,0,22,25,85,35,8,153,0,28,28,181
10/06/2005,XNA,AR,ASW,CE,Federal Contract Tower,24,83,21,12,140,0,4,10,0,14,24,87,31,12,154,2,18,20,174
10/07/2005,XNA,AR,ASW,CE,Federal Contract Tower,25,89,25,0,139,0,2,17,0,19,25,91,42,0,158,0,0,0,158
10/08/2005,XNA,AR,ASW,CE,Federal Contract Tower,12,50,5,0,67,0,0,7,0,7,12,50,12,0,74,0,0,0,74
10/09/2005,XNA,AR,ASW,CE,Federal Contract Tower,22,61,6,0,89,0,0,10,0,10,22,61,16,0,99,0,0,0,99
10/10/2005,XNA,AR,ASW,CE,Federal Contract Tower,26,80,3,0,109,0,0,2,0,2,26,80,5,0,111,0,0,0,111
10/11/2005,XNA,AR,ASW,CE,Federal Contract Tower,24,83,13,42,162,0,0,10,0,10,24,83,23,42,172,6,128,134,306
10/12/2005,XNA,AR,ASW,CE,Federal Contract Tower,25,85,17,6,133,0,2,15,0,17,25,87,32,6,150,4,6,10,160
10/13/2005,XNA,AR,ASW,CE,Federal Contract Tower,23,91,9,9,132,0,8,12,0,20,23,99,21,9,152,0,40,40,192
10/14/2005,XNA,AR,ASW,CE,Federal Contract Tower,27,87,9,6,129,0,0,10,0,10,27,87,19,6,139,0,45,45,184
10/15/2005,XNA,AR,ASW,CE,Federal Contract Tower,16,54,13,5,88,0,2,9,0,11,16,56,22,5,99,0,22,22,121
10/16/2005,XNA,AR,ASW,CE,Federal Contract Tower,19,66,7,4,96,0,3,11,0,14,19,69,18,4,110,0,0,0,110
10/17/2005,XNA,AR,ASW,CE,Federal Contract Tower,24,84,8,16,132,0,0,13,0,13,24,84,21,16,145,12,34,46,191
10/18/2005,XNA,AR,ASW,CE,Federal Contract Tower,26,83,14,5,128,0,2,26,2,30,26,85,40,7,158,0,8,8,166
10/19/2005,XNA,AR,ASW,CE,Federal Contract Tower,25,86,9,16,136,0,2,8,0,10,25,88,17,16,146,0,2,2,148
10/20/2005,XNA,AR,ASW,CE,Federal Contract Tower,25,88,24,11,148,0,0,5,6,11,25,88,29,17,159,0,36,36,195
10/21/2005,XNA,AR,ASW,CE,Federal Contract Tower,26,83,20,15,144,0,0,5,1,6,26,83,25,16,150,0,10,10,160
10/22/2005,XNA,AR,ASW,CE,Federal Contract Tower,18,52,11,6,87,0,0,9,0,9,18,52,20,6,96,0,4,4,100
10/23/2005,XNA,AR,ASW,CE,Federal Contract Tower,21,66,26,2,115,0,4,11,1,16,21,70,37,3,131,0,8,8,139
10/24/2005,XNA,AR,ASW,CE,Federal Contract Tower,26,82,13,24,145,0,2,7,0,9,26,84,20,24,154,0,2,2,156
10/25/2005,XNA,AR,ASW,CE,Federal Contract Tower,23,80,15,6,124,0,0,11,2,13,23,80,26,8,137,0,18,18,155
10/26/2005,XNA,AR,ASW,CE,Federal Contract Tower,26,85,12,11,134,0,0,8,3,11,26,85,20,14,145,2,22,24,169
10/27/2005,XNA,AR,ASW,CE,Federal Contract Tower,25,90,17,2,134,0,0,3,2,5,25,90,20,4,139,0,8,8,147
10/28/2005,XNA,AR,ASW,CE,Federal Contract Tower,28,86,17,9,140,0,0,18,21,39,28,86,35,30,179,13,56,69,248
10/29/2005,XNA,AR,ASW,CE,Federal Contract Tower,17,54,8,4,83,0,6,7,1,14,17,60,15,5,97,0,12,12,109
10/30/2005,XNA,AR,ASW,CE,Federal Contract Tower,22,63,12,0,97,0,0,3,0,3,22,63,15,0,100,0,0,0,100
10/31/2005,XNA,AR,ASW,CE,Federal Contract Tower,0,0,0,0,0,4,18,14,2,38,4,18,14,2,38,0,0,0,38
11/01/2005,XNA,AR,ASW,CE,Federal Contract Tower,26,78,7,8,119,0,2,7,2,11,26,80,14,10,130,2,10,12,142
11/02/2005,XNA,AR,ASW,CE,Federal Contract Tower,25,84,20,6,135,0,0,8,0,8,25,84,28,6,143,2,2,4,147
11/03/2005,XNA,AR,ASW,CE,Federal Contract Tower,26,78,20,11,135,0,0,8,0,8,26,78,28,11,143,1,34,35,178
11/04/2005,XNA,AR,ASW,CE,Federal Contract Tower,26,85,16,11,138,0,0,11,0,11,26,85,27,11,149,0,28,28,177
11/05/2005,XNA,AR,ASW,CE,Federal Contract Tower,21,42,4,4,71,0,0,5,1,6,21,42,9,5,77,0,0,0,77
11/06/2005,XNA,AR,ASW,CE,Federal Contract Tower,30,63,11,1,105,0,0,18,1,19,30,63,29,2,124,0,0,0,124
11/07/2005,XNA,AR,ASW,CE,Federal Contract Tower,21,84,9,8,122,0,2,8,0,10,21,86,17,8,132,0,20,20,152
11/08/2005,XNA,AR,ASW,CE,Federal Contract Tower,27,77,22,5,131,0,6,12,1,19,27,83,34,6,150,0,10,10,160
11/09/2005,XNA,AR,ASW,CE,Federal Contract Tower,26,83,12,39,160,0,2,6,0,8,26,85,18,39,168,8,106,114,282
11/10/2005,XNA,AR,ASW,CE,Federal Contract Tower,28,80,20,21,149,0,2,17,0,19,28,82,37,21,168,6,20,26,194
11/11/2005,XNA,AR,ASW,CE,Federal Contract Tower,24,80,8,2,114,0,0,3,0,3,24,80,11,2,117,0,0,0,117
11/12/2005,XNA,AR,ASW,CE,Federal Contract Tower,16,46,3,3,68,0,0,2,0,2,16,46,5,3,70,0,0,0,70
11/13/2005,XNA,AR,ASW,CE,Federal Contract Tower,23,61,8,0,92,0,4,18,0,22,23,65,26,0,114,0,0,0,114
11/14/2005,XNA,AR,ASW,CE,Federal Contract Tower,25,85,10,2,122,0,0,11,0,11,25,85,21,2,133,8,0,8,141
11/15/2005,XNA,AR,ASW,CE,Federal Contract Tower,27,73,11,1,112,0,2,2,0,4,27,75,13,1,116,0,0,0,116
11/16/2005,XNA,AR,ASW,CE,Federal Contract Tower,21,78,21,15,135,0,0,2,0,2,21,78,23,15,137,0,60,60,197
11/17/2005,XNA,AR,ASW,CE,Federal Contract Tower,22,84,13,24,143,0,0,11,2,13,22,84,24,26,156,2,58,60,216
11/18/2005,XNA,AR,ASW,CE,Federal Contract Tower,25,85,20,18,148,1,0,1,1,3,26,85,21,19,151,0,32,32,183
11/19/2005,XNA,AR,ASW,CE,Federal Contract Tower,13,50,10,5,78,0,0,6,0,6,13,50,16,5,84,4,2,6,90
11/20/2005,XNA,AR,ASW,CE,Federal Contract Tower,23,63,7,4,97,0,0,0,0,0,23,63,7,4,97,0,0,0,97
11/21/2005,XNA,AR,ASW,CE,Federal Contract Tower,0,0,0,0,0,0,0,0,0,0,0,0,0,0,0,0,0,0,0
11/22/2005,XNA,AR,ASW,CE,Federal Contract Tower,24,86,13,4,127,0,2,11,0,13,24,88,24,4,140,0,4,4,144
11/23/2005,XNA,AR,ASW,CE,Federal Contract Tower,24,81,16,4,125,0,2,14,0,16,24,83,30,4,141,0,42,42,183
11/24/2005,XNA,AR,ASW,CE,Federal Contract Tower,16,55,3,0,74,0,4,9,0,13,16,59,12,0,87,0,0,0,87
11/25/2005,XNA,AR,ASW,CE,Federal Contract Tower,15,74,1,0,90,0,0,9,0,9,15,74,10,0,99,0,0,0,99
11/26/2005,XNA,AR,ASW,CE,Federal Contract Tower,12,52,14,0,78,0,0,0,0,0,12,52,14,0,78,0,0,0,78
11/27/2005,XNA,AR,ASW,CE,Federal Contract Tower,21,83,3,0,107,0,0,0,0,0,21,83,3,0,107,0,0,0,107
11/28/2005,XNA,AR,ASW,CE,Federal Contract Tower,21,84,10,2,117,0,0,7,0,7,21,84,17,2,124,2,2,4,128
11/29/2005,XNA,AR,ASW,CE,Federal Contract Tower,26,80,16,5,127,0,0,15,0,15,26,80,31,5,142,0,80,80,222
11/30/2005,XNA,AR,ASW,CE,Federal Contract Tower,23,82,10,21,136,0,2,11,0,13,23,84,21,21,149,0,36,36,185
12/01/2005,XNA,AR,ASW,CE,Federal Contract Tower,22,85,13,26,146,0,0,13,0,13,22,85,26,26,159,0,24,24,183
12/02/2005,XNA,AR,ASW,CE,Federal Contract Tower,19,80,14,26,139,0,0,5,1,6,19,80,19,27,145,0,50,50,195
12/03/2005,XNA,AR,ASW,CE,Federal Contract Tower,12,39,7,10,68,0,0,0,0,0,12,39,7,10,68,0,34,34,102
12/04/2005,XNA,AR,ASW,CE,Federal Contract Tower,21,53,2,2,78,0,2,5,0,7,21,55,7,2,85,0,0,0,85
12/05/2005,XNA,AR,ASW,CE,Federal Contract Tower,19,85,21,17,142,0,6,5,0,11,19,91,26,17,153,0,22,22,175
12/06/2005,XNA,AR,ASW,CE,Federal Contract Tower,20,81,17,4,122,0,2,12,0,14,20,83,29,4,136,0,44,44,180
12/07/2005,XNA,AR,ASW,CE,Federal Contract Tower,14,81,10,3,108,0,0,6,1,7,14,81,16,4,115,0,0,0,115
12/08/2005,XNA,AR,ASW,CE,Federal Contract Tower,22,79,22,11,134,0,0,0,0,0,22,79,22,11,134,0,6,6,140
12/09/2005,XNA,AR,ASW,CE,Federal Contract Tower,18,74,17,2,111,0,0,3,0,3,18,74,20,2,114,0,48,48,162
12/10/2005,XNA,AR,ASW,CE,Federal Contract Tower,12,47,3,1,63,0,0,25,1,26,12,47,28,2,89,4,0,4,93
12/11/2005,XNA,AR,ASW,CE,Federal Contract Tower,24,62,4,0,90,0,0,16,0,16,24,62,20,0,106,0,0,0,106
12/12/2005,XNA,AR,ASW,CE,Federal Contract Tower,24,80,10,18,132,0,4,11,0,15,24,84,21,18,147,0,62,62,209
12/13/2005,XNA,AR,ASW,CE,Federal Contract Tower,23,76,25,20,144,0,4,11,0,15,23,80,36,20,159,8,40,48,207
12/14/2005,XNA,AR,ASW,CE,Federal Contract Tower,18,76,11,9,114,0,3,7,0,10,18,79,18,9,124,0,8,8,132
12/15/2005,XNA,AR,ASW,CE,Federal Contract Tower,20,74,16,4,114,0,2,11,0,13,20,76,27,4,127,0,0,0,127
12/16/2005,XNA,AR,ASW,CE,Federal Contract Tower,18,73,10,16,117,0,0,14,1,15,18,73,24,17,132,8,18,26,158
12/17/2005,XNA,AR,ASW,CE,Federal Contract Tower,14,50,0,4,68,0,0,4,0,4,14,50,4,4,72,0,48,48,120
12/18/2005,XNA,AR,ASW,CE,Federal Contract Tower,18,57,0,0,75,0,4,8,0,12,18,61,8,0,87,0,0,0,87
12/19/2005,XNA,AR,ASW,CE,Federal Contract Tower,19,84,11,11,125,0,2,2,0,4,19,86,13,11,129,0,30,30,159
12/20/2005,XNA,AR,ASW,CE,Federal Contract Tower,20,84,15,0,119,0,0,0,0,0,20,84,15,0,119,0,0,0,119
12/21/2005,XNA,AR,ASW,CE,Federal Contract Tower,24,78,8,4,114,0,0,10,0,10,24,78,18,4,124,0,0,0,124
12/22/2005,XNA,AR,ASW,CE,Federal Contract Tower,19,77,13,22,131,0,2,14,0,16,19,79,27,22,147,0,26,26,173
12/23/2005,XNA,AR,ASW,CE,Federal Contract Tower,19,77,0,0,96,0,0,7,0,7,19,77,7,0,103,4,0,4,107
12/24/2005,XNA,AR,ASW,CE,Federal Contract Tower,17,46,2,0,65,0,0,4,0,4,17,46,6,0,69,4,0,4,73
12/25/2005,XNA,AR,ASW,CE,Federal Contract Tower,15,42,2,0,59,0,0,0,0,0,15,42,2,0,59,0,0,0,59
12/26/2005,XNA,AR,ASW,CE,Federal Contract Tower,24,64,2,0,90,0,0,14,0,14,24,64,16,0,104,0,0,0,104
12/27/2005,XNA,AR,ASW,CE,Federal Contract Tower,24,68,7,2,101,0,4,8,0,12,24,72,15,2,113,0,0,0,113
12/28/2005,XNA,AR,ASW,CE,Federal Contract Tower,23,69,7,0,99,0,0,5,0,5,23,69,12,0,104,0,0,0,104
12/29/2005,XNA,AR,ASW,CE,Federal Contract Tower,25,68,10,4,107,0,6,11,0,17,25,74,21,4,124,0,18,18,142
12/30/2005,XNA,AR,ASW,CE,Federal Contract Tower,23,71,3,4,101,0,6,8,0,14,23,77,11,4,115,0,0,0,115
12/31/2005,XNA,AR,ASW,CE,Federal Contract Tower,15,43,2,0,60,0,4,2,0,6,15,47,4,0,66,0,0,0,66
01/01/2006,XNA,AR,ASW,CE,Federal Contract Tower,18,38,3,0,59,0,2,0,0,2,18,40,3,0,61,0,0,0,61
01/02/2006,XNA,AR,ASW,CE,Federal Contract Tower,21,60,6,0,87,0,0,2,0,2,21,60,8,0,89,0,0,0,89
01/03/2006,XNA,AR,ASW,CE,Federal Contract Tower,19,72,3,10,104,0,0,2,0,2,19,72,5,10,106,0,56,56,162
01/04/2006,XNA,AR,ASW,CE,Federal Contract Tower,24,65,5,12,106,0,9,8,4,21,24,74,13,16,127,2,48,50,177
01/05/2006,XNA,AR,ASW,CE,Federal Contract Tower,27,66,20,24,137,0,6,24,0,30,27,72,44,24,167,0,86,86,253
01/06/2006,XNA,AR,ASW,CE,Federal Contract Tower,27,69,12,9,117,0,0,3,1,4,27,69,15,10,121,0,8,8,129
01/07/2006,XNA,AR,ASW,CE,Federal Contract Tower,18,47,2,2,69,0,2,2,0,4,18,49,4,2,73,0,0,0,73
01/08/2006,XNA,AR,ASW,CE,Federal Contract Tower,19,52,3,4,78,0,4,4,0,8,19,56,7,4,86,0,0,0,86
01/09/2006,XNA,AR,ASW,CE,Federal Contract Tower,26,72,12,6,116,0,4,9,0,13,26,76,21,6,129,0,84,84,213
01/10/2006,XNA,AR,ASW,CE,Federal Contract Tower,26,70,11,0,107,0,2,0,0,2,26,72,11,0,109,0,0,0,109
01/11/2006,XNA,AR,ASW,CE,Federal Contract Tower,25,80,15,23,143,0,0,9,1,10,25,80,24,24,153,0,46,46,199
01/12/2006,XNA,AR,ASW,CE,Federal Contract Tower,25,71,14,21,131,0,4,6,0,10,25,75,20,21,141,0,102,102,243
01/13/2006,XNA,AR,ASW,CE,Federal Contract Tower,21,70,6,8,105,0,6,4,0,10,21,76,10,8,115,0,16,16,131
01/14/2006,XNA,AR,ASW,CE,Federal Contract Tower,15,46,0,2,63,0,0,18,2,20,15,46,18,4,83,0,0,0,83
01/15/2006,XNA,AR,ASW,CE,Federal Contract Tower,18,55,2,1,76,0,2,8,0,10,18,57,10,1,86,0,0,0,86
01/16/2006,XNA,AR,ASW,CE,Federal Contract Tower,21,70,3,1,95,0,0,14,0,14,21,70,17,1,109,0,0,0,109
01/17/2006,XNA,AR,ASW,CE,Federal Contract Tower,23,72,18,8,121,0,8,14,0,22,23,80,32,8,143,0,0,0,143
01/18/2006,XNA,AR,ASW,CE,Federal Contract Tower,24,76,20,5,125,0,0,21,0,21,24,76,41,5,146,0,2,2,148
01/19/2006,XNA,AR,ASW,CE,Federal Contract Tower,26,71,11,6,114,0,0,14,2,16,26,71,25,8,130,0,48,48,178
01/20/2006,XNA,AR,ASW,CE,Federal Contract Tower,25,69,4,10,108,0,4,10,0,14,25,73,14,10,122,0,0,0,122
01/21/2006,XNA,AR,ASW,CE,Federal Contract Tower,18,42,7,30,97,0,0,23,0,23,18,42,30,30,120,2,32,34,154
01/22/2006,XNA,AR,ASW,CE,Federal Contract Tower,14,63,0,6,83,0,0,8,0,8,14,63,8,6,91,0,0,0,91
01/23/2006,XNA,AR,ASW,CE,Federal Contract Tower,21,69,5,12,107,0,6,4,2,12,21,75,9,14,119,0,20,20,139
01/24/2006,XNA,AR,ASW,CE,Federal Contract Tower,26,69,13,12,120,0,8,35,5,48,26,77,48,17,168,0,40,40,208
01/25/2006,XNA,AR,ASW,CE,Federal Contract Tower,27,79,9,4,119,0,4,22,0,26,27,83,31,4,145,0,0,0,145
01/26/2006,XNA,AR,ASW,CE,Federal Contract Tower,23,80,13,38,154,0,0,6,0,6,23,80,19,38,160,0,82,82,242
01/27/2006,XNA,AR,ASW,CE,Federal Contract Tower,20,71,14,9,114,0,2,11,0,13,20,73,25,9,127,0,12,12,139
01/28/2006,XNA,AR,ASW,CE,Federal Contract Tower,17,44,7,0,68,0,0,0,0,0,17,44,7,0,68,0,0,0,68
01/29/2006,XNA,AR,ASW,CE,Federal Contract Tower,17,56,7,2,82,0,1,33,2,36,17,57,40,4,118,0,0,0,118
01/30/2006,XNA,AR,ASW,CE,Federal Contract Tower,19,81,8,15,123,0,4,16,1,21,19,85,24,16,144,0,26,26,170
01/31/2006,XNA,AR,ASW,CE,Federal Contract Tower,24,75,9,14,122,0,4,5,0,9,24,79,14,14,131,0,22,22,153
02/01/2006,XNA,AR,ASW,CE,Federal Contract Tower,22,71,16,3,112,0,0,23,3,26,22,71,39,6,138,0,0,0,138
02/02/2006,XNA,AR,ASW,CE,Federal Contract Tower,23,71,9,24,127,0,0,7,0,7,23,71,16,24,134,0,92,92,226
02/03/2006,XNA,AR,ASW,CE,Federal Contract Tower,25,65,12,17,119,0,2,8,0,10,25,67,20,17,129,0,36,36,165
02/04/2006,XNA,AR,ASW,CE,Federal Contract Tower,13,43,4,0,60,0,4,7,0,11,13,47,11,0,71,0,0,0,71
02/05/2006,XNA,AR,ASW,CE,Federal Contract Tower,19,47,3,11,80,0,0,12,0,12,19,47,15,11,92,0,38,38,130
02/06/2006,XNA,AR,ASW,CE,Federal Contract Tower,27,66,18,16,127,0,2,9,0,11,27,68,27,16,138,2,14,16,154
02/07/2006,XNA,AR,ASW,CE,Federal Contract Tower,24,69,15,5,113,0,0,14,1,15,24,69,29,6,128,0,8,8,136
02/08/2006,XNA,AR,ASW,CE,Federal Contract Tower,25,66,14,10,115,0,8,10,0,18,25,74,24,10,133,18,66,84,217
02/09/2006,XNA,AR,ASW,CE,Federal Contract Tower,26,72,26,15,139,0,6,15,0,21,26,78,41,15,160,2,20,22,182
02/10/2006,XNA,AR,ASW,CE,Federal Contract Tower,22,68,17,2,109,0,2,8,0,10,22,70,25,2,119,0,0,0,119
02/11/2006,XNA,AR,ASW,CE,Federal Contract Tower,15,46,3,0,64,0,8,1,0,9,15,54,4,0,73,0,0,0,73
02/12/2006,XNA,AR,ASW,CE,Federal Contract Tower,18,44,4,2,68,0,10,3,0,13,18,54,7,2,81,0,0,0,81
02/13/2006,XNA,AR,ASW,CE,Federal Contract Tower,0,0,0,0,0,4,22,61,102,189,4,22,61,102,189,108,94,202,391
02/14/2006,XNA,AR,ASW,CE,Federal Contract Tower,24,67,11,0,102,0,4,14,0,18,24,71,25,0,120,0,0,0,120
02/15/2006,XNA,AR,ASW,CE,Federal Contract Tower,26,66,15,27,134,0,0,2,2,4,26,66,17,29,138,0,36,36,174
02/16/2006,XNA,AR,ASW,CE,Federal Contract Tower,27,76,16,6,125,0,4,0,0,4,27,80,16,6,129,0,4,4,133
02/17/2006,XNA,AR,ASW,CE,Federal Contract Tower,19,66,12,8,105,0,10,9,0,19,19,76,21,8,124,0,32,32,156
02/18/2006,XNA,AR,ASW,CE,Federal Contract Tower,12,34,5,0,51,0,0,0,0,0,12,34,5,0,51,0,0,0,51
02/19/2006,XNA,AR,ASW,CE,Federal Contract Tower,20,43,8,0,71,0,4,0,0,4,20,47,8,0,75,0,0,0,75
02/20/2006,XNA,AR,ASW,CE,Federal Contract Tower,22,75,24,0,121,0,0,4,0,4,22,75,28,0,125,0,0,0,125
02/21/2006,XNA,AR,ASW,CE,Federal Contract Tower,23,79,21,2,125,0,0,3,0,3,23,79,24,2,128,0,20,20,148
02/22/2006,XNA,AR,ASW,CE,Federal Contract Tower,23,74,23,2,122,0,0,7,0,7,23,74,30,2,129,20,0,20,149
02/23/2006,XNA,AR,ASW,CE,Federal Contract Tower,23,74,15,10,122,0,0,13,1,14,23,74,28,11,136,0,2,2,138
02/24/2006,XNA,AR,ASW,CE,Federal Contract Tower,21,71,3,25,120,0,2,24,1,27,21,73,27,26,147,0,56,56,203
02/25/2006,XNA,AR,ASW,CE,Federal Contract Tower,12,38,7,2,59,0,0,4,0,4,12,38,11,2,63,0,32,32,95
02/26/2006,XNA,AR,ASW,CE,Federal Contract Tower,15,48,8,0,71,0,0,10,0,10,15,48,18,0,81,0,0,0,81
02/27/2006,XNA,AR,ASW,CE,Federal Contract Tower,19,73,5,3,100,0,2,4,0,6,19,75,9,3,106,0,0,0,106
02/28/2006,XNA,AR,ASW,CE,Federal Contract Tower,20,80,16,18,134,0,10,15,1,26,20,90,31,19,160,0,54,54,214
03/01/2006,XNA,AR,ASW,CE,Federal Contract Tower,22,73,10,9,114,0,6,13,4,23,22,79,23,13,137,0,22,22,159
03/02/2006,XNA,AR,ASW,CE,Federal Contract Tower,19,72,12,12,115,0,0,14,2,16,19,72,26,14,131,4,33,37,168
03/03/2006,XNA,AR,ASW,CE,Federal Contract Tower,20,75,7,8,110,0,2,6,0,8,20,77,13,8,118,2,16,18,136
03/04/2006,XNA,AR,ASW,CE,Federal Contract Tower,18,41,2,0,61,0,0,8,0,8,18,41,10,0,69,0,0,0,69
03/05/2006,XNA,AR,ASW,CE,Federal Contract Tower,17,43,7,0,67,0,2,3,0,5,17,45,10,0,72,0,0,0,72
03/06/2006,XNA,AR,ASW,CE,Federal Contract Tower,0,0,0,0,0,0,0,0,0,0,0,0,0,0,0,0,0,0,0
03/07/2006,XNA,AR,ASW,CE,Federal Contract Tower,20,77,16,12,125,0,3,25,0,28,20,80,41,12,153,0,22,22,175
03/08/2006,XNA,AR,ASW,CE,Federal Contract Tower,23,72,20,2,117,0,0,3,0,3,23,72,23,2,120,0,2,2,122
03/09/2006,XNA,AR,ASW,CE,Federal Contract Tower,24,69,15,6,114,0,0,4,0,4,24,69,19,6,118,0,0,0,118
03/10/2006,XNA,AR,ASW,CE,Federal Contract Tower,18,75,18,23,134,0,2,14,0,16,18,77,32,23,150,4,48,52,202
03/11/2006,XNA,AR,ASW,CE,Federal Contract Tower,13,45,2,0,60,0,0,6,0,6,13,45,8,0,66,0,0,0,66
03/12/2006,XNA,AR,ASW,CE,Federal Contract Tower,17,49,13,2,81,0,6,0,0,6,17,55,13,2,87,0,0,0,87
03/13/2006,XNA,AR,ASW,CE,Federal Contract Tower,19,70,15,24,128,0,23,62,0,85,19,93,77,24,213,0,10,10,223
03/14/2006,XNA,AR,ASW,CE,Federal Contract Tower,21,80,12,38,151,0,0,41,1,42,21,80,53,39,193,4,38,42,235
03/15/2006,XNA,AR,ASW,CE,Federal Contract Tower,24,75,9,21,129,0,0,15,4,19,24,75,24,25,148,0,34,34,182
03/16/2006,XNA,AR,ASW,CE,Federal Contract Tower,18,69,12,11,110,0,6,18,0,24,18,75,30,11,134,0,22,22,156
03/17/2006,XNA,AR,ASW,CE,Federal Contract Tower,20,73,17,8,118,0,0,5,3,8,20,73,22,11,126,0,26,26,152
03/18/2006,XNA,AR,ASW,CE,Federal Contract Tower,18,38,8,0,64,0,0,0,0,0,18,38,8,0,64,0,0,0,64
03/19/2006,XNA,AR,ASW,CE,Federal Contract Tower,14,47,9,4,74,0,2,0,0,2,14,49,9,4,76,0,0,0,76
03/20/2006,XNA,AR,ASW,CE,Federal Contract Tower,20,78,20,0,118,0,1,0,0,1,20,79,20,0,119,0,0,0,119
03/21/2006,XNA,AR,ASW,CE,Federal Contract Tower,20,75,22,1,118,0,0,0,0,0,20,75,22,1,118,0,0,0,118
03/22/2006,XNA,AR,ASW,CE,Federal Contract Tower,22,82,17,26,147,0,0,3,1,4,22,82,20,27,151,0,0,0,151
03/23/2006,XNA,AR,ASW,CE,Federal Contract Tower,23,73,14,3,113,0,0,7,1,8,23,73,21,4,121,0,0,0,121
03/24/2006,XNA,AR,ASW,CE,Federal Contract Tower,29,77,16,17,139,0,6,7,0,13,29,83,23,17,152,2,18,20,172
03/25/2006,XNA,AR,ASW,CE,Federal Contract Tower,17,45,7,29,98,0,0,21,0,21,17,45,28,29,119,0,10,10,129
03/26/2006,XNA,AR,ASW,CE,Federal Contract Tower,20,47,9,13,89,0,0,12,1,13,20,47,21,14,102,0,0,0,102
03/27/2006,XNA,AR,ASW,CE,Federal Contract Tower,22,76,14,2,114,0,2,10,0,12,22,78,24,2,126,0,10,10,136
03/28/2006,XNA,AR,ASW,CE,Federal Contract Tower,21,77,18,24,140,0,4,11,1,16,21,81,29,25,156,0,114,114,270
03/29/2006,XNA,AR,ASW,CE,Federal Contract Tower,23,79,19,21,142,0,2,4,0,6,23,81,23,21,148,0,59,59,207
03/30/2006,XNA,AR,ASW,CE,Federal Contract Tower,22,74,17,2,115,0,0,8,0,8,22,74,25,2,123,0,0,0,123
03/31/2006,XNA,AR,ASW,CE,Federal Contract Tower,22,64,18,22,126,0,7,17,2,26,22,71,35,24,152,0,130,130,282
04/01/2006,XNA,AR,ASW,CE,Federal Contract Tower,17,44,0,0,61,0,0,3,0,3,17,44,3,0,64,0,0,0,64
04/02/2006,XNA,AR,ASW,CE,Federal Contract Tower,19,47,10,0,76,0,0,4,0,4,19,47,14,0,80,2,0,2,82
04/03/2006,XNA,AR,ASW,CE,Federal Contract Tower,19,74,11,12,116,0,2,22,0,24,19,76,33,12,140,0,58,58,198
04/04/2006,XNA,AR,ASW,CE,Federal Contract Tower,23,78,11,16,128,0,4,10,3,17,23,82,21,19,145,1,25,26,171
04/05/2006,XNA,AR,ASW,CE,Federal Contract Tower,23,76,15,4,118,0,2,4,0,6,23,78,19,4,124,12,0,12,136
04/06/2006,XNA,AR,ASW,CE,Federal Contract Tower,18,82,10,2,112,0,0,3,0,3,18,82,13,2,115,0,0,0,115
04/07/2006,XNA,AR,ASW,CE,Federal Contract Tower,25,70,7,10,112,0,0,7,0,7,25,70,14,10,119,2,2,4,123
04/08/2006,XNA,AR,ASW,CE,Federal Contract Tower,14,45,5,7,71,0,0,5,0,5,14,45,10,7,76,0,0,0,76
04/09/2006,XNA,AR,ASW,CE,Federal Contract Tower,21,55,5,2,83,0,4,7,0,11,21,59,12,2,94,0,0,0,94
04/10/2006,XNA,AR,ASW,CE,Federal Contract Tower,23,77,16,7,123,0,8,13,0,21,23,85,29,7,144,0,0,0,144
04/11/2006,XNA,AR,ASW,CE,Federal Contract Tower,22,72,19,23,136,0,6,23,0,29,22,78,42,23,165,0,13,13,178
04/12/2006,XNA,AR,ASW,CE,Federal Contract Tower,21,78,19,2,120,0,4,11,0,15,21,82,30,2,135,0,0,0,135
04/13/2006,XNA,AR,ASW,CE,Federal Contract Tower,17,81,17,8,123,0,2,23,0,25,17,83,40,8,148,0,0,0,148
04/14/2006,XNA,AR,ASW,CE,Federal Contract Tower,19,74,11,8,112,0,6,5,0,11,19,80,16,8,123,0,10,10,133
04/15/2006,XNA,AR,ASW,CE,Federal Contract Tower,14,50,3,2,69,0,0,20,0,20,14,50,23,2,89,0,2,2,91
04/16/2006,XNA,AR,ASW,CE,Federal Contract Tower,0,0,0,0,0,0,0,0,0,0,0,0,0,0,0,0,0,0,0
04/17/2006,XNA,AR,ASW,CE,Federal Contract Tower,17,86,3,22,128,0,4,13,1,18,17,90,16,23,146,0,132,132,278
04/18/2006,XNA,AR,ASW,CE,Federal Contract Tower,25,72,16,17,130,0,2,20,2,24,25,74,36,19,154,0,86,86,240
04/19/2006,XNA,AR,ASW,CE,Federal Contract Tower,23,72,14,21,130,0,2,19,0,21,23,74,33,21,151,0,42,42,193
04/20/2006,XNA,AR,ASW,CE,Federal Contract Tower,24,73,17,2,116,0,6,19,0,25,24,79,36,2,141,0,30,30,171
04/21/2006,XNA,AR,ASW,CE,Federal Contract Tower,21,76,11,13,121,0,6,16,3,25,21,82,27,16,146,1,27,28,174
04/22/2006,XNA,AR,ASW,CE,Federal Contract Tower,16,51,8,0,75,0,4,18,0,22,16,55,26,0,97,0,0,0,97
04/23/2006,XNA,AR,ASW,CE,Federal Contract Tower,18,53,4,2,77,0,2,15,0,17,18,55,19,2,94,0,0,0,94
04/24/2006,XNA,AR,ASW,CE,Federal Contract Tower,22,75,7,0,104,0,2,3,0,5,22,77,10,0,109,0,0,0,109
04/25/2006,XNA,AR,ASW,CE,Federal Contract Tower,24,73,19,0,116,0,0,3,0,3,24,73,22,0,119,0,0,0,119
04/26/2006,XNA,AR,ASW,CE,Federal Contract Tower,23,71,24,10,128,0,2,4,0,6,23,73,28,10,134,0,0,0,134
04/27/2006,XNA,AR,ASW,CE,Federal Contract Tower,23,74,21,13,131,0,2,34,0,36,23,76,55,13,167,0,0,0,167
04/28/2006,XNA,AR,ASW,CE,Federal Contract Tower,21,69,15,0,105,0,0,4,0,4,21,69,19,0,109,0,0,0,109
04/29/2006,XNA,AR,ASW,CE,Federal Contract Tower,14,49,2,0,65,0,0,0,0,0,14,49,2,0,65,0,0,0,65
04/30/2006,XNA,AR,ASW,CE,Federal Contract Tower,20,53,2,0,75,0,4,6,0,10,20,57,8,0,85,0,0,0,85
05/01/2006,XNA,AR,ASW,CE,Federal Contract Tower,15,75,14,16,120,2,6,8,1,17,17,81,22,17,137,0,34,34,171
05/02/2006,XNA,AR,ASW,CE,Federal Contract Tower,22,71,13,6,112,0,0,18,0,18,22,71,31,6,130,0,0,0,130
05/03/2006,XNA,AR,ASW,CE,Federal Contract Tower,19,75,16,11,121,0,4,0,0,4,19,79,16,11,125,0,0,0,125
05/04/2006,XNA,AR,ASW,CE,Federal Contract Tower,21,74,12,3,110,0,0,0,0,0,21,74,12,3,110,0,0,0,110
05/05/2006,XNA,AR,ASW,CE,Federal Contract Tower,24,72,6,37,139,0,2,16,0,18,24,74,22,37,157,0,76,76,233
05/06/2006,XNA,AR,ASW,CE,Federal Contract Tower,13,45,8,12,78,0,0,2,0,2,13,45,10,12,80,0,0,0,80
05/07/2006,XNA,AR,ASW,CE,Federal Contract Tower,21,52,5,4,82,0,6,2,0,8,21,58,7,4,90,6,0,6,96
05/08/2006,XNA,AR,ASW,CE,Federal Contract Tower,22,76,20,16,134,0,2,5,2,9,22,78,25,18,143,0,16,16,159
05/09/2006,XNA,AR,ASW,CE,Federal Contract Tower,23,72,14,0,109,0,2,11,0,13,23,74,25,0,122,8,0,8,130
05/10/2006,XNA,AR,ASW,CE,Federal Contract Tower,19,79,13,3,114,0,0,0,0,0,19,79,13,3,114,0,0,0,114
05/11/2006,XNA,AR,ASW,CE,Federal Contract Tower,21,74,20,3,118,0,4,19,1,24,21,78,39,4,142,0,0,0,142
05/12/2006,XNA,AR,ASW,CE,Federal Contract Tower,18,75,9,4,106,0,4,28,2,34,18,79,37,6,140,0,2,2,142
05/13/2006,XNA,AR,ASW,CE,Federal Contract Tower,12,43,3,0,58,0,6,12,0,18,12,49,15,0,76,2,0,2,78
05/14/2006,XNA,AR,ASW,CE,Federal Contract Tower,18,55,3,2,78,0,4,20,0,24,18,59,23,2,102,0,10,10,112
05/15/2006,XNA,AR,ASW,CE,Federal Contract Tower,0,17,26,89,132,0,0,37,32,69,0,17,63,121,201,21,73,94,295
05/16/2006,XNA,AR,ASW,CE,Federal Contract Tower,21,73,5,20,119,0,0,4,0,4,21,73,9,20,123,0,80,80,203
05/17/2006,XNA,AR,ASW,CE,Federal Contract Tower,20,72,10,20,122,0,0,5,0,5,20,72,15,20,127,0,108,108,235
05/18/2006,XNA,AR,ASW,CE,Federal Contract Tower,20,70,19,33,142,0,4,28,0,32,20,74,47,33,174,0,170,170,344
05/19/2006,XNA,AR,ASW,CE,Federal Contract Tower,20,71,17,0,108,0,0,16,0,16,20,71,33,0,124,0,0,0,124
05/20/2006,XNA,AR,ASW,CE,Federal Contract Tower,17,42,4,4,67,0,4,15,0,19,17,46,19,4,86,0,14,14,100
05/21/2006,XNA,AR,ASW,CE,Federal Contract Tower,20,52,8,3,83,0,11,10,1,22,20,63,18,4,105,0,0,0,105
05/22/2006,XNA,AR,ASW,CE,Federal Contract Tower,23,72,12,18,125,0,4,11,0,15,23,76,23,18,140,0,54,54,194
05/23/2006,XNA,AR,ASW,CE,Federal Contract Tower,22,79,20,17,138,0,7,15,1,23,22,86,35,18,161,0,66,66,227
05/24/2006,XNA,AR,ASW,CE,Federal Contract Tower,16,77,19,22,134,0,2,14,0,16,16,79,33,22,150,0,150,150,300
05/25/2006,XNA,AR,ASW,CE,Federal Contract Tower,21,70,17,12,120,0,2,6,0,8,21,72,23,12,128,0,60,60,188
05/26/2006,XNA,AR,ASW,CE,Federal Contract Tower,25,67,10,6,108,0,6,11,0,17,25,73,21,6,125,0,8,8,133
05/27/2006,XNA,AR,ASW,CE,Federal Contract Tower,14,43,2,2,61,0,4,6,0,10,14,47,8,2,71,0,0,0,71
05/28/2006,XNA,AR,ASW,CE,Federal Contract Tower,19,46,0,0,65,0,2,12,0,14,19,48,12,0,79,0,0,0,79
05/29/2006,XNA,AR,ASW,CE,Federal Contract Tower,23,59,6,2,90,0,12,12,0,24,23,71,18,2,114,0,0,0,114
05/30/2006,XNA,AR,ASW,CE,Federal Contract Tower,16,71,13,0,100,0,0,1,0,1,16,71,14,0,101,0,0,0,101
05/31/2006,XNA,AR,ASW,CE,Federal Contract Tower,21,75,16,8,120,0,0,18,0,18,21,75,34,8,138,0,0,0,138
06/01/2006,XNA,AR,ASW,CE,Federal Contract Tower,24,79,14,2,119,0,4,3,0,7,24,83,17,2,126,0,0,0,126
06/02/2006,XNA,AR,ASW,CE,Federal Contract Tower,29,72,13,2,116,0,0,20,0,20,29,72,33,2,136,0,0,0,136
06/03/2006,XNA,AR,ASW,CE,Federal Contract Tower,43,40,6,10,99,0,2,28,0,30,43,42,34,10,129,2,20,22,151
06/04/2006,XNA,AR,ASW,CE,Federal Contract Tower,21,51,5,5,82,0,4,9,0,13,21,55,14,5,95,0,0,0,95
06/05/2006,XNA,AR,ASW,CE,Federal Contract Tower,27,67,9,9,112,0,6,10,0,16,27,73,19,9,128,0,4,4,132
06/06/2006,XNA,AR,ASW,CE,Federal Contract Tower,21,73,16,0,110,0,2,13,0,15,21,75,29,0,125,0,0,0,125
06/07/2006,XNA,AR,ASW,CE,Federal Contract Tower,25,68,11,14,118,0,2,5,0,7,25,70,16,14,125,0,50,50,175
06/08/2006,XNA,AR,ASW,CE,Federal Contract Tower,20,76,12,24,132,0,0,9,0,9,20,76,21,24,141,0,70,70,211
06/09/2006,XNA,AR,ASW,CE,Federal Contract Tower,20,75,17,11,123,0,4,19,1,24,20,79,36,12,147,6,28,34,181
06/10/2006,XNA,AR,ASW,CE,Federal Contract Tower,16,46,6,8,76,0,0,14,0,14,16,46,20,8,90,0,26,26,116
06/11/2006,XNA,AR,ASW,CE,Federal Contract Tower,19,58,11,4,92,0,0,5,0,5,19,58,16,4,97,0,4,4,101
06/12/2006,XNA,AR,ASW,CE,Federal Contract Tower,21,75,11,8,115,0,0,2,0,2,21,75,13,8,117,0,8,8,125
06/13/2006,XNA,AR,ASW,CE,Federal Contract Tower,22,75,22,16,135,0,0,27,0,27,22,75,49,16,162,2,12,14,176
06/14/2006,XNA,AR,ASW,CE,Federal Contract Tower,22,82,13,20,137,0,9,10,1,20,22,91,23,21,157,2,60,62,219
06/15/2006,XNA,AR,ASW,CE,Federal Contract Tower,22,74,18,30,144,0,5,5,3,13,22,79,23,33,157,1,78,79,236
06/16/2006,XNA,AR,ASW,CE,Federal Contract Tower,22,71,21,28,142,0,11,26,2,39,22,82,47,30,181,0,45,45,226
06/17/2006,XNA,AR,ASW,CE,Federal Contract Tower,15,43,4,0,62,0,0,1,0,1,15,43,5,0,63,0,0,0,63
06/18/2006,XNA,AR,ASW,CE,Federal Contract Tower,20,54,4,1,79,0,2,18,1,21,20,56,22,2,100,0,0,0,100
06/19/2006,XNA,AR,ASW,CE,Federal Contract Tower,20,73,17,30,140,0,0,17,0,17,20,73,34,30,157,0,120,120,277
06/20/2006,XNA,AR,ASW,CE,Federal Contract Tower,22,87,18,14,141,0,2,12,0,14,22,89,30,14,155,6,18,24,179
06/21/2006,XNA,AR,ASW,CE,Federal Contract Tower,23,71,15,29,138,0,2,14,2,18,23,73,29,31,156,0,82,82,238
06/22/2006,XNA,AR,ASW,CE,Federal Contract Tower,16,73,15,13,117,0,4,15,0,19,16,77,30,13,136,8,112,120,256
06/23/2006,XNA,AR,ASW,CE,Federal Contract Tower,21,69,7,2,99,0,0,11,0,11,21,69,18,2,110,0,0,0,110
06/24/2006,XNA,AR,ASW,CE,Federal Contract Tower,15,42,10,4,71,0,0,2,2,4,15,42,12,6,75,0,4,4,79
06/25/2006,XNA,AR,ASW,CE,Federal Contract Tower,20,55,8,0,83,0,0,18,0,18,20,55,26,0,101,0,0,0,101
06/26/2006,XNA,AR,ASW,CE,Federal Contract Tower,21,72,13,10,116,0,2,25,1,28,21,74,38,11,144,0,86,86,230
06/27/2006,XNA,AR,ASW,CE,Federal Contract Tower,22,78,8,10,118,0,2,18,1,21,22,80,26,11,139,2,10,12,151
06/28/2006,XNA,AR,ASW,CE,Federal Contract Tower,22,71,12,14,119,0,6,11,5,22,22,77,23,19,141,0,58,58,199
06/29/2006,XNA,AR,ASW,CE,Federal Contract Tower,25,80,21,35,161,0,8,31,1,40,25,88,52,36,201,0,146,146,347
06/30/2006,XNA,AR,ASW,CE,Federal Contract Tower,21,69,19,16,125,0,0,16,0,16,21,69,35,16,141,0,56,56,197
07/01/2006,XNA,AR,ASW,CE,Federal Contract Tower,15,43,2,4,64,0,4,26,0,30,15,47,28,4,94,0,0,0,94
07/02/2006,XNA,AR,ASW,CE,Federal Contract Tower,21,48,4,2,75,0,4,30,2,36,21,52,34,4,111,0,20,20,131
07/03/2006,XNA,AR,ASW,CE,Federal Contract Tower,21,45,5,1,72,0,8,20,1,29,21,53,25,2,101,0,0,0,101
07/04/2006,XNA,AR,ASW,CE,Federal Contract Tower,16,54,7,0,77,0,4,6,0,10,16,58,13,0,87,0,0,0,87
07/05/2006,XNA,AR,ASW,CE,Federal Contract Tower,16,70,1,11,98,1,2,32,2,37,17,72,33,13,135,0,4,4,139
07/06/2006,XNA,AR,ASW,CE,Federal Contract Tower,24,73,8,29,134,0,0,19,2,21,24,73,27,31,155,6,66,72,227
07/07/2006,XNA,AR,ASW,CE,Federal Contract Tower,21,74,2,25,122,0,2,15,5,22,21,76,17,30,144,0,84,84,228
07/08/2006,XNA,AR,ASW,CE,Federal Contract Tower,15,48,3,4,70,0,0,13,0,13,15,48,16,4,83,0,0,0,83
07/09/2006,XNA,AR,ASW,CE,Federal Contract Tower,23,54,1,0,78,0,0,4,0,4,23,54,5,0,82,0,0,0,82
07/10/2006,XNA,AR,ASW,CE,Federal Contract Tower,22,87,7,14,130,0,0,1,0,1,22,87,8,14,131,0,104,104,235
07/11/2006,XNA,AR,ASW,CE,Federal Contract Tower,22,87,12,20,141,0,4,7,6,17,22,91,19,26,158,4,14,18,176
07/12/2006,XNA,AR,ASW,CE,Federal Contract Tower,22,83,21,4,130,0,4,5,0,9,22,87,26,4,139,0,0,0,139
07/13/2006,XNA,AR,ASW,CE,Federal Contract Tower,21,79,11,4,115,2,0,12,1,15,23,79,23,5,130,0,44,44,174
07/14/2006,XNA,AR,ASW,CE,Federal Contract Tower,19,70,13,0,102,0,2,12,0,14,19,72,25,0,116,0,0,0,116
07/15/2006,XNA,AR,ASW,CE,Federal Contract Tower,15,42,0,0,57,0,2,6,0,8,15,44,6,0,65,0,0,0,65
07/16/2006,XNA,AR,ASW,CE,Federal Contract Tower,21,56,5,0,82,0,0,20,0,20,21,56,25,0,102,2,0,2,104
07/17/2006,XNA,AR,ASW,CE,Federal Contract Tower,21,73,11,20,125,0,10,2,7,19,21,83,13,27,144,0,28,28,172
07/18/2006,XNA,AR,ASW,CE,Federal Contract Tower,25,72,12,15,124,0,0,14,0,14,25,72,26,15,138,0,60,60,198
07/19/2006,XNA,AR,ASW,CE,Federal Contract Tower,20,75,11,7,113,0,0,27,0,27,20,75,38,7,140,2,84,86,226
07/20/2006,XNA,AR,ASW,CE,Federal Contract Tower,17,79,15,16,127,0,18,19,2,39,17,97,34,18,166,0,32,32,198
07/21/2006,XNA,AR,ASW,CE,Federal Contract Tower,20,76,10,7,113,0,1,15,0,16,20,77,25,7,129,8,38,46,175
07/22/2006,XNA,AR,ASW,CE,Federal Contract Tower,14,45,2,4,65,0,7,6,0,13,14,52,8,4,78,0,4,4,82
07/23/2006,XNA,AR,ASW,CE,Federal Contract Tower,19,56,2,7,84,0,8,10,0,18,19,64,12,7,102,0,0,0,102
07/24/2006,XNA,AR,ASW,CE,Federal Contract Tower,20,70,12,9,111,0,3,12,0,15,20,73,24,9,126,16,6,22,148
07/25/2006,XNA,AR,ASW,CE,Federal Contract Tower,22,73,9,5,109,0,6,13,4,23,22,79,22,9,132,0,16,16,148
07/26/2006,XNA,AR,ASW,CE,Federal Contract Tower,21,77,6,16,120,0,4,29,0,33,21,81,35,16,153,0,2,2,155
07/27/2006,XNA,AR,ASW,CE,Federal Contract Tower,18,77,18,0,113,0,0,14,0,14,18,77,32,0,127,2,2,4,131
07/28/2006,XNA,AR,ASW,CE,Federal Contract Tower,17,83,8,12,120,0,4,9,0,13,17,87,17,12,133,0,14,14,147
07/29/2006,XNA,AR,ASW,CE,Federal Contract Tower,16,44,5,2,67,0,10,6,0,16,16,54,11,2,83,0,0,0,83
07/30/2006,XNA,AR,ASW,CE,Federal Contract Tower,20,52,3,0,75,0,10,7,0,17,20,62,10,0,92,0,0,0,92
07/31/2006,XNA,AR,ASW,CE,Federal Contract Tower,22,83,9,22,136,0,4,14,0,18,22,87,23,22,154,0,26,26,180
08/01/2006,XNA,AR,ASW,CE,Federal Contract Tower,20,85,9,40,154,0,4,2,0,6,20,89,11,40,160,0,84,84,244
08/02/2006,XNA,AR,ASW,CE,Federal Contract Tower,18,78,8,4,108,0,11,7,1,19,18,89,15,5,127,0,34,34,161
08/03/2006,XNA,AR,ASW,CE,Federal Contract Tower,24,80,11,19,134,0,0,14,1,15,24,80,25,20,149,0,16,16,165
08/04/2006,XNA,AR,ASW,CE,Federal Contract Tower,23,77,11,10,121,0,6,13,0,19,23,83,24,10,140,0,8,8,148
08/05/2006,XNA,AR,ASW,CE,Federal Contract Tower,16,45,1,26,88,0,4,17,0,21,16,49,18,26,109,0,2,2,111
08/06/2006,XNA,AR,ASW,CE,Federal Contract Tower,20,59,2,0,81,0,0,10,0,10,20,59,12,0,91,0,0,0,91
08/07/2006,XNA,AR,ASW,CE,Federal Contract Tower,20,72,2,23,117,0,4,12,1,17,20,76,14,24,134,2,48,50,184
08/08/2006,XNA,AR,ASW,CE,Federal Contract Tower,22,74,13,16,125,0,4,8,8,20,22,78,21,24,145,0,16,16,161
08/09/2006,XNA,AR,ASW,CE,Federal Contract Tower,20,77,15,24,136,0,4,28,0,32,20,81,43,24,168,2,44,46,214
08/10/2006,XNA,AR,ASW,CE,Federal Contract Tower,20,78,20,5,123,0,1,8,0,9,20,79,28,5,132,0,0,0,132
08/11/2006,XNA,AR,ASW,CE,Federal Contract Tower,17,75,12,4,108,0,0,5,0,5,17,75,17,4,113,0,0,0,113
08/12/2006,XNA,AR,ASW,CE,Federal Contract Tower,15,45,4,0,64,0,4,17,0,21,15,49,21,0,85,6,0,6,91
08/13/2006,XNA,AR,ASW,CE,Federal Contract Tower,19,58,5,6,88,0,0,10,0,10,19,58,15,6,98,0,10,10,108
08/14/2006,XNA,AR,ASW,CE,Federal Contract Tower,24,77,28,11,140,0,0,21,0,21,24,77,49,11,161,0,5,5,166
08/15/2006,XNA,AR,ASW,CE,Federal Contract Tower,22,81,18,22,143,0,0,6,0,6,22,81,24,22,149,0,24,24,173
08/16/2006,XNA,AR,ASW,CE,Federal Contract Tower,20,76,15,8,119,0,2,19,0,21,20,78,34,8,140,0,0,0,140
08/17/2006,XNA,AR,ASW,CE,Federal Contract Tower,23,79,14,23,139,0,0,12,2,14,23,79,26,25,153,2,64,66,219
08/18/2006,XNA,AR,ASW,CE,Federal Contract Tower,20,74,19,11,124,0,8,3,1,12,20,82,22,12,136,0,16,16,152
08/19/2006,XNA,AR,ASW,CE,Federal Contract Tower,11,28,2,0,41,1,0,12,0,13,12,28,14,0,54,0,0,0,54
08/20/2006,XNA,AR,ASW,CE,Federal Contract Tower,21,64,7,19,111,0,0,5,0,5,21,64,12,19,116,0,16,16,132
08/21/2006,XNA,AR,ASW,CE,Federal Contract Tower,19,82,10,2,113,0,0,1,0,1,19,82,11,2,114,0,0,0,114
08/22/2006,XNA,AR,ASW,CE,Federal Contract Tower,21,78,14,19,132,0,0,6,3,9,21,78,20,22,141,0,10,10,151
08/23/2006,XNA,AR,ASW,CE,Federal Contract Tower,21,72,22,11,126,0,8,4,0,12,21,80,26,11,138,0,10,10,148
08/24/2006,XNA,AR,ASW,CE,Federal Contract Tower,18,81,16,16,131,0,4,20,0,24,18,85,36,16,155,0,40,40,195
08/25/2006,XNA,AR,ASW,CE,Federal Contract Tower,19,75,16,14,124,0,4,12,0,16,19,79,28,14,140,0,16,16,156
08/26/2006,XNA,AR,ASW,CE,Federal Contract Tower,9,48,3,2,62,0,4,8,0,12,9,52,11,2,74,0,0,0,74
08/27/2006,XNA,AR,ASW,CE,Federal Contract Tower,25,43,2,4,74,0,4,0,0,4,25,47,2,4,78,0,2,2,80
08/28/2006,XNA,AR,ASW,CE,Federal Contract Tower,19,78,10,8,115,0,6,4,0,10,19,84,14,8,125,0,34,34,159
08/29/2006,XNA,AR,ASW,CE,Federal Contract Tower,20,77,19,12,128,0,2,12,0,14,20,79,31,12,142,0,26,26,168
08/30/2006,XNA,AR,ASW,CE,Federal Contract Tower,20,74,15,9,118,0,10,17,1,28,20,84,32,10,146,0,72,72,218
08/31/2006,XNA,AR,ASW,CE,Federal Contract Tower,20,74,15,10,119,0,0,10,1,11,20,74,25,11,130,0,16,16,146
09/01/2006,XNA,AR,ASW,CE,Federal Contract Tower,24,82,7,8,121,0,0,6,2,8,24,82,13,10,129,0,44,44,173
09/02/2006,XNA,AR,ASW,CE,Federal Contract Tower,18,39,15,2,74,0,1,3,1,5,18,40,18,3,79,0,0,0,79
09/03/2006,XNA,AR,ASW,CE,Federal Contract Tower,21,42,10,0,73,0,3,8,1,12,21,45,18,1,85,0,0,0,85
09/04/2006,XNA,AR,ASW,CE,Federal Contract Tower,20,67,2,1,90,0,0,4,1,5,20,67,6,2,95,0,0,0,95
09/05/2006,XNA,AR,ASW,CE,Federal Contract Tower,22,75,16,27,140,0,4,9,3,16,22,79,25,30,156,12,142,154,310
09/06/2006,XNA,AR,ASW,CE,Federal Contract Tower,22,73,10,3,108,0,2,24,0,26,22,75,34,3,134,2,28,30,164
09/07/2006,XNA,AR,ASW,CE,Federal Contract Tower,22,75,20,20,137,0,4,16,0,20,22,79,36,20,157,16,57,73,230
09/08/2006,XNA,AR,ASW,CE,Federal Contract Tower,24,72,22,39,157,0,10,23,0,33,24,82,45,39,190,0,114,114,304
09/09/2006,XNA,AR,ASW,CE,Federal Contract Tower,14,44,0,14,72,0,0,15,1,16,14,44,15,15,88,0,32,32,120
09/10/2006,XNA,AR,ASW,CE,Federal Contract Tower,19,54,5,15,93,0,3,6,2,11,19,57,11,17,104,0,12,12,116
09/11/2006,XNA,AR,ASW,CE,Federal Contract Tower,15,75,10,13,113,0,4,6,0,10,15,79,16,13,123,0,8,8,131
09/12/2006,XNA,AR,ASW,CE,Federal Contract Tower,18,78,15,22,133,0,4,8,0,12,18,82,23,22,145,0,4,4,149
09/13/2006,XNA,AR,ASW,CE,Federal Contract Tower,21,77,11,14,123,0,4,19,0,23,21,81,30,14,146,0,30,30,176
09/14/2006,XNA,AR,ASW,CE,Federal Contract Tower,24,79,14,34,151,0,0,17,5,22,24,79,31,39,173,0,68,68,241
09/15/2006,XNA,AR,ASW,CE,Federal Contract Tower,21,68,8,15,112,0,0,15,2,17,21,68,23,17,129,0,75,75,204
09/16/2006,XNA,AR,ASW,CE,Federal Contract Tower,11,45,7,0,63,0,9,18,0,27,11,54,25,0,90,0,0,0,90
09/17/2006,XNA,AR,ASW,CE,Federal Contract Tower,17,59,0,2,78,0,0,2,0,2,17,59,2,2,80,0,0,0,80
09/18/2006,XNA,AR,ASW,CE,Federal Contract Tower,22,74,7,16,119,0,16,12,2,30,22,90,19,18,149,0,48,48,197
09/19/2006,XNA,AR,ASW,CE,Federal Contract Tower,18,72,19,6,115,0,2,20,2,24,18,74,39,8,139,10,108,118,257
09/20/2006,XNA,AR,ASW,CE,Federal Contract Tower,20,73,19,12,124,0,2,9,0,11,20,75,28,12,135,0,16,16,151
09/21/2006,XNA,AR,ASW,CE,Federal Contract Tower,21,74,18,0,113,0,4,16,0,20,21,78,34,0,133,0,0,0,133
09/22/2006,XNA,AR,ASW,CE,Federal Contract Tower,20,72,15,4,111,0,0,7,0,7,20,72,22,4,118,0,0,0,118
09/23/2006,XNA,AR,ASW,CE,Federal Contract Tower,13,37,4,1,55,0,4,0,2,6,13,41,4,3,61,0,71,71,132
09/24/2006,XNA,AR,ASW,CE,Federal Contract Tower,19,55,8,6,88,0,2,11,2,15,19,57,19,8,103,0,2,2,105
09/25/2006,XNA,AR,ASW,CE,Federal Contract Tower,21,73,11,35,140,0,0,10,1,11,21,73,21,36,151,0,58,58,209
09/26/2006,XNA,AR,ASW,CE,Federal Contract Tower,21,72,16,29,138,0,0,11,1,12,21,72,27,30,150,0,64,64,214
09/27/2006,XNA,AR,ASW,CE,Federal Contract Tower,22,71,19,12,124,0,2,8,0,10,22,73,27,12,134,0,4,4,138
09/28/2006,XNA,AR,ASW,CE,Federal Contract Tower,26,74,20,0,120,0,6,18,0,24,26,80,38,0,144,0,0,0,144
09/29/2006,XNA,AR,ASW,CE,Federal Contract Tower,22,70,8,0,100,0,0,26,0,26,22,70,34,0,126,0,0,0,126
09/30/2006,XNA,AR,ASW,CE,Federal Contract Tower,15,41,9,0,65,2,0,21,0,23,17,41,30,0,88,0,0,0,88
10/01/2006,XNA,AR,ASW,CE,Federal Contract Tower,19,57,22,0,98,0,2,9,0,11,19,59,31,0,109,0,0,0,109
10/02/2006,XNA,AR,ASW,CE,Federal Contract Tower,16,75,7,24,122,0,0,9,0,9,16,75,16,24,131,0,86,86,217
10/03/2006,XNA,AR,ASW,CE,Federal Contract Tower,20,72,16,23,131,0,0,17,1,18,20,72,33,24,149,0,86,86,235
10/04/2006,XNA,AR,ASW,CE,Federal Contract Tower,21,78,12,30,141,0,4,6,3,13,21,82,18,33,154,0,58,58,212
10/05/2006,XNA,AR,ASW,CE,Federal Contract Tower,21,78,17,6,122,0,0,13,0,13,21,78,30,6,135,0,0,0,135
10/06/2006,XNA,AR,ASW,CE,Federal Contract Tower,24,74,13,5,116,0,4,10,0,14,24,78,23,5,130,0,64,64,194
10/07/2006,XNA,AR,ASW,CE,Federal Contract Tower,13,45,10,0,68,0,6,14,0,20,13,51,24,0,88,0,0,0,88
10/08/2006,XNA,AR,ASW,CE,Federal Contract Tower,19,54,17,6,96,0,0,15,0,15,19,54,32,6,111,2,0,2,113
10/09/2006,XNA,AR,ASW,CE,Federal Contract Tower,21,67,18,0,106,0,0,23,0,23,21,67,41,0,129,4,0,4,133
10/10/2006,XNA,AR,ASW,CE,Federal Contract Tower,21,71,15,0,107,0,0,4,0,4,21,71,19,0,111,0,0,0,111
10/11/2006,XNA,AR,ASW,CE,Federal Contract Tower,19,70,12,6,107,0,2,14,0,16,19,72,26,6,123,4,28,32,155
10/12/2006,XNA,AR,ASW,CE,Federal Contract Tower,19,70,23,8,120,0,4,4,0,8,19,74,27,8,128,2,22,24,152
10/13/2006,XNA,AR,ASW,CE,Federal Contract Tower,18,72,15,2,107,0,6,19,1,26,18,78,34,3,133,0,16,16,149
10/14/2006,XNA,AR,ASW,CE,Federal Contract Tower,10,37,2,19,68,0,14,44,2,60,10,51,46,21,128,0,22,22,150
10/15/2006,XNA,AR,ASW,CE,Federal Contract Tower,15,57,8,1,81,0,0,1,0,1,15,57,9,1,82,0,0,0,82
10/16/2006,XNA,AR,ASW,CE,Federal Contract Tower,23,70,17,16,126,0,0,0,0,0,23,70,17,16,126,0,0,0,126
10/17/2006,XNA,AR,ASW,CE,Federal Contract Tower,22,74,16,8,120,0,0,8,2,10,22,74,24,10,130,0,10,10,140
10/18/2006,XNA,AR,ASW,CE,Federal Contract Tower,20,73,23,24,140,0,0,4,0,4,20,73,27,24,144,0,78,78,222
10/19/2006,XNA,AR,ASW,CE,Federal Contract Tower,21,73,22,6,122,0,0,6,0,6,21,73,28,6,128,0,6,6,134
10/20/2006,XNA,AR,ASW,CE,Federal Contract Tower,19,67,16,12,114,0,0,18,3,21,19,67,34,15,135,6,36,42,177
10/21/2006,XNA,AR,ASW,CE,Federal Contract Tower,10,43,3,33,89,0,0,0,3,3,10,43,3,36,92,0,48,48,140
10/22/2006,XNA,AR,ASW,CE,Federal Contract Tower,15,63,7,0,85,0,8,10,0,18,15,71,17,0,103,4,0,4,107
10/23/2006,XNA,AR,ASW,CE,Federal Contract Tower,19,74,8,14,115,0,2,13,5,20,19,76,21,19,135,4,16,20,155
10/24/2006,XNA,AR,ASW,CE,Federal Contract Tower,21,72,14,13,120,0,2,8,5,15,21,74,22,18,135,4,29,33,168
10/25/2006,XNA,AR,ASW,CE,Federal Contract Tower,21,75,24,14,134,0,0,0,0,0,21,75,24,14,134,0,0,0,134
10/26/2006,XNA,AR,ASW,CE,Federal Contract Tower,24,77,24,12,137,0,2,6,0,8,24,79,30,12,145,0,0,0,145
10/27/2006,XNA,AR,ASW,CE,Federal Contract Tower,21,69,17,6,113,0,0,2,0,2,21,69,19,6,115,0,0,0,115
10/28/2006,XNA,AR,ASW,CE,Federal Contract Tower,11,43,9,0,63,0,0,37,0,37,11,43,46,0,100,4,0,4,104
10/29/2006,XNA,AR,ASW,CE,Federal Contract Tower,25,58,9,0,92,0,2,11,0,13,25,60,20,0,105,0,0,0,105
10/30/2006,XNA,AR,ASW,CE,Federal Contract Tower,19,73,11,39,142,0,8,3,5,16,19,81,14,44,158,0,42,42,200
10/31/2006,XNA,AR,ASW,CE,Federal Contract Tower,21,69,10,8,108,0,0,12,0,12,21,69,22,8,120,0,10,10,130
11/01/2006,XNA,AR,ASW,CE,Federal Contract Tower,22,74,30,29,155,0,0,2,0,2,22,74,32,29,157,8,50,58,215
11/02/2006,XNA,AR,ASW,CE,Federal Contract Tower,22,76,24,34,156,0,0,0,3,3,22,76,24,37,159,6,16,22,181
11/03/2006,XNA,AR,ASW,CE,Federal Contract Tower,25,84,14,33,156,0,39,13,0,52,25,123,27,33,208,2,48,50,258
11/04/2006,XNA,AR,ASW,CE,Federal Contract Tower,10,46,8,0,64,0,4,6,0,10,10,50,14,0,74,10,6,16,90
11/05/2006,XNA,AR,ASW,CE,Federal Contract Tower,17,60,5,5,87,0,0,5,0,5,17,60,10,5,92,10,0,10,102
11/06/2006,XNA,AR,ASW,CE,Federal Contract Tower,22,75,11,7,115,0,11,6,1,18,22,86,17,8,133,0,10,10,143
11/07/2006,XNA,AR,ASW,CE,Federal Contract Tower,20,65,15,21,121,0,4,4,2,10,20,69,19,23,131,0,0,0,131
11/08/2006,XNA,AR,ASW,CE,Federal Contract Tower,26,76,16,6,124,10,0,20,0,30,36,76,36,6,154,0,44,44,198
11/09/2006,XNA,AR,ASW,CE,Federal Contract Tower,20,73,21,27,141,0,3,15,0,18,20,76,36,27,159,5,32,37,196
11/10/2006,XNA,AR,ASW,CE,Federal Contract Tower,23,72,8,0,103,0,0,3,0,3,23,72,11,0,106,0,0,0,106
11/11/2006,XNA,AR,ASW,CE,Federal Contract Tower,8,50,10,0,68,0,4,6,0,10,8,54,16,0,78,8,0,8,86
11/12/2006,XNA,AR,ASW,CE,Federal Contract Tower,18,58,16,2,94,0,0,17,0,17,18,58,33,2,111,0,0,0,111
11/13/2006,XNA,AR,ASW,CE,Federal Contract Tower,21,73,11,14,119,0,0,15,4,19,21,73,26,18,138,0,78,78,216
11/14/2006,XNA,AR,ASW,CE,Federal Contract Tower,20,72,24,15,131,0,8,12,0,20,20,80,36,15,151,0,40,40,191
11/15/2006,XNA,AR,ASW,CE,Federal Contract Tower,21,78,21,2,122,0,0,2,0,2,21,78,23,2,124,0,0,0,124
11/16/2006,XNA,AR,ASW,CE,Federal Contract Tower,21,72,15,20,128,0,0,2,1,3,21,72,17,21,131,0,102,102,233
11/17/2006,XNA,AR,ASW,CE,Federal Contract Tower,22,75,12,14,123,0,0,14,0,14,22,75,26,14,137,14,100,114,251
11/18/2006,XNA,AR,ASW,CE,Federal Contract Tower,12,47,7,15,81,0,2,7,4,13,12,49,14,19,94,0,44,44,138
11/19/2006,XNA,AR,ASW,CE,Federal Contract Tower,18,63,1,11,93,0,2,17,0,19,18,65,18,11,112,0,4,4,116
11/20/2006,XNA,AR,ASW,CE,Federal Contract Tower,20,68,6,21,115,0,6,8,6,20,20,74,14,27,135,0,44,44,179
11/21/2006,XNA,AR,ASW,CE,Federal Contract Tower,18,72,14,2,106,0,0,7,0,7,18,72,21,2,113,0,0,0,113
11/22/2006,XNA,AR,ASW,CE,Federal Contract Tower,21,71,12,21,125,0,0,5,0,5,21,71,17,21,130,16,105,121,251
11/23/2006,XNA,AR,ASW,CE,Federal Contract Tower,14,41,0,0,55,0,0,10,0,10,14,41,10,0,65,0,0,0,65
11/24/2006,XNA,AR,ASW,CE,Federal Contract Tower,16,50,3,0,69,0,4,12,0,16,16,54,15,0,85,0,0,0,85
11/25/2006,XNA,AR,ASW,CE,Federal Contract Tower,12,58,8,30,108,0,6,11,6,23,12,64,19,36,131,0,18,18,149
11/26/2006,XNA,AR,ASW,CE,Federal Contract Tower,19,65,12,0,96,0,0,16,0,16,19,65,28,0,112,0,0,0,112
11/27/2006,XNA,AR,ASW,CE,Federal Contract Tower,23,80,11,8,122,0,20,8,0,28,23,100,19,8,150,2,38,40,190
11/28/2006,XNA,AR,ASW,CE,Federal Contract Tower,19,74,19,4,116,0,14,0,0,14,19,88,19,4,130,0,0,0,130
11/29/2006,XNA,AR,ASW,CE,Federal Contract Tower,0,0,0,0,0,2,24,32,38,96,2,24,32,38,96,0,46,46,142
11/30/2006,XNA,AR,ASW,CE,Federal Contract Tower,13,47,23,0,83,0,0,0,0,0,13,47,23,0,83,0,0,0,83
12/01/2006,XNA,AR,ASW,CE,Federal Contract Tower,20,64,20,20,124,0,10,24,6,40,20,74,44,26,164,0,60,60,224
12/02/2006,XNA,AR,ASW,CE,Federal Contract Tower,9,44,6,7,66,0,0,4,0,4,9,44,10,7,70,0,22,22,92
12/03/2006,XNA,AR,ASW,CE,Federal Contract Tower,22,52,4,0,78,0,4,4,0,8,22,56,8,0,86,0,0,0,86
12/04/2006,XNA,AR,ASW,CE,Federal Contract Tower,0,0,0,0,0,0,0,0,0,0,0,0,0,0,0,0,0,0,0
12/05/2006,XNA,AR,ASW,CE,Federal Contract Tower,20,72,13,33,138,0,1,9,3,13,20,73,22,36,151,0,108,108,259
12/06/2006,XNA,AR,ASW,CE,Federal Contract Tower,21,71,7,8,107,0,0,5,0,5,21,71,12,8,112,0,82,82,194
12/07/2006,XNA,AR,ASW,CE,Federal Contract Tower,19,76,16,19,130,0,2,9,5,16,19,78,25,24,146,0,36,36,182
12/08/2006,XNA,AR,ASW,CE,Federal Contract Tower,21,79,8,22,130,0,8,10,0,18,21,87,18,22,148,0,89,89,237
12/09/2006,XNA,AR,ASW,CE,Federal Contract Tower,13,46,7,4,70,0,2,11,1,14,13,48,18,5,84,0,10,10,94
12/10/2006,XNA,AR,ASW,CE,Federal Contract Tower,16,57,1,2,76,0,2,6,2,10,16,59,7,4,86,0,0,0,86
12/11/2006,XNA,AR,ASW,CE,Federal Contract Tower,19,72,25,14,130,0,0,10,0,10,19,72,35,14,140,0,0,0,140
12/12/2006,XNA,AR,ASW,CE,Federal Contract Tower,21,74,22,14,131,0,0,3,0,3,21,74,25,14,134,0,54,54,188
12/13/2006,XNA,AR,ASW,CE,Federal Contract Tower,22,77,14,7,120,0,4,12,0,16,22,81,26,7,136,0,28,28,164
12/14/2006,XNA,AR,ASW,CE,Federal Contract Tower,23,76,17,9,125,0,0,17,0,17,23,76,34,9,142,0,0,0,142
12/15/2006,XNA,AR,ASW,CE,Federal Contract Tower,20,70,12,23,125,0,2,23,7,32,20,72,35,30,157,0,49,49,206
12/16/2006,XNA,AR,ASW,CE,Federal Contract Tower,10,52,6,0,68,0,6,10,0,16,10,58,16,0,84,0,0,0,84
12/17/2006,XNA,AR,ASW,CE,Federal Contract Tower,19,60,9,4,92,0,0,11,0,11,19,60,20,4,103,0,0,0,103
12/18/2006,XNA,AR,ASW,CE,Federal Contract Tower,26,70,13,2,111,0,0,4,0,4,26,70,17,2,115,0,0,0,115
12/19/2006,XNA,AR,ASW,CE,Federal Contract Tower,23,62,17,8,110,0,0,8,0,8,23,62,25,8,118,0,0,0,118
12/20/2006,XNA,AR,ASW,CE,Federal Contract Tower,20,67,12,0,99,0,2,0,0,2,20,69,12,0,101,0,0,0,101
12/21/2006,XNA,AR,ASW,CE,Federal Contract Tower,13,71,28,24,136,0,0,1,0,1,13,71,29,24,137,0,30,30,167
12/22/2006,XNA,AR,ASW,CE,Federal Contract Tower,18,66,9,14,107,0,2,4,0,6,18,68,13,14,113,0,0,0,113
12/23/2006,XNA,AR,ASW,CE,Federal Contract Tower,10,50,2,2,64,0,0,14,0,14,10,50,16,2,78,2,0,2,80
12/24/2006,XNA,AR,ASW,CE,Federal Contract Tower,17,43,0,0,60,0,2,6,0,8,17,45,6,0,68,0,0,0,68
12/25/2006,XNA,AR,ASW,CE,Federal Contract Tower,18,47,2,0,67,0,0,0,0,0,18,47,2,0,67,0,0,0,67
12/26/2006,XNA,AR,ASW,CE,Federal Contract Tower,20,69,10,0,99,0,2,7,0,9,20,71,17,0,108,0,0,0,108
12/27/2006,XNA,AR,ASW,CE,Federal Contract Tower,24,68,4,17,113,0,0,7,0,7,24,68,11,17,120,0,0,0,120
12/28/2006,XNA,AR,ASW,CE,Federal Contract Tower,20,71,7,2,100,0,0,24,0,24,20,71,31,2,124,0,0,0,124
12/29/2006,XNA,AR,ASW,CE,Federal Contract Tower,18,64,4,0,86,0,0,2,0,2,18,64,6,0,88,2,0,2,90
12/30/2006,XNA,AR,ASW,CE,Federal Contract Tower,10,53,2,1,66,0,0,0,0,0,10,53,2,1,66,0,0,0,66
12/31/2006,XNA,AR,ASW,CE,Federal Contract Tower,18,42,2,0,62,0,0,6,0,6,18,42,8,0,68,0,0,0,68
01/01/2007,XNA,AR,ASW,CE,Federal Contract Tower,16,50,3,0,69,0,6,12,0,18,16,56,15,0,87,0,0,0,87
01/02/2007,XNA,AR,ASW,CE,Federal Contract Tower,21,67,3,0,91,0,0,12,0,12,21,67,15,0,103,0,0,0,103
01/03/2007,XNA,AR,ASW,CE,Federal Contract Tower,22,66,13,21,122,0,0,1,0,1,22,66,14,21,123,0,26,26,149
01/04/2007,XNA,AR,ASW,CE,Federal Contract Tower,18,71,6,0,95,0,0,4,0,4,18,71,10,0,99,0,0,0,99
01/05/2007,XNA,AR,ASW,CE,Federal Contract Tower,23,62,7,10,102,0,0,0,0,0,23,62,7,10,102,0,0,0,102
01/06/2007,XNA,AR,ASW,CE,Federal Contract Tower,14,43,11,5,73,0,0,29,0,29,14,43,40,5,102,2,2,4,106
01/07/2007,XNA,AR,ASW,CE,Federal Contract Tower,19,50,8,23,100,0,2,6,1,9,19,52,14,24,109,0,32,32,141
01/08/2007,XNA,AR,ASW,CE,Federal Contract Tower,21,83,12,20,136,0,0,9,0,9,21,83,21,20,145,0,54,54,199
01/09/2007,XNA,AR,ASW,CE,Federal Contract Tower,20,79,13,28,140,0,2,23,1,26,20,81,36,29,166,0,18,18,184
01/10/2007,XNA,AR,ASW,CE,Federal Contract Tower,22,80,20,33,155,0,1,16,1,18,22,81,36,34,173,0,114,114,287
01/11/2007,XNA,AR,ASW,CE,Federal Contract Tower,17,77,7,12,113,0,0,1,0,1,17,77,8,12,114,0,2,2,116
01/12/2007,XNA,AR,ASW,CE,Federal Contract Tower,15,70,20,2,107,0,0,0,0,0,15,70,20,2,107,0,0,0,107
01/13/2007,XNA,AR,ASW,CE,Federal Contract Tower,9,25,3,0,37,0,0,0,0,0,9,25,3,0,37,0,0,0,37
01/14/2007,XNA,AR,ASW,CE,Federal Contract Tower,13,17,2,0,32,0,0,0,0,0,13,17,2,0,32,0,0,0,32
01/15/2007,XNA,AR,ASW,CE,Federal Contract Tower,17,78,15,0,110,0,0,7,0,7,17,78,22,0,117,0,0,0,117
01/16/2007,XNA,AR,ASW,CE,Federal Contract Tower,25,76,14,4,119,0,7,9,0,16,25,83,23,4,135,0,0,0,135
01/17/2007,XNA,AR,ASW,CE,Federal Contract Tower,17,70,13,7,107,0,0,12,0,12,17,70,25,7,119,0,22,22,141
01/18/2007,XNA,AR,ASW,CE,Federal Contract Tower,20,76,36,12,144,0,0,2,0,2,20,76,38,12,146,0,0,0,146
01/19/2007,XNA,AR,ASW,CE,Federal Contract Tower,21,73,18,51,163,0,2,8,2,12,21,75,26,53,175,0,58,58,233
01/20/2007,XNA,AR,ASW,CE,Federal Contract Tower,11,37,2,0,50,0,2,2,0,4,11,39,4,0,54,0,0,0,54
01/21/2007,XNA,AR,ASW,CE,Federal Contract Tower,15,43,4,0,62,0,4,0,0,4,15,47,4,0,66,0,0,0,66
01/22/2007,XNA,AR,ASW,CE,Federal Contract Tower,21,75,16,10,122,0,0,8,0,8,21,75,24,10,130,0,48,48,178
01/23/2007,XNA,AR,ASW,CE,Federal Contract Tower,20,68,8,23,119,0,0,12,0,12,20,68,20,23,131,0,46,46,177
01/24/2007,XNA,AR,ASW,CE,Federal Contract Tower,22,75,11,10,118,0,0,16,1,17,22,75,27,11,135,0,26,26,161
01/25/2007,XNA,AR,ASW,CE,Federal Contract Tower,20,79,17,12,128,0,27,23,1,51,20,106,40,13,179,0,64,64,243
01/26/2007,XNA,AR,ASW,CE,Federal Contract Tower,21,78,15,22,136,0,0,16,5,21,21,78,31,27,157,8,34,42,199
01/27/2007,XNA,AR,ASW,CE,Federal Contract Tower,15,47,2,0,64,0,0,4,0,4,15,47,6,0,68,0,0,0,68
01/28/2007,XNA,AR,ASW,CE,Federal Contract Tower,21,50,9,0,80,0,0,5,0,5,21,50,14,0,85,0,0,0,85
01/29/2007,XNA,AR,ASW,CE,Federal Contract Tower,19,74,12,7,112,0,0,4,0,4,19,74,16,7,116,0,56,56,172
01/30/2007,XNA,AR,ASW,CE,Federal Contract Tower,23,73,18,11,125,0,10,8,0,18,23,83,26,11,143,0,16,16,159
01/31/2007,XNA,AR,ASW,CE,Federal Contract Tower,20,67,31,4,122,0,4,5,0,9,20,71,36,4,131,0,19,19,150
02/01/2007,XNA,AR,ASW,CE,Federal Contract Tower,18,75,26,0,119,2,2,2,0,6,20,77,28,0,125,0,0,0,125
02/02/2007,XNA,AR,ASW,CE,Federal Contract Tower,20,75,28,38,161,0,0,4,0,4,20,75,32,38,165,0,84,84,249
02/03/2007,XNA,AR,ASW,CE,Federal Contract Tower,16,45,3,2,66,0,6,12,0,18,16,51,15,2,84,0,3,3,87
02/04/2007,XNA,AR,ASW,CE,Federal Contract Tower,20,53,7,1,81,0,0,10,0,10,20,53,17,1,91,0,0,0,91
02/05/2007,XNA,AR,ASW,CE,Federal Contract Tower,21,75,16,29,141,0,8,5,2,15,21,83,21,31,156,0,216,216,372
02/06/2007,XNA,AR,ASW,CE,Federal Contract Tower,16,68,15,9,108,0,0,3,0,3,16,68,18,9,111,0,22,22,133
02/07/2007,XNA,AR,ASW,CE,Federal Contract Tower,17,69,21,21,128,0,0,11,3,14,17,69,32,24,142,0,18,18,160
02/08/2007,XNA,AR,ASW,CE,Federal Contract Tower,21,73,19,45,158,0,0,2,0,2,21,73,21,45,160,3,90,93,253
02/09/2007,XNA,AR,ASW,CE,Federal Contract Tower,23,73,13,50,159,0,0,6,14,20,23,73,19,64,179,0,114,114,293
02/10/2007,XNA,AR,ASW,CE,Federal Contract Tower,11,50,6,0,67,0,2,16,0,18,11,52,22,0,85,0,0,0,85
02/11/2007,XNA,AR,ASW,CE,Federal Contract Tower,23,53,4,10,90,0,0,4,0,4,23,53,8,10,94,4,0,4,98
02/12/2007,XNA,AR,ASW,CE,Federal Contract Tower,0,0,0,0,0,0,14,17,6,37,0,14,17,6,37,0,0,0,37
02/13/2007,XNA,AR,ASW,CE,Federal Contract Tower,18,61,18,6,103,0,0,2,0,2,18,61,20,6,105,0,0,0,105
02/14/2007,XNA,AR,ASW,CE,Federal Contract Tower,15,64,15,13,107,0,4,10,0,14,15,68,25,13,121,0,30,30,151
02/15/2007,XNA,AR,ASW,CE,Federal Contract Tower,20,78,8,0,106,0,0,6,0,6,20,78,14,0,112,0,0,0,112
02/16/2007,XNA,AR,ASW,CE,Federal Contract Tower,20,72,20,5,117,0,0,10,2,12,20,72,30,7,129,10,12,22,151
02/17/2007,XNA,AR,ASW,CE,Federal Contract Tower,11,43,4,0,58,0,0,6,0,6,11,43,10,0,64,0,0,0,64
02/18/2007,XNA,AR,ASW,CE,Federal Contract Tower,18,55,6,0,79,0,0,5,0,5,18,55,11,0,84,0,0,0,84
02/19/2007,XNA,AR,ASW,CE,Federal Contract Tower,18,78,12,16,124,0,0,5,2,7,18,78,17,18,131,0,2,2,133
02/20/2007,XNA,AR,ASW,CE,Federal Contract Tower,18,76,14,20,128,0,0,13,1,14,18,76,27,21,142,0,8,8,150
02/21/2007,XNA,AR,ASW,CE,Federal Contract Tower,21,83,14,18,136,0,2,4,1,7,21,85,18,19,143,0,82,82,225
02/22/2007,XNA,AR,ASW,CE,Federal Contract Tower,18,68,19,35,140,0,0,13,0,13,18,68,32,35,153,0,32,32,185
02/23/2007,XNA,AR,ASW,CE,Federal Contract Tower,21,80,13,6,120,0,0,11,0,11,21,80,24,6,131,0,0,0,131
02/24/2007,XNA,AR,ASW,CE,Federal Contract Tower,10,45,2,0,57,0,0,2,0,2,10,45,4,0,59,0,0,0,59
02/25/2007,XNA,AR,ASW,CE,Federal Contract Tower,13,53,3,23,92,0,2,6,1,9,13,55,9,24,101,0,16,16,117
02/26/2007,XNA,AR,ASW,CE,Federal Contract Tower,22,74,14,39,149,0,0,11,3,14,22,74,25,42,163,0,10,10,173
02/27/2007,XNA,AR,ASW,CE,Federal Contract Tower,23,73,8,21,125,0,0,4,0,4,23,73,12,21,129,0,18,18,147
02/28/2007,XNA,AR,ASW,CE,Federal Contract Tower,19,83,18,8,128,0,0,0,0,0,19,83,18,8,128,0,0,0,128
03/01/2007,XNA,AR,ASW,CE,Federal Contract Tower,16,72,20,1,109,0,0,2,0,2,16,72,22,1,111,0,0,0,111
03/02/2007,XNA,AR,ASW,CE,Federal Contract Tower,17,78,8,6,109,0,0,17,0,17,17,78,25,6,126,4,6,10,136
03/03/2007,XNA,AR,ASW,CE,Federal Contract Tower,12,42,8,12,74,0,0,7,0,7,12,42,15,12,81,8,16,24,105
03/04/2007,XNA,AR,ASW,CE,Federal Contract Tower,23,51,1,7,82,0,0,25,0,25,23,51,26,7,107,0,8,8,115
03/05/2007,XNA,AR,ASW,CE,Federal Contract Tower,21,80,12,33,146,0,4,14,1,19,21,84,26,34,165,0,40,40,205
03/06/2007,XNA,AR,ASW,CE,Federal Contract Tower,20,79,13,16,128,0,2,35,0,37,20,81,48,16,165,0,0,0,165
03/07/2007,XNA,AR,ASW,CE,Federal Contract Tower,21,79,10,27,137,0,2,5,0,7,21,81,15,27,144,0,108,108,252
03/08/2007,XNA,AR,ASW,CE,Federal Contract Tower,23,77,21,34,155,0,4,2,2,8,23,81,23,36,163,0,112,112,275
03/09/2007,XNA,AR,ASW,CE,Federal Contract Tower,20,73,7,0,100,0,0,5,0,5,20,73,12,0,105,0,0,0,105
03/10/2007,XNA,AR,ASW,CE,Federal Contract Tower,10,47,7,21,85,0,8,4,2,14,10,55,11,23,99,0,6,6,105
03/11/2007,XNA,AR,ASW,CE,Federal Contract Tower,21,53,10,4,88,0,0,15,0,15,21,53,25,4,103,0,0,0,103
03/12/2007,XNA,AR,ASW,CE,Federal Contract Tower,22,78,14,26,140,0,0,7,0,7,22,78,21,26,147,10,50,60,207
03/13/2007,XNA,AR,ASW,CE,Federal Contract Tower,23,86,20,22,151,0,6,5,0,11,23,92,25,22,162,6,34,40,202
03/14/2007,XNA,AR,ASW,CE,Federal Contract Tower,22,75,22,0,119,0,0,2,0,2,22,75,24,0,121,0,6,6,127
03/15/2007,XNA,AR,ASW,CE,Federal Contract Tower,21,82,12,15,130,0,0,2,0,2,21,82,14,15,132,0,30,30,162
03/16/2007,XNA,AR,ASW,CE,Federal Contract Tower,20,75,13,8,116,0,0,21,3,24,20,75,34,11,140,0,14,14,154
03/17/2007,XNA,AR,ASW,CE,Federal Contract Tower,15,45,13,1,74,0,2,20,0,22,15,47,33,1,96,0,2,2,98
03/18/2007,XNA,AR,ASW,CE,Federal Contract Tower,22,53,4,5,84,0,2,10,0,12,22,55,14,5,96,0,0,0,96
03/19/2007,XNA,AR,ASW,CE,Federal Contract Tower,20,76,13,19,128,0,0,4,0,4,20,76,17,19,132,0,0,0,132
03/20/2007,XNA,AR,ASW,CE,Federal Contract Tower,19,78,24,2,123,0,0,1,3,4,19,78,25,5,127,0,0,0,127
03/21/2007,XNA,AR,ASW,CE,Federal Contract Tower,19,75,20,18,132,0,0,5,0,5,19,75,25,18,137,0,34,34,171
03/22/2007,XNA,AR,ASW,CE,Federal Contract Tower,18,82,26,25,151,0,0,9,0,9,18,82,35,25,160,2,12,14,174
03/23/2007,XNA,AR,ASW,CE,Federal Contract Tower,23,68,13,11,115,0,0,11,0,11,23,68,24,11,126,4,0,4,130
03/24/2007,XNA,AR,ASW,CE,Federal Contract Tower,12,44,6,0,62,0,0,13,0,13,12,44,19,0,75,0,0,0,75
03/25/2007,XNA,AR,ASW,CE,Federal Contract Tower,22,54,16,7,99,0,0,8,0,8,22,54,24,7,107,0,8,8,115
03/26/2007,XNA,AR,ASW,CE,Federal Contract Tower,22,76,11,4,113,0,0,4,0,4,22,76,15,4,117,0,2,2,119
03/27/2007,XNA,AR,ASW,CE,Federal Contract Tower,20,73,19,7,119,0,4,11,2,17,20,77,30,9,136,0,22,22,158
03/28/2007,XNA,AR,ASW,CE,Federal Contract Tower,16,78,25,11,130,0,2,2,0,4,16,80,27,11,134,0,0,0,134
03/29/2007,XNA,AR,ASW,CE,Federal Contract Tower,14,85,18,1,118,0,0,5,0,5,14,85,23,1,123,0,0,0,123
03/30/2007,XNA,AR,ASW,CE,Federal Contract Tower,19,76,8,9,112,0,2,11,0,13,19,78,19,9,125,0,62,62,187
03/31/2007,XNA,AR,ASW,CE,Federal Contract Tower,12,46,5,2,65,0,2,4,1,7,12,48,9,3,72,0,0,0,72
04/01/2007,XNA,AR,ASW,CE,Federal Contract Tower,17,52,4,5,78,0,0,6,2,8,17,52,10,7,86,0,2,2,88
04/02/2007,XNA,AR,ASW,CE,Federal Contract Tower,19,84,12,26,141,0,4,14,2,20,19,88,26,28,161,0,30,30,191
04/03/2007,XNA,AR,ASW,CE,Federal Contract Tower,18,85,20,12,135,0,0,7,0,7,18,85,27,12,142,0,24,24,166
04/04/2007,XNA,AR,ASW,CE,Federal Contract Tower,19,80,21,26,146,0,8,8,0,16,19,88,29,26,162,0,4,4,166
04/05/2007,XNA,AR,ASW,CE,Federal Contract Tower,22,77,25,20,144,0,2,8,0,10,22,79,33,20,154,0,0,0,154
04/06/2007,XNA,AR,ASW,CE,Federal Contract Tower,21,76,7,24,128,0,0,6,4,10,21,76,13,28,138,0,149,149,287
04/07/2007,XNA,AR,ASW,CE,Federal Contract Tower,16,38,3,0,57,0,0,0,0,0,16,38,3,0,57,6,0,6,63
04/08/2007,XNA,AR,ASW,CE,Federal Contract Tower,21,55,4,0,80,0,0,8,0,8,21,55,12,0,88,0,0,0,88
04/09/2007,XNA,AR,ASW,CE,Federal Contract Tower,24,76,4,29,133,0,6,10,4,20,24,82,14,33,153,0,48,48,201
04/10/2007,XNA,AR,ASW,CE,Federal Contract Tower,20,71,14,8,113,0,6,4,0,10,20,77,18,8,123,0,0,0,123
04/11/2007,XNA,AR,ASW,CE,Federal Contract Tower,20,76,16,2,114,0,2,19,2,23,20,78,35,4,137,0,0,0,137
04/12/2007,XNA,AR,ASW,CE,Federal Contract Tower,19,81,18,43,161,0,0,5,3,8,19,81,23,46,169,0,78,78,247
04/13/2007,XNA,AR,ASW,CE,Federal Contract Tower,16,76,12,2,106,0,0,0,0,0,16,76,12,2,106,0,0,0,106
04/14/2007,XNA,AR,ASW,CE,Federal Contract Tower,10,51,4,1,66,0,0,2,3,5,10,51,6,4,71,0,0,0,71
04/15/2007,XNA,AR,ASW,CE,Federal Contract Tower,15,60,8,13,96,0,4,18,0,22,15,64,26,13,118,0,24,24,142
04/16/2007,XNA,AR,ASW,CE,Federal Contract Tower,21,84,14,41,160,0,0,12,0,12,21,84,26,41,172,0,118,118,290
04/17/2007,XNA,AR,ASW,CE,Federal Contract Tower,22,71,17,9,119,0,10,7,1,18,22,81,24,10,137,2,52,54,191
04/18/2007,XNA,AR,ASW,CE,Federal Contract Tower,21,83,17,8,129,0,0,7,0,7,21,83,24,8,136,2,20,22,158
04/19/2007,XNA,AR,ASW,CE,Federal Contract Tower,19,77,15,29,140,0,4,16,1,21,19,81,31,30,161,0,18,18,179
04/20/2007,XNA,AR,ASW,CE,Federal Contract Tower,22,81,11,39,153,0,4,9,5,18,22,85,20,44,171,6,75,81,252
04/21/2007,XNA,AR,ASW,CE,Federal Contract Tower,13,50,6,0,69,0,6,3,2,11,13,56,9,2,80,0,0,0,80
04/22/2007,XNA,AR,ASW,CE,Federal Contract Tower,17,51,6,20,94,0,0,8,2,10,17,51,14,22,104,0,2,2,106
04/23/2007,XNA,AR,ASW,CE,Federal Contract Tower,21,75,12,9,117,0,4,24,0,28,21,79,36,9,145,0,34,34,179
04/24/2007,XNA,AR,ASW,CE,Federal Contract Tower,15,69,8,4,96,0,0,8,0,8,15,69,16,4,104,0,0,0,104
04/25/2007,XNA,AR,ASW,CE,Federal Contract Tower,11,82,26,0,119,0,0,1,0,1,11,82,27,0,120,0,0,0,120
04/26/2007,XNA,AR,ASW,CE,Federal Contract Tower,18,69,19,0,106,0,2,4,0,6,18,71,23,0,112,0,0,0,112
04/27/2007,XNA,AR,ASW,CE,Federal Contract Tower,25,70,14,45,154,0,0,10,0,10,25,70,24,45,164,0,136,136,300
04/28/2007,XNA,AR,ASW,CE,Federal Contract Tower,10,53,4,4,71,0,0,14,0,14,10,53,18,4,85,2,0,2,87
04/29/2007,XNA,AR,ASW,CE,Federal Contract Tower,17,55,7,11,90,0,2,33,0,35,17,57,40,11,125,0,8,8,133
04/30/2007,XNA,AR,ASW,CE,Federal Contract Tower,24,75,6,4,109,0,0,6,0,6,24,75,12,4,115,0,24,24,139
05/01/2007,XNA,AR,ASW,CE,Federal Contract Tower,18,77,12,0,107,0,2,0,0,2,18,79,12,0,109,0,0,0,109
05/02/2007,XNA,AR,ASW,CE,Federal Contract Tower,17,78,25,0,120,0,0,0,0,0,17,78,25,0,120,0,0,0,120
05/03/2007,XNA,AR,ASW,CE,Federal Contract Tower,19,75,14,2,110,0,4,6,0,10,19,79,20,2,120,0,0,0,120
05/04/2007,XNA,AR,ASW,CE,Federal Contract Tower,20,83,12,7,122,0,4,15,0,19,20,87,27,7,141,0,6,6,147
05/05/2007,XNA,AR,ASW,CE,Federal Contract Tower,11,53,8,6,78,0,0,0,0,0,11,53,8,6,78,0,0,0,78
05/06/2007,XNA,AR,ASW,CE,Federal Contract Tower,17,58,7,0,82,0,0,4,0,4,17,58,11,0,86,0,0,0,86
05/07/2007,XNA,AR,ASW,CE,Federal Contract Tower,17,78,6,0,101,0,0,5,0,5,17,78,11,0,106,4,0,4,110
05/08/2007,XNA,AR,ASW,CE,Federal Contract Tower,22,74,16,0,112,0,4,2,0,6,22,78,18,0,118,0,0,0,118
05/09/2007,XNA,AR,ASW,CE,Federal Contract Tower,21,81,24,0,126,0,2,14,0,16,21,83,38,0,142,0,0,0,142
05/10/2007,XNA,AR,ASW,CE,Federal Contract Tower,20,79,26,5,130,0,0,5,4,9,20,79,31,9,139,0,28,28,167
05/11/2007,XNA,AR,ASW,CE,Federal Contract Tower,19,80,21,0,120,0,2,11,0,13,19,82,32,0,133,0,0,0,133
05/12/2007,XNA,AR,ASW,CE,Federal Contract Tower,11,53,5,0,69,0,0,16,0,16,11,53,21,0,85,0,0,0,85
05/13/2007,XNA,AR,ASW,CE,Federal Contract Tower,13,61,5,7,86,0,0,16,5,21,13,61,21,12,107,2,40,42,149
05/14/2007,XNA,AR,ASW,CE,Federal Contract Tower,21,75,8,17,121,0,4,16,0,20,21,79,24,17,141,0,80,80,221
05/15/2007,XNA,AR,ASW,CE,Federal Contract Tower,18,74,16,2,110,0,8,6,0,14,18,82,22,2,124,0,0,0,124
05/16/2007,XNA,AR,ASW,CE,Federal Contract Tower,19,78,14,16,127,0,0,35,0,35,19,78,49,16,162,0,38,38,200
05/17/2007,XNA,AR,ASW,CE,Federal Contract Tower,21,85,23,22,151,0,2,20,0,22,21,87,43,22,173,0,60,60,233
05/18/2007,XNA,AR,ASW,CE,Federal Contract Tower,22,75,17,12,126,0,0,5,1,6,22,75,22,13,132,0,42,42,174
05/19/2007,XNA,AR,ASW,CE,Federal Contract Tower,16,57,7,6,86,0,0,17,0,17,16,57,24,6,103,0,0,0,103
05/20/2007,XNA,AR,ASW,CE,Federal Contract Tower,14,61,8,23,106,0,2,14,1,17,14,63,22,24,123,0,48,48,171
05/21/2007,XNA,AR,ASW,CE,Federal Contract Tower,26,72,17,23,138,0,0,5,0,5,26,72,22,23,143,0,60,60,203
05/22/2007,XNA,AR,ASW,CE,Federal Contract Tower,21,75,15,22,133,0,0,13,0,13,21,75,28,22,146,0,36,36,182
05/23/2007,XNA,AR,ASW,CE,Federal Contract Tower,20,79,14,25,138,0,4,16,0,20,20,83,30,25,158,0,28,28,186
05/24/2007,XNA,AR,ASW,CE,Federal Contract Tower,20,81,26,0,127,0,4,19,0,23,20,85,45,0,150,0,0,0,150
05/25/2007,XNA,AR,ASW,CE,Federal Contract Tower,19,78,4,0,101,0,0,7,0,7,19,78,11,0,108,0,0,0,108
05/26/2007,XNA,AR,ASW,CE,Federal Contract Tower,10,54,8,0,72,0,10,9,0,19,10,64,17,0,91,0,0,0,91
05/27/2007,XNA,AR,ASW,CE,Federal Contract Tower,17,50,1,1,69,0,0,2,1,3,17,50,3,2,72,0,0,0,72
05/28/2007,XNA,AR,ASW,CE,Federal Contract Tower,22,61,4,0,87,0,0,6,0,6,22,61,10,0,93,0,0,0,93
05/29/2007,XNA,AR,ASW,CE,Federal Contract Tower,20,80,13,6,119,0,7,9,0,16,20,87,22,6,135,2,0,2,137
05/30/2007,XNA,AR,ASW,CE,Federal Contract Tower,20,75,11,0,106,0,0,8,0,8,20,75,19,0,114,0,0,0,114
05/31/2007,XNA,AR,ASW,CE,Federal Contract Tower,27,77,16,4,124,0,2,14,0,16,27,79,30,4,140,0,12,12,152
06/01/2007,XNA,AR,ASW,CE,Federal Contract Tower,26,79,14,0,119,0,0,13,0,13,26,79,27,0,132,0,0,0,132
06/02/2007,XNA,AR,ASW,CE,Federal Contract Tower,22,67,3,0,92,0,2,20,0,22,22,69,23,0,114,0,0,0,114
06/03/2007,XNA,AR,ASW,CE,Federal Contract Tower,16,64,3,3,86,0,2,10,0,12,16,66,13,3,98,0,2,2,100
06/04/2007,XNA,AR,ASW,CE,Federal Contract Tower,20,85,25,24,154,0,0,7,3,10,20,85,32,27,164,0,32,32,196
06/05/2007,XNA,AR,ASW,CE,Federal Contract Tower,21,75,21,15,132,0,0,11,1,12,21,75,32,16,144,12,24,36,180
06/06/2007,XNA,AR,ASW,CE,Federal Contract Tower,22,77,12,7,118,0,6,12,1,19,22,83,24,8,137,0,58,58,195
06/07/2007,XNA,AR,ASW,CE,Federal Contract Tower,25,76,17,17,135,0,6,8,2,16,25,82,25,19,151,0,96,96,247
06/08/2007,XNA,AR,ASW,CE,Federal Contract Tower,22,67,16,4,109,0,2,15,1,18,22,69,31,5,127,0,44,44,171
06/09/2007,XNA,AR,ASW,CE,Federal Contract Tower,12,48,4,0,64,0,4,12,0,16,12,52,16,0,80,0,0,0,80
06/10/2007,XNA,AR,ASW,CE,Federal Contract Tower,18,56,9,7,90,0,0,4,0,4,18,56,13,7,94,0,0,0,94
06/11/2007,XNA,AR,ASW,CE,Federal Contract Tower,26,70,21,1,118,0,0,9,0,9,26,70,30,1,127,0,0,0,127
06/12/2007,XNA,AR,ASW,CE,Federal Contract Tower,20,73,17,7,117,0,2,14,0,16,20,75,31,7,133,12,12,24,157
06/13/2007,XNA,AR,ASW,CE,Federal Contract Tower,23,78,14,23,138,0,4,2,0,6,23,82,16,23,144,0,4,4,148
06/14/2007,XNA,AR,ASW,CE,Federal Contract Tower,24,76,19,37,156,0,0,3,4,7,24,76,22,41,163,0,13,13,176
06/15/2007,XNA,AR,ASW,CE,Federal Contract Tower,25,77,12,4,118,0,0,16,1,17,25,77,28,5,135,0,6,6,141
06/16/2007,XNA,AR,ASW,CE,Federal Contract Tower,14,49,4,2,69,0,0,8,0,8,14,49,12,2,77,0,0,0,77
06/17/2007,XNA,AR,ASW,CE,Federal Contract Tower,17,56,4,7,84,0,6,6,0,12,17,62,10,7,96,0,2,2,98
06/18/2007,XNA,AR,ASW,CE,Federal Contract Tower,25,73,6,0,104,0,2,0,0,2,25,75,6,0,106,0,0,0,106
06/19/2007,XNA,AR,ASW,CE,Federal Contract Tower,23,75,11,22,131,0,0,13,3,16,23,75,24,25,147,0,38,38,185
06/20/2007,XNA,AR,ASW,CE,Federal Contract Tower,22,79,14,11,126,0,0,4,0,4,22,79,18,11,130,0,0,0,130
06/21/2007,XNA,AR,ASW,CE,Federal Contract Tower,24,76,23,25,148,0,0,16,0,16,24,76,39,25,164,0,72,72,236
06/22/2007,XNA,AR,ASW,CE,Federal Contract Tower,23,73,14,25,135,0,4,6,0,10,23,77,20,25,145,0,126,126,271
06/23/2007,XNA,AR,ASW,CE,Federal Contract Tower,15,46,0,0,61,0,2,7,7,16,15,48,7,7,77,0,0,0,77
06/24/2007,XNA,AR,ASW,CE,Federal Contract Tower,16,59,4,6,85,0,0,2,0,2,16,59,6,6,87,0,0,0,87
06/25/2007,XNA,AR,ASW,CE,Federal Contract Tower,20,83,8,22,133,0,2,7,0,9,20,85,15,22,142,10,110,120,262
06/26/2007,XNA,AR,ASW,CE,Federal Contract Tower,18,71,11,0,100,0,4,2,0,6,18,75,13,0,106,0,0,0,106
06/27/2007,XNA,AR,ASW,CE,Federal Contract Tower,20,77,17,7,121,0,0,0,0,0,20,77,17,7,121,0,0,0,121
06/28/2007,XNA,AR,ASW,CE,Federal Contract Tower,17,67,22,4,110,0,0,6,0,6,17,67,28,4,116,0,44,44,160
06/29/2007,XNA,AR,ASW,CE,Federal Contract Tower,21,73,16,11,121,0,2,11,0,13,21,75,27,11,134,0,118,118,252
06/30/2007,XNA,AR,ASW,CE,Federal Contract Tower,13,51,5,0,69,0,2,0,0,2,13,53,5,0,71,0,0,0,71
07/01/2007,XNA,AR,ASW,CE,Federal Contract Tower,19,58,8,2,87,0,2,1,0,3,19,60,9,2,90,0,0,0,90
07/02/2007,XNA,AR,ASW,CE,Federal Contract Tower,15,71,6,2,94,0,2,6,0,8,15,73,12,2,102,0,18,18,120
07/03/2007,XNA,AR,ASW,CE,Federal Contract Tower,20,58,9,7,94,0,2,11,1,14,20,60,20,8,108,0,34,34,142
07/04/2007,XNA,AR,ASW,CE,Federal Contract Tower,23,51,1,0,75,0,11,13,0,24,23,62,14,0,99,0,0,0,99
07/05/2007,XNA,AR,ASW,CE,Federal Contract Tower,23,58,5,4,90,0,4,20,0,24,23,62,25,4,114,0,0,0,114
07/06/2007,XNA,AR,ASW,CE,Federal Contract Tower,20,67,3,15,105,0,0,4,0,4,20,67,7,15,109,0,28,28,137
07/07/2007,XNA,AR,ASW,CE,Federal Contract Tower,11,51,5,0,67,1,0,11,6,18,12,51,16,6,85,0,0,0,85
07/08/2007,XNA,AR,ASW,CE,Federal Contract Tower,20,54,5,2,81,0,0,9,0,9,20,54,14,2,90,0,0,0,90
07/09/2007,XNA,AR,ASW,CE,Federal Contract Tower,20,77,19,13,129,0,0,11,5,16,20,77,30,18,145,0,0,0,145
07/10/2007,XNA,AR,ASW,CE,Federal Contract Tower,21,73,12,0,106,0,2,2,0,4,21,75,14,0,110,0,0,0,110
07/11/2007,XNA,AR,ASW,CE,Federal Contract Tower,21,79,21,10,131,0,0,23,0,23,21,79,44,10,154,0,0,0,154
07/12/2007,XNA,AR,ASW,CE,Federal Contract Tower,22,83,22,2,129,0,4,6,0,10,22,87,28,2,139,0,6,6,145
07/13/2007,XNA,AR,ASW,CE,Federal Contract Tower,24,71,16,6,117,0,0,11,4,15,24,71,27,10,132,0,8,8,140
07/14/2007,XNA,AR,ASW,CE,Federal Contract Tower,15,49,4,12,80,0,0,14,10,24,15,49,18,22,104,3,0,3,107
07/15/2007,XNA,AR,ASW,CE,Federal Contract Tower,18,67,6,36,127,0,0,4,0,4,18,67,10,36,131,0,34,34,165
07/16/2007,XNA,AR,ASW,CE,Federal Contract Tower,25,79,8,19,131,0,1,2,1,4,25,80,10,20,135,0,120,120,255
07/17/2007,XNA,AR,ASW,CE,Federal Contract Tower,26,79,32,27,164,0,7,11,6,24,26,86,43,33,188,0,52,52,240
07/18/2007,XNA,AR,ASW,CE,Federal Contract Tower,25,83,25,64,197,0,0,11,2,13,25,83,36,66,210,1,85,86,296
07/19/2007,XNA,AR,ASW,CE,Federal Contract Tower,32,75,20,43,170,0,0,28,0,28,32,75,48,43,198,0,145,145,343
07/20/2007,XNA,AR,ASW,CE,Federal Contract Tower,26,65,14,10,115,0,4,4,2,10,26,69,18,12,125,8,2,10,135
07/21/2007,XNA,AR,ASW,CE,Federal Contract Tower,16,48,10,2,76,0,2,8,0,10,16,50,18,2,86,0,0,0,86
07/22/2007,XNA,AR,ASW,CE,Federal Contract Tower,20,65,8,17,110,0,0,7,0,7,20,65,15,17,117,0,13,13,130
07/23/2007,XNA,AR,ASW,CE,Federal Contract Tower,24,79,1,30,134,0,0,18,1,19,24,79,19,31,153,12,26,38,191
07/24/2007,XNA,AR,ASW,CE,Federal Contract Tower,23,78,21,32,154,0,0,27,2,29,23,78,48,34,183,2,92,94,277
07/25/2007,XNA,AR,ASW,CE,Federal Contract Tower,22,73,15,16,126,0,0,4,1,5,22,73,19,17,131,0,18,18,149
07/26/2007,XNA,AR,ASW,CE,Federal Contract Tower,24,70,19,51,164,0,6,8,7,21,24,76,27,58,185,0,88,88,273
07/27/2007,XNA,AR,ASW,CE,Federal Contract Tower,24,68,7,23,122,0,0,14,5,19,24,68,21,28,141,0,122,122,263
07/28/2007,XNA,AR,ASW,CE,Federal Contract Tower,15,49,6,0,70,0,8,16,0,24,15,57,22,0,94,0,0,0,94
07/29/2007,XNA,AR,ASW,CE,Federal Contract Tower,18,58,10,4,90,0,4,9,2,15,18,62,19,6,105,0,34,34,139
07/30/2007,XNA,AR,ASW,CE,Federal Contract Tower,25,64,14,18,121,0,12,11,9,32,25,76,25,27,153,0,18,18,171
07/31/2007,XNA,AR,ASW,CE,Federal Contract Tower,22,75,25,26,148,0,0,4,0,4,22,75,29,26,152,0,74,74,226
08/01/2007,XNA,AR,ASW,CE,Federal Contract Tower,20,77,17,27,141,0,0,7,0,7,20,77,24,27,148,4,128,132,280
08/02/2007,XNA,AR,ASW,CE,Federal Contract Tower,19,83,20,11,133,0,0,16,0,16,19,83,36,11,149,0,40,40,189
08/03/2007,XNA,AR,ASW,CE,Federal Contract Tower,21,72,12,36,141,0,4,16,2,22,21,76,28,38,163,0,30,30,193
08/04/2007,XNA,AR,ASW,CE,Federal Contract Tower,13,46,5,0,64,0,2,10,3,15,13,48,15,3,79,0,0,0,79
08/05/2007,XNA,AR,ASW,CE,Federal Contract Tower,20,57,2,7,86,0,2,6,0,8,20,59,8,7,94,0,0,0,94
08/06/2007,XNA,AR,ASW,CE,Federal Contract Tower,19,74,10,23,126,0,4,8,2,14,19,78,18,25,140,0,10,10,150
08/07/2007,XNA,AR,ASW,CE,Federal Contract Tower,21,74,17,8,120,0,2,8,1,11,21,76,25,9,131,0,64,64,195
08/08/2007,XNA,AR,ASW,CE,Federal Contract Tower,23,81,13,30,147,0,4,8,0,12,23,85,21,30,159,0,104,104,263
08/09/2007,XNA,AR,ASW,CE,Federal Contract Tower,24,79,32,13,148,0,0,23,0,23,24,79,55,13,171,0,2,2,173
08/10/2007,XNA,AR,ASW,CE,Federal Contract Tower,24,77,10,41,152,0,2,16,5,23,24,79,26,46,175,0,70,70,245
08/11/2007,XNA,AR,ASW,CE,Federal Contract Tower,17,50,1,2,70,0,0,14,4,18,17,50,15,6,88,0,14,14,102
08/12/2007,XNA,AR,ASW,CE,Federal Contract Tower,18,61,10,3,92,0,0,16,26,42,18,61,26,29,134,0,0,0,134
08/13/2007,XNA,AR,ASW,CE,Federal Contract Tower,23,75,7,9,114,0,3,13,0,16,23,78,20,9,130,0,0,0,130
08/14/2007,XNA,AR,ASW,CE,Federal Contract Tower,20,78,14,22,134,0,0,9,4,13,20,78,23,26,147,6,73,79,226
08/15/2007,XNA,AR,ASW,CE,Federal Contract Tower,23,79,14,24,140,0,2,14,1,17,23,81,28,25,157,0,192,192,349
08/16/2007,XNA,AR,ASW,CE,Federal Contract Tower,25,76,21,26,148,0,2,34,4,40,25,78,55,30,188,0,84,84,272
08/17/2007,XNA,AR,ASW,CE,Federal Contract Tower,20,62,16,30,128,0,0,10,2,12,20,62,26,32,140,0,107,107,247
08/18/2007,XNA,AR,ASW,CE,Federal Contract Tower,14,50,5,2,71,0,0,9,6,15,14,50,14,8,86,0,0,0,86
08/19/2007,XNA,AR,ASW,CE,Federal Contract Tower,17,62,9,2,90,0,0,5,0,5,17,62,14,2,95,0,14,14,109
08/20/2007,XNA,AR,ASW,CE,Federal Contract Tower,20,75,9,17,121,0,0,4,0,4,20,75,13,17,125,0,54,54,179
08/21/2007,XNA,AR,ASW,CE,Federal Contract Tower,26,77,25,40,168,0,2,2,0,4,26,79,27,40,172,0,102,102,274
08/22/2007,XNA,AR,ASW,CE,Federal Contract Tower,23,71,17,14,125,0,3,15,0,18,23,74,32,14,143,0,84,84,227
08/23/2007,XNA,AR,ASW,CE,Federal Contract Tower,20,74,15,3,112,0,0,8,0,8,20,74,23,3,120,6,30,36,156
08/24/2007,XNA,AR,ASW,CE,Federal Contract Tower,25,70,12,4,111,0,5,15,4,24,25,75,27,8,135,0,24,24,159
08/25/2007,XNA,AR,ASW,CE,Federal Contract Tower,15,43,11,0,69,0,8,4,0,12,15,51,15,0,81,0,0,0,81
08/26/2007,XNA,AR,ASW,CE,Federal Contract Tower,20,55,15,15,105,0,6,4,2,12,20,61,19,17,117,2,30,32,149
08/27/2007,XNA,AR,ASW,CE,Federal Contract Tower,27,75,13,12,127,0,0,11,0,11,27,75,24,12,138,0,44,44,182
08/28/2007,XNA,AR,ASW,CE,Federal Contract Tower,23,71,15,52,161,0,0,10,3,13,23,71,25,55,174,0,88,88,262
08/29/2007,XNA,AR,ASW,CE,Federal Contract Tower,28,76,10,41,155,0,0,6,0,6,28,76,16,41,161,0,42,42,203
08/30/2007,XNA,AR,ASW,CE,Federal Contract Tower,24,70,21,24,139,0,4,8,2,14,24,74,29,26,153,14,34,48,201
08/31/2007,XNA,AR,ASW,CE,Federal Contract Tower,26,71,17,10,124,0,0,18,4,22,26,71,35,14,146,0,18,18,164
09/01/2007,XNA,AR,ASW,CE,Federal Contract Tower,12,42,6,0,60,0,4,10,0,14,12,46,16,0,74,0,0,0,74
09/02/2007,XNA,AR,ASW,CE,Federal Contract Tower,17,43,3,0,63,0,0,3,2,5,17,43,6,2,68,0,0,0,68
09/03/2007,XNA,AR,ASW,CE,Federal Contract Tower,24,61,3,0,88,0,0,16,0,16,24,61,19,0,104,0,14,14,118
09/04/2007,XNA,AR,ASW,CE,Federal Contract Tower,24,76,19,6,125,0,2,0,0,2,24,78,19,6,127,0,12,12,139
09/05/2007,XNA,AR,ASW,CE,Federal Contract Tower,27,84,19,2,132,0,0,0,0,0,27,84,19,2,132,0,0,0,132
09/06/2007,XNA,AR,ASW,CE,Federal Contract Tower,27,81,13,13,134,0,0,0,4,4,27,81,13,17,138,0,10,10,148
09/07/2007,XNA,AR,ASW,CE,Federal Contract Tower,34,75,6,10,125,0,0,8,0,8,34,75,14,10,133,0,0,0,133
09/08/2007,XNA,AR,ASW,CE,Federal Contract Tower,21,46,5,2,74,0,0,0,0,0,21,46,5,2,74,0,0,0,74
09/09/2007,XNA,AR,ASW,CE,Federal Contract Tower,23,65,4,10,102,0,0,0,1,1,23,65,4,11,103,0,0,0,103
09/10/2007,XNA,AR,ASW,CE,Federal Contract Tower,25,80,5,7,117,0,0,2,0,2,25,80,7,7,119,0,8,8,127
09/11/2007,XNA,AR,ASW,CE,Federal Contract Tower,32,76,15,24,147,0,4,1,0,5,32,80,16,24,152,0,24,24,176
09/12/2007,XNA,AR,ASW,CE,Federal Contract Tower,32,76,9,24,141,0,10,5,7,22,32,86,14,31,163,0,43,43,206
09/13/2007,XNA,AR,ASW,CE,Federal Contract Tower,31,83,14,18,146,0,0,12,5,17,31,83,26,23,163,0,92,92,255
09/14/2007,XNA,AR,ASW,CE,Federal Contract Tower,34,79,14,39,166,0,8,9,0,17,34,87,23,39,183,0,47,47,230
09/15/2007,XNA,AR,ASW,CE,Federal Contract Tower,19,44,12,1,76,0,0,19,4,23,19,44,31,5,99,0,0,0,99
09/16/2007,XNA,AR,ASW,CE,Federal Contract Tower,25,63,16,33,137,0,0,14,6,20,25,63,30,39,157,0,20,20,177
09/17/2007,XNA,AR,ASW,CE,Federal Contract Tower,32,80,21,17,150,0,0,5,2,7,32,80,26,19,157,0,54,54,211
09/18/2007,XNA,AR,ASW,CE,Federal Contract Tower,31,81,24,30,166,0,0,8,3,11,31,81,32,33,177,8,144,152,329
09/19/2007,XNA,AR,ASW,CE,Federal Contract Tower,32,82,20,8,142,0,0,15,0,15,32,82,35,8,157,2,0,2,159
09/20/2007,XNA,AR,ASW,CE,Federal Contract Tower,34,78,20,22,154,0,14,2,16,32,34,92,22,38,186,0,115,115,301
09/21/2007,XNA,AR,ASW,CE,Federal Contract Tower,37,79,4,12,132,0,2,9,3,14,37,81,13,15,146,0,0,0,146
09/22/2007,XNA,AR,ASW,CE,Federal Contract Tower,22,45,3,1,71,0,12,21,9,42,22,57,24,10,113,0,0,0,113
09/23/2007,XNA,AR,ASW,CE,Federal Contract Tower,26,57,4,0,87,0,0,8,0,8,26,57,12,0,95,0,0,0,95
09/24/2007,XNA,AR,ASW,CE,Federal Contract Tower,34,76,9,69,188,0,4,4,0,8,34,80,13,69,196,0,55,55,251
09/25/2007,XNA,AR,ASW,CE,Federal Contract Tower,26,69,11,0,106,0,4,4,0,8,26,73,15,0,114,0,0,0,114
09/26/2007,XNA,AR,ASW,CE,Federal Contract Tower,36,81,34,0,151,0,2,0,0,2,36,83,34,0,153,0,0,0,153
09/27/2007,XNA,AR,ASW,CE,Federal Contract Tower,28,80,13,0,121,0,4,2,0,6,28,84,15,0,127,0,0,0,127
09/28/2007,XNA,AR,ASW,CE,Federal Contract Tower,29,80,12,2,123,0,0,20,0,20,29,80,32,2,143,0,4,4,147
09/29/2007,XNA,AR,ASW,CE,Federal Contract Tower,15,46,4,0,65,0,2,2,20,24,15,48,6,20,89,0,0,0,89
09/30/2007,XNA,AR,ASW,CE,Federal Contract Tower,21,64,14,2,101,0,0,7,0,7,21,64,21,2,108,0,0,0,108
10/01/2007,XNA,AR,ASW,CE,Federal Contract Tower,31,86,23,21,161,0,0,5,6,11,31,86,28,27,172,18,90,108,280
10/02/2007,XNA,AR,ASW,CE,Federal Contract Tower,26,72,10,0,108,0,1,2,3,6,26,73,12,3,114,0,0,0,114
10/03/2007,XNA,AR,ASW,CE,Federal Contract Tower,33,84,21,24,162,0,5,10,2,17,33,89,31,26,179,0,12,12,191
10/04/2007,XNA,AR,ASW,CE,Federal Contract Tower,32,77,12,26,147,0,2,10,5,17,32,79,22,31,164,0,112,112,276
10/05/2007,XNA,AR,ASW,CE,Federal Contract Tower,32,80,17,16,145,0,85,2,2,89,32,165,19,18,234,2,66,68,302
10/06/2007,XNA,AR,ASW,CE,Federal Contract Tower,18,46,0,6,70,0,0,11,6,17,18,46,11,12,87,0,0,0,87
10/07/2007,XNA,AR,ASW,CE,Federal Contract Tower,23,66,5,2,96,0,0,2,2,4,23,66,7,4,100,0,14,14,114
10/08/2007,XNA,AR,ASW,CE,Federal Contract Tower,30,84,25,0,139,0,0,2,0,2,30,84,27,0,141,0,0,0,141
10/09/2007,XNA,AR,ASW,CE,Federal Contract Tower,26,81,19,8,134,0,2,8,0,10,26,83,27,8,144,6,48,54,198
10/10/2007,XNA,AR,ASW,CE,Federal Contract Tower,27,79,47,25,178,2,10,7,2,21,29,89,54,27,199,20,12,32,231
10/11/2007,XNA,AR,ASW,CE,Federal Contract Tower,33,75,26,4,138,0,2,17,3,22,33,77,43,7,160,0,14,14,174
10/12/2007,XNA,AR,ASW,CE,Federal Contract Tower,33,86,19,8,146,0,0,27,0,27,33,86,46,8,173,0,19,19,192
10/13/2007,XNA,AR,ASW,CE,Federal Contract Tower,15,49,9,5,78,0,6,10,2,18,15,55,19,7,96,0,0,0,96
10/14/2007,XNA,AR,ASW,CE,Federal Contract Tower,22,67,9,11,109,0,0,8,0,8,22,67,17,11,117,0,24,24,141
10/15/2007,XNA,AR,ASW,CE,Federal Contract Tower,28,77,9,3,117,0,1,0,0,1,28,78,9,3,118,0,0,0,118
10/16/2007,XNA,AR,ASW,CE,Federal Contract Tower,28,76,22,8,134,0,4,4,0,8,28,80,26,8,142,0,0,0,142
10/17/2007,XNA,AR,ASW,CE,Federal Contract Tower,27,85,20,6,138,0,0,2,0,2,27,85,22,6,140,0,0,0,140
10/18/2007,XNA,AR,ASW,CE,Federal Contract Tower,28,71,19,17,135,0,0,6,2,8,28,71,25,19,143,0,52,52,195
10/19/2007,XNA,AR,ASW,CE,Federal Contract Tower,31,79,11,13,134,0,0,16,0,16,31,79,27,13,150,4,32,36,186
10/20/2007,XNA,AR,ASW,CE,Federal Contract Tower,18,47,6,1,72,0,10,6,3,19,18,57,12,4,91,0,0,0,91
10/21/2007,XNA,AR,ASW,CE,Federal Contract Tower,24,59,4,9,96,0,0,4,0,4,24,59,8,9,100,0,10,10,110
10/22/2007,XNA,AR,ASW,CE,Federal Contract Tower,30,83,7,0,120,0,0,2,0,2,30,83,9,0,122,0,0,0,122
10/23/2007,XNA,AR,ASW,CE,Federal Contract Tower,30,76,19,3,128,0,0,6,0,6,30,76,25,3,134,0,8,8,142
10/24/2007,XNA,AR,ASW,CE,Federal Contract Tower,34,72,20,14,140,0,2,7,7,16,34,74,27,21,156,0,68,68,224
10/25/2007,XNA,AR,ASW,CE,Federal Contract Tower,32,80,20,27,159,0,0,12,2,14,32,80,32,29,173,0,50,50,223
10/26/2007,XNA,AR,ASW,CE,Federal Contract Tower,34,76,23,9,142,0,4,7,2,13,34,80,30,11,155,0,0,0,155
10/27/2007,XNA,AR,ASW,CE,Federal Contract Tower,16,48,8,4,76,0,4,15,6,25,16,52,23,10,101,6,0,6,107
10/28/2007,XNA,AR,ASW,CE,Federal Contract Tower,24,66,8,9,107,0,0,4,0,4,24,66,12,9,111,6,4,10,121
10/29/2007,XNA,AR,ASW,CE,Federal Contract Tower,31,85,18,15,149,0,10,12,0,22,31,95,30,15,171,0,3,3,174
10/30/2007,XNA,AR,ASW,CE,Federal Contract Tower,32,75,15,25,147,0,0,4,2,6,32,75,19,27,153,0,70,70,223
10/31/2007,XNA,AR,ASW,CE,Federal Contract Tower,28,79,15,13,135,0,4,11,2,17,28,83,26,15,152,0,94,94,246
11/01/2007,XNA,AR,ASW,CE,Federal Contract Tower,30,76,13,20,139,0,0,12,1,13,30,76,25,21,152,0,62,62,214
11/02/2007,XNA,AR,ASW,CE,Federal Contract Tower,32,79,15,45,171,0,0,12,2,14,32,79,27,47,185,0,62,62,247
11/03/2007,XNA,AR,ASW,CE,Federal Contract Tower,17,46,10,0,73,0,1,14,0,15,17,47,24,0,88,8,0,8,96
11/04/2007,XNA,AR,ASW,CE,Federal Contract Tower,24,62,7,2,95,0,2,11,0,13,24,64,18,2,108,0,0,0,108
11/05/2007,XNA,AR,ASW,CE,Federal Contract Tower,31,83,10,21,145,0,0,14,2,16,31,83,24,23,161,0,40,40,201
11/06/2007,XNA,AR,ASW,CE,Federal Contract Tower,26,77,17,44,164,0,2,9,1,12,26,79,26,45,176,0,130,130,306
11/07/2007,XNA,AR,ASW,CE,Federal Contract Tower,30,83,17,44,174,0,2,6,5,13,30,85,23,49,187,0,68,68,255
11/08/2007,XNA,AR,ASW,CE,Federal Contract Tower,29,87,18,27,161,0,8,13,2,23,29,95,31,29,184,0,80,80,264
11/09/2007,XNA,AR,ASW,CE,Federal Contract Tower,32,81,4,16,133,0,4,15,1,20,32,85,19,17,153,0,28,28,181
11/10/2007,XNA,AR,ASW,CE,Federal Contract Tower,14,50,4,0,68,0,0,12,0,12,14,50,16,0,80,0,0,0,80
11/11/2007,XNA,AR,ASW,CE,Federal Contract Tower,20,67,15,2,104,0,0,9,0,9,20,67,24,2,113,0,0,0,113
11/12/2007,XNA,AR,ASW,CE,Federal Contract Tower,30,83,8,0,121,0,0,0,0,0,30,83,8,0,121,0,0,0,121
11/13/2007,XNA,AR,ASW,CE,Federal Contract Tower,33,78,16,3,130,0,6,0,0,6,33,84,16,3,136,0,0,0,136
11/14/2007,XNA,AR,ASW,CE,Federal Contract Tower,31,80,23,14,148,0,2,4,0,6,31,82,27,14,154,0,80,80,234
11/15/2007,XNA,AR,ASW,CE,Federal Contract Tower,30,88,24,32,174,0,0,10,0,10,30,88,34,32,184,0,40,40,224
11/16/2007,XNA,AR,ASW,CE,Federal Contract Tower,30,81,14,9,134,0,0,9,0,9,30,81,23,9,143,0,39,39,182
11/17/2007,XNA,AR,ASW,CE,Federal Contract Tower,13,42,1,0,56,0,0,10,0,10,13,42,11,0,66,0,0,0,66
11/18/2007,XNA,AR,ASW,CE,Federal Contract Tower,22,65,6,1,94,0,0,6,0,6,22,65,12,1,100,0,0,0,100
11/19/2007,XNA,AR,ASW,CE,Federal Contract Tower,30,79,10,6,125,0,6,5,2,13,30,85,15,8,138,6,29,35,173
11/20/2007,XNA,AR,ASW,CE,Federal Contract Tower,33,82,10,4,129,0,4,2,0,6,33,86,12,4,135,0,16,16,151
11/21/2007,XNA,AR,ASW,CE,Federal Contract Tower,28,84,6,0,118,0,0,4,0,4,28,84,10,0,122,0,0,0,122
11/22/2007,XNA,AR,ASW,CE,Federal Contract Tower,20,41,0,0,61,0,0,4,0,4,20,41,4,0,65,0,0,0,65
11/23/2007,XNA,AR,ASW,CE,Federal Contract Tower,23,48,4,0,75,0,4,4,0,8,23,52,8,0,83,0,0,0,83
11/24/2007,XNA,AR,ASW,CE,Federal Contract Tower,15,54,12,0,81,0,0,1,0,1,15,54,13,0,82,0,0,0,82
11/25/2007,XNA,AR,ASW,CE,Federal Contract Tower,23,64,9,0,96,0,0,0,0,0,23,64,9,0,96,0,0,0,96
11/26/2007,XNA,AR,ASW,CE,Federal Contract Tower,25,79,26,28,158,0,0,0,2,2,25,79,26,30,160,0,20,20,180
11/27/2007,XNA,AR,ASW,CE,Federal Contract Tower,29,82,18,18,147,0,2,12,7,21,29,84,30,25,168,0,62,62,230
11/28/2007,XNA,AR,ASW,CE,Federal Contract Tower,28,81,11,21,141,0,2,9,4,15,28,83,20,25,156,0,16,16,172
11/29/2007,XNA,AR,ASW,CE,Federal Contract Tower,32,84,13,14,143,0,0,17,12,29,32,84,30,26,172,0,0,0,172
11/30/2007,XNA,AR,ASW,CE,Federal Contract Tower,31,72,15,2,120,0,6,7,0,13,31,78,22,2,133,0,8,8,141
12/01/2007,XNA,AR,ASW,CE,Federal Contract Tower,15,44,2,0,61,0,0,0,2,2,15,44,2,2,63,0,0,0,63
12/02/2007,XNA,AR,ASW,CE,Federal Contract Tower,29,64,4,0,97,0,0,3,0,3,29,64,7,0,100,0,0,0,100
12/03/2007,XNA,AR,ASW,CE,Federal Contract Tower,35,72,11,22,140,0,0,5,0,5,35,72,16,22,145,2,0,2,147
12/04/2007,XNA,AR,ASW,CE,Federal Contract Tower,33,71,16,21,141,0,4,10,1,15,33,75,26,22,156,0,20,20,176
12/05/2007,XNA,AR,ASW,CE,Federal Contract Tower,27,70,25,11,133,0,2,9,4,15,27,72,34,15,148,0,54,54,202
12/06/2007,XNA,AR,ASW,CE,Federal Contract Tower,32,73,20,2,127,0,0,12,0,12,32,73,32,2,139,0,0,0,139
12/07/2007,XNA,AR,ASW,CE,Federal Contract Tower,32,67,13,0,112,0,0,0,0,0,32,67,13,0,112,0,0,0,112
12/08/2007,XNA,AR,ASW,CE,Federal Contract Tower,17,41,4,0,62,0,0,0,0,0,17,41,4,0,62,0,0,0,62
12/09/2007,XNA,AR,ASW,CE,Federal Contract Tower,20,56,8,0,84,0,0,0,0,0,20,56,8,0,84,0,0,0,84
12/10/2007,XNA,AR,ASW,CE,Federal Contract Tower,32,68,13,0,113,0,0,0,0,0,32,68,13,0,113,0,0,0,113
12/11/2007,XNA,AR,ASW,CE,Federal Contract Tower,29,70,16,0,115,0,0,0,0,0,29,70,16,0,115,0,0,0,115
12/12/2007,XNA,AR,ASW,CE,Federal Contract Tower,29,77,27,0,133,0,0,0,0,0,29,77,27,0,133,0,0,0,133
12/13/2007,XNA,AR,ASW,CE,Federal Contract Tower,32,68,14,10,124,0,0,0,0,0,32,68,14,10,124,0,0,0,124
12/14/2007,XNA,AR,ASW,CE,Federal Contract Tower,28,74,7,2,111,0,0,2,0,2,28,74,9,2,113,2,0,2,115
12/15/2007,XNA,AR,ASW,CE,Federal Contract Tower,11,49,2,0,62,0,0,0,0,0,11,49,2,0,62,0,0,0,62
12/16/2007,XNA,AR,ASW,CE,Federal Contract Tower,27,55,10,3,95,0,2,1,0,3,27,57,11,3,98,0,0,0,98
12/17/2007,XNA,AR,ASW,CE,Federal Contract Tower,25,71,8,11,115,0,0,15,0,15,25,71,23,11,130,0,0,0,130
12/18/2007,XNA,AR,ASW,CE,Federal Contract Tower,27,78,26,25,156,0,2,13,0,15,27,80,39,25,171,0,72,72,243
12/19/2007,XNA,AR,ASW,CE,Federal Contract Tower,26,76,16,35,153,0,0,10,1,11,26,76,26,36,164,0,14,14,178
12/20/2007,XNA,AR,ASW,CE,Federal Contract Tower,30,88,21,4,143,0,0,2,0,2,30,88,23,4,145,0,0,0,145
12/21/2007,XNA,AR,ASW,CE,Federal Contract Tower,23,77,2,2,104,0,0,9,0,9,23,77,11,2,113,0,2,2,115
12/22/2007,XNA,AR,ASW,CE,Federal Contract Tower,20,63,2,2,87,0,0,0,0,0,20,63,2,2,87,0,0,0,87
12/23/2007,XNA,AR,ASW,CE,Federal Contract Tower,18,50,0,0,68,0,0,4,0,4,18,50,4,0,72,0,0,0,72
12/24/2007,XNA,AR,ASW,CE,Federal Contract Tower,20,47,0,0,67,0,5,7,0,12,20,52,7,0,79,0,0,0,79
12/25/2007,XNA,AR,ASW,CE,Federal Contract Tower,20,54,0,0,74,0,0,2,0,2,20,54,2,0,76,0,0,0,76
12/26/2007,XNA,AR,ASW,CE,Federal Contract Tower,24,69,8,4,105,0,0,3,0,3,24,69,11,4,108,0,0,0,108
12/27/2007,XNA,AR,ASW,CE,Federal Contract Tower,26,65,0,0,91,0,0,1,0,1,26,65,1,0,92,0,0,0,92
12/28/2007,XNA,AR,ASW,CE,Federal Contract Tower,24,62,3,14,103,0,0,4,0,4,24,62,7,14,107,0,20,20,127
12/29/2007,XNA,AR,ASW,CE,Federal Contract Tower,14,53,2,0,69,0,0,0,0,0,14,53,2,0,69,0,0,0,69
12/30/2007,XNA,AR,ASW,CE,Federal Contract Tower,17,58,6,0,81,0,0,3,0,3,17,58,9,0,84,0,0,0,84
12/31/2007,XNA,AR,ASW,CE,Federal Contract Tower,22,55,4,0,81,0,0,4,0,4,22,55,8,0,85,0,0,0,85
01/01/2008,XNA,AR,ASW,CE,Federal Contract Tower,18,58,5,0,81,0,0,4,0,4,18,58,9,0,85,0,0,0,85
01/02/2008,XNA,AR,ASW,CE,Federal Contract Tower,26,67,7,2,102,0,0,3,0,3,26,67,10,2,105,8,0,8,113
01/03/2008,XNA,AR,ASW,CE,Federal Contract Tower,29,81,7,10,127,0,0,5,0,5,29,81,12,10,132,0,32,32,164
01/04/2008,XNA,AR,ASW,CE,Federal Contract Tower,26,71,2,14,113,0,0,0,0,0,26,71,2,14,113,0,0,0,113
01/05/2008,XNA,AR,ASW,CE,Federal Contract Tower,15,46,1,0,62,0,2,0,0,2,15,48,1,0,64,0,0,0,64
01/06/2008,XNA,AR,ASW,CE,Federal Contract Tower,24,58,3,1,86,0,2,1,2,5,24,60,4,3,91,0,0,0,91
01/07/2008,XNA,AR,ASW,CE,Federal Contract Tower,28,68,9,10,115,0,0,1,0,1,28,68,10,10,116,0,8,8,124
01/08/2008,XNA,AR,ASW,CE,Federal Contract Tower,26,73,10,24,133,0,0,2,0,2,26,73,12,24,135,0,0,0,135
01/09/2008,XNA,AR,ASW,CE,Federal Contract Tower,30,70,26,17,143,0,2,4,3,9,30,72,30,20,152,16,10,26,178
01/10/2008,XNA,AR,ASW,CE,Federal Contract Tower,25,76,18,11,130,0,0,4,0,4,25,76,22,11,134,0,8,8,142
01/11/2008,XNA,AR,ASW,CE,Federal Contract Tower,29,68,21,17,135,1,2,3,0,6,30,70,24,17,141,0,16,16,157
01/12/2008,XNA,AR,ASW,CE,Federal Contract Tower,14,43,5,3,65,0,0,12,12,24,14,43,17,15,89,0,35,35,124
01/13/2008,XNA,AR,ASW,CE,Federal Contract Tower,27,50,12,7,96,0,0,1,0,1,27,50,13,7,97,0,0,0,97
01/14/2008,XNA,AR,ASW,CE,Federal Contract Tower,28,73,7,29,137,0,6,5,5,16,28,79,12,34,153,0,24,24,177
01/15/2008,XNA,AR,ASW,CE,Federal Contract Tower,29,66,16,8,119,0,0,13,0,13,29,66,29,8,132,0,4,4,136
01/16/2008,XNA,AR,ASW,CE,Federal Contract Tower,29,69,40,1,139,0,0,6,0,6,29,69,46,1,145,0,0,0,145
01/17/2008,XNA,AR,ASW,CE,Federal Contract Tower,25,74,17,17,133,0,0,0,1,1,25,74,17,18,134,0,30,30,164
01/18/2008,XNA,AR,ASW,CE,Federal Contract Tower,29,66,13,34,142,0,4,2,3,9,29,70,15,37,151,0,10,10,161
01/19/2008,XNA,AR,ASW,CE,Federal Contract Tower,15,44,2,14,75,0,0,5,0,5,15,44,7,14,80,0,32,32,112
01/20/2008,XNA,AR,ASW,CE,Federal Contract Tower,22,52,4,28,106,0,0,11,2,13,22,52,15,30,119,0,38,38,157
01/21/2008,XNA,AR,ASW,CE,Federal Contract Tower,23,68,5,0,96,0,0,0,0,0,23,68,5,0,96,0,0,0,96
01/22/2008,XNA,AR,ASW,CE,Federal Contract Tower,28,64,11,7,110,0,4,2,0,6,28,68,13,7,116,0,20,20,136
01/23/2008,XNA,AR,ASW,CE,Federal Contract Tower,28,72,16,49,165,0,4,6,2,12,28,76,22,51,177,0,108,108,285
01/24/2008,XNA,AR,ASW,CE,Federal Contract Tower,26,80,21,14,141,0,2,13,0,15,26,82,34,14,156,0,30,30,186
01/25/2008,XNA,AR,ASW,CE,Federal Contract Tower,21,69,9,0,99,0,0,7,0,7,21,69,16,0,106,0,0,0,106
01/26/2008,XNA,AR,ASW,CE,Federal Contract Tower,11,36,0,0,47,0,0,0,0,0,11,36,0,0,47,0,0,0,47
01/27/2008,XNA,AR,ASW,CE,Federal Contract Tower,19,52,4,2,77,0,4,2,4,10,19,56,6,6,87,0,0,0,87
01/28/2008,XNA,AR,ASW,CE,Federal Contract Tower,27,74,10,17,128,0,0,0,0,0,27,74,10,17,128,0,4,4,132
01/29/2008,XNA,AR,ASW,CE,Federal Contract Tower,27,76,24,4,131,0,4,0,0,4,27,80,24,4,135,0,0,0,135
01/30/2008,XNA,AR,ASW,CE,Federal Contract Tower,25,68,33,18,144,3,4,8,0,15,28,72,41,18,159,0,10,10,169
01/31/2008,XNA,AR,ASW,CE,Federal Contract Tower,20,67,38,0,125,0,4,0,0,4,20,71,38,0,129,0,0,0,129
02/01/2008,XNA,AR,ASW,CE,Federal Contract Tower,28,64,18,5,115,0,2,1,0,3,28,66,19,5,118,0,6,6,124
02/02/2008,XNA,AR,ASW,CE,Federal Contract Tower,14,46,9,1,70,0,2,15,0,17,14,48,24,1,87,0,0,0,87
02/03/2008,XNA,AR,ASW,CE,Federal Contract Tower,20,51,5,11,87,0,0,2,0,2,20,51,7,11,89,0,0,0,89
02/04/2008,XNA,AR,ASW,CE,Federal Contract Tower,28,69,11,3,111,0,2,18,0,20,28,71,29,3,131,0,18,18,149
02/05/2008,XNA,AR,ASW,CE,Federal Contract Tower,24,64,9,0,97,0,0,0,0,0,24,64,9,0,97,0,0,0,97
02/06/2008,XNA,AR,ASW,CE,Federal Contract Tower,21,68,28,23,140,0,0,0,0,0,21,68,28,23,140,0,6,6,146
02/07/2008,XNA,AR,ASW,CE,Federal Contract Tower,30,79,15,12,136,0,6,3,0,9,30,85,18,12,145,0,0,0,145
02/08/2008,XNA,AR,ASW,CE,Federal Contract Tower,26,71,10,7,114,0,0,8,5,13,26,71,18,12,127,0,6,6,133
02/09/2008,XNA,AR,ASW,CE,Federal Contract Tower,14,42,1,0,57,0,0,4,0,4,14,42,5,0,61,0,0,0,61
02/10/2008,XNA,AR,ASW,CE,Federal Contract Tower,23,52,4,8,87,0,0,8,0,8,23,52,12,8,95,0,0,0,95
02/11/2008,XNA,AR,ASW,CE,Federal Contract Tower,27,66,5,0,98,0,0,0,0,0,27,66,5,0,98,6,0,6,104
02/12/2008,XNA,AR,ASW,CE,Federal Contract Tower,26,60,13,7,106,0,2,4,0,6,26,62,17,7,112,0,67,67,179
02/13/2008,XNA,AR,ASW,CE,Federal Contract Tower,29,68,10,23,130,0,0,10,2,12,29,68,20,25,142,0,25,25,167
02/14/2008,XNA,AR,ASW,CE,Federal Contract Tower,27,77,11,23,138,0,0,0,0,0,27,77,11,23,138,0,18,18,156
02/15/2008,XNA,AR,ASW,CE,Federal Contract Tower,24,69,7,0,100,0,0,4,0,4,24,69,11,0,104,0,0,0,104
02/16/2008,XNA,AR,ASW,CE,Federal Contract Tower,6,43,5,0,54,0,0,0,0,0,6,43,5,0,54,0,0,0,54
02/17/2008,XNA,AR,ASW,CE,Federal Contract Tower,22,55,9,0,86,0,0,0,0,0,22,55,9,0,86,0,0,0,86
02/18/2008,XNA,AR,ASW,CE,Federal Contract Tower,25,71,12,15,123,0,0,13,0,13,25,71,25,15,136,0,2,2,138
02/19/2008,XNA,AR,ASW,CE,Federal Contract Tower,31,70,18,12,131,0,0,10,0,10,31,70,28,12,141,0,14,14,155
02/20/2008,XNA,AR,ASW,CE,Federal Contract Tower,27,82,17,24,150,0,0,9,0,9,27,82,26,24,159,0,8,8,167
02/21/2008,XNA,AR,ASW,CE,Federal Contract Tower,25,68,23,0,116,0,0,0,0,0,25,68,23,0,116,0,0,0,116
02/22/2008,XNA,AR,ASW,CE,Federal Contract Tower,27,66,10,2,105,0,0,0,0,0,27,66,10,2,105,0,0,0,105
02/23/2008,XNA,AR,ASW,CE,Federal Contract Tower,10,52,10,2,74,0,0,2,0,2,10,52,12,2,76,0,0,0,76
02/24/2008,XNA,AR,ASW,CE,Federal Contract Tower,19,63,1,0,83,0,0,3,0,3,19,63,4,0,86,0,0,0,86
02/25/2008,XNA,AR,ASW,CE,Federal Contract Tower,27,79,14,35,155,0,0,11,0,11,27,79,25,35,166,0,30,30,196
02/26/2008,XNA,AR,ASW,CE,Federal Contract Tower,23,74,13,36,146,0,0,9,6,15,23,74,22,42,161,0,84,84,245
02/27/2008,XNA,AR,ASW,CE,Federal Contract Tower,24,89,26,27,166,0,4,14,1,19,24,93,40,28,185,0,72,72,257
02/28/2008,XNA,AR,ASW,CE,Federal Contract Tower,31,79,23,31,164,0,6,15,2,23,31,85,38,33,187,6,30,36,223
02/29/2008,XNA,AR,ASW,CE,Federal Contract Tower,23,74,21,22,140,0,0,5,0,5,23,74,26,22,145,4,9,13,158
03/01/2008,XNA,AR,ASW,CE,Federal Contract Tower,13,50,3,2,68,0,0,20,0,20,13,50,23,2,88,4,32,36,124
03/02/2008,XNA,AR,ASW,CE,Federal Contract Tower,25,60,5,8,98,0,2,4,1,7,25,62,9,9,105,0,0,0,105
03/03/2008,XNA,AR,ASW,CE,Federal Contract Tower,20,76,12,0,108,0,0,0,0,0,20,76,12,0,108,0,0,0,108
03/04/2008,XNA,AR,ASW,CE,Federal Contract Tower,25,75,21,10,131,0,0,1,3,4,25,75,22,13,135,0,2,2,137
03/05/2008,XNA,AR,ASW,CE,Federal Contract Tower,28,81,20,31,160,0,0,7,0,7,28,81,27,31,167,2,58,60,227
03/06/2008,XNA,AR,ASW,CE,Federal Contract Tower,21,75,19,0,115,0,0,0,0,0,21,75,19,0,115,0,0,0,115
03/07/2008,XNA,AR,ASW,CE,Federal Contract Tower,25,72,7,0,104,0,2,6,0,8,25,74,13,0,112,0,0,0,112
03/08/2008,XNA,AR,ASW,CE,Federal Contract Tower,12,42,6,0,60,0,2,6,0,8,12,44,12,0,68,0,0,0,68
03/09/2008,XNA,AR,ASW,CE,Federal Contract Tower,23,61,4,0,88,0,6,4,0,10,23,67,8,0,98,0,0,0,98
03/10/2008,XNA,AR,ASW,CE,Federal Contract Tower,27,84,14,18,143,0,2,12,1,15,27,86,26,19,158,0,34,34,192
03/11/2008,XNA,AR,ASW,CE,Federal Contract Tower,23,78,15,29,145,0,2,12,1,15,23,80,27,30,160,0,28,28,188
03/12/2008,XNA,AR,ASW,CE,Federal Contract Tower,27,89,16,2,134,0,2,10,5,17,27,91,26,7,151,10,0,10,161
03/13/2008,XNA,AR,ASW,CE,Federal Contract Tower,25,85,16,5,131,0,0,6,1,7,25,85,22,6,138,14,4,18,156
03/14/2008,XNA,AR,ASW,CE,Federal Contract Tower,29,74,17,34,154,0,0,4,0,4,29,74,21,34,158,0,24,24,182
03/15/2008,XNA,AR,ASW,CE,Federal Contract Tower,16,49,5,2,72,0,0,0,0,0,16,49,5,2,72,0,0,0,72
03/16/2008,XNA,AR,ASW,CE,Federal Contract Tower,26,63,8,20,117,0,0,2,0,2,26,63,10,20,119,0,26,26,145
03/17/2008,XNA,AR,ASW,CE,Federal Contract Tower,24,81,4,0,109,0,0,2,0,2,24,81,6,0,111,0,0,0,111
03/18/2008,XNA,AR,ASW,CE,Federal Contract Tower,18,63,6,0,87,0,0,0,0,0,18,63,6,0,87,0,0,0,87
03/19/2008,XNA,AR,ASW,CE,Federal Contract Tower,27,78,18,21,144,0,0,6,3,9,27,78,24,24,153,0,60,60,213
03/20/2008,XNA,AR,ASW,CE,Federal Contract Tower,27,77,11,12,127,0,4,15,6,25,27,81,26,18,152,0,16,16,168
03/21/2008,XNA,AR,ASW,CE,Federal Contract Tower,20,70,9,23,122,0,0,25,0,25,20,70,34,23,147,0,30,30,177
03/22/2008,XNA,AR,ASW,CE,Federal Contract Tower,12,48,3,13,76,0,0,8,0,8,12,48,11,13,84,0,10,10,94
03/23/2008,XNA,AR,ASW,CE,Federal Contract Tower,23,65,9,0,97,0,0,5,0,5,23,65,14,0,102,0,0,0,102
03/24/2008,XNA,AR,ASW,CE,Federal Contract Tower,27,75,15,25,142,0,0,11,0,11,27,75,26,25,153,0,4,4,157
03/25/2008,XNA,AR,ASW,CE,Federal Contract Tower,23,80,19,9,131,0,2,3,1,6,23,82,22,10,137,0,0,0,137
03/26/2008,XNA,AR,ASW,CE,Federal Contract Tower,26,90,15,2,133,0,0,3,0,3,26,90,18,2,136,0,0,0,136
03/27/2008,XNA,AR,ASW,CE,Federal Contract Tower,22,79,24,9,134,0,0,12,0,12,22,79,36,9,146,0,2,2,148
03/28/2008,XNA,AR,ASW,CE,Federal Contract Tower,25,72,18,6,121,0,0,5,0,5,25,72,23,6,126,20,0,20,146
03/29/2008,XNA,AR,ASW,CE,Federal Contract Tower,14,47,5,1,67,0,0,0,0,0,14,47,5,1,67,0,0,0,67
03/30/2008,XNA,AR,ASW,CE,Federal Contract Tower,17,64,4,0,85,0,0,1,0,1,17,64,5,0,86,4,0,4,90
03/31/2008,XNA,AR,ASW,CE,Federal Contract Tower,18,73,18,0,109,0,0,0,0,0,18,73,18,0,109,0,0,0,109
04/01/2008,XNA,AR,ASW,CE,Federal Contract Tower,27,84,15,34,160,0,0,13,0,13,27,84,28,34,173,0,18,18,191
04/02/2008,XNA,AR,ASW,CE,Federal Contract Tower,27,80,17,10,134,0,0,4,0,4,27,80,21,10,138,0,0,0,138
04/03/2008,XNA,AR,ASW,CE,Federal Contract Tower,28,79,25,0,132,0,0,4,0,4,28,79,29,0,136,0,0,0,136
04/04/2008,XNA,AR,ASW,CE,Federal Contract Tower,18,73,20,9,120,0,0,6,0,6,18,73,26,9,126,0,38,38,164
04/05/2008,XNA,AR,ASW,CE,Federal Contract Tower,9,48,13,8,78,0,0,14,0,14,9,48,27,8,92,0,8,8,100
04/06/2008,XNA,AR,ASW,CE,Federal Contract Tower,24,63,4,0,91,0,1,6,0,7,24,64,10,0,98,0,0,0,98
04/07/2008,XNA,AR,ASW,CE,Federal Contract Tower,27,83,5,25,140,0,0,5,3,8,27,83,10,28,148,0,28,28,176
04/08/2008,XNA,AR,ASW,CE,Federal Contract Tower,25,84,10,14,133,0,0,2,0,2,25,84,12,14,135,0,0,0,135
04/09/2008,XNA,AR,ASW,CE,Federal Contract Tower,18,87,26,32,163,0,0,0,0,0,18,87,26,32,163,0,26,26,189
04/10/2008,XNA,AR,ASW,CE,Federal Contract Tower,18,65,18,13,114,0,0,2,0,2,18,65,20,13,116,0,0,0,116
04/11/2008,XNA,AR,ASW,CE,Federal Contract Tower,23,74,12,18,127,0,0,0,0,0,23,74,12,18,127,0,2,2,129
04/12/2008,XNA,AR,ASW,CE,Federal Contract Tower,12,45,5,0,62,0,0,0,0,0,12,45,5,0,62,0,0,0,62
04/13/2008,XNA,AR,ASW,CE,Federal Contract Tower,19,60,4,2,85,0,0,4,0,4,19,60,8,2,89,0,0,0,89
04/14/2008,XNA,AR,ASW,CE,Federal Contract Tower,26,78,8,6,118,0,2,13,0,15,26,80,21,6,133,0,2,2,135
04/15/2008,XNA,AR,ASW,CE,Federal Contract Tower,31,77,22,22,152,0,0,10,0,10,31,77,32,22,162,0,14,14,176
04/16/2008,XNA,AR,ASW,CE,Federal Contract Tower,29,78,37,21,165,0,0,5,4,9,29,78,42,25,174,6,34,40,214
04/17/2008,XNA,AR,ASW,CE,Federal Contract Tower,28,81,17,10,136,0,0,4,0,4,28,81,21,10,140,0,0,0,140
04/18/2008,XNA,AR,ASW,CE,Federal Contract Tower,29,80,12,22,143,0,2,2,0,4,29,82,14,22,147,0,10,10,157
04/19/2008,XNA,AR,ASW,CE,Federal Contract Tower,15,46,11,5,77,0,0,8,0,8,15,46,19,5,85,0,0,0,85
04/20/2008,XNA,AR,ASW,CE,Federal Contract Tower,20,64,2,8,94,0,0,11,0,11,20,64,13,8,105,4,10,14,119
04/21/2008,XNA,AR,ASW,CE,Federal Contract Tower,26,95,10,17,148,0,0,10,0,10,26,95,20,17,158,0,4,4,162
04/22/2008,XNA,AR,ASW,CE,Federal Contract Tower,29,84,22,4,139,0,0,0,0,0,29,84,22,4,139,0,0,0,139
04/23/2008,XNA,AR,ASW,CE,Federal Contract Tower,26,81,17,0,124,0,0,2,0,2,26,81,19,0,126,4,0,4,130
04/24/2008,XNA,AR,ASW,CE,Federal Contract Tower,29,81,14,0,124,0,0,2,0,2,29,81,16,0,126,0,0,0,126
04/25/2008,XNA,AR,ASW,CE,Federal Contract Tower,29,74,11,1,115,0,0,2,0,2,29,74,13,1,117,0,0,0,117
04/26/2008,XNA,AR,ASW,CE,Federal Contract Tower,21,42,8,0,71,0,0,9,0,9,21,42,17,0,80,2,0,2,82
04/27/2008,XNA,AR,ASW,CE,Federal Contract Tower,22,62,9,1,94,0,0,2,0,2,22,62,11,1,96,0,0,0,96
04/28/2008,XNA,AR,ASW,CE,Federal Contract Tower,27,83,6,12,128,0,0,2,7,9,27,83,8,19,137,0,6,6,143
04/29/2008,XNA,AR,ASW,CE,Federal Contract Tower,30,75,22,8,135,6,2,6,0,14,36,77,28,8,149,0,12,12,161
04/30/2008,XNA,AR,ASW,CE,Federal Contract Tower,31,80,19,26,156,0,0,5,5,10,31,80,24,31,166,0,48,48,214
05/01/2008,XNA,AR,ASW,CE,Federal Contract Tower,30,79,20,0,129,0,0,0,0,0,30,79,20,0,129,0,0,0,129
05/02/2008,XNA,AR,ASW,CE,Federal Contract Tower,24,66,10,17,117,0,0,4,0,4,24,66,14,17,121,0,6,6,127
05/03/2008,XNA,AR,ASW,CE,Federal Contract Tower,12,47,4,0,63,1,0,5,0,6,13,47,9,0,69,0,0,0,69
05/04/2008,XNA,AR,ASW,CE,Federal Contract Tower,24,57,7,0,88,0,0,16,0,16,24,57,23,0,104,0,0,0,104
05/05/2008,XNA,AR,ASW,CE,Federal Contract Tower,28,85,13,0,126,0,0,1,0,1,28,85,14,0,127,0,0,0,127
05/06/2008,XNA,AR,ASW,CE,Federal Contract Tower,28,84,20,0,132,0,0,6,0,6,28,84,26,0,138,0,0,0,138
05/07/2008,XNA,AR,ASW,CE,Federal Contract Tower,21,87,13,0,121,0,0,5,0,5,21,87,18,0,126,0,0,0,126
05/08/2008,XNA,AR,ASW,CE,Federal Contract Tower,32,89,21,3,145,0,0,6,0,6,32,89,27,3,151,0,0,0,151
05/09/2008,XNA,AR,ASW,CE,Federal Contract Tower,31,77,18,4,130,0,0,6,0,6,31,77,24,4,136,0,8,8,144
05/10/2008,XNA,AR,ASW,CE,Federal Contract Tower,12,51,2,4,69,0,0,0,0,0,12,51,2,4,69,0,0,0,69
05/11/2008,XNA,AR,ASW,CE,Federal Contract Tower,21,55,12,8,96,0,0,1,0,1,21,55,13,8,97,0,0,0,97
05/12/2008,XNA,AR,ASW,CE,Federal Contract Tower,27,80,9,21,137,0,0,7,2,9,27,80,16,23,146,0,30,30,176
05/13/2008,XNA,AR,ASW,CE,Federal Contract Tower,28,81,11,4,124,0,0,8,3,11,28,81,19,7,135,0,0,0,135
05/14/2008,XNA,AR,ASW,CE,Federal Contract Tower,27,79,13,11,130,0,0,7,10,17,27,79,20,21,147,0,20,20,167
05/15/2008,XNA,AR,ASW,CE,Federal Contract Tower,26,80,17,11,134,0,0,0,0,0,26,80,17,11,134,0,0,0,134
05/16/2008,XNA,AR,ASW,CE,Federal Contract Tower,28,79,12,23,142,0,0,15,3,18,28,79,27,26,160,0,2,2,162
05/17/2008,XNA,AR,ASW,CE,Federal Contract Tower,13,48,5,4,70,0,0,9,2,11,13,48,14,6,81,0,0,0,81
05/18/2008,XNA,AR,ASW,CE,Federal Contract Tower,21,57,1,4,83,0,0,14,0,14,21,57,15,4,97,0,6,6,103
05/19/2008,XNA,AR,ASW,CE,Federal Contract Tower,34,77,20,26,157,0,0,1,0,1,34,77,21,26,158,0,42,42,200
05/20/2008,XNA,AR,ASW,CE,Federal Contract Tower,31,82,15,8,136,0,1,7,3,11,31,83,22,11,147,0,8,8,155
05/21/2008,XNA,AR,ASW,CE,Federal Contract Tower,23,92,14,12,141,0,0,18,0,18,23,92,32,12,159,10,14,24,183
05/22/2008,XNA,AR,ASW,CE,Federal Contract Tower,27,77,10,34,148,0,0,4,0,4,27,77,14,34,152,0,34,34,186
05/23/2008,XNA,AR,ASW,CE,Federal Contract Tower,37,73,14,2,126,0,0,7,0,7,37,73,21,2,133,0,0,0,133
05/24/2008,XNA,AR,ASW,CE,Federal Contract Tower,13,47,2,0,62,0,0,4,0,4,13,47,6,0,66,0,0,0,66
05/25/2008,XNA,AR,ASW,CE,Federal Contract Tower,18,43,3,4,68,0,0,4,0,4,18,43,7,4,72,0,0,0,72
05/26/2008,XNA,AR,ASW,CE,Federal Contract Tower,27,59,7,3,96,0,0,2,0,2,27,59,9,3,98,0,0,0,98
05/27/2008,XNA,AR,ASW,CE,Federal Contract Tower,29,80,14,4,127,0,0,0,0,0,29,80,14,4,127,0,24,24,151
05/28/2008,XNA,AR,ASW,CE,Federal Contract Tower,28,76,12,2,118,0,4,4,1,9,28,80,16,3,127,0,56,56,183
05/29/2008,XNA,AR,ASW,CE,Federal Contract Tower,27,74,20,13,134,0,6,11,0,17,27,80,31,13,151,0,4,4,155
05/30/2008,XNA,AR,ASW,CE,Federal Contract Tower,28,75,12,24,139,0,0,9,0,9,28,75,21,24,148,0,8,8,156
05/31/2008,XNA,AR,ASW,CE,Federal Contract Tower,12,48,1,0,61,2,0,2,0,4,14,48,3,0,65,0,0,0,65
06/01/2008,XNA,AR,ASW,CE,Federal Contract Tower,27,56,2,0,85,0,0,8,0,8,27,56,10,0,93,0,0,0,93
06/02/2008,XNA,AR,ASW,CE,Federal Contract Tower,30,75,14,0,119,0,0,8,0,8,30,75,22,0,127,0,0,0,127
06/03/2008,XNA,AR,ASW,CE,Federal Contract Tower,33,72,15,17,137,0,2,9,0,11,33,74,24,17,148,0,24,24,172
06/04/2008,XNA,AR,ASW,CE,Federal Contract Tower,32,77,12,8,129,0,0,4,0,4,32,77,16,8,133,0,6,6,139
06/05/2008,XNA,AR,ASW,CE,Federal Contract Tower,31,80,16,21,148,0,0,6,0,6,31,80,22,21,154,0,4,4,158
06/06/2008,XNA,AR,ASW,CE,Federal Contract Tower,33,72,6,2,113,0,0,13,1,14,33,72,19,3,127,0,4,4,131
06/07/2008,XNA,AR,ASW,CE,Federal Contract Tower,35,54,0,3,92,0,0,8,0,8,35,54,8,3,100,0,0,0,100
06/08/2008,XNA,AR,ASW,CE,Federal Contract Tower,19,56,6,2,83,0,0,2,0,2,19,56,8,2,85,0,0,0,85
06/09/2008,XNA,AR,ASW,CE,Federal Contract Tower,23,71,7,0,101,0,0,0,1,1,23,71,7,1,102,0,0,0,102
06/10/2008,XNA,AR,ASW,CE,Federal Contract Tower,32,70,15,38,155,0,0,4,3,7,32,70,19,41,162,0,106,106,268
06/11/2008,XNA,AR,ASW,CE,Federal Contract Tower,29,84,22,28,163,0,0,14,1,15,29,84,36,29,178,0,18,18,196
06/12/2008,XNA,AR,ASW,CE,Federal Contract Tower,27,76,13,37,153,0,0,14,0,14,27,76,27,37,167,0,78,78,245
06/13/2008,XNA,AR,ASW,CE,Federal Contract Tower,28,70,17,3,118,0,0,2,0,2,28,70,19,3,120,28,0,28,148
06/14/2008,XNA,AR,ASW,CE,Federal Contract Tower,13,48,4,0,65,0,0,10,0,10,13,48,14,0,75,0,0,0,75
06/15/2008,XNA,AR,ASW,CE,Federal Contract Tower,21,54,2,14,91,0,0,6,0,6,21,54,8,14,97,0,0,0,97
06/16/2008,XNA,AR,ASW,CE,Federal Contract Tower,30,72,12,0,114,0,0,6,0,6,30,72,18,0,120,10,0,10,130
06/17/2008,XNA,AR,ASW,CE,Federal Contract Tower,24,81,17,5,127,0,2,14,0,16,24,83,31,5,143,0,4,4,147
06/18/2008,XNA,AR,ASW,CE,Federal Contract Tower,29,81,10,2,122,0,2,5,1,8,29,83,15,3,130,2,0,2,132
06/19/2008,XNA,AR,ASW,CE,Federal Contract Tower,26,80,9,19,134,0,0,13,0,13,26,80,22,19,147,2,2,4,151
06/20/2008,XNA,AR,ASW,CE,Federal Contract Tower,27,77,13,8,125,0,0,10,0,10,27,77,23,8,135,0,30,30,165
06/21/2008,XNA,AR,ASW,CE,Federal Contract Tower,13,47,2,22,84,0,4,10,6,20,13,51,12,28,104,0,18,18,122
06/22/2008,XNA,AR,ASW,CE,Federal Contract Tower,21,54,4,13,92,0,2,7,0,9,21,56,11,13,101,4,4,8,109
06/23/2008,XNA,AR,ASW,CE,Federal Contract Tower,29,75,9,0,113,0,0,4,0,4,29,75,13,0,117,2,0,2,119
06/24/2008,XNA,AR,ASW,CE,Federal Contract Tower,28,75,14,36,153,0,2,10,0,12,28,77,24,36,165,0,36,36,201
06/25/2008,XNA,AR,ASW,CE,Federal Contract Tower,27,80,14,33,154,0,0,7,0,7,27,80,21,33,161,2,10,12,173
06/26/2008,XNA,AR,ASW,CE,Federal Contract Tower,29,73,26,38,166,0,2,13,5,20,29,75,39,43,186,0,18,18,204
06/27/2008,XNA,AR,ASW,CE,Federal Contract Tower,24,78,8,11,121,0,0,8,0,8,24,78,16,11,129,0,6,6,135
06/28/2008,XNA,AR,ASW,CE,Federal Contract Tower,12,46,8,0,66,0,0,0,0,0,12,46,8,0,66,0,0,0,66
06/29/2008,XNA,AR,ASW,CE,Federal Contract Tower,24,53,3,3,83,0,0,6,0,6,24,53,9,3,89,0,2,2,91
06/30/2008,XNA,AR,ASW,CE,Federal Contract Tower,29,75,18,24,146,0,2,6,0,8,29,77,24,24,154,2,4,6,160
07/01/2008,XNA,AR,ASW,CE,Federal Contract Tower,29,76,12,11,128,0,2,10,1,13,29,78,22,12,141,0,14,14,155
07/02/2008,XNA,AR,ASW,CE,Federal Contract Tower,27,74,16,10,127,0,2,11,1,14,27,76,27,11,141,0,4,4,145
07/03/2008,XNA,AR,ASW,CE,Federal Contract Tower,28,68,9,2,107,0,0,5,0,5,28,68,14,2,112,0,8,8,120
07/04/2008,XNA,AR,ASW,CE,Federal Contract Tower,20,45,2,0,67,0,0,0,0,0,20,45,2,0,67,0,0,0,67
07/05/2008,XNA,AR,ASW,CE,Federal Contract Tower,13,40,2,0,55,0,0,0,0,0,13,40,2,0,55,0,0,0,55
07/06/2008,XNA,AR,ASW,CE,Federal Contract Tower,20,56,5,6,87,0,0,0,0,0,20,56,5,6,87,0,0,0,87
07/07/2008,XNA,AR,ASW,CE,Federal Contract Tower,28,73,14,10,125,0,0,0,0,0,28,73,14,10,125,0,4,4,129
07/08/2008,XNA,AR,ASW,CE,Federal Contract Tower,26,77,13,30,146,0,0,4,0,4,26,77,17,30,150,0,34,34,184
07/09/2008,XNA,AR,ASW,CE,Federal Contract Tower,26,77,16,0,119,0,0,2,0,2,26,77,18,0,121,0,0,0,121
07/10/2008,XNA,AR,ASW,CE,Federal Contract Tower,24,86,15,5,130,0,0,0,0,0,24,86,15,5,130,6,12,18,148
07/11/2008,XNA,AR,ASW,CE,Federal Contract Tower,28,73,17,26,144,0,0,5,1,6,28,73,22,27,150,6,6,12,162
07/12/2008,XNA,AR,ASW,CE,Federal Contract Tower,15,49,10,0,74,0,0,6,0,6,15,49,16,0,80,0,0,0,80
07/13/2008,XNA,AR,ASW,CE,Federal Contract Tower,20,53,13,10,96,0,0,2,0,2,20,53,15,10,98,0,22,22,120
07/14/2008,XNA,AR,ASW,CE,Federal Contract Tower,27,80,10,9,126,0,0,2,0,2,27,80,12,9,128,0,18,18,146
07/15/2008,XNA,AR,ASW,CE,Federal Contract Tower,25,80,8,16,129,0,0,7,6,13,25,80,15,22,142,0,12,12,154
07/16/2008,XNA,AR,ASW,CE,Federal Contract Tower,29,80,21,3,133,0,0,9,3,12,29,80,30,6,145,0,6,6,151
07/17/2008,XNA,AR,ASW,CE,Federal Contract Tower,28,77,13,35,153,0,0,2,0,2,28,77,15,35,155,0,26,26,181
07/18/2008,XNA,AR,ASW,CE,Federal Contract Tower,26,69,13,12,120,0,0,12,0,12,26,69,25,12,132,0,20,20,152
07/19/2008,XNA,AR,ASW,CE,Federal Contract Tower,14,46,8,0,68,0,0,3,0,3,14,46,11,0,71,12,0,12,83
07/20/2008,XNA,AR,ASW,CE,Federal Contract Tower,19,59,4,8,90,0,0,2,1,3,19,59,6,9,93,0,12,12,105
07/21/2008,XNA,AR,ASW,CE,Federal Contract Tower,25,76,5,29,135,0,0,6,0,6,25,76,11,29,141,0,68,68,209
07/22/2008,XNA,AR,ASW,CE,Federal Contract Tower,28,72,24,0,124,0,0,6,0,6,28,72,30,0,130,0,0,0,130
07/23/2008,XNA,AR,ASW,CE,Federal Contract Tower,23,74,17,4,118,0,0,8,0,8,23,74,25,4,126,0,14,14,140
07/24/2008,XNA,AR,ASW,CE,Federal Contract Tower,29,71,15,17,132,0,0,3,1,4,29,71,18,18,136,0,20,20,156
07/25/2008,XNA,AR,ASW,CE,Federal Contract Tower,28,73,8,23,132,0,1,7,2,10,28,74,15,25,142,0,6,6,148
07/26/2008,XNA,AR,ASW,CE,Federal Contract Tower,11,51,16,10,88,0,0,4,1,5,11,51,20,11,93,0,34,34,127
07/27/2008,XNA,AR,ASW,CE,Federal Contract Tower,16,62,6,1,85,0,0,7,0,7,16,62,13,1,92,0,0,0,92
07/28/2008,XNA,AR,ASW,CE,Federal Contract Tower,23,80,9,31,143,0,4,4,2,10,23,84,13,33,153,0,16,16,169
07/29/2008,XNA,AR,ASW,CE,Federal Contract Tower,21,76,20,50,167,0,0,2,1,3,21,76,22,51,170,0,26,26,196
07/30/2008,XNA,AR,ASW,CE,Federal Contract Tower,26,81,17,10,134,0,0,6,0,6,26,81,23,10,140,0,4,4,144
07/31/2008,XNA,AR,ASW,CE,Federal Contract Tower,28,72,9,27,136,0,0,2,2,4,28,72,11,29,140,0,48,48,188
08/01/2008,XNA,AR,ASW,CE,Federal Contract Tower,27,75,18,38,158,0,0,0,3,3,27,75,18,41,161,0,30,30,191
08/02/2008,XNA,AR,ASW,CE,Federal Contract Tower,14,48,8,12,82,0,0,0,0,0,14,48,8,12,82,4,2,6,88
08/03/2008,XNA,AR,ASW,CE,Federal Contract Tower,19,55,8,6,88,0,0,0,4,4,19,55,8,10,92,0,2,2,94
08/04/2008,XNA,AR,ASW,CE,Federal Contract Tower,23,73,7,35,138,0,0,7,0,7,23,73,14,35,145,0,62,62,207
08/05/2008,XNA,AR,ASW,CE,Federal Contract Tower,24,70,3,22,119,0,0,3,1,4,24,70,6,23,123,0,48,48,171
08/06/2008,XNA,AR,ASW,CE,Federal Contract Tower,28,78,16,26,148,0,0,3,0,3,28,78,19,26,151,0,26,26,177
08/07/2008,XNA,AR,ASW,CE,Federal Contract Tower,27,72,15,0,114,0,0,2,1,3,27,72,17,1,117,0,0,0,117
08/08/2008,XNA,AR,ASW,CE,Federal Contract Tower,28,81,5,42,156,0,0,2,1,3,28,81,7,43,159,6,36,42,201
08/09/2008,XNA,AR,ASW,CE,Federal Contract Tower,12,49,2,0,63,0,0,1,0,1,12,49,3,0,64,0,0,0,64
08/10/2008,XNA,AR,ASW,CE,Federal Contract Tower,17,61,12,6,96,0,0,0,0,0,17,61,12,6,96,0,0,0,96
08/11/2008,XNA,AR,ASW,CE,Federal Contract Tower,25,72,6,0,103,0,0,0,0,0,25,72,6,0,103,0,0,0,103
08/12/2008,XNA,AR,ASW,CE,Federal Contract Tower,28,74,20,30,152,0,0,2,0,2,28,74,22,30,154,0,40,40,194
08/13/2008,XNA,AR,ASW,CE,Federal Contract Tower,30,77,24,37,168,0,2,11,2,15,30,79,35,39,183,0,42,42,225
08/14/2008,XNA,AR,ASW,CE,Federal Contract Tower,27,77,13,17,134,0,0,3,2,5,27,77,16,19,139,0,2,2,141
08/15/2008,XNA,AR,ASW,CE,Federal Contract Tower,26,69,13,8,116,0,0,0,0,0,26,69,13,8,116,0,0,0,116
08/16/2008,XNA,AR,ASW,CE,Federal Contract Tower,11,49,5,11,76,0,0,0,0,0,11,49,5,11,76,0,0,0,76
08/17/2008,XNA,AR,ASW,CE,Federal Contract Tower,18,61,2,51,132,0,0,3,4,7,18,61,5,55,139,2,20,22,161
08/18/2008,XNA,AR,ASW,CE,Federal Contract Tower,26,80,5,60,171,0,0,0,0,0,26,80,5,60,171,0,68,68,239
08/19/2008,XNA,AR,ASW,CE,Federal Contract Tower,27,78,14,0,119,0,0,0,0,0,27,78,14,0,119,0,0,0,119
08/20/2008,XNA,AR,ASW,CE,Federal Contract Tower,29,84,14,13,140,0,0,0,0,0,29,84,14,13,140,0,6,6,146
08/21/2008,XNA,AR,ASW,CE,Federal Contract Tower,30,74,16,6,126,0,0,0,0,0,30,74,16,6,126,6,0,6,132
08/22/2008,XNA,AR,ASW,CE,Federal Contract Tower,26,74,17,0,117,0,0,5,0,5,26,74,22,0,122,0,0,0,122
08/23/2008,XNA,AR,ASW,CE,Federal Contract Tower,12,47,3,1,63,0,0,1,1,2,12,47,4,2,65,0,0,0,65
08/24/2008,XNA,AR,ASW,CE,Federal Contract Tower,17,55,10,5,87,0,0,1,0,1,17,55,11,5,88,0,0,0,88
08/25/2008,XNA,AR,ASW,CE,Federal Contract Tower,27,80,8,28,143,0,0,4,1,5,27,80,12,29,148,0,98,98,246
08/26/2008,XNA,AR,ASW,CE,Federal Contract Tower,25,70,17,16,128,0,0,9,5,14,25,70,26,21,142,4,26,30,172
08/27/2008,XNA,AR,ASW,CE,Federal Contract Tower,25,78,12,17,132,0,0,6,0,6,25,78,18,17,138,0,42,42,180
08/28/2008,XNA,AR,ASW,CE,Federal Contract Tower,26,79,16,3,124,0,0,3,3,6,26,79,19,6,130,0,8,8,138
08/29/2008,XNA,AR,ASW,CE,Federal Contract Tower,25,77,4,10,116,0,0,4,0,4,25,77,8,10,120,0,10,10,130
08/30/2008,XNA,AR,ASW,CE,Federal Contract Tower,12,40,3,0,55,0,0,2,0,2,12,40,5,0,57,0,0,0,57
08/31/2008,XNA,AR,ASW,CE,Federal Contract Tower,18,37,3,4,62,0,0,0,2,2,18,37,3,6,64,0,0,0,64
09/01/2008,XNA,AR,ASW,CE,Federal Contract Tower,23,59,3,0,85,0,0,0,0,0,23,59,3,0,85,0,0,0,85
09/02/2008,XNA,AR,ASW,CE,Federal Contract Tower,21,78,4,0,103,0,0,0,0,0,21,78,4,0,103,0,0,0,103
09/03/2008,XNA,AR,ASW,CE,Federal Contract Tower,23,78,12,0,113,0,0,0,0,0,23,78,12,0,113,0,0,0,113
09/04/2008,XNA,AR,ASW,CE,Federal Contract Tower,25,76,14,1,116,0,0,2,2,4,25,76,16,3,120,0,0,0,120
09/05/2008,XNA,AR,ASW,CE,Federal Contract Tower,25,72,8,29,134,0,0,4,1,5,25,72,12,30,139,0,10,10,149
09/06/2008,XNA,AR,ASW,CE,Federal Contract Tower,11,39,2,0,52,0,0,2,0,2,11,39,4,0,54,0,0,0,54
09/07/2008,XNA,AR,ASW,CE,Federal Contract Tower,11,65,4,10,90,0,0,2,0,2,11,65,6,10,92,0,8,8,100
09/08/2008,XNA,AR,ASW,CE,Federal Contract Tower,24,79,7,51,161,0,0,2,2,4,24,79,9,53,165,0,56,56,221
09/09/2008,XNA,AR,ASW,CE,Federal Contract Tower,23,75,13,13,124,0,0,1,0,1,23,75,14,13,125,0,0,0,125
09/10/2008,XNA,AR,ASW,CE,Federal Contract Tower,24,78,12,15,129,0,0,2,0,2,24,78,14,15,131,0,0,0,131
09/11/2008,XNA,AR,ASW,CE,Federal Contract Tower,23,73,22,16,134,0,0,1,0,1,23,73,23,16,135,0,0,0,135
09/12/2008,XNA,AR,ASW,CE,Federal Contract Tower,23,66,8,57,154,0,0,2,1,3,23,66,10,58,157,0,48,48,205
09/13/2008,XNA,AR,ASW,CE,Federal Contract Tower,14,32,2,0,48,0,0,0,0,0,14,32,2,0,48,0,0,0,48
09/14/2008,XNA,AR,ASW,CE,Federal Contract Tower,10,54,3,9,76,0,0,0,0,0,10,54,3,9,76,0,8,8,84
09/15/2008,XNA,AR,ASW,CE,Federal Contract Tower,25,71,6,32,134,0,0,4,0,4,25,71,10,32,138,0,64,64,202
09/16/2008,XNA,AR,ASW,CE,Federal Contract Tower,26,75,11,22,134,0,0,8,0,8,26,75,19,22,142,2,40,42,184
09/17/2008,XNA,AR,ASW,CE,Federal Contract Tower,21,97,14,4,136,0,0,7,0,7,21,97,21,4,143,0,2,2,145
09/18/2008,XNA,AR,ASW,CE,Federal Contract Tower,25,76,16,7,124,0,0,4,0,4,25,76,20,7,128,0,0,0,128
09/19/2008,XNA,AR,ASW,CE,Federal Contract Tower,25,81,15,21,142,0,0,3,0,3,25,81,18,21,145,0,50,50,195
09/20/2008,XNA,AR,ASW,CE,Federal Contract Tower,16,40,12,4,72,0,0,0,0,0,16,40,12,4,72,0,0,0,72
09/21/2008,XNA,AR,ASW,CE,Federal Contract Tower,16,61,15,20,112,0,0,2,0,2,16,61,17,20,114,0,22,22,136
09/22/2008,XNA,AR,ASW,CE,Federal Contract Tower,23,85,4,5,117,0,0,0,0,0,23,85,4,5,117,0,2,2,119
09/23/2008,XNA,AR,ASW,CE,Federal Contract Tower,24,74,10,5,113,0,0,2,2,4,24,74,12,7,117,0,26,26,143
09/24/2008,XNA,AR,ASW,CE,Federal Contract Tower,25,74,17,6,122,0,0,5,0,5,25,74,22,6,127,0,0,0,127
09/25/2008,XNA,AR,ASW,CE,Federal Contract Tower,23,79,14,16,132,0,0,1,0,1,23,79,15,16,133,0,0,0,133
09/26/2008,XNA,AR,ASW,CE,Federal Contract Tower,28,71,9,4,112,0,0,2,0,2,28,71,11,4,114,0,0,0,114
09/27/2008,XNA,AR,ASW,CE,Federal Contract Tower,16,38,3,0,57,0,0,0,0,0,16,38,3,0,57,0,0,0,57
09/28/2008,XNA,AR,ASW,CE,Federal Contract Tower,17,60,8,17,102,0,0,1,0,1,17,60,9,17,103,0,2,2,105
09/29/2008,XNA,AR,ASW,CE,Federal Contract Tower,20,83,6,24,133,0,0,0,0,0,20,83,6,24,133,0,16,16,149
09/30/2008,XNA,AR,ASW,CE,Federal Contract Tower,23,73,19,20,135,0,0,1,0,1,23,73,20,20,136,2,20,22,158
10/01/2008,XNA,AR,ASW,CE,Federal Contract Tower,20,82,12,13,127,0,0,4,0,4,20,82,16,13,131,0,10,10,141
10/02/2008,XNA,AR,ASW,CE,Federal Contract Tower,26,74,16,10,126,0,0,1,0,1,26,74,17,10,127,0,6,6,133
10/03/2008,XNA,AR,ASW,CE,Federal Contract Tower,27,76,16,10,129,0,0,8,2,10,27,76,24,12,139,0,6,6,145
10/04/2008,XNA,AR,ASW,CE,Federal Contract Tower,17,43,7,8,75,0,0,0,0,0,17,43,7,8,75,2,0,2,77
10/05/2008,XNA,AR,ASW,CE,Federal Contract Tower,18,60,6,4,88,0,0,3,0,3,18,60,9,4,91,0,0,0,91
10/06/2008,XNA,AR,ASW,CE,Federal Contract Tower,22,79,12,10,123,0,0,0,0,0,22,79,12,10,123,0,0,0,123
10/07/2008,XNA,AR,ASW,CE,Federal Contract Tower,25,73,21,12,131,0,0,0,0,0,25,73,21,12,131,0,0,0,131
10/08/2008,XNA,AR,ASW,CE,Federal Contract Tower,23,82,22,2,129,0,0,2,0,2,23,82,24,2,131,0,0,0,131
10/09/2008,XNA,AR,ASW,CE,Federal Contract Tower,22,82,24,23,151,0,0,4,0,4,22,82,28,23,155,8,26,34,189
10/10/2008,XNA,AR,ASW,CE,Federal Contract Tower,25,79,8,12,124,0,1,3,0,4,25,80,11,12,128,0,2,2,130
10/11/2008,XNA,AR,ASW,CE,Federal Contract Tower,16,39,1,17,73,0,0,2,0,2,16,39,3,17,75,0,8,8,83
10/12/2008,XNA,AR,ASW,CE,Federal Contract Tower,18,63,8,0,89,0,0,0,0,0,18,63,8,0,89,0,0,0,89
10/13/2008,XNA,AR,ASW,CE,Federal Contract Tower,26,73,10,6,115,0,0,3,0,3,26,73,13,6,118,0,8,8,126
10/14/2008,XNA,AR,ASW,CE,Federal Contract Tower,23,72,28,22,145,0,0,2,0,2,23,72,30,22,147,0,2,2,149
10/15/2008,XNA,AR,ASW,CE,Federal Contract Tower,25,74,16,1,116,0,0,0,0,0,25,74,16,1,116,0,0,0,116
10/16/2008,XNA,AR,ASW,CE,Federal Contract Tower,23,76,18,18,135,0,0,8,3,11,23,76,26,21,146,0,42,42,188
10/17/2008,XNA,AR,ASW,CE,Federal Contract Tower,22,75,16,18,131,0,0,4,2,6,22,75,20,20,137,0,2,2,139
10/18/2008,XNA,AR,ASW,CE,Federal Contract Tower,15,38,4,0,57,0,0,1,2,3,15,38,5,2,60,0,0,0,60
10/19/2008,XNA,AR,ASW,CE,Federal Contract Tower,18,61,7,6,92,0,0,2,0,2,18,61,9,6,94,0,8,8,102
10/20/2008,XNA,AR,ASW,CE,Federal Contract Tower,23,76,7,5,111,0,0,8,3,11,23,76,15,8,122,0,0,0,122
10/21/2008,XNA,AR,ASW,CE,Federal Contract Tower,21,75,19,40,155,0,0,4,0,4,21,75,23,40,159,8,74,82,241
10/22/2008,XNA,AR,ASW,CE,Federal Contract Tower,20,73,7,0,100,0,0,2,0,2,20,73,9,0,102,0,0,0,102
10/23/2008,XNA,AR,ASW,CE,Federal Contract Tower,24,74,6,30,134,0,0,3,1,4,24,74,9,31,138,6,18,24,162
10/24/2008,XNA,AR,ASW,CE,Federal Contract Tower,25,72,8,8,113,0,0,0,0,0,25,72,8,8,113,0,0,0,113
10/25/2008,XNA,AR,ASW,CE,Federal Contract Tower,13,41,6,8,68,0,0,4,0,4,13,41,10,8,72,8,2,10,82
10/26/2008,XNA,AR,ASW,CE,Federal Contract Tower,17,61,5,3,86,0,0,1,0,1,17,61,6,3,87,0,0,0,87
10/27/2008,XNA,AR,ASW,CE,Federal Contract Tower,28,79,6,0,113,0,0,0,0,0,28,79,6,0,113,0,0,0,113
10/28/2008,XNA,AR,ASW,CE,Federal Contract Tower,24,79,17,13,133,0,0,14,0,14,24,79,31,13,147,0,12,12,159
10/29/2008,XNA,AR,ASW,CE,Federal Contract Tower,26,75,14,5,120,0,2,10,2,14,26,77,24,7,134,0,20,20,154
10/30/2008,XNA,AR,ASW,CE,Federal Contract Tower,23,77,18,17,135,0,0,2,1,3,23,77,20,18,138,0,30,30,168
10/31/2008,XNA,AR,ASW,CE,Federal Contract Tower,26,73,7,1,107,0,0,1,2,3,26,73,8,3,110,0,0,0,110
11/01/2008,XNA,AR,ASW,CE,Federal Contract Tower,14,39,0,0,53,0,0,2,0,2,14,39,2,0,55,0,0,0,55
11/02/2008,XNA,AR,ASW,CE,Federal Contract Tower,17,59,2,4,82,0,0,2,0,2,17,59,4,4,84,0,2,2,86
11/03/2008,XNA,AR,ASW,CE,Federal Contract Tower,22,84,10,10,126,0,0,0,0,0,22,84,10,10,126,0,32,32,158
11/04/2008,XNA,AR,ASW,CE,Federal Contract Tower,21,79,14,7,121,0,0,3,1,4,21,79,17,8,125,0,0,0,125
11/05/2008,XNA,AR,ASW,CE,Federal Contract Tower,21,81,22,2,126,0,0,1,0,1,21,81,23,2,127,0,14,14,141
11/06/2008,XNA,AR,ASW,CE,Federal Contract Tower,22,83,19,21,145,0,0,1,0,1,22,83,20,21,146,0,20,20,166
11/07/2008,XNA,AR,ASW,CE,Federal Contract Tower,18,76,15,10,119,0,0,6,0,6,18,76,21,10,125,6,8,14,139
11/08/2008,XNA,AR,ASW,CE,Federal Contract Tower,14,44,0,0,58,0,0,0,0,0,14,44,0,0,58,0,0,0,58
11/09/2008,XNA,AR,ASW,CE,Federal Contract Tower,16,65,9,5,95,0,0,4,0,4,16,65,13,5,99,0,0,0,99
11/10/2008,XNA,AR,ASW,CE,Federal Contract Tower,22,81,9,4,116,0,0,0,0,0,22,81,9,4,116,0,0,0,116
11/11/2008,XNA,AR,ASW,CE,Federal Contract Tower,21,78,8,2,109,0,0,0,0,0,21,78,8,2,109,0,0,0,109
11/12/2008,XNA,AR,ASW,CE,Federal Contract Tower,19,85,28,27,159,0,0,4,0,4,19,85,32,27,163,0,36,36,199
11/13/2008,XNA,AR,ASW,CE,Federal Contract Tower,20,88,9,51,168,0,0,0,2,2,20,88,9,53,170,0,6,6,176
11/14/2008,XNA,AR,ASW,CE,Federal Contract Tower,21,78,12,4,115,0,0,1,0,1,21,78,13,4,116,0,2,2,118
11/15/2008,XNA,AR,ASW,CE,Federal Contract Tower,9,46,5,0,60,0,0,5,0,5,9,46,10,0,65,0,0,0,65
11/16/2008,XNA,AR,ASW,CE,Federal Contract Tower,14,72,4,0,90,0,0,0,0,0,14,72,4,0,90,0,0,0,90
11/17/2008,XNA,AR,ASW,CE,Federal Contract Tower,22,83,15,12,132,0,0,0,0,0,22,83,15,12,132,18,50,68,200
11/18/2008,XNA,AR,ASW,CE,Federal Contract Tower,20,81,16,23,140,0,0,2,2,4,20,81,18,25,144,0,0,0,144
11/19/2008,XNA,AR,ASW,CE,Federal Contract Tower,18,96,20,32,166,0,0,3,0,3,18,96,23,32,169,0,0,0,169
11/20/2008,XNA,AR,ASW,CE,Federal Contract Tower,20,83,24,55,182,0,0,2,0,2,20,83,26,55,184,0,30,30,214
11/21/2008,XNA,AR,ASW,CE,Federal Contract Tower,22,78,8,29,137,0,0,0,4,4,22,78,8,33,141,0,22,22,163
11/22/2008,XNA,AR,ASW,CE,Federal Contract Tower,18,41,9,0,68,0,0,0,0,0,18,41,9,0,68,0,0,0,68
11/23/2008,XNA,AR,ASW,CE,Federal Contract Tower,19,63,4,6,92,0,0,1,0,1,19,63,5,6,93,0,0,0,93
11/24/2008,XNA,AR,ASW,CE,Federal Contract Tower,21,77,13,29,140,0,0,0,0,0,21,77,13,29,140,0,50,50,190
11/25/2008,XNA,AR,ASW,CE,Federal Contract Tower,23,80,5,17,125,0,0,1,2,3,23,80,6,19,128,0,6,6,134
11/26/2008,XNA,AR,ASW,CE,Federal Contract Tower,22,78,7,2,109,0,0,7,0,7,22,78,14,2,116,4,0,4,120
11/27/2008,XNA,AR,ASW,CE,Federal Contract Tower,17,33,0,0,50,0,0,0,0,0,17,33,0,0,50,0,0,0,50
11/28/2008,XNA,AR,ASW,CE,Federal Contract Tower,23,45,1,0,69,0,0,0,0,0,23,45,1,0,69,0,0,0,69
11/29/2008,XNA,AR,ASW,CE,Federal Contract Tower,13,50,4,0,67,0,0,1,0,1,13,50,5,0,68,0,0,0,68
11/30/2008,XNA,AR,ASW,CE,Federal Contract Tower,14,57,1,0,72,0,0,0,0,0,14,57,1,0,72,0,0,0,72
12/01/2008,XNA,AR,ASW,CE,Federal Contract Tower,17,84,7,6,114,0,0,2,2,4,17,84,9,8,118,0,0,0,118
12/02/2008,XNA,AR,ASW,CE,Federal Contract Tower,20,83,9,23,135,0,0,4,2,6,20,83,13,25,141,0,18,18,159
12/03/2008,XNA,AR,ASW,CE,Federal Contract Tower,19,89,17,10,135,0,0,4,0,4,19,89,21,10,139,0,0,0,139
12/04/2008,XNA,AR,ASW,CE,Federal Contract Tower,22,83,30,23,158,0,0,2,4,6,22,83,32,27,164,0,30,30,194
12/05/2008,XNA,AR,ASW,CE,Federal Contract Tower,18,77,21,17,133,0,0,2,2,4,18,77,23,19,137,0,28,28,165
12/06/2008,XNA,AR,ASW,CE,Federal Contract Tower,10,40,1,4,55,0,0,3,4,7,10,40,4,8,62,0,24,24,86
12/07/2008,XNA,AR,ASW,CE,Federal Contract Tower,17,60,3,11,91,0,0,2,1,3,17,60,5,12,94,0,0,0,94
12/08/2008,XNA,AR,ASW,CE,Federal Contract Tower,22,79,11,6,118,0,0,0,0,0,22,79,11,6,118,0,0,0,118
12/09/2008,XNA,AR,ASW,CE,Federal Contract Tower,17,84,26,2,129,0,0,0,0,0,17,84,26,2,129,0,0,0,129
12/10/2008,XNA,AR,ASW,CE,Federal Contract Tower,20,83,12,6,121,0,0,0,0,0,20,83,12,6,121,0,0,0,121
12/11/2008,XNA,AR,ASW,CE,Federal Contract Tower,25,77,21,25,148,0,0,1,7,8,25,77,22,32,156,0,2,2,158
12/12/2008,XNA,AR,ASW,CE,Federal Contract Tower,21,75,7,27,130,0,0,3,1,4,21,75,10,28,134,0,12,12,146
12/13/2008,XNA,AR,ASW,CE,Federal Contract Tower,14,39,3,1,57,0,0,0,0,0,14,39,3,1,57,0,0,0,57
12/14/2008,XNA,AR,ASW,CE,Federal Contract Tower,18,64,4,0,86,0,0,1,0,1,18,64,5,0,87,4,0,4,91
12/15/2008,XNA,AR,ASW,CE,Federal Contract Tower,22,80,15,8,125,0,0,0,2,2,22,80,15,10,127,0,0,0,127
12/16/2008,XNA,AR,ASW,CE,Federal Contract Tower,14,76,12,2,104,0,0,0,0,0,14,76,12,2,104,0,0,0,104
12/17/2008,XNA,AR,ASW,CE,Federal Contract Tower,21,84,15,4,124,0,0,0,0,0,21,84,15,4,124,0,0,0,124
12/18/2008,XNA,AR,ASW,CE,Federal Contract Tower,20,74,16,0,110,0,0,0,0,0,20,74,16,0,110,0,0,0,110
12/19/2008,XNA,AR,ASW,CE,Federal Contract Tower,21,73,11,9,114,0,4,5,1,10,21,77,16,10,124,0,2,2,126
12/20/2008,XNA,AR,ASW,CE,Federal Contract Tower,13,48,4,6,71,0,0,2,0,2,13,48,6,6,73,0,0,0,73
12/21/2008,XNA,AR,ASW,CE,Federal Contract Tower,13,55,6,17,91,0,0,0,2,2,13,55,6,19,93,0,4,4,97
12/22/2008,XNA,AR,ASW,CE,Federal Contract Tower,17,62,8,19,106,0,0,0,0,0,17,62,8,19,106,0,26,26,132
12/23/2008,XNA,AR,ASW,CE,Federal Contract Tower,18,63,2,0,83,0,0,0,0,0,18,63,2,0,83,0,0,0,83
12/24/2008,XNA,AR,ASW,CE,Federal Contract Tower,13,47,4,0,64,0,0,0,0,0,13,47,4,0,64,0,0,0,64
12/25/2008,XNA,AR,ASW,CE,Federal Contract Tower,14,42,0,0,56,0,0,0,0,0,14,42,0,0,56,0,0,0,56
12/26/2008,XNA,AR,ASW,CE,Federal Contract Tower,17,55,10,0,82,0,0,0,0,0,17,55,10,0,82,0,0,0,82
12/27/2008,XNA,AR,ASW,CE,Federal Contract Tower,8,47,10,0,65,0,0,0,0,0,8,47,10,0,65,0,0,0,65
12/28/2008,XNA,AR,ASW,CE,Federal Contract Tower,18,56,9,2,85,0,0,2,0,2,18,56,11,2,87,0,0,0,87
12/29/2008,XNA,AR,ASW,CE,Federal Contract Tower,20,67,1,0,88,0,0,0,0,0,20,67,1,0,88,0,0,0,88
12/30/2008,XNA,AR,ASW,CE,Federal Contract Tower,20,64,1,4,89,0,0,0,0,0,20,64,1,4,89,0,0,0,89
12/31/2008,XNA,AR,ASW,CE,Federal Contract Tower,16,50,8,0,74,0,0,0,0,0,16,50,8,0,74,0,0,0,74
01/01/2009,XNA,AR,ASW,CE,Federal Contract Tower,20,44,3,0,67,0,0,1,0,1,20,44,4,0,68,0,0,0,68
01/02/2009,XNA,AR,ASW,CE,Federal Contract Tower,20,66,3,0,89,0,0,5,0,5,20,66,8,0,94,0,0,0,94
01/03/2009,XNA,AR,ASW,CE,Federal Contract Tower,13,47,7,0,67,0,0,0,0,0,13,47,7,0,67,0,0,0,67
01/04/2009,XNA,AR,ASW,CE,Federal Contract Tower,17,53,4,0,74,0,0,0,0,0,17,53,4,0,74,0,0,0,74
01/05/2009,XNA,AR,ASW,CE,Federal Contract Tower,24,77,5,2,108,0,0,0,0,0,24,77,5,2,108,0,0,0,108
01/06/2009,XNA,AR,ASW,CE,Federal Contract Tower,18,72,10,25,125,0,0,0,0,0,18,72,10,25,125,0,14,14,139
01/07/2009,XNA,AR,ASW,CE,Federal Contract Tower,17,81,15,32,145,0,0,2,1,3,17,81,17,33,148,0,44,44,192
01/08/2009,XNA,AR,ASW,CE,Federal Contract Tower,20,80,10,21,131,0,0,7,1,8,20,80,17,22,139,0,18,18,157
01/09/2009,XNA,AR,ASW,CE,Federal Contract Tower,18,74,10,12,114,0,0,0,3,3,18,74,10,15,117,0,12,12,129
01/10/2009,XNA,AR,ASW,CE,Federal Contract Tower,12,41,4,0,57,0,0,0,0,0,12,41,4,0,57,0,0,0,57
01/11/2009,XNA,AR,ASW,CE,Federal Contract Tower,16,54,8,0,78,0,0,0,0,0,16,54,8,0,78,0,0,0,78
01/12/2009,XNA,AR,ASW,CE,Federal Contract Tower,22,75,6,14,117,0,0,1,0,1,22,75,7,14,118,0,40,40,158
01/13/2009,XNA,AR,ASW,CE,Federal Contract Tower,15,83,11,7,116,0,0,0,2,2,15,83,11,9,118,0,2,2,120
01/14/2009,XNA,AR,ASW,CE,Federal Contract Tower,17,81,7,20,125,0,0,0,0,0,17,81,7,20,125,0,16,16,141
01/15/2009,XNA,AR,ASW,CE,Federal Contract Tower,19,75,8,10,112,0,0,0,1,1,19,75,8,11,113,0,8,8,121
01/16/2009,XNA,AR,ASW,CE,Federal Contract Tower,16,74,20,19,129,0,0,3,2,5,16,74,23,21,134,0,24,24,158
01/17/2009,XNA,AR,ASW,CE,Federal Contract Tower,13,40,10,0,63,0,0,0,0,0,13,40,10,0,63,0,0,0,63
01/18/2009,XNA,AR,ASW,CE,Federal Contract Tower,17,47,7,15,86,0,0,1,0,1,17,47,8,15,87,0,0,0,87
01/19/2009,XNA,AR,ASW,CE,Federal Contract Tower,22,80,4,0,106,0,0,4,0,4,22,80,8,0,110,0,0,0,110
01/20/2009,XNA,AR,ASW,CE,Federal Contract Tower,23,78,14,11,126,0,2,1,0,3,23,80,15,11,129,0,26,26,155
01/21/2009,XNA,AR,ASW,CE,Federal Contract Tower,18,89,14,34,155,0,0,4,0,4,18,89,18,34,159,0,50,50,209
01/22/2009,XNA,AR,ASW,CE,Federal Contract Tower,19,85,19,47,170,0,0,12,3,15,19,85,31,50,185,0,14,14,199
01/23/2009,XNA,AR,ASW,CE,Federal Contract Tower,22,77,14,6,119,0,0,5,0,5,22,77,19,6,124,4,0,4,128
01/24/2009,XNA,AR,ASW,CE,Federal Contract Tower,12,46,8,6,72,0,0,8,0,8,12,46,16,6,80,2,0,2,82
01/25/2009,XNA,AR,ASW,CE,Federal Contract Tower,18,48,13,4,83,0,0,2,0,2,18,48,15,4,85,0,0,0,85
01/26/2009,XNA,AR,ASW,CE,Federal Contract Tower,16,60,12,1,89,0,0,0,0,0,16,60,12,1,89,0,0,0,89
01/27/2009,XNA,AR,ASW,CE,Federal Contract Tower,0,3,3,1,7,0,0,0,0,0,0,3,3,1,7,0,0,0,7
01/28/2009,XNA,AR,ASW,CE,Federal Contract Tower,12,50,25,3,90,0,0,0,0,0,12,50,25,3,90,0,0,0,90
01/29/2009,XNA,AR,ASW,CE,Federal Contract Tower,11,58,32,0,101,0,0,1,0,1,11,58,33,0,102,0,0,0,102
01/30/2009,XNA,AR,ASW,CE,Federal Contract Tower,13,79,20,23,135,0,0,3,1,4,13,79,23,24,139,0,14,14,153
01/31/2009,XNA,AR,ASW,CE,Federal Contract Tower,14,46,6,0,66,0,0,2,0,2,14,46,8,0,68,0,0,0,68
02/01/2009,XNA,AR,ASW,CE,Federal Contract Tower,17,57,4,20,98,0,0,0,6,6,17,57,4,26,104,0,0,0,104
02/02/2009,XNA,AR,ASW,CE,Federal Contract Tower,17,88,13,41,159,0,0,2,3,5,17,88,15,44,164,10,20,30,194
02/03/2009,XNA,AR,ASW,CE,Federal Contract Tower,21,77,9,5,112,0,1,8,0,9,21,78,17,5,121,0,4,4,125
02/04/2009,XNA,AR,ASW,CE,Federal Contract Tower,21,78,9,5,113,0,3,0,0,3,21,81,9,5,116,0,10,10,126
02/05/2009,XNA,AR,ASW,CE,Federal Contract Tower,18,89,9,10,126,0,0,4,0,4,18,89,13,10,130,0,4,4,134
02/06/2009,XNA,AR,ASW,CE,Federal Contract Tower,20,71,17,28,136,0,0,2,0,2,20,71,19,28,138,0,6,6,144
02/07/2009,XNA,AR,ASW,CE,Federal Contract Tower,13,35,7,0,55,0,0,0,0,0,13,35,7,0,55,0,0,0,55
02/08/2009,XNA,AR,ASW,CE,Federal Contract Tower,18,54,6,3,81,0,0,0,0,0,18,54,6,3,81,0,4,4,85
02/09/2009,XNA,AR,ASW,CE,Federal Contract Tower,22,79,12,16,129,0,0,2,0,2,22,79,14,16,131,4,6,10,141
02/10/2009,XNA,AR,ASW,CE,Federal Contract Tower,18,76,20,4,118,0,0,0,0,0,18,76,20,4,118,0,0,0,118
02/11/2009,XNA,AR,ASW,CE,Federal Contract Tower,22,77,13,0,112,0,0,2,0,2,22,77,15,0,114,0,0,0,114
02/12/2009,XNA,AR,ASW,CE,Federal Contract Tower,23,82,27,8,140,0,0,2,3,5,23,82,29,11,145,0,0,0,145
02/13/2009,XNA,AR,ASW,CE,Federal Contract Tower,21,74,8,20,123,0,0,5,2,7,21,74,13,22,130,0,12,12,142
02/14/2009,XNA,AR,ASW,CE,Federal Contract Tower,13,43,3,1,60,0,0,4,0,4,13,43,7,1,64,0,0,0,64
02/15/2009,XNA,AR,ASW,CE,Federal Contract Tower,18,52,2,2,74,0,0,0,0,0,18,52,2,2,74,0,0,0,74
02/16/2009,XNA,AR,ASW,CE,Federal Contract Tower,21,83,7,6,117,0,0,1,0,1,21,83,8,6,118,0,2,2,120
02/17/2009,XNA,AR,ASW,CE,Federal Contract Tower,22,79,14,42,157,0,0,0,0,0,22,79,14,42,157,0,22,22,179
02/18/2009,XNA,AR,ASW,CE,Federal Contract Tower,19,81,12,19,131,0,0,3,1,4,19,81,15,20,135,0,6,6,141
02/19/2009,XNA,AR,ASW,CE,Federal Contract Tower,20,89,17,24,150,0,0,1,0,1,20,89,18,24,151,0,44,44,195
02/20/2009,XNA,AR,ASW,CE,Federal Contract Tower,20,74,11,18,123,0,0,0,0,0,20,74,11,18,123,0,6,6,129
02/21/2009,XNA,AR,ASW,CE,Federal Contract Tower,13,38,2,0,53,0,0,4,0,4,13,38,6,0,57,0,0,0,57
02/22/2009,XNA,AR,ASW,CE,Federal Contract Tower,17,57,3,0,77,0,0,2,0,2,17,57,5,0,79,0,0,0,79
02/23/2009,XNA,AR,ASW,CE,Federal Contract Tower,18,89,3,30,140,0,0,2,0,2,18,89,5,30,142,0,66,66,208
02/24/2009,XNA,AR,ASW,CE,Federal Contract Tower,19,77,10,27,133,0,0,0,0,0,19,77,10,27,133,0,26,26,159
02/25/2009,XNA,AR,ASW,CE,Federal Contract Tower,23,78,13,10,124,0,0,2,0,2,23,78,15,10,126,0,0,0,126
02/26/2009,XNA,AR,ASW,CE,Federal Contract Tower,21,86,9,0,116,0,0,1,0,1,21,86,10,0,117,0,0,0,117
02/27/2009,XNA,AR,ASW,CE,Federal Contract Tower,24,77,9,20,130,0,0,0,0,0,24,77,9,20,130,0,0,0,130
02/28/2009,XNA,AR,ASW,CE,Federal Contract Tower,16,36,4,0,56,0,0,0,0,0,16,36,4,0,56,0,0,0,56
03/01/2009,XNA,AR,ASW,CE,Federal Contract Tower,16,51,9,13,89,0,0,12,0,12,16,51,21,13,101,8,26,34,135
03/02/2009,XNA,AR,ASW,CE,Federal Contract Tower,22,80,7,19,128,0,0,3,0,3,22,80,10,19,131,0,12,12,143
03/03/2009,XNA,AR,ASW,CE,Federal Contract Tower,20,80,16,20,136,0,0,1,0,1,20,80,17,20,137,4,8,12,149
03/04/2009,XNA,AR,ASW,CE,Federal Contract Tower,20,87,14,19,140,0,0,4,0,4,20,87,18,19,144,0,34,34,178
03/05/2009,XNA,AR,ASW,CE,Federal Contract Tower,20,81,11,22,134,0,0,0,1,1,20,81,11,23,135,6,14,20,155
03/06/2009,XNA,AR,ASW,CE,Federal Contract Tower,19,75,10,13,117,0,0,5,0,5,19,75,15,13,122,4,12,16,138
03/07/2009,XNA,AR,ASW,CE,Federal Contract Tower,12,39,1,0,52,0,0,1,0,1,12,39,2,0,53,0,0,0,53
03/08/2009,XNA,AR,ASW,CE,Federal Contract Tower,22,52,8,2,84,0,0,0,0,0,22,52,8,2,84,0,0,0,84
03/09/2009,XNA,AR,ASW,CE,Federal Contract Tower,21,82,6,10,119,0,0,6,1,7,21,82,12,11,126,0,0,0,126
03/10/2009,XNA,AR,ASW,CE,Federal Contract Tower,20,87,17,0,124,0,0,0,0,0,20,87,17,0,124,2,0,2,126
03/11/2009,XNA,AR,ASW,CE,Federal Contract Tower,20,84,16,3,123,0,1,4,0,5,20,85,20,3,128,0,34,34,162
03/12/2009,XNA,AR,ASW,CE,Federal Contract Tower,35,76,13,0,124,0,0,0,0,0,35,76,13,0,124,0,0,0,124
03/13/2009,XNA,AR,ASW,CE,Federal Contract Tower,22,76,7,16,121,0,0,1,1,2,22,76,8,17,123,0,8,8,131
03/14/2009,XNA,AR,ASW,CE,Federal Contract Tower,16,38,2,2,58,0,0,0,0,0,16,38,2,2,58,0,0,0,58
03/15/2009,XNA,AR,ASW,CE,Federal Contract Tower,18,54,4,2,78,0,0,0,0,0,18,54,4,2,78,0,0,0,78
03/16/2009,XNA,AR,ASW,CE,Federal Contract Tower,19,82,7,13,121,0,0,2,3,5,19,82,9,16,126,0,6,6,132
03/17/2009,XNA,AR,ASW,CE,Federal Contract Tower,23,86,9,5,123,0,0,8,1,9,23,86,17,6,132,8,0,8,140
03/18/2009,XNA,AR,ASW,CE,Federal Contract Tower,19,81,14,11,125,0,0,6,0,6,19,81,20,11,131,0,10,10,141
03/19/2009,XNA,AR,ASW,CE,Federal Contract Tower,22,86,9,1,118,0,0,2,0,2,22,86,11,1,120,0,0,0,120
03/20/2009,XNA,AR,ASW,CE,Federal Contract Tower,20,81,8,23,132,0,0,5,1,6,20,81,13,24,138,4,4,8,146
03/21/2009,XNA,AR,ASW,CE,Federal Contract Tower,14,40,2,0,56,0,0,0,0,0,14,40,2,0,56,0,0,0,56
03/22/2009,XNA,AR,ASW,CE,Federal Contract Tower,15,57,7,7,86,0,0,0,0,0,15,57,7,7,86,0,0,0,86
03/23/2009,XNA,AR,ASW,CE,Federal Contract Tower,22,90,7,10,129,0,0,1,4,5,22,90,8,14,134,0,0,0,134
03/24/2009,XNA,AR,ASW,CE,Federal Contract Tower,19,80,16,7,122,0,0,1,0,1,19,80,17,7,123,0,0,0,123
03/25/2009,XNA,AR,ASW,CE,Federal Contract Tower,16,80,11,11,118,0,0,8,1,9,16,80,19,12,127,0,8,8,135
03/26/2009,XNA,AR,ASW,CE,Federal Contract Tower,22,80,9,3,114,0,0,0,2,2,22,80,9,5,116,0,2,2,118
03/27/2009,XNA,AR,ASW,CE,Federal Contract Tower,18,72,2,2,94,0,0,0,0,0,18,72,2,2,94,0,0,0,94
03/28/2009,XNA,AR,ASW,CE,Federal Contract Tower,14,30,10,2,56,0,0,0,0,0,14,30,10,2,56,0,0,0,56
03/29/2009,XNA,AR,ASW,CE,Federal Contract Tower,17,50,11,2,80,0,0,4,0,4,17,50,15,2,84,2,0,2,86
03/30/2009,XNA,AR,ASW,CE,Federal Contract Tower,25,80,2,34,141,0,0,2,2,4,25,80,4,36,145,0,6,6,151
03/31/2009,XNA,AR,ASW,CE,Federal Contract Tower,20,84,16,6,126,0,0,3,11,14,20,84,19,17,140,0,4,4,144
04/01/2009,XNA,AR,ASW,CE,Federal Contract Tower,22,75,18,0,115,0,0,5,0,5,22,75,23,0,120,4,0,4,124
04/02/2009,XNA,AR,ASW,CE,Federal Contract Tower,21,83,21,2,127,0,0,0,0,0,21,83,21,2,127,0,0,0,127
04/03/2009,XNA,AR,ASW,CE,Federal Contract Tower,24,76,8,4,112,0,0,7,1,8,24,76,15,5,120,10,0,10,130
04/04/2009,XNA,AR,ASW,CE,Federal Contract Tower,15,37,9,0,61,0,0,2,0,2,15,37,11,0,63,0,0,0,63
04/05/2009,XNA,AR,ASW,CE,Federal Contract Tower,17,55,3,0,75,0,0,0,0,0,17,55,3,0,75,0,0,0,75
04/06/2009,XNA,AR,ASW,CE,Federal Contract Tower,22,81,7,20,130,0,0,0,2,2,22,81,7,22,132,0,24,24,156
04/07/2009,XNA,AR,ASW,CE,Federal Contract Tower,22,81,17,13,133,0,0,0,1,1,22,81,17,14,134,0,0,0,134
04/08/2009,XNA,AR,ASW,CE,Federal Contract Tower,26,71,15,25,137,0,0,6,2,8,26,71,21,27,145,0,38,38,183
04/09/2009,XNA,AR,ASW,CE,Federal Contract Tower,23,78,1,3,105,0,0,1,3,4,23,78,2,6,109,0,6,6,115
04/10/2009,XNA,AR,ASW,CE,Federal Contract Tower,24,65,14,4,107,0,0,4,0,4,24,65,18,4,111,2,0,2,113
04/11/2009,XNA,AR,ASW,CE,Federal Contract Tower,13,38,4,0,55,0,0,4,0,4,13,38,8,0,59,8,0,8,67
04/12/2009,XNA,AR,ASW,CE,Federal Contract Tower,13,63,5,0,81,0,0,0,0,0,13,63,5,0,81,0,0,0,81
04/13/2009,XNA,AR,ASW,CE,Federal Contract Tower,21,77,15,12,125,0,0,1,0,1,21,77,16,12,126,0,0,0,126
04/14/2009,XNA,AR,ASW,CE,Federal Contract Tower,24,66,9,2,101,0,0,7,2,9,24,66,16,4,110,4,0,4,114
04/15/2009,XNA,AR,ASW,CE,Federal Contract Tower,24,76,10,21,131,0,0,2,1,3,24,76,12,22,134,0,18,18,152
04/16/2009,XNA,AR,ASW,CE,Federal Contract Tower,25,80,9,24,138,0,0,2,3,5,25,80,11,27,143,0,16,16,159
04/17/2009,XNA,AR,ASW,CE,Federal Contract Tower,26,67,12,12,117,0,0,5,0,5,26,67,17,12,122,8,30,38,160
04/18/2009,XNA,AR,ASW,CE,Federal Contract Tower,15,37,2,1,55,0,0,0,1,1,15,37,2,2,56,0,0,0,56
04/19/2009,XNA,AR,ASW,CE,Federal Contract Tower,16,54,7,1,78,0,0,0,0,0,16,54,7,1,78,0,0,0,78
04/20/2009,XNA,AR,ASW,CE,Federal Contract Tower,26,73,15,0,114,0,0,4,0,4,26,73,19,0,118,0,24,24,142
04/21/2009,XNA,AR,ASW,CE,Federal Contract Tower,25,73,15,39,152,0,0,6,0,6,25,73,21,39,158,4,20,24,182
04/22/2009,XNA,AR,ASW,CE,Federal Contract Tower,24,79,14,24,141,0,3,4,0,7,24,82,18,24,148,4,18,22,170
04/23/2009,XNA,AR,ASW,CE,Federal Contract Tower,25,81,18,25,149,0,0,1,1,2,25,81,19,26,151,4,20,24,175
04/24/2009,XNA,AR,ASW,CE,Federal Contract Tower,23,74,10,13,120,0,0,2,1,3,23,74,12,14,123,4,40,44,167
04/25/2009,XNA,AR,ASW,CE,Federal Contract Tower,14,38,8,0,60,0,0,0,0,0,14,38,8,0,60,0,0,0,60
04/26/2009,XNA,AR,ASW,CE,Federal Contract Tower,14,64,7,15,100,0,0,6,1,7,14,64,13,16,107,0,0,0,107
04/27/2009,XNA,AR,ASW,CE,Federal Contract Tower,25,80,8,0,113,0,0,0,0,0,25,80,8,0,113,0,0,0,113
04/28/2009,XNA,AR,ASW,CE,Federal Contract Tower,26,73,16,14,129,0,0,4,0,4,26,73,20,14,133,0,0,0,133
04/29/2009,XNA,AR,ASW,CE,Federal Contract Tower,22,75,16,0,113,0,0,0,0,0,22,75,16,0,113,0,0,0,113
04/30/2009,XNA,AR,ASW,CE,Federal Contract Tower,25,74,17,0,116,0,0,2,0,2,25,74,19,0,118,0,0,0,118
05/01/2009,XNA,AR,ASW,CE,Federal Contract Tower,26,68,4,0,98,0,0,0,0,0,26,68,4,0,98,0,0,0,98
05/02/2009,XNA,AR,ASW,CE,Federal Contract Tower,12,37,1,0,50,0,0,0,0,0,12,37,1,0,50,0,0,0,50
05/03/2009,XNA,AR,ASW,CE,Federal Contract Tower,12,54,3,9,78,0,0,0,0,0,12,54,3,9,78,0,0,0,78
05/04/2009,XNA,AR,ASW,CE,Federal Contract Tower,24,72,11,6,113,0,0,0,0,0,24,72,11,6,113,0,0,0,113
05/05/2009,XNA,AR,ASW,CE,Federal Contract Tower,25,67,8,0,100,0,0,0,0,0,25,67,8,0,100,0,0,0,100
05/06/2009,XNA,AR,ASW,CE,Federal Contract Tower,25,69,9,7,110,0,0,2,0,2,25,69,11,7,112,0,24,24,136
05/07/2009,XNA,AR,ASW,CE,Federal Contract Tower,26,70,20,6,122,0,0,5,2,7,26,70,25,8,129,0,10,10,139
05/08/2009,XNA,AR,ASW,CE,Federal Contract Tower,25,69,11,4,109,0,0,0,0,0,25,69,11,4,109,0,0,0,109
05/09/2009,XNA,AR,ASW,CE,Federal Contract Tower,16,38,0,0,54,0,0,0,0,0,16,38,0,0,54,0,0,0,54
05/10/2009,XNA,AR,ASW,CE,Federal Contract Tower,19,57,3,0,79,0,1,0,0,1,19,58,3,0,80,0,0,0,80
05/11/2009,XNA,AR,ASW,CE,Federal Contract Tower,29,74,10,2,115,0,0,1,0,1,29,74,11,2,116,4,0,4,120
05/12/2009,XNA,AR,ASW,CE,Federal Contract Tower,26,79,16,6,127,0,0,0,0,0,26,79,16,6,127,2,86,88,215
05/13/2009,XNA,AR,ASW,CE,Federal Contract Tower,21,79,18,6,124,0,0,0,0,0,21,79,18,6,124,0,0,0,124
05/14/2009,XNA,AR,ASW,CE,Federal Contract Tower,22,75,9,4,110,0,0,0,0,0,22,75,9,4,110,0,14,14,124
05/15/2009,XNA,AR,ASW,CE,Federal Contract Tower,22,69,6,28,125,0,0,7,4,11,22,69,13,32,136,0,34,34,170
05/16/2009,XNA,AR,ASW,CE,Federal Contract Tower,12,38,1,9,60,0,0,0,0,0,12,38,1,9,60,0,16,16,76
05/17/2009,XNA,AR,ASW,CE,Federal Contract Tower,18,59,11,17,105,0,0,3,2,5,18,59,14,19,110,0,2,2,112
05/18/2009,XNA,AR,ASW,CE,Federal Contract Tower,24,78,13,44,159,0,0,4,1,5,24,78,17,45,164,2,14,16,180
05/19/2009,XNA,AR,ASW,CE,Federal Contract Tower,27,76,13,31,147,0,0,5,1,6,27,76,18,32,153,2,18,20,173
05/20/2009,XNA,AR,ASW,CE,Federal Contract Tower,18,77,11,10,116,0,0,7,0,7,18,77,18,10,123,0,0,0,123
05/21/2009,XNA,AR,ASW,CE,Federal Contract Tower,26,75,15,46,162,0,0,5,4,9,26,75,20,50,171,8,88,96,267
05/22/2009,XNA,AR,ASW,CE,Federal Contract Tower,27,71,8,0,106,0,0,10,0,10,27,71,18,0,116,0,0,0,116
05/23/2009,XNA,AR,ASW,CE,Federal Contract Tower,17,37,10,0,64,0,0,4,0,4,17,37,14,0,68,0,0,0,68
05/24/2009,XNA,AR,ASW,CE,Federal Contract Tower,13,41,2,0,56,0,0,0,0,0,13,41,2,0,56,0,0,0,56
05/25/2009,XNA,AR,ASW,CE,Federal Contract Tower,26,61,5,4,96,0,0,0,0,0,26,61,5,4,96,0,0,0,96
05/26/2009,XNA,AR,ASW,CE,Federal Contract Tower,22,77,10,9,118,0,0,0,0,0,22,77,10,9,118,0,6,6,124
05/27/2009,XNA,AR,ASW,CE,Federal Contract Tower,25,71,11,6,113,0,0,0,0,0,25,71,11,6,113,0,12,12,125
05/28/2009,XNA,AR,ASW,CE,Federal Contract Tower,27,67,13,4,111,0,0,0,0,0,27,67,13,4,111,0,0,0,111
05/29/2009,XNA,AR,ASW,CE,Federal Contract Tower,28,71,19,29,147,0,0,12,1,13,28,71,31,30,160,4,10,14,174
05/30/2009,XNA,AR,ASW,CE,Federal Contract Tower,13,38,7,13,71,0,0,0,0,0,13,38,7,13,71,0,40,40,111
05/31/2009,XNA,AR,ASW,CE,Federal Contract Tower,18,58,4,14,94,0,0,4,0,4,18,58,8,14,98,0,4,4,102
06/01/2009,XNA,AR,ASW,CE,Federal Contract Tower,33,71,2,36,142,0,0,2,2,4,33,71,4,38,146,0,10,10,156
06/02/2009,XNA,AR,ASW,CE,Federal Contract Tower,33,71,24,14,142,0,0,2,1,3,33,71,26,15,145,0,6,6,151
06/03/2009,XNA,AR,ASW,CE,Federal Contract Tower,35,71,16,0,122,0,0,0,0,0,35,71,16,0,122,0,0,0,122
06/04/2009,XNA,AR,ASW,CE,Federal Contract Tower,30,73,11,12,126,0,0,5,2,7,30,73,16,14,133,0,0,0,133
06/05/2009,XNA,AR,ASW,CE,Federal Contract Tower,39,64,6,12,121,0,0,6,3,9,39,64,12,15,130,0,8,8,138
06/06/2009,XNA,AR,ASW,CE,Federal Contract Tower,38,49,11,12,110,0,0,2,4,6,38,49,13,16,116,0,0,0,116
06/07/2009,XNA,AR,ASW,CE,Federal Contract Tower,18,63,6,9,96,0,0,0,0,0,18,63,6,9,96,0,0,0,96
06/08/2009,XNA,AR,ASW,CE,Federal Contract Tower,26,78,15,2,121,0,0,3,0,3,26,78,18,2,124,0,0,0,124
06/09/2009,XNA,AR,ASW,CE,Federal Contract Tower,21,83,11,11,126,0,0,5,0,5,21,83,16,11,131,0,10,10,141
06/10/2009,XNA,AR,ASW,CE,Federal Contract Tower,20,85,10,0,115,0,0,2,0,2,20,85,12,0,117,0,0,0,117
06/11/2009,XNA,AR,ASW,CE,Federal Contract Tower,17,69,16,4,106,0,0,14,0,14,17,69,30,4,120,6,0,6,126
06/12/2009,XNA,AR,ASW,CE,Federal Contract Tower,28,69,11,2,110,0,0,6,0,6,28,69,17,2,116,0,0,0,116
06/13/2009,XNA,AR,ASW,CE,Federal Contract Tower,11,50,2,0,63,0,0,2,0,2,11,50,4,0,65,0,0,0,65
06/14/2009,XNA,AR,ASW,CE,Federal Contract Tower,19,58,4,0,81,0,0,0,0,0,19,58,4,0,81,0,0,0,81
06/15/2009,XNA,AR,ASW,CE,Federal Contract Tower,26,77,15,12,130,0,0,0,0,0,26,77,15,12,130,0,8,8,138
06/16/2009,XNA,AR,ASW,CE,Federal Contract Tower,25,73,12,0,110,0,0,5,3,8,25,73,17,3,118,0,0,0,118
06/17/2009,XNA,AR,ASW,CE,Federal Contract Tower,21,79,19,11,130,0,0,5,2,7,21,79,24,13,137,0,24,24,161
06/18/2009,XNA,AR,ASW,CE,Federal Contract Tower,25,74,2,17,118,0,0,1,1,2,25,74,3,18,120,0,38,38,158
06/19/2009,XNA,AR,ASW,CE,Federal Contract Tower,19,60,7,6,92,0,0,4,0,4,19,60,11,6,96,0,0,0,96
06/20/2009,XNA,AR,ASW,CE,Federal Contract Tower,14,44,8,8,74,0,0,7,0,7,14,44,15,8,81,4,0,4,85
06/21/2009,XNA,AR,ASW,CE,Federal Contract Tower,20,53,4,0,77,0,0,0,0,0,20,53,4,0,77,0,0,0,77
06/22/2009,XNA,AR,ASW,CE,Federal Contract Tower,26,75,9,7,117,0,0,11,0,11,26,75,20,7,128,0,0,0,128
06/23/2009,XNA,AR,ASW,CE,Federal Contract Tower,21,75,20,0,116,0,0,9,0,9,21,75,29,0,125,0,0,0,125
06/24/2009,XNA,AR,ASW,CE,Federal Contract Tower,22,90,17,2,131,0,0,3,0,3,22,90,20,2,134,0,2,2,136
06/25/2009,XNA,AR,ASW,CE,Federal Contract Tower,26,76,14,12,128,0,0,9,0,9,26,76,23,12,137,4,6,10,147
06/26/2009,XNA,AR,ASW,CE,Federal Contract Tower,26,68,14,12,120,0,0,2,0,2,26,68,16,12,122,0,0,0,122
06/27/2009,XNA,AR,ASW,CE,Federal Contract Tower,14,44,7,0,65,0,0,2,0,2,14,44,9,0,67,2,0,2,69
06/28/2009,XNA,AR,ASW,CE,Federal Contract Tower,18,56,3,16,93,0,0,6,6,12,18,56,9,22,105,0,0,0,105
06/29/2009,XNA,AR,ASW,CE,Federal Contract Tower,24,74,12,50,160,0,0,7,0,7,24,74,19,50,167,0,42,42,209
06/30/2009,XNA,AR,ASW,CE,Federal Contract Tower,20,77,16,25,138,0,0,3,0,3,20,77,19,25,141,0,0,0,141
07/01/2009,XNA,AR,ASW,CE,Federal Contract Tower,21,79,8,35,143,0,0,2,4,6,21,79,10,39,149,0,44,44,193
07/02/2009,XNA,AR,ASW,CE,Federal Contract Tower,25,76,7,35,143,0,0,5,1,6,25,76,12,36,149,0,4,4,153
07/03/2009,XNA,AR,ASW,CE,Federal Contract Tower,25,58,4,0,87,0,0,2,0,2,25,58,6,0,89,0,0,0,89
07/04/2009,XNA,AR,ASW,CE,Federal Contract Tower,16,41,4,0,61,0,0,0,0,0,16,41,4,0,61,0,0,0,61
07/05/2009,XNA,AR,ASW,CE,Federal Contract Tower,20,61,3,1,85,0,0,0,0,0,20,61,3,1,85,0,0,0,85
07/06/2009,XNA,AR,ASW,CE,Federal Contract Tower,24,74,14,2,114,0,0,3,0,3,24,74,17,2,117,6,0,6,123
07/07/2009,XNA,AR,ASW,CE,Federal Contract Tower,22,76,13,14,125,0,0,0,1,1,22,76,13,15,126,0,28,28,154
07/08/2009,XNA,AR,ASW,CE,Federal Contract Tower,25,75,7,16,123,0,0,4,0,4,25,75,11,16,127,2,4,6,133
07/09/2009,XNA,AR,ASW,CE,Federal Contract Tower,26,86,15,8,135,0,0,6,0,6,26,86,21,8,141,8,24,32,173
07/10/2009,XNA,AR,ASW,CE,Federal Contract Tower,24,73,8,26,131,0,2,0,0,2,24,75,8,26,133,0,24,24,157
07/11/2009,XNA,AR,ASW,CE,Federal Contract Tower,12,45,4,7,68,0,0,4,0,4,12,45,8,7,72,0,0,0,72
07/12/2009,XNA,AR,ASW,CE,Federal Contract Tower,16,55,0,25,96,0,0,1,0,1,16,55,1,25,97,0,14,14,111
07/13/2009,XNA,AR,ASW,CE,Federal Contract Tower,28,76,15,7,126,0,0,2,0,2,28,76,17,7,128,0,8,8,136
07/14/2009,XNA,AR,ASW,CE,Federal Contract Tower,23,74,12,13,122,0,0,7,0,7,23,74,19,13,129,0,32,32,161
07/15/2009,XNA,AR,ASW,CE,Federal Contract Tower,24,75,9,11,119,0,0,4,1,5,24,75,13,12,124,0,6,6,130
07/16/2009,XNA,AR,ASW,CE,Federal Contract Tower,25,83,19,4,131,0,0,1,0,1,25,83,20,4,132,0,0,0,132
07/17/2009,XNA,AR,ASW,CE,Federal Contract Tower,26,71,10,9,116,0,0,5,0,5,26,71,15,9,121,0,24,24,145
07/18/2009,XNA,AR,ASW,CE,Federal Contract Tower,14,43,2,10,69,0,0,0,0,0,14,43,2,10,69,0,2,2,71
07/19/2009,XNA,AR,ASW,CE,Federal Contract Tower,19,66,7,13,105,0,0,1,0,1,19,66,8,13,106,12,12,24,130
07/20/2009,XNA,AR,ASW,CE,Federal Contract Tower,26,76,13,9,124,0,0,0,0,0,26,76,13,9,124,0,4,4,128
07/21/2009,XNA,AR,ASW,CE,Federal Contract Tower,24,74,16,10,124,0,0,0,0,0,24,74,16,10,124,0,34,34,158
07/22/2009,XNA,AR,ASW,CE,Federal Contract Tower,23,75,13,12,123,0,0,0,0,0,23,75,13,12,123,0,2,2,125
07/23/2009,XNA,AR,ASW,CE,Federal Contract Tower,26,74,20,19,139,0,0,8,2,10,26,74,28,21,149,0,38,38,187
07/24/2009,XNA,AR,ASW,CE,Federal Contract Tower,25,70,5,3,103,0,0,4,0,4,25,70,9,3,107,0,2,2,109
07/25/2009,XNA,AR,ASW,CE,Federal Contract Tower,10,44,6,2,62,0,0,0,0,0,10,44,6,2,62,0,0,0,62
07/26/2009,XNA,AR,ASW,CE,Federal Contract Tower,14,58,9,9,90,0,0,0,0,0,14,58,9,9,90,0,4,4,94
07/27/2009,XNA,AR,ASW,CE,Federal Contract Tower,23,77,9,32,141,0,0,7,0,7,23,77,16,32,148,0,32,32,180
07/28/2009,XNA,AR,ASW,CE,Federal Contract Tower,21,72,12,14,119,0,0,4,0,4,21,72,16,14,123,0,8,8,131
07/29/2009,XNA,AR,ASW,CE,Federal Contract Tower,20,77,11,38,146,0,0,2,0,2,20,77,13,38,148,0,0,0,148
07/30/2009,XNA,AR,ASW,CE,Federal Contract Tower,23,71,14,2,110,0,0,2,0,2,23,71,16,2,112,10,0,10,122
07/31/2009,XNA,AR,ASW,CE,Federal Contract Tower,24,65,15,31,135,0,0,3,1,4,24,65,18,32,139,0,14,14,153
08/01/2009,XNA,AR,ASW,CE,Federal Contract Tower,14,40,4,0,58,0,0,3,0,3,14,40,7,0,61,0,0,0,61
08/02/2009,XNA,AR,ASW,CE,Federal Contract Tower,18,54,6,4,82,0,0,2,0,2,18,54,8,4,84,0,0,0,84
08/03/2009,XNA,AR,ASW,CE,Federal Contract Tower,26,78,9,36,149,0,0,2,2,4,26,78,11,38,153,0,24,24,177
08/04/2009,XNA,AR,ASW,CE,Federal Contract Tower,24,71,19,33,147,0,0,3,3,6,24,71,22,36,153,0,10,10,163
08/05/2009,XNA,AR,ASW,CE,Federal Contract Tower,20,72,12,10,114,0,0,5,3,8,20,72,17,13,122,0,10,10,132
08/06/2009,XNA,AR,ASW,CE,Federal Contract Tower,28,77,17,23,145,0,0,3,0,3,28,77,20,23,148,0,14,14,162
08/07/2009,XNA,AR,ASW,CE,Federal Contract Tower,27,68,6,7,108,0,0,2,1,3,27,68,8,8,111,0,0,0,111
08/08/2009,XNA,AR,ASW,CE,Federal Contract Tower,13,43,8,1,65,0,0,0,0,0,13,43,8,1,65,0,0,0,65
08/09/2009,XNA,AR,ASW,CE,Federal Contract Tower,13,60,6,8,87,0,0,5,0,5,13,60,11,8,92,0,26,26,118
08/10/2009,XNA,AR,ASW,CE,Federal Contract Tower,21,74,7,31,133,0,0,1,7,8,21,74,8,38,141,0,30,30,171
08/11/2009,XNA,AR,ASW,CE,Federal Contract Tower,20,73,13,9,115,0,1,9,0,10,20,74,22,9,125,0,2,2,127
08/12/2009,XNA,AR,ASW,CE,Federal Contract Tower,23,76,18,11,128,0,0,11,6,17,23,76,29,17,145,0,4,4,149
08/13/2009,XNA,AR,ASW,CE,Federal Contract Tower,22,78,16,42,158,0,0,4,0,4,22,78,20,42,162,0,66,66,228
08/14/2009,XNA,AR,ASW,CE,Federal Contract Tower,20,72,2,9,103,0,0,4,0,4,20,72,6,9,107,0,0,0,107
08/15/2009,XNA,AR,ASW,CE,Federal Contract Tower,12,46,4,4,66,0,0,2,1,3,12,46,6,5,69,0,0,0,69
08/16/2009,XNA,AR,ASW,CE,Federal Contract Tower,16,61,3,16,96,0,0,6,0,6,16,61,9,16,102,0,0,0,102
08/17/2009,XNA,AR,ASW,CE,Federal Contract Tower,23,72,8,22,125,0,0,0,0,0,23,72,8,22,125,0,0,0,125
08/18/2009,XNA,AR,ASW,CE,Federal Contract Tower,23,73,14,0,110,0,0,0,0,0,23,73,14,0,110,0,0,0,110
08/19/2009,XNA,AR,ASW,CE,Federal Contract Tower,22,73,5,11,111,0,0,0,3,3,22,73,5,14,114,0,12,12,126
08/20/2009,XNA,AR,ASW,CE,Federal Contract Tower,25,74,8,4,111,0,0,0,0,0,25,74,8,4,111,0,0,0,111
08/21/2009,XNA,AR,ASW,CE,Federal Contract Tower,24,67,8,34,133,0,0,1,5,6,24,67,9,39,139,0,74,74,213
08/22/2009,XNA,AR,ASW,CE,Federal Contract Tower,13,40,1,10,64,0,0,0,0,0,13,40,1,10,64,0,0,0,64
08/23/2009,XNA,AR,ASW,CE,Federal Contract Tower,21,53,8,19,101,0,0,1,0,1,21,53,9,19,102,0,12,12,114
08/24/2009,XNA,AR,ASW,CE,Federal Contract Tower,22,78,8,13,121,0,0,3,0,3,22,78,11,13,124,0,26,26,150
08/25/2009,XNA,AR,ASW,CE,Federal Contract Tower,20,72,20,12,124,0,0,6,0,6,20,72,26,12,130,0,2,2,132
08/26/2009,XNA,AR,ASW,CE,Federal Contract Tower,21,75,26,18,140,0,0,1,0,1,21,75,27,18,141,0,2,2,143
08/27/2009,XNA,AR,ASW,CE,Federal Contract Tower,21,79,23,5,128,0,0,0,5,5,21,79,23,10,133,0,0,0,133
08/28/2009,XNA,AR,ASW,CE,Federal Contract Tower,25,70,7,13,115,0,0,0,3,3,25,70,7,16,118,0,0,0,118
08/29/2009,XNA,AR,ASW,CE,Federal Contract Tower,13,37,4,0,54,0,0,0,0,0,13,37,4,0,54,0,0,0,54
08/30/2009,XNA,AR,ASW,CE,Federal Contract Tower,18,54,0,11,83,0,0,0,0,0,18,54,0,11,83,0,2,2,85
08/31/2009,XNA,AR,ASW,CE,Federal Contract Tower,23,76,5,21,125,0,0,5,1,6,23,76,10,22,131,0,10,10,141
09/01/2009,XNA,AR,ASW,CE,Federal Contract Tower,22,71,9,28,130,0,0,1,5,6,22,71,10,33,136,0,40,40,176
09/02/2009,XNA,AR,ASW,CE,Federal Contract Tower,22,70,6,2,100,0,0,0,0,0,22,70,6,2,100,0,0,0,100
09/03/2009,XNA,AR,ASW,CE,Federal Contract Tower,25,78,13,9,125,0,0,3,0,3,25,78,16,9,128,0,44,44,172
09/04/2009,XNA,AR,ASW,CE,Federal Contract Tower,22,70,7,0,99,0,0,6,1,7,22,70,13,1,106,8,0,8,114
09/05/2009,XNA,AR,ASW,CE,Federal Contract Tower,10,48,4,2,64,0,0,0,2,2,10,48,4,4,66,0,0,0,66
09/06/2009,XNA,AR,ASW,CE,Federal Contract Tower,16,38,0,2,56,0,0,3,1,4,16,38,3,3,60,0,8,8,68
09/07/2009,XNA,AR,ASW,CE,Federal Contract Tower,22,63,1,0,86,0,0,0,0,0,22,63,1,0,86,0,0,0,86
09/08/2009,XNA,AR,ASW,CE,Federal Contract Tower,22,75,9,16,122,0,0,1,0,1,22,75,10,16,123,0,22,22,145
09/09/2009,XNA,AR,ASW,CE,Federal Contract Tower,21,73,13,2,109,0,0,0,0,0,21,73,13,2,109,0,0,0,109
09/10/2009,XNA,AR,ASW,CE,Federal Contract Tower,21,77,6,1,105,0,0,0,0,0,21,77,6,1,105,0,0,0,105
09/11/2009,XNA,AR,ASW,CE,Federal Contract Tower,23,71,17,60,171,0,0,2,4,6,23,71,19,64,177,0,124,124,301
09/12/2009,XNA,AR,ASW,CE,Federal Contract Tower,11,52,4,4,71,0,0,0,0,0,11,52,4,4,71,0,64,64,135
09/13/2009,XNA,AR,ASW,CE,Federal Contract Tower,19,54,14,0,87,0,0,0,0,0,19,54,14,0,87,8,0,8,95
09/14/2009,XNA,AR,ASW,CE,Federal Contract Tower,24,76,8,0,108,0,0,0,0,0,24,76,8,0,108,0,0,0,108
09/15/2009,XNA,AR,ASW,CE,Federal Contract Tower,22,79,10,0,111,0,0,0,0,0,22,79,10,0,111,0,0,0,111
09/16/2009,XNA,AR,ASW,CE,Federal Contract Tower,23,70,9,8,110,0,0,0,0,0,23,70,9,8,110,0,0,0,110
09/17/2009,XNA,AR,ASW,CE,Federal Contract Tower,26,78,20,26,150,0,0,1,0,1,26,78,21,26,151,0,50,50,201
09/18/2009,XNA,AR,ASW,CE,Federal Contract Tower,28,69,8,20,125,0,0,5,0,5,28,69,13,20,130,0,0,0,130
09/19/2009,XNA,AR,ASW,CE,Federal Contract Tower,11,47,10,2,70,0,0,0,0,0,11,47,10,2,70,0,0,0,70
09/20/2009,XNA,AR,ASW,CE,Federal Contract Tower,22,56,4,1,83,0,0,4,2,6,22,56,8,3,89,0,0,0,89
09/21/2009,XNA,AR,ASW,CE,Federal Contract Tower,20,73,17,13,123,0,0,2,0,2,20,73,19,13,125,0,8,8,133
09/22/2009,XNA,AR,ASW,CE,Federal Contract Tower,20,75,20,14,129,0,0,0,0,0,20,75,20,14,129,0,0,0,129
09/23/2009,XNA,AR,ASW,CE,Federal Contract Tower,23,75,21,23,142,0,0,3,4,7,23,75,24,27,149,0,66,66,215
09/24/2009,XNA,AR,ASW,CE,Federal Contract Tower,27,78,12,16,133,0,0,5,0,5,27,78,17,16,138,0,26,26,164
09/25/2009,XNA,AR,ASW,CE,Federal Contract Tower,28,70,5,22,125,0,0,3,8,11,28,70,8,30,136,0,0,0,136
09/26/2009,XNA,AR,ASW,CE,Federal Contract Tower,14,46,3,2,65,0,0,3,0,3,14,46,6,2,68,0,0,0,68
09/27/2009,XNA,AR,ASW,CE,Federal Contract Tower,19,57,3,2,81,0,0,1,0,1,19,57,4,2,82,0,0,0,82
09/28/2009,XNA,AR,ASW,CE,Federal Contract Tower,23,75,5,6,109,0,0,2,2,4,23,75,7,8,113,0,0,0,113
09/29/2009,XNA,AR,ASW,CE,Federal Contract Tower,22,73,13,17,125,0,0,2,2,4,22,73,15,19,129,0,32,32,161
09/30/2009,XNA,AR,ASW,CE,Federal Contract Tower,23,72,17,11,123,0,0,1,1,2,23,72,18,12,125,0,6,6,131
10/01/2009,XNA,AR,ASW,CE,Federal Contract Tower,25,72,13,2,112,0,0,0,0,0,25,72,13,2,112,0,0,0,112
10/02/2009,XNA,AR,ASW,CE,Federal Contract Tower,26,66,8,21,121,0,0,0,0,0,26,66,8,21,121,0,16,16,137
10/03/2009,XNA,AR,ASW,CE,Federal Contract Tower,12,44,5,0,61,0,0,1,0,1,12,44,6,0,62,0,0,0,62
10/04/2009,XNA,AR,ASW,CE,Federal Contract Tower,22,60,2,2,86,0,0,2,0,2,22,60,4,2,88,0,0,0,88
10/05/2009,XNA,AR,ASW,CE,Federal Contract Tower,25,73,14,34,146,0,0,0,0,0,25,73,14,34,146,0,0,0,146
10/06/2009,XNA,AR,ASW,CE,Federal Contract Tower,21,72,16,0,109,0,0,0,0,0,21,72,16,0,109,0,0,0,109
10/07/2009,XNA,AR,ASW,CE,Federal Contract Tower,23,80,21,47,171,0,0,0,2,2,23,80,21,49,173,0,44,44,217
10/08/2009,XNA,AR,ASW,CE,Federal Contract Tower,24,74,12,0,110,0,0,0,0,0,24,74,12,0,110,0,0,0,110
10/09/2009,XNA,AR,ASW,CE,Federal Contract Tower,25,70,9,5,109,0,0,0,0,0,25,70,9,5,109,0,0,0,109
10/10/2009,XNA,AR,ASW,CE,Federal Contract Tower,14,45,11,11,81,0,0,3,3,6,14,45,14,14,87,2,14,16,103
10/11/2009,XNA,AR,ASW,CE,Federal Contract Tower,22,55,6,4,87,0,0,0,0,0,22,55,6,4,87,0,0,0,87
10/12/2009,XNA,AR,ASW,CE,Federal Contract Tower,22,79,18,2,121,0,0,0,0,0,22,79,18,2,121,0,0,0,121
10/13/2009,XNA,AR,ASW,CE,Federal Contract Tower,21,75,18,0,114,0,0,0,0,0,21,75,18,0,114,0,0,0,114
10/14/2009,XNA,AR,ASW,CE,Federal Contract Tower,23,69,10,8,110,0,0,0,0,0,23,69,10,8,110,4,0,4,114
10/15/2009,XNA,AR,ASW,CE,Federal Contract Tower,24,71,20,8,123,0,0,0,0,0,24,71,20,8,123,0,0,0,123
10/16/2009,XNA,AR,ASW,CE,Federal Contract Tower,24,69,6,15,114,0,0,1,0,1,24,69,7,15,115,0,60,60,175
10/17/2009,XNA,AR,ASW,CE,Federal Contract Tower,15,48,0,0,63,0,0,4,0,4,15,48,4,0,67,0,0,0,67
10/18/2009,XNA,AR,ASW,CE,Federal Contract Tower,22,58,18,0,98,0,0,8,0,8,22,58,26,0,106,0,0,0,106
10/19/2009,XNA,AR,ASW,CE,Federal Contract Tower,23,78,10,25,136,0,0,2,2,4,23,78,12,27,140,0,22,22,162
10/20/2009,XNA,AR,ASW,CE,Federal Contract Tower,20,78,24,59,181,0,0,4,3,7,20,78,28,62,188,0,74,74,262
10/21/2009,XNA,AR,ASW,CE,Federal Contract Tower,23,75,30,18,146,0,0,0,0,0,23,75,30,18,146,0,4,4,150
10/22/2009,XNA,AR,ASW,CE,Federal Contract Tower,25,79,19,0,123,0,0,0,0,0,25,79,19,0,123,0,0,0,123
10/23/2009,XNA,AR,ASW,CE,Federal Contract Tower,28,71,9,16,124,0,0,0,0,0,28,71,9,16,124,0,4,4,128
10/24/2009,XNA,AR,ASW,CE,Federal Contract Tower,11,48,5,27,91,0,0,4,0,4,11,48,9,27,95,0,2,2,97
10/25/2009,XNA,AR,ASW,CE,Federal Contract Tower,19,58,6,13,96,0,0,0,0,0,19,58,6,13,96,0,16,16,112
10/26/2009,XNA,AR,ASW,CE,Federal Contract Tower,23,73,15,2,113,0,0,0,0,0,23,73,15,2,113,0,0,0,113
10/27/2009,XNA,AR,ASW,CE,Federal Contract Tower,23,72,24,2,121,0,0,0,0,0,23,72,24,2,121,0,0,0,121
10/28/2009,XNA,AR,ASW,CE,Federal Contract Tower,21,72,21,32,146,0,0,5,1,6,21,72,26,33,152,6,28,34,186
10/29/2009,XNA,AR,ASW,CE,Federal Contract Tower,22,74,17,3,116,0,0,0,0,0,22,74,17,3,116,0,0,0,116
10/30/2009,XNA,AR,ASW,CE,Federal Contract Tower,24,71,11,18,124,0,0,0,1,1,24,71,11,19,125,0,58,58,183
10/31/2009,XNA,AR,ASW,CE,Federal Contract Tower,14,40,3,0,57,0,0,4,0,4,14,40,7,0,61,0,0,0,61
11/01/2009,XNA,AR,ASW,CE,Federal Contract Tower,20,53,6,6,85,0,0,0,0,0,20,53,6,6,85,0,12,12,97
11/02/2009,XNA,AR,ASW,CE,Federal Contract Tower,22,74,29,27,152,0,0,2,1,3,22,74,31,28,155,0,46,46,201
11/03/2009,XNA,AR,ASW,CE,Federal Contract Tower,20,68,18,26,132,0,0,2,0,2,20,68,20,26,134,0,30,30,164
11/04/2009,XNA,AR,ASW,CE,Federal Contract Tower,21,69,15,10,115,0,0,3,0,3,21,69,18,10,118,0,0,0,118
11/05/2009,XNA,AR,ASW,CE,Federal Contract Tower,25,75,9,9,118,0,0,6,1,7,25,75,15,10,125,0,6,6,131
11/06/2009,XNA,AR,ASW,CE,Federal Contract Tower,27,67,8,9,111,0,0,2,15,17,27,67,10,24,128,0,24,24,152
11/07/2009,XNA,AR,ASW,CE,Federal Contract Tower,13,47,4,0,64,0,0,6,8,14,13,47,10,8,78,4,16,20,98
11/08/2009,XNA,AR,ASW,CE,Federal Contract Tower,21,54,3,16,94,0,0,0,0,0,21,54,3,16,94,0,2,2,96
11/09/2009,XNA,AR,ASW,CE,Federal Contract Tower,25,72,9,30,136,0,0,2,0,2,25,72,11,30,138,0,50,50,188
11/10/2009,XNA,AR,ASW,CE,Federal Contract Tower,23,76,11,26,136,0,0,0,4,4,23,76,11,30,140,0,40,40,180
11/11/2009,XNA,AR,ASW,CE,Federal Contract Tower,23,67,12,2,104,0,0,1,0,1,23,67,13,2,105,0,0,0,105
11/12/2009,XNA,AR,ASW,CE,Federal Contract Tower,24,71,16,15,126,0,0,1,1,2,24,71,17,16,128,0,0,0,128
11/13/2009,XNA,AR,ASW,CE,Federal Contract Tower,24,69,9,5,107,0,0,0,1,1,24,69,9,6,108,0,4,4,112
11/14/2009,XNA,AR,ASW,CE,Federal Contract Tower,12,46,13,0,71,0,0,10,0,10,12,46,23,0,81,4,0,4,85
11/15/2009,XNA,AR,ASW,CE,Federal Contract Tower,21,54,13,0,88,0,0,0,0,0,21,54,13,0,88,0,0,0,88
11/16/2009,XNA,AR,ASW,CE,Federal Contract Tower,24,73,8,0,105,0,0,0,0,0,24,73,8,0,105,0,0,0,105
11/17/2009,XNA,AR,ASW,CE,Federal Contract Tower,20,73,17,2,112,0,0,0,0,0,20,73,17,2,112,0,0,0,112
11/18/2009,XNA,AR,ASW,CE,Federal Contract Tower,24,75,15,0,114,0,0,0,0,0,24,75,15,0,114,0,0,0,114
11/19/2009,XNA,AR,ASW,CE,Federal Contract Tower,30,67,21,22,140,0,0,5,1,6,30,67,26,23,146,0,20,20,166
11/20/2009,XNA,AR,ASW,CE,Federal Contract Tower,26,70,13,14,123,0,0,3,0,3,26,70,16,14,126,0,4,4,130
11/21/2009,XNA,AR,ASW,CE,Federal Contract Tower,13,41,5,0,59,0,0,6,0,6,13,41,11,0,65,0,0,0,65
11/22/2009,XNA,AR,ASW,CE,Federal Contract Tower,25,50,5,11,91,0,1,2,6,9,25,51,7,17,100,0,4,4,104
11/23/2009,XNA,AR,ASW,CE,Federal Contract Tower,23,69,16,12,120,0,0,3,0,3,23,69,19,12,123,6,2,8,131
11/24/2009,XNA,AR,ASW,CE,Federal Contract Tower,22,68,19,15,124,0,0,1,2,3,22,68,20,17,127,0,22,22,149
11/25/2009,XNA,AR,ASW,CE,Federal Contract Tower,22,68,5,23,118,0,0,6,0,6,22,68,11,23,124,0,50,50,174
11/26/2009,XNA,AR,ASW,CE,Federal Contract Tower,19,32,1,0,52,0,0,3,0,3,19,32,4,0,55,0,0,0,55
11/27/2009,XNA,AR,ASW,CE,Federal Contract Tower,25,35,0,0,60,0,0,1,0,1,25,35,1,0,61,0,0,0,61
11/28/2009,XNA,AR,ASW,CE,Federal Contract Tower,11,54,2,0,67,0,0,3,0,3,11,54,5,0,70,0,0,0,70
11/29/2009,XNA,AR,ASW,CE,Federal Contract Tower,19,64,6,0,89,0,0,0,0,0,19,64,6,0,89,0,0,0,89
11/30/2009,XNA,AR,ASW,CE,Federal Contract Tower,28,69,2,35,134,0,0,0,1,1,28,69,2,36,135,0,16,16,151
12/01/2009,XNA,AR,ASW,CE,Federal Contract Tower,20,71,29,7,127,0,0,3,3,6,20,71,32,10,133,0,12,12,145
12/02/2009,XNA,AR,ASW,CE,Federal Contract Tower,23,68,11,10,112,0,0,0,0,0,23,68,11,10,112,0,6,6,118
12/03/2009,XNA,AR,ASW,CE,Federal Contract Tower,28,71,32,39,170,0,0,2,2,4,28,71,34,41,174,8,84,92,266
12/04/2009,XNA,AR,ASW,CE,Federal Contract Tower,23,65,8,22,118,0,0,2,0,2,23,65,10,22,120,0,8,8,128
12/05/2009,XNA,AR,ASW,CE,Federal Contract Tower,12,43,2,12,69,0,0,2,0,2,12,43,4,12,71,0,6,6,77
12/06/2009,XNA,AR,ASW,CE,Federal Contract Tower,23,50,6,5,84,0,0,0,0,0,23,50,6,5,84,0,0,0,84
12/07/2009,XNA,AR,ASW,CE,Federal Contract Tower,24,70,9,29,132,0,0,0,0,0,24,70,9,29,132,0,0,0,132
12/08/2009,XNA,AR,ASW,CE,Federal Contract Tower,21,63,13,2,99,0,0,0,0,0,21,63,13,2,99,0,0,0,99
12/09/2009,XNA,AR,ASW,CE,Federal Contract Tower,18,67,18,29,132,0,0,1,0,1,18,67,19,29,133,0,76,76,209
12/10/2009,XNA,AR,ASW,CE,Federal Contract Tower,27,71,14,14,126,0,0,2,2,4,27,71,16,16,130,0,56,56,186
12/11/2009,XNA,AR,ASW,CE,Federal Contract Tower,25,68,10,28,131,0,0,0,2,2,25,68,10,30,133,0,60,60,193
12/12/2009,XNA,AR,ASW,CE,Federal Contract Tower,13,42,8,0,63,0,0,0,0,0,13,42,8,0,63,0,0,0,63
12/13/2009,XNA,AR,ASW,CE,Federal Contract Tower,21,55,2,0,78,0,0,2,0,2,21,55,4,0,80,0,0,0,80
12/14/2009,XNA,AR,ASW,CE,Federal Contract Tower,24,67,7,12,110,0,0,2,0,2,24,67,9,12,112,0,0,0,112
12/15/2009,XNA,AR,ASW,CE,Federal Contract Tower,21,74,17,29,141,0,0,4,3,7,21,74,21,32,148,12,6,18,166
12/16/2009,XNA,AR,ASW,CE,Federal Contract Tower,24,70,11,8,113,0,0,4,1,5,24,70,15,9,118,0,0,0,118
12/17/2009,XNA,AR,ASW,CE,Federal Contract Tower,30,64,14,18,126,0,0,10,1,11,30,64,24,19,137,0,14,14,151
12/18/2009,XNA,AR,ASW,CE,Federal Contract Tower,23,65,9,17,114,0,0,2,3,5,23,65,11,20,119,8,20,28,147
12/19/2009,XNA,AR,ASW,CE,Federal Contract Tower,12,47,3,4,66,0,0,0,0,0,12,47,3,4,66,0,0,0,66
12/20/2009,XNA,AR,ASW,CE,Federal Contract Tower,21,55,5,27,108,0,0,9,0,9,21,55,14,27,117,0,35,35,152
12/21/2009,XNA,AR,ASW,CE,Federal Contract Tower,24,62,9,24,119,0,0,6,4,10,24,62,15,28,129,0,24,24,153
12/22/2009,XNA,AR,ASW,CE,Federal Contract Tower,21,58,12,0,91,0,0,0,0,0,21,58,12,0,91,0,0,0,91
12/23/2009,XNA,AR,ASW,CE,Federal Contract Tower,25,54,2,0,81,0,0,0,0,0,25,54,2,0,81,0,0,0,81
12/24/2009,XNA,AR,ASW,CE,Federal Contract Tower,14,41,3,0,58,0,0,0,0,0,14,41,3,0,58,0,0,0,58
12/25/2009,XNA,AR,ASW,CE,Federal Contract Tower,17,37,0,0,54,0,0,0,0,0,17,37,0,0,54,0,0,0,54
12/26/2009,XNA,AR,ASW,CE,Federal Contract Tower,11,43,4,0,58,0,0,0,0,0,11,43,4,0,58,0,0,0,58
12/27/2009,XNA,AR,ASW,CE,Federal Contract Tower,21,56,5,0,82,0,0,2,0,2,21,56,7,0,84,0,0,0,84
12/28/2009,XNA,AR,ASW,CE,Federal Contract Tower,25,58,3,9,95,0,0,0,0,0,25,58,3,9,95,0,0,0,95
12/29/2009,XNA,AR,ASW,CE,Federal Contract Tower,22,59,3,2,86,0,0,0,0,0,22,59,3,2,86,0,0,0,86
12/30/2009,XNA,AR,ASW,CE,Federal Contract Tower,22,62,5,2,91,0,0,0,0,0,22,62,5,2,91,0,0,0,91
12/31/2009,XNA,AR,ASW,CE,Federal Contract Tower,21,35,1,0,57,0,0,0,0,0,21,35,1,0,57,0,0,0,57
01/01/2010,XNA,AR,ASW,CE,Federal Contract Tower,21,38,2,0,61,0,0,4,0,4,21,38,6,0,65,0,0,0,65
01/02/2010,XNA,AR,ASW,CE,Federal Contract Tower,13,50,12,0,75,0,0,0,0,0,13,50,12,0,75,0,0,0,75
01/03/2010,XNA,AR,ASW,CE,Federal Contract Tower,23,57,7,0,87,0,0,2,0,2,23,57,9,0,89,0,0,0,89
01/04/2010,XNA,AR,ASW,CE,Federal Contract Tower,27,64,8,4,103,0,0,1,0,1,27,64,9,4,104,0,0,0,104
01/05/2010,XNA,AR,ASW,CE,Federal Contract Tower,21,68,5,2,96,0,0,0,0,0,21,68,5,2,96,0,0,0,96
01/06/2010,XNA,AR,ASW,CE,Federal Contract Tower,22,72,14,2,110,0,0,2,0,2,22,72,16,2,112,0,0,0,112
01/07/2010,XNA,AR,ASW,CE,Federal Contract Tower,26,61,10,11,108,0,0,0,0,0,26,61,10,11,108,0,18,18,126
01/08/2010,XNA,AR,ASW,CE,Federal Contract Tower,24,67,8,12,111,0,0,0,0,0,24,67,8,12,111,0,0,0,111
01/09/2010,XNA,AR,ASW,CE,Federal Contract Tower,12,40,3,0,55,0,0,1,0,1,12,40,4,0,56,0,0,0,56
01/10/2010,XNA,AR,ASW,CE,Federal Contract Tower,20,50,2,0,72,0,0,0,0,0,20,50,2,0,72,0,0,0,72
01/11/2010,XNA,AR,ASW,CE,Federal Contract Tower,21,74,16,25,136,0,0,0,4,4,21,74,16,29,140,0,22,22,162
01/12/2010,XNA,AR,ASW,CE,Federal Contract Tower,18,74,10,7,109,0,2,2,0,4,18,76,12,7,113,0,10,10,123
01/13/2010,XNA,AR,ASW,CE,Federal Contract Tower,22,78,14,26,140,0,0,2,3,5,22,78,16,29,145,0,24,24,169
01/14/2010,XNA,AR,ASW,CE,Federal Contract Tower,26,78,7,0,111,0,0,1,0,1,26,78,8,0,112,0,0,0,112
01/15/2010,XNA,AR,ASW,CE,Federal Contract Tower,21,50,6,0,77,0,0,0,0,0,21,50,6,0,77,0,0,0,77
01/16/2010,XNA,AR,ASW,CE,Federal Contract Tower,11,41,4,0,56,0,0,2,0,2,11,41,6,0,58,0,0,0,58
01/17/2010,XNA,AR,ASW,CE,Federal Contract Tower,20,47,14,0,81,0,2,0,0,2,20,49,14,0,83,2,0,2,85
01/18/2010,XNA,AR,ASW,CE,Federal Contract Tower,25,70,15,7,117,0,1,0,0,1,25,71,15,7,118,0,12,12,130
01/19/2010,XNA,AR,ASW,CE,Federal Contract Tower,19,73,11,0,103,0,0,1,2,3,19,73,12,2,106,0,0,0,106
01/20/2010,XNA,AR,ASW,CE,Federal Contract Tower,20,80,10,24,134,0,3,6,2,11,20,83,16,26,145,0,84,84,229
01/21/2010,XNA,AR,ASW,CE,Federal Contract Tower,27,72,13,7,119,0,0,0,1,1,27,72,13,8,120,0,0,0,120
01/22/2010,XNA,AR,ASW,CE,Federal Contract Tower,30,65,12,23,130,0,0,9,0,9,30,65,21,23,139,0,20,20,159
01/23/2010,XNA,AR,ASW,CE,Federal Contract Tower,12,39,15,0,66,0,0,0,0,0,12,39,15,0,66,0,0,0,66
01/24/2010,XNA,AR,ASW,CE,Federal Contract Tower,19,48,5,0,72,0,0,2,0,2,19,48,7,0,74,0,0,0,74
01/25/2010,XNA,AR,ASW,CE,Federal Contract Tower,26,71,16,9,122,0,0,3,1,4,26,71,19,10,126,0,2,2,128
01/26/2010,XNA,AR,ASW,CE,Federal Contract Tower,25,69,19,9,122,0,0,11,1,12,25,69,30,10,134,0,0,0,134
01/27/2010,XNA,AR,ASW,CE,Federal Contract Tower,24,73,20,6,123,0,0,8,0,8,24,73,28,6,131,0,4,4,135
01/28/2010,XNA,AR,ASW,CE,Federal Contract Tower,23,47,15,0,85,0,0,0,0,0,23,47,15,0,85,0,0,0,85
01/29/2010,XNA,AR,ASW,CE,Federal Contract Tower,11,11,7,2,31,0,0,0,0,0,11,11,7,2,31,0,0,0,31
01/30/2010,XNA,AR,ASW,CE,Federal Contract Tower,15,30,5,0,50,0,0,0,0,0,15,30,5,0,50,0,0,0,50
01/31/2010,XNA,AR,ASW,CE,Federal Contract Tower,11,39,13,2,65,0,0,0,0,0,11,39,13,2,65,0,0,0,65
02/01/2010,XNA,AR,ASW,CE,Federal Contract Tower,30,70,19,2,121,0,0,2,0,2,30,70,21,2,123,0,0,0,123
02/02/2010,XNA,AR,ASW,CE,Federal Contract Tower,20,74,11,8,113,0,0,0,0,0,20,74,11,8,113,0,8,8,121
02/03/2010,XNA,AR,ASW,CE,Federal Contract Tower,22,70,7,5,104,0,0,0,1,1,22,70,7,6,105,0,26,26,131
02/04/2010,XNA,AR,ASW,CE,Federal Contract Tower,31,79,25,0,135,0,0,0,0,0,31,79,25,0,135,0,0,0,135
02/05/2010,XNA,AR,ASW,CE,Federal Contract Tower,23,73,12,0,108,0,0,0,0,0,23,73,12,0,108,0,0,0,108
02/06/2010,XNA,AR,ASW,CE,Federal Contract Tower,12,42,3,2,59,0,0,0,0,0,12,42,3,2,59,0,0,0,59
02/07/2010,XNA,AR,ASW,CE,Federal Contract Tower,20,51,6,6,83,0,0,0,0,0,20,51,6,6,83,0,8,8,91
02/08/2010,XNA,AR,ASW,CE,Federal Contract Tower,24,70,10,0,104,0,0,0,0,0,24,70,10,0,104,0,0,0,104
02/09/2010,XNA,AR,ASW,CE,Federal Contract Tower,14,65,21,11,111,0,0,1,0,1,14,65,22,11,112,4,24,28,140
02/10/2010,XNA,AR,ASW,CE,Federal Contract Tower,22,59,13,13,107,0,0,4,4,8,22,59,17,17,115,0,4,4,119
02/11/2010,XNA,AR,ASW,CE,Federal Contract Tower,20,76,9,9,114,0,1,5,0,6,20,77,14,9,120,0,20,20,140
02/12/2010,XNA,AR,ASW,CE,Federal Contract Tower,19,63,3,34,119,0,0,3,1,4,19,63,6,35,123,0,80,80,203
02/13/2010,XNA,AR,ASW,CE,Federal Contract Tower,11,32,2,22,67,0,0,2,0,2,11,32,4,22,69,0,26,26,95
02/14/2010,XNA,AR,ASW,CE,Federal Contract Tower,18,46,3,5,72,0,0,2,0,2,18,46,5,5,74,0,0,0,74
02/15/2010,XNA,AR,ASW,CE,Federal Contract Tower,21,63,12,2,98,0,0,2,0,2,21,63,14,2,100,0,0,0,100
02/16/2010,XNA,AR,ASW,CE,Federal Contract Tower,17,67,20,12,116,0,0,1,0,1,17,67,21,12,117,0,0,0,117
02/17/2010,XNA,AR,ASW,CE,Federal Contract Tower,21,72,12,34,139,0,0,7,0,7,21,72,19,34,146,0,22,22,168
02/18/2010,XNA,AR,ASW,CE,Federal Contract Tower,25,89,10,11,135,0,0,3,1,4,25,89,13,12,139,0,46,46,185
02/19/2010,XNA,AR,ASW,CE,Federal Contract Tower,24,73,10,6,113,0,0,0,0,0,24,73,10,6,113,0,2,2,115
02/20/2010,XNA,AR,ASW,CE,Federal Contract Tower,16,38,6,0,60,0,0,0,0,0,16,38,6,0,60,0,0,0,60
02/21/2010,XNA,AR,ASW,CE,Federal Contract Tower,17,54,9,0,80,0,0,0,0,0,17,54,9,0,80,0,0,0,80
02/22/2010,XNA,AR,ASW,CE,Federal Contract Tower,22,71,11,13,117,0,0,0,0,0,22,71,11,13,117,0,0,0,117
02/23/2010,XNA,AR,ASW,CE,Federal Contract Tower,20,67,14,47,148,0,0,6,1,7,20,67,20,48,155,0,44,44,199
02/24/2010,XNA,AR,ASW,CE,Federal Contract Tower,18,66,27,38,149,0,2,3,3,8,18,68,30,41,157,0,80,80,237
02/25/2010,XNA,AR,ASW,CE,Federal Contract Tower,25,72,13,22,132,0,0,3,0,3,25,72,16,22,135,0,26,26,161
02/26/2010,XNA,AR,ASW,CE,Federal Contract Tower,24,60,8,16,108,0,0,2,0,2,24,60,10,16,110,12,10,22,132
02/27/2010,XNA,AR,ASW,CE,Federal Contract Tower,13,39,1,38,91,0,0,0,0,0,13,39,1,38,91,0,12,12,103
02/28/2010,XNA,AR,ASW,CE,Federal Contract Tower,20,53,7,14,94,0,0,2,0,2,20,53,9,14,96,0,10,10,106
03/01/2010,XNA,AR,ASW,CE,Federal Contract Tower,22,74,7,55,158,0,0,0,0,0,22,74,7,55,158,0,34,34,192
03/02/2010,XNA,AR,ASW,CE,Federal Contract Tower,22,74,8,11,115,0,0,8,0,8,22,74,16,11,123,4,20,24,147
03/03/2010,XNA,AR,ASW,CE,Federal Contract Tower,19,73,13,23,128,0,2,5,0,7,19,75,18,23,135,0,8,8,143
03/04/2010,XNA,AR,ASW,CE,Federal Contract Tower,23,77,10,19,129,0,0,0,0,0,23,77,10,19,129,0,2,2,131
03/05/2010,XNA,AR,ASW,CE,Federal Contract Tower,23,74,17,21,135,0,0,5,1,6,23,74,22,22,141,6,40,46,187
03/06/2010,XNA,AR,ASW,CE,Federal Contract Tower,13,40,2,3,58,0,0,3,0,3,13,40,5,3,61,0,6,6,67
03/07/2010,XNA,AR,ASW,CE,Federal Contract Tower,19,55,2,8,84,0,0,0,0,0,19,55,2,8,84,0,0,0,84
03/08/2010,XNA,AR,ASW,CE,Federal Contract Tower,23,82,19,65,189,0,0,4,0,4,23,82,23,65,193,0,66,66,259
03/09/2010,XNA,AR,ASW,CE,Federal Contract Tower,19,71,20,8,118,0,0,1,0,1,19,71,21,8,119,0,2,2,121
03/10/2010,XNA,AR,ASW,CE,Federal Contract Tower,19,79,14,27,139,0,0,0,0,0,19,79,14,27,139,8,98,106,245
03/11/2010,XNA,AR,ASW,CE,Federal Contract Tower,22,83,11,10,126,0,0,0,0,0,22,83,11,10,126,0,0,0,126
03/12/2010,XNA,AR,ASW,CE,Federal Contract Tower,22,78,13,15,128,0,0,0,0,0,22,78,13,15,128,0,0,0,128
03/13/2010,XNA,AR,ASW,CE,Federal Contract Tower,11,41,4,8,64,0,0,0,0,0,11,41,4,8,64,0,0,0,64
03/14/2010,XNA,AR,ASW,CE,Federal Contract Tower,19,57,17,2,95,0,0,2,0,2,19,57,19,2,97,0,0,0,97
03/15/2010,XNA,AR,ASW,CE,Federal Contract Tower,24,78,17,35,154,0,0,0,0,0,24,78,17,35,154,0,0,0,154
03/16/2010,XNA,AR,ASW,CE,Federal Contract Tower,20,68,6,27,121,0,0,1,0,1,20,68,7,27,122,0,0,0,122
03/17/2010,XNA,AR,ASW,CE,Federal Contract Tower,20,74,14,0,108,0,0,0,0,0,20,74,14,0,108,0,0,0,108
03/18/2010,XNA,AR,ASW,CE,Federal Contract Tower,23,81,25,10,139,0,0,0,8,8,23,81,25,18,147,0,0,0,147
03/19/2010,XNA,AR,ASW,CE,Federal Contract Tower,24,69,5,24,122,0,0,2,3,5,24,69,7,27,127,0,0,0,127
03/20/2010,XNA,AR,ASW,CE,Federal Contract Tower,9,40,6,0,55,0,0,0,0,0,9,40,6,0,55,0,0,0,55
03/21/2010,XNA,AR,ASW,CE,Federal Contract Tower,15,50,5,0,70,0,0,0,0,0,15,50,5,0,70,0,0,0,70
03/22/2010,XNA,AR,ASW,CE,Federal Contract Tower,22,80,8,68,178,0,0,12,0,12,22,80,20,68,190,0,138,138,328
03/23/2010,XNA,AR,ASW,CE,Federal Contract Tower,18,64,18,19,119,0,0,4,2,6,18,64,22,21,125,0,26,26,151
03/24/2010,XNA,AR,ASW,CE,Federal Contract Tower,17,75,21,8,121,0,0,0,0,0,17,75,21,8,121,0,14,14,135
03/25/2010,XNA,AR,ASW,CE,Federal Contract Tower,23,77,15,12,127,0,0,2,0,2,23,77,17,12,129,0,0,0,129
03/26/2010,XNA,AR,ASW,CE,Federal Contract Tower,24,72,12,21,129,0,0,4,0,4,24,72,16,21,133,0,26,26,159
03/27/2010,XNA,AR,ASW,CE,Federal Contract Tower,11,42,11,0,64,0,0,0,0,0,11,42,11,0,64,0,0,0,64
03/28/2010,XNA,AR,ASW,CE,Federal Contract Tower,17,56,20,0,93,0,0,0,0,0,17,56,20,0,93,0,0,0,93
03/29/2010,XNA,AR,ASW,CE,Federal Contract Tower,25,76,18,0,119,0,0,2,0,2,25,76,20,0,121,2,0,2,123
03/30/2010,XNA,AR,ASW,CE,Federal Contract Tower,21,64,14,24,123,0,0,8,3,11,21,64,22,27,134,0,30,30,164
03/31/2010,XNA,AR,ASW,CE,Federal Contract Tower,20,74,24,25,143,0,0,2,4,6,20,74,26,29,149,0,12,12,161
04/01/2010,XNA,AR,ASW,CE,Federal Contract Tower,25,80,17,34,156,0,0,2,1,3,25,80,19,35,159,0,0,0,159
04/02/2010,XNA,AR,ASW,CE,Federal Contract Tower,20,72,10,0,102,0,0,0,0,0,20,72,10,0,102,0,0,0,102
04/03/2010,XNA,AR,ASW,CE,Federal Contract Tower,10,41,4,0,55,0,0,2,0,2,10,41,6,0,57,0,0,0,57
04/04/2010,XNA,AR,ASW,CE,Federal Contract Tower,15,56,4,4,79,0,0,0,0,0,15,56,4,4,79,0,0,0,79
04/05/2010,XNA,AR,ASW,CE,Federal Contract Tower,20,79,8,10,117,0,0,0,2,2,20,79,8,12,119,0,0,0,119
04/06/2010,XNA,AR,ASW,CE,Federal Contract Tower,17,78,6,33,134,0,0,1,0,1,17,78,7,33,135,0,6,6,141
04/07/2010,XNA,AR,ASW,CE,Federal Contract Tower,10,82,23,9,124,0,2,2,0,4,10,84,25,9,128,0,0,0,128
04/08/2010,XNA,AR,ASW,CE,Federal Contract Tower,19,86,14,28,147,0,0,8,4,12,19,86,22,32,159,0,20,20,179
04/09/2010,XNA,AR,ASW,CE,Federal Contract Tower,13,80,12,16,121,0,0,4,4,8,13,80,16,20,129,0,0,0,129
04/10/2010,XNA,AR,ASW,CE,Federal Contract Tower,5,46,9,12,72,0,0,1,0,1,5,46,10,12,73,0,2,2,75
04/11/2010,XNA,AR,ASW,CE,Federal Contract Tower,15,63,6,25,109,0,0,2,1,3,15,63,8,26,112,0,6,6,118
04/12/2010,XNA,AR,ASW,CE,Federal Contract Tower,13,91,7,11,122,0,0,0,5,5,13,91,7,16,127,0,6,6,133
04/13/2010,XNA,AR,ASW,CE,Federal Contract Tower,12,78,6,51,147,0,0,2,7,9,12,78,8,58,156,10,50,60,216
04/14/2010,XNA,AR,ASW,CE,Federal Contract Tower,16,83,11,58,168,0,0,0,4,4,16,83,11,62,172,0,34,34,206
04/15/2010,XNA,AR,ASW,CE,Federal Contract Tower,20,84,18,52,174,0,2,2,2,6,20,86,20,54,180,0,30,30,210
04/16/2010,XNA,AR,ASW,CE,Federal Contract Tower,17,77,15,35,144,0,0,0,2,2,17,77,15,37,146,0,116,116,262
04/17/2010,XNA,AR,ASW,CE,Federal Contract Tower,5,43,2,0,50,0,0,4,0,4,5,43,6,0,54,0,0,0,54
04/18/2010,XNA,AR,ASW,CE,Federal Contract Tower,14,71,10,0,95,0,0,2,0,2,14,71,12,0,97,0,0,0,97
04/19/2010,XNA,AR,ASW,CE,Federal Contract Tower,15,80,6,33,134,0,0,4,0,4,15,80,10,33,138,26,22,48,186
04/20/2010,XNA,AR,ASW,CE,Federal Contract Tower,13,78,12,29,132,0,0,1,5,6,13,78,13,34,138,0,58,58,196
04/21/2010,XNA,AR,ASW,CE,Federal Contract Tower,11,82,17,35,145,0,0,4,2,6,11,82,21,37,151,10,12,22,173
04/22/2010,XNA,AR,ASW,CE,Federal Contract Tower,21,86,17,40,164,0,0,6,0,6,21,86,23,40,170,0,48,48,218
04/23/2010,XNA,AR,ASW,CE,Federal Contract Tower,15,85,4,5,109,0,0,2,0,2,15,85,6,5,111,0,0,0,111
04/24/2010,XNA,AR,ASW,CE,Federal Contract Tower,8,50,7,0,65,0,0,0,0,0,8,50,7,0,65,0,0,0,65
04/25/2010,XNA,AR,ASW,CE,Federal Contract Tower,13,62,2,4,81,0,0,0,0,0,13,62,2,4,81,0,0,0,81
04/26/2010,XNA,AR,ASW,CE,Federal Contract Tower,16,87,14,4,121,0,0,2,0,2,16,87,16,4,123,0,0,0,123
04/27/2010,XNA,AR,ASW,CE,Federal Contract Tower,11,81,7,24,123,0,0,1,0,1,11,81,8,24,124,6,14,20,144
04/28/2010,XNA,AR,ASW,CE,Federal Contract Tower,10,80,16,10,116,0,0,11,0,11,10,80,27,10,127,16,0,16,143
04/29/2010,XNA,AR,ASW,CE,Federal Contract Tower,18,83,10,39,150,0,0,1,0,1,18,83,11,39,151,0,22,22,173
04/30/2010,XNA,AR,ASW,CE,Federal Contract Tower,15,86,7,0,108,0,0,0,0,0,15,86,7,0,108,0,0,0,108
05/01/2010,XNA,AR,ASW,CE,Federal Contract Tower,5,49,8,0,62,0,0,4,0,4,5,49,12,0,66,0,0,0,66
05/02/2010,XNA,AR,ASW,CE,Federal Contract Tower,17,61,3,8,89,0,0,4,2,6,17,61,7,10,95,0,0,0,95
05/03/2010,XNA,AR,ASW,CE,Federal Contract Tower,18,82,13,36,149,0,0,6,2,8,18,82,19,38,157,0,30,30,187
05/04/2010,XNA,AR,ASW,CE,Federal Contract Tower,12,84,18,11,125,0,0,0,5,5,12,84,18,16,130,0,26,26,156
05/05/2010,XNA,AR,ASW,CE,Federal Contract Tower,15,79,17,27,138,0,0,6,3,9,15,79,23,30,147,0,26,26,173
05/06/2010,XNA,AR,ASW,CE,Federal Contract Tower,17,84,17,25,143,0,0,4,3,7,17,84,21,28,150,0,62,62,212
05/07/2010,XNA,AR,ASW,CE,Federal Contract Tower,16,138,11,24,189,0,0,0,0,0,16,138,11,24,189,0,0,0,189
05/08/2010,XNA,AR,ASW,CE,Federal Contract Tower,7,46,3,3,59,0,0,0,0,0,7,46,3,3,59,0,2,2,61
05/09/2010,XNA,AR,ASW,CE,Federal Contract Tower,17,67,5,0,89,0,0,0,0,0,17,67,5,0,89,0,0,0,89
05/10/2010,XNA,AR,ASW,CE,Federal Contract Tower,18,91,6,0,115,0,0,2,0,2,18,91,8,0,117,0,0,0,117
05/11/2010,XNA,AR,ASW,CE,Federal Contract Tower,15,77,14,15,121,0,0,0,0,0,15,77,14,15,121,0,0,0,121
05/12/2010,XNA,AR,ASW,CE,Federal Contract Tower,14,70,13,18,115,0,0,1,0,1,14,70,14,18,116,0,4,4,120
05/13/2010,XNA,AR,ASW,CE,Federal Contract Tower,15,76,22,0,113,0,0,4,0,4,15,76,26,0,117,4,0,4,121
05/14/2010,XNA,AR,ASW,CE,Federal Contract Tower,14,78,4,0,96,0,0,0,0,0,14,78,4,0,96,0,0,0,96
05/15/2010,XNA,AR,ASW,CE,Federal Contract Tower,7,48,2,0,57,0,0,0,0,0,7,48,2,0,57,0,0,0,57
05/16/2010,XNA,AR,ASW,CE,Federal Contract Tower,15,69,5,0,89,0,0,2,0,2,15,69,7,0,91,0,0,0,91
05/17/2010,XNA,AR,ASW,CE,Federal Contract Tower,17,91,13,13,134,0,0,0,0,0,17,91,13,13,134,0,12,12,146
05/18/2010,XNA,AR,ASW,CE,Federal Contract Tower,14,77,21,1,113,0,0,2,0,2,14,77,23,1,115,0,0,0,115
05/19/2010,XNA,AR,ASW,CE,Federal Contract Tower,14,76,16,0,106,0,0,0,1,1,14,76,16,1,107,0,0,0,107
05/20/2010,XNA,AR,ASW,CE,Federal Contract Tower,20,87,17,0,124,0,0,0,0,0,20,87,17,0,124,0,0,0,124
05/21/2010,XNA,AR,ASW,CE,Federal Contract Tower,17,75,13,14,119,0,0,0,1,1,17,75,13,15,120,0,6,6,126
05/22/2010,XNA,AR,ASW,CE,Federal Contract Tower,6,47,7,2,62,0,0,2,0,2,6,47,9,2,64,0,0,0,64
05/23/2010,XNA,AR,ASW,CE,Federal Contract Tower,16,69,2,4,91,0,0,0,1,1,16,69,2,5,92,0,0,0,92
05/24/2010,XNA,AR,ASW,CE,Federal Contract Tower,16,88,12,63,179,0,0,1,2,3,16,88,13,65,182,0,46,46,228
05/25/2010,XNA,AR,ASW,CE,Federal Contract Tower,16,83,12,4,115,0,0,2,0,2,16,83,14,4,117,0,0,0,117
05/26/2010,XNA,AR,ASW,CE,Federal Contract Tower,14,80,5,18,117,0,0,5,0,5,14,80,10,18,122,0,20,20,142
05/27/2010,XNA,AR,ASW,CE,Federal Contract Tower,15,84,14,4,117,0,0,0,6,6,15,84,14,10,123,0,10,10,133
05/28/2010,XNA,AR,ASW,CE,Federal Contract Tower,13,72,15,12,112,0,0,4,6,10,13,72,19,18,122,0,0,0,122
05/29/2010,XNA,AR,ASW,CE,Federal Contract Tower,8,46,6,18,78,0,0,1,0,1,8,46,7,18,79,0,0,0,79
05/30/2010,XNA,AR,ASW,CE,Federal Contract Tower,19,55,1,9,84,0,0,0,0,0,19,55,1,9,84,0,0,0,84
05/31/2010,XNA,AR,ASW,CE,Federal Contract Tower,20,76,3,2,101,0,0,0,0,0,20,76,3,2,101,0,0,0,101
06/01/2010,XNA,AR,ASW,CE,Federal Contract Tower,15,93,19,28,155,0,0,2,0,2,15,93,21,28,157,0,62,62,219
06/02/2010,XNA,AR,ASW,CE,Federal Contract Tower,18,76,16,21,131,0,0,0,0,0,18,76,16,21,131,0,10,10,141
06/03/2010,XNA,AR,ASW,CE,Federal Contract Tower,14,89,22,24,149,0,0,0,0,0,14,89,22,24,149,0,24,24,173
06/04/2010,XNA,AR,ASW,CE,Federal Contract Tower,22,80,18,18,138,0,0,0,1,1,22,80,18,19,139,4,20,24,163
06/05/2010,XNA,AR,ASW,CE,Federal Contract Tower,27,61,3,8,99,0,0,0,0,0,27,61,3,8,99,0,0,0,99
06/06/2010,XNA,AR,ASW,CE,Federal Contract Tower,15,67,11,4,97,0,0,4,0,4,15,67,15,4,101,2,0,2,103
06/07/2010,XNA,AR,ASW,CE,Federal Contract Tower,12,86,10,2,110,0,0,0,0,0,12,86,10,2,110,0,0,0,110
06/08/2010,XNA,AR,ASW,CE,Federal Contract Tower,14,76,12,0,102,0,0,2,0,2,14,76,14,0,104,0,0,0,104
06/09/2010,XNA,AR,ASW,CE,Federal Contract Tower,12,79,28,4,123,0,0,2,0,2,12,79,30,4,125,4,14,18,143
06/10/2010,XNA,AR,ASW,CE,Federal Contract Tower,20,85,28,7,140,0,0,4,0,4,20,85,32,7,144,0,92,92,236
06/11/2010,XNA,AR,ASW,CE,Federal Contract Tower,26,80,15,4,125,0,0,4,0,4,26,80,19,4,129,0,0,0,129
06/12/2010,XNA,AR,ASW,CE,Federal Contract Tower,5,58,4,0,67,0,0,4,0,4,5,58,8,0,71,0,0,0,71
06/13/2010,XNA,AR,ASW,CE,Federal Contract Tower,12,65,13,2,92,0,0,4,0,4,12,65,17,2,96,0,0,0,96
06/14/2010,XNA,AR,ASW,CE,Federal Contract Tower,19,76,3,0,98,0,0,1,0,1,19,76,4,0,99,0,0,0,99
06/15/2010,XNA,AR,ASW,CE,Federal Contract Tower,15,84,17,7,123,0,0,5,0,5,15,84,22,7,128,0,4,4,132
06/16/2010,XNA,AR,ASW,CE,Federal Contract Tower,15,84,17,4,120,0,0,0,0,0,15,84,17,4,120,0,2,2,122
06/17/2010,XNA,AR,ASW,CE,Federal Contract Tower,16,84,13,10,123,0,0,7,0,7,16,84,20,10,130,8,0,8,138
06/18/2010,XNA,AR,ASW,CE,Federal Contract Tower,18,77,14,22,131,0,0,4,4,8,18,77,18,26,139,0,8,8,147
06/19/2010,XNA,AR,ASW,CE,Federal Contract Tower,4,61,1,2,68,0,0,7,0,7,4,61,8,2,75,0,0,0,75
06/20/2010,XNA,AR,ASW,CE,Federal Contract Tower,14,66,3,4,87,0,0,0,0,0,14,66,3,4,87,0,0,0,87
06/21/2010,XNA,AR,ASW,CE,Federal Contract Tower,23,83,15,15,136,0,0,2,9,11,23,83,17,24,147,0,16,16,163
06/22/2010,XNA,AR,ASW,CE,Federal Contract Tower,15,82,16,29,142,0,0,3,0,3,15,82,19,29,145,0,38,38,183
06/23/2010,XNA,AR,ASW,CE,Federal Contract Tower,14,77,18,9,118,0,0,10,3,13,14,77,28,12,131,6,32,38,169
06/24/2010,XNA,AR,ASW,CE,Federal Contract Tower,19,83,14,6,122,2,0,6,1,9,21,83,20,7,131,3,4,7,138
06/25/2010,XNA,AR,ASW,CE,Federal Contract Tower,20,77,8,10,115,0,0,4,0,4,20,77,12,10,119,0,28,28,147
06/26/2010,XNA,AR,ASW,CE,Federal Contract Tower,8,59,0,1,68,0,0,2,0,2,8,59,2,1,70,0,0,0,70
06/27/2010,XNA,AR,ASW,CE,Federal Contract Tower,13,62,3,1,79,0,0,0,0,0,13,62,3,1,79,0,0,0,79
06/28/2010,XNA,AR,ASW,CE,Federal Contract Tower,15,78,9,3,105,0,0,1,1,2,15,78,10,4,107,0,0,0,107
06/29/2010,XNA,AR,ASW,CE,Federal Contract Tower,15,84,16,1,116,0,0,4,3,7,15,84,20,4,123,8,4,12,135
06/30/2010,XNA,AR,ASW,CE,Federal Contract Tower,16,84,10,5,115,0,0,4,6,10,16,84,14,11,125,0,0,0,125
07/01/2010,XNA,AR,ASW,CE,Federal Contract Tower,21,87,16,5,129,0,0,2,5,7,21,87,18,10,136,0,10,10,146
07/02/2010,XNA,AR,ASW,CE,Federal Contract Tower,17,78,8,10,113,0,0,0,0,0,17,78,8,10,113,0,0,0,113
07/03/2010,XNA,AR,ASW,CE,Federal Contract Tower,5,56,5,0,66,0,0,0,0,0,5,56,5,0,66,0,0,0,66
07/04/2010,XNA,AR,ASW,CE,Federal Contract Tower,14,45,0,0,59,0,0,0,0,0,14,45,0,0,59,0,0,0,59
07/05/2010,XNA,AR,ASW,CE,Federal Contract Tower,18,75,8,4,105,0,0,3,0,3,18,75,11,4,108,0,0,0,108
07/06/2010,XNA,AR,ASW,CE,Federal Contract Tower,16,82,3,0,101,0,0,0,0,0,16,82,3,0,101,6,0,6,107
07/07/2010,XNA,AR,ASW,CE,Federal Contract Tower,12,88,19,2,121,0,0,0,0,0,12,88,19,2,121,0,10,10,131
07/08/2010,XNA,AR,ASW,CE,Federal Contract Tower,16,86,15,0,117,0,0,0,0,0,16,86,15,0,117,0,0,0,117
07/09/2010,XNA,AR,ASW,CE,Federal Contract Tower,19,76,11,0,106,0,0,0,0,0,19,76,11,0,106,0,0,0,106
07/10/2010,XNA,AR,ASW,CE,Federal Contract Tower,7,53,6,5,71,0,0,8,5,13,7,53,14,10,84,8,10,18,102
07/11/2010,XNA,AR,ASW,CE,Federal Contract Tower,13,73,6,8,100,0,0,3,0,3,13,73,9,8,103,0,0,0,103
07/12/2010,XNA,AR,ASW,CE,Federal Contract Tower,16,82,9,0,107,0,0,0,0,0,16,82,9,0,107,0,0,0,107
07/13/2010,XNA,AR,ASW,CE,Federal Contract Tower,14,87,20,0,121,0,0,0,0,0,14,87,20,0,121,0,0,0,121
07/14/2010,XNA,AR,ASW,CE,Federal Contract Tower,17,84,22,6,129,0,0,4,1,5,17,84,26,7,134,0,4,4,138
07/15/2010,XNA,AR,ASW,CE,Federal Contract Tower,17,89,17,4,127,0,0,0,0,0,17,89,17,4,127,0,4,4,131
07/16/2010,XNA,AR,ASW,CE,Federal Contract Tower,18,79,14,12,123,0,0,0,0,0,18,79,14,12,123,0,14,14,137
07/17/2010,XNA,AR,ASW,CE,Federal Contract Tower,6,62,5,0,73,0,0,1,0,1,6,62,6,0,74,0,0,0,74
07/18/2010,XNA,AR,ASW,CE,Federal Contract Tower,10,67,3,7,87,0,0,12,0,12,10,67,15,7,99,0,0,0,99
07/19/2010,XNA,AR,ASW,CE,Federal Contract Tower,17,81,12,13,123,0,0,0,0,0,17,81,12,13,123,0,12,12,135
07/20/2010,XNA,AR,ASW,CE,Federal Contract Tower,16,83,11,11,121,0,0,8,2,10,16,83,19,13,131,0,20,20,151
07/21/2010,XNA,AR,ASW,CE,Federal Contract Tower,17,77,9,16,119,0,0,4,0,4,17,77,13,16,123,0,26,26,149
07/22/2010,XNA,AR,ASW,CE,Federal Contract Tower,14,88,7,22,131,0,0,8,4,12,14,88,15,26,143,0,0,0,143
07/23/2010,XNA,AR,ASW,CE,Federal Contract Tower,19,81,24,20,144,0,0,15,2,17,19,81,39,22,161,8,10,18,179
07/24/2010,XNA,AR,ASW,CE,Federal Contract Tower,7,53,13,7,80,0,0,3,0,3,7,53,16,7,83,0,0,0,83
07/25/2010,XNA,AR,ASW,CE,Federal Contract Tower,18,69,18,18,123,0,0,4,0,4,18,69,22,18,127,0,0,0,127
07/26/2010,XNA,AR,ASW,CE,Federal Contract Tower,17,84,23,0,124,0,0,0,8,8,17,84,23,8,132,0,0,0,132
07/27/2010,XNA,AR,ASW,CE,Federal Contract Tower,17,85,53,17,172,0,0,1,0,1,17,85,54,17,173,0,18,18,191
07/28/2010,XNA,AR,ASW,CE,Federal Contract Tower,16,84,53,0,153,0,0,5,0,5,16,84,58,0,158,8,0,8,166
07/29/2010,XNA,AR,ASW,CE,Federal Contract Tower,15,86,38,40,179,0,0,1,28,29,15,86,39,68,208,0,43,43,251
07/30/2010,XNA,AR,ASW,CE,Federal Contract Tower,17,88,40,4,149,0,0,3,0,3,17,88,43,4,152,0,0,0,152
07/31/2010,XNA,AR,ASW,CE,Federal Contract Tower,7,56,14,0,77,0,0,4,0,4,7,56,18,0,81,0,0,0,81
08/01/2010,XNA,AR,ASW,CE,Federal Contract Tower,13,67,27,30,137,0,0,4,0,4,13,67,31,30,141,0,19,19,160
08/02/2010,XNA,AR,ASW,CE,Federal Contract Tower,17,86,22,4,129,0,0,7,8,15,17,86,29,12,144,0,30,30,174
08/03/2010,XNA,AR,ASW,CE,Federal Contract Tower,14,84,16,8,122,0,0,3,2,5,14,84,19,10,127,4,0,4,131
08/04/2010,XNA,AR,ASW,CE,Federal Contract Tower,12,70,17,7,106,0,0,5,10,15,12,70,22,17,121,0,0,0,121
08/05/2010,XNA,AR,ASW,CE,Federal Contract Tower,14,84,12,21,131,0,0,4,0,4,14,84,16,21,135,0,24,24,159
08/06/2010,XNA,AR,ASW,CE,Federal Contract Tower,16,81,14,4,115,0,0,0,0,0,16,81,14,4,115,0,0,0,115
08/07/2010,XNA,AR,ASW,CE,Federal Contract Tower,5,55,7,6,73,0,0,0,0,0,5,55,7,6,73,0,2,2,75
08/08/2010,XNA,AR,ASW,CE,Federal Contract Tower,10,71,3,6,90,0,0,4,0,4,10,71,7,6,94,0,0,0,94
08/09/2010,XNA,AR,ASW,CE,Federal Contract Tower,19,84,14,14,131,0,0,7,2,9,19,84,21,16,140,0,30,30,170
08/10/2010,XNA,AR,ASW,CE,Federal Contract Tower,9,86,14,6,115,0,0,0,2,2,9,86,14,8,117,0,0,0,117
08/11/2010,XNA,AR,ASW,CE,Federal Contract Tower,11,91,22,0,124,0,0,6,0,6,11,91,28,0,130,0,0,0,130
08/12/2010,XNA,AR,ASW,CE,Federal Contract Tower,14,89,16,15,134,0,0,1,2,3,14,89,17,17,137,0,0,0,137
08/13/2010,XNA,AR,ASW,CE,Federal Contract Tower,17,83,12,6,118,0,0,4,4,8,17,83,16,10,126,0,0,0,126
08/14/2010,XNA,AR,ASW,CE,Federal Contract Tower,5,56,3,24,88,0,0,1,0,1,5,56,4,24,89,0,0,0,89
08/15/2010,XNA,AR,ASW,CE,Federal Contract Tower,12,69,7,1,89,0,0,0,2,2,12,69,7,3,91,0,8,8,99
08/16/2010,XNA,AR,ASW,CE,Federal Contract Tower,16,89,13,7,125,0,0,0,0,0,16,89,13,7,125,0,22,22,147
08/17/2010,XNA,AR,ASW,CE,Federal Contract Tower,13,82,20,0,115,0,0,2,1,3,13,82,22,1,118,0,0,0,118
08/18/2010,XNA,AR,ASW,CE,Federal Contract Tower,12,85,12,23,132,0,0,0,2,2,12,85,12,25,134,0,56,56,190
08/19/2010,XNA,AR,ASW,CE,Federal Contract Tower,17,93,19,22,151,0,0,6,1,7,17,93,25,23,158,0,10,10,168
08/20/2010,XNA,AR,ASW,CE,Federal Contract Tower,13,80,5,15,113,0,0,1,50,51,13,80,6,65,164,0,12,12,176
08/21/2010,XNA,AR,ASW,CE,Federal Contract Tower,5,55,2,18,80,0,0,4,0,4,5,55,6,18,84,0,0,0,84
08/22/2010,XNA,AR,ASW,CE,Federal Contract Tower,17,69,4,13,103,0,0,1,1,2,17,69,5,14,105,0,0,0,105
08/23/2010,XNA,AR,ASW,CE,Federal Contract Tower,13,87,6,9,115,0,0,2,0,2,13,87,8,9,117,0,0,0,117
08/24/2010,XNA,AR,ASW,CE,Federal Contract Tower,12,89,9,9,119,0,0,3,0,3,12,89,12,9,122,0,10,10,132
08/25/2010,XNA,AR,ASW,CE,Federal Contract Tower,11,84,22,10,127,0,0,1,28,29,11,84,23,38,156,0,12,12,168
08/26/2010,XNA,AR,ASW,CE,Federal Contract Tower,17,79,17,0,113,0,0,3,0,3,17,79,20,0,116,0,0,0,116
08/27/2010,XNA,AR,ASW,CE,Federal Contract Tower,14,84,9,0,107,0,0,4,0,4,14,84,13,0,111,0,0,0,111
08/28/2010,XNA,AR,ASW,CE,Federal Contract Tower,3,58,8,3,72,0,0,6,5,11,3,58,14,8,83,0,4,4,87
08/29/2010,XNA,AR,ASW,CE,Federal Contract Tower,10,70,1,16,97,0,0,0,0,0,10,70,1,16,97,0,8,8,105
08/30/2010,XNA,AR,ASW,CE,Federal Contract Tower,14,85,16,10,125,0,0,0,0,0,14,85,16,10,125,0,32,32,157
08/31/2010,XNA,AR,ASW,CE,Federal Contract Tower,10,87,14,0,111,0,0,6,0,6,10,87,20,0,117,0,0,0,117
09/01/2010,XNA,AR,ASW,CE,Federal Contract Tower,11,82,15,4,112,0,0,1,0,1,11,82,16,4,113,0,0,0,113
09/02/2010,XNA,AR,ASW,CE,Federal Contract Tower,15,78,19,19,131,0,0,0,8,8,15,78,19,27,139,0,8,8,147
09/03/2010,XNA,AR,ASW,CE,Federal Contract Tower,21,75,3,5,104,0,0,4,4,8,21,75,7,9,112,16,10,26,138
09/04/2010,XNA,AR,ASW,CE,Federal Contract Tower,4,54,6,4,68,0,0,1,0,1,4,54,7,4,69,0,0,0,69
09/05/2010,XNA,AR,ASW,CE,Federal Contract Tower,13,46,2,0,61,0,0,11,0,11,13,46,13,0,72,0,0,0,72
09/06/2010,XNA,AR,ASW,CE,Federal Contract Tower,17,74,10,4,105,0,0,2,0,2,17,74,12,4,107,0,0,0,107
09/07/2010,XNA,AR,ASW,CE,Federal Contract Tower,16,87,19,2,124,0,0,0,0,0,16,87,19,2,124,0,0,0,124
09/08/2010,XNA,AR,ASW,CE,Federal Contract Tower,10,88,11,0,109,0,0,0,0,0,10,88,11,0,109,0,0,0,109
09/09/2010,XNA,AR,ASW,CE,Federal Contract Tower,15,86,20,0,121,0,0,0,0,0,15,86,20,0,121,0,0,0,121
09/10/2010,XNA,AR,ASW,CE,Federal Contract Tower,15,83,11,0,109,0,0,2,0,2,15,83,13,0,111,0,0,0,111
09/11/2010,XNA,AR,ASW,CE,Federal Contract Tower,3,57,3,17,80,0,0,1,0,1,3,57,4,17,81,0,18,18,99
09/12/2010,XNA,AR,ASW,CE,Federal Contract Tower,13,65,3,15,96,0,0,2,0,2,13,65,5,15,98,0,12,12,110
09/13/2010,XNA,AR,ASW,CE,Federal Contract Tower,16,86,3,12,117,0,0,0,0,0,16,86,3,12,117,0,0,0,117
09/14/2010,XNA,AR,ASW,CE,Federal Contract Tower,13,80,4,0,97,0,0,0,0,0,13,80,4,0,97,0,0,0,97
09/15/2010,XNA,AR,ASW,CE,Federal Contract Tower,11,80,11,12,114,0,0,4,3,7,11,80,15,15,121,4,20,24,145
09/16/2010,XNA,AR,ASW,CE,Federal Contract Tower,17,87,20,8,132,0,0,0,0,0,17,87,20,8,132,0,0,0,132
09/17/2010,XNA,AR,ASW,CE,Federal Contract Tower,16,83,7,4,110,0,0,2,1,3,16,83,9,5,113,0,6,6,119
09/18/2010,XNA,AR,ASW,CE,Federal Contract Tower,10,70,2,12,94,0,0,2,0,2,10,70,4,12,96,0,14,14,110
09/19/2010,XNA,AR,ASW,CE,Federal Contract Tower,13,66,9,0,88,0,0,2,0,2,13,66,11,0,90,0,0,0,90
09/20/2010,XNA,AR,ASW,CE,Federal Contract Tower,13,86,17,11,127,0,0,0,1,1,13,86,17,12,128,6,22,28,156
09/21/2010,XNA,AR,ASW,CE,Federal Contract Tower,12,83,22,9,126,0,0,4,3,7,12,83,26,12,133,0,10,10,143
09/22/2010,XNA,AR,ASW,CE,Federal Contract Tower,12,84,13,2,111,0,1,2,0,3,12,85,15,2,114,0,0,0,114
09/23/2010,XNA,AR,ASW,CE,Federal Contract Tower,17,85,19,8,129,0,0,23,1,24,17,85,42,9,153,0,0,0,153
09/24/2010,XNA,AR,ASW,CE,Federal Contract Tower,21,80,18,8,127,0,0,6,0,6,21,80,24,8,133,0,10,10,143
09/25/2010,XNA,AR,ASW,CE,Federal Contract Tower,8,57,10,3,78,0,0,0,0,0,8,57,10,3,78,0,4,4,82
09/26/2010,XNA,AR,ASW,CE,Federal Contract Tower,12,67,20,4,103,0,0,0,0,0,12,67,20,4,103,0,0,0,103
09/27/2010,XNA,AR,ASW,CE,Federal Contract Tower,14,83,14,9,120,0,0,1,11,12,14,83,15,20,132,0,4,4,136
09/28/2010,XNA,AR,ASW,CE,Federal Contract Tower,14,84,22,17,137,0,0,0,2,2,14,84,22,19,139,0,20,20,159
09/29/2010,XNA,AR,ASW,CE,Federal Contract Tower,14,88,15,11,128,0,0,2,2,4,14,88,17,13,132,0,0,0,132
09/30/2010,XNA,AR,ASW,CE,Federal Contract Tower,17,86,14,3,120,0,0,0,1,1,17,86,14,4,121,0,6,6,127
10/01/2010,XNA,AR,ASW,CE,Federal Contract Tower,9,85,8,15,117,0,0,6,3,9,9,85,14,18,126,10,20,30,156
10/02/2010,XNA,AR,ASW,CE,Federal Contract Tower,3,61,4,2,70,0,0,2,0,2,3,61,6,2,72,0,12,12,84
10/03/2010,XNA,AR,ASW,CE,Federal Contract Tower,13,60,7,5,85,0,0,0,0,0,13,60,7,5,85,0,0,0,85
10/04/2010,XNA,AR,ASW,CE,Federal Contract Tower,8,92,9,30,139,0,0,0,3,3,8,92,9,33,142,0,14,14,156
10/05/2010,XNA,AR,ASW,CE,Federal Contract Tower,11,79,18,5,113,0,0,0,0,0,11,79,18,5,113,0,0,0,113
10/06/2010,XNA,AR,ASW,CE,Federal Contract Tower,12,82,22,1,117,0,0,4,0,4,12,82,26,1,121,0,0,0,121
10/07/2010,XNA,AR,ASW,CE,Federal Contract Tower,18,85,24,0,127,0,0,6,0,6,18,85,30,0,133,8,0,8,141
10/08/2010,XNA,AR,ASW,CE,Federal Contract Tower,14,83,13,15,125,0,0,9,35,44,14,83,22,50,169,0,28,28,197
10/09/2010,XNA,AR,ASW,CE,Federal Contract Tower,5,56,4,0,65,0,0,4,1,5,5,56,8,1,70,0,0,0,70
10/10/2010,XNA,AR,ASW,CE,Federal Contract Tower,13,65,15,1,94,0,0,2,0,2,13,65,17,1,96,0,0,0,96
10/11/2010,XNA,AR,ASW,CE,Federal Contract Tower,12,85,11,0,108,0,0,7,0,7,12,85,18,0,115,0,0,0,115
10/12/2010,XNA,AR,ASW,CE,Federal Contract Tower,9,83,26,2,120,0,0,0,0,0,9,83,26,2,120,0,0,0,120
10/13/2010,XNA,AR,ASW,CE,Federal Contract Tower,11,82,29,2,124,0,0,6,0,6,11,82,35,2,130,0,0,0,130
10/14/2010,XNA,AR,ASW,CE,Federal Contract Tower,21,88,26,7,142,0,0,5,8,13,21,88,31,15,155,0,0,0,155
10/15/2010,XNA,AR,ASW,CE,Federal Contract Tower,12,87,12,7,118,0,0,4,0,4,12,87,16,7,122,0,0,0,122
10/16/2010,XNA,AR,ASW,CE,Federal Contract Tower,4,58,4,1,67,0,0,4,0,4,4,58,8,1,71,4,0,4,75
10/17/2010,XNA,AR,ASW,CE,Federal Contract Tower,13,73,11,0,97,0,0,13,0,13,13,73,24,0,110,0,0,0,110
10/18/2010,XNA,AR,ASW,CE,Federal Contract Tower,12,87,16,33,148,0,0,2,0,2,12,87,18,33,150,0,24,24,174
10/19/2010,XNA,AR,ASW,CE,Federal Contract Tower,8,86,14,2,110,0,0,1,0,1,8,86,15,2,111,0,0,0,111
10/20/2010,XNA,AR,ASW,CE,Federal Contract Tower,14,84,10,16,124,0,0,6,2,8,14,84,16,18,132,0,6,6,138
10/21/2010,XNA,AR,ASW,CE,Federal Contract Tower,19,85,23,15,142,0,0,7,5,12,19,85,30,20,154,0,0,0,154
10/22/2010,XNA,AR,ASW,CE,Federal Contract Tower,11,85,9,17,122,0,0,1,0,1,11,85,10,17,123,0,4,4,127
10/23/2010,XNA,AR,ASW,CE,Federal Contract Tower,3,49,6,1,59,0,0,0,8,8,3,49,6,9,67,0,0,0,67
10/24/2010,XNA,AR,ASW,CE,Federal Contract Tower,10,68,6,4,88,0,0,7,0,7,10,68,13,4,95,0,0,0,95
10/25/2010,XNA,AR,ASW,CE,Federal Contract Tower,14,81,9,20,124,0,0,0,8,8,14,81,9,28,132,0,2,2,134
10/26/2010,XNA,AR,ASW,CE,Federal Contract Tower,10,76,21,11,118,0,0,0,0,0,10,76,21,11,118,20,8,28,146
10/27/2010,XNA,AR,ASW,CE,Federal Contract Tower,12,77,20,40,149,0,0,11,2,13,12,77,31,42,162,6,38,44,206
10/28/2010,XNA,AR,ASW,CE,Federal Contract Tower,18,87,30,20,155,0,0,3,4,7,18,87,33,24,162,0,4,4,166
10/29/2010,XNA,AR,ASW,CE,Federal Contract Tower,14,82,20,5,121,0,0,7,0,7,14,82,27,5,128,0,0,0,128
10/30/2010,XNA,AR,ASW,CE,Federal Contract Tower,3,53,4,0,60,0,0,0,0,0,3,53,4,0,60,0,0,0,60
10/31/2010,XNA,AR,ASW,CE,Federal Contract Tower,13,63,7,14,97,0,0,2,0,2,13,63,9,14,99,0,0,0,99
11/01/2010,XNA,AR,ASW,CE,Federal Contract Tower,11,83,13,15,122,0,0,0,0,0,11,83,13,15,122,0,32,32,154
11/02/2010,XNA,AR,ASW,CE,Federal Contract Tower,10,79,11,7,107,0,0,0,1,1,10,79,11,8,108,0,20,20,128
11/03/2010,XNA,AR,ASW,CE,Federal Contract Tower,12,78,18,18,126,0,0,0,1,1,12,78,18,19,127,0,42,42,169
11/04/2010,XNA,AR,ASW,CE,Federal Contract Tower,20,81,15,28,144,0,0,0,0,0,20,81,15,28,144,0,0,0,144
11/05/2010,XNA,AR,ASW,CE,Federal Contract Tower,14,78,9,10,111,0,0,1,1,2,14,78,10,11,113,0,0,0,113
11/06/2010,XNA,AR,ASW,CE,Federal Contract Tower,3,57,3,0,63,0,0,4,0,4,3,57,7,0,67,0,0,0,67
11/07/2010,XNA,AR,ASW,CE,Federal Contract Tower,10,68,4,0,82,0,0,10,0,10,10,68,14,0,92,4,0,4,96
11/08/2010,XNA,AR,ASW,CE,Federal Contract Tower,12,78,12,2,104,0,0,2,0,2,12,78,14,2,106,0,0,0,106
11/09/2010,XNA,AR,ASW,CE,Federal Contract Tower,11,78,16,8,113,0,0,6,0,6,11,78,22,8,119,0,8,8,127
11/10/2010,XNA,AR,ASW,CE,Federal Contract Tower,11,80,12,10,113,0,0,0,0,0,11,80,12,10,113,0,2,2,115
11/11/2010,XNA,AR,ASW,CE,Federal Contract Tower,18,84,21,3,126,0,0,0,0,0,18,84,21,3,126,0,0,0,126
11/12/2010,XNA,AR,ASW,CE,Federal Contract Tower,14,76,13,4,107,0,0,0,6,6,14,76,13,10,113,0,18,18,131
11/13/2010,XNA,AR,ASW,CE,Federal Contract Tower,3,54,1,0,58,0,0,1,6,7,3,54,2,6,65,0,16,16,81
11/14/2010,XNA,AR,ASW,CE,Federal Contract Tower,12,66,5,4,87,0,0,4,0,4,12,66,9,4,91,0,0,0,91
11/15/2010,XNA,AR,ASW,CE,Federal Contract Tower,12,80,9,11,112,0,0,4,0,4,12,80,13,11,116,0,78,78,194
11/16/2010,XNA,AR,ASW,CE,Federal Contract Tower,13,79,12,30,134,0,0,1,1,2,13,79,13,31,136,0,30,30,166
11/17/2010,XNA,AR,ASW,CE,Federal Contract Tower,12,83,24,29,148,0,0,0,10,10,12,83,24,39,158,0,0,0,158
11/18/2010,XNA,AR,ASW,CE,Federal Contract Tower,18,87,19,27,151,0,0,0,0,0,18,87,19,27,151,0,36,36,187
11/19/2010,XNA,AR,ASW,CE,Federal Contract Tower,9,81,6,16,112,0,0,0,3,3,9,81,6,19,115,0,12,12,127
11/20/2010,XNA,AR,ASW,CE,Federal Contract Tower,10,53,3,1,67,0,0,0,0,0,10,53,3,1,67,0,0,0,67
11/21/2010,XNA,AR,ASW,CE,Federal Contract Tower,18,57,6,2,83,0,0,1,0,1,18,57,7,2,84,0,0,0,84
11/22/2010,XNA,AR,ASW,CE,Federal Contract Tower,10,71,14,2,97,0,0,0,0,0,10,71,14,2,97,0,0,0,97
11/23/2010,XNA,AR,ASW,CE,Federal Contract Tower,8,84,22,27,141,0,0,0,2,2,8,84,22,29,143,0,34,34,177
11/24/2010,XNA,AR,ASW,CE,Federal Contract Tower,12,84,6,0,102,0,0,0,0,0,12,84,6,0,102,0,0,0,102
11/25/2010,XNA,AR,ASW,CE,Federal Contract Tower,9,49,3,0,61,0,0,0,0,0,9,49,3,0,61,0,0,0,61
11/26/2010,XNA,AR,ASW,CE,Federal Contract Tower,8,54,3,4,69,0,0,2,0,2,8,54,5,4,71,0,0,0,71
11/27/2010,XNA,AR,ASW,CE,Federal Contract Tower,7,60,6,0,73,0,0,1,0,1,7,60,7,0,74,0,0,0,74
11/28/2010,XNA,AR,ASW,CE,Federal Contract Tower,17,73,8,0,98,0,0,2,0,2,17,73,10,0,100,0,0,0,100
11/29/2010,XNA,AR,ASW,CE,Federal Contract Tower,10,83,2,11,106,0,0,3,0,3,10,83,5,11,109,0,6,6,115
11/30/2010,XNA,AR,ASW,CE,Federal Contract Tower,9,83,16,28,136,0,0,0,0,0,9,83,16,28,136,0,32,32,168
12/01/2010,XNA,AR,ASW,CE,Federal Contract Tower,11,78,8,23,120,0,0,0,1,1,11,78,8,24,121,0,22,22,143
12/02/2010,XNA,AR,ASW,CE,Federal Contract Tower,21,82,19,16,138,0,0,0,1,1,21,82,19,17,139,0,20,20,159
12/03/2010,XNA,AR,ASW,CE,Federal Contract Tower,10,77,6,6,99,0,0,0,0,0,10,77,6,6,99,0,14,14,113
12/04/2010,XNA,AR,ASW,CE,Federal Contract Tower,6,51,1,0,58,0,0,2,0,2,6,51,3,0,60,0,0,0,60
12/05/2010,XNA,AR,ASW,CE,Federal Contract Tower,17,62,9,14,102,0,0,0,2,2,17,62,9,16,104,0,10,10,114
12/06/2010,XNA,AR,ASW,CE,Federal Contract Tower,11,87,6,22,126,0,0,2,0,2,11,87,8,22,128,4,40,44,172
12/07/2010,XNA,AR,ASW,CE,Federal Contract Tower,9,82,23,5,119,0,0,0,2,2,9,82,23,7,121,0,0,0,121
12/08/2010,XNA,AR,ASW,CE,Federal Contract Tower,10,78,17,7,112,0,0,3,1,4,10,78,20,8,116,0,0,0,116
12/09/2010,XNA,AR,ASW,CE,Federal Contract Tower,17,81,14,15,127,0,0,3,0,3,17,81,17,15,130,0,32,32,162
12/10/2010,XNA,AR,ASW,CE,Federal Contract Tower,10,78,8,2,98,0,0,4,0,4,10,78,12,2,102,0,0,0,102
12/11/2010,XNA,AR,ASW,CE,Federal Contract Tower,9,45,3,3,60,0,0,0,0,0,9,45,3,3,60,0,6,6,66
12/12/2010,XNA,AR,ASW,CE,Federal Contract Tower,15,46,5,1,67,0,0,0,3,3,15,46,5,4,70,0,0,0,70
12/13/2010,XNA,AR,ASW,CE,Federal Contract Tower,9,80,17,25,131,0,0,2,0,2,9,80,19,25,133,0,30,30,163
12/14/2010,XNA,AR,ASW,CE,Federal Contract Tower,9,80,22,9,120,0,0,3,1,4,9,80,25,10,124,0,0,0,124
12/15/2010,XNA,AR,ASW,CE,Federal Contract Tower,9,81,25,4,119,0,0,0,0,0,9,81,25,4,119,0,0,0,119
12/16/2010,XNA,AR,ASW,CE,Federal Contract Tower,16,84,28,17,145,0,0,0,0,0,16,84,28,17,145,0,30,30,175
12/17/2010,XNA,AR,ASW,CE,Federal Contract Tower,8,80,11,16,115,0,0,1,0,1,8,80,12,16,116,0,10,10,126
12/18/2010,XNA,AR,ASW,CE,Federal Contract Tower,5,53,1,8,67,0,0,2,0,2,5,53,3,8,69,0,0,0,69
12/19/2010,XNA,AR,ASW,CE,Federal Contract Tower,13,64,8,2,87,0,0,0,0,0,13,64,8,2,87,0,0,0,87
12/20/2010,XNA,AR,ASW,CE,Federal Contract Tower,8,74,12,16,110,0,0,2,0,2,8,74,14,16,112,0,8,8,120
12/21/2010,XNA,AR,ASW,CE,Federal Contract Tower,8,72,9,1,90,0,0,0,0,0,8,72,9,1,90,0,0,0,90
12/22/2010,XNA,AR,ASW,CE,Federal Contract Tower,10,70,3,15,98,0,0,4,0,4,10,70,7,15,102,0,8,8,110
12/23/2010,XNA,AR,ASW,CE,Federal Contract Tower,17,77,3,0,97,0,0,0,0,0,17,77,3,0,97,0,0,0,97
12/24/2010,XNA,AR,ASW,CE,Federal Contract Tower,6,51,2,0,59,0,0,0,0,0,6,51,2,0,59,0,0,0,59
12/25/2010,XNA,AR,ASW,CE,Federal Contract Tower,5,48,2,0,55,0,0,0,0,0,5,48,2,0,55,0,0,0,55
12/26/2010,XNA,AR,ASW,CE,Federal Contract Tower,15,56,5,0,76,0,0,0,0,0,15,56,5,0,76,0,0,0,76
12/27/2010,XNA,AR,ASW,CE,Federal Contract Tower,8,65,7,0,80,0,0,1,0,1,8,65,8,0,81,0,0,0,81
12/28/2010,XNA,AR,ASW,CE,Federal Contract Tower,10,67,4,0,81,0,0,2,0,2,10,67,6,0,83,0,0,0,83
12/29/2010,XNA,AR,ASW,CE,Federal Contract Tower,7,70,2,0,79,0,0,0,0,0,7,70,2,0,79,0,0,0,79
12/30/2010,XNA,AR,ASW,CE,Federal Contract Tower,14,72,9,0,95,0,0,0,0,0,14,72,9,0,95,0,0,0,95
12/31/2010,XNA,AR,ASW,CE,Federal Contract Tower,8,43,2,0,53,0,0,0,0,0,8,43,2,0,53,0,0,0,53
01/01/2011,XNA,AR,ASW,CE,Federal Contract Tower,3,53,6,0,62,0,0,0,0,0,3,53,6,0,62,0,0,0,62
01/02/2011,XNA,AR,ASW,CE,Federal Contract Tower,15,65,3,0,83,0,0,0,0,0,15,65,3,0,83,0,0,0,83
01/03/2011,XNA,AR,ASW,CE,Federal Contract Tower,6,75,6,0,87,0,0,2,0,2,6,75,8,0,89,0,0,0,89
01/04/2011,XNA,AR,ASW,CE,Federal Contract Tower,8,83,12,8,111,0,0,3,12,15,8,83,15,20,126,0,0,0,126
01/05/2011,XNA,AR,ASW,CE,Federal Contract Tower,14,82,11,12,119,0,0,1,0,1,14,82,12,12,120,0,6,6,126
01/06/2011,XNA,AR,ASW,CE,Federal Contract Tower,21,87,13,6,127,0,0,0,2,2,21,87,13,8,129,0,10,10,139
01/07/2011,XNA,AR,ASW,CE,Federal Contract Tower,7,74,10,35,126,0,0,4,0,4,7,74,14,35,130,0,50,50,180
01/08/2011,XNA,AR,ASW,CE,Federal Contract Tower,8,50,4,0,62,0,0,6,0,6,8,50,10,0,68,6,0,6,74
01/09/2011,XNA,AR,ASW,CE,Federal Contract Tower,12,61,2,0,75,0,0,0,0,0,12,61,2,0,75,0,0,0,75
01/10/2011,XNA,AR,ASW,CE,Federal Contract Tower,8,66,13,0,87,0,0,0,0,0,8,66,13,0,87,0,0,0,87
01/11/2011,XNA,AR,ASW,CE,Federal Contract Tower,9,56,26,4,95,0,0,1,0,1,9,56,27,4,96,0,0,0,96
01/12/2011,XNA,AR,ASW,CE,Federal Contract Tower,12,72,19,27,130,0,50,0,3,53,12,122,19,30,183,0,0,0,183
01/13/2011,XNA,AR,ASW,CE,Federal Contract Tower,16,87,50,10,163,0,0,34,0,34,16,87,84,10,197,0,0,0,197
01/14/2011,XNA,AR,ASW,CE,Federal Contract Tower,7,83,18,22,130,0,0,18,0,18,7,83,36,22,148,6,4,10,158
01/15/2011,XNA,AR,ASW,CE,Federal Contract Tower,7,50,4,0,61,0,0,1,0,1,7,50,5,0,62,0,0,0,62
01/16/2011,XNA,AR,ASW,CE,Federal Contract Tower,16,56,1,10,83,0,0,0,0,0,16,56,1,10,83,0,10,10,93
01/17/2011,XNA,AR,ASW,CE,Federal Contract Tower,9,71,13,0,93,0,0,0,0,0,9,71,13,0,93,0,0,0,93
01/18/2011,XNA,AR,ASW,CE,Federal Contract Tower,7,75,18,7,107,0,0,0,0,0,7,75,18,7,107,0,0,0,107
01/19/2011,XNA,AR,ASW,CE,Federal Contract Tower,8,88,9,12,117,0,1,14,0,15,8,89,23,12,132,4,2,6,138
01/20/2011,XNA,AR,ASW,CE,Federal Contract Tower,15,79,9,0,103,0,0,0,0,0,15,79,9,0,103,0,0,0,103
01/21/2011,XNA,AR,ASW,CE,Federal Contract Tower,9,88,10,8,115,0,0,3,5,8,9,88,13,13,123,0,18,18,141
01/22/2011,XNA,AR,ASW,CE,Federal Contract Tower,5,47,5,8,65,0,0,34,0,34,5,47,39,8,99,0,6,6,105
01/23/2011,XNA,AR,ASW,CE,Federal Contract Tower,16,61,5,2,84,0,0,0,0,0,16,61,5,2,84,0,0,0,84
01/24/2011,XNA,AR,ASW,CE,Federal Contract Tower,8,78,16,6,108,0,0,0,0,0,8,78,16,6,108,0,0,0,108
01/25/2011,XNA,AR,ASW,CE,Federal Contract Tower,8,73,19,30,130,0,0,0,4,4,8,73,19,34,134,2,30,32,166
01/26/2011,XNA,AR,ASW,CE,Federal Contract Tower,10,77,22,17,126,0,0,0,1,1,10,77,22,18,127,6,6,12,139
01/27/2011,XNA,AR,ASW,CE,Federal Contract Tower,16,82,17,11,126,0,1,4,7,12,16,83,21,18,138,0,28,28,166
01/28/2011,XNA,AR,ASW,CE,Federal Contract Tower,7,90,23,19,139,0,0,7,3,10,7,90,30,22,149,0,0,0,149
01/29/2011,XNA,AR,ASW,CE,Federal Contract Tower,3,51,8,6,68,0,1,7,0,8,3,52,15,6,76,0,16,16,92
01/30/2011,XNA,AR,ASW,CE,Federal Contract Tower,15,64,5,22,106,0,0,0,0,0,15,64,5,22,106,0,0,0,106
01/31/2011,XNA,AR,ASW,CE,Federal Contract Tower,8,76,12,2,98,0,0,0,0,0,8,76,12,2,98,0,0,0,98
02/01/2011,XNA,AR,ASW,CE,Federal Contract Tower,1,1,2,0,4,0,0,0,0,0,1,1,2,0,4,0,0,0,4
02/02/2011,XNA,AR,ASW,CE,Federal Contract Tower,4,19,13,0,36,0,0,0,0,0,4,19,13,0,36,0,0,0,36
02/03/2011,XNA,AR,ASW,CE,Federal Contract Tower,11,46,27,7,91,0,0,3,0,3,11,46,30,7,94,0,6,6,100
02/04/2011,XNA,AR,ASW,CE,Federal Contract Tower,6,61,10,0,77,0,0,0,0,0,6,61,10,0,77,0,0,0,77
02/05/2011,XNA,AR,ASW,CE,Federal Contract Tower,7,46,4,2,59,0,0,0,0,0,7,46,4,2,59,0,0,0,59
02/06/2011,XNA,AR,ASW,CE,Federal Contract Tower,11,55,7,0,73,0,0,0,0,0,11,55,7,0,73,0,0,0,73
02/07/2011,XNA,AR,ASW,CE,Federal Contract Tower,9,72,22,9,112,0,0,0,0,0,9,72,22,9,112,0,0,0,112
02/08/2011,XNA,AR,ASW,CE,Federal Contract Tower,8,70,13,3,94,0,0,0,4,4,8,70,13,7,98,0,4,4,102
02/09/2011,XNA,AR,ASW,CE,Federal Contract Tower,0,0,4,0,4,0,0,0,0,0,0,0,4,0,4,0,0,0,4
02/10/2011,XNA,AR,ASW,CE,Federal Contract Tower,15,68,17,4,104,0,0,0,0,0,15,68,17,4,104,0,0,0,104
02/11/2011,XNA,AR,ASW,CE,Federal Contract Tower,11,78,17,3,109,0,0,0,2,2,11,78,17,5,111,0,0,0,111
02/12/2011,XNA,AR,ASW,CE,Federal Contract Tower,8,47,6,27,88,0,0,0,1,1,8,47,6,28,89,0,32,32,121
02/13/2011,XNA,AR,ASW,CE,Federal Contract Tower,11,63,2,16,92,0,0,1,0,1,11,63,3,16,93,0,6,6,99
02/14/2011,XNA,AR,ASW,CE,Federal Contract Tower,12,72,4,23,111,0,0,1,2,3,12,72,5,25,114,0,14,14,128
02/15/2011,XNA,AR,ASW,CE,Federal Contract Tower,7,80,14,15,116,0,0,0,1,1,7,80,14,16,117,0,44,44,161
02/16/2011,XNA,AR,ASW,CE,Federal Contract Tower,11,83,11,10,115,0,0,0,0,0,11,83,11,10,115,0,8,8,123
02/17/2011,XNA,AR,ASW,CE,Federal Contract Tower,14,85,10,12,121,0,0,0,0,0,14,85,10,12,121,0,14,14,135
02/18/2011,XNA,AR,ASW,CE,Federal Contract Tower,12,85,6,0,103,0,0,0,0,0,12,85,6,0,103,0,0,0,103
02/19/2011,XNA,AR,ASW,CE,Federal Contract Tower,10,43,9,0,62,0,0,2,0,2,10,43,11,0,64,0,0,0,64
02/20/2011,XNA,AR,ASW,CE,Federal Contract Tower,10,49,3,18,80,0,0,0,0,0,10,49,3,18,80,0,2,2,82
02/21/2011,XNA,AR,ASW,CE,Federal Contract Tower,12,65,15,8,100,0,0,0,0,0,12,65,15,8,100,2,0,2,102
02/22/2011,XNA,AR,ASW,CE,Federal Contract Tower,10,79,16,6,111,0,0,3,2,5,10,79,19,8,116,10,4,14,130
02/23/2011,XNA,AR,ASW,CE,Federal Contract Tower,11,86,12,25,134,0,0,2,0,2,11,86,14,25,136,0,22,22,158
02/24/2011,XNA,AR,ASW,CE,Federal Contract Tower,16,91,16,0,123,0,0,0,0,0,16,91,16,0,123,0,0,0,123
02/25/2011,XNA,AR,ASW,CE,Federal Contract Tower,11,77,9,18,115,0,0,0,0,0,11,77,9,18,115,0,0,0,115
02/26/2011,XNA,AR,ASW,CE,Federal Contract Tower,8,45,2,0,55,0,0,1,0,1,8,45,3,0,56,0,0,0,56
02/27/2011,XNA,AR,ASW,CE,Federal Contract Tower,12,67,6,22,107,0,0,0,0,0,12,67,6,22,107,0,2,2,109
02/28/2011,XNA,AR,ASW,CE,Federal Contract Tower,11,74,15,10,110,0,0,0,0,0,11,74,15,10,110,0,22,22,132
03/01/2011,XNA,AR,ASW,CE,Federal Contract Tower,8,84,24,14,130,0,2,4,5,11,8,86,28,19,141,10,34,44,185
03/02/2011,XNA,AR,ASW,CE,Federal Contract Tower,11,78,15,32,136,0,0,2,1,3,11,78,17,33,139,0,26,26,165
03/03/2011,XNA,AR,ASW,CE,Federal Contract Tower,12,86,13,8,119,0,0,2,2,4,12,86,15,10,123,0,4,4,127
03/04/2011,XNA,AR,ASW,CE,Federal Contract Tower,11,81,13,20,125,0,0,0,0,0,11,81,13,20,125,0,24,24,149
03/05/2011,XNA,AR,ASW,CE,Federal Contract Tower,8,46,3,13,70,0,0,0,0,0,8,46,3,13,70,0,8,8,78
03/06/2011,XNA,AR,ASW,CE,Federal Contract Tower,10,66,1,2,79,0,0,5,0,5,10,66,6,2,84,0,0,0,84
03/07/2011,XNA,AR,ASW,CE,Federal Contract Tower,13,79,18,30,140,0,0,1,7,8,13,79,19,37,148,0,18,18,166
03/08/2011,XNA,AR,ASW,CE,Federal Contract Tower,10,85,18,1,114,0,0,0,0,0,10,85,18,1,114,0,0,0,114
03/09/2011,XNA,AR,ASW,CE,Federal Contract Tower,12,80,15,6,113,0,0,0,0,0,12,80,15,6,113,0,0,0,113
03/10/2011,XNA,AR,ASW,CE,Federal Contract Tower,14,81,16,7,118,0,0,0,0,0,14,81,16,7,118,0,0,0,118
03/11/2011,XNA,AR,ASW,CE,Federal Contract Tower,13,79,15,0,107,0,0,0,0,0,13,79,15,0,107,0,0,0,107
03/12/2011,XNA,AR,ASW,CE,Federal Contract Tower,10,44,3,16,73,0,0,1,0,1,10,44,4,16,74,0,8,8,82
03/13/2011,XNA,AR,ASW,CE,Federal Contract Tower,11,70,12,0,93,0,0,0,0,0,11,70,12,0,93,0,0,0,93
03/14/2011,XNA,AR,ASW,CE,Federal Contract Tower,11,83,13,0,107,0,0,0,0,0,11,83,13,0,107,0,0,0,107
03/15/2011,XNA,AR,ASW,CE,Federal Contract Tower,11,92,15,11,129,0,0,0,0,0,11,92,15,11,129,0,2,2,131
03/16/2011,XNA,AR,ASW,CE,Federal Contract Tower,12,81,16,8,117,0,0,5,0,5,12,81,21,8,122,0,14,14,136
03/17/2011,XNA,AR,ASW,CE,Federal Contract Tower,13,87,21,16,137,0,0,0,0,0,13,87,21,16,137,0,0,0,137
03/18/2011,XNA,AR,ASW,CE,Federal Contract Tower,14,77,16,2,109,0,0,2,0,2,14,77,18,2,111,0,0,0,111
03/19/2011,XNA,AR,ASW,CE,Federal Contract Tower,10,49,7,3,69,0,0,0,0,0,10,49,7,3,69,0,4,4,73
03/20/2011,XNA,AR,ASW,CE,Federal Contract Tower,12,72,8,18,110,0,0,0,0,0,12,72,8,18,110,0,6,6,116
03/21/2011,XNA,AR,ASW,CE,Federal Contract Tower,12,76,7,14,109,0,0,3,2,5,12,76,10,16,114,0,2,2,116
03/22/2011,XNA,AR,ASW,CE,Federal Contract Tower,11,77,13,11,112,0,0,2,0,2,11,77,15,11,114,0,10,10,124
03/23/2011,XNA,AR,ASW,CE,Federal Contract Tower,9,84,23,17,133,0,0,4,0,4,9,84,27,17,137,0,0,0,137
03/24/2011,XNA,AR,ASW,CE,Federal Contract Tower,12,85,11,11,119,0,0,5,11,16,12,85,16,22,135,0,2,2,137
03/25/2011,XNA,AR,ASW,CE,Federal Contract Tower,13,80,9,3,105,0,0,1,0,1,13,80,10,3,106,0,2,2,108
03/26/2011,XNA,AR,ASW,CE,Federal Contract Tower,12,42,10,0,64,0,0,0,0,0,12,42,10,0,64,0,0,0,64
03/27/2011,XNA,AR,ASW,CE,Federal Contract Tower,9,72,2,0,83,0,0,0,0,0,9,72,2,0,83,0,0,0,83
03/28/2011,XNA,AR,ASW,CE,Federal Contract Tower,16,83,13,52,164,0,0,0,0,0,16,83,13,52,164,0,136,136,300
03/29/2011,XNA,AR,ASW,CE,Federal Contract Tower,12,83,17,1,113,0,0,0,0,0,12,83,17,1,113,0,0,0,113
03/30/2011,XNA,AR,ASW,CE,Federal Contract Tower,10,81,25,26,142,0,0,0,0,0,10,81,25,26,142,0,0,0,142
03/31/2011,XNA,AR,ASW,CE,Federal Contract Tower,11,88,12,13,124,0,0,0,0,0,11,88,12,13,124,0,0,0,124
04/01/2011,XNA,AR,ASW,CE,Federal Contract Tower,14,74,6,2,96,0,0,3,1,4,14,74,9,3,100,10,16,26,126
04/02/2011,XNA,AR,ASW,CE,Federal Contract Tower,5,46,6,0,57,0,0,2,0,2,5,46,8,0,59,0,0,0,59
04/03/2011,XNA,AR,ASW,CE,Federal Contract Tower,12,58,2,0,72,0,0,0,0,0,12,58,2,0,72,0,0,0,72
04/04/2011,XNA,AR,ASW,CE,Federal Contract Tower,14,82,10,0,106,0,0,0,0,0,14,82,10,0,106,0,0,0,106
04/05/2011,XNA,AR,ASW,CE,Federal Contract Tower,12,76,19,21,128,0,0,6,4,10,12,76,25,25,138,0,18,18,156
04/06/2011,XNA,AR,ASW,CE,Federal Contract Tower,10,81,11,6,108,0,0,0,0,0,10,81,11,6,108,0,2,2,110
04/07/2011,XNA,AR,ASW,CE,Federal Contract Tower,15,87,17,22,141,0,0,0,0,0,15,87,17,22,141,0,2,2,143
04/08/2011,XNA,AR,ASW,CE,Federal Contract Tower,11,75,7,0,93,0,0,0,0,0,11,75,7,0,93,2,0,2,95
04/09/2011,XNA,AR,ASW,CE,Federal Contract Tower,6,44,3,10,63,0,0,2,1,3,6,44,5,11,66,0,18,18,84
04/10/2011,XNA,AR,ASW,CE,Federal Contract Tower,12,66,0,2,80,0,0,0,0,0,12,66,0,2,80,0,0,0,80
04/11/2011,XNA,AR,ASW,CE,Federal Contract Tower,13,81,19,4,117,0,0,0,1,1,13,81,19,5,118,0,0,0,118
04/12/2011,XNA,AR,ASW,CE,Federal Contract Tower,10,87,15,8,120,0,0,0,0,0,10,87,15,8,120,0,0,0,120
04/13/2011,XNA,AR,ASW,CE,Federal Contract Tower,11,76,10,9,106,0,12,0,0,12,11,88,10,9,118,0,6,6,124
04/14/2011,XNA,AR,ASW,CE,Federal Contract Tower,14,84,11,16,125,0,0,4,0,4,14,84,15,16,129,0,44,44,173
04/15/2011,XNA,AR,ASW,CE,Federal Contract Tower,10,75,8,4,97,0,0,0,0,0,10,75,8,4,97,0,4,4,101
04/16/2011,XNA,AR,ASW,CE,Federal Contract Tower,5,42,0,3,50,0,0,6,0,6,5,42,6,3,56,6,4,10,66
04/17/2011,XNA,AR,ASW,CE,Federal Contract Tower,14,58,14,16,102,0,0,0,0,0,14,58,14,16,102,0,0,0,102
04/18/2011,XNA,AR,ASW,CE,Federal Contract Tower,12,90,6,0,108,0,0,0,0,0,12,90,6,0,108,0,0,0,108
04/19/2011,XNA,AR,ASW,CE,Federal Contract Tower,5,76,12,2,95,0,0,0,0,0,5,76,12,2,95,0,0,0,95
04/20/2011,XNA,AR,ASW,CE,Federal Contract Tower,8,78,24,4,114,0,0,3,0,3,8,78,27,4,117,0,0,0,117
04/21/2011,XNA,AR,ASW,CE,Federal Contract Tower,15,88,15,0,118,0,0,0,0,0,15,88,15,0,118,0,0,0,118
04/22/2011,XNA,AR,ASW,CE,Federal Contract Tower,11,71,7,0,89,0,0,0,0,0,11,71,7,0,89,0,0,0,89
04/23/2011,XNA,AR,ASW,CE,Federal Contract Tower,6,38,4,0,48,0,0,0,0,0,6,38,4,0,48,0,0,0,48
04/24/2011,XNA,AR,ASW,CE,Federal Contract Tower,13,50,2,0,65,0,0,0,0,0,13,50,2,0,65,0,0,0,65
04/25/2011,XNA,AR,ASW,CE,Federal Contract Tower,8,51,10,0,69,0,0,0,0,0,8,51,10,0,69,0,0,0,69
04/26/2011,XNA,AR,ASW,CE,Federal Contract Tower,9,67,13,8,97,0,0,0,0,0,9,67,13,8,97,0,22,22,119
04/27/2011,XNA,AR,ASW,CE,Federal Contract Tower,7,83,10,2,102,0,0,0,0,0,7,83,10,2,102,0,0,0,102
04/28/2011,XNA,AR,ASW,CE,Federal Contract Tower,14,84,26,4,128,0,3,1,1,5,14,87,27,5,133,6,4,10,143
04/29/2011,XNA,AR,ASW,CE,Federal Contract Tower,13,74,11,26,124,0,0,4,0,4,13,74,15,26,128,14,10,24,152
04/30/2011,XNA,AR,ASW,CE,Federal Contract Tower,5,47,13,1,66,0,0,1,0,1,5,47,14,1,67,0,0,0,67
05/01/2011,XNA,AR,ASW,CE,Federal Contract Tower,16,56,7,0,79,0,0,0,0,0,16,56,7,0,79,0,0,0,79
05/02/2011,XNA,AR,ASW,CE,Federal Contract Tower,12,83,9,0,104,0,0,1,0,1,12,83,10,0,105,0,0,0,105
05/03/2011,XNA,AR,ASW,CE,Federal Contract Tower,9,90,17,32,148,0,0,1,3,4,9,90,18,35,152,0,2,2,154
05/04/2011,XNA,AR,ASW,CE,Federal Contract Tower,13,78,16,15,122,0,0,1,1,2,13,78,17,16,124,0,20,20,144
05/05/2011,XNA,AR,ASW,CE,Federal Contract Tower,16,86,14,6,122,0,0,1,2,3,16,86,15,8,125,14,0,14,139
05/06/2011,XNA,AR,ASW,CE,Federal Contract Tower,12,80,17,15,124,0,0,4,0,4,12,80,21,15,128,0,0,0,128
05/07/2011,XNA,AR,ASW,CE,Federal Contract Tower,8,44,3,0,55,0,0,5,0,5,8,44,8,0,60,0,0,0,60
05/08/2011,XNA,AR,ASW,CE,Federal Contract Tower,14,59,3,14,90,0,0,0,2,2,14,59,3,16,92,0,0,0,92
05/09/2011,XNA,AR,ASW,CE,Federal Contract Tower,13,94,19,17,143,0,0,0,0,0,13,94,19,17,143,0,0,0,143
05/10/2011,XNA,AR,ASW,CE,Federal Contract Tower,10,79,25,25,139,0,0,2,1,3,10,79,27,26,142,0,28,28,170
05/11/2011,XNA,AR,ASW,CE,Federal Contract Tower,10,79,12,2,103,0,0,0,0,0,10,79,12,2,103,0,0,0,103
05/12/2011,XNA,AR,ASW,CE,Federal Contract Tower,13,87,11,6,117,0,0,0,0,0,13,87,11,6,117,0,38,38,155
05/13/2011,XNA,AR,ASW,CE,Federal Contract Tower,11,69,17,22,119,0,0,0,0,0,11,69,17,22,119,0,0,0,119
05/14/2011,XNA,AR,ASW,CE,Federal Contract Tower,9,44,4,0,57,0,0,0,0,0,9,44,4,0,57,0,0,0,57
05/15/2011,XNA,AR,ASW,CE,Federal Contract Tower,12,62,6,4,84,0,0,3,5,8,12,62,9,9,92,0,0,0,92
05/16/2011,XNA,AR,ASW,CE,Federal Contract Tower,11,86,15,11,123,0,0,3,9,12,11,86,18,20,135,0,0,0,135
05/17/2011,XNA,AR,ASW,CE,Federal Contract Tower,10,84,16,23,133,0,2,4,2,8,10,86,20,25,141,6,10,16,157
05/18/2011,XNA,AR,ASW,CE,Federal Contract Tower,13,81,15,6,115,0,0,2,1,3,13,81,17,7,118,0,0,0,118
05/19/2011,XNA,AR,ASW,CE,Federal Contract Tower,13,87,9,21,130,0,0,1,7,8,13,87,10,28,138,0,7,7,145
05/20/2011,XNA,AR,ASW,CE,Federal Contract Tower,12,73,6,0,91,0,0,0,0,0,12,73,6,0,91,0,0,0,91
05/21/2011,XNA,AR,ASW,CE,Federal Contract Tower,12,47,0,0,59,0,0,2,0,2,12,47,2,0,61,0,0,0,61
05/22/2011,XNA,AR,ASW,CE,Federal Contract Tower,11,49,1,0,61,0,0,3,0,3,11,49,4,0,64,0,0,0,64
05/23/2011,XNA,AR,ASW,CE,Federal Contract Tower,11,61,14,1,87,0,0,1,0,1,11,61,15,1,88,0,0,0,88
05/24/2011,XNA,AR,ASW,CE,Federal Contract Tower,11,74,14,17,116,0,0,0,0,0,11,74,14,17,116,0,4,4,120
05/25/2011,XNA,AR,ASW,CE,Federal Contract Tower,9,82,17,8,116,0,0,0,0,0,9,82,17,8,116,0,0,0,116
05/26/2011,XNA,AR,ASW,CE,Federal Contract Tower,13,83,14,0,110,0,0,2,0,2,13,83,16,0,112,0,0,0,112
05/27/2011,XNA,AR,ASW,CE,Federal Contract Tower,11,76,13,9,109,0,0,3,0,3,11,76,16,9,112,0,0,0,112
05/28/2011,XNA,AR,ASW,CE,Federal Contract Tower,9,45,4,0,58,0,0,1,0,1,9,45,5,0,59,0,0,0,59
05/29/2011,XNA,AR,ASW,CE,Federal Contract Tower,14,32,2,0,48,0,0,2,0,2,14,32,4,0,50,0,0,0,50
05/30/2011,XNA,AR,ASW,CE,Federal Contract Tower,18,75,5,0,98,0,0,0,0,0,18,75,5,0,98,0,0,0,98
05/31/2011,XNA,AR,ASW,CE,Federal Contract Tower,12,84,19,23,138,0,0,2,0,2,12,84,21,23,140,0,4,4,144
06/01/2011,XNA,AR,ASW,CE,Federal Contract Tower,15,78,15,19,127,0,0,7,1,8,15,78,22,20,135,0,24,24,159
06/02/2011,XNA,AR,ASW,CE,Federal Contract Tower,16,81,16,74,187,0,0,0,0,0,16,81,16,74,187,0,68,68,255
06/03/2011,XNA,AR,ASW,CE,Federal Contract Tower,21,71,8,35,135,0,0,2,3,5,21,71,10,38,140,0,60,60,200
06/04/2011,XNA,AR,ASW,CE,Federal Contract Tower,35,54,2,15,106,0,0,0,0,0,35,54,2,15,106,0,28,28,134
06/05/2011,XNA,AR,ASW,CE,Federal Contract Tower,15,58,2,10,85,0,0,3,0,3,15,58,5,10,88,0,0,0,88
06/06/2011,XNA,AR,ASW,CE,Federal Contract Tower,16,87,10,2,115,0,0,7,0,7,16,87,17,2,122,0,0,0,122
06/07/2011,XNA,AR,ASW,CE,Federal Contract Tower,10,82,11,27,130,0,0,5,1,6,10,82,16,28,136,0,8,8,144
06/08/2011,XNA,AR,ASW,CE,Federal Contract Tower,14,83,16,33,146,0,0,8,3,11,14,83,24,36,157,0,50,50,207
06/09/2011,XNA,AR,ASW,CE,Federal Contract Tower,12,73,14,22,121,0,0,4,1,5,12,73,18,23,126,0,22,22,148
06/10/2011,XNA,AR,ASW,CE,Federal Contract Tower,13,74,11,7,105,0,0,2,1,3,13,74,13,8,108,0,0,0,108
06/11/2011,XNA,AR,ASW,CE,Federal Contract Tower,9,48,8,0,65,0,0,4,0,4,9,48,12,0,69,0,0,0,69
06/12/2011,XNA,AR,ASW,CE,Federal Contract Tower,14,58,5,0,77,0,0,4,0,4,14,58,9,0,81,0,4,4,85
06/13/2011,XNA,AR,ASW,CE,Federal Contract Tower,14,86,9,12,121,0,0,4,2,6,14,86,13,14,127,6,22,28,155
06/14/2011,XNA,AR,ASW,CE,Federal Contract Tower,12,81,18,7,118,0,0,0,0,0,12,81,18,7,118,0,0,0,118
06/15/2011,XNA,AR,ASW,CE,Federal Contract Tower,11,78,13,17,119,0,0,1,1,2,11,78,14,18,121,0,22,22,143
06/16/2011,XNA,AR,ASW,CE,Federal Contract Tower,12,82,14,2,110,0,0,1,0,1,12,82,15,2,111,0,16,16,127
06/17/2011,XNA,AR,ASW,CE,Federal Contract Tower,13,74,12,26,125,0,0,6,0,6,13,74,18,26,131,0,14,14,145
06/18/2011,XNA,AR,ASW,CE,Federal Contract Tower,8,45,4,10,67,0,0,5,0,5,8,45,9,10,72,0,0,0,72
06/19/2011,XNA,AR,ASW,CE,Federal Contract Tower,14,59,4,0,77,0,0,0,0,0,14,59,4,0,77,0,0,0,77
06/20/2011,XNA,AR,ASW,CE,Federal Contract Tower,10,78,13,5,106,0,0,1,0,1,10,78,14,5,107,0,2,2,109
06/21/2011,XNA,AR,ASW,CE,Federal Contract Tower,11,74,23,24,132,0,0,0,0,0,11,74,23,24,132,0,22,22,154
06/22/2011,XNA,AR,ASW,CE,Federal Contract Tower,11,75,15,23,124,0,0,0,3,3,11,75,15,26,127,0,4,4,131
06/23/2011,XNA,AR,ASW,CE,Federal Contract Tower,12,78,23,15,128,0,0,1,0,1,12,78,24,15,129,0,14,14,143
06/24/2011,XNA,AR,ASW,CE,Federal Contract Tower,11,71,8,12,102,0,0,0,1,1,11,71,8,13,103,0,4,4,107
06/25/2011,XNA,AR,ASW,CE,Federal Contract Tower,9,46,1,0,56,0,0,0,1,1,9,46,1,1,57,0,0,0,57
06/26/2011,XNA,AR,ASW,CE,Federal Contract Tower,13,59,9,8,89,0,0,1,0,1,13,59,10,8,90,0,0,0,90
06/27/2011,XNA,AR,ASW,CE,Federal Contract Tower,13,79,18,52,162,0,0,2,0,2,13,79,20,52,164,0,18,18,182
06/28/2011,XNA,AR,ASW,CE,Federal Contract Tower,12,89,8,8,117,0,0,2,4,6,12,89,10,12,123,0,0,0,123
06/29/2011,XNA,AR,ASW,CE,Federal Contract Tower,16,83,6,0,105,0,0,0,0,0,16,83,6,0,105,0,0,0,105
06/30/2011,XNA,AR,ASW,CE,Federal Contract Tower,13,84,15,3,115,0,0,0,0,0,13,84,15,3,115,0,0,0,115
07/01/2011,XNA,AR,ASW,CE,Federal Contract Tower,10,76,4,0,90,0,0,8,0,8,10,76,12,0,98,0,0,0,98
07/02/2011,XNA,AR,ASW,CE,Federal Contract Tower,9,43,0,1,53,0,0,4,0,4,9,43,4,1,57,0,0,0,57
07/03/2011,XNA,AR,ASW,CE,Federal Contract Tower,14,46,0,0,60,0,0,1,0,1,14,46,1,0,61,0,0,0,61
07/04/2011,XNA,AR,ASW,CE,Federal Contract Tower,12,57,5,0,74,0,0,1,0,1,12,57,6,0,75,0,0,0,75
07/05/2011,XNA,AR,ASW,CE,Federal Contract Tower,13,86,15,16,130,0,0,5,0,5,13,86,20,16,135,0,6,6,141
07/06/2011,XNA,AR,ASW,CE,Federal Contract Tower,12,85,7,22,126,0,0,3,4,7,12,85,10,26,133,0,30,30,163
07/07/2011,XNA,AR,ASW,CE,Federal Contract Tower,14,88,14,13,129,0,0,8,0,8,14,88,22,13,137,0,0,0,137
07/08/2011,XNA,AR,ASW,CE,Federal Contract Tower,12,80,10,16,118,0,0,7,1,8,12,80,17,17,126,4,4,8,134
07/09/2011,XNA,AR,ASW,CE,Federal Contract Tower,9,50,14,0,73,0,0,4,0,4,9,50,18,0,77,0,0,0,77
07/10/2011,XNA,AR,ASW,CE,Federal Contract Tower,13,60,8,3,84,0,0,3,0,3,13,60,11,3,87,0,0,0,87
07/11/2011,XNA,AR,ASW,CE,Federal Contract Tower,13,85,16,22,136,0,0,2,1,3,13,85,18,23,139,2,12,14,153
07/12/2011,XNA,AR,ASW,CE,Federal Contract Tower,14,84,22,15,135,0,0,7,1,8,14,84,29,16,143,0,2,2,145
07/13/2011,XNA,AR,ASW,CE,Federal Contract Tower,13,77,14,6,110,0,0,0,0,0,13,77,14,6,110,0,6,6,116
07/14/2011,XNA,AR,ASW,CE,Federal Contract Tower,15,83,13,9,120,0,0,2,0,2,15,83,15,9,122,0,0,0,122
07/15/2011,XNA,AR,ASW,CE,Federal Contract Tower,10,76,8,20,114,0,0,7,0,7,10,76,15,20,121,0,0,0,121
07/16/2011,XNA,AR,ASW,CE,Federal Contract Tower,14,52,4,39,109,0,0,4,8,12,14,52,8,47,121,10,12,22,143
07/17/2011,XNA,AR,ASW,CE,Federal Contract Tower,14,60,3,6,83,0,0,0,0,0,14,60,3,6,83,0,0,0,83
07/18/2011,XNA,AR,ASW,CE,Federal Contract Tower,16,85,10,10,121,0,0,2,1,3,16,85,12,11,124,0,2,2,126
07/19/2011,XNA,AR,ASW,CE,Federal Contract Tower,12,85,13,33,143,0,0,0,0,0,12,85,13,33,143,0,22,22,165
07/20/2011,XNA,AR,ASW,CE,Federal Contract Tower,16,84,9,17,126,0,1,9,0,10,16,85,18,17,136,6,4,10,146
07/21/2011,XNA,AR,ASW,CE,Federal Contract Tower,13,91,19,42,165,0,0,4,4,8,13,91,23,46,173,0,62,62,235
07/22/2011,XNA,AR,ASW,CE,Federal Contract Tower,11,78,13,68,170,0,0,4,5,9,11,78,17,73,179,0,82,82,261
07/23/2011,XNA,AR,ASW,CE,Federal Contract Tower,7,47,4,1,59,0,0,1,0,1,7,47,5,1,60,0,0,0,60
07/24/2011,XNA,AR,ASW,CE,Federal Contract Tower,14,60,5,1,80,0,0,3,0,3,14,60,8,1,83,0,0,0,83
07/25/2011,XNA,AR,ASW,CE,Federal Contract Tower,11,79,9,9,108,0,0,0,1,1,11,79,9,10,109,0,8,8,117
07/26/2011,XNA,AR,ASW,CE,Federal Contract Tower,14,79,12,27,132,0,0,2,0,2,14,79,14,27,134,0,16,16,150
07/27/2011,XNA,AR,ASW,CE,Federal Contract Tower,16,87,12,36,151,0,0,1,0,1,16,87,13,36,152,0,44,44,196
07/28/2011,XNA,AR,ASW,CE,Federal Contract Tower,15,91,21,3,130,0,0,0,1,1,15,91,21,4,131,0,0,0,131
07/29/2011,XNA,AR,ASW,CE,Federal Contract Tower,17,77,9,19,122,0,0,3,8,11,17,77,12,27,133,0,46,46,179
07/30/2011,XNA,AR,ASW,CE,Federal Contract Tower,10,49,7,1,67,0,0,2,0,2,10,49,9,1,69,0,4,4,73
07/31/2011,XNA,AR,ASW,CE,Federal Contract Tower,15,59,6,1,81,0,0,3,0,3,15,59,9,1,84,0,0,0,84
08/01/2011,XNA,AR,ASW,CE,Federal Contract Tower,15,83,8,24,130,0,0,0,0,0,15,83,8,24,130,6,44,50,180
08/02/2011,XNA,AR,ASW,CE,Federal Contract Tower,14,81,13,22,130,0,0,4,3,7,14,81,17,25,137,0,18,18,155
08/03/2011,XNA,AR,ASW,CE,Federal Contract Tower,12,82,19,0,113,0,0,1,2,3,12,82,20,2,116,0,0,0,116
08/04/2011,XNA,AR,ASW,CE,Federal Contract Tower,13,85,17,15,130,0,0,3,2,5,13,85,20,17,135,2,12,14,149
08/05/2011,XNA,AR,ASW,CE,Federal Contract Tower,12,77,9,19,117,0,0,8,0,8,12,77,17,19,125,0,4,4,129
08/06/2011,XNA,AR,ASW,CE,Federal Contract Tower,8,42,3,2,55,0,0,1,0,1,8,42,4,2,56,0,18,18,74
08/07/2011,XNA,AR,ASW,CE,Federal Contract Tower,15,61,4,2,82,0,0,2,0,2,15,61,6,2,84,0,0,0,84
08/08/2011,XNA,AR,ASW,CE,Federal Contract Tower,12,80,16,23,131,0,0,1,1,2,12,80,17,24,133,2,10,12,145
08/09/2011,XNA,AR,ASW,CE,Federal Contract Tower,9,89,9,15,122,0,0,3,0,3,9,89,12,15,125,0,0,0,125
08/10/2011,XNA,AR,ASW,CE,Federal Contract Tower,12,84,4,0,100,0,0,1,0,1,12,84,5,0,101,0,0,0,101
08/11/2011,XNA,AR,ASW,CE,Federal Contract Tower,14,82,14,0,110,0,0,2,0,2,14,82,16,0,112,0,0,0,112
08/12/2011,XNA,AR,ASW,CE,Federal Contract Tower,13,82,11,2,108,0,0,0,0,0,13,82,11,2,108,0,0,0,108
08/13/2011,XNA,AR,ASW,CE,Federal Contract Tower,8,48,2,5,63,0,1,12,3,16,8,49,14,8,79,0,0,0,79
08/14/2011,XNA,AR,ASW,CE,Federal Contract Tower,12,62,0,10,84,0,0,2,0,2,12,62,2,10,86,0,0,0,86
08/15/2011,XNA,AR,ASW,CE,Federal Contract Tower,13,79,12,16,120,0,0,1,0,1,13,79,13,16,121,0,12,12,133
08/16/2011,XNA,AR,ASW,CE,Federal Contract Tower,11,76,12,8,107,0,0,0,4,4,11,76,12,12,111,0,4,4,115
08/17/2011,XNA,AR,ASW,CE,Federal Contract Tower,12,83,8,16,119,0,0,0,0,0,12,83,8,16,119,0,32,32,151
08/18/2011,XNA,AR,ASW,CE,Federal Contract Tower,16,79,9,0,104,0,0,0,0,0,16,79,9,0,104,0,0,0,104
08/19/2011,XNA,AR,ASW,CE,Federal Contract Tower,12,73,9,21,115,0,1,5,4,10,12,74,14,25,125,0,8,8,133
08/20/2011,XNA,AR,ASW,CE,Federal Contract Tower,5,45,8,5,63,0,0,0,1,1,5,45,8,6,64,0,22,22,86
08/21/2011,XNA,AR,ASW,CE,Federal Contract Tower,10,61,5,1,77,0,0,2,0,2,10,61,7,1,79,0,0,0,79
08/22/2011,XNA,AR,ASW,CE,Federal Contract Tower,10,79,7,17,113,0,0,0,0,0,10,79,7,17,113,0,6,6,119
08/23/2011,XNA,AR,ASW,CE,Federal Contract Tower,10,80,9,2,101,0,0,1,0,1,10,80,10,2,102,0,0,0,102
08/24/2011,XNA,AR,ASW,CE,Federal Contract Tower,12,84,18,10,124,0,0,2,1,3,12,84,20,11,127,6,4,10,137
08/25/2011,XNA,AR,ASW,CE,Federal Contract Tower,12,82,12,42,148,0,0,2,4,6,12,82,14,46,154,0,12,12,166
08/26/2011,XNA,AR,ASW,CE,Federal Contract Tower,17,79,4,21,121,0,0,11,0,11,17,79,15,21,132,2,0,2,134
08/27/2011,XNA,AR,ASW,CE,Federal Contract Tower,6,45,1,0,52,0,2,3,2,7,6,47,4,2,59,0,0,0,59
08/28/2011,XNA,AR,ASW,CE,Federal Contract Tower,12,60,5,18,95,0,0,0,0,0,12,60,5,18,95,0,0,0,95
08/29/2011,XNA,AR,ASW,CE,Federal Contract Tower,14,78,15,13,120,0,0,0,1,1,14,78,15,14,121,0,2,2,123
08/30/2011,XNA,AR,ASW,CE,Federal Contract Tower,12,78,12,19,121,0,0,6,0,6,12,78,18,19,127,4,18,22,149
08/31/2011,XNA,AR,ASW,CE,Federal Contract Tower,11,83,20,17,131,0,0,0,1,1,11,83,20,18,132,0,18,18,150
09/01/2011,XNA,AR,ASW,CE,Federal Contract Tower,15,86,15,5,121,0,0,2,3,5,15,86,17,8,126,0,8,8,134
09/02/2011,XNA,AR,ASW,CE,Federal Contract Tower,12,81,5,18,116,0,0,1,1,2,12,81,6,19,118,0,22,22,140
09/03/2011,XNA,AR,ASW,CE,Federal Contract Tower,9,42,5,2,58,0,1,3,1,5,9,43,8,3,63,0,5,5,68
09/04/2011,XNA,AR,ASW,CE,Federal Contract Tower,10,46,6,6,68,0,0,3,0,3,10,46,9,6,71,0,4,4,75
09/05/2011,XNA,AR,ASW,CE,Federal Contract Tower,14,69,5,0,88,0,0,4,0,4,14,69,9,0,92,0,0,0,92
09/06/2011,XNA,AR,ASW,CE,Federal Contract Tower,10,83,13,16,122,0,0,2,0,2,10,83,15,16,124,0,2,2,126
09/07/2011,XNA,AR,ASW,CE,Federal Contract Tower,13,72,15,21,121,0,0,8,0,8,13,72,23,21,129,0,6,6,135
09/08/2011,XNA,AR,ASW,CE,Federal Contract Tower,17,84,20,45,166,0,1,1,0,2,17,85,21,45,168,0,36,36,204
09/09/2011,XNA,AR,ASW,CE,Federal Contract Tower,19,75,27,65,186,0,0,2,4,6,19,75,29,69,192,0,50,50,242
09/10/2011,XNA,AR,ASW,CE,Federal Contract Tower,12,37,9,0,58,0,0,5,0,5,12,37,14,0,63,0,0,0,63
09/11/2011,XNA,AR,ASW,CE,Federal Contract Tower,17,64,7,32,120,0,0,14,0,14,17,64,21,32,134,0,20,20,154
09/12/2011,XNA,AR,ASW,CE,Federal Contract Tower,17,78,11,14,120,0,0,2,0,2,17,78,13,14,122,0,12,12,134
09/13/2011,XNA,AR,ASW,CE,Federal Contract Tower,15,76,15,27,133,0,0,0,2,2,15,76,15,29,135,0,4,4,139
09/14/2011,XNA,AR,ASW,CE,Federal Contract Tower,14,79,10,21,124,0,0,0,1,1,14,79,10,22,125,0,14,14,139
09/15/2011,XNA,AR,ASW,CE,Federal Contract Tower,19,75,7,27,128,0,0,0,0,0,19,75,7,27,128,0,0,0,128
09/16/2011,XNA,AR,ASW,CE,Federal Contract Tower,21,75,22,6,124,0,0,0,0,0,21,75,22,6,124,0,30,30,154
09/17/2011,XNA,AR,ASW,CE,Federal Contract Tower,10,41,9,1,61,0,0,0,0,0,10,41,9,1,61,0,0,0,61
09/18/2011,XNA,AR,ASW,CE,Federal Contract Tower,18,55,10,0,83,0,0,0,0,0,18,55,10,0,83,0,0,0,83
09/19/2011,XNA,AR,ASW,CE,Federal Contract Tower,17,75,5,46,143,0,0,0,4,4,17,75,5,50,147,0,30,30,177
09/20/2011,XNA,AR,ASW,CE,Federal Contract Tower,14,75,20,40,149,0,0,1,0,1,14,75,21,40,150,0,26,26,176
09/21/2011,XNA,AR,ASW,CE,Federal Contract Tower,16,76,11,34,137,0,0,2,5,7,16,76,13,39,144,0,22,22,166
09/22/2011,XNA,AR,ASW,CE,Federal Contract Tower,18,79,8,20,125,0,0,2,0,2,18,79,10,20,127,0,0,0,127
09/23/2011,XNA,AR,ASW,CE,Federal Contract Tower,19,75,7,16,117,0,0,6,1,7,19,75,13,17,124,0,40,40,164
09/24/2011,XNA,AR,ASW,CE,Federal Contract Tower,12,40,1,0,53,0,0,6,0,6,12,40,7,0,59,0,0,0,59
09/25/2011,XNA,AR,ASW,CE,Federal Contract Tower,21,53,5,4,83,0,0,0,0,0,21,53,5,4,83,0,0,0,83
09/26/2011,XNA,AR,ASW,CE,Federal Contract Tower,15,77,15,49,156,0,0,2,3,5,15,77,17,52,161,0,44,44,205
09/27/2011,XNA,AR,ASW,CE,Federal Contract Tower,14,74,11,44,143,0,1,0,0,1,14,75,11,44,144,0,26,26,170
09/28/2011,XNA,AR,ASW,CE,Federal Contract Tower,15,73,10,33,131,0,0,4,4,8,15,73,14,37,139,0,48,48,187
09/29/2011,XNA,AR,ASW,CE,Federal Contract Tower,19,69,15,3,106,0,0,0,0,0,19,69,15,3,106,0,22,22,128
09/30/2011,XNA,AR,ASW,CE,Federal Contract Tower,20,69,10,10,109,0,0,3,1,4,20,69,13,11,113,0,6,6,119
10/01/2011,XNA,AR,ASW,CE,Federal Contract Tower,8,34,4,0,46,0,2,0,2,4,8,36,4,2,50,0,0,0,50
10/02/2011,XNA,AR,ASW,CE,Federal Contract Tower,17,57,4,0,78,0,0,5,0,5,17,57,9,0,83,0,0,0,83
10/03/2011,XNA,AR,ASW,CE,Federal Contract Tower,15,81,6,35,137,0,0,3,0,3,15,81,9,35,140,0,26,26,166
10/04/2011,XNA,AR,ASW,CE,Federal Contract Tower,13,81,17,6,117,0,0,4,0,4,13,81,21,6,121,0,14,14,135
10/05/2011,XNA,AR,ASW,CE,Federal Contract Tower,16,80,12,10,118,0,0,3,6,9,16,80,15,16,127,0,22,22,149
10/06/2011,XNA,AR,ASW,CE,Federal Contract Tower,21,78,24,51,174,0,0,2,5,7,21,78,26,56,181,0,12,12,193
10/07/2011,XNA,AR,ASW,CE,Federal Contract Tower,21,75,13,9,118,0,0,3,1,4,21,75,16,10,122,0,0,0,122
10/08/2011,XNA,AR,ASW,CE,Federal Contract Tower,12,42,10,0,64,0,0,1,0,1,12,42,11,0,65,0,0,0,65
10/09/2011,XNA,AR,ASW,CE,Federal Contract Tower,17,59,5,0,81,0,0,2,0,2,17,59,7,0,83,0,0,0,83
10/10/2011,XNA,AR,ASW,CE,Federal Contract Tower,16,74,18,4,112,0,0,0,0,0,16,74,18,4,112,0,0,0,112
10/11/2011,XNA,AR,ASW,CE,Federal Contract Tower,13,72,7,1,93,0,0,4,0,4,13,72,11,1,97,0,0,0,97
10/12/2011,XNA,AR,ASW,CE,Federal Contract Tower,13,76,6,0,95,0,2,0,0,2,13,78,6,0,97,0,0,0,97
10/13/2011,XNA,AR,ASW,CE,Federal Contract Tower,20,74,14,19,127,0,0,10,1,11,20,74,24,20,138,0,2,2,140
10/14/2011,XNA,AR,ASW,CE,Federal Contract Tower,15,75,13,24,127,0,2,6,2,10,15,77,19,26,137,0,6,6,143
10/15/2011,XNA,AR,ASW,CE,Federal Contract Tower,14,38,6,4,62,0,0,5,0,5,14,38,11,4,67,0,0,0,67
10/16/2011,XNA,AR,ASW,CE,Federal Contract Tower,22,53,4,6,85,0,0,2,4,6,22,53,6,10,91,0,0,0,91
10/17/2011,XNA,AR,ASW,CE,Federal Contract Tower,15,75,13,21,124,0,0,0,0,0,15,75,13,21,124,0,12,12,136
10/18/2011,XNA,AR,ASW,CE,Federal Contract Tower,15,75,33,23,146,0,0,0,0,0,15,75,33,23,146,0,2,2,148
10/19/2011,XNA,AR,ASW,CE,Federal Contract Tower,17,68,35,31,151,0,0,2,0,2,17,68,37,31,153,0,16,16,169
10/20/2011,XNA,AR,ASW,CE,Federal Contract Tower,19,77,17,26,139,0,0,2,4,6,19,77,19,30,145,0,0,0,145
10/21/2011,XNA,AR,ASW,CE,Federal Contract Tower,21,76,2,8,107,0,0,0,3,3,21,76,2,11,110,0,18,18,128
10/22/2011,XNA,AR,ASW,CE,Federal Contract Tower,10,38,2,0,50,0,0,0,0,0,10,38,2,0,50,0,0,0,50
10/23/2011,XNA,AR,ASW,CE,Federal Contract Tower,24,55,5,0,84,0,0,3,0,3,24,55,8,0,87,0,0,0,87
10/24/2011,XNA,AR,ASW,CE,Federal Contract Tower,19,71,13,41,144,0,0,4,0,4,19,71,17,41,148,0,82,82,230
10/25/2011,XNA,AR,ASW,CE,Federal Contract Tower,14,73,31,10,128,0,0,2,0,2,14,73,33,10,130,0,10,10,140
10/26/2011,XNA,AR,ASW,CE,Federal Contract Tower,16,75,17,22,130,0,0,1,0,1,16,75,18,22,131,0,18,18,149
10/27/2011,XNA,AR,ASW,CE,Federal Contract Tower,20,74,19,23,136,0,0,0,0,0,20,74,19,23,136,0,0,0,136
10/28/2011,XNA,AR,ASW,CE,Federal Contract Tower,23,76,11,31,141,0,0,2,6,8,23,76,13,37,149,0,18,18,167
10/29/2011,XNA,AR,ASW,CE,Federal Contract Tower,8,38,4,2,52,0,0,0,2,2,8,38,4,4,54,0,12,12,66
10/30/2011,XNA,AR,ASW,CE,Federal Contract Tower,19,55,4,41,119,0,0,0,0,0,19,55,4,41,119,0,10,10,129
10/31/2011,XNA,AR,ASW,CE,Federal Contract Tower,16,70,12,21,119,0,0,0,0,0,16,70,12,21,119,0,0,0,119
11/01/2011,XNA,AR,ASW,CE,Federal Contract Tower,13,80,18,18,129,0,0,0,0,0,13,80,18,18,129,0,20,20,149
11/02/2011,XNA,AR,ASW,CE,Federal Contract Tower,12,80,14,32,138,0,0,1,0,1,12,80,15,32,139,0,10,10,149
11/03/2011,XNA,AR,ASW,CE,Federal Contract Tower,14,87,15,8,124,0,0,0,0,0,14,87,15,8,124,0,0,0,124
11/04/2011,XNA,AR,ASW,CE,Federal Contract Tower,15,80,11,16,122,0,0,1,1,2,15,80,12,17,124,0,0,0,124
11/05/2011,XNA,AR,ASW,CE,Federal Contract Tower,8,37,11,3,59,0,0,5,10,15,8,37,16,13,74,0,6,6,80
11/06/2011,XNA,AR,ASW,CE,Federal Contract Tower,16,64,13,10,103,0,0,2,0,2,16,64,15,10,105,0,0,0,105
11/07/2011,XNA,AR,ASW,CE,Federal Contract Tower,13,80,8,0,101,0,0,0,0,0,13,80,8,0,101,0,0,0,101
11/08/2011,XNA,AR,ASW,CE,Federal Contract Tower,13,76,16,0,105,0,0,0,0,0,13,76,16,0,105,0,0,0,105
11/09/2011,XNA,AR,ASW,CE,Federal Contract Tower,13,85,12,38,148,0,0,0,3,3,13,85,12,41,151,0,30,30,181
11/10/2011,XNA,AR,ASW,CE,Federal Contract Tower,16,83,19,12,130,0,0,0,0,0,16,83,19,12,130,0,18,18,148
11/11/2011,XNA,AR,ASW,CE,Federal Contract Tower,16,74,11,12,113,0,0,0,0,0,16,74,11,12,113,0,12,12,125
11/12/2011,XNA,AR,ASW,CE,Federal Contract Tower,8,41,5,2,56,0,0,0,0,0,8,41,5,2,56,0,6,6,62
11/13/2011,XNA,AR,ASW,CE,Federal Contract Tower,17,68,5,3,93,0,0,0,0,0,17,68,5,3,93,0,0,0,93
11/14/2011,XNA,AR,ASW,CE,Federal Contract Tower,14,82,6,19,121,0,0,0,1,1,14,82,6,20,122,6,0,6,128
11/15/2011,XNA,AR,ASW,CE,Federal Contract Tower,11,78,22,25,136,0,0,0,0,0,11,78,22,25,136,0,8,8,144
11/16/2011,XNA,AR,ASW,CE,Federal Contract Tower,12,83,7,40,142,0,0,1,11,12,12,83,8,51,154,0,4,4,158
11/17/2011,XNA,AR,ASW,CE,Federal Contract Tower,16,81,6,12,115,0,0,2,7,9,16,81,8,19,124,0,10,10,134
11/18/2011,XNA,AR,ASW,CE,Federal Contract Tower,10,83,7,17,117,0,0,3,0,3,10,83,10,17,120,0,14,14,134
11/19/2011,XNA,AR,ASW,CE,Federal Contract Tower,3,42,0,0,45,0,0,0,0,0,3,42,0,0,45,0,0,0,45
11/20/2011,XNA,AR,ASW,CE,Federal Contract Tower,14,65,1,0,80,0,0,0,0,0,14,65,1,0,80,0,0,0,80
11/21/2011,XNA,AR,ASW,CE,Federal Contract Tower,12,62,9,0,83,0,0,0,0,0,12,62,9,0,83,0,0,0,83
11/22/2011,XNA,AR,ASW,CE,Federal Contract Tower,11,72,9,2,94,0,0,0,0,0,11,72,9,2,94,0,0,0,94
11/23/2011,XNA,AR,ASW,CE,Federal Contract Tower,12,82,7,2,103,0,2,2,4,8,12,84,9,6,111,0,0,0,111
11/24/2011,XNA,AR,ASW,CE,Federal Contract Tower,7,47,4,0,58,0,0,0,0,0,7,47,4,0,58,0,0,0,58
11/25/2011,XNA,AR,ASW,CE,Federal Contract Tower,11,45,11,0,67,0,0,0,0,0,11,45,11,0,67,0,0,0,67
11/26/2011,XNA,AR,ASW,CE,Federal Contract Tower,13,57,0,0,70,0,0,0,0,0,13,57,0,0,70,0,0,0,70
11/27/2011,XNA,AR,ASW,CE,Federal Contract Tower,16,70,3,0,89,0,0,4,0,4,16,70,7,0,93,0,0,0,93
11/28/2011,XNA,AR,ASW,CE,Federal Contract Tower,12,82,8,9,111,0,0,1,0,1,12,82,9,9,112,2,10,12,124
11/29/2011,XNA,AR,ASW,CE,Federal Contract Tower,11,68,12,6,97,0,0,32,0,32,11,68,44,6,129,2,0,2,131
11/30/2011,XNA,AR,ASW,CE,Federal Contract Tower,8,72,12,34,126,0,0,31,1,32,8,72,43,35,158,0,20,20,178
12/01/2011,XNA,AR,ASW,CE,Federal Contract Tower,14,80,11,29,134,0,0,1,5,6,14,80,12,34,140,0,22,22,162
12/02/2011,XNA,AR,ASW,CE,Federal Contract Tower,11,70,14,32,127,0,0,1,0,1,11,70,15,32,128,0,22,22,150
12/03/2011,XNA,AR,ASW,CE,Federal Contract Tower,4,39,3,0,46,0,0,1,0,1,4,39,4,0,47,0,0,0,47
12/04/2011,XNA,AR,ASW,CE,Federal Contract Tower,13,52,6,0,71,0,0,0,0,0,13,52,6,0,71,0,0,0,71
12/05/2011,XNA,AR,ASW,CE,Federal Contract Tower,9,83,19,0,111,0,0,0,0,0,9,83,19,0,111,0,0,0,111
12/06/2011,XNA,AR,ASW,CE,Federal Contract Tower,8,73,22,6,109,0,0,0,0,0,8,73,22,6,109,0,0,0,109
12/07/2011,XNA,AR,ASW,CE,Federal Contract Tower,8,76,17,12,113,0,0,0,0,0,8,76,17,12,113,0,6,6,119
12/08/2011,XNA,AR,ASW,CE,Federal Contract Tower,18,76,15,8,117,0,0,0,0,0,18,76,15,8,117,0,0,0,117
12/09/2011,XNA,AR,ASW,CE,Federal Contract Tower,11,72,10,11,104,0,0,0,0,0,11,72,10,11,104,0,6,6,110
12/10/2011,XNA,AR,ASW,CE,Federal Contract Tower,5,39,3,0,47,0,0,4,2,6,5,39,7,2,53,0,0,0,53
12/11/2011,XNA,AR,ASW,CE,Federal Contract Tower,14,53,6,8,81,0,0,2,0,2,14,53,8,8,83,6,0,6,89
12/12/2011,XNA,AR,ASW,CE,Federal Contract Tower,9,79,15,37,140,0,0,2,0,2,9,79,17,37,142,0,0,0,142
12/13/2011,XNA,AR,ASW,CE,Federal Contract Tower,9,71,13,18,111,0,0,0,0,0,9,71,13,18,111,0,48,48,159
12/14/2011,XNA,AR,ASW,CE,Federal Contract Tower,8,75,11,5,99,0,0,0,0,0,8,75,11,5,99,0,0,0,99
12/15/2011,XNA,AR,ASW,CE,Federal Contract Tower,16,69,14,19,118,0,0,0,0,0,16,69,14,19,118,0,10,10,128
12/16/2011,XNA,AR,ASW,CE,Federal Contract Tower,14,62,15,24,115,0,0,2,2,4,14,62,17,26,119,0,0,0,119
12/17/2011,XNA,AR,ASW,CE,Federal Contract Tower,5,41,1,0,47,0,0,2,0,2,5,41,3,0,49,0,0,0,49
12/18/2011,XNA,AR,ASW,CE,Federal Contract Tower,16,52,4,8,80,0,0,2,0,2,16,52,6,8,82,0,0,0,82
12/19/2011,XNA,AR,ASW,CE,Federal Contract Tower,14,60,12,5,91,0,0,2,0,2,14,60,14,5,93,0,8,8,101
12/20/2011,XNA,AR,ASW,CE,Federal Contract Tower,11,58,12,0,81,0,0,0,0,0,11,58,12,0,81,0,0,0,81
12/21/2011,XNA,AR,ASW,CE,Federal Contract Tower,12,62,20,37,131,1,0,0,3,4,13,62,20,40,135,0,6,6,141
12/22/2011,XNA,AR,ASW,CE,Federal Contract Tower,16,63,10,8,97,0,0,0,3,3,16,63,10,11,100,0,4,4,104
12/23/2011,XNA,AR,ASW,CE,Federal Contract Tower,14,64,2,0,80,0,0,4,0,4,14,64,6,0,84,0,0,0,84
12/24/2011,XNA,AR,ASW,CE,Federal Contract Tower,6,39,2,0,47,0,0,2,0,2,6,39,4,0,49,0,0,0,49
12/25/2011,XNA,AR,ASW,CE,Federal Contract Tower,10,42,3,0,55,0,0,2,0,2,10,42,5,0,57,0,0,0,57
12/26/2011,XNA,AR,ASW,CE,Federal Contract Tower,11,61,6,0,78,0,0,0,0,0,11,61,6,0,78,0,0,0,78
12/27/2011,XNA,AR,ASW,CE,Federal Contract Tower,13,61,4,0,78,0,0,2,0,2,13,61,6,0,80,0,0,0,80
12/28/2011,XNA,AR,ASW,CE,Federal Contract Tower,10,60,11,2,83,0,0,0,0,0,10,60,11,2,83,0,30,30,113
12/29/2011,XNA,AR,ASW,CE,Federal Contract Tower,13,62,11,2,88,0,0,2,0,2,13,62,13,2,90,0,0,0,90
12/30/2011,XNA,AR,ASW,CE,Federal Contract Tower,13,61,3,4,81,0,0,3,0,3,13,61,6,4,84,0,0,0,84
12/31/2011,XNA,AR,ASW,CE,Federal Contract Tower,7,40,0,0,47,0,0,0,0,0,7,40,0,0,47,0,0,0,47
01/01/2012,XNA,AR,ASW,CE,Federal Contract Tower,12,41,0,0,53,0,0,0,0,0,12,41,0,0,53,0,0,0,53
01/02/2012,XNA,AR,ASW,CE,Federal Contract Tower,14,70,2,0,86,0,0,0,0,0,14,70,2,0,86,0,0,0,86
01/03/2012,XNA,AR,ASW,CE,Federal Contract Tower,11,68,6,10,95,0,0,0,0,0,11,68,6,10,95,2,28,30,125
01/04/2012,XNA,AR,ASW,CE,Federal Contract Tower,10,70,20,1,101,0,0,0,3,3,10,70,20,4,104,12,28,40,144
01/05/2012,XNA,AR,ASW,CE,Federal Contract Tower,16,75,12,9,112,0,0,1,4,5,16,75,13,13,117,0,6,6,123
01/06/2012,XNA,AR,ASW,CE,Federal Contract Tower,16,71,7,39,133,0,0,3,0,3,16,71,10,39,136,0,44,44,180
01/07/2012,XNA,AR,ASW,CE,Federal Contract Tower,8,36,2,6,52,0,0,0,2,2,8,36,2,8,54,0,20,20,74
01/08/2012,XNA,AR,ASW,CE,Federal Contract Tower,13,64,5,47,129,0,0,0,0,0,13,64,5,47,129,0,0,0,129
01/09/2012,XNA,AR,ASW,CE,Federal Contract Tower,12,70,10,24,116,0,0,0,0,0,12,70,10,24,116,0,34,34,150
01/10/2012,XNA,AR,ASW,CE,Federal Contract Tower,15,67,11,10,103,0,0,0,0,0,15,67,11,10,103,0,52,52,155
01/11/2012,XNA,AR,ASW,CE,Federal Contract Tower,10,73,20,16,119,0,0,0,0,0,10,73,20,16,119,0,0,0,119
01/12/2012,XNA,AR,ASW,CE,Federal Contract Tower,14,66,15,12,107,0,0,0,0,0,14,66,15,12,107,0,66,66,173
01/13/2012,XNA,AR,ASW,CE,Federal Contract Tower,10,66,6,33,115,0,0,3,0,3,10,66,9,33,118,0,22,22,140
01/14/2012,XNA,AR,ASW,CE,Federal Contract Tower,6,38,4,3,51,0,0,4,0,4,6,38,8,3,55,0,0,0,55
01/15/2012,XNA,AR,ASW,CE,Federal Contract Tower,12,55,8,1,76,0,0,2,0,2,12,55,10,1,78,0,0,0,78
01/16/2012,XNA,AR,ASW,CE,Federal Contract Tower,14,68,13,3,98,0,0,2,0,2,14,68,15,3,100,0,6,6,106
01/17/2012,XNA,AR,ASW,CE,Federal Contract Tower,13,69,19,44,145,0,0,2,2,4,13,69,21,46,149,0,116,116,265
01/18/2012,XNA,AR,ASW,CE,Federal Contract Tower,12,71,18,8,109,0,0,1,0,1,12,71,19,8,110,6,0,6,116
01/19/2012,XNA,AR,ASW,CE,Federal Contract Tower,13,74,15,17,119,0,0,1,0,1,13,74,16,17,120,0,0,0,120
01/20/2012,XNA,AR,ASW,CE,Federal Contract Tower,13,64,6,22,105,0,0,1,0,1,13,64,7,22,106,0,0,0,106
01/21/2012,XNA,AR,ASW,CE,Federal Contract Tower,9,40,4,2,55,0,0,0,0,0,9,40,4,2,55,0,0,0,55
01/22/2012,XNA,AR,ASW,CE,Federal Contract Tower,13,54,4,0,71,0,0,0,0,0,13,54,4,0,71,0,0,0,71
01/23/2012,XNA,AR,ASW,CE,Federal Contract Tower,9,74,10,4,97,0,0,0,4,4,9,74,10,8,101,0,8,8,109
01/24/2012,XNA,AR,ASW,CE,Federal Contract Tower,11,71,13,11,106,0,0,1,4,5,11,71,14,15,111,0,28,28,139
01/25/2012,XNA,AR,ASW,CE,Federal Contract Tower,14,71,14,0,99,0,0,0,0,0,14,71,14,0,99,0,0,0,99
01/26/2012,XNA,AR,ASW,CE,Federal Contract Tower,14,73,15,2,104,0,0,0,0,0,14,73,15,2,104,0,0,0,104
01/27/2012,XNA,AR,ASW,CE,Federal Contract Tower,13,71,13,23,120,0,0,1,0,1,13,71,14,23,121,0,68,68,189
01/28/2012,XNA,AR,ASW,CE,Federal Contract Tower,8,40,3,12,63,0,0,5,2,7,8,40,8,14,70,0,4,4,74
01/29/2012,XNA,AR,ASW,CE,Federal Contract Tower,15,59,5,4,83,0,0,10,0,10,15,59,15,4,93,0,0,0,93
01/30/2012,XNA,AR,ASW,CE,Federal Contract Tower,13,68,8,25,114,0,0,4,2,6,13,68,12,27,120,0,6,6,126
01/31/2012,XNA,AR,ASW,CE,Federal Contract Tower,13,68,10,18,109,0,0,0,0,0,13,68,10,18,109,0,34,34,143
02/01/2012,XNA,AR,ASW,CE,Federal Contract Tower,12,72,19,40,143,0,0,4,0,4,12,72,23,40,147,0,6,6,153
02/02/2012,XNA,AR,ASW,CE,Federal Contract Tower,15,76,15,25,131,0,0,8,6,14,15,76,23,31,145,0,72,72,217
02/03/2012,XNA,AR,ASW,CE,Federal Contract Tower,14,77,8,2,101,0,0,0,0,0,14,77,8,2,101,0,0,0,101
02/04/2012,XNA,AR,ASW,CE,Federal Contract Tower,6,37,6,0,49,0,0,0,0,0,6,37,6,0,49,0,0,0,49
02/05/2012,XNA,AR,ASW,CE,Federal Contract Tower,16,55,0,6,77,0,0,2,0,2,16,55,2,6,79,0,0,0,79
02/06/2012,XNA,AR,ASW,CE,Federal Contract Tower,12,68,8,2,90,0,0,2,0,2,12,68,10,2,92,0,0,0,92
02/07/2012,XNA,AR,ASW,CE,Federal Contract Tower,11,72,10,26,119,0,0,4,0,4,11,72,14,26,123,0,30,30,153
02/08/2012,XNA,AR,ASW,CE,Federal Contract Tower,12,74,12,9,107,0,0,0,0,0,12,74,12,9,107,0,28,28,135
02/09/2012,XNA,AR,ASW,CE,Federal Contract Tower,16,71,12,16,115,0,0,5,0,5,16,71,17,16,120,2,0,2,122
02/10/2012,XNA,AR,ASW,CE,Federal Contract Tower,11,72,11,4,98,0,0,0,0,0,11,72,11,4,98,0,0,0,98
02/11/2012,XNA,AR,ASW,CE,Federal Contract Tower,6,44,2,4,56,0,0,0,0,0,6,44,2,4,56,2,10,12,68
02/12/2012,XNA,AR,ASW,CE,Federal Contract Tower,14,54,7,52,127,0,0,4,0,4,14,54,11,52,131,0,18,18,149
02/13/2012,XNA,AR,ASW,CE,Federal Contract Tower,11,74,7,0,92,0,0,0,0,0,11,74,7,0,92,0,0,0,92
02/14/2012,XNA,AR,ASW,CE,Federal Contract Tower,10,69,9,33,121,0,0,1,0,1,10,69,10,33,122,0,18,18,140
02/15/2012,XNA,AR,ASW,CE,Federal Contract Tower,14,73,7,24,118,0,0,0,0,0,14,73,7,24,118,0,0,0,118
02/16/2012,XNA,AR,ASW,CE,Federal Contract Tower,14,77,10,22,123,0,0,0,4,4,14,77,10,26,127,0,6,6,133
02/17/2012,XNA,AR,ASW,CE,Federal Contract Tower,13,70,8,21,112,0,0,2,4,6,13,70,10,25,118,8,40,48,166
02/18/2012,XNA,AR,ASW,CE,Federal Contract Tower,7,35,5,0,47,0,0,2,0,2,7,35,7,0,49,0,0,0,49
02/19/2012,XNA,AR,ASW,CE,Federal Contract Tower,10,52,5,9,76,0,0,4,0,4,10,52,9,9,80,0,0,0,80
02/20/2012,XNA,AR,ASW,CE,Federal Contract Tower,14,72,12,0,98,0,0,1,0,1,14,72,13,0,99,0,0,0,99
02/21/2012,XNA,AR,ASW,CE,Federal Contract Tower,9,76,9,31,125,0,0,2,0,2,9,76,11,31,127,8,10,18,145
02/22/2012,XNA,AR,ASW,CE,Federal Contract Tower,14,76,11,25,126,0,0,4,6,10,14,76,15,31,136,4,46,50,186
02/23/2012,XNA,AR,ASW,CE,Federal Contract Tower,15,81,16,31,143,0,0,1,0,1,15,81,17,31,144,12,12,24,168
02/24/2012,XNA,AR,ASW,CE,Federal Contract Tower,9,67,9,34,119,0,0,0,1,1,9,67,9,35,120,0,70,70,190
02/25/2012,XNA,AR,ASW,CE,Federal Contract Tower,9,35,4,0,48,0,0,4,0,4,9,35,8,0,52,0,0,0,52
02/26/2012,XNA,AR,ASW,CE,Federal Contract Tower,13,57,4,0,74,0,0,0,0,0,13,57,4,0,74,0,0,0,74
02/27/2012,XNA,AR,ASW,CE,Federal Contract Tower,16,70,7,14,107,0,0,0,0,0,16,70,7,14,107,16,26,42,149
02/28/2012,XNA,AR,ASW,CE,Federal Contract Tower,10,74,17,12,113,0,0,0,14,14,10,74,17,26,127,0,16,16,143
02/29/2012,XNA,AR,ASW,CE,Federal Contract Tower,12,71,11,17,111,0,0,1,2,3,12,71,12,19,114,0,10,10,124
03/01/2012,XNA,AR,ASW,CE,Federal Contract Tower,17,76,14,15,122,0,0,2,2,4,17,76,16,17,126,2,20,22,148
03/02/2012,XNA,AR,ASW,CE,Federal Contract Tower,13,68,8,17,106,0,0,0,0,0,13,68,8,17,106,0,26,26,132
03/03/2012,XNA,AR,ASW,CE,Federal Contract Tower,9,39,1,5,54,0,0,0,0,0,9,39,1,5,54,0,0,0,54
03/04/2012,XNA,AR,ASW,CE,Federal Contract Tower,20,58,1,0,79,0,0,2,0,2,20,58,3,0,81,0,0,0,81
03/05/2012,XNA,AR,ASW,CE,Federal Contract Tower,16,74,6,10,106,0,0,1,0,1,16,74,7,10,107,0,6,6,113
03/06/2012,XNA,AR,ASW,CE,Federal Contract Tower,14,71,9,9,103,0,0,0,1,1,14,71,9,10,104,0,20,20,124
03/07/2012,XNA,AR,ASW,CE,Federal Contract Tower,12,71,11,6,100,0,0,0,0,0,12,71,11,6,100,0,40,40,140
03/08/2012,XNA,AR,ASW,CE,Federal Contract Tower,20,76,9,0,105,0,0,1,0,1,20,76,10,0,106,0,0,0,106
03/09/2012,XNA,AR,ASW,CE,Federal Contract Tower,20,68,22,14,124,0,0,6,0,6,20,68,28,14,130,0,42,42,172
03/10/2012,XNA,AR,ASW,CE,Federal Contract Tower,9,36,1,5,51,0,0,6,0,6,9,36,7,5,57,12,6,18,75
03/11/2012,XNA,AR,ASW,CE,Federal Contract Tower,18,61,1,0,80,0,0,0,0,0,18,61,1,0,80,0,0,0,80
03/12/2012,XNA,AR,ASW,CE,Federal Contract Tower,17,73,6,33,129,0,0,2,4,6,17,73,8,37,135,0,58,58,193
03/13/2012,XNA,AR,ASW,CE,Federal Contract Tower,12,69,24,23,128,0,0,1,0,1,12,69,25,23,129,6,20,26,155
03/14/2012,XNA,AR,ASW,CE,Federal Contract Tower,15,74,6,8,103,0,0,4,1,5,15,74,10,9,108,0,0,0,108
03/15/2012,XNA,AR,ASW,CE,Federal Contract Tower,19,70,22,2,113,0,0,0,0,0,19,70,22,2,113,0,8,8,121
03/16/2012,XNA,AR,ASW,CE,Federal Contract Tower,20,72,11,13,116,0,0,0,0,0,20,72,11,13,116,0,14,14,130
03/17/2012,XNA,AR,ASW,CE,Federal Contract Tower,8,38,7,0,53,0,0,4,0,4,8,38,11,0,57,0,0,0,57
03/18/2012,XNA,AR,ASW,CE,Federal Contract Tower,22,63,8,5,98,0,0,0,0,0,22,63,8,5,98,2,4,6,104
03/19/2012,XNA,AR,ASW,CE,Federal Contract Tower,15,68,2,0,85,0,0,0,0,0,15,68,2,0,85,0,0,0,85
03/20/2012,XNA,AR,ASW,CE,Federal Contract Tower,15,65,7,0,87,0,0,0,0,0,15,65,7,0,87,0,0,0,87
03/21/2012,XNA,AR,ASW,CE,Federal Contract Tower,13,74,16,0,103,0,0,0,0,0,13,74,16,0,103,0,0,0,103
03/22/2012,XNA,AR,ASW,CE,Federal Contract Tower,20,79,12,6,117,0,0,0,0,0,20,79,12,6,117,0,18,18,135
03/23/2012,XNA,AR,ASW,CE,Federal Contract Tower,18,66,6,2,92,0,0,6,0,6,18,66,12,2,98,0,0,0,98
03/24/2012,XNA,AR,ASW,CE,Federal Contract Tower,9,39,4,9,61,0,0,6,3,9,9,39,10,12,70,0,20,20,90
03/25/2012,XNA,AR,ASW,CE,Federal Contract Tower,18,66,4,7,95,0,0,4,0,4,18,66,8,7,99,0,6,6,105
03/26/2012,XNA,AR,ASW,CE,Federal Contract Tower,19,70,12,6,107,0,0,4,0,4,19,70,16,6,111,0,0,0,111
03/27/2012,XNA,AR,ASW,CE,Federal Contract Tower,15,69,23,7,114,0,0,3,0,3,15,69,26,7,117,0,0,0,117
03/28/2012,XNA,AR,ASW,CE,Federal Contract Tower,15,76,8,13,112,0,2,3,2,7,15,78,11,15,119,0,4,4,123
03/29/2012,XNA,AR,ASW,CE,Federal Contract Tower,19,78,17,18,132,0,2,4,2,8,19,80,21,20,140,0,44,44,184
03/30/2012,XNA,AR,ASW,CE,Federal Contract Tower,17,65,11,5,98,0,0,3,0,3,17,65,14,5,101,0,2,2,103
03/31/2012,XNA,AR,ASW,CE,Federal Contract Tower,8,34,5,27,74,0,2,3,0,5,8,36,8,27,79,0,58,58,137
04/01/2012,XNA,AR,ASW,CE,Federal Contract Tower,15,62,5,29,111,0,0,2,0,2,15,62,7,29,113,0,18,18,131
04/02/2012,XNA,AR,ASW,CE,Federal Contract Tower,17,73,20,20,130,0,0,1,0,1,17,73,21,20,131,10,0,10,141
04/03/2012,XNA,AR,ASW,CE,Federal Contract Tower,15,64,20,0,99,0,0,1,0,1,15,64,21,0,100,0,0,0,100
04/04/2012,XNA,AR,ASW,CE,Federal Contract Tower,13,67,24,25,129,0,0,0,9,9,13,67,24,34,138,2,0,2,140
04/05/2012,XNA,AR,ASW,CE,Federal Contract Tower,18,71,16,2,107,0,0,2,0,2,18,71,18,2,109,6,0,6,115
04/06/2012,XNA,AR,ASW,CE,Federal Contract Tower,16,72,11,5,104,0,0,4,1,5,16,72,15,6,109,0,0,0,109
04/07/2012,XNA,AR,ASW,CE,Federal Contract Tower,13,38,2,0,53,0,0,0,0,0,13,38,2,0,53,0,0,0,53
04/08/2012,XNA,AR,ASW,CE,Federal Contract Tower,12,47,3,12,74,0,0,4,0,4,12,47,7,12,78,0,0,0,78
04/09/2012,XNA,AR,ASW,CE,Federal Contract Tower,20,70,12,9,111,0,0,0,0,0,20,70,12,9,111,0,14,14,125
04/10/2012,XNA,AR,ASW,CE,Federal Contract Tower,16,70,19,8,113,0,0,2,1,3,16,70,21,9,116,0,22,22,138
04/11/2012,XNA,AR,ASW,CE,Federal Contract Tower,17,75,18,16,126,0,1,3,0,4,17,76,21,16,130,0,0,0,130
04/12/2012,XNA,AR,ASW,CE,Federal Contract Tower,21,74,23,10,128,0,1,5,0,6,21,75,28,10,134,0,18,18,152
04/13/2012,XNA,AR,ASW,CE,Federal Contract Tower,23,74,3,4,104,0,0,2,0,2,23,74,5,4,106,0,0,0,106
04/14/2012,XNA,AR,ASW,CE,Federal Contract Tower,10,36,5,0,51,0,0,0,0,0,10,36,5,0,51,0,0,0,51
04/15/2012,XNA,AR,ASW,CE,Federal Contract Tower,14,59,4,0,77,0,0,0,0,0,14,59,4,0,77,0,0,0,77
04/16/2012,XNA,AR,ASW,CE,Federal Contract Tower,23,71,2,7,103,0,0,5,1,6,23,71,7,8,109,0,30,30,139
04/17/2012,XNA,AR,ASW,CE,Federal Contract Tower,16,71,16,35,138,0,0,8,2,10,16,71,24,37,148,0,50,50,198
04/18/2012,XNA,AR,ASW,CE,Federal Contract Tower,16,72,22,6,116,0,2,1,0,3,16,74,23,6,119,0,42,42,161
04/19/2012,XNA,AR,ASW,CE,Federal Contract Tower,20,75,14,11,120,0,0,4,0,4,20,75,18,11,124,0,4,4,128
04/20/2012,XNA,AR,ASW,CE,Federal Contract Tower,20,71,23,11,125,0,0,0,0,0,20,71,23,11,125,0,0,0,125
04/21/2012,XNA,AR,ASW,CE,Federal Contract Tower,10,34,13,0,57,0,0,6,0,6,10,34,19,0,63,0,0,0,63
04/22/2012,XNA,AR,ASW,CE,Federal Contract Tower,18,61,14,12,105,0,0,2,0,2,18,61,16,12,107,0,0,0,107
04/23/2012,XNA,AR,ASW,CE,Federal Contract Tower,20,70,17,13,120,0,0,0,2,2,20,70,17,15,122,0,14,14,136
04/24/2012,XNA,AR,ASW,CE,Federal Contract Tower,16,73,12,33,134,0,0,0,0,0,16,73,12,33,134,0,0,0,134
04/25/2012,XNA,AR,ASW,CE,Federal Contract Tower,16,80,23,31,150,0,3,1,1,5,16,83,24,32,155,0,10,10,165
04/26/2012,XNA,AR,ASW,CE,Federal Contract Tower,21,81,31,10,143,0,1,0,0,1,21,82,31,10,144,0,0,0,144
04/27/2012,XNA,AR,ASW,CE,Federal Contract Tower,17,70,14,0,101,0,0,1,0,1,17,70,15,0,102,0,0,0,102
04/28/2012,XNA,AR,ASW,CE,Federal Contract Tower,11,36,4,0,51,0,0,5,2,7,11,36,9,2,58,0,0,0,58
04/29/2012,XNA,AR,ASW,CE,Federal Contract Tower,18,64,7,4,93,0,0,3,0,3,18,64,10,4,96,0,0,0,96
04/30/2012,XNA,AR,ASW,CE,Federal Contract Tower,17,79,6,4,106,0,0,2,0,2,17,79,8,4,108,0,0,0,108
05/01/2012,XNA,AR,ASW,CE,Federal Contract Tower,18,66,9,21,114,0,0,2,0,2,18,66,11,21,116,0,38,38,154
05/02/2012,XNA,AR,ASW,CE,Federal Contract Tower,16,69,20,8,113,0,0,1,3,4,16,69,21,11,117,0,32,32,149
05/03/2012,XNA,AR,ASW,CE,Federal Contract Tower,21,74,14,12,121,0,0,2,0,2,21,74,16,12,123,0,0,0,123
05/04/2012,XNA,AR,ASW,CE,Federal Contract Tower,19,64,11,38,132,0,0,0,0,0,19,64,11,38,132,0,18,18,150
05/05/2012,XNA,AR,ASW,CE,Federal Contract Tower,16,38,2,0,56,0,0,2,0,2,16,38,4,0,58,4,0,4,62
05/06/2012,XNA,AR,ASW,CE,Federal Contract Tower,21,57,9,5,92,0,0,2,0,2,21,57,11,5,94,0,4,4,98
05/07/2012,XNA,AR,ASW,CE,Federal Contract Tower,24,76,16,34,150,0,0,0,2,2,24,76,16,36,152,12,42,54,206
05/08/2012,XNA,AR,ASW,CE,Federal Contract Tower,18,72,6,2,98,0,0,2,0,2,18,72,8,2,100,0,0,0,100
05/09/2012,XNA,AR,ASW,CE,Federal Contract Tower,16,71,17,42,146,0,1,7,0,8,16,72,24,42,154,0,40,40,194
05/10/2012,XNA,AR,ASW,CE,Federal Contract Tower,24,73,14,14,125,0,0,0,2,2,24,73,14,16,127,0,22,22,149
05/11/2012,XNA,AR,ASW,CE,Federal Contract Tower,20,63,10,4,97,0,0,0,2,2,20,63,10,6,99,8,54,62,161
05/12/2012,XNA,AR,ASW,CE,Federal Contract Tower,16,33,3,0,52,0,0,2,0,2,16,33,5,0,54,0,0,0,54
05/13/2012,XNA,AR,ASW,CE,Federal Contract Tower,22,58,15,3,98,0,0,2,0,2,22,58,17,3,100,0,0,0,100
05/14/2012,XNA,AR,ASW,CE,Federal Contract Tower,23,76,15,36,150,0,0,0,12,12,23,76,15,48,162,0,94,94,256
05/15/2012,XNA,AR,ASW,CE,Federal Contract Tower,16,72,16,25,129,0,0,4,0,4,16,72,20,25,133,0,2,2,135
05/16/2012,XNA,AR,ASW,CE,Federal Contract Tower,17,73,11,63,164,0,0,4,0,4,17,73,15,63,168,6,22,28,196
05/17/2012,XNA,AR,ASW,CE,Federal Contract Tower,24,76,16,38,154,0,0,3,0,3,24,76,19,38,157,0,22,22,179
05/18/2012,XNA,AR,ASW,CE,Federal Contract Tower,24,70,8,23,125,0,0,0,0,0,24,70,8,23,125,0,46,46,171
05/19/2012,XNA,AR,ASW,CE,Federal Contract Tower,13,34,0,4,51,0,0,0,0,0,13,34,0,4,51,0,8,8,59
05/20/2012,XNA,AR,ASW,CE,Federal Contract Tower,21,61,8,0,90,0,0,1,0,1,21,61,9,0,91,0,0,0,91
05/21/2012,XNA,AR,ASW,CE,Federal Contract Tower,24,72,9,10,115,0,0,5,0,5,24,72,14,10,120,6,32,38,158
05/22/2012,XNA,AR,ASW,CE,Federal Contract Tower,17,69,16,7,109,0,0,3,4,7,17,69,19,11,116,0,4,4,120
05/23/2012,XNA,AR,ASW,CE,Federal Contract Tower,17,70,10,2,99,0,0,3,2,5,17,70,13,4,104,0,0,0,104
05/24/2012,XNA,AR,ASW,CE,Federal Contract Tower,19,73,14,4,110,0,0,0,2,2,19,73,14,6,112,0,0,0,112
05/25/2012,XNA,AR,ASW,CE,Federal Contract Tower,22,68,13,0,103,0,0,1,0,1,22,68,14,0,104,0,0,0,104
05/26/2012,XNA,AR,ASW,CE,Federal Contract Tower,15,31,6,0,52,0,0,0,0,0,15,31,6,0,52,0,0,0,52
05/27/2012,XNA,AR,ASW,CE,Federal Contract Tower,25,28,5,0,58,0,0,4,0,4,25,28,9,0,62,0,0,0,62
05/28/2012,XNA,AR,ASW,CE,Federal Contract Tower,22,65,4,2,93,0,0,1,0,1,22,65,5,2,94,0,0,0,94
05/29/2012,XNA,AR,ASW,CE,Federal Contract Tower,25,66,8,0,99,0,0,0,0,0,25,66,8,0,99,0,0,0,99
05/30/2012,XNA,AR,ASW,CE,Federal Contract Tower,19,66,11,20,116,0,0,8,3,11,19,66,19,23,127,6,38,44,171
05/31/2012,XNA,AR,ASW,CE,Federal Contract Tower,26,76,19,19,140,0,0,0,1,1,26,76,19,20,141,0,14,14,155
06/01/2012,XNA,AR,ASW,CE,Federal Contract Tower,34,63,8,6,111,0,0,0,2,2,34,63,8,8,113,2,20,22,135
06/02/2012,XNA,AR,ASW,CE,Federal Contract Tower,39,32,5,3,79,0,0,1,0,1,39,32,6,3,80,0,16,16,96
06/03/2012,XNA,AR,ASW,CE,Federal Contract Tower,18,60,6,11,95,0,0,2,0,2,18,60,8,11,97,0,6,6,103
06/04/2012,XNA,AR,ASW,CE,Federal Contract Tower,28,73,6,15,122,0,0,4,1,5,28,73,10,16,127,0,26,26,153
06/05/2012,XNA,AR,ASW,CE,Federal Contract Tower,16,75,15,27,133,0,0,0,0,0,16,75,15,27,133,0,16,16,149
06/06/2012,XNA,AR,ASW,CE,Federal Contract Tower,23,65,17,15,120,0,0,4,1,5,23,65,21,16,125,14,8,22,147
06/07/2012,XNA,AR,ASW,CE,Federal Contract Tower,17,73,19,11,120,0,0,12,4,16,17,73,31,15,136,2,18,20,156
06/08/2012,XNA,AR,ASW,CE,Federal Contract Tower,21,76,9,4,110,0,0,3,4,7,21,76,12,8,117,0,0,0,117
06/09/2012,XNA,AR,ASW,CE,Federal Contract Tower,10,46,0,4,60,0,0,1,2,3,10,46,1,6,63,18,2,20,83
06/10/2012,XNA,AR,ASW,CE,Federal Contract Tower,18,62,10,18,108,0,0,2,0,2,18,62,12,18,110,0,0,0,110
06/11/2012,XNA,AR,ASW,CE,Federal Contract Tower,23,86,13,2,124,0,0,2,0,2,23,86,15,2,126,0,0,0,126
06/12/2012,XNA,AR,ASW,CE,Federal Contract Tower,18,79,19,21,137,0,0,2,5,7,18,79,21,26,144,0,16,16,160
06/13/2012,XNA,AR,ASW,CE,Federal Contract Tower,20,69,17,13,119,0,0,4,0,4,20,69,21,13,123,6,0,6,129
06/14/2012,XNA,AR,ASW,CE,Federal Contract Tower,22,76,16,29,143,0,0,21,2,23,22,76,37,31,166,0,8,8,174
06/15/2012,XNA,AR,ASW,CE,Federal Contract Tower,18,73,14,10,115,0,0,4,0,4,18,73,18,10,119,0,8,8,127
06/16/2012,XNA,AR,ASW,CE,Federal Contract Tower,11,48,7,34,100,0,0,7,0,7,11,48,14,34,107,0,8,8,115
06/17/2012,XNA,AR,ASW,CE,Federal Contract Tower,16,66,5,12,99,0,0,2,0,2,16,66,7,12,101,0,0,0,101
06/18/2012,XNA,AR,ASW,CE,Federal Contract Tower,23,70,7,12,112,0,0,2,1,3,23,70,9,13,115,0,4,4,119
06/19/2012,XNA,AR,ASW,CE,Federal Contract Tower,16,78,11,22,127,0,0,1,0,1,16,78,12,22,128,0,18,18,146
06/20/2012,XNA,AR,ASW,CE,Federal Contract Tower,18,74,12,18,122,0,0,6,1,7,18,74,18,19,129,0,2,2,131
06/21/2012,XNA,AR,ASW,CE,Federal Contract Tower,18,71,9,0,98,0,0,0,0,0,18,71,9,0,98,0,0,0,98
06/22/2012,XNA,AR,ASW,CE,Federal Contract Tower,22,71,6,51,150,0,0,5,2,7,22,71,11,53,157,0,28,28,185
06/23/2012,XNA,AR,ASW,CE,Federal Contract Tower,14,49,2,4,69,0,0,2,0,2,14,49,4,4,71,0,10,10,81
06/24/2012,XNA,AR,ASW,CE,Federal Contract Tower,18,67,2,2,89,0,0,6,0,6,18,67,8,2,95,0,0,0,95
06/25/2012,XNA,AR,ASW,CE,Federal Contract Tower,24,75,10,14,123,0,0,0,2,2,24,75,10,16,125,0,42,42,167
06/26/2012,XNA,AR,ASW,CE,Federal Contract Tower,19,85,26,24,154,0,0,0,0,0,19,85,26,24,154,4,0,4,158
06/27/2012,XNA,AR,ASW,CE,Federal Contract Tower,22,70,25,17,134,0,0,2,0,2,22,70,27,17,136,0,8,8,144
06/28/2012,XNA,AR,ASW,CE,Federal Contract Tower,20,75,23,18,136,0,0,6,1,7,20,75,29,19,143,0,8,8,151
06/29/2012,XNA,AR,ASW,CE,Federal Contract Tower,22,70,15,5,112,0,0,7,1,8,22,70,22,6,120,0,0,0,120
06/30/2012,XNA,AR,ASW,CE,Federal Contract Tower,11,50,5,5,71,0,0,6,1,7,11,50,11,6,78,0,0,0,78
07/01/2012,XNA,AR,ASW,CE,Federal Contract Tower,16,64,16,25,121,0,0,3,3,6,16,64,19,28,127,0,0,0,127
07/02/2012,XNA,AR,ASW,CE,Federal Contract Tower,22,58,10,12,102,0,0,0,0,0,22,58,10,12,102,0,4,4,106
07/03/2012,XNA,AR,ASW,CE,Federal Contract Tower,16,55,7,8,86,0,0,0,0,0,16,55,7,8,86,0,6,6,92
07/04/2012,XNA,AR,ASW,CE,Federal Contract Tower,13,45,4,0,62,0,0,0,0,0,13,45,4,0,62,0,0,0,62
07/05/2012,XNA,AR,ASW,CE,Federal Contract Tower,16,59,11,0,86,0,0,6,0,6,16,59,17,0,92,0,0,0,92
07/06/2012,XNA,AR,ASW,CE,Federal Contract Tower,20,69,9,26,124,0,0,3,2,5,20,69,12,28,129,0,18,18,147
07/07/2012,XNA,AR,ASW,CE,Federal Contract Tower,13,41,2,0,56,0,0,1,0,1,13,41,3,0,57,0,0,0,57
07/08/2012,XNA,AR,ASW,CE,Federal Contract Tower,16,60,7,2,85,0,0,0,0,0,16,60,7,2,85,0,0,0,85
07/09/2012,XNA,AR,ASW,CE,Federal Contract Tower,21,67,6,2,96,0,0,0,0,0,21,67,6,2,96,0,0,0,96
07/10/2012,XNA,AR,ASW,CE,Federal Contract Tower,15,66,22,11,114,0,0,0,3,3,15,66,22,14,117,0,0,0,117
07/11/2012,XNA,AR,ASW,CE,Federal Contract Tower,16,67,12,18,113,0,0,4,0,4,16,67,16,18,117,10,8,18,135
07/12/2012,XNA,AR,ASW,CE,Federal Contract Tower,19,71,8,37,135,0,0,5,9,14,19,71,13,46,149,0,42,42,191
07/13/2012,XNA,AR,ASW,CE,Federal Contract Tower,18,67,4,88,177,0,0,0,1,1,18,67,4,89,178,0,72,72,250
07/14/2012,XNA,AR,ASW,CE,Federal Contract Tower,7,44,4,9,64,0,0,0,1,1,7,44,4,10,65,0,24,24,89
07/15/2012,XNA,AR,ASW,CE,Federal Contract Tower,16,64,4,0,84,0,0,0,0,0,16,64,4,0,84,0,0,0,84
07/16/2012,XNA,AR,ASW,CE,Federal Contract Tower,16,73,7,22,118,0,0,0,0,0,16,73,7,22,118,0,16,16,134
07/17/2012,XNA,AR,ASW,CE,Federal Contract Tower,14,75,11,26,126,0,0,2,0,2,14,75,13,26,128,0,30,30,158
07/18/2012,XNA,AR,ASW,CE,Federal Contract Tower,13,70,11,11,105,0,0,4,0,4,13,70,15,11,109,0,42,42,151
07/19/2012,XNA,AR,ASW,CE,Federal Contract Tower,17,68,9,27,121,0,0,0,0,0,17,68,9,27,121,0,14,14,135
07/20/2012,XNA,AR,ASW,CE,Federal Contract Tower,19,64,9,13,105,0,0,1,3,4,19,64,10,16,109,0,28,28,137
07/21/2012,XNA,AR,ASW,CE,Federal Contract Tower,6,45,2,14,67,0,0,1,1,2,6,45,3,15,69,0,0,0,69
07/22/2012,XNA,AR,ASW,CE,Federal Contract Tower,15,64,3,12,94,0,0,3,0,3,15,64,6,12,97,0,24,24,121
07/23/2012,XNA,AR,ASW,CE,Federal Contract Tower,20,69,2,0,91,0,0,0,0,0,20,69,2,0,91,0,16,16,107
07/24/2012,XNA,AR,ASW,CE,Federal Contract Tower,13,75,9,19,116,0,0,2,0,2,13,75,11,19,118,6,4,10,128
07/25/2012,XNA,AR,ASW,CE,Federal Contract Tower,16,77,27,11,131,0,0,1,2,3,16,77,28,13,134,0,4,4,138
07/26/2012,XNA,AR,ASW,CE,Federal Contract Tower,15,67,19,1,102,0,0,3,1,4,15,67,22,2,106,0,0,0,106
07/27/2012,XNA,AR,ASW,CE,Federal Contract Tower,19,68,10,10,107,0,0,8,1,9,19,68,18,11,116,0,0,0,116
07/28/2012,XNA,AR,ASW,CE,Federal Contract Tower,6,46,4,16,72,0,0,0,2,2,6,46,4,18,74,0,44,44,118
07/29/2012,XNA,AR,ASW,CE,Federal Contract Tower,16,63,3,2,84,0,0,0,0,0,16,63,3,2,84,0,0,0,84
07/30/2012,XNA,AR,ASW,CE,Federal Contract Tower,16,66,9,6,97,0,0,1,0,1,16,66,10,6,98,0,6,6,104
07/31/2012,XNA,AR,ASW,CE,Federal Contract Tower,13,70,16,9,108,0,0,0,2,2,13,70,16,11,110,0,0,0,110
08/01/2012,XNA,AR,ASW,CE,Federal Contract Tower,17,72,19,18,126,0,0,2,2,4,17,72,21,20,130,0,32,32,162
08/02/2012,XNA,AR,ASW,CE,Federal Contract Tower,18,73,13,9,113,0,0,2,3,5,18,73,15,12,118,0,12,12,130
08/03/2012,XNA,AR,ASW,CE,Federal Contract Tower,20,66,7,25,118,0,0,2,4,6,20,66,9,29,124,0,10,10,134
08/04/2012,XNA,AR,ASW,CE,Federal Contract Tower,7,48,4,23,82,0,0,0,0,0,7,48,4,23,82,0,4,4,86
08/05/2012,XNA,AR,ASW,CE,Federal Contract Tower,17,65,4,36,122,0,0,3,0,3,17,65,7,36,125,0,0,0,125
08/06/2012,XNA,AR,ASW,CE,Federal Contract Tower,20,73,11,8,112,0,0,1,0,1,20,73,12,8,113,0,4,4,117
08/07/2012,XNA,AR,ASW,CE,Federal Contract Tower,17,77,18,34,146,0,0,1,0,1,17,77,19,34,147,0,8,8,155
08/08/2012,XNA,AR,ASW,CE,Federal Contract Tower,18,74,12,0,104,0,0,0,0,0,18,74,12,0,104,0,0,0,104
08/09/2012,XNA,AR,ASW,CE,Federal Contract Tower,17,66,15,46,144,0,0,3,0,3,17,66,18,46,147,0,70,70,217
08/10/2012,XNA,AR,ASW,CE,Federal Contract Tower,20,68,11,8,107,0,0,8,2,10,20,68,19,10,117,0,28,28,145
08/11/2012,XNA,AR,ASW,CE,Federal Contract Tower,8,49,3,12,72,0,0,0,1,1,8,49,3,13,73,0,18,18,91
08/12/2012,XNA,AR,ASW,CE,Federal Contract Tower,18,72,0,0,90,0,0,0,0,0,18,72,0,0,90,0,0,0,90
08/13/2012,XNA,AR,ASW,CE,Federal Contract Tower,17,74,1,17,109,0,0,4,2,6,17,74,5,19,115,0,54,54,169
08/14/2012,XNA,AR,ASW,CE,Federal Contract Tower,14,73,13,20,120,0,0,2,0,2,14,73,15,20,122,0,14,14,136
08/15/2012,XNA,AR,ASW,CE,Federal Contract Tower,17,73,12,39,141,0,0,3,0,3,17,73,15,39,144,0,20,20,164
08/16/2012,XNA,AR,ASW,CE,Federal Contract Tower,18,75,12,0,105,0,0,0,0,0,18,75,12,0,105,0,0,0,105
08/17/2012,XNA,AR,ASW,CE,Federal Contract Tower,20,80,5,20,125,0,0,5,1,6,20,80,10,21,131,0,28,28,159
08/18/2012,XNA,AR,ASW,CE,Federal Contract Tower,10,36,9,0,55,0,0,7,0,7,10,36,16,0,62,0,0,0,62
08/19/2012,XNA,AR,ASW,CE,Federal Contract Tower,21,66,2,6,95,0,0,0,4,4,21,66,2,10,99,0,2,2,101
08/20/2012,XNA,AR,ASW,CE,Federal Contract Tower,20,80,8,13,121,0,0,0,3,3,20,80,8,16,124,0,8,8,132
08/21/2012,XNA,AR,ASW,CE,Federal Contract Tower,16,76,18,4,114,0,0,1,0,1,16,76,19,4,115,0,0,0,115
08/22/2012,XNA,AR,ASW,CE,Federal Contract Tower,18,72,12,15,117,0,0,0,1,1,18,72,12,16,118,0,0,0,118
08/23/2012,XNA,AR,ASW,CE,Federal Contract Tower,18,75,17,25,135,0,0,10,2,12,18,75,27,27,147,22,22,44,191
08/24/2012,XNA,AR,ASW,CE,Federal Contract Tower,24,72,4,12,112,0,0,5,0,5,24,72,9,12,117,0,0,0,117
08/25/2012,XNA,AR,ASW,CE,Federal Contract Tower,6,43,7,0,56,0,0,2,0,2,6,43,9,0,58,0,0,0,58
08/26/2012,XNA,AR,ASW,CE,Federal Contract Tower,17,64,10,0,91,0,0,0,0,0,17,64,10,0,91,0,0,0,91
08/27/2012,XNA,AR,ASW,CE,Federal Contract Tower,18,75,3,0,96,0,0,3,0,3,18,75,6,0,99,0,0,0,99
08/28/2012,XNA,AR,ASW,CE,Federal Contract Tower,18,79,14,27,138,0,0,4,0,4,18,79,18,27,142,0,12,12,154
08/29/2012,XNA,AR,ASW,CE,Federal Contract Tower,20,77,21,9,127,0,0,6,8,14,20,77,27,17,141,0,34,34,175
08/30/2012,XNA,AR,ASW,CE,Federal Contract Tower,18,79,11,0,108,0,0,4,1,5,18,79,15,1,113,0,0,0,113
08/31/2012,XNA,AR,ASW,CE,Federal Contract Tower,20,76,10,0,106,0,0,0,0,0,20,76,10,0,106,0,0,0,106
09/01/2012,XNA,AR,ASW,CE,Federal Contract Tower,7,33,5,0,45,0,0,0,0,0,7,33,5,0,45,0,0,0,45
09/02/2012,XNA,AR,ASW,CE,Federal Contract Tower,12,27,0,0,39,0,0,0,0,0,12,27,0,0,39,0,0,0,39
09/03/2012,XNA,AR,ASW,CE,Federal Contract Tower,21,65,1,2,89,2,0,2,0,4,23,65,3,2,93,0,0,0,93
09/04/2012,XNA,AR,ASW,CE,Federal Contract Tower,15,76,9,13,113,0,0,3,3,6,15,76,12,16,119,0,8,8,127
09/05/2012,XNA,AR,ASW,CE,Federal Contract Tower,16,76,10,6,108,0,0,4,0,4,16,76,14,6,112,4,0,4,116
09/06/2012,XNA,AR,ASW,CE,Federal Contract Tower,17,80,20,7,124,0,1,3,0,4,17,81,23,7,128,2,16,18,146
09/07/2012,XNA,AR,ASW,CE,Federal Contract Tower,17,75,12,7,111,0,0,0,0,0,17,75,12,7,111,4,8,12,123
09/08/2012,XNA,AR,ASW,CE,Federal Contract Tower,8,39,2,13,62,0,0,1,0,1,8,39,3,13,63,0,0,0,63
09/09/2012,XNA,AR,ASW,CE,Federal Contract Tower,16,70,4,18,108,0,0,5,1,6,16,70,9,19,114,0,0,0,114
09/10/2012,XNA,AR,ASW,CE,Federal Contract Tower,16,80,11,0,107,0,0,0,6,6,16,80,11,6,113,0,0,0,113
09/11/2012,XNA,AR,ASW,CE,Federal Contract Tower,15,78,12,14,119,0,0,2,4,6,15,78,14,18,125,0,26,26,151
09/12/2012,XNA,AR,ASW,CE,Federal Contract Tower,20,79,12,25,136,0,0,3,4,7,20,79,15,29,143,0,28,28,171
09/13/2012,XNA,AR,ASW,CE,Federal Contract Tower,18,79,22,22,141,0,0,1,0,1,18,79,23,22,142,0,48,48,190
09/14/2012,XNA,AR,ASW,CE,Federal Contract Tower,21,85,22,4,132,0,0,0,0,0,21,85,22,4,132,0,0,0,132
09/15/2012,XNA,AR,ASW,CE,Federal Contract Tower,10,46,10,0,66,0,0,0,0,0,10,46,10,0,66,0,0,0,66
09/16/2012,XNA,AR,ASW,CE,Federal Contract Tower,20,71,10,2,103,0,0,0,0,0,20,71,10,2,103,0,0,0,103
09/17/2012,XNA,AR,ASW,CE,Federal Contract Tower,17,82,22,15,136,0,0,2,0,2,17,82,24,15,138,0,34,34,172
09/18/2012,XNA,AR,ASW,CE,Federal Contract Tower,19,71,11,14,115,0,0,3,4,7,19,71,14,18,122,0,16,16,138
09/19/2012,XNA,AR,ASW,CE,Federal Contract Tower,15,74,35,15,139,0,0,3,0,3,15,74,38,15,142,0,0,0,142
09/20/2012,XNA,AR,ASW,CE,Federal Contract Tower,17,78,26,19,140,0,0,2,0,2,17,78,28,19,142,0,12,12,154
09/21/2012,XNA,AR,ASW,CE,Federal Contract Tower,19,75,15,4,113,0,0,3,0,3,19,75,18,4,116,0,0,0,116
09/22/2012,XNA,AR,ASW,CE,Federal Contract Tower,7,40,3,2,52,0,0,0,0,0,7,40,3,2,52,0,0,0,52
09/23/2012,XNA,AR,ASW,CE,Federal Contract Tower,15,67,12,11,105,0,0,7,0,7,15,67,19,11,112,8,34,42,154
09/24/2012,XNA,AR,ASW,CE,Federal Contract Tower,21,77,14,14,126,0,0,0,4,4,21,77,14,18,130,0,8,8,138
09/25/2012,XNA,AR,ASW,CE,Federal Contract Tower,14,79,9,18,120,0,0,0,1,1,14,79,9,19,121,0,0,0,121
09/26/2012,XNA,AR,ASW,CE,Federal Contract Tower,16,82,11,1,110,0,0,6,0,6,16,82,17,1,116,0,0,0,116
09/27/2012,XNA,AR,ASW,CE,Federal Contract Tower,16,79,17,6,118,0,0,0,4,4,16,79,17,10,122,0,0,0,122
09/28/2012,XNA,AR,ASW,CE,Federal Contract Tower,17,72,9,3,101,0,0,2,0,2,17,72,11,3,103,0,0,0,103
09/29/2012,XNA,AR,ASW,CE,Federal Contract Tower,6,39,1,0,46,0,0,0,0,0,6,39,1,0,46,0,0,0,46
09/30/2012,XNA,AR,ASW,CE,Federal Contract Tower,17,69,7,12,105,0,0,0,0,0,17,69,7,12,105,0,6,6,111
10/01/2012,XNA,AR,ASW,CE,Federal Contract Tower,16,76,9,27,128,0,0,2,6,8,16,76,11,33,136,0,32,32,168
10/02/2012,XNA,AR,ASW,CE,Federal Contract Tower,12,80,16,19,127,0,0,1,2,3,12,80,17,21,130,0,52,52,182
10/03/2012,XNA,AR,ASW,CE,Federal Contract Tower,16,77,10,26,129,0,0,0,1,1,16,77,10,27,130,0,32,32,162
10/04/2012,XNA,AR,ASW,CE,Federal Contract Tower,16,78,23,15,132,0,0,2,1,3,16,78,25,16,135,14,12,26,161
10/05/2012,XNA,AR,ASW,CE,Federal Contract Tower,16,74,10,16,116,0,0,0,0,0,16,74,10,16,116,0,0,0,116
10/06/2012,XNA,AR,ASW,CE,Federal Contract Tower,6,36,0,0,42,0,0,0,0,0,6,36,0,0,42,0,0,0,42
10/07/2012,XNA,AR,ASW,CE,Federal Contract Tower,17,69,3,5,94,0,0,0,1,1,17,69,3,6,95,0,14,14,109
10/08/2012,XNA,AR,ASW,CE,Federal Contract Tower,18,78,9,0,105,0,0,2,0,2,18,78,11,0,107,0,0,0,107
10/09/2012,XNA,AR,ASW,CE,Federal Contract Tower,15,80,9,12,116,0,0,1,0,1,15,80,10,12,117,0,0,0,117
10/10/2012,XNA,AR,ASW,CE,Federal Contract Tower,16,75,16,41,148,0,0,2,1,3,16,75,18,42,151,4,28,32,183
10/11/2012,XNA,AR,ASW,CE,Federal Contract Tower,16,76,19,14,125,0,0,0,0,0,16,76,19,14,125,0,4,4,129
10/12/2012,XNA,AR,ASW,CE,Federal Contract Tower,21,79,1,12,113,0,0,0,0,0,21,79,1,12,113,0,10,10,123
10/13/2012,XNA,AR,ASW,CE,Federal Contract Tower,9,36,2,22,69,0,0,1,0,1,9,36,3,22,70,0,0,0,70
10/14/2012,XNA,AR,ASW,CE,Federal Contract Tower,17,67,6,36,126,0,0,2,0,2,17,67,8,36,128,0,12,12,140
10/15/2012,XNA,AR,ASW,CE,Federal Contract Tower,19,81,4,9,113,0,0,2,4,6,19,81,6,13,119,0,10,10,129
10/16/2012,XNA,AR,ASW,CE,Federal Contract Tower,16,73,14,8,111,0,0,0,0,0,16,73,14,8,111,0,10,10,121
10/17/2012,XNA,AR,ASW,CE,Federal Contract Tower,17,82,14,3,116,0,0,0,0,0,17,82,14,3,116,0,0,0,116
10/18/2012,XNA,AR,ASW,CE,Federal Contract Tower,17,78,14,3,112,0,0,1,4,5,17,78,15,7,117,0,8,8,125
10/19/2012,XNA,AR,ASW,CE,Federal Contract Tower,18,74,7,15,114,0,0,3,0,3,18,74,10,15,117,0,18,18,135
10/20/2012,XNA,AR,ASW,CE,Federal Contract Tower,5,38,4,0,47,0,0,12,0,12,5,38,16,0,59,0,0,0,59
10/21/2012,XNA,AR,ASW,CE,Federal Contract Tower,18,71,7,10,106,0,0,1,1,2,18,71,8,11,108,0,0,0,108
10/22/2012,XNA,AR,ASW,CE,Federal Contract Tower,19,73,8,3,103,0,0,1,0,1,19,73,9,3,104,0,0,0,104
10/23/2012,XNA,AR,ASW,CE,Federal Contract Tower,14,74,15,23,126,0,0,2,6,8,14,74,17,29,134,0,16,16,150
10/24/2012,XNA,AR,ASW,CE,Federal Contract Tower,18,80,14,25,137,0,0,2,0,2,18,80,16,25,139,0,26,26,165
10/25/2012,XNA,AR,ASW,CE,Federal Contract Tower,17,83,25,0,125,0,0,0,0,0,17,83,25,0,125,0,0,0,125
10/26/2012,XNA,AR,ASW,CE,Federal Contract Tower,18,74,12,16,120,0,0,0,1,1,18,74,12,17,121,0,0,0,121
10/27/2012,XNA,AR,ASW,CE,Federal Contract Tower,9,35,3,0,47,0,0,8,0,8,9,35,11,0,55,0,0,0,55
10/28/2012,XNA,AR,ASW,CE,Federal Contract Tower,18,65,8,13,104,0,0,2,2,4,18,65,10,15,108,0,0,0,108
10/29/2012,XNA,AR,ASW,CE,Federal Contract Tower,18,66,6,16,106,0,0,4,0,4,18,66,10,16,110,0,18,18,128
10/30/2012,XNA,AR,ASW,CE,Federal Contract Tower,17,63,14,19,113,0,0,0,2,2,17,63,14,21,115,0,30,30,145
10/31/2012,XNA,AR,ASW,CE,Federal Contract Tower,14,61,8,15,98,0,0,0,0,0,14,61,8,15,98,0,30,30,128
11/01/2012,XNA,AR,ASW,CE,Federal Contract Tower,19,65,10,31,125,0,0,0,0,0,19,65,10,31,125,0,38,38,163
11/02/2012,XNA,AR,ASW,CE,Federal Contract Tower,20,73,8,23,124,0,0,2,0,2,20,73,10,23,126,0,0,0,126
11/03/2012,XNA,AR,ASW,CE,Federal Contract Tower,12,34,5,5,56,0,0,4,0,4,12,34,9,5,60,0,0,0,60
11/04/2012,XNA,AR,ASW,CE,Federal Contract Tower,16,64,10,2,92,0,0,1,0,1,16,64,11,2,93,0,0,0,93
11/05/2012,XNA,AR,ASW,CE,Federal Contract Tower,16,77,13,16,122,0,0,0,0,0,16,77,13,16,122,0,66,66,188
11/06/2012,XNA,AR,ASW,CE,Federal Contract Tower,14,62,12,1,89,0,0,10,0,10,14,62,22,1,99,0,0,0,99
11/07/2012,XNA,AR,ASW,CE,Federal Contract Tower,16,67,11,12,106,0,0,1,0,1,16,67,12,12,107,0,0,0,107
11/08/2012,XNA,AR,ASW,CE,Federal Contract Tower,15,80,31,2,128,0,0,0,0,0,15,80,31,2,128,0,0,0,128
11/09/2012,XNA,AR,ASW,CE,Federal Contract Tower,18,71,15,13,117,0,0,0,1,1,18,71,15,14,118,0,44,44,162
11/10/2012,XNA,AR,ASW,CE,Federal Contract Tower,8,38,6,0,52,0,0,0,0,0,8,38,6,0,52,0,0,0,52
11/11/2012,XNA,AR,ASW,CE,Federal Contract Tower,15,63,3,0,81,0,0,0,0,0,15,63,3,0,81,0,0,0,81
11/12/2012,XNA,AR,ASW,CE,Federal Contract Tower,20,69,9,0,98,0,0,1,0,1,20,69,10,0,99,0,0,0,99
11/13/2012,XNA,AR,ASW,CE,Federal Contract Tower,14,77,18,32,141,0,2,0,0,2,14,79,18,32,143,4,32,36,179
11/14/2012,XNA,AR,ASW,CE,Federal Contract Tower,14,76,16,8,114,0,0,2,0,2,14,76,18,8,116,14,0,14,130
11/15/2012,XNA,AR,ASW,CE,Federal Contract Tower,16,81,17,25,139,0,0,3,2,5,16,81,20,27,144,0,30,30,174
11/16/2012,XNA,AR,ASW,CE,Federal Contract Tower,17,76,6,8,107,0,0,5,0,5,17,76,11,8,112,0,16,16,128
11/17/2012,XNA,AR,ASW,CE,Federal Contract Tower,6,34,0,10,50,0,0,4,0,4,6,34,4,10,54,0,14,14,68
11/18/2012,XNA,AR,ASW,CE,Federal Contract Tower,17,62,0,16,95,0,0,2,0,2,17,62,2,16,97,0,0,0,97
11/19/2012,XNA,AR,ASW,CE,Federal Contract Tower,15,61,5,2,83,0,0,0,4,4,15,61,5,6,87,0,0,0,87
11/20/2012,XNA,AR,ASW,CE,Federal Contract Tower,19,69,12,21,121,0,0,4,2,6,19,69,16,23,127,0,4,4,131
11/21/2012,XNA,AR,ASW,CE,Federal Contract Tower,19,67,8,12,106,0,0,3,0,3,19,67,11,12,109,0,14,14,123
11/22/2012,XNA,AR,ASW,CE,Federal Contract Tower,11,34,5,0,50,0,0,0,0,0,11,34,5,0,50,0,0,0,50
11/23/2012,XNA,AR,ASW,CE,Federal Contract Tower,12,37,5,0,54,0,0,4,0,4,12,37,9,0,58,0,0,0,58
11/24/2012,XNA,AR,ASW,CE,Federal Contract Tower,15,47,4,0,66,0,0,5,0,5,15,47,9,0,71,0,0,0,71
11/25/2012,XNA,AR,ASW,CE,Federal Contract Tower,14,71,5,0,90,0,0,1,0,1,14,71,6,0,91,0,0,0,91
11/26/2012,XNA,AR,ASW,CE,Federal Contract Tower,18,74,8,2,102,0,0,0,0,0,18,74,8,2,102,0,0,0,102
11/27/2012,XNA,AR,ASW,CE,Federal Contract Tower,12,71,18,43,144,0,0,2,0,2,12,71,20,43,146,0,4,4,150
11/28/2012,XNA,AR,ASW,CE,Federal Contract Tower,14,72,20,13,119,0,0,0,0,0,14,72,20,13,119,0,10,10,129
11/29/2012,XNA,AR,ASW,CE,Federal Contract Tower,14,75,24,25,138,0,0,5,6,11,14,75,29,31,149,14,76,90,239
11/30/2012,XNA,AR,ASW,CE,Federal Contract Tower,18,70,9,13,110,0,0,2,0,2,18,70,11,13,112,0,11,11,123
12/01/2012,XNA,AR,ASW,CE,Federal Contract Tower,6,36,6,8,56,0,0,0,0,0,6,36,6,8,56,0,6,6,62
12/02/2012,XNA,AR,ASW,CE,Federal Contract Tower,15,63,9,14,101,0,0,0,0,0,15,63,9,14,101,0,8,8,109
12/03/2012,XNA,AR,ASW,CE,Federal Contract Tower,15,73,15,17,120,0,0,0,0,0,15,73,15,17,120,0,6,6,126
12/04/2012,XNA,AR,ASW,CE,Federal Contract Tower,13,74,11,14,112,0,0,0,4,4,13,74,11,18,116,8,6,14,130
12/05/2012,XNA,AR,ASW,CE,Federal Contract Tower,16,68,22,38,144,0,2,6,0,8,16,70,28,38,152,0,32,32,184
12/06/2012,XNA,AR,ASW,CE,Federal Contract Tower,14,71,20,18,123,0,0,5,4,9,14,71,25,22,132,0,30,30,162
12/07/2012,XNA,AR,ASW,CE,Federal Contract Tower,16,75,16,18,125,0,0,0,0,0,16,75,16,18,125,0,0,0,125
12/08/2012,XNA,AR,ASW,CE,Federal Contract Tower,6,34,6,7,53,0,0,0,0,0,6,34,6,7,53,0,0,0,53
12/09/2012,XNA,AR,ASW,CE,Federal Contract Tower,12,65,7,0,84,0,0,0,0,0,12,65,7,0,84,0,0,0,84
12/10/2012,XNA,AR,ASW,CE,Federal Contract Tower,14,66,14,28,122,0,0,2,0,2,14,66,16,28,124,0,6,6,130
12/11/2012,XNA,AR,ASW,CE,Federal Contract Tower,14,67,23,11,115,0,0,5,1,6,14,67,28,12,121,0,16,16,137
12/12/2012,XNA,AR,ASW,CE,Federal Contract Tower,14,72,10,6,102,0,0,1,1,2,14,72,11,7,104,0,2,2,106
12/13/2012,XNA,AR,ASW,CE,Federal Contract Tower,14,73,22,25,134,0,0,2,2,4,14,73,24,27,138,0,12,12,150
12/14/2012,XNA,AR,ASW,CE,Federal Contract Tower,19,74,13,44,150,0,0,0,0,0,19,74,13,44,150,0,58,58,208
12/15/2012,XNA,AR,ASW,CE,Federal Contract Tower,6,35,3,5,49,0,0,0,0,0,6,35,3,5,49,0,0,0,49
12/16/2012,XNA,AR,ASW,CE,Federal Contract Tower,9,58,1,10,78,0,0,4,0,4,9,58,5,10,82,0,8,8,90
12/17/2012,XNA,AR,ASW,CE,Federal Contract Tower,12,73,8,16,109,0,0,0,0,0,12,73,8,16,109,0,8,8,117
12/18/2012,XNA,AR,ASW,CE,Federal Contract Tower,8,71,10,18,107,0,0,3,0,3,8,71,13,18,110,4,0,4,114
12/19/2012,XNA,AR,ASW,CE,Federal Contract Tower,9,71,21,6,107,0,0,0,0,0,9,71,21,6,107,0,0,0,107
12/20/2012,XNA,AR,ASW,CE,Federal Contract Tower,7,64,16,4,91,0,0,0,1,1,7,64,16,5,92,0,0,0,92
12/21/2012,XNA,AR,ASW,CE,Federal Contract Tower,13,64,7,12,96,0,0,8,2,10,13,64,15,14,106,2,20,22,128
12/22/2012,XNA,AR,ASW,CE,Federal Contract Tower,7,40,3,0,50,0,0,0,0,0,7,40,3,0,50,0,0,0,50
12/23/2012,XNA,AR,ASW,CE,Federal Contract Tower,8,53,3,0,64,0,0,0,0,0,8,53,3,0,64,0,0,0,64
12/24/2012,XNA,AR,ASW,CE,Federal Contract Tower,10,41,2,0,53,0,0,4,0,4,10,41,6,0,57,0,0,0,57
12/25/2012,XNA,AR,ASW,CE,Federal Contract Tower,6,35,0,0,41,0,0,0,0,0,6,35,0,0,41,0,0,0,41
12/26/2012,XNA,AR,ASW,CE,Federal Contract Tower,9,59,8,7,83,0,0,2,0,2,9,59,10,7,85,0,6,6,91
12/27/2012,XNA,AR,ASW,CE,Federal Contract Tower,6,57,5,0,68,0,0,2,0,2,6,57,7,0,70,0,0,0,70
12/28/2012,XNA,AR,ASW,CE,Federal Contract Tower,13,60,2,0,75,0,0,0,0,0,13,60,2,0,75,0,0,0,75
12/29/2012,XNA,AR,ASW,CE,Federal Contract Tower,8,38,6,0,52,0,0,4,0,4,8,38,10,0,56,0,0,0,56
12/30/2012,XNA,AR,ASW,CE,Federal Contract Tower,6,50,1,0,57,0,0,0,0,0,6,50,1,0,57,0,0,0,57
12/31/2012,XNA,AR,ASW,CE,Federal Contract Tower,10,39,0,0,49,0,0,0,0,0,10,39,0,0,49,0,0,0,49
01/01/2013,XNA,AR,ASW,CE,Federal Contract Tower,7,53,6,0,66,0,0,0,0,0,7,53,6,0,66,0,0,0,66
01/02/2013,XNA,AR,ASW,CE,Federal Contract Tower,9,74,6,8,97,0,0,0,0,0,9,74,6,8,97,0,0,0,97
01/03/2013,XNA,AR,ASW,CE,Federal Contract Tower,9,69,22,14,114,0,0,1,0,1,9,69,23,14,115,0,38,38,153
01/04/2013,XNA,AR,ASW,CE,Federal Contract Tower,14,67,2,6,89,0,0,4,4,8,14,67,6,10,97,0,0,0,97
01/05/2013,XNA,AR,ASW,CE,Federal Contract Tower,7,31,19,6,63,0,0,0,0,0,7,31,19,6,63,0,4,4,67
01/06/2013,XNA,AR,ASW,CE,Federal Contract Tower,9,58,1,0,68,0,0,5,0,5,9,58,6,0,73,0,0,0,73
01/07/2013,XNA,AR,ASW,CE,Federal Contract Tower,14,68,3,10,95,0,0,0,8,8,14,68,3,18,103,0,34,34,137
01/08/2013,XNA,AR,ASW,CE,Federal Contract Tower,9,71,23,13,116,0,0,2,0,2,9,71,25,13,118,0,6,6,124
01/09/2013,XNA,AR,ASW,CE,Federal Contract Tower,10,71,15,6,102,0,0,0,1,1,10,71,15,7,103,0,20,20,123
01/10/2013,XNA,AR,ASW,CE,Federal Contract Tower,10,70,13,2,95,0,0,0,0,0,10,70,13,2,95,0,0,0,95
01/11/2013,XNA,AR,ASW,CE,Federal Contract Tower,14,74,11,10,109,0,0,0,5,5,14,74,11,15,114,0,36,36,150
01/12/2013,XNA,AR,ASW,CE,Federal Contract Tower,7,32,3,0,42,0,0,0,0,0,7,32,3,0,42,0,0,0,42
01/13/2013,XNA,AR,ASW,CE,Federal Contract Tower,7,62,4,0,73,0,0,0,0,0,7,62,4,0,73,0,0,0,73
01/14/2013,XNA,AR,ASW,CE,Federal Contract Tower,14,77,7,16,114,0,0,0,3,3,14,77,7,19,117,0,50,50,167
01/15/2013,XNA,AR,ASW,CE,Federal Contract Tower,9,70,15,0,94,0,0,0,0,0,9,70,15,0,94,0,0,0,94
01/16/2013,XNA,AR,ASW,CE,Federal Contract Tower,11,65,17,5,98,0,0,4,1,5,11,65,21,6,103,0,10,10,113
01/17/2013,XNA,AR,ASW,CE,Federal Contract Tower,14,73,9,0,96,0,0,4,0,4,14,73,13,0,100,0,0,0,100
01/18/2013,XNA,AR,ASW,CE,Federal Contract Tower,13,72,7,38,130,0,0,2,0,2,13,72,9,38,132,0,20,20,152
01/19/2013,XNA,AR,ASW,CE,Federal Contract Tower,7,33,3,0,43,0,0,1,0,1,7,33,4,0,44,0,0,0,44
01/20/2013,XNA,AR,ASW,CE,Federal Contract Tower,11,44,6,10,71,0,0,3,0,3,11,44,9,10,74,0,4,4,78
01/21/2013,XNA,AR,ASW,CE,Federal Contract Tower,11,72,6,0,89,0,0,2,0,2,11,72,8,0,91,0,0,0,91
01/22/2013,XNA,AR,ASW,CE,Federal Contract Tower,9,77,16,7,109,0,0,2,0,2,9,77,18,7,111,8,0,8,119
01/23/2013,XNA,AR,ASW,CE,Federal Contract Tower,9,74,25,12,120,0,0,0,0,0,9,74,25,12,120,0,10,10,130
01/24/2013,XNA,AR,ASW,CE,Federal Contract Tower,11,72,15,2,100,0,0,0,0,0,11,72,15,2,100,0,0,0,100
01/25/2013,XNA,AR,ASW,CE,Federal Contract Tower,16,71,6,20,113,0,0,0,0,0,16,71,6,20,113,0,20,20,133
01/26/2013,XNA,AR,ASW,CE,Federal Contract Tower,5,38,7,6,56,0,0,0,1,1,5,38,7,7,57,0,0,0,57
01/27/2013,XNA,AR,ASW,CE,Federal Contract Tower,6,57,2,0,65,0,0,0,0,0,6,57,2,0,65,0,0,0,65
01/28/2013,XNA,AR,ASW,CE,Federal Contract Tower,14,66,15,4,99,0,0,2,0,2,14,66,17,4,101,0,0,0,101
01/29/2013,XNA,AR,ASW,CE,Federal Contract Tower,8,68,22,2,100,0,0,0,0,0,8,68,22,2,100,0,0,0,100
01/30/2013,XNA,AR,ASW,CE,Federal Contract Tower,8,74,21,18,121,0,0,0,0,0,8,74,21,18,121,0,0,0,121
01/31/2013,XNA,AR,ASW,CE,Federal Contract Tower,10,79,16,23,128,0,0,4,0,4,10,79,20,23,132,0,10,10,142
02/01/2013,XNA,AR,ASW,CE,Federal Contract Tower,15,73,9,34,131,0,0,3,0,3,15,73,12,34,134,0,26,26,160
02/02/2013,XNA,AR,ASW,CE,Federal Contract Tower,9,32,5,0,46,0,0,0,0,0,9,32,5,0,46,0,0,0,46
02/03/2013,XNA,AR,ASW,CE,Federal Contract Tower,9,50,4,2,65,0,0,4,0,4,9,50,8,2,69,0,0,0,69
02/04/2013,XNA,AR,ASW,CE,Federal Contract Tower,13,66,4,11,94,0,0,0,0,0,13,66,4,11,94,0,4,4,98
02/05/2013,XNA,AR,ASW,CE,Federal Contract Tower,13,69,9,14,105,0,0,2,0,2,13,69,11,14,107,0,14,14,121
02/06/2013,XNA,AR,ASW,CE,Federal Contract Tower,10,70,12,0,92,0,0,4,0,4,10,70,16,0,96,14,0,14,110
02/07/2013,XNA,AR,ASW,CE,Federal Contract Tower,9,72,20,2,103,0,0,0,0,0,9,72,20,2,103,0,0,0,103
02/08/2013,XNA,AR,ASW,CE,Federal Contract Tower,15,64,11,33,123,0,0,3,0,3,15,64,14,33,126,0,36,36,162
02/09/2013,XNA,AR,ASW,CE,Federal Contract Tower,8,32,6,0,46,0,0,2,0,2,8,32,8,0,48,0,0,0,48
02/10/2013,XNA,AR,ASW,CE,Federal Contract Tower,8,55,9,0,72,0,0,0,0,0,8,55,9,0,72,0,0,0,72
02/11/2013,XNA,AR,ASW,CE,Federal Contract Tower,16,72,9,8,105,0,0,0,1,1,16,72,9,9,106,0,40,40,146
02/12/2013,XNA,AR,ASW,CE,Federal Contract Tower,12,79,11,0,102,0,0,0,0,0,12,79,11,0,102,0,0,0,102
02/13/2013,XNA,AR,ASW,CE,Federal Contract Tower,12,72,10,4,98,0,0,0,6,6,12,72,10,10,104,0,0,0,104
02/14/2013,XNA,AR,ASW,CE,Federal Contract Tower,12,74,14,5,105,0,0,0,1,1,12,74,14,6,106,0,0,0,106
02/15/2013,XNA,AR,ASW,CE,Federal Contract Tower,17,73,3,6,99,0,0,0,3,3,17,73,3,9,102,0,32,32,134
02/16/2013,XNA,AR,ASW,CE,Federal Contract Tower,6,26,4,1,37,0,0,4,0,4,6,26,8,1,41,0,0,0,41
02/17/2013,XNA,AR,ASW,CE,Federal Contract Tower,7,52,1,8,68,0,0,0,0,0,7,52,1,8,68,0,0,0,68
02/18/2013,XNA,AR,ASW,CE,Federal Contract Tower,19,73,10,0,102,0,0,0,0,0,19,73,10,0,102,0,0,0,102
02/19/2013,XNA,AR,ASW,CE,Federal Contract Tower,7,71,18,12,108,0,0,0,4,4,7,71,18,16,112,0,56,56,168
02/20/2013,XNA,AR,ASW,CE,Federal Contract Tower,8,65,16,0,89,0,0,0,0,0,8,65,16,0,89,0,0,0,89
02/21/2013,XNA,AR,ASW,CE,Federal Contract Tower,12,69,7,0,88,0,0,0,0,0,12,69,7,0,88,0,0,0,88
02/22/2013,XNA,AR,ASW,CE,Federal Contract Tower,16,67,7,25,115,0,0,11,0,11,16,67,18,25,126,0,0,0,126
02/23/2013,XNA,AR,ASW,CE,Federal Contract Tower,7,31,8,2,48,0,0,4,0,4,7,31,12,2,52,4,0,4,56
02/24/2013,XNA,AR,ASW,CE,Federal Contract Tower,12,59,3,0,74,0,0,1,0,1,12,59,4,0,75,0,0,0,75
02/25/2013,XNA,AR,ASW,CE,Federal Contract Tower,15,67,9,0,91,0,0,4,0,4,15,67,13,0,95,0,0,0,95
02/26/2013,XNA,AR,ASW,CE,Federal Contract Tower,7,64,15,0,86,0,0,0,0,0,7,64,15,0,86,0,0,0,86
02/27/2013,XNA,AR,ASW,CE,Federal Contract Tower,6,71,6,0,83,0,0,0,0,0,6,71,6,0,83,0,0,0,83
02/28/2013,XNA,AR,ASW,CE,Federal Contract Tower,10,77,8,10,105,0,0,0,0,0,10,77,8,10,105,0,0,0,105
03/01/2013,XNA,AR,ASW,CE,Federal Contract Tower,15,71,13,9,108,0,0,4,0,4,15,71,17,9,112,0,0,0,112
03/02/2013,XNA,AR,ASW,CE,Federal Contract Tower,10,28,4,0,42,0,0,0,0,0,10,28,4,0,42,0,0,0,42
03/03/2013,XNA,AR,ASW,CE,Federal Contract Tower,12,63,8,0,83,0,0,1,0,1,12,63,9,0,84,0,0,0,84
03/04/2013,XNA,AR,ASW,CE,Federal Contract Tower,15,75,6,13,109,0,0,0,6,6,15,75,6,19,115,0,8,8,123
03/05/2013,XNA,AR,ASW,CE,Federal Contract Tower,10,66,16,21,113,0,0,0,1,1,10,66,16,22,114,0,94,94,208
03/06/2013,XNA,AR,ASW,CE,Federal Contract Tower,13,73,10,4,100,0,0,4,8,12,13,73,14,12,112,0,0,0,112
03/07/2013,XNA,AR,ASW,CE,Federal Contract Tower,10,81,19,2,112,0,0,4,0,4,10,81,23,2,116,0,0,0,116
03/08/2013,XNA,AR,ASW,CE,Federal Contract Tower,21,77,20,34,152,0,0,2,0,2,21,77,22,34,154,0,6,6,160
03/09/2013,XNA,AR,ASW,CE,Federal Contract Tower,7,25,2,0,34,0,0,0,0,0,7,25,2,0,34,0,0,0,34
03/10/2013,XNA,AR,ASW,CE,Federal Contract Tower,11,68,4,1,84,0,0,0,6,6,11,68,4,7,90,0,0,0,90
03/11/2013,XNA,AR,ASW,CE,Federal Contract Tower,13,77,16,8,114,0,0,5,0,5,13,77,21,8,119,0,32,32,151
03/12/2013,XNA,AR,ASW,CE,Federal Contract Tower,13,75,23,16,127,0,0,0,0,0,13,75,23,16,127,0,46,46,173
03/13/2013,XNA,AR,ASW,CE,Federal Contract Tower,13,84,18,26,141,0,0,0,1,1,13,84,18,27,142,0,2,2,144
03/14/2013,XNA,AR,ASW,CE,Federal Contract Tower,10,78,8,10,106,0,0,2,8,10,10,78,10,18,116,0,0,0,116
03/15/2013,XNA,AR,ASW,CE,Federal Contract Tower,13,80,9,1,103,0,0,0,1,1,13,80,9,2,104,0,0,0,104
03/16/2013,XNA,AR,ASW,CE,Federal Contract Tower,11,27,4,30,72,0,0,5,1,6,11,27,9,31,78,0,10,10,88
03/17/2013,XNA,AR,ASW,CE,Federal Contract Tower,11,70,8,2,91,0,0,0,0,0,11,70,8,2,91,0,0,0,91
03/18/2013,XNA,AR,ASW,CE,Federal Contract Tower,14,69,5,27,115,0,0,0,0,0,14,69,5,27,115,0,36,36,151
03/19/2013,XNA,AR,ASW,CE,Federal Contract Tower,9,75,13,15,112,0,0,5,0,5,9,75,18,15,117,0,6,6,123
03/20/2013,XNA,AR,ASW,CE,Federal Contract Tower,11,80,5,32,128,0,0,2,5,7,11,80,7,37,135,0,22,22,157
03/21/2013,XNA,AR,ASW,CE,Federal Contract Tower,9,82,14,2,107,0,0,0,0,0,9,82,14,2,107,0,0,0,107
03/22/2013,XNA,AR,ASW,CE,Federal Contract Tower,12,75,8,2,97,0,0,0,0,0,12,75,8,2,97,0,0,0,97
03/23/2013,XNA,AR,ASW,CE,Federal Contract Tower,8,35,2,0,45,0,0,0,0,0,8,35,2,0,45,0,0,0,45
03/24/2013,XNA,AR,ASW,CE,Federal Contract Tower,10,65,5,0,80,0,0,3,0,3,10,65,8,0,83,0,0,0,83
03/25/2013,XNA,AR,ASW,CE,Federal Contract Tower,13,77,13,12,115,0,0,0,1,1,13,77,13,13,116,0,36,36,152
03/26/2013,XNA,AR,ASW,CE,Federal Contract Tower,10,78,27,1,116,0,0,2,1,3,10,78,29,2,119,0,0,0,119
03/27/2013,XNA,AR,ASW,CE,Federal Contract Tower,10,73,26,10,119,0,0,7,0,7,10,73,33,10,126,26,26,52,178
03/28/2013,XNA,AR,ASW,CE,Federal Contract Tower,10,78,25,9,122,0,0,2,0,2,10,78,27,9,124,0,6,6,130
03/29/2013,XNA,AR,ASW,CE,Federal Contract Tower,16,79,5,0,100,0,0,0,0,0,16,79,5,0,100,0,0,0,100
03/30/2013,XNA,AR,ASW,CE,Federal Contract Tower,15,31,3,0,49,0,0,0,0,0,15,31,3,0,49,0,0,0,49
03/31/2013,XNA,AR,ASW,CE,Federal Contract Tower,9,58,3,0,70,0,0,4,0,4,9,58,7,0,74,0,0,0,74
04/01/2013,XNA,AR,ASW,CE,Federal Contract Tower,16,80,9,4,109,0,0,2,4,6,16,80,11,8,115,0,18,18,133
04/02/2013,XNA,AR,ASW,CE,Federal Contract Tower,14,78,15,0,107,0,0,0,0,0,14,78,15,0,107,0,0,0,107
04/03/2013,XNA,AR,ASW,CE,Federal Contract Tower,11,84,16,4,115,0,0,1,0,1,11,84,17,4,116,6,0,6,122
04/04/2013,XNA,AR,ASW,CE,Federal Contract Tower,12,80,12,2,106,0,0,2,0,2,12,80,14,2,108,0,40,40,148
04/05/2013,XNA,AR,ASW,CE,Federal Contract Tower,13,77,19,3,112,0,0,4,0,4,13,77,23,3,116,0,0,0,116
04/06/2013,XNA,AR,ASW,CE,Federal Contract Tower,8,34,0,0,42,0,0,1,2,3,8,34,1,2,45,0,0,0,45
04/07/2013,XNA,AR,ASW,CE,Federal Contract Tower,11,67,12,0,90,0,0,1,0,1,11,67,13,0,91,0,0,0,91
04/08/2013,XNA,AR,ASW,CE,Federal Contract Tower,16,76,10,7,109,0,0,2,0,2,16,76,12,7,111,0,20,20,131
04/09/2013,XNA,AR,ASW,CE,Federal Contract Tower,9,76,14,0,99,0,0,4,8,12,9,76,18,8,111,0,0,0,111
04/10/2013,XNA,AR,ASW,CE,Federal Contract Tower,10,68,13,0,91,0,0,0,0,0,10,68,13,0,91,0,0,0,91
04/11/2013,XNA,AR,ASW,CE,Federal Contract Tower,9,75,28,9,121,0,0,4,0,4,9,75,32,9,125,0,0,0,125
04/12/2013,XNA,AR,ASW,CE,Federal Contract Tower,18,76,6,17,117,0,0,1,3,4,18,76,7,20,121,0,10,10,131
04/13/2013,XNA,AR,ASW,CE,Federal Contract Tower,6,40,4,0,50,0,0,2,0,2,6,40,6,0,52,0,0,0,52
04/14/2013,XNA,AR,ASW,CE,Federal Contract Tower,11,69,3,6,89,0,0,1,1,2,11,69,4,7,91,0,0,0,91
04/15/2013,XNA,AR,ASW,CE,Federal Contract Tower,18,88,8,7,121,0,0,0,0,0,18,88,8,7,121,0,0,0,121
04/16/2013,XNA,AR,ASW,CE,Federal Contract Tower,10,73,15,11,109,0,0,0,0,0,10,73,15,11,109,0,24,24,133
04/17/2013,XNA,AR,ASW,CE,Federal Contract Tower,11,69,15,2,97,0,0,2,0,2,11,69,17,2,99,0,0,0,99
04/18/2013,XNA,AR,ASW,CE,Federal Contract Tower,12,66,14,1,93,0,0,0,0,0,12,66,14,1,93,0,0,0,93
04/19/2013,XNA,AR,ASW,CE,Federal Contract Tower,16,72,8,9,105,0,0,2,0,2,16,72,10,9,107,0,0,0,107
04/20/2013,XNA,AR,ASW,CE,Federal Contract Tower,6,38,4,4,52,0,1,5,0,6,6,39,9,4,58,0,4,4,62
04/21/2013,XNA,AR,ASW,CE,Federal Contract Tower,12,71,0,1,84,0,0,1,1,2,12,71,1,2,86,0,12,12,98
04/22/2013,XNA,AR,ASW,CE,Federal Contract Tower,16,83,14,20,133,0,1,3,9,13,16,84,17,29,146,0,28,28,174
04/23/2013,XNA,AR,ASW,CE,Federal Contract Tower,12,68,18,2,100,0,0,0,0,0,12,68,18,2,100,0,0,0,100
04/24/2013,XNA,AR,ASW,CE,Federal Contract Tower,12,81,13,26,132,0,2,0,0,2,12,83,13,26,134,0,6,6,140
04/25/2013,XNA,AR,ASW,CE,Federal Contract Tower,12,90,24,16,142,0,1,1,0,2,12,91,25,16,144,0,4,4,148
04/26/2013,XNA,AR,ASW,CE,Federal Contract Tower,16,77,5,0,98,0,0,0,0,0,16,77,5,0,98,0,0,0,98
04/27/2013,XNA,AR,ASW,CE,Federal Contract Tower,8,36,9,0,53,0,0,0,0,0,8,36,9,0,53,0,0,0,53
04/28/2013,XNA,AR,ASW,CE,Federal Contract Tower,12,67,6,0,85,0,0,2,0,2,12,67,8,0,87,0,0,0,87
04/29/2013,XNA,AR,ASW,CE,Federal Contract Tower,14,77,9,16,116,0,0,2,2,4,14,77,11,18,120,0,8,8,128
04/30/2013,XNA,AR,ASW,CE,Federal Contract Tower,12,73,20,23,128,0,2,0,0,2,12,75,20,23,130,0,0,0,130
05/01/2013,XNA,AR,ASW,CE,Federal Contract Tower,16,79,10,51,156,0,0,1,0,1,16,79,11,51,157,0,90,90,247
05/02/2013,XNA,AR,ASW,CE,Federal Contract Tower,14,77,10,0,101,0,0,0,0,0,14,77,10,0,101,0,0,0,101
05/03/2013,XNA,AR,ASW,CE,Federal Contract Tower,20,68,2,0,90,0,0,0,0,0,20,68,2,0,90,0,0,0,90
05/04/2013,XNA,AR,ASW,CE,Federal Contract Tower,11,35,1,0,47,0,0,0,0,0,11,35,1,0,47,0,0,0,47
05/05/2013,XNA,AR,ASW,CE,Federal Contract Tower,18,63,6,0,87,0,0,0,0,0,18,63,6,0,87,0,0,0,87
05/06/2013,XNA,AR,ASW,CE,Federal Contract Tower,18,85,21,17,141,0,0,1,0,1,18,85,22,17,142,0,0,0,142
05/07/2013,XNA,AR,ASW,CE,Federal Contract Tower,17,70,17,22,126,0,2,6,0,8,17,72,23,22,134,0,32,32,166
05/08/2013,XNA,AR,ASW,CE,Federal Contract Tower,17,80,17,38,152,0,0,2,0,2,17,80,19,38,154,0,20,20,174
05/09/2013,XNA,AR,ASW,CE,Federal Contract Tower,17,73,14,0,104,0,0,1,0,1,17,73,15,0,105,0,0,0,105
05/10/2013,XNA,AR,ASW,CE,Federal Contract Tower,20,77,9,77,183,0,0,1,0,1,20,77,10,77,184,0,38,38,222
05/11/2013,XNA,AR,ASW,CE,Federal Contract Tower,10,32,3,17,62,0,0,1,4,5,10,32,4,21,67,0,12,12,79
05/12/2013,XNA,AR,ASW,CE,Federal Contract Tower,19,61,1,9,90,0,0,2,0,2,19,61,3,9,92,0,2,2,94
05/13/2013,XNA,AR,ASW,CE,Federal Contract Tower,19,77,8,20,124,0,0,1,0,1,19,77,9,20,125,0,10,10,135
05/14/2013,XNA,AR,ASW,CE,Federal Contract Tower,15,71,16,22,124,0,0,4,2,6,15,71,20,24,130,0,40,40,170
05/15/2013,XNA,AR,ASW,CE,Federal Contract Tower,17,71,15,4,107,0,0,0,0,0,17,71,15,4,107,0,0,0,107
05/16/2013,XNA,AR,ASW,CE,Federal Contract Tower,16,74,18,0,108,0,0,0,0,0,16,74,18,0,108,0,0,0,108
05/17/2013,XNA,AR,ASW,CE,Federal Contract Tower,18,72,6,9,105,0,0,1,0,1,18,72,7,9,106,0,42,42,148
05/18/2013,XNA,AR,ASW,CE,Federal Contract Tower,12,34,6,0,52,0,0,2,0,2,12,34,8,0,54,0,0,0,54
05/19/2013,XNA,AR,ASW,CE,Federal Contract Tower,15,63,7,4,89,0,0,2,0,2,15,63,9,4,91,0,6,6,97
05/20/2013,XNA,AR,ASW,CE,Federal Contract Tower,18,60,7,16,101,0,0,0,0,0,18,60,7,16,101,0,0,0,101
05/21/2013,XNA,AR,ASW,CE,Federal Contract Tower,14,62,12,0,88,0,0,0,0,0,14,62,12,0,88,0,0,0,88
05/22/2013,XNA,AR,ASW,CE,Federal Contract Tower,14,75,34,7,130,0,0,0,0,0,14,75,34,7,130,0,0,0,130
05/23/2013,XNA,AR,ASW,CE,Federal Contract Tower,15,74,13,1,103,0,2,0,4,6,15,76,13,5,109,0,0,0,109
05/24/2013,XNA,AR,ASW,CE,Federal Contract Tower,19,79,10,3,111,0,0,0,0,0,19,79,10,3,111,0,0,0,111
05/25/2013,XNA,AR,ASW,CE,Federal Contract Tower,9,30,3,0,42,0,0,0,0,0,9,30,3,0,42,0,0,0,42
05/26/2013,XNA,AR,ASW,CE,Federal Contract Tower,15,31,2,0,48,0,0,2,0,2,15,31,4,0,50,0,0,0,50
05/27/2013,XNA,AR,ASW,CE,Federal Contract Tower,20,69,1,2,92,0,0,4,0,4,20,69,5,2,96,0,0,0,96
05/28/2013,XNA,AR,ASW,CE,Federal Contract Tower,16,74,12,10,112,0,2,0,1,3,16,76,12,11,115,0,12,12,127
05/29/2013,XNA,AR,ASW,CE,Federal Contract Tower,20,73,10,16,119,0,0,1,0,1,20,73,11,16,120,0,14,14,134
05/30/2013,XNA,AR,ASW,CE,Federal Contract Tower,13,79,21,5,118,0,0,2,0,2,13,79,23,5,120,0,2,2,122
05/31/2013,XNA,AR,ASW,CE,Federal Contract Tower,18,73,7,9,107,0,2,2,0,4,18,75,9,9,111,0,6,6,117
06/01/2013,XNA,AR,ASW,CE,Federal Contract Tower,14,36,2,0,52,0,0,4,0,4,14,36,6,0,56,0,0,0,56
06/02/2013,XNA,AR,ASW,CE,Federal Contract Tower,24,54,7,0,85,0,0,3,1,4,24,54,10,1,89,0,0,0,89
06/03/2013,XNA,AR,ASW,CE,Federal Contract Tower,24,72,7,22,125,0,0,0,0,0,24,72,7,22,125,0,4,4,129
06/04/2013,XNA,AR,ASW,CE,Federal Contract Tower,42,59,15,19,135,0,0,2,3,5,42,59,17,22,140,0,24,24,164
06/05/2013,XNA,AR,ASW,CE,Federal Contract Tower,20,67,18,4,109,0,0,4,0,4,20,67,22,4,113,0,4,4,117
06/06/2013,XNA,AR,ASW,CE,Federal Contract Tower,22,71,9,25,127,0,0,7,3,10,22,71,16,28,137,0,18,18,155
06/07/2013,XNA,AR,ASW,CE,Federal Contract Tower,45,65,9,17,136,0,0,5,1,6,45,65,14,18,142,12,14,26,168
06/08/2013,XNA,AR,ASW,CE,Federal Contract Tower,20,38,6,0,64,0,0,0,0,0,20,38,6,0,64,0,0,0,64
06/09/2013,XNA,AR,ASW,CE,Federal Contract Tower,19,58,5,2,84,0,0,4,0,4,19,58,9,2,88,0,0,0,88
06/10/2013,XNA,AR,ASW,CE,Federal Contract Tower,28,70,9,5,112,0,0,0,3,3,28,70,9,8,115,0,6,6,121
06/11/2013,XNA,AR,ASW,CE,Federal Contract Tower,23,71,17,24,135,0,2,1,1,4,23,73,18,25,139,0,6,6,145
06/12/2013,XNA,AR,ASW,CE,Federal Contract Tower,17,74,13,40,144,0,0,3,1,4,17,74,16,41,148,0,8,8,156
06/13/2013,XNA,AR,ASW,CE,Federal Contract Tower,13,80,20,9,122,0,2,2,0,4,13,82,22,9,126,0,24,24,150
06/14/2013,XNA,AR,ASW,CE,Federal Contract Tower,22,75,11,25,133,0,0,0,1,1,22,75,11,26,134,0,8,8,142
06/15/2013,XNA,AR,ASW,CE,Federal Contract Tower,11,42,0,9,62,0,0,2,1,3,11,42,2,10,65,0,8,8,73
06/16/2013,XNA,AR,ASW,CE,Federal Contract Tower,20,64,6,17,107,0,0,2,0,2,20,64,8,17,109,0,0,0,109
06/17/2013,XNA,AR,ASW,CE,Federal Contract Tower,22,73,16,0,111,0,0,0,0,0,22,73,16,0,111,0,0,0,111
06/18/2013,XNA,AR,ASW,CE,Federal Contract Tower,13,76,15,63,167,0,0,8,0,8,13,76,23,63,175,0,18,18,193
06/19/2013,XNA,AR,ASW,CE,Federal Contract Tower,16,82,21,12,131,0,0,3,0,3,16,82,24,12,134,0,10,10,144
06/20/2013,XNA,AR,ASW,CE,Federal Contract Tower,14,82,15,10,121,0,1,0,0,1,14,83,15,10,122,0,0,0,122
06/21/2013,XNA,AR,ASW,CE,Federal Contract Tower,22,75,7,41,145,0,0,1,1,2,22,75,8,42,147,0,32,32,179
06/22/2013,XNA,AR,ASW,CE,Federal Contract Tower,12,41,0,0,53,0,0,5,0,5,12,41,5,0,58,0,0,0,58
06/23/2013,XNA,AR,ASW,CE,Federal Contract Tower,16,67,6,6,95,0,2,4,0,6,16,69,10,6,101,0,0,0,101
06/24/2013,XNA,AR,ASW,CE,Federal Contract Tower,21,74,2,18,115,0,0,3,0,3,21,74,5,18,118,0,46,46,164
06/25/2013,XNA,AR,ASW,CE,Federal Contract Tower,18,82,14,40,154,0,0,1,0,1,18,82,15,40,155,0,64,64,219
06/26/2013,XNA,AR,ASW,CE,Federal Contract Tower,17,79,13,30,139,0,6,0,0,6,17,85,13,30,145,0,20,20,165
06/27/2013,XNA,AR,ASW,CE,Federal Contract Tower,16,80,17,32,145,0,0,0,0,0,16,80,17,32,145,0,12,12,157
06/28/2013,XNA,AR,ASW,CE,Federal Contract Tower,19,79,8,8,114,0,0,3,13,16,19,79,11,21,130,0,0,0,130
06/29/2013,XNA,AR,ASW,CE,Federal Contract Tower,10,35,2,0,47,0,0,3,0,3,10,35,5,0,50,0,0,0,50
06/30/2013,XNA,AR,ASW,CE,Federal Contract Tower,15,62,4,0,81,0,0,1,0,1,15,62,5,0,82,0,0,0,82
07/01/2013,XNA,AR,ASW,CE,Federal Contract Tower,19,68,8,15,110,0,0,0,8,8,19,68,8,23,118,0,12,12,130
07/02/2013,XNA,AR,ASW,CE,Federal Contract Tower,19,64,11,17,111,0,0,8,0,8,19,64,19,17,119,8,10,18,137
07/03/2013,XNA,AR,ASW,CE,Federal Contract Tower,19,69,5,4,97,0,2,3,0,5,19,71,8,4,102,0,58,58,160
07/04/2013,XNA,AR,ASW,CE,Federal Contract Tower,10,40,0,0,50,0,0,4,0,4,10,40,4,0,54,0,0,0,54
07/05/2013,XNA,AR,ASW,CE,Federal Contract Tower,19,45,0,0,64,0,0,0,0,0,19,45,0,0,64,0,0,0,64
07/06/2013,XNA,AR,ASW,CE,Federal Contract Tower,13,41,0,0,54,0,0,0,0,0,13,41,0,0,54,0,0,0,54
07/07/2013,XNA,AR,ASW,CE,Federal Contract Tower,15,67,4,0,86,0,0,6,0,6,15,67,10,0,92,0,0,0,92
07/08/2013,XNA,AR,ASW,CE,Federal Contract Tower,21,75,9,6,111,0,0,6,0,6,21,75,15,6,117,0,8,8,125
07/09/2013,XNA,AR,ASW,CE,Federal Contract Tower,15,73,16,15,119,0,0,1,1,2,15,73,17,16,121,0,46,46,167
07/10/2013,XNA,AR,ASW,CE,Federal Contract Tower,16,73,12,20,121,0,0,0,1,1,16,73,12,21,122,0,30,30,152
07/11/2013,XNA,AR,ASW,CE,Federal Contract Tower,15,69,10,37,131,0,0,5,7,12,15,69,15,44,143,0,68,68,211
07/12/2013,XNA,AR,ASW,CE,Federal Contract Tower,20,72,11,51,154,0,0,1,0,1,20,72,12,51,155,0,12,12,167
07/13/2013,XNA,AR,ASW,CE,Federal Contract Tower,16,40,5,2,63,0,0,2,2,4,16,40,7,4,67,0,8,8,75
07/14/2013,XNA,AR,ASW,CE,Federal Contract Tower,15,67,5,0,87,0,0,0,0,0,15,67,5,0,87,0,0,0,87
07/15/2013,XNA,AR,ASW,CE,Federal Contract Tower,22,74,14,9,119,0,0,0,0,0,22,74,14,9,119,0,26,26,145
07/16/2013,XNA,AR,ASW,CE,Federal Contract Tower,18,68,19,0,105,0,0,0,0,0,18,68,19,0,105,0,0,0,105
07/17/2013,XNA,AR,ASW,CE,Federal Contract Tower,17,71,12,12,112,0,0,0,1,1,17,71,12,13,113,0,4,4,117
07/18/2013,XNA,AR,ASW,CE,Federal Contract Tower,15,74,12,41,142,0,0,9,1,10,15,74,21,42,152,0,30,30,182
07/19/2013,XNA,AR,ASW,CE,Federal Contract Tower,19,74,14,22,129,0,0,4,0,4,19,74,18,22,133,0,48,48,181
07/20/2013,XNA,AR,ASW,CE,Federal Contract Tower,10,42,7,1,60,0,0,1,0,1,10,42,8,1,61,0,6,6,67
07/21/2013,XNA,AR,ASW,CE,Federal Contract Tower,16,63,1,9,89,0,0,0,0,0,16,63,1,9,89,0,24,24,113
07/22/2013,XNA,AR,ASW,CE,Federal Contract Tower,21,77,16,1,115,0,0,0,0,0,21,77,16,1,115,0,0,0,115
07/23/2013,XNA,AR,ASW,CE,Federal Contract Tower,15,70,17,25,127,0,0,0,6,6,15,70,17,31,133,0,0,0,133
07/24/2013,XNA,AR,ASW,CE,Federal Contract Tower,17,75,17,5,114,0,0,0,0,0,17,75,17,5,114,0,8,8,122
07/25/2013,XNA,AR,ASW,CE,Federal Contract Tower,17,77,23,15,132,0,0,1,0,1,17,77,24,15,133,0,0,0,133
07/26/2013,XNA,AR,ASW,CE,Federal Contract Tower,20,74,11,0,105,0,0,0,0,0,20,74,11,0,105,0,0,0,105
07/27/2013,XNA,AR,ASW,CE,Federal Contract Tower,12,42,8,25,87,0,0,0,1,1,12,42,8,26,88,0,30,30,118
07/28/2013,XNA,AR,ASW,CE,Federal Contract Tower,14,70,2,1,87,0,0,4,0,4,14,70,6,1,91,0,0,0,91
07/29/2013,XNA,AR,ASW,CE,Federal Contract Tower,20,74,6,22,122,0,0,0,0,0,20,74,6,22,122,0,0,0,122
07/30/2013,XNA,AR,ASW,CE,Federal Contract Tower,16,80,25,3,124,0,0,0,0,0,16,80,25,3,124,0,6,6,130
07/31/2013,XNA,AR,ASW,CE,Federal Contract Tower,18,79,18,5,120,0,0,1,0,1,18,79,19,5,121,0,0,0,121
08/01/2013,XNA,AR,ASW,CE,Federal Contract Tower,14,72,11,32,129,0,0,4,0,4,14,72,15,32,133,0,18,18,151
08/02/2013,XNA,AR,ASW,CE,Federal Contract Tower,23,75,9,31,138,0,0,0,0,0,23,75,9,31,138,0,8,8,146
08/03/2013,XNA,AR,ASW,CE,Federal Contract Tower,10,37,4,0,51,0,0,2,0,2,10,37,6,0,53,0,0,0,53
08/04/2013,XNA,AR,ASW,CE,Federal Contract Tower,15,66,7,16,104,0,0,2,0,2,15,66,9,16,106,2,0,2,108
08/05/2013,XNA,AR,ASW,CE,Federal Contract Tower,22,71,2,0,95,0,0,0,0,0,22,71,2,0,95,0,0,0,95
08/06/2013,XNA,AR,ASW,CE,Federal Contract Tower,17,76,21,30,144,0,0,0,8,8,17,76,21,38,152,0,34,34,186
08/07/2013,XNA,AR,ASW,CE,Federal Contract Tower,12,80,11,8,111,0,2,0,0,2,12,82,11,8,113,0,0,0,113
08/08/2013,XNA,AR,ASW,CE,Federal Contract Tower,18,68,15,0,101,0,0,1,0,1,18,68,16,0,102,0,0,0,102
08/09/2013,XNA,AR,ASW,CE,Federal Contract Tower,22,74,0,7,103,0,0,1,6,7,22,74,1,13,110,0,18,18,128
08/10/2013,XNA,AR,ASW,CE,Federal Contract Tower,13,42,4,10,69,0,0,0,2,2,13,42,4,12,71,0,0,0,71
08/11/2013,XNA,AR,ASW,CE,Federal Contract Tower,16,65,2,0,83,0,0,0,0,0,16,65,2,0,83,0,0,0,83
08/12/2013,XNA,AR,ASW,CE,Federal Contract Tower,19,77,6,2,104,0,0,0,0,0,19,77,6,2,104,0,0,0,104
08/13/2013,XNA,AR,ASW,CE,Federal Contract Tower,16,71,15,0,102,0,0,0,0,0,16,71,15,0,102,0,0,0,102
08/14/2013,XNA,AR,ASW,CE,Federal Contract Tower,18,73,16,21,128,0,0,0,1,1,18,73,16,22,129,0,8,8,137
08/15/2013,XNA,AR,ASW,CE,Federal Contract Tower,17,80,12,16,125,0,0,6,1,7,17,80,18,17,132,4,4,8,140
08/16/2013,XNA,AR,ASW,CE,Federal Contract Tower,14,76,11,8,109,0,0,12,0,12,14,76,23,8,121,0,90,90,211
08/17/2013,XNA,AR,ASW,CE,Federal Contract Tower,10,41,5,15,71,0,0,1,0,1,10,41,6,15,72,0,0,0,72
08/18/2013,XNA,AR,ASW,CE,Federal Contract Tower,13,62,7,4,86,0,0,4,0,4,13,62,11,4,90,0,0,0,90
08/19/2013,XNA,AR,ASW,CE,Federal Contract Tower,20,70,16,11,117,0,0,1,4,5,20,70,17,15,122,0,50,50,172
08/20/2013,XNA,AR,ASW,CE,Federal Contract Tower,19,72,17,13,121,0,0,6,0,6,19,72,23,13,127,0,12,12,139
08/21/2013,XNA,AR,ASW,CE,Federal Contract Tower,18,74,20,9,121,0,0,2,1,3,18,74,22,10,124,0,62,62,186
08/22/2013,XNA,AR,ASW,CE,Federal Contract Tower,21,72,7,24,124,0,2,3,1,6,21,74,10,25,130,0,34,34,164
08/23/2013,XNA,AR,ASW,CE,Federal Contract Tower,22,72,9,28,131,0,0,1,0,1,22,72,10,28,132,0,22,22,154
08/24/2013,XNA,AR,ASW,CE,Federal Contract Tower,11,39,3,11,64,0,0,0,0,0,11,39,3,11,64,0,0,0,64
08/25/2013,XNA,AR,ASW,CE,Federal Contract Tower,20,62,1,3,86,0,0,0,2,2,20,62,1,5,88,0,12,12,100
08/26/2013,XNA,AR,ASW,CE,Federal Contract Tower,20,77,15,2,114,0,2,1,0,3,20,79,16,2,117,0,8,8,125
08/27/2013,XNA,AR,ASW,CE,Federal Contract Tower,23,70,11,36,140,0,0,2,1,3,23,70,13,37,143,0,16,16,159
08/28/2013,XNA,AR,ASW,CE,Federal Contract Tower,22,67,15,6,110,0,0,1,0,1,22,67,16,6,111,0,0,0,111
08/29/2013,XNA,AR,ASW,CE,Federal Contract Tower,20,71,7,16,114,0,0,0,0,0,20,71,7,16,114,0,6,6,120
08/30/2013,XNA,AR,ASW,CE,Federal Contract Tower,24,63,9,10,106,0,0,0,0,0,24,63,9,10,106,0,14,14,120
08/31/2013,XNA,AR,ASW,CE,Federal Contract Tower,11,29,0,0,40,0,0,5,0,5,11,29,5,0,45,0,0,0,45
09/01/2013,XNA,AR,ASW,CE,Federal Contract Tower,16,23,1,0,40,0,0,3,0,3,16,23,4,0,43,0,0,0,43
09/02/2013,XNA,AR,ASW,CE,Federal Contract Tower,23,52,6,1,82,0,2,0,0,2,23,54,6,1,84,0,0,0,84
09/03/2013,XNA,AR,ASW,CE,Federal Contract Tower,18,69,11,34,132,0,0,0,0,0,18,69,11,34,132,0,28,28,160
09/04/2013,XNA,AR,ASW,CE,Federal Contract Tower,18,67,9,6,100,0,0,0,0,0,18,67,9,6,100,0,0,0,100
09/05/2013,XNA,AR,ASW,CE,Federal Contract Tower,20,66,23,11,120,0,2,3,0,5,20,68,26,11,125,10,0,10,135
09/06/2013,XNA,AR,ASW,CE,Federal Contract Tower,25,65,12,20,122,0,0,0,0,0,25,65,12,20,122,0,80,80,202
09/07/2013,XNA,AR,ASW,CE,Federal Contract Tower,12,35,5,0,52,0,0,4,2,6,12,35,9,2,58,0,0,0,58
09/08/2013,XNA,AR,ASW,CE,Federal Contract Tower,21,50,1,18,90,0,0,2,2,4,21,50,3,20,94,0,0,0,94
09/09/2013,XNA,AR,ASW,CE,Federal Contract Tower,22,65,5,31,123,0,2,1,1,4,22,67,6,32,127,0,0,0,127
09/10/2013,XNA,AR,ASW,CE,Federal Contract Tower,19,68,14,11,112,0,0,2,3,5,19,68,16,14,117,0,0,0,117
09/11/2013,XNA,AR,ASW,CE,Federal Contract Tower,24,65,15,11,115,0,0,1,7,8,24,65,16,18,123,0,0,0,123
09/12/2013,XNA,AR,ASW,CE,Federal Contract Tower,21,64,16,13,114,0,0,2,0,2,21,64,18,13,116,4,16,20,136
09/13/2013,XNA,AR,ASW,CE,Federal Contract Tower,25,66,12,31,134,0,0,3,4,7,25,66,15,35,141,0,10,10,151
09/14/2013,XNA,AR,ASW,CE,Federal Contract Tower,12,35,2,17,66,0,0,0,0,0,12,35,2,17,66,2,4,6,72
09/15/2013,XNA,AR,ASW,CE,Federal Contract Tower,19,52,3,6,80,0,1,0,0,1,19,53,3,6,81,0,0,0,81
09/16/2013,XNA,AR,ASW,CE,Federal Contract Tower,22,70,5,12,109,0,0,0,0,0,22,70,5,12,109,0,0,0,109
09/17/2013,XNA,AR,ASW,CE,Federal Contract Tower,18,72,15,9,114,0,0,0,0,0,18,72,15,9,114,0,60,60,174
09/18/2013,XNA,AR,ASW,CE,Federal Contract Tower,19,69,18,8,114,0,0,0,0,0,19,69,18,8,114,0,0,0,114
09/19/2013,XNA,AR,ASW,CE,Federal Contract Tower,18,64,13,10,105,0,0,1,0,1,18,64,14,10,106,0,0,0,106
09/20/2013,XNA,AR,ASW,CE,Federal Contract Tower,24,58,9,0,91,0,0,0,0,0,24,58,9,0,91,0,0,0,91
09/21/2013,XNA,AR,ASW,CE,Federal Contract Tower,11,35,4,15,65,0,0,0,0,0,11,35,4,15,65,0,0,0,65
09/22/2013,XNA,AR,ASW,CE,Federal Contract Tower,20,57,3,30,110,0,0,4,4,8,20,57,7,34,118,0,40,40,158
09/23/2013,XNA,AR,ASW,CE,Federal Contract Tower,22,70,7,21,120,0,0,1,0,1,22,70,8,21,121,0,0,0,121
09/24/2013,XNA,AR,ASW,CE,Federal Contract Tower,20,64,8,40,132,0,0,2,10,12,20,64,10,50,144,0,0,0,144
09/25/2013,XNA,AR,ASW,CE,Federal Contract Tower,20,69,17,24,130,0,0,3,0,3,20,69,20,24,133,0,0,0,133
09/26/2013,XNA,AR,ASW,CE,Federal Contract Tower,20,73,25,4,122,0,0,1,0,1,20,73,26,4,123,0,0,0,123
09/27/2013,XNA,AR,ASW,CE,Federal Contract Tower,26,67,14,41,148,0,0,8,0,8,26,67,22,41,156,0,22,22,178
09/28/2013,XNA,AR,ASW,CE,Federal Contract Tower,15,31,12,0,58,0,0,1,0,1,15,31,13,0,59,0,0,0,59
09/29/2013,XNA,AR,ASW,CE,Federal Contract Tower,21,59,11,0,91,0,4,1,0,5,21,63,12,0,96,0,0,0,96
09/30/2013,XNA,AR,ASW,CE,Federal Contract Tower,22,65,6,3,96,0,0,2,0,2,22,65,8,3,98,0,0,0,98
10/01/2013,XNA,AR,ASW,CE,Federal Contract Tower,19,70,18,47,154,0,0,0,0,0,19,70,18,47,154,0,72,72,226
10/02/2013,XNA,AR,ASW,CE,Federal Contract Tower,19,68,26,0,113,0,0,0,0,0,19,68,26,0,113,0,0,0,113
10/03/2013,XNA,AR,ASW,CE,Federal Contract Tower,22,73,12,14,121,0,2,2,0,4,22,75,14,14,125,0,4,4,129
10/04/2013,XNA,AR,ASW,CE,Federal Contract Tower,25,67,5,31,128,0,0,0,10,10,25,67,5,41,138,0,32,32,170
10/05/2013,XNA,AR,ASW,CE,Federal Contract Tower,14,33,3,0,50,0,0,0,0,0,14,33,3,0,50,0,0,0,50
10/06/2013,XNA,AR,ASW,CE,Federal Contract Tower,19,54,9,2,84,0,0,3,0,3,19,54,12,2,87,0,0,0,87
10/07/2013,XNA,AR,ASW,CE,Federal Contract Tower,23,68,7,12,110,0,2,0,0,2,23,70,7,12,112,0,0,0,112
10/08/2013,XNA,AR,ASW,CE,Federal Contract Tower,28,58,12,28,126,0,0,0,1,1,28,58,12,29,127,0,0,0,127
10/09/2013,XNA,AR,ASW,CE,Federal Contract Tower,23,66,14,19,122,0,0,4,0,4,23,66,18,19,126,0,26,26,152
10/10/2013,XNA,AR,ASW,CE,Federal Contract Tower,20,76,9,6,111,0,1,3,0,4,20,77,12,6,115,0,18,18,133
10/11/2013,XNA,AR,ASW,CE,Federal Contract Tower,24,67,13,7,111,0,0,1,0,1,24,67,14,7,112,0,2,2,114
10/12/2013,XNA,AR,ASW,CE,Federal Contract Tower,14,33,5,0,52,0,0,2,0,2,14,33,7,0,54,0,0,0,54
10/13/2013,XNA,AR,ASW,CE,Federal Contract Tower,18,56,14,0,88,0,0,0,0,0,18,56,14,0,88,0,0,0,88
10/14/2013,XNA,AR,ASW,CE,Federal Contract Tower,24,71,13,0,108,0,0,0,0,0,24,71,13,0,108,0,0,0,108
10/15/2013,XNA,AR,ASW,CE,Federal Contract Tower,19,65,11,27,122,0,0,0,0,0,19,65,11,27,122,0,0,0,122
10/16/2013,XNA,AR,ASW,CE,Federal Contract Tower,18,78,14,4,114,0,0,2,0,2,18,78,16,4,116,0,0,0,116
10/17/2013,XNA,AR,ASW,CE,Federal Contract Tower,21,76,14,30,141,0,0,3,2,5,21,76,17,32,146,0,36,36,182
10/18/2013,XNA,AR,ASW,CE,Federal Contract Tower,26,67,9,55,157,0,0,2,0,2,26,67,11,55,159,0,0,0,159
10/19/2013,XNA,AR,ASW,CE,Federal Contract Tower,13,37,8,19,77,0,0,0,0,0,13,37,8,19,77,0,26,26,103
10/20/2013,XNA,AR,ASW,CE,Federal Contract Tower,18,59,1,25,103,0,0,0,0,0,18,59,1,25,103,0,8,8,111
10/21/2013,XNA,AR,ASW,CE,Federal Contract Tower,24,72,5,0,101,0,0,2,0,2,24,72,7,0,103,0,0,0,103
10/22/2013,XNA,AR,ASW,CE,Federal Contract Tower,20,68,19,37,144,0,0,1,0,1,20,68,20,37,145,2,52,54,199
10/23/2013,XNA,AR,ASW,CE,Federal Contract Tower,20,74,26,7,127,0,0,3,0,3,20,74,29,7,130,0,10,10,140
10/24/2013,XNA,AR,ASW,CE,Federal Contract Tower,20,70,19,14,123,0,0,0,0,0,20,70,19,14,123,0,28,28,151
10/25/2013,XNA,AR,ASW,CE,Federal Contract Tower,21,66,9,25,121,0,0,0,2,2,21,66,9,27,123,0,36,36,159
10/26/2013,XNA,AR,ASW,CE,Federal Contract Tower,12,35,7,0,54,0,0,0,0,0,12,35,7,0,54,0,0,0,54
10/27/2013,XNA,AR,ASW,CE,Federal Contract Tower,20,57,4,14,95,0,0,0,0,0,20,57,4,14,95,0,4,4,99
10/28/2013,XNA,AR,ASW,CE,Federal Contract Tower,20,71,6,21,118,0,0,0,0,0,20,71,6,21,118,0,60,60,178
10/29/2013,XNA,AR,ASW,CE,Federal Contract Tower,21,71,14,8,114,0,0,0,0,0,21,71,14,8,114,0,0,0,114
10/30/2013,XNA,AR,ASW,CE,Federal Contract Tower,18,57,6,3,84,0,0,0,0,0,18,57,6,3,84,0,0,0,84
10/31/2013,XNA,AR,ASW,CE,Federal Contract Tower,16,66,12,2,96,0,0,0,0,0,16,66,12,2,96,0,0,0,96
11/01/2013,XNA,AR,ASW,CE,Federal Contract Tower,23,73,6,23,125,0,0,1,0,1,23,73,7,23,126,0,6,6,132
11/02/2013,XNA,AR,ASW,CE,Federal Contract Tower,17,33,3,0,53,0,0,3,0,3,17,33,6,0,56,0,0,0,56
11/03/2013,XNA,AR,ASW,CE,Federal Contract Tower,23,62,16,16,117,0,0,0,0,0,23,62,16,16,117,0,0,0,117
11/04/2013,XNA,AR,ASW,CE,Federal Contract Tower,22,65,16,33,136,0,0,0,0,0,22,65,16,33,136,0,10,10,146
11/05/2013,XNA,AR,ASW,CE,Federal Contract Tower,20,69,9,13,111,0,0,0,3,3,20,69,9,16,114,0,0,0,114
11/06/2013,XNA,AR,ASW,CE,Federal Contract Tower,19,78,18,11,126,0,0,0,0,0,19,78,18,11,126,0,0,0,126
11/07/2013,XNA,AR,ASW,CE,Federal Contract Tower,22,68,14,26,130,0,0,5,2,7,22,68,19,28,137,0,24,24,161
11/08/2013,XNA,AR,ASW,CE,Federal Contract Tower,24,71,4,43,142,0,0,4,0,4,24,71,8,43,146,0,8,8,154
11/09/2013,XNA,AR,ASW,CE,Federal Contract Tower,13,29,2,0,44,0,0,8,0,8,13,29,10,0,52,0,0,0,52
11/10/2013,XNA,AR,ASW,CE,Federal Contract Tower,17,63,7,0,87,0,0,0,0,0,17,63,7,0,87,0,0,0,87
11/11/2013,XNA,AR,ASW,CE,Federal Contract Tower,15,73,8,4,100,0,0,0,0,0,15,73,8,4,100,0,10,10,110
11/12/2013,XNA,AR,ASW,CE,Federal Contract Tower,19,65,22,3,109,0,0,0,0,0,19,65,22,3,109,0,10,10,119
11/13/2013,XNA,AR,ASW,CE,Federal Contract Tower,18,69,17,6,110,0,0,8,3,11,18,69,25,9,121,0,0,0,121
11/14/2013,XNA,AR,ASW,CE,Federal Contract Tower,20,65,19,1,105,0,0,0,1,1,20,65,19,2,106,0,10,10,116
11/15/2013,XNA,AR,ASW,CE,Federal Contract Tower,25,66,8,24,123,0,0,3,0,3,25,66,11,24,126,0,2,2,128
11/16/2013,XNA,AR,ASW,CE,Federal Contract Tower,11,33,4,4,52,0,0,0,2,2,11,33,4,6,54,0,0,0,54
11/17/2013,XNA,AR,ASW,CE,Federal Contract Tower,19,57,5,1,82,0,0,12,3,15,19,57,17,4,97,0,0,0,97
11/18/2013,XNA,AR,ASW,CE,Federal Contract Tower,23,71,4,31,129,0,0,2,0,2,23,71,6,31,131,0,0,0,131
11/19/2013,XNA,AR,ASW,CE,Federal Contract Tower,23,71,17,26,137,0,0,5,0,5,23,71,22,26,142,4,12,16,158
11/20/2013,XNA,AR,ASW,CE,Federal Contract Tower,19,67,23,26,135,0,0,6,0,6,19,67,29,26,141,0,4,4,145
11/21/2013,XNA,AR,ASW,CE,Federal Contract Tower,21,64,15,5,105,0,0,0,0,0,21,64,15,5,105,0,0,0,105
11/22/2013,XNA,AR,ASW,CE,Federal Contract Tower,23,65,16,0,104,0,0,0,0,0,23,65,16,0,104,0,0,0,104
11/23/2013,XNA,AR,ASW,CE,Federal Contract Tower,14,33,2,4,53,0,0,6,0,6,14,33,8,4,59,0,0,0,59
11/24/2013,XNA,AR,ASW,CE,Federal Contract Tower,19,42,1,0,62,0,0,0,0,0,19,42,1,0,62,0,0,0,62
11/25/2013,XNA,AR,ASW,CE,Federal Contract Tower,20,46,4,0,70,0,0,0,0,0,20,46,4,0,70,0,0,0,70
11/26/2013,XNA,AR,ASW,CE,Federal Contract Tower,23,58,12,2,95,0,2,2,0,4,23,60,14,2,99,0,4,4,103
11/27/2013,XNA,AR,ASW,CE,Federal Contract Tower,25,64,7,3,99,0,0,0,0,0,25,64,7,3,99,0,0,0,99
11/28/2013,XNA,AR,ASW,CE,Federal Contract Tower,9,27,4,1,41,0,0,1,0,1,9,27,5,1,42,0,0,0,42
11/29/2013,XNA,AR,ASW,CE,Federal Contract Tower,23,28,1,0,52,0,0,3,0,3,23,28,4,0,55,0,0,0,55
11/30/2013,XNA,AR,ASW,CE,Federal Contract Tower,14,49,4,0,67,0,0,1,0,1,14,49,5,0,68,0,0,0,68
12/01/2013,XNA,AR,ASW,CE,Federal Contract Tower,24,62,3,0,89,0,0,1,0,1,24,62,4,0,90,0,0,0,90
12/02/2013,XNA,AR,ASW,CE,Federal Contract Tower,25,56,13,2,96,0,0,0,0,0,25,56,13,2,96,0,0,0,96
12/03/2013,XNA,AR,ASW,CE,Federal Contract Tower,25,67,16,16,124,0,0,0,0,0,25,67,16,16,124,0,28,28,152
12/04/2013,XNA,AR,ASW,CE,Federal Contract Tower,26,59,12,46,143,0,0,0,0,0,26,59,12,46,143,0,22,22,165
12/05/2013,XNA,AR,ASW,CE,Federal Contract Tower,24,46,3,0,73,0,0,1,0,1,24,46,4,0,74,0,0,0,74
12/06/2013,XNA,AR,ASW,CE,Federal Contract Tower,26,42,5,0,73,0,0,0,0,0,26,42,5,0,73,0,0,0,73
12/07/2013,XNA,AR,ASW,CE,Federal Contract Tower,9,24,6,0,39,0,0,0,0,0,9,24,6,0,39,0,0,0,39
12/08/2013,XNA,AR,ASW,CE,Federal Contract Tower,11,37,3,0,51,0,0,0,0,0,11,37,3,0,51,0,0,0,51
12/09/2013,XNA,AR,ASW,CE,Federal Contract Tower,19,54,19,30,122,0,0,0,1,1,19,54,19,31,123,0,46,46,169
12/10/2013,XNA,AR,ASW,CE,Federal Contract Tower,16,57,17,7,97,0,0,0,1,1,16,57,17,8,98,0,8,8,106
12/11/2013,XNA,AR,ASW,CE,Federal Contract Tower,26,57,22,10,115,0,0,2,0,2,26,57,24,10,117,0,20,20,137
12/12/2013,XNA,AR,ASW,CE,Federal Contract Tower,25,57,15,0,97,0,0,0,0,0,25,57,15,0,97,0,0,0,97
12/13/2013,XNA,AR,ASW,CE,Federal Contract Tower,27,58,11,0,96,0,0,0,0,0,27,58,11,0,96,0,0,0,96
12/14/2013,XNA,AR,ASW,CE,Federal Contract Tower,12,29,5,0,46,0,0,0,0,0,12,29,5,0,46,0,0,0,46
12/15/2013,XNA,AR,ASW,CE,Federal Contract Tower,26,48,6,0,80,0,0,2,0,2,26,48,8,0,82,0,0,0,82
12/16/2013,XNA,AR,ASW,CE,Federal Contract Tower,29,56,11,9,105,0,0,0,0,0,29,56,11,9,105,0,12,12,117
12/17/2013,XNA,AR,ASW,CE,Federal Contract Tower,25,60,18,13,116,0,0,0,1,1,25,60,18,14,117,0,24,24,141
12/18/2013,XNA,AR,ASW,CE,Federal Contract Tower,25,61,17,11,114,0,0,4,0,4,25,61,21,11,118,0,4,4,122
12/19/2013,XNA,AR,ASW,CE,Federal Contract Tower,23,54,20,6,103,0,0,1,0,1,23,54,21,6,104,0,0,0,104
12/20/2013,XNA,AR,ASW,CE,Federal Contract Tower,24,50,13,0,87,0,0,0,0,0,24,50,13,0,87,0,0,0,87
12/21/2013,XNA,AR,ASW,CE,Federal Contract Tower,9,44,4,0,57,0,0,0,0,0,9,44,4,0,57,0,0,0,57
12/22/2013,XNA,AR,ASW,CE,Federal Contract Tower,15,51,4,0,70,0,0,1,0,1,15,51,5,0,71,0,0,0,71
12/23/2013,XNA,AR,ASW,CE,Federal Contract Tower,14,55,6,0,75,0,0,2,0,2,14,55,8,0,77,0,0,0,77
12/24/2013,XNA,AR,ASW,CE,Federal Contract Tower,15,30,6,0,51,0,0,4,0,4,15,30,10,0,55,0,0,0,55
12/25/2013,XNA,AR,ASW,CE,Federal Contract Tower,12,27,1,0,40,0,0,2,0,2,12,27,3,0,42,0,0,0,42
12/26/2013,XNA,AR,ASW,CE,Federal Contract Tower,19,53,4,0,76,0,0,13,0,13,19,53,17,0,89,0,0,0,89
12/27/2013,XNA,AR,ASW,CE,Federal Contract Tower,22,50,8,4,84,0,0,4,0,4,22,50,12,4,88,0,0,0,88
12/28/2013,XNA,AR,ASW,CE,Federal Contract Tower,10,39,2,0,51,0,0,1,0,1,10,39,3,0,52,0,0,0,52
12/29/2013,XNA,AR,ASW,CE,Federal Contract Tower,20,43,6,0,69,0,0,0,0,0,20,43,6,0,69,0,0,0,69
12/30/2013,XNA,AR,ASW,CE,Federal Contract Tower,27,46,3,10,86,0,0,2,0,2,27,46,5,10,88,0,0,0,88
12/31/2013,XNA,AR,ASW,CE,Federal Contract Tower,15,36,3,0,54,0,0,5,0,5,15,36,8,0,59,0,0,0,59
01/01/2014,XNA,AR,ASW,CE,Federal Contract Tower,15,28,1,0,44,0,0,2,0,2,15,28,3,0,46,0,0,0,46
01/02/2014,XNA,AR,ASW,CE,Federal Contract Tower,16,49,8,13,86,0,0,3,0,3,16,49,11,13,89,0,20,20,109
01/03/2014,XNA,AR,ASW,CE,Federal Contract Tower,23,42,6,10,81,0,1,5,4,10,23,43,11,14,91,0,6,6,97
01/04/2014,XNA,AR,ASW,CE,Federal Contract Tower,6,40,3,0,49,0,0,0,0,0,6,40,3,0,49,0,0,0,49
01/05/2014,XNA,AR,ASW,CE,Federal Contract Tower,19,42,10,0,71,0,0,0,0,0,19,42,10,0,71,0,0,0,71
01/06/2014,XNA,AR,ASW,CE,Federal Contract Tower,18,35,13,12,78,0,0,0,1,1,18,35,13,13,79,0,12,12,91
01/07/2014,XNA,AR,ASW,CE,Federal Contract Tower,16,42,16,6,80,0,0,2,0,2,16,42,18,6,82,0,0,0,82
01/08/2014,XNA,AR,ASW,CE,Federal Contract Tower,24,53,9,0,86,0,0,0,4,4,24,53,9,4,90,0,0,0,90
01/09/2014,XNA,AR,ASW,CE,Federal Contract Tower,21,54,15,0,90,0,0,0,4,4,21,54,15,4,94,0,0,0,94
01/10/2014,XNA,AR,ASW,CE,Federal Contract Tower,26,51,4,4,85,0,0,0,0,0,26,51,4,4,85,0,4,4,89
01/11/2014,XNA,AR,ASW,CE,Federal Contract Tower,13,30,11,0,54,0,0,2,0,2,13,30,13,0,56,0,0,0,56
01/12/2014,XNA,AR,ASW,CE,Federal Contract Tower,20,52,8,15,95,0,2,0,0,2,20,54,8,15,97,0,0,0,97
01/13/2014,XNA,AR,ASW,CE,Federal Contract Tower,28,54,16,15,113,0,0,2,0,2,28,54,18,15,115,0,12,12,127
01/14/2014,XNA,AR,ASW,CE,Federal Contract Tower,21,49,11,12,93,0,0,3,0,3,21,49,14,12,96,0,6,6,102
01/15/2014,XNA,AR,ASW,CE,Federal Contract Tower,26,48,12,8,94,0,0,2,0,2,26,48,14,8,96,0,10,10,106
01/16/2014,XNA,AR,ASW,CE,Federal Contract Tower,26,51,12,7,96,0,0,0,0,0,26,51,12,7,96,0,4,4,100
01/17/2014,XNA,AR,ASW,CE,Federal Contract Tower,27,53,11,5,96,0,0,6,0,6,27,53,17,5,102,0,0,0,102
01/18/2014,XNA,AR,ASW,CE,Federal Contract Tower,13,24,4,0,41,0,0,4,0,4,13,24,8,0,45,0,0,0,45
01/19/2014,XNA,AR,ASW,CE,Federal Contract Tower,23,38,3,0,64,0,0,0,0,0,23,38,3,0,64,0,0,0,64
01/20/2014,XNA,AR,ASW,CE,Federal Contract Tower,27,50,7,3,87,0,0,1,0,1,27,50,8,3,88,0,6,6,94
01/21/2014,XNA,AR,ASW,CE,Federal Contract Tower,19,52,17,12,100,0,0,1,13,14,19,52,18,25,114,0,38,38,152
01/22/2014,XNA,AR,ASW,CE,Federal Contract Tower,18,59,26,4,107,0,1,1,5,7,18,60,27,9,114,0,0,0,114
01/23/2014,XNA,AR,ASW,CE,Federal Contract Tower,24,54,15,6,99,0,0,4,0,4,24,54,19,6,103,0,6,6,109
01/24/2014,XNA,AR,ASW,CE,Federal Contract Tower,23,52,1,7,83,0,0,0,0,0,23,52,1,7,83,0,10,10,93
01/25/2014,XNA,AR,ASW,CE,Federal Contract Tower,14,28,0,16,58,0,0,2,0,2,14,28,2,16,60,0,0,0,60
01/26/2014,XNA,AR,ASW,CE,Federal Contract Tower,21,46,3,28,98,0,0,0,2,2,21,46,3,30,100,0,8,8,108
01/27/2014,XNA,AR,ASW,CE,Federal Contract Tower,29,48,17,2,96,0,0,1,14,15,29,48,18,16,111,0,0,0,111
01/28/2014,XNA,AR,ASW,CE,Federal Contract Tower,27,38,23,17,105,0,0,5,1,6,27,38,28,18,111,0,0,0,111
01/29/2014,XNA,AR,ASW,CE,Federal Contract Tower,28,33,16,2,79,0,0,2,0,2,28,33,18,2,81,0,0,0,81
01/30/2014,XNA,AR,ASW,CE,Federal Contract Tower,23,43,21,5,92,0,0,3,1,4,23,43,24,6,96,0,0,0,96
01/31/2014,XNA,AR,ASW,CE,Federal Contract Tower,29,53,17,5,104,0,0,0,0,0,29,53,17,5,104,0,0,0,104
02/01/2014,XNA,AR,ASW,CE,Federal Contract Tower,11,21,5,0,37,0,0,0,0,0,11,21,5,0,37,0,0,0,37
02/02/2014,XNA,AR,ASW,CE,Federal Contract Tower,19,29,3,0,51,0,0,0,0,0,19,29,3,0,51,0,0,0,51
02/03/2014,XNA,AR,ASW,CE,Federal Contract Tower,29,49,10,3,91,0,0,0,1,1,29,49,10,4,92,0,0,0,92
02/04/2014,XNA,AR,ASW,CE,Federal Contract Tower,20,53,11,0,84,0,0,0,0,0,20,53,11,0,84,0,0,0,84
02/05/2014,XNA,AR,ASW,CE,Federal Contract Tower,18,54,9,2,83,0,0,0,0,0,18,54,9,2,83,0,0,0,83
02/06/2014,XNA,AR,ASW,CE,Federal Contract Tower,25,52,43,2,122,0,0,42,0,42,25,52,85,2,164,0,12,12,176
02/07/2014,XNA,AR,ASW,CE,Federal Contract Tower,24,54,4,7,89,0,0,0,0,0,24,54,4,7,89,0,0,0,89
02/08/2014,XNA,AR,ASW,CE,Federal Contract Tower,12,28,0,0,40,0,0,0,0,0,12,28,0,0,40,0,0,0,40
02/09/2014,XNA,AR,ASW,CE,Federal Contract Tower,24,43,0,0,67,0,0,0,0,0,24,43,0,0,67,0,0,0,67
02/10/2014,XNA,AR,ASW,CE,Federal Contract Tower,27,60,9,40,136,0,0,3,0,3,27,60,12,40,139,8,18,26,165
02/11/2014,XNA,AR,ASW,CE,Federal Contract Tower,25,48,14,19,106,0,0,0,0,0,25,48,14,19,106,0,50,50,156
02/12/2014,XNA,AR,ASW,CE,Federal Contract Tower,18,45,6,36,105,0,0,6,0,6,18,45,12,36,111,0,36,36,147
02/13/2014,XNA,AR,ASW,CE,Federal Contract Tower,16,48,22,18,104,0,0,2,2,4,16,48,24,20,108,0,32,32,140
02/14/2014,XNA,AR,ASW,CE,Federal Contract Tower,25,56,14,26,121,0,0,0,0,0,25,56,14,26,121,0,32,32,153
02/15/2014,XNA,AR,ASW,CE,Federal Contract Tower,15,30,2,0,47,0,0,2,2,4,15,30,4,2,51,0,0,0,51
02/16/2014,XNA,AR,ASW,CE,Federal Contract Tower,22,45,9,2,78,0,0,4,1,5,22,45,13,3,83,0,0,0,83
02/17/2014,XNA,AR,ASW,CE,Federal Contract Tower,27,45,11,6,89,0,0,4,0,4,27,45,15,6,93,4,0,4,97
02/18/2014,XNA,AR,ASW,CE,Federal Contract Tower,26,60,13,11,110,0,0,2,1,3,26,60,15,12,113,0,10,10,123
02/19/2014,XNA,AR,ASW,CE,Federal Contract Tower,31,62,24,19,136,0,0,6,1,7,31,62,30,20,143,4,32,36,179
02/20/2014,XNA,AR,ASW,CE,Federal Contract Tower,20,52,12,0,84,0,0,0,0,0,20,52,12,0,84,0,0,0,84
02/21/2014,XNA,AR,ASW,CE,Federal Contract Tower,28,57,15,2,102,0,0,0,0,0,28,57,15,2,102,0,0,0,102
02/22/2014,XNA,AR,ASW,CE,Federal Contract Tower,16,27,5,6,54,0,0,2,0,2,16,27,7,6,56,0,0,0,56
02/23/2014,XNA,AR,ASW,CE,Federal Contract Tower,22,48,0,4,74,0,0,0,0,0,22,48,0,4,74,0,0,0,74
02/24/2014,XNA,AR,ASW,CE,Federal Contract Tower,27,62,10,0,99,0,2,2,0,4,27,64,12,0,103,0,0,0,103
02/25/2014,XNA,AR,ASW,CE,Federal Contract Tower,28,64,26,37,155,0,0,2,0,2,28,64,28,37,157,0,42,42,199
02/26/2014,XNA,AR,ASW,CE,Federal Contract Tower,26,61,22,9,118,0,0,0,0,0,26,61,22,9,118,0,34,34,152
02/27/2014,XNA,AR,ASW,CE,Federal Contract Tower,26,62,22,44,154,0,0,2,0,2,26,62,24,44,156,0,24,24,180
02/28/2014,XNA,AR,ASW,CE,Federal Contract Tower,24,64,5,21,114,0,0,2,0,2,24,64,7,21,116,0,4,4,120
03/01/2014,XNA,AR,ASW,CE,Federal Contract Tower,11,33,12,5,61,0,0,0,0,0,11,33,12,5,61,0,56,56,117
03/02/2014,XNA,AR,ASW,CE,Federal Contract Tower,13,22,5,0,40,0,0,0,0,0,13,22,5,0,40,0,0,0,40
03/03/2014,XNA,AR,ASW,CE,Federal Contract Tower,26,64,15,0,105,0,0,9,0,9,26,64,24,0,114,0,0,0,114
03/04/2014,XNA,AR,ASW,CE,Federal Contract Tower,28,55,21,19,123,0,0,1,1,2,28,55,22,20,125,0,22,22,147
03/05/2014,XNA,AR,ASW,CE,Federal Contract Tower,26,51,13,4,94,0,0,3,0,3,26,51,16,4,97,0,4,4,101
03/06/2014,XNA,AR,ASW,CE,Federal Contract Tower,27,60,21,19,127,0,4,2,6,12,27,64,23,25,139,0,12,12,151
03/07/2014,XNA,AR,ASW,CE,Federal Contract Tower,24,60,8,26,118,0,0,0,0,0,24,60,8,26,118,0,30,30,148
03/08/2014,XNA,AR,ASW,CE,Federal Contract Tower,22,26,10,0,58,0,0,0,0,0,22,26,10,0,58,0,0,0,58
03/09/2014,XNA,AR,ASW,CE,Federal Contract Tower,26,53,8,11,98,0,0,0,0,0,26,53,8,11,98,0,0,0,98
03/10/2014,XNA,AR,ASW,CE,Federal Contract Tower,34,59,4,0,97,0,0,0,0,0,34,59,4,0,97,0,0,0,97
03/11/2014,XNA,AR,ASW,CE,Federal Contract Tower,26,57,11,26,120,0,0,4,1,5,26,57,15,27,125,0,10,10,135
03/12/2014,XNA,AR,ASW,CE,Federal Contract Tower,27,55,3,5,90,0,2,2,1,5,27,57,5,6,95,0,14,14,109
03/13/2014,XNA,AR,ASW,CE,Federal Contract Tower,28,60,10,15,113,0,0,5,1,6,28,60,15,16,119,0,0,0,119
03/14/2014,XNA,AR,ASW,CE,Federal Contract Tower,35,62,19,52,168,0,0,0,0,0,35,62,19,52,168,0,16,16,184
03/15/2014,XNA,AR,ASW,CE,Federal Contract Tower,12,28,2,0,42,0,0,2,0,2,12,28,4,0,44,0,0,0,44
03/16/2014,XNA,AR,ASW,CE,Federal Contract Tower,27,51,4,0,82,0,0,0,0,0,27,51,4,0,82,0,0,0,82
03/17/2014,XNA,AR,ASW,CE,Federal Contract Tower,30,67,11,32,140,0,0,1,0,1,30,67,12,32,141,0,0,0,141
03/18/2014,XNA,AR,ASW,CE,Federal Contract Tower,28,56,13,18,115,0,0,2,17,19,28,56,15,35,134,0,96,96,230
03/19/2014,XNA,AR,ASW,CE,Federal Contract Tower,30,59,15,38,142,0,0,6,0,6,30,59,21,38,148,0,12,12,160
03/20/2014,XNA,AR,ASW,CE,Federal Contract Tower,28,60,7,29,124,0,0,2,0,2,28,60,9,29,126,0,22,22,148
03/21/2014,XNA,AR,ASW,CE,Federal Contract Tower,32,59,22,16,129,0,0,2,1,3,32,59,24,17,132,0,4,4,136
03/22/2014,XNA,AR,ASW,CE,Federal Contract Tower,13,33,10,0,56,0,0,0,0,0,13,33,10,0,56,0,0,0,56
03/23/2014,XNA,AR,ASW,CE,Federal Contract Tower,24,52,9,38,123,0,2,1,12,15,24,54,10,50,138,0,20,20,158
03/24/2014,XNA,AR,ASW,CE,Federal Contract Tower,34,59,4,0,97,0,0,0,0,0,34,59,4,0,97,0,0,0,97
03/25/2014,XNA,AR,ASW,CE,Federal Contract Tower,27,64,28,31,150,0,2,5,4,11,27,66,33,35,161,0,20,20,181
03/26/2014,XNA,AR,ASW,CE,Federal Contract Tower,27,56,10,30,123,0,0,1,0,1,27,56,11,30,124,0,2,2,126
03/27/2014,XNA,AR,ASW,CE,Federal Contract Tower,24,57,11,0,92,0,3,2,4,9,24,60,13,4,101,0,0,0,101
03/28/2014,XNA,AR,ASW,CE,Federal Contract Tower,31,54,8,2,95,0,0,0,0,0,31,54,8,2,95,0,0,0,95
03/29/2014,XNA,AR,ASW,CE,Federal Contract Tower,14,31,8,8,61,0,1,4,0,5,14,32,12,8,66,0,0,0,66
03/30/2014,XNA,AR,ASW,CE,Federal Contract Tower,27,53,9,6,95,0,0,3,1,4,27,53,12,7,99,0,2,2,101
03/31/2014,XNA,AR,ASW,CE,Federal Contract Tower,30,57,11,16,114,0,0,0,0,0,30,57,11,16,114,0,2,2,116
04/01/2014,XNA,AR,ASW,CE,Federal Contract Tower,33,58,16,19,126,0,0,5,0,5,33,58,21,19,131,0,18,18,149
04/02/2014,XNA,AR,ASW,CE,Federal Contract Tower,39,54,21,11,125,0,0,0,0,0,39,54,21,11,125,0,20,20,145
04/03/2014,XNA,AR,ASW,CE,Federal Contract Tower,35,42,9,5,91,0,0,0,0,0,35,42,9,5,91,0,0,0,91
04/04/2014,XNA,AR,ASW,CE,Federal Contract Tower,37,53,12,32,134,0,0,2,2,4,37,53,14,34,138,0,24,24,162
04/05/2014,XNA,AR,ASW,CE,Federal Contract Tower,19,25,3,3,50,0,0,0,0,0,19,25,3,3,50,0,0,0,50
04/06/2014,XNA,AR,ASW,CE,Federal Contract Tower,33,43,0,1,77,0,0,2,3,5,33,43,2,4,82,0,0,0,82
04/07/2014,XNA,AR,ASW,CE,Federal Contract Tower,37,48,6,27,118,0,2,0,0,2,37,50,6,27,120,0,14,14,134
04/08/2014,XNA,AR,ASW,CE,Federal Contract Tower,31,55,22,9,117,0,0,5,1,6,31,55,27,10,123,0,18,18,141
04/09/2014,XNA,AR,ASW,CE,Federal Contract Tower,32,46,13,34,125,0,0,3,0,3,32,46,16,34,128,0,22,22,150
04/10/2014,XNA,AR,ASW,CE,Federal Contract Tower,35,52,10,20,117,0,0,7,1,8,35,52,17,21,125,0,4,4,129
04/11/2014,XNA,AR,ASW,CE,Federal Contract Tower,42,51,12,2,107,0,0,0,0,0,42,51,12,2,107,0,0,0,107
04/12/2014,XNA,AR,ASW,CE,Federal Contract Tower,16,25,1,23,65,0,1,1,2,4,16,26,2,25,69,0,12,12,81
04/13/2014,XNA,AR,ASW,CE,Federal Contract Tower,25,42,1,0,68,0,0,0,0,0,25,42,1,0,68,0,0,0,68
04/14/2014,XNA,AR,ASW,CE,Federal Contract Tower,33,49,11,0,93,0,2,0,0,2,33,51,11,0,95,0,0,0,95
04/15/2014,XNA,AR,ASW,CE,Federal Contract Tower,33,48,23,6,110,0,0,2,0,2,33,48,25,6,112,0,6,6,118
04/16/2014,XNA,AR,ASW,CE,Federal Contract Tower,31,49,10,23,113,0,2,0,1,3,31,51,10,24,116,0,10,10,126
04/17/2014,XNA,AR,ASW,CE,Federal Contract Tower,35,50,15,4,104,0,2,6,0,8,35,52,21,4,112,0,18,18,130
04/18/2014,XNA,AR,ASW,CE,Federal Contract Tower,34,45,15,18,112,0,2,3,0,5,34,47,18,18,117,0,22,22,139
04/19/2014,XNA,AR,ASW,CE,Federal Contract Tower,18,23,2,0,43,0,0,1,0,1,18,23,3,0,44,0,0,0,44
04/20/2014,XNA,AR,ASW,CE,Federal Contract Tower,31,32,5,0,68,0,0,1,0,1,31,32,6,0,69,0,0,0,69
04/21/2014,XNA,AR,ASW,CE,Federal Contract Tower,38,47,10,0,95,0,0,0,0,0,38,47,10,0,95,0,0,0,95
04/22/2014,XNA,AR,ASW,CE,Federal Contract Tower,33,47,19,13,112,0,0,3,12,15,33,47,22,25,127,0,26,26,153
04/23/2014,XNA,AR,ASW,CE,Federal Contract Tower,33,53,15,16,117,0,2,6,2,10,33,55,21,18,127,0,38,38,165
04/24/2014,XNA,AR,ASW,CE,Federal Contract Tower,33,60,12,2,107,0,0,0,0,0,33,60,12,2,107,0,0,0,107
04/25/2014,XNA,AR,ASW,CE,Federal Contract Tower,36,51,6,14,107,0,0,3,0,3,36,51,9,14,110,0,8,8,118
04/26/2014,XNA,AR,ASW,CE,Federal Contract Tower,20,22,5,0,47,0,0,1,0,1,20,22,6,0,48,0,0,0,48
04/27/2014,XNA,AR,ASW,CE,Federal Contract Tower,31,41,4,0,76,0,0,2,0,2,31,41,6,0,78,0,0,0,78
04/28/2014,XNA,AR,ASW,CE,Federal Contract Tower,36,56,8,0,100,0,0,5,0,5,36,56,13,0,105,0,0,0,105
04/29/2014,XNA,AR,ASW,CE,Federal Contract Tower,35,49,26,43,153,0,2,0,0,2,35,51,26,43,155,0,20,20,175
04/30/2014,XNA,AR,ASW,CE,Federal Contract Tower,33,47,11,31,122,0,0,2,0,2,33,47,13,31,124,0,10,10,134
05/01/2014,XNA,AR,ASW,CE,Federal Contract Tower,36,53,32,33,154,0,0,3,3,6,36,53,35,36,160,0,28,28,188
05/02/2014,XNA,AR,ASW,CE,Federal Contract Tower,34,51,11,33,129,0,0,4,4,8,34,51,15,37,137,0,4,4,141
05/03/2014,XNA,AR,ASW,CE,Federal Contract Tower,21,27,4,5,57,0,0,2,0,2,21,27,6,5,59,0,0,0,59
05/04/2014,XNA,AR,ASW,CE,Federal Contract Tower,30,41,5,44,120,0,0,0,0,0,30,41,5,44,120,0,62,62,182
05/05/2014,XNA,AR,ASW,CE,Federal Contract Tower,38,53,8,10,109,0,2,1,0,3,38,55,9,10,112,0,12,12,124
05/06/2014,XNA,AR,ASW,CE,Federal Contract Tower,34,58,12,28,132,0,0,3,0,3,34,58,15,28,135,0,12,12,147
05/07/2014,XNA,AR,ASW,CE,Federal Contract Tower,28,62,13,9,112,0,2,4,13,19,28,64,17,22,131,0,8,8,139
05/08/2014,XNA,AR,ASW,CE,Federal Contract Tower,34,55,10,0,99,0,0,0,0,0,34,55,10,0,99,0,0,0,99
05/09/2014,XNA,AR,ASW,CE,Federal Contract Tower,37,49,18,15,119,0,0,0,0,0,37,49,18,15,119,0,0,0,119
05/10/2014,XNA,AR,ASW,CE,Federal Contract Tower,20,30,5,7,62,0,0,1,0,1,20,30,6,7,63,0,0,0,63
05/11/2014,XNA,AR,ASW,CE,Federal Contract Tower,25,38,6,12,81,0,0,1,0,1,25,38,7,12,82,0,0,0,82
05/12/2014,XNA,AR,ASW,CE,Federal Contract Tower,24,39,12,3,78,0,0,2,0,2,24,39,14,3,80,0,6,6,86
05/13/2014,XNA,AR,ASW,CE,Federal Contract Tower,33,43,19,4,99,0,0,2,0,2,33,43,21,4,101,0,0,0,101
05/14/2014,XNA,AR,ASW,CE,Federal Contract Tower,33,55,7,4,99,0,0,0,0,0,33,55,7,4,99,0,0,0,99
05/15/2014,XNA,AR,ASW,CE,Federal Contract Tower,36,50,21,5,112,0,0,5,1,6,36,50,26,6,118,0,6,6,124
05/16/2014,XNA,AR,ASW,CE,Federal Contract Tower,36,52,9,34,131,0,0,10,0,10,36,52,19,34,141,0,28,28,169
05/17/2014,XNA,AR,ASW,CE,Federal Contract Tower,17,30,11,4,62,0,0,2,12,14,17,30,13,16,76,0,0,0,76
05/18/2014,XNA,AR,ASW,CE,Federal Contract Tower,31,42,6,17,96,0,0,1,1,2,31,42,7,18,98,0,0,0,98
05/19/2014,XNA,AR,ASW,CE,Federal Contract Tower,39,50,6,19,114,0,0,1,0,1,39,50,7,19,115,0,26,26,141
05/20/2014,XNA,AR,ASW,CE,Federal Contract Tower,34,53,18,35,140,0,2,2,0,4,34,55,20,35,144,0,18,18,162
05/21/2014,XNA,AR,ASW,CE,Federal Contract Tower,35,59,16,41,151,0,0,0,0,0,35,59,16,41,151,0,12,12,163
05/22/2014,XNA,AR,ASW,CE,Federal Contract Tower,30,54,15,19,118,0,1,3,6,10,30,55,18,25,128,14,0,14,142
05/23/2014,XNA,AR,ASW,CE,Federal Contract Tower,37,50,11,0,98,0,0,1,0,1,37,50,12,0,99,0,0,0,99
05/24/2014,XNA,AR,ASW,CE,Federal Contract Tower,24,25,2,0,51,0,0,2,0,2,24,25,4,0,53,0,0,0,53
05/25/2014,XNA,AR,ASW,CE,Federal Contract Tower,21,21,0,0,42,0,0,1,0,1,21,21,1,0,43,0,0,0,43
05/26/2014,XNA,AR,ASW,CE,Federal Contract Tower,37,43,3,0,83,0,0,7,0,7,37,43,10,0,90,0,0,0,90
05/27/2014,XNA,AR,ASW,CE,Federal Contract Tower,34,45,16,21,116,0,0,0,0,0,34,45,16,21,116,0,32,32,148
05/28/2014,XNA,AR,ASW,CE,Federal Contract Tower,35,55,7,3,100,0,1,0,0,1,35,56,7,3,101,0,0,0,101
05/29/2014,XNA,AR,ASW,CE,Federal Contract Tower,31,54,8,3,96,0,3,5,2,10,31,57,13,5,106,0,18,18,124
05/30/2014,XNA,AR,ASW,CE,Federal Contract Tower,38,50,16,6,110,0,2,0,0,2,38,52,16,6,112,0,0,0,112
05/31/2014,XNA,AR,ASW,CE,Federal Contract Tower,22,28,7,0,57,0,0,4,0,4,22,28,11,0,61,6,0,6,67
06/01/2014,XNA,AR,ASW,CE,Federal Contract Tower,41,41,20,20,122,0,0,0,0,0,41,41,20,20,122,0,4,4,126
06/02/2014,XNA,AR,ASW,CE,Federal Contract Tower,38,63,10,3,114,0,0,2,0,2,38,63,12,3,116,0,0,0,116
06/03/2014,XNA,AR,ASW,CE,Federal Contract Tower,48,39,19,5,111,0,0,0,0,0,48,39,19,5,111,0,12,12,123
06/04/2014,XNA,AR,ASW,CE,Federal Contract Tower,34,49,17,21,121,0,0,2,0,2,34,49,19,21,123,0,8,8,131
06/05/2014,XNA,AR,ASW,CE,Federal Contract Tower,37,55,10,0,102,0,0,4,0,4,37,55,14,0,106,0,0,0,106
06/06/2014,XNA,AR,ASW,CE,Federal Contract Tower,60,45,12,0,117,0,0,2,0,2,60,45,14,0,119,0,0,0,119
06/07/2014,XNA,AR,ASW,CE,Federal Contract Tower,28,28,12,0,68,0,0,0,0,0,28,28,12,0,68,0,0,0,68
06/08/2014,XNA,AR,ASW,CE,Federal Contract Tower,36,37,10,0,83,0,0,0,0,0,36,37,10,0,83,0,0,0,83
06/09/2014,XNA,AR,ASW,CE,Federal Contract Tower,36,46,10,0,92,0,0,0,0,0,36,46,10,0,92,0,0,0,92
06/10/2014,XNA,AR,ASW,CE,Federal Contract Tower,43,51,18,0,112,0,0,0,0,0,43,51,18,0,112,0,0,0,112
06/11/2014,XNA,AR,ASW,CE,Federal Contract Tower,37,48,22,10,117,0,0,17,0,17,37,48,39,10,134,0,0,0,134
06/12/2014,XNA,AR,ASW,CE,Federal Contract Tower,40,47,11,10,108,0,0,1,2,3,40,47,12,12,111,0,0,0,111
06/13/2014,XNA,AR,ASW,CE,Federal Contract Tower,42,48,14,14,118,0,0,2,4,6,42,48,16,18,124,0,8,8,132
06/14/2014,XNA,AR,ASW,CE,Federal Contract Tower,25,31,7,2,65,0,0,5,1,6,25,31,12,3,71,0,6,6,77
06/15/2014,XNA,AR,ASW,CE,Federal Contract Tower,45,37,8,0,90,0,0,2,0,2,45,37,10,0,92,0,6,6,98
06/16/2014,XNA,AR,ASW,CE,Federal Contract Tower,45,47,4,16,112,0,0,1,0,1,45,47,5,16,113,0,14,14,127
06/17/2014,XNA,AR,ASW,CE,Federal Contract Tower,43,45,18,15,121,0,2,0,6,8,43,47,18,21,129,0,30,30,159
06/18/2014,XNA,AR,ASW,CE,Federal Contract Tower,36,44,13,11,104,0,0,6,0,6,36,44,19,11,110,0,0,0,110
06/19/2014,XNA,AR,ASW,CE,Federal Contract Tower,34,37,12,9,92,0,0,0,5,5,34,37,12,14,97,0,4,4,101
06/20/2014,XNA,AR,ASW,CE,Federal Contract Tower,40,47,17,43,147,0,0,4,6,10,40,47,21,49,157,4,20,24,181
06/21/2014,XNA,AR,ASW,CE,Federal Contract Tower,24,33,2,8,67,0,4,4,4,12,24,37,6,12,79,0,0,0,79
06/22/2014,XNA,AR,ASW,CE,Federal Contract Tower,34,45,5,0,84,0,0,0,0,0,34,45,5,0,84,0,0,0,84
06/23/2014,XNA,AR,ASW,CE,Federal Contract Tower,39,48,2,0,89,0,0,0,0,0,39,48,2,0,89,0,0,0,89
06/24/2014,XNA,AR,ASW,CE,Federal Contract Tower,42,43,30,30,145,0,2,0,3,5,42,45,30,33,150,20,38,58,208
06/25/2014,XNA,AR,ASW,CE,Federal Contract Tower,33,51,8,14,106,0,0,0,0,0,33,51,8,14,106,0,16,16,122
06/26/2014,XNA,AR,ASW,CE,Federal Contract Tower,36,44,19,2,101,0,0,2,0,2,36,44,21,2,103,0,14,14,117
06/27/2014,XNA,AR,ASW,CE,Federal Contract Tower,43,44,6,9,102,0,2,3,0,5,43,46,9,9,107,0,26,26,133
06/28/2014,XNA,AR,ASW,CE,Federal Contract Tower,29,27,6,2,64,0,0,1,0,1,29,27,7,2,65,0,0,0,65
06/29/2014,XNA,AR,ASW,CE,Federal Contract Tower,34,35,5,18,92,0,0,0,0,0,34,35,5,18,92,0,20,20,112
06/30/2014,XNA,AR,ASW,CE,Federal Contract Tower,39,41,11,22,113,0,0,3,1,4,39,41,14,23,117,0,20,20,137
07/01/2014,XNA,AR,ASW,CE,Federal Contract Tower,37,42,13,13,105,0,1,1,0,2,37,43,14,13,107,0,0,0,107
07/02/2014,XNA,AR,ASW,CE,Federal Contract Tower,38,45,9,2,94,0,1,2,0,3,38,46,11,2,97,6,0,6,103
07/03/2014,XNA,AR,ASW,CE,Federal Contract Tower,39,45,0,11,95,0,0,5,0,5,39,45,5,11,100,0,0,0,100
07/04/2014,XNA,AR,ASW,CE,Federal Contract Tower,29,16,3,0,48,0,0,6,0,6,29,16,9,0,54,0,0,0,54
07/05/2014,XNA,AR,ASW,CE,Federal Contract Tower,26,15,6,0,47,0,0,3,0,3,26,15,9,0,50,0,0,0,50
07/06/2014,XNA,AR,ASW,CE,Federal Contract Tower,38,37,10,0,85,0,4,4,0,8,38,41,14,0,93,0,0,0,93
07/07/2014,XNA,AR,ASW,CE,Federal Contract Tower,43,44,8,1,96,0,0,8,0,8,43,44,16,1,104,0,0,0,104
07/08/2014,XNA,AR,ASW,CE,Federal Contract Tower,42,46,17,0,105,0,0,0,0,0,42,46,17,0,105,0,0,0,105
07/09/2014,XNA,AR,ASW,CE,Federal Contract Tower,41,44,8,13,106,0,0,0,0,0,41,44,8,13,106,0,8,8,114
07/10/2014,XNA,AR,ASW,CE,Federal Contract Tower,45,40,4,2,91,0,0,1,0,1,45,40,5,2,92,0,0,0,92
07/11/2014,XNA,AR,ASW,CE,Federal Contract Tower,42,43,9,13,107,0,0,4,0,4,42,43,13,13,111,0,4,4,115
07/12/2014,XNA,AR,ASW,CE,Federal Contract Tower,25,23,0,17,65,0,0,4,1,5,25,23,4,18,70,0,6,6,76
07/13/2014,XNA,AR,ASW,CE,Federal Contract Tower,41,27,8,0,76,0,0,1,0,1,41,27,9,0,77,0,0,0,77
07/14/2014,XNA,AR,ASW,CE,Federal Contract Tower,46,47,2,5,100,0,0,0,0,0,46,47,2,5,100,0,2,2,102
07/15/2014,XNA,AR,ASW,CE,Federal Contract Tower,38,47,13,11,109,0,0,4,0,4,38,47,17,11,113,0,2,2,115
07/16/2014,XNA,AR,ASW,CE,Federal Contract Tower,35,44,16,10,105,0,0,5,0,5,35,44,21,10,110,0,2,2,112
07/17/2014,XNA,AR,ASW,CE,Federal Contract Tower,42,37,9,7,95,0,2,0,0,2,42,39,9,7,97,0,0,0,97
07/18/2014,XNA,AR,ASW,CE,Federal Contract Tower,42,44,4,26,116,0,0,2,0,2,42,44,6,26,118,0,38,38,156
07/19/2014,XNA,AR,ASW,CE,Federal Contract Tower,25,26,1,13,65,0,2,2,0,4,25,28,3,13,69,2,0,2,71
07/20/2014,XNA,AR,ASW,CE,Federal Contract Tower,41,32,6,2,81,0,0,2,0,2,41,32,8,2,83,0,0,0,83
07/21/2014,XNA,AR,ASW,CE,Federal Contract Tower,44,46,15,32,137,0,0,6,0,6,44,46,21,32,143,0,34,34,177
07/22/2014,XNA,AR,ASW,CE,Federal Contract Tower,42,43,24,32,141,0,0,0,0,0,42,43,24,32,141,2,12,14,155
07/23/2014,XNA,AR,ASW,CE,Federal Contract Tower,35,44,17,5,101,0,1,8,1,10,35,45,25,6,111,12,18,30,141
07/24/2014,XNA,AR,ASW,CE,Federal Contract Tower,39,45,16,36,136,0,0,2,0,2,39,45,18,36,138,0,8,8,146
07/25/2014,XNA,AR,ASW,CE,Federal Contract Tower,44,50,6,10,110,0,2,1,1,4,44,52,7,11,114,0,0,0,114
07/26/2014,XNA,AR,ASW,CE,Federal Contract Tower,25,24,5,2,56,0,1,1,0,2,25,25,6,2,58,0,0,0,58
07/27/2014,XNA,AR,ASW,CE,Federal Contract Tower,38,34,14,5,91,0,0,1,0,1,38,34,15,5,92,0,0,0,92
07/28/2014,XNA,AR,ASW,CE,Federal Contract Tower,46,46,10,26,128,0,2,2,15,19,46,48,12,41,147,0,8,8,155
07/29/2014,XNA,AR,ASW,CE,Federal Contract Tower,44,41,13,2,100,0,0,3,0,3,44,41,16,2,103,0,0,0,103
07/30/2014,XNA,AR,ASW,CE,Federal Contract Tower,40,40,5,10,95,0,0,0,0,0,40,40,5,10,95,0,10,10,105
07/31/2014,XNA,AR,ASW,CE,Federal Contract Tower,40,45,13,0,98,0,0,0,0,0,40,45,13,0,98,0,0,0,98
08/01/2014,XNA,AR,ASW,CE,Federal Contract Tower,47,40,17,20,124,0,0,4,0,4,47,40,21,20,128,0,10,10,138
08/02/2014,XNA,AR,ASW,CE,Federal Contract Tower,25,24,1,1,51,0,0,2,0,2,25,24,3,1,53,0,0,0,53
08/03/2014,XNA,AR,ASW,CE,Federal Contract Tower,41,27,5,5,78,0,2,2,0,4,41,29,7,5,82,0,0,0,82
08/04/2014,XNA,AR,ASW,CE,Federal Contract Tower,46,40,7,16,109,0,0,0,0,0,46,40,7,16,109,0,4,4,113
08/05/2014,XNA,AR,ASW,CE,Federal Contract Tower,45,41,17,45,148,0,0,0,8,8,45,41,17,53,156,6,10,16,172
08/06/2014,XNA,AR,ASW,CE,Federal Contract Tower,38,43,10,22,113,0,0,0,0,0,38,43,10,22,113,0,44,44,157
08/07/2014,XNA,AR,ASW,CE,Federal Contract Tower,42,49,18,3,112,0,0,3,0,3,42,49,21,3,115,0,30,30,145
08/08/2014,XNA,AR,ASW,CE,Federal Contract Tower,42,42,9,9,102,0,0,2,0,2,42,42,11,9,104,0,0,0,104
08/09/2014,XNA,AR,ASW,CE,Federal Contract Tower,28,25,0,2,55,0,0,2,0,2,28,25,2,2,57,0,0,0,57
08/10/2014,XNA,AR,ASW,CE,Federal Contract Tower,40,33,2,5,80,0,0,1,0,1,40,33,3,5,81,0,0,0,81
08/11/2014,XNA,AR,ASW,CE,Federal Contract Tower,43,44,6,13,106,0,3,3,0,6,43,47,9,13,112,0,0,0,112
08/12/2014,XNA,AR,ASW,CE,Federal Contract Tower,43,39,21,10,113,0,0,3,0,3,43,39,24,10,116,0,8,8,124
08/13/2014,XNA,AR,ASW,CE,Federal Contract Tower,38,40,19,11,108,0,0,1,1,2,38,40,20,12,110,0,12,12,122
08/14/2014,XNA,AR,ASW,CE,Federal Contract Tower,46,45,9,13,113,0,0,2,0,2,46,45,11,13,115,0,8,8,123
08/15/2014,XNA,AR,ASW,CE,Federal Contract Tower,44,41,3,19,107,0,0,3,0,3,44,41,6,19,110,0,0,0,110
08/16/2014,XNA,AR,ASW,CE,Federal Contract Tower,26,23,4,7,60,0,0,6,0,6,26,23,10,7,66,0,0,0,66
08/17/2014,XNA,AR,ASW,CE,Federal Contract Tower,38,27,1,38,104,0,0,2,0,2,38,27,3,38,106,0,4,4,110
08/18/2014,XNA,AR,ASW,CE,Federal Contract Tower,45,47,13,23,128,0,0,1,10,11,45,47,14,33,139,0,14,14,153
08/19/2014,XNA,AR,ASW,CE,Federal Contract Tower,34,39,18,13,104,0,0,1,0,1,34,39,19,13,105,0,40,40,145
08/20/2014,XNA,AR,ASW,CE,Federal Contract Tower,35,49,14,7,105,0,2,3,0,5,35,51,17,7,110,0,6,6,116
08/21/2014,XNA,AR,ASW,CE,Federal Contract Tower,38,47,16,16,117,0,0,8,0,8,38,47,24,16,125,0,0,0,125
08/22/2014,XNA,AR,ASW,CE,Federal Contract Tower,37,43,14,11,105,0,2,2,0,4,37,45,16,11,109,0,12,12,121
08/23/2014,XNA,AR,ASW,CE,Federal Contract Tower,22,27,0,13,62,0,0,7,0,7,22,27,7,13,69,0,0,0,69
08/24/2014,XNA,AR,ASW,CE,Federal Contract Tower,31,33,9,2,75,0,0,3,0,3,31,33,12,2,78,0,10,10,88
08/25/2014,XNA,AR,ASW,CE,Federal Contract Tower,37,36,4,37,114,0,0,4,2,6,37,36,8,39,120,0,40,40,160
08/26/2014,XNA,AR,ASW,CE,Federal Contract Tower,37,40,13,31,121,0,0,8,6,14,37,40,21,37,135,0,46,46,181
08/27/2014,XNA,AR,ASW,CE,Federal Contract Tower,35,48,15,27,125,0,0,0,3,3,35,48,15,30,128,0,14,14,142
08/28/2014,XNA,AR,ASW,CE,Federal Contract Tower,41,47,17,26,131,0,0,3,0,3,41,47,20,26,134,0,16,16,150
08/29/2014,XNA,AR,ASW,CE,Federal Contract Tower,40,43,6,0,89,0,2,2,0,4,40,45,8,0,93,0,0,0,93
08/30/2014,XNA,AR,ASW,CE,Federal Contract Tower,15,26,7,0,48,0,0,4,0,4,15,26,11,0,52,0,0,0,52
08/31/2014,XNA,AR,ASW,CE,Federal Contract Tower,21,19,2,0,42,0,0,0,0,0,21,19,2,0,42,0,0,0,42
09/01/2014,XNA,AR,ASW,CE,Federal Contract Tower,36,33,7,0,76,0,0,2,10,12,36,33,9,10,88,0,0,0,88
09/02/2014,XNA,AR,ASW,CE,Federal Contract Tower,37,47,17,14,115,0,0,2,0,2,37,47,19,14,117,0,24,24,141
09/03/2014,XNA,AR,ASW,CE,Federal Contract Tower,35,36,6,19,96,0,0,0,0,0,35,36,6,19,96,0,26,26,122
09/04/2014,XNA,AR,ASW,CE,Federal Contract Tower,39,37,17,27,120,0,0,0,0,0,39,37,17,27,120,0,20,20,140
09/05/2014,XNA,AR,ASW,CE,Federal Contract Tower,33,40,7,50,130,0,1,4,5,10,33,41,11,55,140,0,22,22,162
09/06/2014,XNA,AR,ASW,CE,Federal Contract Tower,22,30,6,4,62,0,0,1,0,1,22,30,7,4,63,0,0,0,63
09/07/2014,XNA,AR,ASW,CE,Federal Contract Tower,31,31,4,12,78,0,0,0,0,0,31,31,4,12,78,0,0,0,78
09/08/2014,XNA,AR,ASW,CE,Federal Contract Tower,40,51,6,44,141,0,2,5,11,18,40,53,11,55,159,0,94,94,253
09/09/2014,XNA,AR,ASW,CE,Federal Contract Tower,34,45,20,15,114,0,1,9,11,21,34,46,29,26,135,0,0,0,135
09/10/2014,XNA,AR,ASW,CE,Federal Contract Tower,35,42,18,10,105,0,4,1,0,5,35,46,19,10,110,0,0,0,110
09/11/2014,XNA,AR,ASW,CE,Federal Contract Tower,34,47,24,0,105,0,0,2,0,2,34,47,26,0,107,0,0,0,107
09/12/2014,XNA,AR,ASW,CE,Federal Contract Tower,37,44,20,19,120,0,0,0,0,0,37,44,20,19,120,0,0,0,120
09/13/2014,XNA,AR,ASW,CE,Federal Contract Tower,20,29,10,24,83,0,0,1,0,1,20,29,11,24,84,0,0,0,84
09/14/2014,XNA,AR,ASW,CE,Federal Contract Tower,31,32,10,20,93,0,0,0,0,0,31,32,10,20,93,0,40,40,133
09/15/2014,XNA,AR,ASW,CE,Federal Contract Tower,44,50,9,28,131,0,0,2,0,2,44,50,11,28,133,0,46,46,179
09/16/2014,XNA,AR,ASW,CE,Federal Contract Tower,39,47,16,14,116,0,2,0,0,2,39,49,16,14,118,0,0,0,118
09/17/2014,XNA,AR,ASW,CE,Federal Contract Tower,39,45,8,5,97,0,1,1,4,6,39,46,9,9,103,0,10,10,113
09/18/2014,XNA,AR,ASW,CE,Federal Contract Tower,35,43,9,8,95,0,0,2,0,2,35,43,11,8,97,0,12,12,109
09/19/2014,XNA,AR,ASW,CE,Federal Contract Tower,40,47,3,25,115,0,2,2,0,4,40,49,5,25,119,0,0,0,119
09/20/2014,XNA,AR,ASW,CE,Federal Contract Tower,23,27,4,8,62,0,0,2,0,2,23,27,6,8,64,0,26,26,90
09/21/2014,XNA,AR,ASW,CE,Federal Contract Tower,29,35,6,14,84,0,0,0,0,0,29,35,6,14,84,0,8,8,92
09/22/2014,XNA,AR,ASW,CE,Federal Contract Tower,40,51,5,30,126,0,2,5,0,7,40,53,10,30,133,24,56,80,213
09/23/2014,XNA,AR,ASW,CE,Federal Contract Tower,35,48,22,1,106,0,0,1,3,4,35,48,23,4,110,0,0,0,110
09/24/2014,XNA,AR,ASW,CE,Federal Contract Tower,37,44,8,3,92,0,0,2,1,3,37,44,10,4,95,0,0,0,95
09/25/2014,XNA,AR,ASW,CE,Federal Contract Tower,36,42,15,8,101,0,2,0,1,3,36,44,15,9,104,0,0,0,104
09/26/2014,XNA,AR,ASW,CE,Federal Contract Tower,27,36,5,20,88,0,4,2,0,6,27,40,7,20,94,0,18,18,112
09/27/2014,XNA,AR,ASW,CE,Federal Contract Tower,19,25,5,0,49,0,0,4,0,4,19,25,9,0,53,0,0,0,53
09/28/2014,XNA,AR,ASW,CE,Federal Contract Tower,30,35,9,5,79,0,0,6,0,6,30,35,15,5,85,10,10,20,105
09/29/2014,XNA,AR,ASW,CE,Federal Contract Tower,41,49,7,23,120,0,0,0,0,0,41,49,7,23,120,0,16,16,136
09/30/2014,XNA,AR,ASW,CE,Federal Contract Tower,33,47,14,20,114,0,0,2,0,2,33,47,16,20,116,0,0,0,116
10/01/2014,XNA,AR,ASW,CE,Federal Contract Tower,36,43,12,37,128,0,2,0,0,2,36,45,12,37,130,0,24,24,154
10/02/2014,XNA,AR,ASW,CE,Federal Contract Tower,23,38,14,0,75,0,1,0,0,1,23,39,14,0,76,0,0,0,76
10/03/2014,XNA,AR,ASW,CE,Federal Contract Tower,35,40,16,36,127,0,4,2,4,10,35,44,18,40,137,0,26,26,163
10/04/2014,XNA,AR,ASW,CE,Federal Contract Tower,27,16,3,43,89,0,0,9,0,9,27,16,12,43,98,6,22,28,126
10/05/2014,XNA,AR,ASW,CE,Federal Contract Tower,30,34,5,6,75,0,0,3,0,3,30,34,8,6,78,0,0,0,78
10/06/2014,XNA,AR,ASW,CE,Federal Contract Tower,39,47,4,15,105,0,0,0,0,0,39,47,4,15,105,0,8,8,113
10/07/2014,XNA,AR,ASW,CE,Federal Contract Tower,38,43,19,11,111,0,0,1,1,2,38,43,20,12,113,0,0,0,113
10/08/2014,XNA,AR,ASW,CE,Federal Contract Tower,32,48,5,6,91,0,2,1,4,7,32,50,6,10,98,0,18,18,116
10/09/2014,XNA,AR,ASW,CE,Federal Contract Tower,33,47,21,31,132,0,0,2,9,11,33,47,23,40,143,8,8,16,159
10/10/2014,XNA,AR,ASW,CE,Federal Contract Tower,37,47,15,0,99,0,0,0,0,0,37,47,15,0,99,0,0,0,99
10/11/2014,XNA,AR,ASW,CE,Federal Contract Tower,27,27,14,5,73,0,0,0,0,0,27,27,14,5,73,0,0,0,73
10/12/2014,XNA,AR,ASW,CE,Federal Contract Tower,26,39,7,3,75,0,1,0,0,1,26,40,7,3,76,0,0,0,76
10/13/2014,XNA,AR,ASW,CE,Federal Contract Tower,33,42,2,0,77,0,0,0,0,0,33,42,2,0,77,0,0,0,77
10/14/2014,XNA,AR,ASW,CE,Federal Contract Tower,32,45,15,20,112,0,0,1,0,1,32,45,16,20,113,0,8,8,121
10/15/2014,XNA,AR,ASW,CE,Federal Contract Tower,32,45,13,7,97,0,1,2,3,6,32,46,15,10,103,0,18,18,121
10/16/2014,XNA,AR,ASW,CE,Federal Contract Tower,33,46,13,2,94,0,4,2,0,6,33,50,15,2,100,0,0,0,100
10/17/2014,XNA,AR,ASW,CE,Federal Contract Tower,34,46,10,24,114,0,2,0,8,10,34,48,10,32,124,0,0,0,124
10/18/2014,XNA,AR,ASW,CE,Federal Contract Tower,26,19,1,0,46,0,0,2,0,2,26,19,3,0,48,0,0,0,48
10/19/2014,XNA,AR,ASW,CE,Federal Contract Tower,24,35,5,0,64,0,0,0,0,0,24,35,5,0,64,0,0,0,64
10/20/2014,XNA,AR,ASW,CE,Federal Contract Tower,40,47,11,9,107,0,2,4,0,6,40,49,15,9,113,0,2,2,115
10/21/2014,XNA,AR,ASW,CE,Federal Contract Tower,33,47,12,3,95,0,0,8,4,12,33,47,20,7,107,0,0,0,107
10/22/2014,XNA,AR,ASW,CE,Federal Contract Tower,33,47,16,7,103,0,0,0,0,0,33,47,16,7,103,12,16,28,131
10/23/2014,XNA,AR,ASW,CE,Federal Contract Tower,33,56,15,2,106,0,0,0,0,0,33,56,15,2,106,0,0,0,106
10/24/2014,XNA,AR,ASW,CE,Federal Contract Tower,35,46,9,29,119,0,0,0,3,3,35,46,9,32,122,0,60,60,182
10/25/2014,XNA,AR,ASW,CE,Federal Contract Tower,29,22,5,16,72,0,0,15,0,15,29,22,20,16,87,0,8,8,95
10/26/2014,XNA,AR,ASW,CE,Federal Contract Tower,27,36,10,17,90,0,0,0,2,2,27,36,10,19,92,0,8,8,100
10/27/2014,XNA,AR,ASW,CE,Federal Contract Tower,38,48,9,17,112,0,0,0,1,1,38,48,9,18,113,0,10,10,123
10/28/2014,XNA,AR,ASW,CE,Federal Contract Tower,36,42,16,6,100,0,0,1,1,2,36,42,17,7,102,0,12,12,114
10/29/2014,XNA,AR,ASW,CE,Federal Contract Tower,33,53,26,8,120,0,2,0,12,14,33,55,26,20,134,0,66,66,200
10/30/2014,XNA,AR,ASW,CE,Federal Contract Tower,35,47,17,1,100,0,2,1,1,4,35,49,18,2,104,0,0,0,104
10/31/2014,XNA,AR,ASW,CE,Federal Contract Tower,27,43,4,7,81,0,0,4,0,4,27,43,8,7,85,0,20,20,105
11/01/2014,XNA,AR,ASW,CE,Federal Contract Tower,19,20,11,0,50,0,0,0,0,0,19,20,11,0,50,0,0,0,50
11/02/2014,XNA,AR,ASW,CE,Federal Contract Tower,32,30,4,0,66,0,0,0,0,0,32,30,4,0,66,0,0,0,66
11/03/2014,XNA,AR,ASW,CE,Federal Contract Tower,41,51,15,45,152,0,0,0,0,0,41,51,15,45,152,0,114,114,266
11/04/2014,XNA,AR,ASW,CE,Federal Contract Tower,35,46,22,0,103,0,0,0,0,0,35,46,22,0,103,0,0,0,103
11/05/2014,XNA,AR,ASW,CE,Federal Contract Tower,32,49,7,2,90,0,0,2,0,2,32,49,9,2,92,0,34,34,126
11/06/2014,XNA,AR,ASW,CE,Federal Contract Tower,33,46,22,29,130,0,2,2,4,8,33,48,24,33,138,0,80,80,218
11/07/2014,XNA,AR,ASW,CE,Federal Contract Tower,36,41,6,0,83,0,2,0,0,2,36,43,6,0,85,0,0,0,85
11/08/2014,XNA,AR,ASW,CE,Federal Contract Tower,20,25,2,0,47,0,0,0,0,0,20,25,2,0,47,0,0,0,47
11/09/2014,XNA,AR,ASW,CE,Federal Contract Tower,29,33,3,0,65,0,0,0,0,0,29,33,3,0,65,0,0,0,65
11/10/2014,XNA,AR,ASW,CE,Federal Contract Tower,38,55,3,3,99,0,0,0,1,1,38,55,3,4,100,0,2,2,102
11/11/2014,XNA,AR,ASW,CE,Federal Contract Tower,37,47,23,0,107,0,0,0,0,0,37,47,23,0,107,0,0,0,107
11/12/2014,XNA,AR,ASW,CE,Federal Contract Tower,34,50,12,17,113,0,0,0,0,0,34,50,12,17,113,0,22,22,135
11/13/2014,XNA,AR,ASW,CE,Federal Contract Tower,32,46,20,3,101,0,0,3,3,6,32,46,23,6,107,0,2,2,109
11/14/2014,XNA,AR,ASW,CE,Federal Contract Tower,40,51,15,17,123,0,0,4,0,4,40,51,19,17,127,0,6,6,133
11/15/2014,XNA,AR,ASW,CE,Federal Contract Tower,20,28,2,2,52,0,0,2,2,4,20,28,4,4,56,0,0,0,56
11/16/2014,XNA,AR,ASW,CE,Federal Contract Tower,22,38,7,0,67,0,1,1,0,2,22,39,8,0,69,0,0,0,69
11/17/2014,XNA,AR,ASW,CE,Federal Contract Tower,33,48,7,10,98,0,1,2,3,6,33,49,9,13,104,0,6,6,110
11/18/2014,XNA,AR,ASW,CE,Federal Contract Tower,35,50,22,13,120,0,0,2,2,4,35,50,24,15,124,0,4,4,128
11/19/2014,XNA,AR,ASW,CE,Federal Contract Tower,30,51,11,12,104,0,2,2,0,4,30,53,13,12,108,0,48,48,156
11/20/2014,XNA,AR,ASW,CE,Federal Contract Tower,35,54,13,13,115,0,1,4,0,5,35,55,17,13,120,0,0,0,120
11/21/2014,XNA,AR,ASW,CE,Federal Contract Tower,39,46,8,0,93,0,0,0,0,0,39,46,8,0,93,0,0,0,93
11/22/2014,XNA,AR,ASW,CE,Federal Contract Tower,25,23,4,0,52,0,1,0,0,1,25,24,4,0,53,0,0,0,53
11/23/2014,XNA,AR,ASW,CE,Federal Contract Tower,25,27,5,0,57,0,0,2,0,2,25,27,7,0,59,0,0,0,59
11/24/2014,XNA,AR,ASW,CE,Federal Contract Tower,33,33,6,8,80,0,0,5,0,5,33,33,11,8,85,4,0,4,89
11/25/2014,XNA,AR,ASW,CE,Federal Contract Tower,36,38,10,26,110,0,2,3,0,5,36,40,13,26,115,0,30,30,145
11/26/2014,XNA,AR,ASW,CE,Federal Contract Tower,33,45,7,8,93,0,0,1,0,1,33,45,8,8,94,0,8,8,102
11/27/2014,XNA,AR,ASW,CE,Federal Contract Tower,21,21,1,0,43,0,0,0,0,0,21,21,1,0,43,0,0,0,43
11/28/2014,XNA,AR,ASW,CE,Federal Contract Tower,26,23,7,0,56,0,2,0,0,2,26,25,7,0,58,0,0,0,58
11/29/2014,XNA,AR,ASW,CE,Federal Contract Tower,31,44,2,0,77,0,0,4,0,4,31,44,6,0,81,0,0,0,81
11/30/2014,XNA,AR,ASW,CE,Federal Contract Tower,28,47,1,0,76,0,2,0,0,2,28,49,1,0,78,0,0,0,78
12/01/2014,XNA,AR,ASW,CE,Federal Contract Tower,42,44,8,3,97,0,0,0,0,0,42,44,8,3,97,0,0,0,97
12/02/2014,XNA,AR,ASW,CE,Federal Contract Tower,32,40,20,24,116,0,0,2,0,2,32,40,22,24,118,0,26,26,144
12/03/2014,XNA,AR,ASW,CE,Federal Contract Tower,36,38,20,11,105,0,0,0,12,12,36,38,20,23,117,0,16,16,133
12/04/2014,XNA,AR,ASW,CE,Federal Contract Tower,38,36,18,0,92,0,0,0,0,0,38,36,18,0,92,0,0,0,92
12/05/2014,XNA,AR,ASW,CE,Federal Contract Tower,37,47,9,2,95,0,0,0,0,0,37,47,9,2,95,0,0,0,95
12/06/2014,XNA,AR,ASW,CE,Federal Contract Tower,29,15,4,2,50,0,0,0,0,0,29,15,4,2,50,0,0,0,50
12/07/2014,XNA,AR,ASW,CE,Federal Contract Tower,30,27,16,0,73,0,0,0,0,0,30,27,16,0,73,0,0,0,73
12/08/2014,XNA,AR,ASW,CE,Federal Contract Tower,38,37,14,7,96,0,0,1,0,1,38,37,15,7,97,0,0,0,97
12/09/2014,XNA,AR,ASW,CE,Federal Contract Tower,24,50,14,3,91,0,0,7,0,7,24,50,21,3,98,0,12,12,110
12/10/2014,XNA,AR,ASW,CE,Federal Contract Tower,32,41,19,12,104,0,2,0,0,2,32,43,19,12,106,0,18,18,124
12/11/2014,XNA,AR,ASW,CE,Federal Contract Tower,36,44,19,41,140,0,2,0,0,2,36,46,19,41,142,0,14,14,156
12/12/2014,XNA,AR,ASW,CE,Federal Contract Tower,36,41,4,15,96,0,0,0,0,0,36,41,4,15,96,0,6,6,102
12/13/2014,XNA,AR,ASW,CE,Federal Contract Tower,25,13,10,4,52,0,0,0,0,0,25,13,10,4,52,0,0,0,52
12/14/2014,XNA,AR,ASW,CE,Federal Contract Tower,32,21,4,1,58,0,0,1,1,2,32,21,5,2,60,0,0,0,60
12/15/2014,XNA,AR,ASW,CE,Federal Contract Tower,39,42,14,7,102,0,2,1,0,3,39,44,15,7,105,0,4,4,109
12/16/2014,XNA,AR,ASW,CE,Federal Contract Tower,33,44,19,15,111,0,2,1,0,3,33,46,20,15,114,0,0,0,114
12/17/2014,XNA,AR,ASW,CE,Federal Contract Tower,34,44,13,4,95,0,0,0,0,0,34,44,13,4,95,0,62,62,157
12/18/2014,XNA,AR,ASW,CE,Federal Contract Tower,30,39,27,0,96,0,0,0,0,0,30,39,27,0,96,0,0,0,96
12/19/2014,XNA,AR,ASW,CE,Federal Contract Tower,34,46,6,0,86,0,0,0,0,0,34,46,6,0,86,0,0,0,86
12/20/2014,XNA,AR,ASW,CE,Federal Contract Tower,25,24,2,0,51,0,1,3,0,4,25,25,5,0,55,0,0,0,55
12/21/2014,XNA,AR,ASW,CE,Federal Contract Tower,30,29,1,5,65,0,4,1,0,5,30,33,2,5,70,0,0,0,70
12/22/2014,XNA,AR,ASW,CE,Federal Contract Tower,39,27,10,0,76,0,0,0,0,0,39,27,10,0,76,0,0,0,76
12/23/2014,XNA,AR,ASW,CE,Federal Contract Tower,31,33,11,2,77,0,1,0,0,1,31,34,11,2,78,0,8,8,86
12/24/2014,XNA,AR,ASW,CE,Federal Contract Tower,24,19,6,0,49,0,1,1,0,2,24,20,7,0,51,0,0,0,51
12/25/2014,XNA,AR,ASW,CE,Federal Contract Tower,28,16,0,0,44,0,2,0,0,2,28,18,0,0,46,0,0,0,46
12/26/2014,XNA,AR,ASW,CE,Federal Contract Tower,41,29,6,0,76,0,0,2,0,2,41,29,8,0,78,0,0,0,78
12/27/2014,XNA,AR,ASW,CE,Federal Contract Tower,22,28,4,0,54,0,1,0,0,1,22,29,4,0,55,0,0,0,55
12/28/2014,XNA,AR,ASW,CE,Federal Contract Tower,35,27,4,0,66,0,0,0,0,0,35,27,4,0,66,0,0,0,66
12/29/2014,XNA,AR,ASW,CE,Federal Contract Tower,41,32,6,7,86,0,2,2,0,4,41,34,8,7,90,0,28,28,118
12/30/2014,XNA,AR,ASW,CE,Federal Contract Tower,31,33,10,13,87,0,0,3,0,3,31,33,13,13,90,0,22,22,112
12/31/2014,XNA,AR,ASW,CE,Federal Contract Tower,30,21,4,0,55,0,0,0,0,0,30,21,4,0,55,0,0,0,55
01/01/2015,XNA,AR,ASW,CE,Federal Contract Tower,23,16,2,0,41,0,1,0,0,1,23,17,2,0,42,0,0,0,42
01/02/2015,XNA,AR,ASW,CE,Federal Contract Tower,42,26,5,0,73,0,0,0,0,0,42,26,5,0,73,0,0,0,73
01/03/2015,XNA,AR,ASW,CE,Federal Contract Tower,27,25,5,0,57,0,0,0,0,0,27,25,5,0,57,0,0,0,57
01/04/2015,XNA,AR,ASW,CE,Federal Contract Tower,26,23,8,0,57,0,1,0,0,1,26,24,8,0,58,0,0,0,58
01/05/2015,XNA,AR,ASW,CE,Federal Contract Tower,30,44,14,0,88,0,0,4,0,4,30,44,18,0,92,0,0,0,92
01/06/2015,XNA,AR,ASW,CE,Federal Contract Tower,29,38,8,17,92,0,0,0,0,0,29,38,8,17,92,0,4,4,96
01/07/2015,XNA,AR,ASW,CE,Federal Contract Tower,30,38,10,17,95,0,0,4,3,7,30,38,14,20,102,0,26,26,128
01/08/2015,XNA,AR,ASW,CE,Federal Contract Tower,29,42,13,15,99,0,0,0,2,2,29,42,13,17,101,0,14,14,115
01/09/2015,XNA,AR,ASW,CE,Federal Contract Tower,33,46,10,25,114,0,0,4,0,4,33,46,14,25,118,0,28,28,146
01/10/2015,XNA,AR,ASW,CE,Federal Contract Tower,22,22,6,3,53,0,0,0,0,0,22,22,6,3,53,0,0,0,53
01/11/2015,XNA,AR,ASW,CE,Federal Contract Tower,26,31,5,15,77,0,0,0,0,0,26,31,5,15,77,0,0,0,77
01/12/2015,XNA,AR,ASW,CE,Federal Contract Tower,31,40,18,6,95,0,0,0,0,0,31,40,18,6,95,0,0,0,95
01/13/2015,XNA,AR,ASW,CE,Federal Contract Tower,26,36,25,22,109,0,0,3,0,3,26,36,28,22,112,0,14,14,126
01/14/2015,XNA,AR,ASW,CE,Federal Contract Tower,30,41,15,2,88,0,1,2,0,3,30,42,17,2,91,0,0,0,91
01/15/2015,XNA,AR,ASW,CE,Federal Contract Tower,33,41,17,6,97,0,1,2,0,3,33,42,19,6,100,0,0,0,100
01/16/2015,XNA,AR,ASW,CE,Federal Contract Tower,39,48,16,0,103,0,0,4,0,4,39,48,20,0,107,0,0,0,107
01/17/2015,XNA,AR,ASW,CE,Federal Contract Tower,19,20,3,2,44,0,0,5,0,5,19,20,8,2,49,0,0,0,49
01/18/2015,XNA,AR,ASW,CE,Federal Contract Tower,27,25,3,0,55,0,0,4,0,4,27,25,7,0,59,0,0,0,59
01/19/2015,XNA,AR,ASW,CE,Federal Contract Tower,36,44,4,10,94,0,0,5,0,5,36,44,9,10,99,12,0,12,111
01/20/2015,XNA,AR,ASW,CE,Federal Contract Tower,31,42,9,8,90,0,2,3,0,5,31,44,12,8,95,18,0,18,113
01/21/2015,XNA,AR,ASW,CE,Federal Contract Tower,33,40,20,5,98,0,1,8,1,10,33,41,28,6,108,0,0,0,108
01/22/2015,XNA,AR,ASW,CE,Federal Contract Tower,33,44,14,4,95,0,0,5,0,5,33,44,19,4,100,0,0,0,100
01/23/2015,XNA,AR,ASW,CE,Federal Contract Tower,34,42,4,20,100,0,1,1,0,2,34,43,5,20,102,0,20,20,122
01/24/2015,XNA,AR,ASW,CE,Federal Contract Tower,18,22,9,0,49,0,0,1,0,1,18,22,10,0,50,0,0,0,50
01/25/2015,XNA,AR,ASW,CE,Federal Contract Tower,26,29,8,0,63,0,2,0,0,2,26,31,8,0,65,0,0,0,65
01/26/2015,XNA,AR,ASW,CE,Federal Contract Tower,31,41,26,8,106,0,0,0,0,0,31,41,26,8,106,0,4,4,110
01/27/2015,XNA,AR,ASW,CE,Federal Contract Tower,26,36,19,8,89,0,0,7,5,12,26,36,26,13,101,0,0,0,101
01/28/2015,XNA,AR,ASW,CE,Federal Contract Tower,34,42,14,0,90,0,2,7,0,9,34,44,21,0,99,0,0,0,99
01/29/2015,XNA,AR,ASW,CE,Federal Contract Tower,34,40,31,10,115,0,2,2,0,4,34,42,33,10,119,0,8,8,127
01/30/2015,XNA,AR,ASW,CE,Federal Contract Tower,40,39,13,14,106,0,0,0,0,0,40,39,13,14,106,0,8,8,114
01/31/2015,XNA,AR,ASW,CE,Federal Contract Tower,23,19,9,2,53,0,0,5,0,5,23,19,14,2,58,4,0,4,62
02/01/2015,XNA,AR,ASW,CE,Federal Contract Tower,21,23,6,6,56,0,0,0,0,0,21,23,6,6,56,0,0,0,56
02/02/2015,XNA,AR,ASW,CE,Federal Contract Tower,27,31,9,9,76,0,1,3,0,4,27,32,12,9,80,0,66,66,146
02/03/2015,XNA,AR,ASW,CE,Federal Contract Tower,23,45,15,5,88,0,1,5,0,6,23,46,20,5,94,4,0,4,98
02/04/2015,XNA,AR,ASW,CE,Federal Contract Tower,42,38,11,15,106,0,1,0,0,1,42,39,11,15,107,0,14,14,121
02/05/2015,XNA,AR,ASW,CE,Federal Contract Tower,33,47,9,43,132,0,2,0,1,3,33,49,9,44,135,0,22,22,157
02/06/2015,XNA,AR,ASW,CE,Federal Contract Tower,39,39,9,43,130,0,0,2,0,2,39,39,11,43,132,0,10,10,142
02/07/2015,XNA,AR,ASW,CE,Federal Contract Tower,18,19,4,2,43,0,2,0,4,6,18,21,4,6,49,0,0,0,49
02/08/2015,XNA,AR,ASW,CE,Federal Contract Tower,25,29,3,0,57,0,2,6,0,8,25,31,9,0,65,0,0,0,65
02/09/2015,XNA,AR,ASW,CE,Federal Contract Tower,33,45,6,22,106,0,1,0,0,1,33,46,6,22,107,0,0,0,107
02/10/2015,XNA,AR,ASW,CE,Federal Contract Tower,29,46,18,35,128,0,2,0,0,2,29,48,18,35,130,0,14,14,144
02/11/2015,XNA,AR,ASW,CE,Federal Contract Tower,31,43,9,8,91,0,2,0,0,2,31,45,9,8,93,0,0,0,93
02/12/2015,XNA,AR,ASW,CE,Federal Contract Tower,35,46,11,22,114,0,1,2,4,7,35,47,13,26,121,0,8,8,129
02/13/2015,XNA,AR,ASW,CE,Federal Contract Tower,32,45,6,29,112,0,0,2,0,2,32,45,8,29,114,0,12,12,126
02/14/2015,XNA,AR,ASW,CE,Federal Contract Tower,19,17,2,20,58,0,0,0,3,3,19,17,2,23,61,0,10,10,71
02/15/2015,XNA,AR,ASW,CE,Federal Contract Tower,32,28,0,0,60,0,0,0,0,0,32,28,0,0,60,0,0,0,60
02/16/2015,XNA,AR,ASW,CE,Federal Contract Tower,27,39,4,0,70,0,2,0,0,2,27,41,4,0,72,0,0,0,72
02/17/2015,XNA,AR,ASW,CE,Federal Contract Tower,30,48,16,8,102,0,4,0,0,4,30,52,16,8,106,0,0,0,106
02/18/2015,XNA,AR,ASW,CE,Federal Contract Tower,33,43,7,4,87,0,2,1,1,4,33,45,8,5,91,0,0,0,91
02/19/2015,XNA,AR,ASW,CE,Federal Contract Tower,39,43,21,0,103,0,1,1,0,2,39,44,22,0,105,0,0,0,105
02/20/2015,XNA,AR,ASW,CE,Federal Contract Tower,33,45,4,0,82,0,0,0,0,0,33,45,4,0,82,0,0,0,82
02/21/2015,XNA,AR,ASW,CE,Federal Contract Tower,20,23,4,0,47,0,0,0,0,0,20,23,4,0,47,0,0,0,47
02/22/2015,XNA,AR,ASW,CE,Federal Contract Tower,30,30,5,0,65,0,1,0,0,1,30,31,5,0,66,0,0,0,66
02/23/2015,XNA,AR,ASW,CE,Federal Contract Tower,33,38,4,0,75,0,1,0,0,1,33,39,4,0,76,0,0,0,76
02/24/2015,XNA,AR,ASW,CE,Federal Contract Tower,33,40,22,0,95,0,0,0,0,0,33,40,22,0,95,0,0,0,95
02/25/2015,XNA,AR,ASW,CE,Federal Contract Tower,28,49,10,2,89,0,0,0,0,0,28,49,10,2,89,0,0,0,89
02/26/2015,XNA,AR,ASW,CE,Federal Contract Tower,40,41,9,0,90,0,0,0,0,0,40,41,9,0,90,0,0,0,90
02/27/2015,XNA,AR,ASW,CE,Federal Contract Tower,32,44,15,3,94,0,5,2,1,8,32,49,17,4,102,0,0,0,102
02/28/2015,XNA,AR,ASW,CE,Federal Contract Tower,16,13,4,0,33,0,0,0,0,0,16,13,4,0,33,0,0,0,33
03/01/2015,XNA,AR,ASW,CE,Federal Contract Tower,27,30,2,0,59,0,0,0,0,0,27,30,2,0,59,0,0,0,59
03/02/2015,XNA,AR,ASW,CE,Federal Contract Tower,39,36,9,2,86,0,0,0,0,0,39,36,9,2,86,0,0,0,86
03/03/2015,XNA,AR,ASW,CE,Federal Contract Tower,34,45,26,2,107,0,0,0,0,0,34,45,26,2,107,0,0,0,107
03/04/2015,XNA,AR,ASW,CE,Federal Contract Tower,32,26,6,0,64,0,0,0,0,0,32,26,6,0,64,0,0,0,64
03/05/2015,XNA,AR,ASW,CE,Federal Contract Tower,28,45,32,10,115,0,3,6,0,9,28,48,38,10,124,0,0,0,124
03/06/2015,XNA,AR,ASW,CE,Federal Contract Tower,36,36,9,7,88,0,2,4,2,8,36,38,13,9,96,0,0,0,96
03/07/2015,XNA,AR,ASW,CE,Federal Contract Tower,25,23,4,1,53,0,0,7,3,10,25,23,11,4,63,0,0,0,63
03/08/2015,XNA,AR,ASW,CE,Federal Contract Tower,42,24,6,10,82,0,1,3,0,4,42,25,9,10,86,0,0,0,86
03/09/2015,XNA,AR,ASW,CE,Federal Contract Tower,35,42,5,9,91,0,1,0,0,1,35,43,5,9,92,0,0,0,92
03/10/2015,XNA,AR,ASW,CE,Federal Contract Tower,36,47,19,0,102,0,0,2,0,2,36,47,21,0,104,0,0,0,104
03/11/2015,XNA,AR,ASW,CE,Federal Contract Tower,41,44,11,13,109,0,3,1,1,5,41,47,12,14,114,0,24,24,138
03/12/2015,XNA,AR,ASW,CE,Federal Contract Tower,38,42,13,2,95,0,1,0,0,1,38,43,13,2,96,0,10,10,106
03/13/2015,XNA,AR,ASW,CE,Federal Contract Tower,37,45,12,0,94,0,0,0,0,0,37,45,12,0,94,0,0,0,94
03/14/2015,XNA,AR,ASW,CE,Federal Contract Tower,20,25,3,2,50,0,1,1,0,2,20,26,4,2,52,0,0,0,52
03/15/2015,XNA,AR,ASW,CE,Federal Contract Tower,34,40,6,3,83,0,4,3,0,7,34,44,9,3,90,0,4,4,94
03/16/2015,XNA,AR,ASW,CE,Federal Contract Tower,32,48,10,8,98,0,0,4,4,8,32,48,14,12,106,0,0,0,106
03/17/2015,XNA,AR,ASW,CE,Federal Contract Tower,39,48,13,26,126,0,0,3,0,3,39,48,16,26,129,0,34,34,163
03/18/2015,XNA,AR,ASW,CE,Federal Contract Tower,35,46,12,2,95,0,0,0,0,0,35,46,12,2,95,0,0,0,95
03/19/2015,XNA,AR,ASW,CE,Federal Contract Tower,37,46,14,11,108,0,1,0,0,1,37,47,14,11,109,0,0,0,109
03/20/2015,XNA,AR,ASW,CE,Federal Contract Tower,33,47,6,6,92,0,0,0,2,2,33,47,6,8,94,0,6,6,100
03/21/2015,XNA,AR,ASW,CE,Federal Contract Tower,25,24,6,0,55,0,0,7,2,9,25,24,13,2,64,0,0,0,64
03/22/2015,XNA,AR,ASW,CE,Federal Contract Tower,35,29,2,2,68,0,0,0,0,0,35,29,2,2,68,0,0,0,68
03/23/2015,XNA,AR,ASW,CE,Federal Contract Tower,26,43,7,12,88,0,0,2,1,3,26,43,9,13,91,6,0,6,97
03/24/2015,XNA,AR,ASW,CE,Federal Contract Tower,39,44,14,14,111,0,2,1,1,4,39,46,15,15,115,0,36,36,151
03/25/2015,XNA,AR,ASW,CE,Federal Contract Tower,31,43,7,8,89,0,0,1,0,1,31,43,8,8,90,0,6,6,96
03/26/2015,XNA,AR,ASW,CE,Federal Contract Tower,37,48,14,13,112,0,3,0,1,4,37,51,14,14,116,0,18,18,134
03/27/2015,XNA,AR,ASW,CE,Federal Contract Tower,31,45,3,11,90,0,3,0,1,4,31,48,3,12,94,0,2,2,96
03/28/2015,XNA,AR,ASW,CE,Federal Contract Tower,21,24,6,0,51,0,0,1,0,1,21,24,7,0,52,0,0,0,52
03/29/2015,XNA,AR,ASW,CE,Federal Contract Tower,37,26,3,0,66,0,1,0,0,1,37,27,3,0,67,0,0,0,67
03/30/2015,XNA,AR,ASW,CE,Federal Contract Tower,39,43,10,11,103,0,0,1,0,1,39,43,11,11,104,0,38,38,142
03/31/2015,XNA,AR,ASW,CE,Federal Contract Tower,48,37,19,3,107,0,0,2,2,4,48,37,21,5,111,0,0,0,111
04/01/2015,XNA,AR,ASW,CE,Federal Contract Tower,36,51,1,2,90,0,1,4,0,5,36,52,5,2,95,0,0,0,95
04/02/2015,XNA,AR,ASW,CE,Federal Contract Tower,38,36,11,15,100,0,3,0,0,3,38,39,11,15,103,0,14,14,117
04/03/2015,XNA,AR,ASW,CE,Federal Contract Tower,42,42,3,0,87,0,0,2,0,2,42,42,5,0,89,0,0,0,89
04/04/2015,XNA,AR,ASW,CE,Federal Contract Tower,23,19,3,0,45,0,0,2,0,2,23,19,5,0,47,0,0,0,47
04/05/2015,XNA,AR,ASW,CE,Federal Contract Tower,39,24,3,0,66,0,2,1,0,3,39,26,4,0,69,0,0,0,69
04/06/2015,XNA,AR,ASW,CE,Federal Contract Tower,44,35,11,4,94,0,2,0,0,2,44,37,11,4,96,0,0,0,96
04/07/2015,XNA,AR,ASW,CE,Federal Contract Tower,37,45,18,13,113,0,0,1,0,1,37,45,19,13,114,0,24,24,138
04/08/2015,XNA,AR,ASW,CE,Federal Contract Tower,33,44,18,11,106,0,0,0,0,0,33,44,18,11,106,0,18,18,124
04/09/2015,XNA,AR,ASW,CE,Federal Contract Tower,37,41,19,0,97,0,1,3,0,4,37,42,22,0,101,0,0,0,101
04/10/2015,XNA,AR,ASW,CE,Federal Contract Tower,36,39,18,16,109,0,0,3,2,5,36,39,21,18,114,0,0,0,114
04/11/2015,XNA,AR,ASW,CE,Federal Contract Tower,28,13,9,0,50,0,2,0,4,6,28,15,9,4,56,2,0,2,58
04/12/2015,XNA,AR,ASW,CE,Federal Contract Tower,42,27,10,11,90,0,3,4,0,7,42,30,14,11,97,0,10,10,107
04/13/2015,XNA,AR,ASW,CE,Federal Contract Tower,34,42,4,0,80,0,0,2,0,2,34,42,6,0,82,0,0,0,82
04/14/2015,XNA,AR,ASW,CE,Federal Contract Tower,44,38,15,4,101,0,1,3,0,4,44,39,18,4,105,0,36,36,141
04/15/2015,XNA,AR,ASW,CE,Federal Contract Tower,36,43,15,0,94,0,1,1,0,2,36,44,16,0,96,0,0,0,96
04/16/2015,XNA,AR,ASW,CE,Federal Contract Tower,43,34,8,18,103,0,0,2,0,2,43,34,10,18,105,0,6,6,111
04/17/2015,XNA,AR,ASW,CE,Federal Contract Tower,39,38,9,10,96,0,1,1,6,8,39,39,10,16,104,0,0,0,104
04/18/2015,XNA,AR,ASW,CE,Federal Contract Tower,28,12,1,8,49,0,0,0,0,0,28,12,1,8,49,0,0,0,49
04/19/2015,XNA,AR,ASW,CE,Federal Contract Tower,39,27,11,0,77,0,3,0,0,3,39,30,11,0,80,0,0,0,80
04/20/2015,XNA,AR,ASW,CE,Federal Contract Tower,39,37,10,16,102,0,0,0,0,0,39,37,10,16,102,0,14,14,116
04/21/2015,XNA,AR,ASW,CE,Federal Contract Tower,35,45,12,13,105,0,0,2,0,2,35,45,14,13,107,0,0,0,107
04/22/2015,XNA,AR,ASW,CE,Federal Contract Tower,41,46,16,3,106,0,3,1,0,4,41,49,17,3,110,0,0,0,110
04/23/2015,XNA,AR,ASW,CE,Federal Contract Tower,41,50,20,27,138,0,1,8,0,9,41,51,28,27,147,0,10,10,157
04/24/2015,XNA,AR,ASW,CE,Federal Contract Tower,32,34,13,5,84,0,0,0,1,1,32,34,13,6,85,0,14,14,99
04/25/2015,XNA,AR,ASW,CE,Federal Contract Tower,29,14,7,3,53,0,2,0,1,3,29,16,7,4,56,0,0,0,56
04/26/2015,XNA,AR,ASW,CE,Federal Contract Tower,42,23,9,2,76,0,0,2,0,2,42,23,11,2,78,12,0,12,90
04/27/2015,XNA,AR,ASW,CE,Federal Contract Tower,31,41,7,2,81,0,1,2,0,3,31,42,9,2,84,0,0,0,84
04/28/2015,XNA,AR,ASW,CE,Federal Contract Tower,38,39,24,2,103,0,1,0,0,1,38,40,24,2,104,0,0,0,104
04/29/2015,XNA,AR,ASW,CE,Federal Contract Tower,37,37,16,23,113,0,0,6,1,7,37,37,22,24,120,0,58,58,178
04/30/2015,XNA,AR,ASW,CE,Federal Contract Tower,37,40,8,9,94,0,0,11,0,11,37,40,19,9,105,2,0,2,107
05/01/2015,XNA,AR,ASW,CE,Federal Contract Tower,32,40,4,6,82,0,0,0,0,0,32,40,4,6,82,0,0,0,82
05/02/2015,XNA,AR,ASW,CE,Federal Contract Tower,23,14,9,2,48,0,0,1,2,3,23,14,10,4,51,0,0,0,51
05/03/2015,XNA,AR,ASW,CE,Federal Contract Tower,33,30,1,8,72,0,5,3,0,8,33,35,4,8,80,0,6,6,86
05/04/2015,XNA,AR,ASW,CE,Federal Contract Tower,37,43,4,22,106,0,5,4,0,9,37,48,8,22,115,0,34,34,149
05/05/2015,XNA,AR,ASW,CE,Federal Contract Tower,39,40,16,16,111,0,1,0,0,1,39,41,16,16,112,0,24,24,136
05/06/2015,XNA,AR,ASW,CE,Federal Contract Tower,36,46,16,7,105,0,0,0,0,0,36,46,16,7,105,0,0,0,105
05/07/2015,XNA,AR,ASW,CE,Federal Contract Tower,34,52,16,0,102,0,0,1,0,1,34,52,17,0,103,0,0,0,103
05/08/2015,XNA,AR,ASW,CE,Federal Contract Tower,29,45,15,0,89,0,1,0,0,1,29,46,15,0,90,0,0,0,90
05/09/2015,XNA,AR,ASW,CE,Federal Contract Tower,19,20,3,0,42,0,2,0,0,2,19,22,3,0,44,0,0,0,44
05/10/2015,XNA,AR,ASW,CE,Federal Contract Tower,26,28,6,0,60,0,4,0,0,4,26,32,6,0,64,0,0,0,64
05/11/2015,XNA,AR,ASW,CE,Federal Contract Tower,33,43,14,4,94,0,1,0,0,1,33,44,14,4,95,0,20,20,115
05/12/2015,XNA,AR,ASW,CE,Federal Contract Tower,35,42,28,13,118,0,0,7,1,8,35,42,35,14,126,0,2,2,128
05/13/2015,XNA,AR,ASW,CE,Federal Contract Tower,35,44,26,10,115,0,1,4,9,14,35,45,30,19,129,0,0,0,129
05/14/2015,XNA,AR,ASW,CE,Federal Contract Tower,35,44,16,2,97,0,0,0,4,4,35,44,16,6,101,0,4,4,105
05/15/2015,XNA,AR,ASW,CE,Federal Contract Tower,34,43,3,0,80,0,0,1,0,1,34,43,4,0,81,0,0,0,81
05/16/2015,XNA,AR,ASW,CE,Federal Contract Tower,21,22,0,0,43,0,1,2,0,3,21,23,2,0,46,4,0,4,50
05/17/2015,XNA,AR,ASW,CE,Federal Contract Tower,33,25,0,0,58,0,5,2,0,7,33,30,2,0,65,0,0,0,65
05/18/2015,XNA,AR,ASW,CE,Federal Contract Tower,32,49,8,26,115,0,4,1,0,5,32,53,9,26,120,0,16,16,136
05/19/2015,XNA,AR,ASW,CE,Federal Contract Tower,36,49,14,9,108,0,0,2,0,2,36,49,16,9,110,0,0,0,110
05/20/2015,XNA,AR,ASW,CE,Federal Contract Tower,34,54,15,10,113,0,0,1,0,1,34,54,16,10,114,0,0,0,114
05/21/2015,XNA,AR,ASW,CE,Federal Contract Tower,40,47,13,20,120,0,0,4,2,6,40,47,17,22,126,0,12,12,138
05/22/2015,XNA,AR,ASW,CE,Federal Contract Tower,37,47,10,10,104,0,2,0,0,2,37,49,10,10,106,0,10,10,116
05/23/2015,XNA,AR,ASW,CE,Federal Contract Tower,18,20,7,2,47,0,1,0,0,1,18,21,7,2,48,0,6,6,54
05/24/2015,XNA,AR,ASW,CE,Federal Contract Tower,27,21,2,0,50,0,0,0,0,0,27,21,2,0,50,0,0,0,50
05/25/2015,XNA,AR,ASW,CE,Federal Contract Tower,28,30,3,0,61,0,6,0,0,6,28,36,3,0,67,0,0,0,67
05/26/2015,XNA,AR,ASW,CE,Federal Contract Tower,29,47,17,20,113,0,1,2,1,4,29,48,19,21,117,0,36,36,153
05/27/2015,XNA,AR,ASW,CE,Federal Contract Tower,31,49,18,17,115,0,0,1,3,4,31,49,19,20,119,0,22,22,141
05/28/2015,XNA,AR,ASW,CE,Federal Contract Tower,34,55,9,2,100,0,0,9,1,10,34,55,18,3,110,0,0,0,110
05/29/2015,XNA,AR,ASW,CE,Federal Contract Tower,31,48,12,6,97,0,0,3,0,3,31,48,15,6,100,0,0,0,100
05/30/2015,XNA,AR,ASW,CE,Federal Contract Tower,25,25,2,0,52,0,0,0,0,0,25,25,2,0,52,0,0,0,52
05/31/2015,XNA,AR,ASW,CE,Federal Contract Tower,38,30,4,0,72,0,4,0,0,4,38,34,4,0,76,0,0,0,76
06/01/2015,XNA,AR,ASW,CE,Federal Contract Tower,40,48,12,14,114,0,5,2,1,8,40,53,14,15,122,0,58,58,180
06/02/2015,XNA,AR,ASW,CE,Federal Contract Tower,54,32,12,21,119,0,0,0,0,0,54,32,12,21,119,0,0,0,119
06/03/2015,XNA,AR,ASW,CE,Federal Contract Tower,35,49,12,4,100,0,2,2,0,4,35,51,14,4,104,0,0,0,104
06/04/2015,XNA,AR,ASW,CE,Federal Contract Tower,39,41,11,25,116,0,1,7,0,8,39,42,18,25,124,0,4,4,128
06/05/2015,XNA,AR,ASW,CE,Federal Contract Tower,69,27,9,33,138,0,2,3,0,5,69,29,12,33,143,0,0,0,143
06/06/2015,XNA,AR,ASW,CE,Federal Contract Tower,46,24,5,2,77,0,0,3,0,3,46,24,8,2,80,0,0,0,80
06/07/2015,XNA,AR,ASW,CE,Federal Contract Tower,35,29,9,2,75,0,4,1,0,5,35,33,10,2,80,0,4,4,84
06/08/2015,XNA,AR,ASW,CE,Federal Contract Tower,35,47,6,15,103,0,4,2,1,7,35,51,8,16,110,0,10,10,120
06/09/2015,XNA,AR,ASW,CE,Federal Contract Tower,42,40,24,34,140,0,0,1,0,1,42,40,25,34,141,0,42,42,183
06/10/2015,XNA,AR,ASW,CE,Federal Contract Tower,34,40,14,13,101,0,1,8,4,13,34,41,22,17,114,0,18,18,132
06/11/2015,XNA,AR,ASW,CE,Federal Contract Tower,39,50,11,39,139,0,0,4,1,5,39,50,15,40,144,4,38,42,186
06/12/2015,XNA,AR,ASW,CE,Federal Contract Tower,34,42,8,40,124,0,1,3,17,21,34,43,11,57,145,0,14,14,159
06/13/2015,XNA,AR,ASW,CE,Federal Contract Tower,29,26,7,2,64,0,0,10,0,10,29,26,17,2,74,0,0,0,74
06/14/2015,XNA,AR,ASW,CE,Federal Contract Tower,41,27,6,7,81,0,1,0,0,1,41,28,6,7,82,10,0,10,92
06/15/2015,XNA,AR,ASW,CE,Federal Contract Tower,27,35,5,0,67,0,1,0,0,1,27,36,5,0,68,0,0,0,68
06/16/2015,XNA,AR,ASW,CE,Federal Contract Tower,31,36,19,0,86,0,0,1,6,7,31,36,20,6,93,0,0,0,93
06/17/2015,XNA,AR,ASW,CE,Federal Contract Tower,34,38,17,2,91,0,2,6,0,8,34,40,23,2,99,0,0,0,99
06/18/2015,XNA,AR,ASW,CE,Federal Contract Tower,40,46,11,0,97,0,0,0,0,0,40,46,11,0,97,0,0,0,97
06/19/2015,XNA,AR,ASW,CE,Federal Contract Tower,30,50,5,9,94,0,2,2,0,4,30,52,7,9,98,2,0,2,100
06/20/2015,XNA,AR,ASW,CE,Federal Contract Tower,28,26,3,7,64,0,1,3,0,4,28,27,6,7,68,0,12,12,80
06/21/2015,XNA,AR,ASW,CE,Federal Contract Tower,32,31,5,1,69,0,2,3,0,5,32,33,8,1,74,6,0,6,80
06/22/2015,XNA,AR,ASW,CE,Federal Contract Tower,32,41,14,6,93,0,2,0,1,3,32,43,14,7,96,0,8,8,104
06/23/2015,XNA,AR,ASW,CE,Federal Contract Tower,32,43,20,11,106,0,0,0,2,2,32,43,20,13,108,10,16,26,134
06/24/2015,XNA,AR,ASW,CE,Federal Contract Tower,37,43,17,5,102,0,2,6,1,9,37,45,23,6,111,0,8,8,119
06/25/2015,XNA,AR,ASW,CE,Federal Contract Tower,41,51,13,11,116,0,2,4,2,8,41,53,17,13,124,0,4,4,128
06/26/2015,XNA,AR,ASW,CE,Federal Contract Tower,32,37,0,2,71,0,2,2,2,6,32,39,2,4,77,0,12,12,89
06/27/2015,XNA,AR,ASW,CE,Federal Contract Tower,22,31,2,0,55,0,1,5,0,6,22,32,7,0,61,0,10,10,71
06/28/2015,XNA,AR,ASW,CE,Federal Contract Tower,34,33,7,2,76,0,2,1,0,3,34,35,8,2,79,0,10,10,89
06/29/2015,XNA,AR,ASW,CE,Federal Contract Tower,37,38,9,33,117,0,4,8,2,14,37,42,17,35,131,0,24,24,155
06/30/2015,XNA,AR,ASW,CE,Federal Contract Tower,33,41,12,2,88,0,10,5,1,16,33,51,17,3,104,0,0,0,104
07/01/2015,XNA,AR,ASW,CE,Federal Contract Tower,39,36,9,18,102,0,12,4,3,19,39,48,13,21,121,0,10,10,131
07/02/2015,XNA,AR,ASW,CE,Federal Contract Tower,35,41,21,0,97,0,0,2,0,2,35,41,23,0,99,0,28,28,127
07/03/2015,XNA,AR,ASW,CE,Federal Contract Tower,34,32,4,2,72,0,4,1,0,5,34,36,5,2,77,0,0,0,77
07/04/2015,XNA,AR,ASW,CE,Federal Contract Tower,27,21,2,0,50,0,2,0,0,2,27,23,2,0,52,0,0,0,52
07/05/2015,XNA,AR,ASW,CE,Federal Contract Tower,33,36,1,0,70,0,4,1,0,5,33,40,2,0,75,0,0,0,75
07/06/2015,XNA,AR,ASW,CE,Federal Contract Tower,33,50,14,4,101,0,2,0,0,2,33,52,14,4,103,0,0,0,103
07/07/2015,XNA,AR,ASW,CE,Federal Contract Tower,32,55,11,0,98,0,1,0,0,1,32,56,11,0,99,0,0,0,99
07/08/2015,XNA,AR,ASW,CE,Federal Contract Tower,34,49,13,4,100,0,0,0,0,0,34,49,13,4,100,0,0,0,100
07/09/2015,XNA,AR,ASW,CE,Federal Contract Tower,40,55,16,0,111,0,2,1,0,3,40,57,17,0,114,0,0,0,114
07/10/2015,XNA,AR,ASW,CE,Federal Contract Tower,39,45,13,48,145,0,0,7,0,7,39,45,20,48,152,0,38,38,190
07/11/2015,XNA,AR,ASW,CE,Federal Contract Tower,30,26,2,25,83,0,2,13,1,16,30,28,15,26,99,2,8,10,109
07/12/2015,XNA,AR,ASW,CE,Federal Contract Tower,35,27,6,9,77,0,3,3,0,6,35,30,9,9,83,0,6,6,89
07/13/2015,XNA,AR,ASW,CE,Federal Contract Tower,32,44,12,21,109,0,0,7,10,17,32,44,19,31,126,0,10,10,136
07/14/2015,XNA,AR,ASW,CE,Federal Contract Tower,32,47,13,14,106,0,0,0,0,0,32,47,13,14,106,0,42,42,148
07/15/2015,XNA,AR,ASW,CE,Federal Contract Tower,34,46,16,24,120,0,0,5,1,6,34,46,21,25,126,0,4,4,130
07/16/2015,XNA,AR,ASW,CE,Federal Contract Tower,41,47,16,31,135,0,1,2,1,4,41,48,18,32,139,14,6,20,159
07/17/2015,XNA,AR,ASW,CE,Federal Contract Tower,36,56,10,8,110,0,3,4,0,7,36,59,14,8,117,0,10,10,127
07/18/2015,XNA,AR,ASW,CE,Federal Contract Tower,25,27,5,0,57,0,0,5,0,5,25,27,10,0,62,10,0,10,72
07/19/2015,XNA,AR,ASW,CE,Federal Contract Tower,34,28,2,3,67,0,2,6,0,8,34,30,8,3,75,0,0,0,75
07/20/2015,XNA,AR,ASW,CE,Federal Contract Tower,31,49,6,20,106,0,3,3,3,9,31,52,9,23,115,0,16,16,131
07/21/2015,XNA,AR,ASW,CE,Federal Contract Tower,33,48,18,1,100,0,0,4,0,4,33,48,22,1,104,0,14,14,118
07/22/2015,XNA,AR,ASW,CE,Federal Contract Tower,35,52,13,8,108,0,2,1,14,17,35,54,14,22,125,0,46,46,171
07/23/2015,XNA,AR,ASW,CE,Federal Contract Tower,38,51,17,5,111,0,0,3,3,6,38,51,20,8,117,0,4,4,121
07/24/2015,XNA,AR,ASW,CE,Federal Contract Tower,33,55,8,21,117,0,0,7,12,19,33,55,15,33,136,0,0,0,136
07/25/2015,XNA,AR,ASW,CE,Federal Contract Tower,29,22,6,14,71,0,0,7,4,11,29,22,13,18,82,0,8,8,90
07/26/2015,XNA,AR,ASW,CE,Federal Contract Tower,35,29,9,5,78,0,0,6,0,6,35,29,15,5,84,0,24,24,108
07/27/2015,XNA,AR,ASW,CE,Federal Contract Tower,33,49,14,27,123,0,0,1,1,2,33,49,15,28,125,0,6,6,131
07/28/2015,XNA,AR,ASW,CE,Federal Contract Tower,34,45,13,14,106,0,0,4,3,7,34,45,17,17,113,0,30,30,143
07/29/2015,XNA,AR,ASW,CE,Federal Contract Tower,36,49,8,32,125,0,1,2,7,10,36,50,10,39,135,0,20,20,155
07/30/2015,XNA,AR,ASW,CE,Federal Contract Tower,33,43,18,9,103,0,1,3,3,7,33,44,21,12,110,0,6,6,116
07/31/2015,XNA,AR,ASW,CE,Federal Contract Tower,33,49,5,27,114,0,1,2,6,9,33,50,7,33,123,0,0,0,123
08/01/2015,XNA,AR,ASW,CE,Federal Contract Tower,29,25,9,2,65,0,0,14,0,14,29,25,23,2,79,0,0,0,79
08/02/2015,XNA,AR,ASW,CE,Federal Contract Tower,36,30,7,1,74,0,0,3,0,3,36,30,10,1,77,0,0,0,77
08/03/2015,XNA,AR,ASW,CE,Federal Contract Tower,39,53,6,24,122,0,0,7,0,7,39,53,13,24,129,0,0,0,129
08/04/2015,XNA,AR,ASW,CE,Federal Contract Tower,33,47,10,10,100,0,2,0,0,2,33,49,10,10,102,0,0,0,102
08/05/2015,XNA,AR,ASW,CE,Federal Contract Tower,45,39,18,0,102,0,3,2,0,5,45,42,20,0,107,0,0,0,107
08/06/2015,XNA,AR,ASW,CE,Federal Contract Tower,40,42,16,36,134,0,1,3,2,6,40,43,19,38,140,0,4,4,144
08/07/2015,XNA,AR,ASW,CE,Federal Contract Tower,41,42,10,28,121,0,0,4,0,4,41,42,14,28,125,4,8,12,137
08/08/2015,XNA,AR,ASW,CE,Federal Contract Tower,34,22,5,6,67,0,4,2,0,6,34,26,7,6,73,0,4,4,77
08/09/2015,XNA,AR,ASW,CE,Federal Contract Tower,45,24,8,0,77,0,4,3,0,7,45,28,11,0,84,0,0,0,84
08/10/2015,XNA,AR,ASW,CE,Federal Contract Tower,38,40,4,4,86,0,1,0,0,1,38,41,4,4,87,0,0,0,87
08/11/2015,XNA,AR,ASW,CE,Federal Contract Tower,31,48,8,11,98,0,0,2,2,4,31,48,10,13,102,0,0,0,102
08/12/2015,XNA,AR,ASW,CE,Federal Contract Tower,34,48,28,26,136,0,0,5,0,5,34,48,33,26,141,0,4,4,145
08/13/2015,XNA,AR,ASW,CE,Federal Contract Tower,48,62,13,41,164,0,0,4,0,4,48,62,17,41,168,0,32,32,200
08/14/2015,XNA,AR,ASW,CE,Federal Contract Tower,42,43,6,58,149,0,1,10,5,16,42,44,16,63,165,0,48,48,213
08/15/2015,XNA,AR,ASW,CE,Federal Contract Tower,32,24,0,0,56,0,0,24,0,24,32,24,24,0,80,0,0,0,80
08/16/2015,XNA,AR,ASW,CE,Federal Contract Tower,40,26,6,8,80,0,0,4,0,4,40,26,10,8,84,0,0,0,84
08/17/2015,XNA,AR,ASW,CE,Federal Contract Tower,42,36,7,20,105,0,0,2,8,10,42,36,9,28,115,0,8,8,123
08/18/2015,XNA,AR,ASW,CE,Federal Contract Tower,44,29,12,21,106,0,0,4,11,15,44,29,16,32,121,0,8,8,129
08/19/2015,XNA,AR,ASW,CE,Federal Contract Tower,53,41,12,10,116,0,1,2,0,3,53,42,14,10,119,4,8,12,131
08/20/2015,XNA,AR,ASW,CE,Federal Contract Tower,46,38,39,10,133,0,4,1,13,18,46,42,40,23,151,4,16,20,171
08/21/2015,XNA,AR,ASW,CE,Federal Contract Tower,46,50,6,7,109,0,3,2,2,7,46,53,8,9,116,0,0,0,116
08/22/2015,XNA,AR,ASW,CE,Federal Contract Tower,29,22,8,0,59,0,5,1,0,6,29,27,9,0,65,0,0,0,65
08/23/2015,XNA,AR,ASW,CE,Federal Contract Tower,38,27,8,3,76,0,4,0,0,4,38,31,8,3,80,0,22,22,102
08/24/2015,XNA,AR,ASW,CE,Federal Contract Tower,49,35,14,2,100,0,0,3,0,3,49,35,17,2,103,0,0,0,103
08/25/2015,XNA,AR,ASW,CE,Federal Contract Tower,51,32,18,21,122,0,2,0,7,9,51,34,18,28,131,0,8,8,139
08/26/2015,XNA,AR,ASW,CE,Federal Contract Tower,47,41,22,9,119,0,0,5,1,6,47,41,27,10,125,0,30,30,155
08/27/2015,XNA,AR,ASW,CE,Federal Contract Tower,45,37,13,1,96,0,2,2,2,6,45,39,15,3,102,0,0,0,102
08/28/2015,XNA,AR,ASW,CE,Federal Contract Tower,43,39,20,14,116,0,2,4,0,6,43,41,24,14,122,0,0,0,122
08/29/2015,XNA,AR,ASW,CE,Federal Contract Tower,28,18,6,3,55,0,3,5,0,8,28,21,11,3,63,0,0,0,63
08/30/2015,XNA,AR,ASW,CE,Federal Contract Tower,46,21,5,10,82,0,0,0,0,0,46,21,5,10,82,0,14,14,96
08/31/2015,XNA,AR,ASW,CE,Federal Contract Tower,41,38,11,19,109,0,4,3,1,8,41,42,14,20,117,0,16,16,133
09/01/2015,XNA,AR,ASW,CE,Federal Contract Tower,43,41,21,34,139,0,0,2,1,3,43,41,23,35,142,0,24,24,166
09/02/2015,XNA,AR,ASW,CE,Federal Contract Tower,38,43,17,22,120,0,0,3,7,10,38,43,20,29,130,0,26,26,156
09/03/2015,XNA,AR,ASW,CE,Federal Contract Tower,45,48,12,15,120,0,0,0,0,0,45,48,12,15,120,0,0,0,120
09/04/2015,XNA,AR,ASW,CE,Federal Contract Tower,42,44,6,5,97,0,2,4,0,6,42,46,10,5,103,0,0,0,103
09/05/2015,XNA,AR,ASW,CE,Federal Contract Tower,22,18,2,2,44,0,0,0,0,0,22,18,2,2,44,0,0,0,44
09/06/2015,XNA,AR,ASW,CE,Federal Contract Tower,30,16,0,0,46,0,0,2,0,2,30,16,2,0,48,0,0,0,48
09/07/2015,XNA,AR,ASW,CE,Federal Contract Tower,41,30,6,0,77,0,0,5,0,5,41,30,11,0,82,0,0,0,82
09/08/2015,XNA,AR,ASW,CE,Federal Contract Tower,38,44,10,1,93,0,0,0,1,1,38,44,10,2,94,0,0,0,94
09/09/2015,XNA,AR,ASW,CE,Federal Contract Tower,39,36,22,1,98,0,1,1,2,4,39,37,23,3,102,0,0,0,102
09/10/2015,XNA,AR,ASW,CE,Federal Contract Tower,43,41,13,15,112,0,0,4,0,4,43,41,17,15,116,0,2,2,118
09/11/2015,XNA,AR,ASW,CE,Federal Contract Tower,38,30,11,0,79,0,3,0,0,3,38,33,11,0,82,0,0,0,82
09/12/2015,XNA,AR,ASW,CE,Federal Contract Tower,27,22,4,2,55,0,2,3,0,5,27,24,7,2,60,0,0,0,60
09/13/2015,XNA,AR,ASW,CE,Federal Contract Tower,39,32,3,5,79,0,2,1,0,3,39,34,4,5,82,0,6,6,88
09/14/2015,XNA,AR,ASW,CE,Federal Contract Tower,41,44,5,8,98,0,0,0,0,0,41,44,5,8,98,0,0,0,98
09/15/2015,XNA,AR,ASW,CE,Federal Contract Tower,38,41,8,18,105,0,1,1,0,2,38,42,9,18,107,0,64,64,171
09/16/2015,XNA,AR,ASW,CE,Federal Contract Tower,41,38,6,6,91,0,0,7,0,7,41,38,13,6,98,0,4,4,102
09/17/2015,XNA,AR,ASW,CE,Federal Contract Tower,40,35,20,18,113,0,2,2,2,6,40,37,22,20,119,6,2,8,127
09/18/2015,XNA,AR,ASW,CE,Federal Contract Tower,44,42,6,36,128,0,0,3,0,3,44,42,9,36,131,0,16,16,147
09/19/2015,XNA,AR,ASW,CE,Federal Contract Tower,29,31,7,11,78,0,2,2,0,4,29,33,9,11,82,0,8,8,90
09/20/2015,XNA,AR,ASW,CE,Federal Contract Tower,37,30,5,0,72,0,1,1,0,2,37,31,6,0,74,0,0,0,74
09/21/2015,XNA,AR,ASW,CE,Federal Contract Tower,41,49,19,10,119,0,0,1,0,1,41,49,20,10,120,0,8,8,128
09/22/2015,XNA,AR,ASW,CE,Federal Contract Tower,45,35,15,23,118,0,0,7,3,10,45,35,22,26,128,10,0,10,138
09/23/2015,XNA,AR,ASW,CE,Federal Contract Tower,42,40,9,18,109,0,5,4,0,9,42,45,13,18,118,0,0,0,118
09/24/2015,XNA,AR,ASW,CE,Federal Contract Tower,42,41,26,38,147,0,1,5,2,8,42,42,31,40,155,0,36,36,191
09/25/2015,XNA,AR,ASW,CE,Federal Contract Tower,40,44,10,12,106,0,0,5,1,6,40,44,15,13,112,0,10,10,122
09/26/2015,XNA,AR,ASW,CE,Federal Contract Tower,30,15,3,21,69,0,2,2,4,8,30,17,5,25,77,0,0,0,77
09/27/2015,XNA,AR,ASW,CE,Federal Contract Tower,40,30,4,2,76,0,2,4,0,6,40,32,8,2,82,0,0,0,82
09/28/2015,XNA,AR,ASW,CE,Federal Contract Tower,41,44,3,16,104,0,0,2,5,7,41,44,5,21,111,0,36,36,147
09/29/2015,XNA,AR,ASW,CE,Federal Contract Tower,41,37,6,0,84,0,0,2,0,2,41,37,8,0,86,0,0,0,86
09/30/2015,XNA,AR,ASW,CE,Federal Contract Tower,41,40,13,5,99,0,2,2,0,4,41,42,15,5,103,0,0,0,103
10/01/2015,XNA,AR,ASW,CE,Federal Contract Tower,49,41,24,13,127,0,2,0,0,2,49,43,24,13,129,0,16,16,145
10/02/2015,XNA,AR,ASW,CE,Federal Contract Tower,40,42,9,16,107,0,0,7,1,8,40,42,16,17,115,0,10,10,125
10/03/2015,XNA,AR,ASW,CE,Federal Contract Tower,27,22,1,2,52,0,2,1,0,3,27,24,2,2,55,0,0,0,55
10/04/2015,XNA,AR,ASW,CE,Federal Contract Tower,39,28,1,0,68,0,4,1,0,5,39,32,2,0,73,0,0,0,73
10/05/2015,XNA,AR,ASW,CE,Federal Contract Tower,37,43,7,26,113,0,1,0,0,1,37,44,7,26,114,0,0,0,114
10/06/2015,XNA,AR,ASW,CE,Federal Contract Tower,43,39,17,2,101,0,1,4,0,5,43,40,21,2,106,0,4,4,110
10/07/2015,XNA,AR,ASW,CE,Federal Contract Tower,39,42,12,8,101,0,0,0,0,0,39,42,12,8,101,0,24,24,125
10/08/2015,XNA,AR,ASW,CE,Federal Contract Tower,41,46,20,7,114,0,0,0,0,0,41,46,20,7,114,0,2,2,116
10/09/2015,XNA,AR,ASW,CE,Federal Contract Tower,36,40,12,2,90,0,0,2,0,2,36,40,14,2,92,0,0,0,92
10/10/2015,XNA,AR,ASW,CE,Federal Contract Tower,32,21,3,4,60,0,0,96,0,96,32,21,99,4,156,0,0,0,156
10/11/2015,XNA,AR,ASW,CE,Federal Contract Tower,41,21,7,0,69,0,0,68,0,68,41,21,75,0,137,0,0,0,137
10/12/2015,XNA,AR,ASW,CE,Federal Contract Tower,39,40,3,0,82,0,0,3,0,3,39,40,6,0,85,0,0,0,85
10/13/2015,XNA,AR,ASW,CE,Federal Contract Tower,41,41,11,17,110,0,0,4,1,5,41,41,15,18,115,0,0,0,115
10/14/2015,XNA,AR,ASW,CE,Federal Contract Tower,35,48,13,15,111,0,0,4,10,14,35,48,17,25,125,0,26,26,151
10/15/2015,XNA,AR,ASW,CE,Federal Contract Tower,45,45,21,24,135,0,0,5,0,5,45,45,26,24,140,0,0,0,140
10/16/2015,XNA,AR,ASW,CE,Federal Contract Tower,39,46,11,0,96,0,0,7,0,7,39,46,18,0,103,0,0,0,103
10/17/2015,XNA,AR,ASW,CE,Federal Contract Tower,28,23,7,0,58,0,0,54,2,56,28,23,61,2,114,0,0,0,114
10/18/2015,XNA,AR,ASW,CE,Federal Contract Tower,40,26,16,0,82,0,0,42,2,44,40,26,58,2,126,0,0,0,126
10/19/2015,XNA,AR,ASW,CE,Federal Contract Tower,37,46,5,7,95,0,0,0,2,2,37,46,5,9,97,0,0,0,97
10/20/2015,XNA,AR,ASW,CE,Federal Contract Tower,42,41,6,14,103,0,0,3,2,5,42,41,9,16,108,0,4,4,112
10/21/2015,XNA,AR,ASW,CE,Federal Contract Tower,39,47,13,14,113,0,0,2,2,4,39,47,15,16,117,0,6,6,123
10/22/2015,XNA,AR,ASW,CE,Federal Contract Tower,36,50,21,58,165,0,0,2,2,4,36,50,23,60,169,0,70,70,239
10/23/2015,XNA,AR,ASW,CE,Federal Contract Tower,36,47,17,0,100,0,0,2,0,2,36,47,19,0,102,0,0,0,102
10/24/2015,XNA,AR,ASW,CE,Federal Contract Tower,32,23,3,0,58,0,0,23,0,23,32,23,26,0,81,0,0,0,81
10/25/2015,XNA,AR,ASW,CE,Federal Contract Tower,41,31,8,17,97,0,0,57,2,59,41,31,65,19,156,0,34,34,190
10/26/2015,XNA,AR,ASW,CE,Federal Contract Tower,47,39,9,16,111,0,1,0,0,1,47,40,9,16,112,0,12,12,124
10/27/2015,XNA,AR,ASW,CE,Federal Contract Tower,44,40,13,9,106,0,0,0,0,0,44,40,13,9,106,0,0,0,106
10/28/2015,XNA,AR,ASW,CE,Federal Contract Tower,40,41,10,3,94,0,0,2,0,2,40,41,12,3,96,0,0,0,96
10/29/2015,XNA,AR,ASW,CE,Federal Contract Tower,46,46,9,15,116,0,1,9,0,10,46,47,18,15,126,0,10,10,136
10/30/2015,XNA,AR,ASW,CE,Federal Contract Tower,40,40,0,8,88,0,2,5,0,7,40,42,5,8,95,0,0,0,95
10/31/2015,XNA,AR,ASW,CE,Federal Contract Tower,29,12,0,2,43,0,0,6,0,6,29,12,6,2,49,0,0,0,49
11/01/2015,XNA,AR,ASW,CE,Federal Contract Tower,44,24,8,2,78,0,5,38,0,43,44,29,46,2,121,0,0,0,121
11/02/2015,XNA,AR,ASW,CE,Federal Contract Tower,38,37,4,16,95,0,0,1,0,1,38,37,5,16,96,0,8,8,104
11/03/2015,XNA,AR,ASW,CE,Federal Contract Tower,42,37,11,22,112,0,0,2,0,2,42,37,13,22,114,0,0,0,114
11/04/2015,XNA,AR,ASW,CE,Federal Contract Tower,41,38,14,25,118,0,0,1,0,1,41,38,15,25,119,4,6,10,129
11/05/2015,XNA,AR,ASW,CE,Federal Contract Tower,42,39,19,0,100,0,2,1,0,3,42,41,20,0,103,0,0,0,103
11/06/2015,XNA,AR,ASW,CE,Federal Contract Tower,43,49,6,22,120,0,0,0,0,0,43,49,6,22,120,0,26,26,146
11/07/2015,XNA,AR,ASW,CE,Federal Contract Tower,32,11,6,7,56,0,0,8,0,8,32,11,14,7,64,0,0,0,64
11/08/2015,XNA,AR,ASW,CE,Federal Contract Tower,43,21,3,8,75,0,0,0,0,0,43,21,3,8,75,0,0,0,75
11/09/2015,XNA,AR,ASW,CE,Federal Contract Tower,42,40,14,24,120,0,0,0,4,4,42,40,14,28,124,0,0,0,124
11/10/2015,XNA,AR,ASW,CE,Federal Contract Tower,45,43,14,36,138,0,0,6,0,6,45,43,20,36,144,0,14,14,158
11/11/2015,XNA,AR,ASW,CE,Federal Contract Tower,47,43,9,3,102,0,2,2,0,4,47,45,11,3,106,0,0,0,106
11/12/2015,XNA,AR,ASW,CE,Federal Contract Tower,45,39,22,6,112,0,0,3,3,6,45,39,25,9,118,0,0,0,118
11/13/2015,XNA,AR,ASW,CE,Federal Contract Tower,47,43,11,10,111,0,0,9,0,9,47,43,20,10,120,0,18,18,138
11/14/2015,XNA,AR,ASW,CE,Federal Contract Tower,36,19,4,6,65,0,2,1,1,4,36,21,5,7,69,0,0,0,69
11/15/2015,XNA,AR,ASW,CE,Federal Contract Tower,41,20,2,6,69,0,1,2,0,3,41,21,4,6,72,6,0,6,78
11/16/2015,XNA,AR,ASW,CE,Federal Contract Tower,40,46,9,46,141,0,1,1,0,2,40,47,10,46,143,2,32,34,177
11/17/2015,XNA,AR,ASW,CE,Federal Contract Tower,44,38,19,0,101,0,3,0,0,3,44,41,19,0,104,4,0,4,108
11/18/2015,XNA,AR,ASW,CE,Federal Contract Tower,40,35,14,26,115,0,0,3,6,9,40,35,17,32,124,6,0,6,130
11/19/2015,XNA,AR,ASW,CE,Federal Contract Tower,41,37,20,8,106,0,0,0,0,0,41,37,20,8,106,0,6,6,112
11/20/2015,XNA,AR,ASW,CE,Federal Contract Tower,52,35,6,11,104,2,0,4,0,6,54,35,10,11,110,2,6,8,118
11/21/2015,XNA,AR,ASW,CE,Federal Contract Tower,43,7,5,0,55,0,3,2,0,5,43,10,7,0,60,40,0,40,100
11/22/2015,XNA,AR,ASW,CE,Federal Contract Tower,62,21,5,2,90,0,0,7,0,7,62,21,12,2,97,82,0,82,179
11/23/2015,XNA,AR,ASW,CE,Federal Contract Tower,53,30,10,12,105,0,1,4,0,5,53,31,14,12,110,20,2,22,132
11/24/2015,XNA,AR,ASW,CE,Federal Contract Tower,50,43,10,14,117,0,4,2,0,6,50,47,12,14,123,12,32,44,167
11/25/2015,XNA,AR,ASW,CE,Federal Contract Tower,43,42,5,2,92,0,2,0,0,2,43,44,5,2,94,0,0,0,94
11/26/2015,XNA,AR,ASW,CE,Federal Contract Tower,24,24,4,2,54,0,0,2,0,2,24,24,6,2,56,0,0,0,56
11/27/2015,XNA,AR,ASW,CE,Federal Contract Tower,37,24,2,0,63,0,0,0,0,0,37,24,2,0,63,0,0,0,63
11/28/2015,XNA,AR,ASW,CE,Federal Contract Tower,34,35,2,0,71,0,0,0,0,0,34,35,2,0,71,0,0,0,71
11/29/2015,XNA,AR,ASW,CE,Federal Contract Tower,36,40,2,0,78,0,0,0,0,0,36,40,2,0,78,0,0,0,78
11/30/2015,XNA,AR,ASW,CE,Federal Contract Tower,44,40,12,0,96,0,0,0,0,0,44,40,12,0,96,0,0,0,96
12/01/2015,XNA,AR,ASW,CE,Federal Contract Tower,39,46,13,55,153,0,0,5,1,6,39,46,18,56,159,14,10,24,183
12/02/2015,XNA,AR,ASW,CE,Federal Contract Tower,44,41,17,18,120,0,0,7,6,13,44,41,24,24,133,0,48,48,181
12/03/2015,XNA,AR,ASW,CE,Federal Contract Tower,51,35,19,8,113,0,0,6,3,9,51,35,25,11,122,0,36,36,158
12/04/2015,XNA,AR,ASW,CE,Federal Contract Tower,47,41,1,21,110,0,1,4,2,7,47,42,5,23,117,0,4,4,121
12/05/2015,XNA,AR,ASW,CE,Federal Contract Tower,27,12,6,3,48,0,0,0,0,0,27,12,6,3,48,0,0,0,48
12/06/2015,XNA,AR,ASW,CE,Federal Contract Tower,45,17,3,1,66,0,2,1,0,3,45,19,4,1,69,0,0,0,69
12/07/2015,XNA,AR,ASW,CE,Federal Contract Tower,47,31,7,21,106,0,6,4,0,10,47,37,11,21,116,0,16,16,132
12/08/2015,XNA,AR,ASW,CE,Federal Contract Tower,45,38,16,38,137,0,0,3,3,6,45,38,19,41,143,10,18,28,171
12/09/2015,XNA,AR,ASW,CE,Federal Contract Tower,45,45,18,9,117,0,0,2,0,2,45,45,20,9,119,0,32,32,151
12/10/2015,XNA,AR,ASW,CE,Federal Contract Tower,52,37,14,0,103,0,0,4,2,6,52,37,18,2,109,0,0,0,109
12/11/2015,XNA,AR,ASW,CE,Federal Contract Tower,46,36,7,5,94,0,2,5,1,8,46,38,12,6,102,0,22,22,124
12/12/2015,XNA,AR,ASW,CE,Federal Contract Tower,29,11,3,0,43,0,2,2,0,4,29,13,5,0,47,0,0,0,47
12/13/2015,XNA,AR,ASW,CE,Federal Contract Tower,49,19,4,0,72,0,0,0,0,0,49,19,4,0,72,0,0,0,72
12/14/2015,XNA,AR,ASW,CE,Federal Contract Tower,46,38,7,9,100,0,0,0,2,2,46,38,7,11,102,0,32,32,134
12/15/2015,XNA,AR,ASW,CE,Federal Contract Tower,44,42,16,5,107,0,0,2,0,2,44,42,18,5,109,0,10,10,119
12/16/2015,XNA,AR,ASW,CE,Federal Contract Tower,48,33,12,28,121,0,0,4,2,6,48,33,16,30,127,6,10,16,143
12/17/2015,XNA,AR,ASW,CE,Federal Contract Tower,44,37,23,11,115,0,0,5,0,5,44,37,28,11,120,0,6,6,126
12/18/2015,XNA,AR,ASW,CE,Federal Contract Tower,40,42,13,23,118,0,4,1,0,5,40,46,14,23,123,0,0,0,123
12/19/2015,XNA,AR,ASW,CE,Federal Contract Tower,37,20,3,0,60,0,1,9,0,10,37,21,12,0,70,0,0,0,70
12/20/2015,XNA,AR,ASW,CE,Federal Contract Tower,28,26,4,0,58,0,2,0,0,2,28,28,4,0,60,0,0,0,60
12/21/2015,XNA,AR,ASW,CE,Federal Contract Tower,38,36,4,0,78,0,0,4,0,4,38,36,8,0,82,2,0,2,84
12/22/2015,XNA,AR,ASW,CE,Federal Contract Tower,25,45,4,15,89,0,0,0,1,1,25,45,4,16,90,0,0,0,90
12/23/2015,XNA,AR,ASW,CE,Federal Contract Tower,35,32,7,0,74,0,5,1,0,6,35,37,8,0,80,0,0,0,80
12/24/2015,XNA,AR,ASW,CE,Federal Contract Tower,29,19,0,0,48,0,0,9,0,9,29,19,9,0,57,2,0,2,59
12/25/2015,XNA,AR,ASW,CE,Federal Contract Tower,27,12,0,0,39,0,0,0,0,0,27,12,0,0,39,0,0,0,39
12/26/2015,XNA,AR,ASW,CE,Federal Contract Tower,18,18,2,0,38,0,0,0,0,0,18,18,2,0,38,0,0,0,38
12/27/2015,XNA,AR,ASW,CE,Federal Contract Tower,22,27,2,0,51,0,0,0,0,0,22,27,2,0,51,0,0,0,51
12/28/2015,XNA,AR,ASW,CE,Federal Contract Tower,31,23,6,0,60,0,0,0,0,0,31,23,6,0,60,0,0,0,60
12/29/2015,XNA,AR,ASW,CE,Federal Contract Tower,39,37,0,0,76,0,2,0,0,2,39,39,0,0,78,0,0,0,78
12/30/2015,XNA,AR,ASW,CE,Federal Contract Tower,29,29,8,6,72,0,0,0,0,0,29,29,8,6,72,0,0,0,72
12/31/2015,XNA,AR,ASW,CE,Federal Contract Tower,28,20,5,2,55,0,0,3,0,3,28,20,8,2,58,0,0,0,58
01/01/2016,XNA,AR,ASW,CE,Federal Contract Tower,29,19,3,0,51,0,4,2,0,6,29,23,5,0,57,10,0,10,67
01/02/2016,XNA,AR,ASW,CE,Federal Contract Tower,30,22,2,0,54,0,3,3,4,10,30,25,5,4,64,0,0,0,64
01/03/2016,XNA,AR,ASW,CE,Federal Contract Tower,28,27,2,0,57,0,4,0,0,4,28,31,2,0,61,0,0,0,61
01/04/2016,XNA,AR,ASW,CE,Federal Contract Tower,41,34,4,7,86,0,1,4,1,6,41,35,8,8,92,0,34,34,126
01/05/2016,XNA,AR,ASW,CE,Federal Contract Tower,52,32,7,22,113,0,3,4,0,7,52,35,11,22,120,4,22,26,146
01/06/2016,XNA,AR,ASW,CE,Federal Contract Tower,47,36,9,25,117,0,0,1,2,3,47,36,10,27,120,0,14,14,134
01/07/2016,XNA,AR,ASW,CE,Federal Contract Tower,57,41,9,2,109,0,0,0,0,0,57,41,9,2,109,0,0,0,109
01/08/2016,XNA,AR,ASW,CE,Federal Contract Tower,46,34,7,29,116,0,0,1,0,1,46,34,8,29,117,0,0,0,117
01/09/2016,XNA,AR,ASW,CE,Federal Contract Tower,33,9,6,0,48,0,0,0,0,0,33,9,6,0,48,0,0,0,48
01/10/2016,XNA,AR,ASW,CE,Federal Contract Tower,43,26,7,0,76,0,4,6,0,10,43,30,13,0,86,0,0,0,86
01/11/2016,XNA,AR,ASW,CE,Federal Contract Tower,49,38,4,9,100,0,2,0,0,2,49,40,4,9,102,0,16,16,118
01/12/2016,XNA,AR,ASW,CE,Federal Contract Tower,54,39,14,23,130,0,2,0,1,3,54,41,14,24,133,0,0,0,133
01/13/2016,XNA,AR,ASW,CE,Federal Contract Tower,49,37,12,21,119,0,0,3,0,3,49,37,15,21,122,0,18,18,140
01/14/2016,XNA,AR,ASW,CE,Federal Contract Tower,55,30,15,3,103,0,1,2,0,3,55,31,17,3,106,0,10,10,116
01/15/2016,XNA,AR,ASW,CE,Federal Contract Tower,48,34,10,33,125,0,0,3,1,4,48,34,13,34,129,0,6,6,135
01/16/2016,XNA,AR,ASW,CE,Federal Contract Tower,36,11,3,0,50,0,2,4,0,6,36,13,7,0,56,0,0,0,56
01/17/2016,XNA,AR,ASW,CE,Federal Contract Tower,46,16,1,0,63,0,0,0,0,0,46,16,1,0,63,0,0,0,63
01/18/2016,XNA,AR,ASW,CE,Federal Contract Tower,52,32,7,0,91,0,6,0,0,6,52,38,7,0,97,0,0,0,97
01/19/2016,XNA,AR,ASW,CE,Federal Contract Tower,45,34,14,0,93,0,0,0,0,0,45,34,14,0,93,0,0,0,93
01/20/2016,XNA,AR,ASW,CE,Federal Contract Tower,53,31,9,2,95,0,0,0,0,0,53,31,9,2,95,0,0,0,95
01/21/2016,XNA,AR,ASW,CE,Federal Contract Tower,51,39,15,2,107,0,0,0,0,0,51,39,15,2,107,0,0,0,107
01/22/2016,XNA,AR,ASW,CE,Federal Contract Tower,38,31,6,0,75,0,3,6,0,9,38,34,12,0,84,0,0,0,84
01/23/2016,XNA,AR,ASW,CE,Federal Contract Tower,37,9,8,0,54,0,4,2,2,8,37,13,10,2,62,0,0,0,62
01/24/2016,XNA,AR,ASW,CE,Federal Contract Tower,43,26,10,0,79,0,2,6,0,8,43,28,16,0,87,0,0,0,87
01/25/2016,XNA,AR,ASW,CE,Federal Contract Tower,45,35,13,13,106,0,0,2,0,2,45,35,15,13,108,0,0,0,108
01/26/2016,XNA,AR,ASW,CE,Federal Contract Tower,46,38,23,11,118,0,5,5,0,10,46,43,28,11,128,0,10,10,138
01/27/2016,XNA,AR,ASW,CE,Federal Contract Tower,50,36,17,45,148,0,0,5,2,7,50,36,22,47,155,10,42,52,207
01/28/2016,XNA,AR,ASW,CE,Federal Contract Tower,54,34,25,18,131,0,0,2,4,6,54,34,27,22,137,0,16,16,153
01/30/2016,XNA,AR,ASW,CE,Federal Contract Tower,34,15,2,6,57,0,0,4,0,4,34,15,6,6,61,0,6,6,67
01/31/2016,XNA,AR,ASW,CE,Federal Contract Tower,49,20,4,22,95,0,0,0,1,1,49,20,4,23,96,0,12,12,108
02/01/2016,XNA,AR,ASW,CE,Federal Contract Tower,59,31,5,59,154,0,0,0,9,9,59,31,5,68,163,0,152,152,315
02/02/2016,XNA,AR,ASW,CE,Federal Contract Tower,46,30,8,34,118,0,2,1,0,3,46,32,9,34,121,0,18,18,139
02/03/2016,XNA,AR,ASW,CE,Federal Contract Tower,49,33,9,15,106,0,2,2,0,4,49,35,11,15,110,0,0,0,110
02/04/2016,XNA,AR,ASW,CE,Federal Contract Tower,60,29,22,12,123,0,0,5,0,5,60,29,27,12,128,0,4,4,132
02/05/2016,XNA,AR,ASW,CE,Federal Contract Tower,47,35,20,5,107,0,0,3,0,3,47,35,23,5,110,0,6,6,116
02/06/2016,XNA,AR,ASW,CE,Federal Contract Tower,36,12,8,7,63,0,0,2,1,3,36,12,10,8,66,0,6,6,72
02/07/2016,XNA,AR,ASW,CE,Federal Contract Tower,48,14,0,0,62,0,0,0,0,0,48,14,0,0,62,0,0,0,62
02/08/2016,XNA,AR,ASW,CE,Federal Contract Tower,43,31,2,35,111,0,2,0,2,4,43,33,2,37,115,0,38,38,153
02/09/2016,XNA,AR,ASW,CE,Federal Contract Tower,48,30,9,5,92,0,0,0,1,1,48,30,9,6,93,0,10,10,103
02/10/2016,XNA,AR,ASW,CE,Federal Contract Tower,48,32,15,27,122,0,4,3,0,7,48,36,18,27,129,10,32,42,171
02/11/2016,XNA,AR,ASW,CE,Federal Contract Tower,60,33,15,1,109,0,2,2,0,4,60,35,17,1,113,0,0,0,113
02/12/2016,XNA,AR,ASW,CE,Federal Contract Tower,51,33,13,8,105,0,0,4,0,4,51,33,17,8,109,0,4,4,113
02/13/2016,XNA,AR,ASW,CE,Federal Contract Tower,30,14,6,2,52,0,0,4,0,4,30,14,10,2,56,0,0,0,56
02/14/2016,XNA,AR,ASW,CE,Federal Contract Tower,38,22,5,0,65,0,0,0,0,0,38,22,5,0,65,0,0,0,65
02/15/2016,XNA,AR,ASW,CE,Federal Contract Tower,46,32,2,1,81,0,0,1,0,1,46,32,3,1,82,0,0,0,82
02/16/2016,XNA,AR,ASW,CE,Federal Contract Tower,49,38,6,17,110,0,0,4,0,4,49,38,10,17,114,0,26,26,140
02/17/2016,XNA,AR,ASW,CE,Federal Contract Tower,50,33,9,15,107,0,2,5,0,7,50,35,14,15,114,0,12,12,126
02/18/2016,XNA,AR,ASW,CE,Federal Contract Tower,50,31,22,4,107,0,0,1,4,5,50,31,23,8,112,0,18,18,130
02/19/2016,XNA,AR,ASW,CE,Federal Contract Tower,52,30,6,17,105,0,2,0,0,2,52,32,6,17,107,0,8,8,115
02/20/2016,XNA,AR,ASW,CE,Federal Contract Tower,34,13,5,0,52,0,0,7,0,7,34,13,12,0,59,0,0,0,59
02/21/2016,XNA,AR,ASW,CE,Federal Contract Tower,46,26,2,4,78,0,1,0,0,1,46,27,2,4,79,0,8,8,87
02/22/2016,XNA,AR,ASW,CE,Federal Contract Tower,50,31,5,14,100,0,4,6,16,26,50,35,11,30,126,0,14,14,140
02/23/2016,XNA,AR,ASW,CE,Federal Contract Tower,53,32,15,20,120,0,4,0,0,4,53,36,15,20,124,0,0,0,124
02/24/2016,XNA,AR,ASW,CE,Federal Contract Tower,49,38,27,13,127,0,0,0,0,0,49,38,27,13,127,0,0,0,127
02/25/2016,XNA,AR,ASW,CE,Federal Contract Tower,52,38,15,18,123,0,2,2,0,4,52,40,17,18,127,0,0,0,127
02/26/2016,XNA,AR,ASW,CE,Federal Contract Tower,51,32,1,4,88,0,2,5,0,7,51,34,6,4,95,10,16,26,121
02/27/2016,XNA,AR,ASW,CE,Federal Contract Tower,42,12,7,8,69,0,0,10,2,12,42,12,17,10,81,4,0,4,85
02/28/2016,XNA,AR,ASW,CE,Federal Contract Tower,52,27,2,0,81,0,0,0,0,0,52,27,2,0,81,0,0,0,81
02/29/2016,XNA,AR,ASW,CE,Federal Contract Tower,51,35,6,19,111,0,0,6,4,10,51,35,12,23,121,0,50,50,171
03/01/2016,XNA,AR,ASW,CE,Federal Contract Tower,51,32,13,15,111,0,0,6,2,8,51,32,19,17,119,0,0,0,119
03/02/2016,XNA,AR,ASW,CE,Federal Contract Tower,52,37,10,8,107,0,2,4,7,13,52,39,14,15,120,0,0,0,120
03/03/2016,XNA,AR,ASW,CE,Federal Contract Tower,49,36,8,14,107,0,3,15,10,28,49,39,23,24,135,0,20,20,155
03/04/2016,XNA,AR,ASW,CE,Federal Contract Tower,45,36,13,17,111,0,0,4,0,4,45,36,17,17,115,0,0,0,115
03/05/2016,XNA,AR,ASW,CE,Federal Contract Tower,31,12,1,7,51,0,0,14,2,16,31,12,15,9,67,4,0,4,71
03/06/2016,XNA,AR,ASW,CE,Federal Contract Tower,40,28,5,3,76,0,0,0,1,1,40,28,5,4,77,0,0,0,77
03/07/2016,XNA,AR,ASW,CE,Federal Contract Tower,47,39,9,7,102,0,2,0,0,2,47,41,9,7,104,0,0,0,104
03/08/2016,XNA,AR,ASW,CE,Federal Contract Tower,45,38,13,0,96,0,1,0,0,1,45,39,13,0,97,0,0,0,97
03/09/2016,XNA,AR,ASW,CE,Federal Contract Tower,44,33,12,4,93,0,0,0,0,0,44,33,12,4,93,0,0,0,93
03/10/2016,XNA,AR,ASW,CE,Federal Contract Tower,51,39,14,0,104,0,2,3,0,5,51,41,17,0,109,0,0,0,109
03/11/2016,XNA,AR,ASW,CE,Federal Contract Tower,51,38,10,4,103,0,1,0,1,2,51,39,10,5,105,0,0,0,105
03/12/2016,XNA,AR,ASW,CE,Federal Contract Tower,32,14,3,2,51,0,1,0,0,1,32,15,3,2,52,0,0,0,52
03/13/2016,XNA,AR,ASW,CE,Federal Contract Tower,45,30,3,9,87,0,3,0,0,3,45,33,3,9,90,0,14,14,104
03/14/2016,XNA,AR,ASW,CE,Federal Contract Tower,46,34,5,8,93,0,2,4,4,10,46,36,9,12,103,0,18,18,121
03/15/2016,XNA,AR,ASW,CE,Federal Contract Tower,48,40,16,6,110,0,2,0,0,2,48,42,16,6,112,0,4,4,116
03/16/2016,XNA,AR,ASW,CE,Federal Contract Tower,50,32,10,37,129,0,0,8,0,8,50,32,18,37,137,0,44,44,181
03/17/2016,XNA,AR,ASW,CE,Federal Contract Tower,55,37,21,2,115,0,0,10,0,10,55,37,31,2,125,0,0,0,125
03/18/2016,XNA,AR,ASW,CE,Federal Contract Tower,50,29,7,24,110,0,0,3,0,3,50,29,10,24,113,0,40,40,153
03/19/2016,XNA,AR,ASW,CE,Federal Contract Tower,30,15,8,1,54,0,2,1,1,4,30,17,9,2,58,0,0,0,58
03/20/2016,XNA,AR,ASW,CE,Federal Contract Tower,51,29,3,2,85,0,0,1,0,1,51,29,4,2,86,0,0,0,86
03/21/2016,XNA,AR,ASW,CE,Federal Contract Tower,50,33,5,3,91,0,2,4,0,6,50,35,9,3,97,0,4,4,101
03/22/2016,XNA,AR,ASW,CE,Federal Contract Tower,46,34,20,0,100,0,0,0,0,0,46,34,20,0,100,0,0,0,100
03/23/2016,XNA,AR,ASW,CE,Federal Contract Tower,47,37,8,3,95,0,0,2,0,2,47,37,10,3,97,0,12,12,109
03/24/2016,XNA,AR,ASW,CE,Federal Contract Tower,55,31,11,12,109,0,3,1,0,4,55,34,12,12,113,0,12,12,125
03/25/2016,XNA,AR,ASW,CE,Federal Contract Tower,41,33,7,10,91,0,2,1,0,3,41,35,8,10,94,0,14,14,108
03/26/2016,XNA,AR,ASW,CE,Federal Contract Tower,28,13,1,0,42,0,0,2,0,2,28,13,3,0,44,0,0,0,44
03/27/2016,XNA,AR,ASW,CE,Federal Contract Tower,43,28,2,0,73,0,0,0,0,0,43,28,2,0,73,0,0,0,73
03/28/2016,XNA,AR,ASW,CE,Federal Contract Tower,50,33,4,7,94,0,0,4,11,15,50,33,8,18,109,0,30,30,139
03/29/2016,XNA,AR,ASW,CE,Federal Contract Tower,48,38,10,30,126,0,5,3,1,9,48,43,13,31,135,0,42,42,177
03/30/2016,XNA,AR,ASW,CE,Federal Contract Tower,49,37,14,0,100,0,0,0,0,0,49,37,14,0,100,0,0,0,100
03/31/2016,XNA,AR,ASW,CE,Federal Contract Tower,53,34,11,29,127,0,0,2,1,3,53,34,13,30,130,0,64,64,194
04/01/2016,XNA,AR,ASW,CE,Federal Contract Tower,48,35,9,44,136,0,0,16,7,23,48,35,25,51,159,8,28,36,195
04/02/2016,XNA,AR,ASW,CE,Federal Contract Tower,31,13,3,9,56,0,0,5,5,10,31,13,8,14,66,0,20,20,86
04/03/2016,XNA,AR,ASW,CE,Federal Contract Tower,43,27,4,2,76,0,1,4,0,5,43,28,8,2,81,0,0,0,81
04/04/2016,XNA,AR,ASW,CE,Federal Contract Tower,54,29,8,8,99,0,4,8,0,12,54,33,16,8,111,10,4,14,125
04/05/2016,XNA,AR,ASW,CE,Federal Contract Tower,61,31,14,4,110,0,0,8,0,8,61,31,22,4,118,0,4,4,122
04/06/2016,XNA,AR,ASW,CE,Federal Contract Tower,54,33,14,10,111,0,0,1,3,4,54,33,15,13,115,0,16,16,131
04/07/2016,XNA,AR,ASW,CE,Federal Contract Tower,54,34,23,4,115,0,3,0,0,3,54,37,23,4,118,2,40,42,160
04/08/2016,XNA,AR,ASW,CE,Federal Contract Tower,56,35,9,9,109,0,2,2,0,4,56,37,11,9,113,0,0,0,113
04/09/2016,XNA,AR,ASW,CE,Federal Contract Tower,30,12,2,7,51,0,1,2,0,3,30,13,4,7,54,0,0,0,54
04/10/2016,XNA,AR,ASW,CE,Federal Contract Tower,48,35,5,7,95,0,0,0,0,0,48,35,5,7,95,0,0,0,95
04/11/2016,XNA,AR,ASW,CE,Federal Contract Tower,56,35,7,6,104,0,0,3,0,3,56,35,10,6,107,0,18,18,125
04/12/2016,XNA,AR,ASW,CE,Federal Contract Tower,48,37,15,29,129,0,4,6,2,12,48,41,21,31,141,0,24,24,165
04/13/2016,XNA,AR,ASW,CE,Federal Contract Tower,55,32,15,11,113,0,0,0,0,0,55,32,15,11,113,0,8,8,121
04/14/2016,XNA,AR,ASW,CE,Federal Contract Tower,58,36,13,15,122,0,0,7,1,8,58,36,20,16,130,0,28,28,158
04/15/2016,XNA,AR,ASW,CE,Federal Contract Tower,57,34,9,2,102,0,2,4,0,6,57,36,13,2,108,0,2,2,110
04/16/2016,XNA,AR,ASW,CE,Federal Contract Tower,32,15,5,0,52,0,0,2,0,2,32,15,7,0,54,0,0,0,54
04/17/2016,XNA,AR,ASW,CE,Federal Contract Tower,42,28,8,4,82,0,1,0,0,1,42,29,8,4,83,0,0,0,83
04/18/2016,XNA,AR,ASW,CE,Federal Contract Tower,47,26,13,2,88,0,5,0,0,5,47,31,13,2,93,0,0,0,93
04/19/2016,XNA,AR,ASW,CE,Federal Contract Tower,63,32,19,0,114,0,0,0,0,0,63,32,19,0,114,0,0,0,114
04/20/2016,XNA,AR,ASW,CE,Federal Contract Tower,56,37,15,34,142,0,1,2,0,3,56,38,17,34,145,0,0,0,145
04/21/2016,XNA,AR,ASW,CE,Federal Contract Tower,57,35,15,45,152,0,0,0,0,0,57,35,15,45,152,0,24,24,176
04/22/2016,XNA,AR,ASW,CE,Federal Contract Tower,52,36,15,23,126,0,3,13,0,16,52,39,28,23,142,0,0,0,142
04/23/2016,XNA,AR,ASW,CE,Federal Contract Tower,29,12,8,3,52,0,1,0,0,1,29,13,8,3,53,4,0,4,57
04/24/2016,XNA,AR,ASW,CE,Federal Contract Tower,45,32,10,8,95,0,3,1,0,4,45,35,11,8,99,0,6,6,105
04/25/2016,XNA,AR,ASW,CE,Federal Contract Tower,53,34,13,4,104,0,2,0,0,2,53,36,13,4,106,0,4,4,110
04/26/2016,XNA,AR,ASW,CE,Federal Contract Tower,52,33,15,2,102,0,2,0,0,2,52,35,15,2,104,0,0,0,104
04/27/2016,XNA,AR,ASW,CE,Federal Contract Tower,59,32,15,4,110,0,0,2,0,2,59,32,17,4,112,0,20,20,132
04/28/2016,XNA,AR,ASW,CE,Federal Contract Tower,56,35,17,1,109,0,0,3,4,7,56,35,20,5,116,0,0,0,116
04/29/2016,XNA,AR,ASW,CE,Federal Contract Tower,44,26,2,0,72,0,1,1,0,2,44,27,3,0,74,0,0,0,74
04/30/2016,XNA,AR,ASW,CE,Federal Contract Tower,30,13,12,4,59,0,1,2,2,5,30,14,14,6,64,0,0,0,64
05/01/2016,XNA,AR,ASW,CE,Federal Contract Tower,44,30,9,2,85,0,0,2,0,2,44,30,11,2,87,0,0,0,87
05/02/2016,XNA,AR,ASW,CE,Federal Contract Tower,52,34,15,3,104,0,7,1,0,8,52,41,16,3,112,0,0,0,112
05/03/2016,XNA,AR,ASW,CE,Federal Contract Tower,51,30,18,31,130,0,2,0,0,2,51,32,18,31,132,0,42,42,174
05/04/2016,XNA,AR,ASW,CE,Federal Contract Tower,54,32,4,7,97,0,0,12,2,14,54,32,16,9,111,0,28,28,139
05/05/2016,XNA,AR,ASW,CE,Federal Contract Tower,53,42,22,14,131,0,1,8,2,11,53,43,30,16,142,0,12,12,154
05/06/2016,XNA,AR,ASW,CE,Federal Contract Tower,45,39,7,10,101,0,2,2,0,4,45,41,9,10,105,0,8,8,113
05/07/2016,XNA,AR,ASW,CE,Federal Contract Tower,31,16,3,7,57,0,0,3,0,3,31,16,6,7,60,0,6,6,66
05/08/2016,XNA,AR,ASW,CE,Federal Contract Tower,45,33,2,5,85,0,2,0,0,2,45,35,2,5,87,0,0,0,87
05/09/2016,XNA,AR,ASW,CE,Federal Contract Tower,53,37,9,0,99,0,1,0,0,1,53,38,9,0,100,0,0,0,100
05/10/2016,XNA,AR,ASW,CE,Federal Contract Tower,49,49,17,19,134,0,4,1,0,5,49,53,18,19,139,24,10,34,173
05/11/2016,XNA,AR,ASW,CE,Federal Contract Tower,46,58,32,14,150,0,2,1,3,6,46,60,33,17,156,0,8,8,164
05/12/2016,XNA,AR,ASW,CE,Federal Contract Tower,51,44,31,32,158,0,65,1,0,66,51,109,32,32,224,0,24,24,248
05/13/2016,XNA,AR,ASW,CE,Federal Contract Tower,47,46,9,22,124,0,14,2,4,20,47,60,11,26,144,0,8,8,152
05/14/2016,XNA,AR,ASW,CE,Federal Contract Tower,40,14,7,0,61,0,4,2,0,6,40,18,9,0,67,0,0,0,67
05/15/2016,XNA,AR,ASW,CE,Federal Contract Tower,42,37,9,5,93,0,2,0,3,5,42,39,9,8,98,0,0,0,98
05/16/2016,XNA,AR,ASW,CE,Federal Contract Tower,49,50,10,6,115,0,0,1,0,1,49,50,11,6,116,0,0,0,116
05/17/2016,XNA,AR,ASW,CE,Federal Contract Tower,49,47,17,0,113,0,5,0,0,5,49,52,17,0,118,0,0,0,118
05/18/2016,XNA,AR,ASW,CE,Federal Contract Tower,49,50,13,22,134,0,2,1,2,5,49,52,14,24,139,0,18,18,157
05/19/2016,XNA,AR,ASW,CE,Federal Contract Tower,50,46,28,6,130,0,2,0,1,3,50,48,28,7,133,0,14,14,147
05/20/2016,XNA,AR,ASW,CE,Federal Contract Tower,45,46,6,36,133,0,2,0,0,2,45,48,6,36,135,0,0,0,135
05/21/2016,XNA,AR,ASW,CE,Federal Contract Tower,36,18,8,2,64,0,0,12,0,12,36,18,20,2,76,0,0,0,76
05/22/2016,XNA,AR,ASW,CE,Federal Contract Tower,47,31,6,4,88,0,0,5,2,7,47,31,11,6,95,12,6,18,113
05/23/2016,XNA,AR,ASW,CE,Federal Contract Tower,52,40,2,2,96,0,2,0,4,6,52,42,2,6,102,0,0,0,102
05/24/2016,XNA,AR,ASW,CE,Federal Contract Tower,48,48,12,2,110,0,3,3,1,7,48,51,15,3,117,0,0,0,117
05/25/2016,XNA,AR,ASW,CE,Federal Contract Tower,47,51,15,0,113,0,0,1,0,1,47,51,16,0,114,0,0,0,114
05/26/2016,XNA,AR,ASW,CE,Federal Contract Tower,55,41,8,5,109,0,0,0,0,0,55,41,8,5,109,0,10,10,119
05/27/2016,XNA,AR,ASW,CE,Federal Contract Tower,45,43,8,0,96,0,0,2,0,2,45,43,10,0,98,0,0,0,98
05/28/2016,XNA,AR,ASW,CE,Federal Contract Tower,31,12,1,0,44,0,4,2,0,6,31,16,3,0,50,0,0,0,50
05/29/2016,XNA,AR,ASW,CE,Federal Contract Tower,50,13,4,0,67,0,0,0,0,0,50,13,4,0,67,0,0,0,67
05/30/2016,XNA,AR,ASW,CE,Federal Contract Tower,56,23,4,0,83,0,2,2,0,4,56,25,6,0,87,0,0,0,87
05/31/2016,XNA,AR,ASW,CE,Federal Contract Tower,74,23,12,8,117,0,0,0,2,2,74,23,12,10,119,0,20,20,139
06/01/2016,XNA,AR,ASW,CE,Federal Contract Tower,43,41,19,0,103,1,2,2,0,5,44,43,21,0,108,2,0,2,110
06/02/2016,XNA,AR,ASW,CE,Federal Contract Tower,46,42,20,4,112,0,1,0,0,1,46,43,20,4,113,0,0,0,113
06/03/2016,XNA,AR,ASW,CE,Federal Contract Tower,65,32,6,2,105,0,2,1,0,3,65,34,7,2,108,0,0,0,108
06/04/2016,XNA,AR,ASW,CE,Federal Contract Tower,59,7,0,6,72,0,2,4,0,6,59,9,4,6,78,0,0,0,78
06/05/2016,XNA,AR,ASW,CE,Federal Contract Tower,48,31,1,26,106,0,0,3,0,3,48,31,4,26,109,4,30,34,143
06/06/2016,XNA,AR,ASW,CE,Federal Contract Tower,47,39,3,4,93,0,0,3,0,3,47,39,6,4,96,0,0,0,96
06/07/2016,XNA,AR,ASW,CE,Federal Contract Tower,46,41,15,9,111,0,2,4,1,7,46,43,19,10,118,0,8,8,126
06/08/2016,XNA,AR,ASW,CE,Federal Contract Tower,47,42,14,20,123,0,0,5,2,7,47,42,19,22,130,0,50,50,180
06/09/2016,XNA,AR,ASW,CE,Federal Contract Tower,53,69,13,13,148,0,0,13,1,14,53,69,26,14,162,0,4,4,166
06/10/2016,XNA,AR,ASW,CE,Federal Contract Tower,55,40,7,0,102,0,0,2,0,2,55,40,9,0,104,0,0,0,104
06/11/2016,XNA,AR,ASW,CE,Federal Contract Tower,31,30,0,20,81,0,1,2,6,9,31,31,2,26,90,0,26,26,116
06/12/2016,XNA,AR,ASW,CE,Federal Contract Tower,36,33,2,3,74,0,2,0,0,2,36,35,2,3,76,0,0,0,76
06/13/2016,XNA,AR,ASW,CE,Federal Contract Tower,45,48,5,7,105,0,0,0,3,3,45,48,5,10,108,0,60,60,168
06/14/2016,XNA,AR,ASW,CE,Federal Contract Tower,47,47,6,3,103,0,0,0,1,1,47,47,6,4,104,0,14,14,118
06/15/2016,XNA,AR,ASW,CE,Federal Contract Tower,52,19,20,12,103,0,0,2,15,17,52,19,22,27,120,2,26,28,148
06/16/2016,XNA,AR,ASW,CE,Federal Contract Tower,50,43,20,7,120,0,0,2,0,2,50,43,22,7,122,0,0,0,122
06/17/2016,XNA,AR,ASW,CE,Federal Contract Tower,48,40,2,2,92,0,2,0,0,2,48,42,2,2,94,0,6,6,100
06/18/2016,XNA,AR,ASW,CE,Federal Contract Tower,31,29,4,4,68,0,5,1,0,6,31,34,5,4,74,0,6,6,80
06/19/2016,XNA,AR,ASW,CE,Federal Contract Tower,47,35,0,4,86,0,2,5,0,7,47,37,5,4,93,0,0,0,93
06/20/2016,XNA,AR,ASW,CE,Federal Contract Tower,45,44,12,8,109,0,0,7,0,7,45,44,19,8,116,0,50,50,166
06/21/2016,XNA,AR,ASW,CE,Federal Contract Tower,48,40,13,23,124,0,2,0,4,6,48,42,13,27,130,0,30,30,160
06/22/2016,XNA,AR,ASW,CE,Federal Contract Tower,50,49,15,1,115,0,0,2,2,4,50,49,17,3,119,0,16,16,135
06/23/2016,XNA,AR,ASW,CE,Federal Contract Tower,51,39,16,12,118,0,0,1,0,1,51,39,17,12,119,0,0,0,119
06/24/2016,XNA,AR,ASW,CE,Federal Contract Tower,53,43,1,2,99,0,0,2,2,4,53,43,3,4,103,0,0,0,103
06/25/2016,XNA,AR,ASW,CE,Federal Contract Tower,30,28,2,7,67,0,2,6,0,8,30,30,8,7,75,0,0,0,75
06/26/2016,XNA,AR,ASW,CE,Federal Contract Tower,47,34,7,0,88,0,3,0,7,10,47,37,7,7,98,0,18,18,116
06/27/2016,XNA,AR,ASW,CE,Federal Contract Tower,47,39,13,15,114,0,1,0,0,1,47,40,13,15,115,0,14,14,129
06/28/2016,XNA,AR,ASW,CE,Federal Contract Tower,47,42,29,17,135,0,2,4,0,6,47,44,33,17,141,0,14,14,155
06/29/2016,XNA,AR,ASW,CE,Federal Contract Tower,50,44,19,9,122,0,2,0,0,2,50,46,19,9,124,0,0,0,124
06/30/2016,XNA,AR,ASW,CE,Federal Contract Tower,54,44,15,12,125,0,1,0,3,4,54,45,15,15,129,0,44,44,173
07/01/2016,XNA,AR,ASW,CE,Federal Contract Tower,50,42,9,10,111,0,1,0,2,3,50,43,9,12,114,0,8,8,122
07/02/2016,XNA,AR,ASW,CE,Federal Contract Tower,37,26,2,1,66,0,2,2,0,4,37,28,4,1,70,0,0,0,70
07/03/2016,XNA,AR,ASW,CE,Federal Contract Tower,42,16,0,0,58,0,0,0,0,0,42,16,0,0,58,0,0,0,58
07/04/2016,XNA,AR,ASW,CE,Federal Contract Tower,44,19,10,0,73,0,3,2,0,5,44,22,12,0,78,0,0,0,78
07/05/2016,XNA,AR,ASW,CE,Federal Contract Tower,61,38,10,0,109,0,0,1,2,3,61,38,11,2,112,0,0,0,112
07/06/2016,XNA,AR,ASW,CE,Federal Contract Tower,54,37,11,4,106,0,4,0,1,5,54,41,11,5,111,0,0,0,111
07/07/2016,XNA,AR,ASW,CE,Federal Contract Tower,52,36,13,7,108,0,0,2,2,4,52,36,15,9,112,0,28,28,140
07/08/2016,XNA,AR,ASW,CE,Federal Contract Tower,53,38,12,4,107,0,2,1,3,6,53,40,13,7,113,0,0,0,113
07/09/2016,XNA,AR,ASW,CE,Federal Contract Tower,33,24,5,0,62,0,1,1,0,2,33,25,6,0,64,0,0,0,64
07/10/2016,XNA,AR,ASW,CE,Federal Contract Tower,49,30,2,11,92,0,2,1,4,7,49,32,3,15,99,2,52,54,153
07/11/2016,XNA,AR,ASW,CE,Federal Contract Tower,55,37,8,10,110,0,0,0,0,0,55,37,8,10,110,2,44,46,156
07/12/2016,XNA,AR,ASW,CE,Federal Contract Tower,55,44,9,13,121,0,0,2,4,6,55,44,11,17,127,0,0,0,127
07/13/2016,XNA,AR,ASW,CE,Federal Contract Tower,55,38,8,16,117,0,0,0,0,0,55,38,8,16,117,0,16,16,133
07/14/2016,XNA,AR,ASW,CE,Federal Contract Tower,54,37,14,0,105,0,2,6,0,8,54,39,20,0,113,8,0,8,121
07/15/2016,XNA,AR,ASW,CE,Federal Contract Tower,53,39,4,5,101,0,4,3,0,7,53,43,7,5,108,6,0,6,114
07/16/2016,XNA,AR,ASW,CE,Federal Contract Tower,34,25,4,0,63,0,2,9,0,11,34,27,13,0,74,0,0,0,74
07/17/2016,XNA,AR,ASW,CE,Federal Contract Tower,48,32,8,14,102,0,2,0,5,7,48,34,8,19,109,0,16,16,125
07/18/2016,XNA,AR,ASW,CE,Federal Contract Tower,48,41,2,2,93,0,1,0,0,1,48,42,2,2,94,0,0,0,94
07/19/2016,XNA,AR,ASW,CE,Federal Contract Tower,55,47,8,2,112,0,4,1,0,5,55,51,9,2,117,0,0,0,117
07/20/2016,XNA,AR,ASW,CE,Federal Contract Tower,57,41,19,10,127,0,0,0,2,2,57,41,19,12,129,0,24,24,153
07/21/2016,XNA,AR,ASW,CE,Federal Contract Tower,48,39,14,8,109,0,2,5,2,9,48,41,19,10,118,0,16,16,134
07/22/2016,XNA,AR,ASW,CE,Federal Contract Tower,52,38,9,17,116,0,0,2,2,4,52,38,11,19,120,0,16,16,136
07/23/2016,XNA,AR,ASW,CE,Federal Contract Tower,36,25,0,12,73,0,2,0,0,2,36,27,0,12,75,0,0,0,75
07/24/2016,XNA,AR,ASW,CE,Federal Contract Tower,49,28,3,13,93,0,0,0,1,1,49,28,3,14,94,0,20,20,114
07/25/2016,XNA,AR,ASW,CE,Federal Contract Tower,50,37,12,5,104,0,5,2,6,13,50,42,14,11,117,0,4,4,121
07/26/2016,XNA,AR,ASW,CE,Federal Contract Tower,55,41,19,0,115,0,1,0,4,5,55,42,19,4,120,0,0,0,120
07/27/2016,XNA,AR,ASW,CE,Federal Contract Tower,51,34,20,2,107,0,0,5,5,10,51,34,25,7,117,0,0,0,117
07/28/2016,XNA,AR,ASW,CE,Federal Contract Tower,56,42,14,5,117,0,1,5,16,22,56,43,19,21,139,0,48,48,187
07/29/2016,XNA,AR,ASW,CE,Federal Contract Tower,45,38,6,0,89,0,2,0,5,7,45,40,6,5,96,0,0,0,96
07/30/2016,XNA,AR,ASW,CE,Federal Contract Tower,30,25,1,0,56,0,2,6,0,8,30,27,7,0,64,0,0,0,64
07/31/2016,XNA,AR,ASW,CE,Federal Contract Tower,48,30,5,0,83,0,2,6,0,8,48,32,11,0,91,0,0,0,91
08/01/2016,XNA,AR,ASW,CE,Federal Contract Tower,62,36,4,3,105,0,4,2,4,10,62,40,6,7,115,0,0,0,115
08/02/2016,XNA,AR,ASW,CE,Federal Contract Tower,58,34,16,0,108,0,0,4,2,6,58,34,20,2,114,0,0,0,114
08/03/2016,XNA,AR,ASW,CE,Federal Contract Tower,61,30,18,2,111,0,2,4,0,6,61,32,22,2,117,0,8,8,125
08/04/2016,XNA,AR,ASW,CE,Federal Contract Tower,59,40,23,6,128,0,2,1,0,3,59,42,24,6,131,0,0,0,131
08/05/2016,XNA,AR,ASW,CE,Federal Contract Tower,50,41,17,30,138,0,0,1,2,3,50,41,18,32,141,0,88,88,229
08/06/2016,XNA,AR,ASW,CE,Federal Contract Tower,35,20,5,0,60,0,0,0,0,0,35,20,5,0,60,0,0,0,60
08/07/2016,XNA,AR,ASW,CE,Federal Contract Tower,49,31,11,0,91,0,5,0,0,5,49,36,11,0,96,0,0,0,96
08/08/2016,XNA,AR,ASW,CE,Federal Contract Tower,48,34,5,0,87,0,0,3,4,7,48,34,8,4,94,0,0,0,94
08/09/2016,XNA,AR,ASW,CE,Federal Contract Tower,53,38,12,10,113,0,2,0,6,8,53,40,12,16,121,0,0,0,121
08/10/2016,XNA,AR,ASW,CE,Federal Contract Tower,52,40,12,27,131,0,2,6,1,9,52,42,18,28,140,0,20,20,160
08/11/2016,XNA,AR,ASW,CE,Federal Contract Tower,55,43,17,7,122,0,1,3,1,5,55,44,20,8,127,0,14,14,141
08/12/2016,XNA,AR,ASW,CE,Federal Contract Tower,43,36,13,18,110,0,3,3,0,6,43,39,16,18,116,0,30,30,146
08/13/2016,XNA,AR,ASW,CE,Federal Contract Tower,36,20,0,2,58,0,2,1,0,3,36,22,1,2,61,0,0,0,61
08/14/2016,XNA,AR,ASW,CE,Federal Contract Tower,52,32,4,3,91,0,7,2,1,10,52,39,6,4,101,0,14,14,115
08/15/2016,XNA,AR,ASW,CE,Federal Contract Tower,55,42,4,19,120,0,2,0,6,8,55,44,4,25,128,0,0,0,128
08/16/2016,XNA,AR,ASW,CE,Federal Contract Tower,57,36,12,0,105,0,2,2,0,4,57,38,14,0,109,0,0,0,109
08/17/2016,XNA,AR,ASW,CE,Federal Contract Tower,53,40,12,5,110,0,3,2,0,5,53,43,14,5,115,0,0,0,115
08/18/2016,XNA,AR,ASW,CE,Federal Contract Tower,58,37,14,2,111,0,3,0,0,3,58,40,14,2,114,0,0,0,114
08/19/2016,XNA,AR,ASW,CE,Federal Contract Tower,47,32,3,17,99,0,2,3,0,5,47,34,6,17,104,0,8,8,112
08/20/2016,XNA,AR,ASW,CE,Federal Contract Tower,26,17,6,10,59,0,1,0,0,1,26,18,6,10,60,0,0,0,60
08/21/2016,XNA,AR,ASW,CE,Federal Contract Tower,49,30,5,10,94,0,0,6,0,6,49,30,11,10,100,0,14,14,114
08/22/2016,XNA,AR,ASW,CE,Federal Contract Tower,50,41,12,6,109,0,2,2,2,6,50,43,14,8,115,38,6,44,159
08/23/2016,XNA,AR,ASW,CE,Federal Contract Tower,59,40,13,7,119,0,1,2,0,3,59,41,15,7,122,0,4,4,126
08/24/2016,XNA,AR,ASW,CE,Federal Contract Tower,50,34,12,8,104,0,3,5,2,10,50,37,17,10,114,0,16,16,130
08/25/2016,XNA,AR,ASW,CE,Federal Contract Tower,56,41,24,17,138,0,0,1,1,2,56,41,25,18,140,6,0,6,146
08/26/2016,XNA,AR,ASW,CE,Federal Contract Tower,52,35,16,2,105,0,4,0,0,4,52,39,16,2,109,0,10,10,119
08/27/2016,XNA,AR,ASW,CE,Federal Contract Tower,40,9,1,5,55,0,0,0,0,0,40,9,1,5,55,0,0,0,55
08/28/2016,XNA,AR,ASW,CE,Federal Contract Tower,50,25,7,35,117,0,0,2,9,11,50,25,9,44,128,0,60,60,188
08/29/2016,XNA,AR,ASW,CE,Federal Contract Tower,53,30,7,23,113,0,2,1,0,3,53,32,8,23,116,0,8,8,124
08/30/2016,XNA,AR,ASW,CE,Federal Contract Tower,57,32,17,14,120,0,6,2,0,8,57,38,19,14,128,0,22,22,150
08/31/2016,XNA,AR,ASW,CE,Federal Contract Tower,56,33,16,0,105,0,3,2,0,5,56,36,18,0,110,0,0,0,110
09/01/2016,XNA,AR,ASW,CE,Federal Contract Tower,64,33,13,2,112,0,5,0,0,5,64,38,13,2,117,0,0,0,117
09/02/2016,XNA,AR,ASW,CE,Federal Contract Tower,48,32,8,2,90,0,0,5,0,5,48,32,13,2,95,0,0,0,95
09/03/2016,XNA,AR,ASW,CE,Federal Contract Tower,33,12,1,0,46,0,0,0,0,0,33,12,1,0,46,0,0,0,46
09/04/2016,XNA,AR,ASW,CE,Federal Contract Tower,38,8,3,2,51,0,0,6,0,6,38,8,9,2,57,0,0,0,57
09/05/2016,XNA,AR,ASW,CE,Federal Contract Tower,50,16,10,0,76,0,8,1,0,9,50,24,11,0,85,4,0,4,89
09/06/2016,XNA,AR,ASW,CE,Federal Contract Tower,52,35,24,10,121,0,0,6,10,16,52,35,30,20,137,4,4,8,145
09/07/2016,XNA,AR,ASW,CE,Federal Contract Tower,45,36,19,9,109,0,0,4,3,7,45,36,23,12,116,0,6,6,122
09/08/2016,XNA,AR,ASW,CE,Federal Contract Tower,56,38,13,4,111,0,0,2,2,4,56,38,15,6,115,0,0,0,115
09/09/2016,XNA,AR,ASW,CE,Federal Contract Tower,47,39,7,4,97,0,1,0,5,6,47,40,7,9,103,0,0,0,103
09/10/2016,XNA,AR,ASW,CE,Federal Contract Tower,27,13,1,0,41,0,5,0,0,5,27,18,1,0,46,0,0,0,46
09/11/2016,XNA,AR,ASW,CE,Federal Contract Tower,52,23,4,13,92,0,0,2,0,2,52,23,6,13,94,0,64,64,158
09/12/2016,XNA,AR,ASW,CE,Federal Contract Tower,52,39,9,14,114,0,0,2,6,8,52,39,11,20,122,0,30,30,152
09/13/2016,XNA,AR,ASW,CE,Federal Contract Tower,57,34,24,14,129,0,0,5,0,5,57,34,29,14,134,0,32,32,166
09/14/2016,XNA,AR,ASW,CE,Federal Contract Tower,49,36,14,14,113,0,2,2,0,4,49,38,16,14,117,0,32,32,149
09/15/2016,XNA,AR,ASW,CE,Federal Contract Tower,55,43,13,3,114,0,5,4,2,11,55,48,17,5,125,0,0,0,125
09/16/2016,XNA,AR,ASW,CE,Federal Contract Tower,51,41,9,2,103,0,6,0,0,6,51,47,9,2,109,0,0,0,109
09/17/2016,XNA,AR,ASW,CE,Federal Contract Tower,28,17,4,2,51,0,2,2,0,4,28,19,6,2,55,0,0,0,55
09/18/2016,XNA,AR,ASW,CE,Federal Contract Tower,54,25,2,0,81,0,0,0,0,0,54,25,2,0,81,0,0,0,81
09/19/2016,XNA,AR,ASW,CE,Federal Contract Tower,54,41,10,0,105,0,0,0,0,0,54,41,10,0,105,0,0,0,105
09/20/2016,XNA,AR,ASW,CE,Federal Contract Tower,52,35,18,11,116,0,0,7,16,23,52,35,25,27,139,20,10,30,169
09/21/2016,XNA,AR,ASW,CE,Federal Contract Tower,50,34,18,2,104,0,0,4,0,4,50,34,22,2,108,0,0,0,108
09/22/2016,XNA,AR,ASW,CE,Federal Contract Tower,56,38,21,14,129,0,0,0,0,0,56,38,21,14,129,0,18,18,147
09/23/2016,XNA,AR,ASW,CE,Federal Contract Tower,48,34,2,13,97,0,0,0,1,1,48,34,2,14,98,10,0,10,108
09/24/2016,XNA,AR,ASW,CE,Federal Contract Tower,24,16,2,5,47,0,7,8,0,15,24,23,10,5,62,0,0,0,62
09/25/2016,XNA,AR,ASW,CE,Federal Contract Tower,51,29,2,9,91,0,1,1,0,2,51,30,3,9,93,0,0,0,93
09/26/2016,XNA,AR,ASW,CE,Federal Contract Tower,51,37,8,19,115,0,2,6,2,10,51,39,14,21,125,0,38,38,163
09/27/2016,XNA,AR,ASW,CE,Federal Contract Tower,52,34,14,6,106,0,0,2,1,3,52,34,16,7,109,0,4,4,113
09/28/2016,XNA,AR,ASW,CE,Federal Contract Tower,53,39,23,1,116,0,0,0,0,0,53,39,23,1,116,0,0,0,116
09/29/2016,XNA,AR,ASW,CE,Federal Contract Tower,53,42,23,10,128,0,0,11,2,13,53,42,34,12,141,0,26,26,167
09/30/2016,XNA,AR,ASW,CE,Federal Contract Tower,49,39,6,0,94,0,0,6,0,6,49,39,12,0,100,0,0,0,100
10/01/2016,XNA,AR,ASW,CE,Federal Contract Tower,26,15,2,3,46,0,0,4,0,4,26,15,6,3,50,0,4,4,54
10/02/2016,XNA,AR,ASW,CE,Federal Contract Tower,51,33,1,0,85,0,0,4,0,4,51,33,5,0,89,0,0,0,89
10/03/2016,XNA,AR,ASW,CE,Federal Contract Tower,50,39,9,16,114,0,2,5,1,8,50,41,14,17,122,0,10,10,132
10/04/2016,XNA,AR,ASW,CE,Federal Contract Tower,54,33,9,13,109,0,1,5,0,6,54,34,14,13,115,0,32,32,147
10/05/2016,XNA,AR,ASW,CE,Federal Contract Tower,49,36,46,6,137,0,3,2,0,5,49,39,48,6,142,0,10,10,152
10/06/2016,XNA,AR,ASW,CE,Federal Contract Tower,56,37,21,5,119,0,1,2,1,4,56,38,23,6,123,0,4,4,127
10/07/2016,XNA,AR,ASW,CE,Federal Contract Tower,59,29,15,0,103,0,1,1,0,2,59,30,16,0,105,0,0,0,105
10/08/2016,XNA,AR,ASW,CE,Federal Contract Tower,44,6,12,0,62,0,0,2,0,2,44,6,14,0,64,0,0,0,64
10/09/2016,XNA,AR,ASW,CE,Federal Contract Tower,52,24,15,0,91,0,4,4,0,8,52,28,19,0,99,0,0,0,99
10/10/2016,XNA,AR,ASW,CE,Federal Contract Tower,60,28,17,7,112,0,0,4,0,4,60,28,21,7,116,0,22,22,138
10/11/2016,XNA,AR,ASW,CE,Federal Contract Tower,58,28,24,18,128,0,6,0,0,6,58,34,24,18,134,0,0,0,134
10/12/2016,XNA,AR,ASW,CE,Federal Contract Tower,64,24,18,0,106,0,2,0,0,2,64,26,18,0,108,0,0,0,108
10/13/2016,XNA,AR,ASW,CE,Federal Contract Tower,58,33,35,12,138,0,0,0,0,0,58,33,35,12,138,0,0,0,138
10/14/2016,XNA,AR,ASW,CE,Federal Contract Tower,61,41,14,25,141,0,0,0,0,0,61,41,14,25,141,0,2,2,143
10/15/2016,XNA,AR,ASW,CE,Federal Contract Tower,46,7,10,2,65,0,0,6,2,8,46,7,16,4,73,0,0,0,73
10/16/2016,XNA,AR,ASW,CE,Federal Contract Tower,46,32,16,7,101,0,3,1,0,4,46,35,17,7,105,0,12,12,117
10/17/2016,XNA,AR,ASW,CE,Federal Contract Tower,59,27,10,10,106,0,0,4,3,7,59,27,14,13,113,0,22,22,135
10/18/2016,XNA,AR,ASW,CE,Federal Contract Tower,61,28,22,13,124,0,3,2,0,5,61,31,24,13,129,0,20,20,149
10/19/2016,XNA,AR,ASW,CE,Federal Contract Tower,63,29,20,4,116,0,1,0,0,1,63,30,20,4,117,0,4,4,121
10/20/2016,XNA,AR,ASW,CE,Federal Contract Tower,62,33,27,5,127,0,1,2,3,6,62,34,29,8,133,0,44,44,177
10/21/2016,XNA,AR,ASW,CE,Federal Contract Tower,59,32,11,50,152,0,0,7,0,7,59,32,18,50,159,2,50,52,211
10/22/2016,XNA,AR,ASW,CE,Federal Contract Tower,38,11,0,0,49,0,2,6,0,8,38,13,6,0,57,0,0,0,57
10/23/2016,XNA,AR,ASW,CE,Federal Contract Tower,47,30,17,5,99,0,0,2,1,3,47,30,19,6,102,0,10,10,112
10/24/2016,XNA,AR,ASW,CE,Federal Contract Tower,62,28,5,0,95,0,4,8,0,12,62,32,13,0,107,0,0,0,107
10/25/2016,XNA,AR,ASW,CE,Federal Contract Tower,70,28,15,4,117,0,4,0,0,4,70,32,15,4,121,0,0,0,121
10/26/2016,XNA,AR,ASW,CE,Federal Contract Tower,64,29,10,0,103,0,6,0,0,6,64,35,10,0,109,0,0,0,109
10/27/2016,XNA,AR,ASW,CE,Federal Contract Tower,65,26,17,35,143,0,1,5,3,9,65,27,22,38,152,0,30,30,182
10/28/2016,XNA,AR,ASW,CE,Federal Contract Tower,63,25,6,35,129,0,0,0,4,4,63,25,6,39,133,2,14,16,149
10/29/2016,XNA,AR,ASW,CE,Federal Contract Tower,38,10,3,3,54,0,0,5,1,6,38,10,8,4,60,0,10,10,70
10/30/2016,XNA,AR,ASW,CE,Federal Contract Tower,47,25,4,2,78,0,2,2,2,6,47,27,6,4,84,0,2,2,86
10/31/2016,XNA,AR,ASW,CE,Federal Contract Tower,52,26,2,14,94,0,4,0,7,11,52,30,2,21,105,0,14,14,119
11/01/2016,XNA,AR,ASW,CE,Federal Contract Tower,57,31,18,6,112,0,0,0,8,8,57,31,18,14,120,0,20,20,140
11/02/2016,XNA,AR,ASW,CE,Federal Contract Tower,55,29,16,16,116,0,2,5,0,7,55,31,21,16,123,0,46,46,169
11/03/2016,XNA,AR,ASW,CE,Federal Contract Tower,58,47,25,7,137,0,2,0,0,2,58,49,25,7,139,0,10,10,149
11/04/2016,XNA,AR,ASW,CE,Federal Contract Tower,49,38,12,28,127,0,2,1,0,3,49,40,13,28,130,0,26,26,156
11/05/2016,XNA,AR,ASW,CE,Federal Contract Tower,37,11,3,5,56,0,0,1,0,1,37,11,4,5,57,2,10,12,69
11/06/2016,XNA,AR,ASW,CE,Federal Contract Tower,50,31,11,8,100,0,10,3,0,13,50,41,14,8,113,0,8,8,121
11/07/2016,XNA,AR,ASW,CE,Federal Contract Tower,51,33,10,9,103,0,1,0,0,1,51,34,10,9,104,0,0,0,104
11/08/2016,XNA,AR,ASW,CE,Federal Contract Tower,46,33,14,0,93,0,0,0,0,0,46,33,14,0,93,0,0,0,93
11/09/2016,XNA,AR,ASW,CE,Federal Contract Tower,52,36,17,23,128,0,2,2,1,5,52,38,19,24,133,0,38,38,171
11/10/2016,XNA,AR,ASW,CE,Federal Contract Tower,57,33,14,12,116,0,0,0,0,0,57,33,14,12,116,0,4,4,120
11/11/2016,XNA,AR,ASW,CE,Federal Contract Tower,55,28,6,7,96,0,0,0,4,4,55,28,6,11,100,0,10,10,110
11/12/2016,XNA,AR,ASW,CE,Federal Contract Tower,40,16,6,0,62,0,0,0,0,0,40,16,6,0,62,0,0,0,62
11/13/2016,XNA,AR,ASW,CE,Federal Contract Tower,54,26,7,0,87,0,0,0,2,2,54,26,7,2,89,0,0,0,89
11/14/2016,XNA,AR,ASW,CE,Federal Contract Tower,53,31,8,10,102,0,6,0,0,6,53,37,8,10,108,0,12,12,120
11/15/2016,XNA,AR,ASW,CE,Federal Contract Tower,49,42,25,0,116,0,15,2,0,17,49,57,27,0,133,6,0,6,139
11/16/2016,XNA,AR,ASW,CE,Federal Contract Tower,46,39,15,0,100,0,34,2,0,36,46,73,17,0,136,0,0,0,136
11/17/2016,XNA,AR,ASW,CE,Federal Contract Tower,58,33,21,8,120,0,1,2,0,3,58,34,23,8,123,4,4,8,131
11/18/2016,XNA,AR,ASW,CE,Federal Contract Tower,50,38,10,3,101,0,1,0,0,1,50,39,10,3,102,0,0,0,102
11/19/2016,XNA,AR,ASW,CE,Federal Contract Tower,30,15,4,4,53,0,0,3,0,3,30,15,7,4,56,0,18,18,74
11/20/2016,XNA,AR,ASW,CE,Federal Contract Tower,43,25,7,19,94,0,1,0,0,1,43,26,7,19,95,0,12,12,107
11/21/2016,XNA,AR,ASW,CE,Federal Contract Tower,49,20,8,0,77,0,0,1,0,1,49,20,9,0,78,0,0,0,78
11/22/2016,XNA,AR,ASW,CE,Federal Contract Tower,50,35,8,2,95,0,3,0,1,4,50,38,8,3,99,0,28,28,127
11/23/2016,XNA,AR,ASW,CE,Federal Contract Tower,54,34,4,0,92,0,0,0,0,0,54,34,4,0,92,0,0,0,92
11/24/2016,XNA,AR,ASW,CE,Federal Contract Tower,31,5,2,0,38,0,0,2,0,2,31,5,4,0,40,0,0,0,40
11/25/2016,XNA,AR,ASW,CE,Federal Contract Tower,37,14,1,0,52,0,0,3,0,3,37,14,4,0,55,0,0,0,55
11/26/2016,XNA,AR,ASW,CE,Federal Contract Tower,44,34,7,0,85,0,0,2,0,2,44,34,9,0,87,0,0,0,87
11/27/2016,XNA,AR,ASW,CE,Federal Contract Tower,60,31,6,0,97,0,1,0,0,1,60,32,6,0,98,0,0,0,98
11/28/2016,XNA,AR,ASW,CE,Federal Contract Tower,56,32,13,10,111,0,1,0,0,1,56,33,13,10,112,6,0,6,118
11/29/2016,XNA,AR,ASW,CE,Federal Contract Tower,56,28,17,17,118,0,5,8,3,16,56,33,25,20,134,0,26,26,160
11/30/2016,XNA,AR,ASW,CE,Federal Contract Tower,56,24,8,20,108,0,0,2,2,4,56,24,10,22,112,0,32,32,144
12/01/2016,XNA,AR,ASW,CE,Federal Contract Tower,58,32,14,11,115,0,0,6,2,8,58,32,20,13,123,0,14,14,137
12/02/2016,XNA,AR,ASW,CE,Federal Contract Tower,57,34,7,44,142,0,2,30,0,32,57,36,37,44,174,0,8,8,182
12/03/2016,XNA,AR,ASW,CE,Federal Contract Tower,32,13,9,0,54,0,0,0,0,0,32,13,9,0,54,0,0,0,54
12/04/2016,XNA,AR,ASW,CE,Federal Contract Tower,50,17,4,0,71,0,0,0,0,0,50,17,4,0,71,0,0,0,71
12/05/2016,XNA,AR,ASW,CE,Federal Contract Tower,58,29,9,24,120,0,1,2,8,11,58,30,11,32,131,0,52,52,183
12/06/2016,XNA,AR,ASW,CE,Federal Contract Tower,56,35,15,9,115,0,4,2,0,6,56,39,17,9,121,4,16,20,141
12/07/2016,XNA,AR,ASW,CE,Federal Contract Tower,49,27,28,0,104,0,3,0,0,3,49,30,28,0,107,0,0,0,107
12/08/2016,XNA,AR,ASW,CE,Federal Contract Tower,59,28,27,8,122,0,0,2,0,2,59,28,29,8,124,0,4,4,128
12/09/2016,XNA,AR,ASW,CE,Federal Contract Tower,54,28,16,23,121,0,0,0,3,3,54,28,16,26,124,0,8,8,132
12/10/2016,XNA,AR,ASW,CE,Federal Contract Tower,34,13,15,1,63,0,0,4,1,5,34,13,19,2,68,0,0,0,68
12/11/2016,XNA,AR,ASW,CE,Federal Contract Tower,43,14,1,0,58,0,0,0,0,0,43,14,1,0,58,0,0,0,58
12/12/2016,XNA,AR,ASW,CE,Federal Contract Tower,67,30,17,4,118,0,0,3,0,3,67,30,20,4,121,0,6,6,127
12/13/2016,XNA,AR,ASW,CE,Federal Contract Tower,61,35,17,7,120,0,0,0,0,0,61,35,17,7,120,0,0,0,120
12/14/2016,XNA,AR,ASW,CE,Federal Contract Tower,56,41,13,13,123,0,0,0,0,0,56,41,13,13,123,0,0,0,123
12/15/2016,XNA,AR,ASW,CE,Federal Contract Tower,56,35,18,6,115,0,0,0,2,2,56,35,18,8,117,0,0,0,117
12/16/2016,XNA,AR,ASW,CE,Federal Contract Tower,45,31,9,28,113,0,0,0,0,0,45,31,9,28,113,0,0,0,113
12/17/2016,XNA,AR,ASW,CE,Federal Contract Tower,17,30,6,0,53,0,0,0,0,0,17,30,6,0,53,0,0,0,53
12/18/2016,XNA,AR,ASW,CE,Federal Contract Tower,29,36,5,0,70,0,1,5,2,8,29,37,10,2,78,0,0,0,78
12/19/2016,XNA,AR,ASW,CE,Federal Contract Tower,31,38,10,1,80,0,2,3,4,9,31,40,13,5,89,0,4,4,93
12/20/2016,XNA,AR,ASW,CE,Federal Contract Tower,37,42,7,6,92,0,1,0,4,5,37,43,7,10,97,0,22,22,119
12/21/2016,XNA,AR,ASW,CE,Federal Contract Tower,31,37,6,16,90,0,4,0,3,7,31,41,6,19,97,0,38,38,135
12/22/2016,XNA,AR,ASW,CE,Federal Contract Tower,38,31,12,8,89,0,2,0,0,2,38,33,12,8,91,0,0,0,91
12/23/2016,XNA,AR,ASW,CE,Federal Contract Tower,33,30,1,0,64,0,1,0,0,1,33,31,1,0,65,0,0,0,65
12/24/2016,XNA,AR,ASW,CE,Federal Contract Tower,25,20,2,0,47,0,1,0,0,1,25,21,2,0,48,0,0,0,48
12/25/2016,XNA,AR,ASW,CE,Federal Contract Tower,35,15,0,0,50,0,1,0,0,1,35,16,0,0,51,0,0,0,51
12/26/2016,XNA,AR,ASW,CE,Federal Contract Tower,36,31,4,0,71,0,2,0,0,2,36,33,4,0,73,0,0,0,73
12/27/2016,XNA,AR,ASW,CE,Federal Contract Tower,39,31,9,2,81,0,1,0,0,1,39,32,9,2,82,0,10,10,92
12/28/2016,XNA,AR,ASW,CE,Federal Contract Tower,34,34,1,2,71,0,1,0,0,1,34,35,1,2,72,0,0,0,72
12/29/2016,XNA,AR,ASW,CE,Federal Contract Tower,34,29,4,0,67,0,0,8,0,8,34,29,12,0,75,6,0,6,81
12/30/2016,XNA,AR,ASW,CE,Federal Contract Tower,37,31,7,0,75,0,0,6,0,6,37,31,13,0,81,6,0,6,87
12/31/2016,XNA,AR,ASW,CE,Federal Contract Tower,24,21,6,0,51,0,3,0,0,3,24,24,6,0,54,0,0,0,54
01/01/2017,XNA,AR,ASW,CE,Federal Contract Tower,34,24,8,0,66,0,1,0,0,1,34,25,8,0,67,0,0,0,67
01/02/2017,XNA,AR,ASW,CE,Federal Contract Tower,35,36,7,0,78,0,0,0,0,0,35,36,7,0,78,0,0,0,78
01/03/2017,XNA,AR,ASW,CE,Federal Contract Tower,44,32,5,0,81,0,0,0,0,0,44,32,5,0,81,0,0,0,81
01/04/2017,XNA,AR,ASW,CE,Federal Contract Tower,37,27,8,7,79,0,2,2,9,13,37,29,10,16,92,0,8,8,100
01/05/2017,XNA,AR,ASW,CE,Federal Contract Tower,31,30,10,1,72,0,0,0,0,0,31,30,10,1,72,0,0,0,72
01/06/2017,XNA,AR,ASW,CE,Federal Contract Tower,42,30,6,10,88,0,16,6,0,22,42,46,12,10,110,0,12,12,122
01/07/2017,XNA,AR,ASW,CE,Federal Contract Tower,30,18,0,0,48,0,0,0,0,0,30,18,0,0,48,0,0,0,48
01/08/2017,XNA,AR,ASW,CE,Federal Contract Tower,39,31,7,11,88,0,2,1,0,3,39,33,8,11,91,0,0,0,91
01/09/2017,XNA,AR,ASW,CE,Federal Contract Tower,52,30,6,5,93,0,0,0,0,0,52,30,6,5,93,0,0,0,93
01/10/2017,XNA,AR,ASW,CE,Federal Contract Tower,56,32,16,21,125,0,2,0,2,4,56,34,16,23,129,0,14,14,143
01/11/2017,XNA,AR,ASW,CE,Federal Contract Tower,52,36,17,15,120,0,0,0,2,2,52,36,17,17,122,0,16,16,138
01/12/2017,XNA,AR,ASW,CE,Federal Contract Tower,52,31,18,12,113,0,2,0,4,6,52,33,18,16,119,4,0,4,123
01/13/2017,XNA,AR,ASW,CE,Federal Contract Tower,46,35,5,0,86,0,0,0,0,0,46,35,5,0,86,0,0,0,86
01/14/2017,XNA,AR,ASW,CE,Federal Contract Tower,34,14,6,0,54,0,0,0,0,0,34,14,6,0,54,0,0,0,54
01/15/2017,XNA,AR,ASW,CE,Federal Contract Tower,35,19,8,0,62,0,0,0,0,0,35,19,8,0,62,0,0,0,62
01/16/2017,XNA,AR,ASW,CE,Federal Contract Tower,67,34,9,8,118,0,1,1,0,2,67,35,10,8,120,0,0,0,120
01/17/2017,XNA,AR,ASW,CE,Federal Contract Tower,51,30,7,4,92,0,0,0,0,0,51,30,7,4,92,0,0,0,92
01/18/2017,XNA,AR,ASW,CE,Federal Contract Tower,55,26,24,0,105,0,4,0,0,4,55,30,24,0,109,0,0,0,109
01/19/2017,XNA,AR,ASW,CE,Federal Contract Tower,55,35,16,4,110,0,2,0,0,2,55,37,16,4,112,0,0,0,112
01/20/2017,XNA,AR,ASW,CE,Federal Contract Tower,52,42,14,35,143,0,1,1,3,5,52,43,15,38,148,0,34,34,182
01/21/2017,XNA,AR,ASW,CE,Federal Contract Tower,28,14,5,13,60,0,3,1,0,4,28,17,6,13,64,0,2,2,66
01/22/2017,XNA,AR,ASW,CE,Federal Contract Tower,55,25,6,0,86,0,1,0,0,1,55,26,6,0,87,0,0,0,87
01/23/2017,XNA,AR,ASW,CE,Federal Contract Tower,52,27,3,7,89,0,2,0,1,3,52,29,3,8,92,6,8,14,106
01/24/2017,XNA,AR,ASW,CE,Federal Contract Tower,54,30,8,10,102,0,4,4,1,9,54,34,12,11,111,0,4,4,115
01/25/2017,XNA,AR,ASW,CE,Federal Contract Tower,56,28,12,18,114,0,0,2,0,2,56,28,14,18,116,0,8,8,124
01/26/2017,XNA,AR,ASW,CE,Federal Contract Tower,56,36,17,4,113,0,2,2,0,4,56,38,19,4,117,0,0,0,117
01/27/2017,XNA,AR,ASW,CE,Federal Contract Tower,56,35,12,8,111,0,2,7,0,9,56,37,19,8,120,0,6,6,126
01/28/2017,XNA,AR,ASW,CE,Federal Contract Tower,30,15,19,0,64,0,2,9,6,17,30,17,28,6,81,6,0,6,87
01/29/2017,XNA,AR,ASW,CE,Federal Contract Tower,54,28,12,7,101,0,2,1,0,3,54,30,13,7,104,0,0,0,104
01/30/2017,XNA,AR,ASW,CE,Federal Contract Tower,53,32,23,4,112,0,0,0,0,0,53,32,23,4,112,0,6,6,118
01/31/2017,XNA,AR,ASW,CE,Federal Contract Tower,56,26,18,4,104,0,4,3,0,7,56,30,21,4,111,0,0,0,111
02/01/2017,XNA,AR,ASW,CE,Federal Contract Tower,54,26,22,5,107,0,0,0,0,0,54,26,22,5,107,0,0,0,107
02/02/2017,XNA,AR,ASW,CE,Federal Contract Tower,55,29,20,7,111,0,2,2,0,4,55,31,22,7,115,6,0,6,121
02/03/2017,XNA,AR,ASW,CE,Federal Contract Tower,51,36,7,12,106,0,0,2,0,2,51,36,9,12,108,0,4,4,112
02/04/2017,XNA,AR,ASW,CE,Federal Contract Tower,31,9,2,2,44,0,4,0,0,4,31,13,2,2,48,0,0,0,48
02/05/2017,XNA,AR,ASW,CE,Federal Contract Tower,43,22,1,0,66,0,0,0,0,0,43,22,1,0,66,0,0,0,66
02/06/2017,XNA,AR,ASW,CE,Federal Contract Tower,58,30,13,3,104,0,2,0,0,2,58,32,13,3,106,0,0,0,106
02/07/2017,XNA,AR,ASW,CE,Federal Contract Tower,55,36,31,14,136,0,0,3,0,3,55,36,34,14,139,8,6,14,153
02/08/2017,XNA,AR,ASW,CE,Federal Contract Tower,48,29,4,23,104,0,0,0,0,0,48,29,4,23,104,0,8,8,112
02/09/2017,XNA,AR,ASW,CE,Federal Contract Tower,47,37,41,10,135,0,0,24,0,24,47,37,65,10,159,0,16,16,175
02/10/2017,XNA,AR,ASW,CE,Federal Contract Tower,51,34,13,26,124,0,2,1,0,3,51,36,14,26,127,0,8,8,135
02/11/2017,XNA,AR,ASW,CE,Federal Contract Tower,32,13,7,8,60,0,0,0,0,0,32,13,7,8,60,0,24,24,84
02/12/2017,XNA,AR,ASW,CE,Federal Contract Tower,51,30,5,19,105,0,0,0,0,0,51,30,5,19,105,0,16,16,121
02/13/2017,XNA,AR,ASW,CE,Federal Contract Tower,52,30,10,17,109,0,1,4,0,5,52,31,14,17,114,0,26,26,140
02/14/2017,XNA,AR,ASW,CE,Federal Contract Tower,58,28,15,0,101,0,1,0,0,1,58,29,15,0,102,0,0,0,102
02/15/2017,XNA,AR,ASW,CE,Federal Contract Tower,48,25,25,39,137,0,2,4,0,6,48,27,29,39,143,0,12,12,155
02/16/2017,XNA,AR,ASW,CE,Federal Contract Tower,54,37,27,6,124,0,1,7,1,9,54,38,34,7,133,0,8,8,141
02/17/2017,XNA,AR,ASW,CE,Federal Contract Tower,55,33,11,0,99,0,2,3,0,5,55,35,14,0,104,0,0,0,104
02/18/2017,XNA,AR,ASW,CE,Federal Contract Tower,28,9,6,2,45,0,0,0,0,0,28,9,6,2,45,0,0,0,45
02/19/2017,XNA,AR,ASW,CE,Federal Contract Tower,51,13,2,11,77,0,0,0,0,0,51,13,2,11,77,0,2,2,79
02/20/2017,XNA,AR,ASW,CE,Federal Contract Tower,53,30,4,0,87,0,3,2,0,5,53,33,6,0,92,0,0,0,92
02/21/2017,XNA,AR,ASW,CE,Federal Contract Tower,59,36,9,26,130,0,3,5,0,8,59,39,14,26,138,0,38,38,176
02/22/2017,XNA,AR,ASW,CE,Federal Contract Tower,57,30,13,51,151,0,4,2,0,6,57,34,15,51,157,14,24,38,195
02/23/2017,XNA,AR,ASW,CE,Federal Contract Tower,58,32,17,20,127,0,0,0,0,0,58,32,17,20,127,0,0,0,127
02/24/2017,XNA,AR,ASW,CE,Federal Contract Tower,51,28,6,35,120,0,0,0,0,0,51,28,6,35,120,0,16,16,136
02/25/2017,XNA,AR,ASW,CE,Federal Contract Tower,34,13,6,31,84,0,2,3,2,7,34,15,9,33,91,0,46,46,137
02/26/2017,XNA,AR,ASW,CE,Federal Contract Tower,54,27,8,15,104,0,0,0,1,1,54,27,8,16,105,0,20,20,125
02/27/2017,XNA,AR,ASW,CE,Federal Contract Tower,57,34,9,18,118,0,0,0,8,8,57,34,9,26,126,0,38,38,164
02/28/2017,XNA,AR,ASW,CE,Federal Contract Tower,56,30,10,4,100,0,2,0,0,2,56,32,10,4,102,0,0,0,102
03/01/2017,XNA,AR,ASW,CE,Federal Contract Tower,50,30,20,23,123,0,2,2,0,4,50,32,22,23,127,0,50,50,177
03/02/2017,XNA,AR,ASW,CE,Federal Contract Tower,54,34,15,22,125,0,2,2,3,7,54,36,17,25,132,0,46,46,178
03/03/2017,XNA,AR,ASW,CE,Federal Contract Tower,51,33,10,29,123,0,0,2,0,2,51,33,12,29,125,0,4,4,129
03/04/2017,XNA,AR,ASW,CE,Federal Contract Tower,38,10,2,15,65,0,2,4,2,8,38,12,6,17,73,0,12,12,85
03/05/2017,XNA,AR,ASW,CE,Federal Contract Tower,52,32,9,6,99,0,4,0,0,4,52,36,9,6,103,0,0,0,103
03/06/2017,XNA,AR,ASW,CE,Federal Contract Tower,66,31,13,11,121,0,1,2,0,3,66,32,15,11,124,0,20,20,144
03/07/2017,XNA,AR,ASW,CE,Federal Contract Tower,63,30,20,10,123,0,0,7,2,9,63,30,27,12,132,0,56,56,188
03/08/2017,XNA,AR,ASW,CE,Federal Contract Tower,54,32,11,12,109,0,0,11,2,13,54,32,22,14,122,0,38,38,160
03/09/2017,XNA,AR,ASW,CE,Federal Contract Tower,60,29,14,0,103,0,0,3,0,3,60,29,17,0,106,0,0,0,106
03/10/2017,XNA,AR,ASW,CE,Federal Contract Tower,49,30,7,19,105,0,3,9,2,14,49,33,16,21,119,0,32,32,151
03/11/2017,XNA,AR,ASW,CE,Federal Contract Tower,37,9,3,1,50,0,1,0,0,1,37,10,3,1,51,0,0,0,51
03/12/2017,XNA,AR,ASW,CE,Federal Contract Tower,51,27,6,4,88,0,3,0,0,3,51,30,6,4,91,0,4,4,95
03/13/2017,XNA,AR,ASW,CE,Federal Contract Tower,50,37,6,1,94,0,0,0,1,1,50,37,6,2,95,0,0,0,95
03/14/2017,XNA,AR,ASW,CE,Federal Contract Tower,47,44,11,0,102,0,0,4,0,4,47,44,15,0,106,30,0,30,136
03/15/2017,XNA,AR,ASW,CE,Federal Contract Tower,51,32,7,2,92,0,2,1,0,3,51,34,8,2,95,8,0,8,103
03/16/2017,XNA,AR,ASW,CE,Federal Contract Tower,54,32,13,13,112,0,3,6,2,11,54,35,19,15,123,0,6,6,129
03/17/2017,XNA,AR,ASW,CE,Federal Contract Tower,51,32,5,1,89,0,1,1,1,3,51,33,6,2,92,0,0,0,92
03/18/2017,XNA,AR,ASW,CE,Federal Contract Tower,36,12,4,1,53,0,0,11,1,12,36,12,15,2,65,10,0,10,75
03/19/2017,XNA,AR,ASW,CE,Federal Contract Tower,49,30,4,2,85,0,6,0,0,6,49,36,4,2,91,0,0,0,91
03/20/2017,XNA,AR,ASW,CE,Federal Contract Tower,59,32,12,23,126,0,1,4,0,5,59,33,16,23,131,0,14,14,145
03/21/2017,XNA,AR,ASW,CE,Federal Contract Tower,56,37,15,12,120,0,0,3,1,4,56,37,18,13,124,0,4,4,128
03/22/2017,XNA,AR,ASW,CE,Federal Contract Tower,53,26,3,15,97,0,0,0,0,0,53,26,3,15,97,0,18,18,115
03/23/2017,XNA,AR,ASW,CE,Federal Contract Tower,53,29,15,27,124,0,2,3,1,6,53,31,18,28,130,0,22,22,152
03/24/2017,XNA,AR,ASW,CE,Federal Contract Tower,49,36,4,0,89,0,0,1,0,1,49,36,5,0,90,0,0,0,90
03/25/2017,XNA,AR,ASW,CE,Federal Contract Tower,30,10,2,0,42,0,0,0,0,0,30,10,2,0,42,0,0,0,42
03/26/2017,XNA,AR,ASW,CE,Federal Contract Tower,48,26,4,0,78,0,0,1,0,1,48,26,5,0,79,0,0,0,79
03/27/2017,XNA,AR,ASW,CE,Federal Contract Tower,55,33,8,0,96,0,1,0,0,1,55,34,8,0,97,0,0,0,97
03/28/2017,XNA,AR,ASW,CE,Federal Contract Tower,55,34,11,46,146,0,0,4,0,4,55,34,15,46,150,0,100,100,250
03/29/2017,XNA,AR,ASW,CE,Federal Contract Tower,55,34,9,3,101,0,4,1,1,6,55,38,10,4,107,0,0,0,107
03/30/2017,XNA,AR,ASW,CE,Federal Contract Tower,50,44,17,15,126,0,0,0,0,0,50,44,17,15,126,0,0,0,126
03/31/2017,XNA,AR,ASW,CE,Federal Contract Tower,56,34,9,23,122,0,4,0,0,4,56,38,9,23,126,0,10,10,136
04/01/2017,XNA,AR,ASW,CE,Federal Contract Tower,36,11,2,2,51,0,2,2,0,4,36,13,4,2,55,0,0,0,55
04/02/2017,XNA,AR,ASW,CE,Federal Contract Tower,54,34,1,0,89,0,3,0,0,3,54,37,1,0,92,0,0,0,92
04/03/2017,XNA,AR,ASW,CE,Federal Contract Tower,59,24,6,3,92,0,1,4,0,5,59,25,10,3,97,0,0,0,97
04/04/2017,XNA,AR,ASW,CE,Federal Contract Tower,64,34,18,9,125,0,5,2,0,7,64,39,20,9,132,0,0,0,132
04/05/2017,XNA,AR,ASW,CE,Federal Contract Tower,51,40,17,7,115,0,2,0,0,2,51,42,17,7,117,0,10,10,127
04/06/2017,XNA,AR,ASW,CE,Federal Contract Tower,54,34,26,28,142,0,4,7,0,11,54,38,33,28,153,0,4,4,157
04/07/2017,XNA,AR,ASW,CE,Federal Contract Tower,52,34,13,12,111,0,3,3,0,6,52,37,16,12,117,0,4,4,121
04/08/2017,XNA,AR,ASW,CE,Federal Contract Tower,41,13,1,0,55,0,1,0,0,1,41,14,1,0,56,0,0,0,56
04/09/2017,XNA,AR,ASW,CE,Federal Contract Tower,50,40,3,6,99,0,0,0,0,0,50,40,3,6,99,0,0,0,99
04/10/2017,XNA,AR,ASW,CE,Federal Contract Tower,58,31,4,7,100,0,3,2,1,6,58,34,6,8,106,0,4,4,110
04/11/2017,XNA,AR,ASW,CE,Federal Contract Tower,62,40,13,23,138,0,2,1,3,6,62,42,14,26,144,0,44,44,188
04/12/2017,XNA,AR,ASW,CE,Federal Contract Tower,55,40,16,19,130,0,0,4,1,5,55,40,20,20,135,6,36,42,177
04/13/2017,XNA,AR,ASW,CE,Federal Contract Tower,55,44,17,6,122,0,3,0,0,3,55,47,17,6,125,0,56,56,181
04/14/2017,XNA,AR,ASW,CE,Federal Contract Tower,54,30,7,17,108,0,0,1,0,1,54,30,8,17,109,0,18,18,127
04/15/2017,XNA,AR,ASW,CE,Federal Contract Tower,32,13,7,7,59,0,2,1,0,3,32,15,8,7,62,0,0,0,62
04/16/2017,XNA,AR,ASW,CE,Federal Contract Tower,53,23,3,0,79,0,0,2,0,2,53,23,5,0,81,0,0,0,81
04/17/2017,XNA,AR,ASW,CE,Federal Contract Tower,58,41,5,0,104,0,0,6,0,6,58,41,11,0,110,0,0,0,110
04/18/2017,XNA,AR,ASW,CE,Federal Contract Tower,59,39,28,2,128,0,2,2,6,10,59,41,30,8,138,0,8,8,146
04/19/2017,XNA,AR,ASW,CE,Federal Contract Tower,62,39,27,9,137,0,2,2,0,4,62,41,29,9,141,0,0,0,141
04/20/2017,XNA,AR,ASW,CE,Federal Contract Tower,56,31,24,0,111,0,0,1,0,1,56,31,25,0,112,0,0,0,112
04/21/2017,XNA,AR,ASW,CE,Federal Contract Tower,60,28,8,0,96,0,0,0,0,0,60,28,8,0,96,0,0,0,96
04/22/2017,XNA,AR,ASW,CE,Federal Contract Tower,36,10,2,0,48,0,4,0,0,4,36,14,2,0,52,0,0,0,52
04/23/2017,XNA,AR,ASW,CE,Federal Contract Tower,56,30,7,27,120,0,1,11,2,14,56,31,18,29,134,0,8,8,142
04/24/2017,XNA,AR,ASW,CE,Federal Contract Tower,60,37,7,2,106,0,0,1,10,11,60,37,8,12,117,0,0,0,117
04/25/2017,XNA,AR,ASW,CE,Federal Contract Tower,58,36,18,18,130,0,0,2,1,3,58,36,20,19,133,0,10,10,143
04/26/2017,XNA,AR,ASW,CE,Federal Contract Tower,56,32,14,0,102,0,0,0,0,0,56,32,14,0,102,0,0,0,102
04/27/2017,XNA,AR,ASW,CE,Federal Contract Tower,62,29,18,19,128,0,0,5,4,9,62,29,23,23,137,0,30,30,167
04/28/2017,XNA,AR,ASW,CE,Federal Contract Tower,53,32,4,8,97,0,0,0,0,0,53,32,4,8,97,0,0,0,97
04/29/2017,XNA,AR,ASW,CE,Federal Contract Tower,23,5,0,0,28,0,0,0,0,0,23,5,0,0,28,0,0,0,28
04/30/2017,XNA,AR,ASW,CE,Federal Contract Tower,55,35,2,2,94,0,0,2,6,8,55,35,4,8,102,0,0,0,102
05/01/2017,XNA,AR,ASW,CE,Federal Contract Tower,53,35,7,3,98,0,0,1,0,1,53,35,8,3,99,0,8,8,107
05/02/2017,XNA,AR,ASW,CE,Federal Contract Tower,62,42,23,20,147,0,2,8,1,11,62,44,31,21,158,0,36,36,194
05/03/2017,XNA,AR,ASW,CE,Federal Contract Tower,59,37,19,4,119,0,1,0,0,1,59,38,19,4,120,0,0,0,120
05/04/2017,XNA,AR,ASW,CE,Federal Contract Tower,56,35,25,16,132,0,0,2,8,10,56,35,27,24,142,0,26,26,168
05/05/2017,XNA,AR,ASW,CE,Federal Contract Tower,61,35,21,10,127,0,1,6,5,12,61,36,27,15,139,0,12,12,151
05/06/2017,XNA,AR,ASW,CE,Federal Contract Tower,34,12,3,24,73,0,2,6,0,8,34,14,9,24,81,0,4,4,85
05/07/2017,XNA,AR,ASW,CE,Federal Contract Tower,53,44,11,3,111,0,0,4,0,4,53,44,15,3,115,0,0,0,115
05/08/2017,XNA,AR,ASW,CE,Federal Contract Tower,63,29,6,2,100,0,0,7,0,7,63,29,13,2,107,26,0,26,133
05/09/2017,XNA,AR,ASW,CE,Federal Contract Tower,57,37,20,18,132,0,1,5,3,9,57,38,25,21,141,0,4,4,145
05/10/2017,XNA,AR,ASW,CE,Federal Contract Tower,65,35,14,20,134,0,3,2,2,7,65,38,16,22,141,0,16,16,157
05/11/2017,XNA,AR,ASW,CE,Federal Contract Tower,57,31,19,0,107,0,0,1,0,1,57,31,20,0,108,0,0,0,108
05/12/2017,XNA,AR,ASW,CE,Federal Contract Tower,61,42,15,0,118,0,3,0,0,3,61,45,15,0,121,0,0,0,121
05/13/2017,XNA,AR,ASW,CE,Federal Contract Tower,39,12,3,8,62,0,2,5,0,7,39,14,8,8,69,0,10,10,79
05/14/2017,XNA,AR,ASW,CE,Federal Contract Tower,60,25,7,9,101,0,1,0,1,2,60,26,7,10,103,0,0,0,103
05/15/2017,XNA,AR,ASW,CE,Federal Contract Tower,65,33,6,50,154,0,4,2,0,6,65,37,8,50,160,2,106,108,268
05/16/2017,XNA,AR,ASW,CE,Federal Contract Tower,60,36,14,45,155,0,0,3,3,6,60,36,17,48,161,0,18,18,179
05/17/2017,XNA,AR,ASW,CE,Federal Contract Tower,60,36,17,6,119,0,2,0,0,2,60,38,17,6,121,0,4,4,125
05/18/2017,XNA,AR,ASW,CE,Federal Contract Tower,55,31,25,2,113,0,3,5,0,8,55,34,30,2,121,2,0,2,123
05/19/2017,XNA,AR,ASW,CE,Federal Contract Tower,60,35,10,14,119,0,3,0,0,3,60,38,10,14,122,0,0,0,122
05/20/2017,XNA,AR,ASW,CE,Federal Contract Tower,41,14,1,13,69,0,0,0,0,0,41,14,1,13,69,0,0,0,69
05/21/2017,XNA,AR,ASW,CE,Federal Contract Tower,59,30,9,0,98,0,2,4,0,6,59,32,13,0,104,0,0,0,104
05/22/2017,XNA,AR,ASW,CE,Federal Contract Tower,62,34,12,21,129,0,0,0,0,0,62,34,12,21,129,0,62,62,191
05/23/2017,XNA,AR,ASW,CE,Federal Contract Tower,59,35,14,20,128,0,0,1,0,1,59,35,15,20,129,0,0,0,129
05/24/2017,XNA,AR,ASW,CE,Federal Contract Tower,53,33,23,11,120,0,6,0,0,6,53,39,23,11,126,0,0,0,126
05/25/2017,XNA,AR,ASW,CE,Federal Contract Tower,55,32,17,11,115,0,4,2,0,6,55,36,19,11,121,0,50,50,171
05/26/2017,XNA,AR,ASW,CE,Federal Contract Tower,57,32,5,27,121,0,5,3,0,8,57,37,8,27,129,0,0,0,129
05/27/2017,XNA,AR,ASW,CE,Federal Contract Tower,33,12,0,0,45,0,0,0,0,0,33,12,0,0,45,0,0,0,45
05/28/2017,XNA,AR,ASW,CE,Federal Contract Tower,65,20,2,0,87,0,2,0,0,2,65,22,2,0,89,0,0,0,89
05/29/2017,XNA,AR,ASW,CE,Federal Contract Tower,58,22,3,0,83,0,4,0,0,4,58,26,3,0,87,0,0,0,87
05/30/2017,XNA,AR,ASW,CE,Federal Contract Tower,83,24,15,6,128,0,3,8,0,11,83,27,23,6,139,0,14,14,153
05/31/2017,XNA,AR,ASW,CE,Federal Contract Tower,61,34,9,13,117,0,0,0,1,1,61,34,9,14,118,0,6,6,124
06/01/2017,XNA,AR,ASW,CE,Federal Contract Tower,57,30,24,6,117,0,1,2,12,15,57,31,26,18,132,4,50,54,186
06/02/2017,XNA,AR,ASW,CE,Federal Contract Tower,72,26,11,59,168,0,1,6,0,7,72,27,17,59,175,12,62,74,249
06/03/2017,XNA,AR,ASW,CE,Federal Contract Tower,48,12,8,0,68,0,1,2,0,3,48,13,10,0,71,0,0,0,71
06/04/2017,XNA,AR,ASW,CE,Federal Contract Tower,52,37,2,2,93,0,3,0,0,3,52,40,2,2,96,0,0,0,96
06/05/2017,XNA,AR,ASW,CE,Federal Contract Tower,57,37,6,8,108,0,4,0,0,4,57,41,6,8,112,0,24,24,136
06/06/2017,XNA,AR,ASW,CE,Federal Contract Tower,58,53,21,14,146,0,2,11,6,19,58,55,32,20,165,8,18,26,191
06/07/2017,XNA,AR,ASW,CE,Federal Contract Tower,57,43,18,16,134,0,0,1,8,9,57,43,19,24,143,0,18,18,161
06/08/2017,XNA,AR,ASW,CE,Federal Contract Tower,52,34,21,1,108,0,0,5,1,6,52,34,26,2,114,0,0,0,114
06/09/2017,XNA,AR,ASW,CE,Federal Contract Tower,54,36,10,44,144,0,0,3,0,3,54,36,13,44,147,2,34,36,183
06/10/2017,XNA,AR,ASW,CE,Federal Contract Tower,38,14,4,39,95,0,2,4,2,8,38,16,8,41,103,0,14,14,117
06/11/2017,XNA,AR,ASW,CE,Federal Contract Tower,59,36,3,22,120,0,1,2,2,5,59,37,5,24,125,0,12,12,137
06/12/2017,XNA,AR,ASW,CE,Federal Contract Tower,70,24,14,6,114,0,0,2,0,2,70,24,16,6,116,0,2,2,118
06/13/2017,XNA,AR,ASW,CE,Federal Contract Tower,66,31,17,13,127,0,2,8,2,12,66,33,25,15,139,0,10,10,149
06/14/2017,XNA,AR,ASW,CE,Federal Contract Tower,71,33,16,13,133,0,2,0,1,3,71,35,16,14,136,0,6,6,142
06/15/2017,XNA,AR,ASW,CE,Federal Contract Tower,64,32,15,2,113,0,1,0,0,1,64,33,15,2,114,0,0,0,114
06/16/2017,XNA,AR,ASW,CE,Federal Contract Tower,64,32,8,19,123,0,2,1,1,4,64,34,9,20,127,0,6,6,133
06/17/2017,XNA,AR,ASW,CE,Federal Contract Tower,40,22,2,5,69,0,1,0,0,1,40,23,2,5,70,0,0,0,70
06/18/2017,XNA,AR,ASW,CE,Federal Contract Tower,65,32,3,2,102,0,1,1,0,2,65,33,4,2,104,0,0,0,104
06/19/2017,XNA,AR,ASW,CE,Federal Contract Tower,62,29,13,26,130,0,3,1,1,5,62,32,14,27,135,0,72,72,207
06/20/2017,XNA,AR,ASW,CE,Federal Contract Tower,71,31,21,28,151,0,3,2,2,7,71,34,23,30,158,0,62,62,220
06/21/2017,XNA,AR,ASW,CE,Federal Contract Tower,71,27,10,18,126,0,0,6,1,7,71,27,16,19,133,16,22,38,171
06/22/2017,XNA,AR,ASW,CE,Federal Contract Tower,65,25,23,28,141,0,0,1,0,1,65,25,24,28,142,0,36,36,178
06/23/2017,XNA,AR,ASW,CE,Federal Contract Tower,70,33,21,17,141,0,5,0,1,6,70,38,21,18,147,0,6,6,153
06/24/2017,XNA,AR,ASW,CE,Federal Contract Tower,40,14,24,13,91,0,4,0,0,4,40,18,24,13,95,0,18,18,113
06/25/2017,XNA,AR,ASW,CE,Federal Contract Tower,59,36,17,22,134,0,3,5,0,8,59,39,22,22,142,0,4,4,146
06/26/2017,XNA,AR,ASW,CE,Federal Contract Tower,73,23,36,15,147,0,1,0,0,1,73,24,36,15,148,0,14,14,162
06/27/2017,XNA,AR,ASW,CE,Federal Contract Tower,71,27,49,12,159,0,0,8,0,8,71,27,57,12,167,4,16,20,187
06/28/2017,XNA,AR,ASW,CE,Federal Contract Tower,71,28,43,15,157,0,4,0,1,5,71,32,43,16,162,0,8,8,170
06/29/2017,XNA,AR,ASW,CE,Federal Contract Tower,68,20,40,42,170,0,0,3,0,3,68,20,43,42,173,0,6,6,179
06/30/2017,XNA,AR,ASW,CE,Federal Contract Tower,66,22,22,11,121,0,2,1,0,3,66,24,23,11,124,0,0,0,124
07/01/2017,XNA,AR,ASW,CE,Federal Contract Tower,46,22,17,0,85,0,2,2,0,4,46,24,19,0,89,0,0,0,89
07/02/2017,XNA,AR,ASW,CE,Federal Contract Tower,60,8,13,0,81,0,2,0,0,2,60,10,13,0,83,0,0,0,83
07/03/2017,XNA,AR,ASW,CE,Federal Contract Tower,54,12,7,0,73,0,0,3,1,4,54,12,10,1,77,0,0,0,77
07/04/2017,XNA,AR,ASW,CE,Federal Contract Tower,47,14,3,0,64,0,2,3,0,5,47,16,6,0,69,0,0,0,69
07/05/2017,XNA,AR,ASW,CE,Federal Contract Tower,66,28,6,3,103,0,3,0,0,3,66,31,6,3,106,0,0,0,106
07/06/2017,XNA,AR,ASW,CE,Federal Contract Tower,62,26,10,24,122,0,3,0,0,3,62,29,10,24,125,0,20,20,145
07/07/2017,XNA,AR,ASW,CE,Federal Contract Tower,63,23,7,30,123,0,0,2,0,2,63,23,9,30,125,0,0,0,125
07/08/2017,XNA,AR,ASW,CE,Federal Contract Tower,42,15,5,4,66,0,2,0,0,2,42,17,5,4,68,20,4,24,92
07/09/2017,XNA,AR,ASW,CE,Federal Contract Tower,59,29,10,4,102,0,0,0,8,8,59,29,10,12,110,0,0,0,110
07/10/2017,XNA,AR,ASW,CE,Federal Contract Tower,69,31,6,15,121,0,2,2,1,5,69,33,8,16,126,0,10,10,136
07/11/2017,XNA,AR,ASW,CE,Federal Contract Tower,70,31,15,63,179,0,0,2,0,2,70,31,17,63,181,0,30,30,211
07/12/2017,XNA,AR,ASW,CE,Federal Contract Tower,61,35,18,32,146,0,0,4,6,10,61,35,22,38,156,0,22,22,178
07/13/2017,XNA,AR,ASW,CE,Federal Contract Tower,58,27,14,31,130,0,0,2,6,8,58,27,16,37,138,0,34,34,172
07/14/2017,XNA,AR,ASW,CE,Federal Contract Tower,61,27,5,4,97,0,0,2,0,2,61,27,7,4,99,0,0,0,99
07/15/2017,XNA,AR,ASW,CE,Federal Contract Tower,38,14,3,6,61,0,0,0,0,0,38,14,3,6,61,0,0,0,61
07/16/2017,XNA,AR,ASW,CE,Federal Contract Tower,56,25,3,22,106,0,0,3,0,3,56,25,6,22,109,0,0,0,109
07/17/2017,XNA,AR,ASW,CE,Federal Contract Tower,65,36,4,22,127,0,1,3,0,4,65,37,7,22,131,0,48,48,179
07/18/2017,XNA,AR,ASW,CE,Federal Contract Tower,68,30,16,35,149,0,6,7,1,14,68,36,23,36,163,4,112,116,279
07/19/2017,XNA,AR,ASW,CE,Federal Contract Tower,62,37,11,18,128,0,2,0,2,4,62,39,11,20,132,0,50,50,182
07/20/2017,XNA,AR,ASW,CE,Federal Contract Tower,66,32,18,26,142,0,0,3,2,5,66,32,21,28,147,0,84,84,231
07/21/2017,XNA,AR,ASW,CE,Federal Contract Tower,66,24,10,20,120,0,0,5,0,5,66,24,15,20,125,0,102,102,227
07/22/2017,XNA,AR,ASW,CE,Federal Contract Tower,39,18,2,1,60,0,0,5,0,5,39,18,7,1,65,0,0,0,65
07/23/2017,XNA,AR,ASW,CE,Federal Contract Tower,56,28,7,2,93,0,0,3,0,3,56,28,10,2,96,0,0,0,96
07/24/2017,XNA,AR,ASW,CE,Federal Contract Tower,73,28,8,19,128,0,0,0,0,0,73,28,8,19,128,0,12,12,140
07/25/2017,XNA,AR,ASW,CE,Federal Contract Tower,70,33,18,24,145,0,2,2,8,12,70,35,20,32,157,0,66,66,223
07/26/2017,XNA,AR,ASW,CE,Federal Contract Tower,66,31,18,30,145,0,0,5,5,10,66,31,23,35,155,0,32,32,187
07/27/2017,XNA,AR,ASW,CE,Federal Contract Tower,60,28,29,29,146,0,4,10,8,22,60,32,39,37,168,0,16,16,184
07/28/2017,XNA,AR,ASW,CE,Federal Contract Tower,63,31,6,31,131,0,2,4,0,6,63,33,10,31,137,0,2,2,139
07/29/2017,XNA,AR,ASW,CE,Federal Contract Tower,43,14,5,10,72,0,0,5,4,9,43,14,10,14,81,16,28,44,125
07/30/2017,XNA,AR,ASW,CE,Federal Contract Tower,59,34,4,3,100,0,0,1,0,1,59,34,5,3,101,0,0,0,101
07/31/2017,XNA,AR,ASW,CE,Federal Contract Tower,66,34,7,61,168,0,2,6,2,10,66,36,13,63,178,0,30,30,208
08/01/2017,XNA,AR,ASW,CE,Federal Contract Tower,70,29,14,40,153,0,3,0,4,7,70,32,14,44,160,0,10,10,170
08/02/2017,XNA,AR,ASW,CE,Federal Contract Tower,57,35,15,49,156,0,0,6,0,6,57,35,21,49,162,8,20,28,190
08/03/2017,XNA,AR,ASW,CE,Federal Contract Tower,64,27,241,37,369,0,0,6,0,6,64,27,247,37,375,0,26,26,401
08/04/2017,XNA,AR,ASW,CE,Federal Contract Tower,67,38,6,27,138,0,0,10,0,10,67,38,16,27,148,14,4,18,166
08/05/2017,XNA,AR,ASW,CE,Federal Contract Tower,39,21,5,15,80,0,2,5,2,9,39,23,10,17,89,0,10,10,99
08/06/2017,XNA,AR,ASW,CE,Federal Contract Tower,53,31,10,2,96,0,0,0,0,0,53,31,10,2,96,0,0,0,96
08/07/2017,XNA,AR,ASW,CE,Federal Contract Tower,71,28,19,12,130,0,2,5,2,9,71,30,24,14,139,12,44,56,195
08/08/2017,XNA,AR,ASW,CE,Federal Contract Tower,73,31,22,32,158,0,0,5,0,5,73,31,27,32,163,0,12,12,175
08/09/2017,XNA,AR,ASW,CE,Federal Contract Tower,69,35,21,22,147,0,0,5,1,6,69,35,26,23,153,0,14,14,167
08/10/2017,XNA,AR,ASW,CE,Federal Contract Tower,68,31,34,25,158,0,0,2,2,4,68,31,36,27,162,0,24,24,186
08/11/2017,XNA,AR,ASW,CE,Federal Contract Tower,74,21,6,2,103,0,0,0,0,0,74,21,6,2,103,0,8,8,111
08/12/2017,XNA,AR,ASW,CE,Federal Contract Tower,42,17,10,0,69,0,0,2,0,2,42,17,12,0,71,10,0,10,81
08/13/2017,XNA,AR,ASW,CE,Federal Contract Tower,51,30,3,6,90,0,1,1,0,2,51,31,4,6,92,0,0,0,92
08/14/2017,XNA,AR,ASW,CE,Federal Contract Tower,69,29,11,7,116,0,0,4,0,4,69,29,15,7,120,0,0,0,120
08/15/2017,XNA,AR,ASW,CE,Federal Contract Tower,73,26,16,11,126,0,1,1,0,2,73,27,17,11,128,0,0,0,128
08/16/2017,XNA,AR,ASW,CE,Federal Contract Tower,76,19,14,19,128,0,2,0,2,4,76,21,14,21,132,0,22,22,154
08/17/2017,XNA,AR,ASW,CE,Federal Contract Tower,70,26,22,17,135,0,1,0,4,5,70,27,22,21,140,0,0,0,140
08/18/2017,XNA,AR,ASW,CE,Federal Contract Tower,68,14,12,39,133,0,0,0,2,2,68,14,12,41,135,0,40,40,175
08/19/2017,XNA,AR,ASW,CE,Federal Contract Tower,47,8,3,0,58,0,1,4,2,7,47,9,7,2,65,0,0,0,65
08/20/2017,XNA,AR,ASW,CE,Federal Contract Tower,64,26,8,10,108,0,0,5,2,7,64,26,13,12,115,0,0,0,115
08/21/2017,XNA,AR,ASW,CE,Federal Contract Tower,77,26,11,9,123,0,2,2,3,7,77,28,13,12,130,0,22,22,152
08/22/2017,XNA,AR,ASW,CE,Federal Contract Tower,74,23,4,6,107,0,6,1,2,9,74,29,5,8,116,0,0,0,116
08/23/2017,XNA,AR,ASW,CE,Federal Contract Tower,73,23,39,0,135,1,0,8,5,14,74,23,47,5,149,0,78,78,227
08/24/2017,XNA,AR,ASW,CE,Federal Contract Tower,77,18,14,47,156,0,0,4,0,4,77,18,18,47,160,0,34,34,194
08/25/2017,XNA,AR,ASW,CE,Federal Contract Tower,76,18,11,45,150,0,0,12,19,31,76,18,23,64,181,6,8,14,195
08/26/2017,XNA,AR,ASW,CE,Federal Contract Tower,41,8,5,6,60,0,0,7,1,8,41,8,12,7,68,2,6,8,76
08/27/2017,XNA,AR,ASW,CE,Federal Contract Tower,53,10,2,7,72,0,0,10,2,12,53,10,12,9,84,0,0,0,84
08/28/2017,XNA,AR,ASW,CE,Federal Contract Tower,71,15,13,19,118,0,0,0,0,0,71,15,13,19,118,0,18,18,136
08/29/2017,XNA,AR,ASW,CE,Federal Contract Tower,70,22,13,13,118,0,2,6,2,10,70,24,19,15,128,0,50,50,178
08/30/2017,XNA,AR,ASW,CE,Federal Contract Tower,88,21,18,70,197,0,2,3,3,8,88,23,21,73,205,2,58,60,265
08/31/2017,XNA,AR,ASW,CE,Federal Contract Tower,66,18,17,16,117,0,0,1,2,3,66,18,18,18,120,0,6,6,126
09/01/2017,XNA,AR,ASW,CE,Federal Contract Tower,70,17,19,0,106,0,4,14,0,18,70,21,33,0,124,0,0,0,124
09/02/2017,XNA,AR,ASW,CE,Federal Contract Tower,43,7,4,0,54,0,2,7,2,11,43,9,11,2,65,0,0,0,65
09/03/2017,XNA,AR,ASW,CE,Federal Contract Tower,40,7,5,0,52,0,4,4,0,8,40,11,9,0,60,0,0,0,60
09/04/2017,XNA,AR,ASW,CE,Federal Contract Tower,64,16,10,2,92,0,1,5,0,6,64,17,15,2,98,0,0,0,98
09/05/2017,XNA,AR,ASW,CE,Federal Contract Tower,71,24,14,35,144,0,2,2,0,4,71,26,16,35,148,0,24,24,172
09/06/2017,XNA,AR,ASW,CE,Federal Contract Tower,68,26,16,27,137,0,0,0,2,2,68,26,16,29,139,0,6,6,145
09/07/2017,XNA,AR,ASW,CE,Federal Contract Tower,69,20,14,29,132,0,2,1,6,9,69,22,15,35,141,0,38,38,179
09/08/2017,XNA,AR,ASW,CE,Federal Contract Tower,70,14,6,47,137,0,1,2,3,6,70,15,8,50,143,0,64,64,207
09/09/2017,XNA,AR,ASW,CE,Federal Contract Tower,44,8,12,5,69,0,3,3,3,9,44,11,15,8,78,0,12,12,90
09/10/2017,XNA,AR,ASW,CE,Federal Contract Tower,62,24,6,14,106,0,5,4,0,9,62,29,10,14,115,0,0,0,115
09/11/2017,XNA,AR,ASW,CE,Federal Contract Tower,58,24,11,39,132,0,0,0,2,2,58,24,11,41,134,0,30,30,164
09/12/2017,XNA,AR,ASW,CE,Federal Contract Tower,71,29,18,27,145,0,0,3,0,3,71,29,21,27,148,0,40,40,188
09/13/2017,XNA,AR,ASW,CE,Federal Contract Tower,72,32,28,34,166,0,4,2,0,6,72,36,30,34,172,0,12,12,184
09/14/2017,XNA,AR,ASW,CE,Federal Contract Tower,75,29,30,22,156,0,0,5,1,6,75,29,35,23,162,0,12,12,174
09/15/2017,XNA,AR,ASW,CE,Federal Contract Tower,69,20,9,85,183,0,3,0,0,3,69,23,9,85,186,0,40,40,226
09/16/2017,XNA,AR,ASW,CE,Federal Contract Tower,41,7,2,0,50,0,4,10,0,14,41,11,12,0,64,0,0,0,64
09/17/2017,XNA,AR,ASW,CE,Federal Contract Tower,66,26,6,0,98,0,2,1,0,3,66,28,7,0,101,0,0,0,101
09/18/2017,XNA,AR,ASW,CE,Federal Contract Tower,72,29,8,22,131,0,0,0,3,3,72,29,8,25,134,0,12,12,146
09/19/2017,XNA,AR,ASW,CE,Federal Contract Tower,76,33,28,18,155,0,4,5,0,9,76,37,33,18,164,6,26,32,196
09/20/2017,XNA,AR,ASW,CE,Federal Contract Tower,72,27,25,4,128,0,0,6,2,8,72,27,31,6,136,12,0,12,148
09/21/2017,XNA,AR,ASW,CE,Federal Contract Tower,73,24,23,19,139,0,0,7,1,8,73,24,30,20,147,0,0,0,147
09/22/2017,XNA,AR,ASW,CE,Federal Contract Tower,71,22,15,24,132,0,3,7,5,15,71,25,22,29,147,0,56,56,203
09/23/2017,XNA,AR,ASW,CE,Federal Contract Tower,43,10,9,5,67,0,0,2,0,2,43,10,11,5,69,0,0,0,69
09/24/2017,XNA,AR,ASW,CE,Federal Contract Tower,62,25,9,36,132,0,2,2,4,8,62,27,11,40,140,0,10,10,150
09/25/2017,XNA,AR,ASW,CE,Federal Contract Tower,75,25,15,24,139,0,2,10,4,16,75,27,25,28,155,0,36,36,191
09/26/2017,XNA,AR,ASW,CE,Federal Contract Tower,73,29,15,19,136,0,0,0,2,2,73,29,15,21,138,0,76,76,214
09/27/2017,XNA,AR,ASW,CE,Federal Contract Tower,66,24,16,8,114,0,0,0,0,0,66,24,16,8,114,0,0,0,114
09/28/2017,XNA,AR,ASW,CE,Federal Contract Tower,71,25,17,14,127,0,0,5,4,9,71,25,22,18,136,0,32,32,168
09/29/2017,XNA,AR,ASW,CE,Federal Contract Tower,72,27,16,65,180,0,0,2,0,2,72,27,18,65,182,14,96,110,292
09/30/2017,XNA,AR,ASW,CE,Federal Contract Tower,44,8,0,0,52,0,3,7,2,12,44,11,7,2,64,0,0,0,64
10/01/2017,XNA,AR,ASW,CE,Federal Contract Tower,60,22,4,0,86,0,1,1,0,2,60,23,5,0,88,0,0,0,88
10/02/2017,XNA,AR,ASW,CE,Federal Contract Tower,76,26,10,31,143,0,2,5,0,7,76,28,15,31,150,12,26,38,188
10/03/2017,XNA,AR,ASW,CE,Federal Contract Tower,76,28,16,4,124,0,3,0,0,3,76,31,16,4,127,0,0,0,127
10/04/2017,XNA,AR,ASW,CE,Federal Contract Tower,71,30,20,2,123,0,1,0,0,1,71,31,20,2,124,0,0,0,124
10/05/2017,XNA,AR,ASW,CE,Federal Contract Tower,73,28,15,40,156,0,0,5,0,5,73,28,20,40,161,0,4,4,165
10/06/2017,XNA,AR,ASW,CE,Federal Contract Tower,74,29,8,16,127,0,4,10,0,14,74,33,18,16,141,0,4,4,145
10/07/2017,XNA,AR,ASW,CE,Federal Contract Tower,37,8,4,3,52,0,0,5,3,8,37,8,9,6,60,0,0,0,60
10/08/2017,XNA,AR,ASW,CE,Federal Contract Tower,63,21,10,1,95,0,0,2,0,2,63,21,12,1,97,0,0,0,97
10/09/2017,XNA,AR,ASW,CE,Federal Contract Tower,74,23,21,2,120,0,1,0,0,1,74,24,21,2,121,0,0,0,121
10/10/2017,XNA,AR,ASW,CE,Federal Contract Tower,73,27,16,4,120,0,1,0,0,1,73,28,16,4,121,2,0,2,123
10/11/2017,XNA,AR,ASW,CE,Federal Contract Tower,71,21,24,25,141,0,0,3,2,5,71,21,27,27,146,0,8,8,154
10/12/2017,XNA,AR,ASW,CE,Federal Contract Tower,69,22,25,17,133,0,0,4,0,4,69,22,29,17,137,2,14,16,153
10/13/2017,XNA,AR,ASW,CE,Federal Contract Tower,77,21,16,20,134,0,2,0,2,4,77,23,16,22,138,0,6,6,144
10/14/2017,XNA,AR,ASW,CE,Federal Contract Tower,32,9,5,2,48,0,0,2,2,4,32,9,7,4,52,10,0,10,62
10/15/2017,XNA,AR,ASW,CE,Federal Contract Tower,61,20,13,4,98,0,2,0,0,2,61,22,13,4,100,0,0,0,100
10/16/2017,XNA,AR,ASW,CE,Federal Contract Tower,76,27,11,17,131,0,0,7,2,9,76,27,18,19,140,8,16,24,164
10/17/2017,XNA,AR,ASW,CE,Federal Contract Tower,73,26,22,25,146,0,0,0,0,0,73,26,22,25,146,0,10,10,156
10/18/2017,XNA,AR,ASW,CE,Federal Contract Tower,71,34,14,34,153,0,0,0,2,2,71,34,14,36,155,0,30,30,185
10/19/2017,XNA,AR,ASW,CE,Federal Contract Tower,74,22,21,25,142,0,0,5,0,5,74,22,26,25,147,0,22,22,169
10/20/2017,XNA,AR,ASW,CE,Federal Contract Tower,73,23,9,20,125,0,2,5,2,9,73,25,14,22,134,4,0,4,138
10/21/2017,XNA,AR,ASW,CE,Federal Contract Tower,45,8,4,0,57,0,3,2,0,5,45,11,6,0,62,0,0,0,62
10/22/2017,XNA,AR,ASW,CE,Federal Contract Tower,63,21,9,5,98,0,3,2,0,5,63,24,11,5,103,0,0,0,103
10/23/2017,XNA,AR,ASW,CE,Federal Contract Tower,78,22,11,23,134,0,2,0,1,3,78,24,11,24,137,0,48,48,185
10/24/2017,XNA,AR,ASW,CE,Federal Contract Tower,73,21,15,48,157,0,0,1,1,2,73,21,16,49,159,0,14,14,173
10/25/2017,XNA,AR,ASW,CE,Federal Contract Tower,69,24,13,8,114,0,0,6,0,6,69,24,19,8,120,0,6,6,126
10/26/2017,XNA,AR,ASW,CE,Federal Contract Tower,70,21,20,32,143,0,0,3,0,3,70,21,23,32,146,0,16,16,162
10/27/2017,XNA,AR,ASW,CE,Federal Contract Tower,74,20,8,38,140,0,2,6,4,12,74,22,14,42,152,0,12,12,164
10/28/2017,XNA,AR,ASW,CE,Federal Contract Tower,42,11,5,0,58,0,2,5,0,7,42,13,10,0,65,0,0,0,65
10/29/2017,XNA,AR,ASW,CE,Federal Contract Tower,60,23,1,2,86,0,1,7,6,14,60,24,8,8,100,22,0,22,122
10/30/2017,XNA,AR,ASW,CE,Federal Contract Tower,72,25,10,23,130,0,0,0,2,2,72,25,10,25,132,0,8,8,140
10/31/2017,XNA,AR,ASW,CE,Federal Contract Tower,67,20,21,35,143,0,0,1,0,1,67,20,22,35,144,0,14,14,158
11/01/2017,XNA,AR,ASW,CE,Federal Contract Tower,69,25,11,0,105,0,0,0,0,0,69,25,11,0,105,0,0,0,105
11/02/2017,XNA,AR,ASW,CE,Federal Contract Tower,66,22,15,32,135,0,0,6,0,6,66,22,21,32,141,0,16,16,157
11/03/2017,XNA,AR,ASW,CE,Federal Contract Tower,72,20,12,4,108,0,0,3,0,3,72,20,15,4,111,0,0,0,111
11/04/2017,XNA,AR,ASW,CE,Federal Contract Tower,46,18,8,11,83,0,0,0,0,0,46,18,8,11,83,0,0,0,83
11/05/2017,XNA,AR,ASW,CE,Federal Contract Tower,61,19,5,29,114,0,0,0,0,0,61,19,5,29,114,0,42,42,156
11/06/2017,XNA,AR,ASW,CE,Federal Contract Tower,67,21,13,2,103,0,0,0,0,0,67,21,13,2,103,0,0,0,103
11/07/2017,XNA,AR,ASW,CE,Federal Contract Tower,62,25,16,1,104,0,0,0,0,0,62,25,16,1,104,0,0,0,104
11/08/2017,XNA,AR,ASW,CE,Federal Contract Tower,68,27,13,32,140,0,0,2,0,2,68,27,15,32,142,0,10,10,152
11/09/2017,XNA,AR,ASW,CE,Federal Contract Tower,73,33,23,44,173,0,1,2,0,3,73,34,25,44,176,0,30,30,206
11/10/2017,XNA,AR,ASW,CE,Federal Contract Tower,70,21,12,0,103,0,0,11,2,13,70,21,23,2,116,0,0,0,116
11/11/2017,XNA,AR,ASW,CE,Federal Contract Tower,38,15,0,5,58,0,0,0,0,0,38,15,0,5,58,0,0,0,58
11/12/2017,XNA,AR,ASW,CE,Federal Contract Tower,63,20,6,0,89,0,0,2,0,2,63,20,8,0,91,0,0,0,91
11/13/2017,XNA,AR,ASW,CE,Federal Contract Tower,69,26,16,34,145,0,5,1,0,6,69,31,17,34,151,0,46,46,197
11/14/2017,XNA,AR,ASW,CE,Federal Contract Tower,68,32,15,11,126,0,0,0,0,0,68,32,15,11,126,0,10,10,136
11/15/2017,XNA,AR,ASW,CE,Federal Contract Tower,66,28,14,7,115,0,0,0,0,0,66,28,14,7,115,0,0,0,115
11/16/2017,XNA,AR,ASW,CE,Federal Contract Tower,69,31,31,18,149,0,0,6,0,6,69,31,37,18,155,6,0,6,161
11/17/2017,XNA,AR,ASW,CE,Federal Contract Tower,68,21,16,16,121,0,0,0,0,0,68,21,16,16,121,0,12,12,133
11/18/2017,XNA,AR,ASW,CE,Federal Contract Tower,42,15,3,1,61,0,1,1,0,2,42,16,4,1,63,0,0,0,63
11/19/2017,XNA,AR,ASW,CE,Federal Contract Tower,67,22,8,7,104,0,3,4,0,7,67,25,12,7,111,0,0,0,111
11/20/2017,XNA,AR,ASW,CE,Federal Contract Tower,62,13,11,21,107,0,2,2,1,5,62,15,13,22,112,0,18,18,130
11/21/2017,XNA,AR,ASW,CE,Federal Contract Tower,73,19,11,8,111,0,4,6,0,10,73,23,17,8,121,0,8,8,129
11/22/2017,XNA,AR,ASW,CE,Federal Contract Tower,66,19,4,2,91,0,1,3,2,6,66,20,7,4,97,0,0,0,97
11/23/2017,XNA,AR,ASW,CE,Federal Contract Tower,34,9,4,0,47,0,10,2,0,12,34,19,6,0,59,0,0,0,59
11/24/2017,XNA,AR,ASW,CE,Federal Contract Tower,33,10,0,0,43,0,0,2,0,2,33,10,2,0,45,0,0,0,45
11/25/2017,XNA,AR,ASW,CE,Federal Contract Tower,59,19,5,0,83,0,2,8,0,10,59,21,13,0,93,0,0,0,93
11/26/2017,XNA,AR,ASW,CE,Federal Contract Tower,75,23,10,2,110,0,2,4,0,6,75,25,14,2,116,20,0,20,136
11/27/2017,XNA,AR,ASW,CE,Federal Contract Tower,76,20,14,22,132,0,2,12,2,16,76,22,26,24,148,6,30,36,184
11/28/2017,XNA,AR,ASW,CE,Federal Contract Tower,69,19,15,34,137,0,4,5,11,20,69,23,20,45,157,18,30,48,205
11/29/2017,XNA,AR,ASW,CE,Federal Contract Tower,62,19,13,0,94,0,2,0,0,2,62,21,13,0,96,0,0,0,96
11/30/2017,XNA,AR,ASW,CE,Federal Contract Tower,66,22,11,11,110,0,0,14,7,21,66,22,25,18,131,12,16,28,159
12/01/2017,XNA,AR,ASW,CE,Federal Contract Tower,68,23,5,29,125,0,0,3,0,3,68,23,8,29,128,0,28,28,156
12/02/2017,XNA,AR,ASW,CE,Federal Contract Tower,36,20,2,6,64,0,1,6,0,7,36,21,8,6,71,0,10,10,81
12/03/2017,XNA,AR,ASW,CE,Federal Contract Tower,60,25,2,4,91,0,1,0,0,1,60,26,2,4,92,0,0,0,92
12/04/2017,XNA,AR,ASW,CE,Federal Contract Tower,63,17,16,14,110,0,2,2,0,4,63,19,18,14,114,0,10,10,124
12/05/2017,XNA,AR,ASW,CE,Federal Contract Tower,69,31,16,13,129,0,1,6,2,9,69,32,22,15,138,0,12,12,150
12/06/2017,XNA,AR,ASW,CE,Federal Contract Tower,61,25,14,13,113,0,0,3,2,5,61,25,17,15,118,6,8,14,132
12/07/2017,XNA,AR,ASW,CE,Federal Contract Tower,67,22,21,14,124,0,0,5,16,21,67,22,26,30,145,8,18,26,171
12/08/2017,XNA,AR,ASW,CE,Federal Contract Tower,57,26,15,22,120,0,2,4,1,7,57,28,19,23,127,0,16,16,143
12/09/2017,XNA,AR,ASW,CE,Federal Contract Tower,43,14,5,1,63,0,0,2,0,2,43,14,7,1,65,0,0,0,65
12/10/2017,XNA,AR,ASW,CE,Federal Contract Tower,62,21,6,0,89,0,1,0,0,1,62,22,6,0,90,0,0,0,90
12/11/2017,XNA,AR,ASW,CE,Federal Contract Tower,71,24,17,18,130,0,0,5,0,5,71,24,22,18,135,0,30,30,165
12/12/2017,XNA,AR,ASW,CE,Federal Contract Tower,64,22,11,22,119,0,2,2,2,6,64,24,13,24,125,0,26,26,151
12/13/2017,XNA,AR,ASW,CE,Federal Contract Tower,66,17,12,25,120,0,0,0,2,2,66,17,12,27,122,0,8,8,130
12/14/2017,XNA,AR,ASW,CE,Federal Contract Tower,62,21,13,34,130,0,0,1,4,5,62,21,14,38,135,0,38,38,173
12/15/2017,XNA,AR,ASW,CE,Federal Contract Tower,51,28,14,32,125,0,2,4,2,8,51,30,18,34,133,0,30,30,163
12/16/2017,XNA,AR,ASW,CE,Federal Contract Tower,42,17,2,4,65,0,5,2,0,7,42,22,4,4,72,0,4,4,76
12/17/2017,XNA,AR,ASW,CE,Federal Contract Tower,46,28,5,6,85,0,0,0,0,0,46,28,5,6,85,0,0,0,85
12/18/2017,XNA,AR,ASW,CE,Federal Contract Tower,56,30,18,25,129,0,0,0,0,0,56,30,18,25,129,0,0,0,129
12/19/2017,XNA,AR,ASW,CE,Federal Contract Tower,64,26,12,0,102,0,2,0,0,2,64,28,12,0,104,0,0,0,104
12/20/2017,XNA,AR,ASW,CE,Federal Contract Tower,57,24,9,2,92,0,0,0,0,0,57,24,9,2,92,0,0,0,92
12/21/2017,XNA,AR,ASW,CE,Federal Contract Tower,44,40,12,2,98,0,2,4,1,7,44,42,16,3,105,6,0,6,111
12/22/2017,XNA,AR,ASW,CE,Federal Contract Tower,40,27,8,2,77,0,0,0,0,0,40,27,8,2,77,0,0,0,77
12/23/2017,XNA,AR,ASW,CE,Federal Contract Tower,29,30,12,0,71,0,1,0,0,1,29,31,12,0,72,0,0,0,72
12/24/2017,XNA,AR,ASW,CE,Federal Contract Tower,37,20,4,0,61,0,2,2,0,4,37,22,6,0,65,0,0,0,65
12/25/2017,XNA,AR,ASW,CE,Federal Contract Tower,33,12,4,0,49,0,0,0,0,0,33,12,4,0,49,0,0,0,49
12/26/2017,XNA,AR,ASW,CE,Federal Contract Tower,40,31,7,0,78,0,0,4,0,4,40,31,11,0,82,4,0,4,86
12/27/2017,XNA,AR,ASW,CE,Federal Contract Tower,39,31,1,2,73,0,0,2,0,2,39,31,3,2,75,0,0,0,75
12/28/2017,XNA,AR,ASW,CE,Federal Contract Tower,43,33,6,4,86,0,2,8,0,10,43,35,14,4,96,0,8,8,104
12/29/2017,XNA,AR,ASW,CE,Federal Contract Tower,34,30,1,0,65,0,1,0,0,1,34,31,1,0,66,0,0,0,66
12/30/2017,XNA,AR,ASW,CE,Federal Contract Tower,43,30,5,0,78,0,0,0,0,0,43,30,5,0,78,0,0,0,78
12/31/2017,XNA,AR,ASW,CE,Federal Contract Tower,38,19,1,0,58,0,2,2,0,4,38,21,3,0,62,0,0,0,62
01/01/2018,XNA,AR,ASW,CE,Federal Contract Tower,39,28,4,0,71,0,3,0,2,5,39,31,4,2,76,0,0,0,76
01/02/2018,XNA,AR,ASW,CE,Federal Contract Tower,43,36,8,4,91,0,4,4,0,8,43,40,12,4,99,0,10,10,109
01/03/2018,XNA,AR,ASW,CE,Federal Contract Tower,42,28,8,19,97,0,0,4,2,6,42,28,12,21,103,0,30,30,133
01/04/2018,XNA,AR,ASW,CE,Federal Contract Tower,39,27,7,18,91,0,1,0,2,3,39,28,7,20,94,0,8,8,102
01/05/2018,XNA,AR,ASW,CE,Federal Contract Tower,36,33,4,17,90,0,3,2,0,5,36,36,6,17,95,0,6,6,101
01/06/2018,XNA,AR,ASW,CE,Federal Contract Tower,35,24,0,3,62,0,4,3,2,9,35,28,3,5,71,0,8,8,79
01/07/2018,XNA,AR,ASW,CE,Federal Contract Tower,52,28,2,0,82,0,0,0,0,0,52,28,2,0,82,0,0,0,82
01/08/2018,XNA,AR,ASW,CE,Federal Contract Tower,59,26,8,31,124,0,1,0,0,1,59,27,8,31,125,0,0,0,125
01/09/2018,XNA,AR,ASW,CE,Federal Contract Tower,64,23,18,21,126,0,0,1,0,1,64,23,19,21,127,0,16,16,143
01/10/2018,XNA,AR,ASW,CE,Federal Contract Tower,64,30,15,18,127,0,0,2,0,2,64,30,17,18,129,0,22,22,151
01/11/2018,XNA,AR,ASW,CE,Federal Contract Tower,59,24,16,0,99,0,0,0,0,0,59,24,16,0,99,0,0,0,99
01/12/2018,XNA,AR,ASW,CE,Federal Contract Tower,55,28,4,49,136,0,3,9,9,21,55,31,13,58,157,0,32,32,189
01/13/2018,XNA,AR,ASW,CE,Federal Contract Tower,32,8,3,0,43,0,1,4,0,5,32,9,7,0,48,0,0,0,48
01/14/2018,XNA,AR,ASW,CE,Federal Contract Tower,50,19,3,0,72,0,2,0,0,2,50,21,3,0,74,0,0,0,74
01/15/2018,XNA,AR,ASW,CE,Federal Contract Tower,58,28,11,0,97,0,2,0,0,2,58,30,11,0,99,0,0,0,99
01/16/2018,XNA,AR,ASW,CE,Federal Contract Tower,59,23,15,23,120,0,0,0,2,2,59,23,15,25,122,14,64,78,200
01/17/2018,XNA,AR,ASW,CE,Federal Contract Tower,55,27,9,8,99,0,0,4,2,6,55,27,13,10,105,0,4,4,109
01/18/2018,XNA,AR,ASW,CE,Federal Contract Tower,60,30,8,23,121,0,0,2,6,8,60,30,10,29,129,0,12,12,141
01/19/2018,XNA,AR,ASW,CE,Federal Contract Tower,58,29,5,6,98,0,0,1,2,3,58,29,6,8,101,0,18,18,119
01/20/2018,XNA,AR,ASW,CE,Federal Contract Tower,34,9,5,6,54,0,0,4,0,4,34,9,9,6,58,0,0,0,58
01/21/2018,XNA,AR,ASW,CE,Federal Contract Tower,61,19,0,0,80,0,0,0,0,0,61,19,0,0,80,0,0,0,80
01/22/2018,XNA,AR,ASW,CE,Federal Contract Tower,59,29,6,0,94,0,0,0,6,6,59,29,6,6,100,0,0,0,100
01/23/2018,XNA,AR,ASW,CE,Federal Contract Tower,64,28,20,34,146,0,0,3,2,5,64,28,23,36,151,0,16,16,167
01/24/2018,XNA,AR,ASW,CE,Federal Contract Tower,61,26,12,35,134,0,2,2,2,6,61,28,14,37,140,0,0,0,140
01/25/2018,XNA,AR,ASW,CE,Federal Contract Tower,70,28,17,13,128,0,0,8,1,9,70,28,25,14,137,0,12,12,149
01/26/2018,XNA,AR,ASW,CE,Federal Contract Tower,57,27,8,6,98,0,2,0,0,2,57,29,8,6,100,0,0,0,100
01/27/2018,XNA,AR,ASW,CE,Federal Contract Tower,30,8,5,13,56,0,2,5,0,7,30,10,10,13,63,0,0,0,63
01/28/2018,XNA,AR,ASW,CE,Federal Contract Tower,60,15,5,4,84,0,2,8,4,14,60,17,13,8,98,8,28,36,134
01/29/2018,XNA,AR,ASW,CE,Federal Contract Tower,55,35,24,8,122,0,2,2,0,4,55,37,26,8,126,0,10,10,136
01/30/2018,XNA,AR,ASW,CE,Federal Contract Tower,63,23,31,9,126,0,0,3,3,6,63,23,34,12,132,0,16,16,148
01/31/2018,XNA,AR,ASW,CE,Federal Contract Tower,65,38,45,6,154,0,0,0,0,0,65,38,45,6,154,6,4,10,164
02/01/2018,XNA,AR,ASW,CE,Federal Contract Tower,63,29,25,14,131,0,2,0,4,6,63,31,25,18,137,0,24,24,161
02/02/2018,XNA,AR,ASW,CE,Federal Contract Tower,57,31,12,14,114,0,2,1,2,5,57,33,13,16,119,0,6,6,125
02/03/2018,XNA,AR,ASW,CE,Federal Contract Tower,29,14,2,0,45,0,0,0,0,0,29,14,2,0,45,0,0,0,45
02/04/2018,XNA,AR,ASW,CE,Federal Contract Tower,39,16,2,0,57,0,0,0,0,0,39,16,2,0,57,0,0,0,57
02/05/2018,XNA,AR,ASW,CE,Federal Contract Tower,57,22,8,47,134,0,1,1,0,2,57,23,9,47,136,0,6,6,142
02/06/2018,XNA,AR,ASW,CE,Federal Contract Tower,64,26,23,15,128,0,1,0,2,3,64,27,23,17,131,0,0,0,131
02/07/2018,XNA,AR,ASW,CE,Federal Contract Tower,63,24,11,35,133,0,1,1,3,5,63,25,12,38,138,0,90,90,228
02/08/2018,XNA,AR,ASW,CE,Federal Contract Tower,66,23,18,32,139,0,0,5,6,11,66,23,23,38,150,0,26,26,176
02/09/2018,XNA,AR,ASW,CE,Federal Contract Tower,61,26,17,23,127,0,0,0,3,3,61,26,17,26,130,0,46,46,176
02/10/2018,XNA,AR,ASW,CE,Federal Contract Tower,27,18,0,0,45,0,0,0,0,0,27,18,0,0,45,0,0,0,45
02/11/2018,XNA,AR,ASW,CE,Federal Contract Tower,55,24,8,0,87,0,1,0,0,1,55,25,8,0,88,0,0,0,88
02/12/2018,XNA,AR,ASW,CE,Federal Contract Tower,58,24,24,31,137,0,0,18,0,18,58,24,42,31,155,22,32,54,209
02/13/2018,XNA,AR,ASW,CE,Federal Contract Tower,61,22,18,38,139,0,2,2,1,5,61,24,20,39,144,0,8,8,152
02/14/2018,XNA,AR,ASW,CE,Federal Contract Tower,51,28,13,8,100,0,0,0,0,0,51,28,13,8,100,0,0,0,100
02/15/2018,XNA,AR,ASW,CE,Federal Contract Tower,70,23,20,22,135,0,1,0,0,1,70,24,20,22,136,0,22,22,158
02/16/2018,XNA,AR,ASW,CE,Federal Contract Tower,68,29,6,37,140,0,0,1,0,1,68,29,7,37,141,0,34,34,175
02/17/2018,XNA,AR,ASW,CE,Federal Contract Tower,32,12,4,0,48,0,0,0,0,0,32,12,4,0,48,0,0,0,48
02/18/2018,XNA,AR,ASW,CE,Federal Contract Tower,44,30,3,0,77,0,0,4,0,4,44,30,7,0,81,0,0,0,81
02/19/2018,XNA,AR,ASW,CE,Federal Contract Tower,63,21,6,1,91,0,0,0,0,0,63,21,6,1,91,0,0,0,91
02/20/2018,XNA,AR,ASW,CE,Federal Contract Tower,61,21,17,0,99,0,0,0,0,0,61,21,17,0,99,0,0,0,99
02/21/2018,XNA,AR,ASW,CE,Federal Contract Tower,59,31,20,0,110,0,0,0,0,0,59,31,20,0,110,0,0,0,110
02/22/2018,XNA,AR,ASW,CE,Federal Contract Tower,66,28,9,0,103,0,0,0,0,0,66,28,9,0,103,0,0,0,103
02/23/2018,XNA,AR,ASW,CE,Federal Contract Tower,68,26,17,0,111,0,0,0,0,0,68,26,17,0,111,0,0,0,111
02/24/2018,XNA,AR,ASW,CE,Federal Contract Tower,34,12,5,0,51,0,1,0,0,1,34,13,5,0,52,0,0,0,52
02/25/2018,XNA,AR,ASW,CE,Federal Contract Tower,58,20,11,0,89,0,2,12,0,14,58,22,23,0,103,18,0,18,121
02/26/2018,XNA,AR,ASW,CE,Federal Contract Tower,66,19,8,22,115,0,0,4,0,4,66,19,12,22,119,0,48,48,167
02/27/2018,XNA,AR,ASW,CE,Federal Contract Tower,66,28,10,17,121,0,0,0,0,0,66,28,10,17,121,0,4,4,125
02/28/2018,XNA,AR,ASW,CE,Federal Contract Tower,63,26,12,0,101,0,0,0,0,0,63,26,12,0,101,0,0,0,101
03/01/2018,XNA,AR,ASW,CE,Federal Contract Tower,61,28,18,20,127,0,0,0,3,3,61,28,18,23,130,0,16,16,146
03/02/2018,XNA,AR,ASW,CE,Federal Contract Tower,64,25,15,26,130,0,0,3,8,11,64,25,18,34,141,0,0,0,141
03/03/2018,XNA,AR,ASW,CE,Federal Contract Tower,31,12,1,0,44,0,0,2,0,2,31,12,3,0,46,6,0,6,52
03/04/2018,XNA,AR,ASW,CE,Federal Contract Tower,64,12,5,13,94,0,0,0,0,0,64,12,5,13,94,0,4,4,98
03/05/2018,XNA,AR,ASW,CE,Federal Contract Tower,64,19,9,28,120,0,2,1,0,3,64,21,10,28,123,0,0,0,123
03/06/2018,XNA,AR,ASW,CE,Federal Contract Tower,75,27,11,6,119,0,0,0,0,0,75,27,11,6,119,0,0,0,119
03/07/2018,XNA,AR,ASW,CE,Federal Contract Tower,66,22,9,21,118,0,0,4,1,5,66,22,13,22,123,0,12,12,135
03/08/2018,XNA,AR,ASW,CE,Federal Contract Tower,65,21,10,8,104,0,0,2,4,6,65,21,12,12,110,0,10,10,120
03/09/2018,XNA,AR,ASW,CE,Federal Contract Tower,67,30,5,19,121,0,0,2,0,2,67,30,7,19,123,0,6,6,129
03/10/2018,XNA,AR,ASW,CE,Federal Contract Tower,28,18,3,2,51,0,0,0,0,0,28,18,3,2,51,0,0,0,51
03/11/2018,XNA,AR,ASW,CE,Federal Contract Tower,64,24,3,8,99,0,0,0,0,0,64,24,3,8,99,0,8,8,107
03/12/2018,XNA,AR,ASW,CE,Federal Contract Tower,62,24,12,6,104,0,0,6,6,12,62,24,18,12,116,0,0,0,116
03/13/2018,XNA,AR,ASW,CE,Federal Contract Tower,65,26,20,13,124,0,0,8,2,10,65,26,28,15,134,0,12,12,146
03/14/2018,XNA,AR,ASW,CE,Federal Contract Tower,67,34,13,11,125,0,0,8,1,9,67,34,21,12,134,2,4,6,140
03/15/2018,XNA,AR,ASW,CE,Federal Contract Tower,73,35,14,29,151,0,0,2,4,6,73,35,16,33,157,0,4,4,161
03/16/2018,XNA,AR,ASW,CE,Federal Contract Tower,65,32,11,13,121,0,0,0,0,0,65,32,11,13,121,0,12,12,133
03/17/2018,XNA,AR,ASW,CE,Federal Contract Tower,35,18,15,5,73,0,0,4,0,4,35,18,19,5,77,0,0,0,77
03/18/2018,XNA,AR,ASW,CE,Federal Contract Tower,54,28,2,4,88,0,0,0,0,0,54,28,2,4,88,0,0,0,88
03/19/2018,XNA,AR,ASW,CE,Federal Contract Tower,63,27,5,17,112,0,0,2,0,2,63,27,7,17,114,0,0,0,114
03/20/2018,XNA,AR,ASW,CE,Federal Contract Tower,65,27,10,10,112,0,0,0,0,0,65,27,10,10,112,0,4,4,116
03/21/2018,XNA,AR,ASW,CE,Federal Contract Tower,59,26,11,29,125,0,0,14,0,14,59,26,25,29,139,0,14,14,153
03/22/2018,XNA,AR,ASW,CE,Federal Contract Tower,60,22,10,6,98,0,1,4,5,10,60,23,14,11,108,0,14,14,122
03/23/2018,XNA,AR,ASW,CE,Federal Contract Tower,68,25,10,19,122,0,5,3,1,9,68,30,13,20,131,0,4,4,135
03/24/2018,XNA,AR,ASW,CE,Federal Contract Tower,27,20,5,0,52,0,4,0,0,4,27,24,5,0,56,0,0,0,56
03/25/2018,XNA,AR,ASW,CE,Federal Contract Tower,57,30,6,0,93,0,2,0,0,2,57,32,6,0,95,0,0,0,95
03/26/2018,XNA,AR,ASW,CE,Federal Contract Tower,60,30,13,2,105,0,0,1,0,1,60,30,14,2,106,0,0,0,106
03/27/2018,XNA,AR,ASW,CE,Federal Contract Tower,63,36,11,0,110,0,0,0,0,0,63,36,11,0,110,0,0,0,110
03/28/2018,XNA,AR,ASW,CE,Federal Contract Tower,63,41,12,0,116,0,0,0,0,0,63,41,12,0,116,0,0,0,116
03/29/2018,XNA,AR,ASW,CE,Federal Contract Tower,61,28,20,0,109,0,1,0,0,1,61,29,20,0,110,0,0,0,110
03/30/2018,XNA,AR,ASW,CE,Federal Contract Tower,63,27,7,23,120,0,0,2,1,3,63,27,9,24,123,0,0,0,123
03/31/2018,XNA,AR,ASW,CE,Federal Contract Tower,24,17,1,4,46,0,1,0,0,1,24,18,1,4,47,0,0,0,47
04/01/2018,XNA,AR,ASW,CE,Federal Contract Tower,53,20,0,0,73,0,0,0,0,0,53,20,0,0,73,0,0,0,73
04/02/2018,XNA,AR,ASW,CE,Federal Contract Tower,62,23,5,0,90,0,0,0,0,0,62,23,5,0,90,0,0,0,90
04/03/2018,XNA,AR,ASW,CE,Federal Contract Tower,65,31,21,2,119,0,3,2,0,5,65,34,23,2,124,0,0,0,124
04/04/2018,XNA,AR,ASW,CE,Federal Contract Tower,55,30,6,19,110,0,0,13,5,18,55,30,19,24,128,16,10,26,154
04/05/2018,XNA,AR,ASW,CE,Federal Contract Tower,61,31,21,14,127,0,0,5,7,12,61,31,26,21,139,4,8,12,151
04/06/2018,XNA,AR,ASW,CE,Federal Contract Tower,64,30,11,0,105,0,2,0,0,2,64,32,11,0,107,0,0,0,107
04/07/2018,XNA,AR,ASW,CE,Federal Contract Tower,36,19,0,6,61,0,2,5,0,7,36,21,5,6,68,2,12,14,82
04/08/2018,XNA,AR,ASW,CE,Federal Contract Tower,57,31,6,20,114,0,0,2,0,2,57,31,8,20,116,6,14,20,136
04/09/2018,XNA,AR,ASW,CE,Federal Contract Tower,62,29,15,11,117,0,6,2,0,8,62,35,17,11,125,14,0,14,139
04/10/2018,XNA,AR,ASW,CE,Federal Contract Tower,59,30,13,28,130,0,0,6,5,11,59,30,19,33,141,0,8,8,149
04/11/2018,XNA,AR,ASW,CE,Federal Contract Tower,57,33,13,18,121,0,0,2,0,2,57,33,15,18,123,2,6,8,131
04/12/2018,XNA,AR,ASW,CE,Federal Contract Tower,61,29,14,23,127,0,0,0,6,6,61,29,14,29,133,0,14,14,147
04/13/2018,XNA,AR,ASW,CE,Federal Contract Tower,61,21,10,2,94,0,1,0,0,1,61,22,10,2,95,0,0,0,95
04/14/2018,XNA,AR,ASW,CE,Federal Contract Tower,35,17,4,0,56,0,0,0,0,0,35,17,4,0,56,0,0,0,56
04/15/2018,XNA,AR,ASW,CE,Federal Contract Tower,56,19,3,0,78,0,0,0,0,0,56,19,3,0,78,0,0,0,78
04/16/2018,XNA,AR,ASW,CE,Federal Contract Tower,64,25,17,15,121,0,0,3,0,3,64,25,20,15,124,0,0,0,124
04/17/2018,XNA,AR,ASW,CE,Federal Contract Tower,64,33,25,22,144,0,0,4,3,7,64,33,29,25,151,0,52,52,203
04/18/2018,XNA,AR,ASW,CE,Federal Contract Tower,62,34,11,23,130,0,0,1,21,22,62,34,12,44,152,0,44,44,196
04/19/2018,XNA,AR,ASW,CE,Federal Contract Tower,64,30,23,35,152,0,1,10,1,12,64,31,33,36,164,0,24,24,188
04/20/2018,XNA,AR,ASW,CE,Federal Contract Tower,65,29,10,30,134,0,1,13,0,14,65,30,23,30,148,4,4,8,156
04/21/2018,XNA,AR,ASW,CE,Federal Contract Tower,36,14,2,0,52,0,1,0,2,3,36,15,2,2,55,0,0,0,55
04/22/2018,XNA,AR,ASW,CE,Federal Contract Tower,57,29,5,1,92,0,0,0,0,0,57,29,5,1,92,0,0,0,92
04/23/2018,XNA,AR,ASW,CE,Federal Contract Tower,58,29,7,20,114,0,4,6,0,10,58,33,13,20,124,0,14,14,138
04/24/2018,XNA,AR,ASW,CE,Federal Contract Tower,65,34,18,36,153,0,0,6,0,6,65,34,24,36,159,0,14,14,173
04/25/2018,XNA,AR,ASW,CE,Federal Contract Tower,60,34,19,2,115,0,0,0,0,0,60,34,19,2,115,0,0,0,115
04/26/2018,XNA,AR,ASW,CE,Federal Contract Tower,63,32,27,5,127,0,0,2,1,3,63,32,29,6,130,0,4,4,134
04/27/2018,XNA,AR,ASW,CE,Federal Contract Tower,66,34,7,26,133,0,2,2,3,7,66,36,9,29,140,0,16,16,156
04/28/2018,XNA,AR,ASW,CE,Federal Contract Tower,37,12,3,7,59,0,0,5,1,6,37,12,8,8,65,0,0,0,65
04/29/2018,XNA,AR,ASW,CE,Federal Contract Tower,54,28,9,23,114,0,0,5,12,17,54,28,14,35,131,0,12,12,143
04/30/2018,XNA,AR,ASW,CE,Federal Contract Tower,63,32,7,39,141,0,2,2,10,14,63,34,9,49,155,0,22,22,177
05/01/2018,XNA,AR,ASW,CE,Federal Contract Tower,63,38,33,20,154,0,0,8,0,8,63,38,41,20,162,0,0,0,162
05/02/2018,XNA,AR,ASW,CE,Federal Contract Tower,57,29,14,8,108,0,0,8,0,8,57,29,22,8,116,0,0,0,116
05/03/2018,XNA,AR,ASW,CE,Federal Contract Tower,60,33,13,2,108,0,1,0,0,1,60,34,13,2,109,0,0,0,109
05/04/2018,XNA,AR,ASW,CE,Federal Contract Tower,64,35,9,5,113,0,1,11,0,12,64,36,20,5,125,0,0,0,125
05/05/2018,XNA,AR,ASW,CE,Federal Contract Tower,33,15,2,0,50,0,0,4,2,6,33,15,6,2,56,0,0,0,56
05/06/2018,XNA,AR,ASW,CE,Federal Contract Tower,55,30,10,1,96,0,2,4,1,7,55,32,14,2,103,0,0,0,103
05/07/2018,XNA,AR,ASW,CE,Federal Contract Tower,57,30,15,0,102,0,2,5,6,13,57,32,20,6,115,0,0,0,115
05/08/2018,XNA,AR,ASW,CE,Federal Contract Tower,63,33,18,17,131,0,0,5,3,8,63,33,23,20,139,0,10,10,149
05/09/2018,XNA,AR,ASW,CE,Federal Contract Tower,65,32,17,16,130,0,0,4,0,4,65,32,21,16,134,0,6,6,140
05/10/2018,XNA,AR,ASW,CE,Federal Contract Tower,62,36,15,42,155,0,3,10,4,17,62,39,25,46,172,0,8,8,180
05/11/2018,XNA,AR,ASW,CE,Federal Contract Tower,62,33,10,6,111,0,0,2,2,4,62,33,12,8,115,0,6,6,121
05/12/2018,XNA,AR,ASW,CE,Federal Contract Tower,37,14,2,0,53,0,0,2,2,4,37,14,4,2,57,0,0,0,57
05/13/2018,XNA,AR,ASW,CE,Federal Contract Tower,52,31,5,3,91,0,3,2,0,5,52,34,7,3,96,0,14,14,110
05/14/2018,XNA,AR,ASW,CE,Federal Contract Tower,60,33,6,28,127,0,1,2,8,11,60,34,8,36,138,0,24,24,162
05/15/2018,XNA,AR,ASW,CE,Federal Contract Tower,56,38,18,11,123,0,3,3,0,6,56,41,21,11,129,6,0,6,135
05/16/2018,XNA,AR,ASW,CE,Federal Contract Tower,55,37,7,2,101,0,2,0,0,2,55,39,7,2,103,0,6,6,109
05/17/2018,XNA,AR,ASW,CE,Federal Contract Tower,65,34,21,18,138,0,0,6,0,6,65,34,27,18,144,0,4,4,148
05/18/2018,XNA,AR,ASW,CE,Federal Contract Tower,61,33,12,6,112,0,0,0,0,0,61,33,12,6,112,0,10,10,122
05/19/2018,XNA,AR,ASW,CE,Federal Contract Tower,40,13,3,9,65,0,0,6,2,8,40,13,9,11,73,0,14,14,87
05/20/2018,XNA,AR,ASW,CE,Federal Contract Tower,54,35,2,20,111,0,2,3,4,9,54,37,5,24,120,0,0,0,120
05/21/2018,XNA,AR,ASW,CE,Federal Contract Tower,55,33,10,41,139,0,0,3,0,3,55,33,13,41,142,0,6,6,148
05/22/2018,XNA,AR,ASW,CE,Federal Contract Tower,61,32,24,39,156,0,0,3,0,3,61,32,27,39,159,0,24,24,183
05/23/2018,XNA,AR,ASW,CE,Federal Contract Tower,61,33,16,0,110,0,1,2,0,3,61,34,18,0,113,0,0,0,113
05/24/2018,XNA,AR,ASW,CE,Federal Contract Tower,62,33,16,15,126,0,0,1,1,2,62,33,17,16,128,0,6,6,134
05/25/2018,XNA,AR,ASW,CE,Federal Contract Tower,59,31,7,0,97,0,0,3,0,3,59,31,10,0,100,0,0,0,100
05/26/2018,XNA,AR,ASW,CE,Federal Contract Tower,38,10,0,0,48,0,2,2,0,4,38,12,2,0,52,0,0,0,52
05/27/2018,XNA,AR,ASW,CE,Federal Contract Tower,60,11,2,0,73,0,0,0,0,0,60,11,2,0,73,0,0,0,73
05/28/2018,XNA,AR,ASW,CE,Federal Contract Tower,64,19,3,0,86,0,2,4,0,6,64,21,7,0,92,0,0,0,92
05/29/2018,XNA,AR,ASW,CE,Federal Contract Tower,81,24,20,47,172,0,1,5,1,7,81,25,25,48,179,0,8,8,187
05/30/2018,XNA,AR,ASW,CE,Federal Contract Tower,59,31,21,14,125,0,0,2,0,2,59,31,23,14,127,0,18,18,145
05/31/2018,XNA,AR,ASW,CE,Federal Contract Tower,61,32,17,4,114,0,1,4,1,6,61,33,21,5,120,0,6,6,126
06/01/2018,XNA,AR,ASW,CE,Federal Contract Tower,79,21,18,5,123,0,0,4,0,4,79,21,22,5,127,0,6,6,133
06/02/2018,XNA,AR,ASW,CE,Federal Contract Tower,48,12,4,0,64,0,1,1,0,2,48,13,5,0,66,0,0,0,66
06/03/2018,XNA,AR,ASW,CE,Federal Contract Tower,56,32,1,12,101,0,0,2,0,2,56,32,3,12,103,4,0,4,107
06/04/2018,XNA,AR,ASW,CE,Federal Contract Tower,60,28,11,13,112,0,0,7,5,12,60,28,18,18,124,0,12,12,136
06/05/2018,XNA,AR,ASW,CE,Federal Contract Tower,67,34,21,7,129,0,0,6,5,11,67,34,27,12,140,0,32,32,172
06/06/2018,XNA,AR,ASW,CE,Federal Contract Tower,69,26,7,19,121,0,0,11,3,14,69,26,18,22,135,0,4,4,139
06/07/2018,XNA,AR,ASW,CE,Federal Contract Tower,67,30,28,2,127,0,0,4,0,4,67,30,32,2,131,0,6,6,137
06/08/2018,XNA,AR,ASW,CE,Federal Contract Tower,65,30,8,10,113,0,0,7,0,7,65,30,15,10,120,4,18,22,142
06/09/2018,XNA,AR,ASW,CE,Federal Contract Tower,56,15,7,0,78,0,0,4,0,4,56,15,11,0,82,0,0,0,82
06/10/2018,XNA,AR,ASW,CE,Federal Contract Tower,59,25,4,4,92,0,2,0,3,5,59,27,4,7,97,0,2,2,99
06/11/2018,XNA,AR,ASW,CE,Federal Contract Tower,62,33,3,6,104,0,0,4,0,4,62,33,7,6,108,0,4,4,112
06/12/2018,XNA,AR,ASW,CE,Federal Contract Tower,73,34,15,6,128,0,0,0,2,2,73,34,15,8,130,0,0,0,130
06/13/2018,XNA,AR,ASW,CE,Federal Contract Tower,69,28,10,11,118,0,2,10,0,12,69,30,20,11,130,0,44,44,174
06/14/2018,XNA,AR,ASW,CE,Federal Contract Tower,66,29,23,25,143,0,0,7,10,17,66,29,30,35,160,0,16,16,176
06/15/2018,XNA,AR,ASW,CE,Federal Contract Tower,59,25,21,15,120,0,2,5,2,9,59,27,26,17,129,0,28,28,157
06/16/2018,XNA,AR,ASW,CE,Federal Contract Tower,61,11,1,20,93,0,0,5,0,5,61,11,6,20,98,0,12,12,110
06/17/2018,XNA,AR,ASW,CE,Federal Contract Tower,56,24,4,11,95,0,2,5,1,8,56,26,9,12,103,0,0,0,103
06/18/2018,XNA,AR,ASW,CE,Federal Contract Tower,56,33,14,12,115,0,0,5,5,10,56,33,19,17,125,4,4,8,133
06/19/2018,XNA,AR,ASW,CE,Federal Contract Tower,60,30,22,8,120,0,2,2,0,4,60,32,24,8,124,0,0,0,124
06/20/2018,XNA,AR,ASW,CE,Federal Contract Tower,68,30,12,7,117,0,2,2,0,4,68,32,14,7,121,0,0,0,121
06/21/2018,XNA,AR,ASW,CE,Federal Contract Tower,67,27,16,16,126,0,2,4,1,7,67,29,20,17,133,0,50,50,183
06/22/2018,XNA,AR,ASW,CE,Federal Contract Tower,66,26,12,12,116,0,2,6,0,8,66,28,18,12,124,0,52,52,176
06/23/2018,XNA,AR,ASW,CE,Federal Contract Tower,58,12,4,2,76,0,0,3,0,3,58,12,7,2,79,0,10,10,89
06/24/2018,XNA,AR,ASW,CE,Federal Contract Tower,57,27,3,0,87,0,1,0,0,1,57,28,3,0,88,0,0,0,88
06/25/2018,XNA,AR,ASW,CE,Federal Contract Tower,61,25,4,6,96,0,2,1,0,3,61,27,5,6,99,0,0,0,99
06/26/2018,XNA,AR,ASW,CE,Federal Contract Tower,64,26,24,6,120,0,1,0,0,1,64,27,24,6,121,0,16,16,137
06/27/2018,XNA,AR,ASW,CE,Federal Contract Tower,77,26,14,17,134,0,0,7,0,7,77,26,21,17,141,0,8,8,149
06/28/2018,XNA,AR,ASW,CE,Federal Contract Tower,67,31,15,17,130,0,0,0,2,2,67,31,15,19,132,0,28,28,160
06/29/2018,XNA,AR,ASW,CE,Federal Contract Tower,72,31,10,15,128,0,0,2,2,4,72,31,12,17,132,0,14,14,146
06/30/2018,XNA,AR,ASW,CE,Federal Contract Tower,53,10,4,0,67,0,0,0,0,0,53,10,4,0,67,0,0,0,67
07/01/2018,XNA,AR,ASW,CE,Federal Contract Tower,54,19,6,0,79,0,1,2,0,3,54,20,8,0,82,0,0,0,82
07/02/2018,XNA,AR,ASW,CE,Federal Contract Tower,54,11,6,10,81,0,0,3,0,3,54,11,9,10,84,0,6,6,90
07/03/2018,XNA,AR,ASW,CE,Federal Contract Tower,53,13,11,13,90,0,2,4,2,8,53,15,15,15,98,0,38,38,136
07/04/2018,XNA,AR,ASW,CE,Federal Contract Tower,46,14,0,0,60,0,0,5,0,5,46,14,5,0,65,0,0,0,65
07/05/2018,XNA,AR,ASW,CE,Federal Contract Tower,56,17,7,2,82,0,1,7,4,12,56,18,14,6,94,2,0,2,96
07/06/2018,XNA,AR,ASW,CE,Federal Contract Tower,57,22,4,6,89,0,0,0,6,6,57,22,4,12,95,0,38,38,133
07/07/2018,XNA,AR,ASW,CE,Federal Contract Tower,55,11,5,0,71,0,0,0,0,0,55,11,5,0,71,0,0,0,71
07/08/2018,XNA,AR,ASW,CE,Federal Contract Tower,60,23,5,1,89,0,0,2,0,2,60,23,7,1,91,0,0,0,91
07/09/2018,XNA,AR,ASW,CE,Federal Contract Tower,69,27,10,4,110,0,2,0,2,4,69,29,10,6,114,0,18,18,132
07/10/2018,XNA,AR,ASW,CE,Federal Contract Tower,70,24,16,0,110,0,0,1,0,1,70,24,17,0,111,0,0,0,111
07/11/2018,XNA,AR,ASW,CE,Federal Contract Tower,72,23,5,9,109,0,0,4,1,5,72,23,9,10,114,2,4,6,120
07/12/2018,XNA,AR,ASW,CE,Federal Contract Tower,69,18,16,5,108,0,0,2,2,4,69,18,18,7,112,0,18,18,130
07/13/2018,XNA,AR,ASW,CE,Federal Contract Tower,68,21,15,3,107,0,2,5,0,7,68,23,20,3,114,2,8,10,124
07/14/2018,XNA,AR,ASW,CE,Federal Contract Tower,59,13,2,16,90,0,0,2,2,4,59,13,4,18,94,0,22,22,116
07/15/2018,XNA,AR,ASW,CE,Federal Contract Tower,58,17,5,3,83,0,0,10,0,10,58,17,15,3,93,0,12,12,105
07/16/2018,XNA,AR,ASW,CE,Federal Contract Tower,69,31,6,0,106,0,0,2,2,4,69,31,8,2,110,0,2,2,112
07/17/2018,XNA,AR,ASW,CE,Federal Contract Tower,76,21,17,3,117,0,2,3,1,6,76,23,20,4,123,0,0,0,123
07/18/2018,XNA,AR,ASW,CE,Federal Contract Tower,72,25,12,16,125,0,0,4,6,10,72,25,16,22,135,0,30,30,165
07/19/2018,XNA,AR,ASW,CE,Federal Contract Tower,74,30,32,18,154,0,0,1,1,2,74,30,33,19,156,0,20,20,176
07/20/2018,XNA,AR,ASW,CE,Federal Contract Tower,70,19,14,8,111,0,0,2,1,3,70,19,16,9,114,0,4,4,118
07/21/2018,XNA,AR,ASW,CE,Federal Contract Tower,67,10,6,2,85,0,1,0,0,1,67,11,6,2,86,0,0,0,86
07/22/2018,XNA,AR,ASW,CE,Federal Contract Tower,57,20,3,7,87,0,0,7,0,7,57,20,10,7,94,0,0,0,94
07/23/2018,XNA,AR,ASW,CE,Federal Contract Tower,67,27,11,16,121,0,0,7,6,13,67,27,18,22,134,0,6,6,140
07/24/2018,XNA,AR,ASW,CE,Federal Contract Tower,67,27,22,12,128,0,0,4,2,6,67,27,26,14,134,0,2,2,136
07/25/2018,XNA,AR,ASW,CE,Federal Contract Tower,70,22,23,12,127,0,3,10,1,14,70,25,33,13,141,0,6,6,147
07/26/2018,XNA,AR,ASW,CE,Federal Contract Tower,66,21,14,23,124,0,1,5,0,6,66,22,19,23,130,0,20,20,150
07/27/2018,XNA,AR,ASW,CE,Federal Contract Tower,70,17,18,20,125,0,0,2,0,2,70,17,20,20,127,0,0,0,127
07/28/2018,XNA,AR,ASW,CE,Federal Contract Tower,62,10,4,2,78,0,0,5,0,5,62,10,9,2,83,0,0,0,83
07/29/2018,XNA,AR,ASW,CE,Federal Contract Tower,73,20,6,6,105,0,0,9,0,9,73,20,15,6,114,0,8,8,122
07/30/2018,XNA,AR,ASW,CE,Federal Contract Tower,66,24,9,1,100,0,2,2,0,4,66,26,11,1,104,0,0,0,104
07/31/2018,XNA,AR,ASW,CE,Federal Contract Tower,71,31,10,40,152,0,0,6,0,6,71,31,16,40,158,0,8,8,166
08/01/2018,XNA,AR,ASW,CE,Federal Contract Tower,75,28,9,15,127,0,0,9,3,12,75,28,18,18,139,0,28,28,167
08/02/2018,XNA,AR,ASW,CE,Federal Contract Tower,65,31,21,25,142,0,1,2,7,10,65,32,23,32,152,0,76,76,228
08/03/2018,XNA,AR,ASW,CE,Federal Contract Tower,61,23,3,8,95,0,1,4,2,7,61,24,7,10,102,0,6,6,108
08/04/2018,XNA,AR,ASW,CE,Federal Contract Tower,55,5,4,7,71,0,1,5,4,10,55,6,9,11,81,0,6,6,87
08/05/2018,XNA,AR,ASW,CE,Federal Contract Tower,58,17,6,1,82,0,2,6,1,9,58,19,12,2,91,0,0,0,91
08/06/2018,XNA,AR,ASW,CE,Federal Contract Tower,75,19,15,28,137,0,2,2,1,5,75,21,17,29,142,0,64,64,206
08/07/2018,XNA,AR,ASW,CE,Federal Contract Tower,69,22,4,0,95,0,2,3,0,5,69,24,7,0,100,0,0,0,100
08/08/2018,XNA,AR,ASW,CE,Federal Contract Tower,75,22,10,8,115,0,0,4,0,4,75,22,14,8,119,0,4,4,123
08/09/2018,XNA,AR,ASW,CE,Federal Contract Tower,74,23,19,11,127,0,0,1,1,2,74,23,20,12,129,0,28,28,157
08/10/2018,XNA,AR,ASW,CE,Federal Contract Tower,72,27,21,47,167,0,1,2,4,7,72,28,23,51,174,0,14,14,188
08/11/2018,XNA,AR,ASW,CE,Federal Contract Tower,52,10,2,0,64,0,0,0,0,0,52,10,2,0,64,0,0,0,64
08/12/2018,XNA,AR,ASW,CE,Federal Contract Tower,63,24,8,3,98,0,2,1,1,4,63,26,9,4,102,0,4,4,106
08/13/2018,XNA,AR,ASW,CE,Federal Contract Tower,67,18,17,2,104,0,0,12,5,17,67,18,29,7,121,0,6,6,127
08/14/2018,XNA,AR,ASW,CE,Federal Contract Tower,65,20,11,2,98,0,1,0,0,1,65,21,11,2,99,0,0,0,99
08/15/2018,XNA,AR,ASW,CE,Federal Contract Tower,67,24,15,0,106,0,3,0,0,3,67,27,15,0,109,0,0,0,109
08/16/2018,XNA,AR,ASW,CE,Federal Contract Tower,75,22,14,20,131,0,0,1,0,1,75,22,15,20,132,0,8,8,140
08/17/2018,XNA,AR,ASW,CE,Federal Contract Tower,65,27,6,2,100,0,0,3,0,3,65,27,9,2,103,0,0,0,103
08/18/2018,XNA,AR,ASW,CE,Federal Contract Tower,48,5,7,18,78,0,1,4,0,5,48,6,11,18,83,0,12,12,95
08/19/2018,XNA,AR,ASW,CE,Federal Contract Tower,65,21,3,0,89,0,1,2,0,3,65,22,5,0,92,0,0,0,92
08/20/2018,XNA,AR,ASW,CE,Federal Contract Tower,62,16,9,15,102,0,0,0,6,6,62,16,9,21,108,0,6,6,114
08/21/2018,XNA,AR,ASW,CE,Federal Contract Tower,65,29,28,18,140,0,0,1,2,3,65,29,29,20,143,0,14,14,157
08/22/2018,XNA,AR,ASW,CE,Federal Contract Tower,70,27,15,23,135,0,0,1,0,1,70,27,16,23,136,0,0,0,136
08/23/2018,XNA,AR,ASW,CE,Federal Contract Tower,78,27,12,3,120,0,0,0,1,1,78,27,12,4,121,0,0,0,121
08/24/2018,XNA,AR,ASW,CE,Federal Contract Tower,69,20,4,24,117,0,0,2,0,2,69,20,6,24,119,0,4,4,123
08/25/2018,XNA,AR,ASW,CE,Federal Contract Tower,45,10,5,2,62,0,0,1,0,1,45,10,6,2,63,0,0,0,63
08/26/2018,XNA,AR,ASW,CE,Federal Contract Tower,66,17,2,10,95,0,0,0,1,1,66,17,2,11,96,0,28,28,124
08/27/2018,XNA,AR,ASW,CE,Federal Contract Tower,68,27,15,31,141,0,2,3,5,10,68,29,18,36,151,0,36,36,187
08/28/2018,XNA,AR,ASW,CE,Federal Contract Tower,71,26,15,29,141,0,1,3,0,4,71,27,18,29,145,0,18,18,163
08/29/2018,XNA,AR,ASW,CE,Federal Contract Tower,70,25,16,5,116,0,0,2,0,2,70,25,18,5,118,0,0,0,118
08/30/2018,XNA,AR,ASW,CE,Federal Contract Tower,80,23,25,8,136,0,2,1,10,13,80,25,26,18,149,0,8,8,157
08/31/2018,XNA,AR,ASW,CE,Federal Contract Tower,70,18,17,3,108,0,0,13,0,13,70,18,30,3,121,6,0,6,127
09/01/2018,XNA,AR,ASW,CE,Federal Contract Tower,35,10,0,0,45,0,2,3,0,5,35,12,3,0,50,0,0,0,50
09/02/2018,XNA,AR,ASW,CE,Federal Contract Tower,48,14,2,6,70,0,0,2,0,2,48,14,4,6,72,0,0,0,72
09/03/2018,XNA,AR,ASW,CE,Federal Contract Tower,59,16,1,0,76,0,0,0,0,0,59,16,1,0,76,0,0,0,76
09/04/2018,XNA,AR,ASW,CE,Federal Contract Tower,68,23,14,13,118,0,0,4,1,5,68,23,18,14,123,0,0,0,123
09/05/2018,XNA,AR,ASW,CE,Federal Contract Tower,66,23,12,15,116,0,5,2,2,9,66,28,14,17,125,0,40,40,165
09/06/2018,XNA,AR,ASW,CE,Federal Contract Tower,71,23,26,39,159,0,0,0,0,0,71,23,26,39,159,6,16,22,181
09/07/2018,XNA,AR,ASW,CE,Federal Contract Tower,70,16,14,1,101,0,0,0,0,0,70,16,14,1,101,0,0,0,101
09/08/2018,XNA,AR,ASW,CE,Federal Contract Tower,45,15,7,0,67,0,0,0,0,0,45,15,7,0,67,0,0,0,67
09/09/2018,XNA,AR,ASW,CE,Federal Contract Tower,61,22,13,4,100,0,1,2,0,3,61,23,15,4,103,2,0,2,105
09/10/2018,XNA,AR,ASW,CE,Federal Contract Tower,68,18,8,51,145,0,0,2,5,7,68,18,10,56,152,0,70,70,222
09/11/2018,XNA,AR,ASW,CE,Federal Contract Tower,69,19,22,28,138,0,2,4,4,10,69,21,26,32,148,0,8,8,156
09/12/2018,XNA,AR,ASW,CE,Federal Contract Tower,68,27,15,26,136,0,5,2,8,15,68,32,17,34,151,0,6,6,157
09/13/2018,XNA,AR,ASW,CE,Federal Contract Tower,78,23,14,16,131,0,2,4,1,7,78,25,18,17,138,4,4,8,146
09/14/2018,XNA,AR,ASW,CE,Federal Contract Tower,76,23,13,4,116,0,0,4,7,11,76,23,17,11,127,0,0,0,127
09/15/2018,XNA,AR,ASW,CE,Federal Contract Tower,44,9,6,1,60,0,0,6,5,11,44,9,12,6,71,0,0,0,71
09/16/2018,XNA,AR,ASW,CE,Federal Contract Tower,59,23,4,36,122,0,2,5,12,19,59,25,9,48,141,0,0,0,141
09/17/2018,XNA,AR,ASW,CE,Federal Contract Tower,72,18,8,40,138,0,0,8,0,8,72,18,16,40,146,0,20,20,166
09/18/2018,XNA,AR,ASW,CE,Federal Contract Tower,68,23,20,25,136,0,1,19,0,20,68,24,39,25,156,0,16,16,172
09/19/2018,XNA,AR,ASW,CE,Federal Contract Tower,68,26,11,54,159,0,2,10,4,16,68,28,21,58,175,0,46,46,221
09/20/2018,XNA,AR,ASW,CE,Federal Contract Tower,75,41,25,21,162,0,0,6,0,6,75,41,31,21,168,0,12,12,180
09/21/2018,XNA,AR,ASW,CE,Federal Contract Tower,72,21,8,0,101,0,2,2,0,4,72,23,10,0,105,0,0,0,105
09/22/2018,XNA,AR,ASW,CE,Federal Contract Tower,47,11,10,2,70,0,0,2,0,2,47,11,12,2,72,0,0,0,72
09/23/2018,XNA,AR,ASW,CE,Federal Contract Tower,65,22,14,10,111,0,2,0,0,2,65,24,14,10,113,0,0,0,113
09/24/2018,XNA,AR,ASW,CE,Federal Contract Tower,70,20,25,21,136,0,2,0,0,2,70,22,25,21,138,0,0,0,138
09/25/2018,XNA,AR,ASW,CE,Federal Contract Tower,63,23,19,9,114,0,0,0,0,0,63,23,19,9,114,6,0,6,120
09/26/2018,XNA,AR,ASW,CE,Federal Contract Tower,66,21,25,31,143,0,0,2,0,2,66,21,27,31,145,0,60,60,205
09/27/2018,XNA,AR,ASW,CE,Federal Contract Tower,77,21,35,10,143,0,2,0,2,4,77,23,35,12,147,0,12,12,159
09/28/2018,XNA,AR,ASW,CE,Federal Contract Tower,77,25,14,22,138,0,0,0,0,0,77,25,14,22,138,0,0,0,138
09/29/2018,XNA,AR,ASW,CE,Federal Contract Tower,45,6,18,0,69,0,2,3,0,5,45,8,21,0,74,0,0,0,74
09/30/2018,XNA,AR,ASW,CE,Federal Contract Tower,62,22,12,0,96,0,2,1,0,3,62,24,13,0,99,0,0,0,99
10/01/2018,XNA,AR,ASW,CE,Federal Contract Tower,67,21,22,14,124,0,0,2,4,6,67,21,24,18,130,0,12,12,142
10/02/2018,XNA,AR,ASW,CE,Federal Contract Tower,70,29,28,56,183,0,1,1,0,2,70,30,29,56,185,0,42,42,227
10/03/2018,XNA,AR,ASW,CE,Federal Contract Tower,67,25,9,22,123,0,2,8,4,14,67,27,17,26,137,0,18,18,155
10/04/2018,XNA,AR,ASW,CE,Federal Contract Tower,76,18,17,13,124,0,0,4,2,6,76,18,21,15,130,0,4,4,134
10/05/2018,XNA,AR,ASW,CE,Federal Contract Tower,77,21,19,56,173,0,1,4,0,5,77,22,23,56,178,0,38,38,216
10/06/2018,XNA,AR,ASW,CE,Federal Contract Tower,48,14,4,1,67,0,0,0,1,1,48,14,4,2,68,0,0,0,68
10/07/2018,XNA,AR,ASW,CE,Federal Contract Tower,65,21,7,0,93,0,2,2,0,4,65,23,9,0,97,0,0,0,97
10/08/2018,XNA,AR,ASW,CE,Federal Contract Tower,69,18,15,2,104,0,0,1,0,1,69,18,16,2,105,0,0,0,105
10/09/2018,XNA,AR,ASW,CE,Federal Contract Tower,75,30,16,2,123,0,1,1,0,2,75,31,17,2,125,0,0,0,125
10/10/2018,XNA,AR,ASW,CE,Federal Contract Tower,75,22,14,12,123,0,0,1,0,1,75,22,15,12,124,0,8,8,132
10/11/2018,XNA,AR,ASW,CE,Federal Contract Tower,80,25,16,35,156,0,0,6,6,12,80,25,22,41,168,20,10,30,198
10/12/2018,XNA,AR,ASW,CE,Federal Contract Tower,70,24,8,14,116,0,0,0,0,0,70,24,8,14,116,0,4,4,120
10/13/2018,XNA,AR,ASW,CE,Federal Contract Tower,45,5,3,0,53,0,2,0,0,2,45,7,3,0,55,0,0,0,55
10/14/2018,XNA,AR,ASW,CE,Federal Contract Tower,63,20,1,0,84,0,0,0,0,0,63,20,1,0,84,0,0,0,84
10/15/2018,XNA,AR,ASW,CE,Federal Contract Tower,67,22,14,6,109,0,0,2,0,2,67,22,16,6,111,0,0,0,111
10/16/2018,XNA,AR,ASW,CE,Federal Contract Tower,74,30,14,14,132,0,4,2,0,6,74,34,16,14,138,0,12,12,150
10/17/2018,XNA,AR,ASW,CE,Federal Contract Tower,76,27,10,48,161,0,2,5,1,8,76,29,15,49,169,0,38,38,207
10/18/2018,XNA,AR,ASW,CE,Federal Contract Tower,81,18,23,80,202,0,2,7,0,9,81,20,30,80,211,0,124,124,335
10/19/2018,XNA,AR,ASW,CE,Federal Contract Tower,70,28,16,2,116,0,0,0,0,0,70,28,16,2,116,0,0,0,116
10/20/2018,XNA,AR,ASW,CE,Federal Contract Tower,43,13,3,8,67,0,0,5,0,5,43,13,8,8,72,0,0,0,72
10/21/2018,XNA,AR,ASW,CE,Federal Contract Tower,62,19,19,16,116,0,0,4,0,4,62,19,23,16,120,4,0,4,124
10/22/2018,XNA,AR,ASW,CE,Federal Contract Tower,70,19,15,4,108,0,0,6,2,8,70,19,21,6,116,0,0,0,116
10/23/2018,XNA,AR,ASW,CE,Federal Contract Tower,76,25,22,4,127,0,0,10,0,10,76,25,32,4,137,0,0,0,137
10/24/2018,XNA,AR,ASW,CE,Federal Contract Tower,70,24,21,18,133,0,1,3,0,4,70,25,24,18,137,0,4,4,141
10/25/2018,XNA,AR,ASW,CE,Federal Contract Tower,72,25,13,8,118,0,0,0,0,0,72,25,13,8,118,0,0,0,118
10/26/2018,XNA,AR,ASW,CE,Federal Contract Tower,74,27,10,13,124,0,0,2,0,2,74,27,12,13,126,0,16,16,142
10/27/2018,XNA,AR,ASW,CE,Federal Contract Tower,49,9,3,2,63,0,0,2,0,2,49,9,5,2,65,0,0,0,65
10/28/2018,XNA,AR,ASW,CE,Federal Contract Tower,57,26,3,2,88,0,2,8,0,10,57,28,11,2,98,0,2,2,100
10/29/2018,XNA,AR,ASW,CE,Federal Contract Tower,67,16,21,21,125,0,0,4,0,4,67,16,25,21,129,0,12,12,141
10/30/2018,XNA,AR,ASW,CE,Federal Contract Tower,65,15,16,18,114,0,0,0,0,0,65,15,16,18,114,0,34,34,148
10/31/2018,XNA,AR,ASW,CE,Federal Contract Tower,60,19,11,0,90,0,0,0,0,0,60,19,11,0,90,0,0,0,90
11/01/2018,XNA,AR,ASW,CE,Federal Contract Tower,64,21,13,0,98,0,4,0,0,4,64,25,13,0,102,0,0,0,102
11/02/2018,XNA,AR,ASW,CE,Federal Contract Tower,69,33,9,38,149,0,2,4,2,8,69,35,13,40,157,0,68,68,225
11/03/2018,XNA,AR,ASW,CE,Federal Contract Tower,39,11,3,11,64,0,0,5,0,5,39,11,8,11,69,6,2,8,77
11/04/2018,XNA,AR,ASW,CE,Federal Contract Tower,61,18,7,13,99,0,0,1,0,1,61,18,8,13,100,0,0,0,100
11/05/2018,XNA,AR,ASW,CE,Federal Contract Tower,66,23,13,19,121,0,0,0,0,0,66,23,13,19,121,0,6,6,127
11/06/2018,XNA,AR,ASW,CE,Federal Contract Tower,67,26,14,11,118,0,2,2,0,4,67,28,16,11,122,0,6,6,128
11/07/2018,XNA,AR,ASW,CE,Federal Contract Tower,67,29,9,13,118,0,3,4,9,16,67,32,13,22,134,4,0,4,138
11/08/2018,XNA,AR,ASW,CE,Federal Contract Tower,70,24,22,24,140,0,0,7,0,7,70,24,29,24,147,4,16,20,167
11/09/2018,XNA,AR,ASW,CE,Federal Contract Tower,69,26,11,27,133,0,0,1,4,5,69,26,12,31,138,0,0,0,138
11/10/2018,XNA,AR,ASW,CE,Federal Contract Tower,40,16,4,0,60,0,0,9,5,14,40,16,13,5,74,0,0,0,74
11/11/2018,XNA,AR,ASW,CE,Federal Contract Tower,60,19,2,2,83,0,3,1,0,4,60,22,3,2,87,0,0,0,87
11/12/2018,XNA,AR,ASW,CE,Federal Contract Tower,65,25,9,0,99,0,0,0,0,0,65,25,9,0,99,0,0,0,99
11/13/2018,XNA,AR,ASW,CE,Federal Contract Tower,65,28,16,12,121,0,0,3,0,3,65,28,19,12,124,0,10,10,134
11/14/2018,XNA,AR,ASW,CE,Federal Contract Tower,60,26,10,5,101,0,0,2,2,4,60,26,12,7,105,0,0,0,105
11/15/2018,XNA,AR,ASW,CE,Federal Contract Tower,72,28,16,13,129,1,0,3,2,6,73,28,19,15,135,0,2,2,137
11/16/2018,XNA,AR,ASW,CE,Federal Contract Tower,69,21,14,13,117,0,0,10,0,10,69,21,24,13,127,0,14,14,141
11/17/2018,XNA,AR,ASW,CE,Federal Contract Tower,43,10,4,8,65,0,0,3,0,3,43,10,7,8,68,0,4,4,72
11/18/2018,XNA,AR,ASW,CE,Federal Contract Tower,57,22,8,0,87,0,0,0,0,0,57,22,8,0,87,0,0,0,87
11/19/2018,XNA,AR,ASW,CE,Federal Contract Tower,56,20,3,12,91,0,0,2,0,2,56,20,5,12,93,0,0,0,93
11/20/2018,XNA,AR,ASW,CE,Federal Contract Tower,73,25,14,21,133,0,0,8,0,8,73,25,22,21,141,10,8,18,159
11/21/2018,XNA,AR,ASW,CE,Federal Contract Tower,69,28,3,2,102,0,2,6,0,8,69,30,9,2,110,0,0,0,110
11/22/2018,XNA,AR,ASW,CE,Federal Contract Tower,34,9,0,0,43,0,4,0,0,4,34,13,0,0,47,0,0,0,47
11/23/2018,XNA,AR,ASW,CE,Federal Contract Tower,32,14,2,0,48,0,0,4,0,4,32,14,6,0,52,0,0,0,52
11/24/2018,XNA,AR,ASW,CE,Federal Contract Tower,59,16,5,0,80,0,0,2,0,2,59,16,7,0,82,0,0,0,82
11/25/2018,XNA,AR,ASW,CE,Federal Contract Tower,59,20,8,0,87,0,0,0,0,0,59,20,8,0,87,0,0,0,87
11/26/2018,XNA,AR,ASW,CE,Federal Contract Tower,66,26,4,22,118,0,0,4,6,10,66,26,8,28,128,0,16,16,144
11/27/2018,XNA,AR,ASW,CE,Federal Contract Tower,65,23,9,37,134,0,0,7,0,7,65,23,16,37,141,0,30,30,171
11/28/2018,XNA,AR,ASW,CE,Federal Contract Tower,60,22,15,7,104,0,0,9,0,9,60,22,24,7,113,0,0,0,113
11/29/2018,XNA,AR,ASW,CE,Federal Contract Tower,78,34,20,32,164,0,0,3,0,3,78,34,23,32,167,8,4,12,179
11/30/2018,XNA,AR,ASW,CE,Federal Contract Tower,64,26,7,32,129,0,1,2,0,3,64,27,9,32,132,0,2,2,134
12/01/2018,XNA,AR,ASW,CE,Federal Contract Tower,32,14,1,5,52,0,3,2,0,5,32,17,3,5,57,0,0,0,57
12/02/2018,XNA,AR,ASW,CE,Federal Contract Tower,62,16,4,0,82,0,0,2,0,2,62,16,6,0,84,0,0,0,84
12/03/2018,XNA,AR,ASW,CE,Federal Contract Tower,62,25,10,19,116,0,0,0,0,0,62,25,10,19,116,0,16,16,132
12/04/2018,XNA,AR,ASW,CE,Federal Contract Tower,73,32,17,8,130,0,0,0,0,0,73,32,17,8,130,0,6,6,136
12/05/2018,XNA,AR,ASW,CE,Federal Contract Tower,66,23,10,2,101,0,0,9,0,9,66,23,19,2,110,0,0,0,110
12/06/2018,XNA,AR,ASW,CE,Federal Contract Tower,74,37,13,2,126,0,0,2,0,2,74,37,15,2,128,0,0,0,128
12/07/2018,XNA,AR,ASW,CE,Federal Contract Tower,68,27,10,1,106,0,0,0,0,0,68,27,10,1,106,0,0,0,106
12/08/2018,XNA,AR,ASW,CE,Federal Contract Tower,37,14,2,0,53,0,3,0,0,3,37,17,2,0,56,0,0,0,56
12/09/2018,XNA,AR,ASW,CE,Federal Contract Tower,60,10,6,2,78,0,0,4,0,4,60,10,10,2,82,16,0,16,98
12/10/2018,XNA,AR,ASW,CE,Federal Contract Tower,60,27,10,9,106,0,0,4,5,9,60,27,14,14,115,0,46,46,161
12/11/2018,XNA,AR,ASW,CE,Federal Contract Tower,70,30,25,27,152,0,0,6,0,6,70,30,31,27,158,8,26,34,192
12/12/2018,XNA,AR,ASW,CE,Federal Contract Tower,66,25,19,8,118,0,1,3,2,6,66,26,22,10,124,0,6,6,130
12/13/2018,XNA,AR,ASW,CE,Federal Contract Tower,72,32,12,0,116,0,0,0,0,0,72,32,12,0,116,0,0,0,116
12/14/2018,XNA,AR,ASW,CE,Federal Contract Tower,65,27,22,8,122,0,0,0,0,0,65,27,22,8,122,0,0,0,122
12/15/2018,XNA,AR,ASW,CE,Federal Contract Tower,38,13,4,0,55,0,1,1,0,2,38,14,5,0,57,0,0,0,57
12/16/2018,XNA,AR,ASW,CE,Federal Contract Tower,64,15,2,2,83,0,3,12,0,15,64,18,14,2,98,0,14,14,112
12/17/2018,XNA,AR,ASW,CE,Federal Contract Tower,64,21,8,49,142,0,0,0,2,2,64,21,8,51,144,0,76,76,220
12/18/2018,XNA,AR,ASW,CE,Federal Contract Tower,69,24,10,16,119,0,2,4,0,6,69,26,14,16,125,0,14,14,139
12/19/2018,XNA,AR,ASW,CE,Federal Contract Tower,51,32,22,16,121,0,0,2,0,2,51,32,24,16,123,0,0,0,123
12/20/2018,XNA,AR,ASW,CE,Federal Contract Tower,57,34,16,12,119,0,0,1,0,1,57,34,17,12,120,0,4,4,124
12/21/2018,XNA,AR,ASW,CE,Federal Contract Tower,50,26,8,0,84,0,0,14,1,15,50,26,22,1,99,18,12,30,129
12/22/2018,XNA,AR,ASW,CE,Federal Contract Tower,38,25,10,0,73,0,0,0,0,0,38,25,10,0,73,0,0,0,73
12/23/2018,XNA,AR,ASW,CE,Federal Contract Tower,45,28,4,0,77,0,0,2,0,2,45,28,6,0,79,0,0,0,79
12/24/2018,XNA,AR,ASW,CE,Federal Contract Tower,23,20,2,0,45,0,0,10,0,10,23,20,12,0,55,0,0,0,55
12/25/2018,XNA,AR,ASW,CE,Federal Contract Tower,26,17,2,0,45,0,2,0,0,2,26,19,2,0,47,0,0,0,47
12/26/2018,XNA,AR,ASW,CE,Federal Contract Tower,38,32,5,0,75,0,1,0,0,1,38,33,5,0,76,0,0,0,76
12/27/2018,XNA,AR,ASW,CE,Federal Contract Tower,37,35,11,2,85,0,1,0,0,1,37,36,11,2,86,0,0,0,86
12/28/2018,XNA,AR,ASW,CE,Federal Contract Tower,34,33,1,0,68,0,0,0,0,0,34,33,1,0,68,0,0,0,68
12/29/2018,XNA,AR,ASW,CE,Federal Contract Tower,29,24,7,0,60,0,0,0,0,0,29,24,7,0,60,0,0,0,60
12/30/2018,XNA,AR,ASW,CE,Federal Contract Tower,42,33,4,0,79,0,0,4,0,4,42,33,8,0,83,2,0,2,85
12/31/2018,XNA,AR,ASW,CE,Federal Contract Tower,30,21,1,0,52,0,1,0,0,1,30,22,1,0,53,0,0,0,53
01/01/2019,XNA,AR,ASW,CE,Federal Contract Tower,38,19,2,0,59,0,0,0,0,0,38,19,2,0,59,0,0,0,59
01/02/2019,XNA,AR,ASW,CE,Federal Contract Tower,38,32,6,0,76,0,0,0,0,0,38,32,6,0,76,0,0,0,76
01/03/2019,XNA,AR,ASW,CE,Federal Contract Tower,39,35,7,0,81,0,0,0,0,0,39,35,7,0,81,0,0,0,81
01/04/2019,XNA,AR,ASW,CE,Federal Contract Tower,42,37,8,2,89,0,0,0,37,37,42,37,8,39,126,0,20,20,146
01/05/2019,XNA,AR,ASW,CE,Federal Contract Tower,32,20,8,4,64,0,0,7,12,19,32,20,15,16,83,0,0,0,83
01/06/2019,XNA,AR,ASW,CE,Federal Contract Tower,59,16,4,12,91,0,0,5,0,5,59,16,9,12,96,0,0,0,96
01/07/2019,XNA,AR,ASW,CE,Federal Contract Tower,71,17,5,1,94,0,0,4,1,5,71,17,9,2,99,4,0,4,103
01/08/2019,XNA,AR,ASW,CE,Federal Contract Tower,73,26,11,80,190,0,0,2,3,5,73,26,13,83,195,0,50,50,245
01/09/2019,XNA,AR,ASW,CE,Federal Contract Tower,68,30,11,9,118,0,1,4,4,9,68,31,15,13,127,0,20,20,147
01/10/2019,XNA,AR,ASW,CE,Federal Contract Tower,74,24,8,13,119,0,0,6,0,6,74,24,14,13,125,0,0,0,125
01/11/2019,XNA,AR,ASW,CE,Federal Contract Tower,64,20,10,4,98,0,0,0,0,0,64,20,10,4,98,0,28,28,126
01/12/2019,XNA,AR,ASW,CE,Federal Contract Tower,37,17,0,0,54,0,0,0,0,0,37,17,0,0,54,0,0,0,54
01/13/2019,XNA,AR,ASW,CE,Federal Contract Tower,70,19,5,0,94,0,0,0,0,0,70,19,5,0,94,0,0,0,94
01/14/2019,XNA,AR,ASW,CE,Federal Contract Tower,62,17,10,4,93,0,0,0,0,0,62,17,10,4,93,0,0,0,93
01/15/2019,XNA,AR,ASW,CE,Federal Contract Tower,74,18,12,25,129,0,1,4,6,11,74,19,16,31,140,0,0,0,140
01/16/2019,XNA,AR,ASW,CE,Federal Contract Tower,65,13,13,2,93,0,2,2,0,4,65,15,15,2,97,0,0,0,97
01/17/2019,XNA,AR,ASW,CE,Federal Contract Tower,71,19,9,2,101,0,0,0,0,0,71,19,9,2,101,0,0,0,101
01/18/2019,XNA,AR,ASW,CE,Federal Contract Tower,65,26,8,32,131,0,2,0,3,5,65,28,8,35,136,0,12,12,148
01/19/2019,XNA,AR,ASW,CE,Federal Contract Tower,30,14,11,2,57,0,0,0,0,0,30,14,11,2,57,0,0,0,57
01/20/2019,XNA,AR,ASW,CE,Federal Contract Tower,55,13,2,0,70,0,0,3,0,3,55,13,5,0,73,0,0,0,73
01/21/2019,XNA,AR,ASW,CE,Federal Contract Tower,63,16,4,6,89,0,0,5,0,5,63,16,9,6,94,0,8,8,102
01/22/2019,XNA,AR,ASW,CE,Federal Contract Tower,62,18,6,12,98,0,0,1,0,1,62,18,7,12,99,0,0,0,99
01/23/2019,XNA,AR,ASW,CE,Federal Contract Tower,65,20,15,12,112,0,1,5,0,6,65,21,20,12,118,0,0,0,118
01/24/2019,XNA,AR,ASW,CE,Federal Contract Tower,73,24,7,47,151,0,2,3,0,5,73,26,10,47,156,0,34,34,190
01/25/2019,XNA,AR,ASW,CE,Federal Contract Tower,73,19,9,4,105,0,0,3,2,5,73,19,12,6,110,0,2,2,112
01/26/2019,XNA,AR,ASW,CE,Federal Contract Tower,39,12,5,0,56,0,0,3,0,3,39,12,8,0,59,0,0,0,59
01/27/2019,XNA,AR,ASW,CE,Federal Contract Tower,74,19,10,26,129,0,0,5,1,6,74,19,15,27,135,0,4,4,139
01/28/2019,XNA,AR,ASW,CE,Federal Contract Tower,67,14,9,7,97,0,0,0,1,1,67,14,9,8,98,0,0,0,98
01/29/2019,XNA,AR,ASW,CE,Federal Contract Tower,72,17,15,20,124,0,0,5,1,6,72,17,20,21,130,0,10,10,140
01/30/2019,XNA,AR,ASW,CE,Federal Contract Tower,59,12,12,17,100,0,0,1,6,7,59,12,13,23,107,0,38,38,145
01/31/2019,XNA,AR,ASW,CE,Federal Contract Tower,71,15,9,23,118,0,0,2,0,2,71,15,11,23,120,0,0,0,120
02/01/2019,XNA,AR,ASW,CE,Federal Contract Tower,68,15,18,5,106,0,0,0,0,0,68,15,18,5,106,0,4,4,110
02/02/2019,XNA,AR,ASW,CE,Federal Contract Tower,37,10,4,5,56,0,0,3,0,3,37,10,7,5,59,0,0,0,59
02/03/2019,XNA,AR,ASW,CE,Federal Contract Tower,61,13,0,2,76,0,0,0,0,0,61,13,0,2,76,0,0,0,76
02/04/2019,XNA,AR,ASW,CE,Federal Contract Tower,66,23,10,47,146,0,0,2,11,13,66,23,12,58,159,0,72,72,231
02/05/2019,XNA,AR,ASW,CE,Federal Contract Tower,67,17,25,4,113,0,1,1,0,2,67,18,26,4,115,0,0,0,115
02/06/2019,XNA,AR,ASW,CE,Federal Contract Tower,71,24,17,0,112,0,0,0,0,0,71,24,17,0,112,0,0,0,112
02/07/2019,XNA,AR,ASW,CE,Federal Contract Tower,79,28,26,0,133,0,0,0,0,0,79,28,26,0,133,0,0,0,133
02/08/2019,XNA,AR,ASW,CE,Federal Contract Tower,67,28,11,27,133,0,0,0,20,20,67,28,11,47,153,0,0,0,153
02/09/2019,XNA,AR,ASW,CE,Federal Contract Tower,37,16,3,8,64,0,1,0,2,3,37,17,3,10,67,0,10,10,77
02/10/2019,XNA,AR,ASW,CE,Federal Contract Tower,67,14,4,4,89,0,0,0,0,0,67,14,4,4,89,0,0,0,89
02/11/2019,XNA,AR,ASW,CE,Federal Contract Tower,73,19,15,0,107,0,0,0,0,0,73,19,15,0,107,0,0,0,107
02/12/2019,XNA,AR,ASW,CE,Federal Contract Tower,65,23,13,28,129,0,0,1,12,13,65,23,14,40,142,0,14,14,156
02/13/2019,XNA,AR,ASW,CE,Federal Contract Tower,70,20,28,46,164,0,0,1,6,7,70,20,29,52,171,12,20,32,203
02/14/2019,XNA,AR,ASW,CE,Federal Contract Tower,74,19,15,25,133,0,0,0,0,0,74,19,15,25,133,0,6,6,139
02/15/2019,XNA,AR,ASW,CE,Federal Contract Tower,76,25,11,4,116,0,0,1,0,1,76,25,12,4,117,0,0,0,117
02/16/2019,XNA,AR,ASW,CE,Federal Contract Tower,43,18,9,8,78,0,0,0,5,5,43,18,9,13,83,0,0,0,83
02/17/2019,XNA,AR,ASW,CE,Federal Contract Tower,49,18,9,15,91,0,0,0,0,0,49,18,9,15,91,0,12,12,103
02/18/2019,XNA,AR,ASW,CE,Federal Contract Tower,63,18,13,2,96,0,0,5,20,25,63,18,18,22,121,0,0,0,121
02/19/2019,XNA,AR,ASW,CE,Federal Contract Tower,63,28,17,0,108,0,0,3,0,3,63,28,20,0,111,0,0,0,111
02/20/2019,XNA,AR,ASW,CE,Federal Contract Tower,70,25,12,0,107,0,2,0,0,2,70,27,12,0,109,0,0,0,109
02/21/2019,XNA,AR,ASW,CE,Federal Contract Tower,77,27,20,34,158,0,0,0,1,1,77,27,20,35,159,0,54,54,213
02/22/2019,XNA,AR,ASW,CE,Federal Contract Tower,72,34,6,6,118,0,0,0,0,0,72,34,6,6,118,0,0,0,118
02/23/2019,XNA,AR,ASW,CE,Federal Contract Tower,50,18,1,1,70,0,0,1,4,5,50,18,2,5,75,0,0,0,75
02/24/2019,XNA,AR,ASW,CE,Federal Contract Tower,65,18,2,0,85,0,0,9,3,12,65,18,11,3,97,0,0,0,97
02/25/2019,XNA,AR,ASW,CE,Federal Contract Tower,68,19,17,20,124,0,4,0,8,12,68,23,17,28,136,0,14,14,150
02/26/2019,XNA,AR,ASW,CE,Federal Contract Tower,70,29,31,40,170,0,0,3,0,3,70,29,34,40,173,6,102,108,281
02/27/2019,XNA,AR,ASW,CE,Federal Contract Tower,71,35,34,0,140,0,0,0,0,0,71,35,34,0,140,0,0,0,140
02/28/2019,XNA,AR,ASW,CE,Federal Contract Tower,71,34,21,0,126,0,0,0,0,0,71,34,21,0,126,0,0,0,126
03/01/2019,XNA,AR,ASW,CE,Federal Contract Tower,73,28,5,0,106,0,0,1,0,1,73,28,6,0,107,0,0,0,107
03/02/2019,XNA,AR,ASW,CE,Federal Contract Tower,48,18,3,2,71,0,2,1,0,3,48,20,4,2,74,0,0,0,74
03/03/2019,XNA,AR,ASW,CE,Federal Contract Tower,60,24,2,0,86,0,2,3,0,5,60,26,5,0,91,0,0,0,91
03/04/2019,XNA,AR,ASW,CE,Federal Contract Tower,68,24,12,15,119,0,0,0,0,0,68,24,12,15,119,0,12,12,131
03/05/2019,XNA,AR,ASW,CE,Federal Contract Tower,68,29,13,11,121,0,0,3,2,5,68,29,16,13,126,0,22,22,148
03/06/2019,XNA,AR,ASW,CE,Federal Contract Tower,67,23,13,35,138,0,2,2,2,6,67,25,15,37,144,0,58,58,202
03/07/2019,XNA,AR,ASW,CE,Federal Contract Tower,74,19,18,4,115,0,1,0,0,1,74,20,18,4,116,0,0,0,116
03/08/2019,XNA,AR,ASW,CE,Federal Contract Tower,81,19,11,2,113,0,0,1,0,1,81,19,12,2,114,0,0,0,114
03/09/2019,XNA,AR,ASW,CE,Federal Contract Tower,46,19,0,0,65,0,2,3,0,5,46,21,3,0,70,0,0,0,70
03/10/2019,XNA,AR,ASW,CE,Federal Contract Tower,73,23,1,8,105,0,0,4,0,4,73,23,5,8,109,0,0,0,109
03/11/2019,XNA,AR,ASW,CE,Federal Contract Tower,75,18,6,25,124,0,0,6,0,6,75,18,12,25,130,0,14,14,144
03/12/2019,XNA,AR,ASW,CE,Federal Contract Tower,68,22,19,0,109,0,0,3,0,3,68,22,22,0,112,0,0,0,112
03/13/2019,XNA,AR,ASW,CE,Federal Contract Tower,66,24,9,5,104,0,0,2,0,2,66,24,11,5,106,0,16,16,122
03/14/2019,XNA,AR,ASW,CE,Federal Contract Tower,76,20,11,2,109,0,0,0,4,4,76,20,11,6,113,0,0,0,113
03/15/2019,XNA,AR,ASW,CE,Federal Contract Tower,78,19,7,19,123,0,1,7,1,9,78,20,14,20,132,2,14,16,148
03/16/2019,XNA,AR,ASW,CE,Federal Contract Tower,45,11,7,8,71,0,0,6,4,10,45,11,13,12,81,0,0,0,81
03/17/2019,XNA,AR,ASW,CE,Federal Contract Tower,71,16,3,4,94,0,0,2,0,2,71,16,5,4,96,0,2,2,98
03/18/2019,XNA,AR,ASW,CE,Federal Contract Tower,78,14,5,20,117,0,1,6,0,7,78,15,11,20,124,0,26,26,150
03/19/2019,XNA,AR,ASW,CE,Federal Contract Tower,78,21,13,51,163,0,2,4,1,7,78,23,17,52,170,0,10,10,180
03/20/2019,XNA,AR,ASW,CE,Federal Contract Tower,76,16,10,6,108,0,0,4,2,6,76,16,14,8,114,0,0,0,114
03/21/2019,XNA,AR,ASW,CE,Federal Contract Tower,82,14,10,15,121,0,2,8,3,13,82,16,18,18,134,4,8,12,146
03/22/2019,XNA,AR,ASW,CE,Federal Contract Tower,80,14,2,33,129,0,0,5,1,6,80,14,7,34,135,0,36,36,171
03/23/2019,XNA,AR,ASW,CE,Federal Contract Tower,43,10,2,7,62,0,0,1,2,3,43,10,3,9,65,0,12,12,77
03/24/2019,XNA,AR,ASW,CE,Federal Contract Tower,70,13,10,6,99,0,1,0,0,1,70,14,10,6,100,0,0,0,100
03/25/2019,XNA,AR,ASW,CE,Federal Contract Tower,70,17,8,63,158,0,2,0,1,3,70,19,8,64,161,0,0,0,161
03/26/2019,XNA,AR,ASW,CE,Federal Contract Tower,79,18,13,35,145,0,0,4,1,5,79,18,17,36,150,0,8,8,158
03/27/2019,XNA,AR,ASW,CE,Federal Contract Tower,73,21,13,12,119,0,2,5,0,7,73,23,18,12,126,4,6,10,136
03/28/2019,XNA,AR,ASW,CE,Federal Contract Tower,76,22,17,39,154,0,3,4,0,7,76,25,21,39,161,0,16,16,177
03/29/2019,XNA,AR,ASW,CE,Federal Contract Tower,81,21,20,2,124,0,2,1,0,3,81,23,21,2,127,0,0,0,127
03/30/2019,XNA,AR,ASW,CE,Federal Contract Tower,43,12,4,1,60,0,1,0,1,2,43,13,4,2,62,0,0,0,62
03/31/2019,XNA,AR,ASW,CE,Federal Contract Tower,66,17,8,7,98,0,0,4,0,4,66,17,12,7,102,0,4,4,106
04/01/2019,XNA,AR,ASW,CE,Federal Contract Tower,76,23,10,13,122,0,0,7,5,12,76,23,17,18,134,0,4,4,138
04/02/2019,XNA,AR,ASW,CE,Federal Contract Tower,77,26,18,50,171,0,0,6,1,7,77,26,24,51,178,8,4,12,190
04/03/2019,XNA,AR,ASW,CE,Federal Contract Tower,79,24,18,63,184,0,5,6,4,15,79,29,24,67,199,0,4,4,203
04/04/2019,XNA,AR,ASW,CE,Federal Contract Tower,77,27,13,12,129,0,1,1,0,2,77,28,14,12,131,0,0,0,131
04/05/2019,XNA,AR,ASW,CE,Federal Contract Tower,82,20,17,50,169,0,0,2,0,2,82,20,19,50,171,0,54,54,225
04/06/2019,XNA,AR,ASW,CE,Federal Contract Tower,43,19,2,0,64,0,0,3,0,3,43,19,5,0,67,0,0,0,67
04/07/2019,XNA,AR,ASW,CE,Federal Contract Tower,70,14,5,0,89,0,0,4,0,4,70,14,9,0,93,0,0,0,93
04/08/2019,XNA,AR,ASW,CE,Federal Contract Tower,72,17,10,31,130,0,2,2,0,4,72,19,12,31,134,0,10,10,144
04/09/2019,XNA,AR,ASW,CE,Federal Contract Tower,77,23,16,18,134,0,1,4,0,5,77,24,20,18,139,0,2,2,141
04/10/2019,XNA,AR,ASW,CE,Federal Contract Tower,83,19,21,6,129,0,0,0,0,0,83,19,21,6,129,0,8,8,137
04/11/2019,XNA,AR,ASW,CE,Federal Contract Tower,77,21,17,4,119,0,3,1,4,8,77,24,18,8,127,0,4,4,131
04/12/2019,XNA,AR,ASW,CE,Federal Contract Tower,79,37,24,21,161,0,0,5,0,5,79,37,29,21,166,0,38,38,204
04/13/2019,XNA,AR,ASW,CE,Federal Contract Tower,45,17,3,2,67,0,0,2,0,2,45,17,5,2,69,0,0,0,69
04/14/2019,XNA,AR,ASW,CE,Federal Contract Tower,62,16,7,58,143,0,0,4,7,11,62,16,11,65,154,0,6,6,160
04/15/2019,XNA,AR,ASW,CE,Federal Contract Tower,72,15,9,25,121,0,2,0,2,4,72,17,9,27,125,0,20,20,145
04/16/2019,XNA,AR,ASW,CE,Federal Contract Tower,80,16,17,37,150,0,0,1,0,1,80,16,18,37,151,0,8,8,159
04/17/2019,XNA,AR,ASW,CE,Federal Contract Tower,76,25,11,4,116,0,1,2,0,3,76,26,13,4,119,0,0,0,119
04/18/2019,XNA,AR,ASW,CE,Federal Contract Tower,78,23,24,6,131,0,0,2,0,2,78,23,26,6,133,0,0,0,133
04/19/2019,XNA,AR,ASW,CE,Federal Contract Tower,75,18,3,15,111,0,1,7,4,12,75,19,10,19,123,0,22,22,145
04/20/2019,XNA,AR,ASW,CE,Federal Contract Tower,43,21,4,15,83,0,0,0,5,5,43,21,4,20,88,0,16,16,104
04/21/2019,XNA,AR,ASW,CE,Federal Contract Tower,59,14,4,16,93,0,0,3,4,7,59,14,7,20,100,0,10,10,110
04/22/2019,XNA,AR,ASW,CE,Federal Contract Tower,80,16,14,4,114,0,0,3,7,10,80,16,17,11,124,0,10,10,134
04/23/2019,XNA,AR,ASW,CE,Federal Contract Tower,82,15,17,2,116,0,2,2,0,4,82,17,19,2,120,0,0,0,120
04/24/2019,XNA,AR,ASW,CE,Federal Contract Tower,77,25,8,2,112,0,0,0,0,0,77,25,8,2,112,0,0,0,112
04/25/2019,XNA,AR,ASW,CE,Federal Contract Tower,83,24,17,0,124,0,0,5,2,7,83,24,22,2,131,6,0,6,137
04/26/2019,XNA,AR,ASW,CE,Federal Contract Tower,83,21,8,31,143,0,0,8,0,8,83,21,16,31,151,0,24,24,175
04/27/2019,XNA,AR,ASW,CE,Federal Contract Tower,42,18,3,3,66,0,1,0,1,2,42,19,3,4,68,0,0,0,68
04/28/2019,XNA,AR,ASW,CE,Federal Contract Tower,82,17,15,8,122,0,0,5,2,7,82,17,20,10,129,0,0,0,129
04/29/2019,XNA,AR,ASW,CE,Federal Contract Tower,75,19,9,19,122,0,0,6,0,6,75,19,15,19,128,0,0,0,128
04/30/2019,XNA,AR,ASW,CE,Federal Contract Tower,68,17,14,2,101,0,0,1,0,1,68,17,15,2,102,0,0,0,102
05/01/2019,XNA,AR,ASW,CE,Federal Contract Tower,71,19,7,4,101,0,2,3,4,9,71,21,10,8,110,0,0,0,110
05/02/2019,XNA,AR,ASW,CE,Federal Contract Tower,80,26,28,4,138,0,4,2,0,6,80,30,30,4,144,0,4,4,148
05/03/2019,XNA,AR,ASW,CE,Federal Contract Tower,78,20,8,2,108,0,0,0,0,0,78,20,8,2,108,0,0,0,108
05/04/2019,XNA,AR,ASW,CE,Federal Contract Tower,46,16,8,2,72,0,0,0,0,0,46,16,8,2,72,0,0,0,72
05/05/2019,XNA,AR,ASW,CE,Federal Contract Tower,73,18,13,12,116,0,2,4,1,7,73,20,17,13,123,8,6,14,137
05/06/2019,XNA,AR,ASW,CE,Federal Contract Tower,84,21,11,44,160,0,0,2,0,2,84,21,13,44,162,0,36,36,198
05/07/2019,XNA,AR,ASW,CE,Federal Contract Tower,77,19,26,18,140,0,1,1,0,2,77,20,27,18,142,0,0,0,142
05/08/2019,XNA,AR,ASW,CE,Federal Contract Tower,72,26,4,0,102,0,2,1,0,3,72,28,5,0,105,0,0,0,105
05/09/2019,XNA,AR,ASW,CE,Federal Contract Tower,79,22,25,21,147,0,0,0,0,0,79,22,25,21,147,0,0,0,147
05/10/2019,XNA,AR,ASW,CE,Federal Contract Tower,83,23,8,8,122,0,0,8,10,18,83,23,16,18,140,0,4,4,144
05/11/2019,XNA,AR,ASW,CE,Federal Contract Tower,53,19,2,4,78,0,0,0,0,0,53,19,2,4,78,0,0,0,78
05/12/2019,XNA,AR,ASW,CE,Federal Contract Tower,78,15,9,23,125,0,0,0,22,22,78,15,9,45,147,0,0,0,147
05/13/2019,XNA,AR,ASW,CE,Federal Contract Tower,72,12,6,37,127,0,0,5,0,5,72,12,11,37,132,0,34,34,166
05/14/2019,XNA,AR,ASW,CE,Federal Contract Tower,79,18,18,38,153,0,0,2,0,2,79,18,20,38,155,0,20,20,175
05/15/2019,XNA,AR,ASW,CE,Federal Contract Tower,74,23,20,26,143,0,0,2,0,2,74,23,22,26,145,0,14,14,159
05/16/2019,XNA,AR,ASW,CE,Federal Contract Tower,84,21,19,18,142,0,0,4,0,4,84,21,23,18,146,0,10,10,156
05/17/2019,XNA,AR,ASW,CE,Federal Contract Tower,84,15,19,18,136,0,2,3,6,11,84,17,22,24,147,0,12,12,159
05/18/2019,XNA,AR,ASW,CE,Federal Contract Tower,49,16,6,0,71,0,0,0,0,0,49,16,6,0,71,0,0,0,71
05/19/2019,XNA,AR,ASW,CE,Federal Contract Tower,76,17,16,17,126,0,0,0,0,0,76,17,16,17,126,0,6,6,132
05/20/2019,XNA,AR,ASW,CE,Federal Contract Tower,75,16,13,9,113,0,1,1,0,2,75,17,14,9,115,0,22,22,137
05/21/2019,XNA,AR,ASW,CE,Federal Contract Tower,79,21,17,0,117,0,1,1,0,2,79,22,18,0,119,0,0,0,119
05/22/2019,XNA,AR,ASW,CE,Federal Contract Tower,78,21,28,4,131,0,0,6,0,6,78,21,34,4,137,0,0,0,137
05/23/2019,XNA,AR,ASW,CE,Federal Contract Tower,86,21,21,8,136,0,2,4,6,12,86,23,25,14,148,0,44,44,192
05/24/2019,XNA,AR,ASW,CE,Federal Contract Tower,81,20,4,8,113,0,0,2,1,3,81,20,6,9,116,0,6,6,122
05/25/2019,XNA,AR,ASW,CE,Federal Contract Tower,54,19,11,0,84,0,1,1,0,2,54,20,12,0,86,0,0,0,86
05/26/2019,XNA,AR,ASW,CE,Federal Contract Tower,63,18,9,0,90,0,1,2,0,3,63,19,11,0,93,0,0,0,93
05/27/2019,XNA,AR,ASW,CE,Federal Contract Tower,74,18,6,0,98,0,0,2,0,2,74,18,8,0,100,0,0,0,100
05/28/2019,XNA,AR,ASW,CE,Federal Contract Tower,85,13,9,4,111,0,0,5,3,8,85,13,14,7,119,0,6,6,125
05/29/2019,XNA,AR,ASW,CE,Federal Contract Tower,72,21,13,0,106,0,1,1,1,3,72,22,14,1,109,0,0,0,109
05/30/2019,XNA,AR,ASW,CE,Federal Contract Tower,84,12,26,3,125,0,0,8,0,8,84,12,34,3,133,0,0,0,133
05/31/2019,XNA,AR,ASW,CE,Federal Contract Tower,85,21,4,19,129,0,0,6,5,11,85,21,10,24,140,0,34,34,174
06/01/2019,XNA,AR,ASW,CE,Federal Contract Tower,51,14,4,3,72,0,0,5,0,5,51,14,9,3,77,0,0,0,77
06/02/2019,XNA,AR,ASW,CE,Federal Contract Tower,71,15,9,16,111,0,1,4,3,8,71,16,13,19,119,0,0,0,119
06/03/2019,XNA,AR,ASW,CE,Federal Contract Tower,90,12,13,0,115,0,0,2,0,2,90,12,15,0,117,0,0,0,117
06/04/2019,XNA,AR,ASW,CE,Federal Contract Tower,93,22,16,5,136,0,4,0,2,6,93,26,16,7,142,0,24,24,166
06/05/2019,XNA,AR,ASW,CE,Federal Contract Tower,77,18,6,0,101,0,1,7,0,8,77,19,13,0,109,0,0,0,109
06/06/2019,XNA,AR,ASW,CE,Federal Contract Tower,81,28,13,10,132,0,1,0,0,1,81,29,13,10,133,0,0,0,133
06/07/2019,XNA,AR,ASW,CE,Federal Contract Tower,76,22,13,1,112,0,0,0,0,0,76,22,13,1,112,0,0,0,112
06/08/2019,XNA,AR,ASW,CE,Federal Contract Tower,67,19,6,0,92,0,0,5,0,5,67,19,11,0,97,0,0,0,97
06/09/2019,XNA,AR,ASW,CE,Federal Contract Tower,64,19,3,12,98,0,2,5,0,7,64,21,8,12,105,4,0,4,109
06/10/2019,XNA,AR,ASW,CE,Federal Contract Tower,70,25,22,6,123,0,0,4,6,10,70,25,26,12,133,0,20,20,153
06/11/2019,XNA,AR,ASW,CE,Federal Contract Tower,80,32,10,28,150,0,0,2,0,2,80,32,12,28,152,0,0,0,152
06/12/2019,XNA,AR,ASW,CE,Federal Contract Tower,84,27,20,28,159,0,1,2,0,3,84,28,22,28,162,0,2,2,164
06/13/2019,XNA,AR,ASW,CE,Federal Contract Tower,83,22,17,19,141,0,2,1,4,7,83,24,18,23,148,0,2,2,150
06/14/2019,XNA,AR,ASW,CE,Federal Contract Tower,77,28,5,18,128,0,1,2,0,3,77,29,7,18,131,0,8,8,139
06/15/2019,XNA,AR,ASW,CE,Federal Contract Tower,58,13,2,0,73,0,2,2,2,6,58,15,4,2,79,0,0,0,79
06/16/2019,XNA,AR,ASW,CE,Federal Contract Tower,62,26,2,13,103,0,1,1,0,2,62,27,3,13,105,0,0,0,105
06/17/2019,XNA,AR,ASW,CE,Federal Contract Tower,77,24,17,13,131,0,2,0,0,2,77,26,17,13,133,0,0,0,133
06/18/2019,XNA,AR,ASW,CE,Federal Contract Tower,81,21,17,42,161,0,0,2,6,8,81,21,19,48,169,0,0,0,169
06/19/2019,XNA,AR,ASW,CE,Federal Contract Tower,89,21,6,18,134,0,1,0,2,3,89,22,6,20,137,0,18,18,155
06/20/2019,XNA,AR,ASW,CE,Federal Contract Tower,83,25,21,16,145,0,2,6,0,8,83,27,27,16,153,0,30,30,183
06/21/2019,XNA,AR,ASW,CE,Federal Contract Tower,82,22,6,36,146,0,0,5,3,8,82,22,11,39,154,0,46,46,200
06/23/2019,XNA,AR,ASW,CE,Federal Contract Tower,68,16,11,0,95,0,2,2,0,4,68,18,13,0,99,0,0,0,99
06/24/2019,XNA,AR,ASW,CE,Federal Contract Tower,77,23,18,75,193,0,0,0,8,8,77,23,18,83,201,10,42,52,253
06/25/2019,XNA,AR,ASW,CE,Federal Contract Tower,80,24,20,20,144,0,0,2,0,2,80,24,22,20,146,0,4,4,150
06/26/2019,XNA,AR,ASW,CE,Federal Contract Tower,80,17,12,23,132,0,1,4,5,10,80,18,16,28,142,0,8,8,150
06/27/2019,XNA,AR,ASW,CE,Federal Contract Tower,90,17,15,10,132,0,0,5,5,10,90,17,20,15,142,0,6,6,148
06/28/2019,XNA,AR,ASW,CE,Federal Contract Tower,79,23,11,17,130,0,1,6,2,9,79,24,17,19,139,0,16,16,155
06/29/2019,XNA,AR,ASW,CE,Federal Contract Tower,53,13,11,0,77,0,0,0,1,1,53,13,11,1,78,0,0,0,78
06/30/2019,XNA,AR,ASW,CE,Federal Contract Tower,67,20,5,16,108,0,1,3,2,6,67,21,8,18,114,0,6,6,120
07/01/2019,XNA,AR,ASW,CE,Federal Contract Tower,68,20,6,6,100,0,1,3,10,14,68,21,9,16,114,0,8,8,122
07/02/2019,XNA,AR,ASW,CE,Federal Contract Tower,74,16,23,3,116,0,2,3,0,5,74,18,26,3,121,0,0,0,121
07/03/2019,XNA,AR,ASW,CE,Federal Contract Tower,66,14,3,1,84,0,0,1,2,3,66,14,4,3,87,0,0,0,87
07/04/2019,XNA,AR,ASW,CE,Federal Contract Tower,50,12,0,0,62,0,0,0,0,0,50,12,0,0,62,0,0,0,62
07/05/2019,XNA,AR,ASW,CE,Federal Contract Tower,52,14,1,2,69,0,2,0,0,2,52,16,1,2,71,0,0,0,71
07/06/2019,XNA,AR,ASW,CE,Federal Contract Tower,51,15,6,0,72,0,0,1,0,1,51,15,7,0,73,0,0,0,73
07/07/2019,XNA,AR,ASW,CE,Federal Contract Tower,75,15,9,0,99,0,0,2,0,2,75,15,11,0,101,0,0,0,101
07/08/2019,XNA,AR,ASW,CE,Federal Contract Tower,78,20,6,15,119,0,0,2,3,5,78,20,8,18,124,0,0,0,124
07/09/2019,XNA,AR,ASW,CE,Federal Contract Tower,89,21,13,18,141,0,0,3,2,5,89,21,16,20,146,0,16,16,162
07/10/2019,XNA,AR,ASW,CE,Federal Contract Tower,84,24,10,2,120,0,1,4,0,5,84,25,14,2,125,0,0,0,125
07/11/2019,XNA,AR,ASW,CE,Federal Contract Tower,80,22,17,21,140,0,0,6,8,14,80,22,23,29,154,0,18,18,172
07/12/2019,XNA,AR,ASW,CE,Federal Contract Tower,79,23,17,51,170,0,0,2,8,10,79,23,19,59,180,0,22,22,202
07/13/2019,XNA,AR,ASW,CE,Federal Contract Tower,63,13,2,7,85,0,0,3,2,5,63,13,5,9,90,4,0,4,94
07/14/2019,XNA,AR,ASW,CE,Federal Contract Tower,76,12,3,18,109,0,0,2,4,6,76,12,5,22,115,0,16,16,131
07/15/2019,XNA,AR,ASW,CE,Federal Contract Tower,77,16,21,7,121,0,0,2,0,2,77,16,23,7,123,4,6,10,133
07/16/2019,XNA,AR,ASW,CE,Federal Contract Tower,85,26,13,20,144,0,3,2,0,5,85,29,15,20,149,0,22,22,171
07/17/2019,XNA,AR,ASW,CE,Federal Contract Tower,78,21,17,50,166,0,0,1,2,3,78,21,18,52,169,0,38,38,207
07/18/2019,XNA,AR,ASW,CE,Federal Contract Tower,89,26,25,17,157,0,0,6,1,7,89,26,31,18,164,10,16,26,190
07/19/2019,XNA,AR,ASW,CE,Federal Contract Tower,84,24,10,57,175,0,0,6,10,16,84,24,16,67,191,0,58,58,249
07/20/2019,XNA,AR,ASW,CE,Federal Contract Tower,57,16,2,19,94,0,0,2,1,3,57,16,4,20,97,0,16,16,113
07/21/2019,XNA,AR,ASW,CE,Federal Contract Tower,75,16,3,10,104,0,0,9,0,9,75,16,12,10,113,16,0,16,129
07/22/2019,XNA,AR,ASW,CE,Federal Contract Tower,73,27,15,2,117,0,2,1,0,3,73,29,16,2,120,0,6,6,126
07/23/2019,XNA,AR,ASW,CE,Federal Contract Tower,84,21,13,24,142,3,3,6,3,15,87,24,19,27,157,0,12,12,169
07/24/2019,XNA,AR,ASW,CE,Federal Contract Tower,83,19,19,24,145,0,3,3,0,6,83,22,22,24,151,0,10,10,161
07/25/2019,XNA,AR,ASW,CE,Federal Contract Tower,84,19,17,32,152,0,0,8,3,11,84,19,25,35,163,6,24,30,193
07/26/2019,XNA,AR,ASW,CE,Federal Contract Tower,79,23,11,39,152,0,2,6,6,14,79,25,17,45,166,0,18,18,184
07/27/2019,XNA,AR,ASW,CE,Federal Contract Tower,60,16,6,27,109,0,0,5,1,6,60,16,11,28,115,0,22,22,137
07/28/2019,XNA,AR,ASW,CE,Federal Contract Tower,80,15,8,34,137,0,0,1,12,13,80,15,9,46,150,0,0,0,150
07/29/2019,XNA,AR,ASW,CE,Federal Contract Tower,82,16,7,0,105,0,0,0,14,14,82,16,7,14,119,0,0,0,119
07/30/2019,XNA,AR,ASW,CE,Federal Contract Tower,90,23,18,31,162,0,0,5,6,11,90,23,23,37,173,0,26,26,199
07/31/2019,XNA,AR,ASW,CE,Federal Contract Tower,84,14,14,25,137,0,0,2,2,4,84,14,16,27,141,6,10,16,157
08/01/2019,XNA,AR,ASW,CE,Federal Contract Tower,82,25,18,2,127,0,0,0,0,0,82,25,18,2,127,2,4,6,133
08/02/2019,XNA,AR,ASW,CE,Federal Contract Tower,82,23,7,19,131,0,1,2,0,3,82,24,9,19,134,0,0,0,134
08/03/2019,XNA,AR,ASW,CE,Federal Contract Tower,53,14,4,0,71,0,1,0,1,2,53,15,4,1,73,0,0,0,73
08/04/2019,XNA,AR,ASW,CE,Federal Contract Tower,79,16,5,5,105,0,0,2,0,2,79,16,7,5,107,0,0,0,107
08/05/2019,XNA,AR,ASW,CE,Federal Contract Tower,75,17,7,31,130,0,0,4,0,4,75,17,11,31,134,0,20,20,154
08/06/2019,XNA,AR,ASW,CE,Federal Contract Tower,90,23,16,20,149,0,0,6,4,10,90,23,22,24,159,0,10,10,169
08/07/2019,XNA,AR,ASW,CE,Federal Contract Tower,77,22,13,2,114,0,2,4,0,6,77,24,17,2,120,0,12,12,132
08/08/2019,XNA,AR,ASW,CE,Federal Contract Tower,87,20,21,2,130,0,1,3,0,4,87,21,24,2,134,4,5,9,143
08/09/2019,XNA,AR,ASW,CE,Federal Contract Tower,84,18,11,0,113,0,0,1,0,1,84,18,12,0,114,0,0,0,114
08/10/2019,XNA,AR,ASW,CE,Federal Contract Tower,52,15,3,0,70,0,2,1,2,5,52,17,4,2,75,0,0,0,75
08/11/2019,XNA,AR,ASW,CE,Federal Contract Tower,75,18,5,1,99,0,0,2,0,2,75,18,7,1,101,0,0,0,101
08/12/2019,XNA,AR,ASW,CE,Federal Contract Tower,85,20,14,4,123,0,0,9,4,13,85,20,23,8,136,0,12,12,148
08/13/2019,XNA,AR,ASW,CE,Federal Contract Tower,83,23,11,1,118,0,0,4,1,5,83,23,15,2,123,0,0,0,123
08/14/2019,XNA,AR,ASW,CE,Federal Contract Tower,81,26,18,13,138,0,0,0,1,1,81,26,18,14,139,0,0,0,139
08/15/2019,XNA,AR,ASW,CE,Federal Contract Tower,82,26,15,15,138,0,0,8,16,24,82,26,23,31,162,0,24,24,186
08/16/2019,XNA,AR,ASW,CE,Federal Contract Tower,84,22,4,43,153,0,1,0,0,1,84,23,4,43,154,0,0,0,154
08/17/2019,XNA,AR,ASW,CE,Federal Contract Tower,53,19,7,0,79,0,0,1,0,1,53,19,8,0,80,0,0,0,80
08/18/2019,XNA,AR,ASW,CE,Federal Contract Tower,68,17,3,24,112,0,1,1,0,2,68,18,4,24,114,0,4,4,118
08/19/2019,XNA,AR,ASW,CE,Federal Contract Tower,83,24,13,19,139,0,0,1,0,1,83,24,14,19,140,0,8,8,148
08/20/2019,XNA,AR,ASW,CE,Federal Contract Tower,76,26,15,6,123,0,0,1,0,1,76,26,16,6,124,0,0,0,124
08/21/2019,XNA,AR,ASW,CE,Federal Contract Tower,77,24,20,5,126,0,0,8,8,16,77,24,28,13,142,0,26,26,168
08/22/2019,XNA,AR,ASW,CE,Federal Contract Tower,81,24,17,2,124,0,1,1,12,14,81,25,18,14,138,0,0,0,138
08/23/2019,XNA,AR,ASW,CE,Federal Contract Tower,76,24,6,0,106,0,1,0,0,1,76,25,6,0,107,0,0,0,107
08/24/2019,XNA,AR,ASW,CE,Federal Contract Tower,43,13,6,0,62,0,0,1,0,1,43,13,7,0,63,0,0,0,63
08/25/2019,XNA,AR,ASW,CE,Federal Contract Tower,73,21,4,0,98,0,0,2,0,2,73,21,6,0,100,0,0,0,100
08/26/2019,XNA,AR,ASW,CE,Federal Contract Tower,80,13,7,29,129,0,1,4,5,10,80,14,11,34,139,16,42,58,197
08/27/2019,XNA,AR,ASW,CE,Federal Contract Tower,68,18,13,14,113,0,0,4,0,4,68,18,17,14,117,0,16,16,133
08/28/2019,XNA,AR,ASW,CE,Federal Contract Tower,79,23,11,25,138,0,2,5,3,10,79,25,16,28,148,0,16,16,164
08/29/2019,XNA,AR,ASW,CE,Federal Contract Tower,93,23,16,6,138,0,0,6,0,6,93,23,22,6,144,0,6,6,150
08/30/2019,XNA,AR,ASW,CE,Federal Contract Tower,77,20,5,7,109,0,0,0,0,0,77,20,5,7,109,0,0,0,109
08/31/2019,XNA,AR,ASW,CE,Federal Contract Tower,47,18,8,0,73,0,0,67,0,67,47,18,75,0,140,0,0,0,140
09/01/2019,XNA,AR,ASW,CE,Federal Contract Tower,51,14,1,0,66,0,0,0,0,0,51,14,1,0,66,0,0,0,66
09/02/2019,XNA,AR,ASW,CE,Federal Contract Tower,63,14,1,0,78,0,0,4,0,4,63,14,5,0,82,0,0,0,82
09/03/2019,XNA,AR,ASW,CE,Federal Contract Tower,85,19,7,21,132,0,4,3,15,22,85,23,10,36,154,0,38,38,192
09/04/2019,XNA,AR,ASW,CE,Federal Contract Tower,85,24,14,45,168,0,0,1,1,2,85,24,15,46,170,2,16,18,188
09/05/2019,XNA,AR,ASW,CE,Federal Contract Tower,92,28,15,6,141,0,0,6,2,8,92,28,21,8,149,0,0,0,149
09/06/2019,XNA,AR,ASW,CE,Federal Contract Tower,98,18,13,53,182,0,0,9,4,13,98,18,22,57,195,0,38,38,233
09/07/2019,XNA,AR,ASW,CE,Federal Contract Tower,46,14,7,13,80,0,0,0,2,2,46,14,7,15,82,0,0,0,82
09/08/2019,XNA,AR,ASW,CE,Federal Contract Tower,77,18,2,17,114,0,0,1,3,4,77,18,3,20,118,0,10,10,128
09/09/2019,XNA,AR,ASW,CE,Federal Contract Tower,88,23,5,12,128,0,0,11,0,11,88,23,16,12,139,6,36,42,181
09/10/2019,XNA,AR,ASW,CE,Federal Contract Tower,85,15,16,21,137,0,0,4,6,10,85,15,20,27,147,0,24,24,171
09/11/2019,XNA,AR,ASW,CE,Federal Contract Tower,84,24,10,34,152,0,0,8,1,9,84,24,18,35,161,0,9,9,170
09/12/2019,XNA,AR,ASW,CE,Federal Contract Tower,88,22,14,16,140,0,0,3,2,5,88,22,17,18,145,0,14,14,159
09/13/2019,XNA,AR,ASW,CE,Federal Contract Tower,87,18,12,6,123,0,0,1,12,13,87,18,13,18,136,0,0,0,136
09/14/2019,XNA,AR,ASW,CE,Federal Contract Tower,42,12,5,10,69,0,0,7,2,9,42,12,12,12,78,0,14,14,92
09/15/2019,XNA,AR,ASW,CE,Federal Contract Tower,78,20,3,37,138,0,1,11,10,22,78,21,14,47,160,0,4,4,164
09/16/2019,XNA,AR,ASW,CE,Federal Contract Tower,85,60,10,30,185,0,0,4,0,4,85,60,14,30,189,0,2,2,191
09/17/2019,XNA,AR,ASW,CE,Federal Contract Tower,90,22,15,29,156,0,0,5,3,8,90,22,20,32,164,0,6,6,170
09/18/2019,XNA,AR,ASW,CE,Federal Contract Tower,83,24,15,44,166,0,4,5,4,13,83,28,20,48,179,0,28,28,207
09/19/2019,XNA,AR,ASW,CE,Federal Contract Tower,92,21,6,5,124,0,0,8,1,9,92,21,14,6,133,0,4,4,137
09/20/2019,XNA,AR,ASW,CE,Federal Contract Tower,86,18,10,2,116,0,0,0,0,0,86,18,10,2,116,0,0,0,116
09/21/2019,XNA,AR,ASW,CE,Federal Contract Tower,49,16,11,7,83,0,0,1,2,3,49,16,12,9,86,0,10,10,96
09/22/2019,XNA,AR,ASW,CE,Federal Contract Tower,80,26,11,0,117,0,0,2,0,2,80,26,13,0,119,0,0,0,119
09/23/2019,XNA,AR,ASW,CE,Federal Contract Tower,85,16,7,4,112,0,0,0,0,0,85,16,7,4,112,0,0,0,112
09/24/2019,XNA,AR,ASW,CE,Federal Contract Tower,83,27,20,2,132,0,1,0,0,1,83,28,20,2,133,0,0,0,133
09/25/2019,XNA,AR,ASW,CE,Federal Contract Tower,82,22,11,0,115,0,1,3,0,4,82,23,14,0,119,0,0,0,119
09/26/2019,XNA,AR,ASW,CE,Federal Contract Tower,94,22,16,5,137,0,0,2,0,2,94,22,18,5,139,0,0,0,139
09/27/2019,XNA,AR,ASW,CE,Federal Contract Tower,78,22,10,21,131,0,0,2,12,14,78,22,12,33,145,0,0,0,145
09/28/2019,XNA,AR,ASW,CE,Federal Contract Tower,39,17,6,0,62,0,0,3,0,3,39,17,9,0,65,0,0,0,65
09/29/2019,XNA,AR,ASW,CE,Federal Contract Tower,78,18,8,0,104,0,0,3,0,3,78,18,11,0,107,0,0,0,107
09/30/2019,XNA,AR,ASW,CE,Federal Contract Tower,84,13,7,35,139,0,2,0,3,5,84,15,7,38,144,0,24,24,168
10/01/2019,XNA,AR,ASW,CE,Federal Contract Tower,87,17,9,26,139,0,0,4,0,4,87,17,13,26,143,0,8,8,151
10/02/2019,XNA,AR,ASW,CE,Federal Contract Tower,79,20,15,32,146,0,0,4,8,12,79,20,19,40,158,0,66,66,224
10/03/2019,XNA,AR,ASW,CE,Federal Contract Tower,94,24,21,28,167,0,0,0,0,0,94,24,21,28,167,0,94,94,261
10/04/2019,XNA,AR,ASW,CE,Federal Contract Tower,87,25,14,27,153,0,0,2,0,2,87,25,16,27,155,0,92,92,247
10/05/2019,XNA,AR,ASW,CE,Federal Contract Tower,51,12,7,14,84,0,4,1,0,5,51,16,8,14,89,0,0,0,89
10/06/2019,XNA,AR,ASW,CE,Federal Contract Tower,87,9,6,2,104,0,1,0,0,1,87,10,6,2,105,0,0,0,105
10/07/2019,XNA,AR,ASW,CE,Federal Contract Tower,82,12,20,10,124,0,0,10,0,10,82,12,30,10,134,0,0,0,134
10/08/2019,XNA,AR,ASW,CE,Federal Contract Tower,88,12,21,20,141,0,0,4,0,4,88,12,25,20,145,0,12,12,157
10/09/2019,XNA,AR,ASW,CE,Federal Contract Tower,85,10,6,19,120,0,0,7,1,8,85,10,13,20,128,0,38,38,166
10/10/2019,XNA,AR,ASW,CE,Federal Contract Tower,94,9,19,3,125,0,1,0,0,1,94,10,19,3,126,0,0,0,126
10/11/2019,XNA,AR,ASW,CE,Federal Contract Tower,90,10,15,8,123,0,1,4,0,5,90,11,19,8,128,0,6,6,134
10/12/2019,XNA,AR,ASW,CE,Federal Contract Tower,57,19,6,0,82,0,0,2,4,6,57,19,8,4,88,0,0,0,88
10/13/2019,XNA,AR,ASW,CE,Federal Contract Tower,82,16,9,3,110,0,0,5,0,5,82,16,14,3,115,0,0,0,115
10/14/2019,XNA,AR,ASW,CE,Federal Contract Tower,88,12,9,0,109,0,0,3,0,3,88,12,12,0,112,0,0,0,112
10/15/2019,XNA,AR,ASW,CE,Federal Contract Tower,90,18,12,12,132,0,0,2,0,2,90,18,14,12,134,0,0,0,134
10/16/2019,XNA,AR,ASW,CE,Federal Contract Tower,83,20,8,7,118,0,2,4,1,7,83,22,12,8,125,4,0,4,129
10/17/2019,XNA,AR,ASW,CE,Federal Contract Tower,101,17,15,7,140,0,0,8,2,10,101,17,23,9,150,0,20,20,170
10/18/2019,XNA,AR,ASW,CE,Federal Contract Tower,93,24,16,15,148,0,0,2,5,7,93,24,18,20,155,6,18,24,179
10/19/2019,XNA,AR,ASW,CE,Federal Contract Tower,56,18,8,8,90,0,2,2,0,4,56,20,10,8,94,0,8,8,102
10/20/2019,XNA,AR,ASW,CE,Federal Contract Tower,86,18,15,0,119,0,3,2,0,5,86,21,17,0,124,0,0,0,124
10/21/2019,XNA,AR,ASW,CE,Federal Contract Tower,81,16,14,29,140,0,1,1,0,2,81,17,15,29,142,0,8,8,150
10/22/2019,XNA,AR,ASW,CE,Federal Contract Tower,93,17,18,7,135,0,6,5,3,14,93,23,23,10,149,0,0,0,149
10/23/2019,XNA,AR,ASW,CE,Federal Contract Tower,93,16,33,39,181,0,2,0,2,4,93,18,33,41,185,0,12,12,197
10/24/2019,XNA,AR,ASW,CE,Federal Contract Tower,91,20,15,1,127,0,0,0,0,0,91,20,15,1,127,0,0,0,127
10/25/2019,XNA,AR,ASW,CE,Federal Contract Tower,86,15,14,0,115,1,0,0,0,1,87,15,14,0,116,0,0,0,116
10/26/2019,XNA,AR,ASW,CE,Federal Contract Tower,52,18,2,0,72,0,0,0,0,0,52,18,2,0,72,0,0,0,72
10/27/2019,XNA,AR,ASW,CE,Federal Contract Tower,85,14,10,1,110,0,0,2,0,2,85,14,12,1,112,0,0,0,112
10/28/2019,XNA,AR,ASW,CE,Federal Contract Tower,88,10,10,25,133,0,0,0,0,0,88,10,10,25,133,0,0,0,133
10/29/2019,XNA,AR,ASW,CE,Federal Contract Tower,88,7,13,0,108,0,0,0,0,0,88,7,13,0,108,0,0,0,108
10/30/2019,XNA,AR,ASW,CE,Federal Contract Tower,85,21,19,6,131,0,1,0,0,1,85,22,19,6,132,0,0,0,132
10/31/2019,XNA,AR,ASW,CE,Federal Contract Tower,73,7,13,32,125,0,1,0,0,1,73,8,13,32,126,0,14,14,140
11/01/2019,XNA,AR,ASW,CE,Federal Contract Tower,82,11,11,29,133,0,0,2,1,3,82,11,13,30,136,0,0,0,136
11/02/2019,XNA,AR,ASW,CE,Federal Contract Tower,64,5,5,2,76,0,2,0,0,2,64,7,5,2,78,0,0,0,78
11/03/2019,XNA,AR,ASW,CE,Federal Contract Tower,93,9,9,4,115,0,2,3,1,6,93,11,12,5,121,0,0,0,121
11/04/2019,XNA,AR,ASW,CE,Federal Contract Tower,95,10,15,28,148,0,1,2,4,7,95,11,17,32,155,0,0,0,155
11/05/2019,XNA,AR,ASW,CE,Federal Contract Tower,102,8,11,8,129,0,2,12,1,15,102,10,23,9,144,0,8,8,152
11/06/2019,XNA,AR,ASW,CE,Federal Contract Tower,92,13,10,2,117,0,0,1,0,1,92,13,11,2,118,0,0,0,118
11/07/2019,XNA,AR,ASW,CE,Federal Contract Tower,97,15,15,12,139,0,1,2,0,3,97,16,17,12,142,0,12,12,154
11/08/2019,XNA,AR,ASW,CE,Federal Contract Tower,100,15,10,36,161,0,0,5,1,6,100,15,15,37,167,0,44,44,211
11/09/2019,XNA,AR,ASW,CE,Federal Contract Tower,57,6,2,6,71,0,0,7,0,7,57,6,9,6,78,0,0,0,78
11/10/2019,XNA,AR,ASW,CE,Federal Contract Tower,90,8,10,3,111,0,1,12,3,16,90,9,22,6,127,0,0,0,127
11/11/2019,XNA,AR,ASW,CE,Federal Contract Tower,79,12,15,0,106,0,0,1,0,1,79,12,16,0,107,0,0,0,107
11/12/2019,XNA,AR,ASW,CE,Federal Contract Tower,87,9,29,10,135,0,0,12,6,18,87,9,41,16,153,4,0,4,157
11/13/2019,XNA,AR,ASW,CE,Federal Contract Tower,96,14,16,12,138,0,0,0,1,1,96,14,16,13,139,0,10,10,149
11/14/2019,XNA,AR,ASW,CE,Federal Contract Tower,103,15,10,23,151,0,0,6,7,13,103,15,16,30,164,0,36,36,200
11/15/2019,XNA,AR,ASW,CE,Federal Contract Tower,99,15,2,36,152,0,0,1,0,1,99,15,3,36,153,0,52,52,205
11/16/2019,XNA,AR,ASW,CE,Federal Contract Tower,65,4,3,3,75,0,0,3,0,3,65,4,6,3,78,0,6,6,84
11/17/2019,XNA,AR,ASW,CE,Federal Contract Tower,89,9,5,18,121,0,0,1,2,3,89,9,6,20,124,0,18,18,142
11/18/2019,XNA,AR,ASW,CE,Federal Contract Tower,91,12,3,29,135,0,0,5,0,5,91,12,8,29,140,1,0,1,141
11/19/2019,XNA,AR,ASW,CE,Federal Contract Tower,86,7,10,1,104,0,0,4,5,9,86,7,14,6,113,0,2,2,115
11/20/2019,XNA,AR,ASW,CE,Federal Contract Tower,96,15,6,46,163,0,1,4,4,9,96,16,10,50,172,0,72,72,244
11/21/2019,XNA,AR,ASW,CE,Federal Contract Tower,99,9,22,0,130,0,0,0,0,0,99,9,22,0,130,0,0,0,130
11/22/2019,XNA,AR,ASW,CE,Federal Contract Tower,97,18,16,0,131,0,0,0,0,0,97,18,16,0,131,0,0,0,131
11/23/2019,XNA,AR,ASW,CE,Federal Contract Tower,66,9,0,6,81,0,0,2,0,2,66,9,2,6,83,0,0,0,83
11/24/2019,XNA,AR,ASW,CE,Federal Contract Tower,78,13,8,0,99,0,0,2,0,2,78,13,10,0,101,0,0,0,101
11/25/2019,XNA,AR,ASW,CE,Federal Contract Tower,75,17,8,8,108,0,0,12,0,12,75,17,20,8,120,0,0,0,120
11/26/2019,XNA,AR,ASW,CE,Federal Contract Tower,80,11,12,4,107,0,0,0,0,0,80,11,12,4,107,0,0,0,107
11/27/2019,XNA,AR,ASW,CE,Federal Contract Tower,98,8,7,16,129,0,1,5,0,6,98,9,12,16,135,0,0,0,135
11/28/2019,XNA,AR,ASW,CE,Federal Contract Tower,40,7,3,0,50,0,0,0,0,0,40,7,3,0,50,0,0,0,50
11/29/2019,XNA,AR,ASW,CE,Federal Contract Tower,50,4,2,0,56,0,0,0,0,0,50,4,2,0,56,0,0,0,56
11/30/2019,XNA,AR,ASW,CE,Federal Contract Tower,70,14,2,0,86,0,0,2,0,2,70,14,4,0,88,0,0,0,88
12/01/2019,XNA,AR,ASW,CE,Federal Contract Tower,87,13,3,0,103,0,0,3,0,3,87,13,6,0,106,0,0,0,106
12/02/2019,XNA,AR,ASW,CE,Federal Contract Tower,87,12,6,30,135,0,0,9,0,9,87,12,15,30,144,0,10,10,154
12/03/2019,XNA,AR,ASW,CE,Federal Contract Tower,93,7,13,14,127,0,0,2,2,4,93,7,15,16,131,0,36,36,167
12/04/2019,XNA,AR,ASW,CE,Federal Contract Tower,90,19,10,11,130,0,2,4,0,6,90,21,14,11,136,0,0,0,136
12/05/2019,XNA,AR,ASW,CE,Federal Contract Tower,107,5,15,1,128,0,3,3,2,8,107,8,18,3,136,0,0,0,136
12/06/2019,XNA,AR,ASW,CE,Federal Contract Tower,101,6,20,0,127,0,0,8,2,10,101,6,28,2,137,0,0,0,137
12/07/2019,XNA,AR,ASW,CE,Federal Contract Tower,61,9,3,16,89,0,1,4,0,5,61,10,7,16,94,0,12,12,106
12/08/2019,XNA,AR,ASW,CE,Federal Contract Tower,87,9,1,10,107,0,0,0,1,1,87,9,1,11,108,0,8,8,116
12/09/2019,XNA,AR,ASW,CE,Federal Contract Tower,95,9,10,9,123,0,1,5,0,6,95,10,15,9,129,0,0,0,129
12/10/2019,XNA,AR,ASW,CE,Federal Contract Tower,94,9,13,10,126,0,0,3,1,4,94,9,16,11,130,0,6,6,136
12/11/2019,XNA,AR,ASW,CE,Federal Contract Tower,89,11,12,13,125,0,0,2,0,2,89,11,14,13,127,0,0,0,127
12/12/2019,XNA,AR,ASW,CE,Federal Contract Tower,114,7,10,19,150,0,1,2,0,3,114,8,12,19,153,0,16,16,169
12/13/2019,XNA,AR,ASW,CE,Federal Contract Tower,98,6,9,23,136,0,5,3,0,8,98,11,12,23,144,2,10,12,156
12/14/2019,XNA,AR,ASW,CE,Federal Contract Tower,58,4,2,16,80,0,0,0,0,0,58,4,2,16,80,0,0,0,80
12/15/2019,XNA,AR,ASW,CE,Federal Contract Tower,89,6,1,0,96,0,0,1,0,1,89,6,2,0,97,0,0,0,97
12/16/2019,XNA,AR,ASW,CE,Federal Contract Tower,103,6,4,0,113,0,0,0,0,0,103,6,4,0,113,0,0,0,113
12/17/2019,XNA,AR,ASW,CE,Federal Contract Tower,88,8,9,8,113,0,0,0,0,0,88,8,9,8,113,0,0,0,113
12/18/2019,XNA,AR,ASW,CE,Federal Contract Tower,86,12,14,14,126,0,1,3,0,4,86,13,17,14,130,0,28,28,158
12/19/2019,XNA,AR,ASW,CE,Federal Contract Tower,86,16,17,17,136,0,0,5,2,7,86,16,22,19,143,0,24,24,167
12/20/2019,XNA,AR,ASW,CE,Federal Contract Tower,80,16,10,8,114,0,0,8,2,10,80,16,18,10,124,0,6,6,130
12/21/2019,XNA,AR,ASW,CE,Federal Contract Tower,54,16,5,3,78,0,0,7,0,7,54,16,12,3,85,0,0,0,85
12/22/2019,XNA,AR,ASW,CE,Federal Contract Tower,64,22,4,0,90,0,1,6,0,7,64,23,10,0,97,4,0,4,101
12/23/2019,XNA,AR,ASW,CE,Federal Contract Tower,67,12,2,2,83,0,2,1,0,3,67,14,3,2,86,0,0,0,86
12/24/2019,XNA,AR,ASW,CE,Federal Contract Tower,57,4,2,0,63,0,0,6,0,6,57,4,8,0,69,0,0,0,69
12/25/2019,XNA,AR,ASW,CE,Federal Contract Tower,45,6,0,0,51,0,0,2,0,2,45,6,2,0,53,0,0,0,53
12/26/2019,XNA,AR,ASW,CE,Federal Contract Tower,73,8,3,0,84,0,0,3,0,3,73,8,6,0,87,0,0,0,87
12/27/2019,XNA,AR,ASW,CE,Federal Contract Tower,69,17,7,9,102,0,2,1,0,3,69,19,8,9,105,0,16,16,121
12/29/2019,XNA,AR,ASW,CE,Federal Contract Tower,65,17,5,1,88,0,0,0,0,0,65,17,5,1,88,0,0,0,88
12/30/2019,XNA,AR,ASW,CE,Federal Contract Tower,58,18,3,2,81,0,0,8,0,8,58,18,11,2,89,0,0,0,89
12/31/2019,XNA,AR,ASW,CE,Federal Contract Tower,57,8,1,0,66,0,0,3,0,3,57,8,4,0,69,0,0,0,69
01/01/2020,XNA,AR,ASW,CE,Federal Contract Tower,54,10,0,0,64,0,0,0,0,0,54,10,0,0,64,0,0,0,64
01/02/2020,XNA,AR,ASW,CE,Federal Contract Tower,71,23,9,0,103,0,0,0,0,0,71,23,9,0,103,0,0,0,103
01/03/2020,XNA,AR,ASW,CE,Federal Contract Tower,62,17,8,3,90,0,0,0,0,0,62,17,8,3,90,0,0,0,90
01/04/2020,XNA,AR,ASW,CE,Federal Contract Tower,52,13,10,2,77,0,0,2,0,2,52,13,12,2,79,0,0,0,79
01/05/2020,XNA,AR,ASW,CE,Federal Contract Tower,66,19,3,7,95,0,0,4,0,4,66,19,7,7,99,0,0,0,99
01/06/2020,XNA,AR,ASW,CE,Federal Contract Tower,87,14,5,1,107,0,0,6,0,6,87,14,11,1,113,12,0,12,125
01/07/2020,XNA,AR,ASW,CE,Federal Contract Tower,85,10,4,28,127,0,1,2,8,11,85,11,6,36,138,0,0,0,138
01/08/2020,XNA,AR,ASW,CE,Federal Contract Tower,82,17,13,38,150,0,0,3,4,7,82,17,16,42,157,0,58,58,215
01/09/2020,XNA,AR,ASW,CE,Federal Contract Tower,104,16,6,4,130,0,1,0,0,1,104,17,6,4,131,0,0,0,131
01/10/2020,XNA,AR,ASW,CE,Federal Contract Tower,90,13,5,0,108,0,0,0,0,0,90,13,5,0,108,0,0,0,108
01/11/2020,XNA,AR,ASW,CE,Federal Contract Tower,42,8,6,0,56,0,0,0,0,0,42,8,6,0,56,0,0,0,56
01/12/2020,XNA,AR,ASW,CE,Federal Contract Tower,88,9,8,5,110,0,0,1,0,1,88,9,9,5,111,0,0,0,111
01/13/2020,XNA,AR,ASW,CE,Federal Contract Tower,88,11,13,30,142,0,2,4,0,6,88,13,17,30,148,0,38,38,186
01/14/2020,XNA,AR,ASW,CE,Federal Contract Tower,86,7,15,10,118,0,0,0,0,0,86,7,15,10,118,0,4,4,122
01/15/2020,XNA,AR,ASW,CE,Federal Contract Tower,81,11,17,14,123,0,0,0,0,0,81,11,17,14,123,0,4,4,127
01/16/2020,XNA,AR,ASW,CE,Federal Contract Tower,102,13,11,12,138,0,0,3,2,5,102,13,14,14,143,10,0,10,153
01/17/2020,XNA,AR,ASW,CE,Federal Contract Tower,91,10,5,1,107,0,0,0,0,0,91,10,5,1,107,0,0,0,107
01/18/2020,XNA,AR,ASW,CE,Federal Contract Tower,48,13,3,3,67,0,0,1,1,2,48,13,4,4,69,0,0,0,69
01/19/2020,XNA,AR,ASW,CE,Federal Contract Tower,73,11,8,0,92,0,0,0,0,0,73,11,8,0,92,0,0,0,92
01/20/2020,XNA,AR,ASW,CE,Federal Contract Tower,89,11,12,0,112,0,0,5,0,5,89,11,17,0,117,0,0,0,117
01/21/2020,XNA,AR,ASW,CE,Federal Contract Tower,84,11,21,14,130,0,1,3,0,4,84,12,24,14,134,0,8,8,142
01/22/2020,XNA,AR,ASW,CE,Federal Contract Tower,89,14,19,0,122,0,0,0,0,0,89,14,19,0,122,0,0,0,122
01/23/2020,XNA,AR,ASW,CE,Federal Contract Tower,101,19,16,1,137,0,0,0,0,0,101,19,16,1,137,0,0,0,137
01/24/2020,XNA,AR,ASW,CE,Federal Contract Tower,93,12,7,4,116,0,0,1,1,2,93,12,8,5,118,0,2,2,120
01/25/2020,XNA,AR,ASW,CE,Federal Contract Tower,54,6,9,5,74,0,3,4,0,7,54,9,13,5,81,0,0,0,81
01/26/2020,XNA,AR,ASW,CE,Federal Contract Tower,89,7,4,2,102,0,0,2,4,6,89,7,6,6,108,0,0,0,108
01/27/2020,XNA,AR,ASW,CE,Federal Contract Tower,90,10,15,19,134,0,0,0,0,0,90,10,15,19,134,0,0,0,134
01/28/2020,XNA,AR,ASW,CE,Federal Contract Tower,86,12,18,2,118,0,1,0,0,1,86,13,18,2,119,0,0,0,119
01/29/2020,XNA,AR,ASW,CE,Federal Contract Tower,81,11,17,1,110,0,0,0,0,0,81,11,17,1,110,0,0,0,110
01/30/2020,XNA,AR,ASW,CE,Federal Contract Tower,107,10,24,2,143,0,0,0,0,0,107,10,24,2,143,0,0,0,143
01/31/2020,XNA,AR,ASW,CE,Federal Contract Tower,98,8,7,18,131,0,1,0,0,1,98,9,7,18,132,0,12,12,144
02/01/2020,XNA,AR,ASW,ES,Federal Contract Tower,59,3,10,0,72,0,0,4,0,4,59,3,14,0,76,0,0,0,76
02/02/2020,XNA,AR,ASW,ES,Federal Contract Tower,79,6,4,10,99,0,0,0,0,0,79,6,4,10,99,0,2,2,101
02/03/2020,XNA,AR,ASW,ES,Federal Contract Tower,86,17,8,6,117,0,0,0,0,0,86,17,8,6,117,0,6,6,123
02/04/2020,XNA,AR,ASW,ES,Federal Contract Tower,89,17,17,0,123,0,0,0,0,0,89,17,17,0,123,0,0,0,123
02/05/2020,XNA,AR,ASW,ES,Federal Contract Tower,86,8,6,0,100,0,0,0,0,0,86,8,6,0,100,0,0,0,100
02/06/2020,XNA,AR,ASW,ES,Federal Contract Tower,92,14,10,1,117,0,1,0,0,1,92,15,10,1,118,0,2,2,120
02/07/2020,XNA,AR,ASW,ES,Federal Contract Tower,90,6,8,9,113,0,0,4,0,4,90,6,12,9,117,0,0,0,117
02/08/2020,XNA,AR,ASW,ES,Federal Contract Tower,58,7,2,0,67,0,4,0,0,4,58,11,2,0,71,0,0,0,71
02/09/2020,XNA,AR,ASW,ES,Federal Contract Tower,84,5,2,0,91,0,0,0,0,0,84,5,2,0,91,0,0,0,91
02/10/2020,XNA,AR,ASW,ES,Federal Contract Tower,86,9,11,0,106,0,0,0,0,0,86,9,11,0,106,0,0,0,106
02/11/2020,XNA,AR,ASW,ES,Federal Contract Tower,88,12,16,15,131,0,2,3,0,5,88,14,19,15,136,0,10,10,146
02/12/2020,XNA,AR,ASW,ES,Federal Contract Tower,80,13,8,1,102,0,0,0,0,0,80,13,8,1,102,0,0,0,102
02/13/2020,XNA,AR,ASW,ES,Federal Contract Tower,93,12,16,30,151,0,2,5,1,8,93,14,21,31,159,0,0,0,159
02/14/2020,XNA,AR,ASW,ES,Federal Contract Tower,91,14,4,11,120,0,0,2,0,2,91,14,6,11,122,8,4,12,134
02/15/2020,XNA,AR,ASW,ES,Federal Contract Tower,60,5,2,3,70,0,0,0,3,3,60,5,2,6,73,0,10,10,83
02/16/2020,XNA,AR,ASW,ES,Federal Contract Tower,71,10,2,0,83,0,0,2,0,2,71,10,4,0,85,0,0,0,85
02/17/2020,XNA,AR,ASW,ES,Federal Contract Tower,79,17,3,3,102,0,0,0,3,3,79,17,3,6,105,0,0,0,105
02/18/2020,XNA,AR,ASW,ES,Federal Contract Tower,93,15,16,12,136,0,0,3,0,3,93,15,19,12,139,0,0,0,139
02/19/2020,XNA,AR,ASW,ES,Federal Contract Tower,91,12,13,23,139,0,2,4,3,9,91,14,17,26,148,0,6,6,154
02/20/2020,XNA,AR,ASW,ES,Federal Contract Tower,96,19,13,26,154,0,0,0,4,4,96,19,13,30,158,0,30,30,188
02/21/2020,XNA,AR,ASW,ES,Federal Contract Tower,87,17,12,15,131,0,0,9,6,15,87,17,21,21,146,0,6,6,152
02/22/2020,XNA,AR,ASW,ES,Federal Contract Tower,54,8,6,20,88,0,0,2,1,3,54,8,8,21,91,0,0,0,91
02/23/2020,XNA,AR,ASW,ES,Federal Contract Tower,84,24,5,15,128,0,1,1,0,2,84,25,6,15,130,0,20,20,150
02/24/2020,XNA,AR,ASW,ES,Federal Contract Tower,89,15,8,14,126,0,1,0,0,1,89,16,8,14,127,0,0,0,127
02/25/2020,XNA,AR,ASW,ES,Federal Contract Tower,93,18,18,4,133,0,3,0,0,3,93,21,18,4,136,0,0,0,136
02/26/2020,XNA,AR,ASW,ES,Federal Contract Tower,88,21,17,8,134,0,1,1,1,3,88,22,18,9,137,0,0,0,137
02/27/2020,XNA,AR,ASW,ES,Federal Contract Tower,104,28,17,8,157,0,0,3,2,5,104,28,20,10,162,0,0,0,162
02/28/2020,XNA,AR,ASW,ES,Federal Contract Tower,88,16,9,45,158,0,2,3,0,5,88,18,12,45,163,0,10,10,173
02/29/2020,XNA,AR,ASW,ES,Federal Contract Tower,53,7,1,1,62,0,0,3,1,4,53,7,4,2,66,0,4,4,70
03/01/2020,XNA,AR,ASW,ES,Federal Contract Tower,88,16,8,2,114,0,1,0,0,1,88,17,8,2,115,0,0,0,115
03/02/2020,XNA,AR,ASW,ES,Federal Contract Tower,87,24,7,22,140,0,1,0,0,1,87,25,7,22,141,0,0,0,141
03/03/2020,XNA,AR,ASW,ES,Federal Contract Tower,87,21,17,48,173,0,4,7,0,11,87,25,24,48,184,0,4,4,188
03/04/2020,XNA,AR,ASW,ES,Federal Contract Tower,87,12,5,2,106,0,0,2,2,4,87,12,7,4,110,0,0,0,110
03/05/2020,XNA,AR,ASW,ES,Federal Contract Tower,101,11,10,9,131,0,0,3,4,7,101,11,13,13,138,0,4,4,142
03/06/2020,XNA,AR,ASW,ES,Federal Contract Tower,92,15,8,42,157,0,0,6,2,8,92,15,14,44,165,0,40,40,205
03/07/2020,XNA,AR,ASW,ES,Federal Contract Tower,50,12,1,5,68,0,0,3,2,5,50,12,4,7,73,0,4,4,77
03/08/2020,XNA,AR,ASW,ES,Federal Contract Tower,83,17,12,36,148,0,2,6,0,8,83,19,18,36,156,0,6,6,162
03/09/2020,XNA,AR,ASW,ES,Federal Contract Tower,93,13,14,10,130,0,2,1,0,3,93,15,15,10,133,0,0,0,133
03/10/2020,XNA,AR,ASW,ES,Federal Contract Tower,93,15,8,35,151,0,1,1,0,2,93,16,9,35,153,0,6,6,159
03/11/2020,XNA,AR,ASW,ES,Federal Contract Tower,82,20,7,19,128,0,1,0,2,3,82,21,7,21,131,0,8,8,139
03/12/2020,XNA,AR,ASW,ES,Federal Contract Tower,88,18,11,3,120,0,0,1,2,3,88,18,12,5,123,0,0,0,123
03/13/2020,XNA,AR,ASW,ES,Federal Contract Tower,79,24,5,26,134,0,1,0,0,1,79,25,5,26,135,0,4,4,139
03/14/2020,XNA,AR,ASW,ES,Federal Contract Tower,50,11,1,0,62,0,0,0,0,0,50,11,1,0,62,0,0,0,62
03/15/2020,XNA,AR,ASW,ES,Federal Contract Tower,94,11,13,9,127,0,0,0,0,0,94,11,13,9,127,0,0,0,127
03/16/2020,XNA,AR,ASW,ES,Federal Contract Tower,85,12,1,0,98,0,0,0,0,0,85,12,1,0,98,0,0,0,98
03/17/2020,XNA,AR,ASW,ES,Federal Contract Tower,97,14,8,4,123,0,2,0,0,2,97,16,8,4,125,0,0,0,125
03/18/2020,XNA,AR,ASW,ES,Federal Contract Tower,84,11,7,2,104,0,3,0,0,3,84,14,7,2,107,0,0,0,107
03/19/2020,XNA,AR,ASW,ES,Federal Contract Tower,87,10,5,0,102,0,1,0,0,1,87,11,5,0,103,0,0,0,103
03/20/2020,XNA,AR,ASW,ES,Federal Contract Tower,72,12,4,8,96,0,0,0,0,0,72,12,4,8,96,0,0,0,96
03/21/2020,XNA,AR,ASW,ES,Federal Contract Tower,54,12,4,22,92,0,0,2,0,2,54,12,6,22,94,4,10,14,108
03/22/2020,XNA,AR,ASW,ES,Federal Contract Tower,83,7,9,2,101,0,1,0,0,1,83,8,9,2,102,0,0,0,102
03/23/2020,XNA,AR,ASW,ES,Federal Contract Tower,59,9,5,0,73,0,0,1,0,1,59,9,6,0,74,0,0,0,74
03/24/2020,XNA,AR,ASW,ES,Federal Contract Tower,59,6,3,0,68,0,3,1,0,4,59,9,4,0,72,0,0,0,72
03/25/2020,XNA,AR,ASW,ES,Federal Contract Tower,51,6,0,12,69,0,0,1,0,1,51,6,1,12,70,14,0,14,84
03/26/2020,XNA,AR,ASW,ES,Federal Contract Tower,46,7,1,7,61,0,0,4,0,4,46,7,5,7,65,0,0,0,65
03/27/2020,XNA,AR,ASW,ES,Federal Contract Tower,42,6,2,0,50,0,0,2,0,2,42,6,4,0,52,0,0,0,52
03/28/2020,XNA,AR,ASW,ES,Federal Contract Tower,28,2,0,0,30,0,2,0,0,2,28,4,0,0,32,0,0,0,32
03/29/2020,XNA,AR,ASW,ES,Federal Contract Tower,50,4,2,2,58,0,0,0,0,0,50,4,2,2,58,0,0,0,58
03/30/2020,XNA,AR,ASW,ES,Federal Contract Tower,48,3,2,4,57,0,1,1,0,2,48,4,3,4,59,0,0,0,59
03/31/2020,XNA,AR,ASW,ES,Federal Contract Tower,41,6,6,2,55,0,0,0,0,0,41,6,6,2,55,0,0,0,55
04/01/2020,XNA,AR,ASW,ES,Federal Contract Tower,39,5,2,10,56,0,0,5,0,5,39,5,7,10,61,0,0,0,61
04/02/2020,XNA,AR,ASW,ES,Federal Contract Tower,40,0,6,0,46,0,0,1,0,1,40,0,7,0,47,0,0,0,47
04/03/2020,XNA,AR,ASW,ES,Federal Contract Tower,46,3,1,1,51,0,0,0,0,0,46,3,1,1,51,0,0,0,51
04/04/2020,XNA,AR,ASW,ES,Federal Contract Tower,29,0,10,0,39,0,0,0,0,0,29,0,10,0,39,0,0,0,39
04/05/2020,XNA,AR,ASW,ES,Federal Contract Tower,38,1,3,0,42,0,1,0,0,1,38,2,3,0,43,0,0,0,43
04/06/2020,XNA,AR,ASW,ES,Federal Contract Tower,35,2,4,7,48,0,0,0,0,0,35,2,4,7,48,0,0,0,48
04/07/2020,XNA,AR,ASW,ES,Federal Contract Tower,22,2,6,7,37,0,0,6,0,6,22,2,12,7,43,22,0,22,65
04/08/2020,XNA,AR,ASW,ES,Federal Contract Tower,25,2,4,10,41,0,0,2,0,2,25,2,6,10,43,0,0,0,43
04/09/2020,XNA,AR,ASW,ES,Federal Contract Tower,24,0,6,5,35,0,0,7,0,7,24,0,13,5,42,2,0,2,44
04/10/2020,XNA,AR,ASW,ES,Federal Contract Tower,27,0,10,45,82,0,0,3,6,9,27,0,13,51,91,4,4,8,99
04/11/2020,XNA,AR,ASW,ES,Federal Contract Tower,25,0,2,14,41,0,1,0,0,1,25,1,2,14,42,0,4,4,46
04/12/2020,XNA,AR,ASW,ES,Federal Contract Tower,24,0,4,0,28,0,0,0,0,0,24,0,4,0,28,0,0,0,28
04/13/2020,XNA,AR,ASW,ES,Federal Contract Tower,24,0,2,14,40,0,0,2,0,2,24,0,4,14,42,0,10,10,52
04/14/2020,XNA,AR,ASW,ES,Federal Contract Tower,25,2,5,0,32,0,0,4,0,4,25,2,9,0,36,0,0,0,36
04/15/2020,XNA,AR,ASW,ES,Federal Contract Tower,26,0,2,10,38,0,0,2,0,2,26,0,4,10,40,0,0,0,40
04/16/2020,XNA,AR,ASW,ES,Federal Contract Tower,15,0,10,28,53,0,0,15,0,15,15,0,25,28,68,0,14,14,82
04/17/2020,XNA,AR,ASW,ES,Federal Contract Tower,17,0,7,14,38,0,0,0,0,0,17,0,7,14,38,0,10,10,48
04/18/2020,XNA,AR,ASW,ES,Federal Contract Tower,14,0,1,20,35,0,0,0,0,0,14,0,1,20,35,16,30,46,81
04/19/2020,XNA,AR,ASW,ES,Federal Contract Tower,22,2,2,0,26,0,2,0,0,2,22,4,2,0,28,0,0,0,28
04/20/2020,XNA,AR,ASW,ES,Federal Contract Tower,21,0,7,2,30,0,1,3,0,4,21,1,10,2,34,0,0,0,34
04/21/2020,XNA,AR,ASW,ES,Federal Contract Tower,25,3,4,35,67,0,1,0,0,1,25,4,4,35,68,0,46,46,114
04/22/2020,XNA,AR,ASW,ES,Federal Contract Tower,15,0,0,0,15,0,1,0,0,1,15,1,0,0,16,0,0,0,16
04/23/2020,XNA,AR,ASW,ES,Federal Contract Tower,15,0,8,2,25,0,0,0,0,0,15,0,8,2,25,0,0,0,25
04/24/2020,XNA,AR,ASW,ES,Federal Contract Tower,16,0,3,0,19,0,1,0,0,1,16,1,3,0,20,0,0,0,20
04/25/2020,XNA,AR,ASW,ES,Federal Contract Tower,14,1,2,30,47,0,2,0,1,3,14,3,2,31,50,0,32,32,82
04/26/2020,XNA,AR,ASW,ES,Federal Contract Tower,12,0,15,0,27,0,0,4,0,4,12,0,19,0,31,0,0,0,31
04/27/2020,XNA,AR,ASW,ES,Federal Contract Tower,20,1,10,0,31,0,4,4,0,8,20,5,14,0,39,0,0,0,39
04/28/2020,XNA,AR,ASW,ES,Federal Contract Tower,18,0,6,0,24,0,1,0,0,1,18,1,6,0,25,0,0,0,25
04/29/2020,XNA,AR,ASW,ES,Federal Contract Tower,17,0,6,6,29,0,0,0,0,0,17,0,6,6,29,0,0,0,29
04/30/2020,XNA,AR,ASW,ES,Federal Contract Tower,18,0,11,26,55,0,0,4,0,4,18,0,15,26,59,0,0,0,59
05/01/2020,XNA,AR,ASW,ES,Federal Contract Tower,18,0,5,10,33,0,0,1,0,1,18,0,6,10,34,0,0,0,34
05/02/2020,XNA,AR,ASW,ES,Federal Contract Tower,17,2,2,19,40,0,0,3,0,3,17,2,5,19,43,0,4,4,47
05/03/2020,XNA,AR,ASW,ES,Federal Contract Tower,16,3,6,0,25,0,0,3,0,3,16,3,9,0,28,0,0,0,28
05/04/2020,XNA,AR,ASW,ES,Federal Contract Tower,19,6,5,0,30,0,2,1,0,3,19,8,6,0,33,0,0,0,33
05/05/2020,XNA,AR,ASW,ES,Federal Contract Tower,6,7,8,26,47,0,0,2,6,8,6,7,10,32,55,0,10,10,65
05/06/2020,XNA,AR,ASW,ES,Federal Contract Tower,12,4,7,25,48,0,0,7,0,7,12,4,14,25,55,0,0,0,55
05/07/2020,XNA,AR,ASW,ES,Federal Contract Tower,17,4,9,12,42,0,0,2,0,2,17,4,11,12,44,0,0,0,44
05/08/2020,XNA,AR,ASW,ES,Federal Contract Tower,18,6,8,14,46,0,2,4,0,6,18,8,12,14,52,0,0,0,52
05/09/2020,XNA,AR,ASW,ES,Federal Contract Tower,12,4,2,18,36,0,0,11,1,12,12,4,13,19,48,0,6,6,54
05/10/2020,XNA,AR,ASW,ES,Federal Contract Tower,18,4,0,0,22,0,0,1,0,1,18,4,1,0,23,0,0,0,23
05/11/2020,XNA,AR,ASW,ES,Federal Contract Tower,18,4,4,33,59,0,0,4,8,12,18,4,8,41,71,0,24,24,95
05/12/2020,XNA,AR,ASW,ES,Federal Contract Tower,12,4,12,0,28,0,0,0,0,0,12,4,12,0,28,0,0,0,28
05/13/2020,XNA,AR,ASW,ES,Federal Contract Tower,15,6,9,16,46,0,0,0,0,0,15,6,9,16,46,0,0,0,46
05/14/2020,XNA,AR,ASW,ES,Federal Contract Tower,15,4,12,7,38,0,0,0,1,1,15,4,12,8,39,0,40,40,79
05/15/2020,XNA,AR,ASW,ES,Federal Contract Tower,18,4,8,0,30,0,0,1,0,1,18,4,9,0,31,0,0,0,31
05/16/2020,XNA,AR,ASW,ES,Federal Contract Tower,14,6,7,6,33,0,1,0,0,1,14,7,7,6,34,0,10,10,44
05/17/2020,XNA,AR,ASW,ES,Federal Contract Tower,19,5,5,21,50,0,1,0,0,1,19,6,5,21,51,0,0,0,51
05/18/2020,XNA,AR,ASW,ES,Federal Contract Tower,18,4,10,16,48,0,0,3,0,3,18,4,13,16,51,0,0,0,51
05/19/2020,XNA,AR,ASW,ES,Federal Contract Tower,12,5,8,25,50,0,0,6,0,6,12,5,14,25,56,0,30,30,86
05/20/2020,XNA,AR,ASW,ES,Federal Contract Tower,16,7,10,41,74,0,0,6,0,6,16,7,16,41,80,8,4,12,92
05/21/2020,XNA,AR,ASW,ES,Federal Contract Tower,20,8,10,0,38,0,2,2,0,4,20,10,12,0,42,2,0,2,44
05/22/2020,XNA,AR,ASW,ES,Federal Contract Tower,18,4,3,0,25,0,1,2,0,3,18,5,5,0,28,0,0,0,28
05/23/2020,XNA,AR,ASW,ES,Federal Contract Tower,16,5,7,0,28,0,0,1,0,1,16,5,8,0,29,0,0,0,29
05/24/2020,XNA,AR,ASW,ES,Federal Contract Tower,17,3,6,0,26,0,3,0,0,3,17,6,6,0,29,0,0,0,29
05/25/2020,XNA,AR,ASW,ES,Federal Contract Tower,22,5,1,0,28,0,0,0,0,0,22,5,1,0,28,0,0,0,28
05/26/2020,XNA,AR,ASW,ES,Federal Contract Tower,12,5,9,12,38,0,1,0,0,1,12,6,9,12,39,0,16,16,55
05/27/2020,XNA,AR,ASW,ES,Federal Contract Tower,16,4,8,0,28,0,3,0,0,3,16,7,8,0,31,0,0,0,31
05/28/2020,XNA,AR,ASW,ES,Federal Contract Tower,23,4,9,6,42,0,1,1,10,12,23,5,10,16,54,0,0,0,54
05/29/2020,XNA,AR,ASW,ES,Federal Contract Tower,18,6,12,30,66,0,0,0,0,0,18,6,12,30,66,8,10,18,84
05/30/2020,XNA,AR,ASW,ES,Federal Contract Tower,16,4,2,18,40,0,0,2,0,2,16,4,4,18,42,0,0,0,42
05/31/2020,XNA,AR,ASW,ES,Federal Contract Tower,20,4,4,2,30,0,0,0,0,0,20,4,4,2,30,0,0,0,30
06/01/2020,XNA,AR,ASW,ES,Federal Contract Tower,18,5,9,26,58,0,0,6,2,8,18,5,15,28,66,0,6,6,72
06/02/2020,XNA,AR,ASW,ES,Federal Contract Tower,12,5,12,34,63,0,0,0,0,0,12,5,12,34,63,0,28,28,91
06/03/2020,XNA,AR,ASW,ES,Federal Contract Tower,19,4,4,26,53,0,0,0,2,2,19,4,4,28,55,0,10,10,65
06/04/2020,XNA,AR,ASW,ES,Federal Contract Tower,26,9,12,13,60,0,2,1,23,26,26,11,13,36,86,0,0,0,86
06/05/2020,XNA,AR,ASW,ES,Federal Contract Tower,26,7,10,22,65,0,0,3,2,5,26,7,13,24,70,6,0,6,76
06/06/2020,XNA,AR,ASW,ES,Federal Contract Tower,18,8,8,4,38,0,8,8,0,16,18,16,16,4,54,20,0,20,74
06/07/2020,XNA,AR,ASW,ES,Federal Contract Tower,20,2,4,5,31,0,0,2,0,2,20,2,6,5,33,0,10,10,43
06/08/2020,XNA,AR,ASW,ES,Federal Contract Tower,22,4,6,2,34,0,1,0,0,1,22,5,6,2,35,0,0,0,35
06/09/2020,XNA,AR,ASW,ES,Federal Contract Tower,18,13,8,0,39,0,3,0,0,3,18,16,8,0,42,0,0,0,42
06/10/2020,XNA,AR,ASW,ES,Federal Contract Tower,14,9,4,11,38,0,0,8,0,8,14,9,12,11,46,0,0,0,46
06/11/2020,XNA,AR,ASW,ES,Federal Contract Tower,23,10,24,14,71,0,2,5,0,7,23,12,29,14,78,10,0,10,88
06/12/2020,XNA,AR,ASW,ES,Federal Contract Tower,21,5,4,28,58,0,0,3,2,5,21,5,7,30,63,0,0,0,63
06/13/2020,XNA,AR,ASW,ES,Federal Contract Tower,18,2,13,8,41,0,0,3,0,3,18,2,16,8,44,0,10,10,54
06/14/2020,XNA,AR,ASW,ES,Federal Contract Tower,17,9,2,0,28,0,0,1,0,1,17,9,3,0,29,0,0,0,29
06/15/2020,XNA,AR,ASW,ES,Federal Contract Tower,20,8,7,21,56,0,0,2,6,8,20,8,9,27,64,0,0,0,64
06/16/2020,XNA,AR,ASW,ES,Federal Contract Tower,16,7,5,13,41,0,1,0,4,5,16,8,5,17,46,0,14,14,60
06/17/2020,XNA,AR,ASW,ES,Federal Contract Tower,11,11,15,33,70,0,0,1,0,1,11,11,16,33,71,0,8,8,79
06/18/2020,XNA,AR,ASW,ES,Federal Contract Tower,22,6,10,21,59,0,0,3,0,3,22,6,13,21,62,8,0,8,70
06/19/2020,XNA,AR,ASW,ES,Federal Contract Tower,20,6,8,0,34,0,0,5,0,5,20,6,13,0,39,0,0,0,39
06/20/2020,XNA,AR,ASW,ES,Federal Contract Tower,18,4,3,0,25,0,2,1,0,3,18,6,4,0,28,0,0,0,28
06/21/2020,XNA,AR,ASW,ES,Federal Contract Tower,23,3,4,0,30,0,0,0,0,0,23,3,4,0,30,0,0,0,30
06/22/2020,XNA,AR,ASW,ES,Federal Contract Tower,21,8,7,8,44,0,1,0,0,1,21,9,7,8,45,0,0,0,45
06/23/2020,XNA,AR,ASW,ES,Federal Contract Tower,17,14,15,47,93,0,0,2,4,6,17,14,17,51,99,0,8,8,107
06/24/2020,XNA,AR,ASW,ES,Federal Contract Tower,12,8,19,24,63,0,3,5,0,8,12,11,24,24,71,0,8,8,79
06/25/2020,XNA,AR,ASW,ES,Federal Contract Tower,19,6,20,22,67,0,0,2,0,2,19,6,22,22,69,0,2,2,71
06/26/2020,XNA,AR,ASW,ES,Federal Contract Tower,21,10,8,19,58,0,0,0,0,0,21,10,8,19,58,0,16,16,74
06/27/2020,XNA,AR,ASW,ES,Federal Contract Tower,18,2,1,0,21,0,0,0,0,0,18,2,1,0,21,0,0,0,21
06/28/2020,XNA,AR,ASW,ES,Federal Contract Tower,26,2,5,8,41,0,0,0,0,0,26,2,5,8,41,0,0,0,41
06/29/2020,XNA,AR,ASW,ES,Federal Contract Tower,22,7,9,0,38,0,0,1,0,1,22,7,10,0,39,0,0,0,39
06/30/2020,XNA,AR,ASW,ES,Federal Contract Tower,19,7,15,9,50,0,0,3,0,3,19,7,18,9,53,0,0,0,53
07/01/2020,XNA,AR,ASW,ES,Federal Contract Tower,18,9,10,6,43,0,0,0,0,0,18,9,10,6,43,6,0,6,49
07/02/2020,XNA,AR,ASW,ES,Federal Contract Tower,24,10,11,0,45,0,2,1,0,3,24,12,12,0,48,0,0,0,48
07/03/2020,XNA,AR,ASW,ES,Federal Contract Tower,22,8,4,0,34,0,1,4,0,5,22,9,8,0,39,0,0,0,39
07/04/2020,XNA,AR,ASW,ES,Federal Contract Tower,20,2,2,0,24,0,1,3,0,4,20,3,5,0,28,0,0,0,28
07/05/2020,XNA,AR,ASW,ES,Federal Contract Tower,24,2,2,2,30,0,0,0,0,0,24,2,2,2,30,0,0,0,30
07/06/2020,XNA,AR,ASW,ES,Federal Contract Tower,25,4,8,0,37,0,1,0,0,1,25,5,8,0,38,0,0,0,38
07/07/2020,XNA,AR,ASW,ES,Federal Contract Tower,28,6,10,4,48,0,1,5,1,7,28,7,15,5,55,0,0,0,55
07/08/2020,XNA,AR,ASW,ES,Federal Contract Tower,33,10,10,9,62,0,0,1,2,3,33,10,11,11,65,6,18,24,89
07/09/2020,XNA,AR,ASW,ES,Federal Contract Tower,44,4,11,1,60,0,0,3,0,3,44,4,14,1,63,0,0,0,63
07/10/2020,XNA,AR,ASW,ES,Federal Contract Tower,42,4,5,3,54,0,0,4,3,7,42,4,9,6,61,0,2,2,63
07/11/2020,XNA,AR,ASW,ES,Federal Contract Tower,36,4,4,0,44,0,1,0,0,1,36,5,4,0,45,0,0,0,45
07/12/2020,XNA,AR,ASW,ES,Federal Contract Tower,46,6,4,0,56,0,0,1,0,1,46,6,5,0,57,0,0,0,57
07/13/2020,XNA,AR,ASW,ES,Federal Contract Tower,42,4,4,8,58,0,0,0,0,0,42,4,4,8,58,0,0,0,58
07/14/2020,XNA,AR,ASW,ES,Federal Contract Tower,33,4,13,6,56,0,0,4,0,4,33,4,17,6,60,0,4,4,64
07/15/2020,XNA,AR,ASW,ES,Federal Contract Tower,31,5,9,49,94,0,0,2,0,2,31,5,11,49,96,4,6,10,106
07/16/2020,XNA,AR,ASW,ES,Federal Contract Tower,46,4,4,0,54,0,2,0,0,2,46,6,4,0,56,0,0,0,56
07/17/2020,XNA,AR,ASW,ES,Federal Contract Tower,43,11,3,28,85,0,0,4,3,7,43,11,7,31,92,0,18,18,110
07/18/2020,XNA,AR,ASW,ES,Federal Contract Tower,30,6,0,9,45,0,4,4,0,8,30,10,4,9,53,0,0,0,53
07/19/2020,XNA,AR,ASW,ES,Federal Contract Tower,43,6,7,12,68,0,0,2,2,4,43,6,9,14,72,0,8,8,80
07/20/2020,XNA,AR,ASW,ES,Federal Contract Tower,40,3,10,19,72,0,0,6,0,6,40,3,16,19,78,0,4,4,82
07/21/2020,XNA,AR,ASW,ES,Federal Contract Tower,28,5,14,22,69,0,0,2,2,4,28,5,16,24,73,0,12,12,85
07/22/2020,XNA,AR,ASW,ES,Federal Contract Tower,36,12,8,26,82,0,0,4,1,5,36,12,12,27,87,4,0,4,91
07/23/2020,XNA,AR,ASW,ES,Federal Contract Tower,43,6,10,23,82,0,2,2,1,5,43,8,12,24,87,6,74,80,167
07/24/2020,XNA,AR,ASW,ES,Federal Contract Tower,44,3,4,17,68,0,0,2,6,8,44,3,6,23,76,12,0,12,88
07/25/2020,XNA,AR,ASW,ES,Federal Contract Tower,36,6,1,4,47,0,0,1,0,1,36,6,2,4,48,0,0,0,48
07/26/2020,XNA,AR,ASW,ES,Federal Contract Tower,45,5,5,24,79,0,0,4,1,5,45,5,9,25,84,0,0,0,84
07/27/2020,XNA,AR,ASW,ES,Federal Contract Tower,43,4,3,3,53,0,1,0,1,2,43,5,3,4,55,0,3,3,58
07/28/2020,XNA,AR,ASW,ES,Federal Contract Tower,29,6,3,21,59,0,0,4,0,4,29,6,7,21,63,0,30,30,93
07/29/2020,XNA,AR,ASW,ES,Federal Contract Tower,39,7,10,2,58,0,2,0,0,2,39,9,10,2,60,0,0,0,60
07/30/2020,XNA,AR,ASW,ES,Federal Contract Tower,41,6,12,4,63,0,3,0,2,5,41,9,12,6,68,0,0,0,68
07/31/2020,XNA,AR,ASW,ES,Federal Contract Tower,36,5,7,0,48,0,0,0,0,0,36,5,7,0,48,0,0,0,48
08/01/2020,XNA,AR,ASW,ES,Federal Contract Tower,34,5,1,0,40,0,0,4,0,4,34,5,5,0,44,0,0,0,44
08/02/2020,XNA,AR,ASW,ES,Federal Contract Tower,47,6,4,0,57,0,0,7,0,7,47,6,11,0,64,8,0,8,72
08/03/2020,XNA,AR,ASW,ES,Federal Contract Tower,42,8,0,29,79,0,0,0,5,5,42,8,0,34,84,0,4,4,88
08/04/2020,XNA,AR,ASW,ES,Federal Contract Tower,29,3,2,13,47,0,0,5,2,7,29,3,7,15,54,6,16,22,76
08/05/2020,XNA,AR,ASW,ES,Federal Contract Tower,38,6,13,14,71,0,0,2,0,2,38,6,15,14,73,0,8,8,81
08/06/2020,XNA,AR,ASW,ES,Federal Contract Tower,47,3,5,9,64,0,0,0,2,2,47,3,5,11,66,0,22,22,88
08/07/2020,XNA,AR,ASW,ES,Federal Contract Tower,48,4,6,20,78,0,1,1,0,2,48,5,7,20,80,0,2,2,82
08/08/2020,XNA,AR,ASW,ES,Federal Contract Tower,40,2,6,2,50,0,0,4,0,4,40,2,10,2,54,0,0,0,54
08/09/2020,XNA,AR,ASW,ES,Federal Contract Tower,48,2,11,0,61,0,1,4,0,5,48,3,15,0,66,0,0,0,66
08/10/2020,XNA,AR,ASW,ES,Federal Contract Tower,46,2,16,24,88,0,0,2,0,2,46,2,18,24,90,0,10,10,100
08/11/2020,XNA,AR,ASW,ES,Federal Contract Tower,29,4,11,0,44,0,3,1,0,4,29,7,12,0,48,0,0,0,48
08/12/2020,XNA,AR,ASW,ES,Federal Contract Tower,32,2,12,45,91,0,0,6,2,8,32,2,18,47,99,0,36,36,135
08/13/2020,XNA,AR,ASW,ES,Federal Contract Tower,48,1,12,10,71,0,0,0,1,1,48,1,12,11,72,0,0,0,72
08/14/2020,XNA,AR,ASW,ES,Federal Contract Tower,42,2,4,8,56,0,1,4,5,10,42,3,8,13,66,4,2,6,72
08/15/2020,XNA,AR,ASW,ES,Federal Contract Tower,34,2,10,1,47,0,2,0,2,4,34,4,10,3,51,0,0,0,51
08/16/2020,XNA,AR,ASW,ES,Federal Contract Tower,44,2,5,19,70,0,0,9,2,11,44,2,14,21,81,0,26,26,107
08/17/2020,XNA,AR,ASW,ES,Federal Contract Tower,37,5,7,29,78,0,0,1,6,7,37,5,8,35,85,0,0,0,85
08/18/2020,XNA,AR,ASW,ES,Federal Contract Tower,31,4,9,41,85,0,0,1,2,3,31,4,10,43,88,0,34,34,122
08/19/2020,XNA,AR,ASW,ES,Federal Contract Tower,31,11,19,22,83,0,0,2,8,10,31,11,21,30,93,0,16,16,109
08/20/2020,XNA,AR,ASW,ES,Federal Contract Tower,47,6,11,24,88,0,2,20,0,22,47,8,31,24,110,0,0,0,110
08/21/2020,XNA,AR,ASW,ES,Federal Contract Tower,39,4,3,32,78,0,1,4,6,11,39,5,7,38,89,0,40,40,129
08/22/2020,XNA,AR,ASW,ES,Federal Contract Tower,29,4,1,36,70,0,0,5,6,11,29,4,6,42,81,0,6,6,87
08/23/2020,XNA,AR,ASW,ES,Federal Contract Tower,48,8,8,16,80,0,0,12,0,12,48,8,20,16,92,4,8,12,104
08/24/2020,XNA,AR,ASW,ES,Federal Contract Tower,43,4,10,44,101,0,0,3,1,4,43,4,13,45,105,0,38,38,143
08/25/2020,XNA,AR,ASW,ES,Federal Contract Tower,32,2,11,13,58,0,0,0,2,2,32,2,11,15,60,0,4,4,64
08/26/2020,XNA,AR,ASW,ES,Federal Contract Tower,29,2,12,4,47,0,0,3,0,3,29,2,15,4,50,6,0,6,56
08/27/2020,XNA,AR,ASW,ES,Federal Contract Tower,46,2,12,0,60,0,0,2,0,2,46,2,14,0,62,0,0,0,62
08/28/2020,XNA,AR,ASW,ES,Federal Contract Tower,39,4,3,9,55,0,0,12,0,12,39,4,15,9,67,0,14,14,81
08/29/2020,XNA,AR,ASW,ES,Federal Contract Tower,31,2,0,0,33,0,2,2,0,4,31,4,2,0,37,0,0,0,37
08/30/2020,XNA,AR,ASW,ES,Federal Contract Tower,44,3,3,2,52,0,1,2,0,3,44,4,5,2,55,0,0,0,55
08/31/2020,XNA,AR,ASW,ES,Federal Contract Tower,39,6,11,0,56,0,5,6,0,11,39,11,17,0,67,0,0,0,67
09/01/2020,XNA,AR,ASW,ES,Federal Contract Tower,32,3,4,8,47,0,2,0,0,2,32,5,4,8,49,0,0,0,49
09/02/2020,XNA,AR,ASW,ES,Federal Contract Tower,33,9,9,3,54,0,0,0,0,0,33,9,9,3,54,0,0,0,54
09/03/2020,XNA,AR,ASW,ES,Federal Contract Tower,49,6,8,32,95,0,0,3,2,5,49,6,11,34,100,0,12,12,112
09/04/2020,XNA,AR,ASW,ES,Federal Contract Tower,37,4,7,0,48,0,0,2,0,2,37,4,9,0,50,0,0,0,50
09/05/2020,XNA,AR,ASW,ES,Federal Contract Tower,30,1,4,0,35,0,0,2,2,4,30,1,6,2,39,0,0,0,39
09/06/2020,XNA,AR,ASW,ES,Federal Contract Tower,38,6,6,2,52,0,2,2,0,4,38,8,8,2,56,0,0,0,56
09/07/2020,XNA,AR,ASW,ES,Federal Contract Tower,37,2,6,0,45,0,2,24,0,26,37,4,30,0,71,0,0,0,71
09/08/2020,XNA,AR,ASW,ES,Federal Contract Tower,30,7,15,74,126,0,0,0,3,3,30,7,15,77,129,0,28,28,157
09/09/2020,XNA,AR,ASW,ES,Federal Contract Tower,36,8,17,35,96,0,5,3,1,9,36,13,20,36,105,0,66,66,171
09/10/2020,XNA,AR,ASW,ES,Federal Contract Tower,44,6,8,9,67,0,0,2,3,5,44,6,10,12,72,0,0,0,72
09/11/2020,XNA,AR,ASW,ES,Federal Contract Tower,35,8,17,13,73,0,0,0,0,0,35,8,17,13,73,0,16,16,89
09/12/2020,XNA,AR,ASW,ES,Federal Contract Tower,34,3,5,14,56,0,0,2,0,2,34,3,7,14,58,0,0,0,58
09/13/2020,XNA,AR,ASW,ES,Federal Contract Tower,42,4,4,4,54,0,0,3,0,3,42,4,7,4,57,0,0,0,57
09/14/2020,XNA,AR,ASW,ES,Federal Contract Tower,35,4,3,14,56,0,4,8,3,15,35,8,11,17,71,0,0,0,71
09/15/2020,XNA,AR,ASW,ES,Federal Contract Tower,28,7,7,40,82,0,0,1,2,3,28,7,8,42,85,0,36,36,121
09/16/2020,XNA,AR,ASW,ES,Federal Contract Tower,31,5,15,21,72,0,0,5,2,7,31,5,20,23,79,0,24,24,103
09/17/2020,XNA,AR,ASW,ES,Federal Contract Tower,43,5,6,23,77,0,0,3,4,7,43,5,9,27,84,0,8,8,92
09/18/2020,XNA,AR,ASW,ES,Federal Contract Tower,35,6,7,11,59,0,0,8,1,9,35,6,15,12,68,0,4,4,72
09/19/2020,XNA,AR,ASW,ES,Federal Contract Tower,34,3,4,28,69,0,0,2,6,8,34,3,6,34,77,0,30,30,107
09/20/2020,XNA,AR,ASW,ES,Federal Contract Tower,43,5,12,8,68,0,0,5,1,6,43,5,17,9,74,0,12,12,86
09/21/2020,XNA,AR,ASW,ES,Federal Contract Tower,32,8,9,57,106,0,0,2,4,6,32,8,11,61,112,2,16,18,130
09/22/2020,XNA,AR,ASW,ES,Federal Contract Tower,28,7,8,5,48,0,0,2,0,2,28,7,10,5,50,0,0,0,50
09/23/2020,XNA,AR,ASW,ES,Federal Contract Tower,32,7,14,48,101,0,0,0,0,0,32,7,14,48,101,0,30,30,131
09/24/2020,XNA,AR,ASW,ES,Federal Contract Tower,45,2,15,29,91,0,0,2,2,4,45,2,17,31,95,0,16,16,111
09/25/2020,XNA,AR,ASW,ES,Federal Contract Tower,36,5,8,47,96,0,2,6,2,10,36,7,14,49,106,4,14,18,124
09/26/2020,XNA,AR,ASW,ES,Federal Contract Tower,38,7,2,4,51,0,2,0,0,2,38,9,2,4,53,0,16,16,69
09/27/2020,XNA,AR,ASW,ES,Federal Contract Tower,44,6,5,5,60,0,0,1,0,1,44,6,6,5,61,0,6,6,67
09/28/2020,XNA,AR,ASW,ES,Federal Contract Tower,34,4,7,27,72,0,0,2,4,6,34,4,9,31,78,0,4,4,82
09/29/2020,XNA,AR,ASW,ES,Federal Contract Tower,25,4,3,9,41,0,0,4,0,4,25,4,7,9,45,0,0,0,45
09/30/2020,XNA,AR,ASW,ES,Federal Contract Tower,34,5,11,14,64,0,0,1,0,1,34,5,12,14,65,0,14,14,79
10/01/2020,XNA,AR,ASW,ES,Federal Contract Tower,47,5,7,10,69,0,0,0,1,1,47,5,7,11,70,0,22,22,92
10/02/2020,XNA,AR,ASW,ES,Federal Contract Tower,41,4,6,53,104,0,2,3,5,10,41,6,9,58,114,0,10,10,124
10/03/2020,XNA,AR,ASW,ES,Federal Contract Tower,37,4,5,0,46,0,0,3,0,3,37,4,8,0,49,0,0,0,49
10/04/2020,XNA,AR,ASW,ES,Federal Contract Tower,49,6,7,6,68,0,0,7,0,7,49,6,14,6,75,0,0,0,75
10/05/2020,XNA,AR,ASW,ES,Federal Contract Tower,36,4,5,8,53,0,0,10,1,11,36,4,15,9,64,6,10,16,80
10/06/2020,XNA,AR,ASW,ES,Federal Contract Tower,31,4,4,15,54,0,0,0,3,3,31,4,4,18,57,0,24,24,81
10/07/2020,XNA,AR,ASW,ES,Federal Contract Tower,35,6,7,36,84,0,0,8,2,10,35,6,15,38,94,4,28,32,126
10/08/2020,XNA,AR,ASW,ES,Federal Contract Tower,45,2,11,28,86,0,0,2,9,11,45,2,13,37,97,0,38,38,135
10/09/2020,XNA,AR,ASW,ES,Federal Contract Tower,46,6,7,59,118,0,0,0,3,3,46,6,7,62,121,0,88,88,209
10/10/2020,XNA,AR,ASW,ES,Federal Contract Tower,38,5,4,40,87,0,0,5,6,11,38,5,9,46,98,0,44,44,142
10/11/2020,XNA,AR,ASW,ES,Federal Contract Tower,50,3,3,48,104,0,0,5,0,5,50,3,8,48,109,0,34,34,143
10/12/2020,XNA,AR,ASW,ES,Federal Contract Tower,41,2,7,0,50,0,2,2,0,4,41,4,9,0,54,0,0,0,54
10/13/2020,XNA,AR,ASW,ES,Federal Contract Tower,31,6,13,47,97,0,0,4,3,7,31,6,17,50,104,0,32,32,136
10/14/2020,XNA,AR,ASW,ES,Federal Contract Tower,36,4,9,33,82,0,4,18,0,22,36,8,27,33,104,0,8,8,112
10/15/2020,XNA,AR,ASW,ES,Federal Contract Tower,47,2,12,16,77,0,0,2,2,4,47,2,14,18,81,0,0,0,81
10/16/2020,XNA,AR,ASW,ES,Federal Contract Tower,42,4,9,40,95,0,0,8,4,12,42,4,17,44,107,0,70,70,177
10/17/2020,XNA,AR,ASW,ES,Federal Contract Tower,39,6,2,8,55,0,0,7,0,7,39,6,9,8,62,0,10,10,72
10/18/2020,XNA,AR,ASW,ES,Federal Contract Tower,49,3,10,29,91,0,0,3,0,3,49,3,13,29,94,0,0,0,94
10/19/2020,XNA,AR,ASW,ES,Federal Contract Tower,44,4,23,8,79,0,0,0,0,0,44,4,23,8,79,0,0,0,79
10/20/2020,XNA,AR,ASW,ES,Federal Contract Tower,31,4,11,2,48,0,1,0,0,1,31,5,11,2,49,0,2,2,51
10/21/2020,XNA,AR,ASW,ES,Federal Contract Tower,32,4,12,17,65,0,1,9,3,13,32,5,21,20,78,2,10,12,90
10/22/2020,XNA,AR,ASW,ES,Federal Contract Tower,46,4,8,21,79,0,0,4,1,5,46,4,12,22,84,0,18,18,102
10/23/2020,XNA,AR,ASW,ES,Federal Contract Tower,40,4,4,8,56,0,1,0,0,1,40,5,4,8,57,0,0,0,57
10/24/2020,XNA,AR,ASW,ES,Federal Contract Tower,30,8,5,16,59,0,2,0,0,2,30,10,5,16,61,0,0,0,61
10/25/2020,XNA,AR,ASW,ES,Federal Contract Tower,42,3,4,7,56,0,5,0,0,5,42,8,4,7,61,0,0,0,61
10/26/2020,XNA,AR,ASW,ES,Federal Contract Tower,36,4,6,0,46,0,0,0,0,0,36,4,6,0,46,0,0,0,46
10/27/2020,XNA,AR,ASW,ES,Federal Contract Tower,31,2,6,0,39,0,0,0,0,0,31,2,6,0,39,0,0,0,39
10/28/2020,XNA,AR,ASW,ES,Federal Contract Tower,33,1,5,0,39,0,0,0,0,0,33,1,5,0,39,0,0,0,39
10/29/2020,XNA,AR,ASW,ES,Federal Contract Tower,42,9,6,0,57,0,1,0,0,1,42,10,6,0,58,0,0,0,58
10/30/2020,XNA,AR,ASW,ES,Federal Contract Tower,37,7,12,53,109,0,0,5,4,9,37,7,17,57,118,0,32,32,150
10/31/2020,XNA,AR,ASW,ES,Federal Contract Tower,22,5,4,5,36,0,0,2,1,3,22,5,6,6,39,0,10,10,49
11/01/2020,XNA,AR,ASW,ES,Federal Contract Tower,42,2,5,9,58,0,0,2,1,3,42,2,7,10,61,0,0,0,61
11/02/2020,XNA,AR,ASW,ES,Federal Contract Tower,36,3,22,32,93,0,1,0,4,5,36,4,22,36,98,0,8,8,106
11/03/2020,XNA,AR,ASW,ES,Federal Contract Tower,28,2,2,29,61,0,0,4,2,6,28,2,6,31,67,0,18,18,85
11/04/2020,XNA,AR,ASW,ES,Federal Contract Tower,35,3,6,8,52,0,0,0,6,6,35,3,6,14,58,0,0,0,58
11/05/2020,XNA,AR,ASW,ES,Federal Contract Tower,44,7,6,26,83,0,2,3,2,7,44,9,9,28,90,16,26,42,132
11/06/2020,XNA,AR,ASW,ES,Federal Contract Tower,39,4,2,15,60,0,0,8,1,9,39,4,10,16,69,0,2,2,71
11/07/2020,XNA,AR,ASW,ES,Federal Contract Tower,37,4,3,29,73,0,0,1,5,6,37,4,4,34,79,0,0,0,79
11/08/2020,XNA,AR,ASW,ES,Federal Contract Tower,49,11,5,0,65,0,0,1,1,2,49,11,6,1,67,0,0,0,67
11/09/2020,XNA,AR,ASW,ES,Federal Contract Tower,37,4,7,21,69,0,0,8,12,20,37,4,15,33,89,4,12,16,105
11/10/2020,XNA,AR,ASW,ES,Federal Contract Tower,30,6,8,9,53,0,0,0,0,0,30,6,8,9,53,0,0,0,53
11/11/2020,XNA,AR,ASW,ES,Federal Contract Tower,34,4,12,1,51,0,2,5,0,7,34,6,17,1,58,0,0,0,58
11/12/2020,XNA,AR,ASW,ES,Federal Contract Tower,46,2,24,15,87,0,0,6,5,11,46,2,30,20,98,0,14,14,112
11/13/2020,XNA,AR,ASW,ES,Federal Contract Tower,40,2,18,17,77,0,0,5,1,6,40,2,23,18,83,8,4,12,95
11/14/2020,XNA,AR,ASW,ES,Federal Contract Tower,39,2,7,4,52,0,0,0,0,0,39,2,7,4,52,0,0,0,52
11/15/2020,XNA,AR,ASW,ES,Federal Contract Tower,49,3,5,5,62,0,0,0,0,0,49,3,5,5,62,0,8,8,70
11/16/2020,XNA,AR,ASW,ES,Federal Contract Tower,40,2,12,27,81,0,0,1,0,1,40,2,13,27,82,14,10,24,106
11/17/2020,XNA,AR,ASW,ES,Federal Contract Tower,31,3,8,7,49,0,1,1,4,6,31,4,9,11,55,0,0,0,55
11/18/2020,XNA,AR,ASW,ES,Federal Contract Tower,33,6,4,24,67,0,0,2,3,5,33,6,6,27,72,0,12,12,84
11/19/2020,XNA,AR,ASW,ES,Federal Contract Tower,46,11,12,14,83,0,0,0,0,0,46,11,12,14,83,0,0,0,83
11/20/2020,XNA,AR,ASW,ES,Federal Contract Tower,43,6,9,28,86,0,0,2,2,4,43,6,11,30,90,0,4,4,94
11/21/2020,XNA,AR,ASW,ES,Federal Contract Tower,45,0,7,6,58,0,0,0,0,0,45,0,7,6,58,0,0,0,58
11/22/2020,XNA,AR,ASW,ES,Federal Contract Tower,50,7,11,0,68,0,1,0,0,1,50,8,11,0,69,0,0,0,69
11/23/2020,XNA,AR,ASW,ES,Federal Contract Tower,30,5,4,7,46,0,4,4,4,12,30,9,8,11,58,0,4,4,62
11/24/2020,XNA,AR,ASW,ES,Federal Contract Tower,43,5,10,2,60,0,1,0,0,1,43,6,10,2,61,0,0,0,61
11/25/2020,XNA,AR,ASW,ES,Federal Contract Tower,39,9,0,2,50,0,0,0,0,0,39,9,0,2,50,0,0,0,50
11/26/2020,XNA,AR,ASW,ES,Federal Contract Tower,16,2,0,0,18,0,0,3,0,3,16,2,3,0,21,0,0,0,21
11/27/2020,XNA,AR,ASW,ES,Federal Contract Tower,30,2,1,0,33,0,0,1,0,1,30,2,2,0,34,0,0,0,34
11/28/2020,XNA,AR,ASW,ES,Federal Contract Tower,43,6,4,0,53,0,0,5,0,5,43,6,9,0,58,0,0,0,58
11/29/2020,XNA,AR,ASW,ES,Federal Contract Tower,42,6,3,12,63,0,0,1,0,1,42,6,4,12,64,0,4,4,68
11/30/2020,XNA,AR,ASW,ES,Federal Contract Tower,40,2,7,9,58,0,0,0,2,2,40,2,7,11,60,0,0,0,60
12/01/2020,XNA,AR,ASW,ES,Federal Contract Tower,32,4,8,11,55,0,0,2,3,5,32,4,10,14,60,0,2,2,62
12/02/2020,XNA,AR,ASW,ES,Federal Contract Tower,28,5,3,4,40,0,1,0,0,1,28,6,3,4,41,0,0,0,41
12/03/2020,XNA,AR,ASW,ES,Federal Contract Tower,44,5,9,8,66,0,0,0,0,0,44,5,9,8,66,0,0,0,66
12/04/2020,XNA,AR,ASW,ES,Federal Contract Tower,39,4,16,16,75,0,0,4,0,4,39,4,20,16,79,4,0,4,83
12/05/2020,XNA,AR,ASW,ES,Federal Contract Tower,30,1,4,6,41,0,0,4,8,12,30,1,8,14,53,0,22,22,75
12/06/2020,XNA,AR,ASW,ES,Federal Contract Tower,46,2,7,22,77,0,0,1,1,2,46,2,8,23,79,0,0,0,79
12/07/2020,XNA,AR,ASW,ES,Federal Contract Tower,38,7,4,26,75,0,0,4,3,7,38,7,8,29,82,6,0,6,88
12/08/2020,XNA,AR,ASW,ES,Federal Contract Tower,26,4,5,34,69,0,0,0,0,0,26,4,5,34,69,0,40,40,109
12/09/2020,XNA,AR,ASW,ES,Federal Contract Tower,28,8,19,6,61,0,1,2,0,3,28,9,21,6,64,0,4,4,68
12/10/2020,XNA,AR,ASW,ES,Federal Contract Tower,44,2,16,12,74,0,0,2,0,2,44,2,18,12,76,0,0,0,76
12/11/2020,XNA,AR,ASW,ES,Federal Contract Tower,39,2,8,2,51,0,1,0,0,1,39,3,8,2,52,0,0,0,52
12/12/2020,XNA,AR,ASW,ES,Federal Contract Tower,30,2,7,0,39,0,0,0,0,0,30,2,7,0,39,0,0,0,39
12/13/2020,XNA,AR,ASW,ES,Federal Contract Tower,35,0,1,0,36,0,1,0,0,1,35,1,1,0,37,0,0,0,37
12/14/2020,XNA,AR,ASW,ES,Federal Contract Tower,43,0,12,1,56,0,1,6,1,8,43,1,18,2,64,0,0,0,64
12/15/2020,XNA,AR,ASW,ES,Federal Contract Tower,26,5,9,0,40,0,1,2,0,3,26,6,11,0,43,0,0,0,43
12/16/2020,XNA,AR,ASW,ES,Federal Contract Tower,29,2,10,3,44,0,1,2,0,3,29,3,12,3,47,0,0,0,47
12/17/2020,XNA,AR,ASW,ES,Federal Contract Tower,35,8,9,14,66,0,0,5,0,5,35,8,14,14,71,6,6,12,83
12/18/2020,XNA,AR,ASW,ES,Federal Contract Tower,34,6,10,8,58,0,0,0,3,3,34,6,10,11,61,0,0,0,61
12/19/2020,XNA,AR,ASW,ES,Federal Contract Tower,41,1,7,14,63,0,0,0,0,0,41,1,7,14,63,0,20,20,83
12/20/2020,XNA,AR,ASW,ES,Federal Contract Tower,36,4,5,3,48,0,0,1,1,2,36,4,6,4,50,0,0,0,50
12/21/2020,XNA,AR,ASW,ES,Federal Contract Tower,34,11,6,16,67,0,0,0,0,0,34,11,6,16,67,0,4,4,71
12/22/2020,XNA,AR,ASW,ES,Federal Contract Tower,35,6,7,32,80,0,0,2,1,3,35,6,9,33,83,0,16,16,99
12/23/2020,XNA,AR,ASW,ES,Federal Contract Tower,39,4,4,0,47,0,1,1,0,2,39,5,5,0,49,0,0,0,49
12/24/2020,XNA,AR,ASW,ES,Federal Contract Tower,26,3,0,0,29,0,0,0,0,0,26,3,0,0,29,0,0,0,29
12/25/2020,XNA,AR,ASW,ES,Federal Contract Tower,29,2,3,0,34,0,0,0,0,0,29,2,3,0,34,0,0,0,34
12/26/2020,XNA,AR,ASW,ES,Federal Contract Tower,39,3,10,0,52,0,0,4,0,4,39,3,14,0,56,0,0,0,56
12/27/2020,XNA,AR,ASW,ES,Federal Contract Tower,36,4,4,0,44,0,0,0,0,0,36,4,4,0,44,0,0,0,44
12/28/2020,XNA,AR,ASW,ES,Federal Contract Tower,39,4,5,10,58,0,0,3,0,3,39,4,8,10,61,0,54,54,115
12/29/2020,XNA,AR,ASW,ES,Federal Contract Tower,37,6,4,9,56,0,0,1,0,1,37,6,5,9,57,6,0,6,63
12/30/2020,XNA,AR,ASW,ES,Federal Contract Tower,35,7,5,0,47,0,0,0,0,0,35,7,5,0,47,0,0,0,47
12/31/2020,XNA,AR,ASW,ES,Federal Contract Tower,26,4,5,0,35,0,0,1,0,1,26,4,6,0,36,0,0,0,36
01/01/2021,XNA,AR,ASW,ES,Federal Contract Tower,28,7,2,0,37,0,0,0,0,0,28,7,2,0,37,0,0,0,37
01/02/2021,XNA,AR,ASW,ES,Federal Contract Tower,38,8,9,0,55,0,0,1,0,1,38,8,10,0,56,0,0,0,56
01/03/2021,XNA,AR,ASW,ES,Federal Contract Tower,35,6,17,0,58,0,0,4,0,4,35,6,21,0,62,20,0,20,82
01/04/2021,XNA,AR,ASW,ES,Federal Contract Tower,37,6,11,0,54,0,0,2,0,2,37,6,13,0,56,0,0,0,56
01/05/2021,XNA,AR,ASW,ES,Federal Contract Tower,30,3,8,2,43,0,0,1,8,9,30,3,9,10,52,0,20,20,72
01/06/2021,XNA,AR,ASW,ES,Federal Contract Tower,31,6,14,2,53,0,1,0,0,1,31,7,14,2,54,0,0,0,54
01/07/2021,XNA,AR,ASW,ES,Federal Contract Tower,44,2,10,4,60,0,0,0,0,0,44,2,10,4,60,0,0,0,60
01/08/2021,XNA,AR,ASW,ES,Federal Contract Tower,35,8,5,23,71,0,2,5,0,7,35,10,10,23,78,20,0,20,98
01/09/2021,XNA,AR,ASW,ES,Federal Contract Tower,28,5,8,2,43,0,0,4,1,5,28,5,12,3,48,0,0,0,48
01/10/2021,XNA,AR,ASW,ES,Federal Contract Tower,40,6,4,17,67,0,0,7,0,7,40,6,11,17,74,10,16,26,100
01/11/2021,XNA,AR,ASW,ES,Federal Contract Tower,36,4,9,15,64,0,0,2,0,2,36,4,11,15,66,0,0,0,66
01/12/2021,XNA,AR,ASW,ES,Federal Contract Tower,32,2,17,29,80,0,0,2,4,6,32,2,19,33,86,0,30,30,116
01/13/2021,XNA,AR,ASW,ES,Federal Contract Tower,31,6,11,38,86,0,1,1,1,3,31,7,12,39,89,0,24,24,113
01/14/2021,XNA,AR,ASW,ES,Federal Contract Tower,42,3,16,16,77,0,0,1,3,4,42,3,17,19,81,0,12,12,93
01/15/2021,XNA,AR,ASW,ES,Federal Contract Tower,39,8,4,3,54,0,1,0,0,1,39,9,4,3,55,0,0,0,55
01/16/2021,XNA,AR,ASW,ES,Federal Contract Tower,26,4,0,0,30,0,0,1,2,3,26,4,1,2,33,0,0,0,33
01/17/2021,XNA,AR,ASW,ES,Federal Contract Tower,40,3,13,9,65,0,0,1,0,1,40,3,14,9,66,0,8,8,74
01/18/2021,XNA,AR,ASW,ES,Federal Contract Tower,38,5,6,0,49,0,0,2,0,2,38,5,8,0,51,0,0,0,51
01/19/2021,XNA,AR,ASW,ES,Federal Contract Tower,30,3,13,20,66,0,0,4,1,5,30,3,17,21,71,0,4,4,75
01/20/2021,XNA,AR,ASW,ES,Federal Contract Tower,28,3,11,12,54,0,0,0,0,0,28,3,11,12,54,0,16,16,70
01/21/2021,XNA,AR,ASW,ES,Federal Contract Tower,45,4,15,1,65,0,0,1,1,2,45,4,16,2,67,0,0,0,67
01/22/2021,XNA,AR,ASW,ES,Federal Contract Tower,38,4,11,20,73,0,2,3,6,11,38,6,14,26,84,0,48,48,132
01/23/2021,XNA,AR,ASW,ES,Federal Contract Tower,26,4,6,13,49,0,0,0,0,0,26,4,6,13,49,0,0,0,49
01/24/2021,XNA,AR,ASW,ES,Federal Contract Tower,43,3,5,2,53,0,0,0,0,0,43,3,5,2,53,0,0,0,53
01/25/2021,XNA,AR,ASW,ES,Federal Contract Tower,36,6,10,0,52,0,0,0,0,0,36,6,10,0,52,0,0,0,52
01/26/2021,XNA,AR,ASW,ES,Federal Contract Tower,28,0,8,7,43,0,1,0,1,2,28,1,8,8,45,0,0,0,45
01/27/2021,XNA,AR,ASW,ES,Federal Contract Tower,33,7,8,2,50,0,1,0,0,1,33,8,8,2,51,0,0,0,51
01/28/2021,XNA,AR,ASW,ES,Federal Contract Tower,42,6,18,20,86,0,0,17,28,45,42,6,35,48,131,4,18,22,153
01/29/2021,XNA,AR,ASW,ES,Federal Contract Tower,35,8,5,12,60,0,0,6,5,11,35,8,11,17,71,0,12,12,83
01/30/2021,XNA,AR,ASW,ES,Federal Contract Tower,27,4,4,0,35,0,1,0,0,1,27,5,4,0,36,0,0,0,36
01/31/2021,XNA,AR,ASW,ES,Federal Contract Tower,41,4,7,0,52,0,1,0,0,1,41,5,7,0,53,0,0,0,53
02/01/2021,XNA,AR,ASW,ES,Federal Contract Tower,34,2,3,11,50,0,0,2,3,5,34,2,5,14,55,0,0,0,55
02/02/2021,XNA,AR,ASW,ES,Federal Contract Tower,26,1,9,15,51,0,2,2,8,12,26,3,11,23,63,0,8,8,71
02/03/2021,XNA,AR,ASW,ES,Federal Contract Tower,30,5,8,44,87,0,1,0,3,4,30,6,8,47,91,0,44,44,135
02/04/2021,XNA,AR,ASW,ES,Federal Contract Tower,46,2,8,24,80,0,0,1,0,1,46,2,9,24,81,0,4,4,85
02/05/2021,XNA,AR,ASW,ES,Federal Contract Tower,37,6,24,58,125,0,0,2,10,12,37,6,26,68,137,0,14,14,151
02/07/2021,XNA,AR,ASW,ES,Federal Contract Tower,38,4,4,0,46,0,0,0,0,0,38,4,4,0,46,0,0,0,46
02/08/2021,XNA,AR,ASW,ES,Federal Contract Tower,34,4,3,0,41,0,0,0,0,0,34,4,3,0,41,0,0,0,41
02/09/2021,XNA,AR,ASW,ES,Federal Contract Tower,31,4,9,4,48,0,0,0,0,0,31,4,9,4,48,0,0,0,48
02/10/2021,XNA,AR,ASW,ES,Federal Contract Tower,32,6,11,0,49,0,0,0,0,0,32,6,11,0,49,0,0,0,49
02/11/2021,XNA,AR,ASW,ES,Federal Contract Tower,43,11,14,0,68,0,0,0,0,0,43,11,14,0,68,0,0,0,68
02/12/2021,XNA,AR,ASW,ES,Federal Contract Tower,34,4,11,2,51,0,0,0,0,0,34,4,11,2,51,0,0,0,51
02/13/2021,XNA,AR,ASW,ES,Federal Contract Tower,26,10,4,0,40,0,0,0,0,0,26,10,4,0,40,0,0,0,40
02/14/2021,XNA,AR,ASW,ES,Federal Contract Tower,19,6,6,0,31,0,0,0,0,0,19,6,6,0,31,0,0,0,31
02/15/2021,XNA,AR,ASW,ES,Federal Contract Tower,21,0,5,0,26,0,0,0,0,0,21,0,5,0,26,0,0,0,26
02/16/2021,XNA,AR,ASW,ES,Federal Contract Tower,14,4,3,0,21,0,0,0,0,0,14,4,3,0,21,0,0,0,21
02/17/2021,XNA,AR,ASW,ES,Federal Contract Tower,16,4,3,2,25,0,1,0,0,1,16,5,3,2,26,0,0,0,26
02/18/2021,XNA,AR,ASW,ES,Federal Contract Tower,30,12,21,2,65,0,2,3,0,5,30,14,24,2,70,0,0,0,70
02/19/2021,XNA,AR,ASW,ES,Federal Contract Tower,30,10,8,4,52,0,1,0,0,1,30,11,8,4,53,0,0,0,53
02/20/2021,XNA,AR,ASW,ES,Federal Contract Tower,26,8,6,6,46,0,0,3,0,3,26,8,9,6,49,0,0,0,49
02/21/2021,XNA,AR,ASW,ES,Federal Contract Tower,39,11,16,0,66,0,2,0,0,2,39,13,16,0,68,0,0,0,68
02/22/2021,XNA,AR,ASW,ES,Federal Contract Tower,31,14,9,22,76,0,0,0,2,2,31,14,9,24,78,0,14,14,92
02/23/2021,XNA,AR,ASW,ES,Federal Contract Tower,24,12,19,14,69,0,0,4,0,4,24,12,23,14,73,0,8,8,81
02/24/2021,XNA,AR,ASW,ES,Federal Contract Tower,31,12,20,30,93,0,1,4,1,6,31,13,24,31,99,0,18,18,117
02/25/2021,XNA,AR,ASW,ES,Federal Contract Tower,39,9,23,12,83,0,1,7,3,11,39,10,30,15,94,0,4,4,98
02/26/2021,XNA,AR,ASW,ES,Federal Contract Tower,34,10,14,0,58,0,0,0,0,0,34,10,14,0,58,0,0,0,58
02/27/2021,XNA,AR,ASW,ES,Federal Contract Tower,27,10,10,0,47,0,0,2,0,2,27,10,12,0,49,0,0,0,49
02/28/2021,XNA,AR,ASW,ES,Federal Contract Tower,38,8,10,0,56,0,0,1,0,1,38,8,11,0,57,0,0,0,57
03/01/2021,XNA,AR,ASW,ES,Federal Contract Tower,26,13,12,27,78,0,0,6,9,15,26,13,18,36,93,0,0,0,93
03/02/2021,XNA,AR,ASW,ES,Federal Contract Tower,26,10,11,38,85,0,0,5,2,7,26,10,16,40,92,6,26,32,124
03/03/2021,XNA,AR,ASW,ES,Federal Contract Tower,25,18,17,18,78,0,1,6,3,10,25,19,23,21,88,0,6,6,94
03/04/2021,XNA,AR,ASW,ES,Federal Contract Tower,42,7,10,10,69,0,1,2,2,5,42,8,12,12,74,0,6,6,80
03/05/2021,XNA,AR,ASW,ES,Federal Contract Tower,33,6,7,13,59,0,1,0,2,3,33,7,7,15,62,0,0,0,62
03/06/2021,XNA,AR,ASW,ES,Federal Contract Tower,30,5,6,9,50,0,0,0,0,0,30,5,6,9,50,0,4,4,54
03/07/2021,XNA,AR,ASW,ES,Federal Contract Tower,41,7,4,2,54,0,0,4,0,4,41,7,8,2,58,0,0,0,58
03/08/2021,XNA,AR,ASW,ES,Federal Contract Tower,32,9,13,10,64,0,0,3,1,4,32,9,16,11,68,0,0,0,68
03/09/2021,XNA,AR,ASW,ES,Federal Contract Tower,32,10,13,17,72,0,0,1,0,1,32,10,14,17,73,0,26,26,99
03/10/2021,XNA,AR,ASW,ES,Federal Contract Tower,35,10,16,17,78,0,0,0,0,0,35,10,16,17,78,0,10,10,88
03/11/2021,XNA,AR,ASW,ES,Federal Contract Tower,42,8,11,0,61,0,1,0,0,1,42,9,11,0,62,0,0,0,62
03/12/2021,XNA,AR,ASW,ES,Federal Contract Tower,36,7,8,5,56,0,0,0,0,0,36,7,8,5,56,0,0,0,56
03/13/2021,XNA,AR,ASW,ES,Federal Contract Tower,34,9,6,4,53,0,0,2,0,2,34,9,8,4,55,0,0,0,55
03/14/2021,XNA,AR,ASW,ES,Federal Contract Tower,41,5,9,3,58,0,2,0,0,2,41,7,9,3,60,0,12,12,72
03/15/2021,XNA,AR,ASW,ES,Federal Contract Tower,33,6,12,26,77,0,0,1,0,1,33,6,13,26,78,0,14,14,92
03/16/2021,XNA,AR,ASW,ES,Federal Contract Tower,35,7,15,66,123,0,0,5,5,10,35,7,20,71,133,0,12,12,145
03/17/2021,XNA,AR,ASW,ES,Federal Contract Tower,28,10,12,0,50,0,0,0,0,0,28,10,12,0,50,0,0,0,50
03/18/2021,XNA,AR,ASW,ES,Federal Contract Tower,44,12,10,2,68,0,1,1,0,2,44,13,11,2,70,0,0,0,70
03/19/2021,XNA,AR,ASW,ES,Federal Contract Tower,36,13,15,33,97,0,0,5,0,5,36,13,20,33,102,0,48,48,150
03/20/2021,XNA,AR,ASW,ES,Federal Contract Tower,30,11,9,2,52,0,0,6,0,6,30,11,15,2,58,0,0,0,58
03/21/2021,XNA,AR,ASW,ES,Federal Contract Tower,45,12,12,12,81,0,0,1,2,3,45,12,13,14,84,0,0,0,84
03/22/2021,XNA,AR,ASW,ES,Federal Contract Tower,35,9,2,1,47,0,1,0,0,1,35,10,2,1,48,0,4,4,52
03/23/2021,XNA,AR,ASW,ES,Federal Contract Tower,32,10,7,31,80,0,1,0,1,2,32,11,7,32,82,0,4,4,86
03/24/2021,XNA,AR,ASW,ES,Federal Contract Tower,32,6,15,70,123,0,1,2,1,4,32,7,17,71,127,4,62,66,193
03/25/2021,XNA,AR,ASW,ES,Federal Contract Tower,42,8,15,8,73,0,1,1,0,2,42,9,16,8,75,6,0,6,81
03/26/2021,XNA,AR,ASW,ES,Federal Contract Tower,33,10,11,32,86,0,1,7,7,15,33,11,18,39,101,0,56,56,157
03/27/2021,XNA,AR,ASW,ES,Federal Contract Tower,27,11,9,27,74,0,2,3,0,5,27,13,12,27,79,0,2,2,81
03/28/2021,XNA,AR,ASW,ES,Federal Contract Tower,41,15,12,0,68,0,0,0,0,0,41,15,12,0,68,0,0,0,68
03/29/2021,XNA,AR,ASW,ES,Federal Contract Tower,29,12,8,18,67,0,2,2,0,4,29,14,10,18,71,0,0,0,71
03/30/2021,XNA,AR,ASW,ES,Federal Contract Tower,32,11,12,18,73,0,0,4,0,4,32,11,16,18,77,0,10,10,87
03/31/2021,XNA,AR,ASW,ES,Federal Contract Tower,33,15,22,17,87,0,1,9,2,12,33,16,31,19,99,0,8,8,107
04/01/2021,XNA,AR,ASW,ES,Federal Contract Tower,40,17,27,29,113,0,0,5,1,6,40,17,32,30,119,0,20,20,139
04/02/2021,XNA,AR,ASW,ES,Federal Contract Tower,37,12,17,38,104,0,0,2,0,2,37,12,19,38,106,0,46,46,152
04/03/2021,XNA,AR,ASW,ES,Federal Contract Tower,30,11,8,2,51,0,1,4,0,5,30,12,12,2,56,0,0,0,56
04/05/2021,XNA,AR,ASW,ES,Federal Contract Tower,38,10,11,7,66,0,0,0,2,2,38,10,11,9,68,0,6,6,74
04/06/2021,XNA,AR,ASW,ES,Federal Contract Tower,33,12,11,27,83,0,0,0,3,3,33,12,11,30,86,0,28,28,114
04/07/2021,XNA,AR,ASW,ES,Federal Contract Tower,32,12,9,2,55,0,1,0,1,2,32,13,9,3,57,0,0,0,57
04/08/2021,XNA,AR,ASW,ES,Federal Contract Tower,49,10,15,6,80,0,0,2,1,3,49,10,17,7,83,0,12,12,95
04/09/2021,XNA,AR,ASW,ES,Federal Contract Tower,34,12,9,16,71,0,0,4,0,4,34,12,13,16,75,0,10,10,85
04/10/2021,XNA,AR,ASW,ES,Federal Contract Tower,30,12,7,16,65,0,0,0,0,0,30,12,7,16,65,0,0,0,65
04/11/2021,XNA,AR,ASW,ES,Federal Contract Tower,43,11,9,21,84,0,1,6,1,8,43,12,15,22,92,0,4,4,96
04/12/2021,XNA,AR,ASW,ES,Federal Contract Tower,41,15,11,20,87,0,1,0,7,8,41,16,11,27,95,0,0,0,95
04/13/2021,XNA,AR,ASW,ES,Federal Contract Tower,36,10,18,16,80,0,1,0,4,5,36,11,18,20,85,0,16,16,101
04/14/2021,XNA,AR,ASW,ES,Federal Contract Tower,34,13,18,1,66,0,1,0,5,6,34,14,18,6,72,0,0,0,72
04/15/2021,XNA,AR,ASW,ES,Federal Contract Tower,46,8,18,73,145,0,1,2,0,3,46,9,20,73,148,0,40,40,188
04/16/2021,XNA,AR,ASW,ES,Federal Contract Tower,38,15,11,0,64,0,0,1,0,1,38,15,12,0,65,0,0,0,65
04/17/2021,XNA,AR,ASW,ES,Federal Contract Tower,30,13,6,32,81,0,0,1,3,4,30,13,7,35,85,0,0,0,85
04/18/2021,XNA,AR,ASW,ES,Federal Contract Tower,43,16,9,21,89,0,2,0,0,2,43,18,9,21,91,0,16,16,107
04/19/2021,XNA,AR,ASW,ES,Federal Contract Tower,39,13,12,33,97,0,4,0,4,8,39,17,12,37,105,0,26,26,131
04/20/2021,XNA,AR,ASW,ES,Federal Contract Tower,29,13,9,1,52,0,2,0,0,2,29,15,9,1,54,0,0,0,54
04/21/2021,XNA,AR,ASW,ES,Federal Contract Tower,33,15,5,24,77,0,0,0,2,2,33,15,5,26,79,0,10,10,89
04/22/2021,XNA,AR,ASW,ES,Federal Contract Tower,47,16,16,33,112,0,0,2,2,4,47,16,18,35,116,0,32,32,148
04/23/2021,XNA,AR,ASW,ES,Federal Contract Tower,39,13,9,6,67,0,1,0,0,1,39,14,9,6,68,0,0,0,68
04/24/2021,XNA,AR,ASW,ES,Federal Contract Tower,36,11,13,4,64,0,0,3,0,3,36,11,16,4,67,0,0,0,67
04/25/2021,XNA,AR,ASW,ES,Federal Contract Tower,43,11,7,8,69,0,1,6,0,7,43,12,13,8,76,8,0,8,84
04/26/2021,XNA,AR,ASW,ES,Federal Contract Tower,39,11,11,11,72,0,0,0,0,0,39,11,11,11,72,0,0,0,72
04/27/2021,XNA,AR,ASW,ES,Federal Contract Tower,32,13,5,11,61,0,1,0,0,1,32,14,5,11,62,0,8,8,70
04/28/2021,XNA,AR,ASW,ES,Federal Contract Tower,36,14,4,0,54,0,0,0,0,0,36,14,4,0,54,0,0,0,54
04/29/2021,XNA,AR,ASW,ES,Federal Contract Tower,46,16,18,31,111,0,0,0,0,0,46,16,18,31,111,18,10,28,139
04/30/2021,XNA,AR,ASW,ES,Federal Contract Tower,40,11,12,61,124,0,0,1,0,1,40,11,13,61,125,0,48,48,173
05/01/2021,XNA,AR,ASW,ES,Federal Contract Tower,32,10,11,15,68,0,0,2,0,2,32,10,13,15,70,14,6,20,90
05/02/2021,XNA,AR,ASW,ES,Federal Contract Tower,48,11,1,0,60,0,2,0,0,2,48,13,1,0,62,0,0,0,62
05/03/2021,XNA,AR,ASW,ES,Federal Contract Tower,37,13,5,15,70,0,1,2,0,3,37,14,7,15,73,0,10,10,83
05/04/2021,XNA,AR,ASW,ES,Federal Contract Tower,36,11,7,6,60,0,1,0,0,1,36,12,7,6,61,0,0,0,61
05/05/2021,XNA,AR,ASW,ES,Federal Contract Tower,37,14,16,30,97,0,0,2,0,2,37,14,18,30,99,0,82,82,181
05/06/2021,XNA,AR,ASW,ES,Federal Contract Tower,49,17,21,6,93,0,0,9,2,11,49,17,30,8,104,0,10,10,114
05/07/2021,XNA,AR,ASW,ES,Federal Contract Tower,42,15,12,29,98,0,4,8,0,12,42,19,20,29,110,0,12,12,122
05/08/2021,XNA,AR,ASW,ES,Federal Contract Tower,33,18,6,4,61,0,0,4,0,4,33,18,10,4,65,0,4,4,69
05/09/2021,XNA,AR,ASW,ES,Federal Contract Tower,52,17,18,0,87,0,1,2,0,3,52,18,20,0,90,0,0,0,90
05/10/2021,XNA,AR,ASW,ES,Federal Contract Tower,43,17,11,22,93,0,0,1,3,4,43,17,12,25,97,12,10,22,119
05/11/2021,XNA,AR,ASW,ES,Federal Contract Tower,36,12,13,0,61,0,2,0,0,2,36,14,13,0,63,0,0,0,63
05/12/2021,XNA,AR,ASW,ES,Federal Contract Tower,40,11,19,86,156,0,0,0,5,5,40,11,19,91,161,0,46,46,207
05/13/2021,XNA,AR,ASW,ES,Federal Contract Tower,48,14,17,10,89,0,0,2,0,2,48,14,19,10,91,0,2,2,93
05/14/2021,XNA,AR,ASW,ES,Federal Contract Tower,42,14,10,41,107,0,0,4,1,5,42,14,14,42,112,0,84,84,196
05/15/2021,XNA,AR,ASW,ES,Federal Contract Tower,36,11,1,8,56,0,2,0,0,2,36,13,1,8,58,0,0,0,58
05/16/2021,XNA,AR,ASW,ES,Federal Contract Tower,45,16,10,4,75,0,0,0,0,0,45,16,10,4,75,0,4,4,79
05/17/2021,XNA,AR,ASW,ES,Federal Contract Tower,41,13,11,21,86,0,1,0,0,1,41,14,11,21,87,0,6,6,93
05/18/2021,XNA,AR,ASW,ES,Federal Contract Tower,36,15,15,37,103,0,1,0,0,1,36,16,15,37,104,0,16,16,120
05/19/2021,XNA,AR,ASW,ES,Federal Contract Tower,39,14,10,0,63,0,0,0,0,0,39,14,10,0,63,0,0,0,63
05/20/2021,XNA,AR,ASW,ES,Federal Contract Tower,47,14,11,1,73,0,2,1,0,3,47,16,12,1,76,0,0,0,76
05/21/2021,XNA,AR,ASW,ES,Federal Contract Tower,64,17,10,22,113,0,0,0,0,0,64,17,10,22,113,0,0,0,113
05/22/2021,XNA,AR,ASW,ES,Federal Contract Tower,34,10,5,6,55,0,0,5,0,5,34,10,10,6,60,0,20,20,80
05/23/2021,XNA,AR,ASW,ES,Federal Contract Tower,47,16,13,24,100,0,0,1,2,3,47,16,14,26,103,6,26,32,135
05/24/2021,XNA,AR,ASW,ES,Federal Contract Tower,42,15,1,19,77,0,0,1,0,1,42,15,2,19,78,0,60,60,138
05/25/2021,XNA,AR,ASW,ES,Federal Contract Tower,39,18,12,8,77,0,2,0,0,2,39,20,12,8,79,0,0,0,79
05/26/2021,XNA,AR,ASW,ES,Federal Contract Tower,46,15,17,6,84,0,0,2,2,4,46,15,19,8,88,0,0,0,88
05/27/2021,XNA,AR,ASW,ES,Federal Contract Tower,45,13,15,0,73,0,1,0,0,1,45,14,15,0,74,0,0,0,74
05/28/2021,XNA,AR,ASW,ES,Federal Contract Tower,41,12,8,9,70,0,0,4,0,4,41,12,12,9,74,0,0,0,74
05/29/2021,XNA,AR,ASW,ES,Federal Contract Tower,31,16,11,2,60,0,0,2,0,2,31,16,13,2,62,0,0,0,62
05/30/2021,XNA,AR,ASW,ES,Federal Contract Tower,45,11,6,0,62,0,0,2,0,2,45,11,8,0,64,0,0,0,64
05/31/2021,XNA,AR,ASW,ES,Federal Contract Tower,39,14,10,0,63,0,0,3,0,3,39,14,13,0,66,0,0,0,66
06/01/2021,XNA,AR,ASW,ES,Federal Contract Tower,44,16,10,0,70,0,0,0,0,0,44,16,10,0,70,0,0,0,70
06/02/2021,XNA,AR,ASW,ES,Federal Contract Tower,47,8,7,11,73,0,1,0,1,2,47,9,7,12,75,0,14,14,89
06/03/2021,XNA,AR,ASW,ES,Federal Contract Tower,44,14,5,22,85,0,0,2,5,7,44,14,7,27,92,0,16,16,108
06/04/2021,XNA,AR,ASW,ES,Federal Contract Tower,46,14,8,76,144,0,0,5,12,17,46,14,13,88,161,0,16,16,177
06/05/2021,XNA,AR,ASW,ES,Federal Contract Tower,32,12,4,6,54,0,0,1,0,1,32,12,5,6,55,0,26,26,81
06/06/2021,XNA,AR,ASW,ES,Federal Contract Tower,55,11,6,11,83,0,2,0,0,2,55,13,6,11,85,0,2,2,87
06/07/2021,XNA,AR,ASW,ES,Federal Contract Tower,43,13,8,0,64,0,3,0,0,3,43,16,8,0,67,0,0,0,67
06/08/2021,XNA,AR,ASW,ES,Federal Contract Tower,45,15,6,26,92,0,0,4,0,4,45,15,10,26,96,14,4,18,114
06/09/2021,XNA,AR,ASW,ES,Federal Contract Tower,43,13,7,5,68,0,1,3,0,4,43,14,10,5,72,0,0,0,72
06/10/2021,XNA,AR,ASW,ES,Federal Contract Tower,46,13,17,10,86,2,0,0,0,2,48,13,17,10,88,0,2,2,90
06/11/2021,XNA,AR,ASW,ES,Federal Contract Tower,44,12,10,7,73,0,0,0,0,0,44,12,10,7,73,0,28,28,101
06/12/2021,XNA,AR,ASW,ES,Federal Contract Tower,33,13,11,0,57,0,1,2,0,3,33,14,13,0,60,10,0,10,70
06/13/2021,XNA,AR,ASW,ES,Federal Contract Tower,54,16,17,0,87,0,2,2,0,4,54,18,19,0,91,0,0,0,91
06/14/2021,XNA,AR,ASW,ES,Federal Contract Tower,45,12,9,15,81,0,0,3,0,3,45,12,12,15,84,10,0,10,94
06/15/2021,XNA,AR,ASW,ES,Federal Contract Tower,42,10,13,30,95,0,0,2,4,6,42,10,15,34,101,10,20,30,131
06/16/2021,XNA,AR,ASW,ES,Federal Contract Tower,41,15,10,23,89,0,4,2,0,6,41,19,12,23,95,2,30,32,127
06/17/2021,XNA,AR,ASW,ES,Federal Contract Tower,50,11,16,33,110,0,4,1,1,6,50,15,17,34,116,0,20,20,136
06/18/2021,XNA,AR,ASW,ES,Federal Contract Tower,44,16,14,4,78,0,0,6,0,6,44,16,20,4,84,20,0,20,104
06/19/2021,XNA,AR,ASW,ES,Federal Contract Tower,37,12,0,12,61,0,0,0,0,0,37,12,0,12,61,0,0,0,61
06/20/2021,XNA,AR,ASW,ES,Federal Contract Tower,49,18,4,0,71,0,1,2,0,3,49,19,6,0,74,0,0,0,74
06/21/2021,XNA,AR,ASW,ES,Federal Contract Tower,44,16,14,0,74,0,0,6,0,6,44,16,20,0,80,0,0,0,80
06/22/2021,XNA,AR,ASW,ES,Federal Contract Tower,42,11,11,33,97,0,2,2,10,14,42,13,13,43,111,0,28,28,139
06/23/2021,XNA,AR,ASW,ES,Federal Contract Tower,39,16,6,23,84,0,0,5,4,9,39,16,11,27,93,0,20,20,113
06/24/2021,XNA,AR,ASW,ES,Federal Contract Tower,48,16,20,31,115,0,0,1,0,1,48,16,21,31,116,0,30,30,146
06/25/2021,XNA,AR,ASW,ES,Federal Contract Tower,44,10,13,96,163,0,0,1,0,1,44,10,14,96,164,0,54,54,218
06/26/2021,XNA,AR,ASW,ES,Federal Contract Tower,34,11,0,1,46,0,1,0,0,1,34,12,0,1,47,0,10,10,57
06/27/2021,XNA,AR,ASW,ES,Federal Contract Tower,50,13,10,0,73,0,2,0,0,2,50,15,10,0,75,0,0,0,75
06/28/2021,XNA,AR,ASW,ES,Federal Contract Tower,49,15,9,3,76,0,1,2,0,3,49,16,11,3,79,24,4,28,107
06/29/2021,XNA,AR,ASW,ES,Federal Contract Tower,38,12,20,22,92,0,0,6,0,6,38,12,26,22,98,28,20,48,146
06/30/2021,XNA,AR,ASW,ES,Federal Contract Tower,41,14,13,19,87,0,3,1,6,10,41,17,14,25,97,0,10,10,107
07/01/2021,XNA,AR,ASW,ES,Federal Contract Tower,45,15,7,1,68,0,1,0,0,1,45,16,7,1,69,0,0,0,69
07/02/2021,XNA,AR,ASW,ES,Federal Contract Tower,45,20,20,0,85,0,0,2,0,2,45,20,22,0,87,14,0,14,101
07/03/2021,XNA,AR,ASW,ES,Federal Contract Tower,34,15,2,12,63,0,0,9,4,13,34,15,11,16,76,0,0,0,76
07/04/2021,XNA,AR,ASW,ES,Federal Contract Tower,39,10,2,1,52,0,0,0,0,0,39,10,2,1,52,0,0,0,52
07/05/2021,XNA,AR,ASW,ES,Federal Contract Tower,46,14,8,4,72,0,2,5,0,7,46,16,13,4,79,0,0,0,79
07/06/2021,XNA,AR,ASW,ES,Federal Contract Tower,45,13,15,25,98,0,0,5,1,6,45,13,20,26,104,0,26,26,130
07/07/2021,XNA,AR,ASW,ES,Federal Contract Tower,36,16,13,53,118,0,3,2,14,19,36,19,15,67,137,0,64,64,201
07/08/2021,XNA,AR,ASW,ES,Federal Contract Tower,49,13,16,29,107,0,0,2,0,2,49,13,18,29,109,0,14,14,123
07/09/2021,XNA,AR,ASW,ES,Federal Contract Tower,49,15,11,79,154,0,0,2,1,3,49,15,13,80,157,22,36,58,215
07/10/2021,XNA,AR,ASW,ES,Federal Contract Tower,39,16,8,1,64,0,2,0,0,2,39,18,8,1,66,0,0,0,66
07/11/2021,XNA,AR,ASW,ES,Federal Contract Tower,48,18,11,10,87,0,3,0,0,3,48,21,11,10,90,0,0,0,90
07/12/2021,XNA,AR,ASW,ES,Federal Contract Tower,54,25,9,20,108,0,0,5,2,7,54,25,14,22,115,0,52,52,167
07/13/2021,XNA,AR,ASW,ES,Federal Contract Tower,46,18,13,48,125,0,0,2,6,8,46,18,15,54,133,0,40,40,173
07/14/2021,XNA,AR,ASW,ES,Federal Contract Tower,37,15,19,40,111,0,2,2,3,7,37,17,21,43,118,0,22,22,140
07/16/2021,XNA,AR,ASW,ES,Federal Contract Tower,49,15,8,9,81,0,1,1,0,2,49,16,9,9,83,0,0,0,83
07/17/2021,XNA,AR,ASW,ES,Federal Contract Tower,39,16,3,5,63,0,3,0,5,8,39,19,3,10,71,0,0,0,71
07/18/2021,XNA,AR,ASW,ES,Federal Contract Tower,52,19,17,2,90,0,1,1,0,2,52,20,18,2,92,0,0,0,92
07/19/2021,XNA,AR,ASW,ES,Federal Contract Tower,54,16,16,12,98,0,0,3,0,3,54,16,19,12,101,0,0,0,101
07/20/2021,XNA,AR,ASW,ES,Federal Contract Tower,41,18,22,49,130,0,4,0,6,10,41,22,22,55,140,0,70,70,210
07/21/2021,XNA,AR,ASW,ES,Federal Contract Tower,39,21,26,30,116,0,10,5,4,19,39,31,31,34,135,8,20,28,163
07/22/2021,XNA,AR,ASW,ES,Federal Contract Tower,53,19,9,15,96,2,2,0,2,6,55,21,9,17,102,8,12,20,122
07/23/2021,XNA,AR,ASW,ES,Federal Contract Tower,54,9,8,16,87,0,2,3,2,7,54,11,11,18,94,0,10,10,104
07/24/2021,XNA,AR,ASW,ES,Federal Contract Tower,39,12,11,9,71,0,0,4,0,4,39,12,15,9,75,10,0,10,85
07/25/2021,XNA,AR,ASW,ES,Federal Contract Tower,60,11,4,0,75,0,0,4,0,4,60,11,8,0,79,0,0,0,79
07/26/2021,XNA,AR,ASW,ES,Federal Contract Tower,57,8,13,35,113,0,0,2,9,11,57,8,15,44,124,0,34,34,158
07/27/2021,XNA,AR,ASW,ES,Federal Contract Tower,49,8,9,18,84,0,0,6,3,9,49,8,15,21,93,2,52,54,147
07/28/2021,XNA,AR,ASW,ES,Federal Contract Tower,44,11,14,37,106,0,0,3,1,4,44,11,17,38,110,0,54,54,164
07/29/2021,XNA,AR,ASW,ES,Federal Contract Tower,59,11,31,8,109,0,0,5,0,5,59,11,36,8,114,0,32,32,146
07/30/2021,XNA,AR,ASW,ES,Federal Contract Tower,53,8,17,63,141,0,0,5,8,13,53,8,22,71,154,2,22,24,178
07/31/2021,XNA,AR,ASW,ES,Federal Contract Tower,38,11,4,6,59,0,1,3,3,7,38,12,7,9,66,0,0,0,66
08/01/2021,XNA,AR,ASW,ES,Federal Contract Tower,57,17,9,6,89,0,0,0,0,0,57,17,9,6,89,0,0,0,89
08/02/2021,XNA,AR,ASW,ES,Federal Contract Tower,54,15,18,46,133,0,0,0,0,0,54,15,18,46,133,10,32,42,175
08/03/2021,XNA,AR,ASW,ES,Federal Contract Tower,41,18,15,34,108,0,2,1,7,10,41,20,16,41,118,0,32,32,150
08/04/2021,XNA,AR,ASW,ES,Federal Contract Tower,39,20,13,25,97,0,0,2,2,4,39,20,15,27,101,0,12,12,113
08/05/2021,XNA,AR,ASW,ES,Federal Contract Tower,56,18,21,28,123,0,0,1,2,3,56,18,22,30,126,0,0,0,126
08/06/2021,XNA,AR,ASW,ES,Federal Contract Tower,52,14,7,75,148,0,0,1,4,5,52,14,8,79,153,0,56,56,209
08/07/2021,XNA,AR,ASW,ES,Federal Contract Tower,36,16,5,16,73,0,0,2,0,2,36,16,7,16,75,0,10,10,85
08/08/2021,XNA,AR,ASW,ES,Federal Contract Tower,53,14,10,28,105,0,0,2,2,4,53,14,12,30,109,0,36,36,145
08/09/2021,XNA,AR,ASW,ES,Federal Contract Tower,51,18,7,16,92,0,0,10,0,10,51,18,17,16,102,0,10,10,112
08/10/2021,XNA,AR,ASW,ES,Federal Contract Tower,35,14,21,44,114,0,0,2,0,2,35,14,23,44,116,0,58,58,174
08/11/2021,XNA,AR,ASW,ES,Federal Contract Tower,42,16,13,45,116,0,0,4,6,10,42,16,17,51,126,0,52,52,178
08/12/2021,XNA,AR,ASW,ES,Federal Contract Tower,53,15,16,40,124,0,0,2,0,2,53,15,18,40,126,8,48,56,182
08/13/2021,XNA,AR,ASW,ES,Federal Contract Tower,51,13,14,12,90,0,1,1,0,2,51,14,15,12,92,0,16,16,108
08/14/2021,XNA,AR,ASW,ES,Federal Contract Tower,33,15,4,41,93,0,2,6,2,10,33,17,10,43,103,0,18,18,121
08/15/2021,XNA,AR,ASW,ES,Federal Contract Tower,55,16,7,14,92,0,0,12,0,12,55,16,19,14,104,14,6,20,124
08/16/2021,XNA,AR,ASW,ES,Federal Contract Tower,51,13,8,35,107,0,0,1,12,13,51,13,9,47,120,0,50,50,170
08/17/2021,XNA,AR,ASW,ES,Federal Contract Tower,33,12,13,0,58,0,1,2,0,3,33,13,15,0,61,0,0,0,61
08/18/2021,XNA,AR,ASW,ES,Federal Contract Tower,43,12,8,8,71,0,0,4,0,4,43,12,12,8,75,6,12,18,93
08/19/2021,XNA,AR,ASW,ES,Federal Contract Tower,60,13,11,24,108,0,2,0,2,4,60,15,11,26,112,0,20,20,132
08/20/2021,XNA,AR,ASW,ES,Federal Contract Tower,59,13,7,45,124,0,2,0,0,2,59,15,7,45,126,0,40,40,166
08/21/2021,XNA,AR,ASW,ES,Federal Contract Tower,44,15,4,2,65,0,0,1,0,1,44,15,5,2,66,0,0,0,66
08/22/2021,XNA,AR,ASW,ES,Federal Contract Tower,60,13,10,0,83,0,0,0,2,2,60,13,10,2,85,0,0,0,85
08/23/2021,XNA,AR,ASW,ES,Federal Contract Tower,54,13,10,16,93,0,0,6,3,9,54,13,16,19,102,0,32,32,134
08/24/2021,XNA,AR,ASW,ES,Federal Contract Tower,43,16,17,33,109,0,2,4,2,8,43,18,21,35,117,2,26,28,145
08/25/2021,XNA,AR,ASW,ES,Federal Contract Tower,43,10,18,38,109,0,0,7,4,11,43,10,25,42,120,0,36,36,156
08/26/2021,XNA,AR,ASW,ES,Federal Contract Tower,59,12,11,30,112,0,0,1,5,6,59,12,12,35,118,0,24,24,142
08/27/2021,XNA,AR,ASW,ES,Federal Contract Tower,56,15,10,54,135,0,0,6,2,8,56,15,16,56,143,0,54,54,197
08/28/2021,XNA,AR,ASW,ES,Federal Contract Tower,49,14,14,13,90,0,1,1,2,4,49,15,15,15,94,0,0,0,94
08/29/2021,XNA,AR,ASW,ES,Federal Contract Tower,56,13,9,2,80,0,3,2,0,5,56,16,11,2,85,0,0,0,85
08/30/2021,XNA,AR,ASW,ES,Federal Contract Tower,51,13,4,8,76,0,0,4,0,4,51,13,8,8,80,0,0,0,80
08/31/2021,XNA,AR,ASW,ES,Federal Contract Tower,42,16,14,18,90,0,2,9,2,13,42,18,23,20,103,0,10,10,113
09/01/2021,XNA,AR,ASW,ES,Federal Contract Tower,48,18,17,22,105,0,0,2,1,3,48,18,19,23,108,0,14,14,122
09/02/2021,XNA,AR,ASW,ES,Federal Contract Tower,53,19,15,16,103,0,0,4,0,4,53,19,19,16,107,22,20,42,149
09/03/2021,XNA,AR,ASW,ES,Federal Contract Tower,56,13,9,5,83,1,0,5,3,9,57,13,14,8,92,0,2,2,94
09/04/2021,XNA,AR,ASW,ES,Federal Contract Tower,45,11,6,0,62,0,1,0,2,3,45,12,6,2,65,0,0,0,65
09/05/2021,XNA,AR,ASW,ES,Federal Contract Tower,40,13,3,0,56,0,0,5,0,5,40,13,8,0,61,0,0,0,61
09/06/2021,XNA,AR,ASW,ES,Federal Contract Tower,47,15,7,0,69,0,0,3,0,3,47,15,10,0,72,0,0,0,72
09/07/2021,XNA,AR,ASW,ES,Federal Contract Tower,44,11,11,9,75,0,0,11,11,22,44,11,22,20,97,0,8,8,105
09/08/2021,XNA,AR,ASW,ES,Federal Contract Tower,48,15,20,22,105,0,0,12,3,15,48,15,32,25,120,0,30,30,150
09/09/2021,XNA,AR,ASW,ES,Federal Contract Tower,66,20,31,1,118,0,0,9,5,14,66,20,40,6,132,8,12,20,152
09/10/2021,XNA,AR,ASW,ES,Federal Contract Tower,69,23,19,23,134,0,0,6,0,6,69,23,25,23,140,4,32,36,176
09/11/2021,XNA,AR,ASW,ES,Federal Contract Tower,52,15,9,16,92,0,0,7,0,7,52,15,16,16,99,0,10,10,109
09/12/2021,XNA,AR,ASW,ES,Federal Contract Tower,76,16,22,26,140,0,2,6,0,8,76,18,28,26,148,0,16,16,164
09/13/2021,XNA,AR,ASW,ES,Federal Contract Tower,65,12,13,16,106,0,0,1,10,11,65,12,14,26,117,0,10,10,127
09/14/2021,XNA,AR,ASW,ES,Federal Contract Tower,54,16,17,33,120,0,0,3,6,9,54,16,20,39,129,0,62,62,191
09/15/2021,XNA,AR,ASW,ES,Federal Contract Tower,56,23,26,40,145,0,0,9,5,14,56,23,35,45,159,0,14,14,173
09/16/2021,XNA,AR,ASW,ES,Federal Contract Tower,77,21,26,22,146,0,5,2,14,21,77,26,28,36,167,0,28,28,195
09/17/2021,XNA,AR,ASW,ES,Federal Contract Tower,71,16,14,37,138,0,0,1,3,4,71,16,15,40,142,0,40,40,182
09/18/2021,XNA,AR,ASW,ES,Federal Contract Tower,44,16,4,1,65,0,0,8,2,10,44,16,12,3,75,10,0,10,85
09/19/2021,XNA,AR,ASW,ES,Federal Contract Tower,73,14,11,0,98,0,0,2,0,2,73,14,13,0,100,0,0,0,100
09/20/2021,XNA,AR,ASW,ES,Federal Contract Tower,66,24,13,87,190,0,1,1,10,12,66,25,14,97,202,0,46,46,248
09/21/2021,XNA,AR,ASW,ES,Federal Contract Tower,48,15,19,2,84,0,2,0,6,8,48,17,19,8,92,0,0,0,92
09/22/2021,XNA,AR,ASW,ES,Federal Contract Tower,55,22,23,50,150,0,2,3,7,12,55,24,26,57,162,0,58,58,220
09/23/2021,XNA,AR,ASW,ES,Federal Contract Tower,72,17,19,41,149,0,0,12,2,14,72,17,31,43,163,8,62,70,233
09/24/2021,XNA,AR,ASW,ES,Federal Contract Tower,71,19,11,29,130,0,0,4,1,5,71,19,15,30,135,0,34,34,169
09/25/2021,XNA,AR,ASW,ES,Federal Contract Tower,44,15,5,6,70,0,0,4,0,4,44,15,9,6,74,0,4,4,78
09/26/2021,XNA,AR,ASW,ES,Federal Contract Tower,74,17,14,8,113,0,0,2,3,5,74,17,16,11,118,0,24,24,142
09/27/2021,XNA,AR,ASW,ES,Federal Contract Tower,71,17,13,47,148,0,0,2,1,3,71,17,15,48,151,0,84,84,235
09/28/2021,XNA,AR,ASW,ES,Federal Contract Tower,55,16,17,30,118,0,0,7,3,10,55,16,24,33,128,4,40,44,172
09/29/2021,XNA,AR,ASW,ES,Federal Contract Tower,53,16,14,12,95,0,0,8,0,8,53,16,22,12,103,0,0,0,103
09/30/2021,XNA,AR,ASW,ES,Federal Contract Tower,68,15,22,2,107,0,0,5,0,5,68,15,27,2,112,0,0,0,112
10/01/2021,XNA,AR,ASW,ES,Federal Contract Tower,69,18,15,6,108,0,0,2,0,2,69,18,17,6,110,0,4,4,114
10/02/2021,XNA,AR,ASW,ES,Federal Contract Tower,47,16,13,0,76,0,0,1,0,1,47,16,14,0,77,0,0,0,77
10/03/2021,XNA,AR,ASW,ES,Federal Contract Tower,73,19,7,6,105,0,2,0,0,2,73,21,7,6,107,0,0,0,107
10/04/2021,XNA,AR,ASW,ES,Federal Contract Tower,64,20,9,21,114,0,2,5,4,11,64,22,14,25,125,0,14,14,139
10/05/2021,XNA,AR,ASW,ES,Federal Contract Tower,56,15,19,39,129,0,3,3,3,9,56,18,22,42,138,8,12,20,158
10/06/2021,XNA,AR,ASW,ES,Federal Contract Tower,58,25,15,16,114,0,2,0,1,3,58,27,15,17,117,0,28,28,145
10/07/2021,XNA,AR,ASW,ES,Federal Contract Tower,75,10,15,12,112,0,0,3,1,4,75,10,18,13,116,6,16,22,138
10/08/2021,XNA,AR,ASW,ES,Federal Contract Tower,73,13,17,33,136,0,0,1,0,1,73,13,18,33,137,0,24,24,161
10/09/2021,XNA,AR,ASW,ES,Federal Contract Tower,55,14,7,2,78,0,0,6,2,8,55,14,13,4,86,8,2,10,96
10/10/2021,XNA,AR,ASW,ES,Federal Contract Tower,73,14,17,10,114,0,1,1,0,2,73,15,18,10,116,0,2,2,118
10/11/2021,XNA,AR,ASW,ES,Federal Contract Tower,74,19,14,0,107,0,1,0,0,1,74,20,14,0,108,0,0,0,108
10/12/2021,XNA,AR,ASW,ES,Federal Contract Tower,60,17,14,18,109,0,4,2,0,6,60,21,16,18,115,0,16,16,131
10/13/2021,XNA,AR,ASW,ES,Federal Contract Tower,53,17,10,0,80,0,1,0,0,1,53,18,10,0,81,0,0,0,81
10/14/2021,XNA,AR,ASW,ES,Federal Contract Tower,74,12,19,11,116,0,2,0,0,2,74,14,19,11,118,0,0,0,118
10/15/2021,XNA,AR,ASW,ES,Federal Contract Tower,73,13,19,2,107,0,0,0,0,0,73,13,19,2,107,0,0,0,107
10/16/2021,XNA,AR,ASW,ES,Federal Contract Tower,46,16,7,4,73,0,0,6,0,6,46,16,13,4,79,0,6,6,85
10/17/2021,XNA,AR,ASW,ES,Federal Contract Tower,73,13,4,6,96,0,0,2,0,2,73,13,6,6,98,0,0,0,98
10/18/2021,XNA,AR,ASW,ES,Federal Contract Tower,72,17,6,32,127,0,0,13,0,13,72,17,19,32,140,0,28,28,168
10/19/2021,XNA,AR,ASW,ES,Federal Contract Tower,56,16,17,50,139,0,2,2,0,4,56,18,19,50,143,0,74,74,217
10/20/2021,XNA,AR,ASW,ES,Federal Contract Tower,59,12,22,29,122,0,0,2,6,8,59,12,24,35,130,0,50,50,180
10/21/2021,XNA,AR,ASW,ES,Federal Contract Tower,81,16,20,31,148,0,0,2,2,4,81,16,22,33,152,0,38,38,190
10/22/2021,XNA,AR,ASW,ES,Federal Contract Tower,69,21,11,19,120,0,2,7,0,9,69,23,18,19,129,6,18,24,153
10/23/2021,XNA,AR,ASW,ES,Federal Contract Tower,47,20,8,26,101,0,0,2,3,5,47,20,10,29,106,0,20,20,126
10/24/2021,XNA,AR,ASW,ES,Federal Contract Tower,78,15,15,2,110,0,2,3,0,5,78,17,18,2,115,8,0,8,123
10/25/2021,XNA,AR,ASW,ES,Federal Contract Tower,69,16,8,24,117,0,0,4,0,4,69,16,12,24,121,6,18,24,145
10/26/2021,XNA,AR,ASW,ES,Federal Contract Tower,55,15,20,35,125,0,0,8,0,8,55,15,28,35,133,6,0,6,139
10/27/2021,XNA,AR,ASW,ES,Federal Contract Tower,62,15,20,4,101,0,1,0,0,1,62,16,20,4,102,0,0,0,102
10/28/2021,XNA,AR,ASW,ES,Federal Contract Tower,69,13,15,0,97,0,0,0,0,0,69,13,15,0,97,0,0,0,97
10/29/2021,XNA,AR,ASW,ES,Federal Contract Tower,75,10,8,15,108,0,0,1,0,1,75,10,9,15,109,0,0,0,109
10/30/2021,XNA,AR,ASW,ES,Federal Contract Tower,47,10,4,0,61,0,0,2,0,2,47,10,6,0,63,0,0,0,63
10/31/2021,XNA,AR,ASW,ES,Federal Contract Tower,63,11,8,0,82,0,0,2,0,2,63,11,10,0,84,0,0,0,84
11/01/2021,XNA,AR,ASW,ES,Federal Contract Tower,74,11,8,33,126,0,0,4,0,4,74,11,12,33,130,0,6,6,136
11/02/2021,XNA,AR,ASW,ES,Federal Contract Tower,55,11,13,6,85,0,1,0,0,1,55,12,13,6,86,0,0,0,86
11/03/2021,XNA,AR,ASW,ES,Federal Contract Tower,55,19,20,40,134,0,3,1,3,7,55,22,21,43,141,0,24,24,165
11/04/2021,XNA,AR,ASW,ES,Federal Contract Tower,75,12,13,15,115,0,2,2,0,4,75,14,15,15,119,0,12,12,131
11/05/2021,XNA,AR,ASW,ES,Federal Contract Tower,68,20,16,32,136,0,0,6,6,12,68,20,22,38,148,0,18,18,166
11/06/2021,XNA,AR,ASW,ES,Federal Contract Tower,46,18,8,2,74,0,0,7,0,7,46,18,15,2,81,0,0,0,81
11/07/2021,XNA,AR,ASW,ES,Federal Contract Tower,71,17,10,4,102,0,2,1,0,3,71,19,11,4,105,0,0,0,105
11/08/2021,XNA,AR,ASW,ES,Federal Contract Tower,68,16,18,30,132,0,2,2,2,6,68,18,20,32,138,0,2,2,140
11/09/2021,XNA,AR,ASW,ES,Federal Contract Tower,53,12,10,12,87,0,1,3,2,6,53,13,13,14,93,0,0,0,93
11/10/2021,XNA,AR,ASW,ES,Federal Contract Tower,52,11,19,20,102,0,1,0,0,1,52,12,19,20,103,0,0,0,103
11/11/2021,XNA,AR,ASW,ES,Federal Contract Tower,75,16,20,1,112,0,5,2,0,7,75,21,22,1,119,0,0,0,119
11/12/2021,XNA,AR,ASW,ES,Federal Contract Tower,70,14,9,47,140,0,0,3,0,3,70,14,12,47,143,0,16,16,159
11/13/2021,XNA,AR,ASW,ES,Federal Contract Tower,38,8,7,0,53,0,2,3,0,5,38,10,10,0,58,0,0,0,58
11/14/2021,XNA,AR,ASW,ES,Federal Contract Tower,71,13,8,0,92,0,0,6,5,11,71,13,14,5,103,0,0,0,103
11/15/2021,XNA,AR,ASW,ES,Federal Contract Tower,63,16,23,39,141,0,0,8,2,10,63,16,31,41,151,14,30,44,195
11/16/2021,XNA,AR,ASW,ES,Federal Contract Tower,54,13,14,22,103,0,0,2,2,4,54,13,16,24,107,0,28,28,135
11/17/2021,XNA,AR,ASW,ES,Federal Contract Tower,58,18,8,14,98,0,0,2,4,6,58,18,10,18,104,0,12,12,116
11/18/2021,XNA,AR,ASW,ES,Federal Contract Tower,71,13,22,24,130,0,0,0,5,5,71,13,22,29,135,0,30,30,165
11/19/2021,XNA,AR,ASW,ES,Federal Contract Tower,77,15,18,9,119,0,0,9,0,9,77,15,27,9,128,0,12,12,140
11/20/2021,XNA,AR,ASW,ES,Federal Contract Tower,46,10,12,0,68,0,0,4,0,4,46,10,16,0,72,0,0,0,72
11/21/2021,XNA,AR,ASW,ES,Federal Contract Tower,66,10,12,10,98,0,0,2,0,2,66,10,14,10,100,0,0,0,100
11/22/2021,XNA,AR,ASW,ES,Federal Contract Tower,69,18,13,33,133,0,0,4,0,4,69,18,17,33,137,0,0,0,137
11/23/2021,XNA,AR,ASW,ES,Federal Contract Tower,67,11,13,19,110,0,3,10,0,13,67,14,23,19,123,0,16,16,139
11/24/2021,XNA,AR,ASW,ES,Federal Contract Tower,77,11,8,9,105,0,1,0,0,1,77,12,8,9,106,0,0,0,106
11/25/2021,XNA,AR,ASW,ES,Federal Contract Tower,32,6,4,0,42,0,0,0,0,0,32,6,4,0,42,0,0,0,42
11/26/2021,XNA,AR,ASW,ES,Federal Contract Tower,42,15,10,0,67,0,0,3,0,3,42,15,13,0,70,6,0,6,76
11/27/2021,XNA,AR,ASW,ES,Federal Contract Tower,54,13,5,0,72,0,0,4,0,4,54,13,9,0,76,0,0,0,76
11/28/2021,XNA,AR,ASW,ES,Federal Contract Tower,77,11,17,0,105,0,0,6,0,6,77,11,23,0,111,4,0,4,115
11/29/2021,XNA,AR,ASW,ES,Federal Contract Tower,70,15,14,16,115,0,2,9,2,13,70,17,23,18,128,0,8,8,136
11/30/2021,XNA,AR,ASW,ES,Federal Contract Tower,58,19,26,17,120,0,0,2,1,3,58,19,28,18,123,0,6,6,129
12/01/2021,XNA,AR,ASW,ES,Federal Contract Tower,55,24,10,8,97,0,0,2,2,4,55,24,12,10,101,0,14,14,115
12/02/2021,XNA,AR,ASW,ES,Federal Contract Tower,67,16,26,34,143,0,0,2,2,4,67,16,28,36,147,0,22,22,169
12/03/2021,XNA,AR,ASW,ES,Federal Contract Tower,72,15,12,15,114,0,0,0,2,2,72,15,12,17,116,0,2,2,118
12/04/2021,XNA,AR,ASW,ES,Federal Contract Tower,37,12,4,7,60,0,1,3,1,5,37,13,7,8,65,0,8,8,73
12/05/2021,XNA,AR,ASW,ES,Federal Contract Tower,66,13,2,0,81,0,1,0,0,1,66,14,2,0,82,0,0,0,82
12/06/2021,XNA,AR,ASW,ES,Federal Contract Tower,65,15,20,30,130,0,1,3,3,7,65,16,23,33,137,0,16,16,153
12/07/2021,XNA,AR,ASW,ES,Federal Contract Tower,56,19,24,1,100,0,0,1,1,2,56,19,25,2,102,0,0,0,102
12/08/2021,XNA,AR,ASW,ES,Federal Contract Tower,58,25,15,6,104,0,0,3,0,3,58,25,18,6,107,0,2,2,109
12/09/2021,XNA,AR,ASW,ES,Federal Contract Tower,69,25,21,23,138,0,0,2,0,2,69,25,23,23,140,0,20,20,160
12/10/2021,XNA,AR,ASW,ES,Federal Contract Tower,74,15,13,38,140,0,0,3,0,3,74,15,16,38,143,0,0,0,143
12/11/2021,XNA,AR,ASW,ES,Federal Contract Tower,38,14,12,2,66,0,2,5,0,7,38,16,17,2,73,0,0,0,73
12/12/2021,XNA,AR,ASW,ES,Federal Contract Tower,70,14,6,4,94,0,0,1,0,1,70,14,7,4,95,0,0,0,95
12/13/2021,XNA,AR,ASW,ES,Federal Contract Tower,69,16,19,8,112,0,0,7,2,9,69,16,26,10,121,0,36,36,157
12/14/2021,XNA,AR,ASW,ES,Federal Contract Tower,52,21,17,4,94,0,0,0,0,0,52,21,17,4,94,0,0,0,94
12/15/2021,XNA,AR,ASW,ES,Federal Contract Tower,60,12,11,2,85,0,2,0,0,2,60,14,11,2,87,0,0,0,87
12/16/2021,XNA,AR,ASW,ES,Federal Contract Tower,62,25,15,28,130,0,2,3,1,6,62,27,18,29,136,0,80,80,216
12/17/2021,XNA,AR,ASW,ES,Federal Contract Tower,65,20,13,0,98,0,0,1,0,1,65,20,14,0,99,0,0,0,99
12/18/2021,XNA,AR,ASW,ES,Federal Contract Tower,47,10,7,2,66,0,2,0,0,2,47,12,7,2,68,0,0,0,68
12/19/2021,XNA,AR,ASW,ES,Federal Contract Tower,57,11,6,17,91,0,0,3,0,3,57,11,9,17,94,0,0,0,94
12/20/2021,XNA,AR,ASW,ES,Federal Contract Tower,61,17,5,22,105,0,2,4,0,6,61,19,9,22,111,0,12,12,123
12/21/2021,XNA,AR,ASW,ES,Federal Contract Tower,53,10,13,41,117,0,0,3,0,3,53,10,16,41,120,0,40,40,160
12/22/2021,XNA,AR,ASW,ES,Federal Contract Tower,55,13,14,21,103,0,0,6,1,7,55,13,20,22,110,0,14,14,124
12/23/2021,XNA,AR,ASW,ES,Federal Contract Tower,53,13,7,0,73,0,0,3,0,3,53,13,10,0,76,0,0,0,76
12/24/2021,XNA,AR,ASW,ES,Federal Contract Tower,49,11,4,0,64,0,0,0,0,0,49,11,4,0,64,0,0,0,64
12/25/2021,XNA,AR,ASW,ES,Federal Contract Tower,30,10,1,0,41,0,0,2,0,2,30,10,3,0,43,2,0,2,45
12/26/2021,XNA,AR,ASW,ES,Federal Contract Tower,59,10,8,0,77,0,1,4,0,5,59,11,12,0,82,0,0,0,82
12/27/2021,XNA,AR,ASW,ES,Federal Contract Tower,65,13,7,2,87,0,0,4,0,4,65,13,11,2,91,0,4,4,95
12/28/2021,XNA,AR,ASW,ES,Federal Contract Tower,48,12,12,4,76,0,2,0,0,2,48,14,12,4,78,0,0,0,78
12/29/2021,XNA,AR,ASW,ES,Federal Contract Tower,56,17,13,3,89,0,0,1,0,1,56,17,14,3,90,0,16,16,106
12/30/2021,XNA,AR,ASW,ES,Federal Contract Tower,49,12,4,0,65,0,0,2,0,2,49,12,6,0,67,0,0,0,67
12/31/2021,XNA,AR,ASW,ES,Federal Contract Tower,52,4,7,0,63,0,0,1,0,1,52,4,8,0,64,0,0,0,64
01/01/2022,XNA,AR,ASW,ES,Federal Contract Tower,37,7,10,0,54,0,0,0,0,0,37,7,10,0,54,0,0,0,54
01/02/2022,XNA,AR,ASW,ES,Federal Contract Tower,51,12,15,0,78,0,1,0,0,1,51,13,15,0,79,0,0,0,79
01/03/2022,XNA,AR,ASW,ES,Federal Contract Tower,61,13,9,2,85,0,0,3,0,3,61,13,12,2,88,0,0,0,88
01/04/2022,XNA,AR,ASW,ES,Federal Contract Tower,45,9,11,6,71,0,0,1,0,1,45,9,12,6,72,0,0,0,72
01/05/2022,XNA,AR,ASW,ES,Federal Contract Tower,53,16,10,15,94,0,0,6,1,7,53,16,16,16,101,8,22,30,131
01/06/2022,XNA,AR,ASW,ES,Federal Contract Tower,72,25,6,4,107,0,0,0,0,0,72,25,6,4,107,0,8,8,115
01/07/2022,XNA,AR,ASW,ES,Federal Contract Tower,62,7,9,21,99,0,0,2,1,3,62,7,11,22,102,0,14,14,116
01/08/2022,XNA,AR,ASW,ES,Federal Contract Tower,41,7,7,0,55,0,0,0,0,0,41,7,7,0,55,0,0,0,55
01/09/2022,XNA,AR,ASW,ES,Federal Contract Tower,68,9,5,0,82,0,0,0,0,0,68,9,5,0,82,0,0,0,82
01/10/2022,XNA,AR,ASW,ES,Federal Contract Tower,72,12,8,32,124,0,2,2,6,10,72,14,10,38,134,0,38,38,172
01/11/2022,XNA,AR,ASW,ES,Federal Contract Tower,51,16,8,28,103,0,0,3,4,7,51,16,11,32,110,0,42,42,152
01/12/2022,XNA,AR,ASW,ES,Federal Contract Tower,50,15,9,32,106,0,1,5,3,9,50,16,14,35,115,2,56,58,173
01/13/2022,XNA,AR,ASW,ES,Federal Contract Tower,74,13,13,13,113,0,0,7,0,7,74,13,20,13,120,0,14,14,134
01/14/2022,XNA,AR,ASW,ES,Federal Contract Tower,74,11,16,31,132,0,1,6,4,11,74,12,22,35,143,0,48,48,191
01/15/2022,XNA,AR,ASW,ES,Federal Contract Tower,43,6,7,1,57,0,0,0,0,0,43,6,7,1,57,0,0,0,57
01/16/2022,XNA,AR,ASW,ES,Federal Contract Tower,57,8,2,0,67,0,0,0,0,0,57,8,2,0,67,0,0,0,67
01/17/2022,XNA,AR,ASW,ES,Federal Contract Tower,69,12,11,0,92,0,1,12,0,13,69,13,23,0,105,18,0,18,123
01/18/2022,XNA,AR,ASW,ES,Federal Contract Tower,50,9,13,23,95,0,0,2,6,8,50,9,15,29,103,0,32,32,135
01/19/2022,XNA,AR,ASW,ES,Federal Contract Tower,55,9,18,0,82,0,1,0,0,1,55,10,18,0,83,0,0,0,83
01/20/2022,XNA,AR,ASW,ES,Federal Contract Tower,75,12,24,29,140,0,0,2,0,2,75,12,26,29,142,0,44,44,186
01/21/2022,XNA,AR,ASW,ES,Federal Contract Tower,71,9,11,39,130,0,1,5,4,10,71,10,16,43,140,0,4,4,144
01/22/2022,XNA,AR,ASW,ES,Federal Contract Tower,39,10,9,4,62,0,0,6,0,6,39,10,15,4,68,0,0,0,68
01/23/2022,XNA,AR,ASW,ES,Federal Contract Tower,73,14,3,6,96,0,0,4,9,13,73,14,7,15,109,0,0,0,109
01/24/2022,XNA,AR,ASW,ES,Federal Contract Tower,69,9,11,5,94,0,8,6,1,15,69,17,17,6,109,12,8,20,129
01/25/2022,XNA,AR,ASW,ES,Federal Contract Tower,53,12,14,57,136,0,0,1,13,14,53,12,15,70,150,0,70,70,220
01/26/2022,XNA,AR,ASW,ES,Federal Contract Tower,58,6,12,35,111,0,0,4,7,11,58,6,16,42,122,0,88,88,210
01/27/2022,XNA,AR,ASW,ES,Federal Contract Tower,77,8,8,10,103,0,1,4,2,7,77,9,12,12,110,0,0,0,110
01/28/2022,XNA,AR,ASW,ES,Federal Contract Tower,78,11,15,19,123,0,0,7,0,7,78,11,22,19,130,0,4,4,134
01/29/2022,XNA,AR,ASW,ES,Federal Contract Tower,38,10,3,2,53,0,0,12,0,12,38,10,15,2,65,16,0,16,81
01/30/2022,XNA,AR,ASW,ES,Federal Contract Tower,71,8,17,6,102,0,0,6,1,7,71,8,23,7,109,0,8,8,117
01/31/2022,XNA,AR,ASW,ES,Federal Contract Tower,72,9,11,19,111,0,1,10,9,20,72,10,21,28,131,0,0,0,131
02/01/2022,XNA,AR,ASW,ES,Federal Contract Tower,49,9,18,4,80,0,0,13,0,13,49,9,31,4,93,10,0,10,103
02/02/2022,XNA,AR,ASW,ES,Federal Contract Tower,36,3,18,0,57,0,0,0,0,0,36,3,18,0,57,0,0,0,57
02/03/2022,XNA,AR,ASW,ES,Federal Contract Tower,32,3,2,0,37,0,0,0,0,0,32,3,2,0,37,0,0,0,37
02/04/2022,XNA,AR,ASW,ES,Federal Contract Tower,42,14,12,0,68,0,0,2,0,2,42,14,14,0,70,0,0,0,70
02/05/2022,XNA,AR,ASW,ES,Federal Contract Tower,42,12,6,0,60,0,0,3,0,3,42,12,9,0,63,0,0,0,63
02/06/2022,XNA,AR,ASW,ES,Federal Contract Tower,61,9,12,2,84,0,0,2,0,2,61,9,14,2,86,6,0,6,92
02/07/2022,XNA,AR,ASW,ES,Federal Contract Tower,67,9,14,36,126,0,2,1,4,7,67,11,15,40,133,6,58,64,197
02/08/2022,XNA,AR,ASW,ES,Federal Contract Tower,49,9,19,21,98,0,0,6,2,8,49,9,25,23,106,0,48,48,154
02/09/2022,XNA,AR,ASW,ES,Federal Contract Tower,52,7,22,23,104,0,1,2,0,3,52,8,24,23,107,0,36,36,143
02/10/2022,XNA,AR,ASW,ES,Federal Contract Tower,72,6,19,21,118,0,0,3,12,15,72,6,22,33,133,0,16,16,149
02/11/2022,XNA,AR,ASW,ES,Federal Contract Tower,75,6,13,49,143,0,0,9,5,14,75,6,22,54,157,0,10,10,167
02/12/2022,XNA,AR,ASW,ES,Federal Contract Tower,44,8,7,22,81,0,0,4,3,7,44,8,11,25,88,0,10,10,98
02/13/2022,XNA,AR,ASW,ES,Federal Contract Tower,65,6,4,0,75,0,0,2,0,2,65,6,6,0,77,0,0,0,77
02/14/2022,XNA,AR,ASW,ES,Federal Contract Tower,69,5,14,10,98,0,0,3,0,3,69,5,17,10,101,0,16,16,117
02/15/2022,XNA,AR,ASW,ES,Federal Contract Tower,53,9,18,28,108,0,0,1,5,6,53,9,19,33,114,0,40,40,154
02/16/2022,XNA,AR,ASW,ES,Federal Contract Tower,56,7,15,6,84,0,1,1,0,2,56,8,16,6,86,0,0,0,86
02/17/2022,XNA,AR,ASW,ES,Federal Contract Tower,66,7,5,0,78,0,0,0,0,0,66,7,5,0,78,0,0,0,78
02/18/2022,XNA,AR,ASW,ES,Federal Contract Tower,64,7,24,12,107,0,2,7,1,10,64,9,31,13,117,0,4,4,121
02/19/2022,XNA,AR,ASW,ES,Federal Contract Tower,47,8,2,1,58,0,0,9,0,9,47,8,11,1,67,0,0,0,67
02/20/2022,XNA,AR,ASW,ES,Federal Contract Tower,66,9,9,5,89,0,1,3,0,4,66,10,12,5,93,0,0,0,93
02/21/2022,XNA,AR,ASW,ES,Federal Contract Tower,75,11,19,0,105,0,1,0,0,1,75,12,19,0,106,0,0,0,106
02/22/2022,XNA,AR,ASW,ES,Federal Contract Tower,49,8,38,0,95,0,0,0,0,0,49,8,38,0,95,0,0,0,95
02/23/2022,XNA,AR,ASW,ES,Federal Contract Tower,31,11,14,0,56,0,0,0,0,0,31,11,14,0,56,0,0,0,56
02/24/2022,XNA,AR,ASW,ES,Federal Contract Tower,43,13,12,0,68,0,0,0,0,0,43,13,12,0,68,0,0,0,68
02/25/2022,XNA,AR,ASW,ES,Federal Contract Tower,67,9,35,15,126,0,1,3,0,4,67,10,38,15,130,0,12,12,142
02/26/2022,XNA,AR,ASW,ES,Federal Contract Tower,48,19,11,0,78,0,0,3,0,3,48,19,14,0,81,0,0,0,81
02/27/2022,XNA,AR,ASW,ES,Federal Contract Tower,75,6,19,5,105,0,0,5,0,5,75,6,24,5,110,0,0,0,110
02/28/2022,XNA,AR,ASW,ES,Federal Contract Tower,74,12,11,12,109,0,5,7,4,16,74,17,18,16,125,30,14,44,169
03/01/2022,XNA,AR,ASW,ES,Federal Contract Tower,55,15,16,26,112,0,0,7,0,7,55,15,23,26,119,0,42,42,161
03/02/2022,XNA,AR,ASW,ES,Federal Contract Tower,57,11,7,18,93,0,0,5,2,7,57,11,12,20,100,0,18,18,118
03/03/2022,XNA,AR,ASW,ES,Federal Contract Tower,66,12,15,20,113,0,0,4,0,4,66,12,19,20,117,0,40,40,157
03/04/2022,XNA,AR,ASW,ES,Federal Contract Tower,64,13,13,22,112,0,0,0,6,6,64,13,13,28,118,0,8,8,126
03/05/2022,XNA,AR,ASW,ES,Federal Contract Tower,31,10,5,12,58,0,0,3,6,9,31,10,8,18,67,0,0,0,67
03/06/2022,XNA,AR,ASW,ES,Federal Contract Tower,60,14,8,2,84,0,0,1,0,1,60,14,9,2,85,0,0,0,85
03/07/2022,XNA,AR,ASW,ES,Federal Contract Tower,64,16,4,0,84,0,0,2,0,2,64,16,6,0,86,0,0,0,86
03/08/2022,XNA,AR,ASW,ES,Federal Contract Tower,42,15,12,14,83,0,0,0,8,8,42,15,12,22,91,0,20,20,111
03/09/2022,XNA,AR,ASW,ES,Federal Contract Tower,48,17,8,30,103,0,0,4,1,5,48,17,12,31,108,0,16,16,124
03/10/2022,XNA,AR,ASW,ES,Federal Contract Tower,66,24,18,8,116,0,0,0,4,4,66,24,18,12,120,0,12,12,132
03/11/2022,XNA,AR,ASW,ES,Federal Contract Tower,51,17,10,0,78,0,0,0,0,0,51,17,10,0,78,0,0,0,78
03/12/2022,XNA,AR,ASW,ES,Federal Contract Tower,34,10,5,3,52,0,0,12,0,12,34,10,17,3,64,0,6,6,70
03/13/2022,XNA,AR,ASW,ES,Federal Contract Tower,57,15,9,0,81,0,0,2,0,2,57,15,11,0,83,0,0,0,83
03/14/2022,XNA,AR,ASW,ES,Federal Contract Tower,57,17,20,6,100,0,0,1,0,1,57,17,21,6,101,0,4,4,105
03/15/2022,XNA,AR,ASW,ES,Federal Contract Tower,42,12,29,4,87,0,0,4,0,4,42,12,33,4,91,0,14,14,105
03/16/2022,XNA,AR,ASW,ES,Federal Contract Tower,45,13,17,28,103,0,0,0,0,0,45,13,17,28,103,0,28,28,131
03/17/2022,XNA,AR,ASW,ES,Federal Contract Tower,62,13,13,44,132,0,0,5,3,8,62,13,18,47,140,0,38,38,178
03/18/2022,XNA,AR,ASW,ES,Federal Contract Tower,56,14,13,0,83,0,0,1,0,1,56,14,14,0,84,0,0,0,84
03/19/2022,XNA,AR,ASW,ES,Federal Contract Tower,39,8,5,7,59,0,0,9,6,15,39,8,14,13,74,0,8,8,82
03/20/2022,XNA,AR,ASW,ES,Federal Contract Tower,62,21,20,8,111,0,0,2,0,2,62,21,22,8,113,0,4,4,117
03/21/2022,XNA,AR,ASW,ES,Federal Contract Tower,51,8,4,0,63,0,0,1,0,1,51,8,5,0,64,0,0,0,64
03/22/2022,XNA,AR,ASW,ES,Federal Contract Tower,46,11,9,0,66,0,1,1,0,2,46,12,10,0,68,0,0,0,68
03/23/2022,XNA,AR,ASW,ES,Federal Contract Tower,46,13,15,0,74,0,1,0,0,1,46,14,15,0,75,0,0,0,75
03/24/2022,XNA,AR,ASW,ES,Federal Contract Tower,62,17,6,15,100,0,0,0,2,2,62,17,6,17,102,0,8,8,110
03/25/2022,XNA,AR,ASW,ES,Federal Contract Tower,61,22,13,25,121,0,0,1,2,3,61,22,14,27,124,0,38,38,162
03/26/2022,XNA,AR,ASW,ES,Federal Contract Tower,33,14,12,0,59,0,0,0,0,0,33,14,12,0,59,6,0,6,65
03/27/2022,XNA,AR,ASW,ES,Federal Contract Tower,60,10,6,5,81,0,2,6,0,8,60,12,12,5,89,0,8,8,97
03/28/2022,XNA,AR,ASW,ES,Federal Contract Tower,62,12,14,5,93,0,0,1,0,1,62,12,15,5,94,14,0,14,108
03/29/2022,XNA,AR,ASW,ES,Federal Contract Tower,40,10,31,5,86,0,1,2,0,3,40,11,33,5,89,0,2,2,91
03/30/2022,XNA,AR,ASW,ES,Federal Contract Tower,47,14,12,0,73,0,1,0,0,1,47,15,12,0,74,0,0,0,74
03/31/2022,XNA,AR,ASW,ES,Federal Contract Tower,62,17,38,0,117,0,0,6,0,6,62,17,44,0,123,0,0,0,123
04/01/2022,XNA,AR,ASW,ES,Federal Contract Tower,52,15,15,15,97,0,0,6,2,8,52,15,21,17,105,0,6,6,111
04/02/2022,XNA,AR,ASW,ES,Federal Contract Tower,32,10,12,2,56,0,0,2,0,2,32,10,14,2,58,0,0,0,58
04/03/2022,XNA,AR,ASW,ES,Federal Contract Tower,59,19,15,6,99,0,0,7,0,7,59,19,22,6,106,0,0,0,106
04/04/2022,XNA,AR,ASW,ES,Federal Contract Tower,52,20,8,1,81,0,1,1,0,2,52,21,9,1,83,0,0,0,83
04/05/2022,XNA,AR,ASW,ES,Federal Contract Tower,41,15,20,6,82,0,1,1,7,9,41,16,21,13,91,4,2,6,97
04/06/2022,XNA,AR,ASW,ES,Federal Contract Tower,53,7,14,26,100,0,0,2,4,6,53,7,16,30,106,0,70,70,176
04/07/2022,XNA,AR,ASW,ES,Federal Contract Tower,70,13,16,8,107,0,0,1,2,3,70,13,17,10,110,0,10,10,120
04/08/2022,XNA,AR,ASW,ES,Federal Contract Tower,62,14,13,34,123,0,0,2,2,4,62,14,15,36,127,0,8,8,135
04/09/2022,XNA,AR,ASW,ES,Federal Contract Tower,37,15,10,0,62,0,0,5,0,5,37,15,15,0,67,0,0,0,67
04/10/2022,XNA,AR,ASW,ES,Federal Contract Tower,66,9,10,18,103,0,3,0,2,5,66,12,10,20,108,0,0,0,108
04/11/2022,XNA,AR,ASW,ES,Federal Contract Tower,63,17,20,2,102,0,0,0,0,0,63,17,20,2,102,0,0,0,102
04/12/2022,XNA,AR,ASW,ES,Federal Contract Tower,46,14,26,9,95,0,0,0,1,1,46,14,26,10,96,0,4,4,100
04/13/2022,XNA,AR,ASW,ES,Federal Contract Tower,51,12,21,0,84,0,0,4,0,4,51,12,25,0,88,2,0,2,90
04/14/2022,XNA,AR,ASW,ES,Federal Contract Tower,73,14,8,23,118,0,1,4,6,11,73,15,12,29,129,0,26,26,155
04/15/2022,XNA,AR,ASW,ES,Federal Contract Tower,62,7,32,2,103,0,1,2,2,5,62,8,34,4,108,0,0,0,108
04/16/2022,XNA,AR,ASW,ES,Federal Contract Tower,41,7,7,1,56,0,0,2,1,3,41,7,9,2,59,0,0,0,59
04/17/2022,XNA,AR,ASW,ES,Federal Contract Tower,65,16,12,12,105,0,0,1,0,1,65,16,13,12,106,0,0,0,106
04/18/2022,XNA,AR,ASW,ES,Federal Contract Tower,66,12,20,15,113,0,0,4,1,5,66,12,24,16,118,0,46,46,164
04/19/2022,XNA,AR,ASW,ES,Federal Contract Tower,50,12,16,36,114,0,1,0,1,2,50,13,16,37,116,0,42,42,158
04/20/2022,XNA,AR,ASW,ES,Federal Contract Tower,53,14,18,0,85,0,0,0,0,0,53,14,18,0,85,0,0,0,85
04/21/2022,XNA,AR,ASW,ES,Federal Contract Tower,71,9,15,6,101,0,1,1,0,2,71,10,16,6,103,0,0,0,103
04/22/2022,XNA,AR,ASW,ES,Federal Contract Tower,65,18,13,32,128,0,0,3,4,7,65,18,16,36,135,0,66,66,201
04/23/2022,XNA,AR,ASW,ES,Federal Contract Tower,45,9,2,1,57,0,0,1,12,13,45,9,3,13,70,0,0,0,70
04/24/2022,XNA,AR,ASW,ES,Federal Contract Tower,69,5,12,0,86,0,0,0,0,0,69,5,12,0,86,0,0,0,86
04/25/2022,XNA,AR,ASW,ES,Federal Contract Tower,67,11,13,16,107,0,1,14,2,17,67,12,27,18,124,4,26,30,154
04/26/2022,XNA,AR,ASW,ES,Federal Contract Tower,48,16,17,18,99,0,2,9,2,13,48,18,26,20,112,0,30,30,142
04/27/2022,XNA,AR,ASW,ES,Federal Contract Tower,53,13,10,5,81,0,0,3,6,9,53,13,13,11,90,0,0,0,90
04/28/2022,XNA,AR,ASW,ES,Federal Contract Tower,78,14,20,14,126,0,3,3,0,6,78,17,23,14,132,8,0,8,140
04/29/2022,XNA,AR,ASW,ES,Federal Contract Tower,68,7,12,17,104,0,1,2,1,4,68,8,14,18,108,0,16,16,124
04/30/2022,XNA,AR,ASW,ES,Federal Contract Tower,41,8,5,8,62,0,1,0,2,3,41,9,5,10,65,0,0,0,65
05/01/2022,XNA,AR,ASW,ES,Federal Contract Tower,65,7,4,2,78,0,1,3,0,4,65,8,7,2,82,0,0,0,82
05/02/2022,XNA,AR,ASW,ES,Federal Contract Tower,62,9,11,0,82,0,0,0,0,0,62,9,11,0,82,0,0,0,82
05/03/2022,XNA,AR,ASW,ES,Federal Contract Tower,52,13,25,2,92,0,0,0,0,0,52,13,25,2,92,0,0,0,92
05/04/2022,XNA,AR,ASW,ES,Federal Contract Tower,52,18,22,2,94,0,1,0,0,1,52,19,22,2,95,0,0,0,95
05/05/2022,XNA,AR,ASW,ES,Federal Contract Tower,63,10,12,0,85,0,0,0,0,0,63,10,12,0,85,0,0,0,85
05/06/2022,XNA,AR,ASW,ES,Federal Contract Tower,64,14,14,3,95,0,0,0,1,1,64,14,14,4,96,0,10,10,106
05/07/2022,XNA,AR,ASW,ES,Federal Contract Tower,52,10,3,0,65,0,0,2,0,2,52,10,5,0,67,0,0,0,67
05/08/2022,XNA,AR,ASW,ES,Federal Contract Tower,66,10,10,4,90,0,0,1,0,1,66,10,11,4,91,0,0,0,91
05/09/2022,XNA,AR,ASW,ES,Federal Contract Tower,71,6,27,10,114,0,0,2,0,2,71,6,29,10,116,0,14,14,130
05/10/2022,XNA,AR,ASW,ES,Federal Contract Tower,56,14,29,15,114,0,0,2,0,2,56,14,31,15,116,6,16,22,138
05/11/2022,XNA,AR,ASW,ES,Federal Contract Tower,60,20,26,25,131,0,6,6,2,14,60,26,32,27,145,6,0,6,151
05/12/2022,XNA,AR,ASW,ES,Federal Contract Tower,69,15,26,45,155,0,0,4,5,9,69,15,30,50,164,0,82,82,246
05/13/2022,XNA,AR,ASW,ES,Federal Contract Tower,80,15,12,2,109,0,0,2,0,2,80,15,14,2,111,0,0,0,111
05/14/2022,XNA,AR,ASW,ES,Federal Contract Tower,53,15,10,4,82,0,0,4,0,4,53,15,14,4,86,4,0,4,90
05/15/2022,XNA,AR,ASW,ES,Federal Contract Tower,73,13,13,0,99,0,4,5,0,9,73,17,18,0,108,4,0,4,112
05/16/2022,XNA,AR,ASW,ES,Federal Contract Tower,72,8,14,35,129,0,0,4,0,4,72,8,18,35,133,0,24,24,157
05/17/2022,XNA,AR,ASW,ES,Federal Contract Tower,55,17,22,20,114,0,3,2,1,6,55,20,24,21,120,4,28,32,152
05/18/2022,XNA,AR,ASW,ES,Federal Contract Tower,65,10,14,26,115,0,1,2,0,3,65,11,16,26,118,0,18,18,136
05/19/2022,XNA,AR,ASW,ES,Federal Contract Tower,70,13,14,23,120,0,1,3,2,6,70,14,17,25,126,2,10,12,138
05/20/2022,XNA,AR,ASW,ES,Federal Contract Tower,73,13,8,14,108,0,1,1,0,2,73,14,9,14,110,0,0,0,110
05/21/2022,XNA,AR,ASW,ES,Federal Contract Tower,56,11,7,0,74,0,0,0,0,0,56,11,7,0,74,0,0,0,74
05/22/2022,XNA,AR,ASW,ES,Federal Contract Tower,67,9,10,15,101,0,0,1,1,2,67,9,11,16,103,0,0,0,103
05/23/2022,XNA,AR,ASW,ES,Federal Contract Tower,80,15,11,5,111,0,0,1,0,1,80,15,12,5,112,0,0,0,112
05/24/2022,XNA,AR,ASW,ES,Federal Contract Tower,55,13,16,0,84,0,0,2,0,2,55,13,18,0,86,0,0,0,86
05/25/2022,XNA,AR,ASW,ES,Federal Contract Tower,66,21,18,1,106,0,1,1,0,2,66,22,19,1,108,0,0,0,108
05/26/2022,XNA,AR,ASW,ES,Federal Contract Tower,65,12,16,0,93,0,0,0,0,0,65,12,16,0,93,0,0,0,93
05/27/2022,XNA,AR,ASW,ES,Federal Contract Tower,72,8,9,2,91,0,0,4,0,4,72,8,13,2,95,0,2,2,97
05/28/2022,XNA,AR,ASW,ES,Federal Contract Tower,58,10,6,2,76,0,0,7,0,7,58,10,13,2,83,4,0,4,87
05/29/2022,XNA,AR,ASW,ES,Federal Contract Tower,66,5,1,0,72,0,0,4,0,4,66,5,5,0,76,0,0,0,76
05/30/2022,XNA,AR,ASW,ES,Federal Contract Tower,81,3,8,0,92,0,0,1,0,1,81,3,9,0,93,0,0,0,93
05/31/2022,XNA,AR,ASW,ES,Federal Contract Tower,80,3,11,14,108,0,0,2,0,2,80,3,13,14,110,0,26,26,136
06/01/2022,XNA,AR,ASW,ES,Federal Contract Tower,59,4,19,4,86,0,3,2,0,5,59,7,21,4,91,0,0,0,91
06/02/2022,XNA,AR,ASW,ES,Federal Contract Tower,68,9,22,2,101,0,0,4,0,4,68,9,26,2,105,0,0,0,105
06/03/2022,XNA,AR,ASW,ES,Federal Contract Tower,81,13,14,31,139,0,0,2,15,17,81,13,16,46,156,0,68,68,224
06/04/2022,XNA,AR,ASW,ES,Federal Contract Tower,84,5,6,4,99,0,0,6,0,6,84,5,12,4,105,0,20,20,125
06/05/2022,XNA,AR,ASW,ES,Federal Contract Tower,67,18,6,7,98,0,0,15,19,34,67,18,21,26,132,0,0,0,132
06/06/2022,XNA,AR,ASW,ES,Federal Contract Tower,70,28,34,2,134,0,49,1,4,54,70,77,35,6,188,0,0,0,188
06/07/2022,XNA,AR,ASW,ES,Federal Contract Tower,55,23,35,12,125,0,13,4,1,18,55,36,39,13,143,0,2,2,145
06/08/2022,XNA,AR,ASW,ES,Federal Contract Tower,56,24,34,2,116,0,0,4,0,4,56,24,38,2,120,6,0,6,126
06/09/2022,XNA,AR,ASW,ES,Federal Contract Tower,72,14,11,5,102,0,0,2,0,2,72,14,13,5,104,0,0,0,104
06/10/2022,XNA,AR,ASW,ES,Federal Contract Tower,68,15,10,3,96,0,0,0,0,0,68,15,10,3,96,4,0,4,100
06/11/2022,XNA,AR,ASW,ES,Federal Contract Tower,48,11,13,15,87,0,0,3,1,4,48,11,16,16,91,0,22,22,113
06/12/2022,XNA,AR,ASW,ES,Federal Contract Tower,63,15,5,21,104,0,0,1,2,3,63,15,6,23,107,0,20,20,127
06/13/2022,XNA,AR,ASW,ES,Federal Contract Tower,66,17,15,18,116,0,1,1,0,2,66,18,16,18,118,0,6,6,124
06/14/2022,XNA,AR,ASW,ES,Federal Contract Tower,55,16,11,33,115,0,0,0,12,12,55,16,11,45,127,0,8,8,135
06/15/2022,XNA,AR,ASW,ES,Federal Contract Tower,59,14,17,33,123,0,0,3,2,5,59,14,20,35,128,8,12,20,148
06/16/2022,XNA,AR,ASW,ES,Federal Contract Tower,65,11,19,21,116,0,0,0,1,1,65,11,19,22,117,0,56,56,173
06/17/2022,XNA,AR,ASW,ES,Federal Contract Tower,77,18,10,22,127,0,0,4,6,10,77,18,14,28,137,0,16,16,153
06/18/2022,XNA,AR,ASW,ES,Federal Contract Tower,55,11,10,0,76,0,2,1,0,3,55,13,11,0,79,0,0,0,79
06/19/2022,XNA,AR,ASW,ES,Federal Contract Tower,63,13,3,15,94,0,0,11,2,13,63,13,14,17,107,6,0,6,113
06/20/2022,XNA,AR,ASW,ES,Federal Contract Tower,70,19,9,10,108,0,2,7,0,9,70,21,16,10,117,0,0,0,117
06/21/2022,XNA,AR,ASW,ES,Federal Contract Tower,54,27,23,23,127,0,0,4,2,6,54,27,27,25,133,0,18,18,151
06/22/2022,XNA,AR,ASW,ES,Federal Contract Tower,55,19,25,19,118,0,2,0,1,3,55,21,25,20,121,4,18,22,143
06/23/2022,XNA,AR,ASW,ES,Federal Contract Tower,66,14,25,10,115,0,0,2,0,2,66,14,27,10,117,6,0,6,123
06/24/2022,XNA,AR,ASW,ES,Federal Contract Tower,66,16,15,22,119,0,0,1,4,5,66,16,16,26,124,0,22,22,146
06/25/2022,XNA,AR,ASW,ES,Federal Contract Tower,53,14,12,20,99,0,2,9,7,18,53,16,21,27,117,2,22,24,141
06/26/2022,XNA,AR,ASW,ES,Federal Contract Tower,63,19,2,4,88,0,0,1,0,1,63,19,3,4,89,0,0,0,89
06/27/2022,XNA,AR,ASW,ES,Federal Contract Tower,64,18,16,13,111,0,2,2,1,5,64,20,18,14,116,0,12,12,128
06/28/2022,XNA,AR,ASW,ES,Federal Contract Tower,53,17,14,23,107,0,5,4,1,10,53,22,18,24,117,0,18,18,135
06/29/2022,XNA,AR,ASW,ES,Federal Contract Tower,56,20,9,21,106,0,0,8,6,14,56,20,17,27,120,0,50,50,170
06/30/2022,XNA,AR,ASW,ES,Federal Contract Tower,65,23,20,32,140,0,2,4,2,8,65,25,24,34,148,0,12,12,160
07/01/2022,XNA,AR,ASW,ES,Federal Contract Tower,65,14,20,0,99,0,0,7,0,7,65,14,27,0,106,0,0,0,106
07/02/2022,XNA,AR,ASW,ES,Federal Contract Tower,42,20,10,0,72,0,0,3,0,3,42,20,13,0,75,0,0,0,75
07/03/2022,XNA,AR,ASW,ES,Federal Contract Tower,57,13,7,0,77,0,0,3,0,3,57,13,10,0,80,0,0,0,80
07/04/2022,XNA,AR,ASW,ES,Federal Contract Tower,60,15,3,0,78,0,0,3,0,3,60,15,6,0,81,0,0,0,81
07/05/2022,XNA,AR,ASW,ES,Federal Contract Tower,52,15,12,10,89,0,0,2,0,2,52,15,14,10,91,0,0,0,91
07/06/2022,XNA,AR,ASW,ES,Federal Contract Tower,54,24,9,32,119,0,0,2,2,4,54,24,11,34,123,0,48,48,171
07/07/2022,XNA,AR,ASW,ES,Federal Contract Tower,59,22,13,19,113,0,0,4,1,5,59,22,17,20,118,0,12,12,130
07/08/2022,XNA,AR,ASW,ES,Federal Contract Tower,57,12,8,11,88,0,0,1,4,5,57,12,9,15,93,0,8,8,101
07/09/2022,XNA,AR,ASW,ES,Federal Contract Tower,48,17,3,2,70,0,0,6,18,24,48,17,9,20,94,0,0,0,94
07/10/2022,XNA,AR,ASW,ES,Federal Contract Tower,65,16,9,20,110,0,0,3,2,5,65,16,12,22,115,0,8,8,123
07/11/2022,XNA,AR,ASW,ES,Federal Contract Tower,61,18,18,0,97,0,0,2,0,2,61,18,20,0,99,0,0,0,99
07/12/2022,XNA,AR,ASW,ES,Federal Contract Tower,49,18,22,5,94,0,0,7,0,7,49,18,29,5,101,0,0,0,101
07/13/2022,XNA,AR,ASW,ES,Federal Contract Tower,50,17,20,24,111,0,0,1,1,2,50,17,21,25,113,0,10,10,123
07/14/2022,XNA,AR,ASW,ES,Federal Contract Tower,66,15,16,11,108,0,1,16,5,22,66,16,32,16,130,24,10,34,164
07/15/2022,XNA,AR,ASW,ES,Federal Contract Tower,65,14,10,21,110,0,0,8,10,18,65,14,18,31,128,12,30,42,170
07/16/2022,XNA,AR,ASW,ES,Federal Contract Tower,48,18,7,8,81,0,0,16,1,17,48,18,23,9,98,0,22,22,120
07/17/2022,XNA,AR,ASW,ES,Federal Contract Tower,65,14,10,11,100,0,0,9,0,9,65,14,19,11,109,0,0,0,109
07/18/2022,XNA,AR,ASW,ES,Federal Contract Tower,61,18,16,16,111,0,0,3,0,3,61,18,19,16,114,0,0,0,114
07/19/2022,XNA,AR,ASW,ES,Federal Contract Tower,46,16,25,19,106,0,2,5,1,8,46,18,30,20,114,0,36,36,150
07/20/2022,XNA,AR,ASW,ES,Federal Contract Tower,54,19,18,29,120,0,0,0,0,0,54,19,18,29,120,0,14,14,134
07/21/2022,XNA,AR,ASW,ES,Federal Contract Tower,63,26,17,38,144,0,0,2,4,6,63,26,19,42,150,0,12,12,162
07/22/2022,XNA,AR,ASW,ES,Federal Contract Tower,66,19,16,8,109,0,0,11,2,13,66,19,27,10,122,4,0,4,126
07/23/2022,XNA,AR,ASW,ES,Federal Contract Tower,48,24,5,0,77,0,2,2,0,4,48,26,7,0,81,0,0,0,81
07/24/2022,XNA,AR,ASW,ES,Federal Contract Tower,68,21,13,9,111,0,1,8,3,12,68,22,21,12,123,0,0,0,123
07/25/2022,XNA,AR,ASW,ES,Federal Contract Tower,63,20,13,35,131,0,0,7,1,8,63,20,20,36,139,0,18,18,157
07/26/2022,XNA,AR,ASW,ES,Federal Contract Tower,46,21,19,10,96,0,0,4,4,8,46,21,23,14,104,0,0,0,104
07/27/2022,XNA,AR,ASW,ES,Federal Contract Tower,55,16,30,16,117,0,0,3,9,12,55,16,33,25,129,0,2,2,131
07/28/2022,XNA,AR,ASW,ES,Federal Contract Tower,52,20,17,2,91,0,0,2,0,2,52,20,19,2,93,0,0,0,93
07/29/2022,XNA,AR,ASW,ES,Federal Contract Tower,62,17,18,2,99,0,2,3,0,5,62,19,21,2,104,2,0,2,106
07/30/2022,XNA,AR,ASW,ES,Federal Contract Tower,49,19,4,0,72,0,0,0,0,0,49,19,4,0,72,0,0,0,72
07/31/2022,XNA,AR,ASW,ES,Federal Contract Tower,66,16,4,0,86,0,0,1,0,1,66,16,5,0,87,0,0,0,87
08/01/2022,XNA,AR,ASW,ES,Federal Contract Tower,67,19,20,8,114,0,0,1,1,2,67,19,21,9,116,0,0,0,116
08/02/2022,XNA,AR,ASW,ES,Federal Contract Tower,45,18,28,26,117,0,0,5,4,9,45,18,33,30,126,0,8,8,134
08/03/2022,XNA,AR,ASW,ES,Federal Contract Tower,52,15,21,18,106,0,0,2,1,3,52,15,23,19,109,0,0,0,109
08/04/2022,XNA,AR,ASW,ES,Federal Contract Tower,64,21,21,17,123,0,3,3,6,12,64,24,24,23,135,0,14,14,149
08/05/2022,XNA,AR,ASW,ES,Federal Contract Tower,66,17,12,10,105,0,0,7,3,10,66,17,19,13,115,0,4,4,119
08/06/2022,XNA,AR,ASW,ES,Federal Contract Tower,45,22,2,7,76,0,0,7,4,11,45,22,9,11,87,0,12,12,99
08/07/2022,XNA,AR,ASW,ES,Federal Contract Tower,67,16,12,2,97,0,0,0,0,0,67,16,12,2,97,6,0,6,103
08/08/2022,XNA,AR,ASW,ES,Federal Contract Tower,66,16,20,16,118,0,0,7,0,7,66,16,27,16,125,0,0,0,125
08/09/2022,XNA,AR,ASW,ES,Federal Contract Tower,51,13,17,23,104,0,0,1,12,13,51,13,18,35,117,0,0,0,117
08/10/2022,XNA,AR,ASW,ES,Federal Contract Tower,60,17,15,13,105,0,2,6,6,14,60,19,21,19,119,26,16,42,161
08/11/2022,XNA,AR,ASW,ES,Federal Contract Tower,66,15,25,47,153,0,2,5,5,12,66,17,30,52,165,20,58,78,243
08/12/2022,XNA,AR,ASW,ES,Federal Contract Tower,66,15,12,52,145,0,0,2,1,3,66,15,14,53,148,6,8,14,162
08/13/2022,XNA,AR,ASW,ES,Federal Contract Tower,47,19,7,12,85,0,0,2,2,4,47,19,9,14,89,0,0,0,89
08/14/2022,XNA,AR,ASW,ES,Federal Contract Tower,69,14,7,2,92,0,0,0,0,0,69,14,7,2,92,0,0,0,92
08/15/2022,XNA,AR,ASW,ES,Federal Contract Tower,63,17,25,14,119,0,0,4,2,6,63,17,29,16,125,2,8,10,135
08/16/2022,XNA,AR,ASW,ES,Federal Contract Tower,47,14,19,19,99,0,1,1,0,2,47,15,20,19,101,0,20,20,121
08/17/2022,XNA,AR,ASW,ES,Federal Contract Tower,49,21,11,0,81,0,1,0,4,5,49,22,11,4,86,0,0,0,86
08/18/2022,XNA,AR,ASW,ES,Federal Contract Tower,60,15,22,33,130,0,0,8,1,9,60,15,30,34,139,0,46,46,185
08/19/2022,XNA,AR,ASW,ES,Federal Contract Tower,57,16,12,19,104,0,0,3,3,6,57,16,15,22,110,0,6,6,116
08/20/2022,XNA,AR,ASW,ES,Federal Contract Tower,42,16,13,21,92,0,2,5,6,13,42,18,18,27,105,0,12,12,117
08/21/2022,XNA,AR,ASW,ES,Federal Contract Tower,57,15,16,8,96,0,1,5,0,6,57,16,21,8,102,0,0,0,102
08/22/2022,XNA,AR,ASW,ES,Federal Contract Tower,60,15,10,8,93,0,0,3,11,14,60,15,13,19,107,0,0,0,107
08/23/2022,XNA,AR,ASW,ES,Federal Contract Tower,41,16,18,23,98,0,0,3,1,4,41,16,21,24,102,2,4,6,108
08/24/2022,XNA,AR,ASW,ES,Federal Contract Tower,50,25,28,38,141,0,1,0,1,2,50,26,28,39,143,0,14,14,157
08/25/2022,XNA,AR,ASW,ES,Federal Contract Tower,58,18,17,21,114,0,0,2,6,8,58,18,19,27,122,2,38,40,162
08/26/2022,XNA,AR,ASW,ES,Federal Contract Tower,59,15,16,33,123,0,0,2,0,2,59,15,18,33,125,0,14,14,139
08/27/2022,XNA,AR,ASW,ES,Federal Contract Tower,41,20,13,15,89,0,0,8,1,9,41,20,21,16,98,0,16,16,114
08/28/2022,XNA,AR,ASW,ES,Federal Contract Tower,55,14,7,0,76,0,0,0,0,0,55,14,7,0,76,0,0,0,76
08/29/2022,XNA,AR,ASW,ES,Federal Contract Tower,57,15,15,7,94,0,2,2,0,4,57,17,17,7,98,0,0,0,98
08/30/2022,XNA,AR,ASW,ES,Federal Contract Tower,50,16,9,12,87,0,0,0,1,1,50,16,9,13,88,0,24,24,112
08/31/2022,XNA,AR,ASW,ES,Federal Contract Tower,52,17,17,15,101,0,0,0,1,1,52,17,17,16,102,0,20,20,122
09/01/2022,XNA,AR,ASW,ES,Federal Contract Tower,63,20,21,4,108,0,0,10,10,20,63,20,31,14,128,0,0,0,128
09/02/2022,XNA,AR,ASW,ES,Federal Contract Tower,62,26,23,0,111,0,0,2,0,2,62,26,25,0,113,0,0,0,113
09/03/2022,XNA,AR,ASW,ES,Federal Contract Tower,39,14,5,0,58,0,0,2,0,2,39,14,7,0,60,0,0,0,60
09/04/2022,XNA,AR,ASW,ES,Federal Contract Tower,53,12,4,0,69,0,0,4,0,4,53,12,8,0,73,0,0,0,73
09/05/2022,XNA,AR,ASW,ES,Federal Contract Tower,59,16,11,2,88,0,0,3,0,3,59,16,14,2,91,0,0,0,91
09/06/2022,XNA,AR,ASW,ES,Federal Contract Tower,49,23,17,23,112,0,0,6,0,6,49,23,23,23,118,8,2,10,128
09/07/2022,XNA,AR,ASW,ES,Federal Contract Tower,51,19,18,18,106,0,0,1,0,1,51,19,19,18,107,6,24,30,137
09/08/2022,XNA,AR,ASW,ES,Federal Contract Tower,65,23,17,13,118,0,0,3,0,3,65,23,20,13,121,0,30,30,151
09/09/2022,XNA,AR,ASW,ES,Federal Contract Tower,68,13,28,11,120,0,0,6,3,9,68,13,34,14,129,0,10,10,139
09/10/2022,XNA,AR,ASW,ES,Federal Contract Tower,45,14,0,20,79,0,0,0,2,2,45,14,0,22,81,0,14,14,95
09/11/2022,XNA,AR,ASW,ES,Federal Contract Tower,67,13,5,5,90,0,0,2,1,3,67,13,7,6,93,0,12,12,105
09/12/2022,XNA,AR,ASW,ES,Federal Contract Tower,63,18,8,6,95,0,2,18,0,20,63,20,26,6,115,0,0,0,115
09/13/2022,XNA,AR,ASW,ES,Federal Contract Tower,47,17,6,37,107,0,2,0,2,4,47,19,6,39,111,24,48,72,183
09/14/2022,XNA,AR,ASW,ES,Federal Contract Tower,47,17,14,15,93,0,2,1,5,8,47,19,15,20,101,2,34,36,137
09/15/2022,XNA,AR,ASW,ES,Federal Contract Tower,67,10,23,20,120,0,2,3,0,5,67,12,26,20,125,2,6,8,133
09/16/2022,XNA,AR,ASW,ES,Federal Contract Tower,58,18,26,50,152,0,0,5,0,5,58,18,31,50,157,8,12,20,177
09/17/2022,XNA,AR,ASW,ES,Federal Contract Tower,42,12,7,4,65,0,0,3,0,3,42,12,10,4,68,0,2,2,70
09/18/2022,XNA,AR,ASW,ES,Federal Contract Tower,63,12,10,14,99,0,0,4,0,4,63,12,14,14,103,0,0,0,103
09/19/2022,XNA,AR,ASW,ES,Federal Contract Tower,64,13,8,19,104,0,0,4,0,4,64,13,12,19,108,0,6,6,114
09/20/2022,XNA,AR,ASW,ES,Federal Contract Tower,45,14,17,15,91,0,4,6,1,11,45,18,23,16,102,0,16,16,118
09/21/2022,XNA,AR,ASW,ES,Federal Contract Tower,50,22,15,11,98,0,0,0,1,1,50,22,15,12,99,0,14,14,113
09/22/2022,XNA,AR,ASW,ES,Federal Contract Tower,61,14,15,10,100,0,0,2,1,3,61,14,17,11,103,0,8,8,111
09/23/2022,XNA,AR,ASW,ES,Federal Contract Tower,61,17,14,57,149,0,0,2,2,4,61,17,16,59,153,0,28,28,181
09/24/2022,XNA,AR,ASW,ES,Federal Contract Tower,41,20,8,3,72,0,0,0,4,4,41,20,8,7,76,0,0,0,76
09/25/2022,XNA,AR,ASW,ES,Federal Contract Tower,60,15,11,17,103,0,0,2,0,2,60,15,13,17,105,0,0,0,105
09/26/2022,XNA,AR,ASW,ES,Federal Contract Tower,66,17,7,24,114,0,0,7,1,8,66,17,14,25,122,0,12,12,134
09/27/2022,XNA,AR,ASW,ES,Federal Contract Tower,49,14,14,57,134,0,0,6,1,7,49,14,20,58,141,6,46,52,193
09/28/2022,XNA,AR,ASW,ES,Federal Contract Tower,48,19,12,22,101,0,0,1,6,7,48,19,13,28,108,0,42,42,150
09/29/2022,XNA,AR,ASW,ES,Federal Contract Tower,64,19,15,23,121,0,0,2,10,12,64,19,17,33,133,0,20,20,153
09/30/2022,XNA,AR,ASW,ES,Federal Contract Tower,64,22,16,11,113,0,1,2,1,4,64,23,18,12,117,14,18,32,149
10/01/2022,XNA,AR,ASW,ES,Federal Contract Tower,42,15,8,8,73,0,0,9,0,9,42,15,17,8,82,0,8,8,90
10/02/2022,XNA,AR,ASW,ES,Federal Contract Tower,62,20,8,10,100,0,0,4,2,6,62,20,12,12,106,0,0,0,106
10/03/2022,XNA,AR,ASW,ES,Federal Contract Tower,57,17,22,20,116,0,0,2,4,6,57,17,24,24,122,0,20,20,142
10/04/2022,XNA,AR,ASW,ES,Federal Contract Tower,42,17,35,16,110,0,2,0,0,2,42,19,35,16,112,0,6,6,118
10/05/2022,XNA,AR,ASW,ES,Federal Contract Tower,42,28,7,41,118,0,2,1,0,3,42,30,8,41,121,0,36,36,157
10/06/2022,XNA,AR,ASW,ES,Federal Contract Tower,61,24,12,30,127,0,0,2,2,4,61,24,14,32,131,0,34,34,165
10/07/2022,XNA,AR,ASW,ES,Federal Contract Tower,59,21,4,19,103,0,0,1,22,23,59,21,5,41,126,0,84,84,210
10/08/2022,XNA,AR,ASW,ES,Federal Contract Tower,42,17,7,0,66,0,0,1,0,1,42,17,8,0,67,0,0,0,67
10/09/2022,XNA,AR,ASW,ES,Federal Contract Tower,61,17,7,0,85,0,0,0,2,2,61,17,7,2,87,0,0,0,87
10/10/2022,XNA,AR,ASW,ES,Federal Contract Tower,56,15,12,0,83,0,0,5,0,5,56,15,17,0,88,14,0,14,102
10/11/2022,XNA,AR,ASW,ES,Federal Contract Tower,43,16,18,7,84,0,0,1,0,1,43,16,19,7,85,0,0,0,85
10/12/2022,XNA,AR,ASW,ES,Federal Contract Tower,43,18,17,6,84,0,0,2,1,3,43,18,19,7,87,0,8,8,95
10/13/2022,XNA,AR,ASW,ES,Federal Contract Tower,60,16,24,14,114,0,0,2,0,2,60,16,26,14,116,0,30,30,146
10/14/2022,XNA,AR,ASW,ES,Federal Contract Tower,63,19,18,32,132,0,0,4,9,13,63,19,22,41,145,0,8,8,153
10/15/2022,XNA,AR,ASW,ES,Federal Contract Tower,42,18,9,0,69,0,0,1,0,1,42,18,10,0,70,0,0,0,70
10/16/2022,XNA,AR,ASW,ES,Federal Contract Tower,62,16,20,1,99,0,2,5,0,7,62,18,25,1,106,8,0,8,114
10/17/2022,XNA,AR,ASW,ES,Federal Contract Tower,57,19,10,13,99,0,0,3,1,4,57,19,13,14,103,0,36,36,139
10/18/2022,XNA,AR,ASW,ES,Federal Contract Tower,44,23,27,19,113,0,5,5,2,12,44,28,32,21,125,0,66,66,191
10/19/2022,XNA,AR,ASW,ES,Federal Contract Tower,43,24,15,29,111,0,0,1,2,3,43,24,16,31,114,0,0,0,114
10/20/2022,XNA,AR,ASW,ES,Federal Contract Tower,60,23,15,55,153,0,0,5,3,8,60,23,20,58,161,0,42,42,203
10/21/2022,XNA,AR,ASW,ES,Federal Contract Tower,58,18,16,68,160,0,5,0,14,19,58,23,16,82,179,4,68,72,251
10/22/2022,XNA,AR,ASW,ES,Federal Contract Tower,41,15,8,0,64,0,0,1,0,1,41,15,9,0,65,0,0,0,65
10/23/2022,XNA,AR,ASW,ES,Federal Contract Tower,60,17,10,0,87,0,0,0,0,0,60,17,10,0,87,0,0,0,87
10/24/2022,XNA,AR,ASW,ES,Federal Contract Tower,57,18,9,0,84,0,0,1,0,1,57,18,10,0,85,0,0,0,85
10/25/2022,XNA,AR,ASW,ES,Federal Contract Tower,43,20,12,9,84,0,1,0,0,1,43,21,12,9,85,0,2,2,87
10/26/2022,XNA,AR,ASW,ES,Federal Contract Tower,47,26,18,89,180,0,0,3,1,4,47,26,21,90,184,0,54,54,238
10/27/2022,XNA,AR,ASW,ES,Federal Contract Tower,56,23,16,44,139,0,0,6,6,12,56,23,22,50,151,0,26,26,177
10/28/2022,XNA,AR,ASW,ES,Federal Contract Tower,62,16,15,93,186,0,2,3,14,19,62,18,18,107,205,0,50,50,255
10/29/2022,XNA,AR,ASW,ES,Federal Contract Tower,44,15,8,0,67,0,0,2,0,2,44,15,10,0,69,0,0,0,69
10/30/2022,XNA,AR,ASW,ES,Federal Contract Tower,59,12,25,0,96,0,0,0,0,0,59,12,25,0,96,0,0,0,96
10/31/2022,XNA,AR,ASW,ES,Federal Contract Tower,55,16,10,6,87,0,0,0,2,2,55,16,10,8,89,0,20,20,109
11/01/2022,XNA,AR,ASW,ES,Federal Contract Tower,52,17,12,50,131,0,0,2,4,6,52,17,14,54,137,0,68,68,205
11/02/2022,XNA,AR,ASW,ES,Federal Contract Tower,51,13,16,25,105,0,0,4,2,6,51,13,20,27,111,0,48,48,159
11/03/2022,XNA,AR,ASW,ES,Federal Contract Tower,65,13,16,50,144,0,0,0,7,7,65,13,16,57,151,0,14,14,165
11/04/2022,XNA,AR,ASW,ES,Federal Contract Tower,67,11,9,2,89,0,0,1,0,1,67,11,10,2,90,0,0,0,90
11/05/2022,XNA,AR,ASW,ES,Federal Contract Tower,46,11,7,2,66,0,0,3,0,3,46,11,10,2,69,0,0,0,69
11/06/2022,XNA,AR,ASW,ES,Federal Contract Tower,66,14,12,2,94,0,0,2,0,2,66,14,14,2,96,0,0,0,96
11/07/2022,XNA,AR,ASW,ES,Federal Contract Tower,62,12,10,22,106,0,1,1,1,3,62,13,11,23,109,0,0,0,109
11/08/2022,XNA,AR,ASW,ES,Federal Contract Tower,52,8,18,26,104,0,0,0,0,0,52,8,18,26,104,0,0,0,104
11/09/2022,XNA,AR,ASW,ES,Federal Contract Tower,55,15,21,35,126,0,0,2,3,5,55,15,23,38,131,0,66,66,197
11/10/2022,XNA,AR,ASW,ES,Federal Contract Tower,73,19,20,9,121,0,0,2,1,3,73,19,22,10,124,0,10,10,134
11/11/2022,XNA,AR,ASW,ES,Federal Contract Tower,68,15,16,4,103,0,1,2,0,3,68,16,18,4,106,0,0,0,106
11/12/2022,XNA,AR,ASW,ES,Federal Contract Tower,48,13,12,2,75,0,1,5,0,6,48,14,17,2,81,0,0,0,81
11/13/2022,XNA,AR,ASW,ES,Federal Contract Tower,65,12,11,4,92,0,0,9,0,9,65,12,20,4,101,0,0,0,101
11/14/2022,XNA,AR,ASW,ES,Federal Contract Tower,66,14,9,0,89,0,0,2,0,2,66,14,11,0,91,0,0,0,91
11/15/2022,XNA,AR,ASW,ES,Federal Contract Tower,48,13,18,24,103,0,0,1,0,1,48,13,19,24,104,0,0,0,104
11/16/2022,XNA,AR,ASW,ES,Federal Contract Tower,54,15,14,6,89,0,0,2,0,2,54,15,16,6,91,0,6,6,97
11/17/2022,XNA,AR,ASW,ES,Federal Contract Tower,64,17,32,7,120,0,2,0,1,3,64,19,32,8,123,0,42,42,165
11/18/2022,XNA,AR,ASW,ES,Federal Contract Tower,73,10,10,8,101,0,0,4,6,10,73,10,14,14,111,0,2,2,113
11/19/2022,XNA,AR,ASW,ES,Federal Contract Tower,44,13,9,6,72,3,0,1,4,8,47,13,10,10,80,0,2,2,82
11/20/2022,XNA,AR,ASW,ES,Federal Contract Tower,69,9,4,13,95,0,2,3,3,8,69,11,7,16,103,0,0,0,103
11/21/2022,XNA,AR,ASW,ES,Federal Contract Tower,63,14,8,12,97,0,0,4,3,7,63,14,12,15,104,0,18,18,122
11/22/2022,XNA,AR,ASW,ES,Federal Contract Tower,59,14,7,14,94,0,0,2,2,4,59,14,9,16,98,0,22,22,120
11/23/2022,XNA,AR,ASW,ES,Federal Contract Tower,60,12,5,2,79,0,2,1,0,3,60,14,6,2,82,0,16,16,98
11/24/2022,XNA,AR,ASW,ES,Federal Contract Tower,33,8,9,0,50,0,0,0,0,0,33,8,9,0,50,0,0,0,50
11/25/2022,XNA,AR,ASW,ES,Federal Contract Tower,54,10,5,0,69,0,1,5,0,6,54,11,10,0,75,0,0,0,75
11/26/2022,XNA,AR,ASW,ES,Federal Contract Tower,57,10,4,0,71,0,0,1,0,1,57,10,5,0,72,0,0,0,72
11/27/2022,XNA,AR,ASW,ES,Federal Contract Tower,68,13,13,0,94,0,2,5,0,7,68,15,18,0,101,4,0,4,105
11/28/2022,XNA,AR,ASW,ES,Federal Contract Tower,68,22,16,45,151,0,0,1,0,1,68,22,17,45,152,0,52,52,204
11/29/2022,XNA,AR,ASW,ES,Federal Contract Tower,49,11,13,31,104,0,0,0,6,6,49,11,13,37,110,0,6,6,116
11/30/2022,XNA,AR,ASW,ES,Federal Contract Tower,50,20,16,21,107,0,0,2,1,3,50,20,18,22,110,0,14,14,124
12/01/2022,XNA,AR,ASW,ES,Federal Contract Tower,64,17,10,29,120,0,0,4,2,6,64,17,14,31,126,4,66,70,196
12/02/2022,XNA,AR,ASW,ES,Federal Contract Tower,63,17,9,4,93,0,1,0,0,1,63,18,9,4,94,0,0,0,94
12/03/2022,XNA,AR,ASW,ES,Federal Contract Tower,42,11,15,13,81,0,0,2,0,2,42,11,17,13,83,0,36,36,119
12/04/2022,XNA,AR,ASW,ES,Federal Contract Tower,65,16,7,9,97,0,0,4,3,7,65,16,11,12,104,0,4,4,108
12/05/2022,XNA,AR,ASW,ES,Federal Contract Tower,67,9,15,0,91,0,0,0,0,0,67,9,15,0,91,0,0,0,91
12/06/2022,XNA,AR,ASW,ES,Federal Contract Tower,48,18,17,0,83,0,0,1,0,1,48,18,18,0,84,0,0,0,84
12/07/2022,XNA,AR,ASW,ES,Federal Contract Tower,51,19,13,0,83,0,0,1,0,1,51,19,14,0,84,0,0,0,84
12/08/2022,XNA,AR,ASW,ES,Federal Contract Tower,66,17,20,6,109,0,0,0,0,0,66,17,20,6,109,0,0,0,109
12/09/2022,XNA,AR,ASW,ES,Federal Contract Tower,63,12,19,33,127,0,0,3,0,3,63,12,22,33,130,0,50,50,180
12/10/2022,XNA,AR,ASW,ES,Federal Contract Tower,44,9,5,0,58,0,0,0,0,0,44,9,5,0,58,0,0,0,58
12/11/2022,XNA,AR,ASW,ES,Federal Contract Tower,63,13,6,1,83,0,0,1,0,1,63,13,7,1,84,0,0,0,84
12/12/2022,XNA,AR,ASW,ES,Federal Contract Tower,63,17,14,33,127,0,0,1,0,1,63,17,15,33,128,0,0,0,128
12/13/2022,XNA,AR,ASW,ES,Federal Contract Tower,46,12,13,2,73,0,0,1,1,2,46,12,14,3,75,0,22,22,97
12/14/2022,XNA,AR,ASW,ES,Federal Contract Tower,51,12,15,14,92,0,0,1,2,3,51,12,16,16,95,0,64,64,159
12/15/2022,XNA,AR,ASW,ES,Federal Contract Tower,56,13,16,27,112,0,0,0,0,0,56,13,16,27,112,0,42,42,154
12/16/2022,XNA,AR,ASW,ES,Federal Contract Tower,65,15,17,13,110,0,0,6,6,12,65,15,23,19,122,0,74,74,196
12/17/2022,XNA,AR,ASW,ES,Federal Contract Tower,42,10,8,0,60,0,2,1,0,3,42,12,9,0,63,0,0,0,63
12/18/2022,XNA,AR,ASW,ES,Federal Contract Tower,53,10,6,2,71,0,2,6,1,9,53,12,12,3,80,0,0,0,80
12/19/2022,XNA,AR,ASW,ES,Federal Contract Tower,63,15,15,18,111,0,0,2,0,2,63,15,17,18,113,0,16,16,129
12/20/2022,XNA,AR,ASW,ES,Federal Contract Tower,51,18,13,70,152,0,0,3,0,3,51,18,16,70,155,0,46,46,201
12/21/2022,XNA,AR,ASW,ES,Federal Contract Tower,51,13,9,27,100,0,0,4,0,4,51,13,13,27,104,0,6,6,110
12/22/2022,XNA,AR,ASW,ES,Federal Contract Tower,43,10,2,0,55,0,0,0,0,0,43,10,2,0,55,0,0,0,55
12/23/2022,XNA,AR,ASW,ES,Federal Contract Tower,46,13,3,0,62,0,0,1,0,1,46,13,4,0,63,0,0,0,63
12/24/2022,XNA,AR,ASW,ES,Federal Contract Tower,36,6,3,0,45,0,0,3,0,3,36,6,6,0,48,0,0,0,48
12/25/2022,XNA,AR,ASW,ES,Federal Contract Tower,34,14,0,0,48,0,0,3,0,3,34,14,3,0,51,0,0,0,51
12/26/2022,XNA,AR,ASW,ES,Federal Contract Tower,60,12,14,0,86,0,0,1,0,1,60,12,15,0,87,0,0,0,87
12/27/2022,XNA,AR,ASW,ES,Federal Contract Tower,54,13,14,1,82,0,0,4,1,5,54,13,18,2,87,0,20,20,107
12/28/2022,XNA,AR,ASW,ES,Federal Contract Tower,54,12,9,2,77,0,2,0,0,2,54,14,9,2,79,0,0,0,79
12/29/2022,XNA,AR,ASW,ES,Federal Contract Tower,55,15,12,0,82,0,0,4,0,4,55,15,16,0,86,0,0,0,86
12/30/2022,XNA,AR,ASW,ES,Federal Contract Tower,56,16,5,0,77,0,0,3,0,3,56,16,8,0,80,0,0,0,80
12/31/2022,XNA,AR,ASW,ES,Federal Contract Tower,40,10,6,0,56,0,0,4,0,4,40,10,10,0,60,0,0,0,60
01/01/2023,XNA,AR,ASW,ES,Federal Contract Tower,39,11,6,0,56,0,0,3,0,3,39,11,9,0,59,0,0,0,59
01/02/2023,XNA,AR,ASW,ES,Federal Contract Tower,58,10,7,0,75,0,0,0,0,0,58,10,7,0,75,0,0,0,75
01/03/2023,XNA,AR,ASW,ES,Federal Contract Tower,48,11,3,13,75,0,0,2,3,5,48,11,5,16,80,0,18,18,98
01/04/2023,XNA,AR,ASW,ES,Federal Contract Tower,59,10,13,40,122,0,0,6,4,10,59,10,19,44,132,2,44,46,178
01/05/2023,XNA,AR,ASW,ES,Federal Contract Tower,67,15,9,11,102,0,0,3,0,3,67,15,12,11,105,0,22,22,127
01/06/2023,XNA,AR,ASW,ES,Federal Contract Tower,58,8,7,57,130,0,0,1,6,7,58,8,8,63,137,0,42,42,179
01/07/2023,XNA,AR,ASW,ES,Federal Contract Tower,54,12,4,2,72,0,0,0,0,0,54,12,4,2,72,0,6,6,78
01/08/2023,XNA,AR,ASW,ES,Federal Contract Tower,66,6,6,2,80,0,0,0,0,0,66,6,6,2,80,0,0,0,80
01/09/2023,XNA,AR,ASW,ES,Federal Contract Tower,62,12,11,21,106,0,0,7,3,10,62,12,18,24,116,0,16,16,132
01/10/2023,XNA,AR,ASW,ES,Federal Contract Tower,61,17,17,35,130,0,0,7,10,17,61,17,24,45,147,0,92,92,239
01/11/2023,XNA,AR,ASW,ES,Federal Contract Tower,64,14,24,23,125,0,0,0,1,1,64,14,24,24,126,0,26,26,152
01/12/2023,XNA,AR,ASW,ES,Federal Contract Tower,69,14,18,2,103,0,0,1,0,1,69,14,19,2,104,0,0,0,104
01/13/2023,XNA,AR,ASW,ES,Federal Contract Tower,66,10,17,3,96,0,0,1,0,1,66,10,18,3,97,0,0,0,97
01/14/2023,XNA,AR,ASW,ES,Federal Contract Tower,44,6,16,0,66,0,0,5,0,5,44,6,21,0,71,0,0,0,71
01/15/2023,XNA,AR,ASW,ES,Federal Contract Tower,70,10,3,0,83,0,0,0,0,0,70,10,3,0,83,0,0,0,83
01/16/2023,XNA,AR,ASW,ES,Federal Contract Tower,66,10,15,4,95,0,0,0,0,0,66,10,15,4,95,0,0,0,95
01/17/2023,XNA,AR,ASW,ES,Federal Contract Tower,58,16,14,22,110,0,0,3,3,6,58,16,17,25,116,0,16,16,132
01/18/2023,XNA,AR,ASW,ES,Federal Contract Tower,62,22,12,15,111,0,0,1,0,1,62,22,13,15,112,0,8,8,120
01/19/2023,XNA,AR,ASW,ES,Federal Contract Tower,70,13,23,0,106,0,0,0,0,0,70,13,23,0,106,0,0,0,106
01/20/2023,XNA,AR,ASW,ES,Federal Contract Tower,68,10,8,84,170,0,2,2,12,16,68,12,10,96,186,0,108,108,294
01/21/2023,XNA,AR,ASW,ES,Federal Contract Tower,51,8,4,2,65,0,0,1,0,1,51,8,5,2,66,0,4,4,70
01/22/2023,XNA,AR,ASW,ES,Federal Contract Tower,76,11,3,0,90,0,1,0,0,1,76,12,3,0,91,0,0,0,91
01/23/2023,XNA,AR,ASW,ES,Federal Contract Tower,65,12,19,20,116,0,0,9,4,13,65,12,28,24,129,24,52,76,205
01/24/2023,XNA,AR,ASW,ES,Federal Contract Tower,56,6,18,10,90,0,0,1,0,1,56,6,19,10,91,0,6,6,97
01/25/2023,XNA,AR,ASW,ES,Federal Contract Tower,56,11,17,2,86,0,0,1,0,1,56,11,18,2,87,0,0,0,87
01/26/2023,XNA,AR,ASW,ES,Federal Contract Tower,74,12,27,11,124,0,0,4,2,6,74,12,31,13,130,10,12,22,152
01/27/2023,XNA,AR,ASW,ES,Federal Contract Tower,66,9,18,18,111,0,2,1,3,6,66,11,19,21,117,0,26,26,143
01/28/2023,XNA,AR,ASW,ES,Federal Contract Tower,53,11,10,2,76,0,0,1,0,1,53,11,11,2,77,0,0,0,77
01/29/2023,XNA,AR,ASW,ES,Federal Contract Tower,70,10,9,2,91,0,0,0,0,0,70,10,9,2,91,0,0,0,91
01/30/2023,XNA,AR,ASW,ES,Federal Contract Tower,36,1,11,0,48,0,0,0,0,0,36,1,11,0,48,0,0,0,48
01/31/2023,XNA,AR,ASW,ES,Federal Contract Tower,49,17,10,0,76,0,0,0,0,0,49,17,10,0,76,0,0,0,76
02/01/2023,XNA,AR,ASW,ES,Federal Contract Tower,48,10,19,8,85,0,0,0,1,1,48,10,19,9,86,0,22,22,108
02/02/2023,XNA,AR,ASW,ES,Federal Contract Tower,69,14,16,14,113,0,0,1,1,2,69,14,17,15,115,0,28,28,143
02/03/2023,XNA,AR,ASW,ES,Federal Contract Tower,71,12,14,37,134,0,0,2,6,8,71,12,16,43,142,0,42,42,184
02/04/2023,XNA,AR,ASW,ES,Federal Contract Tower,58,10,4,11,83,0,0,2,9,11,58,10,6,20,94,0,2,2,96
02/05/2023,XNA,AR,ASW,ES,Federal Contract Tower,73,6,14,2,95,0,0,1,0,1,73,6,15,2,96,0,0,0,96
02/06/2023,XNA,AR,ASW,ES,Federal Contract Tower,73,10,11,9,103,0,0,5,3,8,73,10,16,12,111,0,6,6,117
02/07/2023,XNA,AR,ASW,ES,Federal Contract Tower,63,16,23,4,106,0,0,0,3,3,63,16,23,7,109,0,0,0,109
02/08/2023,XNA,AR,ASW,ES,Federal Contract Tower,62,10,6,2,80,0,0,0,0,0,62,10,6,2,80,0,0,0,80
02/09/2023,XNA,AR,ASW,ES,Federal Contract Tower,80,11,19,3,113,0,0,8,5,13,80,11,27,8,126,0,0,0,126
02/10/2023,XNA,AR,ASW,ES,Federal Contract Tower,66,16,9,7,98,0,0,0,5,5,66,16,9,12,103,0,0,0,103
02/11/2023,XNA,AR,ASW,ES,Federal Contract Tower,55,22,3,10,90,0,0,4,8,12,55,22,7,18,102,0,6,6,108
02/12/2023,XNA,AR,ASW,ES,Federal Contract Tower,57,15,1,10,83,0,0,0,0,0,57,15,1,10,83,0,0,0,83
02/13/2023,XNA,AR,ASW,ES,Federal Contract Tower,60,19,17,29,125,0,0,6,4,10,60,19,23,33,135,0,50,50,185
02/14/2023,XNA,AR,ASW,ES,Federal Contract Tower,56,16,9,4,85,0,0,1,0,1,56,16,10,4,86,0,0,0,86
02/15/2023,XNA,AR,ASW,ES,Federal Contract Tower,55,20,16,26,117,0,0,5,11,16,55,20,21,37,133,6,138,144,277
02/16/2023,XNA,AR,ASW,ES,Federal Contract Tower,73,12,11,6,102,0,0,1,0,1,73,12,12,6,103,0,0,0,103
02/17/2023,XNA,AR,ASW,ES,Federal Contract Tower,66,16,8,55,145,0,0,1,3,4,66,16,9,58,149,0,52,52,201
02/18/2023,XNA,AR,ASW,ES,Federal Contract Tower,51,10,6,0,67,0,0,1,0,1,51,10,7,0,68,0,0,0,68
02/19/2023,XNA,AR,ASW,ES,Federal Contract Tower,60,16,5,0,81,0,0,1,0,1,60,16,6,0,82,0,0,0,82
02/20/2023,XNA,AR,ASW,ES,Federal Contract Tower,70,21,15,0,106,0,0,1,4,5,70,21,16,4,111,10,0,10,121
02/21/2023,XNA,AR,ASW,ES,Federal Contract Tower,53,20,23,32,128,0,0,4,6,10,53,20,27,38,138,0,18,18,156
02/22/2023,XNA,AR,ASW,ES,Federal Contract Tower,65,16,13,8,102,0,2,1,2,5,65,18,14,10,107,0,0,0,107
02/23/2023,XNA,AR,ASW,ES,Federal Contract Tower,66,12,25,25,128,0,0,2,7,9,66,12,27,32,137,0,60,60,197
02/24/2023,XNA,AR,ASW,ES,Federal Contract Tower,65,19,16,18,118,0,0,3,0,3,65,19,19,18,121,0,0,0,121
02/25/2023,XNA,AR,ASW,ES,Federal Contract Tower,53,14,5,6,78,0,0,2,0,2,53,14,7,6,80,0,4,4,84
02/26/2023,XNA,AR,ASW,ES,Federal Contract Tower,73,19,9,2,103,0,0,0,0,0,73,19,9,2,103,0,0,0,103
02/27/2023,XNA,AR,ASW,ES,Federal Contract Tower,73,22,14,22,131,0,0,0,6,6,73,22,14,28,137,8,30,38,175
02/28/2023,XNA,AR,ASW,ES,Federal Contract Tower,55,13,19,39,126,0,2,6,4,12,55,15,25,43,138,4,14,18,156
03/01/2023,XNA,AR,ASW,ES,Federal Contract Tower,54,20,16,38,128,0,0,3,2,5,54,20,19,40,133,2,70,72,205
03/02/2023,XNA,AR,ASW,ES,Federal Contract Tower,59,17,18,3,97,0,0,0,0,0,59,17,18,3,97,0,0,0,97
03/03/2023,XNA,AR,ASW,ES,Federal Contract Tower,70,17,15,0,102,0,0,2,2,4,70,17,17,2,106,0,0,0,106
03/04/2023,XNA,AR,ASW,ES,Federal Contract Tower,46,16,7,5,74,0,0,4,4,8,46,16,11,9,82,0,16,16,98
03/05/2023,XNA,AR,ASW,ES,Federal Contract Tower,68,18,7,8,101,0,0,2,0,2,68,18,9,8,103,0,0,0,103
03/06/2023,XNA,AR,ASW,ES,Federal Contract Tower,74,12,19,8,113,0,0,3,2,5,74,12,22,10,118,0,4,4,122
03/07/2023,XNA,AR,ASW,ES,Federal Contract Tower,59,15,18,2,94,0,0,1,0,1,59,15,19,2,95,0,0,0,95
03/08/2023,XNA,AR,ASW,ES,Federal Contract Tower,61,19,12,0,92,0,0,0,0,0,61,19,12,0,92,0,0,0,92
03/09/2023,XNA,AR,ASW,ES,Federal Contract Tower,68,15,15,0,98,0,0,1,0,1,68,15,16,0,99,0,0,0,99
03/10/2023,XNA,AR,ASW,ES,Federal Contract Tower,72,12,7,25,116,0,0,4,2,6,72,12,11,27,122,6,22,28,150
03/11/2023,XNA,AR,ASW,ES,Federal Contract Tower,52,16,6,2,76,0,0,1,0,1,52,16,7,2,77,0,0,0,77
03/12/2023,XNA,AR,ASW,ES,Federal Contract Tower,66,16,11,2,95,0,0,1,0,1,66,16,12,2,96,0,0,0,96
03/13/2023,XNA,AR,ASW,ES,Federal Contract Tower,74,18,12,18,122,0,0,1,0,1,74,18,13,18,123,0,24,24,147
03/14/2023,XNA,AR,ASW,ES,Federal Contract Tower,63,13,14,5,95,0,0,1,1,2,63,13,15,6,97,0,6,6,103
03/15/2023,XNA,AR,ASW,ES,Federal Contract Tower,64,10,8,34,116,0,0,2,4,6,64,10,10,38,122,0,60,60,182
03/16/2023,XNA,AR,ASW,ES,Federal Contract Tower,69,11,15,0,95,0,0,0,0,0,69,11,15,0,95,0,0,0,95
03/17/2023,XNA,AR,ASW,ES,Federal Contract Tower,74,10,15,80,179,0,0,0,3,3,74,10,15,83,182,0,32,32,214
03/18/2023,XNA,AR,ASW,ES,Federal Contract Tower,55,10,10,0,75,0,0,4,4,8,55,10,14,4,83,0,0,0,83
03/19/2023,XNA,AR,ASW,ES,Federal Contract Tower,71,14,11,8,104,0,0,4,3,7,71,14,15,11,111,0,2,2,113
03/20/2023,XNA,AR,ASW,ES,Federal Contract Tower,79,11,7,22,119,0,0,13,15,28,79,11,20,37,147,0,46,46,193
03/21/2023,XNA,AR,ASW,ES,Federal Contract Tower,61,15,8,0,84,0,0,1,0,1,61,15,9,0,85,0,0,0,85
03/22/2023,XNA,AR,ASW,ES,Federal Contract Tower,62,15,16,14,107,0,0,0,6,6,62,15,16,20,113,0,0,0,113
03/23/2023,XNA,AR,ASW,ES,Federal Contract Tower,64,22,6,2,94,0,0,1,0,1,64,22,7,2,95,0,0,0,95
03/24/2023,XNA,AR,ASW,ES,Federal Contract Tower,77,14,13,0,104,0,0,0,0,0,77,14,13,0,104,0,0,0,104
03/25/2023,XNA,AR,ASW,ES,Federal Contract Tower,59,8,7,6,80,0,0,2,0,2,59,8,9,6,82,0,8,8,90
03/26/2023,XNA,AR,ASW,ES,Federal Contract Tower,63,20,14,14,111,0,2,4,0,6,63,22,18,14,117,0,0,0,117
03/27/2023,XNA,AR,ASW,ES,Federal Contract Tower,70,17,13,32,132,0,1,2,1,4,70,18,15,33,136,0,26,26,162
03/28/2023,XNA,AR,ASW,ES,Federal Contract Tower,57,20,15,30,122,0,0,3,2,5,57,20,18,32,127,0,34,34,161
03/29/2023,XNA,AR,ASW,ES,Federal Contract Tower,52,10,9,15,86,0,0,5,0,5,52,10,14,15,91,0,22,22,113
03/30/2023,XNA,AR,ASW,ES,Federal Contract Tower,71,19,17,30,137,0,0,1,6,7,71,19,18,36,144,0,44,44,188
03/31/2023,XNA,AR,ASW,ES,Federal Contract Tower,68,11,12,0,91,0,0,1,0,1,68,11,13,0,92,0,0,0,92
04/01/2023,XNA,AR,ASW,ES,Federal Contract Tower,54,14,1,0,69,0,0,0,0,0,54,14,1,0,69,0,0,0,69
04/02/2023,XNA,AR,ASW,ES,Federal Contract Tower,66,21,19,2,108,0,1,3,0,4,66,22,22,2,112,0,2,2,114
04/03/2023,XNA,AR,ASW,ES,Federal Contract Tower,72,24,10,26,132,0,0,4,23,27,72,24,14,49,159,0,76,76,235
04/04/2023,XNA,AR,ASW,ES,Federal Contract Tower,54,16,9,3,82,0,0,2,1,3,54,16,11,4,85,0,14,14,99
04/05/2023,XNA,AR,ASW,ES,Federal Contract Tower,53,19,14,7,93,0,0,4,0,4,53,19,18,7,97,0,0,0,97
04/06/2023,XNA,AR,ASW,ES,Federal Contract Tower,65,17,24,26,132,0,0,0,2,2,65,17,24,28,134,0,36,36,170
04/07/2023,XNA,AR,ASW,ES,Federal Contract Tower,70,20,7,31,128,0,3,2,1,6,70,23,9,32,134,0,28,28,162
04/08/2023,XNA,AR,ASW,ES,Federal Contract Tower,51,15,4,37,107,0,0,8,1,9,51,15,12,38,116,0,24,24,140
04/09/2023,XNA,AR,ASW,ES,Federal Contract Tower,57,16,12,0,85,0,0,1,0,1,57,16,13,0,86,0,0,0,86
04/10/2023,XNA,AR,ASW,ES,Federal Contract Tower,73,19,26,32,150,0,0,2,3,5,73,19,28,35,155,0,46,46,201
04/11/2023,XNA,AR,ASW,ES,Federal Contract Tower,54,19,11,10,94,0,0,0,4,4,54,19,11,14,98,0,30,30,128
04/12/2023,XNA,AR,ASW,ES,Federal Contract Tower,53,14,30,21,118,0,0,0,4,4,53,14,30,25,122,0,36,36,158
04/13/2023,XNA,AR,ASW,ES,Federal Contract Tower,64,22,26,32,144,0,0,4,1,5,64,22,30,33,149,2,66,68,217
04/14/2023,XNA,AR,ASW,ES,Federal Contract Tower,69,20,10,46,145,0,0,3,13,16,69,20,13,59,161,0,64,64,225
04/15/2023,XNA,AR,ASW,ES,Federal Contract Tower,48,18,12,0,78,0,1,0,0,1,48,19,12,0,79,0,0,0,79
04/16/2023,XNA,AR,ASW,ES,Federal Contract Tower,60,28,8,8,104,0,0,0,2,2,60,28,8,10,106,0,2,2,108
04/17/2023,XNA,AR,ASW,ES,Federal Contract Tower,68,20,12,8,108,0,0,5,5,10,68,20,17,13,118,0,52,52,170
04/18/2023,XNA,AR,ASW,ES,Federal Contract Tower,52,19,20,17,108,0,0,4,0,4,52,19,24,17,112,0,14,14,126
04/19/2023,XNA,AR,ASW,ES,Federal Contract Tower,49,16,30,7,102,0,0,0,0,0,49,16,30,7,102,0,0,0,102
04/20/2023,XNA,AR,ASW,ES,Federal Contract Tower,59,14,22,0,95,0,1,1,0,2,59,15,23,0,97,0,0,0,97
04/21/2023,XNA,AR,ASW,ES,Federal Contract Tower,71,18,18,62,169,0,0,0,4,4,71,18,18,66,173,0,106,106,279
04/22/2023,XNA,AR,ASW,ES,Federal Contract Tower,48,17,7,6,78,0,0,2,2,4,48,17,9,8,82,0,0,0,82
04/23/2023,XNA,AR,ASW,ES,Federal Contract Tower,68,15,11,0,94,0,0,4,0,4,68,15,15,0,98,0,0,0,98
04/24/2023,XNA,AR,ASW,ES,Federal Contract Tower,71,30,9,61,171,0,0,0,3,3,71,30,9,64,174,0,126,126,300
04/25/2023,XNA,AR,ASW,ES,Federal Contract Tower,53,25,21,1,100,0,2,0,0,2,53,27,21,1,102,0,0,0,102
04/26/2023,XNA,AR,ASW,ES,Federal Contract Tower,48,26,13,0,87,0,0,0,0,0,48,26,13,0,87,0,0,0,87
04/27/2023,XNA,AR,ASW,ES,Federal Contract Tower,62,27,19,0,108,0,0,1,0,1,62,27,20,0,109,0,0,0,109
04/28/2023,XNA,AR,ASW,ES,Federal Contract Tower,61,24,13,6,104,0,0,2,0,2,61,24,15,6,106,0,0,0,106
04/29/2023,XNA,AR,ASW,ES,Federal Contract Tower,51,18,0,6,75,0,0,5,1,6,51,18,5,7,81,0,0,0,81
04/30/2023,XNA,AR,ASW,ES,Federal Contract Tower,59,16,7,1,83,0,1,14,1,16,59,17,21,2,99,8,0,8,107
05/01/2023,XNA,AR,ASW,ES,Federal Contract Tower,72,15,21,28,136,0,0,1,0,1,72,15,22,28,137,0,20,20,157
05/02/2023,XNA,AR,ASW,ES,Federal Contract Tower,53,19,15,15,102,0,0,4,15,19,53,19,19,30,121,12,58,70,191
05/03/2023,XNA,AR,ASW,ES,Federal Contract Tower,54,15,16,22,107,0,0,13,0,13,54,15,29,22,120,0,26,26,146
05/04/2023,XNA,AR,ASW,ES,Federal Contract Tower,67,14,17,0,98,0,0,0,0,0,67,14,17,0,98,0,0,0,98
05/05/2023,XNA,AR,ASW,ES,Federal Contract Tower,73,12,13,9,107,0,0,5,4,9,73,12,18,13,116,0,22,22,138
05/06/2023,XNA,AR,ASW,ES,Federal Contract Tower,48,13,10,0,71,0,0,1,0,1,48,13,11,0,72,0,0,0,72
05/07/2023,XNA,AR,ASW,ES,Federal Contract Tower,70,13,12,12,107,0,0,2,0,2,70,13,14,12,109,0,0,0,109
05/08/2023,XNA,AR,ASW,ES,Federal Contract Tower,80,22,14,35,151,0,0,3,3,6,80,22,17,38,157,0,84,84,241
05/09/2023,XNA,AR,ASW,ES,Federal Contract Tower,65,12,9,22,108,0,0,8,2,10,65,12,17,24,118,0,36,36,154
05/10/2023,XNA,AR,ASW,ES,Federal Contract Tower,64,15,17,24,120,0,0,2,0,2,64,15,19,24,122,0,18,18,140
05/11/2023,XNA,AR,ASW,ES,Federal Contract Tower,74,16,17,0,107,0,1,1,3,5,74,17,18,3,112,0,6,6,118
05/12/2023,XNA,AR,ASW,ES,Federal Contract Tower,76,18,22,0,116,0,0,1,0,1,76,18,23,0,117,0,4,4,121
05/13/2023,XNA,AR,ASW,ES,Federal Contract Tower,55,10,11,5,81,0,0,6,0,6,55,10,17,5,87,0,0,0,87
05/14/2023,XNA,AR,ASW,ES,Federal Contract Tower,71,14,9,4,98,0,0,1,0,1,71,14,10,4,99,0,0,0,99
05/15/2023,XNA,AR,ASW,ES,Federal Contract Tower,77,11,23,4,115,0,0,1,0,1,77,11,24,4,116,0,0,0,116
05/16/2023,XNA,AR,ASW,ES,Federal Contract Tower,59,16,19,2,96,0,0,0,0,0,59,16,19,2,96,0,0,0,96
05/17/2023,XNA,AR,ASW,ES,Federal Contract Tower,61,18,23,18,120,0,0,7,2,9,61,18,30,20,129,0,8,8,137
05/18/2023,XNA,AR,ASW,ES,Federal Contract Tower,72,19,28,32,151,0,2,4,4,10,72,21,32,36,161,30,62,92,253
05/19/2023,XNA,AR,ASW,ES,Federal Contract Tower,71,17,13,1,102,0,0,1,0,1,71,17,14,1,103,0,0,0,103
05/20/2023,XNA,AR,ASW,ES,Federal Contract Tower,57,11,14,23,105,0,0,6,2,8,57,11,20,25,113,80,54,134,247
05/21/2023,XNA,AR,ASW,ES,Federal Contract Tower,74,10,11,3,98,0,0,1,6,7,74,10,12,9,105,0,0,0,105
05/22/2023,XNA,AR,ASW,ES,Federal Contract Tower,75,13,14,14,116,0,4,5,0,9,75,17,19,14,125,0,28,28,153
05/23/2023,XNA,AR,ASW,ES,Federal Contract Tower,66,19,28,22,135,0,0,0,3,3,66,19,28,25,138,2,58,60,198
05/24/2023,XNA,AR,ASW,ES,Federal Contract Tower,64,13,22,4,103,0,0,11,0,11,64,13,33,4,114,28,28,56,170
05/25/2023,XNA,AR,ASW,ES,Federal Contract Tower,71,10,47,11,139,0,0,6,2,8,71,10,53,13,147,6,72,78,225
05/26/2023,XNA,AR,ASW,ES,Federal Contract Tower,74,7,23,1,105,0,0,13,0,13,74,7,36,1,118,16,0,16,134
05/27/2023,XNA,AR,ASW,ES,Federal Contract Tower,56,7,19,0,82,0,0,10,0,10,56,7,29,0,92,0,0,0,92
05/28/2023,XNA,AR,ASW,ES,Federal Contract Tower,81,7,9,0,97,0,0,7,0,7,81,7,16,0,104,0,0,0,104
05/29/2023,XNA,AR,ASW,ES,Federal Contract Tower,80,5,10,1,96,0,0,9,0,9,80,5,19,1,105,0,0,0,105
05/30/2023,XNA,AR,ASW,ES,Federal Contract Tower,73,12,17,11,113,0,0,0,0,0,73,12,17,11,113,0,8,8,121
05/31/2023,XNA,AR,ASW,ES,Federal Contract Tower,72,20,27,5,124,0,0,4,1,5,72,20,31,6,129,0,14,14,143
06/01/2023,XNA,AR,ASW,ES,Federal Contract Tower,75,13,29,12,129,0,0,8,0,8,75,13,37,12,137,0,8,8,145
06/02/2023,XNA,AR,ASW,ES,Federal Contract Tower,91,8,15,61,175,0,0,4,3,7,91,8,19,64,182,0,42,42,224
06/03/2023,XNA,AR,ASW,ES,Federal Contract Tower,85,7,8,2,102,0,0,2,2,4,85,7,10,4,106,0,0,0,106
06/04/2023,XNA,AR,ASW,ES,Federal Contract Tower,83,7,18,17,125,0,0,2,1,3,83,7,20,18,128,2,20,22,150
06/05/2023,XNA,AR,ASW,ES,Federal Contract Tower,86,10,10,30,136,0,0,0,1,1,86,10,10,31,137,0,24,24,161
06/06/2023,XNA,AR,ASW,ES,Federal Contract Tower,60,10,22,11,103,0,0,4,0,4,60,10,26,11,107,0,40,40,147
06/07/2023,XNA,AR,ASW,ES,Federal Contract Tower,68,12,15,41,136,0,0,0,0,0,68,12,15,41,136,0,40,40,176
06/08/2023,XNA,AR,ASW,ES,Federal Contract Tower,84,14,9,15,122,0,0,4,0,4,84,14,13,15,126,0,10,10,136
06/09/2023,XNA,AR,ASW,ES,Federal Contract Tower,79,7,16,13,115,0,0,0,0,0,79,7,16,13,115,0,0,0,115
06/10/2023,XNA,AR,ASW,ES,Federal Contract Tower,59,7,5,0,71,0,0,2,0,2,59,7,7,0,73,0,0,0,73
06/11/2023,XNA,AR,ASW,ES,Federal Contract Tower,74,12,12,0,98,0,0,3,0,3,74,12,15,0,101,0,0,0,101
06/13/2023,XNA,AR,ASW,ES,Federal Contract Tower,57,12,16,7,92,0,0,1,0,1,57,12,17,7,93,0,6,6,99
06/14/2023,XNA,AR,ASW,ES,Federal Contract Tower,70,12,21,0,103,0,0,5,0,5,70,12,26,0,108,0,0,0,108
06/15/2023,XNA,AR,ASW,ES,Federal Contract Tower,75,13,15,28,131,0,0,2,0,2,75,13,17,28,133,4,26,30,163
06/16/2023,XNA,AR,ASW,ES,Federal Contract Tower,78,12,24,0,114,0,0,9,0,9,78,12,33,0,123,0,0,0,123
06/17/2023,XNA,AR,ASW,ES,Federal Contract Tower,58,14,15,0,87,0,0,1,2,3,58,14,16,2,90,0,0,0,90
06/18/2023,XNA,AR,ASW,ES,Federal Contract Tower,76,10,14,0,100,0,0,7,0,7,76,10,21,0,107,2,0,2,109
06/19/2023,XNA,AR,ASW,ES,Federal Contract Tower,82,8,4,0,94,0,0,1,0,1,82,8,5,0,95,0,0,0,95
06/20/2023,XNA,AR,ASW,ES,Federal Contract Tower,59,15,16,39,129,0,0,1,2,3,59,15,17,41,132,4,78,82,214
06/21/2023,XNA,AR,ASW,ES,Federal Contract Tower,72,17,14,15,118,0,2,7,0,9,72,19,21,15,127,4,42,46,173
06/22/2023,XNA,AR,ASW,ES,Federal Contract Tower,77,10,20,34,141,0,1,9,3,13,77,11,29,37,154,6,44,50,204
06/23/2023,XNA,AR,ASW,ES,Federal Contract Tower,76,10,10,17,113,0,2,3,1,6,76,12,13,18,119,4,28,32,151
06/24/2023,XNA,AR,ASW,ES,Federal Contract Tower,62,8,5,0,75,0,0,2,0,2,62,8,7,0,77,0,0,0,77
06/25/2023,XNA,AR,ASW,ES,Federal Contract Tower,74,10,10,25,119,0,0,6,1,7,74,10,16,26,126,0,14,14,140
06/26/2023,XNA,AR,ASW,ES,Federal Contract Tower,76,12,4,32,124,0,2,7,4,13,76,14,11,36,137,0,48,48,185
06/27/2023,XNA,AR,ASW,ES,Federal Contract Tower,55,19,15,7,96,0,0,3,0,3,55,19,18,7,99,12,6,18,117
06/28/2023,XNA,AR,ASW,ES,Federal Contract Tower,69,7,17,12,105,0,0,6,3,9,69,7,23,15,114,0,0,0,114
06/29/2023,XNA,AR,ASW,ES,Federal Contract Tower,75,13,28,13,129,0,0,0,2,2,75,13,28,15,131,0,4,4,135
06/30/2023,XNA,AR,ASW,ES,Federal Contract Tower,75,9,13,29,126,0,0,9,4,13,75,9,22,33,139,2,36,38,177
07/01/2023,XNA,AR,ASW,ES,Federal Contract Tower,59,7,10,0,76,0,0,2,0,2,59,7,12,0,78,0,0,0,78
07/02/2023,XNA,AR,ASW,ES,Federal Contract Tower,76,7,4,0,87,0,4,8,0,12,76,11,12,0,99,0,0,0,99
07/03/2023,XNA,AR,ASW,ES,Federal Contract Tower,65,7,4,1,77,2,0,8,0,10,67,7,12,1,87,0,0,0,87
07/04/2023,XNA,AR,ASW,ES,Federal Contract Tower,42,8,0,0,50,0,0,4,0,4,42,8,4,0,54,4,0,4,58
07/05/2023,XNA,AR,ASW,ES,Federal Contract Tower,62,10,12,2,86,0,0,4,2,6,62,10,16,4,92,6,0,6,98
07/06/2023,XNA,AR,ASW,ES,Federal Contract Tower,72,8,17,0,97,0,1,2,0,3,72,9,19,0,100,0,0,0,100
07/07/2023,XNA,AR,ASW,ES,Federal Contract Tower,72,9,5,12,98,0,2,3,1,6,72,11,8,13,104,12,32,44,148
07/08/2023,XNA,AR,ASW,ES,Federal Contract Tower,59,8,12,0,79,0,0,1,0,1,59,8,13,0,80,0,0,0,80
07/09/2023,XNA,AR,ASW,ES,Federal Contract Tower,77,11,12,0,100,0,0,2,0,2,77,11,14,0,102,0,0,0,102
07/10/2023,XNA,AR,ASW,ES,Federal Contract Tower,78,10,10,25,123,0,1,4,6,11,78,11,14,31,134,0,50,50,184
07/11/2023,XNA,AR,ASW,ES,Federal Contract Tower,66,12,9,43,130,0,0,5,2,7,66,12,14,45,137,0,4,4,141
07/12/2023,XNA,AR,ASW,ES,Federal Contract Tower,73,12,13,19,117,0,0,5,0,5,73,12,18,19,122,12,44,56,178
07/13/2023,XNA,AR,ASW,ES,Federal Contract Tower,88,9,16,19,132,0,1,4,3,8,88,10,20,22,140,0,52,52,192
07/14/2023,XNA,AR,ASW,ES,Federal Contract Tower,83,11,21,25,140,0,2,2,1,5,83,13,23,26,145,0,26,26,171
07/15/2023,XNA,AR,ASW,ES,Federal Contract Tower,64,12,6,16,98,0,0,3,0,3,64,12,9,16,101,0,8,8,109
07/16/2023,XNA,AR,ASW,ES,Federal Contract Tower,80,8,11,14,113,0,0,7,2,9,80,8,18,16,122,0,32,32,154
07/17/2023,XNA,AR,ASW,ES,Federal Contract Tower,83,11,9,19,122,0,1,7,2,10,83,12,16,21,132,0,32,32,164
07/18/2023,XNA,AR,ASW,ES,Federal Contract Tower,63,23,16,11,113,0,0,4,3,7,63,23,20,14,120,0,2,2,122
07/19/2023,XNA,AR,ASW,ES,Federal Contract Tower,76,23,20,16,135,0,1,2,2,5,76,24,22,18,140,0,8,8,148
07/20/2023,XNA,AR,ASW,ES,Federal Contract Tower,85,13,7,6,111,0,2,3,2,7,85,15,10,8,118,0,0,0,118
07/21/2023,XNA,AR,ASW,ES,Federal Contract Tower,79,6,13,0,98,0,0,5,0,5,79,6,18,0,103,0,0,0,103
07/22/2023,XNA,AR,ASW,ES,Federal Contract Tower,73,6,3,8,90,0,0,2,0,2,73,6,5,8,92,10,16,26,118
07/23/2023,XNA,AR,ASW,ES,Federal Contract Tower,82,12,7,2,103,0,0,2,0,2,82,12,9,2,105,0,0,0,105
07/24/2023,XNA,AR,ASW,ES,Federal Contract Tower,83,9,11,19,122,0,0,4,2,6,83,9,15,21,128,6,12,18,146
07/25/2023,XNA,AR,ASW,ES,Federal Contract Tower,67,13,15,11,106,0,1,5,2,8,67,14,20,13,114,8,16,24,138
07/26/2023,XNA,AR,ASW,ES,Federal Contract Tower,77,11,12,21,121,0,1,1,0,2,77,12,13,21,123,2,36,38,161
07/27/2023,XNA,AR,ASW,ES,Federal Contract Tower,85,10,14,14,123,0,1,2,2,5,85,11,16,16,128,0,20,20,148
07/28/2023,XNA,AR,ASW,ES,Federal Contract Tower,86,7,8,15,116,0,0,3,2,5,86,7,11,17,121,0,28,28,149
07/29/2023,XNA,AR,ASW,ES,Federal Contract Tower,64,11,6,2,83,0,0,5,0,5,64,11,11,2,88,0,0,0,88
07/30/2023,XNA,AR,ASW,ES,Federal Contract Tower,80,11,9,0,100,0,3,10,0,13,80,14,19,0,113,0,0,0,113
07/31/2023,XNA,AR,ASW,ES,Federal Contract Tower,80,9,22,31,142,0,0,5,1,6,80,9,27,32,148,8,62,70,218
08/01/2023,XNA,AR,ASW,ES,Federal Contract Tower,64,7,30,4,105,0,0,5,1,6,64,7,35,5,111,4,14,18,129
08/02/2023,XNA,AR,ASW,ES,Federal Contract Tower,67,11,19,16,113,0,0,6,0,6,67,11,25,16,119,0,42,42,161
08/03/2023,XNA,AR,ASW,ES,Federal Contract Tower,81,13,15,10,119,0,2,4,0,6,81,15,19,10,125,0,0,0,125
08/04/2023,XNA,AR,ASW,ES,Federal Contract Tower,76,10,8,10,104,0,0,4,0,4,76,10,12,10,108,0,20,20,128
08/05/2023,XNA,AR,ASW,ES,Federal Contract Tower,63,10,6,0,79,0,1,2,0,3,63,11,8,0,82,0,0,0,82
08/06/2023,XNA,AR,ASW,ES,Federal Contract Tower,74,11,3,0,88,0,0,1,0,1,74,11,4,0,89,0,0,0,89
08/07/2023,XNA,AR,ASW,ES,Federal Contract Tower,78,8,18,10,114,0,2,5,0,7,78,10,23,10,121,0,0,0,121
08/08/2023,XNA,AR,ASW,ES,Federal Contract Tower,59,11,16,8,94,0,0,4,0,4,59,11,20,8,98,0,0,0,98
08/09/2023,XNA,AR,ASW,ES,Federal Contract Tower,68,8,15,1,92,0,0,2,0,2,68,8,17,1,94,0,0,0,94
08/10/2023,XNA,AR,ASW,ES,Federal Contract Tower,77,18,23,22,140,0,0,4,0,4,77,18,27,22,144,8,12,20,164
08/11/2023,XNA,AR,ASW,ES,Federal Contract Tower,81,12,22,19,134,0,2,7,3,12,81,14,29,22,146,4,26,30,176
08/12/2023,XNA,AR,ASW,ES,Federal Contract Tower,58,8,3,2,71,0,0,1,0,1,58,8,4,2,72,0,0,0,72
08/13/2023,XNA,AR,ASW,ES,Federal Contract Tower,80,11,5,2,98,0,2,2,0,4,80,13,7,2,102,0,0,0,102
08/14/2023,XNA,AR,ASW,ES,Federal Contract Tower,79,11,10,18,118,0,0,1,0,1,79,11,11,18,119,0,0,0,119
08/15/2023,XNA,AR,ASW,ES,Federal Contract Tower,60,13,13,17,103,0,0,6,3,9,60,13,19,20,112,0,30,30,142
08/16/2023,XNA,AR,ASW,ES,Federal Contract Tower,68,12,13,49,142,0,0,2,3,5,68,12,15,52,147,0,42,42,189
08/17/2023,XNA,AR,ASW,ES,Federal Contract Tower,81,9,14,7,111,0,0,6,5,11,81,9,20,12,122,0,24,24,146
08/18/2023,XNA,AR,ASW,ES,Federal Contract Tower,79,15,18,24,136,0,1,62,2,65,79,16,80,26,201,0,38,38,239
08/19/2023,XNA,AR,ASW,ES,Federal Contract Tower,63,7,2,5,77,0,0,184,0,184,63,7,186,5,261,0,0,0,261
08/20/2023,XNA,AR,ASW,ES,Federal Contract Tower,73,9,7,8,97,0,0,6,3,9,73,9,13,11,106,4,0,4,110
08/21/2023,XNA,AR,ASW,ES,Federal Contract Tower,80,14,24,6,124,0,0,2,8,10,80,14,26,14,134,0,16,16,150
08/22/2023,XNA,AR,ASW,ES,Federal Contract Tower,67,17,13,11,108,0,0,1,0,1,67,17,14,11,109,0,20,20,129
08/23/2023,XNA,AR,ASW,ES,Federal Contract Tower,72,5,21,21,119,0,0,2,2,4,72,5,23,23,123,0,8,8,131
08/24/2023,XNA,AR,ASW,ES,Federal Contract Tower,74,13,18,29,134,0,0,3,6,9,74,13,21,35,143,0,24,24,167
08/25/2023,XNA,AR,ASW,ES,Federal Contract Tower,79,12,24,6,121,0,0,5,0,5,79,12,29,6,126,0,0,0,126
08/26/2023,XNA,AR,ASW,ES,Federal Contract Tower,58,12,4,0,74,0,0,2,0,2,58,12,6,0,76,0,0,0,76
08/27/2023,XNA,AR,ASW,ES,Federal Contract Tower,79,10,12,4,105,0,0,3,1,4,79,10,15,5,109,0,0,0,109
08/28/2023,XNA,AR,ASW,ES,Federal Contract Tower,85,10,19,26,140,0,0,0,0,0,85,10,19,26,140,0,0,0,140
08/29/2023,XNA,AR,ASW,ES,Federal Contract Tower,64,8,13,30,115,0,3,2,0,5,64,11,15,30,120,0,0,0,120
08/30/2023,XNA,AR,ASW,ES,Federal Contract Tower,66,8,26,32,132,0,0,0,2,2,66,8,26,34,134,8,38,46,180
08/31/2023,XNA,AR,ASW,ES,Federal Contract Tower,81,16,13,21,131,0,2,0,1,3,81,18,13,22,134,0,34,34,168
