01/01/2000,YIP,MI,AGL,CE,Towers with Display (VFR),4,6,9,0,19,0,0,69,0,69,4,6,78,0,88,46,0,46,134
01/02/2000,YIP,MI,AGL,CE,Towers with Display (VFR),6,5,10,0,21,1,0,23,0,24,7,5,33,0,45,0,0,0,45
01/03/2000,YIP,MI,AGL,CE,Towers with Display (VFR),16,53,41,0,110,0,0,13,0,13,16,53,54,0,123,6,0,6,129
01/04/2000,YIP,MI,AGL,CE,Towers with Display (VFR),37,86,59,0,182,1,21,0,0,22,38,107,59,0,204,10,0,10,214
01/05/2000,YIP,MI,AGL,CE,Towers with Display (VFR),43,92,71,0,206,25,0,136,0,161,68,92,207,0,367,272,0,272,639
01/06/2000,YIP,MI,AGL,CE,Towers with Display (VFR),54,107,90,0,251,41,0,56,0,97,95,107,146,0,348,184,0,184,532
01/07/2000,YIP,MI,AGL,CE,Towers with Display (VFR),45,104,74,0,223,14,2,63,0,79,59,106,137,0,302,8,0,8,310
01/08/2000,YIP,MI,AGL,CE,Towers with Display (VFR),19,46,32,0,97,0,3,97,0,100,19,49,129,0,197,122,0,122,319
01/09/2000,YIP,MI,AGL,CE,Towers with Display (VFR),15,21,25,0,61,12,0,20,2,34,27,21,45,2,95,142,0,142,237
01/10/2000,YIP,MI,AGL,CE,Towers with Display (VFR),22,63,45,0,130,0,17,13,0,30,22,80,58,0,160,12,0,12,172
01/11/2000,YIP,MI,AGL,CE,Towers with Display (VFR),40,103,76,0,219,0,0,30,2,32,40,103,106,2,251,12,0,12,263
01/12/2000,YIP,MI,AGL,CE,Towers with Display (VFR),55,116,93,0,264,2,0,110,0,112,57,116,203,0,376,174,0,174,550
01/13/2000,YIP,MI,AGL,CE,Towers with Display (VFR),39,111,79,0,229,0,21,3,0,24,39,132,82,0,253,28,0,28,281
01/14/2000,YIP,MI,AGL,CE,Towers with Display (VFR),33,95,70,0,198,0,0,88,0,88,33,95,158,0,286,136,0,136,422
01/15/2000,YIP,MI,AGL,CE,Towers with Display (VFR),12,28,26,0,66,0,0,95,0,95,12,28,121,0,161,148,0,148,309
01/16/2000,YIP,MI,AGL,CE,Towers with Display (VFR),6,10,9,0,25,1,0,29,0,30,7,10,38,0,55,4,0,4,59
01/17/2000,YIP,MI,AGL,CE,Towers with Display (VFR),11,31,25,0,67,0,0,66,0,66,11,31,91,0,133,178,0,178,311
01/18/2000,YIP,MI,AGL,CE,Towers with Display (VFR),19,63,43,0,125,0,8,19,0,27,19,71,62,0,152,16,0,16,168
01/19/2000,YIP,MI,AGL,CE,Towers with Display (VFR),20,99,68,0,187,0,14,78,0,92,20,113,146,0,279,94,0,94,373
01/20/2000,YIP,MI,AGL,CE,Towers with Display (VFR),20,80,55,0,155,0,15,17,0,32,20,95,72,0,187,32,0,32,219
01/21/2000,YIP,MI,AGL,CE,Towers with Display (VFR),13,63,48,0,124,0,0,76,0,76,13,63,124,0,200,100,0,100,300
01/22/2000,YIP,MI,AGL,CE,Towers with Display (VFR),19,42,33,0,94,1,0,44,0,45,20,42,77,0,139,112,0,112,251
01/23/2000,YIP,MI,AGL,CE,Towers with Display (VFR),8,28,19,0,55,0,0,27,0,27,8,28,46,0,82,36,0,36,118
01/24/2000,YIP,MI,AGL,CE,Towers with Display (VFR),18,69,49,0,136,0,8,93,0,101,18,77,142,0,237,172,0,172,409
01/25/2000,YIP,MI,AGL,CE,Towers with Display (VFR),24,82,58,0,164,0,31,14,0,45,24,113,72,0,209,18,0,18,227
01/26/2000,YIP,MI,AGL,CE,Towers with Display (VFR),36,97,69,0,202,0,10,60,0,70,36,107,129,0,272,36,0,36,308
01/27/2000,YIP,MI,AGL,CE,Towers with Display (VFR),44,96,74,0,214,1,0,106,0,107,45,96,180,0,321,112,0,112,433
01/28/2000,YIP,MI,AGL,CE,Towers with Display (VFR),38,94,66,0,198,5,9,84,0,98,43,103,150,0,296,150,0,150,446
01/29/2000,YIP,MI,AGL,CE,Towers with Display (VFR),16,35,29,0,80,7,0,116,0,123,23,35,145,0,203,342,0,342,545
01/30/2000,YIP,MI,AGL,CE,Towers with Display (VFR),11,11,20,0,42,15,0,2,0,17,26,11,22,0,59,0,0,0,59
01/31/2000,YIP,MI,AGL,CE,Towers with Display (VFR),28,68,49,0,145,3,0,53,0,56,31,68,102,0,201,76,0,76,277
02/01/2000,YIP,MI,AGL,CE,Towers with Display (VFR),35,83,65,0,183,10,1,27,0,38,45,84,92,0,221,24,0,24,245
02/02/2000,YIP,MI,AGL,CE,Towers with Display (VFR),34,78,64,0,176,1,0,119,0,120,35,78,183,0,296,120,0,120,416
02/03/2000,YIP,MI,AGL,CE,Towers with Display (VFR),31,82,64,0,177,0,1,7,0,8,31,83,71,0,185,0,0,0,185
02/04/2000,YIP,MI,AGL,CE,Towers with Display (VFR),35,83,64,0,182,1,6,18,0,25,36,89,82,0,207,24,0,24,231
02/05/2000,YIP,MI,AGL,CE,Towers with Display (VFR),21,36,41,0,98,0,0,119,0,119,21,36,160,0,217,152,0,152,369
02/06/2000,YIP,MI,AGL,CE,Towers with Display (VFR),18,23,33,0,74,12,0,87,0,99,30,23,120,0,173,114,0,114,287
02/07/2000,YIP,MI,AGL,CE,Towers with Display (VFR),23,54,42,0,119,5,2,66,0,73,28,56,108,0,192,170,0,170,362
02/08/2000,YIP,MI,AGL,CE,Towers with Display (VFR),40,94,73,0,207,2,9,185,0,196,42,103,258,0,403,174,0,174,577
02/09/2000,YIP,MI,AGL,CE,Towers with Display (VFR),38,80,71,0,189,14,0,77,0,91,52,80,148,0,280,78,0,78,358
02/10/2000,YIP,MI,AGL,CE,Towers with Display (VFR),25,82,63,0,170,0,8,21,0,29,25,90,84,0,199,10,0,10,209
02/11/2000,YIP,MI,AGL,CE,Towers with Display (VFR),16,64,50,0,130,0,2,68,0,70,16,66,118,0,200,76,0,76,276
02/12/2000,YIP,MI,AGL,CE,Towers with Display (VFR),15,25,26,0,66,4,0,95,0,99,19,25,121,0,165,248,0,248,413
02/13/2000,YIP,MI,AGL,CE,Towers with Display (VFR),11,24,18,0,53,8,0,9,0,17,19,24,27,0,70,80,0,80,150
02/14/2000,YIP,MI,AGL,CE,Towers with Display (VFR),20,51,42,0,113,0,3,25,0,28,20,54,67,0,141,56,0,56,197
02/15/2000,YIP,MI,AGL,CE,Towers with Display (VFR),35,85,65,0,185,2,2,99,0,103,37,87,164,0,288,208,0,208,496
02/16/2000,YIP,MI,AGL,CE,Towers with Display (VFR),30,77,60,0,167,0,8,43,0,51,30,85,103,0,218,60,0,60,278
02/17/2000,YIP,MI,AGL,CE,Towers with Display (VFR),34,88,68,0,190,0,15,71,0,86,34,103,139,0,276,116,0,116,392
02/18/2000,YIP,MI,AGL,CE,Towers with Display (VFR),20,54,20,0,94,0,24,0,0,24,20,78,20,0,118,0,0,0,118
02/19/2000,YIP,MI,AGL,CE,Towers with Display (VFR),15,24,28,0,67,0,0,59,0,59,15,24,87,0,126,226,0,226,352
02/20/2000,YIP,MI,AGL,CE,Towers with Display (VFR),11,22,23,0,56,5,0,21,0,26,16,22,44,0,82,50,0,50,132
02/21/2000,YIP,MI,AGL,CE,Towers with Display (VFR),25,52,46,0,123,9,0,104,0,113,34,52,150,0,236,128,0,128,364
02/22/2000,YIP,MI,AGL,CE,Towers with Display (VFR),31,92,73,0,196,0,0,99,0,99,31,92,172,0,295,132,0,132,427
02/23/2000,YIP,MI,AGL,CE,Towers with Display (VFR),38,93,71,0,202,1,26,79,0,106,39,119,150,0,308,180,0,180,488
02/24/2000,YIP,MI,AGL,CE,Towers with Display (VFR),33,80,62,0,175,1,3,22,0,26,34,83,84,0,201,26,0,26,227
02/25/2000,YIP,MI,AGL,CE,Towers with Display (VFR),26,96,84,0,206,0,0,39,0,39,26,96,123,0,245,56,0,56,301
02/26/2000,YIP,MI,AGL,CE,Towers with Display (VFR),7,35,31,0,73,0,0,57,0,57,7,35,88,0,130,98,0,98,228
02/27/2000,YIP,MI,AGL,CE,Towers with Display (VFR),5,14,20,0,39,0,0,48,0,48,5,14,68,0,87,108,0,108,195
02/28/2000,YIP,MI,AGL,CE,Towers with Display (VFR),22,46,43,0,111,7,0,111,0,118,29,46,154,0,229,158,0,158,387
02/29/2000,YIP,MI,AGL,CE,Towers with Display (VFR),19,69,54,0,142,0,19,104,0,123,19,88,158,0,265,182,0,182,447
03/01/2000,YIP,MI,AGL,CE,Towers with Display (VFR),31,83,64,0,178,0,21,22,0,43,31,104,86,0,221,40,0,40,261
03/02/2000,YIP,MI,AGL,CE,Towers with Display (VFR),34,91,70,0,195,9,2,39,0,50,43,93,109,0,245,54,0,54,299
03/03/2000,YIP,MI,AGL,CE,Towers with Display (VFR),15,84,64,0,163,0,14,109,0,123,15,98,173,0,286,388,0,388,674
03/04/2000,YIP,MI,AGL,CE,Towers with Display (VFR),11,28,26,0,65,0,0,157,0,157,11,28,183,0,222,266,0,266,488
03/05/2000,YIP,MI,AGL,CE,Towers with Display (VFR),3,19,21,0,43,0,0,155,0,155,3,19,176,0,198,200,0,200,398
03/06/2000,YIP,MI,AGL,CE,Towers with Display (VFR),11,51,42,0,104,0,0,153,0,153,11,51,195,0,257,206,0,206,463
03/07/2000,YIP,MI,AGL,CE,Towers with Display (VFR),16,68,53,0,137,0,18,99,0,117,16,86,152,0,254,98,0,98,352
03/08/2000,YIP,MI,AGL,CE,Towers with Display (VFR),32,82,64,0,178,5,0,107,0,112,37,82,171,0,290,144,0,144,434
03/09/2000,YIP,MI,AGL,CE,Towers with Display (VFR),21,76,58,0,155,0,17,14,0,31,21,93,72,0,186,16,0,16,202
03/10/2000,YIP,MI,AGL,CE,Towers with Display (VFR),14,74,57,0,145,0,14,50,0,64,14,88,107,0,209,66,0,66,275
03/11/2000,YIP,MI,AGL,CE,Towers with Display (VFR),8,35,27,0,70,0,3,49,0,52,8,38,76,0,122,200,0,200,322
03/12/2000,YIP,MI,AGL,CE,Towers with Display (VFR),5,24,23,0,52,0,0,91,0,91,5,24,114,0,143,73,0,73,216
03/13/2000,YIP,MI,AGL,CE,Towers with Display (VFR),15,49,45,0,109,0,0,55,0,55,15,49,100,0,164,28,0,28,192
03/14/2000,YIP,MI,AGL,CE,Towers with Display (VFR),30,92,71,0,193,0,4,89,0,93,30,96,160,0,286,154,0,154,440
03/15/2000,YIP,MI,AGL,CE,Towers with Display (VFR),13,70,54,0,137,0,6,73,0,79,13,76,127,0,216,124,0,124,340
03/16/2000,YIP,MI,AGL,CE,Towers with Display (VFR),32,96,74,0,202,0,8,28,0,36,32,104,102,0,238,44,0,44,282
03/17/2000,YIP,MI,AGL,CE,Towers with Display (VFR),28,67,59,0,154,5,0,77,0,82,33,67,136,0,236,134,0,134,370
03/18/2000,YIP,MI,AGL,CE,Towers with Display (VFR),11,23,32,0,66,0,0,132,0,132,11,23,164,0,198,300,0,300,498
03/19/2000,YIP,MI,AGL,CE,Towers with Display (VFR),9,14,20,0,43,3,0,30,0,33,12,14,50,0,76,50,0,50,126
03/20/2000,YIP,MI,AGL,CE,Towers with Display (VFR),25,66,53,0,144,1,0,8,0,9,26,66,61,0,153,6,0,6,159
03/21/2000,YIP,MI,AGL,CE,Towers with Display (VFR),39,99,82,0,220,14,0,4,0,18,53,99,86,0,238,30,0,30,268
03/22/2000,YIP,MI,AGL,CE,Towers with Display (VFR),21,59,44,0,124,21,32,109,0,162,42,91,153,0,286,166,0,166,452
03/23/2000,YIP,MI,AGL,CE,Towers with Display (VFR),32,80,68,0,180,10,0,111,0,121,42,80,179,0,301,220,0,220,521
03/24/2000,YIP,MI,AGL,CE,Towers with Display (VFR),26,72,55,0,153,0,10,68,0,78,26,82,123,0,231,200,0,200,431
03/25/2000,YIP,MI,AGL,CE,Towers with Display (VFR),9,18,19,0,46,5,0,42,0,47,14,18,61,0,93,26,0,26,119
03/26/2000,YIP,MI,AGL,CE,Towers with Display (VFR),8,23,24,0,55,0,0,133,0,133,8,23,157,0,188,240,0,240,428
03/27/2000,YIP,MI,AGL,CE,Towers with Display (VFR),15,43,33,0,91,0,0,41,0,41,15,43,74,0,132,126,0,126,258
03/28/2000,YIP,MI,AGL,CE,Towers with Display (VFR),28,73,59,0,160,12,0,50,0,62,40,73,109,0,222,120,0,120,342
03/29/2000,YIP,MI,AGL,CE,Towers with Display (VFR),32,83,68,0,183,14,0,54,0,68,46,83,122,0,251,78,0,78,329
03/30/2000,YIP,MI,AGL,CE,Towers with Display (VFR),43,107,90,0,240,10,0,103,0,113,53,107,193,0,353,216,0,216,569
03/31/2000,YIP,MI,AGL,CE,Towers with Display (VFR),36,99,76,0,211,11,6,157,0,174,47,105,233,0,385,294,0,294,679
04/01/2000,YIP,MI,AGL,CE,Towers with Display (VFR),17,29,41,0,87,6,0,124,0,130,23,29,165,0,217,272,0,272,489
04/02/2000,YIP,MI,AGL,CE,Towers with Display (VFR),3,9,22,0,34,0,0,80,0,80,3,9,102,0,114,122,0,122,236
04/03/2000,YIP,MI,AGL,CE,Towers with Display (VFR),20,55,56,0,131,0,5,11,0,16,20,60,67,0,147,58,0,58,205
04/04/2000,YIP,MI,AGL,CE,Towers with Display (VFR),35,86,86,0,207,1,1,71,2,75,36,87,157,2,282,68,0,68,350
04/05/2000,YIP,MI,AGL,CE,Towers with Display (VFR),34,83,84,0,201,15,2,108,0,125,49,85,192,0,326,134,0,134,460
04/06/2000,YIP,MI,AGL,CE,Towers with Display (VFR),35,86,87,0,208,10,3,28,0,41,45,89,115,0,249,62,0,62,311
04/07/2000,YIP,MI,AGL,CE,Towers with Display (VFR),37,92,93,0,222,2,3,42,0,47,39,95,135,0,269,94,0,94,363
04/08/2000,YIP,MI,AGL,CE,Towers with Display (VFR),17,37,43,0,97,0,0,24,0,24,17,37,67,0,121,2,0,2,123
04/09/2000,YIP,MI,AGL,CE,Towers with Display (VFR),10,40,40,0,90,0,7,57,0,64,10,47,97,0,154,136,0,136,290
04/10/2000,YIP,MI,AGL,CE,Towers with Display (VFR),24,55,60,0,139,2,0,138,0,140,26,55,198,0,279,168,0,168,447
04/11/2000,YIP,MI,AGL,CE,Towers with Display (VFR),30,77,76,0,183,0,11,0,0,11,30,88,76,0,194,0,0,0,194
04/12/2000,YIP,MI,AGL,CE,Towers with Display (VFR),31,76,76,0,183,4,3,122,0,129,35,79,198,0,312,286,0,286,598
04/13/2000,YIP,MI,AGL,CE,Towers with Display (VFR),38,88,95,0,221,7,0,147,0,154,45,88,242,0,375,350,0,350,725
04/14/2000,YIP,MI,AGL,CE,Towers with Display (VFR),34,85,85,0,204,3,7,96,0,106,37,92,181,0,310,294,0,294,604
04/15/2000,YIP,MI,AGL,CE,Towers with Display (VFR),16,41,47,0,104,0,0,124,0,124,16,41,171,0,228,330,0,330,558
04/16/2000,YIP,MI,AGL,CE,Towers with Display (VFR),8,10,33,0,51,0,0,153,0,153,8,10,186,0,204,212,0,212,416
04/17/2000,YIP,MI,AGL,CE,Towers with Display (VFR),17,54,52,0,123,0,9,40,0,49,17,63,92,0,172,116,0,116,288
04/18/2000,YIP,MI,AGL,CE,Towers with Display (VFR),35,89,87,0,211,1,10,57,0,68,36,99,144,0,279,306,0,306,585
04/19/2000,YIP,MI,AGL,CE,Towers with Display (VFR),27,69,67,0,163,3,3,65,0,71,30,72,132,0,234,170,0,170,404
04/20/2000,YIP,MI,AGL,CE,Towers with Display (VFR),20,61,38,0,119,0,26,0,0,26,20,87,38,0,145,0,0,0,145
04/21/2000,YIP,MI,AGL,CE,Towers with Display (VFR),6,38,36,0,80,0,9,1,0,10,6,47,37,0,90,44,0,44,134
04/22/2000,YIP,MI,AGL,CE,Towers with Display (VFR),4,12,21,0,37,0,0,102,0,102,4,12,123,0,139,214,0,214,353
04/23/2000,YIP,MI,AGL,CE,Towers with Display (VFR),1,4,6,0,11,0,0,80,0,80,1,4,86,0,91,50,0,50,141
04/24/2000,YIP,MI,AGL,CE,Towers with Display (VFR),8,36,35,0,79,0,0,138,0,138,8,36,173,0,217,242,0,242,459
04/25/2000,YIP,MI,AGL,CE,Towers with Display (VFR),23,66,66,0,155,0,8,96,0,104,23,74,162,0,259,216,0,216,475
04/26/2000,YIP,MI,AGL,CE,Towers with Display (VFR),18,47,47,0,112,5,0,126,0,131,23,47,173,0,243,154,0,154,397
04/27/2000,YIP,MI,AGL,CE,Towers with Display (VFR),25,63,66,0,154,0,0,138,0,138,25,63,204,0,292,238,0,238,530
04/28/2000,YIP,MI,AGL,CE,Towers with Display (VFR),33,83,83,0,199,1,1,137,0,139,34,84,220,0,338,270,0,270,608
04/29/2000,YIP,MI,AGL,CE,Towers with Display (VFR),12,32,36,0,80,0,0,138,0,138,12,32,174,0,218,294,0,294,512
04/30/2000,YIP,MI,AGL,CE,Towers with Display (VFR),12,22,31,0,65,6,0,147,0,153,18,22,178,0,218,312,0,312,530
05/01/2000,YIP,MI,AGL,CE,Towers with Display (VFR),20,46,42,0,108,0,0,52,0,52,20,46,94,0,160,104,0,104,264
05/02/2000,YIP,MI,AGL,CE,Towers with Display (VFR),43,88,83,0,214,11,0,133,0,144,54,88,216,0,358,301,0,301,659
05/03/2000,YIP,MI,AGL,CE,Towers with Display (VFR),44,102,84,0,230,13,1,148,0,162,57,103,232,0,392,214,6,220,612
05/04/2000,YIP,MI,AGL,CE,Towers with Display (VFR),48,108,92,0,248,9,0,102,0,111,57,108,194,0,359,262,0,262,621
05/05/2000,YIP,MI,AGL,CE,Towers with Display (VFR),40,96,78,0,214,0,6,106,0,112,40,102,184,0,326,266,0,266,592
05/06/2000,YIP,MI,AGL,CE,Towers with Display (VFR),15,32,27,0,74,0,1,93,0,94,15,33,120,0,168,214,0,214,382
05/07/2000,YIP,MI,AGL,CE,Towers with Display (VFR),8,19,27,0,54,0,0,110,0,110,8,19,137,0,164,110,0,110,274
05/08/2000,YIP,MI,AGL,CE,Towers with Display (VFR),17,61,51,0,129,0,17,34,0,51,17,78,85,0,180,78,0,78,258
05/09/2000,YIP,MI,AGL,CE,Towers with Display (VFR),29,78,68,0,175,0,0,49,0,49,29,78,117,0,224,148,0,148,372
05/10/2000,YIP,MI,AGL,CE,Towers with Display (VFR),54,120,102,0,276,12,0,71,0,83,66,120,173,0,359,66,0,66,425
05/11/2000,YIP,MI,AGL,CE,Towers with Display (VFR),42,98,81,0,221,1,4,66,0,71,43,102,147,0,292,142,0,142,434
05/12/2000,YIP,MI,AGL,CE,Towers with Display (VFR),38,87,72,0,197,4,8,16,0,28,42,95,88,0,225,14,0,14,239
05/13/2000,YIP,MI,AGL,CE,Towers with Display (VFR),16,28,28,0,72,6,0,97,0,103,22,28,125,0,175,218,0,218,393
05/14/2000,YIP,MI,AGL,CE,Towers with Display (VFR),10,17,18,0,45,0,0,60,0,60,10,17,78,0,105,32,0,32,137
05/15/2000,YIP,MI,AGL,CE,Towers with Display (VFR),16,65,51,0,132,0,15,129,0,144,16,80,180,0,276,196,0,196,472
05/16/2000,YIP,MI,AGL,CE,Towers with Display (VFR),50,123,99,0,272,0,14,36,0,50,50,137,135,0,322,154,0,154,476
05/17/2000,YIP,MI,AGL,CE,Towers with Display (VFR),40,104,83,0,227,0,15,69,0,84,40,119,152,0,311,176,0,176,487
05/18/2000,YIP,MI,AGL,CE,Towers with Display (VFR),38,91,71,0,200,13,5,0,0,18,51,96,71,0,218,56,0,56,274
05/19/2000,YIP,MI,AGL,CE,Towers with Display (VFR),45,111,96,0,252,0,0,39,0,39,45,111,135,0,291,72,0,72,363
05/20/2000,YIP,MI,AGL,CE,Towers with Display (VFR),19,33,39,0,91,4,0,149,0,153,23,33,188,0,244,264,0,264,508
05/21/2000,YIP,MI,AGL,CE,Towers with Display (VFR),7,27,39,0,73,0,0,177,0,177,7,27,216,0,250,206,0,206,456
05/22/2000,YIP,MI,AGL,CE,Towers with Display (VFR),27,81,69,0,177,0,0,75,0,75,27,81,144,0,252,194,0,194,446
05/23/2000,YIP,MI,AGL,CE,Towers with Display (VFR),34,104,86,0,224,0,0,79,0,79,34,104,165,0,303,144,0,144,447
05/24/2000,YIP,MI,AGL,CE,Towers with Display (VFR),42,101,83,0,226,2,15,70,0,87,44,116,153,0,313,90,0,90,403
05/25/2000,YIP,MI,AGL,CE,Towers with Display (VFR),34,97,78,0,209,0,29,76,2,107,34,126,154,2,316,166,2,168,484
05/26/2000,YIP,MI,AGL,CE,Towers with Display (VFR),24,58,47,0,129,15,17,144,0,176,39,75,191,0,305,334,0,334,639
05/27/2000,YIP,MI,AGL,CE,Towers with Display (VFR),14,30,29,0,73,3,0,78,0,81,17,30,107,0,154,188,0,188,342
05/28/2000,YIP,MI,AGL,CE,Towers with Display (VFR),4,2,9,0,15,5,0,29,0,34,9,2,38,0,49,32,0,32,81
05/29/2000,YIP,MI,AGL,CE,Towers with Display (VFR),8,12,18,0,38,2,0,493,0,495,10,12,511,0,533,276,0,276,809
05/30/2000,YIP,MI,AGL,CE,Towers with Display (VFR),31,94,77,0,202,0,1,105,0,106,31,95,182,0,308,202,0,202,510
05/31/2000,YIP,MI,AGL,CE,Towers with Display (VFR),43,103,85,0,231,0,8,48,0,56,43,111,133,0,287,40,0,40,327
06/01/2000,YIP,MI,AGL,CE,Towers with Display (VFR),52,104,74,0,230,5,3,44,0,52,57,107,118,0,282,138,0,138,420
06/02/2000,YIP,MI,AGL,CE,Towers with Display (VFR),51,103,73,0,227,7,3,74,0,84,58,106,147,0,311,136,0,136,447
06/03/2000,YIP,MI,AGL,CE,Towers with Display (VFR),21,37,31,0,89,11,0,128,0,139,32,37,159,0,228,372,0,372,600
06/04/2000,YIP,MI,AGL,CE,Towers with Display (VFR),11,11,20,0,42,0,0,44,0,44,11,11,64,0,86,350,0,350,436
06/05/2000,YIP,MI,AGL,CE,Towers with Display (VFR),36,94,68,0,198,0,0,41,0,41,36,94,109,0,239,26,0,26,265
06/06/2000,YIP,MI,AGL,CE,Towers with Display (VFR),35,121,86,0,242,0,17,109,0,126,35,138,195,0,368,208,0,208,576
06/07/2000,YIP,MI,AGL,CE,Towers with Display (VFR),60,118,86,0,264,1,0,149,0,150,61,118,235,0,414,228,0,228,642
06/08/2000,YIP,MI,AGL,CE,Towers with Display (VFR),44,115,84,0,243,0,0,109,0,109,44,115,193,0,352,194,0,194,546
06/09/2000,YIP,MI,AGL,CE,Towers with Display (VFR),55,103,80,0,238,17,0,74,0,91,72,103,154,0,329,180,0,180,509
06/10/2000,YIP,MI,AGL,CE,Towers with Display (VFR),28,68,49,0,145,0,5,91,0,96,28,73,140,0,241,146,0,146,387
06/11/2000,YIP,MI,AGL,CE,Towers with Display (VFR),13,17,22,0,52,0,0,130,0,130,13,17,152,0,182,122,0,122,304
06/12/2000,YIP,MI,AGL,CE,Towers with Display (VFR),36,87,62,0,185,0,9,14,0,23,36,96,76,0,208,8,0,8,216
06/13/2000,YIP,MI,AGL,CE,Towers with Display (VFR),35,109,78,0,222,0,16,44,0,60,35,125,122,0,282,30,0,30,312
06/14/2000,YIP,MI,AGL,CE,Towers with Display (VFR),49,136,97,0,282,0,15,97,0,112,49,151,194,0,394,232,0,232,626
06/15/2000,YIP,MI,AGL,CE,Towers with Display (VFR),87,147,126,0,360,14,0,138,0,152,101,147,264,0,512,236,0,236,748
06/16/2000,YIP,MI,AGL,CE,Towers with Display (VFR),70,152,110,0,332,0,0,98,0,98,70,152,208,0,430,132,0,132,562
06/17/2000,YIP,MI,AGL,CE,Towers with Display (VFR),33,55,50,0,138,6,0,225,0,231,39,55,275,0,369,542,0,542,911
06/18/2000,YIP,MI,AGL,CE,Towers with Display (VFR),21,36,31,0,88,13,0,151,0,164,34,36,182,0,252,276,0,276,528
06/19/2000,YIP,MI,AGL,CE,Towers with Display (VFR),54,102,81,0,237,0,0,228,0,228,54,102,309,0,465,270,0,270,735
06/20/2000,YIP,MI,AGL,CE,Towers with Display (VFR),72,124,106,0,302,0,0,173,0,173,72,124,279,0,475,334,0,334,809
06/21/2000,YIP,MI,AGL,CE,Towers with Display (VFR),89,183,130,0,402,12,14,67,0,93,101,197,197,0,495,164,0,164,659
06/22/2000,YIP,MI,AGL,CE,Towers with Display (VFR),80,166,119,0,365,13,4,135,0,152,93,170,254,0,517,256,0,256,773
06/23/2000,YIP,MI,AGL,CE,Towers with Display (VFR),80,163,118,0,361,5,0,256,0,261,85,163,374,0,622,470,0,470,1092
06/24/2000,YIP,MI,AGL,CE,Towers with Display (VFR),26,73,52,0,151,0,11,111,0,122,26,84,163,0,273,244,0,244,517
06/25/2000,YIP,MI,AGL,CE,Towers with Display (VFR),24,33,37,0,94,3,0,98,0,101,27,33,135,0,195,208,0,208,403
06/26/2000,YIP,MI,AGL,CE,Towers with Display (VFR),57,118,83,0,258,7,9,32,0,48,64,127,115,0,306,42,0,42,348
06/27/2000,YIP,MI,AGL,CE,Towers with Display (VFR),63,131,93,0,287,7,6,140,0,153,70,137,233,0,440,178,0,178,618
06/28/2000,YIP,MI,AGL,CE,Towers with Display (VFR),83,172,122,0,377,4,30,85,0,119,87,202,207,0,496,152,0,152,648
06/29/2000,YIP,MI,AGL,CE,Towers with Display (VFR),79,164,116,0,359,5,12,44,0,61,84,176,160,0,420,142,0,142,562
06/30/2000,YIP,MI,AGL,CE,Towers with Display (VFR),66,152,108,0,326,0,19,105,0,124,66,171,213,0,450,150,0,150,600
07/01/2000,YIP,MI,AGL,CE,Towers with Display (VFR),15,37,36,0,88,0,0,101,0,101,15,37,137,0,189,116,0,116,305
07/02/2000,YIP,MI,AGL,CE,Towers with Display (VFR),5,18,18,0,41,0,1,93,0,94,5,19,111,0,135,94,0,94,229
07/03/2000,YIP,MI,AGL,CE,Towers with Display (VFR),13,29,28,0,70,12,2,9,0,23,25,31,37,0,93,36,0,36,129
07/04/2000,YIP,MI,AGL,CE,Towers with Display (VFR),9,20,19,0,48,0,0,108,0,108,9,20,127,0,156,132,0,132,288
07/05/2000,YIP,MI,AGL,CE,Towers with Display (VFR),8,40,38,0,86,0,7,58,0,65,8,47,96,0,151,170,0,170,321
07/06/2000,YIP,MI,AGL,CE,Towers with Display (VFR),25,57,57,0,139,9,0,93,0,102,34,57,150,0,241,316,0,316,557
07/07/2000,YIP,MI,AGL,CE,Towers with Display (VFR),26,33,60,0,119,19,0,134,0,153,45,33,194,0,272,310,0,310,582
07/08/2000,YIP,MI,AGL,CE,Towers with Display (VFR),7,16,16,0,39,4,2,105,0,111,11,18,121,0,150,274,0,274,424
07/09/2000,YIP,MI,AGL,CE,Towers with Display (VFR),2,17,16,0,35,0,4,50,0,54,2,21,66,0,89,80,0,80,169
07/10/2000,YIP,MI,AGL,CE,Towers with Display (VFR),14,42,43,0,99,0,0,51,0,51,14,42,94,0,150,94,0,94,244
07/11/2000,YIP,MI,AGL,CE,Towers with Display (VFR),9,63,60,0,132,0,10,143,0,153,9,73,203,0,285,180,0,180,465
07/12/2000,YIP,MI,AGL,CE,Towers with Display (VFR),20,63,61,0,144,0,9,140,0,149,20,72,201,0,293,184,0,184,477
07/13/2000,YIP,MI,AGL,CE,Towers with Display (VFR),22,63,72,0,157,0,0,151,0,151,22,63,223,0,308,172,0,172,480
07/14/2000,YIP,MI,AGL,CE,Towers with Display (VFR),8,26,34,0,68,0,0,90,0,90,8,26,124,0,158,58,0,58,216
07/15/2000,YIP,MI,AGL,CE,Towers with Display (VFR),2,17,26,0,45,0,0,104,0,104,2,17,130,0,149,160,0,160,309
07/16/2000,YIP,MI,AGL,CE,Towers with Display (VFR),2,0,14,0,16,0,0,0,131,131,2,0,14,131,147,297,0,297,444
07/17/2000,YIP,MI,AGL,CE,Towers with Display (VFR),24,41,55,0,120,4,0,128,0,132,28,41,183,0,252,202,0,202,454
07/18/2000,YIP,MI,AGL,CE,Towers with Display (VFR),35,80,86,0,201,0,0,134,0,134,35,80,220,0,335,204,0,204,539
07/19/2000,YIP,MI,AGL,CE,Towers with Display (VFR),26,87,83,0,196,0,5,93,0,98,26,92,176,0,294,108,0,108,402
07/20/2000,YIP,MI,AGL,CE,Towers with Display (VFR),23,78,75,0,176,0,9,98,0,107,23,87,173,0,283,136,0,136,419
07/21/2000,YIP,MI,AGL,CE,Towers with Display (VFR),25,73,74,0,172,0,0,91,0,91,25,73,165,0,263,124,0,124,387
07/22/2000,YIP,MI,AGL,CE,Towers with Display (VFR),13,29,31,0,73,11,0,104,0,115,24,29,135,0,188,152,0,152,340
07/23/2000,YIP,MI,AGL,CE,Towers with Display (VFR),14,20,32,0,66,9,0,157,0,166,23,20,189,0,232,236,0,236,468
07/24/2000,YIP,MI,AGL,CE,Towers with Display (VFR),22,61,58,0,141,0,23,108,0,131,22,84,166,0,272,248,0,248,520
07/25/2000,YIP,MI,AGL,CE,Towers with Display (VFR),38,95,91,0,224,3,11,101,0,115,41,106,192,0,339,184,0,184,523
07/26/2000,YIP,MI,AGL,CE,Towers with Display (VFR),35,99,94,0,228,0,19,93,0,112,35,118,187,0,340,150,0,150,490
07/27/2000,YIP,MI,AGL,CE,Towers with Display (VFR),39,96,91,0,226,18,13,34,0,65,57,109,125,0,291,86,0,86,377
07/28/2000,YIP,MI,AGL,CE,Towers with Display (VFR),28,92,86,0,206,0,27,6,0,33,28,119,92,0,239,42,0,42,281
07/29/2000,YIP,MI,AGL,CE,Towers with Display (VFR),18,47,33,0,98,10,14,0,0,24,28,61,33,0,122,34,0,34,156
07/30/2000,YIP,MI,AGL,CE,Towers with Display (VFR),13,24,27,0,64,15,0,0,0,15,28,24,27,0,79,22,0,22,101
07/31/2000,YIP,MI,AGL,CE,Towers with Display (VFR),29,65,68,0,162,11,0,38,0,49,40,65,106,0,211,34,0,34,245
08/01/2000,YIP,MI,AGL,CE,Towers with Display (VFR),70,112,112,0,294,26,0,22,0,48,96,112,134,0,342,136,0,136,478
08/02/2000,YIP,MI,AGL,CE,Towers with Display (VFR),44,93,85,0,222,0,2,50,0,52,44,95,135,0,274,56,0,56,330
08/03/2000,YIP,MI,AGL,CE,Towers with Display (VFR),74,130,118,0,322,3,4,117,0,124,77,134,235,0,446,278,0,278,724
08/04/2000,YIP,MI,AGL,CE,Towers with Display (VFR),61,97,99,0,257,0,0,190,0,190,61,97,289,0,447,434,0,434,881
08/05/2000,YIP,MI,AGL,CE,Towers with Display (VFR),31,54,51,0,136,0,0,203,0,203,31,54,254,0,339,520,0,520,859
08/06/2000,YIP,MI,AGL,CE,Towers with Display (VFR),14,20,22,0,56,7,0,34,0,41,21,20,56,0,97,138,0,138,235
08/07/2000,YIP,MI,AGL,CE,Towers with Display (VFR),41,56,66,0,163,10,0,65,0,75,51,56,131,0,238,132,0,132,370
08/08/2000,YIP,MI,AGL,CE,Towers with Display (VFR),32,92,84,0,208,0,17,77,0,94,32,109,161,0,302,132,0,132,434
08/09/2000,YIP,MI,AGL,CE,Towers with Display (VFR),38,86,79,0,203,0,24,43,0,67,38,110,122,0,270,104,0,104,374
08/10/2000,YIP,MI,AGL,CE,Towers with Display (VFR),67,116,106,0,289,10,8,86,0,104,77,124,192,0,393,218,0,218,611
08/11/2000,YIP,MI,AGL,CE,Towers with Display (VFR),41,81,74,0,196,0,14,85,2,101,41,95,159,2,297,164,0,164,461
08/12/2000,YIP,MI,AGL,CE,Towers with Display (VFR),24,30,37,0,91,0,0,170,0,170,24,30,207,0,261,242,0,242,503
08/13/2000,YIP,MI,AGL,CE,Towers with Display (VFR),15,11,26,0,52,3,0,135,0,138,18,11,161,0,190,132,0,132,322
08/14/2000,YIP,MI,AGL,CE,Towers with Display (VFR),22,53,53,0,128,0,0,116,0,116,22,53,169,0,244,136,0,136,380
08/15/2000,YIP,MI,AGL,CE,Towers with Display (VFR),34,77,70,1,182,0,2,66,1,69,34,79,136,2,251,20,0,20,271
08/16/2000,YIP,MI,AGL,CE,Towers with Display (VFR),47,112,100,1,260,0,19,111,1,131,47,131,211,2,391,190,0,190,581
08/17/2000,YIP,MI,AGL,CE,Towers with Display (VFR),61,109,98,0,268,4,6,22,0,32,65,115,120,0,300,52,0,52,352
08/18/2000,YIP,MI,AGL,CE,Towers with Display (VFR),64,115,102,0,281,1,34,37,0,72,65,149,139,0,353,94,0,94,447
08/19/2000,YIP,MI,AGL,CE,Towers with Display (VFR),22,35,36,0,93,11,0,108,0,119,33,35,144,0,212,158,0,158,370
08/20/2000,YIP,MI,AGL,CE,Towers with Display (VFR),17,5,26,0,48,0,0,145,0,145,17,5,171,0,193,140,0,140,333
08/21/2000,YIP,MI,AGL,CE,Towers with Display (VFR),42,71,67,0,180,8,0,101,0,109,50,71,168,0,289,140,0,140,429
08/22/2000,YIP,MI,AGL,CE,Towers with Display (VFR),49,94,92,0,235,0,0,134,0,134,49,94,226,0,369,128,0,128,497
08/23/2000,YIP,MI,AGL,CE,Towers with Display (VFR),62,111,100,0,273,3,5,82,0,90,65,116,182,0,363,196,0,196,559
08/24/2000,YIP,MI,AGL,CE,Towers with Display (VFR),63,113,103,0,279,6,11,59,0,76,69,124,162,0,355,162,0,162,517
08/25/2000,YIP,MI,AGL,CE,Towers with Display (VFR),61,111,100,0,272,22,7,144,0,173,83,118,244,0,445,215,0,215,660
08/26/2000,YIP,MI,AGL,CE,Towers with Display (VFR),23,43,39,0,105,6,1,107,0,114,29,44,146,0,219,168,0,168,387
08/27/2000,YIP,MI,AGL,CE,Towers with Display (VFR),10,25,36,0,71,0,0,83,0,83,10,25,119,0,154,108,0,108,262
08/28/2000,YIP,MI,AGL,CE,Towers with Display (VFR),30,72,69,0,171,0,0,75,2,77,30,72,144,2,248,108,0,108,356
08/29/2000,YIP,MI,AGL,CE,Towers with Display (VFR),35,93,87,0,215,0,0,95,0,95,35,93,182,0,310,114,0,114,424
08/30/2000,YIP,MI,AGL,CE,Towers with Display (VFR),58,82,95,0,235,5,0,79,0,84,63,82,174,0,319,98,0,98,417
08/31/2000,YIP,MI,AGL,CE,Towers with Display (VFR),55,96,89,0,240,12,0,63,0,75,67,96,152,0,315,86,0,86,401
09/01/2000,YIP,MI,AGL,CE,Towers with Display (VFR),38,66,67,0,171,7,0,125,2,134,45,66,192,2,305,154,0,154,459
09/02/2000,YIP,MI,AGL,CE,Towers with Display (VFR),20,26,34,0,80,2,0,64,0,66,22,26,98,0,146,176,0,176,322
09/03/2000,YIP,MI,AGL,CE,Towers with Display (VFR),16,3,26,0,45,15,0,51,0,66,31,3,77,0,111,68,0,68,179
09/04/2000,YIP,MI,AGL,CE,Towers with Display (VFR),6,11,22,0,39,0,0,52,0,52,6,11,74,0,91,54,0,54,145
09/05/2000,YIP,MI,AGL,CE,Towers with Display (VFR),29,48,51,0,128,5,0,90,0,95,34,48,141,0,223,112,0,112,335
09/06/2000,YIP,MI,AGL,CE,Towers with Display (VFR),49,92,86,0,227,14,0,91,0,105,63,92,177,0,332,70,0,70,402
09/07/2000,YIP,MI,AGL,CE,Towers with Display (VFR),56,80,98,0,234,24,0,109,0,133,80,80,207,0,367,170,0,170,537
09/08/2000,YIP,MI,AGL,CE,Towers with Display (VFR),45,92,85,0,222,0,10,78,0,88,45,102,163,0,310,146,0,146,456
09/09/2000,YIP,MI,AGL,CE,Towers with Display (VFR),23,41,41,0,105,2,0,40,0,42,25,41,81,0,147,92,0,92,239
09/10/2000,YIP,MI,AGL,CE,Towers with Display (VFR),16,13,28,0,57,17,0,12,0,29,33,13,40,0,86,8,0,8,94
09/11/2000,YIP,MI,AGL,CE,Towers with Display (VFR),16,51,47,0,114,0,6,8,0,14,16,57,55,0,128,0,0,0,128
09/12/2000,YIP,MI,AGL,CE,Towers with Display (VFR),52,121,112,0,285,0,1,73,0,74,52,122,185,0,359,128,0,128,487
09/13/2000,YIP,MI,AGL,CE,Towers with Display (VFR),52,87,93,0,232,13,0,125,0,138,65,87,218,0,370,124,0,124,494
09/14/2000,YIP,MI,AGL,CE,Towers with Display (VFR),47,102,94,0,243,0,12,31,0,43,47,114,125,0,286,102,0,102,388
09/15/2000,YIP,MI,AGL,CE,Towers with Display (VFR),50,96,89,0,235,4,5,50,0,59,54,101,139,0,294,74,0,74,368
09/16/2000,YIP,MI,AGL,CE,Towers with Display (VFR),16,32,30,0,78,2,4,114,0,120,18,36,144,0,198,184,0,184,382
09/17/2000,YIP,MI,AGL,CE,Towers with Display (VFR),11,8,18,0,37,2,0,135,0,137,13,8,153,0,174,123,0,123,297
09/18/2000,YIP,MI,AGL,CE,Towers with Display (VFR),28,49,50,1,128,1,0,116,1,118,29,49,166,2,246,94,0,94,340
09/19/2000,YIP,MI,AGL,CE,Towers with Display (VFR),48,98,92,0,238,0,0,119,0,119,48,98,211,0,357,102,0,102,459
09/20/2000,YIP,MI,AGL,CE,Towers with Display (VFR),35,106,97,0,238,0,8,73,0,81,35,114,170,0,319,42,0,42,361
09/21/2000,YIP,MI,AGL,CE,Towers with Display (VFR),52,109,98,1,260,0,15,82,2,99,52,124,180,3,359,46,0,46,405
09/22/2000,YIP,MI,AGL,CE,Towers with Display (VFR),54,111,101,1,267,0,20,61,0,81,54,131,162,1,348,80,0,80,428
09/23/2000,YIP,MI,AGL,CE,Towers with Display (VFR),14,46,40,0,100,0,11,18,0,29,14,57,58,0,129,10,0,10,139
09/24/2000,YIP,MI,AGL,CE,Towers with Display (VFR),9,32,38,0,79,0,0,112,0,112,9,32,150,0,191,214,0,214,405
09/25/2000,YIP,MI,AGL,CE,Towers with Display (VFR),26,74,69,1,170,0,0,79,1,80,26,74,148,2,250,130,0,130,380
09/26/2000,YIP,MI,AGL,CE,Towers with Display (VFR),24,106,97,1,228,0,16,146,5,167,24,122,243,6,395,310,6,316,711
09/27/2000,YIP,MI,AGL,CE,Towers with Display (VFR),53,110,101,0,264,0,31,71,0,102,53,141,172,0,366,134,0,134,500
09/28/2000,YIP,MI,AGL,CE,Towers with Display (VFR),69,127,123,0,319,7,0,127,0,134,76,127,250,0,453,274,0,274,727
09/29/2000,YIP,MI,AGL,CE,Towers with Display (VFR),69,134,123,0,326,20,15,42,0,77,89,149,165,0,403,116,0,116,519
09/30/2000,YIP,MI,AGL,CE,Towers with Display (VFR),38,74,67,0,179,2,12,133,0,147,40,86,200,0,326,184,0,184,510
10/01/2000,YIP,MI,AGL,CE,Towers with Display (VFR),6,29,26,0,61,0,0,85,0,85,6,29,111,0,146,78,0,78,224
10/02/2000,YIP,MI,AGL,CE,Towers with Display (VFR),29,66,60,0,155,0,8,60,0,68,29,74,120,0,223,130,0,130,353
10/03/2000,YIP,MI,AGL,CE,Towers with Display (VFR),47,103,91,0,241,0,2,144,0,146,47,105,235,0,387,152,0,152,539
10/04/2000,YIP,MI,AGL,CE,Towers with Display (VFR),46,97,86,0,229,8,3,39,0,50,54,100,125,0,279,74,0,74,353
10/05/2000,YIP,MI,AGL,CE,Towers with Display (VFR),52,110,98,0,260,2,14,11,0,27,54,124,109,0,287,76,0,76,363
10/06/2000,YIP,MI,AGL,CE,Towers with Display (VFR),60,126,113,0,299,1,1,74,0,76,61,127,187,0,375,166,0,166,541
10/07/2000,YIP,MI,AGL,CE,Towers with Display (VFR),19,34,36,0,89,0,0,75,0,75,19,34,111,0,164,90,0,90,254
10/08/2000,YIP,MI,AGL,CE,Towers with Display (VFR),8,12,18,0,38,0,0,50,0,50,8,12,68,0,88,82,0,82,170
10/09/2000,YIP,MI,AGL,CE,Towers with Display (VFR),29,52,55,0,136,8,0,71,0,79,37,52,126,0,215,170,0,170,385
10/10/2000,YIP,MI,AGL,CE,Towers with Display (VFR),34,70,63,0,167,0,16,80,0,96,34,86,143,0,263,162,0,162,425
10/11/2000,YIP,MI,AGL,CE,Towers with Display (VFR),38,88,79,0,205,0,8,100,0,108,38,96,179,0,313,116,0,116,429
10/12/2000,YIP,MI,AGL,CE,Towers with Display (VFR),35,89,86,0,210,0,0,125,0,125,35,89,211,0,335,168,0,168,503
10/13/2000,YIP,MI,AGL,CE,Towers with Display (VFR),48,101,92,0,241,7,0,125,0,132,55,101,217,0,373,294,0,294,667
10/14/2000,YIP,MI,AGL,CE,Towers with Display (VFR),16,38,34,0,88,0,2,148,2,152,16,40,182,2,240,218,0,218,458
10/15/2000,YIP,MI,AGL,CE,Towers with Display (VFR),14,21,31,0,66,0,0,70,0,70,14,21,101,0,136,86,0,86,222
10/16/2000,YIP,MI,AGL,CE,Towers with Display (VFR),42,79,80,0,201,2,0,27,0,29,44,79,107,0,230,80,0,80,310
10/17/2000,YIP,MI,AGL,CE,Towers with Display (VFR),36,84,75,0,195,0,1,29,0,30,36,85,104,0,225,106,0,106,331
10/18/2000,YIP,MI,AGL,CE,Towers with Display (VFR),50,104,98,0,252,28,0,74,0,102,78,104,172,0,354,174,0,174,528
10/19/2000,YIP,MI,AGL,CE,Towers with Display (VFR),44,96,85,0,225,3,17,92,0,112,47,113,177,0,337,202,0,202,539
10/20/2000,YIP,MI,AGL,CE,Towers with Display (VFR),47,103,91,0,241,3,9,88,0,100,50,112,179,0,341,120,0,120,461
10/21/2000,YIP,MI,AGL,CE,Towers with Display (VFR),16,49,43,0,108,0,5,181,0,186,16,54,224,0,294,278,0,278,572
10/22/2000,YIP,MI,AGL,CE,Towers with Display (VFR),1,17,23,0,41,0,0,141,0,141,1,17,164,0,182,182,0,182,364
10/23/2000,YIP,MI,AGL,CE,Towers with Display (VFR),32,56,61,0,149,7,0,70,0,77,39,56,131,0,226,158,0,158,384
10/24/2000,YIP,MI,AGL,CE,Towers with Display (VFR),38,65,74,0,177,1,0,19,0,20,39,65,93,0,197,16,0,16,213
10/25/2000,YIP,MI,AGL,CE,Towers with Display (VFR),39,101,89,0,229,0,6,24,0,30,39,107,113,0,259,30,0,30,289
10/26/2000,YIP,MI,AGL,CE,Towers with Display (VFR),37,93,83,0,213,0,6,1,0,7,37,99,84,0,220,24,0,24,244
10/27/2000,YIP,MI,AGL,CE,Towers with Display (VFR),51,114,103,0,268,0,0,114,0,114,51,114,217,0,382,112,0,112,494
10/28/2000,YIP,MI,AGL,CE,Towers with Display (VFR),24,43,48,0,115,7,0,91,0,98,31,43,139,0,213,190,0,190,403
10/29/2000,YIP,MI,AGL,CE,Towers with Display (VFR),8,4,21,0,33,0,0,135,0,135,8,4,156,0,168,178,0,178,346
10/30/2000,YIP,MI,AGL,CE,Towers with Display (VFR),27,59,51,0,137,2,6,98,0,106,29,65,149,0,243,94,0,94,337
10/31/2000,YIP,MI,AGL,CE,Towers with Display (VFR),38,94,83,0,215,0,28,108,2,138,38,122,191,2,353,156,0,156,509
11/01/2000,YIP,MI,AGL,CE,Towers with Display (VFR),40,73,75,0,188,8,6,119,0,133,48,79,194,0,321,184,0,184,505
11/02/2000,YIP,MI,AGL,CE,Towers with Display (VFR),46,87,86,0,219,4,13,72,0,89,50,100,158,0,308,206,0,206,514
11/03/2000,YIP,MI,AGL,CE,Towers with Display (VFR),36,77,80,0,193,0,0,102,0,102,36,77,182,0,295,124,0,124,419
11/04/2000,YIP,MI,AGL,CE,Towers with Display (VFR),19,28,34,0,81,1,0,102,0,103,20,28,136,0,184,220,0,220,404
11/05/2000,YIP,MI,AGL,CE,Towers with Display (VFR),17,17,35,0,69,0,0,141,0,141,17,17,176,0,210,216,0,216,426
11/06/2000,YIP,MI,AGL,CE,Towers with Display (VFR),28,57,56,0,141,0,5,47,0,52,28,62,103,0,193,66,0,66,259
11/07/2000,YIP,MI,AGL,CE,Towers with Display (VFR),36,58,67,0,161,2,0,17,0,19,38,58,84,0,180,24,0,24,204
11/08/2000,YIP,MI,AGL,CE,Towers with Display (VFR),38,71,71,0,180,1,2,70,0,73,39,73,141,0,253,148,0,148,401
11/09/2000,YIP,MI,AGL,CE,Towers with Display (VFR),44,83,55,0,182,0,27,0,0,27,44,110,55,0,209,0,0,0,209
11/10/2000,YIP,MI,AGL,CE,Towers with Display (VFR),32,63,65,0,160,0,0,27,0,27,32,63,92,0,187,20,0,20,207
11/11/2000,YIP,MI,AGL,CE,Towers with Display (VFR),15,30,36,0,81,0,0,123,0,123,15,30,159,0,204,366,0,366,570
11/12/2000,YIP,MI,AGL,CE,Towers with Display (VFR),12,11,22,0,45,0,0,58,0,58,12,11,80,0,103,140,0,140,243
11/13/2000,YIP,MI,AGL,CE,Towers with Display (VFR),31,55,61,0,147,0,0,32,0,32,31,55,93,0,179,42,0,42,221
11/14/2000,YIP,MI,AGL,CE,Towers with Display (VFR),34,79,79,0,192,0,9,18,0,27,34,88,97,0,219,40,0,40,259
11/15/2000,YIP,MI,AGL,CE,Towers with Display (VFR),36,78,78,0,192,0,6,41,0,47,36,84,119,0,239,94,0,94,333
11/16/2000,YIP,MI,AGL,CE,Towers with Display (VFR),36,70,71,0,177,0,7,26,0,33,36,77,97,0,210,48,0,48,258
11/17/2000,YIP,MI,AGL,CE,Towers with Display (VFR),9,38,39,0,86,0,4,33,0,37,9,42,72,0,123,26,0,26,149
11/18/2000,YIP,MI,AGL,CE,Towers with Display (VFR),12,13,24,0,49,6,0,84,0,90,18,13,108,0,139,163,0,163,302
11/19/2000,YIP,MI,AGL,CE,Towers with Display (VFR),10,9,20,0,39,3,0,94,0,97,13,9,114,0,136,194,0,194,330
11/20/2000,YIP,MI,AGL,CE,Towers with Display (VFR),18,34,36,0,88,3,0,32,0,35,21,34,68,0,123,10,0,10,133
11/21/2000,YIP,MI,AGL,CE,Towers with Display (VFR),52,100,101,0,253,0,11,21,0,32,52,111,122,0,285,42,0,42,327
11/22/2000,YIP,MI,AGL,CE,Towers with Display (VFR),52,95,101,0,248,29,0,82,0,111,81,95,183,0,359,72,0,72,431
11/23/2000,YIP,MI,AGL,CE,Towers with Display (VFR),11,22,22,0,55,1,4,31,0,36,12,26,53,0,91,14,0,14,105
11/24/2000,YIP,MI,AGL,CE,Towers with Display (VFR),14,20,27,0,61,0,0,145,0,145,14,20,172,0,206,212,0,212,418
11/25/2000,YIP,MI,AGL,CE,Towers with Display (VFR),7,9,17,0,33,0,0,59,0,59,7,9,76,0,92,126,0,126,218
11/26/2000,YIP,MI,AGL,CE,Towers with Display (VFR),4,5,22,0,31,0,0,25,0,25,4,5,47,0,56,2,0,2,58
11/27/2000,YIP,MI,AGL,CE,Towers with Display (VFR),33,69,69,0,171,0,2,35,0,37,33,71,104,0,208,100,0,100,308
11/28/2000,YIP,MI,AGL,CE,Towers with Display (VFR),31,70,69,0,170,0,23,0,0,23,31,93,69,0,193,4,0,4,197
11/29/2000,YIP,MI,AGL,CE,Towers with Display (VFR),39,74,76,0,189,2,4,4,0,10,41,78,80,0,199,32,0,32,231
11/30/2000,YIP,MI,AGL,CE,Towers with Display (VFR),42,86,86,0,214,0,4,45,0,49,42,90,131,0,263,94,0,94,357
12/01/2000,YIP,MI,AGL,CE,Towers with Display (VFR),41,61,53,0,155,4,0,58,0,62,45,61,111,0,217,152,0,152,369
12/02/2000,YIP,MI,AGL,CE,Towers with Display (VFR),8,33,27,0,68,0,5,130,0,135,8,38,157,0,203,166,0,166,369
12/03/2000,YIP,MI,AGL,CE,Towers with Display (VFR),6,19,25,0,50,0,0,171,0,171,6,19,196,0,221,211,0,211,432
12/04/2000,YIP,MI,AGL,CE,Towers with Display (VFR),32,43,42,0,117,4,0,84,0,88,36,43,126,0,205,138,0,138,343
12/05/2000,YIP,MI,AGL,CE,Towers with Display (VFR),28,62,51,0,141,0,16,18,0,34,28,78,69,0,175,4,0,4,179
12/06/2000,YIP,MI,AGL,CE,Towers with Display (VFR),34,65,54,0,153,0,11,53,0,64,34,76,107,0,217,40,0,40,257
12/07/2000,YIP,MI,AGL,CE,Towers with Display (VFR),54,83,64,0,201,11,2,0,0,13,65,85,64,0,214,10,0,10,224
12/08/2000,YIP,MI,AGL,CE,Towers with Display (VFR),51,77,66,0,194,6,0,23,0,29,57,77,89,0,223,4,0,4,227
12/09/2000,YIP,MI,AGL,CE,Towers with Display (VFR),24,27,31,0,82,6,0,131,0,137,30,27,162,0,219,282,0,282,501
12/10/2000,YIP,MI,AGL,CE,Towers with Display (VFR),12,13,17,0,42,0,0,45,0,45,12,13,62,0,87,68,0,68,155
12/11/2000,YIP,MI,AGL,CE,Towers with Display (VFR),12,19,12,0,43,0,5,0,0,5,12,24,12,0,48,0,0,0,48
12/12/2000,YIP,MI,AGL,CE,Towers with Display (VFR),45,68,57,0,170,0,3,30,0,33,45,71,87,0,203,20,0,20,223
12/13/2000,YIP,MI,AGL,CE,Towers with Display (VFR),44,58,55,0,157,13,0,21,0,34,57,58,76,0,191,10,0,10,201
12/14/2000,YIP,MI,AGL,CE,Towers with Display (VFR),59,92,76,0,227,0,13,9,0,22,59,105,85,0,249,30,0,30,279
12/15/2000,YIP,MI,AGL,CE,Towers with Display (VFR),60,103,87,0,250,0,10,24,0,34,60,113,111,0,284,62,0,62,346
12/16/2000,YIP,MI,AGL,CE,Towers with Display (VFR),7,17,14,0,38,0,5,1,0,6,7,22,15,0,44,6,0,6,50
12/17/2000,YIP,MI,AGL,CE,Towers with Display (VFR),10,11,11,0,32,10,0,0,0,10,20,11,11,0,42,0,0,0,42
12/18/2000,YIP,MI,AGL,CE,Towers with Display (VFR),35,47,45,0,127,1,0,58,0,59,36,47,103,0,186,74,0,74,260
12/19/2000,YIP,MI,AGL,CE,Towers with Display (VFR),59,98,82,0,239,0,17,5,0,22,59,115,87,0,261,30,0,30,291
12/20/2000,YIP,MI,AGL,CE,Towers with Display (VFR),63,97,89,0,249,0,0,67,0,67,63,97,156,0,316,89,0,89,405
12/21/2000,YIP,MI,AGL,CE,Towers with Display (VFR),69,108,87,0,264,11,5,0,0,16,80,113,87,0,280,0,0,0,280
12/22/2000,YIP,MI,AGL,CE,Towers with Display (VFR),59,91,77,0,227,6,0,54,0,60,65,91,131,0,287,92,0,92,379
12/23/2000,YIP,MI,AGL,CE,Towers with Display (VFR),16,25,22,0,63,8,0,12,0,20,24,25,34,0,83,12,0,12,95
12/24/2000,YIP,MI,AGL,CE,Towers with Display (VFR),9,13,11,0,33,3,0,10,0,13,12,13,21,0,46,24,0,24,70
12/25/2000,YIP,MI,AGL,CE,Towers with Display (VFR),1,4,3,0,8,0,0,27,0,27,1,4,30,0,35,6,0,6,41
12/26/2000,YIP,MI,AGL,CE,Towers with Display (VFR),4,28,23,0,55,0,7,45,0,52,4,35,68,0,107,84,0,84,191
12/27/2000,YIP,MI,AGL,CE,Towers with Display (VFR),16,19,20,0,55,7,0,16,0,23,23,19,36,0,78,12,0,12,90
12/28/2000,YIP,MI,AGL,CE,Towers with Display (VFR),22,25,29,0,76,0,0,72,0,72,22,25,101,0,148,174,0,174,322
12/29/2000,YIP,MI,AGL,CE,Towers with Display (VFR),13,19,18,0,50,0,0,11,0,11,13,19,29,0,61,0,0,0,61
12/30/2000,YIP,MI,AGL,CE,Towers with Display (VFR),7,13,10,0,30,0,2,4,0,6,7,15,14,0,36,4,0,4,40
12/31/2000,YIP,MI,AGL,CE,Towers with Display (VFR),6,10,12,0,28,0,0,56,0,56,6,10,68,0,84,72,0,72,156
01/01/2001,YIP,MI,AGL,CE,Towers with Display (VFR),2,5,12,0,19,0,0,43,0,43,2,5,55,0,62,24,0,24,86
01/02/2001,YIP,MI,AGL,CE,Towers with Display (VFR),20,53,57,0,130,0,5,38,0,43,20,58,95,0,173,114,0,114,287
01/03/2001,YIP,MI,AGL,CE,Towers with Display (VFR),22,60,27,0,109,12,31,0,0,43,34,91,27,0,152,8,0,8,160
01/04/2001,YIP,MI,AGL,CE,Towers with Display (VFR),30,82,86,0,198,16,3,19,0,38,46,85,105,0,236,122,0,122,358
01/05/2001,YIP,MI,AGL,CE,Towers with Display (VFR),27,73,62,0,162,15,12,0,0,27,42,85,62,0,189,30,0,30,219
01/06/2001,YIP,MI,AGL,CE,Towers with Display (VFR),9,16,28,0,53,0,0,128,0,128,9,16,156,0,181,180,0,180,361
01/07/2001,YIP,MI,AGL,CE,Towers with Display (VFR),1,6,18,0,25,0,0,33,0,33,1,6,51,0,58,64,0,64,122
01/08/2001,YIP,MI,AGL,CE,Towers with Display (VFR),9,47,55,0,111,0,0,57,0,57,9,47,112,0,168,94,0,94,262
01/09/2001,YIP,MI,AGL,CE,Towers with Display (VFR),28,72,80,0,180,9,0,35,0,44,37,72,115,0,224,140,0,140,364
01/10/2001,YIP,MI,AGL,CE,Towers with Display (VFR),19,61,64,0,144,0,13,89,0,102,19,74,153,0,246,118,0,118,364
01/11/2001,YIP,MI,AGL,CE,Towers with Display (VFR),25,68,0,0,93,10,8,0,0,18,35,76,0,0,111,0,0,0,111
01/12/2001,YIP,MI,AGL,CE,Towers with Display (VFR),29,72,81,0,182,5,0,12,0,17,34,72,93,0,199,42,0,42,241
01/13/2001,YIP,MI,AGL,CE,Towers with Display (VFR),6,24,25,0,55,0,0,5,0,5,6,24,30,0,60,4,0,4,64
01/14/2001,YIP,MI,AGL,CE,Towers with Display (VFR),4,8,0,0,12,2,7,0,0,9,6,15,0,0,21,0,0,0,21
01/15/2001,YIP,MI,AGL,CE,Towers with Display (VFR),5,6,18,0,29,0,0,19,0,19,5,6,37,0,48,0,0,0,48
01/16/2001,YIP,MI,AGL,CE,Towers with Display (VFR),20,54,59,0,133,1,11,24,0,36,21,65,83,0,169,65,0,65,234
01/17/2001,YIP,MI,AGL,CE,Towers with Display (VFR),10,54,58,0,122,0,4,41,0,45,10,58,99,0,167,126,0,126,293
01/18/2001,YIP,MI,AGL,CE,Towers with Display (VFR),19,55,58,0,132,1,3,9,0,13,20,58,67,0,145,0,0,0,145
01/19/2001,YIP,MI,AGL,CE,Towers with Display (VFR),21,57,61,0,139,1,6,47,0,54,22,63,108,0,193,124,0,124,317
01/20/2001,YIP,MI,AGL,CE,Towers with Display (VFR),8,15,26,0,49,4,0,184,0,188,12,15,210,0,237,220,0,220,457
01/21/2001,YIP,MI,AGL,CE,Towers with Display (VFR),4,10,24,0,38,0,0,102,0,102,4,10,126,0,140,210,0,210,350
01/22/2001,YIP,MI,AGL,CE,Towers with Display (VFR),8,33,39,0,80,0,0,37,0,37,8,33,76,0,117,98,0,98,215
01/23/2001,YIP,MI,AGL,CE,Towers with Display (VFR),19,43,56,0,118,1,0,79,0,80,20,43,135,0,198,112,0,112,310
01/24/2001,YIP,MI,AGL,CE,Towers with Display (VFR),11,53,62,0,126,0,0,58,0,58,11,53,120,0,184,92,0,92,276
01/25/2001,YIP,MI,AGL,CE,Towers with Display (VFR),12,54,60,0,126,0,0,73,0,73,12,54,133,0,199,136,0,136,335
01/26/2001,YIP,MI,AGL,CE,Towers with Display (VFR),20,53,63,0,136,0,0,72,0,72,20,53,135,0,208,42,0,42,250
01/27/2001,YIP,MI,AGL,CE,Towers with Display (VFR),4,23,33,0,60,0,0,59,0,59,4,23,92,0,119,58,0,58,177
01/28/2001,YIP,MI,AGL,CE,Towers with Display (VFR),2,5,22,0,29,0,0,95,0,95,2,5,117,0,124,132,0,132,256
01/29/2001,YIP,MI,AGL,CE,Towers with Display (VFR),14,41,30,0,85,8,9,0,0,17,22,50,30,0,102,34,0,34,136
01/30/2001,YIP,MI,AGL,CE,Towers with Display (VFR),14,65,70,0,149,0,6,17,0,23,14,71,87,0,172,18,0,18,190
01/31/2001,YIP,MI,AGL,CE,Towers with Display (VFR),23,64,69,0,156,4,5,42,0,51,27,69,111,0,207,48,0,48,255
02/01/2001,YIP,MI,AGL,CE,Towers with Display (VFR),26,50,65,0,141,3,0,78,0,81,29,50,143,0,222,82,0,82,304
02/02/2001,YIP,MI,AGL,CE,Towers with Display (VFR),23,54,58,0,135,5,2,40,0,47,28,56,98,0,182,22,0,22,204
02/03/2001,YIP,MI,AGL,CE,Towers with Display (VFR),11,6,27,0,44,18,0,123,0,141,29,6,150,0,185,296,0,296,481
02/04/2001,YIP,MI,AGL,CE,Towers with Display (VFR),1,5,9,0,15,0,0,16,0,16,1,5,25,0,31,30,0,30,61
02/05/2001,YIP,MI,AGL,CE,Towers with Display (VFR),13,31,32,0,76,0,0,14,0,14,13,31,46,0,90,40,0,40,130
02/06/2001,YIP,MI,AGL,CE,Towers with Display (VFR),24,48,60,0,132,2,0,26,0,28,26,48,86,0,160,28,0,28,188
02/07/2001,YIP,MI,AGL,CE,Towers with Display (VFR),22,51,56,0,129,4,0,140,0,144,26,51,196,0,273,130,0,130,403
02/08/2001,YIP,MI,AGL,CE,Towers with Display (VFR),17,45,47,0,109,0,11,16,0,27,17,56,63,0,136,22,0,22,158
02/09/2001,YIP,MI,AGL,CE,Towers with Display (VFR),21,51,53,0,125,9,5,0,0,14,30,56,53,0,139,4,0,4,143
02/10/2001,YIP,MI,AGL,CE,Towers with Display (VFR),3,22,30,0,55,0,0,77,0,77,3,22,107,0,132,208,0,208,340
02/11/2001,YIP,MI,AGL,CE,Towers with Display (VFR),4,13,22,0,39,0,0,138,0,138,4,13,160,0,177,290,0,290,467
02/12/2001,YIP,MI,AGL,CE,Towers with Display (VFR),6,44,46,0,96,0,5,99,0,104,6,49,145,0,200,134,0,134,334
02/13/2001,YIP,MI,AGL,CE,Towers with Display (VFR),24,60,63,0,147,0,5,62,0,67,24,65,125,0,214,90,0,90,304
02/14/2001,YIP,MI,AGL,CE,Towers with Display (VFR),17,45,47,0,109,3,8,0,0,11,20,53,47,0,120,0,0,0,120
02/15/2001,YIP,MI,AGL,CE,Towers with Display (VFR),22,61,72,0,155,0,0,71,0,71,22,61,143,0,226,154,0,154,380
02/16/2001,YIP,MI,AGL,CE,Towers with Display (VFR),18,56,60,0,134,0,8,43,0,51,18,64,103,0,185,34,0,34,219
02/17/2001,YIP,MI,AGL,CE,Towers with Display (VFR),9,13,25,0,47,11,0,73,0,84,20,13,98,0,131,186,0,186,317
02/18/2001,YIP,MI,AGL,CE,Towers with Display (VFR),3,15,18,0,36,0,0,135,0,135,3,15,153,0,171,140,0,140,311
02/19/2001,YIP,MI,AGL,CE,Towers with Display (VFR),13,54,58,0,125,0,4,58,0,62,13,58,116,0,187,100,0,100,287
02/20/2001,YIP,MI,AGL,CE,Towers with Display (VFR),24,61,67,0,152,0,16,25,0,41,24,77,92,0,193,90,0,90,283
02/21/2001,YIP,MI,AGL,CE,Towers with Display (VFR),19,59,64,0,142,0,2,68,0,70,19,61,132,0,212,108,0,108,320
02/22/2001,YIP,MI,AGL,CE,Towers with Display (VFR),25,63,68,0,156,1,16,10,0,27,26,79,78,0,183,10,0,10,193
02/23/2001,YIP,MI,AGL,CE,Towers with Display (VFR),25,61,66,0,152,5,0,59,0,64,30,61,125,0,216,202,0,202,418
02/24/2001,YIP,MI,AGL,CE,Towers with Display (VFR),4,19,21,0,44,0,5,19,0,24,4,24,40,0,68,40,0,40,108
02/25/2001,YIP,MI,AGL,CE,Towers with Display (VFR),8,20,20,0,48,4,4,0,0,8,12,24,20,0,56,0,0,0,56
02/26/2001,YIP,MI,AGL,CE,Towers with Display (VFR),13,33,36,0,82,0,2,55,0,57,13,35,91,0,139,102,0,102,241
02/27/2001,YIP,MI,AGL,CE,Towers with Display (VFR),27,61,73,0,161,4,0,51,0,55,31,61,124,0,216,122,0,122,338
02/28/2001,YIP,MI,AGL,CE,Towers with Display (VFR),25,68,80,0,173,0,0,85,0,85,25,68,165,0,258,182,0,182,440
03/01/2001,YIP,MI,AGL,CE,Towers with Display (VFR),12,58,67,0,137,0,6,51,0,57,12,64,118,0,194,126,0,126,320
03/02/2001,YIP,MI,AGL,CE,Towers with Display (VFR),9,53,62,0,124,0,0,58,0,58,9,53,120,0,182,154,0,154,336
03/03/2001,YIP,MI,AGL,CE,Towers with Display (VFR),6,14,30,0,50,0,0,200,0,200,6,14,230,0,250,276,0,276,526
03/04/2001,YIP,MI,AGL,CE,Towers with Display (VFR),3,6,21,0,30,0,0,100,0,100,3,6,121,0,130,234,0,234,364
03/05/2001,YIP,MI,AGL,CE,Towers with Display (VFR),7,26,30,0,63,3,3,26,0,32,10,29,56,0,95,32,0,32,127
03/06/2001,YIP,MI,AGL,CE,Towers with Display (VFR),15,59,67,0,141,11,5,16,0,32,26,64,83,0,173,14,0,14,187
03/07/2001,YIP,MI,AGL,CE,Towers with Display (VFR),10,53,67,0,130,0,0,78,0,78,10,53,145,0,208,156,0,156,364
03/08/2001,YIP,MI,AGL,CE,Towers with Display (VFR),8,61,72,0,141,0,0,29,0,29,8,61,101,0,170,84,0,84,254
03/09/2001,YIP,MI,AGL,CE,Towers with Display (VFR),14,54,62,0,130,9,1,32,0,42,23,55,94,0,172,80,0,80,252
03/10/2001,YIP,MI,AGL,CE,Towers with Display (VFR),4,6,18,0,28,1,0,179,0,180,5,6,197,0,208,250,0,250,458
03/11/2001,YIP,MI,AGL,CE,Towers with Display (VFR),2,10,26,0,38,0,0,107,0,107,2,10,133,0,145,186,0,186,331
03/12/2001,YIP,MI,AGL,CE,Towers with Display (VFR),18,66,84,0,168,14,0,29,0,43,32,66,113,0,211,160,0,160,371
03/13/2001,YIP,MI,AGL,CE,Towers with Display (VFR),12,62,72,0,146,0,29,16,0,45,12,91,88,0,191,50,0,50,241
03/14/2001,YIP,MI,AGL,CE,Towers with Display (VFR),17,67,79,0,163,12,0,88,0,100,29,67,167,0,263,104,0,104,367
03/15/2001,YIP,MI,AGL,CE,Towers with Display (VFR),20,68,99,0,187,1,0,69,0,70,21,68,168,0,257,120,0,120,377
03/16/2001,YIP,MI,AGL,CE,Towers with Display (VFR),13,48,64,0,125,11,0,4,0,15,24,48,68,0,140,8,0,8,148
03/17/2001,YIP,MI,AGL,CE,Towers with Display (VFR),3,8,16,0,27,5,0,18,0,23,8,8,34,0,50,20,0,20,70
03/18/2001,YIP,MI,AGL,CE,Towers with Display (VFR),1,13,26,0,40,0,0,175,0,175,1,13,201,0,215,252,0,252,467
03/19/2001,YIP,MI,AGL,CE,Towers with Display (VFR),10,31,50,0,91,4,0,113,0,117,14,31,163,0,208,126,0,126,334
03/20/2001,YIP,MI,AGL,CE,Towers with Display (VFR),16,66,81,0,163,1,0,102,0,103,17,66,183,0,266,128,0,128,394
03/21/2001,YIP,MI,AGL,CE,Towers with Display (VFR),14,83,95,0,192,0,17,92,0,109,14,100,187,0,301,154,0,154,455
03/22/2001,YIP,MI,AGL,CE,Towers with Display (VFR),5,41,49,0,95,0,19,86,0,105,5,60,135,0,200,122,0,122,322
03/23/2001,YIP,MI,AGL,CE,Towers with Display (VFR),11,54,71,0,136,0,0,106,0,106,11,54,177,0,242,104,0,104,346
03/24/2001,YIP,MI,AGL,CE,Towers with Display (VFR),6,18,32,0,56,1,0,38,0,39,7,18,70,0,95,26,0,26,121
03/25/2001,YIP,MI,AGL,CE,Towers with Display (VFR),5,6,31,0,42,0,0,46,0,46,5,6,77,0,88,46,0,46,134
03/26/2001,YIP,MI,AGL,CE,Towers with Display (VFR),6,39,46,0,91,0,1,86,0,87,6,40,132,0,178,78,0,78,256
03/27/2001,YIP,MI,AGL,CE,Towers with Display (VFR),9,58,68,0,135,0,5,48,0,53,9,63,116,0,188,199,0,199,387
03/28/2001,YIP,MI,AGL,CE,Towers with Display (VFR),9,83,96,0,188,0,20,96,0,116,9,103,192,0,304,204,0,204,508
03/29/2001,YIP,MI,AGL,CE,Towers with Display (VFR),12,72,83,0,167,0,28,15,0,43,12,100,98,0,210,112,0,112,322
03/30/2001,YIP,MI,AGL,CE,Towers with Display (VFR),15,65,76,0,156,4,23,37,0,64,19,88,113,0,220,158,0,158,378
03/31/2001,YIP,MI,AGL,CE,Towers with Display (VFR),2,27,36,0,65,0,0,62,0,62,2,27,98,0,127,246,0,246,373
04/01/2001,YIP,MI,AGL,CE,Towers with Display (VFR),1,12,17,0,30,0,0,1,0,1,1,12,18,0,31,0,0,0,31
04/02/2001,YIP,MI,AGL,CE,Towers with Display (VFR),6,51,62,0,119,0,0,92,0,92,6,51,154,0,211,184,0,184,395
04/03/2001,YIP,MI,AGL,CE,Towers with Display (VFR),28,49,72,0,149,0,0,41,0,41,28,49,113,0,190,76,0,76,266
04/04/2001,YIP,MI,AGL,CE,Towers with Display (VFR),14,66,73,0,153,0,0,111,0,111,14,66,184,0,264,224,0,224,488
04/05/2001,YIP,MI,AGL,CE,Towers with Display (VFR),27,68,65,0,160,0,0,70,0,70,27,68,135,0,230,146,0,146,376
04/06/2001,YIP,MI,AGL,CE,Towers with Display (VFR),20,45,82,0,147,0,0,14,0,14,20,45,96,0,161,24,0,24,185
04/07/2001,YIP,MI,AGL,CE,Towers with Display (VFR),10,16,41,0,67,0,0,26,0,26,10,16,67,0,93,66,0,66,159
04/08/2001,YIP,MI,AGL,CE,Towers with Display (VFR),1,15,33,0,49,0,0,121,0,121,1,15,154,0,170,126,0,126,296
04/09/2001,YIP,MI,AGL,CE,Towers with Display (VFR),10,45,45,0,100,0,0,33,0,33,10,45,78,0,133,34,0,34,167
04/10/2001,YIP,MI,AGL,CE,Towers with Display (VFR),15,67,70,0,152,0,0,39,0,39,15,67,109,0,191,152,0,152,343
04/11/2001,YIP,MI,AGL,CE,Towers with Display (VFR),9,70,68,0,147,0,0,11,0,11,9,70,79,0,158,26,0,26,184
04/12/2001,YIP,MI,AGL,CE,Towers with Display (VFR),47,64,36,0,147,0,0,19,0,19,47,64,55,0,166,30,0,30,196
04/13/2001,YIP,MI,AGL,CE,Towers with Display (VFR),14,23,26,0,63,0,0,108,0,108,14,23,134,0,171,186,0,186,357
04/14/2001,YIP,MI,AGL,CE,Towers with Display (VFR),6,5,11,0,22,0,0,89,0,89,6,5,100,0,111,70,0,70,181
04/15/2001,YIP,MI,AGL,CE,Towers with Display (VFR),0,2,7,0,9,0,0,16,0,16,0,2,23,0,25,46,0,46,71
04/16/2001,YIP,MI,AGL,CE,Towers with Display (VFR),5,20,41,0,66,0,0,59,0,59,5,20,100,0,125,28,0,28,153
04/17/2001,YIP,MI,AGL,CE,Towers with Display (VFR),12,49,57,0,118,0,0,38,0,38,12,49,95,0,156,20,0,20,176
04/18/2001,YIP,MI,AGL,CE,Towers with Display (VFR),24,60,43,2,129,3,0,94,0,97,27,60,137,2,226,138,0,138,364
04/19/2001,YIP,MI,AGL,CE,Towers with Display (VFR),20,61,56,0,137,0,0,108,0,108,20,61,164,0,245,136,0,136,381
04/20/2001,YIP,MI,AGL,CE,Towers with Display (VFR),26,51,86,0,163,0,0,17,0,17,26,51,103,0,180,32,0,32,212
04/21/2001,YIP,MI,AGL,CE,Towers with Display (VFR),25,20,30,0,75,0,0,28,0,28,25,20,58,0,103,82,0,82,185
04/22/2001,YIP,MI,AGL,CE,Towers with Display (VFR),11,1,30,0,42,0,0,70,0,70,11,1,100,0,112,146,0,146,258
04/23/2001,YIP,MI,AGL,CE,Towers with Display (VFR),14,50,47,0,111,0,0,42,0,42,14,50,89,0,153,18,0,18,171
04/24/2001,YIP,MI,AGL,CE,Towers with Display (VFR),23,72,54,0,149,0,0,37,0,37,23,72,91,0,186,32,0,32,218
04/25/2001,YIP,MI,AGL,CE,Towers with Display (VFR),21,64,79,0,164,0,0,106,0,106,21,64,185,0,270,188,0,188,458
04/26/2001,YIP,MI,AGL,CE,Towers with Display (VFR),19,60,80,0,159,0,0,106,0,106,19,60,186,0,265,170,0,170,435
04/27/2001,YIP,MI,AGL,CE,Towers with Display (VFR),28,70,41,1,140,0,0,115,0,115,28,70,156,1,255,100,0,100,355
04/28/2001,YIP,MI,AGL,CE,Towers with Display (VFR),8,26,61,0,95,0,0,147,0,147,8,26,208,0,242,240,0,240,482
04/29/2001,YIP,MI,AGL,CE,Towers with Display (VFR),24,15,56,1,96,0,0,123,0,123,24,15,179,1,219,70,0,70,289
04/30/2001,YIP,MI,AGL,CE,Towers with Display (VFR),16,41,64,0,121,0,0,70,0,70,16,41,134,0,191,240,0,240,431
05/01/2001,YIP,MI,AGL,CE,Towers with Display (VFR),18,57,55,0,130,0,0,83,0,83,18,57,138,0,213,116,0,116,329
05/02/2001,YIP,MI,AGL,CE,Towers with Display (VFR),18,49,71,0,138,0,0,72,0,72,18,49,143,0,210,132,0,132,342
05/03/2001,YIP,MI,AGL,CE,Towers with Display (VFR),20,60,43,0,123,0,0,79,0,79,20,60,122,0,202,68,0,68,270
05/04/2001,YIP,MI,AGL,CE,Towers with Display (VFR),31,62,54,0,147,0,0,81,0,81,31,62,135,0,228,160,0,160,388
05/05/2001,YIP,MI,AGL,CE,Towers with Display (VFR),7,12,23,0,42,0,0,138,0,138,7,12,161,0,180,246,0,246,426
05/06/2001,YIP,MI,AGL,CE,Towers with Display (VFR),3,8,47,0,58,0,32,19,0,51,3,40,66,0,109,172,0,172,281
05/07/2001,YIP,MI,AGL,CE,Towers with Display (VFR),8,48,32,0,88,0,0,40,0,40,8,48,72,0,128,138,0,138,266
05/08/2001,YIP,MI,AGL,CE,Towers with Display (VFR),25,73,65,0,163,0,0,82,0,82,25,73,147,0,245,206,0,206,451
05/09/2001,YIP,MI,AGL,CE,Towers with Display (VFR),12,68,61,0,141,1,4,135,0,140,13,72,196,0,281,188,0,188,469
05/10/2001,YIP,MI,AGL,CE,Towers with Display (VFR),27,80,83,0,190,0,0,115,0,115,27,80,198,0,305,114,0,114,419
05/11/2001,YIP,MI,AGL,CE,Towers with Display (VFR),18,56,62,0,136,0,0,58,0,58,18,56,120,0,194,72,0,72,266
05/12/2001,YIP,MI,AGL,CE,Towers with Display (VFR),6,9,35,0,50,0,0,80,0,80,6,9,115,0,130,202,0,202,332
05/13/2001,YIP,MI,AGL,CE,Towers with Display (VFR),2,8,20,0,30,0,0,120,0,120,2,8,140,0,150,126,0,126,276
05/14/2001,YIP,MI,AGL,CE,Towers with Display (VFR),13,49,42,0,104,0,0,106,0,106,13,49,148,0,210,262,0,262,472
05/15/2001,YIP,MI,AGL,CE,Towers with Display (VFR),10,67,56,0,133,0,0,9,0,9,10,67,65,0,142,2,0,2,144
05/16/2001,YIP,MI,AGL,CE,Towers with Display (VFR),18,54,52,0,124,0,3,18,0,21,18,57,70,0,145,56,0,56,201
05/17/2001,YIP,MI,AGL,CE,Towers with Display (VFR),25,61,48,0,134,0,0,61,0,61,25,61,109,0,195,142,0,142,337
05/18/2001,YIP,MI,AGL,CE,Towers with Display (VFR),19,73,82,0,174,0,0,75,0,75,19,73,157,0,249,100,0,100,349
05/19/2001,YIP,MI,AGL,CE,Towers with Display (VFR),7,25,65,0,97,0,0,103,0,103,7,25,168,0,200,144,0,144,344
05/20/2001,YIP,MI,AGL,CE,Towers with Display (VFR),1,20,45,0,66,0,0,143,0,143,1,20,188,0,209,210,0,210,419
05/21/2001,YIP,MI,AGL,CE,Towers with Display (VFR),17,56,34,0,107,0,0,8,0,8,17,56,42,0,115,48,0,48,163
05/22/2001,YIP,MI,AGL,CE,Towers with Display (VFR),13,82,65,0,160,0,0,90,1,91,13,82,155,1,251,194,0,194,445
05/23/2001,YIP,MI,AGL,CE,Towers with Display (VFR),14,69,68,0,151,0,0,85,0,85,14,69,153,0,236,170,0,170,406
05/24/2001,YIP,MI,AGL,CE,Towers with Display (VFR),12,70,125,0,207,0,0,50,0,50,12,70,175,0,257,144,0,144,401
05/25/2001,YIP,MI,AGL,CE,Towers with Display (VFR),19,67,53,0,139,0,0,53,0,53,19,67,106,0,192,124,0,124,316
05/26/2001,YIP,MI,AGL,CE,Towers with Display (VFR),5,15,38,0,58,0,0,73,0,73,5,15,111,0,131,134,0,134,265
05/27/2001,YIP,MI,AGL,CE,Towers with Display (VFR),1,6,27,0,34,0,0,12,0,12,1,6,39,0,46,58,0,58,104
05/28/2001,YIP,MI,AGL,CE,Towers with Display (VFR),0,3,43,0,46,0,0,84,0,84,0,3,127,0,130,216,0,216,346
05/29/2001,YIP,MI,AGL,CE,Towers with Display (VFR),1,79,73,0,153,0,0,60,0,60,1,79,133,0,213,232,0,232,445
05/30/2001,YIP,MI,AGL,CE,Towers with Display (VFR),16,67,97,0,180,0,0,168,0,168,16,67,265,0,348,214,0,214,562
05/31/2001,YIP,MI,AGL,CE,Towers with Display (VFR),18,84,61,0,163,0,0,98,0,98,18,84,159,0,261,164,0,164,425
06/01/2001,YIP,MI,AGL,CE,Towers with Display (VFR),30,52,61,0,143,1,0,22,0,23,31,52,83,0,166,42,0,42,208
06/02/2001,YIP,MI,AGL,CE,Towers with Display (VFR),1,6,28,0,35,0,0,103,0,103,1,6,131,0,138,144,0,144,282
06/03/2001,YIP,MI,AGL,CE,Towers with Display (VFR),13,17,26,0,56,1,0,17,0,18,14,17,43,0,74,38,0,38,112
06/04/2001,YIP,MI,AGL,CE,Towers with Display (VFR),7,60,78,0,145,1,0,61,0,62,8,60,139,0,207,150,0,150,357
06/05/2001,YIP,MI,AGL,CE,Towers with Display (VFR),10,68,80,0,158,1,0,44,0,45,11,68,124,0,203,112,0,112,315
06/06/2001,YIP,MI,AGL,CE,Towers with Display (VFR),23,89,89,0,201,1,0,55,0,56,24,89,144,0,257,150,0,150,407
06/07/2001,YIP,MI,AGL,CE,Towers with Display (VFR),22,62,76,0,160,0,1,110,0,111,22,63,186,0,271,194,0,194,465
06/08/2001,YIP,MI,AGL,CE,Towers with Display (VFR),21,75,53,0,149,0,1,156,0,157,21,76,209,0,306,116,0,116,422
06/09/2001,YIP,MI,AGL,CE,Towers with Display (VFR),10,15,49,0,74,0,1,167,0,168,10,16,216,0,242,246,0,246,488
06/10/2001,YIP,MI,AGL,CE,Towers with Display (VFR),9,7,70,0,86,0,1,126,0,127,9,8,196,0,213,142,0,142,355
06/11/2001,YIP,MI,AGL,CE,Towers with Display (VFR),7,65,53,0,125,0,1,116,0,117,7,66,169,0,242,152,0,152,394
06/12/2001,YIP,MI,AGL,CE,Towers with Display (VFR),10,77,60,0,147,0,0,95,0,95,10,77,155,0,242,228,0,228,470
06/13/2001,YIP,MI,AGL,CE,Towers with Display (VFR),14,95,70,0,179,0,1,135,0,136,14,96,205,0,315,226,0,226,541
06/14/2001,YIP,MI,AGL,CE,Towers with Display (VFR),26,111,89,0,226,0,1,122,0,123,26,112,211,0,349,264,0,264,613
06/15/2001,YIP,MI,AGL,CE,Towers with Display (VFR),18,87,52,0,157,0,1,49,0,50,18,88,101,0,207,98,0,98,305
06/16/2001,YIP,MI,AGL,CE,Towers with Display (VFR),9,45,17,0,71,0,1,171,0,172,9,46,188,0,243,152,0,152,395
06/17/2001,YIP,MI,AGL,CE,Towers with Display (VFR),2,8,22,0,32,0,1,134,0,135,2,9,156,0,167,130,0,130,297
06/18/2001,YIP,MI,AGL,CE,Towers with Display (VFR),10,54,51,0,115,0,1,51,0,52,10,55,102,0,167,134,0,134,301
06/19/2001,YIP,MI,AGL,CE,Towers with Display (VFR),15,64,44,0,123,0,1,40,0,41,15,65,84,0,164,136,0,136,300
06/20/2001,YIP,MI,AGL,CE,Towers with Display (VFR),27,93,70,1,191,0,1,84,0,85,27,94,154,1,276,238,0,238,514
06/21/2001,YIP,MI,AGL,CE,Towers with Display (VFR),30,83,62,0,175,0,0,33,0,33,30,83,95,0,208,40,0,40,248
06/22/2001,YIP,MI,AGL,CE,Towers with Display (VFR),25,99,63,0,187,0,0,92,0,92,25,99,155,0,279,164,0,164,443
06/23/2001,YIP,MI,AGL,CE,Towers with Display (VFR),7,30,28,0,65,0,10,111,0,121,7,40,139,0,186,166,0,166,352
06/24/2001,YIP,MI,AGL,CE,Towers with Display (VFR),7,7,38,0,52,0,0,142,0,142,7,7,180,0,194,240,0,240,434
06/25/2001,YIP,MI,AGL,CE,Towers with Display (VFR),4,59,43,0,106,0,0,135,0,135,4,59,178,0,241,200,0,200,441
06/26/2001,YIP,MI,AGL,CE,Towers with Display (VFR),39,58,56,0,153,0,0,119,0,119,39,58,175,0,272,154,0,154,426
06/27/2001,YIP,MI,AGL,CE,Towers with Display (VFR),29,98,71,0,198,0,0,138,0,138,29,98,209,0,336,170,0,170,506
06/28/2001,YIP,MI,AGL,CE,Towers with Display (VFR),21,114,71,0,206,0,0,134,0,134,21,114,205,0,340,372,0,372,712
06/29/2001,YIP,MI,AGL,CE,Towers with Display (VFR),0,0,0,0,0,17,58,164,0,239,17,58,164,0,239,92,0,92,331
06/30/2001,YIP,MI,AGL,CE,Towers with Display (VFR),0,0,0,0,0,3,21,119,0,143,3,21,119,0,143,188,0,188,331
07/01/2001,YIP,MI,AGL,CE,Towers with Display (VFR),1,6,26,0,33,0,0,29,0,29,1,6,55,0,62,82,0,82,144
07/02/2001,YIP,MI,AGL,CE,Towers with Display (VFR),3,30,45,0,78,0,0,99,0,99,3,30,144,0,177,124,0,124,301
07/03/2001,YIP,MI,AGL,CE,Towers with Display (VFR),3,53,44,0,100,0,0,74,0,74,3,53,118,0,174,144,0,144,318
07/04/2001,YIP,MI,AGL,CE,Towers with Display (VFR),0,15,15,0,30,0,2,69,0,71,0,17,84,0,101,46,0,46,147
07/05/2001,YIP,MI,AGL,CE,Towers with Display (VFR),10,52,43,0,105,0,0,118,0,118,10,52,161,0,223,170,0,170,393
07/06/2001,YIP,MI,AGL,CE,Towers with Display (VFR),10,68,56,0,134,0,0,154,0,154,10,68,210,0,288,170,0,170,458
07/07/2001,YIP,MI,AGL,CE,Towers with Display (VFR),1,10,38,0,49,0,0,31,0,31,1,10,69,0,80,78,0,78,158
07/08/2001,YIP,MI,AGL,CE,Towers with Display (VFR),4,12,47,0,63,0,0,95,0,95,4,12,142,0,158,110,0,110,268
07/09/2001,YIP,MI,AGL,CE,Towers with Display (VFR),5,29,51,0,85,0,0,79,0,79,5,29,130,0,164,201,0,201,365
07/10/2001,YIP,MI,AGL,CE,Towers with Display (VFR),9,47,62,0,118,0,0,98,0,98,9,47,160,0,216,158,0,158,374
07/11/2001,YIP,MI,AGL,CE,Towers with Display (VFR),5,47,56,0,108,0,0,129,0,129,5,47,185,0,237,331,0,331,568
07/12/2001,YIP,MI,AGL,CE,Towers with Display (VFR),5,49,84,0,138,0,0,93,0,93,5,49,177,0,231,212,0,212,443
07/13/2001,YIP,MI,AGL,CE,Towers with Display (VFR),8,39,59,0,106,0,0,125,0,125,8,39,184,0,231,208,0,208,439
07/14/2001,YIP,MI,AGL,CE,Towers with Display (VFR),3,27,46,0,76,0,0,145,0,145,3,27,191,0,221,212,0,212,433
07/15/2001,YIP,MI,AGL,CE,Towers with Display (VFR),6,13,25,0,44,0,0,118,0,118,6,13,143,0,162,158,0,158,320
07/16/2001,YIP,MI,AGL,CE,Towers with Display (VFR),7,48,57,0,112,0,0,99,0,99,7,48,156,0,211,256,0,256,467
07/17/2001,YIP,MI,AGL,CE,Towers with Display (VFR),10,53,40,0,103,0,0,68,0,68,10,53,108,0,171,154,0,154,325
07/18/2001,YIP,MI,AGL,CE,Towers with Display (VFR),21,81,71,0,173,0,0,85,0,85,21,81,156,0,258,124,0,124,382
07/19/2001,YIP,MI,AGL,CE,Towers with Display (VFR),30,66,57,0,153,0,0,101,0,101,30,66,158,0,254,146,0,146,400
07/20/2001,YIP,MI,AGL,CE,Towers with Display (VFR),11,31,54,0,96,0,0,71,0,71,11,31,125,0,167,96,0,96,263
07/21/2001,YIP,MI,AGL,CE,Towers with Display (VFR),2,13,28,0,43,0,0,58,0,58,2,13,86,0,101,50,0,50,151
07/22/2001,YIP,MI,AGL,CE,Towers with Display (VFR),0,15,45,0,60,0,0,84,0,84,0,15,129,0,144,176,0,176,320
07/23/2001,YIP,MI,AGL,CE,Towers with Display (VFR),21,44,45,0,110,0,0,41,0,41,21,44,86,0,151,134,0,134,285
07/24/2001,YIP,MI,AGL,CE,Towers with Display (VFR),6,62,73,0,141,0,0,92,0,92,6,62,165,0,233,206,0,206,439
07/25/2001,YIP,MI,AGL,CE,Towers with Display (VFR),53,63,76,0,192,0,0,64,0,64,53,63,140,0,256,106,0,106,362
07/26/2001,YIP,MI,AGL,CE,Towers with Display (VFR),24,58,66,1,149,0,0,107,0,107,24,58,173,1,256,274,8,282,538
07/27/2001,YIP,MI,AGL,CE,Towers with Display (VFR),18,61,48,0,127,0,0,121,0,121,18,61,169,0,248,214,0,214,462
07/28/2001,YIP,MI,AGL,CE,Towers with Display (VFR),1,24,27,1,53,0,0,133,237,370,1,24,160,238,423,2,0,2,425
07/29/2001,YIP,MI,AGL,CE,Towers with Display (VFR),6,9,28,0,43,0,0,74,0,74,6,9,102,0,117,84,0,84,201
07/30/2001,YIP,MI,AGL,CE,Towers with Display (VFR),10,33,51,1,95,0,0,55,0,55,10,33,106,1,150,196,0,196,346
07/31/2001,YIP,MI,AGL,CE,Towers with Display (VFR),16,52,46,0,114,0,0,92,0,92,16,52,138,0,206,237,0,237,443
08/01/2001,YIP,MI,AGL,CE,Towers with Display (VFR),16,61,73,0,150,1,0,127,0,128,17,61,200,0,278,206,0,206,484
08/02/2001,YIP,MI,AGL,CE,Towers with Display (VFR),13,84,57,0,154,0,0,0,0,0,13,84,57,0,154,292,0,292,446
08/03/2001,YIP,MI,AGL,CE,Towers with Display (VFR),14,54,74,0,142,0,2,20,0,22,14,56,94,0,164,273,0,273,437
08/04/2001,YIP,MI,AGL,CE,Towers with Display (VFR),3,22,16,1,42,0,0,205,0,205,3,22,221,1,247,332,0,332,579
08/05/2001,YIP,MI,AGL,CE,Towers with Display (VFR),8,23,29,0,60,0,0,200,0,200,8,23,229,0,260,282,0,282,542
08/06/2001,YIP,MI,AGL,CE,Towers with Display (VFR),15,31,63,0,109,0,0,112,0,112,15,31,175,0,221,178,0,178,399
08/07/2001,YIP,MI,AGL,CE,Towers with Display (VFR),14,57,70,0,141,0,0,95,0,95,14,57,165,0,236,186,0,186,422
08/08/2001,YIP,MI,AGL,CE,Towers with Display (VFR),14,59,57,0,130,1,0,66,0,67,15,59,123,0,197,92,0,92,289
08/09/2001,YIP,MI,AGL,CE,Towers with Display (VFR),15,67,79,0,161,0,0,45,0,45,15,67,124,0,206,98,0,98,304
08/10/2001,YIP,MI,AGL,CE,Towers with Display (VFR),8,78,83,0,169,0,0,41,0,41,8,78,124,0,210,287,0,287,497
08/11/2001,YIP,MI,AGL,CE,Towers with Display (VFR),3,23,30,0,56,0,0,132,0,132,3,23,162,0,188,210,0,210,398
08/12/2001,YIP,MI,AGL,CE,Towers with Display (VFR),4,13,68,0,85,0,0,84,0,84,4,13,152,0,169,114,0,114,283
08/13/2001,YIP,MI,AGL,CE,Towers with Display (VFR),17,50,68,0,135,0,0,102,0,102,17,50,170,0,237,220,0,220,457
08/14/2001,YIP,MI,AGL,CE,Towers with Display (VFR),16,45,96,0,157,0,0,93,0,93,16,45,189,0,250,252,0,252,502
08/15/2001,YIP,MI,AGL,CE,Towers with Display (VFR),16,60,74,0,150,0,5,126,0,131,16,65,200,0,281,262,0,262,543
08/16/2001,YIP,MI,AGL,CE,Towers with Display (VFR),22,85,68,0,175,0,0,16,0,16,22,85,84,0,191,8,0,8,199
08/17/2001,YIP,MI,AGL,CE,Towers with Display (VFR),30,59,85,0,174,0,0,78,0,78,30,59,163,0,252,150,0,150,402
08/18/2001,YIP,MI,AGL,CE,Towers with Display (VFR),12,20,109,0,141,0,0,89,0,89,12,20,198,0,230,204,0,204,434
08/19/2001,YIP,MI,AGL,CE,Towers with Display (VFR),5,10,45,0,60,0,0,59,0,59,5,10,104,0,119,18,0,18,137
08/20/2001,YIP,MI,AGL,CE,Towers with Display (VFR),22,38,70,0,130,0,0,52,0,52,22,38,122,0,182,128,0,128,310
08/21/2001,YIP,MI,AGL,CE,Towers with Display (VFR),18,56,97,0,171,0,0,101,0,101,18,56,198,0,272,230,0,230,502
08/22/2001,YIP,MI,AGL,CE,Towers with Display (VFR),22,56,34,0,112,0,0,14,0,14,22,56,48,0,126,26,0,26,152
08/23/2001,YIP,MI,AGL,CE,Towers with Display (VFR),40,63,93,0,196,0,0,31,0,31,40,63,124,0,227,94,0,94,321
08/24/2001,YIP,MI,AGL,CE,Towers with Display (VFR),16,63,104,0,183,0,0,61,0,61,16,63,165,0,244,120,0,120,364
08/25/2001,YIP,MI,AGL,CE,Towers with Display (VFR),10,33,41,0,84,0,0,64,0,64,10,33,105,0,148,188,0,188,336
08/26/2001,YIP,MI,AGL,CE,Towers with Display (VFR),4,15,27,0,46,0,0,27,0,27,4,15,54,0,73,30,0,30,103
08/27/2001,YIP,MI,AGL,CE,Towers with Display (VFR),9,46,70,0,125,0,0,114,0,114,9,46,184,0,239,224,0,224,463
08/28/2001,YIP,MI,AGL,CE,Towers with Display (VFR),10,52,88,0,150,0,0,107,0,107,10,52,195,0,257,180,0,180,437
08/29/2001,YIP,MI,AGL,CE,Towers with Display (VFR),11,71,84,0,166,0,0,129,0,129,11,71,213,0,295,216,0,216,511
08/30/2001,YIP,MI,AGL,CE,Towers with Display (VFR),13,76,71,0,160,0,0,67,0,67,13,76,138,0,227,78,0,78,305
08/31/2001,YIP,MI,AGL,CE,Towers with Display (VFR),20,56,81,0,157,0,0,76,0,76,20,56,157,0,233,182,0,182,415
09/01/2001,YIP,MI,AGL,CE,Towers with Display (VFR),4,15,33,0,52,0,0,153,0,153,4,15,186,0,205,280,0,280,485
09/02/2001,YIP,MI,AGL,CE,Towers with Display (VFR),4,7,23,0,34,0,0,116,0,116,4,7,139,0,150,114,0,114,264
09/03/2001,YIP,MI,AGL,CE,Towers with Display (VFR),0,3,19,0,22,0,0,103,0,103,0,3,122,0,125,154,0,154,279
09/04/2001,YIP,MI,AGL,CE,Towers with Display (VFR),5,51,54,0,110,0,0,95,0,95,5,51,149,0,205,190,0,190,395
09/05/2001,YIP,MI,AGL,CE,Towers with Display (VFR),18,80,64,0,162,0,0,114,0,114,18,80,178,0,276,164,0,164,440
09/06/2001,YIP,MI,AGL,CE,Towers with Display (VFR),18,66,82,0,166,0,0,88,0,88,18,66,170,0,254,140,0,140,394
09/07/2001,YIP,MI,AGL,CE,Towers with Display (VFR),18,62,62,0,142,0,0,47,0,47,18,62,109,0,189,178,0,178,367
09/08/2001,YIP,MI,AGL,CE,Towers with Display (VFR),6,22,32,0,60,0,0,27,0,27,6,22,59,0,87,42,0,42,129
09/09/2001,YIP,MI,AGL,CE,Towers with Display (VFR),2,16,21,0,39,0,0,6,0,6,2,16,27,0,45,20,0,20,65
09/10/2001,YIP,MI,AGL,CE,Towers with Display (VFR),10,34,62,0,106,0,0,61,0,61,10,34,123,0,167,140,0,140,307
09/11/2001,YIP,MI,AGL,CE,Towers with Display (VFR),3,22,18,0,43,0,0,7,0,7,3,22,25,0,50,2,0,2,52
09/12/2001,YIP,MI,AGL,CE,Towers with Display (VFR),0,3,0,0,3,0,0,0,0,0,0,3,0,0,3,0,0,0,3
09/13/2001,YIP,MI,AGL,CE,Towers with Display (VFR),9,42,0,0,51,0,0,10,0,10,9,42,10,0,61,0,0,0,61
09/14/2001,YIP,MI,AGL,CE,Towers with Display (VFR),18,57,19,0,94,0,0,4,0,4,18,57,23,0,98,6,0,6,104
09/15/2001,YIP,MI,AGL,CE,Towers with Display (VFR),7,12,32,0,51,0,0,1,0,1,7,12,33,0,52,0,0,0,52
09/16/2001,YIP,MI,AGL,CE,Towers with Display (VFR),8,16,46,0,70,0,0,11,0,11,8,16,57,0,81,10,0,10,91
09/17/2001,YIP,MI,AGL,CE,Towers with Display (VFR),4,29,36,0,69,0,0,2,0,2,4,29,38,0,71,0,0,0,71
09/18/2001,YIP,MI,AGL,CE,Towers with Display (VFR),18,47,59,0,124,0,0,1,0,1,18,47,60,0,125,8,0,8,133
09/19/2001,YIP,MI,AGL,CE,Towers with Display (VFR),18,54,54,0,126,0,0,3,0,3,18,54,57,0,129,0,0,0,129
09/20/2001,YIP,MI,AGL,CE,Towers with Display (VFR),17,64,63,0,144,0,0,3,0,3,17,64,66,0,147,4,0,4,151
09/21/2001,YIP,MI,AGL,CE,Towers with Display (VFR),17,46,56,0,119,0,0,0,0,0,17,46,56,0,119,0,0,0,119
09/22/2001,YIP,MI,AGL,CE,Towers with Display (VFR),2,17,29,0,48,0,0,55,0,55,2,17,84,0,103,158,0,158,261
09/23/2001,YIP,MI,AGL,CE,Towers with Display (VFR),1,18,71,0,90,0,0,17,0,17,1,18,88,0,107,104,0,104,211
09/24/2001,YIP,MI,AGL,CE,Towers with Display (VFR),2,39,47,0,88,0,0,8,0,8,2,39,55,0,96,0,0,0,96
09/25/2001,YIP,MI,AGL,CE,Towers with Display (VFR),26,53,58,0,137,0,0,20,0,20,26,53,78,0,157,12,0,12,169
09/26/2001,YIP,MI,AGL,CE,Towers with Display (VFR),54,71,88,0,213,0,0,10,0,10,54,71,98,0,223,30,0,30,253
09/27/2001,YIP,MI,AGL,CE,Towers with Display (VFR),78,71,79,0,228,0,0,22,0,22,78,71,101,0,250,102,0,102,352
09/28/2001,YIP,MI,AGL,CE,Towers with Display (VFR),51,81,67,0,199,0,0,14,0,14,51,81,81,0,213,60,0,60,273
09/29/2001,YIP,MI,AGL,CE,Towers with Display (VFR),1,30,73,0,104,0,0,53,0,53,1,30,126,0,157,130,0,130,287
09/30/2001,YIP,MI,AGL,CE,Towers with Display (VFR),0,13,52,0,65,0,0,31,0,31,0,13,83,0,96,92,0,92,188
10/01/2001,YIP,MI,AGL,CE,Towers with Display (VFR),14,49,67,0,130,1,0,29,0,30,15,49,96,0,160,50,0,50,210
10/02/2001,YIP,MI,AGL,CE,Towers with Display (VFR),28,60,81,0,169,1,0,43,0,44,29,60,124,0,213,134,0,134,347
10/03/2001,YIP,MI,AGL,CE,Towers with Display (VFR),46,65,62,0,173,1,0,23,0,24,47,65,85,0,197,44,0,44,241
10/04/2001,YIP,MI,AGL,CE,Towers with Display (VFR),52,66,68,0,186,1,0,23,0,24,53,66,91,0,210,70,0,70,280
10/05/2001,YIP,MI,AGL,CE,Towers with Display (VFR),20,63,56,0,139,1,0,1,0,2,21,63,57,0,141,8,0,8,149
10/06/2001,YIP,MI,AGL,CE,Towers with Display (VFR),1,22,50,0,73,1,0,16,0,17,2,22,66,0,90,54,0,54,144
10/07/2001,YIP,MI,AGL,CE,Towers with Display (VFR),0,11,45,0,56,0,1,37,0,38,0,12,82,0,94,64,0,64,158
10/08/2001,YIP,MI,AGL,CE,Towers with Display (VFR),1,35,70,0,106,1,0,29,0,30,2,35,99,0,136,78,0,78,214
10/09/2001,YIP,MI,AGL,CE,Towers with Display (VFR),9,49,78,0,136,1,0,24,0,25,10,49,102,0,161,98,0,98,259
10/10/2001,YIP,MI,AGL,CE,Towers with Display (VFR),25,54,92,0,171,1,2,26,0,29,26,56,118,0,200,128,0,128,328
10/11/2001,YIP,MI,AGL,CE,Towers with Display (VFR),16,63,68,0,147,0,0,5,0,5,16,63,73,0,152,14,0,14,166
10/12/2001,YIP,MI,AGL,CE,Towers with Display (VFR),18,54,67,0,139,0,0,5,0,5,18,54,72,0,144,26,0,26,170
10/13/2001,YIP,MI,AGL,CE,Towers with Display (VFR),8,13,50,0,71,0,0,10,0,10,8,13,60,0,81,48,0,48,129
10/14/2001,YIP,MI,AGL,CE,Towers with Display (VFR),2,14,40,0,56,0,0,5,0,5,2,14,45,0,61,0,0,0,61
10/15/2001,YIP,MI,AGL,CE,Towers with Display (VFR),1,46,56,3,106,0,0,21,0,21,1,46,77,3,127,70,0,70,197
10/16/2001,YIP,MI,AGL,CE,Towers with Display (VFR),12,48,55,0,115,0,0,4,0,4,12,48,59,0,119,0,0,0,119
10/17/2001,YIP,MI,AGL,CE,Towers with Display (VFR),15,67,88,0,170,0,0,25,0,25,15,67,113,0,195,60,0,60,255
10/18/2001,YIP,MI,AGL,CE,Towers with Display (VFR),12,50,85,0,147,0,0,45,0,45,12,50,130,0,192,114,0,114,306
10/19/2001,YIP,MI,AGL,CE,Towers with Display (VFR),8,56,73,0,137,0,0,31,0,31,8,56,104,0,168,156,0,156,324
10/20/2001,YIP,MI,AGL,CE,Towers with Display (VFR),2,15,45,0,62,0,0,44,0,44,2,15,89,0,106,200,0,200,306
10/21/2001,YIP,MI,AGL,CE,Towers with Display (VFR),0,9,57,0,66,0,0,17,0,17,0,9,74,0,83,56,0,56,139
10/22/2001,YIP,MI,AGL,CE,Towers with Display (VFR),7,40,69,0,116,0,0,21,0,21,7,40,90,0,137,94,0,94,231
10/23/2001,YIP,MI,AGL,CE,Towers with Display (VFR),8,50,77,0,135,0,0,20,0,20,8,50,97,0,155,42,0,42,197
10/24/2001,YIP,MI,AGL,CE,Towers with Display (VFR),4,46,67,0,117,0,20,45,0,65,4,66,112,0,182,50,0,50,232
10/25/2001,YIP,MI,AGL,CE,Towers with Display (VFR),9,45,54,0,108,0,0,3,0,3,9,45,57,0,111,4,0,4,115
10/26/2001,YIP,MI,AGL,CE,Towers with Display (VFR),7,50,61,0,118,0,0,22,0,22,7,50,83,0,140,0,0,0,140
10/27/2001,YIP,MI,AGL,CE,Towers with Display (VFR),4,15,19,0,38,0,0,62,0,62,4,15,81,0,100,118,0,118,218
10/28/2001,YIP,MI,AGL,CE,Towers with Display (VFR),2,9,33,0,44,0,0,148,0,148,2,9,181,0,192,344,0,344,536
10/29/2001,YIP,MI,AGL,CE,Towers with Display (VFR),15,37,75,0,127,0,0,66,0,66,15,37,141,0,193,174,0,174,367
10/30/2001,YIP,MI,AGL,CE,Towers with Display (VFR),21,77,71,0,169,0,0,57,0,57,21,77,128,0,226,130,0,130,356
10/31/2001,YIP,MI,AGL,CE,Towers with Display (VFR),14,62,57,0,133,0,0,70,0,70,14,62,127,0,203,130,0,130,333
11/01/2001,YIP,MI,AGL,CE,Towers with Display (VFR),7,74,72,0,153,0,0,22,0,22,7,74,94,0,175,62,0,62,237
11/02/2001,YIP,MI,AGL,CE,Towers with Display (VFR),6,60,107,0,173,0,0,38,0,38,6,60,145,0,211,94,0,94,305
11/03/2001,YIP,MI,AGL,CE,Towers with Display (VFR),2,15,60,0,77,0,0,127,0,127,2,15,187,0,204,202,0,202,406
11/04/2001,YIP,MI,AGL,CE,Towers with Display (VFR),3,10,24,0,37,0,0,86,0,86,3,10,110,0,123,102,0,102,225
11/05/2001,YIP,MI,AGL,CE,Towers with Display (VFR),2,48,57,0,107,0,0,71,0,71,2,48,128,0,178,166,0,166,344
11/06/2001,YIP,MI,AGL,CE,Towers with Display (VFR),6,44,68,0,118,0,0,67,0,67,6,44,135,0,185,236,0,236,421
11/07/2001,YIP,MI,AGL,CE,Towers with Display (VFR),7,38,86,0,131,0,0,66,0,66,7,38,152,0,197,330,0,330,527
11/08/2001,YIP,MI,AGL,CE,Towers with Display (VFR),10,67,75,0,152,0,0,24,0,24,10,67,99,0,176,52,0,52,228
11/09/2001,YIP,MI,AGL,CE,Towers with Display (VFR),8,60,106,0,174,0,0,60,0,60,8,60,166,0,234,198,0,198,432
11/10/2001,YIP,MI,AGL,CE,Towers with Display (VFR),5,20,37,0,62,0,0,68,0,68,5,20,105,0,130,150,0,150,280
11/11/2001,YIP,MI,AGL,CE,Towers with Display (VFR),4,12,47,0,63,0,0,105,0,105,4,12,152,0,168,172,0,172,340
11/12/2001,YIP,MI,AGL,CE,Towers with Display (VFR),8,44,53,0,105,0,0,65,0,65,8,44,118,0,170,110,0,110,280
11/13/2001,YIP,MI,AGL,CE,Towers with Display (VFR),12,42,70,0,124,0,0,50,0,50,12,42,120,0,174,48,0,48,222
11/14/2001,YIP,MI,AGL,CE,Towers with Display (VFR),9,58,67,0,134,0,0,55,0,55,9,58,122,0,189,28,0,28,217
11/15/2001,YIP,MI,AGL,CE,Towers with Display (VFR),37,85,95,0,217,0,0,49,0,49,37,85,144,0,266,146,0,146,412
11/16/2001,YIP,MI,AGL,CE,Towers with Display (VFR),7,24,81,0,112,0,0,65,0,65,7,24,146,0,177,220,0,220,397
11/17/2001,YIP,MI,AGL,CE,Towers with Display (VFR),3,12,57,0,72,0,0,78,0,78,3,12,135,0,150,146,0,146,296
11/18/2001,YIP,MI,AGL,CE,Towers with Display (VFR),3,7,25,0,35,0,0,1,0,1,3,7,26,0,36,0,0,0,36
11/19/2001,YIP,MI,AGL,CE,Towers with Display (VFR),12,63,66,0,141,0,0,15,0,15,12,63,81,0,156,28,0,28,184
11/20/2001,YIP,MI,AGL,CE,Towers with Display (VFR),15,66,82,0,163,0,0,67,0,67,15,66,149,0,230,174,0,174,404
11/21/2001,YIP,MI,AGL,CE,Towers with Display (VFR),16,52,57,0,125,0,0,80,0,80,16,52,137,0,205,216,0,216,421
11/22/2001,YIP,MI,AGL,CE,Towers with Display (VFR),2,7,10,0,19,0,0,45,0,45,2,7,55,0,64,82,0,82,146
11/23/2001,YIP,MI,AGL,CE,Towers with Display (VFR),3,12,56,0,71,0,0,96,0,96,3,12,152,0,167,246,0,246,413
11/24/2001,YIP,MI,AGL,CE,Towers with Display (VFR),3,12,43,0,58,0,0,48,0,48,3,12,91,0,106,114,0,114,220
11/25/2001,YIP,MI,AGL,CE,Towers with Display (VFR),0,7,37,0,44,0,0,21,0,21,0,7,58,0,65,16,0,16,81
11/26/2001,YIP,MI,AGL,CE,Towers with Display (VFR),8,44,60,0,112,0,0,65,0,65,8,44,125,0,177,154,0,154,331
11/27/2001,YIP,MI,AGL,CE,Towers with Display (VFR),15,67,119,0,201,0,0,22,0,22,15,67,141,0,223,120,0,120,343
11/28/2001,YIP,MI,AGL,CE,Towers with Display (VFR),11,58,86,0,155,4,12,0,0,16,15,70,86,0,171,44,0,44,215
11/29/2001,YIP,MI,AGL,CE,Towers with Display (VFR),17,67,60,0,144,0,0,0,0,0,17,67,60,0,144,0,0,0,144
11/30/2001,YIP,MI,AGL,CE,Towers with Display (VFR),12,68,80,0,160,0,0,26,0,26,12,68,106,0,186,18,0,18,204
12/01/2001,YIP,MI,AGL,CE,Towers with Display (VFR),0,24,49,0,73,0,0,52,0,52,0,24,101,0,125,148,0,148,273
12/02/2001,YIP,MI,AGL,CE,Towers with Display (VFR),0,6,29,0,35,0,0,25,0,25,0,6,54,0,60,12,0,12,72
12/03/2001,YIP,MI,AGL,CE,Towers with Display (VFR),8,38,77,0,123,0,0,82,0,82,8,38,159,0,205,180,0,180,385
12/04/2001,YIP,MI,AGL,CE,Towers with Display (VFR),9,43,72,0,124,0,0,68,0,68,9,43,140,0,192,146,0,146,338
12/05/2001,YIP,MI,AGL,CE,Towers with Display (VFR),12,76,71,0,159,0,4,79,0,83,12,80,150,0,242,88,0,88,330
12/06/2001,YIP,MI,AGL,CE,Towers with Display (VFR),14,81,73,0,168,0,0,81,0,81,14,81,154,0,249,166,0,166,415
12/07/2001,YIP,MI,AGL,CE,Towers with Display (VFR),16,65,107,0,188,0,0,14,0,14,16,65,121,0,202,42,0,42,244
12/08/2001,YIP,MI,AGL,CE,Towers with Display (VFR),7,16,38,0,61,0,0,63,0,63,7,16,101,0,124,170,0,170,294
12/09/2001,YIP,MI,AGL,CE,Towers with Display (VFR),1,0,22,0,23,0,0,98,0,98,1,0,120,0,121,282,0,282,403
12/10/2001,YIP,MI,AGL,CE,Towers with Display (VFR),8,38,67,0,113,0,0,61,0,61,8,38,128,0,174,92,0,92,266
12/11/2001,YIP,MI,AGL,CE,Towers with Display (VFR),10,54,89,0,153,0,0,88,0,88,10,54,177,0,241,244,0,244,485
12/12/2001,YIP,MI,AGL,CE,Towers with Display (VFR),11,57,56,0,124,0,0,10,0,10,11,57,66,0,134,102,0,102,236
12/13/2001,YIP,MI,AGL,CE,Towers with Display (VFR),8,50,78,0,136,0,0,30,0,30,8,50,108,0,166,90,0,90,256
12/14/2001,YIP,MI,AGL,CE,Towers with Display (VFR),7,39,58,0,104,0,0,23,0,23,7,39,81,0,127,2,0,2,129
12/15/2001,YIP,MI,AGL,CE,Towers with Display (VFR),3,10,26,0,39,0,0,8,0,8,3,10,34,0,47,0,0,0,47
12/16/2001,YIP,MI,AGL,CE,Towers with Display (VFR),0,10,12,0,22,0,0,45,0,45,0,10,57,0,67,74,0,74,141
12/17/2001,YIP,MI,AGL,CE,Towers with Display (VFR),7,34,60,0,101,0,0,2,0,2,7,34,62,0,103,0,0,0,103
12/18/2001,YIP,MI,AGL,CE,Towers with Display (VFR),11,62,70,0,143,0,0,57,0,57,11,62,127,0,200,138,0,138,338
12/19/2001,YIP,MI,AGL,CE,Towers with Display (VFR),12,62,74,0,148,0,0,35,0,35,12,62,109,0,183,82,0,82,265
12/20/2001,YIP,MI,AGL,CE,Towers with Display (VFR),8,59,76,0,143,0,0,61,0,61,8,59,137,0,204,90,0,90,294
12/21/2001,YIP,MI,AGL,CE,Towers with Display (VFR),21,55,52,0,128,0,0,115,0,115,21,55,167,0,243,164,0,164,407
12/22/2001,YIP,MI,AGL,CE,Towers with Display (VFR),1,12,37,0,50,0,0,88,0,88,1,12,125,0,138,126,0,126,264
12/23/2001,YIP,MI,AGL,CE,Towers with Display (VFR),1,7,8,0,16,0,0,21,0,21,1,7,29,0,37,26,0,26,63
12/24/2001,YIP,MI,AGL,CE,Towers with Display (VFR),1,16,21,0,38,0,0,10,0,10,1,16,31,0,48,40,0,40,88
12/25/2001,YIP,MI,AGL,CE,Towers with Display (VFR),2,3,5,0,10,0,0,6,0,6,2,3,11,0,16,0,0,0,16
12/26/2001,YIP,MI,AGL,CE,Towers with Display (VFR),1,9,62,0,72,0,0,33,0,33,1,9,95,0,105,60,0,60,165
12/27/2001,YIP,MI,AGL,CE,Towers with Display (VFR),14,22,49,0,85,0,0,7,0,7,14,22,56,0,92,16,0,16,108
12/28/2001,YIP,MI,AGL,CE,Towers with Display (VFR),0,18,31,0,49,0,0,12,0,12,0,18,43,0,61,16,0,16,77
12/29/2001,YIP,MI,AGL,CE,Towers with Display (VFR),0,10,31,0,41,0,0,10,0,10,0,10,41,0,51,92,0,92,143
12/30/2001,YIP,MI,AGL,CE,Towers with Display (VFR),0,6,10,0,16,0,0,27,0,27,0,6,37,0,43,58,0,58,101
12/31/2001,YIP,MI,AGL,CE,Towers with Display (VFR),0,13,48,0,61,0,0,19,0,19,0,13,67,0,80,72,0,72,152
01/01/2002,YIP,MI,AGL,CE,Towers with Display (VFR),0,6,20,0,26,0,0,76,0,76,0,6,96,0,102,34,0,34,136
01/02/2002,YIP,MI,AGL,CE,Towers with Display (VFR),11,34,44,0,89,0,0,42,0,42,11,34,86,0,131,112,0,112,243
01/03/2002,YIP,MI,AGL,CE,Towers with Display (VFR),10,49,70,0,129,0,0,81,0,81,10,49,151,0,210,160,0,160,370
01/04/2002,YIP,MI,AGL,CE,Towers with Display (VFR),7,50,71,0,128,0,0,37,0,37,7,50,108,0,165,76,0,76,241
01/05/2002,YIP,MI,AGL,CE,Towers with Display (VFR),4,11,24,0,39,0,0,74,0,74,4,11,98,0,113,114,0,114,227
01/06/2002,YIP,MI,AGL,CE,Towers with Display (VFR),0,9,20,0,29,0,0,1,0,1,0,9,21,0,30,0,0,0,30
01/07/2002,YIP,MI,AGL,CE,Towers with Display (VFR),3,32,57,0,92,0,0,69,0,69,3,32,126,0,161,44,0,44,205
01/08/2002,YIP,MI,AGL,CE,Towers with Display (VFR),5,51,59,0,115,0,0,44,0,44,5,51,103,0,159,62,0,62,221
01/09/2002,YIP,MI,AGL,CE,Towers with Display (VFR),8,61,76,0,145,0,0,48,0,48,8,61,124,0,193,116,0,116,309
01/10/2002,YIP,MI,AGL,CE,Towers with Display (VFR),8,76,83,0,167,0,0,39,0,39,8,76,122,0,206,122,0,122,328
01/11/2002,YIP,MI,AGL,CE,Towers with Display (VFR),9,34,49,0,92,0,0,41,0,41,9,34,90,0,133,68,0,68,201
01/12/2002,YIP,MI,AGL,CE,Towers with Display (VFR),1,25,39,0,65,0,0,72,0,72,1,25,111,0,137,194,0,194,331
01/13/2002,YIP,MI,AGL,CE,Towers with Display (VFR),0,10,29,0,39,0,0,87,0,87,0,10,116,0,126,110,0,110,236
01/14/2002,YIP,MI,AGL,CE,Towers with Display (VFR),12,35,47,0,94,0,0,13,0,13,12,35,60,0,107,34,0,34,141
01/15/2002,YIP,MI,AGL,CE,Towers with Display (VFR),11,69,65,0,145,0,0,19,0,19,11,69,84,0,164,42,0,42,206
01/16/2002,YIP,MI,AGL,CE,Towers with Display (VFR),14,59,61,0,134,0,0,21,0,21,14,59,82,0,155,32,0,32,187
01/17/2002,YIP,MI,AGL,CE,Towers with Display (VFR),13,65,68,0,146,0,0,26,0,26,13,65,94,0,172,110,0,110,282
01/18/2002,YIP,MI,AGL,CE,Towers with Display (VFR),17,62,53,0,132,0,0,22,0,22,17,62,75,0,154,50,0,50,204
01/19/2002,YIP,MI,AGL,CE,Towers with Display (VFR),0,12,63,0,75,0,0,72,0,72,0,12,135,0,147,182,0,182,329
01/20/2002,YIP,MI,AGL,CE,Towers with Display (VFR),0,2,33,0,35,0,0,71,0,71,0,2,104,0,106,172,0,172,278
01/21/2002,YIP,MI,AGL,CE,Towers with Display (VFR),2,17,41,0,60,0,0,18,0,18,2,17,59,0,78,24,0,24,102
01/22/2002,YIP,MI,AGL,CE,Towers with Display (VFR),8,50,66,0,124,0,0,104,0,104,8,50,170,0,228,268,0,268,496
01/23/2002,YIP,MI,AGL,CE,Towers with Display (VFR),12,46,55,0,113,0,0,2,0,2,12,46,57,0,115,2,0,2,117
01/24/2002,YIP,MI,AGL,CE,Towers with Display (VFR),9,43,54,0,106,0,0,11,0,11,9,43,65,0,117,12,0,12,129
01/25/2002,YIP,MI,AGL,CE,Towers with Display (VFR),10,47,78,0,135,0,0,81,0,81,10,47,159,0,216,238,0,238,454
01/26/2002,YIP,MI,AGL,CE,Towers with Display (VFR),3,15,46,0,64,0,0,111,0,111,3,15,157,0,175,248,0,248,423
01/27/2002,YIP,MI,AGL,CE,Towers with Display (VFR),0,10,70,0,80,0,0,93,0,93,0,10,163,0,173,280,0,280,453
01/28/2002,YIP,MI,AGL,CE,Towers with Display (VFR),11,42,65,0,118,0,0,74,0,74,11,42,139,0,192,134,0,134,326
01/29/2002,YIP,MI,AGL,CE,Towers with Display (VFR),7,55,54,0,116,0,1,17,0,18,7,56,71,0,134,24,0,24,158
01/30/2002,YIP,MI,AGL,CE,Towers with Display (VFR),12,76,57,0,145,0,0,0,0,0,12,76,57,0,145,0,0,0,145
01/31/2002,YIP,MI,AGL,CE,Towers with Display (VFR),4,59,30,0,93,0,0,1,0,1,4,59,31,0,94,0,0,0,94
02/01/2002,YIP,MI,AGL,CE,Towers with Display (VFR),12,63,53,0,128,0,1,17,0,18,12,64,70,0,146,10,0,10,156
02/02/2002,YIP,MI,AGL,CE,Towers with Display (VFR),7,11,25,0,43,0,1,57,0,58,7,12,82,0,101,144,0,144,245
02/03/2002,YIP,MI,AGL,CE,Towers with Display (VFR),0,3,36,0,39,0,1,45,0,46,0,4,81,0,85,118,0,118,203
02/04/2002,YIP,MI,AGL,CE,Towers with Display (VFR),5,22,56,0,83,0,1,32,0,33,5,23,88,0,116,6,0,6,122
02/05/2002,YIP,MI,AGL,CE,Towers with Display (VFR),11,61,63,0,135,0,1,39,0,40,11,62,102,0,175,84,0,84,259
02/06/2002,YIP,MI,AGL,CE,Towers with Display (VFR),9,54,96,0,159,0,1,63,0,64,9,55,159,0,223,164,0,164,387
02/07/2002,YIP,MI,AGL,CE,Towers with Display (VFR),13,61,83,0,157,0,1,66,0,67,13,62,149,0,224,182,0,182,406
02/08/2002,YIP,MI,AGL,CE,Towers with Display (VFR),14,39,64,0,117,0,1,82,0,83,14,40,146,0,200,122,0,122,322
02/09/2002,YIP,MI,AGL,CE,Towers with Display (VFR),15,14,39,0,68,0,1,68,0,69,15,15,107,0,137,120,0,120,257
02/10/2002,YIP,MI,AGL,CE,Towers with Display (VFR),5,9,28,0,42,0,1,18,0,19,5,10,46,0,61,64,0,64,125
02/11/2002,YIP,MI,AGL,CE,Towers with Display (VFR),3,26,49,0,78,0,1,85,0,86,3,27,134,0,164,140,0,140,304
02/12/2002,YIP,MI,AGL,CE,Towers with Display (VFR),15,42,65,0,122,0,1,10,0,11,15,43,75,0,133,4,0,4,137
02/13/2002,YIP,MI,AGL,CE,Towers with Display (VFR),16,58,86,0,160,0,1,63,0,64,16,59,149,0,224,206,0,206,430
02/14/2002,YIP,MI,AGL,CE,Towers with Display (VFR),19,54,83,0,156,0,1,42,0,43,19,55,125,0,199,144,0,144,343
02/15/2002,YIP,MI,AGL,CE,Towers with Display (VFR),18,49,63,0,130,0,1,26,0,27,18,50,89,0,157,86,0,86,243
02/16/2002,YIP,MI,AGL,CE,Towers with Display (VFR),7,36,19,0,62,0,0,13,0,13,7,36,32,0,75,38,0,38,113
02/17/2002,YIP,MI,AGL,CE,Towers with Display (VFR),4,4,45,0,53,0,0,66,0,66,4,4,111,0,119,144,0,144,263
02/18/2002,YIP,MI,AGL,CE,Towers with Display (VFR),2,34,47,0,83,0,0,66,0,66,2,34,113,0,149,124,0,124,273
02/19/2002,YIP,MI,AGL,CE,Towers with Display (VFR),14,53,71,0,138,0,0,32,0,32,14,53,103,0,170,112,0,112,282
02/20/2002,YIP,MI,AGL,CE,Towers with Display (VFR),14,59,56,0,129,0,0,8,0,8,14,59,64,0,137,0,0,0,137
02/21/2002,YIP,MI,AGL,CE,Towers with Display (VFR),6,65,39,0,110,0,0,7,0,7,6,65,46,0,117,4,0,4,121
02/22/2002,YIP,MI,AGL,CE,Towers with Display (VFR),10,32,39,0,81,0,0,116,0,116,10,32,155,0,197,178,0,178,375
02/23/2002,YIP,MI,AGL,CE,Towers with Display (VFR),16,48,86,0,150,21,0,84,0,105,37,48,170,0,255,102,0,102,357
02/24/2002,YIP,MI,AGL,CE,Towers with Display (VFR),4,17,37,0,58,0,0,67,0,67,4,17,104,0,125,94,0,94,219
02/25/2002,YIP,MI,AGL,CE,Towers with Display (VFR),7,45,78,0,130,0,0,41,0,41,7,45,119,0,171,104,0,104,275
02/26/2002,YIP,MI,AGL,CE,Towers with Display (VFR),7,50,41,0,98,0,0,4,0,4,7,50,45,0,102,102,0,102,204
02/27/2002,YIP,MI,AGL,CE,Towers with Display (VFR),15,56,60,0,131,0,0,13,0,13,15,56,73,0,144,42,0,42,186
02/28/2002,YIP,MI,AGL,CE,Towers with Display (VFR),11,65,62,0,138,0,0,35,0,35,11,65,97,0,173,126,0,126,299
03/01/2002,YIP,MI,AGL,CE,Towers with Display (VFR),5,47,103,0,155,0,0,56,0,56,5,47,159,0,211,124,0,124,335
03/02/2002,YIP,MI,AGL,CE,Towers with Display (VFR),2,12,19,0,33,0,0,4,0,4,2,12,23,0,37,20,0,20,57
03/03/2002,YIP,MI,AGL,CE,Towers with Display (VFR),9,14,27,0,50,0,0,8,0,8,9,14,35,0,58,22,0,22,80
03/04/2002,YIP,MI,AGL,CE,Towers with Display (VFR),2,27,49,2,80,0,0,37,0,37,2,27,86,2,117,84,0,84,201
03/05/2002,YIP,MI,AGL,CE,Towers with Display (VFR),9,52,63,0,124,0,0,37,0,37,9,52,100,0,161,146,0,146,307
03/06/2002,YIP,MI,AGL,CE,Towers with Display (VFR),17,63,109,0,189,1,4,76,0,81,18,67,185,0,270,246,0,246,516
03/07/2002,YIP,MI,AGL,CE,Towers with Display (VFR),10,62,70,0,142,0,0,4,0,4,10,62,74,0,146,78,0,78,224
03/08/2002,YIP,MI,AGL,CE,Towers with Display (VFR),15,67,62,0,144,0,0,26,0,26,15,67,88,0,170,62,0,62,232
03/09/2002,YIP,MI,AGL,CE,Towers with Display (VFR),2,14,11,0,27,0,0,4,0,4,2,14,15,0,31,2,0,2,33
03/10/2002,YIP,MI,AGL,CE,Towers with Display (VFR),5,4,22,0,31,0,0,5,0,5,5,4,27,0,36,0,0,0,36
03/11/2002,YIP,MI,AGL,CE,Towers with Display (VFR),9,37,55,0,101,0,0,58,0,58,9,37,113,0,159,244,0,244,403
03/12/2002,YIP,MI,AGL,CE,Towers with Display (VFR),9,51,85,0,145,0,0,85,0,85,9,51,170,0,230,166,0,166,396
03/13/2002,YIP,MI,AGL,CE,Towers with Display (VFR),17,52,66,0,135,0,2,68,0,70,17,54,134,0,205,214,0,214,419
03/14/2002,YIP,MI,AGL,CE,Towers with Display (VFR),10,74,79,0,163,0,0,70,0,70,10,74,149,0,233,180,0,180,413
03/15/2002,YIP,MI,AGL,CE,Towers with Display (VFR),14,50,55,0,119,0,0,51,0,51,14,50,106,0,170,96,0,96,266
03/16/2002,YIP,MI,AGL,CE,Towers with Display (VFR),3,27,43,0,73,0,0,127,0,127,3,27,170,0,200,218,0,218,418
03/17/2002,YIP,MI,AGL,CE,Towers with Display (VFR),3,17,60,0,80,0,0,89,0,89,3,17,149,0,169,230,0,230,399
03/18/2002,YIP,MI,AGL,CE,Towers with Display (VFR),5,45,72,0,122,0,0,42,0,42,5,45,114,0,164,92,0,92,256
03/19/2002,YIP,MI,AGL,CE,Towers with Display (VFR),37,59,93,2,191,0,0,59,0,59,37,59,152,2,250,206,12,218,468
03/20/2002,YIP,MI,AGL,CE,Towers with Display (VFR),27,91,65,0,183,0,0,36,0,36,27,91,101,0,219,106,0,106,325
03/21/2002,YIP,MI,AGL,CE,Towers with Display (VFR),30,77,46,0,153,0,0,18,0,18,30,77,64,0,171,26,0,26,197
03/22/2002,YIP,MI,AGL,CE,Towers with Display (VFR),22,64,67,2,155,0,0,19,0,19,22,64,86,2,174,30,0,30,204
03/23/2002,YIP,MI,AGL,CE,Towers with Display (VFR),13,26,21,0,60,0,0,50,0,50,13,26,71,0,110,2,0,2,112
03/24/2002,YIP,MI,AGL,CE,Towers with Display (VFR),9,13,38,0,60,0,0,69,0,69,9,13,107,0,129,158,0,158,287
03/25/2002,YIP,MI,AGL,CE,Towers with Display (VFR),13,58,73,0,144,0,0,15,0,15,13,58,88,0,159,10,0,10,169
03/26/2002,YIP,MI,AGL,CE,Towers with Display (VFR),19,53,67,0,139,0,0,17,0,17,19,53,84,0,156,4,0,4,160
03/27/2002,YIP,MI,AGL,CE,Towers with Display (VFR),15,62,70,0,147,0,0,73,0,73,15,62,143,0,220,134,0,134,354
03/28/2002,YIP,MI,AGL,CE,Towers with Display (VFR),19,51,90,0,160,0,0,87,0,87,19,51,177,0,247,194,0,194,441
03/29/2002,YIP,MI,AGL,CE,Towers with Display (VFR),11,22,62,0,95,0,0,40,0,40,11,22,102,0,135,168,0,168,303
03/30/2002,YIP,MI,AGL,CE,Towers with Display (VFR),4,4,34,0,42,0,0,53,0,53,4,4,87,0,95,52,0,52,147
03/31/2002,YIP,MI,AGL,CE,Towers with Display (VFR),1,6,26,0,33,0,0,38,0,38,1,6,64,0,71,50,0,50,121
04/01/2002,YIP,MI,AGL,CE,Towers with Display (VFR),6,16,65,0,87,0,0,78,0,78,6,16,143,0,165,226,0,226,391
04/02/2002,YIP,MI,AGL,CE,Towers with Display (VFR),7,46,30,0,83,0,0,1,0,1,7,46,31,0,84,0,0,0,84
04/03/2002,YIP,MI,AGL,CE,Towers with Display (VFR),11,49,42,0,102,0,0,49,0,49,11,49,91,0,151,100,0,100,251
04/04/2002,YIP,MI,AGL,CE,Towers with Display (VFR),11,70,73,0,154,0,0,83,0,83,11,70,156,0,237,166,0,166,403
04/05/2002,YIP,MI,AGL,CE,Towers with Display (VFR),16,42,87,0,145,0,0,64,0,64,16,42,151,0,209,144,4,148,357
04/06/2002,YIP,MI,AGL,CE,Towers with Display (VFR),1,24,46,0,71,0,0,138,0,138,1,24,184,0,209,264,0,264,473
04/07/2002,YIP,MI,AGL,CE,Towers with Display (VFR),2,10,49,1,62,0,0,83,0,83,2,10,132,1,145,124,0,124,269
04/08/2002,YIP,MI,AGL,CE,Towers with Display (VFR),6,53,50,0,109,0,0,5,0,5,6,53,55,0,114,18,0,18,132
04/09/2002,YIP,MI,AGL,CE,Towers with Display (VFR),10,62,80,0,152,0,0,35,0,35,10,62,115,0,187,150,0,150,337
04/10/2002,YIP,MI,AGL,CE,Towers with Display (VFR),8,62,82,0,152,0,0,106,0,106,8,62,188,0,258,142,0,142,400
04/11/2002,YIP,MI,AGL,CE,Towers with Display (VFR),12,72,80,0,164,0,0,87,0,87,12,72,167,0,251,242,0,242,493
04/12/2002,YIP,MI,AGL,CE,Towers with Display (VFR),11,46,76,0,133,0,0,30,0,30,11,46,106,0,163,116,0,116,279
04/13/2002,YIP,MI,AGL,CE,Towers with Display (VFR),4,14,31,2,51,0,0,76,0,76,4,14,107,2,127,196,0,196,323
04/14/2002,YIP,MI,AGL,CE,Towers with Display (VFR),1,2,56,1,60,0,0,16,0,16,1,2,72,1,76,38,0,38,114
04/15/2002,YIP,MI,AGL,CE,Towers with Display (VFR),12,30,70,0,112,0,0,71,0,71,12,30,141,0,183,182,0,182,365
04/16/2002,YIP,MI,AGL,CE,Towers with Display (VFR),9,54,76,4,143,0,0,84,0,84,9,54,160,4,227,238,0,238,465
04/17/2002,YIP,MI,AGL,CE,Towers with Display (VFR),10,73,87,0,170,0,0,59,0,59,10,73,146,0,229,124,0,124,353
04/18/2002,YIP,MI,AGL,CE,Towers with Display (VFR),7,74,94,0,175,0,0,73,0,73,7,74,167,0,248,114,0,114,362
04/19/2002,YIP,MI,AGL,CE,Towers with Display (VFR),13,57,67,0,137,0,0,105,0,105,13,57,172,0,242,168,0,168,410
04/20/2002,YIP,MI,AGL,CE,Towers with Display (VFR),8,24,46,0,78,0,0,105,0,105,8,24,151,0,183,212,0,212,395
04/21/2002,YIP,MI,AGL,CE,Towers with Display (VFR),2,19,48,0,69,0,0,30,0,30,2,19,78,0,99,66,0,66,165
04/22/2002,YIP,MI,AGL,CE,Towers with Display (VFR),14,32,48,0,94,0,0,26,0,26,14,32,74,0,120,30,0,30,150
04/23/2002,YIP,MI,AGL,CE,Towers with Display (VFR),31,58,97,0,186,0,0,143,0,143,31,58,240,0,329,330,0,330,659
04/24/2002,YIP,MI,AGL,CE,Towers with Display (VFR),23,55,63,0,141,0,0,61,0,61,23,55,124,0,202,138,0,138,340
04/25/2002,YIP,MI,AGL,CE,Towers with Display (VFR),26,48,51,0,125,0,0,38,0,38,26,48,89,0,163,50,0,50,213
04/26/2002,YIP,MI,AGL,CE,Towers with Display (VFR),15,54,83,0,152,0,0,166,0,166,15,54,249,0,318,248,0,248,566
04/27/2002,YIP,MI,AGL,CE,Towers with Display (VFR),9,26,35,0,70,0,0,73,0,73,9,26,108,0,143,264,0,264,407
04/28/2002,YIP,MI,AGL,CE,Towers with Display (VFR),2,11,29,0,42,0,0,8,0,8,2,11,37,0,50,0,0,0,50
04/29/2002,YIP,MI,AGL,CE,Towers with Display (VFR),8,39,69,0,116,0,0,62,0,62,8,39,131,0,178,110,0,110,288
04/30/2002,YIP,MI,AGL,CE,Towers with Display (VFR),33,70,69,0,172,0,0,80,0,80,33,70,149,0,252,236,0,236,488
05/01/2002,YIP,MI,AGL,CE,Towers with Display (VFR),27,76,101,0,204,1,0,72,0,73,28,76,173,0,277,170,0,170,447
05/02/2002,YIP,MI,AGL,CE,Towers with Display (VFR),18,97,55,0,170,1,0,30,0,31,19,97,85,0,201,56,0,56,257
05/03/2002,YIP,MI,AGL,CE,Towers with Display (VFR),24,83,84,0,191,1,0,119,0,120,25,83,203,0,311,229,0,229,540
05/04/2002,YIP,MI,AGL,CE,Towers with Display (VFR),7,30,53,0,90,0,1,115,0,116,7,31,168,0,206,290,0,290,496
05/05/2002,YIP,MI,AGL,CE,Towers with Display (VFR),4,7,29,0,40,0,1,110,0,111,4,8,139,0,151,208,0,208,359
05/06/2002,YIP,MI,AGL,CE,Towers with Display (VFR),7,49,76,0,132,0,0,25,0,25,7,49,101,0,157,78,0,78,235
05/07/2002,YIP,MI,AGL,CE,Towers with Display (VFR),8,55,62,0,125,0,0,34,0,34,8,55,96,0,159,106,0,106,265
05/08/2002,YIP,MI,AGL,CE,Towers with Display (VFR),16,76,64,0,156,0,4,41,0,45,16,80,105,0,201,124,0,124,325
05/09/2002,YIP,MI,AGL,CE,Towers with Display (VFR),21,58,47,0,126,0,0,22,0,22,21,58,69,0,148,14,0,14,162
05/10/2002,YIP,MI,AGL,CE,Towers with Display (VFR),21,76,66,0,163,0,0,34,0,34,21,76,100,0,197,16,0,16,213
05/11/2002,YIP,MI,AGL,CE,Towers with Display (VFR),2,17,61,2,82,0,0,124,0,124,2,17,185,2,206,290,0,290,496
05/12/2002,YIP,MI,AGL,CE,Towers with Display (VFR),2,10,16,0,28,0,0,5,0,5,2,10,21,0,33,6,0,6,39
05/13/2002,YIP,MI,AGL,CE,Towers with Display (VFR),13,42,62,0,117,0,0,18,0,18,13,42,80,0,135,20,0,20,155
05/14/2002,YIP,MI,AGL,CE,Towers with Display (VFR),16,61,76,0,153,0,14,76,0,90,16,75,152,0,243,110,0,110,353
05/15/2002,YIP,MI,AGL,CE,Towers with Display (VFR),29,65,96,0,190,0,0,139,0,139,29,65,235,0,329,252,0,252,581
05/16/2002,YIP,MI,AGL,CE,Towers with Display (VFR),20,87,80,0,187,0,0,39,0,39,20,87,119,0,226,96,0,96,322
05/17/2002,YIP,MI,AGL,CE,Towers with Display (VFR),10,81,87,0,178,0,0,67,0,67,10,81,154,0,245,256,0,256,501
05/18/2002,YIP,MI,AGL,CE,Towers with Display (VFR),9,21,38,0,68,0,0,117,0,117,9,21,155,0,185,248,0,248,433
05/19/2002,YIP,MI,AGL,CE,Towers with Display (VFR),5,13,35,0,53,0,0,125,0,125,5,13,160,0,178,254,0,254,432
05/20/2002,YIP,MI,AGL,CE,Towers with Display (VFR),11,41,64,0,116,0,0,70,0,70,11,41,134,0,186,200,0,200,386
05/21/2002,YIP,MI,AGL,CE,Towers with Display (VFR),13,59,81,0,153,0,0,129,0,129,13,59,210,0,282,430,0,430,712
05/22/2002,YIP,MI,AGL,CE,Towers with Display (VFR),18,68,70,0,156,0,0,114,0,114,18,68,184,0,270,248,0,248,518
05/23/2002,YIP,MI,AGL,CE,Towers with Display (VFR),25,72,100,0,197,0,0,81,0,81,25,72,181,0,278,94,0,94,372
05/24/2002,YIP,MI,AGL,CE,Towers with Display (VFR),14,62,76,2,154,0,0,66,0,66,14,62,142,2,220,110,0,110,330
05/25/2002,YIP,MI,AGL,CE,Towers with Display (VFR),5,12,37,0,54,0,0,43,0,43,5,12,80,0,97,164,0,164,261
05/26/2002,YIP,MI,AGL,CE,Towers with Display (VFR),5,1,41,0,47,0,0,132,0,132,5,1,173,0,179,284,0,284,463
05/27/2002,YIP,MI,AGL,CE,Towers with Display (VFR),0,12,19,0,31,0,0,656,0,656,0,12,675,0,687,364,0,364,1051
05/28/2002,YIP,MI,AGL,CE,Towers with Display (VFR),10,61,81,0,152,0,0,85,0,85,10,61,166,0,237,296,0,296,533
05/29/2002,YIP,MI,AGL,CE,Towers with Display (VFR),16,71,115,0,202,0,0,45,0,45,16,71,160,0,247,134,0,134,381
05/30/2002,YIP,MI,AGL,CE,Towers with Display (VFR),27,69,64,3,163,0,0,68,0,68,27,69,132,3,231,106,0,106,337
05/31/2002,YIP,MI,AGL,CE,Towers with Display (VFR),20,65,64,0,149,0,0,77,0,77,20,65,141,0,226,74,0,74,300
06/01/2002,YIP,MI,AGL,CE,Towers with Display (VFR),5,24,51,0,80,0,0,132,0,132,5,24,183,0,212,144,0,144,356
06/02/2002,YIP,MI,AGL,CE,Towers with Display (VFR),0,15,48,0,63,0,0,115,0,115,0,15,163,0,178,134,0,134,312
06/03/2002,YIP,MI,AGL,CE,Towers with Display (VFR),5,38,73,0,116,0,0,36,0,36,5,38,109,0,152,56,0,56,208
06/04/2002,YIP,MI,AGL,CE,Towers with Display (VFR),14,71,76,0,161,0,0,41,0,41,14,71,117,0,202,170,0,170,372
06/05/2002,YIP,MI,AGL,CE,Towers with Display (VFR),21,88,61,0,170,0,0,22,0,22,21,88,83,0,192,74,0,74,266
06/06/2002,YIP,MI,AGL,CE,Towers with Display (VFR),24,93,110,0,227,0,0,98,0,98,24,93,208,0,325,216,0,216,541
06/07/2002,YIP,MI,AGL,CE,Towers with Display (VFR),15,75,78,0,168,0,0,152,0,152,15,75,230,0,320,288,0,288,608
06/08/2002,YIP,MI,AGL,CE,Towers with Display (VFR),5,35,49,0,89,0,0,135,0,135,5,35,184,0,224,310,0,310,534
06/09/2002,YIP,MI,AGL,CE,Towers with Display (VFR),3,5,59,0,67,0,0,112,0,112,3,5,171,0,179,190,0,190,369
06/10/2002,YIP,MI,AGL,CE,Towers with Display (VFR),6,39,86,0,131,0,0,97,0,97,6,39,183,0,228,272,0,272,500
06/11/2002,YIP,MI,AGL,CE,Towers with Display (VFR),27,73,65,0,165,0,0,57,0,57,27,73,122,0,222,114,0,114,336
06/12/2002,YIP,MI,AGL,CE,Towers with Display (VFR),23,75,87,0,185,0,0,85,0,85,23,75,172,0,270,148,0,148,418
06/13/2002,YIP,MI,AGL,CE,Towers with Display (VFR),21,93,84,0,198,0,0,46,0,46,21,93,130,0,244,150,0,150,394
06/14/2002,YIP,MI,AGL,CE,Towers with Display (VFR),31,68,72,0,171,0,0,112,0,112,31,68,184,0,283,92,0,92,375
06/15/2002,YIP,MI,AGL,CE,Towers with Display (VFR),4,24,39,0,67,0,0,175,0,175,4,24,214,0,242,68,0,68,310
06/16/2002,YIP,MI,AGL,CE,Towers with Display (VFR),4,15,47,0,66,0,0,206,0,206,4,15,253,0,272,104,0,104,376
06/17/2002,YIP,MI,AGL,CE,Towers with Display (VFR),14,45,68,0,127,0,0,93,0,93,14,45,161,0,220,198,0,198,418
06/18/2002,YIP,MI,AGL,CE,Towers with Display (VFR),16,82,119,0,217,0,0,162,0,162,16,82,281,0,379,318,0,318,697
06/19/2002,YIP,MI,AGL,CE,Towers with Display (VFR),25,83,75,0,183,0,0,145,0,145,25,83,220,0,328,260,0,260,588
06/20/2002,YIP,MI,AGL,CE,Towers with Display (VFR),29,83,95,0,207,0,0,115,0,115,29,83,210,0,322,236,0,236,558
06/21/2002,YIP,MI,AGL,CE,Towers with Display (VFR),28,84,97,0,209,0,0,78,0,78,28,84,175,0,287,230,0,230,517
06/22/2002,YIP,MI,AGL,CE,Towers with Display (VFR),10,25,20,0,55,0,0,75,0,75,10,25,95,0,130,282,0,282,412
06/23/2002,YIP,MI,AGL,CE,Towers with Display (VFR),3,14,52,0,69,0,0,114,0,114,3,14,166,0,183,198,0,198,381
06/24/2002,YIP,MI,AGL,CE,Towers with Display (VFR),8,43,67,0,118,0,0,71,0,71,8,43,138,0,189,208,0,208,397
06/25/2002,YIP,MI,AGL,CE,Towers with Display (VFR),24,89,84,0,197,0,0,95,0,95,24,89,179,0,292,94,0,94,386
06/26/2002,YIP,MI,AGL,CE,Towers with Display (VFR),40,90,79,0,209,0,0,50,0,50,40,90,129,0,259,136,0,136,395
06/27/2002,YIP,MI,AGL,CE,Towers with Display (VFR),43,97,97,0,237,0,0,103,0,103,43,97,200,0,340,208,0,208,548
06/28/2002,YIP,MI,AGL,CE,Towers with Display (VFR),34,106,113,0,253,0,0,105,0,105,34,106,218,0,358,210,0,210,568
06/29/2002,YIP,MI,AGL,CE,Towers with Display (VFR),3,21,30,0,54,0,0,123,0,123,3,21,153,0,177,170,0,170,347
06/30/2002,YIP,MI,AGL,CE,Towers with Display (VFR),3,13,21,0,37,0,1,22,0,23,3,14,43,0,60,166,0,166,226
07/01/2002,YIP,MI,AGL,CE,Towers with Display (VFR),3,25,50,0,78,0,0,67,0,67,3,25,117,0,145,180,0,180,325
07/02/2002,YIP,MI,AGL,CE,Towers with Display (VFR),14,55,67,0,136,0,0,150,0,150,14,55,217,0,286,238,0,238,524
07/03/2002,YIP,MI,AGL,CE,Towers with Display (VFR),7,58,50,0,115,0,0,97,0,97,7,58,147,0,212,268,0,268,480
07/04/2002,YIP,MI,AGL,CE,Towers with Display (VFR),4,12,15,0,31,0,0,87,0,87,4,12,102,0,118,146,0,146,264
07/05/2002,YIP,MI,AGL,CE,Towers with Display (VFR),1,17,44,0,62,0,0,73,0,73,1,17,117,0,135,136,0,136,271
07/06/2002,YIP,MI,AGL,CE,Towers with Display (VFR),2,7,23,0,32,0,0,94,0,94,2,7,117,0,126,196,0,196,322
07/07/2002,YIP,MI,AGL,CE,Towers with Display (VFR),0,10,33,0,43,0,0,87,0,87,0,10,120,0,130,162,0,162,292
07/08/2002,YIP,MI,AGL,CE,Towers with Display (VFR),13,33,43,0,89,0,0,99,0,99,13,33,142,0,188,198,0,198,386
07/09/2002,YIP,MI,AGL,CE,Towers with Display (VFR),9,51,71,0,131,0,0,53,0,53,9,51,124,0,184,132,0,132,316
07/10/2002,YIP,MI,AGL,CE,Towers with Display (VFR),6,54,92,2,154,0,0,116,0,116,6,54,208,2,270,244,0,244,514
07/11/2002,YIP,MI,AGL,CE,Towers with Display (VFR),9,53,87,0,149,0,0,129,0,129,9,53,216,0,278,336,0,336,614
07/12/2002,YIP,MI,AGL,CE,Towers with Display (VFR),7,37,90,2,136,0,0,135,0,135,7,37,225,2,271,316,0,316,587
07/13/2002,YIP,MI,AGL,CE,Towers with Display (VFR),4,15,34,0,53,0,0,138,0,138,4,15,172,0,191,286,0,286,477
07/14/2002,YIP,MI,AGL,CE,Towers with Display (VFR),6,8,50,0,64,0,0,116,0,116,6,8,166,0,180,130,0,130,310
07/15/2002,YIP,MI,AGL,CE,Towers with Display (VFR),7,49,83,0,139,0,0,100,0,100,7,49,183,0,239,190,0,190,429
07/16/2002,YIP,MI,AGL,CE,Towers with Display (VFR),24,49,100,0,173,0,0,99,0,99,24,49,199,0,272,202,0,202,474
07/17/2002,YIP,MI,AGL,CE,Towers with Display (VFR),21,61,103,0,185,0,0,89,0,89,21,61,192,0,274,128,0,128,402
07/18/2002,YIP,MI,AGL,CE,Towers with Display (VFR),34,78,94,2,208,0,0,34,0,34,34,78,128,2,242,60,0,60,302
07/19/2002,YIP,MI,AGL,CE,Towers with Display (VFR),30,45,102,2,179,0,0,56,0,56,30,45,158,2,235,102,2,104,339
07/20/2002,YIP,MI,AGL,CE,Towers with Display (VFR),8,11,36,0,55,0,0,102,0,102,8,11,138,0,157,166,0,166,323
07/21/2002,YIP,MI,AGL,CE,Towers with Display (VFR),10,15,45,0,70,0,0,86,0,86,10,15,131,0,156,154,0,154,310
07/22/2002,YIP,MI,AGL,CE,Towers with Display (VFR),34,42,58,0,134,0,0,36,0,36,34,42,94,0,170,44,0,44,214
07/23/2002,YIP,MI,AGL,CE,Towers with Display (VFR),11,52,75,0,138,0,0,132,0,132,11,52,207,0,270,354,0,354,624
07/24/2002,YIP,MI,AGL,CE,Towers with Display (VFR),28,62,87,0,177,0,0,119,0,119,28,62,206,0,296,176,0,176,472
07/25/2002,YIP,MI,AGL,CE,Towers with Display (VFR),20,75,71,0,166,0,0,112,0,112,20,75,183,0,278,222,0,222,500
07/26/2002,YIP,MI,AGL,CE,Towers with Display (VFR),26,55,76,0,157,0,0,66,0,66,26,55,142,0,223,70,0,70,293
07/27/2002,YIP,MI,AGL,CE,Towers with Display (VFR),5,27,26,0,58,0,0,30,0,30,5,27,56,0,88,92,0,92,180
07/28/2002,YIP,MI,AGL,CE,Towers with Display (VFR),2,6,30,0,38,0,0,52,0,52,2,6,82,0,90,72,0,72,162
07/29/2002,YIP,MI,AGL,CE,Towers with Display (VFR),22,39,58,0,119,0,0,60,0,60,22,39,118,0,179,92,0,92,271
07/30/2002,YIP,MI,AGL,CE,Towers with Display (VFR),15,60,96,0,171,0,0,117,0,117,15,60,213,0,288,220,0,220,508
07/31/2002,YIP,MI,AGL,CE,Towers with Display (VFR),15,67,64,0,146,0,0,115,4,119,15,67,179,4,265,340,0,340,605
08/01/2002,YIP,MI,AGL,CE,Towers with Display (VFR),38,119,95,0,252,0,0,84,0,84,38,119,179,0,336,158,0,158,494
08/02/2002,YIP,MI,AGL,CE,Towers with Display (VFR),31,76,104,2,213,0,0,155,0,155,31,76,259,2,368,244,0,244,612
08/03/2002,YIP,MI,AGL,CE,Towers with Display (VFR),17,19,49,0,85,0,0,281,0,281,17,19,330,0,366,420,0,420,786
08/04/2002,YIP,MI,AGL,CE,Towers with Display (VFR),2,10,30,2,44,0,0,198,0,198,2,10,228,2,242,294,0,294,536
08/05/2002,YIP,MI,AGL,CE,Towers with Display (VFR),14,45,94,0,153,0,0,66,0,66,14,45,160,0,219,162,0,162,381
08/06/2002,YIP,MI,AGL,CE,Towers with Display (VFR),27,83,86,0,196,0,0,123,0,123,27,83,209,0,319,198,0,198,517
08/07/2002,YIP,MI,AGL,CE,Towers with Display (VFR),31,62,109,0,202,0,0,143,0,143,31,62,252,0,345,266,0,266,611
08/08/2002,YIP,MI,AGL,CE,Towers with Display (VFR),21,89,59,0,169,0,0,123,0,123,21,89,182,0,292,212,0,212,504
08/09/2002,YIP,MI,AGL,CE,Towers with Display (VFR),28,52,78,0,158,0,0,127,0,127,28,52,205,0,285,168,0,168,453
08/10/2002,YIP,MI,AGL,CE,Towers with Display (VFR),22,16,28,0,66,0,0,146,0,146,22,16,174,0,212,220,0,220,432
08/11/2002,YIP,MI,AGL,CE,Towers with Display (VFR),4,8,39,0,51,0,0,127,0,127,4,8,166,0,178,142,0,142,320
08/12/2002,YIP,MI,AGL,CE,Towers with Display (VFR),11,44,73,0,128,0,0,64,0,64,11,44,137,0,192,164,0,164,356
08/13/2002,YIP,MI,AGL,CE,Towers with Display (VFR),17,63,87,1,168,0,0,90,0,90,17,63,177,1,258,149,2,151,409
08/14/2002,YIP,MI,AGL,CE,Towers with Display (VFR),36,90,81,0,207,0,0,32,0,32,36,90,113,0,239,48,0,48,287
08/15/2002,YIP,MI,AGL,CE,Towers with Display (VFR),32,85,90,1,208,0,0,92,0,92,32,85,182,1,300,140,0,140,440
08/16/2002,YIP,MI,AGL,CE,Towers with Display (VFR),37,90,68,2,197,0,0,42,0,42,37,90,110,2,239,78,0,78,317
08/17/2002,YIP,MI,AGL,CE,Towers with Display (VFR),21,26,13,0,60,0,0,44,0,44,21,26,57,0,104,62,0,62,166
08/18/2002,YIP,MI,AGL,CE,Towers with Display (VFR),14,9,49,0,72,0,0,171,0,171,14,9,220,0,243,176,0,176,419
08/19/2002,YIP,MI,AGL,CE,Towers with Display (VFR),26,94,63,0,183,0,0,57,0,57,26,94,120,0,240,262,0,262,502
08/20/2002,YIP,MI,AGL,CE,Towers with Display (VFR),44,72,73,0,189,0,0,171,0,171,44,72,244,0,360,264,0,264,624
08/21/2002,YIP,MI,AGL,CE,Towers with Display (VFR),32,93,78,0,203,0,0,124,0,124,32,93,202,0,327,202,0,202,529
08/22/2002,YIP,MI,AGL,CE,Towers with Display (VFR),40,93,88,0,221,0,0,41,0,41,40,93,129,0,262,152,0,152,414
08/23/2002,YIP,MI,AGL,CE,Towers with Display (VFR),31,108,61,0,200,0,0,0,0,0,31,108,61,0,200,4,0,4,204
08/24/2002,YIP,MI,AGL,CE,Towers with Display (VFR),18,30,43,0,91,0,0,61,0,61,18,30,104,0,152,92,0,92,244
08/25/2002,YIP,MI,AGL,CE,Towers with Display (VFR),4,13,51,0,68,0,0,153,0,153,4,13,204,0,221,192,0,192,413
08/26/2002,YIP,MI,AGL,CE,Towers with Display (VFR),10,60,82,0,152,0,0,139,0,139,10,60,221,0,291,248,0,248,539
08/27/2002,YIP,MI,AGL,CE,Towers with Display (VFR),6,68,106,4,184,0,0,97,0,97,6,68,203,4,281,202,0,202,483
08/28/2002,YIP,MI,AGL,CE,Towers with Display (VFR),16,80,66,0,162,0,0,82,0,82,16,80,148,0,244,158,0,158,402
08/29/2002,YIP,MI,AGL,CE,Towers with Display (VFR),26,61,82,0,169,0,0,101,0,101,26,61,183,0,270,222,0,222,492
08/30/2002,YIP,MI,AGL,CE,Towers with Display (VFR),8,54,85,1,148,0,0,78,0,78,8,54,163,1,226,236,0,236,462
08/31/2002,YIP,MI,AGL,CE,Towers with Display (VFR),8,19,40,0,67,0,0,99,0,99,8,19,139,0,166,230,0,230,396
09/01/2002,YIP,MI,AGL,CE,Towers with Display (VFR),0,6,17,0,23,0,0,118,0,118,0,6,135,0,141,138,0,138,279
09/02/2002,YIP,MI,AGL,CE,Towers with Display (VFR),1,5,32,1,39,0,0,68,0,68,1,5,100,1,107,152,0,152,259
09/03/2002,YIP,MI,AGL,CE,Towers with Display (VFR),16,51,48,0,115,0,0,75,0,75,16,51,123,0,190,116,0,116,306
09/04/2002,YIP,MI,AGL,CE,Towers with Display (VFR),31,65,84,0,180,0,0,112,0,112,31,65,196,0,292,104,0,104,396
09/05/2002,YIP,MI,AGL,CE,Towers with Display (VFR),18,63,100,0,181,0,0,131,0,131,18,63,231,0,312,156,0,156,468
09/06/2002,YIP,MI,AGL,CE,Towers with Display (VFR),16,66,80,0,162,0,0,103,0,103,16,66,183,0,265,156,0,156,421
09/07/2002,YIP,MI,AGL,CE,Towers with Display (VFR),7,24,42,0,73,0,0,122,0,122,7,24,164,0,195,265,0,265,460
09/08/2002,YIP,MI,AGL,CE,Towers with Display (VFR),1,12,53,0,66,0,0,107,0,107,1,12,160,0,173,166,0,166,339
09/09/2002,YIP,MI,AGL,CE,Towers with Display (VFR),9,36,48,0,93,0,0,71,0,71,9,36,119,0,164,184,0,184,348
09/10/2002,YIP,MI,AGL,CE,Towers with Display (VFR),26,60,77,0,163,0,0,52,0,52,26,60,129,0,215,106,0,106,321
09/11/2002,YIP,MI,AGL,CE,Towers with Display (VFR),20,78,89,0,187,0,0,118,0,118,20,78,207,0,305,196,0,196,501
09/12/2002,YIP,MI,AGL,CE,Towers with Display (VFR),24,65,99,0,188,0,0,105,0,105,24,65,204,0,293,216,2,218,511
09/13/2002,YIP,MI,AGL,CE,Towers with Display (VFR),27,77,75,0,179,0,0,126,0,126,27,77,201,0,305,176,0,176,481
09/14/2002,YIP,MI,AGL,CE,Towers with Display (VFR),8,31,37,0,76,0,0,91,0,91,8,31,128,0,167,140,0,140,307
09/15/2002,YIP,MI,AGL,CE,Towers with Display (VFR),7,9,48,0,64,0,0,33,0,33,7,9,81,0,97,146,0,146,243
09/16/2002,YIP,MI,AGL,CE,Towers with Display (VFR),9,45,63,0,117,0,0,111,0,111,9,45,174,0,228,216,0,216,444
09/17/2002,YIP,MI,AGL,CE,Towers with Display (VFR),35,59,103,0,197,0,0,108,0,108,35,59,211,0,305,134,0,134,439
09/18/2002,YIP,MI,AGL,CE,Towers with Display (VFR),29,71,101,0,201,0,0,55,0,55,29,71,156,0,256,76,0,76,332
09/19/2002,YIP,MI,AGL,CE,Towers with Display (VFR),51,101,90,0,242,0,0,38,0,38,51,101,128,0,280,134,0,134,414
09/20/2002,YIP,MI,AGL,CE,Towers with Display (VFR),36,78,61,0,175,0,0,21,0,21,36,78,82,0,196,40,0,40,236
09/21/2002,YIP,MI,AGL,CE,Towers with Display (VFR),6,33,59,0,98,0,0,98,0,98,6,33,157,0,196,196,0,196,392
09/22/2002,YIP,MI,AGL,CE,Towers with Display (VFR),5,16,34,0,55,0,0,116,0,116,5,16,150,0,171,192,0,192,363
09/23/2002,YIP,MI,AGL,CE,Towers with Display (VFR),10,59,77,0,146,0,0,114,0,114,10,59,191,0,260,142,0,142,402
09/24/2002,YIP,MI,AGL,CE,Towers with Display (VFR),25,60,65,0,150,0,0,78,0,78,25,60,143,0,228,160,0,160,388
09/25/2002,YIP,MI,AGL,CE,Towers with Display (VFR),29,75,76,0,180,0,0,129,0,129,29,75,205,0,309,236,0,236,545
09/26/2002,YIP,MI,AGL,CE,Towers with Display (VFR),32,57,74,0,163,0,0,62,0,62,32,57,136,0,225,92,0,92,317
09/27/2002,YIP,MI,AGL,CE,Towers with Display (VFR),46,59,114,0,219,0,0,25,0,25,46,59,139,0,244,76,0,76,320
09/28/2002,YIP,MI,AGL,CE,Towers with Display (VFR),18,33,60,0,111,0,0,150,0,150,18,33,210,0,261,186,0,186,447
09/29/2002,YIP,MI,AGL,CE,Towers with Display (VFR),4,13,62,0,79,0,0,89,0,89,4,13,151,0,168,190,0,190,358
09/30/2002,YIP,MI,AGL,CE,Towers with Display (VFR),9,55,69,0,133,0,0,107,0,107,9,55,176,0,240,100,0,100,340
10/01/2002,YIP,MI,AGL,CE,Towers with Display (VFR),18,68,101,2,189,1,0,70,0,71,19,68,171,2,260,114,0,114,374
10/02/2002,YIP,MI,AGL,CE,Towers with Display (VFR),21,82,84,0,187,1,0,24,0,25,22,82,108,0,212,60,0,60,272
10/03/2002,YIP,MI,AGL,CE,Towers with Display (VFR),34,101,93,0,228,1,0,2,0,3,35,101,95,0,231,12,0,12,243
10/04/2002,YIP,MI,AGL,CE,Towers with Display (VFR),40,124,80,0,244,0,0,11,0,11,40,124,91,0,255,2,0,2,257
10/05/2002,YIP,MI,AGL,CE,Towers with Display (VFR),37,36,35,0,108,0,0,115,0,115,37,36,150,0,223,102,0,102,325
10/06/2002,YIP,MI,AGL,CE,Towers with Display (VFR),2,13,48,0,63,0,0,112,0,112,2,13,160,0,175,190,0,190,365
10/07/2002,YIP,MI,AGL,CE,Towers with Display (VFR),11,51,52,0,114,0,0,65,0,65,11,51,117,0,179,142,0,142,321
10/08/2002,YIP,MI,AGL,CE,Towers with Display (VFR),20,59,85,0,164,0,0,88,0,88,20,59,173,0,252,104,0,104,356
10/09/2002,YIP,MI,AGL,CE,Towers with Display (VFR),25,66,81,0,172,0,2,100,0,102,25,68,181,0,274,150,0,150,424
10/10/2002,YIP,MI,AGL,CE,Towers with Display (VFR),36,98,127,0,261,0,0,105,0,105,36,98,232,0,366,182,0,182,548
10/11/2002,YIP,MI,AGL,CE,Towers with Display (VFR),50,81,73,0,204,0,0,94,0,94,50,81,167,0,298,120,0,120,418
10/12/2002,YIP,MI,AGL,CE,Towers with Display (VFR),20,14,35,0,69,0,0,100,0,100,20,14,135,0,169,118,0,118,287
10/13/2002,YIP,MI,AGL,CE,Towers with Display (VFR),4,16,48,0,68,0,0,65,0,65,4,16,113,0,133,96,0,96,229
10/14/2002,YIP,MI,AGL,CE,Towers with Display (VFR),17,32,64,0,113,0,0,98,0,98,17,32,162,0,211,272,0,272,483
10/15/2002,YIP,MI,AGL,CE,Towers with Display (VFR),23,66,74,0,163,0,0,86,0,86,23,66,160,0,249,164,0,164,413
10/16/2002,YIP,MI,AGL,CE,Towers with Display (VFR),23,68,77,0,168,0,0,53,0,53,23,68,130,0,221,138,0,138,359
10/17/2002,YIP,MI,AGL,CE,Towers with Display (VFR),22,80,102,0,204,0,0,47,0,47,22,80,149,0,251,171,0,171,422
10/18/2002,YIP,MI,AGL,CE,Towers with Display (VFR),20,73,78,0,171,0,0,50,0,50,20,73,128,0,221,112,0,112,333
10/19/2002,YIP,MI,AGL,CE,Towers with Display (VFR),3,36,42,0,81,0,0,50,0,50,3,36,92,0,131,146,0,146,277
10/20/2002,YIP,MI,AGL,CE,Towers with Display (VFR),5,24,49,0,78,0,0,151,0,151,5,24,200,0,229,296,0,296,525
10/21/2002,YIP,MI,AGL,CE,Towers with Display (VFR),9,48,43,0,100,0,0,76,0,76,9,48,119,0,176,172,0,172,348
10/22/2002,YIP,MI,AGL,CE,Towers with Display (VFR),12,80,114,0,206,0,0,106,0,106,12,80,220,0,312,260,0,260,572
10/23/2002,YIP,MI,AGL,CE,Towers with Display (VFR),27,61,102,2,192,0,0,68,0,68,27,61,170,2,260,214,0,214,474
10/24/2002,YIP,MI,AGL,CE,Towers with Display (VFR),12,77,86,0,175,0,0,76,0,76,12,77,162,0,251,148,0,148,399
10/25/2002,YIP,MI,AGL,CE,Towers with Display (VFR),12,51,65,0,128,0,2,0,1,3,12,53,65,1,131,28,0,28,159
10/26/2002,YIP,MI,AGL,CE,Towers with Display (VFR),6,38,70,2,116,0,0,16,0,16,6,38,86,2,132,62,0,62,194
10/27/2002,YIP,MI,AGL,CE,Towers with Display (VFR),3,14,51,0,68,0,0,114,0,114,3,14,165,0,182,218,0,218,400
10/28/2002,YIP,MI,AGL,CE,Towers with Display (VFR),7,38,83,2,130,0,0,79,0,79,7,38,162,2,209,214,0,214,423
10/29/2002,YIP,MI,AGL,CE,Towers with Display (VFR),13,57,86,0,156,0,0,66,0,66,13,57,152,0,222,110,0,110,332
10/30/2002,YIP,MI,AGL,CE,Towers with Display (VFR),14,66,87,0,167,0,0,111,0,111,14,66,198,0,278,170,0,170,448
10/31/2002,YIP,MI,AGL,CE,Towers with Display (VFR),10,50,67,0,127,0,0,60,0,60,10,50,127,0,187,124,0,124,311
11/01/2002,YIP,MI,AGL,CE,Towers with Display (VFR),16,89,68,0,173,0,0,48,0,48,16,89,116,0,221,90,0,90,311
11/02/2002,YIP,MI,AGL,CE,Towers with Display (VFR),8,32,46,0,86,0,0,94,0,94,8,32,140,0,180,252,0,252,432
11/03/2002,YIP,MI,AGL,CE,Towers with Display (VFR),1,25,47,2,75,0,0,124,0,124,1,25,171,2,199,218,0,218,417
11/04/2002,YIP,MI,AGL,CE,Towers with Display (VFR),6,39,76,0,121,0,0,65,0,65,6,39,141,0,186,156,0,156,342
11/05/2002,YIP,MI,AGL,CE,Towers with Display (VFR),5,59,65,0,129,0,0,29,0,29,5,59,94,0,158,60,0,60,218
11/06/2002,YIP,MI,AGL,CE,Towers with Display (VFR),12,82,75,0,169,0,0,39,0,39,12,82,114,0,208,134,0,134,342
11/07/2002,YIP,MI,AGL,CE,Towers with Display (VFR),18,46,71,0,135,0,0,88,0,88,18,46,159,0,223,134,0,134,357
11/08/2002,YIP,MI,AGL,CE,Towers with Display (VFR),12,57,81,0,150,0,0,75,0,75,12,57,156,0,225,180,0,180,405
11/09/2002,YIP,MI,AGL,CE,Towers with Display (VFR),8,33,35,0,76,0,0,67,0,67,8,33,102,0,143,156,0,156,299
11/10/2002,YIP,MI,AGL,CE,Towers with Display (VFR),4,12,32,0,48,0,0,2,0,2,4,12,34,0,50,34,0,34,84
11/11/2002,YIP,MI,AGL,CE,Towers with Display (VFR),11,61,75,0,147,0,0,55,0,55,11,61,130,0,202,111,0,111,313
11/12/2002,YIP,MI,AGL,CE,Towers with Display (VFR),9,89,70,0,168,0,0,67,0,67,9,89,137,0,235,78,0,78,313
11/13/2002,YIP,MI,AGL,CE,Towers with Display (VFR),24,67,99,0,190,0,0,99,0,99,24,67,198,0,289,170,0,170,459
11/14/2002,YIP,MI,AGL,CE,Towers with Display (VFR),13,86,78,2,179,0,0,28,0,28,13,86,106,2,207,68,2,70,277
11/15/2002,YIP,MI,AGL,CE,Towers with Display (VFR),7,33,52,0,92,0,0,44,0,44,7,33,96,0,136,62,0,62,198
11/16/2002,YIP,MI,AGL,CE,Towers with Display (VFR),2,23,42,0,67,0,0,50,0,50,2,23,92,0,117,194,0,194,311
11/17/2002,YIP,MI,AGL,CE,Towers with Display (VFR),3,18,10,1,32,0,0,24,0,24,3,18,34,1,56,80,0,80,136
11/18/2002,YIP,MI,AGL,CE,Towers with Display (VFR),5,37,52,0,94,0,0,73,0,73,5,37,125,0,167,116,0,116,283
11/19/2002,YIP,MI,AGL,CE,Towers with Display (VFR),10,56,67,0,133,0,0,43,0,43,10,56,110,0,176,60,0,60,236
11/20/2002,YIP,MI,AGL,CE,Towers with Display (VFR),5,62,81,0,148,0,0,79,0,79,5,62,160,0,227,206,0,206,433
11/21/2002,YIP,MI,AGL,CE,Towers with Display (VFR),23,69,88,0,180,0,0,14,0,14,23,69,102,0,194,80,0,80,274
11/22/2002,YIP,MI,AGL,CE,Towers with Display (VFR),16,52,68,0,136,0,0,20,0,20,16,52,88,0,156,14,0,14,170
11/23/2002,YIP,MI,AGL,CE,Towers with Display (VFR),3,33,50,0,86,0,0,83,0,83,3,33,133,0,169,230,0,230,399
11/24/2002,YIP,MI,AGL,CE,Towers with Display (VFR),4,9,37,0,50,0,0,93,0,93,4,9,130,0,143,208,0,208,351
11/25/2002,YIP,MI,AGL,CE,Towers with Display (VFR),7,39,55,0,101,0,0,56,0,56,7,39,111,0,157,174,0,174,331
11/26/2002,YIP,MI,AGL,CE,Towers with Display (VFR),19,64,71,0,154,0,0,50,0,50,19,64,121,0,204,60,0,60,264
11/27/2002,YIP,MI,AGL,CE,Towers with Display (VFR),14,67,57,0,138,0,0,93,0,93,14,67,150,0,231,236,0,236,467
11/28/2002,YIP,MI,AGL,CE,Towers with Display (VFR),4,8,10,0,22,0,0,28,0,28,4,8,38,0,50,42,0,42,92
11/29/2002,YIP,MI,AGL,CE,Towers with Display (VFR),0,11,17,0,28,0,0,9,0,9,0,11,26,0,37,20,0,20,57
11/30/2002,YIP,MI,AGL,CE,Towers with Display (VFR),0,10,11,0,21,0,0,6,0,6,0,10,17,0,27,48,0,48,75
12/01/2002,YIP,MI,AGL,CE,Towers with Display (VFR),3,13,56,0,72,0,0,50,0,50,3,13,106,0,122,104,0,104,226
12/02/2002,YIP,MI,AGL,CE,Towers with Display (VFR),9,52,43,0,104,0,0,10,0,10,9,52,53,0,114,0,0,0,114
12/03/2002,YIP,MI,AGL,CE,Towers with Display (VFR),26,60,70,0,156,0,0,77,0,77,26,60,147,0,233,96,0,96,329
12/04/2002,YIP,MI,AGL,CE,Towers with Display (VFR),20,52,63,0,135,0,0,82,0,82,20,52,145,0,217,118,0,118,335
12/05/2002,YIP,MI,AGL,CE,Towers with Display (VFR),25,71,79,0,175,0,0,61,0,61,25,71,140,0,236,178,0,178,414
12/06/2002,YIP,MI,AGL,CE,Towers with Display (VFR),17,67,55,0,139,0,0,65,0,65,17,67,120,0,204,86,0,86,290
12/07/2002,YIP,MI,AGL,CE,Towers with Display (VFR),14,22,55,0,91,0,0,67,0,67,14,22,122,0,158,238,0,238,396
12/08/2002,YIP,MI,AGL,CE,Towers with Display (VFR),1,20,42,0,63,0,0,61,0,61,1,20,103,0,124,187,0,187,311
12/09/2002,YIP,MI,AGL,CE,Towers with Display (VFR),7,30,59,0,96,0,0,57,0,57,7,30,116,0,153,74,0,74,227
12/10/2002,YIP,MI,AGL,CE,Towers with Display (VFR),14,65,77,0,156,0,0,109,0,109,14,65,186,0,265,228,0,228,493
12/11/2002,YIP,MI,AGL,CE,Towers with Display (VFR),12,49,72,0,133,0,0,75,0,75,12,49,147,0,208,180,0,180,388
12/12/2002,YIP,MI,AGL,CE,Towers with Display (VFR),10,63,93,0,166,0,0,44,0,44,10,63,137,0,210,136,0,136,346
12/13/2002,YIP,MI,AGL,CE,Towers with Display (VFR),11,52,67,0,130,0,0,15,0,15,11,52,82,0,145,30,0,30,175
12/14/2002,YIP,MI,AGL,CE,Towers with Display (VFR),7,17,46,0,70,0,0,57,0,57,7,17,103,0,127,86,0,86,213
12/15/2002,YIP,MI,AGL,CE,Towers with Display (VFR),2,10,41,0,53,0,0,46,0,46,2,10,87,0,99,189,0,189,288
12/16/2002,YIP,MI,AGL,CE,Towers with Display (VFR),4,69,71,0,144,0,0,79,0,79,4,69,150,0,223,223,0,223,446
12/17/2002,YIP,MI,AGL,CE,Towers with Display (VFR),19,78,70,0,167,0,0,95,0,95,19,78,165,0,262,72,0,72,334
12/18/2002,YIP,MI,AGL,CE,Towers with Display (VFR),21,66,51,0,138,0,0,8,0,8,21,66,59,0,146,12,0,12,158
12/19/2002,YIP,MI,AGL,CE,Towers with Display (VFR),16,68,77,0,161,0,0,5,0,5,16,68,82,0,166,24,0,24,190
12/20/2002,YIP,MI,AGL,CE,Towers with Display (VFR),19,63,54,0,136,0,0,25,0,25,19,63,79,0,161,12,0,12,173
12/21/2002,YIP,MI,AGL,CE,Towers with Display (VFR),2,16,8,0,26,0,0,13,0,13,2,16,21,0,39,18,0,18,57
12/22/2002,YIP,MI,AGL,CE,Towers with Display (VFR),0,9,18,0,27,0,0,28,0,28,0,9,46,0,55,48,0,48,103
12/23/2002,YIP,MI,AGL,CE,Towers with Display (VFR),3,25,34,0,62,0,0,32,0,32,3,25,66,0,94,64,0,64,158
12/24/2002,YIP,MI,AGL,CE,Towers with Display (VFR),5,27,36,0,68,0,0,42,0,42,5,27,78,0,110,70,0,70,180
12/25/2002,YIP,MI,AGL,CE,Towers with Display (VFR),0,3,4,0,7,0,0,3,0,3,0,3,7,0,10,0,0,0,10
12/26/2002,YIP,MI,AGL,CE,Towers with Display (VFR),3,19,46,0,68,0,0,56,0,56,3,19,102,0,124,82,0,82,206
12/27/2002,YIP,MI,AGL,CE,Towers with Display (VFR),1,17,59,0,77,0,0,41,0,41,1,17,100,0,118,104,0,104,222
12/28/2002,YIP,MI,AGL,CE,Towers with Display (VFR),1,7,16,0,24,0,0,6,0,6,1,7,22,0,30,0,0,0,30
12/29/2002,YIP,MI,AGL,CE,Towers with Display (VFR),1,0,36,0,37,0,0,24,0,24,1,0,60,0,61,132,0,132,193
12/30/2002,YIP,MI,AGL,CE,Towers with Display (VFR),3,18,21,0,42,0,0,2,0,2,3,18,23,0,44,0,0,0,44
12/31/2002,YIP,MI,AGL,CE,Towers with Display (VFR),2,11,36,0,49,0,0,58,0,58,2,11,94,0,107,204,0,204,311
01/01/2003,YIP,MI,AGL,CE,Towers with Display (VFR),2,4,11,0,17,0,0,34,0,34,2,4,45,0,51,60,0,60,111
01/02/2003,YIP,MI,AGL,CE,Towers with Display (VFR),11,23,31,0,65,0,0,21,0,21,11,23,52,0,86,28,0,28,114
01/03/2003,YIP,MI,AGL,CE,Towers with Display (VFR),6,43,33,0,82,0,0,23,0,23,6,43,56,0,105,90,0,90,195
01/04/2003,YIP,MI,AGL,CE,Towers with Display (VFR),3,17,34,0,54,0,0,66,0,66,3,17,100,0,120,150,0,150,270
01/05/2003,YIP,MI,AGL,CE,Towers with Display (VFR),4,11,21,0,36,0,0,6,0,6,4,11,27,0,42,70,0,70,112
01/06/2003,YIP,MI,AGL,CE,Towers with Display (VFR),3,47,33,0,83,0,0,17,0,17,3,47,50,0,100,14,0,14,114
01/07/2003,YIP,MI,AGL,CE,Towers with Display (VFR),18,73,40,0,131,0,0,57,0,57,18,73,97,0,188,72,0,72,260
01/08/2003,YIP,MI,AGL,CE,Towers with Display (VFR),17,62,69,0,148,0,0,118,0,118,17,62,187,0,266,236,0,236,502
01/09/2003,YIP,MI,AGL,CE,Towers with Display (VFR),7,61,58,0,126,0,0,48,0,48,7,61,106,0,174,106,0,106,280
01/10/2003,YIP,MI,AGL,CE,Towers with Display (VFR),6,68,56,0,130,0,0,19,0,19,6,68,75,0,149,16,0,16,165
01/11/2003,YIP,MI,AGL,CE,Towers with Display (VFR),10,23,41,0,74,0,0,26,0,26,10,23,67,0,100,94,0,94,194
01/12/2003,YIP,MI,AGL,CE,Towers with Display (VFR),10,9,27,0,46,0,0,53,0,53,10,9,80,0,99,136,0,136,235
01/13/2003,YIP,MI,AGL,CE,Towers with Display (VFR),16,55,55,0,126,0,0,45,0,45,16,55,100,0,171,124,0,124,295
01/14/2003,YIP,MI,AGL,CE,Towers with Display (VFR),15,49,62,0,126,0,0,51,0,51,15,49,113,0,177,118,0,118,295
01/15/2003,YIP,MI,AGL,CE,Towers with Display (VFR),16,54,78,0,148,0,0,61,0,61,16,54,139,0,209,154,0,154,363
01/16/2003,YIP,MI,AGL,CE,Towers with Display (VFR),11,73,88,0,172,0,0,56,0,56,11,73,144,0,228,146,0,146,374
01/17/2003,YIP,MI,AGL,CE,Towers with Display (VFR),24,55,50,0,129,0,0,71,0,71,24,55,121,0,200,134,0,134,334
01/18/2003,YIP,MI,AGL,CE,Towers with Display (VFR),1,22,24,0,47,0,0,39,0,39,1,22,63,0,86,64,0,64,150
01/19/2003,YIP,MI,AGL,CE,Towers with Display (VFR),5,9,14,0,28,0,0,45,0,45,5,9,59,0,73,38,0,38,111
01/20/2003,YIP,MI,AGL,CE,Towers with Display (VFR),3,30,46,0,79,0,0,60,0,60,3,30,106,0,139,160,0,160,299
01/21/2003,YIP,MI,AGL,CE,Towers with Display (VFR),17,52,67,0,136,0,0,75,0,75,17,52,142,0,211,204,0,204,415
01/22/2003,YIP,MI,AGL,CE,Towers with Display (VFR),8,49,75,0,132,0,0,46,0,46,8,49,121,0,178,100,0,100,278
01/23/2003,YIP,MI,AGL,CE,Towers with Display (VFR),12,48,49,0,109,0,0,26,0,26,12,48,75,0,135,16,0,16,151
01/24/2003,YIP,MI,AGL,CE,Towers with Display (VFR),20,52,60,0,132,0,0,57,0,57,20,52,117,0,189,120,0,120,309
01/25/2003,YIP,MI,AGL,CE,Towers with Display (VFR),7,11,7,0,25,0,0,31,0,31,7,11,38,0,56,76,0,76,132
01/26/2003,YIP,MI,AGL,CE,Towers with Display (VFR),0,10,29,0,39,0,0,39,0,39,0,10,68,0,78,126,0,126,204
01/27/2003,YIP,MI,AGL,CE,Towers with Display (VFR),10,26,54,0,90,0,0,78,0,78,10,26,132,0,168,104,0,104,272
01/28/2003,YIP,MI,AGL,CE,Towers with Display (VFR),12,14,64,0,90,0,0,17,0,17,12,14,81,0,107,38,0,38,145
01/29/2003,YIP,MI,AGL,CE,Towers with Display (VFR),12,61,60,0,133,0,0,55,0,55,12,61,115,0,188,106,0,106,294
01/30/2003,YIP,MI,AGL,CE,Towers with Display (VFR),20,71,66,0,157,0,0,101,0,101,20,71,167,0,258,114,0,114,372
01/31/2003,YIP,MI,AGL,CE,Towers with Display (VFR),10,57,40,0,107,0,0,18,0,18,10,57,58,0,125,38,0,38,163
02/01/2003,YIP,MI,AGL,CE,Towers with Display (VFR),5,15,24,0,44,0,0,2,0,2,5,15,26,0,46,4,0,4,50
02/02/2003,YIP,MI,AGL,CE,Towers with Display (VFR),4,9,15,0,28,0,0,20,0,20,4,9,35,0,48,84,0,84,132
02/03/2003,YIP,MI,AGL,CE,Towers with Display (VFR),11,48,40,0,99,0,0,9,0,9,11,48,49,0,108,10,0,10,118
02/04/2003,YIP,MI,AGL,CE,Towers with Display (VFR),14,58,62,0,134,0,0,12,0,12,14,58,74,0,146,18,0,18,164
02/05/2003,YIP,MI,AGL,CE,Towers with Display (VFR),16,45,60,0,121,0,0,57,0,57,16,45,117,0,178,98,0,98,276
02/06/2003,YIP,MI,AGL,CE,Towers with Display (VFR),21,68,34,0,123,0,0,34,0,34,21,68,68,0,157,106,0,106,263
02/07/2003,YIP,MI,AGL,CE,Towers with Display (VFR),20,57,63,0,140,0,0,49,0,49,20,57,112,0,189,102,0,102,291
02/08/2003,YIP,MI,AGL,CE,Towers with Display (VFR),10,21,21,0,52,0,0,81,0,81,10,21,102,0,133,100,0,100,233
02/09/2003,YIP,MI,AGL,CE,Towers with Display (VFR),5,16,39,0,60,0,0,91,0,91,5,16,130,0,151,172,0,172,323
02/10/2003,YIP,MI,AGL,CE,Towers with Display (VFR),9,56,37,0,102,0,0,27,0,27,9,56,64,0,129,6,0,6,135
02/11/2003,YIP,MI,AGL,CE,Towers with Display (VFR),15,78,44,0,137,0,0,26,0,26,15,78,70,0,163,72,0,72,235
02/12/2003,YIP,MI,AGL,CE,Towers with Display (VFR),13,90,37,0,140,0,0,29,0,29,13,90,66,0,169,30,0,30,199
02/13/2003,YIP,MI,AGL,CE,Towers with Display (VFR),24,71,73,0,168,0,0,39,0,39,24,71,112,0,207,62,0,62,269
02/14/2003,YIP,MI,AGL,CE,Towers with Display (VFR),30,73,34,0,137,0,0,75,0,75,30,73,109,0,212,138,0,138,350
02/15/2003,YIP,MI,AGL,CE,Towers with Display (VFR),5,26,16,0,47,0,0,52,0,52,5,26,68,0,99,168,0,168,267
02/16/2003,YIP,MI,AGL,CE,Towers with Display (VFR),11,16,13,0,40,0,0,45,0,45,11,16,58,0,85,74,0,74,159
02/17/2003,YIP,MI,AGL,CE,Towers with Display (VFR),23,33,21,0,77,0,0,6,0,6,23,33,27,0,83,6,0,6,89
02/18/2003,YIP,MI,AGL,CE,Towers with Display (VFR),21,69,50,0,140,0,0,17,0,17,21,69,67,0,157,46,0,46,203
02/19/2003,YIP,MI,AGL,CE,Towers with Display (VFR),19,61,76,0,156,0,0,67,0,67,19,61,143,0,223,108,0,108,331
02/20/2003,YIP,MI,AGL,CE,Towers with Display (VFR),18,52,84,0,154,0,0,124,0,124,18,52,208,0,278,292,0,292,570
02/21/2003,YIP,MI,AGL,CE,Towers with Display (VFR),22,57,50,0,129,0,0,92,0,92,22,57,142,0,221,176,0,176,397
02/22/2003,YIP,MI,AGL,CE,Towers with Display (VFR),10,23,13,0,46,0,0,7,0,7,10,23,20,0,53,2,0,2,55
02/23/2003,YIP,MI,AGL,CE,Towers with Display (VFR),8,29,18,0,55,0,0,43,0,43,8,29,61,0,98,62,0,62,160
02/24/2003,YIP,MI,AGL,CE,Towers with Display (VFR),13,47,32,0,92,0,0,14,0,14,13,47,46,0,106,26,0,26,132
02/25/2003,YIP,MI,AGL,CE,Towers with Display (VFR),16,69,65,0,150,0,0,85,0,85,16,69,150,0,235,158,0,158,393
02/26/2003,YIP,MI,AGL,CE,Towers with Display (VFR),22,61,58,0,141,0,0,81,0,81,22,61,139,0,222,222,0,222,444
02/27/2003,YIP,MI,AGL,CE,Towers with Display (VFR),20,75,56,0,151,0,0,77,0,77,20,75,133,0,228,186,0,186,414
02/28/2003,YIP,MI,AGL,CE,Towers with Display (VFR),23,81,39,0,143,0,0,62,0,62,23,81,101,0,205,68,0,68,273
03/01/2003,YIP,MI,AGL,CE,Towers with Display (VFR),5,1,26,0,32,0,16,21,0,37,5,17,47,0,69,164,0,164,233
03/02/2003,YIP,MI,AGL,CE,Towers with Display (VFR),5,16,21,0,42,0,0,22,0,22,5,16,43,0,64,92,0,92,156
03/03/2003,YIP,MI,AGL,CE,Towers with Display (VFR),6,57,43,0,106,0,0,47,0,47,6,57,90,0,153,96,0,96,249
03/04/2003,YIP,MI,AGL,CE,Towers with Display (VFR),5,59,57,0,121,0,0,40,0,40,5,59,97,0,161,88,0,88,249
03/05/2003,YIP,MI,AGL,CE,Towers with Display (VFR),14,66,37,0,117,0,0,40,0,40,14,66,77,0,157,132,0,132,289
03/06/2003,YIP,MI,AGL,CE,Towers with Display (VFR),23,60,63,0,146,0,0,55,0,55,23,60,118,0,201,96,0,96,297
03/07/2003,YIP,MI,AGL,CE,Towers with Display (VFR),18,51,41,2,112,0,0,54,1,55,18,51,95,3,167,107,0,107,274
03/08/2003,YIP,MI,AGL,CE,Towers with Display (VFR),8,14,28,0,50,0,0,24,0,24,8,14,52,0,74,134,0,134,208
03/09/2003,YIP,MI,AGL,CE,Towers with Display (VFR),4,16,38,0,58,0,0,70,0,70,4,16,108,0,128,142,0,142,270
03/10/2003,YIP,MI,AGL,CE,Towers with Display (VFR),7,31,37,0,75,0,0,82,0,82,7,31,119,0,157,112,0,112,269
03/11/2003,YIP,MI,AGL,CE,Towers with Display (VFR),34,53,43,0,130,0,0,70,0,70,34,53,113,0,200,92,0,92,292
03/12/2003,YIP,MI,AGL,CE,Towers with Display (VFR),37,48,64,0,149,0,0,61,0,61,37,48,125,0,210,178,0,178,388
03/13/2003,YIP,MI,AGL,CE,Towers with Display (VFR),9,40,61,0,110,0,0,53,0,53,9,40,114,0,163,92,0,92,255
03/14/2003,YIP,MI,AGL,CE,Towers with Display (VFR),12,43,48,0,103,0,0,90,0,90,12,43,138,0,193,98,0,98,291
03/15/2003,YIP,MI,AGL,CE,Towers with Display (VFR),2,11,33,0,46,0,0,209,0,209,2,11,242,0,255,292,0,292,547
03/16/2003,YIP,MI,AGL,CE,Towers with Display (VFR),2,9,49,0,60,0,0,92,0,92,2,9,141,0,152,194,0,194,346
03/17/2003,YIP,MI,AGL,CE,Towers with Display (VFR),2,34,46,0,82,0,0,74,0,74,2,34,120,0,156,148,0,148,304
03/18/2003,YIP,MI,AGL,CE,Towers with Display (VFR),7,58,56,0,121,0,0,19,0,19,7,58,75,0,140,28,0,28,168
03/19/2003,YIP,MI,AGL,CE,Towers with Display (VFR),10,58,71,0,139,0,0,28,0,28,10,58,99,0,167,30,0,30,197
03/20/2003,YIP,MI,AGL,CE,Towers with Display (VFR),12,55,54,0,121,0,0,57,0,57,12,55,111,0,178,118,0,118,296
03/21/2003,YIP,MI,AGL,CE,Towers with Display (VFR),11,59,61,0,131,0,0,13,0,13,11,59,74,0,144,32,0,32,176
03/22/2003,YIP,MI,AGL,CE,Towers with Display (VFR),2,9,30,0,41,0,0,37,1,38,2,9,67,1,79,104,0,104,183
03/23/2003,YIP,MI,AGL,CE,Towers with Display (VFR),0,12,62,0,74,0,0,98,0,98,0,12,160,0,172,356,0,356,528
03/24/2003,YIP,MI,AGL,CE,Towers with Display (VFR),6,38,47,0,91,0,0,102,0,102,6,38,149,0,193,182,0,182,375
03/25/2003,YIP,MI,AGL,CE,Towers with Display (VFR),10,48,60,0,118,0,1,75,0,76,10,49,135,0,194,160,0,160,354
03/26/2003,YIP,MI,AGL,CE,Towers with Display (VFR),9,48,79,0,136,0,0,95,0,95,9,48,174,0,231,298,0,298,529
03/27/2003,YIP,MI,AGL,CE,Towers with Display (VFR),13,52,67,2,134,0,0,64,0,64,13,52,131,2,198,212,0,212,410
03/28/2003,YIP,MI,AGL,CE,Towers with Display (VFR),17,49,58,0,124,0,0,21,0,21,17,49,79,0,145,48,0,48,193
03/29/2003,YIP,MI,AGL,CE,Towers with Display (VFR),11,25,39,0,75,0,0,30,0,30,11,25,69,0,105,170,0,170,275
03/30/2003,YIP,MI,AGL,CE,Towers with Display (VFR),8,14,63,0,85,0,0,92,0,92,8,14,155,0,177,114,0,114,291
03/31/2003,YIP,MI,AGL,CE,Towers with Display (VFR),40,47,30,0,117,0,0,58,0,58,40,47,88,0,175,128,0,128,303
04/01/2003,YIP,MI,AGL,CE,Towers with Display (VFR),12,49,62,0,123,0,0,70,0,70,12,49,132,0,193,72,0,72,265
04/02/2003,YIP,MI,AGL,CE,Towers with Display (VFR),18,78,76,0,172,0,0,74,0,74,18,78,150,0,246,182,0,182,428
04/03/2003,YIP,MI,AGL,CE,Towers with Display (VFR),21,56,35,0,112,0,0,15,0,15,21,56,50,0,127,0,0,0,127
04/04/2003,YIP,MI,AGL,CE,Towers with Display (VFR),20,47,37,0,104,0,0,3,0,3,20,47,40,0,107,0,0,0,107
04/05/2003,YIP,MI,AGL,CE,Towers with Display (VFR),1,20,14,0,35,0,0,16,0,16,1,20,30,0,51,0,0,0,51
04/06/2003,YIP,MI,AGL,CE,Towers with Display (VFR),3,12,53,0,68,0,0,67,0,67,3,12,120,0,135,206,0,206,341
04/07/2003,YIP,MI,AGL,CE,Towers with Display (VFR),3,43,24,0,70,0,0,1,0,1,3,43,25,0,71,0,0,0,71
04/08/2003,YIP,MI,AGL,CE,Towers with Display (VFR),3,57,46,0,106,0,0,5,0,5,3,57,51,0,111,0,0,0,111
04/09/2003,YIP,MI,AGL,CE,Towers with Display (VFR),11,74,63,0,148,0,0,64,0,64,11,74,127,0,212,60,0,60,272
04/10/2003,YIP,MI,AGL,CE,Towers with Display (VFR),10,61,57,0,128,0,0,110,0,110,10,61,167,0,238,194,0,194,432
04/11/2003,YIP,MI,AGL,CE,Towers with Display (VFR),6,57,70,0,133,1,1,142,0,144,7,58,212,0,277,216,0,216,493
04/12/2003,YIP,MI,AGL,CE,Towers with Display (VFR),2,12,67,0,81,0,0,105,0,105,2,12,172,0,186,216,0,216,402
04/13/2003,YIP,MI,AGL,CE,Towers with Display (VFR),1,16,63,0,80,0,0,138,0,138,1,16,201,0,218,260,0,260,478
04/14/2003,YIP,MI,AGL,CE,Towers with Display (VFR),6,44,76,0,126,0,0,94,0,94,6,44,170,0,220,160,0,160,380
04/15/2003,YIP,MI,AGL,CE,Towers with Display (VFR),3,60,68,0,131,0,0,63,0,63,3,60,131,0,194,30,0,30,224
04/16/2003,YIP,MI,AGL,CE,Towers with Display (VFR),11,41,60,0,112,0,0,70,0,70,11,41,130,0,182,122,0,122,304
04/17/2003,YIP,MI,AGL,CE,Towers with Display (VFR),5,56,42,0,103,0,0,30,0,30,5,56,72,0,133,42,0,42,175
04/18/2003,YIP,MI,AGL,CE,Towers with Display (VFR),0,28,68,0,96,0,0,25,0,25,0,28,93,0,121,104,0,104,225
04/19/2003,YIP,MI,AGL,CE,Towers with Display (VFR),0,9,55,0,64,0,0,75,0,75,0,9,130,0,139,240,0,240,379
04/20/2003,YIP,MI,AGL,CE,Towers with Display (VFR),0,6,12,0,18,0,0,15,0,15,0,6,27,0,33,8,0,8,41
04/21/2003,YIP,MI,AGL,CE,Towers with Display (VFR),3,43,53,0,99,0,0,12,0,12,3,43,65,0,111,82,0,82,193
04/22/2003,YIP,MI,AGL,CE,Towers with Display (VFR),2,49,83,0,134,0,0,41,0,41,2,49,124,0,175,84,0,84,259
04/23/2003,YIP,MI,AGL,CE,Towers with Display (VFR),2,72,72,0,146,0,0,88,0,88,2,72,160,0,234,128,0,128,362
04/24/2003,YIP,MI,AGL,CE,Towers with Display (VFR),4,67,65,4,140,0,0,91,0,91,4,67,156,4,231,168,1,169,400
04/25/2003,YIP,MI,AGL,CE,Towers with Display (VFR),14,58,68,0,140,0,0,96,0,96,14,58,164,0,236,144,0,144,380
04/26/2003,YIP,MI,AGL,CE,Towers with Display (VFR),7,25,65,0,97,0,0,125,0,125,7,25,190,0,222,188,0,188,410
04/27/2003,YIP,MI,AGL,CE,Towers with Display (VFR),1,9,72,0,82,0,0,145,0,145,1,9,217,0,227,302,0,302,529
04/28/2003,YIP,MI,AGL,CE,Towers with Display (VFR),2,4,45,1,52,0,37,73,0,110,2,41,118,1,162,70,0,70,232
04/29/2003,YIP,MI,AGL,CE,Towers with Display (VFR),6,36,53,1,96,0,0,102,0,102,6,36,155,1,198,184,0,184,382
04/30/2003,YIP,MI,AGL,CE,Towers with Display (VFR),15,82,49,0,146,0,0,21,0,21,15,82,70,0,167,16,0,16,183
05/01/2003,YIP,MI,AGL,CE,Towers with Display (VFR),9,70,56,0,135,0,0,28,0,28,9,70,84,0,163,66,0,66,229
05/02/2003,YIP,MI,AGL,CE,Towers with Display (VFR),44,58,54,0,156,0,0,75,0,75,44,58,129,0,231,120,0,120,351
05/03/2003,YIP,MI,AGL,CE,Towers with Display (VFR),1,17,27,0,45,0,0,123,0,123,1,17,150,0,168,178,0,178,346
05/04/2003,YIP,MI,AGL,CE,Towers with Display (VFR),1,11,57,0,69,0,0,123,0,123,1,11,180,0,192,172,0,172,364
05/05/2003,YIP,MI,AGL,CE,Towers with Display (VFR),5,39,35,0,79,0,0,13,0,13,5,39,48,0,92,12,0,12,104
05/06/2003,YIP,MI,AGL,CE,Towers with Display (VFR),11,67,80,0,158,0,0,80,0,80,11,67,160,0,238,184,0,184,422
05/07/2003,YIP,MI,AGL,CE,Towers with Display (VFR),17,53,60,0,130,0,0,3,0,3,17,53,63,0,133,20,0,20,153
05/08/2003,YIP,MI,AGL,CE,Towers with Display (VFR),10,56,72,0,138,0,2,34,0,36,10,58,106,0,174,116,0,116,290
05/09/2003,YIP,MI,AGL,CE,Towers with Display (VFR),7,67,82,0,156,0,0,52,0,52,7,67,134,0,208,154,0,154,362
05/10/2003,YIP,MI,AGL,CE,Towers with Display (VFR),3,14,30,0,47,0,0,62,0,62,3,14,92,0,109,138,0,138,247
05/11/2003,YIP,MI,AGL,CE,Towers with Display (VFR),1,5,15,0,21,0,0,11,0,11,1,5,26,0,32,0,0,0,32
05/12/2003,YIP,MI,AGL,CE,Towers with Display (VFR),6,50,53,0,109,0,0,12,0,12,6,50,65,0,121,0,0,0,121
05/13/2003,YIP,MI,AGL,CE,Towers with Display (VFR),18,44,89,0,151,0,0,163,0,163,18,44,252,0,314,60,0,60,374
05/14/2003,YIP,MI,AGL,CE,Towers with Display (VFR),14,62,91,0,167,0,0,123,0,123,14,62,214,0,290,222,0,222,512
05/15/2003,YIP,MI,AGL,CE,Towers with Display (VFR),10,78,79,0,167,0,0,54,0,54,10,78,133,0,221,106,0,106,327
05/16/2003,YIP,MI,AGL,CE,Towers with Display (VFR),7,54,70,0,131,0,0,51,0,51,7,54,121,0,182,94,0,94,276
05/17/2003,YIP,MI,AGL,CE,Towers with Display (VFR),5,10,37,0,52,0,0,90,0,90,5,10,127,0,142,110,0,110,252
05/18/2003,YIP,MI,AGL,CE,Towers with Display (VFR),0,20,67,0,87,0,0,92,0,92,0,20,159,0,179,194,0,194,373
05/19/2003,YIP,MI,AGL,CE,Towers with Display (VFR),7,41,78,0,126,0,0,103,0,103,7,41,181,0,229,142,0,142,371
05/20/2003,YIP,MI,AGL,CE,Towers with Display (VFR),10,74,66,0,150,0,0,13,0,13,10,74,79,0,163,90,0,90,253
05/21/2003,YIP,MI,AGL,CE,Towers with Display (VFR),33,55,58,0,146,0,0,118,0,118,33,55,176,0,264,186,0,186,450
05/22/2003,YIP,MI,AGL,CE,Towers with Display (VFR),17,62,93,0,172,0,0,136,0,136,17,62,229,0,308,174,0,174,482
05/23/2003,YIP,MI,AGL,CE,Towers with Display (VFR),14,45,42,0,101,0,0,71,0,71,14,45,113,0,172,96,0,96,268
05/24/2003,YIP,MI,AGL,CE,Towers with Display (VFR),2,8,16,0,26,0,0,52,0,52,2,8,68,0,78,122,0,122,200
05/25/2003,YIP,MI,AGL,CE,Towers with Display (VFR),1,5,31,0,37,0,0,60,0,60,1,5,91,0,97,116,0,116,213
05/26/2003,YIP,MI,AGL,CE,Towers with Display (VFR),1,18,33,0,52,0,0,178,0,178,1,18,211,0,230,82,0,82,312
05/27/2003,YIP,MI,AGL,CE,Towers with Display (VFR),7,54,48,0,109,0,0,35,0,35,7,54,83,0,144,210,0,210,354
05/28/2003,YIP,MI,AGL,CE,Towers with Display (VFR),9,69,70,0,148,0,0,69,0,69,9,69,139,0,217,90,0,90,307
05/29/2003,YIP,MI,AGL,CE,Towers with Display (VFR),11,64,87,0,162,0,0,90,0,90,11,64,177,0,252,226,0,226,478
05/30/2003,YIP,MI,AGL,CE,Towers with Display (VFR),5,71,80,2,158,0,0,71,0,71,5,71,151,2,229,254,0,254,483
05/31/2003,YIP,MI,AGL,CE,Towers with Display (VFR),5,27,30,0,62,0,0,7,0,7,5,27,37,0,69,14,0,14,83
06/01/2003,YIP,MI,AGL,CE,Towers with Display (VFR),2,22,60,0,84,0,0,170,0,170,2,22,230,0,254,292,0,292,546
06/02/2003,YIP,MI,AGL,CE,Towers with Display (VFR),5,48,78,0,131,0,0,128,0,128,5,48,206,0,259,132,0,132,391
06/03/2003,YIP,MI,AGL,CE,Towers with Display (VFR),11,69,104,0,184,0,0,83,0,83,11,69,187,0,267,264,0,264,531
06/04/2003,YIP,MI,AGL,CE,Towers with Display (VFR),12,60,60,0,132,0,0,5,0,5,12,60,65,0,137,4,0,4,141
06/05/2003,YIP,MI,AGL,CE,Towers with Display (VFR),15,55,73,0,143,0,0,65,0,65,15,55,138,0,208,148,0,148,356
06/06/2003,YIP,MI,AGL,CE,Towers with Display (VFR),9,48,73,0,130,0,0,113,0,113,9,48,186,0,243,162,0,162,405
06/07/2003,YIP,MI,AGL,CE,Towers with Display (VFR),5,15,42,0,62,0,0,106,0,106,5,15,148,0,168,164,0,164,332
06/08/2003,YIP,MI,AGL,CE,Towers with Display (VFR),4,4,26,0,34,0,0,29,0,29,4,4,55,0,63,10,0,10,73
06/09/2003,YIP,MI,AGL,CE,Towers with Display (VFR),16,47,83,8,154,0,0,121,0,121,16,47,204,8,275,138,6,144,419
06/10/2003,YIP,MI,AGL,CE,Towers with Display (VFR),18,64,73,0,155,0,0,98,0,98,18,64,171,0,253,138,0,138,391
06/11/2003,YIP,MI,AGL,CE,Towers with Display (VFR),16,60,75,0,151,0,0,56,0,56,16,60,131,0,207,270,0,270,477
06/12/2003,YIP,MI,AGL,CE,Towers with Display (VFR),31,88,89,0,208,0,0,2,0,2,31,88,91,0,210,6,0,6,216
06/13/2003,YIP,MI,AGL,CE,Towers with Display (VFR),17,60,82,0,159,0,0,107,0,107,17,60,189,0,266,52,0,52,318
06/14/2003,YIP,MI,AGL,CE,Towers with Display (VFR),5,15,40,2,62,0,0,165,0,165,5,15,205,2,227,190,0,190,417
06/15/2003,YIP,MI,AGL,CE,Towers with Display (VFR),8,10,43,2,63,0,0,229,0,229,8,10,272,2,292,90,0,90,382
06/16/2003,YIP,MI,AGL,CE,Towers with Display (VFR),4,52,59,0,115,0,0,175,0,175,4,52,234,0,290,286,0,286,576
06/17/2003,YIP,MI,AGL,CE,Towers with Display (VFR),10,64,96,0,170,0,0,28,0,28,10,64,124,0,198,62,0,62,260
06/18/2003,YIP,MI,AGL,CE,Towers with Display (VFR),15,62,75,0,152,0,0,78,0,78,15,62,153,0,230,326,0,326,556
06/19/2003,YIP,MI,AGL,CE,Towers with Display (VFR),16,55,91,0,162,0,0,88,0,88,16,55,179,0,250,340,0,340,590
06/20/2003,YIP,MI,AGL,CE,Towers with Display (VFR),15,46,57,0,118,0,0,116,0,116,15,46,173,0,234,210,0,210,444
06/21/2003,YIP,MI,AGL,CE,Towers with Display (VFR),7,25,36,0,68,0,0,163,0,163,7,25,199,0,231,218,0,218,449
06/22/2003,YIP,MI,AGL,CE,Towers with Display (VFR),5,10,55,0,70,0,0,117,0,117,5,10,172,0,187,94,0,94,281
06/23/2003,YIP,MI,AGL,CE,Towers with Display (VFR),8,34,54,0,96,0,0,128,0,128,8,34,182,0,224,190,0,190,414
06/24/2003,YIP,MI,AGL,CE,Towers with Display (VFR),7,55,80,0,142,0,0,104,0,104,7,55,184,0,246,210,0,210,456
06/25/2003,YIP,MI,AGL,CE,Towers with Display (VFR),8,89,113,0,210,0,0,152,0,152,8,89,265,0,362,192,0,192,554
06/26/2003,YIP,MI,AGL,CE,Towers with Display (VFR),28,85,41,0,154,0,0,52,0,52,28,85,93,0,206,42,0,42,248
06/27/2003,YIP,MI,AGL,CE,Towers with Display (VFR),32,92,71,0,195,0,0,110,0,110,32,92,181,0,305,200,0,200,505
06/28/2003,YIP,MI,AGL,CE,Towers with Display (VFR),2,18,34,0,54,0,0,63,0,63,2,18,97,0,117,90,0,90,207
06/29/2003,YIP,MI,AGL,CE,Towers with Display (VFR),0,11,30,0,41,0,0,55,0,55,0,11,85,0,96,102,0,102,198
06/30/2003,YIP,MI,AGL,CE,Towers with Display (VFR),3,41,67,0,111,0,0,89,0,89,3,41,156,0,200,350,0,350,550
07/01/2003,YIP,MI,AGL,CE,Towers with Display (VFR),11,62,57,0,130,0,0,121,0,121,11,62,178,0,251,266,0,266,517
07/02/2003,YIP,MI,AGL,CE,Towers with Display (VFR),22,64,51,0,137,0,0,128,0,128,22,64,179,0,265,284,0,284,549
07/03/2003,YIP,MI,AGL,CE,Towers with Display (VFR),7,34,57,0,98,0,0,132,0,132,7,34,189,0,230,242,0,242,472
07/04/2003,YIP,MI,AGL,CE,Towers with Display (VFR),2,15,11,0,28,0,0,45,0,45,2,15,56,0,73,27,0,27,100
07/05/2003,YIP,MI,AGL,CE,Towers with Display (VFR),1,5,22,0,28,0,0,56,0,56,1,5,78,0,84,106,0,106,190
07/06/2003,YIP,MI,AGL,CE,Towers with Display (VFR),0,1,24,0,25,0,0,71,0,71,0,1,95,0,96,46,0,46,142
07/07/2003,YIP,MI,AGL,CE,Towers with Display (VFR),3,51,54,0,108,0,0,45,0,45,3,51,99,0,153,42,0,42,195
07/08/2003,YIP,MI,AGL,CE,Towers with Display (VFR),2,45,81,0,128,0,0,75,0,75,2,45,156,0,203,164,0,164,367
07/09/2003,YIP,MI,AGL,CE,Towers with Display (VFR),9,76,109,0,194,0,0,100,0,100,9,76,209,0,294,308,0,308,602
07/10/2003,YIP,MI,AGL,CE,Towers with Display (VFR),4,77,72,0,153,0,0,45,0,45,4,77,117,0,198,80,0,80,278
07/11/2003,YIP,MI,AGL,CE,Towers with Display (VFR),8,74,63,0,145,0,0,31,0,31,8,74,94,0,176,38,0,38,214
07/12/2003,YIP,MI,AGL,CE,Towers with Display (VFR),8,17,44,0,69,0,0,90,0,90,8,17,134,0,159,186,0,186,345
07/13/2003,YIP,MI,AGL,CE,Towers with Display (VFR),2,8,60,0,70,0,0,98,0,98,2,8,158,0,168,116,0,116,284
07/14/2003,YIP,MI,AGL,CE,Towers with Display (VFR),7,34,85,0,126,0,0,129,0,129,7,34,214,0,255,194,0,194,449
07/15/2003,YIP,MI,AGL,CE,Towers with Display (VFR),24,49,91,0,164,0,0,51,0,51,24,49,142,0,215,132,0,132,347
07/16/2003,YIP,MI,AGL,CE,Towers with Display (VFR),18,59,73,0,150,0,0,181,0,181,18,59,254,0,331,322,0,322,653
07/17/2003,YIP,MI,AGL,CE,Towers with Display (VFR),6,57,58,0,121,0,0,114,0,114,6,57,172,0,235,208,0,208,443
07/18/2003,YIP,MI,AGL,CE,Towers with Display (VFR),8,59,77,0,144,0,0,109,0,109,8,59,186,0,253,106,0,106,359
07/19/2003,YIP,MI,AGL,CE,Towers with Display (VFR),2,27,43,0,72,0,0,149,0,149,2,27,192,0,221,144,0,144,365
07/20/2003,YIP,MI,AGL,CE,Towers with Display (VFR),1,23,79,0,103,0,0,78,0,78,1,23,157,0,181,88,0,88,269
07/21/2003,YIP,MI,AGL,CE,Towers with Display (VFR),10,48,68,0,126,0,0,27,0,27,10,48,95,0,153,52,0,52,205
07/22/2003,YIP,MI,AGL,CE,Towers with Display (VFR),11,69,101,0,181,0,0,63,0,63,11,69,164,0,244,152,0,152,396
07/23/2003,YIP,MI,AGL,CE,Towers with Display (VFR),11,66,69,0,146,0,0,129,0,129,11,66,198,0,275,208,0,208,483
07/24/2003,YIP,MI,AGL,CE,Towers with Display (VFR),10,72,98,1,181,0,0,49,0,49,10,72,147,1,230,36,0,36,266
07/25/2003,YIP,MI,AGL,CE,Towers with Display (VFR),12,59,55,0,126,0,0,137,0,137,12,59,192,0,263,106,0,106,369
07/26/2003,YIP,MI,AGL,CE,Towers with Display (VFR),12,16,31,0,59,0,0,77,0,77,12,16,108,0,136,90,0,90,226
07/27/2003,YIP,MI,AGL,CE,Towers with Display (VFR),6,20,67,1,94,0,0,56,0,56,6,20,123,1,150,84,0,84,234
07/28/2003,YIP,MI,AGL,CE,Towers with Display (VFR),11,70,75,0,156,0,0,126,0,126,11,70,201,0,282,248,0,248,530
07/29/2003,YIP,MI,AGL,CE,Towers with Display (VFR),20,50,69,0,139,0,0,144,0,144,20,50,213,0,283,240,0,240,523
07/30/2003,YIP,MI,AGL,CE,Towers with Display (VFR),7,55,31,0,93,0,0,124,0,124,7,55,155,0,217,188,0,188,405
07/31/2003,YIP,MI,AGL,CE,Towers with Display (VFR),7,67,72,0,146,0,0,87,2,89,7,67,159,2,235,68,0,68,303
08/01/2003,YIP,MI,AGL,CE,Towers with Display (VFR),10,40,70,0,120,0,0,33,0,33,10,40,103,0,153,44,0,44,197
08/02/2003,YIP,MI,AGL,CE,Towers with Display (VFR),2,20,38,0,60,0,0,43,0,43,2,20,81,0,103,34,0,34,137
08/03/2003,YIP,MI,AGL,CE,Towers with Display (VFR),0,13,48,0,61,0,0,28,0,28,0,13,76,0,89,70,0,70,159
08/04/2003,YIP,MI,AGL,CE,Towers with Display (VFR),10,54,55,0,119,0,0,48,0,48,10,54,103,0,167,46,0,46,213
08/05/2003,YIP,MI,AGL,CE,Towers with Display (VFR),9,83,74,0,166,0,0,50,0,50,9,83,124,0,216,18,0,18,234
08/06/2003,YIP,MI,AGL,CE,Towers with Display (VFR),10,72,85,0,167,0,0,88,0,88,10,72,173,0,255,238,0,238,493
08/07/2003,YIP,MI,AGL,CE,Towers with Display (VFR),19,82,83,0,184,0,0,116,0,116,19,82,199,0,300,196,0,196,496
08/08/2003,YIP,MI,AGL,CE,Towers with Display (VFR),19,60,94,6,179,0,0,119,0,119,19,60,213,6,298,200,10,210,508
08/09/2003,YIP,MI,AGL,CE,Towers with Display (VFR),4,21,40,0,65,0,0,148,0,148,4,21,188,0,213,228,0,228,441
08/10/2003,YIP,MI,AGL,CE,Towers with Display (VFR),1,8,52,4,65,0,0,255,0,255,1,8,307,4,320,294,8,302,622
08/11/2003,YIP,MI,AGL,CE,Towers with Display (VFR),11,61,90,0,162,0,0,82,0,82,11,61,172,0,244,220,0,220,464
08/12/2003,YIP,MI,AGL,CE,Towers with Display (VFR),17,96,113,0,226,0,0,68,0,68,17,96,181,0,294,88,0,88,382
08/13/2003,YIP,MI,AGL,CE,Towers with Display (VFR),25,93,97,0,215,0,0,130,0,130,25,93,227,0,345,254,0,254,599
08/14/2003,YIP,MI,AGL,CE,Towers with Display (VFR),26,86,90,0,202,0,0,94,1,95,26,86,184,1,297,100,0,100,397
08/15/2003,YIP,MI,AGL,CE,Towers with Display (VFR),14,64,43,0,121,0,0,26,0,26,14,64,69,0,147,0,0,0,147
08/16/2003,YIP,MI,AGL,CE,Towers with Display (VFR),13,16,15,0,44,0,0,45,0,45,13,16,60,0,89,78,0,78,167
08/17/2003,YIP,MI,AGL,CE,Towers with Display (VFR),13,11,45,0,69,0,0,141,0,141,13,11,186,0,210,174,0,174,384
08/18/2003,YIP,MI,AGL,CE,Towers with Display (VFR),26,62,56,1,145,0,0,106,0,106,26,62,162,1,251,146,2,148,399
08/19/2003,YIP,MI,AGL,CE,Towers with Display (VFR),31,113,75,0,219,0,0,108,0,108,31,113,183,0,327,240,0,240,567
08/20/2003,YIP,MI,AGL,CE,Towers with Display (VFR),39,103,74,0,216,0,0,116,0,116,39,103,190,0,332,172,0,172,504
08/21/2003,YIP,MI,AGL,CE,Towers with Display (VFR),41,95,89,0,225,0,0,57,0,57,41,95,146,0,282,56,0,56,338
08/22/2003,YIP,MI,AGL,CE,Towers with Display (VFR),56,76,82,0,214,0,0,93,0,93,56,76,175,0,307,88,0,88,395
08/23/2003,YIP,MI,AGL,CE,Towers with Display (VFR),36,33,28,0,97,0,0,108,0,108,36,33,136,0,205,94,0,94,299
08/24/2003,YIP,MI,AGL,CE,Towers with Display (VFR),12,15,59,1,87,0,0,142,0,142,12,15,201,1,229,136,0,136,365
08/25/2003,YIP,MI,AGL,CE,Towers with Display (VFR),18,70,73,0,161,0,0,80,0,80,18,70,153,0,241,114,0,114,355
08/26/2003,YIP,MI,AGL,CE,Towers with Display (VFR),39,73,78,0,190,0,0,60,0,60,39,73,138,0,250,38,0,38,288
08/27/2003,YIP,MI,AGL,CE,Towers with Display (VFR),23,75,74,0,172,0,0,100,0,100,23,75,174,0,272,114,0,114,386
08/28/2003,YIP,MI,AGL,CE,Towers with Display (VFR),33,90,73,0,196,0,0,110,0,110,33,90,183,0,306,170,0,170,476
08/29/2003,YIP,MI,AGL,CE,Towers with Display (VFR),27,100,41,0,168,0,0,22,0,22,27,100,63,0,190,2,0,2,192
08/30/2003,YIP,MI,AGL,CE,Towers with Display (VFR),12,15,31,0,58,0,0,102,0,102,12,15,133,0,160,70,0,70,230
08/31/2003,YIP,MI,AGL,CE,Towers with Display (VFR),3,12,42,0,57,0,0,70,0,70,3,12,112,0,127,94,0,94,221
09/01/2003,YIP,MI,AGL,CE,Towers with Radar,2,14,46,0,62,0,0,8,0,8,2,14,54,0,70,24,0,24,94
09/02/2003,YIP,MI,AGL,CE,Towers with Radar,14,52,59,0,125,0,0,70,0,70,14,52,129,0,195,88,0,88,283
09/03/2003,YIP,MI,AGL,CE,Towers with Radar,17,65,77,0,159,0,0,87,0,87,17,65,164,0,246,114,0,114,360
09/04/2003,YIP,MI,AGL,CE,Towers with Radar,20,76,86,0,182,0,0,69,0,69,20,76,155,0,251,100,0,100,351
09/05/2003,YIP,MI,AGL,CE,Towers with Radar,18,88,80,0,186,0,0,105,0,105,18,88,185,0,291,130,0,130,421
09/06/2003,YIP,MI,AGL,CE,Towers with Radar,12,16,26,0,54,0,0,134,0,134,12,16,160,0,188,216,0,216,404
09/07/2003,YIP,MI,AGL,CE,Towers with Radar,2,10,52,0,64,0,0,214,0,214,2,10,266,0,278,182,0,182,460
09/08/2003,YIP,MI,AGL,CE,Towers with Radar,20,54,97,0,171,0,0,101,0,101,20,54,198,0,272,150,0,150,422
09/09/2003,YIP,MI,AGL,CE,Towers with Radar,23,67,89,0,179,0,0,100,0,100,23,67,189,0,279,118,0,118,397
09/10/2003,YIP,MI,AGL,CE,Towers with Radar,23,71,94,0,188,0,0,51,0,51,23,71,145,0,239,94,0,94,333
09/11/2003,YIP,MI,AGL,CE,Towers with Radar,23,56,81,0,160,0,0,107,0,107,23,56,188,0,267,122,0,122,389
09/12/2003,YIP,MI,AGL,CE,Towers with Radar,28,69,84,0,181,0,0,97,0,97,28,69,181,0,278,40,2,42,320
09/13/2003,YIP,MI,AGL,CE,Towers with Radar,11,75,57,0,143,0,0,127,0,127,11,75,184,0,270,186,0,186,456
09/14/2003,YIP,MI,AGL,CE,Towers with Radar,7,20,52,1,80,0,0,34,0,34,7,20,86,1,114,66,0,66,180
09/15/2003,YIP,MI,AGL,CE,Towers with Radar,13,45,44,2,104,0,0,49,0,49,13,45,93,2,153,56,0,56,209
09/16/2003,YIP,MI,AGL,CE,Towers with Radar,15,62,84,0,161,0,0,114,0,114,15,62,198,0,275,232,0,232,507
09/17/2003,YIP,MI,AGL,CE,Towers with Radar,39,65,69,0,173,0,0,131,0,131,39,65,200,0,304,114,0,114,418
09/18/2003,YIP,MI,AGL,CE,Towers with Radar,23,70,72,0,165,0,0,89,0,89,23,70,161,0,254,100,0,100,354
09/19/2003,YIP,MI,AGL,CE,Towers with Radar,31,67,61,0,159,0,0,26,0,26,31,67,87,0,185,22,0,22,207
09/20/2003,YIP,MI,AGL,CE,Towers with Radar,7,31,23,0,61,0,0,163,0,163,7,31,186,0,224,344,0,344,568
09/21/2003,YIP,MI,AGL,CE,Towers with Radar,2,29,52,0,83,0,0,148,0,148,2,29,200,0,231,154,0,154,385
09/22/2003,YIP,MI,AGL,CE,Towers with Radar,12,45,44,0,101,0,0,14,0,14,12,45,58,0,115,2,0,2,117
09/23/2003,YIP,MI,AGL,CE,Towers with Radar,20,74,69,0,163,0,0,71,0,71,20,74,140,0,234,118,0,118,352
09/24/2003,YIP,MI,AGL,CE,Towers with Radar,17,81,79,0,177,0,0,82,0,82,17,81,161,0,259,56,0,56,315
09/25/2003,YIP,MI,AGL,CE,Towers with Radar,33,91,108,0,232,0,0,126,0,126,33,91,234,0,358,224,0,224,582
09/26/2003,YIP,MI,AGL,CE,Towers with Radar,21,96,90,2,209,0,0,78,0,78,21,96,168,2,287,116,0,116,403
09/27/2003,YIP,MI,AGL,CE,Towers with Radar,11,29,42,0,82,0,0,62,0,62,11,29,104,0,144,112,0,112,256
09/28/2003,YIP,MI,AGL,CE,Towers with Radar,2,24,68,0,94,0,0,60,1,61,2,24,128,1,155,142,0,142,297
09/29/2003,YIP,MI,AGL,CE,Towers with Radar,7,57,47,0,111,0,0,72,4,76,7,57,119,4,187,148,0,148,335
09/30/2003,YIP,MI,AGL,CE,Towers with Radar,15,62,63,0,140,0,0,61,0,61,15,62,124,0,201,70,0,70,271
10/01/2003,YIP,MI,AGL,CE,Towers with Radar,31,56,81,0,168,0,0,55,0,55,31,56,136,0,223,56,0,56,279
10/02/2003,YIP,MI,AGL,CE,Towers with Radar,17,73,75,0,165,0,0,82,0,82,17,73,157,0,247,224,0,224,471
10/03/2003,YIP,MI,AGL,CE,Towers with Radar,24,80,70,0,174,0,0,27,0,27,24,80,97,0,201,30,0,30,231
10/04/2003,YIP,MI,AGL,CE,Towers with Radar,10,19,50,0,79,0,0,92,0,92,10,19,142,0,171,122,0,122,293
10/05/2003,YIP,MI,AGL,CE,Towers with Radar,12,11,65,0,88,0,0,135,0,135,12,11,200,0,223,188,0,188,411
10/06/2003,YIP,MI,AGL,CE,Towers with Radar,17,74,63,0,154,0,0,107,0,107,17,74,170,0,261,324,0,324,585
10/07/2003,YIP,MI,AGL,CE,Towers with Radar,14,64,80,0,158,0,0,132,0,132,14,64,212,0,290,164,0,164,454
10/08/2003,YIP,MI,AGL,CE,Towers with Radar,18,80,88,0,186,0,0,103,0,103,18,80,191,0,289,194,0,194,483
10/09/2003,YIP,MI,AGL,CE,Towers with Radar,23,81,64,0,168,0,0,113,0,113,23,81,177,0,281,242,0,242,523
10/10/2003,YIP,MI,AGL,CE,Towers with Radar,21,71,90,0,182,0,0,98,0,98,21,71,188,0,280,169,0,169,449
10/11/2003,YIP,MI,AGL,CE,Towers with Radar,11,27,29,0,67,0,0,101,0,101,11,27,130,0,168,172,0,172,340
10/12/2003,YIP,MI,AGL,CE,Towers with Radar,0,5,49,0,54,0,0,95,0,95,0,5,144,0,149,152,0,152,301
10/13/2003,YIP,MI,AGL,CE,Towers with Radar,11,49,52,0,112,0,0,113,0,113,11,49,165,0,225,216,0,216,441
10/14/2003,YIP,MI,AGL,CE,Towers with Radar,29,76,77,0,182,0,0,16,0,16,29,76,93,0,198,16,0,16,214
10/15/2003,YIP,MI,AGL,CE,Towers with Radar,24,67,76,0,167,0,0,56,0,56,24,67,132,0,223,52,0,52,275
10/16/2003,YIP,MI,AGL,CE,Towers with Radar,34,63,78,0,175,0,0,130,2,132,34,63,208,2,307,306,0,306,613
10/17/2003,YIP,MI,AGL,CE,Towers with Radar,19,50,53,0,122,0,0,116,0,116,19,50,169,0,238,122,0,122,360
10/18/2003,YIP,MI,AGL,CE,Towers with Radar,15,33,38,0,86,0,0,72,0,72,15,33,110,0,158,140,0,140,298
10/19/2003,YIP,MI,AGL,CE,Towers with Radar,5,19,50,0,74,0,0,135,0,135,5,19,185,0,209,228,0,228,437
10/20/2003,YIP,MI,AGL,CE,Towers with Radar,17,57,59,1,134,0,0,95,0,95,17,57,154,1,229,74,0,74,303
10/21/2003,YIP,MI,AGL,CE,Towers with Radar,11,70,59,0,140,0,0,47,0,47,11,70,106,0,187,140,0,140,327
10/22/2003,YIP,MI,AGL,CE,Towers with Radar,23,68,84,0,175,0,0,93,0,93,23,68,177,0,268,216,0,216,484
10/23/2003,YIP,MI,AGL,CE,Towers with Radar,28,63,77,0,168,0,0,107,0,107,28,63,184,0,275,238,0,238,513
10/24/2003,YIP,MI,AGL,CE,Towers with Radar,41,87,87,0,215,0,0,71,0,71,41,87,158,0,286,120,0,120,406
10/25/2003,YIP,MI,AGL,CE,Towers with Radar,10,28,43,0,81,0,0,20,0,20,10,28,63,0,101,30,0,30,131
10/26/2003,YIP,MI,AGL,CE,Towers with Radar,8,18,42,0,68,0,0,78,0,78,8,18,120,0,146,136,0,136,282
10/27/2003,YIP,MI,AGL,CE,Towers with Radar,24,59,90,0,173,0,0,59,0,59,24,59,149,0,232,168,0,168,400
10/28/2003,YIP,MI,AGL,CE,Towers with Radar,19,79,79,0,177,0,0,35,0,35,19,79,114,0,212,66,0,66,278
10/29/2003,YIP,MI,AGL,CE,Towers with Radar,28,73,78,0,179,0,0,80,0,80,28,73,158,0,259,122,0,122,381
10/30/2003,YIP,MI,AGL,CE,Towers with Radar,20,68,98,0,186,0,0,148,0,148,20,68,246,0,334,252,0,252,586
10/31/2003,YIP,MI,AGL,CE,Towers with Radar,23,74,63,0,160,0,0,76,0,76,23,74,139,0,236,160,0,160,396
11/01/2003,YIP,MI,AGL,CE,Towers with Radar,14,19,58,0,91,0,0,79,0,79,14,19,137,0,170,94,0,94,264
11/02/2003,YIP,MI,AGL,CE,Towers with Radar,7,10,36,0,53,0,0,2,0,2,7,10,38,0,55,0,0,0,55
11/03/2003,YIP,MI,AGL,CE,Towers with Radar,13,50,41,0,104,0,0,4,0,4,13,50,45,0,108,0,0,0,108
11/04/2003,YIP,MI,AGL,CE,Towers with Radar,17,67,57,0,141,0,0,64,0,64,17,67,121,0,205,154,0,154,359
11/05/2003,YIP,MI,AGL,CE,Towers with Radar,14,85,64,0,163,0,0,32,0,32,14,85,96,0,195,48,0,48,243
11/06/2003,YIP,MI,AGL,CE,Towers with Radar,31,72,107,0,210,0,6,98,0,104,31,78,205,0,314,292,0,292,606
11/07/2003,YIP,MI,AGL,CE,Towers with Radar,35,67,91,0,193,0,0,64,0,64,35,67,155,0,257,166,0,166,423
11/08/2003,YIP,MI,AGL,CE,Towers with Radar,34,15,35,0,84,0,0,134,0,134,34,15,169,0,218,210,0,210,428
11/09/2003,YIP,MI,AGL,CE,Towers with Radar,4,4,49,0,57,0,0,119,0,119,4,4,168,0,176,136,0,136,312
11/10/2003,YIP,MI,AGL,CE,Towers with Radar,15,45,79,0,139,0,0,81,0,81,15,45,160,0,220,206,0,206,426
11/11/2003,YIP,MI,AGL,CE,Towers with Radar,36,69,69,0,174,0,0,18,0,18,36,69,87,0,192,88,0,88,280
11/12/2003,YIP,MI,AGL,CE,Towers with Radar,43,85,60,0,188,0,0,27,0,27,43,85,87,0,215,34,0,34,249
11/13/2003,YIP,MI,AGL,CE,Towers with Radar,79,82,59,0,220,0,0,9,0,9,79,82,68,0,229,0,0,0,229
11/14/2003,YIP,MI,AGL,CE,Towers with Radar,19,42,87,0,148,0,0,97,0,97,19,42,184,0,245,160,0,160,405
11/15/2003,YIP,MI,AGL,CE,Towers with Radar,2,14,26,1,43,0,0,22,0,22,2,14,48,1,65,140,22,162,227
11/16/2003,YIP,MI,AGL,CE,Towers with Radar,1,15,30,1,47,0,0,0,0,0,1,15,30,1,47,6,0,6,53
11/17/2003,YIP,MI,AGL,CE,Towers with Radar,6,54,76,0,136,0,0,15,0,15,6,54,91,0,151,16,0,16,167
11/18/2003,YIP,MI,AGL,CE,Towers with Radar,10,76,55,0,141,0,0,7,0,7,10,76,62,0,148,4,0,4,152
11/19/2003,YIP,MI,AGL,CE,Towers with Radar,11,64,81,0,156,0,0,82,0,82,11,64,163,0,238,116,0,116,354
11/20/2003,YIP,MI,AGL,CE,Towers with Radar,9,55,85,0,149,0,0,107,0,107,9,55,192,0,256,206,0,206,462
11/21/2003,YIP,MI,AGL,CE,Towers with Radar,11,61,101,0,173,0,0,115,0,115,11,61,216,0,288,150,0,150,438
11/22/2003,YIP,MI,AGL,CE,Towers with Radar,7,45,89,0,141,0,0,36,0,36,7,45,125,0,177,90,0,90,267
11/23/2003,YIP,MI,AGL,CE,Towers with Radar,3,18,42,0,63,0,0,63,0,63,3,18,105,0,126,142,0,142,268
11/24/2003,YIP,MI,AGL,CE,Towers with Radar,8,52,46,0,106,0,0,9,0,9,8,52,55,0,115,18,0,18,133
11/25/2003,YIP,MI,AGL,CE,Towers with Radar,12,83,61,0,156,0,0,102,0,102,12,83,163,0,258,116,0,116,374
11/26/2003,YIP,MI,AGL,CE,Towers with Radar,22,65,60,7,154,0,0,121,0,121,22,65,181,7,275,228,2,230,505
11/27/2003,YIP,MI,AGL,CE,Towers with Radar,5,18,18,0,41,0,0,4,0,4,5,18,22,0,45,0,0,0,45
11/28/2003,YIP,MI,AGL,CE,Towers with Radar,3,33,17,0,53,0,0,10,0,10,3,33,27,0,63,0,0,0,63
11/29/2003,YIP,MI,AGL,CE,Towers with Radar,2,8,24,0,34,0,0,44,0,44,2,8,68,0,78,76,0,76,154
11/30/2003,YIP,MI,AGL,CE,Towers with Radar,3,14,64,1,82,0,0,121,0,121,3,14,185,1,203,184,0,184,387
12/01/2003,YIP,MI,AGL,CE,Towers with Radar,13,52,42,1,108,0,0,23,0,23,13,52,65,1,131,24,0,24,155
12/02/2003,YIP,MI,AGL,CE,Towers with Radar,19,60,67,0,146,0,0,90,0,90,19,60,157,0,236,188,0,188,424
12/03/2003,YIP,MI,AGL,CE,Towers with Radar,31,63,85,0,179,0,0,113,0,113,31,63,198,0,292,158,0,158,450
12/04/2003,YIP,MI,AGL,CE,Towers with Radar,15,62,53,0,130,0,0,59,0,59,15,62,112,0,189,236,0,236,425
12/05/2003,YIP,MI,AGL,CE,Towers with Radar,19,79,42,1,141,0,0,14,0,14,19,79,56,1,155,54,0,54,209
12/06/2003,YIP,MI,AGL,CE,Towers with Radar,23,35,23,1,82,0,0,38,0,38,23,35,61,1,120,122,0,122,242
12/07/2003,YIP,MI,AGL,CE,Towers with Radar,3,12,62,0,77,0,0,125,0,125,3,12,187,0,202,260,0,260,462
12/08/2003,YIP,MI,AGL,CE,Towers with Radar,13,52,55,0,120,0,0,55,0,55,13,52,110,0,175,96,0,96,271
12/09/2003,YIP,MI,AGL,CE,Towers with Radar,27,70,65,0,162,0,0,1,0,1,27,70,66,0,163,0,0,0,163
12/10/2003,YIP,MI,AGL,CE,Towers with Radar,44,71,79,0,194,0,0,11,0,11,44,71,90,0,205,8,0,8,213
12/11/2003,YIP,MI,AGL,CE,Towers with Radar,43,79,79,0,201,0,0,26,0,26,43,79,105,0,227,44,0,44,271
12/12/2003,YIP,MI,AGL,CE,Towers with Radar,40,82,82,0,204,0,0,73,0,73,40,82,155,0,277,180,0,180,457
12/13/2003,YIP,MI,AGL,CE,Towers with Radar,16,25,22,0,63,0,0,97,0,97,16,25,119,0,160,150,0,150,310
12/14/2003,YIP,MI,AGL,CE,Towers with Radar,2,6,18,0,26,0,0,5,0,5,2,6,23,0,31,14,0,14,45
12/15/2003,YIP,MI,AGL,CE,Towers with Radar,21,64,57,0,142,0,0,4,0,4,21,64,61,0,146,2,0,2,148
12/16/2003,YIP,MI,AGL,CE,Towers with Radar,13,72,81,0,166,0,0,14,0,14,13,72,95,0,180,18,0,18,198
12/17/2003,YIP,MI,AGL,CE,Towers with Radar,25,74,78,0,177,0,0,11,0,11,25,74,89,0,188,22,0,22,210
12/18/2003,YIP,MI,AGL,CE,Towers with Radar,60,84,69,0,213,0,0,50,0,50,60,84,119,0,263,108,0,108,371
12/19/2003,YIP,MI,AGL,CE,Towers with Radar,41,89,61,0,191,0,0,27,0,27,41,89,88,0,218,18,0,18,236
12/20/2003,YIP,MI,AGL,CE,Towers with Radar,16,23,59,0,98,0,0,103,0,103,16,23,162,0,201,222,0,222,423
12/21/2003,YIP,MI,AGL,CE,Towers with Radar,11,14,20,0,45,0,0,68,0,68,11,14,88,0,113,138,0,138,251
12/22/2003,YIP,MI,AGL,CE,Towers with Radar,17,56,46,0,119,0,0,103,0,103,17,56,149,0,222,196,0,196,418
12/23/2003,YIP,MI,AGL,CE,Towers with Radar,29,55,49,0,133,0,0,4,0,4,29,55,53,0,137,0,0,0,137
12/24/2003,YIP,MI,AGL,CE,Towers with Radar,42,34,15,0,91,0,0,10,0,10,42,34,25,0,101,6,0,6,107
12/25/2003,YIP,MI,AGL,CE,Towers with Radar,0,5,0,0,5,0,0,2,0,2,0,5,2,0,7,0,0,0,7
12/26/2003,YIP,MI,AGL,CE,Towers with Radar,4,16,39,0,59,0,0,102,0,102,4,16,141,0,161,186,0,186,347
12/27/2003,YIP,MI,AGL,CE,Towers with Radar,1,10,53,0,64,0,0,124,0,124,1,10,177,0,188,128,0,128,316
12/28/2003,YIP,MI,AGL,CE,Towers with Radar,3,5,29,0,37,0,0,64,0,64,3,5,93,0,101,110,0,110,211
12/29/2003,YIP,MI,AGL,CE,Towers with Radar,2,21,19,0,42,0,0,10,0,10,2,21,29,0,52,0,0,0,52
12/30/2003,YIP,MI,AGL,CE,Towers with Radar,3,16,32,0,51,0,0,36,0,36,3,16,68,0,87,56,0,56,143
12/31/2003,YIP,MI,AGL,CE,Towers with Radar,2,31,42,0,75,0,0,60,0,60,2,31,102,0,135,108,0,108,243
01/01/2004,YIP,MI,AGL,CE,Towers with Radar,2,6,32,0,40,0,0,76,0,76,2,6,108,0,116,52,0,52,168
01/02/2004,YIP,MI,AGL,CE,Towers with Radar,1,24,23,0,48,0,0,5,0,5,1,24,28,0,53,8,0,8,61
01/03/2004,YIP,MI,AGL,CE,Towers with Radar,0,10,52,0,62,0,0,86,0,86,0,10,138,0,148,122,0,122,270
01/04/2004,YIP,MI,AGL,CE,Towers with Radar,1,16,27,0,44,0,0,12,0,12,1,16,39,0,56,48,0,48,104
01/05/2004,YIP,MI,AGL,CE,Towers with Radar,10,62,24,0,96,0,0,22,0,22,10,62,46,0,118,48,0,48,166
01/06/2004,YIP,MI,AGL,CE,Towers with Radar,10,70,49,0,129,0,0,18,0,18,10,70,67,0,147,0,0,0,147
01/07/2004,YIP,MI,AGL,CE,Towers with Radar,12,78,55,0,145,0,0,37,0,37,12,78,92,0,182,50,0,50,232
01/08/2004,YIP,MI,AGL,CE,Towers with Radar,23,61,59,0,143,0,0,57,0,57,23,61,116,0,200,94,0,94,294
01/09/2004,YIP,MI,AGL,CE,Towers with Radar,18,50,77,0,145,0,0,71,0,71,18,50,148,0,216,78,0,78,294
01/10/2004,YIP,MI,AGL,CE,Towers with Radar,3,18,38,0,59,0,0,91,0,91,3,18,129,0,150,140,0,140,290
01/11/2004,YIP,MI,AGL,CE,Towers with Radar,1,6,56,0,63,0,0,60,0,60,1,6,116,0,123,64,0,64,187
01/12/2004,YIP,MI,AGL,CE,Towers with Radar,4,47,42,0,93,0,0,21,0,21,4,47,63,0,114,40,0,40,154
01/13/2004,YIP,MI,AGL,CE,Towers with Radar,15,74,55,0,144,0,0,34,0,34,15,74,89,0,178,60,0,60,238
01/14/2004,YIP,MI,AGL,CE,Towers with Radar,15,71,59,0,145,0,0,11,0,11,15,71,70,0,156,0,0,0,156
01/15/2004,YIP,MI,AGL,CE,Towers with Radar,29,78,83,0,190,0,0,43,0,43,29,78,126,0,233,76,0,76,309
01/16/2004,YIP,MI,AGL,CE,Towers with Radar,11,58,53,0,122,0,0,84,0,84,11,58,137,0,206,162,0,162,368
01/17/2004,YIP,MI,AGL,CE,Towers with Radar,1,10,2,0,13,0,0,5,0,5,1,10,7,0,18,0,0,0,18
01/18/2004,YIP,MI,AGL,CE,Towers with Radar,0,12,23,0,35,0,0,59,0,59,0,12,82,0,94,120,0,120,214
01/19/2004,YIP,MI,AGL,CE,Towers with Radar,1,26,58,0,85,0,0,35,0,35,1,26,93,0,120,114,0,114,234
01/20/2004,YIP,MI,AGL,CE,Towers with Radar,13,44,77,0,134,0,0,95,0,95,13,44,172,0,229,150,0,150,379
01/21/2004,YIP,MI,AGL,CE,Towers with Radar,10,60,60,0,130,0,0,51,0,51,10,60,111,0,181,136,0,136,317
01/22/2004,YIP,MI,AGL,CE,Towers with Radar,10,50,40,0,100,0,0,27,0,27,10,50,67,0,127,34,0,34,161
01/23/2004,YIP,MI,AGL,CE,Towers with Radar,18,70,61,0,149,0,0,15,0,15,18,70,76,0,164,34,0,34,198
01/24/2004,YIP,MI,AGL,CE,Towers with Radar,5,17,26,0,48,0,0,77,0,77,5,17,103,0,125,138,0,138,263
01/25/2004,YIP,MI,AGL,CE,Towers with Radar,0,41,51,0,92,0,0,64,0,64,0,41,115,0,156,180,0,180,336
01/26/2004,YIP,MI,AGL,CE,Towers with Radar,5,57,37,0,99,0,0,2,0,2,5,57,39,0,101,0,0,0,101
01/27/2004,YIP,MI,AGL,CE,Towers with Radar,17,56,43,0,116,0,0,0,0,0,17,56,43,0,116,0,0,0,116
01/28/2004,YIP,MI,AGL,CE,Towers with Radar,36,85,80,0,201,0,0,37,0,37,36,85,117,0,238,52,0,52,290
01/29/2004,YIP,MI,AGL,CE,Towers with Radar,30,83,65,0,178,0,0,50,0,50,30,83,115,0,228,90,0,90,318
01/30/2004,YIP,MI,AGL,CE,Towers with Radar,29,72,57,0,158,0,0,45,0,45,29,72,102,0,203,72,0,72,275
01/31/2004,YIP,MI,AGL,CE,Towers with Radar,8,32,45,0,85,0,0,40,0,40,8,32,85,0,125,148,0,148,273
02/01/2004,YIP,MI,AGL,CE,Towers with Radar,1,16,22,0,39,0,0,118,0,118,1,16,140,0,157,144,0,144,301
02/02/2004,YIP,MI,AGL,CE,Towers with Radar,6,49,56,0,111,0,0,72,0,72,6,49,128,0,183,190,0,190,373
02/03/2004,YIP,MI,AGL,CE,Towers with Radar,8,48,45,0,101,0,0,10,0,10,8,48,55,0,111,8,0,8,119
02/04/2004,YIP,MI,AGL,CE,Towers with Radar,11,88,62,2,163,0,0,111,0,111,11,88,173,2,274,214,0,214,488
02/05/2004,YIP,MI,AGL,CE,Towers with Radar,12,69,64,0,145,0,0,32,0,32,12,69,96,0,177,94,0,94,271
02/06/2004,YIP,MI,AGL,CE,Towers with Radar,10,50,24,0,84,0,0,12,0,12,10,50,36,0,96,46,0,46,142
02/07/2004,YIP,MI,AGL,CE,Towers with Radar,0,11,18,0,29,0,0,35,0,35,0,11,53,0,64,56,0,56,120
02/08/2004,YIP,MI,AGL,CE,Towers with Radar,4,8,24,0,36,0,0,101,0,101,4,8,125,0,137,106,0,106,243
02/09/2004,YIP,MI,AGL,CE,Towers with Radar,4,38,45,0,87,0,0,26,0,26,4,38,71,0,113,46,0,46,159
02/10/2004,YIP,MI,AGL,CE,Towers with Radar,5,58,58,0,121,0,0,19,0,19,5,58,77,0,140,42,0,42,182
02/11/2004,YIP,MI,AGL,CE,Towers with Radar,11,54,62,0,127,0,0,82,0,82,11,54,144,0,209,186,0,186,395
02/12/2004,YIP,MI,AGL,CE,Towers with Radar,11,44,63,0,118,0,0,36,0,36,11,44,99,0,154,114,0,114,268
02/13/2004,YIP,MI,AGL,CE,Towers with Radar,6,43,66,0,115,0,0,53,0,53,6,43,119,0,168,46,0,46,214
02/14/2004,YIP,MI,AGL,CE,Towers with Radar,5,8,21,0,34,0,0,60,0,60,5,8,81,0,94,172,0,172,266
02/15/2004,YIP,MI,AGL,CE,Towers with Radar,4,16,24,0,44,0,0,65,0,65,4,16,89,0,109,130,0,130,239
02/16/2004,YIP,MI,AGL,CE,Towers with Radar,2,47,85,0,134,0,0,61,0,61,2,47,146,0,195,78,0,78,273
02/17/2004,YIP,MI,AGL,CE,Towers with Radar,9,59,73,0,141,0,0,62,0,62,9,59,135,0,203,160,0,160,363
02/18/2004,YIP,MI,AGL,CE,Towers with Radar,7,67,68,0,142,0,0,39,0,39,7,67,107,0,181,92,0,92,273
02/19/2004,YIP,MI,AGL,CE,Towers with Radar,10,60,68,0,138,0,0,83,0,83,10,60,151,0,221,153,0,153,374
02/20/2004,YIP,MI,AGL,CE,Towers with Radar,13,56,67,0,136,0,0,25,0,25,13,56,92,0,161,42,0,42,203
02/21/2004,YIP,MI,AGL,CE,Towers with Radar,9,25,21,0,55,0,0,6,0,6,9,25,27,0,61,0,0,0,61
02/22/2004,YIP,MI,AGL,CE,Towers with Radar,6,11,65,0,82,0,0,204,0,204,6,11,269,0,286,214,0,214,500
02/23/2004,YIP,MI,AGL,CE,Towers with Radar,5,51,58,0,114,0,0,41,0,41,5,51,99,0,155,110,0,110,265
02/24/2004,YIP,MI,AGL,CE,Towers with Radar,11,51,81,0,143,0,0,25,0,25,11,51,106,0,168,62,0,62,230
02/25/2004,YIP,MI,AGL,CE,Towers with Radar,12,60,67,0,139,0,0,70,0,70,12,60,137,0,209,150,0,150,359
02/26/2004,YIP,MI,AGL,CE,Towers with Radar,25,48,88,0,161,0,0,67,0,67,25,48,155,0,228,248,0,248,476
02/27/2004,YIP,MI,AGL,CE,Towers with Radar,28,58,55,0,141,0,0,137,0,137,28,58,192,0,278,140,0,140,418
02/28/2004,YIP,MI,AGL,CE,Towers with Radar,20,16,45,0,81,0,0,126,0,126,20,16,171,0,207,144,0,144,351
02/29/2004,YIP,MI,AGL,CE,Towers with Radar,2,20,53,0,75,0,0,112,0,112,2,20,165,0,187,260,0,260,447
03/01/2004,YIP,MI,AGL,CE,Towers with Radar,9,54,46,0,109,0,0,12,0,12,9,54,58,0,121,20,0,20,141
03/02/2004,YIP,MI,AGL,CE,Towers with Radar,11,63,61,0,135,0,0,45,0,45,11,63,106,0,180,112,0,112,292
03/03/2004,YIP,MI,AGL,CE,Towers with Radar,12,58,78,0,148,0,0,43,0,43,12,58,121,0,191,210,0,210,401
03/04/2004,YIP,MI,AGL,CE,Towers with Radar,17,68,57,0,142,0,0,16,0,16,17,68,73,0,158,104,0,104,262
03/05/2004,YIP,MI,AGL,CE,Towers with Radar,15,67,51,0,133,0,0,5,0,5,15,67,56,0,138,42,0,42,180
03/06/2004,YIP,MI,AGL,CE,Towers with Radar,5,20,28,0,53,0,0,34,0,34,5,20,62,0,87,114,0,114,201
03/07/2004,YIP,MI,AGL,CE,Towers with Radar,1,8,20,0,29,0,0,3,0,3,1,8,23,0,32,10,0,10,42
03/08/2004,YIP,MI,AGL,CE,Towers with Radar,5,52,52,0,109,0,0,33,0,33,5,52,85,0,142,196,0,196,338
03/09/2004,YIP,MI,AGL,CE,Towers with Radar,42,84,58,0,184,0,0,83,0,83,42,84,141,0,267,156,0,156,423
03/10/2004,YIP,MI,AGL,CE,Towers with Radar,22,67,79,0,168,0,0,164,0,164,22,67,243,0,332,320,0,320,652
03/11/2004,YIP,MI,AGL,CE,Towers with Radar,35,63,75,0,173,0,0,15,0,15,35,63,90,0,188,82,0,82,270
03/12/2004,YIP,MI,AGL,CE,Towers with Radar,37,69,55,0,161,0,0,30,0,30,37,69,85,0,191,80,0,80,271
03/13/2004,YIP,MI,AGL,CE,Towers with Radar,8,15,51,0,74,0,0,155,0,155,8,15,206,0,229,224,0,224,453
03/14/2004,YIP,MI,AGL,CE,Towers with Radar,3,13,19,0,35,0,0,2,0,2,3,13,21,0,37,2,0,2,39
03/15/2004,YIP,MI,AGL,CE,Towers with Radar,12,63,76,0,151,0,0,81,0,81,12,63,157,0,232,252,0,252,484
03/16/2004,YIP,MI,AGL,CE,Towers with Radar,8,66,59,0,133,0,0,5,0,5,8,66,64,0,138,0,0,0,138
03/17/2004,YIP,MI,AGL,CE,Towers with Radar,25,67,73,0,165,0,0,14,0,14,25,67,87,0,179,86,0,86,265
03/18/2004,YIP,MI,AGL,CE,Towers with Radar,40,47,77,0,164,0,0,9,0,9,40,47,86,0,173,38,0,38,211
03/19/2004,YIP,MI,AGL,CE,Towers with Radar,18,57,69,2,146,0,0,66,0,66,18,57,135,2,212,222,0,222,434
03/20/2004,YIP,MI,AGL,CE,Towers with Radar,9,20,20,0,49,0,0,25,0,25,9,20,45,0,74,50,0,50,124
03/21/2004,YIP,MI,AGL,CE,Towers with Radar,6,25,40,0,71,0,0,38,0,38,6,25,78,0,109,52,0,52,161
03/22/2004,YIP,MI,AGL,CE,Towers with Radar,17,65,70,0,152,0,0,114,0,114,17,65,184,0,266,174,0,174,440
03/23/2004,YIP,MI,AGL,CE,Towers with Radar,20,68,49,0,137,0,0,91,0,91,20,68,140,0,228,148,0,148,376
03/24/2004,YIP,MI,AGL,CE,Towers with Radar,19,53,79,0,151,0,0,13,0,13,19,53,92,0,164,34,0,34,198
03/25/2004,YIP,MI,AGL,CE,Towers with Radar,15,66,70,0,151,0,0,62,0,62,15,66,132,0,213,158,0,158,371
03/26/2004,YIP,MI,AGL,CE,Towers with Radar,12,56,75,0,143,0,0,20,0,20,12,56,95,0,163,44,0,44,207
03/27/2004,YIP,MI,AGL,CE,Towers with Radar,12,10,55,0,77,0,0,53,0,53,12,10,108,0,130,210,0,210,340
03/28/2004,YIP,MI,AGL,CE,Towers with Radar,3,4,35,0,42,0,0,38,0,38,3,4,73,0,80,50,0,50,130
03/29/2004,YIP,MI,AGL,CE,Towers with Radar,11,52,66,0,129,0,0,42,0,42,11,52,108,0,171,140,0,140,311
03/30/2004,YIP,MI,AGL,CE,Towers with Radar,14,55,63,0,132,0,0,23,0,23,14,55,86,0,155,36,0,36,191
03/31/2004,YIP,MI,AGL,CE,Towers with Radar,23,54,75,0,152,0,0,28,0,28,23,54,103,0,180,50,0,50,230
04/01/2004,YIP,MI,AGL,CE,Towers with Radar,18,47,76,0,141,0,0,29,0,29,18,47,105,0,170,22,0,22,192
04/02/2004,YIP,MI,AGL,CE,Towers with Radar,24,65,71,0,160,0,0,60,0,60,24,65,131,0,220,76,0,76,296
04/03/2004,YIP,MI,AGL,CE,Towers with Radar,17,21,56,0,94,0,0,168,0,168,17,21,224,0,262,180,0,180,442
04/04/2004,YIP,MI,AGL,CE,Towers with Radar,3,14,32,2,51,0,0,55,0,55,3,14,87,2,106,68,0,68,174
04/05/2004,YIP,MI,AGL,CE,Towers with Radar,8,62,63,0,133,0,0,125,0,125,8,62,188,0,258,182,0,182,440
04/06/2004,YIP,MI,AGL,CE,Towers with Radar,29,49,70,0,148,0,0,88,0,88,29,49,158,0,236,108,0,108,344
04/07/2004,YIP,MI,AGL,CE,Towers with Radar,36,54,67,0,157,0,0,84,0,84,36,54,151,0,241,188,0,188,429
04/08/2004,YIP,MI,AGL,CE,Towers with Radar,35,63,82,0,180,0,0,57,0,57,35,63,139,0,237,132,0,132,369
04/09/2004,YIP,MI,AGL,CE,Towers with Radar,3,31,55,0,89,0,0,120,0,120,3,31,175,0,209,166,0,166,375
04/10/2004,YIP,MI,AGL,CE,Towers with Radar,3,3,15,0,21,0,0,133,0,133,3,3,148,0,154,160,0,160,314
04/11/2004,YIP,MI,AGL,CE,Towers with Radar,0,3,24,0,27,0,0,55,0,55,0,3,79,0,82,108,0,108,190
04/12/2004,YIP,MI,AGL,CE,Towers with Radar,1,41,43,0,85,0,0,82,0,82,1,41,125,0,167,106,0,106,273
04/13/2004,YIP,MI,AGL,CE,Towers with Radar,10,66,56,0,132,0,0,17,0,17,10,66,73,0,149,78,0,78,227
04/14/2004,YIP,MI,AGL,CE,Towers with Radar,8,73,84,0,165,0,0,115,0,115,8,73,199,0,280,158,0,158,438
04/15/2004,YIP,MI,AGL,CE,Towers with Radar,17,48,69,0,134,0,0,109,0,109,17,48,178,0,243,144,0,144,387
04/16/2004,YIP,MI,AGL,CE,Towers with Radar,20,46,60,0,126,0,0,98,0,98,20,46,158,0,224,164,0,164,388
04/17/2004,YIP,MI,AGL,CE,Towers with Radar,10,22,41,0,73,0,0,71,0,71,10,22,112,0,144,118,0,118,262
04/18/2004,YIP,MI,AGL,CE,Towers with Radar,8,14,38,0,60,0,0,102,0,102,8,14,140,0,162,120,0,120,282
04/19/2004,YIP,MI,AGL,CE,Towers with Radar,19,65,45,0,129,0,0,18,0,18,19,65,63,0,147,10,0,10,157
04/20/2004,YIP,MI,AGL,CE,Towers with Radar,25,74,68,0,167,0,0,58,0,58,25,74,126,0,225,134,0,134,359
04/21/2004,YIP,MI,AGL,CE,Towers with Radar,25,65,54,0,144,0,0,36,0,36,25,65,90,0,180,20,0,20,200
04/22/2004,YIP,MI,AGL,CE,Towers with Radar,14,66,90,0,170,0,0,74,0,74,14,66,164,0,244,190,0,190,434
04/23/2004,YIP,MI,AGL,CE,Towers with Radar,13,71,61,0,145,0,0,119,0,119,13,71,180,0,264,146,0,146,410
04/24/2004,YIP,MI,AGL,CE,Towers with Radar,1,18,28,0,47,0,0,110,0,110,1,18,138,0,157,206,0,206,363
04/25/2004,YIP,MI,AGL,CE,Towers with Radar,4,12,24,0,40,0,0,10,0,10,4,12,34,0,50,20,0,20,70
04/26/2004,YIP,MI,AGL,CE,Towers with Radar,6,53,84,0,143,0,0,51,0,51,6,53,135,0,194,82,0,82,276
04/27/2004,YIP,MI,AGL,CE,Towers with Radar,13,51,81,0,145,0,0,55,0,55,13,51,136,0,200,64,0,64,264
04/28/2004,YIP,MI,AGL,CE,Towers with Radar,14,59,57,0,130,0,0,70,0,70,14,59,127,0,200,76,0,76,276
04/29/2004,YIP,MI,AGL,CE,Towers with Radar,16,76,71,0,163,0,0,64,0,64,16,76,135,0,227,82,0,82,309
04/30/2004,YIP,MI,AGL,CE,Towers with Radar,14,76,44,0,134,0,0,51,0,51,14,76,95,0,185,142,0,142,327
05/01/2004,YIP,MI,AGL,CE,Towers with Radar,5,42,20,0,67,0,0,15,0,15,5,42,35,0,82,28,0,28,110
05/02/2004,YIP,MI,AGL,CE,Towers with Radar,0,16,40,1,57,0,0,22,0,22,0,16,62,1,79,142,0,142,221
05/03/2004,YIP,MI,AGL,CE,Towers with Radar,5,50,40,0,95,0,0,92,0,92,5,50,132,0,187,90,0,90,277
05/04/2004,YIP,MI,AGL,CE,Towers with Radar,19,43,58,0,120,0,0,64,0,64,19,43,122,0,184,114,0,114,298
05/05/2004,YIP,MI,AGL,CE,Towers with Radar,26,46,79,0,151,0,0,110,0,110,26,46,189,0,261,284,0,284,545
05/06/2004,YIP,MI,AGL,CE,Towers with Radar,28,53,67,0,148,0,0,89,0,89,28,53,156,0,237,64,0,64,301
05/07/2004,YIP,MI,AGL,CE,Towers with Radar,36,80,69,0,185,0,0,107,0,107,36,80,176,0,292,120,0,120,412
05/08/2004,YIP,MI,AGL,CE,Towers with Radar,3,38,24,0,65,0,0,91,0,91,3,38,115,0,156,130,0,130,286
05/09/2004,YIP,MI,AGL,CE,Towers with Radar,0,9,46,0,55,0,0,53,0,53,0,9,99,0,108,122,0,122,230
05/10/2004,YIP,MI,AGL,CE,Towers with Radar,21,55,65,0,141,0,0,66,0,66,21,55,131,0,207,112,0,112,319
05/11/2004,YIP,MI,AGL,CE,Towers with Radar,27,77,86,0,190,0,0,78,0,78,27,77,164,0,268,150,0,150,418
05/12/2004,YIP,MI,AGL,CE,Towers with Radar,40,61,69,0,170,0,0,104,0,104,40,61,173,0,274,154,0,154,428
05/13/2004,YIP,MI,AGL,CE,Towers with Radar,42,87,92,0,221,0,0,45,0,45,42,87,137,0,266,74,0,74,340
05/14/2004,YIP,MI,AGL,CE,Towers with Radar,36,76,73,1,186,0,0,4,0,4,36,76,77,1,190,6,0,6,196
05/15/2004,YIP,MI,AGL,CE,Towers with Radar,16,31,36,1,84,0,0,95,0,95,16,31,131,1,179,216,0,216,395
05/16/2004,YIP,MI,AGL,CE,Towers with Radar,4,17,40,0,61,0,0,134,0,134,4,17,174,0,195,144,0,144,339
05/17/2004,YIP,MI,AGL,CE,Towers with Radar,27,57,72,1,157,0,0,78,0,78,27,57,150,1,235,76,0,76,311
05/18/2004,YIP,MI,AGL,CE,Towers with Radar,22,84,100,3,209,0,0,62,0,62,22,84,162,3,271,166,0,166,437
05/19/2004,YIP,MI,AGL,CE,Towers with Radar,30,69,109,0,208,0,0,160,0,160,30,69,269,0,368,212,0,212,580
05/20/2004,YIP,MI,AGL,CE,Towers with Radar,13,63,88,0,164,0,0,19,0,19,13,63,107,0,183,38,0,38,221
05/21/2004,YIP,MI,AGL,CE,Towers with Radar,28,46,56,0,130,0,0,43,0,43,28,46,99,0,173,108,0,108,281
05/22/2004,YIP,MI,AGL,CE,Towers with Radar,7,19,26,0,52,0,0,57,0,57,7,19,83,0,109,84,0,84,193
05/23/2004,YIP,MI,AGL,CE,Towers with Radar,4,8,21,0,33,0,0,19,0,19,4,8,40,0,52,78,0,78,130
05/24/2004,YIP,MI,AGL,CE,Towers with Radar,23,41,72,0,136,0,0,51,0,51,23,41,123,0,187,84,0,84,271
05/25/2004,YIP,MI,AGL,CE,Towers with Radar,15,87,83,0,185,0,0,6,0,6,15,87,89,0,191,22,0,22,213
05/26/2004,YIP,MI,AGL,CE,Towers with Radar,21,67,81,0,169,0,0,105,0,105,21,67,186,0,274,324,0,324,598
05/27/2004,YIP,MI,AGL,CE,Towers with Radar,23,71,94,0,188,0,0,82,0,82,23,71,176,0,270,214,0,214,484
05/28/2004,YIP,MI,AGL,CE,Towers with Radar,13,69,81,0,163,0,0,69,0,69,13,69,150,0,232,98,0,98,330
05/29/2004,YIP,MI,AGL,CE,Towers with Radar,5,11,57,0,73,0,0,190,1,191,5,11,247,1,264,260,0,260,524
05/30/2004,YIP,MI,AGL,CE,Towers with Radar,2,13,50,0,65,0,0,55,0,55,2,13,105,0,120,104,0,104,224
05/31/2004,YIP,MI,AGL,CE,Towers with Radar,9,16,24,0,49,0,0,46,0,46,9,16,70,0,95,68,0,68,163
06/01/2004,YIP,MI,AGL,CE,Towers with Radar,35,48,65,0,148,0,0,50,0,50,35,48,115,0,198,80,0,80,278
06/02/2004,YIP,MI,AGL,CE,Towers with Radar,17,62,77,0,156,0,0,52,0,52,17,62,129,0,208,136,0,136,344
06/03/2004,YIP,MI,AGL,CE,Towers with Radar,10,67,69,0,146,0,0,97,0,97,10,67,166,0,243,236,0,236,479
06/04/2004,YIP,MI,AGL,CE,Towers with Radar,17,59,70,0,146,0,0,129,0,129,17,59,199,0,275,254,0,254,529
06/05/2004,YIP,MI,AGL,CE,Towers with Radar,9,11,32,0,52,0,0,152,0,152,9,11,184,0,204,178,0,178,382
06/06/2004,YIP,MI,AGL,CE,Towers with Radar,5,14,39,0,58,0,0,88,0,88,5,14,127,0,146,100,0,100,246
06/07/2004,YIP,MI,AGL,CE,Towers with Radar,11,52,53,0,116,0,0,88,0,88,11,52,141,0,204,108,0,108,312
06/08/2004,YIP,MI,AGL,CE,Towers with Radar,32,60,111,0,203,0,0,75,0,75,32,60,186,0,278,134,0,134,412
06/09/2004,YIP,MI,AGL,CE,Towers with Radar,18,75,61,0,154,0,0,44,0,44,18,75,105,0,198,74,0,74,272
06/10/2004,YIP,MI,AGL,CE,Towers with Radar,17,63,69,0,149,0,0,6,0,6,17,63,75,0,155,2,0,2,157
06/11/2004,YIP,MI,AGL,CE,Towers with Radar,13,62,68,0,143,0,0,50,0,50,13,62,118,0,193,40,0,40,233
06/12/2004,YIP,MI,AGL,CE,Towers with Radar,16,24,46,0,86,0,0,132,0,132,16,24,178,0,218,120,0,120,338
06/13/2004,YIP,MI,AGL,CE,Towers with Radar,5,13,47,0,65,0,0,22,0,22,5,13,69,0,87,68,0,68,155
06/14/2004,YIP,MI,AGL,CE,Towers with Radar,16,68,56,0,140,0,0,75,0,75,16,68,131,0,215,104,0,104,319
06/15/2004,YIP,MI,AGL,CE,Towers with Radar,27,71,92,0,190,0,0,116,0,116,27,71,208,0,306,176,0,176,482
06/16/2004,YIP,MI,AGL,CE,Towers with Radar,16,75,75,0,166,0,0,44,0,44,16,75,119,0,210,52,0,52,262
06/17/2004,YIP,MI,AGL,CE,Towers with Radar,24,83,81,0,188,0,0,41,0,41,24,83,122,0,229,52,0,52,281
06/18/2004,YIP,MI,AGL,CE,Towers with Radar,21,52,80,0,153,0,0,151,2,153,21,52,231,2,306,124,0,124,430
06/19/2004,YIP,MI,AGL,CE,Towers with Radar,10,22,46,0,78,0,0,270,0,270,10,22,316,0,348,88,0,88,436
06/20/2004,YIP,MI,AGL,CE,Towers with Radar,13,8,45,0,66,0,0,263,0,263,13,8,308,0,329,88,0,88,417
06/21/2004,YIP,MI,AGL,CE,Towers with Radar,5,48,79,0,132,0,0,68,0,68,5,48,147,0,200,84,0,84,284
06/22/2004,YIP,MI,AGL,CE,Towers with Radar,33,76,70,0,179,0,0,89,0,89,33,76,159,0,268,126,0,126,394
06/23/2004,YIP,MI,AGL,CE,Towers with Radar,33,88,93,0,214,0,0,146,0,146,33,88,239,0,360,194,0,194,554
06/24/2004,YIP,MI,AGL,CE,Towers with Radar,25,88,82,0,195,0,0,122,0,122,25,88,204,0,317,116,0,116,433
06/25/2004,YIP,MI,AGL,CE,Towers with Radar,33,94,70,0,197,0,0,123,0,123,33,94,193,0,320,204,0,204,524
06/26/2004,YIP,MI,AGL,CE,Towers with Radar,19,31,43,0,93,0,0,91,0,91,19,31,134,0,184,92,0,92,276
06/27/2004,YIP,MI,AGL,CE,Towers with Radar,3,12,37,0,52,0,0,157,0,157,3,12,194,0,209,134,0,134,343
06/28/2004,YIP,MI,AGL,CE,Towers with Radar,11,49,100,0,160,0,0,70,0,70,11,49,170,0,230,120,0,120,350
06/29/2004,YIP,MI,AGL,CE,Towers with Radar,18,66,70,0,154,0,0,101,0,101,18,66,171,0,255,122,0,122,377
06/30/2004,YIP,MI,AGL,CE,Towers with Radar,27,70,85,0,182,0,0,114,0,114,27,70,199,0,296,154,0,154,450
07/01/2004,YIP,MI,AGL,CE,Towers with Radar,34,78,78,0,190,0,0,117,0,117,34,78,195,0,307,188,0,188,495
07/02/2004,YIP,MI,AGL,CE,Towers with Radar,21,61,58,0,140,0,0,114,0,114,21,61,172,0,254,104,0,104,358
07/03/2004,YIP,MI,AGL,CE,Towers with Radar,9,10,25,0,44,0,0,85,0,85,9,10,110,0,129,62,0,62,191
07/04/2004,YIP,MI,AGL,CE,Towers with Radar,0,13,12,0,25,0,0,10,0,10,0,13,22,0,35,4,0,4,39
07/05/2004,YIP,MI,AGL,CE,Towers with Radar,5,10,34,0,49,0,0,69,0,69,5,10,103,0,118,76,0,76,194
07/06/2004,YIP,MI,AGL,CE,Towers with Radar,3,43,77,0,123,0,0,64,0,64,3,43,141,0,187,86,0,86,273
07/07/2004,YIP,MI,AGL,CE,Towers with Radar,15,59,69,0,143,0,0,48,0,48,15,59,117,0,191,44,0,44,235
07/08/2004,YIP,MI,AGL,CE,Towers with Radar,17,58,69,1,145,0,0,61,0,61,17,58,130,1,206,88,0,88,294
07/09/2004,YIP,MI,AGL,CE,Towers with Radar,3,51,62,0,116,0,0,118,0,118,3,51,180,0,234,288,0,288,522
07/10/2004,YIP,MI,AGL,CE,Towers with Radar,11,16,29,0,56,0,0,93,0,93,11,16,122,0,149,142,0,142,291
07/11/2004,YIP,MI,AGL,CE,Towers with Radar,3,15,67,0,85,0,0,223,0,223,3,15,290,0,308,192,0,192,500
07/12/2004,YIP,MI,AGL,CE,Towers with Radar,0,52,70,0,122,0,0,19,0,19,0,52,89,0,141,56,0,56,197
07/13/2004,YIP,MI,AGL,CE,Towers with Radar,5,48,81,0,134,0,0,61,0,61,5,48,142,0,195,78,0,78,273
07/14/2004,YIP,MI,AGL,CE,Towers with Radar,3,47,104,0,154,0,0,57,0,57,3,47,161,0,211,138,0,138,349
07/15/2004,YIP,MI,AGL,CE,Towers with Radar,5,38,92,0,135,0,1,100,0,101,5,39,192,0,236,68,0,68,304
07/16/2004,YIP,MI,AGL,CE,Towers with Radar,2,42,53,0,97,0,0,77,0,77,2,42,130,0,174,166,0,166,340
07/17/2004,YIP,MI,AGL,CE,Towers with Radar,0,16,23,0,39,0,0,52,0,52,0,16,75,0,91,150,0,150,241
07/18/2004,YIP,MI,AGL,CE,Towers with Radar,1,8,71,0,80,0,0,60,0,60,1,8,131,0,140,66,0,66,206
07/19/2004,YIP,MI,AGL,CE,Towers with Radar,5,52,83,0,140,0,0,101,0,101,5,52,184,0,241,139,0,139,380
07/20/2004,YIP,MI,AGL,CE,Towers with Radar,16,62,72,0,150,0,0,49,0,49,16,62,121,0,199,118,0,118,317
07/21/2004,YIP,MI,AGL,CE,Towers with Radar,9,57,78,0,144,0,0,72,0,72,9,57,150,0,216,100,0,100,316
07/22/2004,YIP,MI,AGL,CE,Towers with Radar,19,67,75,0,161,0,0,55,0,55,19,67,130,0,216,68,0,68,284
07/23/2004,YIP,MI,AGL,CE,Towers with Radar,11,59,67,0,137,0,0,95,0,95,11,59,162,0,232,128,0,128,360
07/24/2004,YIP,MI,AGL,CE,Towers with Radar,5,22,31,0,58,0,0,123,0,123,5,22,154,0,181,142,0,142,323
07/25/2004,YIP,MI,AGL,CE,Towers with Radar,1,8,40,0,49,0,0,133,0,133,1,8,173,0,182,164,0,164,346
07/26/2004,YIP,MI,AGL,CE,Towers with Radar,7,51,45,0,103,0,0,78,0,78,7,51,123,0,181,108,0,108,289
07/27/2004,YIP,MI,AGL,CE,Towers with Radar,20,72,83,0,175,0,0,8,0,8,20,72,91,0,183,6,0,6,189
07/28/2004,YIP,MI,AGL,CE,Towers with Radar,22,44,69,0,135,0,0,112,0,112,22,44,181,0,247,106,0,106,353
07/29/2004,YIP,MI,AGL,CE,Towers with Radar,20,44,84,0,148,0,0,112,0,112,20,44,196,0,260,150,0,150,410
07/30/2004,YIP,MI,AGL,CE,Towers with Radar,12,84,47,0,143,0,0,27,0,27,12,84,74,0,170,56,0,56,226
07/31/2004,YIP,MI,AGL,CE,Towers with Radar,7,17,57,0,81,0,0,38,0,38,7,17,95,0,119,82,0,82,201
08/01/2004,YIP,MI,AGL,CE,Towers with Radar,2,13,18,0,33,0,0,120,0,120,2,13,138,0,153,84,0,84,237
08/02/2004,YIP,MI,AGL,CE,Towers with Radar,15,55,57,0,127,0,0,81,0,81,15,55,138,0,208,46,0,46,254
08/03/2004,YIP,MI,AGL,CE,Towers with Radar,17,64,64,0,145,0,0,99,0,99,17,64,163,0,244,200,0,200,444
08/04/2004,YIP,MI,AGL,CE,Towers with Radar,24,57,70,0,151,0,0,42,0,42,24,57,112,0,193,46,0,46,239
08/05/2004,YIP,MI,AGL,CE,Towers with Radar,26,83,96,0,205,0,0,132,0,132,26,83,228,0,337,142,0,142,479
08/06/2004,YIP,MI,AGL,CE,Towers with Radar,24,62,80,0,166,0,0,211,7,218,24,62,291,7,384,177,0,177,561
08/07/2004,YIP,MI,AGL,CE,Towers with Radar,8,20,23,1,52,0,0,256,0,256,8,20,279,1,308,408,0,408,716
08/08/2004,YIP,MI,AGL,CE,Towers with Radar,6,18,43,4,71,0,0,281,0,281,6,18,324,4,352,554,0,554,906
08/09/2004,YIP,MI,AGL,CE,Towers with Radar,15,51,77,3,146,0,0,92,0,92,15,51,169,3,238,130,0,130,368
08/10/2004,YIP,MI,AGL,CE,Towers with Radar,23,93,102,0,218,0,0,75,2,77,23,93,177,2,295,48,0,48,343
08/11/2004,YIP,MI,AGL,CE,Towers with Radar,27,86,114,0,227,0,0,56,0,56,27,86,170,0,283,122,0,122,405
08/12/2004,YIP,MI,AGL,CE,Towers with Radar,33,114,88,0,235,0,0,89,0,89,33,114,177,0,324,166,0,166,490
08/13/2004,YIP,MI,AGL,CE,Towers with Radar,30,79,58,0,167,0,0,83,0,83,30,79,141,0,250,62,0,62,312
08/14/2004,YIP,MI,AGL,CE,Towers with Radar,8,24,40,0,72,0,0,118,0,118,8,24,158,0,190,134,0,134,324
08/15/2004,YIP,MI,AGL,CE,Towers with Radar,3,20,38,0,61,0,0,95,0,95,3,20,133,0,156,44,0,44,200
08/16/2004,YIP,MI,AGL,CE,Towers with Radar,17,60,92,0,169,0,0,106,0,106,17,60,198,0,275,154,0,154,429
08/17/2004,YIP,MI,AGL,CE,Towers with Radar,22,85,68,0,175,0,0,69,0,69,22,85,137,0,244,86,0,86,330
08/18/2004,YIP,MI,AGL,CE,Towers with Radar,18,88,113,0,219,0,0,42,0,42,18,88,155,0,261,138,0,138,399
08/19/2004,YIP,MI,AGL,CE,Towers with Radar,26,100,83,0,209,0,0,89,0,89,26,100,172,0,298,268,0,268,566
08/20/2004,YIP,MI,AGL,CE,Towers with Radar,21,66,78,0,165,0,0,67,0,67,21,66,145,0,232,48,0,48,280
08/21/2004,YIP,MI,AGL,CE,Towers with Radar,8,15,41,0,64,0,0,110,0,110,8,15,151,0,174,146,0,146,320
08/22/2004,YIP,MI,AGL,CE,Towers with Radar,6,17,49,0,72,0,0,228,0,228,6,17,277,0,300,148,0,148,448
08/23/2004,YIP,MI,AGL,CE,Towers with Radar,12,51,67,0,130,0,0,66,0,66,12,51,133,0,196,86,0,86,282
08/24/2004,YIP,MI,AGL,CE,Towers with Radar,18,65,94,0,177,0,0,57,0,57,18,65,151,0,234,106,0,106,340
08/25/2004,YIP,MI,AGL,CE,Towers with Radar,22,67,80,0,169,0,0,77,0,77,22,67,157,0,246,142,0,142,388
08/26/2004,YIP,MI,AGL,CE,Towers with Radar,27,104,81,0,212,0,0,55,0,55,27,104,136,0,267,106,0,106,373
08/27/2004,YIP,MI,AGL,CE,Towers with Radar,28,77,71,0,176,0,0,24,0,24,28,77,95,0,200,88,0,88,288
08/28/2004,YIP,MI,AGL,CE,Towers with Radar,14,29,30,0,73,0,0,7,0,7,14,29,37,0,80,20,0,20,100
08/29/2004,YIP,MI,AGL,CE,Towers with Radar,1,24,55,0,80,0,0,15,0,15,1,24,70,0,95,64,0,64,159
08/30/2004,YIP,MI,AGL,CE,Towers with Radar,24,78,65,0,167,0,0,73,0,73,24,78,138,0,240,60,0,60,300
08/31/2004,YIP,MI,AGL,CE,Towers with Radar,32,98,68,0,198,0,0,118,0,118,32,98,186,0,316,166,0,166,482
09/01/2004,YIP,MI,AGL,CE,Towers with Radar,49,98,82,0,229,0,0,117,0,117,49,98,199,0,346,184,0,184,530
09/02/2004,YIP,MI,AGL,CE,Towers with Radar,43,106,94,0,243,0,0,111,0,111,43,106,205,0,354,120,0,120,474
09/03/2004,YIP,MI,AGL,CE,Towers with Radar,42,96,65,0,203,0,0,77,0,77,42,96,142,0,280,160,0,160,440
09/04/2004,YIP,MI,AGL,CE,Towers with Radar,9,23,31,0,63,0,0,22,0,22,9,23,53,0,85,58,0,58,143
09/05/2004,YIP,MI,AGL,CE,Towers with Radar,0,13,34,0,47,0,0,49,0,49,0,13,83,0,96,138,0,138,234
09/06/2004,YIP,MI,AGL,CE,Towers with Radar,0,22,59,0,81,0,0,87,0,87,0,22,146,0,168,60,0,60,228
09/07/2004,YIP,MI,AGL,CE,Towers with Radar,25,63,84,0,172,0,0,71,0,71,25,63,155,0,243,118,0,118,361
09/08/2004,YIP,MI,AGL,CE,Towers with Radar,28,83,105,0,216,0,0,68,0,68,28,83,173,0,284,124,0,124,408
09/09/2004,YIP,MI,AGL,CE,Towers with Radar,38,91,104,0,233,0,0,78,0,78,38,91,182,0,311,90,0,90,401
09/10/2004,YIP,MI,AGL,CE,Towers with Radar,42,94,83,0,219,0,0,116,0,116,42,94,199,0,335,40,0,40,375
09/11/2004,YIP,MI,AGL,CE,Towers with Radar,15,29,57,0,101,0,0,162,0,162,15,29,219,0,263,232,0,232,495
09/12/2004,YIP,MI,AGL,CE,Towers with Radar,2,15,34,0,51,0,0,116,0,116,2,15,150,0,167,114,0,114,281
09/13/2004,YIP,MI,AGL,CE,Towers with Radar,38,63,57,0,158,0,0,68,0,68,38,63,125,0,226,114,0,114,340
09/14/2004,YIP,MI,AGL,CE,Towers with Radar,22,94,74,0,190,0,0,82,0,82,22,94,156,0,272,82,0,82,354
09/15/2004,YIP,MI,AGL,CE,Towers with Radar,20,109,81,0,210,0,0,81,0,81,20,109,162,0,291,80,0,80,371
09/16/2004,YIP,MI,AGL,CE,Towers with Radar,32,99,87,0,218,0,0,78,0,78,32,99,165,0,296,56,0,56,352
09/17/2004,YIP,MI,AGL,CE,Towers with Radar,15,76,79,0,170,0,0,108,0,108,15,76,187,0,278,148,0,148,426
09/18/2004,YIP,MI,AGL,CE,Towers with Radar,7,35,22,0,64,0,0,129,0,129,7,35,151,0,193,116,0,116,309
09/19/2004,YIP,MI,AGL,CE,Towers with Radar,6,22,54,0,82,0,0,125,0,125,6,22,179,0,207,160,0,160,367
09/20/2004,YIP,MI,AGL,CE,Towers with Radar,27,87,90,0,204,0,0,82,0,82,27,87,172,0,286,106,0,106,392
09/21/2004,YIP,MI,AGL,CE,Towers with Radar,35,124,75,0,234,0,0,121,0,121,35,124,196,0,355,156,0,156,511
09/22/2004,YIP,MI,AGL,CE,Towers with Radar,36,99,95,0,230,0,0,127,0,127,36,99,222,0,357,148,0,148,505
09/23/2004,YIP,MI,AGL,CE,Towers with Radar,44,129,88,0,261,0,0,99,0,99,44,129,187,0,360,100,0,100,460
09/24/2004,YIP,MI,AGL,CE,Towers with Radar,42,102,77,0,221,0,0,78,0,78,42,102,155,0,299,192,0,192,491
09/25/2004,YIP,MI,AGL,CE,Towers with Radar,12,32,38,0,82,0,0,97,0,97,12,32,135,0,179,154,0,154,333
09/26/2004,YIP,MI,AGL,CE,Towers with Radar,29,29,53,0,111,0,0,102,0,102,29,29,155,0,213,186,0,186,399
09/27/2004,YIP,MI,AGL,CE,Towers with Radar,16,75,77,0,168,0,0,92,0,92,16,75,169,0,260,162,0,162,422
09/28/2004,YIP,MI,AGL,CE,Towers with Radar,24,75,87,0,186,0,0,44,0,44,24,75,131,0,230,48,0,48,278
09/29/2004,YIP,MI,AGL,CE,Towers with Radar,21,81,77,0,179,0,0,102,0,102,21,81,179,0,281,226,0,226,507
09/30/2004,YIP,MI,AGL,CE,Towers with Radar,26,88,96,0,210,0,0,135,0,135,26,88,231,0,345,160,0,160,505
10/01/2004,YIP,MI,AGL,CE,Towers with Radar,30,74,71,0,175,0,0,88,0,88,30,74,159,0,263,68,0,68,331
10/02/2004,YIP,MI,AGL,CE,Towers with Radar,7,27,38,0,72,0,0,59,0,59,7,27,97,0,131,42,0,42,173
10/03/2004,YIP,MI,AGL,CE,Towers with Radar,4,13,45,0,62,0,0,130,0,130,4,13,175,0,192,160,0,160,352
10/04/2004,YIP,MI,AGL,CE,Towers with Radar,17,62,119,0,198,0,0,0,0,0,17,62,119,0,198,58,0,58,256
10/05/2004,YIP,MI,AGL,CE,Towers with Radar,37,103,63,0,203,0,0,110,0,110,37,103,173,0,313,104,0,104,417
10/06/2004,YIP,MI,AGL,CE,Towers with Radar,44,88,80,0,212,0,0,93,0,93,44,88,173,0,305,98,0,98,403
10/07/2004,YIP,MI,AGL,CE,Towers with Radar,69,114,91,0,274,0,0,117,0,117,69,114,208,0,391,94,0,94,485
10/08/2004,YIP,MI,AGL,CE,Towers with Radar,41,96,86,0,223,0,0,53,1,54,41,96,139,1,277,68,2,70,347
10/09/2004,YIP,MI,AGL,CE,Towers with Radar,3,23,49,0,75,0,0,101,0,101,3,23,150,0,176,54,0,54,230
10/10/2004,YIP,MI,AGL,CE,Towers with Radar,5,33,34,0,72,0,0,178,0,178,5,33,212,0,250,202,0,202,452
10/11/2004,YIP,MI,AGL,CE,Towers with Radar,13,56,66,2,137,0,0,88,0,88,13,56,154,2,225,150,0,150,375
10/12/2004,YIP,MI,AGL,CE,Towers with Radar,25,81,92,1,199,0,0,61,0,61,25,81,153,1,260,118,0,118,378
10/13/2004,YIP,MI,AGL,CE,Towers with Radar,24,70,81,0,175,0,0,55,0,55,24,70,136,0,230,194,0,194,424
10/14/2004,YIP,MI,AGL,CE,Towers with Radar,23,89,82,0,194,0,0,43,0,43,23,89,125,0,237,70,0,70,307
10/15/2004,YIP,MI,AGL,CE,Towers with Radar,21,93,83,0,197,0,0,5,0,5,21,93,88,0,202,0,0,0,202
10/16/2004,YIP,MI,AGL,CE,Towers with Radar,16,29,14,0,59,0,0,19,0,19,16,29,33,0,78,8,0,8,86
10/17/2004,YIP,MI,AGL,CE,Towers with Radar,3,20,33,0,56,0,0,45,0,45,3,20,78,0,101,4,0,4,105
10/18/2004,YIP,MI,AGL,CE,Towers with Radar,11,48,64,0,123,0,0,56,0,56,11,48,120,0,179,116,0,116,295
10/19/2004,YIP,MI,AGL,CE,Towers with Radar,30,84,85,0,199,0,0,18,0,18,30,84,103,0,217,24,0,24,241
10/20/2004,YIP,MI,AGL,CE,Towers with Radar,31,87,65,0,183,0,0,21,0,21,31,87,86,0,204,74,0,74,278
10/21/2004,YIP,MI,AGL,CE,Towers with Radar,37,88,78,0,203,0,0,21,0,21,37,88,99,0,224,74,0,74,298
10/22/2004,YIP,MI,AGL,CE,Towers with Radar,22,69,73,0,164,0,0,55,0,55,22,69,128,0,219,252,6,258,477
10/23/2004,YIP,MI,AGL,CE,Towers with Radar,9,25,34,0,68,0,0,17,0,17,9,25,51,0,85,28,0,28,113
10/24/2004,YIP,MI,AGL,CE,Towers with Radar,3,24,31,0,58,0,0,50,0,50,3,24,81,0,108,130,0,130,238
10/25/2004,YIP,MI,AGL,CE,Towers with Radar,13,51,80,1,145,0,0,79,1,80,13,51,159,2,225,164,0,164,389
10/26/2004,YIP,MI,AGL,CE,Towers with Radar,26,65,82,0,173,0,0,31,0,31,26,65,113,0,204,150,0,150,354
10/27/2004,YIP,MI,AGL,CE,Towers with Radar,41,84,97,0,222,0,0,38,0,38,41,84,135,0,260,108,0,108,368
10/28/2004,YIP,MI,AGL,CE,Towers with Radar,29,107,128,0,264,0,0,71,0,71,29,107,199,0,335,168,0,168,503
10/29/2004,YIP,MI,AGL,CE,Towers with Radar,24,95,66,0,185,0,0,1,0,1,24,95,67,0,186,0,0,0,186
10/30/2004,YIP,MI,AGL,CE,Towers with Radar,14,24,21,0,59,0,0,16,0,16,14,24,37,0,75,14,0,14,89
10/31/2004,YIP,MI,AGL,CE,Towers with Radar,4,14,38,0,56,0,0,61,0,61,4,14,99,0,117,120,0,120,237
11/01/2004,YIP,MI,AGL,CE,Towers with Radar,12,59,50,0,121,0,0,75,0,75,12,59,125,0,196,80,0,80,276
11/02/2004,YIP,MI,AGL,CE,Towers with Radar,20,74,63,0,157,0,0,7,0,7,20,74,70,0,164,10,0,10,174
11/03/2004,YIP,MI,AGL,CE,Towers with Radar,24,60,83,0,167,0,0,101,0,101,24,60,184,0,268,320,0,320,588
11/04/2004,YIP,MI,AGL,CE,Towers with Radar,9,76,59,0,144,0,0,12,0,12,9,76,71,0,156,16,0,16,172
11/05/2004,YIP,MI,AGL,CE,Towers with Radar,30,59,56,0,145,0,0,82,0,82,30,59,138,0,227,102,0,102,329
11/06/2004,YIP,MI,AGL,CE,Towers with Radar,9,32,40,0,81,0,0,98,0,98,9,32,138,0,179,182,0,182,361
11/07/2004,YIP,MI,AGL,CE,Towers with Radar,3,18,43,0,64,0,0,52,0,52,3,18,95,0,116,68,0,68,184
11/08/2004,YIP,MI,AGL,CE,Towers with Radar,31,61,91,0,183,0,0,80,0,80,31,61,171,0,263,110,0,110,373
11/09/2004,YIP,MI,AGL,CE,Towers with Radar,23,84,80,0,187,0,0,102,0,102,23,84,182,0,289,220,0,220,509
11/10/2004,YIP,MI,AGL,CE,Towers with Radar,26,97,79,0,202,0,0,97,0,97,26,97,176,0,299,172,0,172,471
11/11/2004,YIP,MI,AGL,CE,Towers with Radar,34,69,94,0,197,0,0,68,0,68,34,69,162,0,265,94,0,94,359
11/12/2004,YIP,MI,AGL,CE,Towers with Radar,14,81,101,0,196,0,0,92,0,92,14,81,193,0,288,174,0,174,462
11/13/2004,YIP,MI,AGL,CE,Towers with Radar,7,29,35,0,71,0,0,126,0,126,7,29,161,0,197,204,0,204,401
11/14/2004,YIP,MI,AGL,CE,Towers with Radar,2,22,53,0,77,0,0,89,0,89,2,22,142,0,166,186,0,186,352
11/15/2004,YIP,MI,AGL,CE,Towers with Radar,6,62,73,0,141,0,0,60,0,60,6,62,133,0,201,174,0,174,375
11/16/2004,YIP,MI,AGL,CE,Towers with Radar,12,76,70,2,160,0,0,11,0,11,12,76,81,2,171,20,0,20,191
11/17/2004,YIP,MI,AGL,CE,Towers with Radar,17,83,71,0,171,0,0,0,0,0,17,83,71,0,171,14,0,14,185
11/18/2004,YIP,MI,AGL,CE,Towers with Radar,22,87,95,0,204,0,0,48,0,48,22,87,143,0,252,158,0,158,410
11/19/2004,YIP,MI,AGL,CE,Towers with Radar,27,61,102,0,190,0,0,1,0,1,27,61,103,0,191,18,0,18,209
11/20/2004,YIP,MI,AGL,CE,Towers with Radar,5,27,58,0,90,0,0,11,0,11,5,27,69,0,101,28,0,28,129
11/21/2004,YIP,MI,AGL,CE,Towers with Radar,9,13,38,0,60,0,0,86,0,86,9,13,124,0,146,286,0,286,432
11/22/2004,YIP,MI,AGL,CE,Towers with Radar,23,70,68,0,161,0,0,137,6,143,23,70,205,6,304,160,6,166,470
11/23/2004,YIP,MI,AGL,CE,Towers with Radar,19,73,77,0,169,0,0,10,0,10,19,73,87,0,179,22,0,22,201
11/24/2004,YIP,MI,AGL,CE,Towers with Radar,20,81,41,0,142,0,0,9,0,9,20,81,50,0,151,0,0,0,151
11/25/2004,YIP,MI,AGL,CE,Towers with Radar,13,34,12,0,59,0,0,17,0,17,13,34,29,0,76,4,0,4,80
11/26/2004,YIP,MI,AGL,CE,Towers with Radar,1,40,25,0,66,0,0,47,0,47,1,40,72,0,113,104,0,104,217
11/27/2004,YIP,MI,AGL,CE,Towers with Radar,0,9,20,0,29,0,0,0,0,0,0,9,20,0,29,20,0,20,49
11/28/2004,YIP,MI,AGL,CE,Towers with Radar,1,10,28,0,39,0,0,12,0,12,1,10,40,0,51,12,0,12,63
11/29/2004,YIP,MI,AGL,CE,Towers with Radar,11,87,50,0,148,0,0,33,0,33,11,87,83,0,181,104,0,104,285
11/30/2004,YIP,MI,AGL,CE,Towers with Radar,10,84,66,0,160,0,0,2,0,2,10,84,68,0,162,0,0,0,162
12/01/2004,YIP,MI,AGL,CE,Towers with Radar,20,91,75,0,186,0,0,98,0,98,20,91,173,0,284,124,0,124,408
12/02/2004,YIP,MI,AGL,CE,Towers with Radar,16,80,76,0,172,0,0,53,0,53,16,80,129,0,225,166,0,166,391
12/03/2004,YIP,MI,AGL,CE,Towers with Radar,11,94,78,0,183,0,0,104,0,104,11,94,182,0,287,184,0,184,471
12/04/2004,YIP,MI,AGL,CE,Towers with Radar,7,27,48,0,82,0,0,97,0,97,7,27,145,0,179,152,0,152,331
12/05/2004,YIP,MI,AGL,CE,Towers with Radar,3,12,58,0,73,0,0,99,0,99,3,12,157,0,172,186,0,186,358
12/06/2004,YIP,MI,AGL,CE,Towers with Radar,7,48,36,0,91,0,0,3,0,3,7,48,39,0,94,0,0,0,94
12/07/2004,YIP,MI,AGL,CE,Towers with Radar,14,97,51,0,162,0,0,0,0,0,14,97,51,0,162,2,0,2,164
12/08/2004,YIP,MI,AGL,CE,Towers with Radar,21,92,74,0,187,0,0,79,0,79,21,92,153,0,266,196,0,196,462
12/09/2004,YIP,MI,AGL,CE,Towers with Radar,26,91,68,0,185,0,0,72,0,72,26,91,140,0,257,232,0,232,489
12/10/2004,YIP,MI,AGL,CE,Towers with Radar,17,107,58,0,182,0,0,0,0,0,17,107,58,0,182,8,0,8,190
12/11/2004,YIP,MI,AGL,CE,Towers with Radar,7,38,16,0,61,0,0,9,0,9,7,38,25,0,70,36,0,36,106
12/12/2004,YIP,MI,AGL,CE,Towers with Radar,2,16,14,0,32,0,0,7,0,7,2,16,21,0,39,2,0,2,41
12/13/2004,YIP,MI,AGL,CE,Towers with Radar,3,71,44,0,118,0,0,8,0,8,3,71,52,0,126,0,0,0,126
12/14/2004,YIP,MI,AGL,CE,Towers with Radar,14,82,84,0,180,0,0,50,0,50,14,82,134,0,230,50,0,50,280
12/15/2004,YIP,MI,AGL,CE,Towers with Radar,30,85,60,0,175,0,0,103,0,103,30,85,163,0,278,146,0,146,424
12/16/2004,YIP,MI,AGL,CE,Towers with Radar,23,96,55,0,174,0,0,40,0,40,23,96,95,0,214,46,0,46,260
12/17/2004,YIP,MI,AGL,CE,Towers with Radar,21,119,55,0,195,0,0,97,0,97,21,119,152,0,292,144,0,144,436
12/18/2004,YIP,MI,AGL,CE,Towers with Radar,7,20,17,0,44,0,0,39,0,39,7,20,56,0,83,98,0,98,181
12/19/2004,YIP,MI,AGL,CE,Towers with Radar,2,19,18,0,39,0,0,12,0,12,2,19,30,0,51,16,0,16,67
12/20/2004,YIP,MI,AGL,CE,Towers with Radar,18,75,33,0,126,0,0,0,0,0,18,75,33,0,126,62,0,62,188
12/21/2004,YIP,MI,AGL,CE,Towers with Radar,32,105,74,0,211,0,0,68,0,68,32,105,142,0,279,94,0,94,373
12/22/2004,YIP,MI,AGL,CE,Towers with Radar,33,87,34,0,154,0,0,43,0,43,33,87,77,0,197,88,0,88,285
12/23/2004,YIP,MI,AGL,CE,Towers with Radar,35,69,20,0,124,0,0,12,0,12,35,69,32,0,136,2,0,2,138
12/24/2004,YIP,MI,AGL,CE,Towers with Radar,8,29,36,0,73,0,0,27,0,27,8,29,63,0,100,56,0,56,156
12/25/2004,YIP,MI,AGL,CE,Towers with Radar,0,13,5,0,18,0,0,25,0,25,0,13,30,0,43,26,0,26,69
12/26/2004,YIP,MI,AGL,CE,Towers with Radar,2,15,29,0,46,0,0,22,0,22,2,15,51,0,68,16,0,16,84
12/27/2004,YIP,MI,AGL,CE,Towers with Radar,2,18,30,0,50,0,0,55,0,55,2,18,85,0,105,96,0,96,201
12/28/2004,YIP,MI,AGL,CE,Towers with Radar,4,27,42,0,73,0,0,31,0,31,4,27,73,0,104,60,0,60,164
12/29/2004,YIP,MI,AGL,CE,Towers with Radar,4,33,31,0,68,0,0,24,0,24,4,33,55,0,92,22,0,22,114
12/30/2004,YIP,MI,AGL,CE,Towers with Radar,5,27,21,0,53,0,0,13,0,13,5,27,34,0,66,22,0,22,88
12/31/2004,YIP,MI,AGL,CE,Towers with Radar,2,20,29,0,51,0,0,0,0,0,2,20,29,0,51,18,0,18,69
01/01/2005,YIP,MI,AGL,CE,Towers with Radar,2,3,19,0,24,0,0,82,0,82,2,3,101,0,106,118,0,118,224
01/02/2005,YIP,MI,AGL,CE,Towers with Radar,0,8,47,0,55,0,0,0,0,0,0,8,47,0,55,0,0,0,55
01/03/2005,YIP,MI,AGL,CE,Towers with Radar,7,32,19,0,58,0,0,0,0,0,7,32,19,0,58,0,0,0,58
01/04/2005,YIP,MI,AGL,CE,Towers with Radar,11,77,43,0,131,0,0,4,0,4,11,77,47,0,135,6,0,6,141
01/05/2005,YIP,MI,AGL,CE,Towers with Radar,8,66,35,0,109,0,0,3,0,3,8,66,38,0,112,6,0,6,118
01/06/2005,YIP,MI,AGL,CE,Towers with Radar,11,75,35,0,121,0,0,2,0,2,11,75,37,0,123,8,0,8,131
01/07/2005,YIP,MI,AGL,CE,Towers with Radar,21,65,37,0,123,0,0,26,0,26,21,65,63,0,149,4,0,4,153
01/08/2005,YIP,MI,AGL,CE,Towers with Radar,5,14,20,0,39,0,0,12,0,12,5,14,32,0,51,32,0,32,83
01/09/2005,YIP,MI,AGL,CE,Towers with Radar,2,20,27,0,49,0,0,8,0,8,2,20,35,0,57,28,0,28,85
01/10/2005,YIP,MI,AGL,CE,Towers with Radar,7,44,79,0,130,0,0,43,0,43,7,44,122,0,173,116,0,116,289
01/11/2005,YIP,MI,AGL,CE,Towers with Radar,7,61,62,0,130,0,0,0,0,0,7,61,62,0,130,0,0,0,130
01/12/2005,YIP,MI,AGL,CE,Towers with Radar,12,62,60,0,134,0,0,1,0,1,12,62,61,0,135,0,0,0,135
01/13/2005,YIP,MI,AGL,CE,Towers with Radar,12,59,62,0,133,0,0,7,0,7,12,59,69,0,140,4,0,4,144
01/14/2005,YIP,MI,AGL,CE,Towers with Radar,12,45,64,0,121,0,0,56,0,56,12,45,120,0,177,146,0,146,323
01/15/2005,YIP,MI,AGL,CE,Towers with Radar,3,16,35,0,54,0,0,102,0,102,3,16,137,0,156,206,0,206,362
01/16/2005,YIP,MI,AGL,CE,Towers with Radar,4,6,24,0,34,0,0,14,0,14,4,6,38,0,48,56,0,56,104
01/17/2005,YIP,MI,AGL,CE,Towers with Radar,2,15,57,0,74,0,0,23,0,23,2,15,80,0,97,24,0,24,121
01/18/2005,YIP,MI,AGL,CE,Towers with Radar,7,64,103,0,174,0,0,50,0,50,7,64,153,0,224,102,0,102,326
01/19/2005,YIP,MI,AGL,CE,Towers with Radar,8,75,41,0,124,0,0,9,0,9,8,75,50,0,133,4,2,6,139
01/20/2005,YIP,MI,AGL,CE,Towers with Radar,21,71,73,0,165,0,0,54,0,54,21,71,127,0,219,168,0,168,387
01/21/2005,YIP,MI,AGL,CE,Towers with Radar,20,68,58,0,146,0,0,69,0,69,20,68,127,0,215,145,0,145,360
01/22/2005,YIP,MI,AGL,CE,Towers with Radar,1,17,7,0,25,0,0,1,0,1,1,17,8,0,26,0,0,0,26
01/23/2005,YIP,MI,AGL,CE,Towers with Radar,4,17,54,0,75,0,0,44,0,44,4,17,98,0,119,86,0,86,205
01/24/2005,YIP,MI,AGL,CE,Towers with Radar,7,66,42,0,115,0,0,27,0,27,7,66,69,0,142,104,0,104,246
01/25/2005,YIP,MI,AGL,CE,Towers with Radar,18,59,49,0,126,0,0,26,0,26,18,59,75,0,152,44,0,44,196
01/26/2005,YIP,MI,AGL,CE,Towers with Radar,19,60,61,0,140,0,0,32,0,32,19,60,93,0,172,48,0,48,220
01/27/2005,YIP,MI,AGL,CE,Towers with Radar,14,75,75,0,164,0,0,84,0,84,14,75,159,0,248,98,0,98,346
01/28/2005,YIP,MI,AGL,CE,Towers with Radar,15,79,62,0,156,0,0,96,0,96,15,79,158,0,252,192,0,192,444
01/29/2005,YIP,MI,AGL,CE,Towers with Radar,1,22,42,0,65,0,0,76,0,76,1,22,118,0,141,168,0,168,309
01/30/2005,YIP,MI,AGL,CE,Towers with Radar,2,34,61,0,97,0,0,79,0,79,2,34,140,0,176,220,0,220,396
01/31/2005,YIP,MI,AGL,CE,Towers with Radar,6,63,59,0,128,0,0,33,0,33,6,63,92,0,161,124,0,124,285
02/01/2005,YIP,MI,AGL,CE,Towers with Radar,10,39,53,0,102,0,0,26,0,26,10,39,79,0,128,24,0,24,152
02/02/2005,YIP,MI,AGL,CE,Towers with Radar,10,63,67,0,140,0,0,21,0,21,10,63,88,0,161,12,0,12,173
02/03/2005,YIP,MI,AGL,CE,Towers with Radar,15,72,93,0,180,0,0,79,0,79,15,72,172,0,259,134,0,134,393
02/04/2005,YIP,MI,AGL,CE,Towers with Radar,9,53,71,0,133,0,0,77,0,77,9,53,148,0,210,167,0,167,377
02/05/2005,YIP,MI,AGL,CE,Towers with Radar,3,21,11,0,35,0,0,0,0,0,3,21,11,0,35,0,0,0,35
02/06/2005,YIP,MI,AGL,CE,Towers with Radar,2,25,57,0,84,0,0,71,0,71,2,25,128,0,155,126,0,126,281
02/07/2005,YIP,MI,AGL,CE,Towers with Radar,9,47,33,0,89,0,0,8,0,8,9,47,41,0,97,16,0,16,113
02/08/2005,YIP,MI,AGL,CE,Towers with Radar,11,68,60,0,139,0,0,0,0,0,11,68,60,0,139,0,0,0,139
02/09/2005,YIP,MI,AGL,CE,Towers with Radar,6,83,56,0,145,0,0,15,0,15,6,83,71,0,160,26,0,26,186
02/10/2005,YIP,MI,AGL,CE,Towers with Radar,14,72,70,0,156,0,0,72,0,72,14,72,142,0,228,171,0,171,399
02/11/2005,YIP,MI,AGL,CE,Towers with Radar,20,65,43,0,128,0,0,39,0,39,20,65,82,0,167,142,0,142,309
02/12/2005,YIP,MI,AGL,CE,Towers with Radar,6,22,44,0,72,0,0,131,0,131,6,22,175,0,203,214,0,214,417
02/13/2005,YIP,MI,AGL,CE,Towers with Radar,1,25,72,0,98,0,0,61,0,61,1,25,133,0,159,142,0,142,301
02/14/2005,YIP,MI,AGL,CE,Towers with Radar,8,59,47,0,114,0,0,5,0,5,8,59,52,0,119,0,0,0,119
02/15/2005,YIP,MI,AGL,CE,Towers with Radar,13,73,66,0,152,0,0,5,0,5,13,73,71,0,157,16,0,16,173
02/16/2005,YIP,MI,AGL,CE,Towers with Radar,15,62,57,0,134,0,0,37,0,37,15,62,94,0,171,116,0,116,287
02/17/2005,YIP,MI,AGL,CE,Towers with Radar,17,61,71,0,149,0,0,32,0,32,17,61,103,0,181,24,0,24,205
02/18/2005,YIP,MI,AGL,CE,Towers with Radar,17,58,61,0,136,0,0,79,0,79,17,58,140,0,215,124,0,124,339
02/19/2005,YIP,MI,AGL,CE,Towers with Radar,13,28,44,0,85,0,0,73,0,73,13,28,117,0,158,220,0,220,378
02/20/2005,YIP,MI,AGL,CE,Towers with Radar,1,17,16,0,34,0,0,1,0,1,1,17,17,0,35,0,0,0,35
02/21/2005,YIP,MI,AGL,CE,Towers with Radar,5,65,43,0,113,0,0,43,0,43,5,65,86,0,156,128,0,128,284
02/22/2005,YIP,MI,AGL,CE,Towers with Radar,15,83,53,0,151,0,0,13,0,13,15,83,66,0,164,20,0,20,184
02/23/2005,YIP,MI,AGL,CE,Towers with Radar,16,66,69,0,151,0,0,105,0,105,16,66,174,0,256,178,0,178,434
02/24/2005,YIP,MI,AGL,CE,Towers with Radar,9,78,62,0,149,0,0,63,0,63,9,78,125,0,212,142,0,142,354
02/25/2005,YIP,MI,AGL,CE,Towers with Radar,10,104,42,0,156,0,0,6,0,6,10,104,48,0,162,6,0,6,168
02/26/2005,YIP,MI,AGL,CE,Towers with Radar,11,26,28,0,65,0,0,107,0,107,11,26,135,0,172,92,0,92,264
02/27/2005,YIP,MI,AGL,CE,Towers with Radar,4,6,57,0,67,0,0,60,0,60,4,6,117,0,127,120,0,120,247
02/28/2005,YIP,MI,AGL,CE,Towers with Radar,15,79,36,0,130,0,0,6,0,6,15,79,42,0,136,30,0,30,166
03/01/2005,YIP,MI,AGL,CE,Towers with Radar,3,67,37,0,107,0,0,8,0,8,3,67,45,0,115,0,0,0,115
03/02/2005,YIP,MI,AGL,CE,Towers with Radar,10,64,53,0,127,0,0,22,0,22,10,64,75,0,149,2,0,2,151
03/03/2005,YIP,MI,AGL,CE,Towers with Radar,22,65,124,0,211,0,0,92,0,92,22,65,216,0,303,188,0,188,491
03/04/2005,YIP,MI,AGL,CE,Towers with Radar,17,66,84,0,167,0,0,67,0,67,17,66,151,0,234,150,0,150,384
03/05/2005,YIP,MI,AGL,CE,Towers with Radar,7,24,33,0,64,0,0,108,0,108,7,24,141,0,172,208,0,208,380
03/06/2005,YIP,MI,AGL,CE,Towers with Radar,2,12,44,0,58,0,0,44,0,44,2,12,88,0,102,92,0,92,194
03/07/2005,YIP,MI,AGL,CE,Towers with Radar,7,57,35,0,99,0,0,6,0,6,7,57,41,0,105,0,0,0,105
03/08/2005,YIP,MI,AGL,CE,Towers with Radar,6,58,76,0,140,0,0,62,0,62,6,58,138,0,202,42,0,42,244
03/09/2005,YIP,MI,AGL,CE,Towers with Radar,9,60,103,0,172,0,0,59,0,59,9,60,162,0,231,90,0,90,321
03/10/2005,YIP,MI,AGL,CE,Towers with Radar,13,78,70,0,161,0,0,46,0,46,13,78,116,0,207,110,0,110,317
03/11/2005,YIP,MI,AGL,CE,Towers with Radar,11,62,54,0,127,0,0,35,0,35,11,62,89,0,162,98,0,98,260
03/12/2005,YIP,MI,AGL,CE,Towers with Radar,4,30,13,0,47,0,0,27,0,27,4,30,40,0,74,32,0,32,106
03/13/2005,YIP,MI,AGL,CE,Towers with Radar,1,15,63,0,79,0,0,127,0,127,1,15,190,0,206,252,0,252,458
03/14/2005,YIP,MI,AGL,CE,Towers with Radar,6,71,94,0,171,0,0,100,0,100,6,71,194,0,271,212,0,212,483
03/15/2005,YIP,MI,AGL,CE,Towers with Radar,27,78,86,0,191,0,0,83,0,83,27,78,169,0,274,180,0,180,454
03/16/2005,YIP,MI,AGL,CE,Towers with Radar,11,78,70,0,159,0,0,77,0,77,11,78,147,0,236,210,0,210,446
03/17/2005,YIP,MI,AGL,CE,Towers with Radar,4,66,70,0,140,0,0,66,0,66,4,66,136,0,206,226,0,226,432
03/18/2005,YIP,MI,AGL,CE,Towers with Radar,4,84,61,0,149,0,0,57,0,57,4,84,118,0,206,100,0,100,306
03/19/2005,YIP,MI,AGL,CE,Towers with Radar,2,33,36,0,71,0,0,18,0,18,2,33,54,0,89,56,0,56,145
03/20/2005,YIP,MI,AGL,CE,Towers with Radar,4,20,34,0,58,0,0,15,0,15,4,20,49,0,73,96,0,96,169
03/21/2005,YIP,MI,AGL,CE,Towers with Radar,10,71,47,0,128,0,0,72,0,72,10,71,119,0,200,240,0,240,440
03/22/2005,YIP,MI,AGL,CE,Towers with Radar,21,93,78,0,192,0,0,89,0,89,21,93,167,0,281,434,0,434,715
03/23/2005,YIP,MI,AGL,CE,Towers with Radar,20,64,52,0,136,0,0,13,0,13,20,64,65,0,149,42,0,42,191
03/24/2005,YIP,MI,AGL,CE,Towers with Radar,11,73,100,0,184,0,0,103,0,103,11,73,203,0,287,350,0,350,637
03/25/2005,YIP,MI,AGL,CE,Towers with Radar,4,35,80,0,119,0,0,61,0,61,4,35,141,0,180,188,0,188,368
03/26/2005,YIP,MI,AGL,CE,Towers with Radar,1,7,30,0,38,0,0,89,0,89,1,7,119,0,127,244,0,244,371
03/27/2005,YIP,MI,AGL,CE,Towers with Radar,2,1,23,0,26,0,0,48,0,48,2,1,71,0,74,56,0,56,130
03/28/2005,YIP,MI,AGL,CE,Towers with Radar,5,34,33,0,72,0,0,38,0,38,5,34,71,0,110,36,0,36,146
03/29/2005,YIP,MI,AGL,CE,Towers with Radar,9,80,76,0,165,0,0,114,0,114,9,80,190,0,279,230,0,230,509
03/30/2005,YIP,MI,AGL,CE,Towers with Radar,11,71,65,0,147,0,0,70,0,70,11,71,135,0,217,90,0,90,307
03/31/2005,YIP,MI,AGL,CE,Towers with Radar,10,55,43,0,108,0,0,11,0,11,10,55,54,0,119,12,0,12,131
04/01/2005,YIP,MI,AGL,CE,Towers with Radar,10,38,67,0,115,0,0,77,0,77,10,38,144,0,192,126,0,126,318
04/02/2005,YIP,MI,AGL,CE,Towers with Radar,2,18,15,0,35,0,0,12,0,12,2,18,27,0,47,12,0,12,59
04/03/2005,YIP,MI,AGL,CE,Towers with Radar,4,13,33,0,50,0,0,40,0,40,4,13,73,0,90,28,0,28,118
04/04/2005,YIP,MI,AGL,CE,Towers with Radar,8,43,37,0,88,0,0,22,0,22,8,43,59,0,110,190,0,190,300
04/05/2005,YIP,MI,AGL,CE,Towers with Radar,15,71,65,2,153,0,0,102,0,102,15,71,167,2,255,108,0,108,363
04/06/2005,YIP,MI,AGL,CE,Towers with Radar,14,66,67,0,147,0,0,71,0,71,14,66,138,0,218,90,0,90,308
04/07/2005,YIP,MI,AGL,CE,Towers with Radar,10,56,62,0,128,0,0,35,0,35,10,56,97,0,163,156,0,156,319
04/08/2005,YIP,MI,AGL,CE,Towers with Radar,6,59,64,0,129,0,0,139,0,139,6,59,203,0,268,248,0,248,516
04/09/2005,YIP,MI,AGL,CE,Towers with Radar,3,22,35,0,60,0,0,144,0,144,3,22,179,0,204,156,0,156,360
04/10/2005,YIP,MI,AGL,CE,Towers with Radar,2,11,37,0,50,0,0,148,0,148,2,11,185,0,198,158,0,158,356
04/11/2005,YIP,MI,AGL,CE,Towers with Radar,4,32,42,0,78,0,0,82,0,82,4,32,124,0,160,110,0,110,270
04/12/2005,YIP,MI,AGL,CE,Towers with Radar,11,60,72,0,143,0,0,58,0,58,11,60,130,0,201,112,0,112,313
04/13/2005,YIP,MI,AGL,CE,Towers with Radar,21,78,98,0,197,0,0,88,0,88,21,78,186,0,285,178,0,178,463
04/14/2005,YIP,MI,AGL,CE,Towers with Radar,21,46,81,0,148,0,0,129,0,129,21,46,210,0,277,210,0,210,487
04/15/2005,YIP,MI,AGL,CE,Towers with Radar,8,38,63,0,109,0,0,89,0,89,8,38,152,0,198,260,0,260,458
04/16/2005,YIP,MI,AGL,CE,Towers with Radar,1,13,25,0,39,0,0,124,0,124,1,13,149,0,163,222,0,222,385
04/17/2005,YIP,MI,AGL,CE,Towers with Radar,4,6,30,0,40,0,0,70,0,70,4,6,100,0,110,180,0,180,290
04/18/2005,YIP,MI,AGL,CE,Towers with Radar,6,44,50,0,100,0,0,109,0,109,6,44,159,0,209,146,0,146,355
04/19/2005,YIP,MI,AGL,CE,Towers with Radar,6,51,40,0,97,0,0,85,0,85,6,51,125,0,182,142,0,142,324
04/20/2005,YIP,MI,AGL,CE,Towers with Radar,11,57,62,0,130,0,0,29,0,29,11,57,91,0,159,18,0,18,177
04/21/2005,YIP,MI,AGL,CE,Towers with Radar,5,50,70,0,125,0,0,91,0,91,5,50,161,0,216,176,0,176,392
04/22/2005,YIP,MI,AGL,CE,Towers with Radar,5,48,66,0,119,0,0,39,0,39,5,48,105,0,158,84,0,84,242
04/23/2005,YIP,MI,AGL,CE,Towers with Radar,2,12,6,0,20,0,0,3,0,3,2,12,9,0,23,0,0,0,23
04/24/2005,YIP,MI,AGL,CE,Towers with Radar,2,10,17,0,29,0,0,0,0,0,2,10,17,0,29,0,0,0,29
04/25/2005,YIP,MI,AGL,CE,Towers with Radar,5,39,45,2,91,0,0,39,0,39,5,39,84,2,130,68,0,68,198
04/26/2005,YIP,MI,AGL,CE,Towers with Radar,3,66,76,0,145,0,0,48,0,48,3,66,124,0,193,86,0,86,279
04/27/2005,YIP,MI,AGL,CE,Towers with Radar,26,69,66,0,161,0,0,29,2,31,26,69,95,2,192,12,0,12,204
04/28/2005,YIP,MI,AGL,CE,Towers with Radar,28,57,90,0,175,0,0,88,0,88,28,57,178,0,263,318,0,318,581
04/29/2005,YIP,MI,AGL,CE,Towers with Radar,12,54,68,0,134,0,0,126,0,126,12,54,194,0,260,208,0,208,468
04/30/2005,YIP,MI,AGL,CE,Towers with Radar,3,9,17,0,29,0,0,58,0,58,3,9,75,0,87,176,0,176,263
05/01/2005,YIP,MI,AGL,CE,Towers with Radar,1,23,71,0,95,0,0,15,0,15,1,23,86,0,110,52,0,52,162
05/02/2005,YIP,MI,AGL,CE,Towers with Radar,2,53,33,0,88,0,0,61,0,61,2,53,94,0,149,88,0,88,237
05/03/2005,YIP,MI,AGL,CE,Towers with Radar,10,82,44,0,136,0,0,69,0,69,10,82,113,0,205,126,0,126,331
05/04/2005,YIP,MI,AGL,CE,Towers with Radar,15,52,54,0,121,0,0,134,0,134,15,52,188,0,255,154,0,154,409
05/05/2005,YIP,MI,AGL,CE,Towers with Radar,3,67,82,0,152,0,0,73,0,73,3,67,155,0,225,128,0,128,353
05/06/2005,YIP,MI,AGL,CE,Towers with Radar,11,76,52,0,139,0,0,97,0,97,11,76,149,0,236,208,0,208,444
05/07/2005,YIP,MI,AGL,CE,Towers with Radar,2,22,54,0,78,0,0,135,0,135,2,22,189,0,213,149,0,149,362
05/08/2005,YIP,MI,AGL,CE,Towers with Radar,0,11,36,0,47,0,0,91,0,91,0,11,127,0,138,120,0,120,258
05/09/2005,YIP,MI,AGL,CE,Towers with Radar,7,41,37,0,85,0,0,62,0,62,7,41,99,0,147,153,0,153,300
05/10/2005,YIP,MI,AGL,CE,Towers with Radar,4,70,66,0,140,0,0,73,0,73,4,70,139,0,213,68,0,68,281
05/11/2005,YIP,MI,AGL,CE,Towers with Radar,12,56,63,0,131,0,0,35,0,35,12,56,98,0,166,76,0,76,242
05/12/2005,YIP,MI,AGL,CE,Towers with Radar,12,80,80,0,172,0,0,80,0,80,12,80,160,0,252,96,0,96,348
05/13/2005,YIP,MI,AGL,CE,Towers with Radar,13,61,49,0,123,0,0,33,0,33,13,61,82,0,156,62,0,62,218
05/14/2005,YIP,MI,AGL,CE,Towers with Radar,3,9,43,0,55,0,0,22,0,22,3,9,65,0,77,59,0,59,136
05/15/2005,YIP,MI,AGL,CE,Towers with Radar,2,19,72,0,93,0,0,0,0,0,2,19,72,0,93,187,0,187,280
05/16/2005,YIP,MI,AGL,CE,Towers with Radar,1,42,61,0,104,0,0,105,0,105,1,42,166,0,209,136,0,136,345
05/17/2005,YIP,MI,AGL,CE,Towers with Radar,3,68,81,0,152,0,0,120,0,120,3,68,201,0,272,164,0,164,436
05/18/2005,YIP,MI,AGL,CE,Towers with Radar,25,65,63,0,153,0,0,106,0,106,25,65,169,0,259,160,0,160,419
05/19/2005,YIP,MI,AGL,CE,Towers with Radar,8,79,65,0,152,0,0,24,0,24,8,79,89,0,176,34,0,34,210
05/20/2005,YIP,MI,AGL,CE,Towers with Radar,14,57,58,0,129,0,0,90,0,90,14,57,148,0,219,178,0,178,397
05/21/2005,YIP,MI,AGL,CE,Towers with Radar,0,9,30,0,39,0,0,123,0,123,0,9,153,0,162,210,0,210,372
05/22/2005,YIP,MI,AGL,CE,Towers with Radar,5,10,34,0,49,0,0,67,0,67,5,10,101,0,116,134,0,134,250
05/23/2005,YIP,MI,AGL,CE,Towers with Radar,4,52,55,0,111,0,0,11,0,11,4,52,66,0,122,24,0,24,146
05/24/2005,YIP,MI,AGL,CE,Towers with Radar,31,76,94,0,201,0,0,63,0,63,31,76,157,0,264,74,0,74,338
05/25/2005,YIP,MI,AGL,CE,Towers with Radar,4,91,101,0,196,0,0,131,0,131,4,91,232,0,327,150,0,150,477
05/26/2005,YIP,MI,AGL,CE,Towers with Radar,7,98,70,0,175,0,0,80,0,80,7,98,150,0,255,154,0,154,409
05/27/2005,YIP,MI,AGL,CE,Towers with Radar,3,67,59,0,129,0,0,64,0,64,3,67,123,0,193,82,0,82,275
05/28/2005,YIP,MI,AGL,CE,Towers with Radar,3,11,25,0,39,0,0,74,0,74,3,11,99,0,113,94,0,94,207
05/29/2005,YIP,MI,AGL,CE,Towers with Radar,2,9,27,0,38,0,0,60,0,60,2,9,87,0,98,150,0,150,248
05/30/2005,YIP,MI,AGL,CE,Towers with Radar,8,15,18,0,41,0,0,137,0,137,8,15,155,0,178,92,0,92,270
05/31/2005,YIP,MI,AGL,CE,Towers with Radar,20,86,63,0,169,0,0,108,0,108,20,86,171,0,277,174,0,174,451
06/01/2005,YIP,MI,AGL,CE,Towers with Radar,13,88,69,0,170,0,0,138,0,138,13,88,207,0,308,254,0,254,562
06/02/2005,YIP,MI,AGL,CE,Towers with Radar,12,58,83,0,153,0,0,77,0,77,12,58,160,0,230,130,0,130,360
06/03/2005,YIP,MI,AGL,CE,Towers with Radar,8,59,74,0,141,0,0,50,0,50,8,59,124,0,191,92,0,92,283
06/04/2005,YIP,MI,AGL,CE,Towers with Radar,5,20,40,0,65,0,0,103,0,103,5,20,143,0,168,62,0,62,230
06/05/2005,YIP,MI,AGL,CE,Towers with Radar,1,2,35,0,38,0,0,45,0,45,1,2,80,0,83,40,0,40,123
06/06/2005,YIP,MI,AGL,CE,Towers with Radar,12,48,46,0,106,0,0,68,0,68,12,48,114,0,174,180,0,180,354
06/07/2005,YIP,MI,AGL,CE,Towers with Radar,18,55,108,0,181,0,0,127,0,127,18,55,235,0,308,190,0,190,498
06/08/2005,YIP,MI,AGL,CE,Towers with Radar,28,77,74,0,179,0,0,70,0,70,28,77,144,0,249,102,0,102,351
06/09/2005,YIP,MI,AGL,CE,Towers with Radar,11,70,56,0,137,0,0,48,0,48,11,70,104,0,185,86,0,86,271
06/10/2005,YIP,MI,AGL,CE,Towers with Radar,17,71,69,0,157,0,0,91,0,91,17,71,160,0,248,162,0,162,410
06/11/2005,YIP,MI,AGL,CE,Towers with Radar,3,14,35,0,52,0,0,67,0,67,3,14,102,0,119,112,0,112,231
06/12/2005,YIP,MI,AGL,CE,Towers with Radar,4,17,39,0,60,0,0,44,0,44,4,17,83,0,104,100,0,100,204
06/13/2005,YIP,MI,AGL,CE,Towers with Radar,13,48,72,0,133,0,0,26,0,26,13,48,98,0,159,66,0,66,225
06/14/2005,YIP,MI,AGL,CE,Towers with Radar,9,14,59,0,82,0,0,49,0,49,9,14,108,0,131,124,0,124,255
06/15/2005,YIP,MI,AGL,CE,Towers with Radar,10,55,74,0,139,0,0,47,0,47,10,55,121,0,186,164,0,164,350
06/16/2005,YIP,MI,AGL,CE,Towers with Radar,15,75,101,0,191,0,0,56,0,56,15,75,157,0,247,56,0,56,303
06/17/2005,YIP,MI,AGL,CE,Towers with Radar,20,68,61,0,149,0,0,109,0,109,20,68,170,0,258,90,0,90,348
06/18/2005,YIP,MI,AGL,CE,Towers with Radar,4,16,44,0,64,0,0,160,0,160,4,16,204,0,224,204,0,204,428
06/19/2005,YIP,MI,AGL,CE,Towers with Radar,7,15,68,0,90,0,0,224,0,224,7,15,292,0,314,91,0,91,405
06/20/2005,YIP,MI,AGL,CE,Towers with Radar,13,70,67,0,150,0,0,135,0,135,13,70,202,0,285,262,0,262,547
06/21/2005,YIP,MI,AGL,CE,Towers with Radar,14,85,72,0,171,0,0,75,0,75,14,85,147,0,246,116,0,116,362
06/22/2005,YIP,MI,AGL,CE,Towers with Radar,36,88,77,0,201,0,0,114,0,114,36,88,191,0,315,168,0,168,483
06/23/2005,YIP,MI,AGL,CE,Towers with Radar,22,102,95,0,219,0,0,122,0,122,22,102,217,0,341,186,0,186,527
06/24/2005,YIP,MI,AGL,CE,Towers with Radar,36,87,60,0,183,0,0,93,0,93,36,87,153,0,276,156,0,156,432
06/25/2005,YIP,MI,AGL,CE,Towers with Radar,4,28,27,0,59,0,0,72,0,72,4,28,99,0,131,110,0,110,241
06/26/2005,YIP,MI,AGL,CE,Towers with Radar,5,20,29,0,54,0,0,89,0,89,5,20,118,0,143,156,0,156,299
06/27/2005,YIP,MI,AGL,CE,Towers with Radar,5,91,79,0,175,0,0,74,0,74,5,91,153,0,249,150,0,150,399
06/28/2005,YIP,MI,AGL,CE,Towers with Radar,9,125,68,0,202,0,0,50,0,50,9,125,118,0,252,82,0,82,334
06/29/2005,YIP,MI,AGL,CE,Towers with Radar,36,98,96,0,230,0,0,40,0,40,36,98,136,0,270,88,0,88,358
06/30/2005,YIP,MI,AGL,CE,Towers with Radar,0,0,0,0,0,10,15,25,0,50,10,15,25,0,50,0,0,0,50
07/01/2005,YIP,MI,AGL,CE,Towers with Radar,20,68,57,0,145,0,0,77,0,77,20,68,134,0,222,54,0,54,276
07/02/2005,YIP,MI,AGL,CE,Towers with Radar,0,11,44,0,55,0,0,134,0,134,0,11,178,0,189,110,0,110,299
07/03/2005,YIP,MI,AGL,CE,Towers with Radar,0,6,33,0,39,0,0,95,0,95,0,6,128,0,134,132,0,132,266
07/04/2005,YIP,MI,AGL,CE,Towers with Radar,1,9,13,0,23,0,0,74,0,74,1,9,87,0,97,16,0,16,113
07/05/2005,YIP,MI,AGL,CE,Towers with Radar,3,37,75,0,115,0,0,36,0,36,3,37,111,0,151,124,0,124,275
07/06/2005,YIP,MI,AGL,CE,Towers with Radar,15,63,90,0,168,0,0,56,0,56,15,63,146,0,224,92,0,92,316
07/07/2005,YIP,MI,AGL,CE,Towers with Radar,4,57,87,0,148,0,0,121,0,121,4,57,208,0,269,284,0,284,553
07/08/2005,YIP,MI,AGL,CE,Towers with Radar,6,46,52,0,104,0,0,80,0,80,6,46,132,0,184,64,0,64,248
07/09/2005,YIP,MI,AGL,CE,Towers with Radar,5,17,32,0,54,0,0,100,0,100,5,17,132,0,154,126,0,126,280
07/10/2005,YIP,MI,AGL,CE,Towers with Radar,1,5,56,0,62,0,0,87,0,87,1,5,143,0,149,144,0,144,293
07/11/2005,YIP,MI,AGL,CE,Towers with Radar,4,39,63,0,106,0,0,99,0,99,4,39,162,0,205,108,0,108,313
07/12/2005,YIP,MI,AGL,CE,Towers with Radar,2,59,108,0,169,0,0,77,0,77,2,59,185,0,246,108,0,108,354
07/13/2005,YIP,MI,AGL,CE,Towers with Radar,6,55,93,0,154,0,0,63,0,63,6,55,156,0,217,150,0,150,367
07/14/2005,YIP,MI,AGL,CE,Towers with Radar,14,51,59,0,124,0,0,38,0,38,14,51,97,0,162,94,0,94,256
07/15/2005,YIP,MI,AGL,CE,Towers with Radar,10,44,68,0,122,0,0,0,0,0,10,44,68,0,122,86,0,86,208
07/16/2005,YIP,MI,AGL,CE,Towers with Radar,3,6,18,0,27,0,0,13,0,13,3,6,31,0,40,22,0,22,62
07/17/2005,YIP,MI,AGL,CE,Towers with Radar,0,25,40,0,65,0,0,42,0,42,0,25,82,0,107,30,0,30,137
07/18/2005,YIP,MI,AGL,CE,Towers with Radar,8,40,39,0,87,0,0,15,0,15,8,40,54,0,102,6,0,6,108
07/19/2005,YIP,MI,AGL,CE,Towers with Radar,13,57,53,0,123,0,0,128,0,128,13,57,181,0,251,210,0,210,461
07/20/2005,YIP,MI,AGL,CE,Towers with Radar,18,52,61,0,131,0,0,112,0,112,18,52,173,0,243,108,0,108,351
07/21/2005,YIP,MI,AGL,CE,Towers with Radar,13,67,60,0,140,0,0,39,0,39,13,67,99,0,179,74,0,74,253
07/22/2005,YIP,MI,AGL,CE,Towers with Radar,17,56,75,0,148,0,0,101,0,101,17,56,176,0,249,126,0,126,375
07/23/2005,YIP,MI,AGL,CE,Towers with Radar,5,13,25,0,43,0,0,148,0,148,5,13,173,0,191,152,0,152,343
07/24/2005,YIP,MI,AGL,CE,Towers with Radar,4,10,21,0,35,0,0,23,0,23,4,10,44,0,58,10,0,10,68
07/25/2005,YIP,MI,AGL,CE,Towers with Radar,13,47,56,0,116,0,0,79,0,79,13,47,135,0,195,62,0,62,257
07/26/2005,YIP,MI,AGL,CE,Towers with Radar,17,65,61,0,143,0,0,33,0,33,17,65,94,0,176,34,0,34,210
07/27/2005,YIP,MI,AGL,CE,Towers with Radar,21,63,89,0,173,0,0,52,0,52,21,63,141,0,225,40,0,40,265
07/28/2005,YIP,MI,AGL,CE,Towers with Radar,23,72,67,0,162,0,0,98,0,98,23,72,165,0,260,130,0,130,390
07/29/2005,YIP,MI,AGL,CE,Towers with Radar,11,84,69,0,164,0,0,112,0,112,11,84,181,0,276,100,0,100,376
07/30/2005,YIP,MI,AGL,CE,Towers with Radar,4,21,47,0,72,0,0,87,0,87,4,21,134,0,159,114,0,114,273
07/31/2005,YIP,MI,AGL,CE,Towers with Radar,4,13,29,0,46,0,0,116,0,116,4,13,145,0,162,84,0,84,246
08/01/2005,YIP,MI,AGL,CE,Towers with Radar,9,53,65,0,127,0,0,79,0,79,9,53,144,0,206,26,0,26,232
08/02/2005,YIP,MI,AGL,CE,Towers with Radar,14,58,70,0,142,0,0,96,0,96,14,58,166,0,238,94,0,94,332
08/03/2005,YIP,MI,AGL,CE,Towers with Radar,17,89,74,0,180,0,0,104,0,104,17,89,178,0,284,98,0,98,382
08/04/2005,YIP,MI,AGL,CE,Towers with Radar,28,97,72,0,197,0,0,62,0,62,28,97,134,0,259,100,0,100,359
08/05/2005,YIP,MI,AGL,CE,Towers with Radar,16,71,66,0,153,0,0,146,0,146,16,71,212,0,299,92,0,92,391
08/06/2005,YIP,MI,AGL,CE,Towers with Radar,4,16,21,0,41,0,0,288,0,288,4,16,309,0,329,304,0,304,633
08/07/2005,YIP,MI,AGL,CE,Towers with Radar,1,12,32,0,45,0,0,294,0,294,1,12,326,0,339,348,0,348,687
08/08/2005,YIP,MI,AGL,CE,Towers with Radar,5,50,70,2,127,0,0,108,0,108,5,50,178,2,235,180,0,180,415
08/09/2005,YIP,MI,AGL,CE,Towers with Radar,21,69,92,0,182,0,0,55,0,55,21,69,147,0,237,86,0,86,323
08/10/2005,YIP,MI,AGL,CE,Towers with Radar,29,73,72,0,174,0,0,65,0,65,29,73,137,0,239,88,0,88,327
08/11/2005,YIP,MI,AGL,CE,Towers with Radar,30,77,100,0,207,0,0,69,0,69,30,77,169,0,276,134,0,134,410
08/12/2005,YIP,MI,AGL,CE,Towers with Radar,18,75,50,0,143,0,0,48,0,48,18,75,98,0,191,98,0,98,289
08/13/2005,YIP,MI,AGL,CE,Towers with Radar,1,15,15,0,31,0,0,57,0,57,1,15,72,0,88,20,0,20,108
08/14/2005,YIP,MI,AGL,CE,Towers with Radar,6,10,48,0,64,0,0,43,0,43,6,10,91,0,107,52,0,52,159
08/15/2005,YIP,MI,AGL,CE,Towers with Radar,10,68,74,0,152,0,0,83,0,83,10,68,157,0,235,124,0,124,359
08/16/2005,YIP,MI,AGL,CE,Towers with Radar,14,90,80,0,184,0,0,117,0,117,14,90,197,0,301,130,0,130,431
08/17/2005,YIP,MI,AGL,CE,Towers with Radar,26,97,84,0,207,0,0,113,0,113,26,97,197,0,320,156,0,156,476
08/18/2005,YIP,MI,AGL,CE,Towers with Radar,33,107,75,0,215,0,0,78,0,78,33,107,153,0,293,156,0,156,449
08/19/2005,YIP,MI,AGL,CE,Towers with Radar,22,101,77,0,200,0,0,36,0,36,22,101,113,0,236,26,0,26,262
08/20/2005,YIP,MI,AGL,CE,Towers with Radar,13,22,19,0,54,0,0,39,0,39,13,22,58,0,93,2,0,2,95
08/21/2005,YIP,MI,AGL,CE,Towers with Radar,8,23,68,0,99,0,0,116,1,117,8,23,184,1,216,88,1,89,305
08/22/2005,YIP,MI,AGL,CE,Towers with Radar,17,62,56,0,135,0,0,91,0,91,17,62,147,0,226,134,0,134,360
08/23/2005,YIP,MI,AGL,CE,Towers with Radar,17,88,93,0,198,0,0,88,0,88,17,88,181,0,286,90,0,90,376
08/24/2005,YIP,MI,AGL,CE,Towers with Radar,36,108,85,0,229,0,0,107,0,107,36,108,192,0,336,134,0,134,470
08/25/2005,YIP,MI,AGL,CE,Towers with Radar,36,111,98,0,245,0,0,107,0,107,36,111,205,0,352,130,0,130,482
08/26/2005,YIP,MI,AGL,CE,Towers with Radar,46,100,46,0,192,0,0,109,0,109,46,100,155,0,301,122,0,122,423
08/27/2005,YIP,MI,AGL,CE,Towers with Radar,16,50,35,0,101,0,0,40,0,40,16,50,75,0,141,18,0,18,159
08/28/2005,YIP,MI,AGL,CE,Towers with Radar,5,27,45,0,77,0,0,102,0,102,5,27,147,0,179,100,0,100,279
08/29/2005,YIP,MI,AGL,CE,Towers with Radar,21,73,55,0,149,0,0,105,0,105,21,73,160,0,254,118,0,118,372
08/30/2005,YIP,MI,AGL,CE,Towers with Radar,36,100,101,0,237,0,0,0,0,0,36,100,101,0,237,8,0,8,245
08/31/2005,YIP,MI,AGL,CE,Towers with Radar,45,144,69,0,258,0,0,61,1,62,45,144,130,1,320,66,0,66,386
09/01/2005,YIP,MI,AGL,CE,Towers with Radar,47,174,71,0,292,0,0,84,1,85,47,174,155,1,377,88,0,88,465
09/02/2005,YIP,MI,AGL,CE,Towers with Radar,35,102,62,0,199,0,0,85,0,85,35,102,147,0,284,24,0,24,308
09/03/2005,YIP,MI,AGL,CE,Towers with Radar,13,26,24,0,63,0,0,83,0,83,13,26,107,0,146,76,0,76,222
09/04/2005,YIP,MI,AGL,CE,Towers with Radar,10,20,20,0,50,0,0,71,0,71,10,20,91,0,121,70,0,70,191
09/05/2005,YIP,MI,AGL,CE,Towers with Radar,10,18,34,0,62,0,0,83,0,83,10,18,117,0,145,106,0,106,251
09/06/2005,YIP,MI,AGL,CE,Towers with Radar,22,75,63,0,160,0,0,78,0,78,22,75,141,0,238,66,0,66,304
09/07/2005,YIP,MI,AGL,CE,Towers with Radar,25,87,65,0,177,0,0,58,0,58,25,87,123,0,235,48,0,48,283
09/08/2005,YIP,MI,AGL,CE,Towers with Radar,43,116,89,0,248,0,0,33,0,33,43,116,122,0,281,148,0,148,429
09/09/2005,YIP,MI,AGL,CE,Towers with Radar,30,98,93,0,221,0,0,74,0,74,30,98,167,0,295,64,0,64,359
09/10/2005,YIP,MI,AGL,CE,Towers with Radar,8,34,61,0,103,0,0,145,0,145,8,34,206,0,248,180,0,180,428
09/11/2005,YIP,MI,AGL,CE,Towers with Radar,2,10,40,0,52,0,0,91,0,91,2,10,131,0,143,146,0,146,289
09/12/2005,YIP,MI,AGL,CE,Towers with Radar,30,59,98,0,187,0,0,45,0,45,30,59,143,0,232,158,0,158,390
09/13/2005,YIP,MI,AGL,CE,Towers with Radar,18,89,78,0,185,0,0,63,0,63,18,89,141,0,248,88,0,88,336
09/14/2005,YIP,MI,AGL,CE,Towers with Radar,22,85,90,0,197,0,0,39,0,39,22,85,129,0,236,64,0,64,300
09/15/2005,YIP,MI,AGL,CE,Towers with Radar,29,95,77,0,201,0,0,78,0,78,29,95,155,0,279,116,0,116,395
09/16/2005,YIP,MI,AGL,CE,Towers with Radar,33,85,94,0,212,0,0,30,0,30,33,85,124,0,242,22,0,22,264
09/17/2005,YIP,MI,AGL,CE,Towers with Radar,5,38,46,0,89,0,0,25,0,25,5,38,71,0,114,28,0,28,142
09/18/2005,YIP,MI,AGL,CE,Towers with Radar,8,26,51,0,85,0,0,133,0,133,8,26,184,0,218,136,0,136,354
09/19/2005,YIP,MI,AGL,CE,Towers with Radar,34,82,48,0,164,0,0,45,0,45,34,82,93,0,209,104,0,104,313
09/20/2005,YIP,MI,AGL,CE,Towers with Radar,35,109,86,0,230,0,0,117,0,117,35,109,203,0,347,90,0,90,437
09/21/2005,YIP,MI,AGL,CE,Towers with Radar,35,104,76,0,215,0,0,116,0,116,35,104,192,0,331,194,0,194,525
09/22/2005,YIP,MI,AGL,CE,Towers with Radar,31,93,61,0,185,0,0,22,0,22,31,93,83,0,207,42,0,42,249
09/23/2005,YIP,MI,AGL,CE,Towers with Radar,48,145,72,0,265,0,0,81,0,81,48,145,153,0,346,134,0,134,480
09/24/2005,YIP,MI,AGL,CE,Towers with Radar,20,35,34,0,89,0,0,64,0,64,20,35,98,0,153,84,0,84,237
09/25/2005,YIP,MI,AGL,CE,Towers with Radar,8,13,21,0,42,0,0,13,0,13,8,13,34,0,55,20,0,20,75
09/26/2005,YIP,MI,AGL,CE,Towers with Radar,27,62,52,0,141,0,0,25,0,25,27,62,77,0,166,28,0,28,194
09/27/2005,YIP,MI,AGL,CE,Towers with Radar,40,103,88,0,231,0,0,145,0,145,40,103,233,0,376,168,0,168,544
09/28/2005,YIP,MI,AGL,CE,Towers with Radar,41,85,88,0,214,0,0,78,0,78,41,85,166,0,292,66,0,66,358
09/29/2005,YIP,MI,AGL,CE,Towers with Radar,40,99,83,0,222,0,0,62,0,62,40,99,145,0,284,18,0,18,302
09/30/2005,YIP,MI,AGL,CE,Towers with Radar,57,99,61,0,217,0,0,91,0,91,57,99,152,0,308,180,0,180,488
10/01/2005,YIP,MI,AGL,CE,Towers with Radar,14,31,15,0,60,0,0,119,0,119,14,31,134,0,179,88,0,88,267
10/02/2005,YIP,MI,AGL,CE,Towers with Radar,3,22,47,0,72,0,0,88,0,88,3,22,135,0,160,98,0,98,258
10/03/2005,YIP,MI,AGL,CE,Towers with Radar,16,62,47,0,125,0,0,45,0,45,16,62,92,0,170,96,0,96,266
10/04/2005,YIP,MI,AGL,CE,Towers with Radar,35,77,82,0,194,0,0,90,0,90,35,77,172,0,284,226,0,226,510
10/05/2005,YIP,MI,AGL,CE,Towers with Radar,46,108,69,0,223,0,0,74,0,74,46,108,143,0,297,150,0,150,447
10/06/2005,YIP,MI,AGL,CE,Towers with Radar,24,126,57,0,207,0,0,47,0,47,24,126,104,0,254,134,0,134,388
10/07/2005,YIP,MI,AGL,CE,Towers with Radar,28,100,63,0,191,0,0,84,0,84,28,100,147,0,275,118,0,118,393
10/08/2005,YIP,MI,AGL,CE,Towers with Radar,9,23,38,0,70,0,0,67,0,67,9,23,105,0,137,168,0,168,305
10/09/2005,YIP,MI,AGL,CE,Towers with Radar,6,26,33,0,65,0,0,121,0,121,6,26,154,0,186,140,0,140,326
10/10/2005,YIP,MI,AGL,CE,Towers with Radar,11,55,86,0,152,0,0,12,0,12,11,55,98,0,164,2,0,2,166
10/11/2005,YIP,MI,AGL,CE,Towers with Radar,22,69,78,0,169,0,0,16,0,16,22,69,94,0,185,102,0,102,287
10/12/2005,YIP,MI,AGL,CE,Towers with Radar,33,67,96,0,196,0,0,12,0,12,33,67,108,0,208,24,0,24,232
10/13/2005,YIP,MI,AGL,CE,Towers with Radar,29,82,78,0,189,0,0,61,0,61,29,82,139,0,250,166,0,166,416
10/14/2005,YIP,MI,AGL,CE,Towers with Radar,24,79,54,1,158,0,0,65,0,65,24,79,119,1,223,80,0,80,303
10/15/2005,YIP,MI,AGL,CE,Towers with Radar,9,21,31,0,61,0,0,75,0,75,9,21,106,0,136,94,0,94,230
10/16/2005,YIP,MI,AGL,CE,Towers with Radar,5,14,25,1,45,0,0,69,0,69,5,14,94,1,114,72,0,72,186
10/17/2005,YIP,MI,AGL,CE,Towers with Radar,23,55,55,0,133,0,0,75,0,75,23,55,130,0,208,156,0,156,364
10/18/2005,YIP,MI,AGL,CE,Towers with Radar,17,70,58,0,145,0,0,100,0,100,17,70,158,0,245,152,0,152,397
10/19/2005,YIP,MI,AGL,CE,Towers with Radar,25,75,44,0,144,0,0,60,0,60,25,75,104,0,204,74,0,74,278
10/20/2005,YIP,MI,AGL,CE,Towers with Radar,34,57,66,0,157,0,0,91,0,91,34,57,157,0,248,170,0,170,418
10/21/2005,YIP,MI,AGL,CE,Towers with Radar,29,51,57,0,137,0,0,89,0,89,29,51,146,0,226,116,0,116,342
10/22/2005,YIP,MI,AGL,CE,Towers with Radar,10,21,25,0,56,0,0,97,0,97,10,21,122,0,153,116,0,116,269
10/23/2005,YIP,MI,AGL,CE,Towers with Radar,4,5,31,0,40,0,0,63,0,63,4,5,94,0,103,154,0,154,257
10/24/2005,YIP,MI,AGL,CE,Towers with Radar,7,57,62,0,126,0,0,53,0,53,7,57,115,0,179,76,0,76,255
10/25/2005,YIP,MI,AGL,CE,Towers with Radar,4,70,43,0,117,0,0,33,0,33,4,70,76,0,150,26,0,26,176
10/26/2005,YIP,MI,AGL,CE,Towers with Radar,10,69,74,1,154,0,0,60,0,60,10,69,134,1,214,70,0,70,284
10/27/2005,YIP,MI,AGL,CE,Towers with Radar,16,63,61,0,140,0,0,65,0,65,16,63,126,0,205,104,0,104,309
10/28/2005,YIP,MI,AGL,CE,Towers with Radar,17,83,48,0,148,0,0,95,0,95,17,83,143,0,243,100,0,100,343
10/29/2005,YIP,MI,AGL,CE,Towers with Radar,4,14,29,0,47,0,0,109,0,109,4,14,138,0,156,207,0,207,363
10/30/2005,YIP,MI,AGL,CE,Towers with Radar,6,11,28,0,45,0,0,100,0,100,6,11,128,0,145,116,0,116,261
10/31/2005,YIP,MI,AGL,CE,Towers with Radar,15,57,59,0,131,0,0,43,0,43,15,57,102,0,174,100,0,100,274
11/01/2005,YIP,MI,AGL,CE,Towers with Radar,11,63,53,0,127,0,0,44,0,44,11,63,97,0,171,82,0,82,253
11/02/2005,YIP,MI,AGL,CE,Towers with Radar,23,72,77,0,172,0,0,105,0,105,23,72,182,0,277,120,0,120,397
11/03/2005,YIP,MI,AGL,CE,Towers with Radar,14,74,56,0,144,0,0,96,0,96,14,74,152,0,240,162,0,162,402
11/04/2005,YIP,MI,AGL,CE,Towers with Radar,11,70,47,0,128,0,0,44,0,44,11,70,91,0,172,86,0,86,258
11/05/2005,YIP,MI,AGL,CE,Towers with Radar,5,17,25,0,47,0,0,33,0,33,5,17,58,0,80,106,0,106,186
11/06/2005,YIP,MI,AGL,CE,Towers with Radar,2,14,14,0,30,0,0,6,0,6,2,14,20,0,36,10,0,10,46
11/07/2005,YIP,MI,AGL,CE,Towers with Radar,4,56,75,0,135,0,0,51,0,51,4,56,126,0,186,98,0,98,284
11/08/2005,YIP,MI,AGL,CE,Towers with Radar,12,48,61,0,121,0,0,56,0,56,12,48,117,0,177,100,0,100,277
11/09/2005,YIP,MI,AGL,CE,Towers with Radar,7,56,58,0,121,0,0,11,0,11,7,56,69,0,132,0,0,0,132
11/10/2005,YIP,MI,AGL,CE,Towers with Radar,21,62,71,0,154,0,0,74,0,74,21,62,145,0,228,104,0,104,332
11/11/2005,YIP,MI,AGL,CE,Towers with Radar,11,58,43,0,112,0,0,92,0,92,11,58,135,0,204,242,0,242,446
11/12/2005,YIP,MI,AGL,CE,Towers with Radar,2,12,26,0,40,0,0,85,0,85,2,12,111,0,125,214,0,214,339
11/13/2005,YIP,MI,AGL,CE,Towers with Radar,0,18,18,0,36,0,0,16,0,16,0,18,34,0,52,10,0,10,62
11/14/2005,YIP,MI,AGL,CE,Towers with Radar,2,59,49,0,110,0,0,70,0,70,2,59,119,0,180,132,0,132,312
11/15/2005,YIP,MI,AGL,CE,Towers with Radar,8,41,49,0,98,0,0,0,0,0,8,41,49,0,98,0,0,0,98
11/16/2005,YIP,MI,AGL,CE,Towers with Radar,10,62,59,0,131,0,0,11,0,11,10,62,70,0,142,12,0,12,154
11/17/2005,YIP,MI,AGL,CE,Towers with Radar,16,50,53,0,119,0,0,18,0,18,16,50,71,0,137,38,0,38,175
11/18/2005,YIP,MI,AGL,CE,Towers with Radar,6,69,63,0,138,0,0,53,0,53,6,69,116,0,191,158,0,158,349
11/19/2005,YIP,MI,AGL,CE,Towers with Radar,1,50,53,0,104,0,0,61,0,61,1,50,114,0,165,178,0,178,343
11/20/2005,YIP,MI,AGL,CE,Towers with Radar,2,23,37,0,62,0,0,69,0,69,2,23,106,0,131,256,0,256,387
11/21/2005,YIP,MI,AGL,CE,Towers with Radar,11,39,58,0,108,0,0,20,0,20,11,39,78,0,128,108,0,108,236
11/22/2005,YIP,MI,AGL,CE,Towers with Radar,13,64,81,0,158,0,0,47,0,47,13,64,128,0,205,70,0,70,275
11/23/2005,YIP,MI,AGL,CE,Towers with Radar,23,65,40,0,128,0,0,14,0,14,23,65,54,0,142,16,0,16,158
11/24/2005,YIP,MI,AGL,CE,Towers with Radar,2,16,4,0,22,0,0,2,0,2,2,16,6,0,24,0,0,0,24
11/25/2005,YIP,MI,AGL,CE,Towers with Radar,7,22,38,0,67,0,0,39,0,39,7,22,77,0,106,102,0,102,208
11/26/2005,YIP,MI,AGL,CE,Towers with Radar,29,20,16,0,65,0,0,51,0,51,29,20,67,0,116,138,0,138,254
11/27/2005,YIP,MI,AGL,CE,Towers with Radar,1,14,34,0,49,0,0,11,0,11,1,14,45,0,60,70,0,70,130
11/28/2005,YIP,MI,AGL,CE,Towers with Radar,2,66,49,0,117,0,0,28,0,28,2,66,77,0,145,40,0,40,185
11/29/2005,YIP,MI,AGL,CE,Towers with Radar,9,72,71,0,152,0,0,42,0,42,9,72,113,0,194,98,0,98,292
11/30/2005,YIP,MI,AGL,CE,Towers with Radar,32,78,54,0,164,0,0,37,0,37,32,78,91,0,201,122,0,122,323
12/01/2005,YIP,MI,AGL,CE,Towers with Radar,12,60,55,0,127,0,0,24,0,24,12,60,79,0,151,42,0,42,193
12/02/2005,YIP,MI,AGL,CE,Towers with Radar,18,50,49,0,117,0,0,26,0,26,18,50,75,0,143,90,0,90,233
12/03/2005,YIP,MI,AGL,CE,Towers with Radar,2,18,43,0,63,0,0,87,0,87,2,18,130,0,150,178,0,178,328
12/04/2005,YIP,MI,AGL,CE,Towers with Radar,1,13,28,0,42,0,0,33,0,33,1,13,61,0,75,84,0,84,159
12/05/2005,YIP,MI,AGL,CE,Towers with Radar,4,52,50,0,106,0,0,26,0,26,4,52,76,0,132,98,0,98,230
12/06/2005,YIP,MI,AGL,CE,Towers with Radar,8,84,48,0,140,0,0,32,0,32,8,84,80,0,172,116,0,116,288
12/07/2005,YIP,MI,AGL,CE,Towers with Radar,19,68,71,0,158,0,0,45,0,45,19,68,116,0,203,96,0,96,299
12/08/2005,YIP,MI,AGL,CE,Towers with Radar,22,86,64,0,172,0,0,54,0,54,22,86,118,0,226,208,0,208,434
12/09/2005,YIP,MI,AGL,CE,Towers with Radar,37,75,65,0,177,0,0,24,0,24,37,75,89,0,201,66,0,66,267
12/10/2005,YIP,MI,AGL,CE,Towers with Radar,5,21,24,0,50,0,0,19,0,19,5,21,43,0,69,114,0,114,183
12/11/2005,YIP,MI,AGL,CE,Towers with Radar,3,12,22,0,37,0,0,12,0,12,3,12,34,0,49,30,0,30,79
12/12/2005,YIP,MI,AGL,CE,Towers with Radar,16,57,49,0,122,0,0,41,0,41,16,57,90,0,163,60,0,60,223
12/13/2005,YIP,MI,AGL,CE,Towers with Radar,39,64,73,0,176,0,0,32,0,32,39,64,105,0,208,54,0,54,262
12/14/2005,YIP,MI,AGL,CE,Towers with Radar,24,78,52,0,154,0,0,31,0,31,24,78,83,0,185,68,0,68,253
12/15/2005,YIP,MI,AGL,CE,Towers with Radar,19,63,35,0,117,0,0,1,0,1,19,63,36,0,118,0,0,0,118
12/16/2005,YIP,MI,AGL,CE,Towers with Radar,26,57,59,0,142,3,0,22,0,25,29,57,81,0,167,16,0,16,183
12/17/2005,YIP,MI,AGL,CE,Towers with Radar,11,14,37,0,62,0,0,58,0,58,11,14,95,0,120,36,0,36,156
12/18/2005,YIP,MI,AGL,CE,Towers with Radar,3,9,35,0,47,0,0,32,0,32,3,9,67,0,79,54,0,54,133
12/19/2005,YIP,MI,AGL,CE,Towers with Radar,9,52,39,0,100,0,0,47,0,47,9,52,86,0,147,27,0,27,174
12/20/2005,YIP,MI,AGL,CE,Towers with Radar,14,57,58,0,129,0,0,21,0,21,14,57,79,0,150,50,0,50,200
12/21/2005,YIP,MI,AGL,CE,Towers with Radar,14,63,43,0,120,0,0,17,0,17,14,63,60,0,137,68,0,68,205
12/22/2005,YIP,MI,AGL,CE,Towers with Radar,8,58,31,0,97,0,0,13,0,13,8,58,44,0,110,8,0,8,118
12/23/2005,YIP,MI,AGL,CE,Towers with Radar,11,54,22,0,87,0,0,18,0,18,11,54,40,0,105,42,0,42,147
12/24/2005,YIP,MI,AGL,CE,Towers with Radar,10,9,28,0,47,0,0,20,0,20,10,9,48,0,67,4,0,4,71
12/25/2005,YIP,MI,AGL,CE,Towers with Radar,0,4,3,0,7,0,0,0,0,0,0,4,3,0,7,0,0,0,7
12/26/2005,YIP,MI,AGL,CE,Towers with Radar,5,15,29,0,49,0,0,17,0,17,5,15,46,0,66,46,0,46,112
12/27/2005,YIP,MI,AGL,CE,Towers with Radar,2,15,35,0,52,0,0,0,0,0,2,15,35,0,52,0,0,0,52
12/28/2005,YIP,MI,AGL,CE,Towers with Radar,5,24,19,0,48,0,0,0,0,0,5,24,19,0,48,0,0,0,48
12/29/2005,YIP,MI,AGL,CE,Towers with Radar,8,20,27,0,55,0,0,2,0,2,8,20,29,0,57,0,0,0,57
12/30/2005,YIP,MI,AGL,CE,Towers with Radar,2,25,36,0,63,0,0,23,0,23,2,25,59,0,86,60,0,60,146
12/31/2005,YIP,MI,AGL,CE,Towers with Radar,1,7,5,0,13,0,0,4,0,4,1,7,9,0,17,26,0,26,43
01/01/2006,YIP,MI,AGL,CE,Towers with Radar,1,9,18,0,28,0,0,28,0,28,1,9,46,0,56,56,0,56,112
01/02/2006,YIP,MI,AGL,CE,Towers with Radar,2,8,21,0,31,0,0,0,0,0,2,8,21,0,31,0,0,0,31
01/03/2006,YIP,MI,AGL,CE,Towers with Radar,2,47,37,0,86,0,0,0,0,0,2,47,37,0,86,0,0,0,86
01/04/2006,YIP,MI,AGL,CE,Towers with Radar,14,71,49,0,134,0,0,1,0,1,14,71,50,0,135,4,0,4,139
01/05/2006,YIP,MI,AGL,CE,Towers with Radar,16,59,43,0,118,0,0,6,0,6,16,59,49,0,124,24,0,24,148
01/06/2006,YIP,MI,AGL,CE,Towers with Radar,16,61,56,0,133,0,0,37,0,37,16,61,93,0,170,128,0,128,298
01/07/2006,YIP,MI,AGL,CE,Towers with Radar,0,17,6,0,23,0,0,1,0,1,0,17,7,0,24,2,0,2,26
01/08/2006,YIP,MI,AGL,CE,Towers with Radar,5,15,31,0,51,0,0,31,0,31,5,15,62,0,82,154,0,154,236
01/09/2006,YIP,MI,AGL,CE,Towers with Radar,2,50,50,0,102,0,0,10,0,10,2,50,60,0,112,72,0,72,184
01/10/2006,YIP,MI,AGL,CE,Towers with Radar,5,58,69,0,132,0,0,44,0,44,5,58,113,0,176,108,0,108,284
01/11/2006,YIP,MI,AGL,CE,Towers with Radar,5,75,78,0,158,0,0,17,0,17,5,75,95,0,175,24,0,24,199
01/12/2006,YIP,MI,AGL,CE,Towers with Radar,10,54,53,0,117,0,0,73,0,73,10,54,126,0,190,166,0,166,356
01/13/2006,YIP,MI,AGL,CE,Towers with Radar,4,4,41,0,49,0,37,14,0,51,4,41,55,0,100,0,0,0,100
01/14/2006,YIP,MI,AGL,CE,Towers with Radar,0,10,17,0,27,0,0,24,0,24,0,10,41,0,51,28,0,28,79
01/15/2006,YIP,MI,AGL,CE,Towers with Radar,0,8,63,0,71,0,0,86,0,86,0,8,149,0,157,194,0,194,351
01/16/2006,YIP,MI,AGL,CE,Towers with Radar,1,22,38,0,61,0,0,29,0,29,1,22,67,0,90,82,0,82,172
01/17/2006,YIP,MI,AGL,CE,Towers with Radar,5,53,49,0,107,0,0,1,0,1,5,53,50,0,108,2,0,2,110
01/18/2006,YIP,MI,AGL,CE,Towers with Radar,8,42,49,0,99,0,0,4,0,4,8,42,53,0,103,12,0,12,115
01/19/2006,YIP,MI,AGL,CE,Towers with Radar,6,57,42,0,105,0,0,40,0,40,6,57,82,0,145,72,0,72,217
01/20/2006,YIP,MI,AGL,CE,Towers with Radar,3,43,48,0,94,0,0,22,0,22,3,43,70,0,116,58,0,58,174
01/21/2006,YIP,MI,AGL,CE,Towers with Radar,1,13,22,0,36,0,0,30,0,30,1,13,52,0,66,92,0,92,158
01/22/2006,YIP,MI,AGL,CE,Towers with Radar,2,7,23,0,32,0,0,62,0,62,2,7,85,0,94,63,0,63,157
01/23/2006,YIP,MI,AGL,CE,Towers with Radar,4,40,63,0,107,0,0,29,0,29,4,40,92,0,136,130,0,130,266
01/24/2006,YIP,MI,AGL,CE,Towers with Radar,5,36,42,0,83,0,0,0,0,0,5,36,42,0,83,0,0,0,83
01/25/2006,YIP,MI,AGL,CE,Towers with Radar,7,35,54,0,96,0,0,12,0,12,7,35,66,0,108,70,0,70,178
01/26/2006,YIP,MI,AGL,CE,Towers with Radar,4,68,66,0,138,0,0,55,0,55,4,68,121,0,193,116,0,116,309
01/27/2006,YIP,MI,AGL,CE,Towers with Radar,17,39,72,0,128,0,0,10,0,10,17,39,82,0,138,138,0,138,276
01/28/2006,YIP,MI,AGL,CE,Towers with Radar,15,10,25,0,50,0,0,52,0,52,15,10,77,0,102,114,0,114,216
01/29/2006,YIP,MI,AGL,CE,Towers with Radar,2,10,16,0,28,0,0,0,0,0,2,10,16,0,28,0,0,0,28
01/30/2006,YIP,MI,AGL,CE,Towers with Radar,15,43,47,0,105,0,0,18,0,18,15,43,65,0,123,50,0,50,173
01/31/2006,YIP,MI,AGL,CE,Towers with Radar,3,0,54,0,57,0,0,20,0,20,3,0,74,0,77,106,0,106,183
02/01/2006,YIP,MI,AGL,CE,Towers with Radar,3,55,56,0,114,0,0,40,0,40,3,55,96,0,154,62,0,62,216
02/02/2006,YIP,MI,AGL,CE,Towers with Radar,3,57,62,0,122,0,0,27,0,27,3,57,89,0,149,94,0,94,243
02/03/2006,YIP,MI,AGL,CE,Towers with Radar,10,41,65,0,116,0,0,15,0,15,10,41,80,0,131,40,0,40,171
02/04/2006,YIP,MI,AGL,CE,Towers with Radar,3,23,17,0,43,0,0,1,0,1,3,23,18,0,44,0,0,0,44
02/05/2006,YIP,MI,AGL,CE,Towers with Radar,9,31,71,0,111,0,0,2,0,2,9,31,73,0,113,2,0,2,115
02/06/2006,YIP,MI,AGL,CE,Towers with Radar,16,68,96,0,180,0,0,22,0,22,16,68,118,0,202,60,0,60,262
02/07/2006,YIP,MI,AGL,CE,Towers with Radar,6,48,50,0,104,0,0,37,0,37,6,48,87,0,141,54,0,54,195
02/08/2006,YIP,MI,AGL,CE,Towers with Radar,7,57,75,0,139,0,0,39,0,39,7,57,114,0,178,158,0,158,336
02/09/2006,YIP,MI,AGL,CE,Towers with Radar,11,65,60,0,136,0,0,44,0,44,11,65,104,0,180,154,0,154,334
02/10/2006,YIP,MI,AGL,CE,Towers with Radar,6,60,35,0,101,0,0,25,0,25,6,60,60,0,126,72,0,72,198
02/11/2006,YIP,MI,AGL,CE,Towers with Radar,5,22,17,0,44,0,0,5,0,5,5,22,22,0,49,0,0,0,49
02/12/2006,YIP,MI,AGL,CE,Towers with Radar,0,14,45,0,59,0,0,37,0,37,0,14,82,0,96,152,0,152,248
02/13/2006,YIP,MI,AGL,CE,Towers with Radar,8,49,59,0,116,0,0,37,0,37,8,49,96,0,153,64,0,64,217
02/14/2006,YIP,MI,AGL,CE,Towers with Radar,13,41,62,0,116,0,0,46,0,46,13,41,108,0,162,104,0,104,266
02/15/2006,YIP,MI,AGL,CE,Towers with Radar,17,71,69,0,157,0,0,57,0,57,17,71,126,0,214,120,0,120,334
02/16/2006,YIP,MI,AGL,CE,Towers with Radar,12,45,44,0,101,0,0,0,0,0,12,45,44,0,101,0,0,0,101
02/17/2006,YIP,MI,AGL,CE,Towers with Radar,1,34,41,0,76,0,0,21,0,21,1,34,62,0,97,14,0,14,111
02/18/2006,YIP,MI,AGL,CE,Towers with Radar,0,11,14,0,25,0,0,45,0,45,0,11,59,0,70,66,0,66,136
02/19/2006,YIP,MI,AGL,CE,Towers with Radar,1,16,27,0,44,0,0,56,0,56,1,16,83,0,100,124,0,124,224
02/20/2006,YIP,MI,AGL,CE,Towers with Radar,25,37,59,0,121,0,0,44,0,44,25,37,103,0,165,110,0,110,275
02/21/2006,YIP,MI,AGL,CE,Towers with Radar,10,44,73,0,127,0,0,59,0,59,10,44,132,0,186,120,0,120,306
02/22/2006,YIP,MI,AGL,CE,Towers with Radar,6,62,55,0,123,0,0,67,0,67,6,62,122,0,190,74,0,74,264
02/23/2006,YIP,MI,AGL,CE,Towers with Radar,6,54,66,0,126,0,0,24,0,24,6,54,90,0,150,36,0,36,186
02/24/2006,YIP,MI,AGL,CE,Towers with Radar,11,59,37,0,107,0,0,44,0,44,11,59,81,0,151,104,0,104,255
02/25/2006,YIP,MI,AGL,CE,Towers with Radar,0,16,16,0,32,0,0,1,0,1,0,16,17,0,33,6,0,6,39
02/26/2006,YIP,MI,AGL,CE,Towers with Radar,1,17,52,0,70,0,0,52,0,52,1,17,104,0,122,138,0,138,260
02/27/2006,YIP,MI,AGL,CE,Towers with Radar,1,46,42,0,89,0,0,14,0,14,1,46,56,0,103,62,0,62,165
02/28/2006,YIP,MI,AGL,CE,Towers with Radar,21,51,36,0,108,0,0,48,0,48,21,51,84,0,156,90,0,90,246
03/01/2006,YIP,MI,AGL,CE,Towers with Radar,28,56,44,0,128,0,0,25,0,25,28,56,69,0,153,36,0,36,189
03/02/2006,YIP,MI,AGL,CE,Towers with Radar,9,61,48,0,118,0,0,5,0,5,9,61,53,0,123,0,0,0,123
03/03/2006,YIP,MI,AGL,CE,Towers with Radar,15,42,65,0,122,0,0,45,0,45,15,42,110,0,167,48,0,48,215
03/04/2006,YIP,MI,AGL,CE,Towers with Radar,4,15,22,0,41,0,0,53,0,53,4,15,75,0,94,128,0,128,222
03/05/2006,YIP,MI,AGL,CE,Towers with Radar,3,10,56,0,69,0,0,72,0,72,3,10,128,0,141,202,0,202,343
03/06/2006,YIP,MI,AGL,CE,Towers with Radar,1,54,46,0,101,0,0,22,0,22,1,54,68,0,123,54,0,54,177
03/07/2006,YIP,MI,AGL,CE,Towers with Radar,7,55,72,0,134,0,0,59,0,59,7,55,131,0,193,172,0,172,365
03/08/2006,YIP,MI,AGL,CE,Towers with Radar,7,62,71,0,140,0,0,28,0,28,7,62,99,0,168,172,0,172,340
03/09/2006,YIP,MI,AGL,CE,Towers with Radar,6,43,60,0,109,0,0,4,0,4,6,43,64,0,113,10,0,10,123
03/10/2006,YIP,MI,AGL,CE,Towers with Radar,8,44,53,0,105,0,0,23,0,23,8,44,76,0,128,88,0,88,216
03/11/2006,YIP,MI,AGL,CE,Towers with Radar,2,25,31,0,58,0,0,51,0,51,2,25,82,0,109,96,0,96,205
03/12/2006,YIP,MI,AGL,CE,Towers with Radar,2,7,49,0,58,0,0,35,0,35,2,7,84,0,93,142,0,142,235
03/13/2006,YIP,MI,AGL,CE,Towers with Radar,4,42,48,0,94,0,0,2,0,2,4,42,50,0,96,4,0,4,100
03/14/2006,YIP,MI,AGL,CE,Towers with Radar,5,73,52,0,130,0,0,16,3,19,5,73,68,3,149,52,0,52,201
03/15/2006,YIP,MI,AGL,CE,Towers with Radar,15,60,65,0,140,0,0,38,0,38,15,60,103,0,178,120,0,120,298
03/16/2006,YIP,MI,AGL,CE,Towers with Radar,5,55,66,0,126,0,0,58,0,58,5,55,124,0,184,144,0,144,328
03/17/2006,YIP,MI,AGL,CE,Towers with Radar,8,43,48,0,99,0,0,61,0,61,8,43,109,0,160,196,0,196,356
03/18/2006,YIP,MI,AGL,CE,Towers with Radar,5,9,13,0,27,0,0,65,0,65,5,9,78,0,92,88,0,88,180
03/19/2006,YIP,MI,AGL,CE,Towers with Radar,4,8,32,0,44,0,0,54,0,54,4,8,86,0,98,86,0,86,184
03/20/2006,YIP,MI,AGL,CE,Towers with Radar,7,42,61,0,110,0,0,68,0,68,7,42,129,0,178,168,0,168,346
03/21/2006,YIP,MI,AGL,CE,Towers with Radar,9,45,65,8,127,0,0,37,0,37,9,45,102,8,164,162,0,162,326
03/22/2006,YIP,MI,AGL,CE,Towers with Radar,16,71,75,0,162,0,0,38,0,38,16,71,113,0,200,58,0,58,258
03/23/2006,YIP,MI,AGL,CE,Towers with Radar,11,52,72,4,139,0,0,69,0,69,11,52,141,4,208,204,0,204,412
03/24/2006,YIP,MI,AGL,CE,Towers with Radar,5,55,44,0,104,0,0,45,0,45,5,55,89,0,149,154,0,154,303
03/25/2006,YIP,MI,AGL,CE,Towers with Radar,5,12,11,0,28,0,0,11,0,11,5,12,22,0,39,40,0,40,79
03/26/2006,YIP,MI,AGL,CE,Towers with Radar,2,11,55,0,68,0,0,74,0,74,2,11,129,0,142,246,0,246,388
03/27/2006,YIP,MI,AGL,CE,Towers with Radar,11,58,51,0,120,0,0,86,0,86,11,58,137,0,206,186,0,186,392
03/28/2006,YIP,MI,AGL,CE,Towers with Radar,9,68,55,0,132,0,0,45,0,45,9,68,100,0,177,32,0,32,209
03/29/2006,YIP,MI,AGL,CE,Towers with Radar,13,66,71,0,150,0,0,58,0,58,13,66,129,0,208,284,0,284,492
03/30/2006,YIP,MI,AGL,CE,Towers with Radar,15,62,73,0,150,0,0,79,0,79,15,62,152,0,229,158,0,158,387
03/31/2006,YIP,MI,AGL,CE,Towers with Radar,3,55,46,0,104,0,0,16,0,16,3,55,62,0,120,6,0,6,126
04/01/2006,YIP,MI,AGL,CE,Towers with Radar,2,14,16,0,32,0,0,30,0,30,2,14,46,0,62,138,0,138,200
04/02/2006,YIP,MI,AGL,CE,Towers with Radar,1,16,19,0,36,0,0,28,0,28,1,16,47,0,64,78,0,78,142
04/03/2006,YIP,MI,AGL,CE,Towers with Radar,5,46,39,0,90,0,0,6,0,6,5,46,45,0,96,6,0,6,102
04/04/2006,YIP,MI,AGL,CE,Towers with Radar,9,46,55,0,110,0,0,31,0,31,9,46,86,0,141,44,0,44,185
04/05/2006,YIP,MI,AGL,CE,Towers with Radar,10,51,51,0,112,0,0,53,0,53,10,51,104,0,165,94,0,94,259
04/06/2006,YIP,MI,AGL,CE,Towers with Radar,12,44,67,0,123,0,0,76,0,76,12,44,143,0,199,168,0,168,367
04/07/2006,YIP,MI,AGL,CE,Towers with Radar,14,61,44,0,119,0,0,0,0,0,14,61,44,0,119,0,0,0,119
04/08/2006,YIP,MI,AGL,CE,Towers with Radar,8,9,45,0,62,0,0,61,0,61,8,9,106,0,123,106,0,106,229
04/09/2006,YIP,MI,AGL,CE,Towers with Radar,5,7,50,0,62,0,0,89,0,89,5,7,139,0,151,204,0,204,355
04/10/2006,YIP,MI,AGL,CE,Towers with Radar,7,34,59,0,100,0,0,50,0,50,7,34,109,0,150,204,0,204,354
04/11/2006,YIP,MI,AGL,CE,Towers with Radar,17,41,62,0,120,0,0,78,0,78,17,41,140,0,198,104,0,104,302
04/12/2006,YIP,MI,AGL,CE,Towers with Radar,19,35,56,0,110,0,0,0,0,0,19,35,56,0,110,2,0,2,112
04/13/2006,YIP,MI,AGL,CE,Towers with Radar,4,45,76,0,125,0,0,63,0,63,4,45,139,0,188,150,0,150,338
04/14/2006,YIP,MI,AGL,CE,Towers with Radar,0,31,33,0,64,0,0,51,0,51,0,31,84,0,115,202,0,202,317
04/15/2006,YIP,MI,AGL,CE,Towers with Radar,1,8,21,0,30,0,0,76,0,76,1,8,97,0,106,120,0,120,226
04/16/2006,YIP,MI,AGL,CE,Towers with Radar,1,4,19,0,24,0,0,16,0,16,1,4,35,0,40,46,0,46,86
04/17/2006,YIP,MI,AGL,CE,Towers with Radar,4,30,65,0,99,0,0,46,0,46,4,30,111,0,145,256,0,256,401
04/18/2006,YIP,MI,AGL,CE,Towers with Radar,12,54,69,0,135,0,0,92,0,92,12,54,161,0,227,138,0,138,365
04/19/2006,YIP,MI,AGL,CE,Towers with Radar,6,41,57,0,104,0,0,79,0,79,6,41,136,0,183,204,0,204,387
04/20/2006,YIP,MI,AGL,CE,Towers with Radar,6,67,39,0,112,0,0,75,0,75,6,67,114,0,187,156,0,156,343
04/21/2006,YIP,MI,AGL,CE,Towers with Radar,6,53,33,0,92,0,0,65,0,65,6,53,98,0,157,156,0,156,313
04/22/2006,YIP,MI,AGL,CE,Towers with Radar,1,7,22,0,30,0,0,33,0,33,1,7,55,0,63,84,0,84,147
04/23/2006,YIP,MI,AGL,CE,Towers with Radar,0,11,33,0,44,0,0,15,0,15,0,11,48,0,59,0,0,0,59
04/24/2006,YIP,MI,AGL,CE,Towers with Radar,7,36,52,0,95,0,0,62,0,62,7,36,114,0,157,200,0,200,357
04/25/2006,YIP,MI,AGL,CE,Towers with Radar,6,62,85,0,153,0,0,32,0,32,6,62,117,0,185,36,0,36,221
04/26/2006,YIP,MI,AGL,CE,Towers with Radar,16,60,59,0,135,0,0,69,0,69,16,60,128,0,204,122,0,122,326
04/27/2006,YIP,MI,AGL,CE,Towers with Radar,10,50,63,0,123,0,0,67,0,67,10,50,130,0,190,74,0,74,264
04/28/2006,YIP,MI,AGL,CE,Towers with Radar,5,40,79,0,124,0,0,68,2,70,5,40,147,2,194,132,16,148,342
04/29/2006,YIP,MI,AGL,CE,Towers with Radar,5,18,35,0,58,0,0,50,0,50,5,18,85,0,108,44,0,44,152
04/30/2006,YIP,MI,AGL,CE,Towers with Radar,5,23,44,0,72,0,0,37,0,37,5,23,81,0,109,96,0,96,205
05/01/2006,YIP,MI,AGL,CE,Towers with Radar,5,47,34,0,86,0,0,41,0,41,5,47,75,0,127,66,0,66,193
05/02/2006,YIP,MI,AGL,CE,Towers with Radar,5,58,46,0,109,0,0,10,0,10,5,58,56,0,119,46,0,46,165
05/03/2006,YIP,MI,AGL,CE,Towers with Radar,8,62,61,0,131,0,0,64,0,64,8,62,125,0,195,164,0,164,359
05/04/2006,YIP,MI,AGL,CE,Towers with Radar,19,62,54,0,135,0,0,59,0,59,19,62,113,0,194,78,0,78,272
05/05/2006,YIP,MI,AGL,CE,Towers with Radar,15,50,57,0,122,0,0,65,0,65,15,50,122,0,187,124,0,124,311
05/06/2006,YIP,MI,AGL,CE,Towers with Radar,6,13,18,0,37,0,0,75,0,75,6,13,93,0,112,58,0,58,170
05/07/2006,YIP,MI,AGL,CE,Towers with Radar,7,17,29,0,53,0,0,71,0,71,7,17,100,0,124,146,0,146,270
05/08/2006,YIP,MI,AGL,CE,Towers with Radar,7,39,35,0,81,0,0,99,0,99,7,39,134,0,180,166,0,166,346
05/09/2006,YIP,MI,AGL,CE,Towers with Radar,10,60,76,0,146,0,0,37,0,37,10,60,113,0,183,52,0,52,235
05/10/2006,YIP,MI,AGL,CE,Towers with Radar,13,59,57,0,129,0,0,22,0,22,13,59,79,0,151,58,0,58,209
05/11/2006,YIP,MI,AGL,CE,Towers with Radar,16,60,54,0,130,0,0,2,0,2,16,60,56,0,132,0,0,0,132
05/12/2006,YIP,MI,AGL,CE,Towers with Radar,13,64,47,0,124,0,0,2,0,2,13,64,49,0,126,4,0,4,130
05/13/2006,YIP,MI,AGL,CE,Towers with Radar,4,31,27,0,62,0,0,9,0,9,4,31,36,0,71,20,0,20,91
05/14/2006,YIP,MI,AGL,CE,Towers with Radar,0,16,30,0,46,0,0,7,0,7,0,16,37,0,53,12,0,12,65
05/15/2006,YIP,MI,AGL,CE,Towers with Radar,2,46,69,0,117,0,0,1,0,1,2,46,70,0,118,0,0,0,118
05/16/2006,YIP,MI,AGL,CE,Towers with Radar,4,67,74,0,145,0,0,27,0,27,4,67,101,0,172,68,0,68,240
05/17/2006,YIP,MI,AGL,CE,Towers with Radar,7,63,61,0,131,0,0,50,0,50,7,63,111,0,181,74,0,74,255
05/18/2006,YIP,MI,AGL,CE,Towers with Radar,7,57,65,0,129,0,0,19,0,19,7,57,84,0,148,2,0,2,150
05/19/2006,YIP,MI,AGL,CE,Towers with Radar,13,57,60,0,130,0,0,26,0,26,13,57,86,0,156,12,0,12,168
05/20/2006,YIP,MI,AGL,CE,Towers with Radar,4,15,30,0,49,0,0,68,0,68,4,15,98,0,117,84,0,84,201
05/21/2006,YIP,MI,AGL,CE,Towers with Radar,8,20,17,0,45,0,0,23,1,24,8,20,40,1,69,14,0,14,83
05/22/2006,YIP,MI,AGL,CE,Towers with Radar,4,31,60,0,95,0,0,52,0,52,4,31,112,0,147,92,0,92,239
05/23/2006,YIP,MI,AGL,CE,Towers with Radar,8,57,60,3,128,0,0,88,0,88,8,57,148,3,216,168,0,168,384
05/24/2006,YIP,MI,AGL,CE,Towers with Radar,9,47,75,0,131,0,0,57,0,57,9,47,132,0,188,184,0,184,372
05/25/2006,YIP,MI,AGL,CE,Towers with Radar,7,73,53,0,133,0,0,8,0,8,7,73,61,0,141,56,0,56,197
05/26/2006,YIP,MI,AGL,CE,Towers with Radar,6,59,47,0,112,0,0,22,0,22,6,59,69,0,134,10,0,10,144
05/27/2006,YIP,MI,AGL,CE,Towers with Radar,3,22,26,0,51,0,0,55,0,55,3,22,81,0,106,88,0,88,194
05/28/2006,YIP,MI,AGL,CE,Towers with Radar,0,10,11,0,21,0,0,47,0,47,0,10,58,0,68,26,0,26,94
05/29/2006,YIP,MI,AGL,CE,Towers with Radar,2,18,21,0,41,0,0,157,0,157,2,18,178,0,198,96,0,96,294
05/30/2006,YIP,MI,AGL,CE,Towers with Radar,0,54,46,0,100,0,0,37,0,37,0,54,83,0,137,50,0,50,187
05/31/2006,YIP,MI,AGL,CE,Towers with Radar,7,57,45,0,109,0,0,29,0,29,7,57,74,0,138,74,0,74,212
06/01/2006,YIP,MI,AGL,CE,Towers with Radar,23,54,64,0,141,0,0,66,0,66,23,54,130,0,207,152,0,152,359
06/02/2006,YIP,MI,AGL,CE,Towers with Radar,3,57,61,0,121,0,0,66,0,66,3,57,127,0,187,60,0,60,247
06/03/2006,YIP,MI,AGL,CE,Towers with Radar,6,19,21,0,46,0,0,43,0,43,6,19,64,0,89,94,0,94,183
06/04/2006,YIP,MI,AGL,CE,Towers with Radar,6,4,23,0,33,0,0,55,0,55,6,4,78,0,88,100,0,100,188
06/05/2006,YIP,MI,AGL,CE,Towers with Radar,8,40,44,0,92,0,0,68,0,68,8,40,112,0,160,102,0,102,262
06/06/2006,YIP,MI,AGL,CE,Towers with Radar,5,59,55,0,119,0,0,86,0,86,5,59,141,0,205,130,0,130,335
06/07/2006,YIP,MI,AGL,CE,Towers with Radar,14,64,68,0,146,0,0,20,0,20,14,64,88,0,166,24,0,24,190
06/08/2006,YIP,MI,AGL,CE,Towers with Radar,16,74,65,0,155,0,0,51,0,51,16,74,116,0,206,86,0,86,292
06/09/2006,YIP,MI,AGL,CE,Towers with Radar,17,55,44,0,116,0,0,43,0,43,17,55,87,0,159,42,0,42,201
06/10/2006,YIP,MI,AGL,CE,Towers with Radar,3,31,29,0,63,0,0,76,0,76,3,31,105,0,139,140,0,140,279
06/11/2006,YIP,MI,AGL,CE,Towers with Radar,3,10,40,0,53,0,0,64,0,64,3,10,104,0,117,156,0,156,273
06/12/2006,YIP,MI,AGL,CE,Towers with Radar,22,46,61,0,129,0,0,61,0,61,22,46,122,0,190,88,0,88,278
06/13/2006,YIP,MI,AGL,CE,Towers with Radar,17,67,68,0,152,0,0,56,0,56,17,67,124,0,208,192,0,192,400
06/14/2006,YIP,MI,AGL,CE,Towers with Radar,20,92,77,0,189,0,0,62,0,62,20,92,139,0,251,86,0,86,337
06/15/2006,YIP,MI,AGL,CE,Towers with Radar,23,89,78,0,190,0,0,84,0,84,23,89,162,0,274,206,0,206,480
06/16/2006,YIP,MI,AGL,CE,Towers with Radar,25,59,49,1,134,0,0,40,4,44,25,59,89,5,178,80,0,80,258
06/17/2006,YIP,MI,AGL,CE,Towers with Radar,12,22,35,2,71,0,0,64,0,64,12,22,99,2,135,82,5,87,222
06/18/2006,YIP,MI,AGL,CE,Towers with Radar,11,22,26,0,59,0,0,25,0,25,11,22,51,0,84,38,0,38,122
06/19/2006,YIP,MI,AGL,CE,Towers with Radar,10,51,39,0,100,0,0,29,0,29,10,51,68,0,129,40,0,40,169
06/20/2006,YIP,MI,AGL,CE,Towers with Radar,22,63,61,0,146,0,0,75,0,75,22,63,136,0,221,86,0,86,307
06/21/2006,YIP,MI,AGL,CE,Towers with Radar,30,74,56,0,160,0,0,5,0,5,30,74,61,0,165,0,0,0,165
06/22/2006,YIP,MI,AGL,CE,Towers with Radar,20,90,51,0,161,0,0,25,0,25,20,90,76,0,186,152,0,152,338
06/23/2006,YIP,MI,AGL,CE,Towers with Radar,25,89,80,2,196,0,0,75,0,75,25,89,155,2,271,148,0,148,419
06/24/2006,YIP,MI,AGL,CE,Towers with Radar,9,36,46,0,91,0,0,11,0,11,9,36,57,0,102,134,0,134,236
06/25/2006,YIP,MI,AGL,CE,Towers with Radar,32,11,45,1,89,0,0,59,0,59,32,11,104,1,148,124,0,124,272
06/26/2006,YIP,MI,AGL,CE,Towers with Radar,15,56,38,0,109,0,0,31,0,31,15,56,69,0,140,28,0,28,168
06/27/2006,YIP,MI,AGL,CE,Towers with Radar,29,48,51,0,128,0,0,22,0,22,29,48,73,0,150,24,0,24,174
06/28/2006,YIP,MI,AGL,CE,Towers with Radar,29,71,69,0,169,0,0,50,0,50,29,71,119,0,219,90,0,90,309
06/29/2006,YIP,MI,AGL,CE,Towers with Radar,41,84,100,0,225,0,0,59,0,59,41,84,159,0,284,96,0,96,380
06/30/2006,YIP,MI,AGL,CE,Towers with Radar,20,65,44,0,129,0,0,52,0,52,20,65,96,0,181,104,0,104,285
07/01/2006,YIP,MI,AGL,CE,Towers with Radar,18,9,24,0,51,0,0,39,0,39,18,9,63,0,90,48,0,48,138
07/02/2006,YIP,MI,AGL,CE,Towers with Radar,5,10,18,0,33,0,0,20,0,20,5,10,38,0,53,60,0,60,113
07/03/2006,YIP,MI,AGL,CE,Towers with Radar,7,20,19,0,46,0,0,44,0,44,7,20,63,0,90,42,0,42,132
07/04/2006,YIP,MI,AGL,CE,Towers with Radar,3,10,12,0,25,0,0,14,0,14,3,10,26,0,39,12,0,12,51
07/05/2006,YIP,MI,AGL,CE,Towers with Radar,12,45,34,0,91,0,0,59,0,59,12,45,93,0,150,56,0,56,206
07/06/2006,YIP,MI,AGL,CE,Towers with Radar,3,49,34,0,86,0,0,71,0,71,3,49,105,0,157,136,0,136,293
07/07/2006,YIP,MI,AGL,CE,Towers with Radar,7,47,31,0,85,0,0,82,1,83,7,47,113,1,168,106,0,106,274
07/08/2006,YIP,MI,AGL,CE,Towers with Radar,2,10,18,0,30,0,0,84,0,84,2,10,102,0,114,212,0,212,326
07/09/2006,YIP,MI,AGL,CE,Towers with Radar,1,10,22,1,34,0,0,57,0,57,1,10,79,1,91,88,0,88,179
07/10/2006,YIP,MI,AGL,CE,Towers with Radar,1,33,37,0,71,0,0,39,0,39,1,33,76,0,110,100,0,100,210
07/11/2006,YIP,MI,AGL,CE,Towers with Radar,0,37,53,0,90,0,0,11,0,11,0,37,64,0,101,8,0,8,109
07/12/2006,YIP,MI,AGL,CE,Towers with Radar,6,56,69,0,131,0,0,28,0,28,6,56,97,0,159,72,0,72,231
07/13/2006,YIP,MI,AGL,CE,Towers with Radar,3,40,59,0,102,0,0,58,0,58,3,40,117,0,160,112,0,112,272
07/14/2006,YIP,MI,AGL,CE,Towers with Radar,5,51,46,2,104,0,0,39,0,39,5,51,85,2,143,46,0,46,189
07/15/2006,YIP,MI,AGL,CE,Towers with Radar,4,8,15,0,27,0,0,54,0,54,4,8,69,0,81,16,0,16,97
07/16/2006,YIP,MI,AGL,CE,Towers with Radar,0,19,22,2,43,0,0,59,0,59,0,19,81,2,102,74,0,74,176
07/17/2006,YIP,MI,AGL,CE,Towers with Radar,8,43,37,0,88,0,0,43,0,43,8,43,80,0,131,96,0,96,227
07/18/2006,YIP,MI,AGL,CE,Towers with Radar,2,56,53,0,111,0,0,68,0,68,2,56,121,0,179,172,0,172,351
07/19/2006,YIP,MI,AGL,CE,Towers with Radar,16,57,59,0,132,0,0,62,0,62,16,57,121,0,194,124,0,124,318
07/20/2006,YIP,MI,AGL,CE,Towers with Radar,4,45,39,0,88,0,0,25,0,25,4,45,64,0,113,50,0,50,163
07/21/2006,YIP,MI,AGL,CE,Towers with Radar,16,56,50,0,122,0,0,47,0,47,16,56,97,0,169,18,0,18,187
07/22/2006,YIP,MI,AGL,CE,Towers with Radar,3,22,25,0,50,0,0,54,0,54,3,22,79,0,104,92,0,92,196
07/23/2006,YIP,MI,AGL,CE,Towers with Radar,1,15,38,0,54,0,0,52,0,52,1,15,90,0,106,64,0,64,170
07/24/2006,YIP,MI,AGL,CE,Towers with Radar,5,54,45,0,104,0,0,70,0,70,5,54,115,0,174,78,0,78,252
07/25/2006,YIP,MI,AGL,CE,Towers with Radar,10,98,71,0,179,0,0,38,0,38,10,98,109,0,217,40,0,40,257
07/26/2006,YIP,MI,AGL,CE,Towers with Radar,18,52,67,0,137,0,0,47,0,47,18,52,114,0,184,64,0,64,248
07/27/2006,YIP,MI,AGL,CE,Towers with Radar,8,44,55,0,107,0,0,10,0,10,8,44,65,0,117,0,0,0,117
07/28/2006,YIP,MI,AGL,CE,Towers with Radar,10,51,59,1,121,0,0,45,0,45,10,51,104,1,166,76,0,76,242
07/29/2006,YIP,MI,AGL,CE,Towers with Radar,2,14,41,0,57,0,0,39,0,39,2,14,80,0,96,76,0,76,172
07/30/2006,YIP,MI,AGL,CE,Towers with Radar,0,18,23,0,41,0,0,45,0,45,0,18,68,0,86,72,0,72,158
07/31/2006,YIP,MI,AGL,CE,Towers with Radar,3,55,51,1,110,0,0,50,0,50,3,55,101,1,160,36,0,36,196
08/01/2006,YIP,MI,AGL,CE,Towers with Radar,10,48,47,0,105,0,0,42,0,42,10,48,89,0,147,58,0,58,205
08/02/2006,YIP,MI,AGL,CE,Towers with Radar,8,60,47,0,115,0,0,45,0,45,8,60,92,0,160,72,0,72,232
08/03/2006,YIP,MI,AGL,CE,Towers with Radar,12,65,48,1,126,0,0,9,0,9,12,65,57,1,135,74,6,80,215
08/04/2006,YIP,MI,AGL,CE,Towers with Radar,14,53,70,2,139,0,0,111,11,122,14,53,181,13,261,142,10,152,413
08/05/2006,YIP,MI,AGL,CE,Towers with Radar,5,12,39,2,58,0,0,200,0,200,5,12,239,2,258,408,0,408,666
08/06/2006,YIP,MI,AGL,CE,Towers with Radar,3,16,31,2,52,0,0,252,0,252,3,16,283,2,304,464,0,464,768
08/07/2006,YIP,MI,AGL,CE,Towers with Radar,3,50,61,2,116,0,0,38,0,38,3,50,99,2,154,74,0,74,228
08/08/2006,YIP,MI,AGL,CE,Towers with Radar,9,59,62,0,130,0,0,64,0,64,9,59,126,0,194,158,0,158,352
08/09/2006,YIP,MI,AGL,CE,Towers with Radar,8,57,54,0,119,0,0,70,0,70,8,57,124,0,189,180,0,180,369
08/10/2006,YIP,MI,AGL,CE,Towers with Radar,7,84,68,0,159,0,0,48,0,48,7,84,116,0,207,146,0,146,353
08/11/2006,YIP,MI,AGL,CE,Towers with Radar,5,67,49,0,121,0,0,78,0,78,5,67,127,0,199,78,0,78,277
08/12/2006,YIP,MI,AGL,CE,Towers with Radar,3,20,43,0,66,0,0,57,0,57,3,20,100,0,123,70,0,70,193
08/13/2006,YIP,MI,AGL,CE,Towers with Radar,1,8,33,0,42,0,0,79,0,79,1,8,112,0,121,80,0,80,201
08/14/2006,YIP,MI,AGL,CE,Towers with Radar,10,52,50,0,112,0,0,34,0,34,10,52,84,0,146,72,0,72,218
08/15/2006,YIP,MI,AGL,CE,Towers with Radar,13,46,70,0,129,0,0,64,0,64,13,46,134,0,193,136,0,136,329
08/16/2006,YIP,MI,AGL,CE,Towers with Radar,10,50,69,0,129,0,0,63,0,63,10,50,132,0,192,150,0,150,342
08/17/2006,YIP,MI,AGL,CE,Towers with Radar,6,52,68,0,126,0,0,86,0,86,6,52,154,0,212,70,0,70,282
08/18/2006,YIP,MI,AGL,CE,Towers with Radar,9,54,58,0,121,0,0,51,0,51,9,54,109,0,172,64,0,64,236
08/19/2006,YIP,MI,AGL,CE,Towers with Radar,7,18,35,0,60,0,0,7,0,7,7,18,42,0,67,0,0,0,67
08/20/2006,YIP,MI,AGL,CE,Towers with Radar,5,10,42,0,57,0,0,64,0,64,5,10,106,0,121,58,0,58,179
08/21/2006,YIP,MI,AGL,CE,Towers with Radar,4,50,64,0,118,0,0,81,0,81,4,50,145,0,199,90,0,90,289
08/22/2006,YIP,MI,AGL,CE,Towers with Radar,1,59,53,0,113,0,0,35,0,35,1,59,88,0,148,104,0,104,252
08/23/2006,YIP,MI,AGL,CE,Towers with Radar,4,54,58,0,116,0,0,57,0,57,4,54,115,0,173,126,0,126,299
08/24/2006,YIP,MI,AGL,CE,Towers with Radar,31,64,70,0,165,0,0,22,0,22,31,64,92,0,187,50,0,50,237
08/25/2006,YIP,MI,AGL,CE,Towers with Radar,34,73,37,0,144,0,0,25,0,25,34,73,62,0,169,48,0,48,217
08/26/2006,YIP,MI,AGL,CE,Towers with Radar,7,14,27,0,48,0,0,18,0,18,7,14,45,0,66,76,0,76,142
08/27/2006,YIP,MI,AGL,CE,Towers with Radar,0,25,30,0,55,0,0,3,0,3,0,25,33,0,58,10,0,10,68
08/28/2006,YIP,MI,AGL,CE,Towers with Radar,11,53,53,0,117,0,0,8,0,8,11,53,61,0,125,38,0,38,163
08/29/2006,YIP,MI,AGL,CE,Towers with Radar,15,85,48,0,148,0,0,28,0,28,15,85,76,0,176,84,0,84,260
08/30/2006,YIP,MI,AGL,CE,Towers with Radar,14,75,91,0,180,0,0,47,0,47,14,75,138,0,227,84,0,84,311
08/31/2006,YIP,MI,AGL,CE,Towers with Radar,6,69,67,0,142,0,0,89,0,89,6,69,156,0,231,158,0,158,389
09/01/2006,YIP,MI,AGL,CE,Towers with Radar,8,58,55,0,121,0,0,58,0,58,8,58,113,0,179,108,0,108,287
09/02/2006,YIP,MI,AGL,CE,Towers with Radar,1,10,26,0,37,0,0,33,0,33,1,10,59,0,70,60,0,60,130
09/03/2006,YIP,MI,AGL,CE,Towers with Radar,0,3,39,0,42,0,0,21,0,21,0,3,60,0,63,6,0,6,69
09/04/2006,YIP,MI,AGL,CE,Towers with Radar,6,4,39,0,49,0,0,37,0,37,6,4,76,0,86,76,0,76,162
09/05/2006,YIP,MI,AGL,CE,Towers with Radar,28,58,44,0,130,0,0,26,0,26,28,58,70,0,156,90,0,90,246
09/06/2006,YIP,MI,AGL,CE,Towers with Radar,7,79,63,0,149,0,0,45,0,45,7,79,108,0,194,44,0,44,238
09/07/2006,YIP,MI,AGL,CE,Towers with Radar,9,59,68,0,136,0,0,49,0,49,9,59,117,0,185,92,0,92,277
09/08/2006,YIP,MI,AGL,CE,Towers with Radar,9,55,58,0,122,0,0,42,0,42,9,55,100,0,164,74,0,74,238
09/09/2006,YIP,MI,AGL,CE,Towers with Radar,3,17,22,0,42,0,0,22,0,22,3,17,44,0,64,48,0,48,112
09/10/2006,YIP,MI,AGL,CE,Towers with Radar,2,7,27,0,36,0,0,37,0,37,2,7,64,0,73,46,0,46,119
09/11/2006,YIP,MI,AGL,CE,Towers with Radar,8,46,63,0,117,0,0,30,0,30,8,46,93,0,147,70,0,70,217
09/12/2006,YIP,MI,AGL,CE,Towers with Radar,14,47,51,0,112,0,0,0,0,0,14,47,51,0,112,0,0,0,112
09/13/2006,YIP,MI,AGL,CE,Towers with Radar,16,52,54,0,122,0,0,6,0,6,16,52,60,0,128,48,0,48,176
09/14/2006,YIP,MI,AGL,CE,Towers with Radar,14,59,94,0,167,0,0,52,0,52,14,59,146,0,219,112,0,112,331
09/15/2006,YIP,MI,AGL,CE,Towers with Radar,17,60,58,0,135,0,0,52,0,52,17,60,110,0,187,122,0,122,309
09/16/2006,YIP,MI,AGL,CE,Towers with Radar,3,12,20,0,35,0,0,52,0,52,3,12,72,0,87,26,0,26,113
09/17/2006,YIP,MI,AGL,CE,Towers with Radar,1,11,50,0,62,0,0,32,0,32,1,11,82,0,94,64,0,64,158
09/18/2006,YIP,MI,AGL,CE,Towers with Radar,5,56,43,0,104,0,0,10,0,10,5,56,53,0,114,28,0,28,142
09/19/2006,YIP,MI,AGL,CE,Towers with Radar,11,43,54,0,108,0,0,30,0,30,11,43,84,0,138,60,0,60,198
09/20/2006,YIP,MI,AGL,CE,Towers with Radar,20,67,68,0,155,0,0,53,0,53,20,67,121,0,208,72,0,72,280
09/21/2006,YIP,MI,AGL,CE,Towers with Radar,5,63,60,0,128,0,0,61,0,61,5,63,121,0,189,192,0,192,381
09/22/2006,YIP,MI,AGL,CE,Towers with Radar,15,71,70,0,156,0,0,57,0,57,15,71,127,0,213,100,0,100,313
09/23/2006,YIP,MI,AGL,CE,Towers with Radar,2,26,45,0,73,0,0,7,0,7,2,26,52,0,80,4,0,4,84
09/24/2006,YIP,MI,AGL,CE,Towers with Radar,0,20,29,0,49,0,0,18,0,18,0,20,47,0,67,90,0,90,157
09/25/2006,YIP,MI,AGL,CE,Towers with Radar,16,48,63,0,127,0,0,39,0,39,16,48,102,0,166,48,0,48,214
09/26/2006,YIP,MI,AGL,CE,Towers with Radar,14,63,48,0,125,0,0,79,0,79,14,63,127,0,204,104,0,104,308
09/27/2006,YIP,MI,AGL,CE,Towers with Radar,23,47,52,0,122,0,0,29,0,29,23,47,81,0,151,22,0,22,173
09/28/2006,YIP,MI,AGL,CE,Towers with Radar,19,53,63,0,135,0,0,35,0,35,19,53,98,0,170,48,0,48,218
09/29/2006,YIP,MI,AGL,CE,Towers with Radar,29,47,51,0,127,0,0,68,0,68,29,47,119,0,195,90,0,90,285
09/30/2006,YIP,MI,AGL,CE,Towers with Radar,6,12,37,0,55,0,0,4,0,4,6,12,41,0,59,4,0,4,63
10/01/2006,YIP,MI,AGL,CE,Towers with Radar,2,15,26,0,43,0,0,60,0,60,2,15,86,0,103,144,0,144,247
10/02/2006,YIP,MI,AGL,CE,Towers with Radar,14,39,54,0,107,0,0,19,0,19,14,39,73,0,126,14,0,14,140
10/03/2006,YIP,MI,AGL,CE,Towers with Radar,23,48,48,0,119,0,0,51,0,51,23,48,99,0,170,42,0,42,212
10/04/2006,YIP,MI,AGL,CE,Towers with Radar,17,64,63,0,144,0,0,8,0,8,17,64,71,0,152,2,0,2,154
10/05/2006,YIP,MI,AGL,CE,Towers with Radar,21,67,70,0,158,0,0,61,0,61,21,67,131,0,219,240,0,240,459
10/06/2006,YIP,MI,AGL,CE,Towers with Radar,14,65,79,0,158,0,0,63,0,63,14,65,142,0,221,178,0,178,399
10/07/2006,YIP,MI,AGL,CE,Towers with Radar,13,46,35,0,94,0,0,60,0,60,13,46,95,0,154,50,0,50,204
10/08/2006,YIP,MI,AGL,CE,Towers with Radar,5,18,29,0,52,0,0,45,0,45,5,18,74,0,97,96,0,96,193
10/09/2006,YIP,MI,AGL,CE,Towers with Radar,12,34,45,2,93,0,0,54,0,54,12,34,99,2,147,186,0,186,333
10/10/2006,YIP,MI,AGL,CE,Towers with Radar,14,54,44,0,112,0,0,62,0,62,14,54,106,0,174,258,0,258,432
10/11/2006,YIP,MI,AGL,CE,Towers with Radar,19,53,64,0,136,0,0,6,0,6,19,53,70,0,142,16,0,16,158
10/12/2006,YIP,MI,AGL,CE,Towers with Radar,21,40,48,0,109,0,0,8,0,8,21,40,56,0,117,30,0,30,147
10/13/2006,YIP,MI,AGL,CE,Towers with Radar,19,61,54,0,134,0,0,17,0,17,19,61,71,0,151,44,0,44,195
10/14/2006,YIP,MI,AGL,CE,Towers with Radar,5,12,21,0,38,0,0,18,0,18,5,12,39,0,56,26,0,26,82
10/15/2006,YIP,MI,AGL,CE,Towers with Radar,5,13,47,0,65,0,0,70,0,70,5,13,117,0,135,182,0,182,317
10/16/2006,YIP,MI,AGL,CE,Towers with Radar,7,44,44,0,95,0,0,40,0,40,7,44,84,0,135,108,0,108,243
10/17/2006,YIP,MI,AGL,CE,Towers with Radar,24,68,55,0,147,0,0,6,0,6,24,68,61,0,153,10,0,10,163
10/18/2006,YIP,MI,AGL,CE,Towers with Radar,32,61,57,0,150,0,0,35,0,35,32,61,92,0,185,86,0,86,271
10/19/2006,YIP,MI,AGL,CE,Towers with Radar,15,68,70,0,153,0,0,24,0,24,15,68,94,0,177,50,0,50,227
10/20/2006,YIP,MI,AGL,CE,Towers with Radar,20,68,59,0,147,0,0,64,0,64,20,68,123,0,211,90,0,90,301
10/21/2006,YIP,MI,AGL,CE,Towers with Radar,11,37,39,0,87,0,0,18,0,18,11,37,57,0,105,38,0,38,143
10/22/2006,YIP,MI,AGL,CE,Towers with Radar,1,21,41,0,63,0,0,4,0,4,1,21,45,0,67,0,0,0,67
10/23/2006,YIP,MI,AGL,CE,Towers with Radar,6,41,35,0,82,0,0,28,0,28,6,41,63,0,110,16,0,16,126
10/24/2006,YIP,MI,AGL,CE,Towers with Radar,11,56,51,0,118,0,0,21,0,21,11,56,72,0,139,40,0,40,179
10/25/2006,YIP,MI,AGL,CE,Towers with Radar,16,59,53,0,128,0,0,48,0,48,16,59,101,0,176,130,0,130,306
10/26/2006,YIP,MI,AGL,CE,Towers with Radar,14,45,33,0,92,0,0,57,0,57,14,45,90,0,149,162,0,162,311
10/27/2006,YIP,MI,AGL,CE,Towers with Radar,9,54,47,0,110,0,0,5,0,5,9,54,52,0,115,14,0,14,129
10/28/2006,YIP,MI,AGL,CE,Towers with Radar,9,14,17,0,40,0,0,4,0,4,9,14,21,0,44,0,0,0,44
10/29/2006,YIP,MI,AGL,CE,Towers with Radar,2,29,16,0,47,0,0,37,0,37,2,29,53,0,84,42,0,42,126
10/30/2006,YIP,MI,AGL,CE,Towers with Radar,8,46,57,0,111,0,0,69,0,69,8,46,126,0,180,136,0,136,316
10/31/2006,YIP,MI,AGL,CE,Towers with Radar,26,54,35,0,115,0,0,38,0,38,26,54,73,0,153,130,0,130,283
11/01/2006,YIP,MI,AGL,CE,Towers with Radar,30,77,60,0,167,0,0,62,0,62,30,77,122,0,229,132,0,132,361
11/02/2006,YIP,MI,AGL,CE,Towers with Radar,30,54,56,0,140,0,0,24,0,24,30,54,80,0,164,44,0,44,208
11/03/2006,YIP,MI,AGL,CE,Towers with Radar,13,51,44,4,112,0,0,35,0,35,13,51,79,4,147,132,0,132,279
11/04/2006,YIP,MI,AGL,CE,Towers with Radar,7,13,34,0,54,0,0,58,0,58,7,13,92,0,112,58,4,62,174
11/05/2006,YIP,MI,AGL,CE,Towers with Radar,0,20,30,1,51,0,0,84,0,84,0,20,114,1,135,90,0,90,225
11/06/2006,YIP,MI,AGL,CE,Towers with Radar,11,39,46,0,96,0,0,62,0,62,11,39,108,0,158,86,0,86,244
11/07/2006,YIP,MI,AGL,CE,Towers with Radar,13,59,58,0,130,0,0,0,0,0,13,59,58,0,130,0,0,0,130
11/08/2006,YIP,MI,AGL,CE,Towers with Radar,11,44,75,0,130,0,0,4,0,4,11,44,79,0,134,2,0,2,136
11/09/2006,YIP,MI,AGL,CE,Towers with Radar,6,42,56,0,104,0,0,91,0,91,6,42,147,0,195,90,0,90,285
11/10/2006,YIP,MI,AGL,CE,Towers with Radar,6,57,47,0,110,0,0,51,0,51,6,57,98,0,161,108,0,108,269
11/11/2006,YIP,MI,AGL,CE,Towers with Radar,5,17,8,2,32,0,0,13,0,13,5,17,21,2,45,20,0,20,65
11/12/2006,YIP,MI,AGL,CE,Towers with Radar,3,26,25,0,54,0,0,15,0,15,3,26,40,0,69,106,0,106,175
11/13/2006,YIP,MI,AGL,CE,Towers with Radar,6,34,64,0,104,0,0,11,0,11,6,34,75,0,115,22,0,22,137
11/14/2006,YIP,MI,AGL,CE,Towers with Radar,4,44,56,0,104,0,0,17,0,17,4,44,73,0,121,104,0,104,225
11/15/2006,YIP,MI,AGL,CE,Towers with Radar,11,50,50,0,111,0,0,11,0,11,11,50,61,0,122,22,0,22,144
11/16/2006,YIP,MI,AGL,CE,Towers with Radar,14,74,58,0,146,0,0,4,0,4,14,74,62,0,150,0,0,0,150
11/17/2006,YIP,MI,AGL,CE,Towers with Radar,15,83,58,0,156,0,0,40,0,40,15,83,98,0,196,80,0,80,276
11/18/2006,YIP,MI,AGL,CE,Towers with Radar,3,9,39,0,51,0,0,28,0,28,3,9,67,0,79,62,0,62,141
11/19/2006,YIP,MI,AGL,CE,Towers with Radar,3,21,18,0,42,0,0,1,0,1,3,21,19,0,43,38,0,38,81
11/20/2006,YIP,MI,AGL,CE,Towers with Radar,19,44,54,0,117,0,0,79,0,79,19,44,133,0,196,104,0,104,300
11/21/2006,YIP,MI,AGL,CE,Towers with Radar,8,70,69,0,147,0,0,91,0,91,8,70,160,0,238,142,0,142,380
11/22/2006,YIP,MI,AGL,CE,Towers with Radar,14,55,46,0,115,0,0,72,0,72,14,55,118,0,187,98,0,98,285
11/23/2006,YIP,MI,AGL,CE,Towers with Radar,3,9,13,0,25,0,0,7,0,7,3,9,20,0,32,16,0,16,48
11/24/2006,YIP,MI,AGL,CE,Towers with Radar,6,22,25,0,53,0,0,47,0,47,6,22,72,0,100,104,0,104,204
11/25/2006,YIP,MI,AGL,CE,Towers with Radar,2,16,6,0,24,0,0,55,0,55,2,16,61,0,79,94,0,94,173
11/26/2006,YIP,MI,AGL,CE,Towers with Radar,1,18,48,0,67,0,0,46,0,46,1,18,94,0,113,118,0,118,231
11/27/2006,YIP,MI,AGL,CE,Towers with Radar,10,58,51,0,119,0,0,50,0,50,10,58,101,0,169,48,0,48,217
11/28/2006,YIP,MI,AGL,CE,Towers with Radar,15,73,64,0,152,0,0,70,0,70,15,73,134,0,222,52,0,52,274
11/29/2006,YIP,MI,AGL,CE,Towers with Radar,34,87,57,0,178,0,0,0,0,0,34,87,57,0,178,8,0,8,186
11/30/2006,YIP,MI,AGL,CE,Towers with Radar,17,79,50,0,146,0,0,2,0,2,17,79,52,0,148,0,0,0,148
12/01/2006,YIP,MI,AGL,CE,Towers with Radar,30,59,52,0,141,0,0,6,0,6,30,59,58,0,147,0,0,0,147
12/02/2006,YIP,MI,AGL,CE,Towers with Radar,10,20,19,0,49,0,0,93,0,93,10,20,112,0,142,142,0,142,284
12/03/2006,YIP,MI,AGL,CE,Towers with Radar,5,10,29,0,44,0,0,28,0,28,5,10,57,0,72,66,0,66,138
12/04/2006,YIP,MI,AGL,CE,Towers with Radar,9,63,33,0,105,0,0,18,0,18,9,63,51,0,123,66,0,66,189
12/05/2006,YIP,MI,AGL,CE,Towers with Radar,21,74,47,0,142,0,0,71,0,71,21,74,118,0,213,106,0,106,319
12/06/2006,YIP,MI,AGL,CE,Towers with Radar,16,71,59,0,146,0,0,45,0,45,16,71,104,0,191,136,0,136,327
12/07/2006,YIP,MI,AGL,CE,Towers with Radar,19,78,55,0,152,0,0,15,0,15,19,78,70,0,167,0,0,0,167
12/08/2006,YIP,MI,AGL,CE,Towers with Radar,22,88,52,0,162,0,0,50,0,50,22,88,102,0,212,36,0,36,248
12/09/2006,YIP,MI,AGL,CE,Towers with Radar,12,19,20,0,51,0,0,56,0,56,12,19,76,0,107,112,0,112,219
12/10/2006,YIP,MI,AGL,CE,Towers with Radar,13,16,26,0,55,0,0,48,0,48,13,16,74,0,103,78,0,78,181
12/11/2006,YIP,MI,AGL,CE,Towers with Radar,20,60,65,1,146,0,0,56,0,56,20,60,121,1,202,58,0,58,260
12/12/2006,YIP,MI,AGL,CE,Towers with Radar,23,76,44,1,144,0,0,23,0,23,23,76,67,1,167,90,0,90,257
12/13/2006,YIP,MI,AGL,CE,Towers with Radar,35,80,60,0,175,0,0,29,0,29,35,80,89,0,204,56,0,56,260
12/14/2006,YIP,MI,AGL,CE,Towers with Radar,39,74,71,2,186,0,0,51,0,51,39,74,122,2,237,62,0,62,299
12/15/2006,YIP,MI,AGL,CE,Towers with Radar,34,74,55,0,163,0,0,38,0,38,34,74,93,0,201,53,0,53,254
12/16/2006,YIP,MI,AGL,CE,Towers with Radar,17,11,23,0,51,0,0,58,0,58,17,11,81,0,109,88,0,88,197
12/17/2006,YIP,MI,AGL,CE,Towers with Radar,4,17,23,0,44,0,0,14,0,14,4,17,37,0,58,24,0,24,82
12/18/2006,YIP,MI,AGL,CE,Towers with Radar,13,61,39,0,113,0,0,62,0,62,13,61,101,0,175,142,0,142,317
12/19/2006,YIP,MI,AGL,CE,Towers with Radar,19,92,62,0,173,0,0,68,0,68,19,92,130,0,241,170,0,170,411
12/20/2006,YIP,MI,AGL,CE,Towers with Radar,27,98,66,0,191,0,0,71,0,71,27,98,137,0,262,134,0,134,396
12/21/2006,YIP,MI,AGL,CE,Towers with Radar,28,104,57,0,189,0,0,13,0,13,28,104,70,0,202,58,0,58,260
12/22/2006,YIP,MI,AGL,CE,Towers with Radar,33,70,30,0,133,0,0,1,0,1,33,70,31,0,134,0,0,0,134
12/23/2006,YIP,MI,AGL,CE,Towers with Radar,9,16,12,0,37,0,0,0,0,0,9,16,12,0,37,0,0,0,37
12/24/2006,YIP,MI,AGL,CE,Towers with Radar,1,5,14,0,20,0,0,34,0,34,1,5,48,0,54,84,0,84,138
12/25/2006,YIP,MI,AGL,CE,Towers with Radar,0,6,6,0,12,0,0,1,0,1,0,6,7,0,13,1,0,1,14
12/26/2006,YIP,MI,AGL,CE,Towers with Radar,2,21,13,0,36,0,0,16,0,16,2,21,29,0,52,44,0,44,96
12/27/2006,YIP,MI,AGL,CE,Towers with Radar,11,24,51,0,86,0,0,33,0,33,11,24,84,0,119,72,0,72,191
12/28/2006,YIP,MI,AGL,CE,Towers with Radar,15,37,31,0,83,0,0,55,0,55,15,37,86,0,138,114,0,114,252
12/29/2006,YIP,MI,AGL,CE,Towers with Radar,13,21,27,0,61,0,0,26,0,26,13,21,53,0,87,68,0,68,155
12/30/2006,YIP,MI,AGL,CE,Towers with Radar,2,9,25,0,36,0,0,49,0,49,2,9,74,0,85,140,0,140,225
12/31/2006,YIP,MI,AGL,CE,Towers with Radar,0,12,7,0,19,0,0,0,0,0,0,12,7,0,19,0,0,0,19
01/01/2007,YIP,MI,AGL,CE,Towers with Radar,1,17,17,0,35,0,0,6,0,6,1,17,23,0,41,12,0,12,53
01/02/2007,YIP,MI,AGL,CE,Towers with Radar,13,56,35,0,104,0,0,53,0,53,13,56,88,0,157,112,0,112,269
01/03/2007,YIP,MI,AGL,CE,Towers with Radar,11,92,30,0,133,0,0,42,0,42,11,92,72,0,175,66,0,66,241
01/04/2007,YIP,MI,AGL,CE,Towers with Radar,16,58,32,0,106,0,0,26,0,26,16,58,58,0,132,50,0,50,182
01/05/2007,YIP,MI,AGL,CE,Towers with Radar,21,51,37,0,109,0,0,3,0,3,21,51,40,0,112,12,0,12,124
01/06/2007,YIP,MI,AGL,CE,Towers with Radar,4,8,12,0,24,0,0,6,0,6,4,8,18,0,30,20,0,20,50
01/07/2007,YIP,MI,AGL,CE,Towers with Radar,4,12,29,0,45,0,0,19,0,19,4,12,48,0,64,22,0,22,86
01/08/2007,YIP,MI,AGL,CE,Towers with Radar,9,40,40,0,89,0,0,13,0,13,9,40,53,0,102,2,0,2,104
01/09/2007,YIP,MI,AGL,CE,Towers with Radar,12,53,47,0,112,0,0,26,0,26,12,53,73,0,138,56,0,56,194
01/10/2007,YIP,MI,AGL,CE,Towers with Radar,10,53,51,0,114,0,0,53,0,53,10,53,104,0,167,76,0,76,243
01/11/2007,YIP,MI,AGL,CE,Towers with Radar,14,54,43,0,111,0,0,30,0,30,14,54,73,0,141,42,0,42,183
01/12/2007,YIP,MI,AGL,CE,Towers with Radar,24,53,39,0,116,0,0,13,0,13,24,53,52,0,129,16,0,16,145
01/13/2007,YIP,MI,AGL,CE,Towers with Radar,4,13,3,0,20,0,0,4,0,4,4,13,7,0,24,8,0,8,32
01/14/2007,YIP,MI,AGL,CE,Towers with Radar,5,7,3,0,15,0,0,0,0,0,5,7,3,0,15,0,0,0,15
01/15/2007,YIP,MI,AGL,CE,Towers with Radar,7,19,19,0,45,0,0,0,0,0,7,19,19,0,45,0,0,0,45
01/16/2007,YIP,MI,AGL,CE,Towers with Radar,2,56,52,0,110,0,0,31,0,31,2,56,83,0,141,52,0,52,193
01/17/2007,YIP,MI,AGL,CE,Towers with Radar,5,66,64,0,135,0,0,42,0,42,5,66,106,0,177,142,0,142,319
01/18/2007,YIP,MI,AGL,CE,Towers with Radar,7,63,51,0,121,0,0,39,0,39,7,63,90,0,160,94,0,94,254
01/19/2007,YIP,MI,AGL,CE,Towers with Radar,16,47,36,0,99,0,0,15,0,15,16,47,51,0,114,0,0,0,114
01/20/2007,YIP,MI,AGL,CE,Towers with Radar,4,16,31,0,51,0,0,149,0,149,4,16,180,0,200,160,0,160,360
01/21/2007,YIP,MI,AGL,CE,Towers with Radar,1,11,25,0,37,0,0,3,0,3,1,11,28,0,40,14,0,14,54
01/22/2007,YIP,MI,AGL,CE,Towers with Radar,10,54,49,0,113,0,0,17,0,17,10,54,66,0,130,52,0,52,182
01/23/2007,YIP,MI,AGL,CE,Towers with Radar,13,49,45,0,107,0,0,8,0,8,13,49,53,0,115,24,0,24,139
01/24/2007,YIP,MI,AGL,CE,Towers with Radar,33,45,53,0,131,0,0,33,0,33,33,45,86,0,164,20,0,20,184
01/25/2007,YIP,MI,AGL,CE,Towers with Radar,9,61,58,0,128,0,0,32,0,32,9,61,90,0,160,48,0,48,208
01/26/2007,YIP,MI,AGL,CE,Towers with Radar,11,52,39,0,102,0,0,4,0,4,11,52,43,0,106,0,0,0,106
01/27/2007,YIP,MI,AGL,CE,Towers with Radar,3,14,11,0,28,0,0,8,0,8,3,14,19,0,36,40,0,40,76
01/28/2007,YIP,MI,AGL,CE,Towers with Radar,0,17,38,0,55,0,0,10,0,10,0,17,48,0,65,14,0,14,79
01/29/2007,YIP,MI,AGL,CE,Towers with Radar,9,68,50,0,127,0,0,41,0,41,9,68,91,0,168,140,0,140,308
01/30/2007,YIP,MI,AGL,CE,Towers with Radar,13,58,48,0,119,0,0,5,0,5,13,58,53,0,124,0,0,0,124
01/31/2007,YIP,MI,AGL,CE,Towers with Radar,14,61,66,10,151,0,0,25,0,25,14,61,91,10,176,34,0,34,210
02/01/2007,YIP,MI,AGL,CE,Towers with Radar,14,60,55,2,131,0,0,19,0,19,14,60,74,2,150,84,0,84,234
02/02/2007,YIP,MI,AGL,CE,Towers with Radar,13,68,46,0,127,0,0,17,0,17,13,68,63,0,144,24,0,24,168
02/03/2007,YIP,MI,AGL,CE,Towers with Radar,4,7,1,0,12,0,0,5,0,5,4,7,6,0,17,0,0,0,17
02/04/2007,YIP,MI,AGL,CE,Towers with Radar,0,18,12,0,30,0,0,4,0,4,0,18,16,0,34,0,0,0,34
02/05/2007,YIP,MI,AGL,CE,Towers with Radar,13,42,55,0,110,0,0,15,0,15,13,42,70,0,125,8,0,8,133
02/06/2007,YIP,MI,AGL,CE,Towers with Radar,17,65,44,0,126,0,0,31,0,31,17,65,75,0,157,50,0,50,207
02/07/2007,YIP,MI,AGL,CE,Towers with Radar,13,63,45,0,121,0,0,39,0,39,13,63,84,0,160,36,0,36,196
02/08/2007,YIP,MI,AGL,CE,Towers with Radar,16,55,48,0,119,0,0,43,0,43,16,55,91,0,162,96,0,96,258
02/09/2007,YIP,MI,AGL,CE,Towers with Radar,25,84,54,0,163,0,0,62,0,62,25,84,116,0,225,148,0,148,373
02/10/2007,YIP,MI,AGL,CE,Towers with Radar,23,18,30,0,71,0,0,38,0,38,23,18,68,0,109,104,0,104,213
02/11/2007,YIP,MI,AGL,CE,Towers with Radar,1,21,42,0,64,0,0,29,0,29,1,21,71,0,93,120,0,120,213
02/12/2007,YIP,MI,AGL,CE,Towers with Radar,13,48,27,0,88,0,0,3,0,3,13,48,30,0,91,0,0,0,91
02/13/2007,YIP,MI,AGL,CE,Towers with Radar,26,45,26,0,97,0,0,9,0,9,26,45,35,0,106,2,0,2,108
02/14/2007,YIP,MI,AGL,CE,Towers with Radar,25,65,34,0,124,0,0,22,0,22,25,65,56,0,146,10,0,10,156
02/15/2007,YIP,MI,AGL,CE,Towers with Radar,24,73,85,0,182,0,0,37,0,37,24,73,122,0,219,88,0,88,307
02/16/2007,YIP,MI,AGL,CE,Towers with Radar,23,45,42,0,110,0,0,58,0,58,23,45,100,0,168,82,0,82,250
02/17/2007,YIP,MI,AGL,CE,Towers with Radar,9,14,16,0,39,0,0,2,0,2,9,14,18,0,41,6,0,6,47
02/18/2007,YIP,MI,AGL,CE,Towers with Radar,16,22,49,0,87,0,0,4,0,4,16,22,53,0,91,32,0,32,123
02/19/2007,YIP,MI,AGL,CE,Towers with Radar,7,71,55,0,133,0,0,51,0,51,7,71,106,0,184,146,0,146,330
02/20/2007,YIP,MI,AGL,CE,Towers with Radar,5,54,59,0,118,0,0,47,0,47,5,54,106,0,165,42,0,42,207
02/21/2007,YIP,MI,AGL,CE,Towers with Radar,28,40,49,0,117,0,0,23,0,23,28,40,72,0,140,20,0,20,160
02/22/2007,YIP,MI,AGL,CE,Towers with Radar,0,0,0,0,0,0,0,3,0,3,0,0,3,0,3,0,0,0,3
02/23/2007,YIP,MI,AGL,CE,Towers with Radar,7,56,48,0,111,0,0,73,0,73,7,56,121,0,184,94,0,94,278
02/24/2007,YIP,MI,AGL,CE,Towers with Radar,19,10,34,0,63,0,0,60,0,60,19,10,94,0,123,68,0,68,191
02/25/2007,YIP,MI,AGL,CE,Towers with Radar,5,8,8,0,21,0,0,1,0,1,5,8,9,0,22,0,0,0,22
02/26/2007,YIP,MI,AGL,CE,Towers with Radar,5,59,25,0,89,0,0,15,0,15,5,59,40,0,104,24,0,24,128
02/27/2007,YIP,MI,AGL,CE,Towers with Radar,7,65,45,2,119,0,0,12,0,12,7,65,57,2,131,52,0,52,183
02/28/2007,YIP,MI,AGL,CE,Towers with Radar,18,66,78,0,162,0,0,22,0,22,18,66,100,0,184,18,0,18,202
03/01/2007,YIP,MI,AGL,CE,Towers with Radar,18,38,34,0,90,0,0,0,0,0,18,38,34,0,90,0,0,0,90
03/02/2007,YIP,MI,AGL,CE,Towers with Radar,31,53,49,0,133,0,0,6,0,6,31,53,55,0,139,0,0,0,139
03/03/2007,YIP,MI,AGL,CE,Towers with Radar,21,9,17,0,47,0,0,8,0,8,21,9,25,0,55,2,0,2,57
03/04/2007,YIP,MI,AGL,CE,Towers with Radar,1,7,23,0,31,0,0,38,0,38,1,7,61,0,69,74,0,74,143
03/05/2007,YIP,MI,AGL,CE,Towers with Radar,0,0,0,0,0,0,0,19,0,19,0,0,19,0,19,0,0,0,19
03/06/2007,YIP,MI,AGL,CE,Towers with Radar,15,63,75,0,153,0,0,63,0,63,15,63,138,0,216,160,0,160,376
03/07/2007,YIP,MI,AGL,CE,Towers with Radar,26,54,69,0,149,0,0,41,0,41,26,54,110,0,190,112,0,112,302
03/08/2007,YIP,MI,AGL,CE,Towers with Radar,17,55,78,0,150,0,0,86,0,86,17,55,164,0,236,110,0,110,346
03/09/2007,YIP,MI,AGL,CE,Towers with Radar,18,67,58,0,143,0,0,81,0,81,18,67,139,0,224,214,0,214,438
03/10/2007,YIP,MI,AGL,CE,Towers with Radar,1,16,67,0,84,0,0,47,0,47,1,16,114,0,131,136,0,136,267
03/11/2007,YIP,MI,AGL,CE,Towers with Radar,6,18,33,0,57,0,0,70,0,70,6,18,103,0,127,142,0,142,269
03/12/2007,YIP,MI,AGL,CE,Towers with Radar,1,37,57,0,95,0,0,28,0,28,1,37,85,0,123,110,0,110,233
03/13/2007,YIP,MI,AGL,CE,Towers with Radar,15,50,70,0,135,0,0,56,0,56,15,50,126,0,191,218,0,218,409
03/14/2007,YIP,MI,AGL,CE,Towers with Radar,11,56,78,0,145,0,0,16,0,16,11,56,94,0,161,64,0,64,225
03/15/2007,YIP,MI,AGL,CE,Towers with Radar,23,74,79,0,176,0,0,68,0,68,23,74,147,0,244,84,0,84,328
03/16/2007,YIP,MI,AGL,CE,Towers with Radar,11,50,38,0,99,0,0,68,0,68,11,50,106,0,167,152,0,152,319
03/17/2007,YIP,MI,AGL,CE,Towers with Radar,17,19,20,0,56,0,0,37,0,37,17,19,57,0,93,102,0,102,195
03/18/2007,YIP,MI,AGL,CE,Towers with Radar,11,11,40,0,62,0,0,52,0,52,11,11,92,0,114,44,0,44,158
03/19/2007,YIP,MI,AGL,CE,Towers with Radar,6,51,32,0,89,0,0,10,0,10,6,51,42,0,99,0,0,0,99
03/20/2007,YIP,MI,AGL,CE,Towers with Radar,6,56,59,0,121,0,0,4,0,4,6,56,63,0,125,138,0,138,263
03/21/2007,YIP,MI,AGL,CE,Towers with Radar,22,56,51,0,129,0,0,21,0,21,22,56,72,0,150,30,0,30,180
03/22/2007,YIP,MI,AGL,CE,Towers with Radar,13,65,44,0,122,0,0,24,0,24,13,65,68,0,146,48,0,48,194
03/23/2007,YIP,MI,AGL,CE,Towers with Radar,18,55,68,0,141,0,0,42,0,42,18,55,110,0,183,150,0,150,333
03/24/2007,YIP,MI,AGL,CE,Towers with Radar,3,9,32,0,44,0,0,11,0,11,3,9,43,0,55,42,0,42,97
03/25/2007,YIP,MI,AGL,CE,Towers with Radar,3,19,43,0,65,0,0,55,0,55,3,19,98,0,120,100,0,100,220
03/26/2007,YIP,MI,AGL,CE,Towers with Radar,8,48,42,0,98,0,0,32,0,32,8,48,74,0,130,134,0,134,264
03/27/2007,YIP,MI,AGL,CE,Towers with Radar,11,52,69,0,132,0,0,32,0,32,11,52,101,0,164,80,0,80,244
03/28/2007,YIP,MI,AGL,CE,Towers with Radar,14,53,65,0,132,0,0,27,0,27,14,53,92,0,159,76,0,76,235
03/29/2007,YIP,MI,AGL,CE,Towers with Radar,4,76,82,0,162,0,0,40,0,40,4,76,122,0,202,58,0,58,260
03/30/2007,YIP,MI,AGL,CE,Towers with Radar,10,83,44,0,137,0,0,99,0,99,10,83,143,0,236,214,0,214,450
03/31/2007,YIP,MI,AGL,CE,Towers with Radar,3,15,26,0,44,0,0,52,0,52,3,15,78,0,96,160,0,160,256
04/01/2007,YIP,MI,AGL,CE,Towers with Radar,4,10,14,0,28,0,0,14,0,14,4,10,28,0,42,14,0,14,56
04/02/2007,YIP,MI,AGL,CE,Towers with Radar,6,65,49,0,120,0,0,60,0,60,6,65,109,0,180,52,0,52,232
04/03/2007,YIP,MI,AGL,CE,Towers with Radar,10,49,38,0,97,0,0,28,0,28,10,49,66,0,125,92,0,92,217
04/04/2007,YIP,MI,AGL,CE,Towers with Radar,16,80,42,0,138,0,0,7,0,7,16,80,49,0,145,2,0,2,147
04/05/2007,YIP,MI,AGL,CE,Towers with Radar,17,72,51,0,140,0,0,15,0,15,17,72,66,0,155,4,0,4,159
04/06/2007,YIP,MI,AGL,CE,Towers with Radar,1,23,41,0,65,0,0,11,0,11,1,23,52,0,76,52,0,52,128
04/07/2007,YIP,MI,AGL,CE,Towers with Radar,0,14,15,0,29,0,0,7,0,7,0,14,22,0,36,44,0,44,80
04/08/2007,YIP,MI,AGL,CE,Towers with Radar,1,12,18,0,31,0,0,9,0,9,1,12,27,0,40,48,0,48,88
04/09/2007,YIP,MI,AGL,CE,Towers with Radar,0,31,47,0,78,0,0,48,0,48,0,31,95,0,126,122,0,122,248
04/10/2007,YIP,MI,AGL,CE,Towers with Radar,11,43,48,0,102,0,0,63,0,63,11,43,111,0,165,202,0,202,367
04/11/2007,YIP,MI,AGL,CE,Towers with Radar,14,37,43,0,94,0,0,0,0,0,14,37,43,0,94,0,0,0,94
04/12/2007,YIP,MI,AGL,CE,Towers with Radar,14,41,51,0,106,0,0,11,0,11,14,41,62,0,117,20,0,20,137
04/13/2007,YIP,MI,AGL,CE,Towers with Radar,8,44,54,0,106,0,0,61,0,61,8,44,115,0,167,54,0,54,221
04/14/2007,YIP,MI,AGL,CE,Towers with Radar,5,5,20,0,30,0,0,52,0,52,5,5,72,0,82,156,0,156,238
04/15/2007,YIP,MI,AGL,CE,Towers with Radar,4,16,38,0,58,0,0,31,0,31,4,16,69,0,89,44,0,44,133
04/16/2007,YIP,MI,AGL,CE,Towers with Radar,14,44,47,0,105,0,0,31,0,31,14,44,78,0,136,49,0,49,185
04/17/2007,YIP,MI,AGL,CE,Towers with Radar,15,44,99,4,162,0,0,81,0,81,15,44,180,4,243,108,0,108,351
04/18/2007,YIP,MI,AGL,CE,Towers with Radar,29,62,72,0,163,0,0,41,0,41,29,62,113,0,204,92,0,92,296
04/19/2007,YIP,MI,AGL,CE,Towers with Radar,21,64,76,0,161,0,0,64,0,64,21,64,140,0,225,46,0,46,271
04/20/2007,YIP,MI,AGL,CE,Towers with Radar,5,70,56,0,131,0,0,87,0,87,5,70,143,0,218,180,0,180,398
04/21/2007,YIP,MI,AGL,CE,Towers with Radar,6,13,42,0,61,0,0,84,0,84,6,13,126,0,145,146,0,146,291
04/22/2007,YIP,MI,AGL,CE,Towers with Radar,4,15,27,0,46,0,0,62,0,62,4,15,89,0,108,74,0,74,182
04/23/2007,YIP,MI,AGL,CE,Towers with Radar,19,57,32,0,108,0,0,16,0,16,19,57,48,0,124,2,0,2,126
04/24/2007,YIP,MI,AGL,CE,Towers with Radar,15,58,58,0,131,0,0,82,0,82,15,58,140,0,213,216,0,216,429
04/25/2007,YIP,MI,AGL,CE,Towers with Radar,0,0,0,0,0,0,0,2,0,2,0,0,2,0,2,0,0,0,2
04/26/2007,YIP,MI,AGL,CE,Towers with Radar,13,56,42,1,112,0,0,0,0,0,13,56,42,1,112,0,0,0,112
04/27/2007,YIP,MI,AGL,CE,Towers with Radar,10,55,70,0,135,0,0,10,0,10,10,55,80,0,145,40,0,40,185
04/28/2007,YIP,MI,AGL,CE,Towers with Radar,7,24,26,0,57,0,0,53,0,53,7,24,79,0,110,54,0,54,164
04/29/2007,YIP,MI,AGL,CE,Towers with Radar,3,19,27,0,49,0,0,57,0,57,3,19,84,0,106,78,0,78,184
04/30/2007,YIP,MI,AGL,CE,Towers with Radar,16,38,51,0,105,0,0,79,0,79,16,38,130,0,184,118,0,118,302
05/01/2007,YIP,MI,AGL,CE,Towers with Radar,8,34,61,0,103,0,0,11,0,11,8,34,72,0,114,32,0,32,146
05/02/2007,YIP,MI,AGL,CE,Towers with Radar,20,53,76,0,149,0,0,42,0,42,20,53,118,0,191,86,0,86,277
05/03/2007,YIP,MI,AGL,CE,Towers with Radar,34,41,71,0,146,0,0,71,0,71,34,41,142,0,217,72,0,72,289
05/04/2007,YIP,MI,AGL,CE,Towers with Radar,29,46,46,0,121,0,0,83,0,83,29,46,129,0,204,118,0,118,322
05/05/2007,YIP,MI,AGL,CE,Towers with Radar,6,12,25,0,43,0,0,95,0,95,6,12,120,0,138,70,0,70,208
05/06/2007,YIP,MI,AGL,CE,Towers with Radar,8,15,34,0,57,0,0,65,0,65,8,15,99,0,122,48,0,48,170
05/07/2007,YIP,MI,AGL,CE,Towers with Radar,19,48,43,0,110,0,0,59,0,59,19,48,102,0,169,70,0,70,239
05/08/2007,YIP,MI,AGL,CE,Towers with Radar,34,39,51,0,124,0,0,77,0,77,34,39,128,0,201,64,0,64,265
05/09/2007,YIP,MI,AGL,CE,Towers with Radar,41,81,66,0,188,0,0,5,0,5,41,81,71,0,193,20,0,20,213
05/10/2007,YIP,MI,AGL,CE,Towers with Radar,38,72,92,0,202,0,0,44,0,44,38,72,136,0,246,54,0,54,300
05/11/2007,YIP,MI,AGL,CE,Towers with Radar,43,62,45,0,150,0,0,83,0,83,43,62,128,0,233,74,0,74,307
05/12/2007,YIP,MI,AGL,CE,Towers with Radar,12,25,37,0,74,0,0,64,0,64,12,25,101,0,138,142,0,142,280
05/13/2007,YIP,MI,AGL,CE,Towers with Radar,7,13,28,0,48,0,0,44,0,44,7,13,72,0,92,54,0,54,146
05/14/2007,YIP,MI,AGL,CE,Towers with Radar,27,59,53,0,139,0,0,69,0,69,27,59,122,0,208,72,0,72,280
05/15/2007,YIP,MI,AGL,CE,Towers with Radar,23,82,62,0,167,0,0,19,0,19,23,82,81,0,186,20,0,20,206
05/16/2007,YIP,MI,AGL,CE,Towers with Radar,37,72,86,0,195,0,0,27,0,27,37,72,113,0,222,8,0,8,230
05/17/2007,YIP,MI,AGL,CE,Towers with Radar,31,59,80,0,170,0,0,51,0,51,31,59,131,0,221,96,0,96,317
05/18/2007,YIP,MI,AGL,CE,Towers with Radar,31,39,49,0,119,0,0,74,0,74,31,39,123,0,193,116,0,116,309
05/19/2007,YIP,MI,AGL,CE,Towers with Radar,11,16,40,0,67,0,0,43,0,43,11,16,83,0,110,108,0,108,218
05/20/2007,YIP,MI,AGL,CE,Towers with Radar,10,13,49,0,72,0,0,19,0,19,10,13,68,0,91,24,0,24,115
05/21/2007,YIP,MI,AGL,CE,Towers with Radar,9,53,59,0,121,0,0,64,0,64,9,53,123,0,185,102,0,102,287
05/22/2007,YIP,MI,AGL,CE,Towers with Radar,17,61,49,0,127,0,0,54,0,54,17,61,103,0,181,96,0,96,277
05/23/2007,YIP,MI,AGL,CE,Towers with Radar,33,51,66,0,150,0,0,126,0,126,33,51,192,0,276,56,0,56,332
05/24/2007,YIP,MI,AGL,CE,Towers with Radar,21,55,58,0,134,0,0,63,0,63,21,55,121,0,197,96,0,96,293
05/25/2007,YIP,MI,AGL,CE,Towers with Radar,9,43,42,0,94,0,0,36,0,36,9,43,78,0,130,76,0,76,206
05/26/2007,YIP,MI,AGL,CE,Towers with Radar,1,6,14,0,21,0,0,10,0,10,1,6,24,0,31,34,0,34,65
05/27/2007,YIP,MI,AGL,CE,Towers with Radar,2,9,21,0,32,0,0,12,0,12,2,9,33,0,44,46,0,46,90
05/28/2007,YIP,MI,AGL,CE,Towers with Radar,5,7,25,0,37,0,0,126,0,126,5,7,151,0,163,166,4,170,333
05/29/2007,YIP,MI,AGL,CE,Towers with Radar,10,45,48,0,103,0,0,81,0,81,10,45,129,0,184,84,0,84,268
05/30/2007,YIP,MI,AGL,CE,Towers with Radar,13,46,40,0,99,0,0,51,0,51,13,46,91,0,150,132,0,132,282
05/31/2007,YIP,MI,AGL,CE,Towers with Radar,28,75,56,0,159,0,0,72,0,72,28,75,128,0,231,124,0,124,355
06/01/2007,YIP,MI,AGL,CE,Towers with Radar,20,46,36,0,102,0,0,37,0,37,20,46,73,0,139,144,0,144,283
06/02/2007,YIP,MI,AGL,CE,Towers with Radar,8,12,22,0,42,0,0,65,0,65,8,12,87,0,107,68,0,68,175
06/03/2007,YIP,MI,AGL,CE,Towers with Radar,3,22,26,0,51,0,0,3,0,3,3,22,29,0,54,12,0,12,66
06/04/2007,YIP,MI,AGL,CE,Towers with Radar,15,58,44,0,117,0,0,23,0,23,15,58,67,0,140,28,0,28,168
06/05/2007,YIP,MI,AGL,CE,Towers with Radar,22,67,41,0,130,0,0,23,0,23,22,67,64,0,153,122,0,122,275
06/06/2007,YIP,MI,AGL,CE,Towers with Radar,16,65,56,0,137,0,0,97,0,97,16,65,153,0,234,172,0,172,406
06/07/2007,YIP,MI,AGL,CE,Towers with Radar,14,65,60,0,139,0,0,23,0,23,14,65,83,0,162,28,0,28,190
06/08/2007,YIP,MI,AGL,CE,Towers with Radar,34,45,32,0,111,0,0,26,0,26,34,45,58,0,137,28,0,28,165
06/09/2007,YIP,MI,AGL,CE,Towers with Radar,6,16,34,0,56,0,0,81,0,81,6,16,115,0,137,130,0,130,267
06/10/2007,YIP,MI,AGL,CE,Towers with Radar,2,13,30,0,45,0,0,84,0,84,2,13,114,0,129,134,0,134,263
06/11/2007,YIP,MI,AGL,CE,Towers with Radar,13,47,61,0,121,0,0,70,0,70,13,47,131,0,191,126,0,126,317
06/12/2007,YIP,MI,AGL,CE,Towers with Radar,16,65,54,0,135,0,0,81,0,81,16,65,135,0,216,194,0,194,410
06/13/2007,YIP,MI,AGL,CE,Towers with Radar,14,64,60,0,138,0,0,93,0,93,14,64,153,0,231,104,0,104,335
06/14/2007,YIP,MI,AGL,CE,Towers with Radar,12,90,82,0,184,0,0,131,0,131,12,90,213,0,315,146,0,146,461
06/15/2007,YIP,MI,AGL,CE,Towers with Radar,27,65,62,0,154,0,0,91,0,91,27,65,153,0,245,104,0,104,349
06/16/2007,YIP,MI,AGL,CE,Towers with Radar,7,9,27,0,43,0,0,71,0,71,7,9,98,0,114,132,0,132,246
06/17/2007,YIP,MI,AGL,CE,Towers with Radar,9,18,22,0,49,0,0,54,0,54,9,18,76,0,103,88,0,88,191
06/18/2007,YIP,MI,AGL,CE,Towers with Radar,10,58,55,0,123,0,0,58,0,58,10,58,113,0,181,92,0,92,273
06/19/2007,YIP,MI,AGL,CE,Towers with Radar,13,71,74,0,158,0,0,33,0,33,13,71,107,0,191,18,0,18,209
06/20/2007,YIP,MI,AGL,CE,Towers with Radar,18,93,66,0,177,0,0,102,0,102,18,93,168,0,279,92,0,92,371
06/21/2007,YIP,MI,AGL,CE,Towers with Radar,29,104,38,0,171,0,0,56,0,56,29,104,94,0,227,48,0,48,275
06/22/2007,YIP,MI,AGL,CE,Towers with Radar,36,91,52,0,179,0,0,73,0,73,36,91,125,0,252,136,0,136,388
06/23/2007,YIP,MI,AGL,CE,Towers with Radar,8,28,21,0,57,0,0,63,0,63,8,28,84,0,120,60,0,60,180
06/24/2007,YIP,MI,AGL,CE,Towers with Radar,5,21,32,0,58,0,0,79,0,79,5,21,111,0,137,40,0,40,177
06/25/2007,YIP,MI,AGL,CE,Towers with Radar,17,65,57,0,139,0,0,56,0,56,17,65,113,0,195,74,0,74,269
06/26/2007,YIP,MI,AGL,CE,Towers with Radar,27,77,54,0,158,0,0,44,0,44,27,77,98,0,202,124,0,124,326
06/27/2007,YIP,MI,AGL,CE,Towers with Radar,26,81,62,0,169,0,0,45,0,45,26,81,107,0,214,22,0,22,236
06/28/2007,YIP,MI,AGL,CE,Towers with Radar,28,102,69,0,199,0,0,58,0,58,28,102,127,0,257,114,0,114,371
06/29/2007,YIP,MI,AGL,CE,Towers with Radar,24,70,51,0,145,0,0,87,0,87,24,70,138,0,232,96,0,96,328
06/30/2007,YIP,MI,AGL,CE,Towers with Radar,4,16,25,0,45,0,0,60,0,60,4,16,85,0,105,88,0,88,193
07/01/2007,YIP,MI,AGL,CE,Towers with Radar,2,2,23,1,28,0,0,43,0,43,2,2,66,1,71,32,8,40,111
07/02/2007,YIP,MI,AGL,CE,Towers with Radar,3,50,47,0,100,0,0,69,0,69,3,50,116,0,169,70,0,70,239
07/03/2007,YIP,MI,AGL,CE,Towers with Radar,11,41,30,0,82,0,0,70,0,70,11,41,100,0,152,90,0,90,242
07/04/2007,YIP,MI,AGL,CE,Towers with Radar,4,14,21,8,47,0,0,41,0,41,4,14,62,8,88,36,0,36,124
07/05/2007,YIP,MI,AGL,CE,Towers with Radar,5,43,24,3,75,0,0,34,0,34,5,43,58,3,109,38,10,48,157
07/06/2007,YIP,MI,AGL,CE,Towers with Radar,5,44,23,0,72,0,0,160,2,162,5,44,183,2,234,218,0,218,452
07/07/2007,YIP,MI,AGL,CE,Towers with Radar,2,14,7,0,23,0,0,159,0,159,2,14,166,0,182,272,0,272,454
07/08/2007,YIP,MI,AGL,CE,Towers with Radar,1,30,16,13,60,0,0,238,0,238,1,30,254,13,298,438,0,438,736
07/09/2007,YIP,MI,AGL,CE,Towers with Radar,2,53,43,3,101,0,0,70,0,70,2,53,113,3,171,142,0,142,313
07/10/2007,YIP,MI,AGL,CE,Towers with Radar,5,44,57,0,106,0,0,42,0,42,5,44,99,0,148,82,0,82,230
07/11/2007,YIP,MI,AGL,CE,Towers with Radar,11,45,39,0,95,0,0,57,0,57,11,45,96,0,152,28,0,28,180
07/12/2007,YIP,MI,AGL,CE,Towers with Radar,7,51,57,0,115,0,0,62,0,62,7,51,119,0,177,56,0,56,233
07/13/2007,YIP,MI,AGL,CE,Towers with Radar,4,39,50,0,93,0,0,75,0,75,4,39,125,0,168,144,0,144,312
07/14/2007,YIP,MI,AGL,CE,Towers with Radar,1,9,15,0,25,0,0,47,0,47,1,9,62,0,72,94,0,94,166
07/15/2007,YIP,MI,AGL,CE,Towers with Radar,1,7,39,0,47,0,0,99,0,99,1,7,138,0,146,46,0,46,192
07/16/2007,YIP,MI,AGL,CE,Towers with Radar,1,37,46,0,84,0,0,65,0,65,1,37,111,0,149,146,0,146,295
07/17/2007,YIP,MI,AGL,CE,Towers with Radar,8,38,64,0,110,0,0,34,0,34,8,38,98,0,144,102,0,102,246
07/18/2007,YIP,MI,AGL,CE,Towers with Radar,2,62,76,0,140,0,0,41,0,41,2,62,117,0,181,26,0,26,207
07/19/2007,YIP,MI,AGL,CE,Towers with Radar,5,42,70,0,117,0,0,29,0,29,5,42,99,0,146,40,0,40,186
07/20/2007,YIP,MI,AGL,CE,Towers with Radar,4,43,68,0,115,0,0,108,0,108,4,43,176,0,223,116,0,116,339
07/21/2007,YIP,MI,AGL,CE,Towers with Radar,3,12,26,0,41,0,0,78,0,78,3,12,104,0,119,82,0,82,201
07/22/2007,YIP,MI,AGL,CE,Towers with Radar,1,11,22,0,34,0,0,108,0,108,1,11,130,0,142,50,0,50,192
07/23/2007,YIP,MI,AGL,CE,Towers with Radar,6,49,50,0,105,0,0,91,0,91,6,49,141,0,196,132,0,132,328
07/24/2007,YIP,MI,AGL,CE,Towers with Radar,26,50,53,0,129,0,0,39,0,39,26,50,92,0,168,62,0,62,230
07/25/2007,YIP,MI,AGL,CE,Towers with Radar,25,62,56,0,143,0,0,38,0,38,25,62,94,0,181,12,0,12,193
07/26/2007,YIP,MI,AGL,CE,Towers with Radar,20,62,49,0,131,0,0,43,0,43,20,62,92,0,174,110,0,110,284
07/27/2007,YIP,MI,AGL,CE,Towers with Radar,13,45,39,0,97,0,0,10,0,10,13,45,49,0,107,22,0,22,129
07/28/2007,YIP,MI,AGL,CE,Towers with Radar,9,20,29,0,58,0,0,40,0,40,9,20,69,0,98,80,0,80,178
07/29/2007,YIP,MI,AGL,CE,Towers with Radar,7,16,32,0,55,0,0,40,0,40,7,16,72,0,95,28,0,28,123
07/30/2007,YIP,MI,AGL,CE,Towers with Radar,11,47,61,0,119,0,0,56,0,56,11,47,117,0,175,96,0,96,271
07/31/2007,YIP,MI,AGL,CE,Towers with Radar,11,70,70,0,151,0,0,77,0,77,11,70,147,0,228,78,0,78,306
08/01/2007,YIP,MI,AGL,CE,Towers with Radar,20,60,38,0,118,0,0,61,0,61,20,60,99,0,179,60,0,60,239
08/02/2007,YIP,MI,AGL,CE,Towers with Radar,16,80,58,0,154,0,0,72,0,72,16,80,130,0,226,162,0,162,388
08/03/2007,YIP,MI,AGL,CE,Towers with Radar,7,53,59,0,119,0,0,50,0,50,7,53,109,0,169,18,0,18,187
08/04/2007,YIP,MI,AGL,CE,Towers with Radar,4,9,37,0,50,0,0,71,0,71,4,9,108,0,121,138,0,138,259
08/05/2007,YIP,MI,AGL,CE,Towers with Radar,4,8,40,0,52,0,0,1,0,1,4,8,41,0,53,2,0,2,55
08/06/2007,YIP,MI,AGL,CE,Towers with Radar,13,53,55,0,121,0,0,24,0,24,13,53,79,0,145,56,0,56,201
08/07/2007,YIP,MI,AGL,CE,Towers with Radar,12,41,58,0,111,0,0,14,0,14,12,41,72,0,125,38,0,38,163
08/08/2007,YIP,MI,AGL,CE,Towers with Radar,17,75,72,0,164,0,0,43,0,43,17,75,115,0,207,118,0,118,325
08/09/2007,YIP,MI,AGL,CE,Towers with Radar,15,63,43,0,121,0,0,22,0,22,15,63,65,0,143,28,0,28,171
08/10/2007,YIP,MI,AGL,CE,Towers with Radar,17,56,37,0,110,0,0,21,0,21,17,56,58,0,131,56,0,56,187
08/11/2007,YIP,MI,AGL,CE,Towers with Radar,4,17,14,0,35,0,0,56,0,56,4,17,70,0,91,70,0,70,161
08/12/2007,YIP,MI,AGL,CE,Towers with Radar,1,15,35,0,51,0,0,36,0,36,1,15,71,0,87,62,0,62,149
08/13/2007,YIP,MI,AGL,CE,Towers with Radar,4,29,32,0,65,0,0,60,0,60,4,29,92,0,125,70,0,70,195
08/14/2007,YIP,MI,AGL,CE,Towers with Radar,8,57,36,0,101,0,0,53,0,53,8,57,89,0,154,96,0,96,250
08/15/2007,YIP,MI,AGL,CE,Towers with Radar,4,43,53,0,100,0,0,61,0,61,4,43,114,0,161,102,0,102,263
08/16/2007,YIP,MI,AGL,CE,Towers with Radar,15,57,56,0,128,0,0,82,0,82,15,57,138,0,210,114,0,114,324
08/17/2007,YIP,MI,AGL,CE,Towers with Radar,35,46,38,0,119,0,0,78,0,78,35,46,116,0,197,60,0,60,257
08/18/2007,YIP,MI,AGL,CE,Towers with Radar,3,10,17,0,30,0,0,58,0,58,3,10,75,0,88,30,0,30,118
08/19/2007,YIP,MI,AGL,CE,Towers with Radar,3,14,29,0,46,0,0,0,0,0,3,14,29,0,46,0,0,0,46
08/20/2007,YIP,MI,AGL,CE,Towers with Radar,7,43,35,0,85,0,0,2,0,2,7,43,37,0,87,0,0,0,87
08/21/2007,YIP,MI,AGL,CE,Towers with Radar,16,64,71,0,151,0,0,23,0,23,16,64,94,0,174,94,0,94,268
08/22/2007,YIP,MI,AGL,CE,Towers with Radar,15,50,59,0,124,0,0,33,0,33,15,50,92,0,157,10,0,10,167
08/23/2007,YIP,MI,AGL,CE,Towers with Radar,24,72,47,0,143,0,0,41,0,41,24,72,88,0,184,154,0,154,338
08/24/2007,YIP,MI,AGL,CE,Towers with Radar,15,51,63,0,129,0,0,35,0,35,15,51,98,0,164,16,0,16,180
08/25/2007,YIP,MI,AGL,CE,Towers with Radar,2,11,13,0,26,0,0,22,0,22,2,11,35,0,48,98,0,98,146
08/26/2007,YIP,MI,AGL,CE,Towers with Radar,1,15,30,0,46,0,0,78,0,78,1,15,108,0,124,56,0,56,180
08/27/2007,YIP,MI,AGL,CE,Towers with Radar,11,40,59,0,110,0,0,89,0,89,11,40,148,0,199,168,0,168,367
08/28/2007,YIP,MI,AGL,CE,Towers with Radar,32,64,62,0,158,0,0,89,0,89,32,64,151,0,247,166,0,166,413
08/29/2007,YIP,MI,AGL,CE,Towers with Radar,51,65,74,0,190,0,0,53,0,53,51,65,127,0,243,36,0,36,279
08/30/2007,YIP,MI,AGL,CE,Towers with Radar,36,85,65,0,186,0,0,72,0,72,36,85,137,0,258,82,0,82,340
08/31/2007,YIP,MI,AGL,CE,Towers with Radar,19,48,43,0,110,0,0,85,0,85,19,48,128,0,195,110,0,110,305
09/01/2007,YIP,MI,AGL,CE,Towers with Radar,7,8,20,0,35,0,0,50,0,50,7,8,70,0,85,38,0,38,123
09/02/2007,YIP,MI,AGL,CE,Towers with Radar,2,3,11,0,16,0,0,54,0,54,2,3,65,0,70,20,0,20,90
09/03/2007,YIP,MI,AGL,CE,Towers with Radar,2,10,23,0,35,0,0,13,0,13,2,10,36,0,48,36,0,36,84
09/04/2007,YIP,MI,AGL,CE,Towers with Radar,6,35,55,0,96,0,0,58,0,58,6,35,113,0,154,172,0,172,326
09/05/2007,YIP,MI,AGL,CE,Towers with Radar,7,40,51,0,98,0,0,56,0,56,7,40,107,0,154,62,0,62,216
09/06/2007,YIP,MI,AGL,CE,Towers with Radar,20,56,50,0,126,0,0,50,0,50,20,56,100,0,176,82,0,82,258
09/07/2007,YIP,MI,AGL,CE,Towers with Radar,9,50,41,0,100,0,0,18,0,18,9,50,59,0,118,20,0,20,138
09/08/2007,YIP,MI,AGL,CE,Towers with Radar,3,12,29,0,44,0,0,54,0,54,3,12,83,0,98,58,0,58,156
09/09/2007,YIP,MI,AGL,CE,Towers with Radar,1,8,28,0,37,0,0,13,0,13,1,8,41,0,50,12,0,12,62
09/10/2007,YIP,MI,AGL,CE,Towers with Radar,11,44,47,0,102,0,0,27,0,27,11,44,74,0,129,126,0,126,255
09/11/2007,YIP,MI,AGL,CE,Towers with Radar,10,60,41,0,111,0,0,33,0,33,10,60,74,0,144,4,0,4,148
09/12/2007,YIP,MI,AGL,CE,Towers with Radar,20,64,56,0,140,0,0,85,0,85,20,64,141,0,225,38,0,38,263
09/13/2007,YIP,MI,AGL,CE,Towers with Radar,0,0,0,0,0,0,0,34,0,34,0,0,34,0,34,0,0,0,34
09/14/2007,YIP,MI,AGL,CE,Towers with Radar,15,50,54,0,119,0,0,53,0,53,15,50,107,0,172,42,0,42,214
09/15/2007,YIP,MI,AGL,CE,Towers with Radar,3,44,50,0,97,0,0,73,0,73,3,44,123,0,170,100,0,100,270
09/16/2007,YIP,MI,AGL,CE,Towers with Radar,7,20,32,0,59,0,0,53,0,53,7,20,85,0,112,44,0,44,156
09/17/2007,YIP,MI,AGL,CE,Towers with Radar,12,42,47,0,101,0,0,66,0,66,12,42,113,0,167,148,0,148,315
09/18/2007,YIP,MI,AGL,CE,Towers with Radar,20,69,57,0,146,0,0,87,0,87,20,69,144,0,233,70,0,70,303
09/19/2007,YIP,MI,AGL,CE,Towers with Radar,26,65,69,0,160,0,0,97,0,97,26,65,166,0,257,114,0,114,371
09/20/2007,YIP,MI,AGL,CE,Towers with Radar,28,61,63,0,152,0,0,82,0,82,28,61,145,0,234,128,0,128,362
09/21/2007,YIP,MI,AGL,CE,Towers with Radar,22,60,55,0,137,0,0,65,0,65,22,60,120,0,202,68,0,68,270
09/22/2007,YIP,MI,AGL,CE,Towers with Radar,9,23,34,0,66,0,0,49,0,49,9,23,83,0,115,70,0,70,185
09/23/2007,YIP,MI,AGL,CE,Towers with Radar,0,11,16,0,27,0,0,88,0,88,0,11,104,0,115,44,0,44,159
09/24/2007,YIP,MI,AGL,CE,Towers with Radar,18,35,40,0,93,0,0,71,0,71,18,35,111,0,164,112,0,112,276
09/25/2007,YIP,MI,AGL,CE,Towers with Radar,16,62,49,0,127,0,0,52,0,52,16,62,101,0,179,78,0,78,257
09/26/2007,YIP,MI,AGL,CE,Towers with Radar,23,50,62,0,135,0,0,22,0,22,23,50,84,0,157,2,0,2,159
09/27/2007,YIP,MI,AGL,CE,Towers with Radar,20,58,51,0,129,0,0,73,0,73,20,58,124,0,202,84,0,84,286
09/28/2007,YIP,MI,AGL,CE,Towers with Radar,22,43,37,0,102,0,0,62,0,62,22,43,99,0,164,104,0,104,268
09/29/2007,YIP,MI,AGL,CE,Towers with Radar,15,12,19,0,46,0,0,55,0,55,15,12,74,0,101,70,0,70,171
09/30/2007,YIP,MI,AGL,CE,Towers with Radar,11,11,24,1,47,0,0,45,1,46,11,11,69,2,93,38,0,38,131
10/01/2007,YIP,MI,AGL,CE,Towers with Radar,9,49,45,0,103,0,0,0,0,0,9,49,45,0,103,20,0,20,123
10/02/2007,YIP,MI,AGL,CE,Towers with Radar,8,38,49,0,95,0,0,22,0,22,8,38,71,0,117,48,0,48,165
10/03/2007,YIP,MI,AGL,CE,Towers with Radar,24,49,41,0,114,0,0,52,0,52,24,49,93,0,166,132,0,132,298
10/04/2007,YIP,MI,AGL,CE,Towers with Radar,23,40,74,0,137,0,0,95,0,95,23,40,169,0,232,146,0,146,378
10/05/2007,YIP,MI,AGL,CE,Towers with Radar,16,56,49,0,121,0,0,65,0,65,16,56,114,0,186,82,0,82,268
10/06/2007,YIP,MI,AGL,CE,Towers with Radar,3,9,19,0,31,0,0,62,0,62,3,9,81,0,93,82,0,82,175
10/07/2007,YIP,MI,AGL,CE,Towers with Radar,5,13,36,0,54,0,0,46,0,46,5,13,82,0,100,76,0,76,176
10/08/2007,YIP,MI,AGL,CE,Towers with Radar,8,27,48,0,83,0,0,63,0,63,8,27,111,0,146,154,0,154,300
10/09/2007,YIP,MI,AGL,CE,Towers with Radar,2,40,46,0,88,0,0,94,0,94,2,40,140,0,182,70,0,70,252
10/10/2007,YIP,MI,AGL,CE,Towers with Radar,6,64,50,0,120,0,0,40,0,40,6,64,90,0,160,134,0,134,294
10/11/2007,YIP,MI,AGL,CE,Towers with Radar,10,31,54,0,95,0,0,10,0,10,10,31,64,0,105,30,0,30,135
10/12/2007,YIP,MI,AGL,CE,Towers with Radar,17,41,56,0,114,0,0,94,0,94,17,41,150,0,208,94,0,94,302
10/13/2007,YIP,MI,AGL,CE,Towers with Radar,7,16,17,0,40,0,0,55,0,55,7,16,72,0,95,60,0,60,155
10/14/2007,YIP,MI,AGL,CE,Towers with Radar,4,11,16,0,31,0,0,39,0,39,4,11,55,0,70,44,0,44,114
10/15/2007,YIP,MI,AGL,CE,Towers with Radar,3,37,44,0,84,0,0,70,0,70,3,37,114,0,154,212,0,212,366
10/16/2007,YIP,MI,AGL,CE,Towers with Radar,8,49,58,0,115,0,0,14,0,14,8,49,72,0,129,48,0,48,177
10/17/2007,YIP,MI,AGL,CE,Towers with Radar,10,28,51,0,89,0,0,64,0,64,10,28,115,0,153,52,0,52,205
10/18/2007,YIP,MI,AGL,CE,Towers with Radar,9,33,52,0,94,0,0,15,0,15,9,33,67,0,109,0,0,0,109
10/19/2007,YIP,MI,AGL,CE,Towers with Radar,21,55,53,0,129,0,0,27,0,27,21,55,80,0,156,22,0,22,178
10/20/2007,YIP,MI,AGL,CE,Towers with Radar,4,15,10,0,29,0,0,33,0,33,4,15,43,0,62,36,0,36,98
10/21/2007,YIP,MI,AGL,CE,Towers with Radar,5,10,16,0,31,0,0,31,0,31,5,10,47,0,62,36,0,36,98
10/22/2007,YIP,MI,AGL,CE,Towers with Radar,5,35,34,0,74,0,0,76,0,76,5,35,110,0,150,190,0,190,340
10/23/2007,YIP,MI,AGL,CE,Towers with Radar,7,37,45,0,89,0,0,43,0,43,7,37,88,0,132,182,0,182,314
10/24/2007,YIP,MI,AGL,CE,Towers with Radar,14,54,56,0,124,0,0,82,0,82,14,54,138,0,206,212,0,212,418
10/25/2007,YIP,MI,AGL,CE,Towers with Radar,17,44,66,1,128,0,0,91,0,91,17,44,157,1,219,154,6,160,379
10/26/2007,YIP,MI,AGL,CE,Towers with Radar,8,63,51,0,122,0,0,21,0,21,8,63,72,0,143,34,0,34,177
10/27/2007,YIP,MI,AGL,CE,Towers with Radar,5,14,16,0,35,0,0,0,0,0,5,14,16,0,35,4,0,4,39
10/28/2007,YIP,MI,AGL,CE,Towers with Radar,1,15,37,0,53,0,0,55,0,55,1,15,92,0,108,106,0,106,214
10/29/2007,YIP,MI,AGL,CE,Towers with Radar,5,33,46,0,84,0,0,75,0,75,5,33,121,0,159,142,0,142,301
10/30/2007,YIP,MI,AGL,CE,Towers with Radar,17,44,45,0,106,0,0,102,0,102,17,44,147,0,208,290,0,290,498
10/31/2007,YIP,MI,AGL,CE,Towers with Radar,10,58,37,0,105,0,0,51,0,51,10,58,88,0,156,86,0,86,242
11/01/2007,YIP,MI,AGL,CE,Towers with Radar,21,59,65,0,145,0,0,60,0,60,21,59,125,0,205,122,0,122,327
11/02/2007,YIP,MI,AGL,CE,Towers with Radar,13,44,45,0,102,0,0,130,0,130,13,44,175,0,232,210,0,210,442
11/03/2007,YIP,MI,AGL,CE,Towers with Radar,4,5,9,0,18,0,0,93,0,93,4,5,102,0,111,102,0,102,213
11/04/2007,YIP,MI,AGL,CE,Towers with Radar,3,7,37,0,47,0,0,57,0,57,3,7,94,0,104,56,0,56,160
11/05/2007,YIP,MI,AGL,CE,Towers with Radar,10,41,36,0,87,0,0,32,0,32,10,41,68,0,119,26,0,26,145
11/06/2007,YIP,MI,AGL,CE,Towers with Radar,10,20,36,0,66,0,0,13,0,13,10,20,49,0,79,0,0,0,79
11/07/2007,YIP,MI,AGL,CE,Towers with Radar,12,40,77,0,129,0,0,75,0,75,12,40,152,0,204,234,0,234,438
11/08/2007,YIP,MI,AGL,CE,Towers with Radar,11,39,51,0,101,0,0,75,0,75,11,39,126,0,176,230,0,230,406
11/09/2007,YIP,MI,AGL,CE,Towers with Radar,9,55,50,0,114,0,0,76,0,76,9,55,126,0,190,266,0,266,456
11/10/2007,YIP,MI,AGL,CE,Towers with Radar,8,11,28,0,47,0,0,86,0,86,8,11,114,0,133,186,0,186,319
11/11/2007,YIP,MI,AGL,CE,Towers with Radar,5,16,28,0,49,0,0,21,0,21,5,16,49,0,70,52,0,52,122
11/12/2007,YIP,MI,AGL,CE,Towers with Radar,5,33,56,0,94,0,0,9,0,9,5,33,65,0,103,14,0,14,117
11/13/2007,YIP,MI,AGL,CE,Towers with Radar,5,36,58,0,99,0,0,129,0,129,5,36,187,0,228,260,0,260,488
11/14/2007,YIP,MI,AGL,CE,Towers with Radar,18,53,58,0,129,0,0,76,0,76,18,53,134,0,205,174,0,174,379
11/15/2007,YIP,MI,AGL,CE,Towers with Radar,10,43,49,0,102,0,0,21,0,21,10,43,70,0,123,22,0,22,145
11/16/2007,YIP,MI,AGL,CE,Towers with Radar,10,42,63,0,115,0,0,91,0,91,10,42,154,0,206,124,0,124,330
11/17/2007,YIP,MI,AGL,CE,Towers with Radar,5,64,69,0,138,0,0,27,0,27,5,64,96,0,165,46,0,46,211
11/18/2007,YIP,MI,AGL,CE,Towers with Radar,4,12,39,0,55,0,0,62,0,62,4,12,101,0,117,156,0,156,273
11/19/2007,YIP,MI,AGL,CE,Towers with Radar,2,48,45,0,95,0,0,56,0,56,2,48,101,0,151,184,0,184,335
11/20/2007,YIP,MI,AGL,CE,Towers with Radar,10,54,51,0,115,0,0,17,0,17,10,54,68,0,132,18,0,18,150
11/21/2007,YIP,MI,AGL,CE,Towers with Radar,13,49,40,0,102,0,0,2,0,2,13,49,42,0,104,0,0,0,104
11/22/2007,YIP,MI,AGL,CE,Towers with Radar,1,11,7,0,19,0,0,1,0,1,1,11,8,0,20,0,0,0,20
11/23/2007,YIP,MI,AGL,CE,Towers with Radar,7,15,23,0,45,0,0,81,0,81,7,15,104,0,126,46,0,46,172
11/24/2007,YIP,MI,AGL,CE,Towers with Radar,0,8,26,0,34,0,0,34,0,34,0,8,60,0,68,18,0,18,86
11/25/2007,YIP,MI,AGL,CE,Towers with Radar,3,22,41,0,66,0,0,80,0,80,3,22,121,0,146,156,0,156,302
11/26/2007,YIP,MI,AGL,CE,Towers with Radar,5,60,38,0,103,0,0,4,0,4,5,60,42,0,107,4,0,4,111
11/27/2007,YIP,MI,AGL,CE,Towers with Radar,6,47,54,0,107,0,0,55,0,55,6,47,109,0,162,88,0,88,250
11/28/2007,YIP,MI,AGL,CE,Towers with Radar,8,53,65,0,126,0,0,81,0,81,8,53,146,0,207,206,0,206,413
11/29/2007,YIP,MI,AGL,CE,Towers with Radar,8,59,48,0,115,0,0,10,0,10,8,59,58,0,125,2,0,2,127
11/30/2007,YIP,MI,AGL,CE,Towers with Radar,11,71,51,0,133,0,0,52,0,52,11,71,103,0,185,72,0,72,257
12/01/2007,YIP,MI,AGL,CE,Towers with Radar,3,14,24,0,41,0,0,67,0,67,3,14,91,0,108,114,0,114,222
12/02/2007,YIP,MI,AGL,CE,Towers with Radar,0,12,7,0,19,0,0,0,0,0,0,12,7,0,19,0,0,0,19
12/03/2007,YIP,MI,AGL,CE,Towers with Radar,4,40,38,0,82,0,0,10,0,10,4,40,48,0,92,0,0,0,92
12/04/2007,YIP,MI,AGL,CE,Towers with Radar,14,45,64,0,123,0,0,48,0,48,14,45,112,0,171,144,0,144,315
12/05/2007,YIP,MI,AGL,CE,Towers with Radar,11,44,47,0,102,0,0,19,0,19,11,44,66,0,121,44,0,44,165
12/06/2007,YIP,MI,AGL,CE,Towers with Radar,12,65,66,0,143,0,0,72,0,72,12,65,138,0,215,188,0,188,403
12/07/2007,YIP,MI,AGL,CE,Towers with Radar,8,45,34,0,87,0,0,18,0,18,8,45,52,0,105,54,0,54,159
12/08/2007,YIP,MI,AGL,CE,Towers with Radar,4,10,36,0,50,0,0,110,0,110,4,10,146,0,160,236,0,236,396
12/09/2007,YIP,MI,AGL,CE,Towers with Radar,0,8,5,0,13,0,0,0,0,0,0,8,5,0,13,0,0,0,13
12/10/2007,YIP,MI,AGL,CE,Towers with Radar,6,45,34,0,85,0,0,49,0,49,6,45,83,0,134,32,0,32,166
12/11/2007,YIP,MI,AGL,CE,Towers with Radar,7,43,31,0,81,0,0,0,0,0,7,43,31,0,81,0,0,0,81
12/12/2007,YIP,MI,AGL,CE,Towers with Radar,14,56,82,0,152,0,0,74,0,74,14,56,156,0,226,192,0,192,418
12/13/2007,YIP,MI,AGL,CE,Towers with Radar,21,57,51,0,129,0,0,6,0,6,21,57,57,0,135,4,0,4,139
12/14/2007,YIP,MI,AGL,CE,Towers with Radar,11,42,49,0,102,0,0,38,0,38,11,42,87,0,140,218,0,218,358
12/15/2007,YIP,MI,AGL,CE,Towers with Radar,2,15,13,0,30,0,0,13,0,13,2,15,26,0,43,12,0,12,55
12/16/2007,YIP,MI,AGL,CE,Towers with Radar,2,3,1,0,6,0,0,1,0,1,2,3,2,0,7,0,0,0,7
12/17/2007,YIP,MI,AGL,CE,Towers with Radar,27,47,42,0,116,0,0,44,0,44,27,47,86,0,160,44,0,44,204
12/18/2007,YIP,MI,AGL,CE,Towers with Radar,27,40,47,0,114,0,0,41,0,41,27,40,88,0,155,74,0,74,229
12/19/2007,YIP,MI,AGL,CE,Towers with Radar,26,52,49,0,127,0,0,30,0,30,26,52,79,0,157,182,0,182,339
12/20/2007,YIP,MI,AGL,CE,Towers with Radar,25,46,56,0,127,0,0,57,0,57,25,46,113,0,184,158,0,158,342
12/21/2007,YIP,MI,AGL,CE,Towers with Radar,0,0,0,0,0,0,0,0,0,0,0,0,0,0,0,0,0,0,0
12/22/2007,YIP,MI,AGL,CE,Towers with Radar,0,0,5,0,5,0,0,0,0,0,0,0,5,0,5,18,0,18,23
12/23/2007,YIP,MI,AGL,CE,Towers with Radar,1,9,6,0,16,0,0,0,0,0,1,9,6,0,16,0,0,0,16
12/24/2007,YIP,MI,AGL,CE,Towers with Radar,0,13,16,0,29,0,0,14,0,14,0,13,30,0,43,34,0,34,77
12/25/2007,YIP,MI,AGL,CE,Towers with Radar,0,4,4,0,8,0,0,4,0,4,0,4,8,0,12,6,0,6,18
12/26/2007,YIP,MI,AGL,CE,Towers with Radar,2,15,42,1,60,0,0,15,1,16,2,15,57,2,76,32,0,32,108
12/27/2007,YIP,MI,AGL,CE,Towers with Radar,0,11,25,0,36,0,0,7,0,7,0,11,32,0,43,0,0,0,43
12/28/2007,YIP,MI,AGL,CE,Towers with Radar,2,6,18,0,26,0,0,14,0,14,2,6,32,0,40,30,0,30,70
12/29/2007,YIP,MI,AGL,CE,Towers with Radar,3,9,9,0,21,0,0,21,0,21,3,9,30,0,42,160,0,160,202
12/30/2007,YIP,MI,AGL,CE,Towers with Radar,2,6,39,0,47,0,0,19,0,19,2,6,58,0,66,104,0,104,170
12/31/2007,YIP,MI,AGL,CE,Towers with Radar,4,13,12,0,29,0,0,1,0,1,4,13,13,0,30,0,0,0,30
01/01/2008,YIP,MI,AGL,CE,Towers with Radar,1,5,4,0,10,0,0,0,0,0,1,5,4,0,10,0,0,0,10
01/02/2008,YIP,MI,AGL,CE,Towers with Radar,12,32,41,0,85,0,0,29,0,29,12,32,70,0,114,108,0,108,222
01/03/2008,YIP,MI,AGL,CE,Towers with Radar,18,28,30,0,76,0,0,9,0,9,18,28,39,0,85,22,0,22,107
01/04/2008,YIP,MI,AGL,CE,Towers with Radar,18,45,48,0,111,0,0,51,0,51,18,45,99,0,162,86,0,86,248
01/05/2008,YIP,MI,AGL,CE,Towers with Radar,6,11,11,0,28,0,0,2,0,2,6,11,13,0,30,10,0,10,40
01/06/2008,YIP,MI,AGL,CE,Towers with Radar,3,3,24,0,30,0,0,0,0,0,3,3,24,0,30,0,0,0,30
01/07/2008,YIP,MI,AGL,CE,Towers with Radar,4,31,39,0,74,0,0,8,0,8,4,31,47,0,82,2,0,2,84
01/08/2008,YIP,MI,AGL,CE,Towers with Radar,11,38,51,0,100,0,0,3,0,3,11,38,54,0,103,0,0,0,103
01/09/2008,YIP,MI,AGL,CE,Towers with Radar,11,75,48,0,134,0,0,47,0,47,11,75,95,0,181,104,0,104,285
01/10/2008,YIP,MI,AGL,CE,Towers with Radar,7,58,68,0,133,0,0,63,0,63,7,58,131,0,196,212,0,212,408
01/11/2008,YIP,MI,AGL,CE,Towers with Radar,7,36,33,0,76,0,0,9,0,9,7,36,42,0,85,2,0,2,87
01/12/2008,YIP,MI,AGL,CE,Towers with Radar,1,13,23,0,37,0,0,76,0,76,1,13,99,0,113,174,0,174,287
01/13/2008,YIP,MI,AGL,CE,Towers with Radar,2,6,13,0,21,0,0,3,0,3,2,6,16,0,24,0,0,0,24
01/14/2008,YIP,MI,AGL,CE,Towers with Radar,5,45,57,0,107,0,0,9,0,9,5,45,66,0,116,58,0,58,174
01/15/2008,YIP,MI,AGL,CE,Towers with Radar,12,52,65,0,129,0,0,29,0,29,12,52,94,0,158,106,0,106,264
01/16/2008,YIP,MI,AGL,CE,Towers with Radar,14,62,81,0,157,0,0,193,0,193,14,62,274,0,350,176,0,176,526
01/17/2008,YIP,MI,AGL,CE,Towers with Radar,9,49,67,0,125,0,0,10,0,10,9,49,77,0,135,42,0,42,177
01/18/2008,YIP,MI,AGL,CE,Towers with Radar,6,39,61,0,106,0,0,54,0,54,6,39,115,0,160,106,0,106,266
01/19/2008,YIP,MI,AGL,CE,Towers with Radar,4,18,21,0,43,0,0,6,0,6,4,18,27,0,49,54,0,54,103
01/20/2008,YIP,MI,AGL,CE,Towers with Radar,1,9,11,0,21,0,0,10,0,10,1,9,21,0,31,40,0,40,71
01/21/2008,YIP,MI,AGL,CE,Towers with Radar,3,22,34,0,59,0,0,85,0,85,3,22,119,0,144,140,0,140,284
01/22/2008,YIP,MI,AGL,CE,Towers with Radar,7,43,51,0,101,0,0,10,0,10,7,43,61,0,111,0,0,0,111
01/23/2008,YIP,MI,AGL,CE,Towers with Radar,3,49,65,5,122,0,0,26,0,26,3,49,91,5,148,62,0,62,210
01/24/2008,YIP,MI,AGL,CE,Towers with Radar,7,34,46,0,87,0,0,55,0,55,7,34,101,0,142,102,0,102,244
01/25/2008,YIP,MI,AGL,CE,Towers with Radar,9,48,85,0,142,0,0,88,0,88,9,48,173,0,230,194,0,194,424
01/26/2008,YIP,MI,AGL,CE,Towers with Radar,3,7,13,0,23,0,0,9,0,9,3,7,22,0,32,42,0,42,74
01/27/2008,YIP,MI,AGL,CE,Towers with Radar,2,9,29,0,40,0,0,12,0,12,2,9,41,0,52,56,0,56,108
01/28/2008,YIP,MI,AGL,CE,Towers with Radar,2,36,42,0,80,0,0,49,0,49,2,36,91,0,129,116,0,116,245
01/29/2008,YIP,MI,AGL,CE,Towers with Radar,5,34,36,0,75,0,0,8,0,8,5,34,44,0,83,12,0,12,95
01/30/2008,YIP,MI,AGL,CE,Towers with Radar,6,48,32,0,86,0,0,17,0,17,6,48,49,0,103,0,0,0,103
01/31/2008,YIP,MI,AGL,CE,Towers with Radar,16,62,60,0,138,0,0,69,1,70,16,62,129,1,208,126,0,126,334
02/01/2008,YIP,MI,AGL,CE,Towers with Radar,7,35,35,0,77,0,0,3,0,3,7,35,38,0,80,0,0,0,80
02/02/2008,YIP,MI,AGL,CE,Towers with Radar,5,10,11,0,26,0,0,3,0,3,5,10,14,0,29,2,0,2,31
02/03/2008,YIP,MI,AGL,CE,Towers with Radar,2,12,14,0,28,0,0,10,0,10,2,12,24,0,38,12,0,12,50
02/04/2008,YIP,MI,AGL,CE,Towers with Radar,4,20,31,0,55,0,0,1,0,1,4,20,32,0,56,0,0,0,56
02/05/2008,YIP,MI,AGL,CE,Towers with Radar,9,46,29,0,84,0,0,0,0,0,9,46,29,0,84,0,0,0,84
02/06/2008,YIP,MI,AGL,CE,Towers with Radar,0,8,5,0,13,0,0,0,0,0,0,8,5,0,13,282,0,282,295
02/07/2008,YIP,MI,AGL,CE,Towers with Radar,15,51,44,0,110,0,0,6,0,6,15,51,50,0,116,2,0,2,118
02/08/2008,YIP,MI,AGL,CE,Towers with Radar,11,53,34,0,98,0,0,6,0,6,11,53,40,0,104,0,0,0,104
02/09/2008,YIP,MI,AGL,CE,Towers with Radar,4,15,13,0,32,0,0,5,0,5,4,15,18,0,37,12,0,12,49
02/10/2008,YIP,MI,AGL,CE,Towers with Radar,2,6,9,0,17,0,0,0,0,0,2,6,9,0,17,0,0,0,17
02/11/2008,YIP,MI,AGL,CE,Towers with Radar,7,35,49,0,91,0,0,72,0,72,7,35,121,0,163,118,0,118,281
02/12/2008,YIP,MI,AGL,CE,Towers with Radar,15,37,35,0,87,0,0,5,0,5,15,37,40,0,92,26,0,26,118
02/13/2008,YIP,MI,AGL,CE,Towers with Radar,7,48,55,0,110,0,0,71,0,71,7,48,126,0,181,150,0,150,331
02/14/2008,YIP,MI,AGL,CE,Towers with Radar,31,70,53,0,154,0,0,68,0,68,31,70,121,0,222,48,0,48,270
02/15/2008,YIP,MI,AGL,CE,Towers with Radar,10,53,44,0,107,0,0,46,0,46,10,53,90,0,153,72,0,72,225
02/16/2008,YIP,MI,AGL,CE,Towers with Radar,7,13,19,0,39,0,0,95,0,95,7,13,114,0,134,214,0,214,348
02/17/2008,YIP,MI,AGL,CE,Towers with Radar,7,10,8,0,25,0,0,3,0,3,7,10,11,0,28,10,0,10,38
02/18/2008,YIP,MI,AGL,CE,Towers with Radar,15,40,33,0,88,0,0,21,0,21,15,40,54,0,109,42,0,42,151
02/19/2008,YIP,MI,AGL,CE,Towers with Radar,23,48,87,0,158,0,0,26,0,26,23,48,113,0,184,78,0,78,262
02/20/2008,YIP,MI,AGL,CE,Towers with Radar,18,66,66,0,150,0,0,85,0,85,18,66,151,0,235,204,0,204,439
02/21/2008,YIP,MI,AGL,CE,Towers with Radar,15,50,54,2,121,0,0,78,0,78,15,50,132,2,199,154,0,154,353
02/22/2008,YIP,MI,AGL,CE,Towers with Radar,25,58,39,2,124,0,1,55,0,56,25,59,94,2,180,120,0,120,300
02/23/2008,YIP,MI,AGL,CE,Towers with Radar,8,10,28,0,46,0,0,71,0,71,8,10,99,0,117,170,0,170,287
02/24/2008,YIP,MI,AGL,CE,Towers with Radar,6,15,54,0,75,0,0,54,0,54,6,15,108,0,129,84,0,84,213
02/25/2008,YIP,MI,AGL,CE,Towers with Radar,11,66,56,0,133,0,0,4,0,4,11,66,60,0,137,10,0,10,147
02/26/2008,YIP,MI,AGL,CE,Towers with Radar,11,46,33,0,90,0,0,0,0,0,11,46,33,0,90,0,0,0,90
02/27/2008,YIP,MI,AGL,CE,Towers with Radar,12,70,42,0,124,0,0,31,0,31,12,70,73,0,155,52,0,52,207
02/28/2008,YIP,MI,AGL,CE,Towers with Radar,20,55,70,0,145,0,0,41,0,41,20,55,111,0,186,96,0,96,282
02/29/2008,YIP,MI,AGL,CE,Towers with Radar,29,42,34,0,105,0,0,0,0,0,29,42,34,0,105,0,0,0,105
03/01/2008,YIP,MI,AGL,CE,Towers with Radar,2,16,46,0,64,0,0,53,0,53,2,16,99,0,117,124,0,124,241
03/02/2008,YIP,MI,AGL,CE,Towers with Radar,3,15,32,0,50,0,0,15,0,15,3,15,47,0,65,28,0,28,93
03/03/2008,YIP,MI,AGL,CE,Towers with Radar,5,43,41,0,89,0,0,19,0,19,5,43,60,0,108,18,0,18,126
03/04/2008,YIP,MI,AGL,CE,Towers with Radar,14,35,51,0,100,0,0,45,0,45,14,35,96,0,145,132,0,132,277
03/05/2008,YIP,MI,AGL,CE,Towers with Radar,15,55,41,0,111,0,0,44,0,44,15,55,85,0,155,64,0,64,219
03/06/2008,YIP,MI,AGL,CE,Towers with Radar,23,58,74,0,155,0,0,38,0,38,23,58,112,0,193,124,0,124,317
03/07/2008,YIP,MI,AGL,CE,Towers with Radar,11,43,61,0,115,0,0,63,0,63,11,43,124,0,178,120,0,120,298
03/08/2008,YIP,MI,AGL,CE,Towers with Radar,13,9,15,0,37,0,0,4,0,4,13,9,19,0,41,14,0,14,55
03/09/2008,YIP,MI,AGL,CE,Towers with Radar,5,7,35,0,47,0,0,42,0,42,5,7,77,0,89,156,0,156,245
03/10/2008,YIP,MI,AGL,CE,Towers with Radar,7,39,46,0,92,0,0,44,0,44,7,39,90,0,136,146,0,146,282
03/11/2008,YIP,MI,AGL,CE,Towers with Radar,0,2,6,0,8,0,0,0,0,0,0,2,6,0,8,7,0,7,15
03/12/2008,YIP,MI,AGL,CE,Towers with Radar,12,44,54,0,110,0,0,91,0,91,12,44,145,0,201,130,0,130,331
03/13/2008,YIP,MI,AGL,CE,Towers with Radar,11,47,63,0,121,0,0,36,0,36,11,47,99,0,157,66,0,66,223
03/14/2008,YIP,MI,AGL,CE,Towers with Radar,11,33,61,0,105,0,0,96,0,96,11,33,157,0,201,150,0,150,351
03/15/2008,YIP,MI,AGL,CE,Towers with Radar,2,21,35,0,58,0,0,72,0,72,2,21,107,0,130,130,0,130,260
03/16/2008,YIP,MI,AGL,CE,Towers with Radar,3,10,29,0,42,0,0,39,0,39,3,10,68,0,81,52,0,52,133
03/17/2008,YIP,MI,AGL,CE,Towers with Radar,8,43,49,0,100,0,0,75,0,75,8,43,124,0,175,166,0,166,341
03/18/2008,YIP,MI,AGL,CE,Towers with Radar,5,31,32,0,68,0,0,1,0,1,5,31,33,0,69,0,0,0,69
03/19/2008,YIP,MI,AGL,CE,Towers with Radar,7,39,57,0,103,0,0,28,0,28,7,39,85,0,131,30,0,30,161
03/20/2008,YIP,MI,AGL,CE,Towers with Radar,8,46,62,0,116,0,0,67,0,67,8,46,129,0,183,94,0,94,277
03/21/2008,YIP,MI,AGL,CE,Towers with Radar,1,16,32,0,49,0,0,31,0,31,1,16,63,0,80,100,0,100,180
03/22/2008,YIP,MI,AGL,CE,Towers with Radar,0,11,34,0,45,0,0,19,0,19,0,11,53,0,64,36,0,36,100
03/23/2008,YIP,MI,AGL,CE,Towers with Radar,1,10,9,0,20,0,0,22,0,22,1,10,31,0,42,80,0,80,122
03/24/2008,YIP,MI,AGL,CE,Towers with Radar,3,43,50,0,96,0,0,82,0,82,3,43,132,0,178,266,0,266,444
03/25/2008,YIP,MI,AGL,CE,Towers with Radar,6,62,49,0,117,0,0,11,0,11,6,62,60,0,128,10,0,10,138
03/26/2008,YIP,MI,AGL,CE,Towers with Radar,10,58,64,0,132,0,0,89,0,89,10,58,153,0,221,252,1,253,474
03/27/2008,YIP,MI,AGL,CE,Towers with Radar,9,42,49,0,100,0,0,6,0,6,9,42,55,0,106,22,0,22,128
03/28/2008,YIP,MI,AGL,CE,Towers with Radar,8,33,69,0,110,0,0,73,0,73,8,33,142,0,183,132,4,136,319
03/29/2008,YIP,MI,AGL,CE,Towers with Radar,1,17,24,0,42,0,3,111,0,114,1,20,135,0,156,168,0,168,324
03/30/2008,YIP,MI,AGL,CE,Towers with Radar,5,11,31,0,47,0,0,14,0,14,5,11,45,0,61,8,0,8,69
03/31/2008,YIP,MI,AGL,CE,Towers with Radar,4,55,56,0,115,0,0,3,0,3,4,55,59,0,118,0,0,0,118
04/01/2008,YIP,MI,AGL,CE,Towers with Radar,3,42,51,0,96,0,0,5,0,5,3,42,56,0,101,4,0,4,105
04/02/2008,YIP,MI,AGL,CE,Towers with Radar,9,42,80,0,131,0,0,131,0,131,9,42,211,0,262,318,0,318,580
04/03/2008,YIP,MI,AGL,CE,Towers with Radar,11,54,70,0,135,0,0,81,0,81,11,54,151,0,216,248,0,248,464
04/04/2008,YIP,MI,AGL,CE,Towers with Radar,5,35,62,0,102,0,0,4,0,4,5,35,66,0,106,8,0,8,114
04/05/2008,YIP,MI,AGL,CE,Towers with Radar,0,11,41,0,52,0,0,101,0,101,0,11,142,0,153,226,0,226,379
04/06/2008,YIP,MI,AGL,CE,Towers with Radar,0,13,24,0,37,0,0,58,0,58,0,13,82,0,95,100,0,100,195
04/07/2008,YIP,MI,AGL,CE,Towers with Radar,9,46,67,0,122,0,0,55,0,55,9,46,122,0,177,148,0,148,325
04/08/2008,YIP,MI,AGL,CE,Towers with Radar,7,38,60,0,105,0,0,74,0,74,7,38,134,0,179,226,0,226,405
04/09/2008,YIP,MI,AGL,CE,Towers with Radar,11,53,57,0,121,0,0,42,0,42,11,53,99,0,163,134,0,134,297
04/10/2008,YIP,MI,AGL,CE,Towers with Radar,6,55,71,0,132,0,0,24,0,24,6,55,95,0,156,110,0,110,266
04/11/2008,YIP,MI,AGL,CE,Towers with Radar,6,53,46,0,105,0,0,21,0,21,6,53,67,0,126,32,0,32,158
04/12/2008,YIP,MI,AGL,CE,Towers with Radar,2,13,11,0,26,0,0,7,0,7,2,13,18,0,33,0,0,0,33
04/13/2008,YIP,MI,AGL,CE,Towers with Radar,4,14,26,0,44,0,0,9,0,9,4,14,35,0,53,14,0,14,67
04/14/2008,YIP,MI,AGL,CE,Towers with Radar,5,58,71,0,134,0,0,211,0,211,5,58,282,0,345,192,0,192,537
04/15/2008,YIP,MI,AGL,CE,Towers with Radar,8,59,59,0,126,0,0,91,0,91,8,59,150,0,217,106,0,106,323
04/16/2008,YIP,MI,AGL,CE,Towers with Radar,5,32,64,0,101,0,0,45,0,45,5,32,109,0,146,76,0,76,222
04/17/2008,YIP,MI,AGL,CE,Towers with Radar,17,48,103,0,168,0,0,93,0,93,17,48,196,0,261,182,0,182,443
04/18/2008,YIP,MI,AGL,CE,Towers with Radar,6,45,56,0,107,0,0,86,0,86,6,45,142,0,193,144,0,144,337
04/19/2008,YIP,MI,AGL,CE,Towers with Radar,0,18,28,0,46,0,0,46,0,46,0,18,74,0,92,82,0,82,174
04/20/2008,YIP,MI,AGL,CE,Towers with Radar,2,10,42,0,54,0,0,44,0,44,2,10,86,0,98,90,0,90,188
04/21/2008,YIP,MI,AGL,CE,Towers with Radar,1,37,66,0,104,0,0,82,0,82,1,37,148,0,186,178,0,178,364
04/22/2008,YIP,MI,AGL,CE,Towers with Radar,6,44,58,0,108,0,0,95,0,95,6,44,153,0,203,230,0,230,433
04/23/2008,YIP,MI,AGL,CE,Towers with Radar,9,42,67,0,118,0,0,100,0,100,9,42,167,0,218,176,0,176,394
04/24/2008,YIP,MI,AGL,CE,Towers with Radar,2,39,88,0,129,0,0,90,0,90,2,39,178,0,219,114,0,114,333
04/25/2008,YIP,MI,AGL,CE,Towers with Radar,2,46,42,0,90,0,0,51,0,51,2,46,93,0,141,64,0,64,205
04/26/2008,YIP,MI,AGL,CE,Towers with Radar,0,16,13,0,29,0,0,22,0,22,0,16,35,0,51,2,0,2,53
04/27/2008,YIP,MI,AGL,CE,Towers with Radar,2,21,23,0,46,0,0,63,0,63,2,21,86,0,109,72,0,72,181
04/28/2008,YIP,MI,AGL,CE,Towers with Radar,7,46,69,0,122,0,0,20,0,20,7,46,89,0,142,150,0,150,292
04/29/2008,YIP,MI,AGL,CE,Towers with Radar,9,48,80,0,137,0,0,68,0,68,9,48,148,0,205,154,0,154,359
04/30/2008,YIP,MI,AGL,CE,Towers with Radar,24,62,67,0,153,0,0,88,0,88,24,62,155,0,241,178,0,178,419
05/01/2008,YIP,MI,AGL,CE,Towers with Radar,6,39,78,0,123,0,0,64,0,64,6,39,142,0,187,56,0,56,243
05/02/2008,YIP,MI,AGL,CE,Towers with Radar,3,44,31,0,78,0,0,21,0,21,3,44,52,0,99,34,0,34,133
05/03/2008,YIP,MI,AGL,CE,Towers with Radar,2,16,15,0,33,0,0,14,0,14,2,16,29,0,47,38,0,38,85
05/04/2008,YIP,MI,AGL,CE,Towers with Radar,3,5,35,0,43,0,0,53,0,53,3,5,88,0,96,80,0,80,176
05/05/2008,YIP,MI,AGL,CE,Towers with Radar,3,29,59,0,91,0,0,66,0,66,3,29,125,0,157,68,0,68,225
05/06/2008,YIP,MI,AGL,CE,Towers with Radar,5,37,51,0,93,0,0,80,0,80,5,37,131,0,173,36,0,36,209
05/07/2008,YIP,MI,AGL,CE,Towers with Radar,11,41,61,0,113,0,0,24,0,24,11,41,85,0,137,28,0,28,165
05/08/2008,YIP,MI,AGL,CE,Towers with Radar,21,43,75,0,139,0,0,64,0,64,21,43,139,0,203,148,0,148,351
05/09/2008,YIP,MI,AGL,CE,Towers with Radar,5,35,56,0,96,0,0,56,0,56,5,35,112,0,152,134,0,134,286
05/10/2008,YIP,MI,AGL,CE,Towers with Radar,1,8,29,0,38,0,0,65,0,65,1,8,94,0,103,122,0,122,225
05/11/2008,YIP,MI,AGL,CE,Towers with Radar,3,4,29,0,36,0,0,1,0,1,3,4,30,0,37,2,0,2,39
05/12/2008,YIP,MI,AGL,CE,Towers with Radar,2,41,64,0,107,0,0,13,0,13,2,41,77,0,120,26,0,26,146
05/13/2008,YIP,MI,AGL,CE,Towers with Radar,3,53,63,0,119,0,0,84,0,84,3,53,147,0,203,88,0,88,291
05/14/2008,YIP,MI,AGL,CE,Towers with Radar,9,51,67,0,127,0,0,8,0,8,9,51,75,0,135,14,0,14,149
05/15/2008,YIP,MI,AGL,CE,Towers with Radar,6,40,92,0,138,0,0,58,0,58,6,40,150,0,196,124,0,124,320
05/16/2008,YIP,MI,AGL,CE,Towers with Radar,4,35,44,0,83,0,0,63,0,63,4,35,107,0,146,90,0,90,236
05/17/2008,YIP,MI,AGL,CE,Towers with Radar,0,12,17,0,29,0,0,29,0,29,0,12,46,0,58,44,0,44,102
05/18/2008,YIP,MI,AGL,CE,Towers with Radar,3,6,21,0,30,0,0,22,0,22,3,6,43,0,52,56,0,56,108
05/19/2008,YIP,MI,AGL,CE,Towers with Radar,2,23,39,0,64,0,0,78,0,78,2,23,117,0,142,114,0,114,256
05/20/2008,YIP,MI,AGL,CE,Towers with Radar,2,32,61,0,95,0,0,74,0,74,2,32,135,0,169,146,0,146,315
05/21/2008,YIP,MI,AGL,CE,Towers with Radar,6,32,62,0,100,0,0,60,0,60,6,32,122,0,160,60,0,60,220
05/22/2008,YIP,MI,AGL,CE,Towers with Radar,14,30,50,0,94,0,0,63,0,63,14,30,113,0,157,80,0,80,237
05/23/2008,YIP,MI,AGL,CE,Towers with Radar,6,35,57,0,98,0,0,100,0,100,6,35,157,0,198,226,0,226,424
05/24/2008,YIP,MI,AGL,CE,Towers with Radar,2,10,29,0,41,0,0,66,0,66,2,10,95,0,107,92,0,92,199
05/25/2008,YIP,MI,AGL,CE,Towers with Radar,0,22,24,0,46,0,0,51,0,51,0,22,75,0,97,82,0,82,179
05/26/2008,YIP,MI,AGL,CE,Towers with Radar,0,9,17,0,26,0,0,30,0,30,0,9,47,0,56,28,0,28,84
05/27/2008,YIP,MI,AGL,CE,Towers with Radar,9,43,61,0,113,0,0,74,0,74,9,43,135,0,187,60,0,60,247
05/28/2008,YIP,MI,AGL,CE,Towers with Radar,11,55,53,0,119,0,0,73,0,73,11,55,126,0,192,176,0,176,368
05/29/2008,YIP,MI,AGL,CE,Towers with Radar,26,61,70,0,157,0,0,100,0,100,26,61,170,0,257,140,0,140,397
05/30/2008,YIP,MI,AGL,CE,Towers with Radar,14,48,8,0,70,0,0,39,0,39,14,48,47,0,109,66,0,66,175
05/31/2008,YIP,MI,AGL,CE,Towers with Radar,12,11,22,0,45,0,0,22,0,22,12,11,44,0,67,10,0,10,77
06/01/2008,YIP,MI,AGL,CE,Towers with Radar,3,9,24,0,36,0,0,54,0,54,3,9,78,0,90,22,0,22,112
06/02/2008,YIP,MI,AGL,CE,Towers with Radar,8,48,88,0,144,0,0,68,0,68,8,48,156,0,212,124,0,124,336
06/03/2008,YIP,MI,AGL,CE,Towers with Radar,13,74,65,0,152,0,0,23,0,23,13,74,88,0,175,92,0,92,267
06/04/2008,YIP,MI,AGL,CE,Towers with Radar,15,57,52,0,124,0,0,10,0,10,15,57,62,0,134,34,0,34,168
06/05/2008,YIP,MI,AGL,CE,Towers with Radar,31,49,66,0,146,0,0,37,0,37,31,49,103,0,183,206,0,206,389
06/06/2008,YIP,MI,AGL,CE,Towers with Radar,31,54,38,0,123,0,0,51,0,51,31,54,89,0,174,73,0,73,247
06/07/2008,YIP,MI,AGL,CE,Towers with Radar,28,7,35,0,70,0,0,21,0,21,28,7,56,0,91,146,0,146,237
06/08/2008,YIP,MI,AGL,CE,Towers with Radar,13,3,25,0,41,0,0,82,0,82,13,3,107,0,123,52,0,52,175
06/09/2008,YIP,MI,AGL,CE,Towers with Radar,14,41,60,0,115,0,0,129,0,129,14,41,189,0,244,88,0,88,332
06/10/2008,YIP,MI,AGL,CE,Towers with Radar,19,55,59,0,133,0,0,40,1,41,19,55,99,1,174,126,0,126,300
06/11/2008,YIP,MI,AGL,CE,Towers with Radar,31,62,89,1,183,0,0,105,0,105,31,62,194,1,288,96,0,96,384
06/12/2008,YIP,MI,AGL,CE,Towers with Radar,34,71,79,0,184,0,0,72,0,72,34,71,151,0,256,152,0,152,408
06/13/2008,YIP,MI,AGL,CE,Towers with Radar,28,59,48,0,135,0,0,15,0,15,28,59,63,0,150,48,0,48,198
06/14/2008,YIP,MI,AGL,CE,Towers with Radar,10,11,45,0,66,0,0,89,0,89,10,11,134,0,155,138,0,138,293
06/15/2008,YIP,MI,AGL,CE,Towers with Radar,10,12,38,0,60,0,0,34,0,34,10,12,72,0,94,48,0,48,142
06/16/2008,YIP,MI,AGL,CE,Towers with Radar,7,38,47,0,92,0,0,172,0,172,7,38,219,0,264,112,0,112,376
06/17/2008,YIP,MI,AGL,CE,Towers with Radar,13,45,65,0,123,0,0,66,0,66,13,45,131,0,189,150,0,150,339
06/18/2008,YIP,MI,AGL,CE,Towers with Radar,23,45,67,0,135,0,0,78,0,78,23,45,145,0,213,170,0,170,383
06/19/2008,YIP,MI,AGL,CE,Towers with Radar,28,52,81,0,161,0,0,107,0,107,28,52,188,0,268,94,0,94,362
06/20/2008,YIP,MI,AGL,CE,Towers with Radar,39,49,48,0,136,0,0,79,0,79,39,49,127,0,215,160,0,160,375
06/21/2008,YIP,MI,AGL,CE,Towers with Radar,8,7,12,0,27,0,0,42,0,42,8,7,54,0,69,38,0,38,107
06/22/2008,YIP,MI,AGL,CE,Towers with Radar,2,11,30,0,43,0,0,41,0,41,2,11,71,0,84,130,0,130,214
06/23/2008,YIP,MI,AGL,CE,Towers with Radar,6,40,57,0,103,0,0,39,0,39,6,40,96,0,142,30,0,30,172
06/24/2008,YIP,MI,AGL,CE,Towers with Radar,14,44,74,0,132,0,0,99,0,99,14,44,173,0,231,164,0,164,395
06/25/2008,YIP,MI,AGL,CE,Towers with Radar,15,50,53,0,118,0,0,33,0,33,15,50,86,0,151,72,0,72,223
06/26/2008,YIP,MI,AGL,CE,Towers with Radar,23,67,81,0,171,0,0,38,0,38,23,67,119,0,209,48,0,48,257
06/27/2008,YIP,MI,AGL,CE,Towers with Radar,16,62,36,0,114,0,0,56,0,56,16,62,92,0,170,112,0,112,282
06/28/2008,YIP,MI,AGL,CE,Towers with Radar,2,12,31,0,45,0,0,25,0,25,2,12,56,0,70,46,0,46,116
06/29/2008,YIP,MI,AGL,CE,Towers with Radar,6,4,13,0,23,0,0,25,0,25,6,4,38,0,48,38,0,38,86
06/30/2008,YIP,MI,AGL,CE,Towers with Radar,9,39,53,0,101,0,0,40,0,40,9,39,93,0,141,54,0,54,195
07/01/2008,YIP,MI,AGL,CE,Towers with Radar,18,45,117,0,180,18,45,63,0,126,36,90,180,0,306,198,0,198,504
07/02/2008,YIP,MI,AGL,CE,Towers with Radar,28,39,49,0,116,0,0,63,1,64,28,39,112,1,180,120,0,120,300
07/03/2008,YIP,MI,AGL,CE,Towers with Radar,20,38,44,0,102,0,2,29,0,31,20,40,73,0,133,28,0,28,161
07/04/2008,YIP,MI,AGL,CE,Towers with Radar,2,5,5,0,12,0,0,45,0,45,2,5,50,0,57,36,0,36,93
07/05/2008,YIP,MI,AGL,CE,Towers with Radar,1,9,13,0,23,0,1,44,0,45,1,10,57,0,68,63,0,63,131
07/06/2008,YIP,MI,AGL,CE,Towers with Radar,1,6,20,0,27,0,0,53,0,53,1,6,73,0,80,54,0,54,134
07/07/2008,YIP,MI,AGL,CE,Towers with Radar,1,26,33,0,60,0,2,52,0,54,1,28,85,0,114,58,0,58,172
07/08/2008,YIP,MI,AGL,CE,Towers with Radar,6,27,42,0,75,0,5,15,0,20,6,32,57,0,95,14,0,14,109
07/09/2008,YIP,MI,AGL,CE,Towers with Radar,1,38,58,0,97,0,2,108,0,110,1,40,166,0,207,118,0,118,325
07/10/2008,YIP,MI,AGL,CE,Towers with Radar,20,38,39,0,97,0,2,71,0,73,20,40,110,0,170,94,0,94,264
07/11/2008,YIP,MI,AGL,CE,Towers with Radar,3,50,36,1,90,0,2,70,1,73,3,52,106,2,163,102,0,102,265
07/12/2008,YIP,MI,AGL,CE,Towers with Radar,6,9,11,0,26,0,0,7,0,7,6,9,18,0,33,38,0,38,71
07/13/2008,YIP,MI,AGL,CE,Towers with Radar,1,3,26,0,30,0,0,65,1,66,1,3,91,1,96,24,0,24,120
07/14/2008,YIP,MI,AGL,CE,Towers with Radar,2,28,36,0,66,0,2,83,0,85,2,30,119,0,151,96,0,96,247
07/15/2008,YIP,MI,AGL,CE,Towers with Radar,7,32,50,0,89,0,2,108,0,110,7,34,158,0,199,114,2,116,315
07/16/2008,YIP,MI,AGL,CE,Towers with Radar,3,49,46,0,98,4,2,88,2,96,7,51,134,2,194,116,0,116,310
07/17/2008,YIP,MI,AGL,CE,Towers with Radar,4,31,69,0,104,0,1,68,0,69,4,32,137,0,173,164,0,164,337
07/18/2008,YIP,MI,AGL,CE,Towers with Radar,7,39,45,0,91,0,0,51,0,51,7,39,96,0,142,66,0,66,208
07/19/2008,YIP,MI,AGL,CE,Towers with Radar,6,10,25,0,41,0,0,41,0,41,6,10,66,0,82,52,0,52,134
07/20/2008,YIP,MI,AGL,CE,Towers with Radar,0,4,34,0,38,0,0,13,0,13,0,4,47,0,51,42,0,42,93
07/21/2008,YIP,MI,AGL,CE,Towers with Radar,3,33,39,0,75,0,3,21,0,24,3,36,60,0,99,104,0,104,203
07/22/2008,YIP,MI,AGL,CE,Towers with Radar,5,40,56,0,101,0,2,23,0,25,5,42,79,0,126,172,0,172,298
07/23/2008,YIP,MI,AGL,CE,Towers with Radar,11,37,47,1,96,2,4,77,0,83,13,41,124,1,179,112,0,112,291
07/24/2008,YIP,MI,AGL,CE,Towers with Radar,10,38,63,0,111,3,2,59,1,65,13,40,122,1,176,166,0,166,342
07/25/2008,YIP,MI,AGL,CE,Towers with Radar,2,37,44,3,86,0,3,59,0,62,2,40,103,3,148,140,8,148,296
07/26/2008,YIP,MI,AGL,CE,Towers with Radar,2,12,12,0,26,0,0,32,1,33,2,12,44,1,59,90,0,90,149
07/27/2008,YIP,MI,AGL,CE,Towers with Radar,2,4,27,0,33,0,0,59,0,59,2,4,86,0,92,64,0,64,156
07/28/2008,YIP,MI,AGL,CE,Towers with Radar,2,27,44,0,73,0,4,61,0,65,2,31,105,0,138,172,0,172,310
07/29/2008,YIP,MI,AGL,CE,Towers with Radar,16,43,52,0,111,0,2,53,0,55,16,45,105,0,166,176,0,176,342
07/30/2008,YIP,MI,AGL,CE,Towers with Radar,10,43,33,0,86,0,4,55,0,59,10,47,88,0,145,140,0,140,285
07/31/2008,YIP,MI,AGL,CE,Towers with Radar,9,44,48,0,101,0,5,78,0,83,9,49,126,0,184,144,0,144,328
08/01/2008,YIP,MI,AGL,CE,Towers with Radar,6,36,31,0,73,0,4,48,0,52,6,40,79,0,125,188,0,188,313
08/02/2008,YIP,MI,AGL,CE,Towers with Radar,3,10,20,0,33,0,0,46,0,46,3,10,66,0,79,110,0,110,189
08/03/2008,YIP,MI,AGL,CE,Towers with Radar,2,6,23,0,31,0,0,34,0,34,2,6,57,0,65,98,0,98,163
08/04/2008,YIP,MI,AGL,CE,Towers with Radar,3,38,35,0,76,0,4,45,0,49,3,42,80,0,125,116,0,116,241
08/05/2008,YIP,MI,AGL,CE,Towers with Radar,4,44,30,0,78,0,3,37,0,40,4,47,67,0,118,118,0,118,236
08/06/2008,YIP,MI,AGL,CE,Towers with Radar,11,29,43,2,85,0,4,77,0,81,11,33,120,2,166,96,0,96,262
08/07/2008,YIP,MI,AGL,CE,Towers with Radar,22,43,34,3,102,2,3,52,1,58,24,46,86,4,160,88,2,90,250
08/08/2008,YIP,MI,AGL,CE,Towers with Radar,12,22,16,3,53,0,0,93,6,99,12,22,109,9,152,114,86,200,352
08/09/2008,YIP,MI,AGL,CE,Towers with Radar,3,4,6,0,13,0,3,108,0,111,3,7,114,0,124,251,0,251,375
08/10/2008,YIP,MI,AGL,CE,Towers with Radar,2,5,16,9,32,0,2,162,1,165,2,7,178,10,197,416,0,416,613
08/11/2008,YIP,MI,AGL,CE,Towers with Radar,2,35,26,5,68,0,2,71,0,73,2,37,97,5,141,152,0,152,293
08/12/2008,YIP,MI,AGL,CE,Towers with Radar,17,33,52,3,105,0,1,88,0,89,17,34,140,3,194,186,0,186,380
08/13/2008,YIP,MI,AGL,CE,Towers with Radar,11,35,55,0,101,0,2,63,0,65,11,37,118,0,166,130,0,130,296
08/14/2008,YIP,MI,AGL,CE,Towers with Radar,10,27,45,0,82,0,4,73,0,77,10,31,118,0,159,156,0,156,315
08/15/2008,YIP,MI,AGL,CE,Towers with Radar,8,32,37,0,77,0,3,70,0,73,8,35,107,0,150,116,0,116,266
08/16/2008,YIP,MI,AGL,CE,Towers with Radar,8,13,20,0,41,0,0,85,2,87,8,13,105,2,128,122,0,122,250
08/17/2008,YIP,MI,AGL,CE,Towers with Radar,2,14,51,0,67,0,4,50,3,57,2,18,101,3,124,30,0,30,154
08/18/2008,YIP,MI,AGL,CE,Towers with Radar,0,33,34,1,68,0,1,60,0,61,0,34,94,1,129,152,0,152,281
08/19/2008,YIP,MI,AGL,CE,Towers with Radar,8,27,57,0,92,0,1,51,0,52,8,28,108,0,144,174,0,174,318
08/20/2008,YIP,MI,AGL,CE,Towers with Radar,4,28,74,1,107,0,3,83,0,86,4,31,157,1,193,158,0,158,351
08/21/2008,YIP,MI,AGL,CE,Towers with Radar,1,33,38,0,72,0,7,73,0,80,1,40,111,0,152,160,0,160,312
08/22/2008,YIP,MI,AGL,CE,Towers with Radar,3,36,34,0,73,0,2,43,0,45,3,38,77,0,118,178,0,178,296
08/23/2008,YIP,MI,AGL,CE,Towers with Radar,6,14,11,0,31,0,0,38,0,38,6,14,49,0,69,34,0,34,103
08/24/2008,YIP,MI,AGL,CE,Towers with Radar,2,16,35,0,53,0,0,38,0,38,2,16,73,0,91,134,0,134,225
08/25/2008,YIP,MI,AGL,CE,Towers with Radar,2,34,50,0,86,0,2,58,0,60,2,36,108,0,146,181,0,181,327
08/26/2008,YIP,MI,AGL,CE,Towers with Radar,4,37,62,0,103,0,3,77,0,80,4,40,139,0,183,150,0,150,333
08/27/2008,YIP,MI,AGL,CE,Towers with Radar,8,41,45,2,96,0,4,75,0,79,8,45,120,2,175,152,0,152,327
08/28/2008,YIP,MI,AGL,CE,Towers with Radar,3,58,72,2,135,0,1,29,1,31,3,59,101,3,166,54,0,54,220
08/29/2008,YIP,MI,AGL,CE,Towers with Radar,5,31,61,0,97,0,2,29,0,31,5,33,90,0,128,56,0,56,184
08/30/2008,YIP,MI,AGL,CE,Towers with Radar,2,8,24,0,34,0,0,71,0,71,2,8,95,0,105,114,0,114,219
08/31/2008,YIP,MI,AGL,CE,Towers with Radar,2,17,17,0,36,0,1,34,0,35,2,18,51,0,71,44,0,44,115
09/01/2008,YIP,MI,AGL,CE,Towers with Radar,2,11,18,0,31,0,0,32,0,32,2,11,50,0,63,32,0,32,95
09/02/2008,YIP,MI,AGL,CE,Towers with Radar,0,36,42,0,78,0,4,60,0,64,0,40,102,0,142,102,0,102,244
09/03/2008,YIP,MI,AGL,CE,Towers with Radar,8,53,35,0,96,0,0,32,0,32,8,53,67,0,128,134,0,134,262
09/04/2008,YIP,MI,AGL,CE,Towers with Radar,6,31,30,0,67,0,0,17,0,17,6,31,47,0,84,62,0,62,146
09/05/2008,YIP,MI,AGL,CE,Towers with Radar,4,42,42,0,88,0,1,28,1,30,4,43,70,1,118,168,0,168,286
09/06/2008,YIP,MI,AGL,CE,Towers with Radar,1,8,13,0,22,0,2,67,1,70,1,10,80,1,92,186,0,186,278
09/07/2008,YIP,MI,AGL,CE,Towers with Radar,2,5,32,0,39,0,0,16,0,16,2,5,48,0,55,70,0,70,125
09/08/2008,YIP,MI,AGL,CE,Towers with Radar,6,42,34,0,82,0,0,23,0,23,6,42,57,0,105,118,0,118,223
09/09/2008,YIP,MI,AGL,CE,Towers with Radar,11,44,50,0,105,9,5,84,0,98,20,49,134,0,203,234,0,234,437
09/10/2008,YIP,MI,AGL,CE,Towers with Radar,2,45,51,0,98,0,6,97,1,104,2,51,148,1,202,232,0,232,434
09/11/2008,YIP,MI,AGL,CE,Towers with Radar,7,43,50,10,110,0,2,85,1,88,7,45,135,11,198,182,10,192,390
09/12/2008,YIP,MI,AGL,CE,Towers with Radar,3,32,55,0,90,0,0,0,0,0,3,32,55,0,90,12,0,12,102
09/13/2008,YIP,MI,AGL,CE,Towers with Radar,4,7,10,0,21,0,0,0,0,0,4,7,10,0,21,0,0,0,21
09/14/2008,YIP,MI,AGL,CE,Towers with Radar,1,7,18,0,26,0,0,5,0,5,1,7,23,0,31,6,0,6,37
09/15/2008,YIP,MI,AGL,CE,Towers with Radar,4,48,41,0,93,0,2,21,0,23,4,50,62,0,116,98,0,98,214
09/16/2008,YIP,MI,AGL,CE,Towers with Radar,7,33,61,0,101,0,4,71,0,75,7,37,132,0,176,138,0,138,314
09/17/2008,YIP,MI,AGL,CE,Towers with Radar,10,27,51,1,89,0,0,106,1,107,10,27,157,2,196,150,0,150,346
09/18/2008,YIP,MI,AGL,CE,Towers with Radar,12,29,52,0,93,0,2,96,0,98,12,31,148,0,191,118,0,118,309
09/19/2008,YIP,MI,AGL,CE,Towers with Radar,4,43,51,0,98,0,2,76,0,78,4,45,127,0,176,154,0,154,330
09/20/2008,YIP,MI,AGL,CE,Towers with Radar,1,7,33,0,41,2,0,83,0,85,3,7,116,0,126,100,0,100,226
09/21/2008,YIP,MI,AGL,CE,Towers with Radar,0,8,18,0,26,0,0,19,0,19,0,8,37,0,45,12,0,12,57
09/22/2008,YIP,MI,AGL,CE,Towers with Radar,3,37,26,0,66,0,2,33,0,35,3,39,59,0,101,24,0,24,125
09/23/2008,YIP,MI,AGL,CE,Towers with Radar,12,44,38,0,94,0,5,55,1,61,12,49,93,1,155,90,0,90,245
09/24/2008,YIP,MI,AGL,CE,Towers with Radar,7,42,64,0,113,0,3,77,0,80,7,45,141,0,193,118,0,118,311
09/25/2008,YIP,MI,AGL,CE,Towers with Radar,19,61,41,0,121,0,5,85,0,90,19,66,126,0,211,168,0,168,379
09/26/2008,YIP,MI,AGL,CE,Towers with Radar,20,45,33,0,98,0,2,72,0,74,20,47,105,0,172,66,0,66,238
09/27/2008,YIP,MI,AGL,CE,Towers with Radar,1,28,41,0,70,0,0,35,0,35,1,28,76,0,105,48,0,48,153
09/28/2008,YIP,MI,AGL,CE,Towers with Radar,2,10,22,0,34,0,0,42,0,42,2,10,64,0,76,70,0,70,146
09/29/2008,YIP,MI,AGL,CE,Towers with Radar,3,44,49,0,96,0,1,29,0,30,3,45,78,0,126,88,0,88,214
09/30/2008,YIP,MI,AGL,CE,Towers with Radar,9,37,53,4,103,0,2,19,0,21,9,39,72,4,124,72,0,72,196
10/01/2008,YIP,MI,AGL,CE,Towers with Radar,6,28,55,0,89,0,2,48,0,50,6,30,103,0,139,24,0,24,163
10/02/2008,YIP,MI,AGL,CE,Towers with Radar,4,28,44,0,76,0,1,49,0,50,4,29,93,0,126,78,0,78,204
10/03/2008,YIP,MI,AGL,CE,Towers with Radar,3,60,67,0,130,0,21,82,0,103,3,81,149,0,233,148,0,148,381
10/04/2008,YIP,MI,AGL,CE,Towers with Radar,2,22,28,0,52,0,0,56,0,56,2,22,84,0,108,40,0,40,148
10/05/2008,YIP,MI,AGL,CE,Towers with Radar,0,21,22,0,43,0,1,64,0,65,0,22,86,0,108,72,0,72,180
10/06/2008,YIP,MI,AGL,CE,Towers with Radar,2,34,49,0,85,0,3,50,0,53,2,37,99,0,138,158,0,158,296
10/07/2008,YIP,MI,AGL,CE,Towers with Radar,2,37,71,0,110,0,2,67,0,69,2,39,138,0,179,182,0,182,361
10/08/2008,YIP,MI,AGL,CE,Towers with Radar,4,47,46,0,97,0,0,13,0,13,4,47,59,0,110,10,0,10,120
10/09/2008,YIP,MI,AGL,CE,Towers with Radar,4,34,57,0,95,0,4,56,0,60,4,38,113,0,155,88,0,88,243
10/10/2008,YIP,MI,AGL,CE,Towers with Radar,2,50,60,0,112,0,12,70,0,82,2,62,130,0,194,142,0,142,336
10/11/2008,YIP,MI,AGL,CE,Towers with Radar,4,13,15,0,32,0,0,62,0,62,4,13,77,0,94,28,0,28,122
10/12/2008,YIP,MI,AGL,CE,Towers with Radar,5,7,21,0,33,0,2,61,0,63,5,9,82,0,96,50,0,50,146
10/13/2008,YIP,MI,AGL,CE,Towers with Radar,4,29,57,0,90,0,2,64,0,66,4,31,121,0,156,176,0,176,332
10/14/2008,YIP,MI,AGL,CE,Towers with Radar,1,48,59,0,108,0,5,54,0,59,1,53,113,0,167,124,0,124,291
10/15/2008,YIP,MI,AGL,CE,Towers with Radar,1,46,37,0,84,0,0,36,0,36,1,46,73,0,120,104,0,104,224
10/16/2008,YIP,MI,AGL,CE,Towers with Radar,4,35,37,0,76,0,4,83,0,87,4,39,120,0,163,154,0,154,317
10/17/2008,YIP,MI,AGL,CE,Towers with Radar,17,54,44,0,115,0,12,48,0,60,17,66,92,0,175,128,0,128,303
10/18/2008,YIP,MI,AGL,CE,Towers with Radar,5,6,28,0,39,0,0,57,0,57,5,6,85,0,96,120,0,120,216
10/19/2008,YIP,MI,AGL,CE,Towers with Radar,0,7,24,0,31,0,0,54,0,54,0,7,78,0,85,68,0,68,153
10/20/2008,YIP,MI,AGL,CE,Towers with Radar,6,37,41,0,84,0,0,10,0,10,6,37,51,0,94,0,0,0,94
10/21/2008,YIP,MI,AGL,CE,Towers with Radar,3,37,41,0,81,0,0,69,0,69,3,37,110,0,150,128,0,128,278
10/22/2008,YIP,MI,AGL,CE,Towers with Radar,8,28,41,0,77,0,2,85,0,87,8,30,126,0,164,170,0,170,334
10/23/2008,YIP,MI,AGL,CE,Towers with Radar,4,45,39,0,88,0,3,58,0,61,4,48,97,0,149,90,0,90,239
10/24/2008,YIP,MI,AGL,CE,Towers with Radar,7,44,39,0,90,1,0,26,0,27,8,44,65,0,117,96,0,96,213
10/25/2008,YIP,MI,AGL,CE,Towers with Radar,0,17,19,0,36,0,0,5,0,5,0,17,24,0,41,18,0,18,59
10/26/2008,YIP,MI,AGL,CE,Towers with Radar,4,10,13,0,27,0,2,3,0,5,4,12,16,0,32,4,0,4,36
10/27/2008,YIP,MI,AGL,CE,Towers with Radar,7,42,27,0,76,0,2,12,0,14,7,44,39,0,90,40,0,40,130
10/28/2008,YIP,MI,AGL,CE,Towers with Radar,6,39,58,2,105,0,2,10,0,12,6,41,68,2,117,32,0,32,149
10/29/2008,YIP,MI,AGL,CE,Towers with Radar,7,44,34,0,85,0,0,44,0,44,7,44,78,0,129,68,0,68,197
10/30/2008,YIP,MI,AGL,CE,Towers with Radar,6,36,39,0,81,0,6,90,0,96,6,42,129,0,177,180,0,180,357
10/31/2008,YIP,MI,AGL,CE,Towers with Radar,15,30,42,0,87,0,0,59,0,59,15,30,101,0,146,120,0,120,266
11/01/2008,YIP,MI,AGL,CE,Towers with Radar,4,10,22,0,36,0,0,57,0,57,4,10,79,0,93,78,0,78,171
11/02/2008,YIP,MI,AGL,CE,Towers with Radar,4,8,39,0,51,0,0,29,0,29,4,8,68,0,80,144,0,144,224
11/03/2008,YIP,MI,AGL,CE,Towers with Radar,3,42,36,0,81,0,3,49,0,52,3,45,85,0,133,114,0,114,247
11/04/2008,YIP,MI,AGL,CE,Towers with Radar,4,36,65,0,105,0,2,64,0,66,4,38,129,0,171,140,0,140,311
11/05/2008,YIP,MI,AGL,CE,Towers with Radar,6,32,43,0,81,0,3,71,0,74,6,35,114,0,155,214,0,214,369
11/06/2008,YIP,MI,AGL,CE,Towers with Radar,16,26,37,0,79,0,2,9,0,11,16,28,46,0,90,0,0,0,90
11/07/2008,YIP,MI,AGL,CE,Towers with Radar,11,44,29,0,84,0,5,38,0,43,11,49,67,0,127,148,0,148,275
11/08/2008,YIP,MI,AGL,CE,Towers with Radar,1,13,3,0,17,0,0,4,0,4,1,13,7,0,21,16,0,16,37
11/09/2008,YIP,MI,AGL,CE,Towers with Radar,3,2,8,0,13,0,0,1,0,1,3,2,9,0,14,10,0,10,24
11/10/2008,YIP,MI,AGL,CE,Towers with Radar,4,23,41,0,68,0,4,23,0,27,4,27,64,0,95,92,0,92,187
11/11/2008,YIP,MI,AGL,CE,Towers with Radar,7,35,31,0,73,0,1,42,0,43,7,36,73,0,116,162,0,162,278
11/12/2008,YIP,MI,AGL,CE,Towers with Radar,4,38,52,0,94,0,1,59,0,60,4,39,111,0,154,238,0,238,392
11/13/2008,YIP,MI,AGL,CE,Towers with Radar,2,23,53,0,78,0,0,9,0,9,2,23,62,0,87,26,0,26,113
11/14/2008,YIP,MI,AGL,CE,Towers with Radar,3,45,44,0,92,0,0,5,0,5,3,45,49,0,97,2,0,2,99
11/15/2008,YIP,MI,AGL,CE,Towers with Radar,1,1,20,0,22,0,0,0,0,0,1,1,20,0,22,0,0,0,22
11/16/2008,YIP,MI,AGL,CE,Towers with Radar,3,18,12,0,33,0,0,2,0,2,3,18,14,0,35,6,0,6,41
11/17/2008,YIP,MI,AGL,CE,Towers with Radar,0,29,29,0,58,0,1,13,0,14,0,30,42,0,72,68,0,68,140
11/18/2008,YIP,MI,AGL,CE,Towers with Radar,4,26,49,0,79,0,3,65,0,68,4,29,114,0,147,96,0,96,243
11/19/2008,YIP,MI,AGL,CE,Towers with Radar,7,28,61,0,96,0,2,44,0,46,7,30,105,0,142,38,0,38,180
11/20/2008,YIP,MI,AGL,CE,Towers with Radar,6,30,36,0,72,0,2,8,0,10,6,32,44,0,82,46,0,46,128
11/21/2008,YIP,MI,AGL,CE,Towers with Radar,6,29,43,0,78,0,1,1,0,2,6,30,44,0,80,0,0,0,80
11/22/2008,YIP,MI,AGL,CE,Towers with Radar,3,6,37,0,46,0,5,83,0,88,3,11,120,0,134,204,0,204,338
11/23/2008,YIP,MI,AGL,CE,Towers with Radar,4,16,28,3,51,0,0,56,0,56,4,16,84,3,107,116,2,118,225
11/24/2008,YIP,MI,AGL,CE,Towers with Radar,2,21,23,0,46,0,0,2,0,2,2,21,25,0,48,16,0,16,64
11/25/2008,YIP,MI,AGL,CE,Towers with Radar,2,28,31,0,61,0,3,1,0,4,2,31,32,0,65,0,0,0,65
11/26/2008,YIP,MI,AGL,CE,Towers with Radar,5,19,25,0,49,0,2,39,0,41,5,21,64,0,90,112,0,112,202
11/27/2008,YIP,MI,AGL,CE,Towers with Radar,6,10,13,0,29,0,0,15,0,15,6,10,28,0,44,30,0,30,74
11/28/2008,YIP,MI,AGL,CE,Towers with Radar,2,20,16,0,38,0,1,6,0,7,2,21,22,0,45,0,0,0,45
11/29/2008,YIP,MI,AGL,CE,Towers with Radar,3,4,12,1,20,0,3,77,3,83,3,7,89,4,103,118,2,120,223
11/30/2008,YIP,MI,AGL,CE,Towers with Radar,3,8,14,0,25,0,1,4,0,5,3,9,18,0,30,34,0,34,64
12/01/2008,YIP,MI,AGL,CE,Towers with Radar,3,47,25,0,75,0,0,2,0,2,3,47,27,0,77,0,0,0,77
12/02/2008,YIP,MI,AGL,CE,Towers with Radar,7,41,38,0,86,0,4,12,0,16,7,45,50,0,102,54,0,54,156
12/03/2008,YIP,MI,AGL,CE,Towers with Radar,2,50,30,0,82,0,0,27,0,27,2,50,57,0,109,120,0,120,229
12/04/2008,YIP,MI,AGL,CE,Towers with Radar,10,27,29,0,66,0,0,17,0,17,10,27,46,0,83,44,0,44,127
12/05/2008,YIP,MI,AGL,CE,Towers with Radar,11,28,34,0,73,0,2,19,0,21,11,30,53,0,94,82,0,82,176
12/06/2008,YIP,MI,AGL,CE,Towers with Radar,3,10,13,0,26,0,0,1,0,1,3,10,14,0,27,0,0,0,27
12/07/2008,YIP,MI,AGL,CE,Towers with Radar,4,4,21,0,29,0,2,14,0,16,4,6,35,0,45,48,0,48,93
12/08/2008,YIP,MI,AGL,CE,Towers with Radar,5,33,38,0,76,0,1,57,0,58,5,34,95,0,134,132,0,132,266
12/09/2008,YIP,MI,AGL,CE,Towers with Radar,6,28,21,0,55,0,0,0,0,0,6,28,21,0,55,0,0,0,55
12/10/2008,YIP,MI,AGL,CE,Towers with Radar,3,32,31,0,66,0,3,16,0,19,3,35,47,0,85,74,0,74,159
12/11/2008,YIP,MI,AGL,CE,Towers with Radar,1,29,42,4,76,0,5,64,0,69,1,34,106,4,145,168,4,172,317
12/12/2008,YIP,MI,AGL,CE,Towers with Radar,1,37,35,0,73,0,5,14,0,19,1,42,49,0,92,36,0,36,128
12/13/2008,YIP,MI,AGL,CE,Towers with Radar,1,5,12,0,18,0,0,52,2,54,1,5,64,2,72,204,0,204,276
12/14/2008,YIP,MI,AGL,CE,Towers with Radar,2,3,9,0,14,0,1,3,0,4,2,4,12,0,18,14,0,14,32
12/15/2008,YIP,MI,AGL,CE,Towers with Radar,3,34,33,0,70,0,2,8,0,10,3,36,41,0,80,4,0,4,84
12/16/2008,YIP,MI,AGL,CE,Towers with Radar,12,34,61,0,107,0,0,49,0,49,12,34,110,0,156,192,0,192,348
12/17/2008,YIP,MI,AGL,CE,Towers with Radar,8,43,20,0,71,2,1,3,0,6,10,44,23,0,77,6,0,6,83
12/18/2008,YIP,MI,AGL,CE,Towers with Radar,10,40,41,0,91,0,20,13,0,33,10,60,54,0,124,42,0,42,166
12/19/2008,YIP,MI,AGL,CE,Towers with Radar,5,22,12,0,39,0,5,4,0,9,5,27,16,0,48,0,0,0,48
12/20/2008,YIP,MI,AGL,CE,Towers with Radar,1,7,14,0,22,0,1,11,0,12,1,8,25,0,34,4,0,4,38
12/21/2008,YIP,MI,AGL,CE,Towers with Radar,2,3,1,0,6,0,0,0,0,0,2,3,1,0,6,0,0,0,6
12/22/2008,YIP,MI,AGL,CE,Towers with Radar,1,18,30,0,49,0,3,9,0,12,1,21,39,0,61,6,0,6,67
12/23/2008,YIP,MI,AGL,CE,Towers with Radar,1,14,16,0,31,0,0,3,0,3,1,14,19,0,34,0,0,0,34
12/24/2008,YIP,MI,AGL,CE,Towers with Radar,3,15,10,0,28,0,2,0,0,2,3,17,10,0,30,0,0,0,30
12/25/2008,YIP,MI,AGL,CE,Towers with Radar,0,6,12,0,18,0,3,12,0,15,0,9,24,0,33,46,0,46,79
12/26/2008,YIP,MI,AGL,CE,Towers with Radar,0,16,15,0,31,0,0,3,0,3,0,16,18,0,34,4,0,4,38
12/27/2008,YIP,MI,AGL,CE,Towers with Radar,1,16,15,0,32,0,0,7,0,7,1,16,22,0,39,30,0,30,69
12/28/2008,YIP,MI,AGL,CE,Towers with Radar,1,5,12,0,18,0,1,2,0,3,1,6,14,0,21,6,0,6,27
12/29/2008,YIP,MI,AGL,CE,Towers with Radar,2,12,13,0,27,0,6,25,0,31,2,18,38,0,58,44,0,44,102
12/30/2008,YIP,MI,AGL,CE,Towers with Radar,1,9,40,0,50,0,1,29,0,30,1,10,69,0,80,66,0,66,146
12/31/2008,YIP,MI,AGL,CE,Towers with Radar,5,10,12,0,27,0,2,5,0,7,5,12,17,0,34,0,0,0,34
01/01/2009,YIP,MI,AGL,CE,Towers with Radar,1,4,9,0,14,0,1,12,0,13,1,5,21,0,27,28,0,28,55
01/02/2009,YIP,MI,AGL,CE,Towers with Radar,0,14,14,0,28,0,2,14,0,16,0,16,28,0,44,52,0,52,96
01/03/2009,YIP,MI,AGL,CE,Towers with Radar,0,6,59,0,65,0,0,59,0,59,0,6,118,0,124,100,0,100,224
01/04/2009,YIP,MI,AGL,CE,Towers with Radar,3,9,11,0,23,0,0,0,0,0,3,9,11,0,23,0,0,0,23
01/05/2009,YIP,MI,AGL,CE,Towers with Radar,2,14,48,0,64,0,2,74,0,76,2,16,122,0,140,86,0,86,226
01/06/2009,YIP,MI,AGL,CE,Towers with Radar,5,32,36,0,73,0,2,37,0,39,5,34,73,0,112,108,0,108,220
01/07/2009,YIP,MI,AGL,CE,Towers with Radar,5,21,16,0,42,0,0,0,0,0,5,21,16,0,42,0,0,0,42
01/08/2009,YIP,MI,AGL,CE,Towers with Radar,4,28,31,0,63,0,0,20,0,20,4,28,51,0,83,10,0,10,93
01/09/2009,YIP,MI,AGL,CE,Towers with Radar,1,20,28,0,49,0,1,16,0,17,1,21,44,0,66,64,0,64,130
01/10/2009,YIP,MI,AGL,CE,Towers with Radar,1,7,3,0,11,1,0,0,0,1,2,7,3,0,12,0,0,0,12
01/11/2009,YIP,MI,AGL,CE,Towers with Radar,1,7,11,0,19,0,0,1,0,1,1,7,12,0,20,0,0,0,20
01/12/2009,YIP,MI,AGL,CE,Towers with Radar,0,22,43,2,67,0,1,9,0,10,0,23,52,2,77,122,0,122,199
01/13/2009,YIP,MI,AGL,CE,Towers with Radar,2,37,33,0,72,0,3,4,0,7,2,40,37,0,79,2,0,2,81
01/14/2009,YIP,MI,AGL,CE,Towers with Radar,1,25,29,0,55,0,3,0,0,3,1,28,29,0,58,4,0,4,62
01/15/2009,YIP,MI,AGL,CE,Towers with Radar,5,43,35,0,83,0,1,9,0,10,5,44,44,0,93,70,0,70,163
01/16/2009,YIP,MI,AGL,CE,Towers with Radar,2,30,23,0,55,1,3,2,0,6,3,33,25,0,61,12,0,12,73
01/17/2009,YIP,MI,AGL,CE,Towers with Radar,0,12,0,0,12,0,0,0,0,0,0,12,0,0,12,0,0,0,12
01/18/2009,YIP,MI,AGL,CE,Towers with Radar,1,7,19,0,27,0,1,3,0,4,1,8,22,0,31,4,6,10,41
01/19/2009,YIP,MI,AGL,CE,Towers with Radar,1,18,61,0,80,0,2,42,0,44,1,20,103,0,124,112,0,112,236
01/20/2009,YIP,MI,AGL,CE,Towers with Radar,3,29,40,0,72,0,11,53,0,64,3,40,93,0,136,120,0,120,256
01/21/2009,YIP,MI,AGL,CE,Towers with Radar,3,32,62,0,97,1,5,40,0,46,4,37,102,0,143,146,0,146,289
01/22/2009,YIP,MI,AGL,CE,Towers with Radar,1,34,38,0,73,0,1,17,0,18,1,35,55,0,91,42,0,42,133
01/23/2009,YIP,MI,AGL,CE,Towers with Radar,3,23,36,0,62,0,0,19,0,19,3,23,55,0,81,42,0,42,123
01/24/2009,YIP,MI,AGL,CE,Towers with Radar,1,0,11,0,12,0,1,44,0,45,1,1,55,0,57,118,0,118,175
01/25/2009,YIP,MI,AGL,CE,Towers with Radar,1,2,32,0,35,0,8,30,0,38,1,10,62,0,73,64,0,64,137
01/26/2009,YIP,MI,AGL,CE,Towers with Radar,1,29,54,0,84,0,1,71,0,72,1,30,125,0,156,217,0,217,373
01/27/2009,YIP,MI,AGL,CE,Towers with Radar,1,51,45,0,97,0,1,59,0,60,1,52,104,0,157,170,0,170,327
01/28/2009,YIP,MI,AGL,CE,Towers with Radar,5,33,21,0,59,0,2,2,0,4,5,35,23,0,63,0,0,0,63
01/29/2009,YIP,MI,AGL,CE,Towers with Radar,2,49,40,0,91,0,12,2,0,14,2,61,42,0,105,0,0,0,105
01/30/2009,YIP,MI,AGL,CE,Towers with Radar,4,20,25,0,49,0,4,1,0,5,4,24,26,0,54,0,0,0,54
01/31/2009,YIP,MI,AGL,CE,Towers with Radar,0,7,13,0,20,0,3,26,0,29,0,10,39,0,49,76,0,76,125
02/01/2009,YIP,MI,AGL,CE,Towers with Radar,1,5,34,0,40,0,1,64,0,65,1,6,98,0,105,146,0,146,251
02/02/2009,YIP,MI,AGL,CE,Towers with Radar,6,20,48,0,74,0,0,76,0,76,6,20,124,0,150,190,0,190,340
02/03/2009,YIP,MI,AGL,CE,Towers with Radar,1,52,21,0,74,0,2,37,0,39,1,54,58,0,113,112,0,112,225
02/04/2009,YIP,MI,AGL,CE,Towers with Radar,2,50,27,0,79,0,4,59,0,63,2,54,86,0,142,122,0,122,264
02/05/2009,YIP,MI,AGL,CE,Towers with Radar,1,37,28,0,66,0,6,38,0,44,1,43,66,0,110,100,0,100,210
02/06/2009,YIP,MI,AGL,CE,Towers with Radar,2,23,36,0,61,0,7,75,0,82,2,30,111,0,143,210,0,210,353
02/07/2009,YIP,MI,AGL,CE,Towers with Radar,5,10,9,0,24,0,0,5,0,5,5,10,14,0,29,0,0,0,29
02/08/2009,YIP,MI,AGL,CE,Towers with Radar,2,5,28,0,35,0,0,63,0,63,2,5,91,0,98,90,0,90,188
02/09/2009,YIP,MI,AGL,CE,Towers with Radar,3,20,28,0,51,0,0,30,0,30,3,20,58,0,81,152,0,152,233
02/10/2009,YIP,MI,AGL,CE,Towers with Radar,0,32,27,0,59,4,2,8,0,14,4,34,35,0,73,2,0,2,75
02/11/2009,YIP,MI,AGL,CE,Towers with Radar,4,22,24,0,50,0,0,0,0,0,4,22,24,0,50,2,0,2,52
02/12/2009,YIP,MI,AGL,CE,Towers with Radar,4,36,24,0,64,0,3,1,0,4,4,39,25,0,68,0,0,0,68
02/13/2009,YIP,MI,AGL,CE,Towers with Radar,3,17,36,0,56,0,2,38,0,40,3,19,74,0,96,100,0,100,196
02/14/2009,YIP,MI,AGL,CE,Towers with Radar,2,4,6,0,12,0,2,0,0,2,2,6,6,0,14,0,0,0,14
02/15/2009,YIP,MI,AGL,CE,Towers with Radar,2,3,20,0,25,0,1,42,3,46,2,4,62,3,71,54,0,54,125
02/16/2009,YIP,MI,AGL,CE,Towers with Radar,2,14,35,0,51,0,1,71,0,72,2,15,106,0,123,200,0,200,323
02/17/2009,YIP,MI,AGL,CE,Towers with Radar,6,42,46,0,94,0,4,61,0,65,6,46,107,0,159,72,0,72,231
02/18/2009,YIP,MI,AGL,CE,Towers with Radar,1,30,21,0,52,0,0,1,0,1,1,30,22,0,53,0,0,0,53
02/19/2009,YIP,MI,AGL,CE,Towers with Radar,3,25,24,0,52,0,3,4,0,7,3,28,28,0,59,0,0,0,59
02/20/2009,YIP,MI,AGL,CE,Towers with Radar,2,20,27,8,57,0,2,43,0,45,2,22,70,8,102,28,2,30,132
02/21/2009,YIP,MI,AGL,CE,Towers with Radar,0,11,3,0,14,0,1,0,0,1,0,12,3,0,15,2,0,2,17
02/22/2009,YIP,MI,AGL,CE,Towers with Radar,2,12,14,0,28,0,1,3,0,4,2,13,17,0,32,0,0,0,32
02/23/2009,YIP,MI,AGL,CE,Towers with Radar,1,27,32,0,60,0,1,51,0,52,1,28,83,0,112,94,0,94,206
02/24/2009,YIP,MI,AGL,CE,Towers with Radar,5,36,47,0,88,0,3,58,1,62,5,39,105,1,150,128,2,130,280
02/25/2009,YIP,MI,AGL,CE,Towers with Radar,2,36,31,0,69,0,1,28,0,29,2,37,59,0,98,86,0,86,184
02/26/2009,YIP,MI,AGL,CE,Towers with Radar,3,32,27,0,62,0,1,12,0,13,3,33,39,0,75,62,0,62,137
02/27/2009,YIP,MI,AGL,CE,Towers with Radar,2,31,16,0,49,0,3,5,0,8,2,34,21,0,57,14,0,14,71
02/28/2009,YIP,MI,AGL,CE,Towers with Radar,3,7,23,0,33,0,0,31,0,31,3,7,54,0,64,98,0,98,162
03/01/2009,YIP,MI,AGL,CE,Towers with Radar,2,13,16,0,31,0,1,14,2,17,2,14,30,2,48,4,0,4,52
03/02/2009,YIP,MI,AGL,CE,Towers with Radar,3,29,24,0,56,0,6,34,0,40,3,35,58,0,96,66,0,66,162
03/03/2009,YIP,MI,AGL,CE,Towers with Radar,8,32,65,0,105,0,5,48,0,53,8,37,113,0,158,90,0,90,248
03/04/2009,YIP,MI,AGL,CE,Towers with Radar,9,34,65,0,108,0,1,66,0,67,9,35,131,0,175,134,0,134,309
03/05/2009,YIP,MI,AGL,CE,Towers with Radar,8,28,44,0,80,0,4,29,0,33,8,32,73,0,113,60,0,60,173
03/06/2009,YIP,MI,AGL,CE,Towers with Radar,1,24,26,0,51,0,1,24,0,25,1,25,50,0,76,112,0,112,188
03/07/2009,YIP,MI,AGL,CE,Towers with Radar,1,9,10,0,20,0,1,0,0,1,1,10,10,0,21,2,0,2,23
03/08/2009,YIP,MI,AGL,CE,Towers with Radar,0,6,8,0,14,0,0,0,0,0,0,6,8,0,14,0,0,0,14
03/09/2009,YIP,MI,AGL,CE,Towers with Radar,3,32,29,0,64,0,1,26,0,27,3,33,55,0,91,144,0,144,235
03/10/2009,YIP,MI,AGL,CE,Towers with Radar,2,35,29,0,66,0,1,1,0,2,2,36,30,0,68,0,0,0,68
03/11/2009,YIP,MI,AGL,CE,Towers with Radar,5,29,22,0,56,0,2,5,0,7,5,31,27,0,63,2,0,2,65
03/12/2009,YIP,MI,AGL,CE,Towers with Radar,1,30,65,0,96,0,8,48,0,56,1,38,113,0,152,104,0,104,256
03/13/2009,YIP,MI,AGL,CE,Towers with Radar,1,23,33,0,57,0,2,86,0,88,1,25,119,0,145,176,2,178,323
03/14/2009,YIP,MI,AGL,CE,Towers with Radar,3,3,25,0,31,0,0,83,0,83,3,3,108,0,114,178,0,178,292
03/15/2009,YIP,MI,AGL,CE,Towers with Radar,0,7,22,0,29,0,0,25,0,25,0,7,47,0,54,74,0,74,128
03/16/2009,YIP,MI,AGL,CE,Towers with Radar,0,20,22,0,42,0,1,97,0,98,0,21,119,0,140,218,0,218,358
03/17/2009,YIP,MI,AGL,CE,Towers with Radar,3,39,45,0,87,0,0,69,0,69,3,39,114,0,156,144,0,144,300
03/18/2009,YIP,MI,AGL,CE,Towers with Radar,2,33,32,0,67,0,0,17,0,17,2,33,49,0,84,116,0,116,200
03/19/2009,YIP,MI,AGL,CE,Towers with Radar,2,35,59,0,96,0,3,78,0,81,2,38,137,0,177,118,0,118,295
03/20/2009,YIP,MI,AGL,CE,Towers with Radar,3,18,42,0,63,0,7,56,0,63,3,25,98,0,126,214,0,214,340
03/21/2009,YIP,MI,AGL,CE,Towers with Radar,1,6,13,0,20,0,0,51,0,51,1,6,64,0,71,168,0,168,239
03/22/2009,YIP,MI,AGL,CE,Towers with Radar,2,9,32,0,43,0,0,34,0,34,2,9,66,0,77,134,0,134,211
03/23/2009,YIP,MI,AGL,CE,Towers with Radar,0,16,62,0,78,0,0,66,0,66,0,16,128,0,144,90,0,90,234
03/24/2009,YIP,MI,AGL,CE,Towers with Radar,2,33,28,0,63,0,0,26,0,26,2,33,54,0,89,82,0,82,171
03/25/2009,YIP,MI,AGL,CE,Towers with Radar,2,28,24,0,54,0,2,9,0,11,2,30,33,0,65,24,0,24,89
03/26/2009,YIP,MI,AGL,CE,Towers with Radar,0,30,41,0,71,0,2,59,0,61,0,32,100,0,132,226,0,226,358
03/27/2009,YIP,MI,AGL,CE,Towers with Radar,2,33,24,0,59,0,4,56,0,60,2,37,80,0,119,142,0,142,261
03/28/2009,YIP,MI,AGL,CE,Towers with Radar,4,8,11,0,23,0,2,34,0,36,4,10,45,0,59,80,0,80,139
03/29/2009,YIP,MI,AGL,CE,Towers with Radar,4,7,10,0,21,0,0,0,0,0,4,7,10,0,21,0,0,0,21
03/30/2009,YIP,MI,AGL,CE,Towers with Radar,2,32,35,0,69,0,4,62,0,66,2,36,97,0,135,174,0,174,309
03/31/2009,YIP,MI,AGL,CE,Towers with Radar,0,36,42,0,78,0,0,37,0,37,0,36,79,0,115,106,0,106,221
04/01/2009,YIP,MI,AGL,CE,Towers with Radar,5,33,29,0,67,0,3,21,0,24,5,36,50,0,91,26,0,26,117
04/02/2009,YIP,MI,AGL,CE,Towers with Radar,1,29,34,0,64,5,5,67,0,77,6,34,101,0,141,138,0,138,279
04/03/2009,YIP,MI,AGL,CE,Towers with Radar,7,23,35,0,65,0,3,1,0,4,7,26,36,0,69,0,0,0,69
04/04/2009,YIP,MI,AGL,CE,Towers with Radar,5,10,31,0,46,0,0,48,0,48,5,10,79,0,94,32,2,34,128
04/05/2009,YIP,MI,AGL,CE,Towers with Radar,9,11,39,0,59,0,0,31,0,31,9,11,70,0,90,118,0,118,208
04/06/2009,YIP,MI,AGL,CE,Towers with Radar,2,27,16,0,45,0,0,4,0,4,2,27,20,0,49,0,0,0,49
04/07/2009,YIP,MI,AGL,CE,Towers with Radar,5,30,39,0,74,0,1,6,0,7,5,31,45,0,81,16,0,16,97
04/08/2009,YIP,MI,AGL,CE,Towers with Radar,2,35,30,0,67,0,0,46,0,46,2,35,76,0,113,154,0,154,267
04/09/2009,YIP,MI,AGL,CE,Towers with Radar,2,33,62,0,97,0,4,64,0,68,2,37,126,0,165,196,0,196,361
04/10/2009,YIP,MI,AGL,CE,Towers with Radar,12,18,44,1,75,0,6,44,2,52,12,24,88,3,127,116,0,116,243
04/11/2009,YIP,MI,AGL,CE,Towers with Radar,5,4,20,0,29,1,0,65,0,66,6,4,85,0,95,86,0,86,181
04/12/2009,YIP,MI,AGL,CE,Towers with Radar,3,9,8,1,21,0,0,32,0,32,3,9,40,1,53,40,0,40,93
04/13/2009,YIP,MI,AGL,CE,Towers with Radar,2,25,23,0,50,0,0,39,6,45,2,25,62,6,95,58,0,58,153
04/14/2009,YIP,MI,AGL,CE,Towers with Radar,1,38,38,0,77,0,0,2,0,2,1,38,40,0,79,6,0,6,85
04/15/2009,YIP,MI,AGL,CE,Towers with Radar,3,32,67,2,104,0,6,28,0,34,3,38,95,2,138,146,0,146,284
04/16/2009,YIP,MI,AGL,CE,Towers with Radar,4,29,38,0,71,0,6,77,0,83,4,35,115,0,154,212,0,212,366
04/17/2009,YIP,MI,AGL,CE,Towers with Radar,21,19,28,1,69,0,3,84,1,88,21,22,112,2,157,156,0,156,313
04/18/2009,YIP,MI,AGL,CE,Towers with Radar,1,15,26,0,42,0,0,72,0,72,1,15,98,0,114,76,0,76,190
04/19/2009,YIP,MI,AGL,CE,Towers with Radar,1,13,26,0,40,0,0,8,0,8,1,13,34,0,48,10,0,10,58
04/20/2009,YIP,MI,AGL,CE,Towers with Radar,1,30,32,0,63,0,0,1,0,1,1,30,33,0,64,10,0,10,74
04/21/2009,YIP,MI,AGL,CE,Towers with Radar,0,30,32,2,64,0,1,1,0,2,0,31,33,2,66,2,0,2,68
04/22/2009,YIP,MI,AGL,CE,Towers with Radar,0,24,39,5,68,0,2,6,0,8,0,26,45,5,76,16,0,16,92
04/23/2009,YIP,MI,AGL,CE,Towers with Radar,1,18,50,0,69,0,2,97,0,99,1,20,147,0,168,190,0,190,358
04/24/2009,YIP,MI,AGL,CE,Towers with Radar,1,22,23,0,46,0,1,16,0,17,1,23,39,0,63,24,0,24,87
04/25/2009,YIP,MI,AGL,CE,Towers with Radar,1,4,11,0,16,0,2,17,0,19,1,6,28,0,35,32,0,32,67
04/26/2009,YIP,MI,AGL,CE,Towers with Radar,1,10,13,0,24,0,1,11,0,12,1,11,24,0,36,34,0,34,70
04/27/2009,YIP,MI,AGL,CE,Towers with Radar,6,18,17,0,41,0,1,8,0,9,6,19,25,0,50,0,0,0,50
04/28/2009,YIP,MI,AGL,CE,Towers with Radar,6,42,66,0,114,0,0,35,0,35,6,42,101,0,149,12,0,12,161
04/29/2009,YIP,MI,AGL,CE,Towers with Radar,5,37,43,0,85,0,4,40,0,44,5,41,83,0,129,76,0,76,205
04/30/2009,YIP,MI,AGL,CE,Towers with Radar,5,34,35,0,74,0,1,4,0,5,5,35,39,0,79,34,0,34,113
05/01/2009,YIP,MI,AGL,CE,Towers with Radar,2,26,39,0,67,0,3,39,0,42,2,29,78,0,109,81,0,81,190
05/02/2009,YIP,MI,AGL,CE,Towers with Radar,2,9,25,0,36,0,2,66,0,68,2,11,91,0,104,34,0,34,138
05/03/2009,YIP,MI,AGL,CE,Towers with Radar,1,18,21,0,40,2,0,41,0,43,3,18,62,0,83,76,0,76,159
05/04/2009,YIP,MI,AGL,CE,Towers with Radar,0,16,45,0,61,0,7,35,0,42,0,23,80,0,103,80,0,80,183
05/05/2009,YIP,MI,AGL,CE,Towers with Radar,6,34,56,0,96,0,4,80,0,84,6,38,136,0,180,132,0,132,312
05/06/2009,YIP,MI,AGL,CE,Towers with Radar,0,23,48,0,71,0,2,70,0,72,0,25,118,0,143,136,0,136,279
05/07/2009,YIP,MI,AGL,CE,Towers with Radar,5,32,57,0,94,0,2,13,0,15,5,34,70,0,109,36,0,36,145
05/08/2009,YIP,MI,AGL,CE,Towers with Radar,7,20,46,0,73,0,3,74,0,77,7,23,120,0,150,150,0,150,300
05/09/2009,YIP,MI,AGL,CE,Towers with Radar,2,7,7,0,16,0,5,4,0,9,2,12,11,0,25,14,0,14,39
05/10/2009,YIP,MI,AGL,CE,Towers with Radar,0,10,17,0,27,0,0,18,0,18,0,10,35,0,45,70,0,70,115
05/11/2009,YIP,MI,AGL,CE,Towers with Radar,1,15,33,0,49,0,4,61,0,65,1,19,94,0,114,156,0,156,270
05/12/2009,YIP,MI,AGL,CE,Towers with Radar,3,29,47,0,79,0,0,83,0,83,3,29,130,0,162,122,0,122,284
05/13/2009,YIP,MI,AGL,CE,Towers with Radar,7,29,38,0,74,0,1,15,0,16,7,30,53,0,90,60,0,60,150
05/14/2009,YIP,MI,AGL,CE,Towers with Radar,6,27,40,0,73,3,0,13,0,16,9,27,53,0,89,0,0,0,89
05/15/2009,YIP,MI,AGL,CE,Towers with Radar,2,22,21,2,47,0,3,53,0,56,2,25,74,2,103,108,0,108,211
05/16/2009,YIP,MI,AGL,CE,Towers with Radar,0,11,13,0,24,0,0,5,0,5,0,11,18,0,29,18,0,18,47
05/17/2009,YIP,MI,AGL,CE,Towers with Radar,1,9,8,0,18,0,0,42,0,42,1,9,50,0,60,40,0,40,100
05/18/2009,YIP,MI,AGL,CE,Towers with Radar,2,15,32,0,49,0,0,72,0,72,2,15,104,0,121,154,0,154,275
05/19/2009,YIP,MI,AGL,CE,Towers with Radar,3,30,24,0,57,0,2,68,1,71,3,32,92,1,128,146,0,146,274
05/20/2009,YIP,MI,AGL,CE,Towers with Radar,1,18,43,0,62,0,2,69,0,71,1,20,112,0,133,180,0,180,313
05/21/2009,YIP,MI,AGL,CE,Towers with Radar,4,27,23,0,54,0,2,58,0,60,4,29,81,0,114,108,0,108,222
05/22/2009,YIP,MI,AGL,CE,Towers with Radar,4,26,22,0,52,0,5,46,0,51,4,31,68,0,103,40,0,40,143
05/23/2009,YIP,MI,AGL,CE,Towers with Radar,1,4,6,0,11,5,0,56,0,61,6,4,62,0,72,112,0,112,184
05/24/2009,YIP,MI,AGL,CE,Towers with Radar,0,5,12,0,17,0,0,24,0,24,0,5,36,0,41,4,0,4,45
05/25/2009,YIP,MI,AGL,CE,Towers with Radar,1,7,20,0,28,0,0,87,0,87,1,7,107,0,115,44,0,44,159
05/26/2009,YIP,MI,AGL,CE,Towers with Radar,4,34,58,0,96,0,0,28,0,28,4,34,86,0,124,92,0,92,216
05/27/2009,YIP,MI,AGL,CE,Towers with Radar,1,20,17,0,38,0,0,10,0,10,1,20,27,0,48,0,0,0,48
05/28/2009,YIP,MI,AGL,CE,Towers with Radar,4,31,52,0,87,0,0,12,0,12,4,31,64,0,99,48,0,48,147
05/29/2009,YIP,MI,AGL,CE,Towers with Radar,2,25,23,0,50,0,4,81,0,85,2,29,104,0,135,86,0,86,221
05/30/2009,YIP,MI,AGL,CE,Towers with Radar,2,3,10,0,15,0,0,47,0,47,2,3,57,0,62,106,0,106,168
05/31/2009,YIP,MI,AGL,CE,Towers with Radar,0,15,20,0,35,0,2,62,0,64,0,17,82,0,99,78,0,78,177
06/01/2009,YIP,MI,AGL,CE,Towers with Radar,1,13,28,0,42,0,1,23,0,24,1,14,51,0,66,38,0,38,104
06/02/2009,YIP,MI,AGL,CE,Towers with Radar,4,15,66,0,85,0,0,49,0,49,4,15,115,0,134,142,0,142,276
06/03/2009,YIP,MI,AGL,CE,Towers with Radar,5,17,46,0,68,0,6,69,0,75,5,23,115,0,143,226,0,226,369
06/04/2009,YIP,MI,AGL,CE,Towers with Radar,6,22,56,0,84,5,3,95,0,103,11,25,151,0,187,162,0,162,349
06/05/2009,YIP,MI,AGL,CE,Towers with Radar,2,12,38,0,52,0,3,82,0,85,2,15,120,0,137,78,0,78,215
06/06/2009,YIP,MI,AGL,CE,Towers with Radar,1,5,8,0,14,0,0,54,0,54,1,5,62,0,68,86,0,86,154
06/07/2009,YIP,MI,AGL,CE,Towers with Radar,1,6,16,0,23,0,0,13,0,13,1,6,29,0,36,36,0,36,72
06/08/2009,YIP,MI,AGL,CE,Towers with Radar,0,17,23,0,40,0,1,6,0,7,0,18,29,0,47,14,0,14,61
06/09/2009,YIP,MI,AGL,CE,Towers with Radar,1,25,59,0,85,0,2,65,0,67,1,27,124,0,152,124,0,124,276
06/10/2009,YIP,MI,AGL,CE,Towers with Radar,3,25,68,2,98,0,2,52,0,54,3,27,120,2,152,186,0,186,338
06/11/2009,YIP,MI,AGL,CE,Towers with Radar,5,29,75,0,109,0,0,13,0,13,5,29,88,0,122,32,0,32,154
06/12/2009,YIP,MI,AGL,CE,Towers with Radar,2,14,30,0,46,0,4,70,0,74,2,18,100,0,120,84,0,84,204
06/13/2009,YIP,MI,AGL,CE,Towers with Radar,3,5,16,0,24,0,0,28,0,28,3,5,44,0,52,48,0,48,100
06/14/2009,YIP,MI,AGL,CE,Towers with Radar,2,10,57,0,69,0,0,58,1,59,2,10,115,1,128,58,0,58,186
06/15/2009,YIP,MI,AGL,CE,Towers with Radar,1,17,41,0,59,0,4,66,0,70,1,21,107,0,129,108,0,108,237
06/16/2009,YIP,MI,AGL,CE,Towers with Radar,4,22,55,0,81,0,1,74,0,75,4,23,129,0,156,144,0,144,300
06/17/2009,YIP,MI,AGL,CE,Towers with Radar,4,19,50,0,73,0,1,14,0,15,4,20,64,0,88,0,0,0,88
06/18/2009,YIP,MI,AGL,CE,Towers with Radar,6,28,55,0,89,0,2,50,0,52,6,30,105,0,141,182,0,182,323
06/19/2009,YIP,MI,AGL,CE,Towers with Radar,6,27,26,0,59,0,2,15,0,17,6,29,41,0,76,16,0,16,92
06/20/2009,YIP,MI,AGL,CE,Towers with Radar,1,13,15,0,29,0,2,17,0,19,1,15,32,0,48,0,0,0,48
06/21/2009,YIP,MI,AGL,CE,Towers with Radar,0,5,18,0,23,0,0,34,0,34,0,5,52,0,57,52,0,52,109
06/22/2009,YIP,MI,AGL,CE,Towers with Radar,2,21,41,4,68,0,0,72,0,72,2,21,113,4,140,188,2,190,330
06/23/2009,YIP,MI,AGL,CE,Towers with Radar,3,28,64,0,95,0,1,73,0,74,3,29,137,0,169,160,0,160,329
06/24/2009,YIP,MI,AGL,CE,Towers with Radar,3,29,45,0,77,0,1,83,0,84,3,30,128,0,161,144,0,144,305
06/25/2009,YIP,MI,AGL,CE,Towers with Radar,4,25,57,0,86,0,2,36,0,38,4,27,93,0,124,86,0,86,210
06/26/2009,YIP,MI,AGL,CE,Towers with Radar,5,22,31,5,63,0,2,50,0,52,5,24,81,5,115,166,4,170,285
06/27/2009,YIP,MI,AGL,CE,Towers with Radar,4,8,24,0,36,0,0,53,0,53,4,8,77,0,89,48,0,48,137
06/28/2009,YIP,MI,AGL,CE,Towers with Radar,0,9,11,0,20,0,3,24,0,27,0,12,35,0,47,2,2,4,51
06/29/2009,YIP,MI,AGL,CE,Towers with Radar,2,10,32,0,44,0,0,29,0,29,2,10,61,0,73,71,0,71,144
06/30/2009,YIP,MI,AGL,CE,Towers with Radar,1,22,69,0,92,0,2,7,0,9,1,24,76,0,101,36,0,36,137
07/01/2009,YIP,MI,AGL,CE,Towers with Radar,1,24,52,0,77,0,2,31,2,35,1,26,83,2,112,148,0,148,260
07/02/2009,YIP,MI,AGL,CE,Towers with Radar,4,27,40,0,71,0,1,12,0,13,4,28,52,0,84,46,0,46,130
07/03/2009,YIP,MI,AGL,CE,Towers with Radar,1,7,37,0,45,0,1,33,0,34,1,8,70,0,79,96,0,96,175
07/04/2009,YIP,MI,AGL,CE,Towers with Radar,1,3,6,0,10,0,4,32,0,36,1,7,38,0,46,42,0,42,88
07/05/2009,YIP,MI,AGL,CE,Towers with Radar,0,6,24,0,30,0,0,37,0,37,0,6,61,0,67,14,0,14,81
07/06/2009,YIP,MI,AGL,CE,Towers with Radar,0,19,29,0,48,0,0,65,1,66,0,19,94,1,114,160,0,160,274
07/07/2009,YIP,MI,AGL,CE,Towers with Radar,2,17,37,0,56,0,11,56,0,67,2,28,93,0,123,100,0,100,223
07/08/2009,YIP,MI,AGL,CE,Towers with Radar,3,25,37,0,65,0,11,81,0,92,3,36,118,0,157,160,0,160,317
07/09/2009,YIP,MI,AGL,CE,Towers with Radar,2,16,40,0,58,0,3,90,2,95,2,19,130,2,153,124,0,124,277
07/10/2009,YIP,MI,AGL,CE,Towers with Radar,4,20,40,0,64,0,2,74,0,76,4,22,114,0,140,114,0,114,254
07/11/2009,YIP,MI,AGL,CE,Towers with Radar,4,5,6,0,15,0,2,24,0,26,4,7,30,0,41,54,0,54,95
07/12/2009,YIP,MI,AGL,CE,Towers with Radar,1,7,14,0,22,0,0,51,0,51,1,7,65,0,73,0,58,58,131
07/13/2009,YIP,MI,AGL,CE,Towers with Radar,2,12,36,0,50,0,0,71,0,71,2,12,107,0,121,136,0,136,257
07/14/2009,YIP,MI,AGL,CE,Towers with Radar,2,22,60,7,91,0,5,95,3,103,2,27,155,10,194,124,4,128,322
07/15/2009,YIP,MI,AGL,CE,Towers with Radar,1,17,42,1,61,0,2,54,0,56,1,19,96,1,117,100,0,100,217
07/16/2009,YIP,MI,AGL,CE,Towers with Radar,3,25,39,6,73,0,3,32,0,35,3,28,71,6,108,86,12,98,206
07/17/2009,YIP,MI,AGL,CE,Towers with Radar,1,8,31,12,52,0,2,61,1,64,1,10,92,13,116,114,120,234,350
07/18/2009,YIP,MI,AGL,CE,Towers with Radar,1,5,6,1,13,0,1,133,1,135,1,6,139,2,148,366,0,366,514
07/19/2009,YIP,MI,AGL,CE,Towers with Radar,0,7,11,6,24,0,4,166,0,170,0,11,177,6,194,288,136,424,618
07/20/2009,YIP,MI,AGL,CE,Towers with Radar,0,27,32,12,71,0,1,100,1,102,0,28,132,13,173,169,2,171,344
07/21/2009,YIP,MI,AGL,CE,Towers with Radar,1,27,49,0,77,0,0,52,0,52,1,27,101,0,129,110,0,110,239
07/22/2009,YIP,MI,AGL,CE,Towers with Radar,2,25,34,0,61,0,1,31,0,32,2,26,65,0,93,74,0,74,167
07/23/2009,YIP,MI,AGL,CE,Towers with Radar,1,28,44,0,73,0,2,26,0,28,1,30,70,0,101,26,0,26,127
07/24/2009,YIP,MI,AGL,CE,Towers with Radar,6,22,26,1,55,0,2,73,0,75,6,24,99,1,130,154,0,154,284
07/25/2009,YIP,MI,AGL,CE,Towers with Radar,1,8,8,0,17,0,2,15,0,17,1,10,23,0,34,26,0,26,60
07/26/2009,YIP,MI,AGL,CE,Towers with Radar,0,14,10,0,24,0,0,33,0,33,0,14,43,0,57,46,0,46,103
07/27/2009,YIP,MI,AGL,CE,Towers with Radar,1,23,33,0,57,0,1,91,1,93,1,24,124,1,150,150,0,150,300
07/28/2009,YIP,MI,AGL,CE,Towers with Radar,4,23,38,0,65,0,1,38,0,39,4,24,76,0,104,72,0,72,176
07/29/2009,YIP,MI,AGL,CE,Towers with Radar,2,19,49,0,70,0,0,40,0,40,2,19,89,0,110,220,0,220,330
07/30/2009,YIP,MI,AGL,CE,Towers with Radar,2,29,47,0,78,0,2,112,2,116,2,31,159,2,194,208,12,220,414
07/31/2009,YIP,MI,AGL,CE,Towers with Radar,10,27,24,0,61,0,5,80,0,85,10,32,104,0,146,94,0,94,240
08/01/2009,YIP,MI,AGL,CE,Towers with Radar,1,4,8,0,13,0,0,43,0,43,1,4,51,0,56,26,0,26,82
08/02/2009,YIP,MI,AGL,CE,Towers with Radar,1,2,20,0,23,0,0,40,0,40,1,2,60,0,63,22,0,22,85
08/03/2009,YIP,MI,AGL,CE,Towers with Radar,2,20,29,0,51,0,1,32,0,33,2,21,61,0,84,32,8,40,124
08/04/2009,YIP,MI,AGL,CE,Towers with Radar,4,18,50,0,72,0,0,52,0,52,4,18,102,0,124,116,0,116,240
08/05/2009,YIP,MI,AGL,CE,Towers with Radar,2,22,62,0,86,0,1,105,0,106,2,23,167,0,192,152,0,152,344
08/06/2009,YIP,MI,AGL,CE,Towers with Radar,8,28,70,0,106,0,5,76,0,81,8,33,146,0,187,100,0,100,287
08/07/2009,YIP,MI,AGL,CE,Towers with Radar,5,23,36,0,64,0,2,54,0,56,5,25,90,0,120,100,0,100,220
08/08/2009,YIP,MI,AGL,CE,Towers with Radar,1,8,13,0,22,0,1,4,0,5,1,9,17,0,27,20,0,20,47
08/09/2009,YIP,MI,AGL,CE,Towers with Radar,3,5,12,2,22,0,1,19,0,20,3,6,31,2,42,0,0,0,42
08/10/2009,YIP,MI,AGL,CE,Towers with Radar,2,18,51,0,71,0,1,18,0,19,2,19,69,0,90,44,0,44,134
08/11/2009,YIP,MI,AGL,CE,Towers with Radar,2,25,47,0,74,0,2,63,0,65,2,27,110,0,139,178,0,178,317
08/12/2009,YIP,MI,AGL,CE,Towers with Radar,3,29,58,0,90,0,3,57,0,60,3,32,115,0,150,80,0,80,230
08/13/2009,YIP,MI,AGL,CE,Towers with Radar,5,23,60,0,88,0,2,84,0,86,5,25,144,0,174,126,0,126,300
08/14/2009,YIP,MI,AGL,CE,Towers with Radar,1,18,31,0,50,0,3,65,0,68,1,21,96,0,118,94,0,94,212
08/15/2009,YIP,MI,AGL,CE,Towers with Radar,1,8,22,1,32,0,2,55,0,57,1,10,77,1,89,62,0,62,151
08/16/2009,YIP,MI,AGL,CE,Towers with Radar,0,12,45,0,57,0,0,40,0,40,0,12,85,0,97,20,0,20,117
08/17/2009,YIP,MI,AGL,CE,Towers with Radar,2,23,26,1,52,0,5,13,0,18,2,28,39,1,70,84,0,84,154
08/18/2009,YIP,MI,AGL,CE,Towers with Radar,4,27,43,0,74,0,0,30,0,30,4,27,73,0,104,114,0,114,218
08/19/2009,YIP,MI,AGL,CE,Towers with Radar,1,14,49,0,64,0,5,80,1,86,1,19,129,1,150,162,0,162,312
08/20/2009,YIP,MI,AGL,CE,Towers with Radar,4,23,44,0,71,0,5,9,0,14,4,28,53,0,85,14,0,14,99
08/21/2009,YIP,MI,AGL,CE,Towers with Radar,4,25,31,0,60,0,2,16,0,18,4,27,47,0,78,4,0,4,82
08/22/2009,YIP,MI,AGL,CE,Towers with Radar,2,10,21,0,33,0,2,17,0,19,2,12,38,0,52,8,0,8,60
08/23/2009,YIP,MI,AGL,CE,Towers with Radar,1,16,28,0,45,0,0,11,0,11,1,16,39,0,56,16,0,16,72
08/24/2009,YIP,MI,AGL,CE,Towers with Radar,4,12,36,0,52,0,0,48,0,48,4,12,84,0,100,84,0,84,184
08/25/2009,YIP,MI,AGL,CE,Towers with Radar,14,21,46,0,81,0,0,85,0,85,14,21,131,0,166,128,0,128,294
08/26/2009,YIP,MI,AGL,CE,Towers with Radar,8,21,51,0,80,0,2,3,5,10,8,23,54,5,90,6,0,6,96
08/27/2009,YIP,MI,AGL,CE,Towers with Radar,6,38,41,0,85,0,0,45,0,45,6,38,86,0,130,58,0,58,188
08/28/2009,YIP,MI,AGL,CE,Towers with Radar,7,30,43,0,80,0,0,6,0,6,7,30,49,0,86,8,0,8,94
08/29/2009,YIP,MI,AGL,CE,Towers with Radar,6,7,16,0,29,0,1,5,0,6,6,8,21,0,35,34,0,34,69
08/30/2009,YIP,MI,AGL,CE,Towers with Radar,1,9,18,0,28,0,0,23,0,23,1,9,41,0,51,36,0,36,87
08/31/2009,YIP,MI,AGL,CE,Towers with Radar,4,14,44,0,62,0,2,59,0,61,4,16,103,0,123,86,0,86,209
09/01/2009,YIP,MI,AGL,CE,Towers with Radar,9,31,52,0,92,0,2,56,3,61,9,33,108,3,153,100,0,100,253
09/02/2009,YIP,MI,AGL,CE,Towers with Radar,8,41,47,0,96,0,3,57,0,60,8,44,104,0,156,158,0,158,314
09/03/2009,YIP,MI,AGL,CE,Towers with Radar,14,34,58,0,106,0,0,52,1,53,14,34,110,1,159,158,0,158,317
09/04/2009,YIP,MI,AGL,CE,Towers with Radar,5,25,35,0,65,0,1,55,0,56,5,26,90,0,121,68,0,68,189
09/05/2009,YIP,MI,AGL,CE,Towers with Radar,1,11,13,0,25,0,0,36,0,36,1,11,49,0,61,40,0,40,101
09/06/2009,YIP,MI,AGL,CE,Towers with Radar,0,10,14,0,24,0,1,33,0,34,0,11,47,0,58,4,0,4,62
09/07/2009,YIP,MI,AGL,CE,Towers with Radar,1,10,21,0,32,0,0,20,0,20,1,10,41,0,52,22,0,22,74
09/08/2009,YIP,MI,AGL,CE,Towers with Radar,4,16,47,0,67,0,0,7,0,7,4,16,54,0,74,24,0,24,98
09/09/2009,YIP,MI,AGL,CE,Towers with Radar,7,23,49,0,79,0,0,31,0,31,7,23,80,0,110,48,0,48,158
09/10/2009,YIP,MI,AGL,CE,Towers with Radar,13,34,40,0,87,0,0,39,0,39,13,34,79,0,126,78,0,78,204
09/11/2009,YIP,MI,AGL,CE,Towers with Radar,11,36,37,0,84,0,0,41,0,41,11,36,78,0,125,60,0,60,185
09/12/2009,YIP,MI,AGL,CE,Towers with Radar,2,29,60,0,91,0,0,42,0,42,2,29,102,0,133,26,0,26,159
09/13/2009,YIP,MI,AGL,CE,Towers with Radar,7,19,26,0,52,0,0,58,0,58,7,19,84,0,110,32,0,32,142
09/14/2009,YIP,MI,AGL,CE,Towers with Radar,5,23,33,0,61,0,0,43,0,43,5,23,76,0,104,72,0,72,176
09/15/2009,YIP,MI,AGL,CE,Towers with Radar,8,37,46,0,91,0,1,72,0,73,8,38,118,0,164,152,0,152,316
09/16/2009,YIP,MI,AGL,CE,Towers with Radar,15,45,49,0,109,0,6,42,0,48,15,51,91,0,157,72,0,72,229
09/17/2009,YIP,MI,AGL,CE,Towers with Radar,11,47,62,0,120,0,2,67,1,70,11,49,129,1,190,108,0,108,298
09/18/2009,YIP,MI,AGL,CE,Towers with Radar,20,35,44,0,99,0,0,54,0,54,20,35,98,0,153,86,0,86,239
09/19/2009,YIP,MI,AGL,CE,Towers with Radar,2,6,10,0,18,0,4,56,0,60,2,10,66,0,78,20,0,20,98
09/20/2009,YIP,MI,AGL,CE,Towers with Radar,5,6,16,0,27,0,1,28,0,29,5,7,44,0,56,18,0,18,74
09/21/2009,YIP,MI,AGL,CE,Towers with Radar,10,17,34,0,61,0,0,4,0,4,10,17,38,0,65,26,0,26,91
09/22/2009,YIP,MI,AGL,CE,Towers with Radar,13,51,46,0,110,0,0,4,0,4,13,51,50,0,114,28,0,28,142
09/23/2009,YIP,MI,AGL,CE,Towers with Radar,15,42,50,0,107,0,1,45,0,46,15,43,95,0,153,138,0,138,291
09/24/2009,YIP,MI,AGL,CE,Towers with Radar,10,35,55,0,100,0,0,84,0,84,10,35,139,0,184,148,0,148,332
09/25/2009,YIP,MI,AGL,CE,Towers with Radar,11,44,46,0,101,0,0,77,0,77,11,44,123,0,178,96,0,96,274
09/26/2009,YIP,MI,AGL,CE,Towers with Radar,6,20,24,0,50,0,0,2,0,2,6,20,26,0,52,6,0,6,58
09/27/2009,YIP,MI,AGL,CE,Towers with Radar,5,12,14,0,31,0,1,20,0,21,5,13,34,0,52,22,0,22,74
09/28/2009,YIP,MI,AGL,CE,Towers with Radar,7,11,26,0,44,0,0,1,0,1,7,11,27,0,45,0,0,0,45
09/29/2009,YIP,MI,AGL,CE,Towers with Radar,7,74,39,0,120,0,0,10,0,10,7,74,49,0,130,2,0,2,132
09/30/2009,YIP,MI,AGL,CE,Towers with Radar,17,58,49,2,126,0,10,8,0,18,17,68,57,2,144,0,0,0,144
10/01/2009,YIP,MI,AGL,CE,Towers with Radar,10,55,49,0,114,2,0,98,0,100,12,55,147,0,214,180,0,180,394
10/02/2009,YIP,MI,AGL,CE,Towers with Radar,4,31,32,0,67,0,28,3,0,31,4,59,35,0,98,22,0,22,120
10/03/2009,YIP,MI,AGL,CE,Towers with Radar,3,6,14,0,23,0,1,13,0,14,3,7,27,0,37,14,0,14,51
10/04/2009,YIP,MI,AGL,CE,Towers with Radar,4,18,17,0,39,0,0,15,0,15,4,18,32,0,54,22,0,22,76
10/05/2009,YIP,MI,AGL,CE,Towers with Radar,2,20,31,0,53,0,0,76,0,76,2,20,107,0,129,130,0,130,259
10/06/2009,YIP,MI,AGL,CE,Towers with Radar,9,26,49,0,84,0,0,36,0,36,9,26,85,0,120,64,0,64,184
10/07/2009,YIP,MI,AGL,CE,Towers with Radar,7,29,43,0,79,0,0,8,0,8,7,29,51,0,87,16,0,16,103
10/08/2009,YIP,MI,AGL,CE,Towers with Radar,12,40,46,0,98,0,1,62,0,63,12,41,108,0,161,136,0,136,297
10/09/2009,YIP,MI,AGL,CE,Towers with Radar,7,33,27,0,67,0,1,1,0,2,7,34,28,0,69,0,0,0,69
10/10/2009,YIP,MI,AGL,CE,Towers with Radar,1,14,24,0,39,0,1,47,0,48,1,15,71,0,87,87,0,87,174
10/11/2009,YIP,MI,AGL,CE,Towers with Radar,6,13,15,0,34,0,0,28,0,28,6,13,43,0,62,74,0,74,136
10/12/2009,YIP,MI,AGL,CE,Towers with Radar,3,19,26,0,48,0,1,69,0,70,3,20,95,0,118,108,0,108,226
10/13/2009,YIP,MI,AGL,CE,Towers with Radar,12,14,38,0,64,0,0,11,0,11,12,14,49,0,75,0,0,0,75
10/14/2009,YIP,MI,AGL,CE,Towers with Radar,9,58,38,4,109,0,1,47,0,48,9,59,85,4,157,88,0,88,245
10/15/2009,YIP,MI,AGL,CE,Towers with Radar,9,42,66,0,117,0,1,40,0,41,9,43,106,0,158,110,0,110,268
10/16/2009,YIP,MI,AGL,CE,Towers with Radar,8,50,35,0,93,0,1,66,0,67,8,51,101,0,160,124,0,124,284
10/17/2009,YIP,MI,AGL,CE,Towers with Radar,4,9,16,0,29,0,0,55,0,55,4,9,71,0,84,62,0,62,146
10/18/2009,YIP,MI,AGL,CE,Towers with Radar,2,13,34,0,49,0,2,69,0,71,2,15,103,0,120,34,0,34,154
10/19/2009,YIP,MI,AGL,CE,Towers with Radar,3,34,36,0,73,0,0,42,0,42,3,34,78,0,115,42,0,42,157
10/20/2009,YIP,MI,AGL,CE,Towers with Radar,9,34,63,0,106,0,0,84,0,84,9,34,147,0,190,222,0,222,412
10/21/2009,YIP,MI,AGL,CE,Towers with Radar,9,33,79,0,121,0,0,80,0,80,9,33,159,0,201,136,0,136,337
10/22/2009,YIP,MI,AGL,CE,Towers with Radar,13,37,80,0,130,0,1,34,0,35,13,38,114,0,165,92,0,92,257
10/23/2009,YIP,MI,AGL,CE,Towers with Radar,16,44,36,0,96,0,0,0,0,0,16,44,36,0,96,2,0,2,98
10/24/2009,YIP,MI,AGL,CE,Towers with Radar,10,53,27,1,91,0,3,4,0,7,10,56,31,1,98,4,0,4,102
10/25/2009,YIP,MI,AGL,CE,Towers with Radar,1,7,32,1,41,0,0,59,0,59,1,7,91,1,100,50,0,50,150
10/26/2009,YIP,MI,AGL,CE,Towers with Radar,3,28,31,0,62,0,0,62,0,62,3,28,93,0,124,181,0,181,305
10/27/2009,YIP,MI,AGL,CE,Towers with Radar,15,42,47,0,104,0,0,32,1,33,15,42,79,1,137,144,0,144,281
10/28/2009,YIP,MI,AGL,CE,Towers with Radar,17,41,48,0,106,0,3,22,0,25,17,44,70,0,131,62,0,62,193
10/29/2009,YIP,MI,AGL,CE,Towers with Radar,6,48,55,0,109,0,0,23,0,23,6,48,78,0,132,68,0,68,200
10/30/2009,YIP,MI,AGL,CE,Towers with Radar,9,41,53,0,103,0,3,14,0,17,9,44,67,0,120,30,0,30,150
10/31/2009,YIP,MI,AGL,CE,Towers with Radar,11,12,6,0,29,0,1,6,0,7,11,13,12,0,36,2,0,2,38
11/01/2009,YIP,MI,AGL,CE,Towers with Radar,2,16,28,0,46,0,0,55,0,55,2,16,83,0,101,100,0,100,201
11/02/2009,YIP,MI,AGL,CE,Towers with Radar,3,29,47,0,79,0,0,69,0,69,3,29,116,0,148,150,0,150,298
11/03/2009,YIP,MI,AGL,CE,Towers with Radar,11,46,58,0,115,0,0,77,0,77,11,46,135,0,192,184,0,184,376
11/04/2009,YIP,MI,AGL,CE,Towers with Radar,8,33,44,0,85,0,0,56,0,56,8,33,100,0,141,164,0,164,305
11/05/2009,YIP,MI,AGL,CE,Towers with Radar,13,40,47,2,102,0,0,40,0,40,13,40,87,2,142,54,2,56,198
11/06/2009,YIP,MI,AGL,CE,Towers with Radar,8,50,56,0,114,0,0,79,0,79,8,50,135,0,193,196,0,196,389
11/07/2009,YIP,MI,AGL,CE,Towers with Radar,4,23,23,0,50,0,1,43,0,44,4,24,66,0,94,18,8,26,120
11/08/2009,YIP,MI,AGL,CE,Towers with Radar,2,29,20,0,51,0,0,70,0,70,2,29,90,0,121,48,0,48,169
11/09/2009,YIP,MI,AGL,CE,Towers with Radar,0,28,49,0,77,0,1,50,0,51,0,29,99,0,128,168,0,168,296
11/10/2009,YIP,MI,AGL,CE,Towers with Radar,5,42,54,0,101,0,1,88,0,89,5,43,142,0,190,198,0,198,388
11/11/2009,YIP,MI,AGL,CE,Towers with Radar,10,31,33,0,74,0,1,52,0,53,10,32,85,0,127,136,0,136,263
11/12/2009,YIP,MI,AGL,CE,Towers with Radar,14,29,69,0,112,0,0,56,0,56,14,29,125,0,168,126,0,126,294
11/13/2009,YIP,MI,AGL,CE,Towers with Radar,15,43,39,0,97,0,2,68,0,70,15,45,107,0,167,182,0,182,349
11/14/2009,YIP,MI,AGL,CE,Towers with Radar,9,12,10,0,31,0,5,47,0,52,9,17,57,0,83,44,0,44,127
11/15/2009,YIP,MI,AGL,CE,Towers with Radar,2,11,35,0,48,0,0,19,0,19,2,11,54,0,67,30,0,30,97
11/16/2009,YIP,MI,AGL,CE,Towers with Radar,5,11,46,0,62,0,0,56,0,56,5,11,102,0,118,220,1,221,339
11/17/2009,YIP,MI,AGL,CE,Towers with Radar,13,32,54,0,99,0,0,28,0,28,13,32,82,0,127,32,0,32,159
11/18/2009,YIP,MI,AGL,CE,Towers with Radar,15,21,50,0,86,0,2,57,0,59,15,23,107,0,145,230,0,230,375
11/19/2009,YIP,MI,AGL,CE,Towers with Radar,11,32,60,0,103,0,1,6,0,7,11,33,66,0,110,62,0,62,172
11/20/2009,YIP,MI,AGL,CE,Towers with Radar,8,41,70,0,119,0,1,8,0,9,8,42,78,0,128,28,0,28,156
11/21/2009,YIP,MI,AGL,CE,Towers with Radar,9,33,39,0,81,0,1,33,0,34,9,34,72,0,115,94,0,94,209
11/22/2009,YIP,MI,AGL,CE,Towers with Radar,1,11,24,0,36,0,0,10,0,10,1,11,34,0,46,22,0,22,68
11/23/2009,YIP,MI,AGL,CE,Towers with Radar,8,21,45,0,74,0,2,36,0,38,8,23,81,0,112,120,0,120,232
11/24/2009,YIP,MI,AGL,CE,Towers with Radar,7,38,53,0,98,0,0,0,0,0,7,38,53,0,98,2,0,2,100
11/25/2009,YIP,MI,AGL,CE,Towers with Radar,15,25,40,0,80,0,3,4,0,7,15,28,44,0,87,10,0,10,97
11/26/2009,YIP,MI,AGL,CE,Towers with Radar,7,13,3,0,23,0,2,0,0,2,7,15,3,0,25,0,0,0,25
11/27/2009,YIP,MI,AGL,CE,Towers with Radar,4,25,15,0,44,0,1,10,0,11,4,26,25,0,55,16,0,16,71
11/28/2009,YIP,MI,AGL,CE,Towers with Radar,0,11,22,0,33,0,0,60,0,60,0,11,82,0,93,98,0,98,191
11/29/2009,YIP,MI,AGL,CE,Towers with Radar,2,8,23,0,33,0,0,10,0,10,2,8,33,0,43,14,0,14,57
11/30/2009,YIP,MI,AGL,CE,Towers with Radar,7,30,29,0,66,0,0,46,0,46,7,30,75,0,112,144,0,144,256
12/01/2009,YIP,MI,AGL,CE,Towers with Radar,11,55,69,0,135,0,1,59,0,60,11,56,128,0,195,180,0,180,375
12/02/2009,YIP,MI,AGL,CE,Towers with Radar,17,50,36,0,103,0,1,57,0,58,17,51,93,0,161,144,0,144,305
12/03/2009,YIP,MI,AGL,CE,Towers with Radar,11,35,37,0,83,0,2,15,0,17,11,37,52,0,100,8,0,8,108
12/04/2009,YIP,MI,AGL,CE,Towers with Radar,14,33,40,0,87,0,1,38,0,39,14,34,78,0,126,178,0,178,304
12/05/2009,YIP,MI,AGL,CE,Towers with Radar,9,8,28,0,45,0,4,59,0,63,9,12,87,0,108,116,0,116,224
12/06/2009,YIP,MI,AGL,CE,Towers with Radar,4,8,34,0,46,0,0,29,0,29,4,8,63,0,75,46,0,46,121
12/07/2009,YIP,MI,AGL,CE,Towers with Radar,9,17,46,0,72,0,0,13,0,13,9,17,59,0,85,28,0,28,113
12/08/2009,YIP,MI,AGL,CE,Towers with Radar,12,34,46,0,92,0,3,2,0,5,12,37,48,0,97,16,0,16,113
12/09/2009,YIP,MI,AGL,CE,Towers with Radar,9,31,15,0,55,0,0,0,0,0,9,31,15,0,55,0,0,0,55
12/10/2009,YIP,MI,AGL,CE,Towers with Radar,10,56,37,0,103,1,0,3,0,4,11,56,40,0,107,0,0,0,107
12/11/2009,YIP,MI,AGL,CE,Towers with Radar,10,46,25,0,81,0,1,13,0,14,10,47,38,0,95,12,0,12,107
12/12/2009,YIP,MI,AGL,CE,Towers with Radar,4,22,23,0,49,0,5,59,0,64,4,27,82,0,113,146,0,146,259
12/13/2009,YIP,MI,AGL,CE,Towers with Radar,2,9,6,0,17,0,0,0,0,0,2,9,6,0,17,0,0,0,17
12/14/2009,YIP,MI,AGL,CE,Towers with Radar,14,28,25,0,67,0,0,2,0,2,14,28,27,0,69,0,0,0,69
12/15/2009,YIP,MI,AGL,CE,Towers with Radar,13,35,47,0,95,0,0,2,0,2,13,35,49,0,97,22,0,22,119
12/16/2009,YIP,MI,AGL,CE,Towers with Radar,18,38,44,0,100,0,0,74,0,74,18,38,118,0,174,142,0,142,316
12/17/2009,YIP,MI,AGL,CE,Towers with Radar,13,44,56,2,115,0,2,88,0,90,13,46,144,2,205,178,0,178,383
12/18/2009,YIP,MI,AGL,CE,Towers with Radar,13,47,27,0,87,0,2,43,0,45,13,49,70,0,132,110,0,110,242
12/19/2009,YIP,MI,AGL,CE,Towers with Radar,10,13,11,0,34,0,0,0,0,0,10,13,11,0,34,0,0,0,34
12/20/2009,YIP,MI,AGL,CE,Towers with Radar,7,14,23,0,44,0,3,20,0,23,7,17,43,0,67,42,0,42,109
12/21/2009,YIP,MI,AGL,CE,Towers with Radar,13,28,28,1,70,0,2,4,0,6,13,30,32,1,76,0,0,0,76
12/22/2009,YIP,MI,AGL,CE,Towers with Radar,15,48,52,0,115,0,1,30,1,32,15,49,82,1,147,124,0,124,271
12/23/2009,YIP,MI,AGL,CE,Towers with Radar,11,21,33,0,65,0,0,81,0,81,11,21,114,0,146,184,0,184,330
12/24/2009,YIP,MI,AGL,CE,Towers with Radar,6,9,14,0,29,0,0,3,0,3,6,9,17,0,32,0,0,0,32
12/25/2009,YIP,MI,AGL,CE,Towers with Radar,0,4,5,0,9,0,0,0,0,0,0,4,5,0,9,0,0,0,9
12/26/2009,YIP,MI,AGL,CE,Towers with Radar,1,2,10,0,13,1,4,5,0,10,2,6,15,0,23,22,0,22,45
12/27/2009,YIP,MI,AGL,CE,Towers with Radar,1,11,16,0,28,0,1,1,0,2,1,12,17,0,30,2,0,2,32
12/28/2009,YIP,MI,AGL,CE,Towers with Radar,1,15,16,2,34,0,1,1,0,2,1,16,17,2,36,0,0,0,36
12/29/2009,YIP,MI,AGL,CE,Towers with Radar,8,10,30,0,48,0,2,42,0,44,8,12,72,0,92,78,0,78,170
12/30/2009,YIP,MI,AGL,CE,Towers with Radar,5,7,18,0,30,0,3,24,0,27,5,10,42,0,57,92,0,92,149
12/31/2009,YIP,MI,AGL,CE,Towers with Radar,3,17,9,0,29,0,0,4,0,4,3,17,13,0,33,20,0,20,53
01/01/2010,YIP,MI,AGL,CE,Towers with Radar,4,4,4,0,12,0,1,4,0,5,4,5,8,0,17,0,0,0,17
01/02/2010,YIP,MI,AGL,CE,Towers with Radar,3,2,4,0,9,0,8,14,0,22,3,10,18,0,31,14,0,14,45
01/03/2010,YIP,MI,AGL,CE,Towers with Radar,0,13,23,0,36,0,2,7,0,9,0,15,30,0,45,0,0,0,45
01/04/2010,YIP,MI,AGL,CE,Towers with Radar,2,11,13,0,26,0,0,0,0,0,2,11,13,0,26,0,0,0,26
01/05/2010,YIP,MI,AGL,CE,Towers with Radar,7,23,26,0,56,0,0,9,0,9,7,23,35,0,65,20,0,20,85
01/06/2010,YIP,MI,AGL,CE,Towers with Radar,6,18,30,0,54,0,1,8,0,9,6,19,38,0,63,16,0,16,79
01/07/2010,YIP,MI,AGL,CE,Towers with Radar,4,38,22,0,64,0,1,0,0,1,4,39,22,0,65,0,0,0,65
01/08/2010,YIP,MI,AGL,CE,Towers with Radar,7,27,26,0,60,0,2,2,0,4,7,29,28,0,64,2,0,2,66
01/09/2010,YIP,MI,AGL,CE,Towers with Radar,8,12,24,0,44,0,0,34,0,34,8,12,58,0,78,76,0,76,154
01/10/2010,YIP,MI,AGL,CE,Towers with Radar,2,17,52,0,71,0,3,33,0,36,2,20,85,0,107,46,0,46,153
01/11/2010,YIP,MI,AGL,CE,Towers with Radar,2,20,14,0,36,0,0,0,0,0,2,20,14,0,36,0,0,0,36
01/12/2010,YIP,MI,AGL,CE,Towers with Radar,13,29,51,0,93,0,15,32,0,47,13,44,83,0,140,100,0,100,240
01/13/2010,YIP,MI,AGL,CE,Towers with Radar,12,32,48,0,92,0,0,53,0,53,12,32,101,0,145,88,0,88,233
01/14/2010,YIP,MI,AGL,CE,Towers with Radar,7,29,45,0,81,0,1,51,0,52,7,30,96,0,133,140,0,140,273
01/15/2010,YIP,MI,AGL,CE,Towers with Radar,2,28,42,0,72,0,5,14,0,19,2,33,56,0,91,152,0,152,243
01/16/2010,YIP,MI,AGL,CE,Towers with Radar,4,15,16,0,35,0,0,5,0,5,4,15,21,0,40,6,0,6,46
01/17/2010,YIP,MI,AGL,CE,Towers with Radar,0,16,10,0,26,0,2,4,0,6,0,18,14,0,32,4,0,4,36
01/18/2010,YIP,MI,AGL,CE,Towers with Radar,1,23,16,0,40,0,0,0,0,0,1,23,16,0,40,0,0,0,40
01/19/2010,YIP,MI,AGL,CE,Towers with Radar,5,21,53,0,79,0,0,14,0,14,5,21,67,0,93,128,0,128,221
01/20/2010,YIP,MI,AGL,CE,Towers with Radar,19,27,32,0,78,0,3,55,0,58,19,30,87,0,136,204,0,204,340
01/21/2010,YIP,MI,AGL,CE,Towers with Radar,17,37,54,0,108,0,0,56,0,56,17,37,110,0,164,90,0,90,254
01/22/2010,YIP,MI,AGL,CE,Towers with Radar,3,32,22,0,57,0,2,14,0,16,3,34,36,0,73,50,0,50,123
01/23/2010,YIP,MI,AGL,CE,Towers with Radar,2,9,11,0,22,0,0,19,0,19,2,9,30,0,41,52,0,52,93
01/24/2010,YIP,MI,AGL,CE,Towers with Radar,0,6,3,0,9,0,1,2,0,3,0,7,5,0,12,0,0,0,12
01/25/2010,YIP,MI,AGL,CE,Towers with Radar,7,11,24,0,42,0,1,2,0,3,7,12,26,0,45,2,0,2,47
01/26/2010,YIP,MI,AGL,CE,Towers with Radar,3,23,38,0,64,0,0,6,0,6,3,23,44,0,70,16,0,16,86
01/27/2010,YIP,MI,AGL,CE,Towers with Radar,7,26,32,0,65,0,0,36,0,36,7,26,68,0,101,94,0,94,195
01/28/2010,YIP,MI,AGL,CE,Towers with Radar,10,18,28,0,56,1,1,10,0,12,11,19,38,0,68,16,0,16,84
01/29/2010,YIP,MI,AGL,CE,Towers with Radar,21,33,55,0,109,0,1,69,0,70,21,34,124,0,179,184,0,184,363
01/30/2010,YIP,MI,AGL,CE,Towers with Radar,5,15,30,0,50,0,3,47,0,50,5,18,77,0,100,66,0,66,166
01/31/2010,YIP,MI,AGL,CE,Towers with Radar,1,8,15,0,24,0,4,25,0,29,1,12,40,0,53,58,0,58,111
02/01/2010,YIP,MI,AGL,CE,Towers with Radar,11,19,34,0,64,0,2,46,0,48,11,21,80,0,112,174,0,174,286
02/02/2010,YIP,MI,AGL,CE,Towers with Radar,3,15,25,0,43,0,0,0,0,0,3,15,25,0,43,0,0,0,43
02/03/2010,YIP,MI,AGL,CE,Towers with Radar,15,29,52,0,96,15,1,5,0,21,30,30,57,0,117,54,0,54,171
02/04/2010,YIP,MI,AGL,CE,Towers with Radar,16,44,71,0,131,0,1,71,1,73,16,45,142,1,204,220,0,220,424
02/05/2010,YIP,MI,AGL,CE,Towers with Radar,12,26,30,0,68,0,0,27,0,27,12,26,57,0,95,124,0,124,219
02/06/2010,YIP,MI,AGL,CE,Towers with Radar,8,13,4,0,25,0,2,2,0,4,8,15,6,0,29,8,0,8,37
02/07/2010,YIP,MI,AGL,CE,Towers with Radar,3,23,15,0,41,0,5,17,0,22,3,28,32,0,63,104,0,104,167
02/08/2010,YIP,MI,AGL,CE,Towers with Radar,2,6,57,0,65,0,0,69,0,69,2,6,126,0,134,98,0,98,232
02/09/2010,YIP,MI,AGL,CE,Towers with Radar,3,16,18,0,37,0,0,0,0,0,3,16,18,0,37,0,0,0,37
02/10/2010,YIP,MI,AGL,CE,Towers with Radar,10,25,17,0,52,0,0,0,0,0,10,25,17,0,52,0,0,0,52
02/11/2010,YIP,MI,AGL,CE,Towers with Radar,14,22,40,0,76,0,1,18,0,19,14,23,58,0,95,80,0,80,175
02/12/2010,YIP,MI,AGL,CE,Towers with Radar,42,31,43,0,116,0,1,22,0,23,42,32,65,0,139,132,0,132,271
02/13/2010,YIP,MI,AGL,CE,Towers with Radar,9,7,36,0,52,0,0,14,0,14,9,7,50,0,66,46,0,46,112
02/14/2010,YIP,MI,AGL,CE,Towers with Radar,2,7,14,0,23,0,1,12,0,13,2,8,26,0,36,12,0,12,48
02/15/2010,YIP,MI,AGL,CE,Towers with Radar,12,20,37,0,69,0,0,31,0,31,12,20,68,0,100,54,0,54,154
02/16/2010,YIP,MI,AGL,CE,Towers with Radar,6,25,50,0,81,0,0,5,0,5,6,25,55,0,86,30,0,30,116
02/17/2010,YIP,MI,AGL,CE,Towers with Radar,10,32,32,0,74,0,1,7,0,8,10,33,39,0,82,32,0,32,114
02/18/2010,YIP,MI,AGL,CE,Towers with Radar,10,29,33,0,72,0,0,50,0,50,10,29,83,0,122,102,0,102,224
02/19/2010,YIP,MI,AGL,CE,Towers with Radar,20,27,29,0,76,0,0,70,0,70,20,27,99,0,146,72,0,72,218
02/20/2010,YIP,MI,AGL,CE,Towers with Radar,3,8,16,0,27,0,0,57,0,57,3,8,73,0,84,64,0,64,148
02/21/2010,YIP,MI,AGL,CE,Towers with Radar,3,21,27,0,51,0,1,24,0,25,3,22,51,0,76,14,0,14,90
02/22/2010,YIP,MI,AGL,CE,Towers with Radar,1,28,19,0,48,0,1,0,0,1,1,29,19,0,49,0,0,0,49
02/23/2010,YIP,MI,AGL,CE,Towers with Radar,7,25,25,0,57,0,0,8,0,8,7,25,33,0,65,46,0,46,111
02/24/2010,YIP,MI,AGL,CE,Towers with Radar,9,46,27,0,82,0,0,0,0,0,9,46,27,0,82,0,0,0,82
02/25/2010,YIP,MI,AGL,CE,Towers with Radar,11,47,32,0,90,0,2,13,0,15,11,49,45,0,105,28,0,28,133
02/26/2010,YIP,MI,AGL,CE,Towers with Radar,3,25,19,0,47,0,0,0,0,0,3,25,19,0,47,0,0,0,47
02/27/2010,YIP,MI,AGL,CE,Towers with Radar,4,18,5,0,27,0,2,3,0,5,4,20,8,0,32,0,0,0,32
02/28/2010,YIP,MI,AGL,CE,Towers with Radar,1,9,14,0,24,0,0,9,0,9,1,9,23,0,33,18,0,18,51
03/01/2010,YIP,MI,AGL,CE,Towers with Radar,4,10,30,0,44,0,0,31,0,31,4,10,61,0,75,98,0,98,173
03/02/2010,YIP,MI,AGL,CE,Towers with Radar,15,33,53,2,103,0,0,21,0,21,15,33,74,2,124,98,0,98,222
03/03/2010,YIP,MI,AGL,CE,Towers with Radar,7,40,24,0,71,0,0,66,0,66,7,40,90,0,137,132,0,132,269
03/04/2010,YIP,MI,AGL,CE,Towers with Radar,7,24,54,0,85,0,0,54,0,54,7,24,108,0,139,100,0,100,239
03/05/2010,YIP,MI,AGL,CE,Towers with Radar,3,23,33,0,59,0,0,81,0,81,3,23,114,0,140,142,0,142,282
03/06/2010,YIP,MI,AGL,CE,Towers with Radar,3,4,28,0,35,0,0,80,0,80,3,4,108,0,115,110,0,110,225
03/07/2010,YIP,MI,AGL,CE,Towers with Radar,4,8,27,0,39,0,0,25,0,25,4,8,52,0,64,62,4,66,130
03/08/2010,YIP,MI,AGL,CE,Towers with Radar,3,22,35,0,60,0,1,58,0,59,3,23,93,0,119,144,0,144,263
03/09/2010,YIP,MI,AGL,CE,Towers with Radar,4,34,51,0,89,1,0,54,0,55,5,34,105,0,144,122,0,122,266
03/10/2010,YIP,MI,AGL,CE,Towers with Radar,7,23,43,0,73,0,1,30,0,31,7,24,73,0,104,138,0,138,242
03/11/2010,YIP,MI,AGL,CE,Towers with Radar,1,49,70,0,120,0,0,32,0,32,1,49,102,0,152,98,0,98,250
03/12/2010,YIP,MI,AGL,CE,Towers with Radar,2,15,82,0,99,0,1,0,0,1,2,16,82,0,100,18,0,18,118
03/13/2010,YIP,MI,AGL,CE,Towers with Radar,5,8,13,0,26,0,0,1,0,1,5,8,14,0,27,0,2,2,29
03/14/2010,YIP,MI,AGL,CE,Towers with Radar,2,10,12,0,24,0,3,1,0,4,2,13,13,0,28,2,0,2,30
03/15/2010,YIP,MI,AGL,CE,Towers with Radar,7,19,39,0,65,0,0,16,0,16,7,19,55,0,81,62,0,62,143
03/16/2010,YIP,MI,AGL,CE,Towers with Radar,7,23,56,2,88,0,1,81,0,82,7,24,137,2,170,176,0,176,346
03/17/2010,YIP,MI,AGL,CE,Towers with Radar,24,23,44,0,91,0,4,83,0,87,24,27,127,0,178,178,0,178,356
03/18/2010,YIP,MI,AGL,CE,Towers with Radar,12,34,54,0,100,0,0,79,0,79,12,34,133,0,179,186,0,186,365
03/19/2010,YIP,MI,AGL,CE,Towers with Radar,7,26,31,0,64,0,0,57,0,57,7,26,88,0,121,62,0,62,183
03/20/2010,YIP,MI,AGL,CE,Towers with Radar,4,12,31,0,47,0,2,16,0,18,4,14,47,0,65,84,0,84,149
03/21/2010,YIP,MI,AGL,CE,Towers with Radar,7,24,17,0,48,0,2,32,0,34,7,26,49,0,82,28,0,28,110
03/22/2010,YIP,MI,AGL,CE,Towers with Radar,3,26,16,0,45,0,9,4,0,13,3,35,20,0,58,2,0,2,60
03/23/2010,YIP,MI,AGL,CE,Towers with Radar,3,30,67,0,100,0,1,49,1,51,3,31,116,1,151,112,0,112,263
03/24/2010,YIP,MI,AGL,CE,Towers with Radar,6,31,45,0,82,0,2,58,0,60,6,33,103,0,142,154,0,154,296
03/25/2010,YIP,MI,AGL,CE,Towers with Radar,9,26,45,0,80,0,5,11,0,16,9,31,56,0,96,90,0,90,186
03/26/2010,YIP,MI,AGL,CE,Towers with Radar,13,37,29,0,79,0,1,53,0,54,13,38,82,0,133,90,0,90,223
03/27/2010,YIP,MI,AGL,CE,Towers with Radar,5,12,29,0,46,0,0,71,0,71,5,12,100,0,117,74,0,74,191
03/28/2010,YIP,MI,AGL,CE,Towers with Radar,3,12,11,0,26,0,0,1,0,1,3,12,12,0,27,14,0,14,41
03/29/2010,YIP,MI,AGL,CE,Towers with Radar,4,9,26,0,39,0,0,9,0,9,4,9,35,0,48,58,0,58,106
03/30/2010,YIP,MI,AGL,CE,Towers with Radar,12,36,55,0,103,0,0,76,0,76,12,36,131,0,179,194,0,194,373
03/31/2010,YIP,MI,AGL,CE,Towers with Radar,9,25,55,0,89,0,4,35,1,40,9,29,90,1,129,108,0,108,237
04/01/2010,YIP,MI,AGL,CE,Towers with Radar,9,44,65,0,118,0,0,75,0,75,9,44,140,0,193,106,0,106,299
04/02/2010,YIP,MI,AGL,CE,Towers with Radar,1,20,34,0,55,0,0,67,0,67,1,20,101,0,122,126,0,126,248
04/03/2010,YIP,MI,AGL,CE,Towers with Radar,3,12,15,0,30,0,0,9,0,9,3,12,24,0,39,10,0,10,49
04/04/2010,YIP,MI,AGL,CE,Towers with Radar,0,9,11,0,20,0,0,18,0,18,0,9,29,0,38,34,0,34,72
04/05/2010,YIP,MI,AGL,CE,Towers with Radar,4,16,33,0,53,0,4,35,0,39,4,20,68,0,92,54,0,54,146
04/06/2010,YIP,MI,AGL,CE,Towers with Radar,15,30,50,0,95,0,2,50,0,52,15,32,100,0,147,128,0,128,275
04/07/2010,YIP,MI,AGL,CE,Towers with Radar,7,28,34,0,69,0,0,5,0,5,7,28,39,0,74,12,0,12,86
04/08/2010,YIP,MI,AGL,CE,Towers with Radar,12,28,33,0,73,0,0,9,0,9,12,28,42,0,82,60,0,60,142
04/09/2010,YIP,MI,AGL,CE,Towers with Radar,7,23,24,0,54,0,0,33,0,33,7,23,57,0,87,88,0,88,175
04/10/2010,YIP,MI,AGL,CE,Towers with Radar,4,9,33,0,46,0,0,66,0,66,4,9,99,0,112,130,0,130,242
04/11/2010,YIP,MI,AGL,CE,Towers with Radar,6,11,17,0,34,0,0,46,0,46,6,11,63,0,80,78,0,78,158
04/12/2010,YIP,MI,AGL,CE,Towers with Radar,5,24,49,0,78,0,2,72,0,74,5,26,121,0,152,160,0,160,312
04/13/2010,YIP,MI,AGL,CE,Towers with Radar,9,23,64,0,96,0,2,41,0,43,9,25,105,0,139,170,0,170,309
04/14/2010,YIP,MI,AGL,CE,Towers with Radar,8,28,47,0,83,0,0,65,0,65,8,28,112,0,148,144,0,144,292
04/15/2010,YIP,MI,AGL,CE,Towers with Radar,7,24,53,0,84,0,2,43,0,45,7,26,96,0,129,86,0,86,215
04/16/2010,YIP,MI,AGL,CE,Towers with Radar,1,13,27,0,41,0,2,20,0,22,1,15,47,0,63,44,0,44,107
04/17/2010,YIP,MI,AGL,CE,Towers with Radar,1,9,14,0,24,0,0,8,0,8,1,9,22,0,32,64,0,64,96
04/18/2010,YIP,MI,AGL,CE,Towers with Radar,1,10,28,0,39,0,3,39,4,46,1,13,67,4,85,50,0,50,135
04/19/2010,YIP,MI,AGL,CE,Towers with Radar,7,15,52,0,74,0,0,75,0,75,7,15,127,0,149,210,0,210,359
04/20/2010,YIP,MI,AGL,CE,Towers with Radar,7,31,49,0,87,0,0,73,0,73,7,31,122,0,160,98,0,98,258
04/21/2010,YIP,MI,AGL,CE,Towers with Radar,5,24,83,0,112,0,0,48,0,48,5,24,131,0,160,62,0,62,222
04/22/2010,YIP,MI,AGL,CE,Towers with Radar,6,21,62,0,89,0,0,55,0,55,6,21,117,0,144,243,0,243,387
04/23/2010,YIP,MI,AGL,CE,Towers with Radar,8,25,54,0,87,0,1,74,0,75,8,26,128,0,162,152,0,152,314
04/24/2010,YIP,MI,AGL,CE,Towers with Radar,4,11,8,0,23,0,7,19,0,26,4,18,27,0,49,60,0,60,109
04/25/2010,YIP,MI,AGL,CE,Towers with Radar,4,5,9,0,18,0,0,0,0,0,4,5,9,0,18,0,0,0,18
04/26/2010,YIP,MI,AGL,CE,Towers with Radar,5,15,36,0,56,0,1,22,0,23,5,16,58,0,79,33,0,33,112
04/27/2010,YIP,MI,AGL,CE,Towers with Radar,8,22,45,0,75,0,0,44,0,44,8,22,89,0,119,48,0,48,167
04/28/2010,YIP,MI,AGL,CE,Towers with Radar,7,39,73,0,119,0,0,72,0,72,7,39,145,0,191,32,0,32,223
04/29/2010,YIP,MI,AGL,CE,Towers with Radar,3,28,59,0,90,0,0,48,0,48,3,28,107,0,138,108,0,108,246
04/30/2010,YIP,MI,AGL,CE,Towers with Radar,2,39,33,0,74,0,0,17,0,17,2,39,50,0,91,34,0,34,125
05/01/2010,YIP,MI,AGL,CE,Towers with Radar,5,11,8,0,24,0,3,5,0,8,5,14,13,0,32,0,0,0,32
05/02/2010,YIP,MI,AGL,CE,Towers with Radar,5,11,13,0,29,0,0,1,0,1,5,11,14,0,30,0,0,0,30
05/03/2010,YIP,MI,AGL,CE,Towers with Radar,3,24,50,0,77,0,3,39,0,42,3,27,89,0,119,88,0,88,207
05/04/2010,YIP,MI,AGL,CE,Towers with Radar,13,33,44,0,90,0,3,57,0,60,13,36,101,0,150,58,0,58,208
05/05/2010,YIP,MI,AGL,CE,Towers with Radar,9,27,44,0,80,0,2,24,0,26,9,29,68,0,106,32,0,32,138
05/06/2010,YIP,MI,AGL,CE,Towers with Radar,43,37,68,0,148,0,0,80,1,81,43,37,148,1,229,214,0,214,443
05/07/2010,YIP,MI,AGL,CE,Towers with Radar,15,41,30,0,86,0,5,7,0,12,15,46,37,0,98,12,0,12,110
05/08/2010,YIP,MI,AGL,CE,Towers with Radar,2,8,6,0,16,0,1,4,0,5,2,9,10,0,21,0,0,0,21
05/09/2010,YIP,MI,AGL,CE,Towers with Radar,3,10,15,0,28,0,4,10,0,14,3,14,25,0,42,10,0,10,52
05/10/2010,YIP,MI,AGL,CE,Towers with Radar,3,12,65,0,80,0,2,63,0,65,3,14,128,0,145,166,0,166,311
05/11/2010,YIP,MI,AGL,CE,Towers with Radar,14,38,37,0,89,0,1,0,0,1,14,39,37,0,90,0,0,0,90
05/12/2010,YIP,MI,AGL,CE,Towers with Radar,11,29,67,0,107,0,2,9,3,14,11,31,76,3,121,2,0,2,123
05/13/2010,YIP,MI,AGL,CE,Towers with Radar,11,33,44,0,88,0,1,5,1,7,11,34,49,1,95,10,0,10,105
05/14/2010,YIP,MI,AGL,CE,Towers with Radar,26,36,31,0,93,0,0,30,0,30,26,36,61,0,123,68,0,68,191
05/15/2010,YIP,MI,AGL,CE,Towers with Radar,0,12,38,0,50,0,0,79,0,79,0,12,117,0,129,158,0,158,287
05/16/2010,YIP,MI,AGL,CE,Towers with Radar,1,11,12,0,24,0,0,51,0,51,1,11,63,0,75,14,0,14,89
05/17/2010,YIP,MI,AGL,CE,Towers with Radar,9,23,31,0,63,0,3,33,0,36,9,26,64,0,99,62,0,62,161
05/18/2010,YIP,MI,AGL,CE,Towers with Radar,18,33,58,0,109,0,0,5,0,5,18,33,63,0,114,18,0,18,132
05/19/2010,YIP,MI,AGL,CE,Towers with Radar,10,35,52,0,97,0,0,90,0,90,10,35,142,0,187,108,0,108,295
05/20/2010,YIP,MI,AGL,CE,Towers with Radar,9,41,49,0,99,0,1,71,0,72,9,42,120,0,171,182,0,182,353
05/21/2010,YIP,MI,AGL,CE,Towers with Radar,13,28,40,0,81,0,1,22,0,23,13,29,62,0,104,148,0,148,252
05/22/2010,YIP,MI,AGL,CE,Towers with Radar,5,11,29,0,45,0,0,7,0,7,5,11,36,0,52,12,0,12,64
05/23/2010,YIP,MI,AGL,CE,Towers with Radar,6,7,16,0,29,0,2,43,0,45,6,9,59,0,74,34,0,34,108
05/24/2010,YIP,MI,AGL,CE,Towers with Radar,5,23,36,0,64,0,1,41,0,42,5,24,77,0,106,120,0,120,226
05/25/2010,YIP,MI,AGL,CE,Towers with Radar,16,41,67,0,124,0,3,60,1,64,16,44,127,1,188,174,0,174,362
05/26/2010,YIP,MI,AGL,CE,Towers with Radar,26,55,43,0,124,0,2,60,0,62,26,57,103,0,186,192,0,192,378
05/27/2010,YIP,MI,AGL,CE,Towers with Radar,15,42,50,0,107,0,2,41,0,43,15,44,91,0,150,122,0,122,272
05/28/2010,YIP,MI,AGL,CE,Towers with Radar,24,34,32,0,90,0,1,56,0,57,24,35,88,0,147,80,0,80,227
05/29/2010,YIP,MI,AGL,CE,Towers with Radar,4,7,14,0,25,0,1,52,0,53,4,8,66,0,78,6,0,6,84
05/30/2010,YIP,MI,AGL,CE,Towers with Radar,1,13,20,0,34,0,0,24,0,24,1,13,44,0,58,6,0,6,64
05/31/2010,YIP,MI,AGL,CE,Towers with Radar,4,12,26,0,42,0,3,33,0,36,4,15,59,0,78,34,0,34,112
06/01/2010,YIP,MI,AGL,CE,Towers with Radar,12,24,34,0,70,0,3,42,0,45,12,27,76,0,115,114,0,114,229
06/02/2010,YIP,MI,AGL,CE,Towers with Radar,14,25,51,0,90,0,2,8,0,10,14,27,59,0,100,8,0,8,108
06/03/2010,YIP,MI,AGL,CE,Towers with Radar,17,35,56,0,108,0,1,14,0,15,17,36,70,0,123,32,0,32,155
06/04/2010,YIP,MI,AGL,CE,Towers with Radar,13,25,54,0,92,0,0,30,0,30,13,25,84,0,122,78,0,78,200
06/05/2010,YIP,MI,AGL,CE,Towers with Radar,6,13,25,0,44,0,3,45,0,48,6,16,70,0,92,116,0,116,208
06/06/2010,YIP,MI,AGL,CE,Towers with Radar,10,7,13,0,30,0,0,9,0,9,10,7,22,0,39,22,0,22,61
06/07/2010,YIP,MI,AGL,CE,Towers with Radar,8,22,49,0,79,0,0,72,0,72,8,22,121,0,151,142,0,142,293
06/08/2010,YIP,MI,AGL,CE,Towers with Radar,17,21,51,0,89,0,2,68,0,70,17,23,119,0,159,92,0,92,251
06/09/2010,YIP,MI,AGL,CE,Towers with Radar,15,33,48,0,96,0,0,20,0,20,15,33,68,0,116,40,0,40,156
06/10/2010,YIP,MI,AGL,CE,Towers with Radar,28,49,98,0,175,0,1,71,0,72,28,50,169,0,247,103,0,103,350
06/11/2010,YIP,MI,AGL,CE,Towers with Radar,10,53,30,0,93,0,2,33,0,35,10,55,63,0,128,50,0,50,178
06/12/2010,YIP,MI,AGL,CE,Towers with Radar,3,15,32,0,50,0,2,11,0,13,3,17,43,0,63,22,0,22,85
06/13/2010,YIP,MI,AGL,CE,Towers with Radar,11,17,51,0,79,0,2,26,0,28,11,19,77,0,107,46,0,46,153
06/14/2010,YIP,MI,AGL,CE,Towers with Radar,8,30,45,0,83,0,0,18,0,18,8,30,63,0,101,10,0,10,111
06/15/2010,YIP,MI,AGL,CE,Towers with Radar,16,55,102,0,173,0,1,40,0,41,16,56,142,0,214,100,0,100,314
06/16/2010,YIP,MI,AGL,CE,Towers with Radar,23,37,47,0,107,0,1,34,0,35,23,38,81,0,142,52,0,52,194
06/17/2010,YIP,MI,AGL,CE,Towers with Radar,33,62,73,0,168,0,0,67,0,67,33,62,140,0,235,140,0,140,375
06/18/2010,YIP,MI,AGL,CE,Towers with Radar,26,36,48,0,110,0,1,69,1,71,26,37,117,1,181,134,0,134,315
06/19/2010,YIP,MI,AGL,CE,Towers with Radar,7,15,14,0,36,0,1,33,0,34,7,16,47,0,70,68,0,68,138
06/20/2010,YIP,MI,AGL,CE,Towers with Radar,4,15,31,0,50,0,0,36,0,36,4,15,67,0,86,58,0,58,144
06/21/2010,YIP,MI,AGL,CE,Towers with Radar,10,32,44,0,86,0,1,35,0,36,10,33,79,0,122,76,0,76,198
06/22/2010,YIP,MI,AGL,CE,Towers with Radar,19,63,54,0,136,0,8,17,0,25,19,71,71,0,161,22,0,22,183
06/23/2010,YIP,MI,AGL,CE,Towers with Radar,25,81,29,0,135,0,2,16,0,18,25,83,45,0,153,42,0,42,195
06/24/2010,YIP,MI,AGL,CE,Towers with Radar,13,53,75,0,141,0,1,35,0,36,13,54,110,0,177,50,0,50,227
06/25/2010,YIP,MI,AGL,CE,Towers with Radar,23,47,41,0,111,0,1,81,0,82,23,48,122,0,193,140,0,140,333
06/26/2010,YIP,MI,AGL,CE,Towers with Radar,8,24,14,0,46,0,1,57,0,58,8,25,71,0,104,70,0,70,174
06/27/2010,YIP,MI,AGL,CE,Towers with Radar,4,9,13,0,26,0,3,10,0,13,4,12,23,0,39,14,0,14,53
06/28/2010,YIP,MI,AGL,CE,Towers with Radar,11,25,59,0,95,0,1,34,0,35,11,26,93,0,130,80,0,80,210
06/29/2010,YIP,MI,AGL,CE,Towers with Radar,17,44,46,0,107,0,2,73,0,75,17,46,119,0,182,46,0,46,228
06/30/2010,YIP,MI,AGL,CE,Towers with Radar,33,65,70,0,168,0,1,77,0,78,33,66,147,0,246,74,0,74,320
07/01/2010,YIP,MI,AGL,CE,Towers with Radar,15,57,48,0,120,0,0,70,0,70,15,57,118,0,190,68,0,68,258
07/02/2010,YIP,MI,AGL,CE,Towers with Radar,6,32,38,0,76,0,4,65,0,69,6,36,103,0,145,60,0,60,205
07/03/2010,YIP,MI,AGL,CE,Towers with Radar,4,11,28,0,43,0,0,30,0,30,4,11,58,0,73,22,0,22,95
07/04/2010,YIP,MI,AGL,CE,Towers with Radar,2,7,12,0,21,0,0,24,0,24,2,7,36,0,45,0,0,0,45
07/05/2010,YIP,MI,AGL,CE,Towers with Radar,2,8,33,0,43,0,0,35,0,35,2,8,68,0,78,34,0,34,112
07/06/2010,YIP,MI,AGL,CE,Towers with Radar,6,21,32,0,59,0,1,26,0,27,6,22,58,0,86,56,0,56,142
07/07/2010,YIP,MI,AGL,CE,Towers with Radar,10,22,46,0,78,0,0,55,0,55,10,22,101,0,133,82,0,82,215
07/08/2010,YIP,MI,AGL,CE,Towers with Radar,10,42,24,0,76,0,2,23,0,25,10,44,47,0,101,48,0,48,149
07/09/2010,YIP,MI,AGL,CE,Towers with Radar,8,22,40,0,70,0,1,27,0,28,8,23,67,0,98,60,0,60,158
07/10/2010,YIP,MI,AGL,CE,Towers with Radar,7,9,30,0,46,0,0,58,0,58,7,9,88,0,104,50,0,50,154
07/11/2010,YIP,MI,AGL,CE,Towers with Radar,6,6,21,0,33,0,0,41,0,41,6,6,62,0,74,18,0,18,92
07/12/2010,YIP,MI,AGL,CE,Towers with Radar,5,29,30,0,64,0,2,17,0,19,5,31,47,0,83,18,0,18,101
07/13/2010,YIP,MI,AGL,CE,Towers with Radar,2,31,27,4,64,0,1,15,3,19,2,32,42,7,83,22,0,22,105
07/14/2010,YIP,MI,AGL,CE,Towers with Radar,6,36,59,0,101,0,0,70,0,70,6,36,129,0,171,88,0,88,259
07/15/2010,YIP,MI,AGL,CE,Towers with Radar,6,33,39,0,78,0,3,24,2,29,6,36,63,2,107,120,0,120,227
07/16/2010,YIP,MI,AGL,CE,Towers with Radar,5,24,36,0,65,0,0,72,0,72,5,24,108,0,137,178,0,178,315
07/17/2010,YIP,MI,AGL,CE,Towers with Radar,4,9,23,0,36,0,1,39,0,40,4,10,62,0,76,32,0,32,108
07/18/2010,YIP,MI,AGL,CE,Towers with Radar,3,17,24,0,44,0,6,21,0,27,3,23,45,0,71,18,0,18,89
07/19/2010,YIP,MI,AGL,CE,Towers with Radar,6,21,52,0,79,0,6,34,0,40,6,27,86,0,119,186,0,186,305
07/20/2010,YIP,MI,AGL,CE,Towers with Radar,22,25,68,0,115,0,2,39,0,41,22,27,107,0,156,106,0,106,262
07/21/2010,YIP,MI,AGL,CE,Towers with Radar,15,38,52,0,105,0,2,71,0,73,15,40,123,0,178,98,0,98,276
07/22/2010,YIP,MI,AGL,CE,Towers with Radar,13,34,85,0,132,0,1,43,0,44,13,35,128,0,176,76,0,76,252
07/23/2010,YIP,MI,AGL,CE,Towers with Radar,11,37,35,0,83,0,3,18,0,21,11,40,53,0,104,58,0,58,162
07/24/2010,YIP,MI,AGL,CE,Towers with Radar,6,14,15,1,36,0,0,9,0,9,6,14,24,1,45,2,0,2,47
07/25/2010,YIP,MI,AGL,CE,Towers with Radar,1,9,22,0,32,0,1,33,0,34,1,10,55,0,66,16,0,16,82
07/26/2010,YIP,MI,AGL,CE,Towers with Radar,4,24,46,0,74,0,0,62,0,62,4,24,108,0,136,66,0,66,202
07/27/2010,YIP,MI,AGL,CE,Towers with Radar,13,29,62,0,104,0,0,57,0,57,13,29,119,0,161,102,0,102,263
07/28/2010,YIP,MI,AGL,CE,Towers with Radar,10,28,37,0,75,0,1,32,0,33,10,29,69,0,108,54,16,70,178
07/29/2010,YIP,MI,AGL,CE,Towers with Radar,11,43,63,0,117,0,0,82,2,84,11,43,145,2,201,112,0,112,313
07/30/2010,YIP,MI,AGL,CE,Towers with Radar,12,29,29,0,70,0,0,37,2,39,12,29,66,2,109,44,0,44,153
07/31/2010,YIP,MI,AGL,CE,Towers with Radar,8,16,53,0,77,0,1,40,0,41,8,17,93,0,118,112,0,112,230
08/01/2010,YIP,MI,AGL,CE,Towers with Radar,3,14,25,0,42,0,3,33,0,36,3,17,58,0,78,36,0,36,114
08/02/2010,YIP,MI,AGL,CE,Towers with Radar,5,22,22,0,49,0,2,71,0,73,5,24,93,0,122,84,0,84,206
08/03/2010,YIP,MI,AGL,CE,Towers with Radar,22,25,41,0,88,0,0,28,0,28,22,25,69,0,116,120,0,120,236
08/04/2010,YIP,MI,AGL,CE,Towers with Radar,14,30,58,1,103,0,1,31,0,32,14,31,89,1,135,76,0,76,211
08/05/2010,YIP,MI,AGL,CE,Towers with Radar,10,38,44,7,99,0,0,53,0,53,10,38,97,7,152,76,22,98,250
08/06/2010,YIP,MI,AGL,CE,Towers with Radar,15,30,37,6,88,0,0,110,5,115,15,30,147,11,203,144,50,194,397
08/07/2010,YIP,MI,AGL,CE,Towers with Radar,7,5,21,0,33,0,2,120,0,122,7,7,141,0,155,398,0,398,553
08/08/2010,YIP,MI,AGL,CE,Towers with Radar,5,11,16,6,38,1,1,194,3,199,6,12,210,9,237,392,0,392,629
08/09/2010,YIP,MI,AGL,CE,Towers with Radar,7,29,21,9,66,0,4,29,0,33,7,33,50,9,99,72,0,72,171
08/10/2010,YIP,MI,AGL,CE,Towers with Radar,10,27,39,0,76,0,0,48,0,48,10,27,87,0,124,110,0,110,234
08/11/2010,YIP,MI,AGL,CE,Towers with Radar,24,38,47,0,109,0,2,9,0,11,24,40,56,0,120,22,0,22,142
08/12/2010,YIP,MI,AGL,CE,Towers with Radar,8,43,53,0,104,0,0,0,0,0,8,43,53,0,104,26,0,26,130
08/13/2010,YIP,MI,AGL,CE,Towers with Radar,11,50,39,0,100,0,1,41,0,42,11,51,80,0,142,36,0,36,178
08/14/2010,YIP,MI,AGL,CE,Towers with Radar,2,10,38,0,50,0,0,22,0,22,2,10,60,0,72,62,0,62,134
08/15/2010,YIP,MI,AGL,CE,Towers with Radar,7,13,46,0,66,0,0,30,0,30,7,13,76,0,96,4,0,4,100
08/16/2010,YIP,MI,AGL,CE,Towers with Radar,2,23,18,0,43,0,1,75,0,76,2,24,93,0,119,224,0,224,343
08/17/2010,YIP,MI,AGL,CE,Towers with Radar,13,38,33,0,84,0,0,68,0,68,13,38,101,0,152,190,0,190,342
08/18/2010,YIP,MI,AGL,CE,Towers with Radar,15,25,39,0,79,0,1,68,0,69,15,26,107,0,148,124,0,124,272
08/19/2010,YIP,MI,AGL,CE,Towers with Radar,7,28,50,0,85,0,0,48,1,49,7,28,98,1,134,118,0,118,252
08/20/2010,YIP,MI,AGL,CE,Towers with Radar,4,14,39,0,57,0,1,35,0,36,4,15,74,0,93,98,0,98,191
08/21/2010,YIP,MI,AGL,CE,Towers with Radar,5,8,18,0,31,0,0,13,0,13,5,8,31,0,44,26,0,26,70
08/22/2010,YIP,MI,AGL,CE,Towers with Radar,2,17,35,0,54,0,2,26,0,28,2,19,61,0,82,26,0,26,108
08/23/2010,YIP,MI,AGL,CE,Towers with Radar,2,15,17,0,34,0,0,18,0,18,2,15,35,0,52,66,0,66,118
08/24/2010,YIP,MI,AGL,CE,Towers with Radar,15,44,60,0,119,0,2,53,0,55,15,46,113,0,174,146,0,146,320
08/25/2010,YIP,MI,AGL,CE,Towers with Radar,15,39,45,0,99,0,4,52,0,56,15,43,97,0,155,94,0,94,249
08/26/2010,YIP,MI,AGL,CE,Towers with Radar,16,59,49,0,124,0,1,74,0,75,16,60,123,0,199,188,0,188,387
08/27/2010,YIP,MI,AGL,CE,Towers with Radar,18,31,31,0,80,0,0,58,0,58,18,31,89,0,138,186,0,186,324
08/28/2010,YIP,MI,AGL,CE,Towers with Radar,6,22,18,0,46,0,0,72,0,72,6,22,90,0,118,72,0,72,190
08/29/2010,YIP,MI,AGL,CE,Towers with Radar,2,9,23,0,34,0,0,42,0,42,2,9,65,0,76,34,0,34,110
08/30/2010,YIP,MI,AGL,CE,Towers with Radar,7,22,38,0,67,0,1,53,0,54,7,23,91,0,121,80,0,80,201
08/31/2010,YIP,MI,AGL,CE,Towers with Radar,11,41,40,2,94,0,2,39,0,41,11,43,79,2,135,54,0,54,189
09/01/2010,YIP,MI,AGL,CE,Towers with Radar,12,32,45,0,89,0,0,46,0,46,12,32,91,0,135,158,0,158,293
09/02/2010,YIP,MI,AGL,CE,Towers with Radar,9,56,50,0,115,0,0,13,0,13,9,56,63,0,128,28,0,28,156
09/03/2010,YIP,MI,AGL,CE,Towers with Radar,20,24,43,0,87,0,4,20,0,24,20,28,63,0,111,8,0,8,119
09/04/2010,YIP,MI,AGL,CE,Towers with Radar,10,29,25,0,64,0,0,12,0,12,10,29,37,0,76,2,0,2,78
09/05/2010,YIP,MI,AGL,CE,Towers with Radar,4,11,20,0,35,0,0,47,0,47,4,11,67,0,82,60,0,60,142
09/06/2010,YIP,MI,AGL,CE,Towers with Radar,2,23,18,0,43,0,0,41,0,41,2,23,59,0,84,50,0,50,134
09/07/2010,YIP,MI,AGL,CE,Towers with Radar,5,16,33,0,54,0,1,7,0,8,5,17,40,0,62,24,0,24,86
09/08/2010,YIP,MI,AGL,CE,Towers with Radar,8,42,51,0,101,0,1,28,0,29,8,43,79,0,130,62,0,62,192
09/09/2010,YIP,MI,AGL,CE,Towers with Radar,3,40,47,0,90,0,4,48,0,52,3,44,95,0,142,138,0,138,280
09/10/2010,YIP,MI,AGL,CE,Towers with Radar,9,18,48,0,75,0,2,60,1,63,9,20,108,1,138,154,0,154,292
09/11/2010,YIP,MI,AGL,CE,Towers with Radar,5,12,21,0,38,0,0,12,0,12,5,12,33,0,50,58,0,58,108
09/12/2010,YIP,MI,AGL,CE,Towers with Radar,2,13,27,0,42,0,0,28,0,28,2,13,55,0,70,16,0,16,86
09/13/2010,YIP,MI,AGL,CE,Towers with Radar,8,20,30,0,58,0,1,37,0,38,8,21,67,0,96,32,0,32,128
09/14/2010,YIP,MI,AGL,CE,Towers with Radar,6,30,34,0,70,0,0,63,0,63,6,30,97,0,133,138,0,138,271
09/15/2010,YIP,MI,AGL,CE,Towers with Radar,6,35,55,0,96,0,0,49,0,49,6,35,104,0,145,208,0,208,353
09/16/2010,YIP,MI,AGL,CE,Towers with Radar,8,37,38,0,83,0,1,6,0,7,8,38,44,0,90,6,0,6,96
09/17/2010,YIP,MI,AGL,CE,Towers with Radar,11,25,50,0,86,0,0,60,0,60,11,25,110,0,146,150,0,150,296
09/18/2010,YIP,MI,AGL,CE,Towers with Radar,4,16,4,0,24,0,0,16,0,16,4,16,20,0,40,38,0,38,78
09/19/2010,YIP,MI,AGL,CE,Towers with Radar,5,21,23,0,49,0,0,19,0,19,5,21,42,0,68,48,0,48,116
09/20/2010,YIP,MI,AGL,CE,Towers with Radar,4,29,49,0,82,0,0,56,0,56,4,29,105,0,138,174,0,174,312
09/21/2010,YIP,MI,AGL,CE,Towers with Radar,13,41,47,0,101,0,0,44,0,44,13,41,91,0,145,64,0,64,209
09/22/2010,YIP,MI,AGL,CE,Towers with Radar,12,45,49,0,106,0,0,16,0,16,12,45,65,0,122,74,0,74,196
09/23/2010,YIP,MI,AGL,CE,Towers with Radar,9,29,53,0,91,0,0,34,0,34,9,29,87,0,125,72,0,72,197
09/24/2010,YIP,MI,AGL,CE,Towers with Radar,6,37,29,1,73,0,1,3,0,4,6,38,32,1,77,0,2,2,79
09/25/2010,YIP,MI,AGL,CE,Towers with Radar,13,29,9,1,52,0,2,23,0,25,13,31,32,1,77,26,0,26,103
09/26/2010,YIP,MI,AGL,CE,Towers with Radar,10,16,31,0,57,0,0,34,0,34,10,16,65,0,91,70,0,70,161
09/27/2010,YIP,MI,AGL,CE,Towers with Radar,19,26,52,0,97,0,1,53,0,54,19,27,105,0,151,124,0,124,275
09/28/2010,YIP,MI,AGL,CE,Towers with Radar,11,27,45,0,83,0,2,8,0,10,11,29,53,0,93,18,0,18,111
09/29/2010,YIP,MI,AGL,CE,Towers with Radar,11,44,29,0,84,0,1,87,0,88,11,45,116,0,172,140,0,140,312
09/30/2010,YIP,MI,AGL,CE,Towers with Radar,14,52,34,0,100,0,0,73,2,75,14,52,107,2,175,130,0,130,305
10/01/2010,YIP,MI,AGL,CE,Towers with Radar,15,35,33,0,83,0,2,73,0,75,15,37,106,0,158,84,0,84,242
10/02/2010,YIP,MI,AGL,CE,Towers with Radar,0,10,8,0,18,0,0,1,0,1,0,10,9,0,19,4,0,4,23
10/03/2010,YIP,MI,AGL,CE,Towers with Radar,3,17,23,0,43,0,0,25,0,25,3,17,48,0,68,10,0,10,78
10/04/2010,YIP,MI,AGL,CE,Towers with Radar,3,19,45,0,67,0,9,58,0,67,3,28,103,0,134,134,0,134,268
10/05/2010,YIP,MI,AGL,CE,Towers with Radar,4,39,51,0,94,0,7,76,1,84,4,46,127,1,178,228,0,228,406
10/06/2010,YIP,MI,AGL,CE,Towers with Radar,12,28,47,0,87,0,6,78,2,86,12,34,125,2,173,90,0,90,263
10/07/2010,YIP,MI,AGL,CE,Towers with Radar,7,41,64,0,112,0,0,52,1,53,7,41,116,1,165,130,0,130,295
10/08/2010,YIP,MI,AGL,CE,Towers with Radar,8,49,49,0,106,0,0,68,0,68,8,49,117,0,174,172,0,172,346
10/09/2010,YIP,MI,AGL,CE,Towers with Radar,4,64,30,0,98,0,0,72,1,73,4,64,102,1,171,96,0,96,267
10/10/2010,YIP,MI,AGL,CE,Towers with Radar,5,18,33,0,56,0,1,174,0,175,5,19,207,0,231,86,0,86,317
10/11/2010,YIP,MI,AGL,CE,Towers with Radar,4,24,28,0,56,0,1,48,0,49,4,25,76,0,105,138,0,138,243
10/12/2010,YIP,MI,AGL,CE,Towers with Radar,14,32,48,0,94,0,0,66,0,66,14,32,114,0,160,178,0,178,338
10/13/2010,YIP,MI,AGL,CE,Towers with Radar,12,42,32,0,86,0,0,33,0,33,12,42,65,0,119,90,0,90,209
10/14/2010,YIP,MI,AGL,CE,Towers with Radar,7,44,47,0,98,0,1,69,1,71,7,45,116,1,169,186,0,186,355
10/15/2010,YIP,MI,AGL,CE,Towers with Radar,10,50,61,0,121,0,0,50,0,50,10,50,111,0,171,123,0,123,294
10/16/2010,YIP,MI,AGL,CE,Towers with Radar,4,19,34,0,57,0,0,66,0,66,4,19,100,0,123,62,0,62,185
10/17/2010,YIP,MI,AGL,CE,Towers with Radar,5,22,40,0,67,0,0,59,0,59,5,22,99,0,126,78,0,78,204
10/18/2010,YIP,MI,AGL,CE,Towers with Radar,6,22,43,0,71,0,0,70,0,70,6,22,113,0,141,270,0,270,411
10/19/2010,YIP,MI,AGL,CE,Towers with Radar,13,38,38,0,89,0,3,57,0,60,13,41,95,0,149,130,0,130,279
10/20/2010,YIP,MI,AGL,CE,Towers with Radar,22,41,55,0,118,0,2,34,2,38,22,43,89,2,156,42,0,42,198
10/21/2010,YIP,MI,AGL,CE,Towers with Radar,15,48,47,0,110,0,0,40,0,40,15,48,87,0,150,96,0,96,246
10/22/2010,YIP,MI,AGL,CE,Towers with Radar,8,52,36,0,96,0,0,70,0,70,8,52,106,0,166,128,0,128,294
10/23/2010,YIP,MI,AGL,CE,Towers with Radar,4,21,26,0,51,0,0,45,0,45,4,21,71,0,96,75,0,75,171
10/24/2010,YIP,MI,AGL,CE,Towers with Radar,4,18,18,0,40,0,0,25,0,25,4,18,43,0,65,50,0,50,115
10/25/2010,YIP,MI,AGL,CE,Towers with Radar,9,26,55,0,90,0,1,36,0,37,9,27,91,0,127,72,0,72,199
10/26/2010,YIP,MI,AGL,CE,Towers with Radar,23,47,28,0,98,0,2,1,0,3,23,49,29,0,101,0,0,0,101
10/27/2010,YIP,MI,AGL,CE,Towers with Radar,19,43,29,0,91,0,2,3,0,5,19,45,32,0,96,0,0,0,96
10/28/2010,YIP,MI,AGL,CE,Towers with Radar,15,45,32,0,92,0,1,11,0,12,15,46,43,0,104,12,0,12,116
10/29/2010,YIP,MI,AGL,CE,Towers with Radar,13,54,25,0,92,0,3,67,0,70,13,57,92,0,162,84,0,84,246
10/30/2010,YIP,MI,AGL,CE,Towers with Radar,3,13,15,0,31,0,0,23,0,23,3,13,38,0,54,58,0,58,112
10/31/2010,YIP,MI,AGL,CE,Towers with Radar,3,19,18,0,40,0,2,53,0,55,3,21,71,0,95,58,0,58,153
11/01/2010,YIP,MI,AGL,CE,Towers with Radar,3,14,44,0,61,0,0,51,1,52,3,14,95,1,113,81,0,81,194
11/02/2010,YIP,MI,AGL,CE,Towers with Radar,14,36,57,0,107,1,0,82,1,84,15,36,139,1,191,186,0,186,377
11/03/2010,YIP,MI,AGL,CE,Towers with Radar,13,50,52,0,115,0,0,40,2,42,13,50,92,2,157,128,2,130,287
11/04/2010,YIP,MI,AGL,CE,Towers with Radar,8,51,47,0,106,0,12,9,0,21,8,63,56,0,127,122,0,122,249
11/05/2010,YIP,MI,AGL,CE,Towers with Radar,9,60,52,0,121,0,0,24,0,24,9,60,76,0,145,6,8,14,159
11/06/2010,YIP,MI,AGL,CE,Towers with Radar,9,25,25,0,59,0,1,35,0,36,9,26,60,0,95,56,0,56,151
11/07/2010,YIP,MI,AGL,CE,Towers with Radar,8,26,26,0,60,0,0,28,0,28,8,26,54,0,88,20,0,20,108
11/08/2010,YIP,MI,AGL,CE,Towers with Radar,30,30,65,0,125,0,0,74,0,74,30,30,139,0,199,112,0,112,311
11/09/2010,YIP,MI,AGL,CE,Towers with Radar,40,63,28,0,131,1,2,47,0,50,41,65,75,0,181,102,0,102,283
11/10/2010,YIP,MI,AGL,CE,Towers with Radar,24,46,44,0,114,0,1,14,0,15,24,47,58,0,129,57,3,60,189
11/11/2010,YIP,MI,AGL,CE,Towers with Radar,17,43,48,0,108,0,0,71,0,71,17,43,119,0,179,154,0,154,333
11/12/2010,YIP,MI,AGL,CE,Towers with Radar,8,39,44,0,91,0,1,47,0,48,8,40,91,0,139,146,0,146,285
11/13/2010,YIP,MI,AGL,CE,Towers with Radar,7,18,12,1,38,0,0,106,0,106,7,18,118,1,144,36,0,36,180
11/14/2010,YIP,MI,AGL,CE,Towers with Radar,3,14,25,2,44,0,10,9,0,19,3,24,34,2,63,22,0,22,85
11/15/2010,YIP,MI,AGL,CE,Towers with Radar,8,25,46,2,81,13,0,47,0,60,21,25,93,2,141,122,0,122,263
11/16/2010,YIP,MI,AGL,CE,Towers with Radar,16,36,35,0,87,0,2,40,0,42,16,38,75,0,129,158,0,158,287
11/17/2010,YIP,MI,AGL,CE,Towers with Radar,13,34,46,0,93,0,0,57,0,57,13,34,103,0,150,116,0,116,266
11/18/2010,YIP,MI,AGL,CE,Towers with Radar,15,39,38,0,92,0,7,34,0,41,15,46,72,0,133,128,0,128,261
11/19/2010,YIP,MI,AGL,CE,Towers with Radar,11,38,52,0,101,0,0,42,0,42,11,38,94,0,143,104,0,104,247
11/20/2010,YIP,MI,AGL,CE,Towers with Radar,12,26,34,0,72,0,0,43,3,46,12,26,77,3,118,152,0,152,270
11/21/2010,YIP,MI,AGL,CE,Towers with Radar,7,15,21,0,43,0,0,7,0,7,7,15,28,0,50,30,0,30,80
11/22/2010,YIP,MI,AGL,CE,Towers with Radar,9,24,33,0,66,0,0,3,0,3,9,24,36,0,69,6,0,6,75
11/23/2010,YIP,MI,AGL,CE,Towers with Radar,12,49,26,0,87,0,4,7,0,11,12,53,33,0,98,6,0,6,104
11/24/2010,YIP,MI,AGL,CE,Towers with Radar,23,50,41,0,114,0,0,50,0,50,23,50,91,0,164,216,0,216,380
11/25/2010,YIP,MI,AGL,CE,Towers with Radar,10,14,11,0,35,0,0,0,0,0,10,14,11,0,35,2,0,2,37
11/26/2010,YIP,MI,AGL,CE,Towers with Radar,2,16,6,0,24,0,0,2,0,2,2,16,8,0,26,0,0,0,26
11/27/2010,YIP,MI,AGL,CE,Towers with Radar,6,8,13,0,27,0,1,13,0,14,6,9,26,0,41,60,0,60,101
11/28/2010,YIP,MI,AGL,CE,Towers with Radar,9,23,28,0,60,0,0,42,0,42,9,23,70,0,102,40,0,40,142
11/29/2010,YIP,MI,AGL,CE,Towers with Radar,16,34,33,0,83,0,1,57,0,58,16,35,90,0,141,160,0,160,301
11/30/2010,YIP,MI,AGL,CE,Towers with Radar,23,26,32,0,81,0,0,2,0,2,23,26,34,0,83,0,0,0,83
12/01/2010,YIP,MI,AGL,CE,Towers with Radar,15,39,42,0,96,0,0,1,0,1,15,39,43,0,97,0,0,0,97
12/02/2010,YIP,MI,AGL,CE,Towers with Radar,11,54,31,1,97,0,2,8,0,10,11,56,39,1,107,82,0,82,189
12/03/2010,YIP,MI,AGL,CE,Towers with Radar,11,46,30,1,88,0,0,59,0,59,11,46,89,1,147,176,0,176,323
12/04/2010,YIP,MI,AGL,CE,Towers with Radar,10,10,6,0,26,0,0,81,0,81,10,10,87,0,107,90,0,90,197
12/05/2010,YIP,MI,AGL,CE,Towers with Radar,11,12,18,0,41,0,0,10,0,10,11,12,28,0,51,42,0,42,93
12/06/2010,YIP,MI,AGL,CE,Towers with Radar,3,30,29,0,62,0,0,8,0,8,3,30,37,0,70,22,0,22,92
12/07/2010,YIP,MI,AGL,CE,Towers with Radar,12,38,29,0,79,0,0,12,0,12,12,38,41,0,91,18,0,18,109
12/08/2010,YIP,MI,AGL,CE,Towers with Radar,20,37,30,0,87,0,0,26,0,26,20,37,56,0,113,124,0,124,237
12/09/2010,YIP,MI,AGL,CE,Towers with Radar,19,40,77,0,136,0,3,63,0,66,19,43,140,0,202,248,0,248,450
12/10/2010,YIP,MI,AGL,CE,Towers with Radar,17,40,39,0,96,0,0,10,0,10,17,40,49,0,106,40,0,40,146
12/11/2010,YIP,MI,AGL,CE,Towers with Radar,11,22,8,0,41,0,1,16,0,17,11,23,24,0,58,106,0,106,164
12/12/2010,YIP,MI,AGL,CE,Towers with Radar,1,10,4,0,15,0,0,0,0,0,1,10,4,0,15,0,0,0,15
12/13/2010,YIP,MI,AGL,CE,Towers with Radar,12,30,20,0,62,0,1,4,0,5,12,31,24,0,67,0,0,0,67
12/14/2010,YIP,MI,AGL,CE,Towers with Radar,52,63,59,6,180,0,1,32,0,33,52,64,91,6,213,56,0,56,269
12/15/2010,YIP,MI,AGL,CE,Towers with Radar,42,56,57,2,157,0,5,63,0,68,42,61,120,2,225,106,0,106,331
12/16/2010,YIP,MI,AGL,CE,Towers with Radar,36,46,33,0,115,0,7,57,0,64,36,53,90,0,179,146,0,146,325
12/17/2010,YIP,MI,AGL,CE,Towers with Radar,17,35,45,0,97,0,2,23,0,25,17,37,68,0,122,114,0,114,236
12/18/2010,YIP,MI,AGL,CE,Towers with Radar,3,21,16,0,40,0,5,11,0,16,3,26,27,0,56,26,0,26,82
12/19/2010,YIP,MI,AGL,CE,Towers with Radar,10,14,2,0,26,0,4,4,0,8,10,18,6,0,34,0,0,0,34
12/20/2010,YIP,MI,AGL,CE,Towers with Radar,16,24,26,5,71,0,3,36,0,39,16,27,62,5,110,162,0,162,272
12/21/2010,YIP,MI,AGL,CE,Towers with Radar,17,47,36,0,100,0,3,11,0,14,17,50,47,0,114,100,0,100,214
12/22/2010,YIP,MI,AGL,CE,Towers with Radar,17,64,29,0,110,0,1,8,0,9,17,65,37,0,119,0,0,0,119
12/23/2010,YIP,MI,AGL,CE,Towers with Radar,28,44,19,0,91,0,0,15,0,15,28,44,34,0,106,24,0,24,130
12/24/2010,YIP,MI,AGL,CE,Towers with Radar,4,15,6,0,25,0,0,8,0,8,4,15,14,0,33,28,0,28,61
12/25/2010,YIP,MI,AGL,CE,Towers with Radar,0,1,1,0,2,0,0,3,0,3,0,1,4,0,5,2,0,2,7
12/26/2010,YIP,MI,AGL,CE,Towers with Radar,2,5,9,0,16,0,0,7,0,7,2,5,16,0,23,16,0,16,39
12/27/2010,YIP,MI,AGL,CE,Towers with Radar,18,14,22,0,54,0,2,16,0,18,18,16,38,0,72,20,0,20,92
12/28/2010,YIP,MI,AGL,CE,Towers with Radar,3,30,27,0,60,0,0,6,0,6,3,30,33,0,66,6,0,6,72
12/29/2010,YIP,MI,AGL,CE,Towers with Radar,2,22,23,0,47,0,1,9,0,10,2,23,32,0,57,24,0,24,81
12/30/2010,YIP,MI,AGL,CE,Towers with Radar,4,14,8,2,28,0,0,1,0,1,4,14,9,2,29,0,0,0,29
12/31/2010,YIP,MI,AGL,CE,Towers with Radar,1,22,0,0,23,0,0,5,0,5,1,22,5,0,28,4,0,4,32
01/01/2011,YIP,MI,AGL,CE,Towers with Radar,3,8,11,0,22,0,0,0,0,0,3,8,11,0,22,2,0,2,24
01/02/2011,YIP,MI,AGL,CE,Towers with Radar,5,5,31,0,41,0,0,8,0,8,5,5,39,0,49,20,0,20,69
01/03/2011,YIP,MI,AGL,CE,Towers with Radar,12,20,32,0,64,0,0,41,0,41,12,20,73,0,105,74,0,74,179
01/04/2011,YIP,MI,AGL,CE,Towers with Radar,9,27,26,0,62,0,0,30,0,30,9,27,56,0,92,50,0,50,142
01/05/2011,YIP,MI,AGL,CE,Towers with Radar,10,21,42,0,73,0,0,28,0,28,10,21,70,0,101,110,0,110,211
01/06/2011,YIP,MI,AGL,CE,Towers with Radar,9,30,22,0,61,0,0,0,0,0,9,30,22,0,61,0,0,0,61
01/07/2011,YIP,MI,AGL,CE,Towers with Radar,10,46,16,0,72,0,0,0,0,0,10,46,16,0,72,8,0,8,80
01/08/2011,YIP,MI,AGL,CE,Towers with Radar,7,13,12,0,32,0,1,19,0,20,7,14,31,0,52,32,0,32,84
01/09/2011,YIP,MI,AGL,CE,Towers with Radar,9,13,39,0,61,0,1,43,0,44,9,14,82,0,105,66,0,66,171
01/10/2011,YIP,MI,AGL,CE,Towers with Radar,8,18,39,0,65,0,1,42,0,43,8,19,81,0,108,138,0,138,246
01/11/2011,YIP,MI,AGL,CE,Towers with Radar,13,48,45,0,106,0,1,6,0,7,13,49,51,0,113,6,0,6,119
01/12/2011,YIP,MI,AGL,CE,Towers with Radar,27,42,16,0,85,0,0,2,0,2,27,42,18,0,87,4,0,4,91
01/13/2011,YIP,MI,AGL,CE,Towers with Radar,11,41,45,0,97,0,0,32,1,33,11,41,77,1,130,100,0,100,230
01/14/2011,YIP,MI,AGL,CE,Towers with Radar,9,21,24,0,54,0,1,28,0,29,9,22,52,0,83,34,0,34,117
01/15/2011,YIP,MI,AGL,CE,Towers with Radar,6,15,10,0,31,0,1,6,0,7,6,16,16,0,38,26,0,26,64
01/16/2011,YIP,MI,AGL,CE,Towers with Radar,6,9,6,0,21,0,3,15,0,18,6,12,21,0,39,40,0,40,79
01/17/2011,YIP,MI,AGL,CE,Towers with Radar,12,20,49,0,81,0,5,52,0,57,12,25,101,0,138,179,0,179,317
01/18/2011,YIP,MI,AGL,CE,Towers with Radar,7,18,25,0,50,0,0,0,0,0,7,18,25,0,50,0,0,0,50
01/19/2011,YIP,MI,AGL,CE,Towers with Radar,16,26,29,0,71,0,0,9,0,9,16,26,38,0,80,24,0,24,104
01/20/2011,YIP,MI,AGL,CE,Towers with Radar,32,33,33,0,98,0,3,11,1,15,32,36,44,1,113,72,0,72,185
01/21/2011,YIP,MI,AGL,CE,Towers with Radar,26,28,41,0,95,0,3,33,0,36,26,31,74,0,131,66,0,66,197
01/22/2011,YIP,MI,AGL,CE,Towers with Radar,11,15,2,0,28,0,0,4,0,4,11,15,6,0,32,26,0,26,58
01/23/2011,YIP,MI,AGL,CE,Towers with Radar,6,13,16,0,35,0,4,42,0,46,6,17,58,0,81,174,0,174,255
01/24/2011,YIP,MI,AGL,CE,Towers with Radar,16,20,32,0,68,0,0,0,0,0,16,20,32,0,68,0,0,0,68
01/25/2011,YIP,MI,AGL,CE,Towers with Radar,16,26,26,0,68,0,1,2,0,3,16,27,28,0,71,0,0,0,71
01/26/2011,YIP,MI,AGL,CE,Towers with Radar,20,33,28,0,81,0,0,4,0,4,20,33,32,0,85,20,0,20,105
01/27/2011,YIP,MI,AGL,CE,Towers with Radar,22,35,29,0,86,0,2,0,0,2,22,37,29,0,88,2,0,2,90
01/28/2011,YIP,MI,AGL,CE,Towers with Radar,13,34,29,0,76,0,1,2,0,3,13,35,31,0,79,24,0,24,103
01/29/2011,YIP,MI,AGL,CE,Towers with Radar,6,9,8,0,23,0,0,2,0,2,6,9,10,0,25,4,0,4,29
01/30/2011,YIP,MI,AGL,CE,Towers with Radar,2,6,32,0,40,0,0,46,0,46,2,6,78,0,86,112,0,112,198
01/31/2011,YIP,MI,AGL,CE,Towers with Radar,19,24,38,0,81,0,1,54,0,55,19,25,92,0,136,108,0,108,244
02/01/2011,YIP,MI,AGL,CE,Towers with Radar,18,17,13,0,48,0,0,1,0,1,18,17,14,0,49,2,0,2,51
02/02/2011,YIP,MI,AGL,CE,Towers with Radar,8,19,4,0,31,0,0,0,0,0,8,19,4,0,31,0,0,0,31
02/03/2011,YIP,MI,AGL,CE,Towers with Radar,27,29,41,0,97,0,4,27,1,32,27,33,68,1,129,60,0,60,189
02/04/2011,YIP,MI,AGL,CE,Towers with Radar,31,46,40,0,117,0,2,50,0,52,31,48,90,0,169,126,0,126,295
02/05/2011,YIP,MI,AGL,CE,Towers with Radar,2,13,7,0,22,0,0,8,0,8,2,13,15,0,30,44,0,44,74
02/06/2011,YIP,MI,AGL,CE,Towers with Radar,9,12,8,0,29,0,0,0,0,0,9,12,8,0,29,0,0,0,29
02/07/2011,YIP,MI,AGL,CE,Towers with Radar,15,26,40,0,81,0,1,6,0,7,15,27,46,0,88,14,0,14,102
02/08/2011,YIP,MI,AGL,CE,Towers with Radar,35,41,43,0,119,0,4,19,0,23,35,45,62,0,142,54,0,54,196
02/09/2011,YIP,MI,AGL,CE,Towers with Radar,43,37,36,0,116,0,7,34,0,41,43,44,70,0,157,102,0,102,259
02/10/2011,YIP,MI,AGL,CE,Towers with Radar,35,51,54,0,140,2,12,45,0,59,37,63,99,0,199,170,0,170,369
02/11/2011,YIP,MI,AGL,CE,Towers with Radar,38,42,38,0,118,0,2,20,0,22,38,44,58,0,140,66,0,66,206
02/12/2011,YIP,MI,AGL,CE,Towers with Radar,10,10,9,0,29,0,0,27,0,27,10,10,36,0,56,42,0,42,98
02/13/2011,YIP,MI,AGL,CE,Towers with Radar,7,15,4,0,26,0,0,16,0,16,7,15,20,0,42,50,0,50,92
02/14/2011,YIP,MI,AGL,CE,Towers with Radar,11,18,17,0,46,0,0,2,0,2,11,18,19,0,48,0,0,0,48
02/15/2011,YIP,MI,AGL,CE,Towers with Radar,7,26,51,0,84,0,0,46,0,46,7,26,97,0,130,140,0,140,270
02/16/2011,YIP,MI,AGL,CE,Towers with Radar,29,26,29,0,84,0,0,47,1,48,29,26,76,1,132,126,0,126,258
02/17/2011,YIP,MI,AGL,CE,Towers with Radar,28,37,44,0,109,0,1,22,1,24,28,38,66,1,133,26,0,26,159
02/18/2011,YIP,MI,AGL,CE,Towers with Radar,31,49,16,0,96,0,0,22,0,22,31,49,38,0,118,48,0,48,166
02/19/2011,YIP,MI,AGL,CE,Towers with Radar,15,3,35,0,53,0,0,42,0,42,15,3,77,0,95,90,0,90,185
02/20/2011,YIP,MI,AGL,CE,Towers with Radar,2,6,20,0,28,0,0,10,0,10,2,6,30,0,38,38,0,38,76
02/21/2011,YIP,MI,AGL,CE,Towers with Radar,11,18,20,0,49,0,0,0,0,0,11,18,20,0,49,0,0,0,49
02/22/2011,YIP,MI,AGL,CE,Towers with Radar,30,29,57,0,116,0,3,19,1,23,30,32,76,1,139,52,0,52,191
02/23/2011,YIP,MI,AGL,CE,Towers with Radar,35,38,32,0,105,0,1,7,0,8,35,39,39,0,113,22,0,22,135
02/24/2011,YIP,MI,AGL,CE,Towers with Radar,28,40,34,0,102,0,2,14,0,16,28,42,48,0,118,80,0,80,198
02/25/2011,YIP,MI,AGL,CE,Towers with Radar,25,38,22,0,85,0,2,16,0,18,25,40,38,0,103,6,0,6,109
02/26/2011,YIP,MI,AGL,CE,Towers with Radar,7,20,9,0,36,0,0,10,0,10,7,20,19,0,46,50,0,50,96
02/27/2011,YIP,MI,AGL,CE,Towers with Radar,12,15,11,0,38,0,5,1,0,6,12,20,12,0,44,28,0,28,72
02/28/2011,YIP,MI,AGL,CE,Towers with Radar,6,25,45,0,76,0,1,13,0,14,6,26,58,0,90,34,0,34,124
03/01/2011,YIP,MI,AGL,CE,Towers with Radar,21,44,36,0,101,0,4,64,0,68,21,48,100,0,169,94,0,94,263
03/02/2011,YIP,MI,AGL,CE,Towers with Radar,13,18,50,0,81,0,2,37,0,39,13,20,87,0,120,144,0,144,264
03/03/2011,YIP,MI,AGL,CE,Towers with Radar,26,26,29,0,81,0,5,43,0,48,26,31,72,0,129,84,0,84,213
03/04/2011,YIP,MI,AGL,CE,Towers with Radar,22,31,24,0,77,0,1,7,0,8,22,32,31,0,85,14,0,14,99
03/05/2011,YIP,MI,AGL,CE,Towers with Radar,6,18,13,0,37,0,0,0,0,0,6,18,13,0,37,0,0,0,37
03/06/2011,YIP,MI,AGL,CE,Towers with Radar,6,6,8,0,20,0,1,9,0,10,6,7,17,0,30,48,0,48,78
03/07/2011,YIP,MI,AGL,CE,Towers with Radar,8,31,34,0,73,0,2,53,0,55,8,33,87,0,128,198,0,198,326
03/08/2011,YIP,MI,AGL,CE,Towers with Radar,20,39,41,0,100,0,6,69,0,75,20,45,110,0,175,178,0,178,353
03/09/2011,YIP,MI,AGL,CE,Towers with Radar,11,42,30,0,83,0,2,0,0,2,11,44,30,0,85,0,0,0,85
03/10/2011,YIP,MI,AGL,CE,Towers with Radar,7,33,42,0,82,0,0,0,0,0,7,33,42,0,82,0,0,0,82
03/11/2011,YIP,MI,AGL,CE,Towers with Radar,17,42,31,0,90,1,3,7,0,11,18,45,38,0,101,4,0,4,105
03/12/2011,YIP,MI,AGL,CE,Towers with Radar,8,15,12,0,35,0,1,23,0,24,8,16,35,0,59,32,0,32,91
03/13/2011,YIP,MI,AGL,CE,Towers with Radar,4,12,14,0,30,0,2,5,0,7,4,14,19,0,37,40,0,40,77
03/14/2011,YIP,MI,AGL,CE,Towers with Radar,16,21,38,0,75,0,0,53,0,53,16,21,91,0,128,170,0,170,298
03/15/2011,YIP,MI,AGL,CE,Towers with Radar,17,45,26,0,88,0,0,43,0,43,17,45,69,0,131,156,0,156,287
03/16/2011,YIP,MI,AGL,CE,Towers with Radar,16,38,43,0,97,0,3,59,0,62,16,41,102,0,159,182,0,182,341
03/17/2011,YIP,MI,AGL,CE,Towers with Radar,11,38,44,0,93,0,2,33,0,35,11,40,77,0,128,122,36,158,286
03/18/2011,YIP,MI,AGL,CE,Towers with Radar,14,42,34,0,90,0,0,48,0,48,14,42,82,0,138,130,0,130,268
03/19/2011,YIP,MI,AGL,CE,Towers with Radar,11,11,31,0,53,0,1,77,0,78,11,12,108,0,131,152,0,152,283
03/20/2011,YIP,MI,AGL,CE,Towers with Radar,7,10,26,0,43,0,0,39,1,40,7,10,65,1,83,104,0,104,187
03/21/2011,YIP,MI,AGL,CE,Towers with Radar,12,23,37,0,72,0,0,0,0,0,12,23,37,0,72,0,0,0,72
03/22/2011,YIP,MI,AGL,CE,Towers with Radar,16,37,36,0,89,0,0,8,0,8,16,37,44,0,97,64,0,64,161
03/23/2011,YIP,MI,AGL,CE,Towers with Radar,13,29,24,0,66,0,0,0,0,0,13,29,24,0,66,0,0,0,66
03/24/2011,YIP,MI,AGL,CE,Towers with Radar,26,44,40,0,110,0,1,53,0,54,26,45,93,0,164,207,0,207,371
03/25/2011,YIP,MI,AGL,CE,Towers with Radar,10,31,73,0,114,0,0,75,0,75,10,31,148,0,189,132,0,132,321
03/26/2011,YIP,MI,AGL,CE,Towers with Radar,7,10,16,2,35,0,1,61,0,62,7,11,77,2,97,246,0,246,343
03/27/2011,YIP,MI,AGL,CE,Towers with Radar,7,8,14,0,29,0,2,46,0,48,7,10,60,0,77,80,0,80,157
03/28/2011,YIP,MI,AGL,CE,Towers with Radar,14,25,58,0,97,0,1,46,0,47,14,26,104,0,144,100,0,100,244
03/29/2011,YIP,MI,AGL,CE,Towers with Radar,12,29,54,0,95,0,1,65,0,66,12,30,119,0,161,162,0,162,323
03/30/2011,YIP,MI,AGL,CE,Towers with Radar,36,42,71,2,151,0,2,60,0,62,36,44,131,2,213,91,2,93,306
03/31/2011,YIP,MI,AGL,CE,Towers with Radar,22,40,48,0,110,0,0,40,0,40,22,40,88,0,150,82,0,82,232
04/01/2011,YIP,MI,AGL,CE,Towers with Radar,41,30,41,0,112,0,1,60,0,61,41,31,101,0,173,192,0,192,365
04/02/2011,YIP,MI,AGL,CE,Towers with Radar,9,8,17,0,34,0,2,22,1,25,9,10,39,1,59,88,0,88,147
04/03/2011,YIP,MI,AGL,CE,Towers with Radar,7,12,25,0,44,0,0,7,0,7,7,12,32,0,51,16,0,16,67
04/04/2011,YIP,MI,AGL,CE,Towers with Radar,13,25,25,0,63,0,0,3,0,3,13,25,28,0,66,4,0,4,70
04/05/2011,YIP,MI,AGL,CE,Towers with Radar,22,39,34,0,95,0,1,17,0,18,22,40,51,0,113,64,0,64,177
04/06/2011,YIP,MI,AGL,CE,Towers with Radar,17,26,25,0,68,0,0,4,0,4,17,26,29,0,72,4,0,4,76
04/07/2011,YIP,MI,AGL,CE,Towers with Radar,10,33,57,0,100,0,1,20,0,21,10,34,77,0,121,54,0,54,175
04/08/2011,YIP,MI,AGL,CE,Towers with Radar,12,16,32,0,60,2,2,0,0,4,14,18,32,0,64,0,0,0,64
04/09/2011,YIP,MI,AGL,CE,Towers with Radar,7,11,32,0,50,0,0,31,0,31,7,11,63,0,81,44,0,44,125
04/10/2011,YIP,MI,AGL,CE,Towers with Radar,6,9,17,0,32,0,0,8,0,8,6,9,25,0,40,8,0,8,48
04/11/2011,YIP,MI,AGL,CE,Towers with Radar,7,18,40,0,65,0,0,4,0,4,7,18,44,0,69,12,0,12,81
04/12/2011,YIP,MI,AGL,CE,Towers with Radar,14,15,48,0,77,0,1,38,0,39,14,16,86,0,116,66,0,66,182
04/13/2011,YIP,MI,AGL,CE,Towers with Radar,15,36,53,0,104,0,1,78,0,79,15,37,131,0,183,136,0,136,319
04/14/2011,YIP,MI,AGL,CE,Towers with Radar,31,29,31,0,91,0,0,65,0,65,31,29,96,0,156,142,0,142,298
04/15/2011,YIP,MI,AGL,CE,Towers with Radar,17,23,27,0,67,0,0,5,0,5,17,23,32,0,72,6,0,6,78
04/16/2011,YIP,MI,AGL,CE,Towers with Radar,7,9,11,0,27,0,0,2,0,2,7,9,13,0,29,0,0,0,29
04/17/2011,YIP,MI,AGL,CE,Towers with Radar,2,7,11,0,20,0,0,1,0,1,2,7,12,0,21,0,0,0,21
04/18/2011,YIP,MI,AGL,CE,Towers with Radar,5,10,26,0,41,0,1,3,0,4,5,11,29,0,45,22,0,22,67
04/19/2011,YIP,MI,AGL,CE,Towers with Radar,12,26,36,0,74,0,1,3,0,4,12,27,39,0,78,12,0,12,90
04/20/2011,YIP,MI,AGL,CE,Towers with Radar,10,17,27,0,54,0,0,9,0,9,10,17,36,0,63,14,0,14,77
04/21/2011,YIP,MI,AGL,CE,Towers with Radar,18,20,56,0,94,0,1,60,0,61,18,21,116,0,155,206,0,206,361
04/22/2011,YIP,MI,AGL,CE,Towers with Radar,1,16,10,0,27,0,0,4,0,4,1,16,14,0,31,22,0,22,53
04/23/2011,YIP,MI,AGL,CE,Towers with Radar,2,6,12,0,20,0,1,23,0,24,2,7,35,0,44,22,0,22,66
04/24/2011,YIP,MI,AGL,CE,Towers with Radar,2,12,8,0,22,0,0,20,0,20,2,12,28,0,42,76,0,76,118
04/25/2011,YIP,MI,AGL,CE,Towers with Radar,6,25,29,0,60,0,1,1,0,2,6,26,30,0,62,0,0,0,62
04/26/2011,YIP,MI,AGL,CE,Towers with Radar,0,17,21,0,38,0,0,1,0,1,0,17,22,0,39,0,0,0,39
04/27/2011,YIP,MI,AGL,CE,Towers with Radar,6,29,42,0,77,0,1,4,0,5,6,30,46,0,82,32,0,32,114
04/28/2011,YIP,MI,AGL,CE,Towers with Radar,4,41,39,0,84,0,1,0,0,1,4,42,39,0,85,0,0,0,85
04/29/2011,YIP,MI,AGL,CE,Towers with Radar,7,35,41,0,83,0,0,37,0,37,7,35,78,0,120,132,0,132,252
04/30/2011,YIP,MI,AGL,CE,Towers with Radar,4,11,32,0,47,0,0,79,0,79,4,11,111,0,126,64,0,64,190
05/01/2011,YIP,MI,AGL,CE,Towers with Radar,2,21,27,0,50,0,0,26,0,26,2,21,53,0,76,50,0,50,126
05/02/2011,YIP,MI,AGL,CE,Towers with Radar,8,51,57,0,116,2,1,63,2,68,10,52,120,2,184,114,0,114,298
05/03/2011,YIP,MI,AGL,CE,Towers with Radar,41,57,67,0,165,0,0,33,0,33,41,57,100,0,198,178,0,178,376
05/04/2011,YIP,MI,AGL,CE,Towers with Radar,19,51,64,0,134,0,2,35,1,38,19,53,99,1,172,140,0,140,312
05/05/2011,YIP,MI,AGL,CE,Towers with Radar,24,48,71,0,143,0,1,68,0,69,24,49,139,0,212,150,0,150,362
05/06/2011,YIP,MI,AGL,CE,Towers with Radar,13,33,36,0,82,1,1,17,0,19,14,34,53,0,101,43,6,49,150
05/07/2011,YIP,MI,AGL,CE,Towers with Radar,8,10,23,2,43,0,0,59,1,60,8,10,82,3,103,84,0,84,187
05/08/2011,YIP,MI,AGL,CE,Towers with Radar,2,7,16,0,25,0,0,45,0,45,2,7,61,0,70,46,0,46,116
05/09/2011,YIP,MI,AGL,CE,Towers with Radar,12,25,34,0,71,0,0,31,0,31,12,25,65,0,102,54,0,54,156
05/10/2011,YIP,MI,AGL,CE,Towers with Radar,19,52,28,0,99,0,0,19,0,19,19,52,47,0,118,132,0,132,250
05/11/2011,YIP,MI,AGL,CE,Towers with Radar,26,45,39,0,110,0,0,29,0,29,26,45,68,0,139,130,0,130,269
05/12/2011,YIP,MI,AGL,CE,Towers with Radar,26,32,35,2,95,0,3,29,0,32,26,35,64,2,127,108,0,108,235
05/13/2011,YIP,MI,AGL,CE,Towers with Radar,15,28,41,0,84,0,0,15,0,15,15,28,56,0,99,87,0,87,186
05/14/2011,YIP,MI,AGL,CE,Towers with Radar,10,9,10,1,30,0,0,1,0,1,10,9,11,1,31,0,0,0,31
05/15/2011,YIP,MI,AGL,CE,Towers with Radar,0,9,15,0,24,0,0,2,0,2,0,9,17,0,26,0,0,0,26
05/16/2011,YIP,MI,AGL,CE,Towers with Radar,5,24,32,0,61,0,0,16,0,16,5,24,48,0,77,21,0,21,98
05/17/2011,YIP,MI,AGL,CE,Towers with Radar,10,28,33,0,71,0,0,11,0,11,10,28,44,0,82,76,0,76,158
05/18/2011,YIP,MI,AGL,CE,Towers with Radar,11,36,34,0,81,0,0,1,0,1,11,36,35,0,82,14,0,14,96
05/19/2011,YIP,MI,AGL,CE,Towers with Radar,10,31,52,1,94,0,0,12,0,12,10,31,64,1,106,54,0,54,160
05/20/2011,YIP,MI,AGL,CE,Towers with Radar,21,16,29,0,66,0,2,82,0,84,21,18,111,0,150,196,0,196,346
05/21/2011,YIP,MI,AGL,CE,Towers with Radar,5,6,21,0,32,0,0,79,0,79,5,6,100,0,111,152,0,152,263
05/22/2011,YIP,MI,AGL,CE,Towers with Radar,3,3,11,0,17,0,0,25,0,25,3,3,36,0,42,70,0,70,112
05/23/2011,YIP,MI,AGL,CE,Towers with Radar,9,24,18,0,51,0,1,14,0,15,9,25,32,0,66,26,0,26,92
05/24/2011,YIP,MI,AGL,CE,Towers with Radar,23,27,42,0,92,0,4,89,0,93,23,31,131,0,185,236,0,236,421
05/25/2011,YIP,MI,AGL,CE,Towers with Radar,12,50,37,0,99,0,1,6,0,7,12,51,43,0,106,26,0,26,132
05/26/2011,YIP,MI,AGL,CE,Towers with Radar,6,25,27,0,58,0,1,4,0,5,6,26,31,0,63,12,0,12,75
05/27/2011,YIP,MI,AGL,CE,Towers with Radar,8,27,44,0,79,0,0,12,0,12,8,27,56,0,91,4,0,4,95
05/28/2011,YIP,MI,AGL,CE,Towers with Radar,5,8,19,0,32,0,0,24,0,24,5,8,43,0,56,60,0,60,116
05/29/2011,YIP,MI,AGL,CE,Towers with Radar,0,0,33,0,33,0,2,12,0,14,0,2,45,0,47,26,0,26,73
05/30/2011,YIP,MI,AGL,CE,Towers with Radar,0,16,23,0,39,0,0,89,0,89,0,16,112,0,128,32,0,32,160
05/31/2011,YIP,MI,AGL,CE,Towers with Radar,6,33,35,0,74,0,1,43,1,45,6,34,78,1,119,108,0,108,227
06/01/2011,YIP,MI,AGL,CE,Towers with Radar,9,36,37,0,82,0,3,21,0,24,9,39,58,0,106,20,0,20,126
06/02/2011,YIP,MI,AGL,CE,Towers with Radar,18,48,50,0,116,0,0,69,0,69,18,48,119,0,185,134,0,134,319
06/03/2011,YIP,MI,AGL,CE,Towers with Radar,32,29,43,0,104,0,2,56,0,58,32,31,99,0,162,184,0,184,346
06/04/2011,YIP,MI,AGL,CE,Towers with Radar,15,6,27,0,48,0,1,58,0,59,15,7,85,0,107,110,0,110,217
06/05/2011,YIP,MI,AGL,CE,Towers with Radar,0,7,25,0,32,0,0,53,1,54,0,7,78,1,86,104,0,104,190
06/06/2011,YIP,MI,AGL,CE,Towers with Radar,4,27,40,0,71,0,6,77,0,83,4,33,117,0,154,124,0,124,278
06/07/2011,YIP,MI,AGL,CE,Towers with Radar,7,40,33,0,80,0,1,50,0,51,7,41,83,0,131,76,0,76,207
06/08/2011,YIP,MI,AGL,CE,Towers with Radar,9,31,46,0,86,0,3,46,0,49,9,34,92,0,135,80,0,80,215
06/09/2011,YIP,MI,AGL,CE,Towers with Radar,16,64,75,0,155,0,2,43,2,47,16,66,118,2,202,86,0,86,288
06/10/2011,YIP,MI,AGL,CE,Towers with Radar,9,29,18,0,56,0,2,0,0,2,9,31,18,0,58,0,0,0,58
06/11/2011,YIP,MI,AGL,CE,Towers with Radar,2,4,20,0,26,0,2,7,0,9,2,6,27,0,35,14,0,14,49
06/12/2011,YIP,MI,AGL,CE,Towers with Radar,1,1,30,0,32,0,2,24,0,26,1,3,54,0,58,12,0,12,70
06/13/2011,YIP,MI,AGL,CE,Towers with Radar,11,29,44,0,84,0,0,13,0,13,11,29,57,0,97,0,0,0,97
06/14/2011,YIP,MI,AGL,CE,Towers with Radar,25,33,49,0,107,0,2,108,1,111,25,35,157,1,218,218,0,218,436
06/15/2011,YIP,MI,AGL,CE,Towers with Radar,17,45,61,0,123,0,0,57,0,57,17,45,118,0,180,92,0,92,272
06/16/2011,YIP,MI,AGL,CE,Towers with Radar,20,28,73,0,121,0,2,10,0,12,20,30,83,0,133,58,0,58,191
06/17/2011,YIP,MI,AGL,CE,Towers with Radar,18,34,36,0,88,0,0,55,0,55,18,34,91,0,143,198,0,198,341
06/18/2011,YIP,MI,AGL,CE,Towers with Radar,6,11,40,0,57,0,0,85,0,85,6,11,125,0,142,72,0,72,214
06/19/2011,YIP,MI,AGL,CE,Towers with Radar,7,6,55,0,68,0,0,54,0,54,7,6,109,0,122,81,0,81,203
06/20/2011,YIP,MI,AGL,CE,Towers with Radar,12,17,33,0,62,0,2,13,0,15,12,19,46,0,77,22,0,22,99
06/21/2011,YIP,MI,AGL,CE,Towers with Radar,16,24,48,0,88,0,3,18,0,21,16,27,66,0,109,30,0,30,139
06/22/2011,YIP,MI,AGL,CE,Towers with Radar,17,26,51,0,94,0,3,16,0,19,17,29,67,0,113,4,0,4,117
06/23/2011,YIP,MI,AGL,CE,Towers with Radar,23,25,47,0,95,0,0,14,0,14,23,25,61,0,109,20,0,20,129
06/24/2011,YIP,MI,AGL,CE,Towers with Radar,21,30,42,0,93,0,0,3,0,3,21,30,45,0,96,6,0,6,102
06/25/2011,YIP,MI,AGL,CE,Towers with Radar,8,19,24,0,51,0,2,62,0,64,8,21,86,0,115,140,0,140,255
06/26/2011,YIP,MI,AGL,CE,Towers with Radar,5,11,46,0,62,0,0,91,0,91,5,11,137,0,153,152,0,152,305
06/27/2011,YIP,MI,AGL,CE,Towers with Radar,7,25,44,0,76,0,0,62,0,62,7,25,106,0,138,170,0,170,308
06/28/2011,YIP,MI,AGL,CE,Towers with Radar,20,36,30,0,86,0,7,41,0,48,20,43,71,0,134,84,0,84,218
06/29/2011,YIP,MI,AGL,CE,Towers with Radar,20,44,54,0,118,0,0,64,0,64,20,44,118,0,182,150,0,150,332
06/30/2011,YIP,MI,AGL,CE,Towers with Radar,23,30,38,0,91,0,3,86,0,89,23,33,124,0,180,98,0,98,278
07/01/2011,YIP,MI,AGL,CE,Towers with Radar,10,19,23,0,52,0,1,43,0,44,10,20,66,0,96,53,0,53,149
07/02/2011,YIP,MI,AGL,CE,Towers with Radar,8,6,12,0,26,0,0,26,0,26,8,6,38,0,52,72,0,72,124
07/03/2011,YIP,MI,AGL,CE,Towers with Radar,3,5,35,0,43,0,0,35,0,35,3,5,70,0,78,62,0,62,140
07/04/2011,YIP,MI,AGL,CE,Towers with Radar,2,5,6,0,13,0,0,40,4,44,2,5,46,4,57,80,10,90,147
07/05/2011,YIP,MI,AGL,CE,Towers with Radar,5,13,26,0,44,0,0,75,0,75,5,13,101,0,119,150,0,150,269
07/06/2011,YIP,MI,AGL,CE,Towers with Radar,6,22,30,0,58,0,0,60,0,60,6,22,90,0,118,106,0,106,224
07/07/2011,YIP,MI,AGL,CE,Towers with Radar,11,22,36,0,69,0,2,72,0,74,11,24,108,0,143,100,0,100,243
07/08/2011,YIP,MI,AGL,CE,Towers with Radar,6,27,32,0,65,0,0,86,0,86,6,27,118,0,151,108,0,108,259
07/09/2011,YIP,MI,AGL,CE,Towers with Radar,1,5,22,0,28,0,0,51,0,51,1,5,73,0,79,136,0,136,215
07/10/2011,YIP,MI,AGL,CE,Towers with Radar,0,8,38,0,46,0,0,52,0,52,0,8,90,0,98,66,0,66,164
07/11/2011,YIP,MI,AGL,CE,Towers with Radar,2,20,24,0,46,0,2,9,0,11,2,22,33,0,57,56,0,56,113
07/12/2011,YIP,MI,AGL,CE,Towers with Radar,6,22,54,0,82,0,2,63,0,65,6,24,117,0,147,120,0,120,267
07/13/2011,YIP,MI,AGL,CE,Towers with Radar,4,26,52,0,82,0,3,74,1,78,4,29,126,1,160,162,0,162,322
07/14/2011,YIP,MI,AGL,CE,Towers with Radar,9,33,58,0,100,0,2,56,0,58,9,35,114,0,158,134,0,134,292
07/15/2011,YIP,MI,AGL,CE,Towers with Radar,1,35,28,0,64,0,1,52,0,53,1,36,80,0,117,74,0,74,191
07/16/2011,YIP,MI,AGL,CE,Towers with Radar,3,11,20,0,34,0,1,47,1,49,3,12,67,1,83,22,0,22,105
07/17/2011,YIP,MI,AGL,CE,Towers with Radar,3,9,24,0,36,0,0,54,0,54,3,9,78,0,90,30,0,30,120
07/18/2011,YIP,MI,AGL,CE,Towers with Radar,5,19,43,0,67,0,1,24,0,25,5,20,67,0,92,58,0,58,150
07/19/2011,YIP,MI,AGL,CE,Towers with Radar,2,42,68,1,113,0,4,14,0,18,2,46,82,1,131,22,4,26,157
07/20/2011,YIP,MI,AGL,CE,Towers with Radar,7,25,40,2,74,6,0,44,4,54,13,25,84,6,128,60,4,64,192
07/21/2011,YIP,MI,AGL,CE,Towers with Radar,6,31,42,4,83,3,4,66,21,94,9,35,108,25,177,44,246,290,467
07/22/2011,YIP,MI,AGL,CE,Towers with Radar,3,24,22,16,65,0,2,43,26,71,3,26,65,42,136,16,104,120,256
07/23/2011,YIP,MI,AGL,CE,Towers with Radar,14,14,23,5,56,0,4,92,60,156,14,18,115,65,212,284,130,414,626
07/24/2011,YIP,MI,AGL,CE,Towers with Radar,2,8,13,16,39,0,2,131,36,169,2,10,144,52,208,275,184,459,667
07/25/2011,YIP,MI,AGL,CE,Towers with Radar,2,31,31,17,81,0,1,63,3,67,2,32,94,20,148,200,12,212,360
07/26/2011,YIP,MI,AGL,CE,Towers with Radar,14,41,54,0,109,0,0,85,0,85,14,41,139,0,194,156,0,156,350
07/27/2011,YIP,MI,AGL,CE,Towers with Radar,4,56,37,0,97,0,0,54,1,55,4,56,91,1,152,114,0,114,266
07/28/2011,YIP,MI,AGL,CE,Towers with Radar,11,29,47,0,87,0,0,40,0,40,11,29,87,0,127,86,0,86,213
07/29/2011,YIP,MI,AGL,CE,Towers with Radar,5,47,36,0,88,0,2,24,0,26,5,49,60,0,114,18,0,18,132
07/30/2011,YIP,MI,AGL,CE,Towers with Radar,8,13,53,0,74,0,0,62,0,62,8,13,115,0,136,100,0,100,236
07/31/2011,YIP,MI,AGL,CE,Towers with Radar,6,9,38,0,53,0,2,55,0,57,6,11,93,0,110,48,0,48,158
08/01/2011,YIP,MI,AGL,CE,Towers with Radar,12,21,41,0,74,0,0,65,0,65,12,21,106,0,139,96,0,96,235
08/02/2011,YIP,MI,AGL,CE,Towers with Radar,17,36,25,0,78,0,1,25,1,27,17,37,50,1,105,68,0,68,173
08/03/2011,YIP,MI,AGL,CE,Towers with Radar,17,24,51,1,93,0,1,1,0,2,17,25,52,1,95,34,0,34,129
08/04/2011,YIP,MI,AGL,CE,Towers with Radar,10,28,59,0,97,0,0,28,1,29,10,28,87,1,126,130,0,130,256
08/05/2011,YIP,MI,AGL,CE,Towers with Radar,8,29,29,2,68,0,0,51,0,51,8,29,80,2,119,92,0,92,211
08/06/2011,YIP,MI,AGL,CE,Towers with Radar,0,8,32,1,41,0,1,29,0,30,0,9,61,1,71,28,0,28,99
08/07/2011,YIP,MI,AGL,CE,Towers with Radar,5,6,14,0,25,0,0,19,0,19,5,6,33,0,44,50,0,50,94
08/08/2011,YIP,MI,AGL,CE,Towers with Radar,8,25,43,0,76,0,0,23,2,25,8,25,66,2,101,106,0,106,207
08/09/2011,YIP,MI,AGL,CE,Towers with Radar,17,34,81,0,132,0,0,7,0,7,17,34,88,0,139,54,0,54,193
08/10/2011,YIP,MI,AGL,CE,Towers with Radar,8,32,49,0,89,0,0,68,2,70,8,32,117,2,159,100,0,100,259
08/11/2011,YIP,MI,AGL,CE,Towers with Radar,8,25,54,0,87,0,1,60,0,61,8,26,114,0,148,122,0,122,270
08/12/2011,YIP,MI,AGL,CE,Towers with Radar,3,35,32,0,70,0,1,60,0,61,3,36,92,0,131,46,0,46,177
08/13/2011,YIP,MI,AGL,CE,Towers with Radar,3,9,34,0,46,0,4,25,0,29,3,13,59,0,75,78,0,78,153
08/14/2011,YIP,MI,AGL,CE,Towers with Radar,1,9,17,0,27,0,0,8,0,8,1,9,25,0,35,2,0,2,37
08/15/2011,YIP,MI,AGL,CE,Towers with Radar,7,21,46,0,74,0,2,49,0,51,7,23,95,0,125,88,0,88,213
08/16/2011,YIP,MI,AGL,CE,Towers with Radar,3,39,44,0,86,0,1,69,0,70,3,40,113,0,156,66,0,66,222
08/17/2011,YIP,MI,AGL,CE,Towers with Radar,10,43,54,0,107,0,1,39,0,40,10,44,93,0,147,178,0,178,325
08/18/2011,YIP,MI,AGL,CE,Towers with Radar,24,44,54,0,122,0,1,31,1,33,24,45,85,1,155,66,0,66,221
08/19/2011,YIP,MI,AGL,CE,Towers with Radar,18,32,31,0,81,0,2,63,0,65,18,34,94,0,146,70,0,70,216
08/20/2011,YIP,MI,AGL,CE,Towers with Radar,5,13,27,0,45,0,0,44,1,45,5,13,71,1,90,58,0,58,148
08/21/2011,YIP,MI,AGL,CE,Towers with Radar,7,9,54,0,70,0,0,47,1,48,7,9,101,1,118,14,0,14,132
08/22/2011,YIP,MI,AGL,CE,Towers with Radar,6,22,41,0,69,0,1,68,0,69,6,23,109,0,138,124,0,124,262
08/23/2011,YIP,MI,AGL,CE,Towers with Radar,12,33,35,0,80,0,0,58,0,58,12,33,93,0,138,70,0,70,208
08/24/2011,YIP,MI,AGL,CE,Towers with Radar,10,37,37,0,84,0,2,13,0,15,10,39,50,0,99,4,0,4,103
08/25/2011,YIP,MI,AGL,CE,Towers with Radar,20,46,65,0,131,0,1,54,0,55,20,47,119,0,186,72,0,72,258
08/26/2011,YIP,MI,AGL,CE,Towers with Radar,10,60,39,0,109,0,1,72,0,73,10,61,111,0,182,200,0,200,382
08/27/2011,YIP,MI,AGL,CE,Towers with Radar,10,14,39,0,63,0,0,66,0,66,10,14,105,0,129,38,0,38,167
08/28/2011,YIP,MI,AGL,CE,Towers with Radar,7,7,34,0,48,0,0,43,0,43,7,7,77,0,91,30,0,30,121
08/29/2011,YIP,MI,AGL,CE,Towers with Radar,11,21,32,0,64,0,0,52,0,52,11,21,84,0,116,120,0,120,236
08/30/2011,YIP,MI,AGL,CE,Towers with Radar,22,66,54,0,142,0,1,65,0,66,22,67,119,0,208,170,0,170,378
08/31/2011,YIP,MI,AGL,CE,Towers with Radar,12,44,51,0,107,0,1,63,0,64,12,45,114,0,171,98,0,98,269
09/01/2011,YIP,MI,AGL,CE,Towers with Radar,16,33,32,0,81,0,1,53,0,54,16,34,85,0,135,68,0,68,203
09/02/2011,YIP,MI,AGL,CE,Towers with Radar,12,31,18,0,61,0,0,28,0,28,12,31,46,0,89,50,0,50,139
09/03/2011,YIP,MI,AGL,CE,Towers with Radar,4,20,32,0,56,0,1,27,0,28,4,21,59,0,84,86,0,86,170
09/04/2011,YIP,MI,AGL,CE,Towers with Radar,0,3,14,0,17,0,6,8,0,14,0,9,22,0,31,22,0,22,53
09/05/2011,YIP,MI,AGL,CE,Towers with Radar,8,11,32,0,51,0,0,8,0,8,8,11,40,0,59,24,0,24,83
09/06/2011,YIP,MI,AGL,CE,Towers with Radar,10,24,30,0,64,0,0,21,0,21,10,24,51,0,85,26,0,26,111
09/07/2011,YIP,MI,AGL,CE,Towers with Radar,8,26,33,0,67,0,1,1,0,2,8,27,34,0,69,6,0,6,75
09/08/2011,YIP,MI,AGL,CE,Towers with Radar,8,29,52,0,89,0,0,0,0,0,8,29,52,0,89,0,0,0,89
09/09/2011,YIP,MI,AGL,CE,Towers with Radar,13,21,23,0,57,0,0,10,0,10,13,21,33,0,67,10,0,10,77
09/10/2011,YIP,MI,AGL,CE,Towers with Radar,1,47,45,0,93,0,1,10,1,12,1,48,55,1,105,16,0,16,121
09/11/2011,YIP,MI,AGL,CE,Towers with Radar,7,37,70,2,116,0,0,11,0,11,7,37,81,2,127,36,0,36,163
09/12/2011,YIP,MI,AGL,CE,Towers with Radar,9,25,47,0,81,0,1,39,0,40,9,26,86,0,121,134,0,134,255
09/13/2011,YIP,MI,AGL,CE,Towers with Radar,7,25,28,0,60,0,0,21,0,21,7,25,49,0,81,50,0,50,131
09/14/2011,YIP,MI,AGL,CE,Towers with Radar,14,36,46,0,96,0,0,47,0,47,14,36,93,0,143,112,0,112,255
09/15/2011,YIP,MI,AGL,CE,Towers with Radar,27,39,44,1,111,0,1,38,0,39,27,40,82,1,150,72,2,74,224
09/16/2011,YIP,MI,AGL,CE,Towers with Radar,15,30,36,0,81,0,1,48,0,49,15,31,84,0,130,140,0,140,270
09/17/2011,YIP,MI,AGL,CE,Towers with Radar,8,6,13,2,29,0,0,79,0,79,8,6,92,2,108,84,0,84,192
09/18/2011,YIP,MI,AGL,CE,Towers with Radar,3,11,30,2,46,0,0,77,0,77,3,11,107,2,123,106,0,106,229
09/19/2011,YIP,MI,AGL,CE,Towers with Radar,13,19,26,0,58,0,0,1,0,1,13,19,27,0,59,0,0,0,59
09/20/2011,YIP,MI,AGL,CE,Towers with Radar,11,34,76,0,121,0,1,41,0,42,11,35,117,0,163,80,0,80,243
09/21/2011,YIP,MI,AGL,CE,Towers with Radar,30,34,54,0,118,0,0,10,0,10,30,34,64,0,128,28,0,28,156
09/22/2011,YIP,MI,AGL,CE,Towers with Radar,25,34,37,3,99,0,0,82,0,82,25,34,119,3,181,214,0,214,395
09/23/2011,YIP,MI,AGL,CE,Towers with Radar,20,35,56,0,111,0,0,0,0,0,20,35,56,0,111,4,0,4,115
09/24/2011,YIP,MI,AGL,CE,Towers with Radar,9,19,30,0,58,0,2,25,2,29,9,21,55,2,87,44,0,44,131
09/25/2011,YIP,MI,AGL,CE,Towers with Radar,5,19,24,0,48,0,1,26,0,27,5,20,50,0,75,8,0,8,83
09/26/2011,YIP,MI,AGL,CE,Towers with Radar,16,17,52,0,85,0,0,9,0,9,16,17,61,0,94,14,0,14,108
09/27/2011,YIP,MI,AGL,CE,Towers with Radar,16,35,72,0,123,0,2,45,0,47,16,37,117,0,170,86,0,86,256
09/28/2011,YIP,MI,AGL,CE,Towers with Radar,15,38,40,0,93,0,1,14,0,15,15,39,54,0,108,30,0,30,138
09/29/2011,YIP,MI,AGL,CE,Towers with Radar,21,34,41,0,96,0,0,3,0,3,21,34,44,0,99,30,0,30,129
09/30/2011,YIP,MI,AGL,CE,Towers with Radar,15,64,40,0,119,0,0,1,0,1,15,64,41,0,120,0,0,0,120
10/01/2011,YIP,MI,AGL,CE,Towers with Radar,6,31,29,0,66,0,0,8,0,8,6,31,37,0,74,4,0,4,78
10/02/2011,YIP,MI,AGL,CE,Towers with Radar,6,13,50,0,69,0,0,59,0,59,6,13,109,0,128,104,0,104,232
10/03/2011,YIP,MI,AGL,CE,Towers with Radar,11,26,50,0,87,0,0,40,0,40,11,26,90,0,127,84,0,84,211
10/04/2011,YIP,MI,AGL,CE,Towers with Radar,11,41,65,0,117,0,0,47,0,47,11,41,112,0,164,178,0,178,342
10/05/2011,YIP,MI,AGL,CE,Towers with Radar,12,31,56,0,99,0,1,77,1,79,12,32,133,1,178,160,0,160,338
10/06/2011,YIP,MI,AGL,CE,Towers with Radar,9,56,59,1,125,0,0,88,0,88,9,56,147,1,213,152,0,152,365
10/07/2011,YIP,MI,AGL,CE,Towers with Radar,12,34,72,8,126,0,1,81,0,82,12,35,153,8,208,152,0,152,360
10/08/2011,YIP,MI,AGL,CE,Towers with Radar,5,14,51,0,70,0,0,152,0,152,5,14,203,0,222,120,0,120,342
10/09/2011,YIP,MI,AGL,CE,Towers with Radar,6,11,35,0,52,0,0,61,0,61,6,11,96,0,113,80,0,80,193
10/10/2011,YIP,MI,AGL,CE,Towers with Radar,7,9,39,0,55,0,0,50,0,50,7,9,89,0,105,76,0,76,181
10/11/2011,YIP,MI,AGL,CE,Towers with Radar,10,26,46,0,82,0,2,57,0,59,10,28,103,0,141,108,0,108,249
10/12/2011,YIP,MI,AGL,CE,Towers with Radar,11,33,67,0,111,0,2,24,0,26,11,35,91,0,137,60,0,60,197
10/13/2011,YIP,MI,AGL,CE,Towers with Radar,12,29,41,0,82,0,0,6,0,6,12,29,47,0,88,20,0,20,108
10/14/2011,YIP,MI,AGL,CE,Towers with Radar,10,28,21,0,59,0,0,2,0,2,10,28,23,0,61,0,0,0,61
10/15/2011,YIP,MI,AGL,CE,Towers with Radar,3,10,7,0,20,0,0,3,0,3,3,10,10,0,23,0,0,0,23
10/16/2011,YIP,MI,AGL,CE,Towers with Radar,3,6,36,0,45,0,0,34,0,34,3,6,70,0,79,48,0,48,127
10/17/2011,YIP,MI,AGL,CE,Towers with Radar,9,27,29,0,65,0,0,20,2,22,9,27,49,2,87,54,0,54,141
10/18/2011,YIP,MI,AGL,CE,Towers with Radar,13,45,48,0,106,0,0,46,0,46,13,45,94,0,152,126,0,126,278
10/19/2011,YIP,MI,AGL,CE,Towers with Radar,7,34,28,0,69,0,1,0,0,1,7,35,28,0,70,2,0,2,72
10/20/2011,YIP,MI,AGL,CE,Towers with Radar,8,36,36,0,80,0,0,0,0,0,8,36,36,0,80,2,0,2,82
10/21/2011,YIP,MI,AGL,CE,Towers with Radar,15,23,48,0,86,0,0,27,2,29,15,23,75,2,115,154,0,154,269
10/22/2011,YIP,MI,AGL,CE,Towers with Radar,3,10,12,0,25,0,0,66,0,66,3,10,78,0,91,62,0,62,153
10/23/2011,YIP,MI,AGL,CE,Towers with Radar,1,11,19,0,31,0,0,66,0,66,1,11,85,0,97,54,0,54,151
10/24/2011,YIP,MI,AGL,CE,Towers with Radar,1,27,33,0,61,0,0,24,0,24,1,27,57,0,85,18,0,18,103
10/25/2011,YIP,MI,AGL,CE,Towers with Radar,14,49,60,5,128,0,0,89,0,89,14,49,149,5,217,142,0,142,359
10/26/2011,YIP,MI,AGL,CE,Towers with Radar,11,27,42,0,80,0,0,3,0,3,11,27,45,0,83,6,0,6,89
10/27/2011,YIP,MI,AGL,CE,Towers with Radar,15,33,46,0,94,0,0,50,0,50,15,33,96,0,144,134,0,134,278
10/28/2011,YIP,MI,AGL,CE,Towers with Radar,16,30,38,0,84,0,2,62,0,64,16,32,100,0,148,156,0,156,304
10/29/2011,YIP,MI,AGL,CE,Towers with Radar,11,18,30,0,59,0,0,47,0,47,11,18,77,0,106,96,0,96,202
10/30/2011,YIP,MI,AGL,CE,Towers with Radar,1,12,32,0,45,0,0,45,0,45,1,12,77,0,90,54,0,54,144
10/31/2011,YIP,MI,AGL,CE,Towers with Radar,12,33,24,0,69,0,0,28,0,28,12,33,52,0,97,54,0,54,151
11/01/2011,YIP,MI,AGL,CE,Towers with Radar,6,37,44,0,87,0,1,69,0,70,6,38,113,0,157,112,0,112,269
11/02/2011,YIP,MI,AGL,CE,Towers with Radar,29,63,39,0,131,0,0,76,0,76,29,63,115,0,207,160,0,160,367
11/03/2011,YIP,MI,AGL,CE,Towers with Radar,21,30,32,0,83,0,2,12,0,14,21,32,44,0,97,64,0,64,161
11/04/2011,YIP,MI,AGL,CE,Towers with Radar,12,46,47,7,112,0,13,91,0,104,12,59,138,7,216,146,6,152,368
11/05/2011,YIP,MI,AGL,CE,Towers with Radar,8,17,41,0,66,0,0,70,0,70,8,17,111,0,136,88,0,88,224
11/06/2011,YIP,MI,AGL,CE,Towers with Radar,8,10,22,0,40,0,2,46,0,48,8,12,68,0,88,94,0,94,182
11/07/2011,YIP,MI,AGL,CE,Towers with Radar,13,28,40,0,81,0,0,45,0,45,13,28,85,0,126,106,0,106,232
11/08/2011,YIP,MI,AGL,CE,Towers with Radar,9,30,36,0,75,0,0,39,0,39,9,30,75,0,114,76,0,76,190
11/09/2011,YIP,MI,AGL,CE,Towers with Radar,11,32,24,0,67,0,1,8,0,9,11,33,32,0,76,14,0,14,90
11/10/2011,YIP,MI,AGL,CE,Towers with Radar,19,39,32,0,90,0,0,11,0,11,19,39,43,0,101,30,0,30,131
11/11/2011,YIP,MI,AGL,CE,Towers with Radar,12,27,31,0,70,0,1,51,0,52,12,28,82,0,122,183,0,183,305
11/12/2011,YIP,MI,AGL,CE,Towers with Radar,11,5,28,0,44,0,1,93,1,95,11,6,121,1,139,108,0,108,247
11/13/2011,YIP,MI,AGL,CE,Towers with Radar,3,5,15,0,23,0,0,4,0,4,3,5,19,0,27,0,0,0,27
11/14/2011,YIP,MI,AGL,CE,Towers with Radar,6,11,22,0,39,0,0,30,0,30,6,11,52,0,69,72,0,72,141
11/15/2011,YIP,MI,AGL,CE,Towers with Radar,8,18,19,0,45,0,0,85,0,85,8,18,104,0,130,228,0,228,358
11/16/2011,YIP,MI,AGL,CE,Towers with Radar,8,33,22,0,63,0,1,72,0,73,8,34,94,0,136,164,0,164,300
11/17/2011,YIP,MI,AGL,CE,Towers with Radar,9,27,40,0,76,0,0,17,2,19,9,27,57,2,95,70,0,70,165
11/18/2011,YIP,MI,AGL,CE,Towers with Radar,12,27,79,0,118,0,0,25,0,25,12,27,104,0,143,52,0,52,195
11/19/2011,YIP,MI,AGL,CE,Towers with Radar,12,38,64,0,114,0,1,33,0,34,12,39,97,0,148,46,0,46,194
11/20/2011,YIP,MI,AGL,CE,Towers with Radar,3,12,48,0,63,0,0,23,0,23,3,12,71,0,86,60,0,60,146
11/21/2011,YIP,MI,AGL,CE,Towers with Radar,12,34,46,0,92,0,0,62,0,62,12,34,108,0,154,164,0,164,318
11/22/2011,YIP,MI,AGL,CE,Towers with Radar,7,26,33,0,66,0,0,1,0,1,7,26,34,0,67,0,0,0,67
11/23/2011,YIP,MI,AGL,CE,Towers with Radar,10,25,55,0,90,0,1,61,0,62,10,26,116,0,152,134,0,134,286
11/24/2011,YIP,MI,AGL,CE,Towers with Radar,1,2,9,0,12,0,0,0,0,0,1,2,9,0,12,0,0,0,12
11/25/2011,YIP,MI,AGL,CE,Towers with Radar,2,12,23,0,37,0,0,35,0,35,2,12,58,0,72,82,0,82,154
11/26/2011,YIP,MI,AGL,CE,Towers with Radar,0,50,29,0,79,0,1,31,0,32,0,51,60,0,111,131,0,131,242
11/27/2011,YIP,MI,AGL,CE,Towers with Radar,0,10,32,0,42,0,0,0,0,0,0,10,32,0,42,0,0,0,42
11/28/2011,YIP,MI,AGL,CE,Towers with Radar,12,42,49,0,103,0,0,38,0,38,12,42,87,0,141,140,0,140,281
11/29/2011,YIP,MI,AGL,CE,Towers with Radar,7,31,21,0,59,0,0,0,0,0,7,31,21,0,59,0,0,0,59
11/30/2011,YIP,MI,AGL,CE,Towers with Radar,8,52,41,0,101,0,0,67,0,67,8,52,108,0,168,128,0,128,296
12/01/2011,YIP,MI,AGL,CE,Towers with Radar,10,46,38,0,94,0,1,60,0,61,10,47,98,0,155,142,0,142,297
12/02/2011,YIP,MI,AGL,CE,Towers with Radar,7,33,60,0,100,0,0,50,0,50,7,33,110,0,150,108,0,108,258
12/03/2011,YIP,MI,AGL,CE,Towers with Radar,3,10,23,0,36,0,0,121,1,122,3,10,144,1,158,48,0,48,206
12/04/2011,YIP,MI,AGL,CE,Towers with Radar,5,3,24,0,32,0,0,2,0,2,5,3,26,0,34,4,0,4,38
12/05/2011,YIP,MI,AGL,CE,Towers with Radar,7,16,38,0,61,0,0,2,0,2,7,16,40,0,63,0,0,0,63
12/06/2011,YIP,MI,AGL,CE,Towers with Radar,8,32,31,0,71,0,0,27,0,27,8,32,58,0,98,177,0,177,275
12/07/2011,YIP,MI,AGL,CE,Towers with Radar,4,46,50,0,100,0,6,83,0,89,4,52,133,0,189,198,0,198,387
12/08/2011,YIP,MI,AGL,CE,Towers with Radar,11,25,30,0,66,0,6,58,0,64,11,31,88,0,130,118,0,118,248
12/09/2011,YIP,MI,AGL,CE,Towers with Radar,9,32,24,0,65,0,2,16,0,18,9,34,40,0,83,44,0,44,127
12/10/2011,YIP,MI,AGL,CE,Towers with Radar,6,11,32,0,49,0,0,58,0,58,6,11,90,0,107,68,0,68,175
12/11/2011,YIP,MI,AGL,CE,Towers with Radar,1,9,15,0,25,0,0,60,0,60,1,9,75,0,85,60,0,60,145
12/12/2011,YIP,MI,AGL,CE,Towers with Radar,9,16,41,0,66,0,0,66,0,66,9,16,107,0,132,92,0,92,224
12/13/2011,YIP,MI,AGL,CE,Towers with Radar,7,35,34,0,76,0,0,40,0,40,7,35,74,0,116,114,0,114,230
12/14/2011,YIP,MI,AGL,CE,Towers with Radar,22,35,20,0,77,0,0,0,0,0,22,35,20,0,77,0,0,0,77
12/15/2011,YIP,MI,AGL,CE,Towers with Radar,14,42,36,0,92,0,0,1,0,1,14,42,37,0,93,0,0,0,93
12/16/2011,YIP,MI,AGL,CE,Towers with Radar,15,43,18,0,76,0,4,51,0,55,15,47,69,0,131,128,0,128,259
12/17/2011,YIP,MI,AGL,CE,Towers with Radar,5,11,24,0,40,0,0,4,0,4,5,11,28,0,44,18,0,18,62
12/18/2011,YIP,MI,AGL,CE,Towers with Radar,4,7,32,0,43,0,0,49,0,49,4,7,81,0,92,160,0,160,252
12/19/2011,YIP,MI,AGL,CE,Towers with Radar,12,30,43,0,85,0,2,31,0,33,12,32,74,0,118,82,0,82,200
12/20/2011,YIP,MI,AGL,CE,Towers with Radar,25,43,27,0,95,0,0,20,0,20,25,43,47,0,115,90,0,90,205
12/21/2011,YIP,MI,AGL,CE,Towers with Radar,14,28,11,0,53,0,0,0,0,0,14,28,11,0,53,2,0,2,55
12/22/2011,YIP,MI,AGL,CE,Towers with Radar,23,41,31,0,95,0,0,34,0,34,23,41,65,0,129,94,0,94,223
12/23/2011,YIP,MI,AGL,CE,Towers with Radar,21,50,25,0,96,0,0,63,0,63,21,50,88,0,159,150,0,150,309
12/24/2011,YIP,MI,AGL,CE,Towers with Radar,0,8,10,0,18,0,0,9,0,9,0,8,19,0,27,22,0,22,49
12/25/2011,YIP,MI,AGL,CE,Towers with Radar,0,6,11,0,17,0,0,2,0,2,0,6,13,0,19,4,0,4,23
12/26/2011,YIP,MI,AGL,CE,Towers with Radar,2,11,24,0,37,0,0,41,0,41,2,11,65,0,78,58,0,58,136
12/27/2011,YIP,MI,AGL,CE,Towers with Radar,6,7,7,0,20,0,0,0,0,0,6,7,7,0,20,0,0,0,20
12/28/2011,YIP,MI,AGL,CE,Towers with Radar,5,13,8,0,26,0,0,57,0,57,5,13,65,0,83,118,0,118,201
12/29/2011,YIP,MI,AGL,CE,Towers with Radar,4,15,7,0,26,0,0,1,0,1,4,15,8,0,27,22,0,22,49
12/30/2011,YIP,MI,AGL,CE,Towers with Radar,4,16,0,0,20,0,0,2,0,2,4,16,2,0,22,4,0,4,26
12/31/2011,YIP,MI,AGL,CE,Towers with Radar,5,3,4,0,12,0,0,0,0,0,5,3,4,0,12,0,0,0,12
01/01/2012,YIP,MI,AGL,CE,Towers with Radar,1,0,4,0,5,0,0,1,0,1,1,0,5,0,6,0,0,0,6
01/02/2012,YIP,MI,AGL,CE,Towers with Radar,0,7,15,0,22,0,0,3,0,3,0,7,18,0,25,18,0,18,43
01/03/2012,YIP,MI,AGL,CE,Towers with Radar,4,15,26,0,45,0,0,25,0,25,4,15,51,0,70,68,0,68,138
01/04/2012,YIP,MI,AGL,CE,Towers with Radar,11,27,33,0,71,0,0,38,0,38,11,27,71,0,109,104,0,104,213
01/05/2012,YIP,MI,AGL,CE,Towers with Radar,8,29,45,0,82,0,1,68,0,69,8,30,113,0,151,166,0,166,317
01/06/2012,YIP,MI,AGL,CE,Towers with Radar,9,24,13,0,46,0,1,72,0,73,9,25,85,0,119,162,0,162,281
01/07/2012,YIP,MI,AGL,CE,Towers with Radar,7,16,17,1,41,0,1,52,0,53,7,17,69,1,94,100,0,100,194
01/08/2012,YIP,MI,AGL,CE,Towers with Radar,1,11,23,0,35,0,0,55,0,55,1,11,78,0,90,76,0,76,166
01/09/2012,YIP,MI,AGL,CE,Towers with Radar,6,16,29,0,51,0,1,38,0,39,6,17,67,0,90,116,0,116,206
01/10/2012,YIP,MI,AGL,CE,Towers with Radar,2,37,29,0,68,0,2,48,0,50,2,39,77,0,118,198,0,198,316
01/11/2012,YIP,MI,AGL,CE,Towers with Radar,9,28,50,0,87,0,0,51,0,51,9,28,101,0,138,236,0,236,374
01/12/2012,YIP,MI,AGL,CE,Towers with Radar,8,30,28,0,66,0,0,0,0,0,8,30,28,0,66,0,0,0,66
01/13/2012,YIP,MI,AGL,CE,Towers with Radar,13,21,13,0,47,0,0,2,0,2,13,21,15,0,49,0,0,0,49
01/14/2012,YIP,MI,AGL,CE,Towers with Radar,3,8,6,0,17,0,0,0,0,0,3,8,6,0,17,0,0,0,17
01/15/2012,YIP,MI,AGL,CE,Towers with Radar,4,7,21,0,32,0,0,25,0,25,4,7,46,0,57,34,0,34,91
01/16/2012,YIP,MI,AGL,CE,Towers with Radar,1,7,26,0,34,0,4,41,0,45,1,11,67,0,79,126,0,126,205
01/17/2012,YIP,MI,AGL,CE,Towers with Radar,6,23,32,0,61,0,0,0,0,0,6,23,32,0,61,0,0,0,61
01/18/2012,YIP,MI,AGL,CE,Towers with Radar,7,31,46,0,84,0,4,51,0,55,7,35,97,0,139,260,0,260,399
01/19/2012,YIP,MI,AGL,CE,Towers with Radar,12,29,25,0,66,0,0,0,0,0,12,29,25,0,66,0,0,0,66
01/20/2012,YIP,MI,AGL,CE,Towers with Radar,6,20,42,0,68,0,0,48,0,48,6,20,90,0,116,232,0,232,348
01/21/2012,YIP,MI,AGL,CE,Towers with Radar,4,19,21,0,44,0,1,45,2,48,4,20,66,2,92,64,0,64,156
01/22/2012,YIP,MI,AGL,CE,Towers with Radar,4,10,17,0,31,0,0,0,0,0,4,10,17,0,31,2,0,2,33
01/23/2012,YIP,MI,AGL,CE,Towers with Radar,6,21,18,0,45,0,0,4,0,4,6,21,22,0,49,4,0,4,53
01/24/2012,YIP,MI,AGL,CE,Towers with Radar,24,35,29,2,90,0,0,12,0,12,24,35,41,2,102,114,0,114,216
01/25/2012,YIP,MI,AGL,CE,Towers with Radar,21,45,31,0,97,0,0,38,0,38,21,45,69,0,135,268,0,268,403
01/26/2012,YIP,MI,AGL,CE,Towers with Radar,16,35,28,0,79,0,0,2,0,2,16,35,30,0,81,2,0,2,83
01/27/2012,YIP,MI,AGL,CE,Towers with Radar,5,32,11,0,48,0,0,24,1,25,5,32,35,1,73,64,0,64,137
01/28/2012,YIP,MI,AGL,CE,Towers with Radar,2,13,15,0,30,0,0,3,0,3,2,13,18,0,33,4,0,4,37
01/29/2012,YIP,MI,AGL,CE,Towers with Radar,3,10,27,0,40,0,0,0,0,0,3,10,27,0,40,8,0,8,48
01/30/2012,YIP,MI,AGL,CE,Towers with Radar,7,16,37,2,62,0,0,58,0,58,7,16,95,2,120,216,0,216,336
01/31/2012,YIP,MI,AGL,CE,Towers with Radar,10,35,45,0,90,0,1,38,1,40,10,36,83,1,130,44,0,44,174
02/01/2012,YIP,MI,AGL,CE,Towers with Radar,13,36,45,0,94,0,0,44,0,44,13,36,89,0,138,226,0,226,364
02/02/2012,YIP,MI,AGL,CE,Towers with Radar,13,43,55,0,111,0,0,45,0,45,13,43,100,0,156,160,0,160,316
02/03/2012,YIP,MI,AGL,CE,Towers with Radar,14,28,29,0,71,0,1,18,0,19,14,29,47,0,90,198,0,198,288
02/04/2012,YIP,MI,AGL,CE,Towers with Radar,4,16,26,0,46,0,1,74,0,75,4,17,100,0,121,148,0,148,269
02/05/2012,YIP,MI,AGL,CE,Towers with Radar,1,8,27,0,36,0,1,52,0,53,1,9,79,0,89,98,0,98,187
02/06/2012,YIP,MI,AGL,CE,Towers with Radar,11,14,39,0,64,0,0,60,0,60,11,14,99,0,124,166,6,172,296
02/07/2012,YIP,MI,AGL,CE,Towers with Radar,24,31,38,2,95,0,0,15,0,15,24,31,53,2,110,190,0,190,300
02/08/2012,YIP,MI,AGL,CE,Towers with Radar,6,25,51,0,82,0,0,64,0,64,6,25,115,0,146,174,0,174,320
02/09/2012,YIP,MI,AGL,CE,Towers with Radar,6,37,40,0,83,0,0,75,0,75,6,37,115,0,158,134,0,134,292
02/10/2012,YIP,MI,AGL,CE,Towers with Radar,4,28,10,0,42,0,1,15,0,16,4,29,25,0,58,76,0,76,134
02/11/2012,YIP,MI,AGL,CE,Towers with Radar,4,3,11,0,18,0,0,5,0,5,4,3,16,0,23,18,0,18,41
02/12/2012,YIP,MI,AGL,CE,Towers with Radar,3,15,11,1,30,0,0,17,0,17,3,15,28,1,47,20,0,20,67
02/13/2012,YIP,MI,AGL,CE,Towers with Radar,8,22,41,0,71,0,0,63,0,63,8,22,104,0,134,148,0,148,282
02/14/2012,YIP,MI,AGL,CE,Towers with Radar,1,28,27,0,56,0,0,1,0,1,1,28,28,0,57,6,0,6,63
02/15/2012,YIP,MI,AGL,CE,Towers with Radar,5,27,36,0,68,0,0,44,0,44,5,27,80,0,112,228,0,228,340
02/16/2012,YIP,MI,AGL,CE,Towers with Radar,6,46,40,0,92,0,0,3,0,3,6,46,43,0,95,62,0,62,157
02/17/2012,YIP,MI,AGL,CE,Towers with Radar,21,37,39,0,97,0,1,60,0,61,21,38,99,0,158,126,0,126,284
02/18/2012,YIP,MI,AGL,CE,Towers with Radar,3,9,14,0,26,0,0,12,0,12,3,9,26,0,38,58,0,58,96
02/19/2012,YIP,MI,AGL,CE,Towers with Radar,4,13,25,0,42,0,0,63,0,63,4,13,88,0,105,102,0,102,207
02/20/2012,YIP,MI,AGL,CE,Towers with Radar,10,14,30,0,54,0,1,68,0,69,10,15,98,0,123,188,0,188,311
02/21/2012,YIP,MI,AGL,CE,Towers with Radar,8,34,25,0,67,0,0,0,0,0,8,34,25,0,67,0,0,0,67
02/22/2012,YIP,MI,AGL,CE,Towers with Radar,20,56,38,1,115,0,2,17,0,19,20,58,55,1,134,64,0,64,198
02/23/2012,YIP,MI,AGL,CE,Towers with Radar,18,48,29,0,95,0,1,24,0,25,18,49,53,0,120,62,0,62,182
02/24/2012,YIP,MI,AGL,CE,Towers with Radar,8,22,6,0,36,0,0,0,0,0,8,22,6,0,36,0,0,0,36
02/25/2012,YIP,MI,AGL,CE,Towers with Radar,6,13,15,0,34,0,0,2,0,2,6,13,17,0,36,0,0,0,36
02/26/2012,YIP,MI,AGL,CE,Towers with Radar,2,7,25,0,34,0,0,42,0,42,2,7,67,0,76,78,0,78,154
02/27/2012,YIP,MI,AGL,CE,Towers with Radar,8,20,27,0,55,0,0,13,2,15,8,20,40,2,70,20,0,20,90
02/28/2012,YIP,MI,AGL,CE,Towers with Radar,5,23,65,0,93,0,0,36,0,36,5,23,101,0,129,72,0,72,201
02/29/2012,YIP,MI,AGL,CE,Towers with Radar,9,38,16,0,63,0,0,0,0,0,9,38,16,0,63,0,0,0,63
03/01/2012,YIP,MI,AGL,CE,Towers with Radar,12,36,28,0,76,0,1,32,0,33,12,37,60,0,109,148,0,148,257
03/02/2012,YIP,MI,AGL,CE,Towers with Radar,17,34,28,0,79,0,0,34,1,35,17,34,62,1,114,78,0,78,192
03/03/2012,YIP,MI,AGL,CE,Towers with Radar,7,7,4,0,18,0,0,0,0,0,7,7,4,0,18,0,0,0,18
03/04/2012,YIP,MI,AGL,CE,Towers with Radar,5,2,30,0,37,0,0,15,0,15,5,2,45,0,52,40,0,40,92
03/05/2012,YIP,MI,AGL,CE,Towers with Radar,21,20,35,0,76,0,1,48,0,49,21,21,83,0,125,98,0,98,223
03/06/2012,YIP,MI,AGL,CE,Towers with Radar,10,26,45,0,81,0,0,30,0,30,10,26,75,0,111,42,0,42,153
03/07/2012,YIP,MI,AGL,CE,Towers with Radar,16,31,24,0,71,0,0,1,0,1,16,31,25,0,72,0,0,0,72
03/08/2012,YIP,MI,AGL,CE,Towers with Radar,25,41,30,0,96,0,1,5,0,6,25,42,35,0,102,24,0,24,126
03/09/2012,YIP,MI,AGL,CE,Towers with Radar,18,53,20,0,91,0,0,11,0,11,18,53,31,0,102,22,0,22,124
03/10/2012,YIP,MI,AGL,CE,Towers with Radar,12,9,23,0,44,0,0,44,0,44,12,9,67,0,88,66,0,66,154
03/11/2012,YIP,MI,AGL,CE,Towers with Radar,2,8,19,0,29,0,0,55,0,55,2,8,74,0,84,78,0,78,162
03/12/2012,YIP,MI,AGL,CE,Towers with Radar,9,27,26,2,64,0,0,3,0,3,9,27,29,2,67,38,0,38,105
03/13/2012,YIP,MI,AGL,CE,Towers with Radar,21,36,36,0,93,0,0,42,1,43,21,36,78,1,136,96,0,96,232
03/14/2012,YIP,MI,AGL,CE,Towers with Radar,27,42,27,0,96,0,0,80,0,80,27,42,107,0,176,180,0,180,356
03/15/2012,YIP,MI,AGL,CE,Towers with Radar,29,40,26,0,95,0,2,30,2,34,29,42,56,2,129,159,0,159,288
03/16/2012,YIP,MI,AGL,CE,Towers with Radar,23,34,46,0,103,0,0,50,1,51,23,34,96,1,154,256,0,256,410
03/17/2012,YIP,MI,AGL,CE,Towers with Radar,5,11,32,0,48,0,0,36,0,36,5,11,68,0,84,30,0,30,114
03/18/2012,YIP,MI,AGL,CE,Towers with Radar,3,8,27,0,38,0,0,16,0,16,3,8,43,0,54,38,0,38,92
03/19/2012,YIP,MI,AGL,CE,Towers with Radar,6,26,30,0,62,0,0,53,1,54,6,26,83,1,116,186,0,186,302
03/20/2012,YIP,MI,AGL,CE,Towers with Radar,5,41,39,0,85,0,0,67,0,67,5,41,106,0,152,156,0,156,308
03/21/2012,YIP,MI,AGL,CE,Towers with Radar,13,40,31,0,84,0,0,103,0,103,13,40,134,0,187,124,0,124,311
03/22/2012,YIP,MI,AGL,CE,Towers with Radar,9,38,55,1,103,0,6,61,0,67,9,44,116,1,170,178,0,178,348
03/23/2012,YIP,MI,AGL,CE,Towers with Radar,23,50,20,0,93,0,0,49,0,49,23,50,69,0,142,140,0,140,282
03/24/2012,YIP,MI,AGL,CE,Towers with Radar,6,19,44,1,70,0,0,0,0,0,6,19,44,1,70,10,0,10,80
03/25/2012,YIP,MI,AGL,CE,Towers with Radar,8,2,28,0,38,0,0,34,0,34,8,2,62,0,72,56,0,56,128
03/26/2012,YIP,MI,AGL,CE,Towers with Radar,9,18,39,0,66,0,0,49,0,49,9,18,88,0,115,142,0,142,257
03/27/2012,YIP,MI,AGL,CE,Towers with Radar,9,33,47,0,89,0,0,56,0,56,9,33,103,0,145,174,0,174,319
03/28/2012,YIP,MI,AGL,CE,Towers with Radar,11,24,35,0,70,0,0,24,0,24,11,24,59,0,94,54,0,54,148
03/29/2012,YIP,MI,AGL,CE,Towers with Radar,16,45,41,0,102,0,0,40,0,40,16,45,81,0,142,118,0,118,260
03/30/2012,YIP,MI,AGL,CE,Towers with Radar,13,30,24,0,67,0,0,6,0,6,13,30,30,0,73,44,0,44,117
03/31/2012,YIP,MI,AGL,CE,Towers with Radar,6,18,18,0,42,0,0,27,0,27,6,18,45,0,69,44,0,44,113
04/01/2012,YIP,MI,AGL,CE,Towers with Radar,2,4,25,0,31,0,0,9,0,9,2,4,34,0,40,16,0,16,56
04/02/2012,YIP,MI,AGL,CE,Towers with Radar,5,26,28,18,77,0,0,64,0,64,5,26,92,18,141,144,0,144,285
04/03/2012,YIP,MI,AGL,CE,Towers with Radar,7,22,40,0,69,0,2,15,0,17,7,24,55,0,86,46,0,46,132
04/04/2012,YIP,MI,AGL,CE,Towers with Radar,19,34,53,0,106,0,1,72,1,74,19,35,125,1,180,152,0,152,332
04/05/2012,YIP,MI,AGL,CE,Towers with Radar,9,39,48,0,96,0,0,67,0,67,9,39,115,0,163,118,0,118,281
04/06/2012,YIP,MI,AGL,CE,Towers with Radar,1,15,41,0,57,0,0,78,0,78,1,15,119,0,135,192,0,192,327
04/07/2012,YIP,MI,AGL,CE,Towers with Radar,2,8,13,0,23,0,0,91,0,91,2,8,104,0,114,88,0,88,202
04/08/2012,YIP,MI,AGL,CE,Towers with Radar,3,1,17,0,21,0,0,4,0,4,3,1,21,0,25,6,0,6,31
04/09/2012,YIP,MI,AGL,CE,Towers with Radar,7,19,26,2,54,0,1,27,0,28,7,20,53,2,82,98,0,98,180
04/10/2012,YIP,MI,AGL,CE,Towers with Radar,9,28,47,0,84,0,2,20,0,22,9,30,67,0,106,38,0,38,144
04/11/2012,YIP,MI,AGL,CE,Towers with Radar,5,22,52,0,79,0,3,55,0,58,5,25,107,0,137,110,0,110,247
04/12/2012,YIP,MI,AGL,CE,Towers with Radar,7,36,52,0,95,0,3,70,0,73,7,39,122,0,168,157,0,157,325
04/13/2012,YIP,MI,AGL,CE,Towers with Radar,7,38,37,2,84,0,0,73,0,73,7,38,110,2,157,184,0,184,341
04/14/2012,YIP,MI,AGL,CE,Towers with Radar,3,8,8,0,19,0,1,15,0,16,3,9,23,0,35,16,0,16,51
04/15/2012,YIP,MI,AGL,CE,Towers with Radar,0,5,16,0,21,0,0,0,0,0,0,5,16,0,21,2,0,2,23
04/16/2012,YIP,MI,AGL,CE,Towers with Radar,8,16,19,0,43,0,0,1,0,1,8,16,20,0,44,0,0,0,44
04/17/2012,YIP,MI,AGL,CE,Towers with Radar,9,39,60,0,108,0,3,72,0,75,9,42,132,0,183,138,0,138,321
04/18/2012,YIP,MI,AGL,CE,Towers with Radar,3,13,35,0,51,0,1,31,0,32,3,14,66,0,83,118,0,118,201
04/19/2012,YIP,MI,AGL,CE,Towers with Radar,21,37,33,0,91,0,1,58,0,59,21,38,91,0,150,162,0,162,312
04/20/2012,YIP,MI,AGL,CE,Towers with Radar,9,34,29,4,76,0,0,26,0,26,9,34,55,4,102,16,6,22,124
04/21/2012,YIP,MI,AGL,CE,Towers with Radar,4,14,10,0,28,0,0,44,0,44,4,14,54,0,72,74,0,74,146
04/22/2012,YIP,MI,AGL,CE,Towers with Radar,3,14,22,0,39,0,4,14,0,18,3,18,36,0,57,48,0,48,105
04/23/2012,YIP,MI,AGL,CE,Towers with Radar,15,24,36,0,75,0,1,8,0,9,15,25,44,0,84,2,0,2,86
04/24/2012,YIP,MI,AGL,CE,Towers with Radar,9,31,34,0,74,0,0,13,0,13,9,31,47,0,87,6,0,6,93
04/25/2012,YIP,MI,AGL,CE,Towers with Radar,8,40,46,0,94,0,3,100,0,103,8,43,146,0,197,356,0,356,553
04/26/2012,YIP,MI,AGL,CE,Towers with Radar,15,33,49,0,97,0,1,17,0,18,15,34,66,0,115,58,0,58,173
04/27/2012,YIP,MI,AGL,CE,Towers with Radar,22,34,48,0,104,0,2,79,0,81,22,36,127,0,185,136,0,136,321
04/28/2012,YIP,MI,AGL,CE,Towers with Radar,2,12,22,0,36,0,1,13,0,14,2,13,35,0,50,28,0,28,78
04/29/2012,YIP,MI,AGL,CE,Towers with Radar,2,19,35,0,56,0,0,39,0,39,2,19,74,0,95,82,0,82,177
04/30/2012,YIP,MI,AGL,CE,Towers with Radar,8,22,22,0,52,0,0,16,0,16,8,22,38,0,68,90,0,90,158
05/01/2012,YIP,MI,AGL,CE,Towers with Radar,7,29,47,0,83,0,0,19,0,19,7,29,66,0,102,86,0,86,188
05/02/2012,YIP,MI,AGL,CE,Towers with Radar,19,49,26,0,94,0,0,12,0,12,19,49,38,0,106,36,0,36,142
05/03/2012,YIP,MI,AGL,CE,Towers with Radar,18,32,34,0,84,0,2,42,0,44,18,34,76,0,128,136,0,136,264
05/04/2012,YIP,MI,AGL,CE,Towers with Radar,28,40,22,0,90,0,1,28,0,29,28,41,50,0,119,138,0,138,257
05/05/2012,YIP,MI,AGL,CE,Towers with Radar,1,11,30,0,42,0,0,38,1,39,1,11,68,1,81,72,0,72,153
05/06/2012,YIP,MI,AGL,CE,Towers with Radar,1,19,39,0,59,0,0,42,0,42,1,19,81,0,101,68,0,68,169
05/07/2012,YIP,MI,AGL,CE,Towers with Radar,6,25,45,0,76,0,0,0,0,0,6,25,45,0,76,4,0,4,80
05/08/2012,YIP,MI,AGL,CE,Towers with Radar,2,36,41,0,79,0,3,67,0,70,2,39,108,0,149,164,0,164,313
05/09/2012,YIP,MI,AGL,CE,Towers with Radar,7,46,38,0,91,0,1,31,0,32,7,47,69,0,123,124,0,124,247
05/10/2012,YIP,MI,AGL,CE,Towers with Radar,22,38,49,0,109,0,1,75,0,76,22,39,124,0,185,114,0,114,299
05/11/2012,YIP,MI,AGL,CE,Towers with Radar,10,35,48,0,93,0,0,84,0,84,10,35,132,0,177,220,0,220,397
05/12/2012,YIP,MI,AGL,CE,Towers with Radar,2,18,30,0,50,0,5,57,0,62,2,23,87,0,112,126,0,126,238
05/13/2012,YIP,MI,AGL,CE,Towers with Radar,2,7,45,0,54,0,0,23,0,23,2,7,68,0,77,54,0,54,131
05/14/2012,YIP,MI,AGL,CE,Towers with Radar,17,26,39,0,82,0,2,84,0,86,17,28,123,0,168,176,0,176,344
05/15/2012,YIP,MI,AGL,CE,Towers with Radar,36,38,39,0,113,0,0,67,0,67,36,38,106,0,180,204,0,204,384
05/16/2012,YIP,MI,AGL,CE,Towers with Radar,11,33,44,0,88,0,0,62,0,62,11,33,106,0,150,150,0,150,300
05/17/2012,YIP,MI,AGL,CE,Towers with Radar,34,47,51,0,132,0,0,80,0,80,34,47,131,0,212,264,0,264,476
05/18/2012,YIP,MI,AGL,CE,Towers with Radar,9,25,42,1,77,0,0,69,0,69,9,25,111,1,146,88,0,88,234
05/19/2012,YIP,MI,AGL,CE,Towers with Radar,4,6,11,0,21,0,2,50,0,52,4,8,61,0,73,102,0,102,175
05/20/2012,YIP,MI,AGL,CE,Towers with Radar,5,8,21,1,35,0,2,69,0,71,5,10,90,1,106,80,0,80,186
05/21/2012,YIP,MI,AGL,CE,Towers with Radar,4,24,36,0,64,0,2,38,0,40,4,26,74,0,104,152,0,152,256
05/22/2012,YIP,MI,AGL,CE,Towers with Radar,14,24,47,0,85,0,0,59,0,59,14,24,106,0,144,168,0,168,312
05/23/2012,YIP,MI,AGL,CE,Towers with Radar,13,36,48,0,97,0,1,103,0,104,13,37,151,0,201,144,0,144,345
05/24/2012,YIP,MI,AGL,CE,Towers with Radar,10,30,29,0,69,0,0,66,0,66,10,30,95,0,135,112,0,112,247
05/25/2012,YIP,MI,AGL,CE,Towers with Radar,10,33,20,0,63,0,1,59,0,60,10,34,79,0,123,102,0,102,225
05/26/2012,YIP,MI,AGL,CE,Towers with Radar,2,6,25,0,33,0,0,32,0,32,2,6,57,0,65,64,0,64,129
05/27/2012,YIP,MI,AGL,CE,Towers with Radar,3,7,21,0,31,0,1,22,0,23,3,8,43,0,54,60,0,60,114
05/28/2012,YIP,MI,AGL,CE,Towers with Radar,1,15,39,0,55,0,0,124,0,124,1,15,163,0,179,52,1,53,232
05/29/2012,YIP,MI,AGL,CE,Towers with Radar,5,23,38,0,66,0,0,56,0,56,5,23,94,0,122,144,0,144,266
05/30/2012,YIP,MI,AGL,CE,Towers with Radar,8,31,52,0,91,0,1,65,0,66,8,32,117,0,157,184,0,184,341
05/31/2012,YIP,MI,AGL,CE,Towers with Radar,17,29,44,0,90,0,0,46,0,46,17,29,90,0,136,148,0,148,284
06/01/2012,YIP,MI,AGL,CE,Towers with Radar,7,20,30,0,57,0,0,0,0,0,7,20,30,0,57,0,0,0,57
06/02/2012,YIP,MI,AGL,CE,Towers with Radar,5,7,9,0,21,0,0,26,0,26,5,7,35,0,47,54,0,54,101
06/03/2012,YIP,MI,AGL,CE,Towers with Radar,3,3,22,0,28,0,0,32,0,32,3,3,54,0,60,8,0,8,68
06/04/2012,YIP,MI,AGL,CE,Towers with Radar,12,27,26,0,65,0,0,58,0,58,12,27,84,0,123,162,0,162,285
06/05/2012,YIP,MI,AGL,CE,Towers with Radar,9,36,60,0,105,0,0,51,0,51,9,36,111,0,156,184,0,184,340
06/06/2012,YIP,MI,AGL,CE,Towers with Radar,25,39,41,0,105,1,0,78,0,79,26,39,119,0,184,142,0,142,326
06/07/2012,YIP,MI,AGL,CE,Towers with Radar,20,38,32,0,90,0,0,52,1,53,20,38,84,1,143,104,0,104,247
06/08/2012,YIP,MI,AGL,CE,Towers with Radar,25,26,28,0,79,0,1,50,0,51,25,27,78,0,130,84,0,84,214
06/09/2012,YIP,MI,AGL,CE,Towers with Radar,8,14,21,0,43,0,2,45,0,47,8,16,66,0,90,86,0,86,176
06/10/2012,YIP,MI,AGL,CE,Towers with Radar,2,3,17,0,22,0,0,33,0,33,2,3,50,0,55,42,0,42,97
06/11/2012,YIP,MI,AGL,CE,Towers with Radar,20,27,35,0,82,0,0,12,3,15,20,27,47,3,97,40,0,40,137
06/12/2012,YIP,MI,AGL,CE,Towers with Radar,19,44,47,0,110,0,0,55,0,55,19,44,102,0,165,166,0,166,331
06/13/2012,YIP,MI,AGL,CE,Towers with Radar,25,43,69,0,137,0,2,101,0,103,25,45,170,0,240,234,0,234,474
06/14/2012,YIP,MI,AGL,CE,Towers with Radar,39,55,55,0,149,0,1,73,0,74,39,56,128,0,223,108,0,108,331
06/15/2012,YIP,MI,AGL,CE,Towers with Radar,27,32,21,0,80,0,1,77,0,78,27,33,98,0,158,156,0,156,314
06/16/2012,YIP,MI,AGL,CE,Towers with Radar,2,6,23,0,31,0,3,47,0,50,2,9,70,0,81,84,0,84,165
06/17/2012,YIP,MI,AGL,CE,Towers with Radar,8,4,44,0,56,0,0,33,0,33,8,4,77,0,89,34,0,34,123
06/18/2012,YIP,MI,AGL,CE,Towers with Radar,19,32,27,0,78,0,1,36,0,37,19,33,63,0,115,40,0,40,155
06/19/2012,YIP,MI,AGL,CE,Towers with Radar,7,61,43,7,118,0,2,54,0,56,7,63,97,7,174,82,0,82,256
06/20/2012,YIP,MI,AGL,CE,Towers with Radar,22,51,46,1,120,0,2,45,0,47,22,53,91,1,167,62,0,62,229
06/21/2012,YIP,MI,AGL,CE,Towers with Radar,29,47,32,0,108,0,1,34,1,36,29,48,66,1,144,60,0,60,204
06/22/2012,YIP,MI,AGL,CE,Towers with Radar,25,46,20,0,91,0,1,96,0,97,25,47,116,0,188,282,0,282,470
06/23/2012,YIP,MI,AGL,CE,Towers with Radar,5,11,40,0,56,0,1,94,0,95,5,12,134,0,151,106,0,106,257
06/24/2012,YIP,MI,AGL,CE,Towers with Radar,4,5,19,0,28,0,0,49,0,49,4,5,68,0,77,48,0,48,125
06/25/2012,YIP,MI,AGL,CE,Towers with Radar,9,34,35,0,78,0,4,53,2,59,9,38,88,2,137,38,0,38,175
06/26/2012,YIP,MI,AGL,CE,Towers with Radar,16,36,58,0,110,0,2,76,0,78,16,38,134,0,188,174,0,174,362
06/27/2012,YIP,MI,AGL,CE,Towers with Radar,25,55,38,0,118,0,1,85,0,86,25,56,123,0,204,110,0,110,314
06/28/2012,YIP,MI,AGL,CE,Towers with Radar,24,45,47,0,116,0,0,55,0,55,24,45,102,0,171,48,0,48,219
06/29/2012,YIP,MI,AGL,CE,Towers with Radar,10,24,26,0,60,0,0,28,0,28,10,24,54,0,88,102,0,102,190
06/30/2012,YIP,MI,AGL,CE,Towers with Radar,4,21,16,0,41,0,0,44,0,44,4,21,60,0,85,118,0,118,203
07/01/2012,YIP,MI,AGL,CE,Towers with Radar,3,9,14,0,26,0,0,29,0,29,3,9,43,0,55,46,0,46,101
07/02/2012,YIP,MI,AGL,CE,Towers with Radar,4,17,40,0,61,0,1,74,0,75,4,18,114,0,136,178,0,178,314
07/03/2012,YIP,MI,AGL,CE,Towers with Radar,4,16,41,0,61,0,0,17,0,17,4,16,58,0,78,60,0,60,138
07/04/2012,YIP,MI,AGL,CE,Towers with Radar,3,8,15,0,26,0,0,33,0,33,3,8,48,0,59,24,0,24,83
07/05/2012,YIP,MI,AGL,CE,Towers with Radar,0,13,17,0,30,0,0,27,0,27,0,13,44,0,57,46,0,46,103
07/06/2012,YIP,MI,AGL,CE,Towers with Radar,7,18,22,0,47,0,0,22,0,22,7,18,44,0,69,42,0,42,111
07/07/2012,YIP,MI,AGL,CE,Towers with Radar,2,5,22,0,29,0,0,30,0,30,2,5,52,0,59,78,0,78,137
07/08/2012,YIP,MI,AGL,CE,Towers with Radar,1,9,53,0,63,0,0,46,0,46,1,9,99,0,109,62,0,62,171
07/09/2012,YIP,MI,AGL,CE,Towers with Radar,9,17,35,0,61,0,1,79,0,80,9,18,114,0,141,152,0,152,293
07/10/2012,YIP,MI,AGL,CE,Towers with Radar,7,24,41,0,72,0,0,82,0,82,7,24,123,0,154,272,0,272,426
07/11/2012,YIP,MI,AGL,CE,Towers with Radar,6,32,48,0,86,0,0,75,0,75,6,32,123,0,161,172,0,172,333
07/12/2012,YIP,MI,AGL,CE,Towers with Radar,6,26,58,0,90,0,1,83,1,85,6,27,141,1,175,252,0,252,427
07/13/2012,YIP,MI,AGL,CE,Towers with Radar,4,30,25,0,59,0,1,66,0,67,4,31,91,0,126,144,0,144,270
07/14/2012,YIP,MI,AGL,CE,Towers with Radar,2,1,8,0,11,0,0,46,0,46,2,1,54,0,57,78,0,78,135
07/15/2012,YIP,MI,AGL,CE,Towers with Radar,1,6,25,0,32,0,0,35,1,36,1,6,60,1,68,44,0,44,112
07/16/2012,YIP,MI,AGL,CE,Towers with Radar,4,28,55,0,87,0,3,57,0,60,4,31,112,0,147,50,0,50,197
07/17/2012,YIP,MI,AGL,CE,Towers with Radar,6,38,41,0,85,0,0,32,0,32,6,38,73,0,117,86,0,86,203
07/18/2012,YIP,MI,AGL,CE,Towers with Radar,4,46,42,0,92,0,1,48,0,49,4,47,90,0,141,130,0,130,271
07/19/2012,YIP,MI,AGL,CE,Towers with Radar,7,50,60,0,117,0,0,7,0,7,7,50,67,0,124,44,0,44,168
07/20/2012,YIP,MI,AGL,CE,Towers with Radar,22,57,34,0,113,0,0,56,0,56,22,57,90,0,169,150,0,150,319
07/21/2012,YIP,MI,AGL,CE,Towers with Radar,19,7,38,0,64,0,0,74,1,75,19,7,112,1,139,184,0,184,323
07/22/2012,YIP,MI,AGL,CE,Towers with Radar,1,9,36,0,46,0,2,39,0,41,1,11,75,0,87,30,0,30,117
07/23/2012,YIP,MI,AGL,CE,Towers with Radar,14,38,34,0,86,0,2,31,0,33,14,40,65,0,119,52,0,52,171
07/24/2012,YIP,MI,AGL,CE,Towers with Radar,7,32,50,0,89,0,0,47,0,47,7,32,97,0,136,138,0,138,274
07/25/2012,YIP,MI,AGL,CE,Towers with Radar,13,36,56,0,105,0,3,64,0,67,13,39,120,0,172,172,0,172,344
07/26/2012,YIP,MI,AGL,CE,Towers with Radar,14,44,35,0,93,0,0,13,0,13,14,44,48,0,106,62,0,62,168
07/27/2012,YIP,MI,AGL,CE,Towers with Radar,12,29,62,0,103,0,0,19,0,19,12,29,81,0,122,74,0,74,196
07/28/2012,YIP,MI,AGL,CE,Towers with Radar,5,5,29,0,39,0,1,41,4,46,5,6,70,4,85,54,4,58,143
07/29/2012,YIP,MI,AGL,CE,Towers with Radar,6,6,65,0,77,0,0,80,0,80,6,6,145,0,157,72,0,72,229
07/30/2012,YIP,MI,AGL,CE,Towers with Radar,28,18,43,0,89,0,0,69,0,69,28,18,112,0,158,132,0,132,290
07/31/2012,YIP,MI,AGL,CE,Towers with Radar,9,30,42,0,81,0,0,53,0,53,9,30,95,0,134,78,0,78,212
08/01/2012,YIP,MI,AGL,CE,Towers with Radar,9,29,44,1,83,0,1,50,0,51,9,30,94,1,134,66,0,66,200
08/02/2012,YIP,MI,AGL,CE,Towers with Radar,6,21,44,0,71,0,0,66,0,66,6,21,110,0,137,222,0,222,359
08/03/2012,YIP,MI,AGL,CE,Towers with Radar,9,36,23,5,73,0,2,114,1,117,9,38,137,6,190,160,0,160,350
08/04/2012,YIP,MI,AGL,CE,Towers with Radar,4,6,16,0,26,0,0,132,1,133,4,6,148,1,159,544,0,544,703
08/05/2012,YIP,MI,AGL,CE,Towers with Radar,2,12,16,3,33,0,0,161,3,164,2,12,177,6,197,458,4,462,659
08/06/2012,YIP,MI,AGL,CE,Towers with Radar,5,25,37,3,70,0,0,75,0,75,5,25,112,3,145,162,1,163,308
08/07/2012,YIP,MI,AGL,CE,Towers with Radar,10,30,47,0,87,0,0,47,0,47,10,30,94,0,134,168,0,168,302
08/08/2012,YIP,MI,AGL,CE,Towers with Radar,4,31,34,0,69,0,0,72,0,72,4,31,106,0,141,142,0,142,283
08/09/2012,YIP,MI,AGL,CE,Towers with Radar,8,27,30,0,65,0,1,1,0,2,8,28,31,0,67,4,0,4,71
08/10/2012,YIP,MI,AGL,CE,Towers with Radar,6,31,47,0,84,0,0,1,0,1,6,31,48,0,85,8,0,8,93
08/11/2012,YIP,MI,AGL,CE,Towers with Radar,4,12,39,0,55,0,5,1,1,7,4,17,40,1,62,38,0,38,100
08/12/2012,YIP,MI,AGL,CE,Towers with Radar,1,11,21,0,33,0,0,60,1,61,1,11,81,1,94,48,1,49,143
08/13/2012,YIP,MI,AGL,CE,Towers with Radar,5,24,36,0,65,0,1,14,1,16,5,25,50,1,81,14,1,15,96
08/14/2012,YIP,MI,AGL,CE,Towers with Radar,5,31,34,0,70,0,0,27,0,27,5,31,61,0,97,76,0,76,173
08/15/2012,YIP,MI,AGL,CE,Towers with Radar,4,28,32,0,64,0,0,43,2,45,4,28,75,2,109,132,0,132,241
08/16/2012,YIP,MI,AGL,CE,Towers with Radar,10,43,46,0,99,0,0,32,0,32,10,43,78,0,131,80,0,80,211
08/17/2012,YIP,MI,AGL,CE,Towers with Radar,9,34,27,0,70,0,1,57,0,58,9,35,84,0,128,88,0,88,216
08/18/2012,YIP,MI,AGL,CE,Towers with Radar,8,15,27,0,50,0,0,62,0,62,8,15,89,0,112,90,0,90,202
08/19/2012,YIP,MI,AGL,CE,Towers with Radar,5,12,47,0,64,0,0,38,0,38,5,12,85,0,102,50,0,50,152
08/20/2012,YIP,MI,AGL,CE,Towers with Radar,13,33,35,0,81,0,2,38,0,40,13,35,73,0,121,83,0,83,204
08/21/2012,YIP,MI,AGL,CE,Towers with Radar,11,49,45,0,105,0,17,68,0,85,11,66,113,0,190,58,0,58,248
08/22/2012,YIP,MI,AGL,CE,Towers with Radar,13,42,68,0,123,0,0,48,0,48,13,42,116,0,171,94,0,94,265
08/23/2012,YIP,MI,AGL,CE,Towers with Radar,18,65,38,0,121,0,0,53,1,54,18,65,91,1,175,112,0,112,287
08/24/2012,YIP,MI,AGL,CE,Towers with Radar,16,49,54,0,119,0,0,39,0,39,16,49,93,0,158,94,0,94,252
08/25/2012,YIP,MI,AGL,CE,Towers with Radar,17,19,45,0,81,0,0,49,0,49,17,19,94,0,130,46,0,46,176
08/26/2012,YIP,MI,AGL,CE,Towers with Radar,15,15,29,0,59,0,0,38,0,38,15,15,67,0,97,50,0,50,147
08/27/2012,YIP,MI,AGL,CE,Towers with Radar,10,25,50,0,85,0,0,12,0,12,10,25,62,0,97,50,0,50,147
08/28/2012,YIP,MI,AGL,CE,Towers with Radar,25,39,49,0,113,0,0,47,0,47,25,39,96,0,160,86,0,86,246
08/29/2012,YIP,MI,AGL,CE,Towers with Radar,11,64,59,0,134,0,2,68,0,70,11,66,127,0,204,178,0,178,382
08/30/2012,YIP,MI,AGL,CE,Towers with Radar,19,58,44,0,121,0,0,48,0,48,19,58,92,0,169,94,0,94,263
08/31/2012,YIP,MI,AGL,CE,Towers with Radar,14,50,34,0,98,0,0,50,0,50,14,50,84,0,148,100,0,100,248
09/01/2012,YIP,MI,AGL,CE,Towers with Radar,9,15,28,0,52,0,0,35,0,35,9,15,63,0,87,70,0,70,157
09/02/2012,YIP,MI,AGL,CE,Towers with Radar,4,5,36,0,45,0,1,22,0,23,4,6,58,0,68,38,0,38,106
09/03/2012,YIP,MI,AGL,CE,Towers with Radar,6,9,22,0,37,0,0,37,0,37,6,9,59,0,74,54,0,54,128
09/04/2012,YIP,MI,AGL,CE,Towers with Radar,4,25,33,0,62,0,0,6,0,6,4,25,39,0,68,26,0,26,94
09/05/2012,YIP,MI,AGL,CE,Towers with Radar,4,47,31,0,82,0,0,12,0,12,4,47,43,0,94,26,0,26,120
09/06/2012,YIP,MI,AGL,CE,Towers with Radar,6,57,57,0,120,0,1,73,0,74,6,58,130,0,194,146,0,146,340
09/07/2012,YIP,MI,AGL,CE,Towers with Radar,5,43,40,5,93,0,0,32,0,32,5,43,72,5,125,88,0,88,213
09/08/2012,YIP,MI,AGL,CE,Towers with Radar,9,26,21,6,62,0,0,10,0,10,9,26,31,6,72,76,0,76,148
09/09/2012,YIP,MI,AGL,CE,Towers with Radar,4,14,28,5,51,0,3,45,0,48,4,17,73,5,99,78,0,78,177
09/10/2012,YIP,MI,AGL,CE,Towers with Radar,9,33,37,0,79,0,2,52,0,54,9,35,89,0,133,104,0,104,237
09/11/2012,YIP,MI,AGL,CE,Towers with Radar,16,41,45,0,102,0,0,53,0,53,16,41,98,0,155,70,0,70,225
09/12/2012,YIP,MI,AGL,CE,Towers with Radar,14,50,52,0,116,0,1,61,0,62,14,51,113,0,178,94,0,94,272
09/13/2012,YIP,MI,AGL,CE,Towers with Radar,24,56,52,0,132,0,1,51,0,52,24,57,103,0,184,124,0,124,308
09/14/2012,YIP,MI,AGL,CE,Towers with Radar,24,73,46,1,144,0,1,28,0,29,24,74,74,1,173,44,0,44,217
09/15/2012,YIP,MI,AGL,CE,Towers with Radar,6,24,50,0,80,0,1,57,2,60,6,25,107,2,140,88,0,88,228
09/16/2012,YIP,MI,AGL,CE,Towers with Radar,0,12,10,1,23,0,0,19,0,19,0,12,29,1,42,16,0,16,58
09/17/2012,YIP,MI,AGL,CE,Towers with Radar,8,27,35,0,70,0,2,44,0,46,8,29,79,0,116,74,0,74,190
09/18/2012,YIP,MI,AGL,CE,Towers with Radar,9,46,33,0,88,0,4,13,0,17,9,50,46,0,105,54,0,54,159
09/19/2012,YIP,MI,AGL,CE,Towers with Radar,17,47,73,0,137,0,8,70,0,78,17,55,143,0,215,108,0,108,323
09/20/2012,YIP,MI,AGL,CE,Towers with Radar,13,48,41,0,102,0,1,15,1,17,13,49,56,1,119,34,0,34,153
09/21/2012,YIP,MI,AGL,CE,Towers with Radar,10,62,36,0,108,0,0,44,0,44,10,62,80,0,152,46,0,46,198
09/22/2012,YIP,MI,AGL,CE,Towers with Radar,5,13,15,0,33,0,0,7,0,7,5,13,22,0,40,10,0,10,50
09/23/2012,YIP,MI,AGL,CE,Towers with Radar,8,17,18,0,43,0,0,32,0,32,8,17,50,0,75,62,0,62,137
09/24/2012,YIP,MI,AGL,CE,Towers with Radar,8,35,17,0,60,6,2,17,0,25,14,37,34,0,85,18,0,18,103
09/25/2012,YIP,MI,AGL,CE,Towers with Radar,13,41,46,0,100,0,0,39,0,39,13,41,85,0,139,86,0,86,225
09/26/2012,YIP,MI,AGL,CE,Towers with Radar,15,44,45,0,104,0,0,19,0,19,15,44,64,0,123,100,0,100,223
09/27/2012,YIP,MI,AGL,CE,Towers with Radar,15,36,47,0,98,0,2,71,1,74,15,38,118,1,172,96,0,96,268
09/28/2012,YIP,MI,AGL,CE,Towers with Radar,24,32,42,0,98,0,0,57,0,57,24,32,99,0,155,70,0,70,225
09/29/2012,YIP,MI,AGL,CE,Towers with Radar,15,18,15,0,48,0,0,41,0,41,15,18,56,0,89,42,0,42,131
09/30/2012,YIP,MI,AGL,CE,Towers with Radar,12,9,17,0,38,0,0,25,0,25,12,9,42,0,63,16,0,16,79
10/01/2012,YIP,MI,AGL,CE,Towers with Radar,12,16,58,0,86,0,0,77,0,77,12,16,135,0,163,92,0,92,255
10/02/2012,YIP,MI,AGL,CE,Towers with Radar,14,43,52,0,109,0,0,41,0,41,14,43,93,0,150,152,0,152,302
10/03/2012,YIP,MI,AGL,CE,Towers with Radar,14,45,55,0,114,0,2,33,0,35,14,47,88,0,149,90,0,90,239
10/04/2012,YIP,MI,AGL,CE,Towers with Radar,18,64,38,0,120,0,1,76,2,79,18,65,114,2,199,96,0,96,295
10/05/2012,YIP,MI,AGL,CE,Towers with Radar,35,35,40,0,110,1,1,34,1,37,36,36,74,1,147,64,0,64,211
10/06/2012,YIP,MI,AGL,CE,Towers with Radar,9,8,23,0,40,0,1,16,0,17,9,9,39,0,57,34,0,34,91
10/07/2012,YIP,MI,AGL,CE,Towers with Radar,8,11,27,0,46,0,0,29,0,29,8,11,56,0,75,38,0,38,113
10/08/2012,YIP,MI,AGL,CE,Towers with Radar,16,22,41,0,79,0,2,58,0,60,16,24,99,0,139,144,0,144,283
10/09/2012,YIP,MI,AGL,CE,Towers with Radar,7,21,40,0,68,0,1,30,2,33,7,22,70,2,101,84,0,84,185
10/10/2012,YIP,MI,AGL,CE,Towers with Radar,13,55,42,0,110,0,0,13,0,13,13,55,55,0,123,4,0,4,127
10/11/2012,YIP,MI,AGL,CE,Towers with Radar,15,42,30,0,87,0,1,19,0,20,15,43,49,0,107,42,0,42,149
10/12/2012,YIP,MI,AGL,CE,Towers with Radar,21,37,53,0,111,0,1,78,0,79,21,38,131,0,190,126,0,126,316
10/13/2012,YIP,MI,AGL,CE,Towers with Radar,5,42,22,0,69,0,0,11,14,25,5,42,33,14,94,18,12,30,124
10/14/2012,YIP,MI,AGL,CE,Towers with Radar,3,24,24,0,51,0,0,2,0,2,3,24,26,0,53,4,0,4,57
10/15/2012,YIP,MI,AGL,CE,Towers with Radar,14,19,28,0,61,0,4,15,0,19,14,23,43,0,80,38,0,38,118
10/16/2012,YIP,MI,AGL,CE,Towers with Radar,9,35,61,0,105,0,0,70,1,71,9,35,131,1,176,126,0,126,302
10/17/2012,YIP,MI,AGL,CE,Towers with Radar,26,39,48,0,113,0,0,26,0,26,26,39,74,0,139,42,0,42,181
10/18/2012,YIP,MI,AGL,CE,Towers with Radar,27,52,59,0,138,0,0,7,0,7,27,52,66,0,145,22,0,22,167
10/19/2012,YIP,MI,AGL,CE,Towers with Radar,13,47,45,0,105,0,0,35,0,35,13,47,80,0,140,102,0,102,242
10/20/2012,YIP,MI,AGL,CE,Towers with Radar,10,38,43,0,91,0,0,0,0,0,10,38,43,0,91,0,0,0,91
10/21/2012,YIP,MI,AGL,CE,Towers with Radar,4,29,49,0,82,0,0,61,0,61,4,29,110,0,143,88,0,88,231
10/22/2012,YIP,MI,AGL,CE,Towers with Radar,8,28,29,0,65,0,0,40,0,40,8,28,69,0,105,68,0,68,173
10/23/2012,YIP,MI,AGL,CE,Towers with Radar,7,38,49,0,94,0,0,17,0,17,7,38,66,0,111,174,0,174,285
10/24/2012,YIP,MI,AGL,CE,Towers with Radar,11,42,44,0,97,0,3,56,1,60,11,45,100,1,157,80,0,80,237
10/25/2012,YIP,MI,AGL,CE,Towers with Radar,17,42,36,0,95,0,0,61,0,61,17,42,97,0,156,122,0,122,278
10/26/2012,YIP,MI,AGL,CE,Towers with Radar,17,34,49,2,102,0,0,29,0,29,17,34,78,2,131,176,4,180,311
10/27/2012,YIP,MI,AGL,CE,Towers with Radar,7,12,23,0,42,0,0,40,0,40,7,12,63,0,82,14,0,14,96
10/28/2012,YIP,MI,AGL,CE,Towers with Radar,6,9,31,1,47,0,0,20,0,20,6,9,51,1,67,28,0,28,95
10/29/2012,YIP,MI,AGL,CE,Towers with Radar,11,29,27,0,67,0,0,8,0,8,11,29,35,0,75,16,0,16,91
10/30/2012,YIP,MI,AGL,CE,Towers with Radar,14,38,13,0,65,0,0,0,0,0,14,38,13,0,65,0,0,0,65
10/31/2012,YIP,MI,AGL,CE,Towers with Radar,22,39,25,0,86,0,0,1,0,1,22,39,26,0,87,16,0,16,103
11/01/2012,YIP,MI,AGL,CE,Towers with Radar,7,40,28,0,75,0,0,28,0,28,7,40,56,0,103,96,0,96,199
11/02/2012,YIP,MI,AGL,CE,Towers with Radar,13,31,23,0,67,0,0,40,0,40,13,31,63,0,107,133,0,133,240
11/03/2012,YIP,MI,AGL,CE,Towers with Radar,1,12,15,0,28,0,3,43,0,46,1,15,58,0,74,52,0,52,126
11/04/2012,YIP,MI,AGL,CE,Towers with Radar,2,6,32,0,40,0,0,29,0,29,2,6,61,0,69,74,0,74,143
11/05/2012,YIP,MI,AGL,CE,Towers with Radar,21,32,55,0,108,0,0,47,0,47,21,32,102,0,155,90,0,90,245
11/06/2012,YIP,MI,AGL,CE,Towers with Radar,11,40,54,0,105,0,2,56,0,58,11,42,110,0,163,172,0,172,335
11/07/2012,YIP,MI,AGL,CE,Towers with Radar,13,34,32,0,79,0,0,43,0,43,13,34,75,0,122,68,0,68,190
11/08/2012,YIP,MI,AGL,CE,Towers with Radar,5,46,42,0,93,0,1,66,2,69,5,47,108,2,162,158,0,158,320
11/09/2012,YIP,MI,AGL,CE,Towers with Radar,14,35,29,2,80,0,0,48,0,48,14,35,77,2,128,198,0,198,326
11/10/2012,YIP,MI,AGL,CE,Towers with Radar,4,38,48,0,90,0,0,37,0,37,4,38,85,0,127,114,0,114,241
11/11/2012,YIP,MI,AGL,CE,Towers with Radar,3,10,23,2,38,0,0,16,0,16,3,10,39,2,54,30,0,30,84
11/12/2012,YIP,MI,AGL,CE,Towers with Radar,5,23,29,0,57,0,0,0,0,0,5,23,29,0,57,4,0,4,61
11/13/2012,YIP,MI,AGL,CE,Towers with Radar,7,57,53,0,117,0,0,48,1,49,7,57,101,1,166,144,0,144,310
11/14/2012,YIP,MI,AGL,CE,Towers with Radar,17,69,48,0,134,0,4,51,0,55,17,73,99,0,189,172,0,172,361
11/15/2012,YIP,MI,AGL,CE,Towers with Radar,14,40,24,0,78,0,1,63,1,65,14,41,87,1,143,148,0,148,291
11/16/2012,YIP,MI,AGL,CE,Towers with Radar,14,25,50,1,90,0,0,64,0,64,14,25,114,1,154,172,0,172,326
11/17/2012,YIP,MI,AGL,CE,Towers with Radar,6,21,40,0,67,0,0,41,0,41,6,21,81,0,108,86,0,86,194
11/18/2012,YIP,MI,AGL,CE,Towers with Radar,2,14,25,0,41,0,0,27,0,27,2,14,52,0,68,36,0,36,104
11/19/2012,YIP,MI,AGL,CE,Towers with Radar,9,32,16,0,57,0,0,32,0,32,9,32,48,0,89,76,0,76,165
11/20/2012,YIP,MI,AGL,CE,Towers with Radar,8,46,28,0,82,0,2,42,0,44,8,48,70,0,126,72,0,72,198
11/21/2012,YIP,MI,AGL,CE,Towers with Radar,7,40,25,0,72,0,0,32,0,32,7,40,57,0,104,50,0,50,154
11/22/2012,YIP,MI,AGL,CE,Towers with Radar,9,6,8,0,23,0,0,8,0,8,9,6,16,0,31,6,0,6,37
11/23/2012,YIP,MI,AGL,CE,Towers with Radar,3,12,10,0,25,0,0,2,0,2,3,12,12,0,27,0,0,0,27
11/24/2012,YIP,MI,AGL,CE,Towers with Radar,3,4,21,0,28,0,0,11,0,11,3,4,32,0,39,46,0,46,85
11/25/2012,YIP,MI,AGL,CE,Towers with Radar,2,15,28,0,45,0,0,26,0,26,2,15,54,0,71,32,0,32,103
11/26/2012,YIP,MI,AGL,CE,Towers with Radar,15,31,37,0,83,0,0,43,0,43,15,31,80,0,126,92,20,112,238
11/27/2012,YIP,MI,AGL,CE,Towers with Radar,13,40,42,0,95,0,31,37,0,68,13,71,79,0,163,84,0,84,247
11/28/2012,YIP,MI,AGL,CE,Towers with Radar,10,79,44,0,133,0,17,36,0,53,10,96,80,0,186,86,0,86,272
11/29/2012,YIP,MI,AGL,CE,Towers with Radar,20,47,42,0,109,0,0,41,2,43,20,47,83,2,152,92,0,92,244
11/30/2012,YIP,MI,AGL,CE,Towers with Radar,12,30,25,0,67,0,0,33,0,33,12,30,58,0,100,154,0,154,254
12/01/2012,YIP,MI,AGL,CE,Towers with Radar,5,10,50,2,67,0,0,29,0,29,5,10,79,2,96,64,0,64,160
12/02/2012,YIP,MI,AGL,CE,Towers with Radar,1,12,29,0,42,0,0,0,0,0,1,12,29,0,42,6,0,6,48
12/03/2012,YIP,MI,AGL,CE,Towers with Radar,2,14,17,1,34,0,0,0,0,0,2,14,17,1,34,4,0,4,38
12/04/2012,YIP,MI,AGL,CE,Towers with Radar,6,42,28,0,76,0,1,21,0,22,6,43,49,0,98,118,0,118,216
12/05/2012,YIP,MI,AGL,CE,Towers with Radar,8,42,19,0,69,0,1,70,0,71,8,43,89,0,140,164,0,164,304
12/06/2012,YIP,MI,AGL,CE,Towers with Radar,19,62,62,5,148,0,16,64,1,81,19,78,126,6,229,135,0,135,364
12/07/2012,YIP,MI,AGL,CE,Towers with Radar,11,48,59,0,118,0,17,3,0,20,11,65,62,0,138,2,0,2,140
12/08/2012,YIP,MI,AGL,CE,Towers with Radar,4,19,18,0,41,0,0,6,0,6,4,19,24,0,47,0,0,0,47
12/09/2012,YIP,MI,AGL,CE,Towers with Radar,5,29,24,0,58,0,0,13,0,13,5,29,37,0,71,28,0,28,99
12/10/2012,YIP,MI,AGL,CE,Towers with Radar,17,68,25,0,110,0,0,8,0,8,17,68,33,0,118,52,0,52,170
12/11/2012,YIP,MI,AGL,CE,Towers with Radar,4,66,34,0,104,0,1,29,0,30,4,67,63,0,134,86,0,86,220
12/12/2012,YIP,MI,AGL,CE,Towers with Radar,19,68,35,0,122,0,0,55,0,55,19,68,90,0,177,170,0,170,347
12/13/2012,YIP,MI,AGL,CE,Towers with Radar,6,48,27,0,81,0,0,56,0,56,6,48,83,0,137,134,0,134,271
12/14/2012,YIP,MI,AGL,CE,Towers with Radar,14,20,48,1,83,0,1,49,2,52,14,21,97,3,135,118,0,118,253
12/15/2012,YIP,MI,AGL,CE,Towers with Radar,0,22,15,0,37,0,1,11,0,12,0,23,26,0,49,46,0,46,95
12/16/2012,YIP,MI,AGL,CE,Towers with Radar,3,12,15,0,30,0,0,4,0,4,3,12,19,0,34,16,0,16,50
12/17/2012,YIP,MI,AGL,CE,Towers with Radar,15,40,28,0,83,0,2,10,0,12,15,42,38,0,95,62,0,62,157
12/18/2012,YIP,MI,AGL,CE,Towers with Radar,18,57,22,0,97,0,0,19,0,19,18,57,41,0,116,38,0,38,154
12/19/2012,YIP,MI,AGL,CE,Towers with Radar,14,61,31,1,107,0,4,6,0,10,14,65,37,1,117,24,0,24,141
12/20/2012,YIP,MI,AGL,CE,Towers with Radar,24,90,44,1,159,0,4,4,0,8,24,94,48,1,167,4,0,4,171
12/21/2012,YIP,MI,AGL,CE,Towers with Radar,21,46,23,2,92,0,0,0,0,0,21,46,23,2,92,0,0,0,92
12/22/2012,YIP,MI,AGL,CE,Towers with Radar,9,16,9,0,34,0,0,16,0,16,9,16,25,0,50,18,0,18,68
12/23/2012,YIP,MI,AGL,CE,Towers with Radar,1,8,5,0,14,0,0,51,0,51,1,8,56,0,65,154,0,154,219
12/24/2012,YIP,MI,AGL,CE,Towers with Radar,1,13,18,0,32,0,0,10,0,10,1,13,28,0,42,16,0,16,58
12/25/2012,YIP,MI,AGL,CE,Towers with Radar,0,7,1,0,8,0,0,3,0,3,0,7,4,0,11,6,0,6,17
12/26/2012,YIP,MI,AGL,CE,Towers with Radar,0,10,9,0,19,0,0,1,0,1,0,10,10,0,20,0,0,0,20
12/27/2012,YIP,MI,AGL,CE,Towers with Radar,2,10,13,0,25,0,1,24,0,25,2,11,37,0,50,40,0,40,90
12/28/2012,YIP,MI,AGL,CE,Towers with Radar,0,8,11,0,19,0,0,23,0,23,0,8,34,0,42,116,0,116,158
12/29/2012,YIP,MI,AGL,CE,Towers with Radar,0,4,10,0,14,0,0,5,0,5,0,4,15,0,19,24,0,24,43
12/30/2012,YIP,MI,AGL,CE,Towers with Radar,0,5,21,0,26,0,0,8,0,8,0,5,29,0,34,80,0,80,114
12/31/2012,YIP,MI,AGL,CE,Towers with Radar,0,14,6,0,20,0,0,7,0,7,0,14,13,0,27,70,0,70,97
01/01/2013,YIP,MI,AGL,CE,Towers with Radar,0,5,6,0,11,0,0,19,0,19,0,5,25,0,30,56,0,56,86
01/02/2013,YIP,MI,AGL,CE,Towers with Radar,4,27,31,0,62,0,5,20,0,25,4,32,51,0,87,96,0,96,183
01/03/2013,YIP,MI,AGL,CE,Towers with Radar,6,25,22,0,53,0,1,3,0,4,6,26,25,0,57,20,0,20,77
01/04/2013,YIP,MI,AGL,CE,Towers with Radar,6,32,32,0,70,0,0,17,0,17,6,32,49,0,87,8,0,8,95
01/05/2013,YIP,MI,AGL,CE,Towers with Radar,7,13,71,0,91,0,0,49,0,49,7,13,120,0,140,156,0,156,296
01/06/2013,YIP,MI,AGL,CE,Towers with Radar,4,10,37,0,51,0,0,1,0,1,4,10,38,0,52,46,0,46,98
01/07/2013,YIP,MI,AGL,CE,Towers with Radar,9,32,15,0,56,0,0,25,0,25,9,32,40,0,81,86,0,86,167
01/08/2013,YIP,MI,AGL,CE,Towers with Radar,7,30,51,0,88,0,0,58,0,58,7,30,109,0,146,182,0,182,328
01/09/2013,YIP,MI,AGL,CE,Towers with Radar,12,22,23,0,57,0,0,27,0,27,12,22,50,0,84,34,0,34,118
01/10/2013,YIP,MI,AGL,CE,Towers with Radar,10,35,25,0,70,0,1,46,0,47,10,36,71,0,117,116,0,116,233
01/11/2013,YIP,MI,AGL,CE,Towers with Radar,8,42,43,0,93,0,0,4,0,4,8,42,47,0,97,4,0,4,101
01/12/2013,YIP,MI,AGL,CE,Towers with Radar,8,14,57,0,79,0,0,73,0,73,8,14,130,0,152,100,0,100,252
01/13/2013,YIP,MI,AGL,CE,Towers with Radar,0,29,75,0,104,0,0,0,0,0,0,29,75,0,104,28,0,28,132
01/14/2013,YIP,MI,AGL,CE,Towers with Radar,9,19,52,0,80,0,0,29,0,29,9,19,81,0,109,88,0,88,197
01/15/2013,YIP,MI,AGL,CE,Towers with Radar,5,19,38,0,62,0,0,48,0,48,5,19,86,0,110,102,0,102,212
01/16/2013,YIP,MI,AGL,CE,Towers with Radar,6,21,33,0,60,0,4,38,0,42,6,25,71,0,102,62,0,62,164
01/17/2013,YIP,MI,AGL,CE,Towers with Radar,6,30,26,0,62,0,2,42,0,44,6,32,68,0,106,68,0,68,174
01/18/2013,YIP,MI,AGL,CE,Towers with Radar,8,19,20,0,47,0,0,39,0,39,8,19,59,0,86,54,0,54,140
01/19/2013,YIP,MI,AGL,CE,Towers with Radar,3,9,30,0,42,0,0,27,0,27,3,9,57,0,69,42,0,42,111
01/20/2013,YIP,MI,AGL,CE,Towers with Radar,0,4,4,0,8,0,0,4,0,4,0,4,8,0,12,2,0,2,14
01/21/2013,YIP,MI,AGL,CE,Towers with Radar,2,8,15,0,25,0,0,0,0,0,2,8,15,0,25,0,0,0,25
01/22/2013,YIP,MI,AGL,CE,Towers with Radar,3,16,67,0,86,0,0,15,0,15,3,16,82,0,101,80,0,80,181
01/23/2013,YIP,MI,AGL,CE,Towers with Radar,9,23,46,0,78,0,0,21,0,21,9,23,67,0,99,92,0,92,191
01/24/2013,YIP,MI,AGL,CE,Towers with Radar,8,29,73,0,110,0,0,51,1,52,8,29,124,1,162,160,0,160,322
01/25/2013,YIP,MI,AGL,CE,Towers with Radar,0,25,13,0,38,0,0,0,0,0,0,25,13,0,38,0,0,0,38
01/26/2013,YIP,MI,AGL,CE,Towers with Radar,1,26,20,0,47,0,0,32,0,32,1,26,52,0,79,62,0,62,141
01/27/2013,YIP,MI,AGL,CE,Towers with Radar,1,8,10,0,19,0,0,31,0,31,1,8,41,0,50,102,0,102,152
01/28/2013,YIP,MI,AGL,CE,Towers with Radar,3,10,6,0,19,0,0,0,0,0,3,10,6,0,19,0,0,0,19
01/29/2013,YIP,MI,AGL,CE,Towers with Radar,10,30,18,0,58,0,2,0,0,2,10,32,18,0,60,0,0,0,60
01/30/2013,YIP,MI,AGL,CE,Towers with Radar,5,27,62,0,94,0,0,0,0,0,5,27,62,0,94,0,0,0,94
01/31/2013,YIP,MI,AGL,CE,Towers with Radar,5,25,28,0,58,0,0,1,0,1,5,25,29,0,59,0,0,0,59
02/01/2013,YIP,MI,AGL,CE,Towers with Radar,6,24,28,0,58,0,1,11,0,12,6,25,39,0,70,36,0,36,106
02/02/2013,YIP,MI,AGL,CE,Towers with Radar,0,14,10,0,24,0,1,2,0,3,0,15,12,0,27,6,0,6,33
02/03/2013,YIP,MI,AGL,CE,Towers with Radar,0,5,32,0,37,0,0,17,0,17,0,5,49,0,54,18,0,18,72
02/04/2013,YIP,MI,AGL,CE,Towers with Radar,6,15,16,0,37,0,0,0,0,0,6,15,16,0,37,0,0,0,37
02/05/2013,YIP,MI,AGL,CE,Towers with Radar,9,18,51,0,78,0,2,44,0,46,9,20,95,0,124,42,0,42,166
02/06/2013,YIP,MI,AGL,CE,Towers with Radar,8,28,47,0,83,0,0,75,2,77,8,28,122,2,160,118,0,118,278
02/07/2013,YIP,MI,AGL,CE,Towers with Radar,9,31,25,0,65,0,0,53,0,53,9,31,78,0,118,118,0,118,236
02/08/2013,YIP,MI,AGL,CE,Towers with Radar,8,23,18,0,49,0,0,1,0,1,8,23,19,0,50,0,0,0,50
02/09/2013,YIP,MI,AGL,CE,Towers with Radar,7,14,17,0,38,0,0,47,0,47,7,14,64,0,85,148,0,148,233
02/10/2013,YIP,MI,AGL,CE,Towers with Radar,1,20,29,0,50,0,0,21,0,21,1,20,50,0,71,56,0,56,127
02/11/2013,YIP,MI,AGL,CE,Towers with Radar,3,18,16,0,37,0,0,5,0,5,3,18,21,0,42,6,0,6,48
02/12/2013,YIP,MI,AGL,CE,Towers with Radar,3,31,27,0,61,0,0,19,0,19,3,31,46,0,80,138,0,138,218
02/13/2013,YIP,MI,AGL,CE,Towers with Radar,3,43,42,0,88,0,2,57,2,61,3,45,99,2,149,206,0,206,355
02/14/2013,YIP,MI,AGL,CE,Towers with Radar,6,24,40,0,70,0,3,15,0,18,6,27,55,0,88,94,0,94,182
02/15/2013,YIP,MI,AGL,CE,Towers with Radar,5,23,32,0,60,0,0,46,0,46,5,23,78,0,106,90,0,90,196
02/16/2013,YIP,MI,AGL,CE,Towers with Radar,0,14,14,0,28,0,0,8,0,8,0,14,22,0,36,16,0,16,52
02/17/2013,YIP,MI,AGL,CE,Towers with Radar,7,13,26,0,46,0,0,44,0,44,7,13,70,0,90,78,0,78,168
02/18/2013,YIP,MI,AGL,CE,Towers with Radar,7,19,40,0,66,0,0,39,0,39,7,19,79,0,105,96,0,96,201
02/19/2013,YIP,MI,AGL,CE,Towers with Radar,3,15,17,0,35,0,0,0,0,0,3,15,17,0,35,0,0,0,35
02/20/2013,YIP,MI,AGL,CE,Towers with Radar,7,33,53,0,93,0,5,15,0,20,7,38,68,0,113,108,0,108,221
02/21/2013,YIP,MI,AGL,CE,Towers with Radar,6,30,28,0,64,0,11,34,0,45,6,41,62,0,109,242,0,242,351
02/22/2013,YIP,MI,AGL,CE,Towers with Radar,9,18,21,0,48,0,0,0,0,0,9,18,21,0,48,0,0,0,48
02/23/2013,YIP,MI,AGL,CE,Towers with Radar,4,21,35,0,60,0,2,35,0,37,4,23,70,0,97,132,0,132,229
02/24/2013,YIP,MI,AGL,CE,Towers with Radar,5,6,28,0,39,0,0,22,0,22,5,6,50,0,61,98,0,98,159
02/25/2013,YIP,MI,AGL,CE,Towers with Radar,7,25,64,0,96,0,0,78,0,78,7,25,142,0,174,168,0,168,342
02/26/2013,YIP,MI,AGL,CE,Towers with Radar,8,25,32,0,65,0,1,6,0,7,8,26,38,0,72,12,0,12,84
02/27/2013,YIP,MI,AGL,CE,Towers with Radar,8,21,19,0,48,0,0,0,0,0,8,21,19,0,48,0,0,0,48
02/28/2013,YIP,MI,AGL,CE,Towers with Radar,8,40,34,0,82,0,0,2,0,2,8,40,36,0,84,24,0,24,108
03/01/2013,YIP,MI,AGL,CE,Towers with Radar,5,21,17,0,43,0,0,19,0,19,5,21,36,0,62,108,0,108,170
03/02/2013,YIP,MI,AGL,CE,Towers with Radar,4,11,16,0,31,0,0,7,0,7,4,11,23,0,38,22,0,22,60
03/03/2013,YIP,MI,AGL,CE,Towers with Radar,2,15,34,0,51,0,0,25,0,25,2,15,59,0,76,56,0,56,132
03/04/2013,YIP,MI,AGL,CE,Towers with Radar,2,19,52,0,73,0,0,61,3,64,2,19,113,3,137,118,0,118,255
03/05/2013,YIP,MI,AGL,CE,Towers with Radar,4,20,38,0,62,0,0,37,0,37,4,20,75,0,99,116,0,116,215
03/06/2013,YIP,MI,AGL,CE,Towers with Radar,4,23,31,1,59,0,0,41,0,41,4,23,72,1,100,74,0,74,174
03/07/2013,YIP,MI,AGL,CE,Towers with Radar,15,27,51,0,93,0,2,27,0,29,15,29,78,0,122,132,0,132,254
03/08/2013,YIP,MI,AGL,CE,Towers with Radar,13,26,31,0,70,0,0,71,0,71,13,26,102,0,141,80,0,80,221
03/09/2013,YIP,MI,AGL,CE,Towers with Radar,7,16,12,0,35,0,1,65,2,68,7,17,77,2,103,121,0,121,224
03/10/2013,YIP,MI,AGL,CE,Towers with Radar,6,17,22,0,45,0,0,20,0,20,6,17,42,0,65,44,0,44,109
03/11/2013,YIP,MI,AGL,CE,Towers with Radar,3,22,19,0,44,0,1,6,0,7,3,23,25,0,51,0,0,0,51
03/12/2013,YIP,MI,AGL,CE,Towers with Radar,11,34,42,0,87,0,0,10,0,10,11,34,52,0,97,52,0,52,149
03/13/2013,YIP,MI,AGL,CE,Towers with Radar,11,26,40,0,77,0,0,13,0,13,11,26,53,0,90,36,0,36,126
03/14/2013,YIP,MI,AGL,CE,Towers with Radar,14,27,58,0,99,0,0,79,0,79,14,27,137,0,178,166,0,166,344
03/15/2013,YIP,MI,AGL,CE,Towers with Radar,9,38,30,0,77,0,0,16,0,16,9,38,46,0,93,94,0,94,187
03/16/2013,YIP,MI,AGL,CE,Towers with Radar,4,16,4,0,24,0,0,2,0,2,4,16,6,0,26,10,0,10,36
03/17/2013,YIP,MI,AGL,CE,Towers with Radar,4,11,44,0,59,0,2,50,0,52,4,13,94,0,111,66,0,66,177
03/18/2013,YIP,MI,AGL,CE,Towers with Radar,8,11,18,0,37,0,0,2,0,2,8,11,20,0,39,12,0,12,51
03/19/2013,YIP,MI,AGL,CE,Towers with Radar,11,25,56,0,92,0,0,4,0,4,11,25,60,0,96,6,0,6,102
03/20/2013,YIP,MI,AGL,CE,Towers with Radar,8,29,54,0,91,0,0,26,0,26,8,29,80,0,117,80,0,80,197
03/21/2013,YIP,MI,AGL,CE,Towers with Radar,14,28,29,0,71,0,1,25,1,27,14,29,54,1,98,50,0,50,148
03/22/2013,YIP,MI,AGL,CE,Towers with Radar,15,28,40,5,88,0,0,69,0,69,15,28,109,5,157,144,6,150,307
03/23/2013,YIP,MI,AGL,CE,Towers with Radar,4,15,12,0,31,0,0,60,0,60,4,15,72,0,91,227,0,227,318
03/24/2013,YIP,MI,AGL,CE,Towers with Radar,6,7,25,1,39,0,0,13,0,13,6,7,38,1,52,54,0,54,106
03/25/2013,YIP,MI,AGL,CE,Towers with Radar,11,23,13,0,47,0,1,5,0,6,11,24,18,0,53,24,0,24,77
03/26/2013,YIP,MI,AGL,CE,Towers with Radar,22,32,44,0,98,0,1,32,2,35,22,33,76,2,133,88,16,104,237
03/27/2013,YIP,MI,AGL,CE,Towers with Radar,18,39,58,0,115,0,2,66,0,68,18,41,124,0,183,192,0,192,375
03/28/2013,YIP,MI,AGL,CE,Towers with Radar,12,29,31,0,72,0,0,60,1,61,12,29,91,1,133,168,0,168,301
03/29/2013,YIP,MI,AGL,CE,Towers with Radar,6,14,31,1,52,0,1,114,0,115,6,15,145,1,167,304,0,304,471
03/30/2013,YIP,MI,AGL,CE,Towers with Radar,5,5,19,1,30,0,0,76,0,76,5,5,95,1,106,192,0,192,298
03/31/2013,YIP,MI,AGL,CE,Towers with Radar,4,7,15,0,26,0,0,4,0,4,4,7,19,0,30,6,0,6,36
04/01/2013,YIP,MI,AGL,CE,Towers with Radar,6,22,39,0,67,0,0,24,0,24,6,22,63,0,91,64,0,64,155
04/02/2013,YIP,MI,AGL,CE,Towers with Radar,5,32,39,0,76,0,1,40,2,43,5,33,79,2,119,90,0,90,209
04/03/2013,YIP,MI,AGL,CE,Towers with Radar,8,27,59,0,94,0,0,50,0,50,8,27,109,0,144,176,0,176,320
04/04/2013,YIP,MI,AGL,CE,Towers with Radar,9,30,47,0,86,0,2,60,0,62,9,32,107,0,148,256,0,256,404
04/05/2013,YIP,MI,AGL,CE,Towers with Radar,15,33,37,0,85,0,0,76,1,77,15,33,113,1,162,198,0,198,360
04/06/2013,YIP,MI,AGL,CE,Towers with Radar,4,21,38,0,63,0,0,27,0,27,4,21,65,0,90,52,0,52,142
04/07/2013,YIP,MI,AGL,CE,Towers with Radar,4,7,18,0,29,0,0,12,0,12,4,7,30,0,41,6,0,6,47
04/08/2013,YIP,MI,AGL,CE,Towers with Radar,0,21,41,0,62,0,0,18,0,18,0,21,59,0,80,110,0,110,190
04/09/2013,YIP,MI,AGL,CE,Towers with Radar,14,43,65,0,122,0,0,20,0,20,14,43,85,0,142,80,0,80,222
04/10/2013,YIP,MI,AGL,CE,Towers with Radar,10,27,50,0,87,0,0,0,0,0,10,27,50,0,87,0,0,0,87
04/11/2013,YIP,MI,AGL,CE,Towers with Radar,12,43,34,0,89,0,0,0,0,0,12,43,34,0,89,0,0,0,89
04/12/2013,YIP,MI,AGL,CE,Towers with Radar,12,40,32,0,84,0,0,5,0,5,12,40,37,0,89,22,0,22,111
04/13/2013,YIP,MI,AGL,CE,Towers with Radar,2,11,15,0,28,0,0,5,0,5,2,11,20,0,33,8,0,8,41
04/14/2013,YIP,MI,AGL,CE,Towers with Radar,6,5,19,0,30,0,0,33,0,33,6,5,52,0,63,104,0,104,167
04/15/2013,YIP,MI,AGL,CE,Towers with Radar,6,24,38,0,68,0,0,26,0,26,6,24,64,0,94,42,0,42,136
04/16/2013,YIP,MI,AGL,CE,Towers with Radar,10,24,48,0,82,0,1,39,0,40,10,25,87,0,122,146,0,146,268
04/17/2013,YIP,MI,AGL,CE,Towers with Radar,6,27,41,0,74,0,0,49,0,49,6,27,90,0,123,248,0,248,371
04/18/2013,YIP,MI,AGL,CE,Towers with Radar,12,20,34,0,66,0,0,1,0,1,12,20,35,0,67,10,0,10,77
04/19/2013,YIP,MI,AGL,CE,Towers with Radar,11,13,13,0,37,0,0,1,0,1,11,13,14,0,38,0,0,0,38
04/20/2013,YIP,MI,AGL,CE,Towers with Radar,1,6,23,0,30,0,0,24,0,24,1,6,47,0,54,54,0,54,108
04/21/2013,YIP,MI,AGL,CE,Towers with Radar,0,4,23,0,27,0,0,86,5,91,0,4,109,5,118,130,0,130,248
04/22/2013,YIP,MI,AGL,CE,Towers with Radar,7,13,78,0,98,0,0,110,0,110,7,13,188,0,208,280,0,280,488
04/23/2013,YIP,MI,AGL,CE,Towers with Radar,16,22,41,0,79,0,19,59,1,79,16,41,100,1,158,148,0,148,306
04/24/2013,YIP,MI,AGL,CE,Towers with Radar,12,22,27,0,61,0,0,4,0,4,12,22,31,0,65,28,0,28,93
04/25/2013,YIP,MI,AGL,CE,Towers with Radar,16,35,35,0,86,0,0,40,0,40,16,35,75,0,126,106,0,106,232
04/26/2013,YIP,MI,AGL,CE,Towers with Radar,8,35,56,0,99,2,0,59,0,61,10,35,115,0,160,244,0,244,404
04/27/2013,YIP,MI,AGL,CE,Towers with Radar,4,13,22,0,39,0,2,69,0,71,4,15,91,0,110,92,0,92,202
04/28/2013,YIP,MI,AGL,CE,Towers with Radar,3,13,18,0,34,0,0,6,0,6,3,13,24,0,40,10,0,10,50
04/29/2013,YIP,MI,AGL,CE,Towers with Radar,6,26,34,0,66,0,2,39,0,41,6,28,73,0,107,220,0,220,327
04/30/2013,YIP,MI,AGL,CE,Towers with Radar,7,34,61,0,102,0,1,29,0,30,7,35,90,0,132,114,0,114,246
05/01/2013,YIP,MI,AGL,CE,Towers with Radar,7,26,61,0,94,0,0,72,0,72,7,26,133,0,166,270,0,270,436
05/02/2013,YIP,MI,AGL,CE,Towers with Radar,10,29,69,0,108,0,0,91,0,91,10,29,160,0,199,166,0,166,365
05/03/2013,YIP,MI,AGL,CE,Towers with Radar,6,37,51,0,94,0,6,42,0,48,6,43,93,0,142,122,0,122,264
05/04/2013,YIP,MI,AGL,CE,Towers with Radar,5,23,32,0,60,0,0,44,0,44,5,23,76,0,104,72,0,72,176
05/05/2013,YIP,MI,AGL,CE,Towers with Radar,2,12,13,0,27,0,0,32,0,32,2,12,45,0,59,52,0,52,111
05/06/2013,YIP,MI,AGL,CE,Towers with Radar,9,23,32,0,64,0,1,61,0,62,9,24,93,0,126,186,0,186,312
05/07/2013,YIP,MI,AGL,CE,Towers with Radar,8,28,39,0,75,0,1,55,0,56,8,29,94,0,131,148,0,148,279
05/08/2013,YIP,MI,AGL,CE,Towers with Radar,12,28,40,0,80,0,1,28,0,29,12,29,68,0,109,94,0,94,203
05/09/2013,YIP,MI,AGL,CE,Towers with Radar,10,33,52,0,95,0,0,45,0,45,10,33,97,0,140,86,0,86,226
05/10/2013,YIP,MI,AGL,CE,Towers with Radar,12,38,45,0,95,0,0,12,0,12,12,38,57,0,107,16,0,16,123
05/11/2013,YIP,MI,AGL,CE,Towers with Radar,7,15,24,0,46,0,0,5,0,5,7,15,29,0,51,8,0,8,59
05/12/2013,YIP,MI,AGL,CE,Towers with Radar,2,15,5,0,22,0,1,1,0,2,2,16,6,0,24,30,0,30,54
05/13/2013,YIP,MI,AGL,CE,Towers with Radar,8,14,37,0,59,0,2,68,0,70,8,16,105,0,129,178,0,178,307
05/14/2013,YIP,MI,AGL,CE,Towers with Radar,9,24,48,0,81,0,0,55,0,55,9,24,103,0,136,182,0,182,318
05/15/2013,YIP,MI,AGL,CE,Towers with Radar,9,40,34,0,83,0,0,40,0,40,9,40,74,0,123,16,0,16,139
05/16/2013,YIP,MI,AGL,CE,Towers with Radar,11,28,48,0,87,0,0,64,0,64,11,28,112,0,151,122,0,122,273
05/17/2013,YIP,MI,AGL,CE,Towers with Radar,16,36,47,0,99,0,4,65,0,69,16,40,112,0,168,130,0,130,298
05/18/2013,YIP,MI,AGL,CE,Towers with Radar,8,11,23,0,42,0,0,49,0,49,8,11,72,0,91,28,0,28,119
05/19/2013,YIP,MI,AGL,CE,Towers with Radar,3,12,11,0,26,0,0,36,0,36,3,12,47,0,62,74,0,74,136
05/20/2013,YIP,MI,AGL,CE,Towers with Radar,5,14,48,0,67,0,0,41,0,41,5,14,89,0,108,122,0,122,230
05/21/2013,YIP,MI,AGL,CE,Towers with Radar,14,23,51,0,88,0,0,42,0,42,14,23,93,0,130,130,0,130,260
05/22/2013,YIP,MI,AGL,CE,Towers with Radar,6,19,40,0,65,0,0,11,0,11,6,19,51,0,76,52,0,52,128
05/23/2013,YIP,MI,AGL,CE,Towers with Radar,6,49,53,0,108,0,0,5,0,5,6,49,58,0,113,30,0,30,143
05/24/2013,YIP,MI,AGL,CE,Towers with Radar,8,33,24,0,65,0,0,51,0,51,8,33,75,0,116,140,0,140,256
05/25/2013,YIP,MI,AGL,CE,Towers with Radar,7,24,23,0,54,0,1,37,0,38,7,25,60,0,92,32,0,32,124
05/26/2013,YIP,MI,AGL,CE,Towers with Radar,3,7,12,0,22,0,0,44,0,44,3,7,56,0,66,64,0,64,130
05/27/2013,YIP,MI,AGL,CE,Towers with Radar,6,5,15,0,26,0,0,49,0,49,6,5,64,0,75,50,0,50,125
05/28/2013,YIP,MI,AGL,CE,Towers with Radar,9,15,32,0,56,0,0,8,0,8,9,15,40,0,64,26,0,26,90
05/29/2013,YIP,MI,AGL,CE,Towers with Radar,20,28,47,0,95,0,0,41,0,41,20,28,88,0,136,120,0,120,256
05/30/2013,YIP,MI,AGL,CE,Towers with Radar,4,29,43,0,76,0,0,30,0,30,4,29,73,0,106,76,0,76,182
05/31/2013,YIP,MI,AGL,CE,Towers with Radar,7,22,20,3,52,0,0,14,0,14,7,22,34,3,66,38,4,42,108
06/01/2013,YIP,MI,AGL,CE,Towers with Radar,3,6,12,0,21,0,0,11,0,11,3,6,23,0,32,56,0,56,88
06/02/2013,YIP,MI,AGL,CE,Towers with Radar,1,6,11,0,18,0,0,28,0,28,1,6,39,0,46,38,0,38,84
06/03/2013,YIP,MI,AGL,CE,Towers with Radar,5,19,46,2,72,0,0,68,0,68,5,19,114,2,140,124,0,124,264
06/04/2013,YIP,MI,AGL,CE,Towers with Radar,21,44,74,0,139,0,0,77,0,77,21,44,151,0,216,114,0,114,330
06/05/2013,YIP,MI,AGL,CE,Towers with Radar,15,59,33,0,107,0,0,75,0,75,15,59,108,0,182,154,0,154,336
06/06/2013,YIP,MI,AGL,CE,Towers with Radar,13,34,47,0,94,0,0,62,0,62,13,34,109,0,156,100,0,100,256
06/07/2013,YIP,MI,AGL,CE,Towers with Radar,6,32,51,0,89,0,0,12,0,12,6,32,63,0,101,12,0,12,113
06/08/2013,YIP,MI,AGL,CE,Towers with Radar,1,8,26,0,35,0,1,53,0,54,1,9,79,0,89,116,0,116,205
06/09/2013,YIP,MI,AGL,CE,Towers with Radar,2,3,18,0,23,0,0,35,0,35,2,3,53,0,58,86,0,86,144
06/10/2013,YIP,MI,AGL,CE,Towers with Radar,3,30,41,0,74,0,0,4,0,4,3,30,45,0,78,22,0,22,100
06/11/2013,YIP,MI,AGL,CE,Towers with Radar,11,33,55,0,99,0,14,55,0,69,11,47,110,0,168,172,0,172,340
06/12/2013,YIP,MI,AGL,CE,Towers with Radar,13,36,41,0,90,0,1,48,0,49,13,37,89,0,139,126,0,126,265
06/13/2013,YIP,MI,AGL,CE,Towers with Radar,9,38,60,0,107,0,0,38,0,38,9,38,98,0,145,78,0,78,223
06/14/2013,YIP,MI,AGL,CE,Towers with Radar,9,23,19,0,51,0,2,80,0,82,9,25,99,0,133,146,0,146,279
06/15/2013,YIP,MI,AGL,CE,Towers with Radar,2,10,32,0,44,0,0,51,0,51,2,10,83,0,95,80,0,80,175
06/16/2013,YIP,MI,AGL,CE,Towers with Radar,4,14,36,0,54,0,0,25,0,25,4,14,61,0,79,40,0,40,119
06/17/2013,YIP,MI,AGL,CE,Towers with Radar,8,26,30,0,64,0,2,48,0,50,8,28,78,0,114,110,0,110,224
06/18/2013,YIP,MI,AGL,CE,Towers with Radar,5,32,33,0,70,0,1,65,0,66,5,33,98,0,136,78,0,78,214
06/19/2013,YIP,MI,AGL,CE,Towers with Radar,9,25,51,0,85,0,1,75,0,76,9,26,126,0,161,196,0,196,357
06/20/2013,YIP,MI,AGL,CE,Towers with Radar,7,29,36,0,72,0,1,49,0,50,7,30,85,0,122,134,0,134,256
06/21/2013,YIP,MI,AGL,CE,Towers with Radar,5,39,24,2,70,0,1,51,0,52,5,40,75,2,122,110,0,110,232
06/22/2013,YIP,MI,AGL,CE,Towers with Radar,1,15,8,0,24,0,0,17,0,17,1,15,25,0,41,22,0,22,63
06/23/2013,YIP,MI,AGL,CE,Towers with Radar,2,12,7,0,21,0,0,37,0,37,2,12,44,0,58,4,0,4,62
06/24/2013,YIP,MI,AGL,CE,Towers with Radar,7,28,41,0,76,0,0,44,0,44,7,28,85,0,120,152,0,152,272
06/25/2013,YIP,MI,AGL,CE,Towers with Radar,14,42,30,0,86,0,0,17,0,17,14,42,47,0,103,80,0,80,183
06/26/2013,YIP,MI,AGL,CE,Towers with Radar,10,37,40,0,87,0,0,40,0,40,10,37,80,0,127,116,0,116,243
06/27/2013,YIP,MI,AGL,CE,Towers with Radar,11,50,36,0,97,0,1,11,0,12,11,51,47,0,109,80,0,80,189
06/28/2013,YIP,MI,AGL,CE,Towers with Radar,6,38,25,0,69,0,0,15,0,15,6,38,40,0,84,40,0,40,124
06/29/2013,YIP,MI,AGL,CE,Towers with Radar,0,14,23,0,37,0,0,3,0,3,0,14,26,0,40,0,0,0,40
06/30/2013,YIP,MI,AGL,CE,Towers with Radar,4,4,2,0,10,0,0,37,0,37,4,4,39,0,47,52,0,52,99
07/01/2013,YIP,MI,AGL,CE,Towers with Radar,3,16,37,0,56,0,0,31,0,31,3,16,68,0,87,90,0,90,177
07/02/2013,YIP,MI,AGL,CE,Towers with Radar,5,29,45,0,79,0,0,31,0,31,5,29,76,0,110,162,0,162,272
07/03/2013,YIP,MI,AGL,CE,Towers with Radar,8,32,32,0,72,0,0,18,0,18,8,32,50,0,90,54,0,54,144
07/04/2013,YIP,MI,AGL,CE,Towers with Radar,9,14,11,0,34,0,0,16,0,16,9,14,27,0,50,26,0,26,76
07/05/2013,YIP,MI,AGL,CE,Towers with Radar,0,17,22,0,39,0,0,31,0,31,0,17,53,0,70,42,0,42,112
07/06/2013,YIP,MI,AGL,CE,Towers with Radar,2,7,17,0,26,0,0,33,0,33,2,7,50,0,59,18,0,18,77
07/07/2013,YIP,MI,AGL,CE,Towers with Radar,0,8,13,0,21,0,0,14,0,14,0,8,27,0,35,12,0,12,47
07/08/2013,YIP,MI,AGL,CE,Towers with Radar,4,23,43,0,70,0,0,11,0,11,4,23,54,0,81,66,0,66,147
07/09/2013,YIP,MI,AGL,CE,Towers with Radar,5,31,49,4,89,0,0,17,0,17,5,31,66,4,106,38,0,38,144
07/10/2013,YIP,MI,AGL,CE,Towers with Radar,6,30,34,0,70,0,3,29,0,32,6,33,63,0,102,24,0,24,126
07/11/2013,YIP,MI,AGL,CE,Towers with Radar,1,46,39,0,86,0,1,57,0,58,1,47,96,0,144,80,0,80,224
07/12/2013,YIP,MI,AGL,CE,Towers with Radar,6,28,41,0,75,0,2,80,0,82,6,30,121,0,157,84,0,84,241
07/13/2013,YIP,MI,AGL,CE,Towers with Radar,1,12,21,2,36,0,1,43,0,44,1,13,64,2,80,48,0,48,128
07/14/2013,YIP,MI,AGL,CE,Towers with Radar,0,13,18,0,31,0,3,53,0,56,0,16,71,0,87,54,0,54,141
07/15/2013,YIP,MI,AGL,CE,Towers with Radar,0,18,43,0,61,0,0,39,0,39,0,18,82,0,100,66,0,66,166
07/16/2013,YIP,MI,AGL,CE,Towers with Radar,1,35,46,0,82,0,2,36,0,38,1,37,82,0,120,106,0,106,226
07/17/2013,YIP,MI,AGL,CE,Towers with Radar,2,29,37,0,68,0,0,67,0,67,2,29,104,0,135,52,0,52,187
07/18/2013,YIP,MI,AGL,CE,Towers with Radar,2,20,43,0,65,0,0,35,0,35,2,20,78,0,100,94,0,94,194
07/19/2013,YIP,MI,AGL,CE,Towers with Radar,2,21,20,0,43,0,0,33,0,33,2,21,53,0,76,30,0,30,106
07/20/2013,YIP,MI,AGL,CE,Towers with Radar,1,6,19,0,26,0,0,49,0,49,1,6,68,0,75,72,0,72,147
07/21/2013,YIP,MI,AGL,CE,Towers with Radar,1,9,19,0,29,0,1,59,0,60,1,10,78,0,89,52,0,52,141
07/22/2013,YIP,MI,AGL,CE,Towers with Radar,3,22,29,0,54,0,1,59,0,60,3,23,88,0,114,86,0,86,200
07/23/2013,YIP,MI,AGL,CE,Towers with Radar,1,26,51,0,78,0,0,32,0,32,1,26,83,0,110,42,0,42,152
07/24/2013,YIP,MI,AGL,CE,Towers with Radar,2,28,49,0,79,0,0,76,0,76,2,28,125,0,155,94,0,94,249
07/25/2013,YIP,MI,AGL,CE,Towers with Radar,5,24,37,0,66,0,0,94,0,94,5,24,131,0,160,70,0,70,230
07/26/2013,YIP,MI,AGL,CE,Towers with Radar,3,20,16,0,39,0,0,49,0,49,3,20,65,0,88,94,0,94,182
07/27/2013,YIP,MI,AGL,CE,Towers with Radar,3,6,17,0,26,0,1,42,0,43,3,7,59,0,69,12,0,12,81
07/28/2013,YIP,MI,AGL,CE,Towers with Radar,0,14,23,0,37,0,0,20,0,20,0,14,43,0,57,48,0,48,105
07/29/2013,YIP,MI,AGL,CE,Towers with Radar,0,16,38,0,54,0,0,46,0,46,0,16,84,0,100,106,0,106,206
07/30/2013,YIP,MI,AGL,CE,Towers with Radar,3,41,60,0,104,0,1,52,0,53,3,42,112,0,157,136,0,136,293
07/31/2013,YIP,MI,AGL,CE,Towers with Radar,4,41,26,0,71,0,0,25,0,25,4,41,51,0,96,140,0,140,236
08/01/2013,YIP,MI,AGL,CE,Towers with Radar,9,29,39,0,77,0,0,22,0,22,9,29,61,0,99,44,0,44,143
08/02/2013,YIP,MI,AGL,CE,Towers with Radar,5,28,20,0,53,0,1,45,0,46,5,29,65,0,99,108,0,108,207
08/03/2013,YIP,MI,AGL,CE,Towers with Radar,5,11,19,0,35,0,1,54,0,55,5,12,73,0,90,32,0,32,122
08/04/2013,YIP,MI,AGL,CE,Towers with Radar,1,3,14,0,18,0,7,47,0,54,1,10,61,0,72,78,0,78,150
08/05/2013,YIP,MI,AGL,CE,Towers with Radar,5,18,32,0,55,0,0,71,0,71,5,18,103,0,126,106,0,106,232
08/06/2013,YIP,MI,AGL,CE,Towers with Radar,4,23,43,2,72,0,1,47,0,48,4,24,90,2,120,110,0,110,230
08/07/2013,YIP,MI,AGL,CE,Towers with Radar,4,24,23,0,51,0,0,18,0,18,4,24,41,0,69,64,0,64,133
08/08/2013,YIP,MI,AGL,CE,Towers with Radar,7,29,33,0,69,0,2,25,0,27,7,31,58,0,96,130,0,130,226
08/09/2013,YIP,MI,AGL,CE,Towers with Radar,3,13,26,2,44,0,6,92,1,99,3,19,118,3,143,114,30,144,287
08/10/2013,YIP,MI,AGL,CE,Towers with Radar,1,10,12,0,23,0,0,189,0,189,1,10,201,0,212,632,0,632,844
08/11/2013,YIP,MI,AGL,CE,Towers with Radar,3,5,10,1,19,0,0,155,0,155,3,5,165,1,174,510,0,510,684
08/12/2013,YIP,MI,AGL,CE,Towers with Radar,3,15,23,0,41,0,0,9,0,9,3,15,32,0,50,0,0,0,50
08/13/2013,YIP,MI,AGL,CE,Towers with Radar,9,25,29,0,63,0,0,46,0,46,9,25,75,0,109,149,0,149,258
08/14/2013,YIP,MI,AGL,CE,Towers with Radar,5,29,28,0,62,0,0,79,0,79,5,29,107,0,141,206,0,206,347
08/15/2013,YIP,MI,AGL,CE,Towers with Radar,8,30,57,0,95,0,0,101,0,101,8,30,158,0,196,190,0,190,386
08/16/2013,YIP,MI,AGL,CE,Towers with Radar,5,23,25,0,53,0,0,77,0,77,5,23,102,0,130,134,0,134,264
08/17/2013,YIP,MI,AGL,CE,Towers with Radar,1,5,37,0,43,0,0,62,0,62,1,5,99,0,105,56,0,56,161
08/18/2013,YIP,MI,AGL,CE,Towers with Radar,4,10,38,0,52,0,0,36,0,36,4,10,74,0,88,40,0,40,128
08/19/2013,YIP,MI,AGL,CE,Towers with Radar,3,21,36,0,60,0,2,61,0,63,3,23,97,0,123,140,0,140,263
08/20/2013,YIP,MI,AGL,CE,Towers with Radar,15,17,30,0,62,0,0,61,1,62,15,17,91,1,124,68,0,68,192
08/21/2013,YIP,MI,AGL,CE,Towers with Radar,8,40,51,2,101,0,0,65,0,65,8,40,116,2,166,102,0,102,268
08/22/2013,YIP,MI,AGL,CE,Towers with Radar,16,34,52,0,102,0,0,36,0,36,16,34,88,0,138,94,0,94,232
08/23/2013,YIP,MI,AGL,CE,Towers with Radar,3,22,30,0,55,0,0,56,0,56,3,22,86,0,111,104,0,104,215
08/24/2013,YIP,MI,AGL,CE,Towers with Radar,1,19,19,0,39,0,0,48,0,48,1,19,67,0,87,68,0,68,155
08/25/2013,YIP,MI,AGL,CE,Towers with Radar,1,11,28,0,40,0,0,48,0,48,1,11,76,0,88,84,0,84,172
08/26/2013,YIP,MI,AGL,CE,Towers with Radar,8,19,34,0,61,0,0,57,0,57,8,19,91,0,118,106,0,106,224
08/27/2013,YIP,MI,AGL,CE,Towers with Radar,10,29,62,0,101,0,0,16,2,18,10,29,78,2,119,102,0,102,221
08/28/2013,YIP,MI,AGL,CE,Towers with Radar,11,44,53,0,108,0,1,28,0,29,11,45,81,0,137,108,0,108,245
08/29/2013,YIP,MI,AGL,CE,Towers with Radar,9,54,49,0,112,0,0,36,0,36,9,54,85,0,148,104,0,104,252
08/30/2013,YIP,MI,AGL,CE,Towers with Radar,12,47,25,0,84,0,5,50,0,55,12,52,75,0,139,108,0,108,247
08/31/2013,YIP,MI,AGL,CE,Towers with Radar,4,14,23,0,41,0,0,17,0,17,4,14,40,0,58,44,0,44,102
09/01/2013,YIP,MI,AGL,CE,Towers with Radar,4,6,11,0,21,0,0,7,0,7,4,6,18,0,28,0,0,0,28
09/02/2013,YIP,MI,AGL,CE,Towers with Radar,2,6,23,0,31,0,2,25,0,27,2,8,48,0,58,40,0,40,98
09/03/2013,YIP,MI,AGL,CE,Towers with Radar,10,17,48,0,75,0,0,43,0,43,10,17,91,0,118,174,0,174,292
09/04/2013,YIP,MI,AGL,CE,Towers with Radar,8,37,47,0,92,0,2,51,0,53,8,39,98,0,145,90,0,90,235
09/05/2013,YIP,MI,AGL,CE,Towers with Radar,10,24,34,1,69,0,2,57,0,59,10,26,91,1,128,88,0,88,216
09/06/2013,YIP,MI,AGL,CE,Towers with Radar,8,43,55,0,106,0,8,74,3,85,8,51,129,3,191,144,0,144,335
09/07/2013,YIP,MI,AGL,CE,Towers with Radar,6,34,47,1,88,1,6,37,1,45,7,40,84,2,133,40,0,40,173
09/08/2013,YIP,MI,AGL,CE,Towers with Radar,1,36,74,2,113,0,4,32,0,36,1,40,106,2,149,68,0,68,217
09/09/2013,YIP,MI,AGL,CE,Towers with Radar,3,13,37,1,54,0,0,17,0,17,3,13,54,1,71,74,0,74,145
09/10/2013,YIP,MI,AGL,CE,Towers with Radar,8,27,37,1,73,0,0,53,0,53,8,27,90,1,126,122,0,122,248
09/11/2013,YIP,MI,AGL,CE,Towers with Radar,11,16,38,0,65,0,0,51,0,51,11,16,89,0,116,98,0,98,214
09/12/2013,YIP,MI,AGL,CE,Towers with Radar,23,36,36,0,95,0,0,45,0,45,23,36,81,0,140,66,0,66,206
09/13/2013,YIP,MI,AGL,CE,Towers with Radar,10,15,28,1,54,0,0,58,0,58,10,15,86,1,112,114,0,114,226
09/14/2013,YIP,MI,AGL,CE,Towers with Radar,7,12,9,0,28,0,0,93,1,94,7,12,102,1,122,56,0,56,178
09/15/2013,YIP,MI,AGL,CE,Towers with Radar,2,10,32,1,45,0,0,34,0,34,2,10,66,1,79,44,0,44,123
09/16/2013,YIP,MI,AGL,CE,Towers with Radar,8,12,33,0,53,0,0,36,0,36,8,12,69,0,89,86,0,86,175
09/17/2013,YIP,MI,AGL,CE,Towers with Radar,16,27,54,0,97,0,2,80,0,82,16,29,134,0,179,134,0,134,313
09/18/2013,YIP,MI,AGL,CE,Towers with Radar,13,31,35,0,79,0,0,73,0,73,13,31,108,0,152,184,0,184,336
09/19/2013,YIP,MI,AGL,CE,Towers with Radar,9,30,41,0,80,0,2,17,0,19,9,32,58,0,99,32,0,32,131
09/20/2013,YIP,MI,AGL,CE,Towers with Radar,20,28,41,0,89,0,0,9,0,9,20,28,50,0,98,32,0,32,130
09/21/2013,YIP,MI,AGL,CE,Towers with Radar,8,15,13,0,36,0,1,23,0,24,8,16,36,0,60,84,0,84,144
09/22/2013,YIP,MI,AGL,CE,Towers with Radar,4,12,13,0,29,0,0,31,0,31,4,12,44,0,60,46,0,46,106
09/23/2013,YIP,MI,AGL,CE,Towers with Radar,3,17,37,0,57,0,0,67,0,67,3,17,104,0,124,140,0,140,264
09/24/2013,YIP,MI,AGL,CE,Towers with Radar,8,24,38,0,70,0,0,75,0,75,8,24,113,0,145,166,0,166,311
09/25/2013,YIP,MI,AGL,CE,Towers with Radar,11,31,38,0,80,0,0,60,0,60,11,31,98,0,140,100,0,100,240
09/26/2013,YIP,MI,AGL,CE,Towers with Radar,13,32,35,2,82,0,0,73,0,73,13,32,108,2,155,108,0,108,263
09/27/2013,YIP,MI,AGL,CE,Towers with Radar,17,23,40,0,80,0,0,77,0,77,17,23,117,0,157,134,0,134,291
09/28/2013,YIP,MI,AGL,CE,Towers with Radar,1,8,15,0,24,0,0,59,0,59,1,8,74,0,83,28,0,28,111
09/29/2013,YIP,MI,AGL,CE,Towers with Radar,4,7,37,0,48,0,0,2,0,2,4,7,39,0,50,6,0,6,56
09/30/2013,YIP,MI,AGL,CE,Towers with Radar,5,11,44,0,60,0,1,40,0,41,5,12,84,0,101,130,0,130,231
10/01/2013,YIP,MI,AGL,CE,Towers with Radar,6,30,29,0,65,0,0,16,0,16,6,30,45,0,81,84,0,84,165
10/02/2013,YIP,MI,AGL,CE,Towers with Radar,16,37,39,0,92,0,1,66,0,67,16,38,105,0,159,226,0,226,385
10/03/2013,YIP,MI,AGL,CE,Towers with Radar,31,32,52,0,115,0,0,23,0,23,31,32,75,0,138,116,0,116,254
10/04/2013,YIP,MI,AGL,CE,Towers with Radar,26,28,32,0,86,0,0,38,0,38,26,28,70,0,124,182,0,182,306
10/05/2013,YIP,MI,AGL,CE,Towers with Radar,4,25,14,0,43,0,0,17,0,17,4,25,31,0,60,60,0,60,120
10/06/2013,YIP,MI,AGL,CE,Towers with Radar,6,16,17,0,39,0,0,0,0,0,6,16,17,0,39,0,0,0,39
10/07/2013,YIP,MI,AGL,CE,Towers with Radar,21,28,21,0,70,0,1,25,0,26,21,29,46,0,96,144,0,144,240
10/08/2013,YIP,MI,AGL,CE,Towers with Radar,30,28,55,0,113,0,1,97,1,99,30,29,152,1,212,186,0,186,398
10/09/2013,YIP,MI,AGL,CE,Towers with Radar,17,29,48,0,94,0,1,48,0,49,17,30,96,0,143,216,0,216,359
10/10/2013,YIP,MI,AGL,CE,Towers with Radar,16,35,37,0,88,0,0,52,0,52,16,35,89,0,140,110,0,110,250
10/11/2013,YIP,MI,AGL,CE,Towers with Radar,14,27,39,0,80,0,0,82,0,82,14,27,121,0,162,90,0,90,252
10/12/2013,YIP,MI,AGL,CE,Towers with Radar,7,19,10,0,36,0,0,42,0,42,7,19,52,0,78,72,0,72,150
10/13/2013,YIP,MI,AGL,CE,Towers with Radar,3,8,9,0,20,0,0,38,0,38,3,8,47,0,58,24,0,24,82
10/14/2013,YIP,MI,AGL,CE,Towers with Radar,5,17,26,0,48,0,0,66,0,66,5,17,92,0,114,176,0,176,290
10/15/2013,YIP,MI,AGL,CE,Towers with Radar,6,30,54,0,90,0,1,30,0,31,6,31,84,0,121,114,0,114,235
10/16/2013,YIP,MI,AGL,CE,Towers with Radar,19,32,35,0,86,0,0,30,0,30,19,32,65,0,116,86,0,86,202
10/17/2013,YIP,MI,AGL,CE,Towers with Radar,17,30,49,0,96,0,0,10,0,10,17,30,59,0,106,54,0,54,160
10/18/2013,YIP,MI,AGL,CE,Towers with Radar,20,40,65,1,126,0,0,79,0,79,20,40,144,1,205,197,0,197,402
10/19/2013,YIP,MI,AGL,CE,Towers with Radar,23,27,31,0,81,0,1,3,0,4,23,28,34,0,85,50,0,50,135
10/20/2013,YIP,MI,AGL,CE,Towers with Radar,4,26,43,1,74,0,0,44,0,44,4,26,87,1,118,66,0,66,184
10/21/2013,YIP,MI,AGL,CE,Towers with Radar,10,25,34,0,69,0,0,38,0,38,10,25,72,0,107,168,0,168,275
10/22/2013,YIP,MI,AGL,CE,Towers with Radar,8,30,48,0,86,0,0,72,0,72,8,30,120,0,158,120,0,120,278
10/23/2013,YIP,MI,AGL,CE,Towers with Radar,19,29,30,1,79,0,0,43,0,43,19,29,73,1,122,282,0,282,404
10/24/2013,YIP,MI,AGL,CE,Towers with Radar,13,32,46,1,92,0,0,42,0,42,13,32,88,1,134,178,0,178,312
10/25/2013,YIP,MI,AGL,CE,Towers with Radar,11,22,35,0,68,0,1,52,0,53,11,23,87,0,121,60,0,60,181
10/26/2013,YIP,MI,AGL,CE,Towers with Radar,10,15,5,0,30,0,0,9,0,9,10,15,14,0,39,26,0,26,65
10/27/2013,YIP,MI,AGL,CE,Towers with Radar,4,21,23,0,48,0,2,41,0,43,4,23,64,0,91,74,0,74,165
10/28/2013,YIP,MI,AGL,CE,Towers with Radar,7,29,31,0,67,0,0,47,0,47,7,29,78,0,114,184,0,184,298
10/29/2013,YIP,MI,AGL,CE,Towers with Radar,9,36,52,0,97,0,5,85,0,90,9,41,137,0,187,310,0,310,497
10/30/2013,YIP,MI,AGL,CE,Towers with Radar,10,28,43,0,81,0,0,53,0,53,10,28,96,0,134,206,0,206,340
10/31/2013,YIP,MI,AGL,CE,Towers with Radar,10,34,25,0,69,0,0,0,0,0,10,34,25,0,69,0,0,0,69
11/01/2013,YIP,MI,AGL,CE,Towers with Radar,16,30,27,0,73,0,0,3,0,3,16,30,30,0,76,12,0,12,88
11/02/2013,YIP,MI,AGL,CE,Towers with Radar,7,10,22,0,39,0,0,11,0,11,7,10,33,0,50,60,0,60,110
11/03/2013,YIP,MI,AGL,CE,Towers with Radar,4,22,38,0,64,0,0,35,0,35,4,22,73,0,99,90,0,90,189
11/04/2013,YIP,MI,AGL,CE,Towers with Radar,10,25,46,0,81,0,0,57,0,57,10,25,103,0,138,192,0,192,330
11/05/2013,YIP,MI,AGL,CE,Towers with Radar,14,25,51,0,90,0,0,64,0,64,14,25,115,0,154,184,0,184,338
11/06/2013,YIP,MI,AGL,CE,Towers with Radar,9,30,21,0,60,0,0,7,0,7,9,30,28,0,67,0,0,0,67
11/07/2013,YIP,MI,AGL,CE,Towers with Radar,8,29,55,2,94,0,0,54,1,55,8,29,109,3,149,78,0,78,227
11/08/2013,YIP,MI,AGL,CE,Towers with Radar,2,31,37,0,70,0,0,80,0,80,2,31,117,0,150,188,0,188,338
11/09/2013,YIP,MI,AGL,CE,Towers with Radar,8,67,70,0,145,0,0,21,0,21,8,67,91,0,166,42,0,42,208
11/10/2013,YIP,MI,AGL,CE,Towers with Radar,4,14,22,0,40,0,0,15,0,15,4,14,37,0,55,12,0,12,67
11/11/2013,YIP,MI,AGL,CE,Towers with Radar,5,20,31,0,56,0,2,18,0,20,5,22,49,0,76,74,0,74,150
11/12/2013,YIP,MI,AGL,CE,Towers with Radar,13,23,45,0,81,0,0,56,2,58,13,23,101,2,139,138,0,138,277
11/13/2013,YIP,MI,AGL,CE,Towers with Radar,17,30,35,0,82,0,0,58,0,58,17,30,93,0,140,160,0,160,300
11/14/2013,YIP,MI,AGL,CE,Towers with Radar,19,49,47,0,115,0,1,41,0,42,19,50,88,0,157,72,0,72,229
11/15/2013,YIP,MI,AGL,CE,Towers with Radar,7,15,19,0,41,0,0,93,0,93,7,15,112,0,134,110,0,110,244
11/16/2013,YIP,MI,AGL,CE,Towers with Radar,5,7,22,0,34,0,0,50,0,50,5,7,72,0,84,206,0,206,290
11/17/2013,YIP,MI,AGL,CE,Towers with Radar,2,7,19,0,28,0,0,0,0,0,2,7,19,0,28,8,0,8,36
11/18/2013,YIP,MI,AGL,CE,Towers with Radar,1,8,23,0,32,0,0,6,0,6,1,8,29,0,38,4,0,4,42
11/19/2013,YIP,MI,AGL,CE,Towers with Radar,10,33,69,0,112,0,1,80,2,83,10,34,149,2,195,204,0,204,399
11/20/2013,YIP,MI,AGL,CE,Towers with Radar,6,27,51,0,84,0,0,62,0,62,6,27,113,0,146,160,0,160,306
11/21/2013,YIP,MI,AGL,CE,Towers with Radar,10,38,53,0,101,0,0,25,0,25,10,38,78,0,126,68,0,68,194
11/22/2013,YIP,MI,AGL,CE,Towers with Radar,10,26,29,0,65,0,0,3,0,3,10,26,32,0,68,2,0,2,70
11/23/2013,YIP,MI,AGL,CE,Towers with Radar,8,8,15,0,31,0,0,11,0,11,8,8,26,0,42,80,0,80,122
11/24/2013,YIP,MI,AGL,CE,Towers with Radar,9,5,12,0,26,0,0,30,0,30,9,5,42,0,56,18,0,18,74
11/25/2013,YIP,MI,AGL,CE,Towers with Radar,6,27,43,0,76,0,0,41,0,41,6,27,84,0,117,114,0,114,231
11/26/2013,YIP,MI,AGL,CE,Towers with Radar,6,28,46,0,80,0,0,57,0,57,6,28,103,0,137,134,0,134,271
11/27/2013,YIP,MI,AGL,CE,Towers with Radar,11,33,32,0,76,0,0,17,0,17,11,33,49,0,93,20,0,20,113
11/28/2013,YIP,MI,AGL,CE,Towers with Radar,5,22,8,0,35,0,0,0,0,0,5,22,8,0,35,0,0,0,35
11/29/2013,YIP,MI,AGL,CE,Towers with Radar,2,27,65,0,94,0,0,47,0,47,2,27,112,0,141,108,0,108,249
11/30/2013,YIP,MI,AGL,CE,Towers with Radar,3,38,36,0,77,0,0,33,0,33,3,38,69,0,110,140,0,140,250
12/01/2013,YIP,MI,AGL,CE,Towers with Radar,2,14,54,0,70,0,0,23,0,23,2,14,77,0,93,90,0,90,183
12/02/2013,YIP,MI,AGL,CE,Towers with Radar,1,21,35,0,57,0,0,48,0,48,1,21,83,0,105,174,0,174,279
12/03/2013,YIP,MI,AGL,CE,Towers with Radar,8,20,34,0,62,0,0,5,0,5,8,20,39,0,67,48,0,48,115
12/04/2013,YIP,MI,AGL,CE,Towers with Radar,5,31,39,0,75,0,0,5,0,5,5,31,44,0,80,44,0,44,124
12/05/2013,YIP,MI,AGL,CE,Towers with Radar,5,31,47,0,83,0,0,43,0,43,5,31,90,0,126,104,0,104,230
12/06/2013,YIP,MI,AGL,CE,Towers with Radar,4,25,48,0,77,0,0,52,0,52,4,25,100,0,129,188,0,188,317
12/07/2013,YIP,MI,AGL,CE,Towers with Radar,10,11,35,0,56,0,0,67,0,67,10,11,102,0,123,138,0,138,261
12/08/2013,YIP,MI,AGL,CE,Towers with Radar,2,7,17,0,26,0,0,8,0,8,2,7,25,0,34,52,0,52,86
12/09/2013,YIP,MI,AGL,CE,Towers with Radar,20,25,26,0,71,0,0,1,0,1,20,25,27,0,72,0,0,0,72
12/10/2013,YIP,MI,AGL,CE,Towers with Radar,15,45,27,1,88,0,1,52,0,53,15,46,79,1,141,82,0,82,223
12/11/2013,YIP,MI,AGL,CE,Towers with Radar,11,30,44,0,85,0,0,3,0,3,11,30,47,0,88,24,0,24,112
12/12/2013,YIP,MI,AGL,CE,Towers with Radar,7,23,29,0,59,0,0,47,0,47,7,23,76,0,106,142,0,142,248
12/13/2013,YIP,MI,AGL,CE,Towers with Radar,14,34,26,0,74,0,0,51,0,51,14,34,77,0,125,176,0,176,301
12/14/2013,YIP,MI,AGL,CE,Towers with Radar,13,19,10,0,42,0,0,0,0,0,13,19,10,0,42,0,0,0,42
12/15/2013,YIP,MI,AGL,CE,Towers with Radar,13,9,9,0,31,0,0,0,0,0,13,9,9,0,31,0,0,0,31
12/16/2013,YIP,MI,AGL,CE,Towers with Radar,14,21,37,0,72,0,0,50,0,50,14,21,87,0,122,130,0,130,252
12/17/2013,YIP,MI,AGL,CE,Towers with Radar,15,35,33,0,83,0,0,0,0,0,15,35,33,0,83,0,0,0,83
12/18/2013,YIP,MI,AGL,CE,Towers with Radar,18,40,54,0,112,0,0,55,0,55,18,40,109,0,167,170,0,170,337
12/19/2013,YIP,MI,AGL,CE,Towers with Radar,12,37,39,0,88,0,0,40,0,40,12,37,79,0,128,116,2,118,246
12/20/2013,YIP,MI,AGL,CE,Towers with Radar,10,21,10,0,41,0,0,0,0,0,10,21,10,0,41,0,0,0,41
12/21/2013,YIP,MI,AGL,CE,Towers with Radar,13,11,5,0,29,0,0,0,0,0,13,11,5,0,29,0,0,0,29
12/22/2013,YIP,MI,AGL,CE,Towers with Radar,7,12,13,0,32,0,0,0,0,0,7,12,13,0,32,0,0,0,32
12/23/2013,YIP,MI,AGL,CE,Towers with Radar,6,14,15,0,35,0,0,7,0,7,6,14,22,0,42,40,0,40,82
12/24/2013,YIP,MI,AGL,CE,Towers with Radar,6,11,6,0,23,0,0,29,0,29,6,11,35,0,52,74,0,74,126
12/25/2013,YIP,MI,AGL,CE,Towers with Radar,0,6,3,0,9,0,0,0,0,0,0,6,3,0,9,0,0,0,9
12/26/2013,YIP,MI,AGL,CE,Towers with Radar,0,8,9,0,17,0,0,6,0,6,0,8,15,0,23,10,0,10,33
12/27/2013,YIP,MI,AGL,CE,Towers with Radar,0,21,17,0,38,0,0,20,1,21,0,21,37,1,59,74,0,74,133
12/28/2013,YIP,MI,AGL,CE,Towers with Radar,1,1,27,0,29,0,0,44,0,44,1,1,71,0,73,60,0,60,133
12/29/2013,YIP,MI,AGL,CE,Towers with Radar,1,2,7,0,10,0,0,15,0,15,1,2,22,0,25,12,0,12,37
12/30/2013,YIP,MI,AGL,CE,Towers with Radar,1,7,19,0,27,0,0,20,0,20,1,7,39,0,47,80,0,80,127
12/31/2013,YIP,MI,AGL,CE,Towers with Radar,0,11,10,0,21,0,0,6,0,6,0,11,16,0,27,24,0,24,51
01/01/2014,YIP,MI,AGL,CE,Towers with Radar,0,25,28,0,53,0,0,0,0,0,0,25,28,0,53,0,0,0,53
01/02/2014,YIP,MI,AGL,CE,Towers with Radar,5,13,11,0,29,0,0,0,0,0,5,13,11,0,29,0,0,0,29
01/03/2014,YIP,MI,AGL,CE,Towers with Radar,7,18,10,0,35,0,0,25,0,25,7,18,35,0,60,84,0,84,144
01/04/2014,YIP,MI,AGL,CE,Towers with Radar,7,11,7,0,25,0,0,2,0,2,7,11,9,0,27,6,0,6,33
01/05/2014,YIP,MI,AGL,CE,Towers with Radar,0,8,4,0,12,0,0,0,0,0,0,8,4,0,12,0,0,0,12
01/06/2014,YIP,MI,AGL,CE,Towers with Radar,2,14,9,0,25,0,0,0,0,0,2,14,9,0,25,0,0,0,25
01/07/2014,YIP,MI,AGL,CE,Towers with Radar,6,39,24,0,69,0,0,3,0,3,6,39,27,0,72,16,0,16,88
01/08/2014,YIP,MI,AGL,CE,Towers with Radar,20,35,29,0,84,0,0,22,0,22,20,35,51,0,106,106,0,106,212
01/09/2014,YIP,MI,AGL,CE,Towers with Radar,24,43,33,0,100,0,0,36,0,36,24,43,69,0,136,150,0,150,286
01/10/2014,YIP,MI,AGL,CE,Towers with Radar,7,15,6,0,28,0,0,0,0,0,7,15,6,0,28,0,0,0,28
01/11/2014,YIP,MI,AGL,CE,Towers with Radar,3,6,7,0,16,0,0,0,0,0,3,6,7,0,16,4,0,4,20
01/12/2014,YIP,MI,AGL,CE,Towers with Radar,2,1,29,0,32,0,0,46,0,46,2,1,75,0,78,146,0,146,224
01/13/2014,YIP,MI,AGL,CE,Towers with Radar,7,11,63,0,81,0,0,22,0,22,7,11,85,0,103,94,0,94,197
01/14/2014,YIP,MI,AGL,CE,Towers with Radar,4,25,34,0,63,0,0,39,0,39,4,25,73,0,102,172,0,172,274
01/15/2014,YIP,MI,AGL,CE,Towers with Radar,15,23,27,0,65,0,0,9,0,9,15,23,36,0,74,145,0,145,219
01/16/2014,YIP,MI,AGL,CE,Towers with Radar,4,15,26,0,45,0,0,14,0,14,4,15,40,0,59,70,0,70,129
01/17/2014,YIP,MI,AGL,CE,Towers with Radar,3,25,22,0,50,0,0,25,0,25,3,25,47,0,75,106,0,106,181
01/18/2014,YIP,MI,AGL,CE,Towers with Radar,0,7,25,0,32,0,0,11,0,11,0,7,36,0,43,118,0,118,161
01/19/2014,YIP,MI,AGL,CE,Towers with Radar,1,3,5,0,9,0,0,4,0,4,1,3,9,0,13,44,0,44,57
01/20/2014,YIP,MI,AGL,CE,Towers with Radar,0,20,16,0,36,0,0,34,0,34,0,20,50,0,70,98,0,98,168
01/21/2014,YIP,MI,AGL,CE,Towers with Radar,2,17,30,0,49,0,0,46,0,46,2,17,76,0,95,114,0,114,209
01/22/2014,YIP,MI,AGL,CE,Towers with Radar,9,23,31,0,63,0,0,17,0,17,9,23,48,0,80,64,0,64,144
01/23/2014,YIP,MI,AGL,CE,Towers with Radar,4,28,23,0,55,0,0,41,0,41,4,28,64,0,96,208,0,208,304
01/24/2014,YIP,MI,AGL,CE,Towers with Radar,10,25,17,0,52,0,1,14,0,15,10,26,31,0,67,44,0,44,111
01/25/2014,YIP,MI,AGL,CE,Towers with Radar,9,7,9,0,25,0,0,0,0,0,9,7,9,0,25,0,0,0,25
01/26/2014,YIP,MI,AGL,CE,Towers with Radar,7,9,7,0,23,0,0,0,0,0,7,9,7,0,23,0,0,0,23
01/27/2014,YIP,MI,AGL,CE,Towers with Radar,11,5,17,0,33,0,0,2,0,2,11,5,19,0,35,2,0,2,37
01/28/2014,YIP,MI,AGL,CE,Towers with Radar,16,25,31,0,72,0,4,43,0,47,16,29,74,0,119,60,0,60,179
01/29/2014,YIP,MI,AGL,CE,Towers with Radar,20,37,36,0,93,0,0,35,0,35,20,37,71,0,128,82,0,82,210
01/30/2014,YIP,MI,AGL,CE,Towers with Radar,21,54,39,0,114,0,0,19,0,19,21,54,58,0,133,14,0,14,147
01/31/2014,YIP,MI,AGL,CE,Towers with Radar,19,48,32,0,99,0,0,49,0,49,19,48,81,0,148,174,0,174,322
02/01/2014,YIP,MI,AGL,CE,Towers with Radar,12,11,3,0,26,0,0,0,0,0,12,11,3,0,26,0,0,0,26
02/02/2014,YIP,MI,AGL,CE,Towers with Radar,9,8,28,0,45,0,0,16,0,16,9,8,44,0,61,130,0,130,191
02/03/2014,YIP,MI,AGL,CE,Towers with Radar,11,25,33,0,69,0,2,45,0,47,11,27,78,0,116,144,0,144,260
02/04/2014,YIP,MI,AGL,CE,Towers with Radar,14,31,28,0,73,0,0,50,2,52,14,31,78,2,125,184,0,184,309
02/05/2014,YIP,MI,AGL,CE,Towers with Radar,18,35,14,0,67,0,0,5,0,5,18,35,19,0,72,12,0,12,84
02/06/2014,YIP,MI,AGL,CE,Towers with Radar,22,23,45,0,90,0,0,30,0,30,22,23,75,0,120,190,0,190,310
02/07/2014,YIP,MI,AGL,CE,Towers with Radar,21,41,28,0,90,0,2,46,0,48,21,43,74,0,138,84,0,84,222
02/08/2014,YIP,MI,AGL,CE,Towers with Radar,17,14,21,0,52,0,0,14,0,14,17,14,35,0,66,38,0,38,104
02/09/2014,YIP,MI,AGL,CE,Towers with Radar,8,16,9,0,33,0,2,5,0,7,8,18,14,0,40,30,0,30,70
02/10/2014,YIP,MI,AGL,CE,Towers with Radar,14,23,22,0,59,0,0,48,0,48,14,23,70,0,107,114,0,114,221
02/11/2014,YIP,MI,AGL,CE,Towers with Radar,16,29,44,0,89,0,0,65,0,65,16,29,109,0,154,284,0,284,438
02/12/2014,YIP,MI,AGL,CE,Towers with Radar,5,20,38,0,63,0,0,31,0,31,5,20,69,0,94,44,0,44,138
02/13/2014,YIP,MI,AGL,CE,Towers with Radar,21,25,36,0,82,0,2,58,1,61,21,27,94,1,143,134,0,134,277
02/14/2014,YIP,MI,AGL,CE,Towers with Radar,20,31,17,0,68,0,0,0,0,0,20,31,17,0,68,0,0,0,68
02/15/2014,YIP,MI,AGL,CE,Towers with Radar,14,12,17,0,43,0,0,48,0,48,14,12,65,0,91,96,0,96,187
02/16/2014,YIP,MI,AGL,CE,Towers with Radar,15,15,12,0,42,0,0,14,0,14,15,15,26,0,56,6,0,6,62
02/17/2014,YIP,MI,AGL,CE,Towers with Radar,15,12,41,0,68,0,0,11,0,11,15,12,52,0,79,32,0,32,111
02/18/2014,YIP,MI,AGL,CE,Towers with Radar,13,29,59,0,101,0,0,35,0,35,13,29,94,0,136,110,0,110,246
02/19/2014,YIP,MI,AGL,CE,Towers with Radar,13,28,40,0,81,0,0,39,0,39,13,28,79,0,120,146,0,146,266
02/20/2014,YIP,MI,AGL,CE,Towers with Radar,8,25,15,0,48,0,0,0,0,0,8,25,15,0,48,0,0,0,48
02/21/2014,YIP,MI,AGL,CE,Towers with Radar,11,28,14,0,53,0,0,0,0,0,11,28,14,0,53,0,0,0,53
02/22/2014,YIP,MI,AGL,CE,Towers with Radar,13,25,31,0,69,0,0,8,0,8,13,25,39,0,77,44,0,44,121
02/23/2014,YIP,MI,AGL,CE,Towers with Radar,4,10,23,0,37,0,0,26,0,26,4,10,49,0,63,72,0,72,135
02/24/2014,YIP,MI,AGL,CE,Towers with Radar,5,14,20,0,39,0,1,16,0,17,5,15,36,0,56,86,0,86,142
02/25/2014,YIP,MI,AGL,CE,Towers with Radar,12,28,29,0,69,0,5,16,1,22,12,33,45,1,91,48,0,48,139
02/26/2014,YIP,MI,AGL,CE,Towers with Radar,11,37,42,0,90,0,1,21,4,26,11,38,63,4,116,78,0,78,194
02/27/2014,YIP,MI,AGL,CE,Towers with Radar,7,25,26,0,58,0,2,3,0,5,7,27,29,0,63,0,0,0,63
02/28/2014,YIP,MI,AGL,CE,Towers with Radar,11,18,33,0,62,0,0,44,0,44,11,18,77,0,106,172,0,172,278
03/01/2014,YIP,MI,AGL,CE,Towers with Radar,14,9,5,0,28,0,0,10,0,10,14,9,15,0,38,22,0,22,60
03/02/2014,YIP,MI,AGL,CE,Towers with Radar,5,9,15,0,29,0,2,17,0,19,5,11,32,0,48,58,0,58,106
03/03/2014,YIP,MI,AGL,CE,Towers with Radar,18,21,35,0,74,0,0,33,0,33,18,21,68,0,107,178,0,178,285
03/04/2014,YIP,MI,AGL,CE,Towers with Radar,34,35,39,0,108,0,0,37,0,37,34,35,76,0,145,181,0,181,326
03/05/2014,YIP,MI,AGL,CE,Towers with Radar,24,29,25,0,78,0,1,35,0,36,24,30,60,0,114,154,0,154,268
03/06/2014,YIP,MI,AGL,CE,Towers with Radar,9,22,47,0,78,0,0,66,1,67,9,22,113,1,145,120,0,120,265
03/07/2014,YIP,MI,AGL,CE,Towers with Radar,11,29,37,2,79,0,0,77,0,77,11,29,114,2,156,150,0,150,306
03/08/2014,YIP,MI,AGL,CE,Towers with Radar,9,12,12,0,33,0,0,17,0,17,9,12,29,0,50,50,0,50,100
03/09/2014,YIP,MI,AGL,CE,Towers with Radar,4,10,26,0,40,0,0,46,0,46,4,10,72,0,86,88,0,88,174
03/10/2014,YIP,MI,AGL,CE,Towers with Radar,4,17,40,0,61,0,0,64,0,64,4,17,104,0,125,90,0,90,215
03/11/2014,YIP,MI,AGL,CE,Towers with Radar,6,30,27,0,63,0,0,60,0,60,6,30,87,0,123,120,0,120,243
03/12/2014,YIP,MI,AGL,CE,Towers with Radar,7,22,12,0,41,0,0,0,0,0,7,22,12,0,41,0,0,0,41
03/13/2014,YIP,MI,AGL,CE,Towers with Radar,24,42,47,0,113,0,2,55,0,57,24,44,102,0,170,92,0,92,262
03/14/2014,YIP,MI,AGL,CE,Towers with Radar,11,33,30,0,74,0,0,18,0,18,11,33,48,0,92,34,0,34,126
03/15/2014,YIP,MI,AGL,CE,Towers with Radar,7,6,18,0,31,0,0,33,0,33,7,6,51,0,64,76,0,76,140
03/16/2014,YIP,MI,AGL,CE,Towers with Radar,6,6,42,0,54,0,0,26,0,26,6,6,68,0,80,96,0,96,176
03/17/2014,YIP,MI,AGL,CE,Towers with Radar,6,18,48,0,72,0,0,59,0,59,6,18,107,0,131,156,0,156,287
03/18/2014,YIP,MI,AGL,CE,Towers with Radar,9,23,39,0,71,0,0,65,0,65,9,23,104,0,136,160,0,160,296
03/19/2014,YIP,MI,AGL,CE,Towers with Radar,7,38,51,0,96,0,0,2,0,2,7,38,53,0,98,4,0,4,102
03/20/2014,YIP,MI,AGL,CE,Towers with Radar,9,21,39,0,69,0,0,41,0,41,9,21,80,0,110,164,0,164,274
03/21/2014,YIP,MI,AGL,CE,Towers with Radar,11,16,16,0,43,0,0,82,0,82,11,16,98,0,125,166,0,166,291
03/22/2014,YIP,MI,AGL,CE,Towers with Radar,5,6,28,0,39,0,0,20,1,21,5,6,48,1,60,72,0,72,132
03/23/2014,YIP,MI,AGL,CE,Towers with Radar,7,6,18,0,31,0,0,28,0,28,7,6,46,0,59,72,0,72,131
03/24/2014,YIP,MI,AGL,CE,Towers with Radar,8,26,35,0,69,2,1,45,0,48,10,27,80,0,117,168,0,168,285
03/25/2014,YIP,MI,AGL,CE,Towers with Radar,8,14,31,0,53,0,0,7,0,7,8,14,38,0,60,2,0,2,62
03/26/2014,YIP,MI,AGL,CE,Towers with Radar,5,27,50,0,82,0,0,63,0,63,5,27,113,0,145,152,0,152,297
03/27/2014,YIP,MI,AGL,CE,Towers with Radar,7,19,22,0,48,0,0,7,0,7,7,19,29,0,55,20,0,20,75
03/28/2014,YIP,MI,AGL,CE,Towers with Radar,7,21,23,0,51,0,0,2,0,2,7,21,25,0,53,0,0,0,53
03/29/2014,YIP,MI,AGL,CE,Towers with Radar,5,13,18,0,36,0,0,10,0,10,5,13,28,0,46,30,0,30,76
03/30/2014,YIP,MI,AGL,CE,Towers with Radar,1,15,36,0,52,0,0,71,0,71,1,15,107,0,123,116,0,116,239
03/31/2014,YIP,MI,AGL,CE,Towers with Radar,7,17,52,0,76,0,1,70,2,73,7,18,122,2,149,272,0,272,421
04/01/2014,YIP,MI,AGL,CE,Towers with Radar,3,15,28,0,46,0,0,15,0,15,3,15,43,0,61,46,0,46,107
04/02/2014,YIP,MI,AGL,CE,Towers with Radar,4,21,29,0,54,0,0,29,9,38,4,21,58,9,92,84,0,84,176
04/03/2014,YIP,MI,AGL,CE,Towers with Radar,5,24,17,0,46,0,0,1,0,1,5,24,18,0,47,0,0,0,47
04/04/2014,YIP,MI,AGL,CE,Towers with Radar,8,10,15,0,33,0,0,0,0,0,8,10,15,0,33,0,0,0,33
04/05/2014,YIP,MI,AGL,CE,Towers with Radar,5,10,16,0,31,0,0,35,0,35,5,10,51,0,66,38,0,38,104
04/06/2014,YIP,MI,AGL,CE,Towers with Radar,3,4,44,0,51,0,0,96,0,96,3,4,140,0,147,176,0,176,323
04/07/2014,YIP,MI,AGL,CE,Towers with Radar,3,17,44,0,64,0,0,36,0,36,3,17,80,0,100,150,0,150,250
04/08/2014,YIP,MI,AGL,CE,Towers with Radar,5,18,57,0,80,0,0,60,0,60,5,18,117,0,140,158,0,158,298
04/09/2014,YIP,MI,AGL,CE,Towers with Radar,6,38,63,0,107,0,1,57,0,58,6,39,120,0,165,188,0,188,353
04/10/2014,YIP,MI,AGL,CE,Towers with Radar,3,15,38,0,56,0,0,14,0,14,3,15,52,0,70,36,0,36,106
04/11/2014,YIP,MI,AGL,CE,Towers with Radar,5,15,55,1,76,0,0,73,0,73,5,15,128,1,149,116,0,116,265
04/12/2014,YIP,MI,AGL,CE,Towers with Radar,2,14,36,1,53,0,0,93,0,93,2,14,129,1,146,146,0,146,292
04/13/2014,YIP,MI,AGL,CE,Towers with Radar,0,5,20,0,25,0,0,14,0,14,0,5,34,0,39,2,0,2,41
04/14/2014,YIP,MI,AGL,CE,Towers with Radar,2,17,25,0,44,0,1,8,0,9,2,18,33,0,53,22,0,22,75
04/15/2014,YIP,MI,AGL,CE,Towers with Radar,8,18,46,0,72,0,0,16,0,16,8,18,62,0,88,82,0,82,170
04/16/2014,YIP,MI,AGL,CE,Towers with Radar,13,23,62,0,98,0,0,74,0,74,13,23,136,0,172,224,0,224,396
04/17/2014,YIP,MI,AGL,CE,Towers with Radar,7,27,66,1,101,0,0,64,0,64,7,27,130,1,165,132,0,132,297
04/18/2014,YIP,MI,AGL,CE,Towers with Radar,3,15,41,1,60,0,0,58,0,58,3,15,99,1,118,184,0,184,302
04/19/2014,YIP,MI,AGL,CE,Towers with Radar,2,5,7,0,14,0,0,38,1,39,2,5,45,1,53,108,0,108,161
04/20/2014,YIP,MI,AGL,CE,Towers with Radar,3,16,13,0,32,0,0,16,0,16,3,16,29,0,48,54,0,54,102
04/21/2014,YIP,MI,AGL,CE,Towers with Radar,0,22,57,0,79,0,1,61,0,62,0,23,118,0,141,170,0,170,311
04/22/2014,YIP,MI,AGL,CE,Towers with Radar,3,28,47,0,78,0,2,35,0,37,3,30,82,0,115,64,0,64,179
04/23/2014,YIP,MI,AGL,CE,Towers with Radar,12,37,67,0,116,0,0,53,0,53,12,37,120,0,169,190,0,190,359
04/24/2014,YIP,MI,AGL,CE,Towers with Radar,5,20,29,3,57,0,1,63,1,65,5,21,92,4,122,114,2,116,238
04/25/2014,YIP,MI,AGL,CE,Towers with Radar,3,24,44,0,71,0,0,4,0,4,3,24,48,0,75,16,0,16,91
04/26/2014,YIP,MI,AGL,CE,Towers with Radar,2,9,27,0,38,0,0,59,0,59,2,9,86,0,97,108,0,108,205
04/27/2014,YIP,MI,AGL,CE,Towers with Radar,3,10,18,0,31,0,0,56,0,56,3,10,74,0,87,116,0,116,203
04/28/2014,YIP,MI,AGL,CE,Towers with Radar,5,20,28,0,53,0,0,27,0,27,5,20,55,0,80,24,0,24,104
04/29/2014,YIP,MI,AGL,CE,Towers with Radar,3,36,88,0,127,0,1,17,0,18,3,37,105,0,145,96,0,96,241
04/30/2014,YIP,MI,AGL,CE,Towers with Radar,3,35,51,0,89,0,0,34,0,34,3,35,85,0,123,184,0,184,307
05/01/2014,YIP,MI,AGL,CE,Towers with Radar,7,19,59,0,85,0,0,21,0,21,7,19,80,0,106,76,0,76,182
05/02/2014,YIP,MI,AGL,CE,Towers with Radar,5,28,50,0,83,0,0,27,0,27,5,28,77,0,110,232,0,232,342
05/03/2014,YIP,MI,AGL,CE,Towers with Radar,1,16,30,0,47,0,0,17,0,17,1,16,47,0,64,32,0,32,96
05/04/2014,YIP,MI,AGL,CE,Towers with Radar,3,13,37,0,53,0,0,28,0,28,3,13,65,0,81,28,0,28,109
05/05/2014,YIP,MI,AGL,CE,Towers with Radar,2,26,64,2,94,0,1,73,0,74,2,27,137,2,168,92,0,92,260
05/06/2014,YIP,MI,AGL,CE,Towers with Radar,7,33,87,2,129,0,0,85,0,85,7,33,172,2,214,160,0,160,374
05/07/2014,YIP,MI,AGL,CE,Towers with Radar,7,48,29,4,88,0,0,40,0,40,7,48,69,4,128,40,0,40,168
05/08/2014,YIP,MI,AGL,CE,Towers with Radar,7,29,44,0,80,0,0,53,0,53,7,29,97,0,133,64,0,64,197
05/09/2014,YIP,MI,AGL,CE,Towers with Radar,8,17,16,1,42,0,0,16,0,16,8,17,32,1,58,74,0,74,132
05/10/2014,YIP,MI,AGL,CE,Towers with Radar,11,14,26,0,51,0,0,59,0,59,11,14,85,0,110,118,0,118,228
05/11/2014,YIP,MI,AGL,CE,Towers with Radar,0,3,12,3,18,0,0,34,0,34,0,3,46,3,52,30,0,30,82
05/12/2014,YIP,MI,AGL,CE,Towers with Radar,11,34,18,0,63,0,0,11,0,11,11,34,29,0,74,36,0,36,110
05/13/2014,YIP,MI,AGL,CE,Towers with Radar,12,36,25,0,73,0,3,30,0,33,12,39,55,0,106,100,0,100,206
05/14/2014,YIP,MI,AGL,CE,Towers with Radar,9,35,50,0,94,0,2,11,0,13,9,37,61,0,107,96,0,96,203
05/15/2014,YIP,MI,AGL,CE,Towers with Radar,5,33,28,0,66,0,0,9,0,9,5,33,37,0,75,34,0,34,109
05/16/2014,YIP,MI,AGL,CE,Towers with Radar,6,24,30,0,60,0,0,60,0,60,6,24,90,0,120,62,0,62,182
05/17/2014,YIP,MI,AGL,CE,Towers with Radar,5,6,13,0,24,0,0,37,1,38,5,6,50,1,62,86,4,90,152
05/18/2014,YIP,MI,AGL,CE,Towers with Radar,4,9,30,0,43,0,0,53,0,53,4,9,83,0,96,120,0,120,216
05/19/2014,YIP,MI,AGL,CE,Towers with Radar,8,23,33,0,64,0,1,65,0,66,8,24,98,0,130,148,0,148,278
05/20/2014,YIP,MI,AGL,CE,Towers with Radar,15,32,36,0,83,0,0,59,0,59,15,32,95,0,142,142,0,142,284
05/21/2014,YIP,MI,AGL,CE,Towers with Radar,7,35,46,0,88,0,1,49,0,50,7,36,95,0,138,134,0,134,272
05/22/2014,YIP,MI,AGL,CE,Towers with Radar,18,40,48,0,106,0,0,60,1,61,18,40,108,1,167,96,0,96,263
05/23/2014,YIP,MI,AGL,CE,Towers with Radar,11,29,40,0,80,0,0,90,1,91,11,29,130,1,171,156,0,156,327
05/24/2014,YIP,MI,AGL,CE,Towers with Radar,5,10,26,0,41,0,2,49,0,51,5,12,75,0,92,108,0,108,200
05/25/2014,YIP,MI,AGL,CE,Towers with Radar,3,5,10,0,18,0,0,30,2,32,3,5,40,2,50,28,0,28,78
05/26/2014,YIP,MI,AGL,CE,Towers with Radar,3,15,31,0,49,0,2,57,0,59,3,17,88,0,108,86,0,86,194
05/27/2014,YIP,MI,AGL,CE,Towers with Radar,9,30,23,0,62,0,0,33,0,33,9,30,56,0,95,64,0,64,159
05/28/2014,YIP,MI,AGL,CE,Towers with Radar,11,39,45,0,95,0,0,18,0,18,11,39,63,0,113,71,0,71,184
05/29/2014,YIP,MI,AGL,CE,Towers with Radar,15,46,37,0,98,0,1,72,1,74,15,47,109,1,172,70,0,70,242
05/30/2014,YIP,MI,AGL,CE,Towers with Radar,10,28,39,1,78,0,23,67,0,90,10,51,106,1,168,110,0,110,278
05/31/2014,YIP,MI,AGL,CE,Towers with Radar,2,7,25,0,34,0,4,73,0,77,2,11,98,0,111,106,0,106,217
06/01/2014,YIP,MI,AGL,CE,Towers with Radar,0,6,12,1,19,0,1,34,2,37,0,7,46,3,56,56,0,56,112
06/02/2014,YIP,MI,AGL,CE,Towers with Radar,3,20,47,0,70,0,0,20,0,20,3,20,67,0,90,52,0,52,142
06/03/2014,YIP,MI,AGL,CE,Towers with Radar,3,29,37,0,69,0,0,37,0,37,3,29,74,0,106,20,0,20,126
06/04/2014,YIP,MI,AGL,CE,Towers with Radar,5,36,55,0,96,0,0,39,0,39,5,36,94,0,135,70,0,70,205
06/05/2014,YIP,MI,AGL,CE,Towers with Radar,6,29,52,0,87,0,2,79,1,82,6,31,131,1,169,138,0,138,307
06/06/2014,YIP,MI,AGL,CE,Towers with Radar,2,22,34,2,60,0,2,74,0,76,2,24,108,2,136,92,0,92,228
06/07/2014,YIP,MI,AGL,CE,Towers with Radar,5,11,21,0,37,0,4,80,5,89,5,15,101,5,126,66,0,66,192
06/08/2014,YIP,MI,AGL,CE,Towers with Radar,2,9,20,2,33,0,0,47,0,47,2,9,67,2,80,42,0,42,122
06/09/2014,YIP,MI,AGL,CE,Towers with Radar,4,11,41,0,56,0,0,97,0,97,4,11,138,0,153,144,0,144,297
06/10/2014,YIP,MI,AGL,CE,Towers with Radar,6,15,54,0,75,0,0,54,0,54,6,15,108,0,129,76,0,76,205
06/11/2014,YIP,MI,AGL,CE,Towers with Radar,8,31,46,0,85,0,0,5,0,5,8,31,51,0,90,0,0,0,90
06/12/2014,YIP,MI,AGL,CE,Towers with Radar,15,36,61,0,112,0,1,47,0,48,15,37,108,0,160,136,0,136,296
06/13/2014,YIP,MI,AGL,CE,Towers with Radar,5,39,32,1,77,0,0,62,0,62,5,39,94,1,139,66,0,66,205
06/14/2014,YIP,MI,AGL,CE,Towers with Radar,8,15,24,2,49,0,2,91,0,93,8,17,115,2,142,128,0,128,270
06/15/2014,YIP,MI,AGL,CE,Towers with Radar,5,11,30,1,47,0,0,46,0,46,5,11,76,1,93,24,0,24,117
06/16/2014,YIP,MI,AGL,CE,Towers with Radar,5,26,37,0,68,0,2,57,0,59,5,28,94,0,127,170,0,170,297
06/17/2014,YIP,MI,AGL,CE,Towers with Radar,11,34,40,1,86,0,0,20,0,20,11,34,60,1,106,84,0,84,190
06/18/2014,YIP,MI,AGL,CE,Towers with Radar,17,33,24,0,74,0,0,11,0,11,17,33,35,0,85,34,0,34,119
06/19/2014,YIP,MI,AGL,CE,Towers with Radar,27,72,73,0,172,0,0,37,0,37,27,72,110,0,209,140,0,140,349
06/20/2014,YIP,MI,AGL,CE,Towers with Radar,22,38,50,0,110,0,0,73,0,73,22,38,123,0,183,134,0,134,317
06/21/2014,YIP,MI,AGL,CE,Towers with Radar,16,13,22,1,52,0,0,83,0,83,16,13,105,1,135,82,0,82,217
06/22/2014,YIP,MI,AGL,CE,Towers with Radar,4,16,39,0,59,0,1,55,0,56,4,17,94,0,115,76,0,76,191
06/23/2014,YIP,MI,AGL,CE,Towers with Radar,10,17,31,0,58,0,0,35,0,35,10,17,66,0,93,140,0,140,233
06/24/2014,YIP,MI,AGL,CE,Towers with Radar,11,36,44,0,91,0,2,11,0,13,11,38,55,0,104,28,0,28,132
06/25/2014,YIP,MI,AGL,CE,Towers with Radar,22,32,71,0,125,0,0,41,0,41,22,32,112,0,166,86,0,86,252
06/26/2014,YIP,MI,AGL,CE,Towers with Radar,21,47,59,1,128,0,0,98,0,98,21,47,157,1,226,158,0,158,384
06/27/2014,YIP,MI,AGL,CE,Towers with Radar,6,29,32,1,68,0,1,90,0,91,6,30,122,1,159,176,0,176,335
06/28/2014,YIP,MI,AGL,CE,Towers with Radar,4,15,21,0,40,0,1,51,0,52,4,16,72,0,92,48,0,48,140
06/29/2014,YIP,MI,AGL,CE,Towers with Radar,0,9,17,2,28,0,0,28,0,28,0,9,45,2,56,50,0,50,106
06/30/2014,YIP,MI,AGL,CE,Towers with Radar,6,13,52,1,72,0,0,59,0,59,6,13,111,1,131,158,0,158,289
07/01/2014,YIP,MI,AGL,CE,Towers with Radar,6,20,60,0,86,0,0,36,0,36,6,20,96,0,122,66,0,66,188
07/02/2014,YIP,MI,AGL,CE,Towers with Radar,11,25,49,0,85,0,0,61,0,61,11,25,110,0,146,122,0,122,268
07/03/2014,YIP,MI,AGL,CE,Towers with Radar,8,23,34,0,65,0,0,38,0,38,8,23,72,0,103,48,0,48,151
07/04/2014,YIP,MI,AGL,CE,Towers with Radar,1,12,16,0,29,0,0,47,0,47,1,12,63,0,76,52,0,52,128
07/05/2014,YIP,MI,AGL,CE,Towers with Radar,2,8,18,0,28,0,0,33,0,33,2,8,51,0,61,8,0,8,69
07/06/2014,YIP,MI,AGL,CE,Towers with Radar,0,14,19,0,33,0,0,20,0,20,0,14,39,0,53,16,0,16,69
07/07/2014,YIP,MI,AGL,CE,Towers with Radar,6,28,36,0,70,2,0,27,0,29,8,28,63,0,99,74,0,74,173
07/08/2014,YIP,MI,AGL,CE,Towers with Radar,3,27,44,0,74,0,0,9,0,9,3,27,53,0,83,46,0,46,129
07/09/2014,YIP,MI,AGL,CE,Towers with Radar,11,14,70,0,95,0,0,77,0,77,11,14,147,0,172,86,0,86,258
07/10/2014,YIP,MI,AGL,CE,Towers with Radar,2,20,64,0,86,0,2,79,0,81,2,22,143,0,167,88,0,88,255
07/11/2014,YIP,MI,AGL,CE,Towers with Radar,2,22,39,5,68,0,2,75,0,77,2,24,114,5,145,122,0,122,267
07/12/2014,YIP,MI,AGL,CE,Towers with Radar,2,16,13,4,35,0,0,46,0,46,2,16,59,4,81,64,0,64,145
07/13/2014,YIP,MI,AGL,CE,Towers with Radar,2,3,13,1,19,0,0,20,0,20,2,3,33,1,39,26,0,26,65
07/14/2014,YIP,MI,AGL,CE,Towers with Radar,4,29,40,0,73,0,0,35,0,35,4,29,75,0,108,90,0,90,198
07/15/2014,YIP,MI,AGL,CE,Towers with Radar,3,23,47,0,73,0,0,25,0,25,3,23,72,0,98,54,0,54,152
07/16/2014,YIP,MI,AGL,CE,Towers with Radar,6,34,54,0,94,0,2,47,1,50,6,36,101,1,144,72,0,72,216
07/17/2014,YIP,MI,AGL,CE,Towers with Radar,16,18,41,0,75,0,0,50,0,50,16,18,91,0,125,90,0,90,215
07/18/2014,YIP,MI,AGL,CE,Towers with Radar,4,15,35,0,54,0,0,65,0,65,4,15,100,0,119,72,0,72,191
07/19/2014,YIP,MI,AGL,CE,Towers with Radar,5,13,35,2,55,0,0,40,0,40,5,13,75,2,95,94,0,94,189
07/20/2014,YIP,MI,AGL,CE,Towers with Radar,0,4,13,1,18,0,0,48,0,48,0,4,61,1,66,56,0,56,122
07/21/2014,YIP,MI,AGL,CE,Towers with Radar,5,24,39,0,68,0,0,76,0,76,5,24,115,0,144,92,0,92,236
07/22/2014,YIP,MI,AGL,CE,Towers with Radar,10,22,38,0,70,0,0,88,0,88,10,22,126,0,158,121,0,121,279
07/23/2014,YIP,MI,AGL,CE,Towers with Radar,10,28,45,0,83,0,10,30,1,41,10,38,75,1,124,72,0,72,196
07/24/2014,YIP,MI,AGL,CE,Towers with Radar,7,30,45,0,82,0,0,66,0,66,7,30,111,0,148,104,0,104,252
07/25/2014,YIP,MI,AGL,CE,Towers with Radar,9,27,36,0,72,0,0,52,0,52,9,27,88,0,124,112,0,112,236
07/26/2014,YIP,MI,AGL,CE,Towers with Radar,4,23,12,0,39,0,4,39,0,43,4,27,51,0,82,34,0,34,116
07/27/2014,YIP,MI,AGL,CE,Towers with Radar,2,15,21,0,38,0,0,9,0,9,2,15,30,0,47,28,0,28,75
07/28/2014,YIP,MI,AGL,CE,Towers with Radar,13,30,50,0,93,0,1,32,0,33,13,31,82,0,126,76,0,76,202
07/29/2014,YIP,MI,AGL,CE,Towers with Radar,22,37,48,0,107,0,2,36,0,38,22,39,84,0,145,44,0,44,189
07/30/2014,YIP,MI,AGL,CE,Towers with Radar,14,39,28,0,81,0,1,39,0,40,14,40,67,0,121,58,0,58,179
07/31/2014,YIP,MI,AGL,CE,Towers with Radar,22,28,44,0,94,0,2,42,0,44,22,30,86,0,138,80,0,80,218
08/01/2014,YIP,MI,AGL,CE,Towers with Radar,9,28,14,0,51,0,0,34,0,34,9,28,48,0,85,44,0,44,129
08/02/2014,YIP,MI,AGL,CE,Towers with Radar,5,23,24,0,52,0,0,34,3,37,5,23,58,3,89,96,0,96,185
08/03/2014,YIP,MI,AGL,CE,Towers with Radar,9,11,27,0,47,0,0,57,0,57,9,11,84,0,104,26,0,26,130
08/04/2014,YIP,MI,AGL,CE,Towers with Radar,13,14,18,0,45,0,0,47,0,47,13,14,65,0,92,68,0,68,160
08/05/2014,YIP,MI,AGL,CE,Towers with Radar,12,34,51,0,97,0,0,19,0,19,12,34,70,0,116,52,0,52,168
08/06/2014,YIP,MI,AGL,CE,Towers with Radar,12,35,57,3,107,0,1,76,0,77,12,36,133,3,184,90,0,90,274
08/07/2014,YIP,MI,AGL,CE,Towers with Radar,14,25,47,5,91,0,1,56,8,65,14,26,103,13,156,64,50,114,270
08/08/2014,YIP,MI,AGL,CE,Towers with Radar,14,13,21,4,52,0,0,70,1,71,14,13,91,5,123,60,0,60,183
08/09/2014,YIP,MI,AGL,CE,Towers with Radar,3,12,0,0,15,0,0,5,0,5,3,12,5,0,20,0,0,0,20
08/10/2014,YIP,MI,AGL,CE,Towers with Radar,1,11,11,2,25,0,0,11,0,11,1,11,22,2,36,0,0,0,36
08/11/2014,YIP,MI,AGL,CE,Towers with Radar,19,16,28,2,65,0,0,0,0,0,19,16,28,2,65,0,0,0,65
08/12/2014,YIP,MI,AGL,CE,Towers with Radar,12,21,48,1,82,0,0,9,4,13,12,21,57,5,95,2,0,2,97
08/13/2014,YIP,MI,AGL,CE,Towers with Radar,4,14,50,0,68,0,0,93,0,93,4,14,143,0,161,82,0,82,243
08/14/2014,YIP,MI,AGL,CE,Towers with Radar,13,22,76,1,112,0,0,84,0,84,13,22,160,1,196,78,0,78,274
08/15/2014,YIP,MI,AGL,CE,Towers with Radar,9,6,20,0,35,0,5,68,0,73,9,11,88,0,108,60,0,60,168
08/16/2014,YIP,MI,AGL,CE,Towers with Radar,11,17,33,0,61,0,0,50,0,50,11,17,83,0,111,52,0,52,163
08/17/2014,YIP,MI,AGL,CE,Towers with Radar,14,7,32,0,53,0,0,28,0,28,14,7,60,0,81,6,0,6,87
08/18/2014,YIP,MI,AGL,CE,Towers with Radar,8,16,59,0,83,0,0,61,0,61,8,16,120,0,144,112,0,112,256
08/19/2014,YIP,MI,AGL,CE,Towers with Radar,13,30,10,0,53,0,0,10,0,10,13,30,20,0,63,56,0,56,119
08/20/2014,YIP,MI,AGL,CE,Towers with Radar,15,59,46,0,120,0,1,18,0,19,15,60,64,0,139,142,0,142,281
08/21/2014,YIP,MI,AGL,CE,Towers with Radar,13,31,28,0,72,0,0,23,0,23,13,31,51,0,95,88,0,88,183
08/22/2014,YIP,MI,AGL,CE,Towers with Radar,34,41,41,1,117,0,0,23,0,23,34,41,64,1,140,134,0,134,274
08/23/2014,YIP,MI,AGL,CE,Towers with Radar,9,20,16,1,46,0,0,47,2,49,9,20,63,3,95,64,0,64,159
08/24/2014,YIP,MI,AGL,CE,Towers with Radar,7,18,27,2,54,0,0,20,0,20,7,18,47,2,74,20,0,20,94
08/25/2014,YIP,MI,AGL,CE,Towers with Radar,12,36,32,0,80,0,0,88,0,88,12,36,120,0,168,118,0,118,286
08/26/2014,YIP,MI,AGL,CE,Towers with Radar,17,26,31,0,74,0,0,49,0,49,17,26,80,0,123,56,0,56,179
08/27/2014,YIP,MI,AGL,CE,Towers with Radar,14,46,35,0,95,0,0,52,0,52,14,46,87,0,147,80,0,80,227
08/28/2014,YIP,MI,AGL,CE,Towers with Radar,21,51,44,0,116,0,0,54,1,55,21,51,98,1,171,184,0,184,355
08/29/2014,YIP,MI,AGL,CE,Towers with Radar,19,20,35,0,74,0,0,53,0,53,19,20,88,0,127,128,0,128,255
08/30/2014,YIP,MI,AGL,CE,Towers with Radar,5,25,28,0,58,0,0,17,0,17,5,25,45,0,75,38,0,38,113
08/31/2014,YIP,MI,AGL,CE,Towers with Radar,3,5,21,0,29,0,0,9,0,9,3,5,30,0,38,20,0,20,58
09/01/2014,YIP,MI,AGL,CE,Towers with Radar,4,18,22,0,44,0,0,9,0,9,4,18,31,0,53,18,0,18,71
09/02/2014,YIP,MI,AGL,CE,Towers with Radar,6,28,34,0,68,0,0,8,0,8,6,28,42,0,76,10,0,10,86
09/03/2014,YIP,MI,AGL,CE,Towers with Radar,5,29,28,0,62,0,1,53,0,54,5,30,81,0,116,86,0,86,202
09/04/2014,YIP,MI,AGL,CE,Towers with Radar,11,29,31,0,71,0,0,55,0,55,11,29,86,0,126,46,0,46,172
09/05/2014,YIP,MI,AGL,CE,Towers with Radar,8,21,12,1,42,0,0,36,0,36,8,21,48,1,78,44,0,44,122
09/06/2014,YIP,MI,AGL,CE,Towers with Radar,5,10,14,0,29,0,0,29,0,29,5,10,43,0,58,48,0,48,106
09/07/2014,YIP,MI,AGL,CE,Towers with Radar,1,12,20,1,34,0,0,44,0,44,1,12,64,1,78,34,0,34,112
09/08/2014,YIP,MI,AGL,CE,Towers with Radar,2,20,30,0,52,0,0,81,0,81,2,20,111,0,133,86,0,86,219
09/09/2014,YIP,MI,AGL,CE,Towers with Radar,2,21,28,0,51,0,0,41,0,41,2,21,69,0,92,82,0,82,174
09/10/2014,YIP,MI,AGL,CE,Towers with Radar,10,25,23,0,58,0,0,15,0,15,10,25,38,0,73,64,0,64,137
09/11/2014,YIP,MI,AGL,CE,Towers with Radar,11,26,40,0,77,0,0,15,0,15,11,26,55,0,92,98,0,98,190
09/12/2014,YIP,MI,AGL,CE,Towers with Radar,15,28,27,3,73,0,0,46,0,46,15,28,73,3,119,120,0,120,239
09/13/2014,YIP,MI,AGL,CE,Towers with Radar,7,14,19,1,41,0,0,25,2,27,7,14,44,3,68,36,0,36,104
09/14/2014,YIP,MI,AGL,CE,Towers with Radar,5,18,20,0,43,0,0,41,0,41,5,18,61,0,84,74,0,74,158
09/15/2014,YIP,MI,AGL,CE,Towers with Radar,7,14,41,0,62,0,0,60,0,60,7,14,101,0,122,76,0,76,198
09/16/2014,YIP,MI,AGL,CE,Towers with Radar,12,27,25,0,64,0,1,65,2,68,12,28,90,2,132,75,0,75,207
09/17/2014,YIP,MI,AGL,CE,Towers with Radar,4,40,40,0,84,0,0,81,0,81,4,40,121,0,165,86,0,86,251
09/18/2014,YIP,MI,AGL,CE,Towers with Radar,11,27,28,0,66,0,0,50,0,50,11,27,78,0,116,112,0,112,228
09/19/2014,YIP,MI,AGL,CE,Towers with Radar,8,27,46,0,81,0,0,38,2,40,8,27,84,2,121,32,0,32,153
09/20/2014,YIP,MI,AGL,CE,Towers with Radar,7,23,9,0,39,0,0,34,4,38,7,23,43,4,77,4,0,4,81
09/21/2014,YIP,MI,AGL,CE,Towers with Radar,10,15,31,0,56,0,0,5,0,5,10,15,36,0,61,8,0,8,69
09/22/2014,YIP,MI,AGL,CE,Towers with Radar,6,13,39,0,58,0,0,50,0,50,6,13,89,0,108,106,0,106,214
09/23/2014,YIP,MI,AGL,CE,Towers with Radar,19,23,29,0,71,0,0,75,1,76,19,23,104,1,147,84,0,84,231
09/24/2014,YIP,MI,AGL,CE,Towers with Radar,10,36,37,0,83,0,2,66,0,68,10,38,103,0,151,126,0,126,277
09/25/2014,YIP,MI,AGL,CE,Towers with Radar,15,33,55,0,103,0,0,58,0,58,15,33,113,0,161,136,0,136,297
09/26/2014,YIP,MI,AGL,CE,Towers with Radar,12,32,32,0,76,0,1,35,0,36,12,33,67,0,112,102,0,102,214
09/27/2014,YIP,MI,AGL,CE,Towers with Radar,4,19,28,0,51,0,0,56,0,56,4,19,84,0,107,54,0,54,161
09/28/2014,YIP,MI,AGL,CE,Towers with Radar,2,11,21,0,34,0,0,50,0,50,2,11,71,0,84,10,0,10,94
09/29/2014,YIP,MI,AGL,CE,Towers with Radar,18,35,43,0,96,0,0,39,0,39,18,35,82,0,135,96,0,96,231
09/30/2014,YIP,MI,AGL,CE,Towers with Radar,12,39,61,0,112,0,1,14,0,15,12,40,75,0,127,54,0,54,181
10/01/2014,YIP,MI,AGL,CE,Towers with Radar,15,23,45,0,83,0,1,41,0,42,15,24,86,0,125,80,0,80,205
10/02/2014,YIP,MI,AGL,CE,Towers with Radar,9,30,24,0,63,0,0,50,0,50,9,30,74,0,113,76,0,76,189
10/03/2014,YIP,MI,AGL,CE,Towers with Radar,12,37,37,0,86,0,1,1,0,2,12,38,38,0,88,6,0,6,94
10/04/2014,YIP,MI,AGL,CE,Towers with Radar,4,17,7,0,28,0,1,6,0,7,4,18,13,0,35,32,0,32,67
10/05/2014,YIP,MI,AGL,CE,Towers with Radar,9,6,16,0,31,0,0,18,0,18,9,6,34,0,49,12,0,12,61
10/06/2014,YIP,MI,AGL,CE,Towers with Radar,7,21,24,0,52,0,0,40,0,40,7,21,64,0,92,94,0,94,186
10/07/2014,YIP,MI,AGL,CE,Towers with Radar,6,34,43,0,83,0,0,25,1,26,6,34,68,1,109,130,0,130,239
10/08/2014,YIP,MI,AGL,CE,Towers with Radar,7,22,34,0,63,0,1,34,0,35,7,23,68,0,98,26,0,26,124
10/09/2014,YIP,MI,AGL,CE,Towers with Radar,6,37,43,0,86,0,1,51,0,52,6,38,94,0,138,82,0,82,220
10/10/2014,YIP,MI,AGL,CE,Towers with Radar,7,49,56,2,114,0,1,69,0,70,7,50,125,2,184,110,0,110,294
10/11/2014,YIP,MI,AGL,CE,Towers with Radar,2,31,33,0,66,0,0,67,0,67,2,31,100,0,133,58,0,58,191
10/12/2014,YIP,MI,AGL,CE,Towers with Radar,4,31,27,1,63,0,0,28,0,28,4,31,55,1,91,22,0,22,113
10/13/2014,YIP,MI,AGL,CE,Towers with Radar,6,31,38,0,75,0,0,7,0,7,6,31,45,0,82,2,0,2,84
10/14/2014,YIP,MI,AGL,CE,Towers with Radar,7,22,30,0,59,0,0,12,0,12,7,22,42,0,71,20,0,20,91
10/15/2014,YIP,MI,AGL,CE,Towers with Radar,14,39,53,0,106,0,0,28,0,28,14,39,81,0,134,74,0,74,208
10/16/2014,YIP,MI,AGL,CE,Towers with Radar,6,37,32,0,75,0,1,17,0,18,6,38,49,0,93,68,0,68,161
10/17/2014,YIP,MI,AGL,CE,Towers with Radar,10,30,43,0,83,0,0,15,0,15,10,30,58,0,98,68,0,68,166
10/18/2014,YIP,MI,AGL,CE,Towers with Radar,6,17,27,0,50,0,1,9,0,10,6,18,36,0,60,2,0,2,62
10/19/2014,YIP,MI,AGL,CE,Towers with Radar,3,17,11,0,31,0,0,60,0,60,3,17,71,0,91,30,0,30,121
10/20/2014,YIP,MI,AGL,CE,Towers with Radar,8,15,38,0,61,0,0,33,0,33,8,15,71,0,94,98,0,98,192
10/21/2014,YIP,MI,AGL,CE,Towers with Radar,13,30,32,0,75,0,0,17,0,17,13,30,49,0,92,122,0,122,214
10/22/2014,YIP,MI,AGL,CE,Towers with Radar,7,26,29,0,62,0,0,36,0,36,7,26,65,0,98,156,0,156,254
10/23/2014,YIP,MI,AGL,CE,Towers with Radar,7,29,28,0,64,0,0,89,0,89,7,29,117,0,153,212,0,212,365
10/24/2014,YIP,MI,AGL,CE,Towers with Radar,5,22,51,0,78,0,0,49,0,49,5,22,100,0,127,82,0,82,209
10/25/2014,YIP,MI,AGL,CE,Towers with Radar,0,7,17,0,24,0,0,13,0,13,0,7,30,0,37,78,0,78,115
10/26/2014,YIP,MI,AGL,CE,Towers with Radar,5,12,25,0,42,0,0,76,0,76,5,12,101,0,118,110,0,110,228
10/27/2014,YIP,MI,AGL,CE,Towers with Radar,2,23,24,0,49,0,0,56,0,56,2,23,80,0,105,134,0,134,239
10/28/2014,YIP,MI,AGL,CE,Towers with Radar,6,36,22,0,64,0,0,2,0,2,6,36,24,0,66,4,0,4,70
10/29/2014,YIP,MI,AGL,CE,Towers with Radar,9,26,37,0,72,0,0,53,0,53,9,26,90,0,125,108,0,108,233
10/30/2014,YIP,MI,AGL,CE,Towers with Radar,11,41,30,0,82,0,3,73,0,76,11,44,103,0,158,179,0,179,337
10/31/2014,YIP,MI,AGL,CE,Towers with Radar,2,15,15,0,32,0,0,4,0,4,2,15,19,0,36,14,0,14,50
11/01/2014,YIP,MI,AGL,CE,Towers with Radar,4,18,10,0,32,0,0,0,0,0,4,18,10,0,32,0,0,0,32
11/02/2014,YIP,MI,AGL,CE,Towers with Radar,3,12,13,0,28,0,0,48,0,48,3,12,61,0,76,96,0,96,172
11/03/2014,YIP,MI,AGL,CE,Towers with Radar,2,29,41,0,72,0,0,42,0,42,2,29,83,0,114,114,0,114,228
11/04/2014,YIP,MI,AGL,CE,Towers with Radar,5,24,42,0,71,0,0,10,0,10,5,24,52,0,81,8,0,8,89
11/05/2014,YIP,MI,AGL,CE,Towers with Radar,7,19,41,0,67,0,0,58,0,58,7,19,99,0,125,80,0,80,205
11/06/2014,YIP,MI,AGL,CE,Towers with Radar,11,30,35,0,76,0,0,0,0,0,11,30,35,0,76,8,0,8,84
11/07/2014,YIP,MI,AGL,CE,Towers with Radar,13,39,34,0,86,0,2,56,0,58,13,41,90,0,144,123,0,123,267
11/08/2014,YIP,MI,AGL,CE,Towers with Radar,8,10,13,0,31,0,0,4,0,4,8,10,17,0,35,2,0,2,37
11/09/2014,YIP,MI,AGL,CE,Towers with Radar,4,6,27,0,37,0,0,16,1,17,4,6,43,1,54,40,0,40,94
11/10/2014,YIP,MI,AGL,CE,Towers with Radar,14,31,24,0,69,0,2,41,0,43,14,33,65,0,112,88,0,88,200
11/11/2014,YIP,MI,AGL,CE,Towers with Radar,11,54,38,0,103,0,0,27,0,27,11,54,65,0,130,26,0,26,156
11/12/2014,YIP,MI,AGL,CE,Towers with Radar,29,68,26,0,123,0,0,25,0,25,29,68,51,0,148,94,0,94,242
11/13/2014,YIP,MI,AGL,CE,Towers with Radar,23,31,50,0,104,0,0,9,0,9,23,31,59,0,113,40,0,40,153
11/14/2014,YIP,MI,AGL,CE,Towers with Radar,16,36,21,0,73,0,1,32,0,33,16,37,53,0,106,119,0,119,225
11/15/2014,YIP,MI,AGL,CE,Towers with Radar,6,9,20,0,35,0,0,49,0,49,6,9,69,0,84,100,0,100,184
11/16/2014,YIP,MI,AGL,CE,Towers with Radar,1,8,14,0,23,0,0,8,0,8,1,8,22,0,31,40,0,40,71
11/17/2014,YIP,MI,AGL,CE,Towers with Radar,3,38,24,0,65,0,0,2,0,2,3,38,26,0,67,0,0,0,67
11/18/2014,YIP,MI,AGL,CE,Towers with Radar,7,59,11,0,77,0,0,3,0,3,7,59,14,0,80,16,0,16,96
11/19/2014,YIP,MI,AGL,CE,Towers with Radar,22,50,27,0,99,0,0,8,0,8,22,50,35,0,107,10,0,10,117
11/20/2014,YIP,MI,AGL,CE,Towers with Radar,21,57,24,0,102,0,0,7,0,7,21,57,31,0,109,14,0,14,123
11/21/2014,YIP,MI,AGL,CE,Towers with Radar,10,39,44,1,94,0,4,81,2,87,10,43,125,3,181,176,4,180,361
11/22/2014,YIP,MI,AGL,CE,Towers with Radar,4,23,11,0,38,0,0,0,0,0,4,23,11,0,38,0,0,0,38
11/23/2014,YIP,MI,AGL,CE,Towers with Radar,4,14,32,0,50,0,0,10,0,10,4,14,42,0,60,40,0,40,100
11/24/2014,YIP,MI,AGL,CE,Towers with Radar,10,30,18,1,59,0,0,0,0,0,10,30,18,1,59,0,0,0,59
11/25/2014,YIP,MI,AGL,CE,Towers with Radar,8,45,29,3,85,0,0,19,0,19,8,45,48,3,104,78,0,78,182
11/26/2014,YIP,MI,AGL,CE,Towers with Radar,14,51,17,0,82,0,0,39,0,39,14,51,56,0,121,137,0,137,258
11/27/2014,YIP,MI,AGL,CE,Towers with Radar,6,19,6,0,31,0,0,4,0,4,6,19,10,0,35,0,0,0,35
11/28/2014,YIP,MI,AGL,CE,Towers with Radar,2,24,9,0,35,0,4,15,0,19,2,28,24,0,54,44,0,44,98
11/29/2014,YIP,MI,AGL,CE,Towers with Radar,2,7,8,0,17,0,0,21,0,21,2,7,29,0,38,24,0,24,62
11/30/2014,YIP,MI,AGL,CE,Towers with Radar,1,24,24,0,49,0,0,7,0,7,1,24,31,0,56,34,0,34,90
12/01/2014,YIP,MI,AGL,CE,Towers with Radar,11,11,43,0,65,0,0,57,0,57,11,11,100,0,122,86,0,86,208
12/02/2014,YIP,MI,AGL,CE,Towers with Radar,13,44,34,0,91,0,0,41,0,41,13,44,75,0,132,146,0,146,278
12/03/2014,YIP,MI,AGL,CE,Towers with Radar,16,39,44,0,99,0,0,19,0,19,16,39,63,0,118,68,0,68,186
12/04/2014,YIP,MI,AGL,CE,Towers with Radar,27,27,49,0,103,0,1,76,0,77,27,28,125,0,180,228,0,228,408
12/05/2014,YIP,MI,AGL,CE,Towers with Radar,17,24,22,1,64,0,0,19,0,19,17,24,41,1,83,72,0,72,155
12/06/2014,YIP,MI,AGL,CE,Towers with Radar,16,16,23,0,55,0,0,22,0,22,16,16,45,0,77,38,0,38,115
12/07/2014,YIP,MI,AGL,CE,Towers with Radar,4,7,31,1,43,0,0,40,0,40,4,7,71,1,83,40,0,40,123
12/08/2014,YIP,MI,AGL,CE,Towers with Radar,6,30,23,0,59,0,0,50,0,50,6,30,73,0,109,116,0,116,225
12/09/2014,YIP,MI,AGL,CE,Towers with Radar,4,37,31,0,72,0,0,2,0,2,4,37,33,0,74,20,0,20,94
12/10/2014,YIP,MI,AGL,CE,Towers with Radar,10,29,37,0,76,0,0,10,0,10,10,29,47,0,86,10,0,10,96
12/11/2014,YIP,MI,AGL,CE,Towers with Radar,18,28,38,0,84,0,1,50,1,52,18,29,88,1,136,44,2,46,182
12/12/2014,YIP,MI,AGL,CE,Towers with Radar,14,25,29,0,68,0,0,9,0,9,14,25,38,0,77,16,0,16,93
12/13/2014,YIP,MI,AGL,CE,Towers with Radar,4,18,30,0,52,0,0,4,0,4,4,18,34,0,56,32,0,32,88
12/14/2014,YIP,MI,AGL,CE,Towers with Radar,5,12,20,0,37,0,0,5,0,5,5,12,25,0,42,26,0,26,68
12/15/2014,YIP,MI,AGL,CE,Towers with Radar,11,32,80,0,123,0,0,22,0,22,11,32,102,0,145,38,0,38,183
12/16/2014,YIP,MI,AGL,CE,Towers with Radar,17,30,27,0,74,0,0,0,0,0,17,30,27,0,74,14,0,14,88
12/17/2014,YIP,MI,AGL,CE,Towers with Radar,14,45,13,0,72,0,0,8,0,8,14,45,21,0,80,31,0,31,111
12/18/2014,YIP,MI,AGL,CE,Towers with Radar,23,51,13,0,87,0,3,10,0,13,23,54,23,0,100,34,0,34,134
12/19/2014,YIP,MI,AGL,CE,Towers with Radar,24,51,21,0,96,0,1,31,0,32,24,52,52,0,128,182,0,182,310
12/20/2014,YIP,MI,AGL,CE,Towers with Radar,15,27,25,0,67,0,0,14,2,16,15,27,39,2,83,87,0,87,170
12/21/2014,YIP,MI,AGL,CE,Towers with Radar,10,10,9,0,29,0,0,31,0,31,10,10,40,0,60,72,0,72,132
12/22/2014,YIP,MI,AGL,CE,Towers with Radar,7,32,22,0,61,0,0,62,0,62,7,32,84,0,123,152,0,152,275
12/23/2014,YIP,MI,AGL,CE,Towers with Radar,7,39,12,0,58,0,1,2,0,3,7,40,14,0,61,0,0,0,61
12/24/2014,YIP,MI,AGL,CE,Towers with Radar,6,6,5,0,17,0,0,0,0,0,6,6,5,0,17,0,0,0,17
12/25/2014,YIP,MI,AGL,CE,Towers with Radar,0,5,2,0,7,0,0,4,0,4,0,5,6,0,11,0,0,0,11
12/26/2014,YIP,MI,AGL,CE,Towers with Radar,1,6,9,0,16,0,0,28,0,28,1,6,37,0,44,65,0,65,109
12/27/2014,YIP,MI,AGL,CE,Towers with Radar,1,14,35,0,50,0,0,2,0,2,1,14,37,0,52,8,0,8,60
12/28/2014,YIP,MI,AGL,CE,Towers with Radar,4,7,12,0,23,0,0,15,0,15,4,7,27,0,38,36,0,36,74
12/29/2014,YIP,MI,AGL,CE,Towers with Radar,6,5,14,0,25,0,0,38,0,38,6,5,52,0,63,48,0,48,111
12/30/2014,YIP,MI,AGL,CE,Towers with Radar,2,8,8,0,18,0,0,29,0,29,2,8,37,0,47,88,0,88,135
12/31/2014,YIP,MI,AGL,CE,Towers with Radar,2,6,3,0,11,0,0,3,0,3,2,6,6,0,14,6,0,6,20
01/01/2015,YIP,MI,AGL,CE,Towers with Radar,2,4,11,0,17,0,2,6,0,8,2,6,17,0,25,0,14,14,39
01/02/2015,YIP,MI,AGL,CE,Towers with Radar,1,5,7,0,13,0,0,33,0,33,1,5,40,0,46,88,0,88,134
01/03/2015,YIP,MI,AGL,CE,Towers with Radar,2,4,13,0,19,0,0,0,0,0,2,4,13,0,19,0,0,0,19
01/04/2015,YIP,MI,AGL,CE,Towers with Radar,0,6,13,0,19,0,0,2,0,2,0,6,15,0,21,8,0,8,29
01/05/2015,YIP,MI,AGL,CE,Towers with Radar,1,13,10,0,24,0,0,1,0,1,1,13,11,0,25,4,0,4,29
01/06/2015,YIP,MI,AGL,CE,Towers with Radar,7,31,16,0,54,0,0,33,0,33,7,31,49,0,87,118,0,118,205
01/07/2015,YIP,MI,AGL,CE,Towers with Radar,7,16,10,0,33,0,0,11,0,11,7,16,21,0,44,0,0,0,44
01/08/2015,YIP,MI,AGL,CE,Towers with Radar,2,26,15,0,43,0,0,7,0,7,2,26,22,0,50,22,0,22,72
01/09/2015,YIP,MI,AGL,CE,Towers with Radar,5,26,16,0,47,0,0,4,0,4,5,26,20,0,51,16,0,16,67
01/10/2015,YIP,MI,AGL,CE,Towers with Radar,6,9,13,0,28,0,0,28,0,28,6,9,41,0,56,16,0,16,72
01/11/2015,YIP,MI,AGL,CE,Towers with Radar,2,8,32,0,42,0,0,33,0,33,2,8,65,0,75,148,0,148,223
01/12/2015,YIP,MI,AGL,CE,Towers with Radar,7,18,19,0,44,0,0,6,0,6,7,18,25,0,50,62,0,62,112
01/13/2015,YIP,MI,AGL,CE,Towers with Radar,4,19,23,0,46,0,0,44,0,44,4,19,67,0,90,118,0,118,208
01/14/2015,YIP,MI,AGL,CE,Towers with Radar,3,34,29,0,66,0,1,32,0,33,3,35,61,0,99,98,0,98,197
01/15/2015,YIP,MI,AGL,CE,Towers with Radar,8,35,26,0,69,0,2,56,0,58,8,37,82,0,127,194,0,194,321
01/16/2015,YIP,MI,AGL,CE,Towers with Radar,10,32,42,0,84,0,0,63,0,63,10,32,105,0,147,130,0,130,277
01/17/2015,YIP,MI,AGL,CE,Towers with Radar,2,13,17,0,32,0,0,20,0,20,2,13,37,0,52,81,0,81,133
01/18/2015,YIP,MI,AGL,CE,Towers with Radar,0,9,24,0,33,0,0,6,0,6,0,9,30,0,39,72,0,72,111
01/19/2015,YIP,MI,AGL,CE,Towers with Radar,1,37,30,0,68,0,1,25,0,26,1,38,55,0,94,164,0,164,258
01/20/2015,YIP,MI,AGL,CE,Towers with Radar,2,23,17,0,42,0,0,2,0,2,2,23,19,0,44,24,0,24,68
01/21/2015,YIP,MI,AGL,CE,Towers with Radar,10,17,13,0,40,0,0,0,0,0,10,17,13,0,40,0,0,0,40
01/22/2015,YIP,MI,AGL,CE,Towers with Radar,9,27,16,0,52,0,0,27,0,27,9,27,43,0,79,194,0,194,273
01/23/2015,YIP,MI,AGL,CE,Towers with Radar,9,19,32,0,60,0,2,29,0,31,9,21,61,0,91,198,0,198,289
01/24/2015,YIP,MI,AGL,CE,Towers with Radar,4,16,16,0,36,0,0,0,0,0,4,16,16,0,36,4,0,4,40
01/25/2015,YIP,MI,AGL,CE,Towers with Radar,3,14,24,0,41,0,0,1,0,1,3,14,25,0,42,34,0,34,76
01/26/2015,YIP,MI,AGL,CE,Towers with Radar,3,24,51,0,78,0,0,51,0,51,3,24,102,0,129,122,0,122,251
01/27/2015,YIP,MI,AGL,CE,Towers with Radar,6,53,32,0,91,0,7,69,0,76,6,60,101,0,167,256,0,256,423
01/28/2015,YIP,MI,AGL,CE,Towers with Radar,14,46,42,0,102,0,0,68,0,68,14,46,110,0,170,137,0,137,307
01/29/2015,YIP,MI,AGL,CE,Towers with Radar,9,43,16,0,68,0,0,2,0,2,9,43,18,0,70,12,0,12,82
01/30/2015,YIP,MI,AGL,CE,Towers with Radar,7,24,26,0,57,0,0,29,0,29,7,24,55,0,86,50,0,50,136
01/31/2015,YIP,MI,AGL,CE,Towers with Radar,1,8,12,0,21,0,0,51,0,51,1,8,63,0,72,138,0,138,210
02/01/2015,YIP,MI,AGL,CE,Towers with Radar,1,3,1,0,5,0,0,0,0,0,1,3,1,0,5,0,0,0,5
02/02/2015,YIP,MI,AGL,CE,Towers with Radar,13,21,8,0,42,0,0,0,0,0,13,21,8,0,42,0,0,0,42
02/03/2015,YIP,MI,AGL,CE,Towers with Radar,9,17,17,0,43,0,0,34,0,34,9,17,51,0,77,198,0,198,275
02/04/2015,YIP,MI,AGL,CE,Towers with Radar,9,18,16,0,43,0,0,0,0,0,9,18,16,0,43,0,0,0,43
02/05/2015,YIP,MI,AGL,CE,Towers with Radar,8,26,27,0,61,0,0,48,0,48,8,26,75,0,109,166,0,166,275
02/06/2015,YIP,MI,AGL,CE,Towers with Radar,1,37,34,0,72,0,1,50,0,51,1,38,84,0,123,114,0,114,237
02/07/2015,YIP,MI,AGL,CE,Towers with Radar,5,7,28,2,42,0,0,17,0,17,5,7,45,2,59,52,0,52,111
02/08/2015,YIP,MI,AGL,CE,Towers with Radar,3,12,13,0,28,0,0,8,1,9,3,12,21,1,37,26,8,34,71
02/09/2015,YIP,MI,AGL,CE,Towers with Radar,8,13,21,0,42,0,0,4,0,4,8,13,25,0,46,14,0,14,60
02/10/2015,YIP,MI,AGL,CE,Towers with Radar,7,24,35,2,68,0,0,31,0,31,7,24,66,2,99,104,2,106,205
02/11/2015,YIP,MI,AGL,CE,Towers with Radar,6,35,15,0,56,0,0,0,0,0,6,35,15,0,56,0,0,0,56
02/12/2015,YIP,MI,AGL,CE,Towers with Radar,5,29,29,0,63,0,0,22,0,22,5,29,51,0,85,2,0,2,87
02/13/2015,YIP,MI,AGL,CE,Towers with Radar,5,30,29,0,64,0,0,42,1,43,5,30,71,1,107,99,0,99,206
02/14/2015,YIP,MI,AGL,CE,Towers with Radar,3,7,6,0,16,0,0,0,0,0,3,7,6,0,16,0,0,0,16
02/15/2015,YIP,MI,AGL,CE,Towers with Radar,2,13,8,0,23,0,0,3,0,3,2,13,11,0,26,0,0,0,26
02/16/2015,YIP,MI,AGL,CE,Towers with Radar,13,28,37,0,78,0,0,44,0,44,13,28,81,0,122,142,0,142,264
02/17/2015,YIP,MI,AGL,CE,Towers with Radar,28,28,41,0,97,0,0,14,0,14,28,28,55,0,111,32,0,32,143
02/18/2015,YIP,MI,AGL,CE,Towers with Radar,19,34,37,0,90,0,0,5,0,5,19,34,42,0,95,6,0,6,101
02/19/2015,YIP,MI,AGL,CE,Towers with Radar,9,54,56,0,119,0,0,22,0,22,9,54,78,0,141,32,0,32,173
02/20/2015,YIP,MI,AGL,CE,Towers with Radar,17,22,55,0,94,0,0,35,0,35,17,22,90,0,129,78,0,78,207
02/21/2015,YIP,MI,AGL,CE,Towers with Radar,10,19,6,0,35,0,0,4,0,4,10,19,10,0,39,0,0,0,39
02/22/2015,YIP,MI,AGL,CE,Towers with Radar,7,16,18,2,43,0,0,3,0,3,7,16,21,2,46,0,0,0,46
02/23/2015,YIP,MI,AGL,CE,Towers with Radar,16,21,18,0,55,0,3,28,0,31,16,24,46,0,86,100,0,100,186
02/24/2015,YIP,MI,AGL,CE,Towers with Radar,14,28,18,0,60,0,0,1,0,1,14,28,19,0,61,18,0,18,79
02/25/2015,YIP,MI,AGL,CE,Towers with Radar,14,31,39,0,84,0,0,53,0,53,14,31,92,0,137,134,0,134,271
02/26/2015,YIP,MI,AGL,CE,Towers with Radar,20,22,33,1,76,0,0,7,0,7,20,22,40,1,83,56,0,56,139
02/27/2015,YIP,MI,AGL,CE,Towers with Radar,10,23,29,0,62,0,0,31,0,31,10,23,60,0,93,132,0,132,225
02/28/2015,YIP,MI,AGL,CE,Towers with Radar,6,6,32,0,44,0,0,60,0,60,6,6,92,0,104,124,0,124,228
03/01/2015,YIP,MI,AGL,CE,Towers with Radar,4,11,8,0,23,0,0,0,0,0,4,11,8,0,23,0,0,0,23
03/02/2015,YIP,MI,AGL,CE,Towers with Radar,13,22,46,1,82,0,0,51,0,51,13,22,97,1,133,52,0,52,185
03/03/2015,YIP,MI,AGL,CE,Towers with Radar,5,25,13,0,43,0,0,0,0,0,5,25,13,0,43,0,0,0,43
03/04/2015,YIP,MI,AGL,CE,Towers with Radar,11,29,39,0,79,0,1,33,0,34,11,30,72,0,113,94,0,94,207
03/05/2015,YIP,MI,AGL,CE,Towers with Radar,26,43,39,0,108,0,1,37,0,38,26,44,76,0,146,166,0,166,312
03/06/2015,YIP,MI,AGL,CE,Towers with Radar,24,35,38,0,97,0,0,29,0,29,24,35,67,0,126,66,0,66,192
03/07/2015,YIP,MI,AGL,CE,Towers with Radar,11,22,10,0,43,0,0,33,0,33,11,22,43,0,76,62,0,62,138
03/08/2015,YIP,MI,AGL,CE,Towers with Radar,0,13,16,1,30,0,1,46,0,47,0,14,62,1,77,50,0,50,127
03/09/2015,YIP,MI,AGL,CE,Towers with Radar,10,23,27,0,60,0,0,53,0,53,10,23,80,0,113,114,0,114,227
03/10/2015,YIP,MI,AGL,CE,Towers with Radar,9,27,29,0,65,0,0,1,0,1,9,27,30,0,66,22,0,22,88
03/11/2015,YIP,MI,AGL,CE,Towers with Radar,10,28,28,0,66,0,0,55,0,55,10,28,83,0,121,210,0,210,331
03/12/2015,YIP,MI,AGL,CE,Towers with Radar,6,22,36,0,64,0,2,52,0,54,6,24,88,0,118,102,0,102,220
03/13/2015,YIP,MI,AGL,CE,Towers with Radar,10,23,26,0,59,0,1,46,0,47,10,24,72,0,106,218,0,218,324
03/14/2015,YIP,MI,AGL,CE,Towers with Radar,1,5,8,0,14,0,0,4,0,4,1,5,12,0,18,10,0,10,28
03/15/2015,YIP,MI,AGL,CE,Towers with Radar,2,16,40,0,58,0,0,49,0,49,2,16,89,0,107,94,0,94,201
03/16/2015,YIP,MI,AGL,CE,Towers with Radar,5,16,50,0,71,0,0,47,0,47,5,16,97,0,118,164,0,164,282
03/17/2015,YIP,MI,AGL,CE,Towers with Radar,3,20,18,0,41,0,0,16,0,16,3,20,34,0,57,36,0,36,93
03/18/2015,YIP,MI,AGL,CE,Towers with Radar,6,23,13,0,42,0,0,37,0,37,6,23,50,0,79,48,0,48,127
03/19/2015,YIP,MI,AGL,CE,Towers with Radar,6,26,35,0,67,0,0,68,0,68,6,26,103,0,135,249,0,249,384
03/20/2015,YIP,MI,AGL,CE,Towers with Radar,11,25,18,0,54,0,0,40,0,40,11,25,58,0,94,94,0,94,188
03/21/2015,YIP,MI,AGL,CE,Towers with Radar,6,4,13,0,23,0,0,5,0,5,6,4,18,0,28,12,0,12,40
03/22/2015,YIP,MI,AGL,CE,Towers with Radar,0,11,17,0,28,0,0,45,0,45,0,11,62,0,73,24,0,24,97
03/23/2015,YIP,MI,AGL,CE,Towers with Radar,10,16,30,0,56,0,0,22,5,27,10,16,52,5,83,86,0,86,169
03/24/2015,YIP,MI,AGL,CE,Towers with Radar,16,22,28,0,66,0,0,69,0,69,16,22,97,0,135,166,0,166,301
03/25/2015,YIP,MI,AGL,CE,Towers with Radar,18,16,18,0,52,0,0,2,0,2,18,16,20,0,54,0,0,0,54
03/26/2015,YIP,MI,AGL,CE,Towers with Radar,26,49,34,0,109,0,0,16,0,16,26,49,50,0,125,16,0,16,141
03/27/2015,YIP,MI,AGL,CE,Towers with Radar,21,40,20,0,81,0,0,12,0,12,21,40,32,0,93,32,0,32,125
03/28/2015,YIP,MI,AGL,CE,Towers with Radar,6,16,21,2,45,0,0,54,0,54,6,16,75,2,99,124,0,124,223
03/29/2015,YIP,MI,AGL,CE,Towers with Radar,0,14,26,0,40,0,0,4,0,4,0,14,30,0,44,4,0,4,48
03/30/2015,YIP,MI,AGL,CE,Towers with Radar,13,33,22,0,68,0,0,14,0,14,13,33,36,0,82,37,0,37,119
03/31/2015,YIP,MI,AGL,CE,Towers with Radar,19,41,38,0,98,0,0,0,0,0,19,41,38,0,98,0,0,0,98
04/01/2015,YIP,MI,AGL,CE,Towers with Radar,14,20,38,0,72,0,0,40,0,40,14,20,78,0,112,111,0,111,223
04/02/2015,YIP,MI,AGL,CE,Towers with Radar,12,16,25,0,53,0,0,7,0,7,12,16,32,0,60,14,0,14,74
04/03/2015,YIP,MI,AGL,CE,Towers with Radar,4,19,31,0,54,0,0,21,0,21,4,19,52,0,75,122,0,122,197
04/04/2015,YIP,MI,AGL,CE,Towers with Radar,5,10,21,0,36,0,0,30,0,30,5,10,51,0,66,30,0,30,96
04/05/2015,YIP,MI,AGL,CE,Towers with Radar,1,10,12,0,23,0,0,18,0,18,1,10,30,0,41,38,0,38,79
04/06/2015,YIP,MI,AGL,CE,Towers with Radar,4,20,16,0,40,0,2,56,0,58,4,22,72,0,98,140,0,140,238
04/07/2015,YIP,MI,AGL,CE,Towers with Radar,7,19,50,0,76,0,0,3,0,3,7,19,53,0,79,18,0,18,97
04/08/2015,YIP,MI,AGL,CE,Towers with Radar,8,36,11,0,55,0,0,0,0,0,8,36,11,0,55,0,0,0,55
04/09/2015,YIP,MI,AGL,CE,Towers with Radar,1,20,8,0,29,0,0,0,0,0,1,20,8,0,29,2,0,2,31
04/10/2015,YIP,MI,AGL,CE,Towers with Radar,18,31,35,1,85,0,0,9,1,10,18,31,44,2,95,10,0,10,105
04/11/2015,YIP,MI,AGL,CE,Towers with Radar,3,41,36,0,80,0,0,76,0,76,3,41,112,0,156,128,0,128,284
04/12/2015,YIP,MI,AGL,CE,Towers with Radar,1,14,46,2,63,0,0,68,0,68,1,14,114,2,131,104,0,104,235
04/13/2015,YIP,MI,AGL,CE,Towers with Radar,6,23,25,0,54,0,0,8,0,8,6,23,33,0,62,70,0,70,132
04/14/2015,YIP,MI,AGL,CE,Towers with Radar,6,27,48,2,83,0,0,55,0,55,6,27,103,2,138,260,0,260,398
04/15/2015,YIP,MI,AGL,CE,Towers with Radar,10,41,23,0,74,0,0,58,0,58,10,41,81,0,132,142,0,142,274
04/16/2015,YIP,MI,AGL,CE,Towers with Radar,16,45,24,6,91,0,0,23,0,23,16,45,47,6,114,140,0,140,254
04/17/2015,YIP,MI,AGL,CE,Towers with Radar,6,38,36,0,80,0,0,55,0,55,6,38,91,0,135,154,0,154,289
04/18/2015,YIP,MI,AGL,CE,Towers with Radar,0,12,12,0,24,0,0,48,2,50,0,12,60,2,74,68,0,68,142
04/19/2015,YIP,MI,AGL,CE,Towers with Radar,2,10,21,0,33,0,0,21,0,21,2,10,42,0,54,26,0,26,80
04/20/2015,YIP,MI,AGL,CE,Towers with Radar,1,17,13,0,31,0,0,0,0,0,1,17,13,0,31,0,0,0,31
04/21/2015,YIP,MI,AGL,CE,Towers with Radar,6,30,26,0,62,0,0,21,0,21,6,30,47,0,83,20,0,20,103
04/22/2015,YIP,MI,AGL,CE,Towers with Radar,9,42,20,0,71,0,2,1,0,3,9,44,21,0,74,4,0,4,78
04/23/2015,YIP,MI,AGL,CE,Towers with Radar,2,26,35,0,63,0,0,23,0,23,2,26,58,0,86,18,0,18,104
04/24/2015,YIP,MI,AGL,CE,Towers with Radar,3,32,38,1,74,0,1,72,0,73,3,33,110,1,147,227,0,227,374
04/25/2015,YIP,MI,AGL,CE,Towers with Radar,4,9,24,0,37,0,0,30,0,30,4,9,54,0,67,68,0,68,135
04/26/2015,YIP,MI,AGL,CE,Towers with Radar,2,12,24,3,41,0,0,30,0,30,2,12,54,3,71,16,0,16,87
04/27/2015,YIP,MI,AGL,CE,Towers with Radar,13,40,55,0,108,0,0,38,0,38,13,40,93,0,146,72,0,72,218
04/28/2015,YIP,MI,AGL,CE,Towers with Radar,18,55,67,0,140,0,2,91,0,93,18,57,158,0,233,268,2,270,503
04/29/2015,YIP,MI,AGL,CE,Towers with Radar,9,46,55,0,110,0,2,66,0,68,9,48,121,0,178,202,0,202,380
04/30/2015,YIP,MI,AGL,CE,Towers with Radar,25,51,93,0,169,0,0,8,0,8,25,51,101,0,177,68,0,68,245
05/01/2015,YIP,MI,AGL,CE,Towers with Radar,27,65,68,0,160,0,0,46,0,46,27,65,114,0,206,147,0,147,353
05/02/2015,YIP,MI,AGL,CE,Towers with Radar,5,29,29,0,63,0,0,75,0,75,5,29,104,0,138,126,0,126,264
05/03/2015,YIP,MI,AGL,CE,Towers with Radar,4,25,18,0,47,0,0,41,0,41,4,25,59,0,88,40,0,40,128
05/04/2015,YIP,MI,AGL,CE,Towers with Radar,10,16,18,0,44,0,1,24,1,26,10,17,42,1,70,64,0,64,134
05/05/2015,YIP,MI,AGL,CE,Towers with Radar,6,29,57,0,92,0,0,8,0,8,6,29,65,0,100,50,0,50,150
05/06/2015,YIP,MI,AGL,CE,Towers with Radar,16,67,58,0,141,0,0,12,0,12,16,67,70,0,153,32,0,32,185
05/07/2015,YIP,MI,AGL,CE,Towers with Radar,6,52,33,0,91,1,0,51,0,52,7,52,84,0,143,76,0,76,219
05/08/2015,YIP,MI,AGL,CE,Towers with Radar,14,33,34,2,83,0,0,54,0,54,14,33,88,2,137,76,0,76,213
05/09/2015,YIP,MI,AGL,CE,Towers with Radar,1,20,16,0,37,0,0,29,0,29,1,20,45,0,66,78,0,78,144
05/10/2015,YIP,MI,AGL,CE,Towers with Radar,1,8,11,0,20,0,0,4,0,4,1,8,15,0,24,36,0,36,60
05/11/2015,YIP,MI,AGL,CE,Towers with Radar,7,16,18,0,41,0,0,13,0,13,7,16,31,0,54,82,0,82,136
05/12/2015,YIP,MI,AGL,CE,Towers with Radar,11,44,38,0,93,0,0,40,0,40,11,44,78,0,133,28,0,28,161
05/13/2015,YIP,MI,AGL,CE,Towers with Radar,29,52,84,0,165,0,0,62,0,62,29,52,146,0,227,263,0,263,490
05/14/2015,YIP,MI,AGL,CE,Towers with Radar,25,36,42,0,103,0,0,79,0,79,25,36,121,0,182,148,0,148,330
05/15/2015,YIP,MI,AGL,CE,Towers with Radar,11,36,44,0,91,0,0,15,0,15,11,36,59,0,106,94,0,94,200
05/16/2015,YIP,MI,AGL,CE,Towers with Radar,3,15,21,0,39,0,0,10,0,10,3,15,31,0,49,6,0,6,55
05/17/2015,YIP,MI,AGL,CE,Towers with Radar,5,11,27,0,43,0,0,16,0,16,5,11,43,0,59,4,0,4,63
05/18/2015,YIP,MI,AGL,CE,Towers with Radar,6,26,38,0,70,0,0,32,0,32,6,26,70,0,102,114,0,114,216
05/19/2015,YIP,MI,AGL,CE,Towers with Radar,3,40,34,0,77,0,0,40,0,40,3,40,74,0,117,92,0,92,209
05/20/2015,YIP,MI,AGL,CE,Towers with Radar,12,38,35,0,85,0,1,85,0,86,12,39,120,0,171,114,0,114,285
05/21/2015,YIP,MI,AGL,CE,Towers with Radar,9,23,34,0,66,0,0,40,0,40,9,23,74,0,106,134,0,134,240
05/22/2015,YIP,MI,AGL,CE,Towers with Radar,12,25,32,4,73,0,0,42,0,42,12,25,74,4,115,82,0,82,197
05/23/2015,YIP,MI,AGL,CE,Towers with Radar,4,14,33,0,51,0,0,47,0,47,4,14,80,0,98,128,0,128,226
05/24/2015,YIP,MI,AGL,CE,Towers with Radar,4,8,10,0,22,0,2,35,0,37,4,10,45,0,59,62,0,62,121
05/25/2015,YIP,MI,AGL,CE,Towers with Radar,7,11,12,0,30,0,0,4,0,4,7,11,16,0,34,14,0,14,48
05/26/2015,YIP,MI,AGL,CE,Towers with Radar,6,23,30,0,59,0,0,15,0,15,6,23,45,0,74,16,0,16,90
05/27/2015,YIP,MI,AGL,CE,Towers with Radar,5,41,10,0,56,0,0,31,0,31,5,41,41,0,87,28,0,28,115
05/28/2015,YIP,MI,AGL,CE,Towers with Radar,7,32,38,0,77,0,1,64,0,65,7,33,102,0,142,96,0,96,238
05/29/2015,YIP,MI,AGL,CE,Towers with Radar,14,36,22,0,72,0,0,39,0,39,14,36,61,0,111,146,0,146,257
05/30/2015,YIP,MI,AGL,CE,Towers with Radar,5,17,2,0,24,0,0,8,0,8,5,17,10,0,32,18,0,18,50
05/31/2015,YIP,MI,AGL,CE,Towers with Radar,6,8,19,0,33,0,0,0,0,0,6,8,19,0,33,2,0,2,35
06/01/2015,YIP,MI,AGL,CE,Towers with Radar,8,27,30,0,65,0,1,62,0,63,8,28,92,0,128,106,0,106,234
06/02/2015,YIP,MI,AGL,CE,Towers with Radar,12,62,38,0,112,0,1,50,0,51,12,63,88,0,163,158,0,158,321
06/03/2015,YIP,MI,AGL,CE,Towers with Radar,6,47,41,0,94,0,0,70,0,70,6,47,111,0,164,152,0,152,316
06/04/2015,YIP,MI,AGL,CE,Towers with Radar,17,53,47,0,117,0,2,43,0,45,17,55,90,0,162,90,0,90,252
06/05/2015,YIP,MI,AGL,CE,Towers with Radar,12,45,33,0,90,0,0,32,0,32,12,45,65,0,122,100,0,100,222
06/06/2015,YIP,MI,AGL,CE,Towers with Radar,5,17,19,0,41,0,0,54,9,63,5,17,73,9,104,56,0,56,160
06/07/2015,YIP,MI,AGL,CE,Towers with Radar,4,9,17,6,36,0,0,15,0,15,4,9,32,6,51,48,0,48,99
06/08/2015,YIP,MI,AGL,CE,Towers with Radar,10,19,33,0,62,0,0,7,0,7,10,19,40,0,69,74,0,74,143
06/09/2015,YIP,MI,AGL,CE,Towers with Radar,13,41,50,2,106,0,0,50,1,51,13,41,100,3,157,122,2,124,281
06/10/2015,YIP,MI,AGL,CE,Towers with Radar,7,40,21,0,68,0,0,19,0,19,7,40,40,0,87,32,0,32,119
06/11/2015,YIP,MI,AGL,CE,Towers with Radar,16,41,44,0,101,0,1,50,2,53,16,42,94,2,154,155,2,157,311
06/12/2015,YIP,MI,AGL,CE,Towers with Radar,11,41,28,3,83,0,0,15,0,15,11,41,43,3,98,134,0,134,232
06/13/2015,YIP,MI,AGL,CE,Towers with Radar,7,12,56,3,78,0,0,3,0,3,7,12,59,3,81,22,0,22,103
06/14/2015,YIP,MI,AGL,CE,Towers with Radar,14,21,46,1,82,0,0,18,0,18,14,21,64,1,100,30,0,30,130
06/15/2015,YIP,MI,AGL,CE,Towers with Radar,7,31,17,0,55,0,0,9,0,9,7,31,26,0,64,20,0,20,84
06/16/2015,YIP,MI,AGL,CE,Towers with Radar,6,22,55,0,83,0,0,48,0,48,6,22,103,0,131,154,0,154,285
06/17/2015,YIP,MI,AGL,CE,Towers with Radar,7,34,33,0,74,0,1,49,0,50,7,35,82,0,124,182,0,182,306
06/18/2015,YIP,MI,AGL,CE,Towers with Radar,7,42,41,0,90,0,0,17,0,17,7,42,58,0,107,72,0,72,179
06/19/2015,YIP,MI,AGL,CE,Towers with Radar,5,36,38,0,79,0,0,63,1,64,5,36,101,1,143,150,0,150,293
06/20/2015,YIP,MI,AGL,CE,Towers with Radar,1,11,14,0,26,0,0,10,0,10,1,11,24,0,36,70,0,70,106
06/21/2015,YIP,MI,AGL,CE,Towers with Radar,4,12,18,0,34,0,0,29,0,29,4,12,47,0,63,16,0,16,79
06/22/2015,YIP,MI,AGL,CE,Towers with Radar,9,23,19,0,51,0,0,34,0,34,9,23,53,0,85,46,0,46,131
06/23/2015,YIP,MI,AGL,CE,Towers with Radar,14,53,36,6,109,0,1,54,0,55,14,54,90,6,164,68,0,68,232
06/24/2015,YIP,MI,AGL,CE,Towers with Radar,9,39,40,0,88,0,0,68,0,68,9,39,108,0,156,152,0,152,308
06/25/2015,YIP,MI,AGL,CE,Towers with Radar,12,43,31,4,90,0,1,23,0,24,12,44,54,4,114,64,8,72,186
06/26/2015,YIP,MI,AGL,CE,Towers with Radar,12,30,25,0,67,0,0,43,0,43,12,30,68,0,110,54,0,54,164
06/27/2015,YIP,MI,AGL,CE,Towers with Radar,7,6,7,0,20,0,0,1,0,1,7,6,8,0,21,8,0,8,29
06/28/2015,YIP,MI,AGL,CE,Towers with Radar,0,9,17,0,26,0,0,46,0,46,0,9,63,0,72,64,0,64,136
06/29/2015,YIP,MI,AGL,CE,Towers with Radar,3,21,32,0,56,0,0,28,0,28,3,21,60,0,84,54,0,54,138
06/30/2015,YIP,MI,AGL,CE,Towers with Radar,7,10,19,2,38,0,0,21,0,21,7,10,40,2,59,60,0,60,119
07/01/2015,YIP,MI,AGL,CE,Towers with Radar,4,12,53,0,69,0,0,9,0,9,4,12,62,0,78,26,0,26,104
07/02/2015,YIP,MI,AGL,CE,Towers with Radar,2,15,39,2,58,0,0,58,0,58,2,15,97,2,116,146,4,150,266
07/03/2015,YIP,MI,AGL,CE,Towers with Radar,1,12,19,0,32,0,0,57,0,57,1,12,76,0,89,114,0,114,203
07/04/2015,YIP,MI,AGL,CE,Towers with Radar,0,3,9,0,12,0,0,29,0,29,0,3,38,0,41,26,0,26,67
07/05/2015,YIP,MI,AGL,CE,Towers with Radar,0,9,13,0,22,0,0,46,0,46,0,9,59,0,68,66,0,66,134
07/06/2015,YIP,MI,AGL,CE,Towers with Radar,2,13,29,0,44,0,0,44,0,44,2,13,73,0,88,88,0,88,176
07/07/2015,YIP,MI,AGL,CE,Towers with Radar,0,16,24,1,41,0,0,8,0,8,0,16,32,1,49,16,0,16,65
07/08/2015,YIP,MI,AGL,CE,Towers with Radar,2,38,50,8,98,0,0,59,0,59,2,38,109,8,157,180,0,180,337
07/09/2015,YIP,MI,AGL,CE,Towers with Radar,4,22,30,3,59,0,0,9,0,9,4,22,39,3,68,10,0,10,78
07/10/2015,YIP,MI,AGL,CE,Towers with Radar,4,20,34,0,58,0,2,80,0,82,4,22,114,0,140,142,0,142,282
07/11/2015,YIP,MI,AGL,CE,Towers with Radar,1,6,14,0,21,0,0,79,0,79,1,6,93,0,100,161,0,161,261
07/12/2015,YIP,MI,AGL,CE,Towers with Radar,4,7,30,0,41,0,0,35,0,35,4,7,65,0,76,22,0,22,98
07/13/2015,YIP,MI,AGL,CE,Towers with Radar,2,24,37,0,63,0,0,22,0,22,2,24,59,0,85,50,0,50,135
07/14/2015,YIP,MI,AGL,CE,Towers with Radar,3,16,28,0,47,0,2,8,0,10,3,18,36,0,57,30,0,30,87
07/15/2015,YIP,MI,AGL,CE,Towers with Radar,1,29,41,2,73,0,1,65,0,66,1,30,106,2,139,147,0,147,286
07/16/2015,YIP,MI,AGL,CE,Towers with Radar,11,28,26,0,65,0,0,36,0,36,11,28,62,0,101,120,0,120,221
07/17/2015,YIP,MI,AGL,CE,Towers with Radar,7,23,23,2,55,0,0,5,0,5,7,23,28,2,60,6,0,6,66
07/18/2015,YIP,MI,AGL,CE,Towers with Radar,2,11,5,0,18,0,0,35,0,35,2,11,40,0,53,42,0,42,95
07/19/2015,YIP,MI,AGL,CE,Towers with Radar,1,21,9,0,31,0,0,22,0,22,1,21,31,0,53,41,0,41,94
07/20/2015,YIP,MI,AGL,CE,Towers with Radar,3,20,25,0,48,0,0,32,0,32,3,20,57,0,80,84,0,84,164
07/21/2015,YIP,MI,AGL,CE,Towers with Radar,7,20,29,0,56,0,0,46,0,46,7,20,75,0,102,101,0,101,203
07/22/2015,YIP,MI,AGL,CE,Towers with Radar,8,24,13,0,45,0,5,38,1,44,8,29,51,1,89,82,0,82,171
07/23/2015,YIP,MI,AGL,CE,Towers with Radar,4,22,34,0,60,0,1,37,0,38,4,23,71,0,98,115,0,115,213
07/24/2015,YIP,MI,AGL,CE,Towers with Radar,5,25,29,0,59,0,1,47,0,48,5,26,76,0,107,82,0,82,189
07/25/2015,YIP,MI,AGL,CE,Towers with Radar,3,5,14,0,22,0,0,21,0,21,3,5,35,0,43,34,0,34,77
07/26/2015,YIP,MI,AGL,CE,Towers with Radar,5,6,29,0,40,0,0,29,0,29,5,6,58,0,69,22,0,22,91
07/27/2015,YIP,MI,AGL,CE,Towers with Radar,9,17,48,0,74,0,2,38,0,40,9,19,86,0,114,58,0,58,172
07/28/2015,YIP,MI,AGL,CE,Towers with Radar,7,16,61,0,84,0,1,49,0,50,7,17,110,0,134,40,0,40,174
07/29/2015,YIP,MI,AGL,CE,Towers with Radar,14,31,33,0,78,0,0,30,0,30,14,31,63,0,108,64,0,64,172
07/30/2015,YIP,MI,AGL,CE,Towers with Radar,8,24,52,0,84,0,0,52,0,52,8,24,104,0,136,102,0,102,238
07/31/2015,YIP,MI,AGL,CE,Towers with Radar,4,26,33,0,63,0,0,39,0,39,4,26,72,0,102,86,0,86,188
08/01/2015,YIP,MI,AGL,CE,Towers with Radar,1,14,21,0,36,0,0,45,0,45,1,14,66,0,81,62,0,62,143
08/02/2015,YIP,MI,AGL,CE,Towers with Radar,1,11,5,0,17,0,0,37,0,37,1,11,42,0,54,74,0,74,128
08/03/2015,YIP,MI,AGL,CE,Towers with Radar,7,22,41,0,70,0,0,16,0,16,7,22,57,0,86,98,0,98,184
08/04/2015,YIP,MI,AGL,CE,Towers with Radar,7,36,43,0,86,0,0,47,0,47,7,36,90,0,133,68,0,68,201
08/05/2015,YIP,MI,AGL,CE,Towers with Radar,16,30,31,0,77,0,0,51,1,52,16,30,82,1,129,84,0,84,213
08/06/2015,YIP,MI,AGL,CE,Towers with Radar,9,29,28,0,66,0,0,45,0,45,9,29,73,0,111,104,0,104,215
08/07/2015,YIP,MI,AGL,CE,Towers with Radar,9,20,37,0,66,0,0,52,0,52,9,20,89,0,118,56,0,56,174
08/08/2015,YIP,MI,AGL,CE,Towers with Radar,5,6,15,0,26,0,0,36,0,36,5,6,51,0,62,22,0,22,84
08/09/2015,YIP,MI,AGL,CE,Towers with Radar,0,6,27,0,33,0,0,23,0,23,0,6,50,0,56,102,0,102,158
08/10/2015,YIP,MI,AGL,CE,Towers with Radar,1,28,15,0,44,0,0,23,0,23,1,28,38,0,67,18,0,18,85
08/11/2015,YIP,MI,AGL,CE,Towers with Radar,4,19,37,0,60,0,0,26,0,26,4,19,63,0,86,104,0,104,190
08/12/2015,YIP,MI,AGL,CE,Towers with Radar,5,22,30,0,57,0,0,55,0,55,5,22,85,0,112,106,0,106,218
08/13/2015,YIP,MI,AGL,CE,Towers with Radar,12,24,58,0,94,0,0,51,0,51,12,24,109,0,145,78,0,78,223
08/14/2015,YIP,MI,AGL,CE,Towers with Radar,11,20,36,0,67,0,0,33,0,33,11,20,69,0,100,122,0,122,222
08/15/2015,YIP,MI,AGL,CE,Towers with Radar,7,12,22,0,41,0,0,38,0,38,7,12,60,0,79,80,0,80,159
08/16/2015,YIP,MI,AGL,CE,Towers with Radar,10,11,46,0,67,0,0,35,0,35,10,11,81,0,102,38,0,38,140
08/17/2015,YIP,MI,AGL,CE,Towers with Radar,2,22,20,0,44,0,0,30,0,30,2,22,50,0,74,100,0,100,174
08/18/2015,YIP,MI,AGL,CE,Towers with Radar,5,31,38,0,74,0,0,33,0,33,5,31,71,0,107,78,0,78,185
08/19/2015,YIP,MI,AGL,CE,Towers with Radar,3,19,18,0,40,0,0,25,0,25,3,19,43,0,65,36,0,36,101
08/20/2015,YIP,MI,AGL,CE,Towers with Radar,9,30,36,0,75,0,0,12,0,12,9,30,48,0,87,14,0,14,101
08/21/2015,YIP,MI,AGL,CE,Towers with Radar,9,26,26,0,61,0,0,60,2,62,9,26,86,2,123,198,0,198,321
08/22/2015,YIP,MI,AGL,CE,Towers with Radar,5,13,5,0,23,0,0,39,0,39,5,13,44,0,62,78,0,78,140
08/23/2015,YIP,MI,AGL,CE,Towers with Radar,1,15,15,1,32,0,0,26,1,27,1,15,41,2,59,14,0,14,73
08/24/2015,YIP,MI,AGL,CE,Towers with Radar,6,17,23,0,46,0,0,22,0,22,6,17,45,0,68,18,0,18,86
08/25/2015,YIP,MI,AGL,CE,Towers with Radar,6,37,32,0,75,0,0,10,0,10,6,37,42,0,85,92,0,92,177
08/26/2015,YIP,MI,AGL,CE,Towers with Radar,7,37,34,7,85,0,2,30,0,32,7,39,64,7,117,72,2,74,191
08/27/2015,YIP,MI,AGL,CE,Towers with Radar,9,33,19,4,65,0,0,34,9,43,9,33,53,13,108,50,4,54,162
08/28/2015,YIP,MI,AGL,CE,Towers with Radar,9,33,15,3,60,0,3,58,15,76,9,36,73,18,136,126,0,126,262
08/29/2015,YIP,MI,AGL,CE,Towers with Radar,1,19,7,0,27,0,0,66,0,66,1,19,73,0,93,0,0,0,93
08/30/2015,YIP,MI,AGL,CE,Towers with Radar,3,9,15,2,29,0,0,88,1,89,3,9,103,3,118,0,0,0,118
08/31/2015,YIP,MI,AGL,CE,Towers with Radar,8,29,45,2,84,0,0,45,0,45,8,29,90,2,129,110,1,111,240
09/01/2015,YIP,MI,AGL,CE,Towers with Radar,6,19,33,1,59,0,1,54,3,58,6,20,87,4,117,86,2,88,205
09/02/2015,YIP,MI,AGL,CE,Towers with Radar,6,37,43,0,86,0,1,28,0,29,6,38,71,0,115,110,0,110,225
09/03/2015,YIP,MI,AGL,CE,Towers with Radar,8,31,25,0,64,0,0,26,1,27,8,31,51,1,91,72,0,72,163
09/04/2015,YIP,MI,AGL,CE,Towers with Radar,19,39,36,0,94,0,0,8,0,8,19,39,44,0,102,42,0,42,144
09/05/2015,YIP,MI,AGL,CE,Towers with Radar,11,13,10,0,34,0,0,20,0,20,11,13,30,0,54,24,0,24,78
09/06/2015,YIP,MI,AGL,CE,Towers with Radar,6,14,8,0,28,0,0,20,0,20,6,14,28,0,48,16,0,16,64
09/07/2015,YIP,MI,AGL,CE,Towers with Radar,3,10,16,0,29,0,0,15,0,15,3,10,31,0,44,34,0,34,78
09/08/2015,YIP,MI,AGL,CE,Towers with Radar,6,18,29,2,55,0,0,19,0,19,6,18,48,2,74,78,0,78,152
09/09/2015,YIP,MI,AGL,CE,Towers with Radar,6,24,33,0,63,0,0,32,0,32,6,24,65,0,95,58,0,58,153
09/10/2015,YIP,MI,AGL,CE,Towers with Radar,8,30,41,0,79,0,0,44,0,44,8,30,85,0,123,66,0,66,189
09/11/2015,YIP,MI,AGL,CE,Towers with Radar,5,31,39,2,77,0,0,18,2,20,5,31,57,4,97,58,12,70,167
09/12/2015,YIP,MI,AGL,CE,Towers with Radar,4,19,30,0,53,0,0,29,0,29,4,19,59,0,82,82,0,82,164
09/13/2015,YIP,MI,AGL,CE,Towers with Radar,3,15,9,0,27,0,0,40,0,40,3,15,49,0,67,74,0,74,141
09/14/2015,YIP,MI,AGL,CE,Towers with Radar,10,18,44,1,73,0,0,48,0,48,10,18,92,1,121,80,0,80,201
09/15/2015,YIP,MI,AGL,CE,Towers with Radar,3,19,28,2,52,0,0,79,0,79,3,19,107,2,131,228,0,228,359
09/16/2015,YIP,MI,AGL,CE,Towers with Radar,15,23,35,0,73,0,0,70,0,70,15,23,105,0,143,100,0,100,243
09/17/2015,YIP,MI,AGL,CE,Towers with Radar,14,30,37,0,81,0,0,55,0,55,14,30,92,0,136,114,0,114,250
09/18/2015,YIP,MI,AGL,CE,Towers with Radar,11,43,28,1,83,0,0,14,0,14,11,43,42,1,97,44,0,44,141
09/19/2015,YIP,MI,AGL,CE,Towers with Radar,13,19,17,1,50,0,0,21,0,21,13,19,38,1,71,16,0,16,87
09/20/2015,YIP,MI,AGL,CE,Towers with Radar,4,16,28,0,48,0,0,35,0,35,4,16,63,0,83,48,0,48,131
09/21/2015,YIP,MI,AGL,CE,Towers with Radar,17,40,46,0,103,0,0,58,1,59,17,40,104,1,162,114,0,114,276
09/22/2015,YIP,MI,AGL,CE,Towers with Radar,20,27,53,2,102,0,0,35,1,36,20,27,88,3,138,48,0,48,186
09/23/2015,YIP,MI,AGL,CE,Towers with Radar,20,28,38,0,86,0,1,38,0,39,20,29,76,0,125,54,0,54,179
09/24/2015,YIP,MI,AGL,CE,Towers with Radar,39,43,39,0,121,0,0,63,0,63,39,43,102,0,184,114,0,114,298
09/25/2015,YIP,MI,AGL,CE,Towers with Radar,39,33,46,0,118,1,0,64,0,65,40,33,110,0,183,56,0,56,239
09/26/2015,YIP,MI,AGL,CE,Towers with Radar,16,28,34,0,78,0,0,38,0,38,16,28,72,0,116,44,0,44,160
09/27/2015,YIP,MI,AGL,CE,Towers with Radar,13,13,28,0,54,0,0,51,0,51,13,13,79,0,105,64,0,64,169
09/28/2015,YIP,MI,AGL,CE,Towers with Radar,8,18,34,0,60,0,0,44,0,44,8,18,78,0,104,58,0,58,162
09/29/2015,YIP,MI,AGL,CE,Towers with Radar,19,17,37,0,73,0,0,8,0,8,19,17,45,0,81,58,0,58,139
09/30/2015,YIP,MI,AGL,CE,Towers with Radar,13,18,30,0,61,0,0,61,0,61,13,18,91,0,122,80,0,80,202
10/01/2015,YIP,MI,AGL,CE,Towers with Radar,22,33,37,0,92,0,0,33,0,33,22,33,70,0,125,96,0,96,221
10/02/2015,YIP,MI,AGL,CE,Towers with Radar,32,24,33,0,89,0,0,29,0,29,32,24,62,0,118,14,0,14,132
10/03/2015,YIP,MI,AGL,CE,Towers with Radar,9,7,5,0,21,0,0,6,0,6,9,7,11,0,27,40,0,40,67
10/04/2015,YIP,MI,AGL,CE,Towers with Radar,6,13,27,0,46,0,0,2,0,2,6,13,29,0,48,26,0,26,74
10/05/2015,YIP,MI,AGL,CE,Towers with Radar,12,38,40,0,90,0,0,13,0,13,12,38,53,0,103,28,0,28,131
10/06/2015,YIP,MI,AGL,CE,Towers with Radar,14,36,36,0,86,0,1,14,0,15,14,37,50,0,101,82,0,82,183
10/07/2015,YIP,MI,AGL,CE,Towers with Radar,19,28,44,0,91,0,0,54,2,56,19,28,98,2,147,89,0,89,236
10/08/2015,YIP,MI,AGL,CE,Towers with Radar,16,33,74,0,123,0,0,29,0,29,16,33,103,0,152,60,0,60,212
10/09/2015,YIP,MI,AGL,CE,Towers with Radar,16,39,57,0,112,0,0,6,0,6,16,39,63,0,118,30,0,30,148
10/10/2015,YIP,MI,AGL,CE,Towers with Radar,7,44,33,0,84,0,0,35,0,35,7,44,68,0,119,78,0,78,197
10/11/2015,YIP,MI,AGL,CE,Towers with Radar,5,24,29,0,58,0,0,33,0,33,5,24,62,0,91,40,0,40,131
10/12/2015,YIP,MI,AGL,CE,Towers with Radar,5,25,32,0,62,0,0,22,0,22,5,25,54,0,84,25,0,25,109
10/13/2015,YIP,MI,AGL,CE,Towers with Radar,16,22,39,0,77,0,2,23,0,25,16,24,62,0,102,64,0,64,166
10/14/2015,YIP,MI,AGL,CE,Towers with Radar,13,28,44,0,85,0,0,59,0,59,13,28,103,0,144,107,0,107,251
10/15/2015,YIP,MI,AGL,CE,Towers with Radar,16,36,55,2,109,0,0,21,0,21,16,36,76,2,130,16,0,16,146
10/16/2015,YIP,MI,AGL,CE,Towers with Radar,7,63,51,3,124,0,1,35,0,36,7,64,86,3,160,48,0,48,208
10/17/2015,YIP,MI,AGL,CE,Towers with Radar,3,45,53,1,102,0,0,65,2,67,3,45,118,3,169,66,0,66,235
10/18/2015,YIP,MI,AGL,CE,Towers with Radar,4,27,36,7,74,0,0,41,0,41,4,27,77,7,115,64,2,66,181
10/19/2015,YIP,MI,AGL,CE,Towers with Radar,6,29,23,0,58,0,1,24,0,25,6,30,47,0,83,32,0,32,115
10/20/2015,YIP,MI,AGL,CE,Towers with Radar,14,27,30,0,71,0,0,64,0,64,14,27,94,0,135,74,0,74,209
10/21/2015,YIP,MI,AGL,CE,Towers with Radar,19,41,24,1,85,0,0,54,1,55,19,41,78,2,140,162,0,162,302
10/22/2015,YIP,MI,AGL,CE,Towers with Radar,26,38,44,0,108,0,0,78,1,79,26,38,122,1,187,142,0,142,329
10/23/2015,YIP,MI,AGL,CE,Towers with Radar,15,40,40,0,95,0,0,55,0,55,15,40,95,0,150,104,0,104,254
10/24/2015,YIP,MI,AGL,CE,Towers with Radar,10,11,9,0,30,0,0,5,0,5,10,11,14,0,35,0,0,0,35
10/25/2015,YIP,MI,AGL,CE,Towers with Radar,9,7,24,0,40,0,0,61,0,61,9,7,85,0,101,88,0,88,189
10/26/2015,YIP,MI,AGL,CE,Towers with Radar,10,22,27,0,59,0,2,40,0,42,10,24,67,0,101,84,0,84,185
10/27/2015,YIP,MI,AGL,CE,Towers with Radar,19,33,37,6,95,0,0,59,0,59,19,33,96,6,154,106,0,106,260
10/28/2015,YIP,MI,AGL,CE,Towers with Radar,15,30,29,0,74,0,0,0,0,0,15,30,29,0,74,0,0,0,74
10/29/2015,YIP,MI,AGL,CE,Towers with Radar,14,37,32,0,83,0,0,7,0,7,14,37,39,0,90,20,0,20,110
10/30/2015,YIP,MI,AGL,CE,Towers with Radar,10,36,43,0,89,0,0,56,0,56,10,36,99,0,145,115,0,115,260
10/31/2015,YIP,MI,AGL,CE,Towers with Radar,3,13,30,0,46,0,0,20,0,20,3,13,50,0,66,18,0,18,84
11/01/2015,YIP,MI,AGL,CE,Towers with Radar,7,16,21,0,44,0,0,26,0,26,7,16,47,0,70,42,0,42,112
11/02/2015,YIP,MI,AGL,CE,Towers with Radar,10,34,34,0,78,0,0,62,0,62,10,34,96,0,140,184,0,184,324
11/03/2015,YIP,MI,AGL,CE,Towers with Radar,23,28,29,0,80,0,0,65,0,65,23,28,94,0,145,138,0,138,283
11/04/2015,YIP,MI,AGL,CE,Towers with Radar,14,30,34,0,78,0,0,54,2,56,14,30,88,2,134,131,0,131,265
11/05/2015,YIP,MI,AGL,CE,Towers with Radar,18,48,38,0,104,0,1,47,1,49,18,49,85,1,153,143,0,143,296
11/06/2015,YIP,MI,AGL,CE,Towers with Radar,20,41,31,0,92,0,1,5,2,8,20,42,36,2,100,2,0,2,102
11/07/2015,YIP,MI,AGL,CE,Towers with Radar,7,32,26,0,65,0,1,39,2,42,7,33,65,2,107,24,0,24,131
11/08/2015,YIP,MI,AGL,CE,Towers with Radar,1,11,24,0,36,0,0,36,0,36,1,11,60,0,72,13,0,13,85
11/09/2015,YIP,MI,AGL,CE,Towers with Radar,9,24,29,0,62,0,0,41,0,41,9,24,70,0,103,94,0,94,197
11/10/2015,YIP,MI,AGL,CE,Towers with Radar,14,19,51,2,86,0,0,4,0,4,14,19,55,2,90,0,0,0,90
11/11/2015,YIP,MI,AGL,CE,Towers with Radar,8,56,27,1,92,0,0,29,1,30,8,56,56,2,122,108,0,108,230
11/12/2015,YIP,MI,AGL,CE,Towers with Radar,15,38,19,0,72,0,0,0,0,0,15,38,19,0,72,0,0,0,72
11/13/2015,YIP,MI,AGL,CE,Towers with Radar,13,31,17,5,66,0,1,4,0,5,13,32,21,5,71,0,0,0,71
11/14/2015,YIP,MI,AGL,CE,Towers with Radar,9,11,6,1,27,0,0,41,1,42,9,11,47,2,69,115,0,115,184
11/15/2015,YIP,MI,AGL,CE,Towers with Radar,0,16,22,0,38,0,0,54,1,55,0,16,76,1,93,110,0,110,203
11/16/2015,YIP,MI,AGL,CE,Towers with Radar,3,33,16,0,52,0,0,58,0,58,3,33,74,0,110,116,0,116,226
11/17/2015,YIP,MI,AGL,CE,Towers with Radar,7,26,31,0,64,0,0,51,0,51,7,26,82,0,115,158,0,158,273
11/18/2015,YIP,MI,AGL,CE,Towers with Radar,10,32,25,3,70,0,0,1,0,1,10,32,26,3,71,0,1,1,72
11/19/2015,YIP,MI,AGL,CE,Towers with Radar,11,30,35,0,76,0,1,12,2,15,11,31,47,2,91,2,0,2,93
11/20/2015,YIP,MI,AGL,CE,Towers with Radar,16,29,43,0,88,0,0,38,1,39,16,29,81,1,127,46,0,46,173
11/21/2015,YIP,MI,AGL,CE,Towers with Radar,11,11,8,0,30,0,0,0,1,1,11,11,8,1,31,0,0,0,31
11/22/2015,YIP,MI,AGL,CE,Towers with Radar,3,16,17,0,36,0,0,20,0,20,3,16,37,0,56,46,0,46,102
11/23/2015,YIP,MI,AGL,CE,Towers with Radar,9,29,23,0,61,0,0,18,0,18,9,29,41,0,79,86,0,86,165
11/24/2015,YIP,MI,AGL,CE,Towers with Radar,5,30,31,0,66,0,0,17,0,17,5,30,48,0,83,28,0,28,111
11/25/2015,YIP,MI,AGL,CE,Towers with Radar,10,22,19,0,51,0,0,36,0,36,10,22,55,0,87,108,0,108,195
11/26/2015,YIP,MI,AGL,CE,Towers with Radar,2,13,3,0,18,0,1,5,0,6,2,14,8,0,24,0,0,0,24
11/27/2015,YIP,MI,AGL,CE,Towers with Radar,9,27,17,0,53,0,0,0,0,0,9,27,17,0,53,0,0,0,53
11/28/2015,YIP,MI,AGL,CE,Towers with Radar,2,53,54,0,109,0,0,16,0,16,2,53,70,0,125,30,0,30,155
11/29/2015,YIP,MI,AGL,CE,Towers with Radar,4,25,43,0,72,0,0,37,0,37,4,25,80,0,109,98,0,98,207
11/30/2015,YIP,MI,AGL,CE,Towers with Radar,10,28,39,0,77,0,0,43,0,43,10,28,82,0,120,106,0,106,226
12/01/2015,YIP,MI,AGL,CE,Towers with Radar,17,38,28,0,83,0,0,1,0,1,17,38,29,0,84,4,0,4,88
12/02/2015,YIP,MI,AGL,CE,Towers with Radar,9,43,33,0,85,0,3,14,0,17,9,46,47,0,102,20,0,20,122
12/03/2015,YIP,MI,AGL,CE,Towers with Radar,7,24,13,4,48,0,0,22,0,22,7,24,35,4,70,50,0,50,120
12/04/2015,YIP,MI,AGL,CE,Towers with Radar,6,20,42,0,68,0,2,31,1,34,6,22,73,1,102,56,0,56,158
12/05/2015,YIP,MI,AGL,CE,Towers with Radar,3,11,24,0,38,0,0,1,1,2,3,11,25,1,40,0,0,0,40
12/06/2015,YIP,MI,AGL,CE,Towers with Radar,1,2,31,0,34,0,0,0,0,0,1,2,31,0,34,8,0,8,42
12/07/2015,YIP,MI,AGL,CE,Towers with Radar,7,14,34,0,55,0,0,0,0,0,7,14,34,0,55,0,0,0,55
12/08/2015,YIP,MI,AGL,CE,Towers with Radar,7,11,25,0,43,0,0,4,0,4,7,11,29,0,47,0,0,0,47
12/09/2015,YIP,MI,AGL,CE,Towers with Radar,17,34,34,0,85,0,0,18,0,18,17,34,52,0,103,101,0,101,204
12/10/2015,YIP,MI,AGL,CE,Towers with Radar,15,35,25,1,76,0,2,45,0,47,15,37,70,1,123,68,0,68,191
12/11/2015,YIP,MI,AGL,CE,Towers with Radar,10,20,24,0,54,0,0,52,1,53,10,20,76,1,107,70,0,70,177
12/12/2015,YIP,MI,AGL,CE,Towers with Radar,7,12,27,0,46,0,0,6,1,7,7,12,33,1,53,38,0,38,91
12/13/2015,YIP,MI,AGL,CE,Towers with Radar,2,7,23,0,32,0,0,19,0,19,2,7,42,0,51,28,0,28,79
12/14/2015,YIP,MI,AGL,CE,Towers with Radar,5,22,21,0,48,0,0,7,0,7,5,22,28,0,55,4,0,4,59
12/15/2015,YIP,MI,AGL,CE,Towers with Radar,9,42,37,0,88,0,0,40,0,40,9,42,77,0,128,254,0,254,382
12/16/2015,YIP,MI,AGL,CE,Towers with Radar,5,34,26,0,65,0,0,3,0,3,5,34,29,0,68,0,0,0,68
12/17/2015,YIP,MI,AGL,CE,Towers with Radar,8,41,30,0,79,0,3,26,1,30,8,44,56,1,109,144,0,144,253
12/18/2015,YIP,MI,AGL,CE,Towers with Radar,8,47,33,0,88,0,0,10,1,11,8,47,43,1,99,32,0,32,131
12/19/2015,YIP,MI,AGL,CE,Towers with Radar,12,13,13,0,38,0,1,15,1,17,12,14,28,1,55,52,0,52,107
12/20/2015,YIP,MI,AGL,CE,Towers with Radar,7,21,17,0,45,0,0,22,1,23,7,21,39,1,68,34,0,34,102
12/21/2015,YIP,MI,AGL,CE,Towers with Radar,9,30,15,0,54,0,0,0,0,0,9,30,15,0,54,0,0,0,54
12/22/2015,YIP,MI,AGL,CE,Towers with Radar,15,24,38,0,77,0,0,8,0,8,15,24,46,0,85,20,0,20,105
12/23/2015,YIP,MI,AGL,CE,Towers with Radar,6,22,20,0,48,0,2,0,0,2,6,24,20,0,50,0,0,0,50
12/24/2015,YIP,MI,AGL,CE,Towers with Radar,7,15,3,0,25,0,0,11,0,11,7,15,14,0,36,6,0,6,42
12/25/2015,YIP,MI,AGL,CE,Towers with Radar,0,3,6,0,9,0,0,10,0,10,0,3,16,0,19,10,0,10,29
12/26/2015,YIP,MI,AGL,CE,Towers with Radar,0,4,16,0,20,0,0,11,0,11,0,4,27,0,31,24,0,24,55
12/27/2015,YIP,MI,AGL,CE,Towers with Radar,1,6,15,0,22,0,0,0,0,0,1,6,15,0,22,0,0,0,22
12/28/2015,YIP,MI,AGL,CE,Towers with Radar,2,9,5,0,16,0,0,7,0,7,2,9,12,0,23,42,0,42,65
12/29/2015,YIP,MI,AGL,CE,Towers with Radar,4,7,7,0,18,0,0,6,0,6,4,7,13,0,24,10,0,10,34
12/30/2015,YIP,MI,AGL,CE,Towers with Radar,1,7,8,0,16,0,0,3,0,3,1,7,11,0,19,0,0,0,19
12/31/2015,YIP,MI,AGL,CE,Towers with Radar,0,11,7,0,18,0,0,8,0,8,0,11,15,0,26,40,0,40,66
01/01/2016,YIP,MI,AGL,CE,Towers with Radar,4,17,4,0,25,0,1,3,0,4,4,18,7,0,29,0,0,0,29
01/02/2016,YIP,MI,AGL,CE,Towers with Radar,2,5,33,0,40,0,0,34,0,34,2,5,67,0,74,104,0,104,178
01/03/2016,YIP,MI,AGL,CE,Towers with Radar,0,7,19,0,26,0,0,2,0,2,0,7,21,0,28,0,0,0,28
01/04/2016,YIP,MI,AGL,CE,Towers with Radar,3,13,15,2,33,0,0,11,0,11,3,13,26,2,44,28,0,28,72
01/05/2016,YIP,MI,AGL,CE,Towers with Radar,4,23,32,0,59,0,0,70,0,70,4,23,102,0,129,88,0,88,217
01/06/2016,YIP,MI,AGL,CE,Towers with Radar,7,32,45,0,84,0,0,47,0,47,7,32,92,0,131,108,0,108,239
01/07/2016,YIP,MI,AGL,CE,Towers with Radar,10,18,44,0,72,0,0,70,1,71,10,18,114,1,143,116,0,116,259
01/08/2016,YIP,MI,AGL,CE,Towers with Radar,12,20,8,0,40,0,0,6,0,6,12,20,14,0,46,40,0,40,86
01/09/2016,YIP,MI,AGL,CE,Towers with Radar,4,16,17,0,37,0,0,8,0,8,4,16,25,0,45,54,0,54,99
01/10/2016,YIP,MI,AGL,CE,Towers with Radar,3,7,6,0,16,0,0,0,0,0,3,7,6,0,16,0,0,0,16
01/11/2016,YIP,MI,AGL,CE,Towers with Radar,6,18,45,0,69,0,1,15,0,16,6,19,60,0,85,44,0,44,129
01/12/2016,YIP,MI,AGL,CE,Towers with Radar,5,30,24,0,59,0,0,1,2,3,5,30,25,2,62,0,0,0,62
01/13/2016,YIP,MI,AGL,CE,Towers with Radar,2,21,36,0,59,0,0,18,0,18,2,21,54,0,77,58,0,58,135
01/14/2016,YIP,MI,AGL,CE,Towers with Radar,5,40,36,0,81,0,1,31,1,33,5,41,67,1,114,77,16,93,207
01/15/2016,YIP,MI,AGL,CE,Towers with Radar,3,25,29,0,57,0,0,14,0,14,3,25,43,0,71,48,0,48,119
01/16/2016,YIP,MI,AGL,CE,Towers with Radar,8,14,13,0,35,0,1,26,0,27,8,15,39,0,62,52,0,52,114
01/17/2016,YIP,MI,AGL,CE,Towers with Radar,2,9,15,0,26,0,0,2,0,2,2,9,17,0,28,2,0,2,30
01/18/2016,YIP,MI,AGL,CE,Towers with Radar,2,21,20,0,43,0,0,4,0,4,2,21,24,0,47,16,0,16,63
01/19/2016,YIP,MI,AGL,CE,Towers with Radar,1,21,25,0,47,0,0,16,1,17,1,21,41,1,64,114,4,118,182
01/20/2016,YIP,MI,AGL,CE,Towers with Radar,7,16,18,0,41,0,1,6,1,8,7,17,24,1,49,16,0,16,65
01/21/2016,YIP,MI,AGL,CE,Towers with Radar,8,36,34,0,78,0,0,16,0,16,8,36,50,0,94,110,0,110,204
01/22/2016,YIP,MI,AGL,CE,Towers with Radar,4,16,11,0,31,0,0,15,1,16,4,16,26,1,47,132,0,132,179
01/23/2016,YIP,MI,AGL,CE,Towers with Radar,8,24,22,0,54,0,2,50,0,52,8,26,72,0,106,113,0,113,219
01/24/2016,YIP,MI,AGL,CE,Towers with Radar,2,15,31,0,48,0,0,66,0,66,2,15,97,0,114,64,0,64,178
01/25/2016,YIP,MI,AGL,CE,Towers with Radar,3,37,21,0,61,0,1,36,0,37,3,38,57,0,98,71,0,71,169
01/26/2016,YIP,MI,AGL,CE,Towers with Radar,10,24,14,0,48,0,0,0,1,1,10,24,14,1,49,0,0,0,49
01/27/2016,YIP,MI,AGL,CE,Towers with Radar,9,22,27,0,58,0,4,38,1,43,9,26,65,1,101,170,0,170,271
01/28/2016,YIP,MI,AGL,CE,Towers with Radar,5,17,42,0,64,0,1,31,1,33,5,18,73,1,97,80,0,80,177
01/29/2016,YIP,MI,AGL,CE,Towers with Radar,10,27,21,0,58,0,0,55,0,55,10,27,76,0,113,80,0,80,193
01/30/2016,YIP,MI,AGL,CE,Towers with Radar,1,8,24,0,33,2,0,63,0,65,3,8,87,0,98,100,34,134,232
01/31/2016,YIP,MI,AGL,CE,Towers with Radar,4,14,14,0,32,0,0,0,0,0,4,14,14,0,32,0,0,0,32
02/01/2016,YIP,MI,AGL,CE,Towers with Radar,5,19,32,0,56,0,0,49,0,49,5,19,81,0,105,187,0,187,292
02/02/2016,YIP,MI,AGL,CE,Towers with Radar,2,13,36,2,53,0,0,27,0,27,2,13,63,2,80,102,0,102,182
02/03/2016,YIP,MI,AGL,CE,Towers with Radar,3,24,36,0,63,0,1,2,0,3,3,25,38,0,66,4,0,4,70
02/04/2016,YIP,MI,AGL,CE,Towers with Radar,5,21,28,0,54,0,1,16,0,17,5,22,44,0,71,36,0,36,107
02/05/2016,YIP,MI,AGL,CE,Towers with Radar,6,23,29,0,58,0,0,49,0,49,6,23,78,0,107,176,0,176,283
02/06/2016,YIP,MI,AGL,CE,Towers with Radar,2,17,15,2,36,0,0,57,1,58,2,17,72,3,94,200,4,204,298
02/07/2016,YIP,MI,AGL,CE,Towers with Radar,4,12,9,0,25,0,0,52,0,52,4,12,61,0,77,173,0,173,250
02/08/2016,YIP,MI,AGL,CE,Towers with Radar,3,21,22,0,46,0,0,20,0,20,3,21,42,0,66,102,0,102,168
02/09/2016,YIP,MI,AGL,CE,Towers with Radar,4,30,13,0,47,0,0,0,0,0,4,30,13,0,47,10,0,10,57
02/10/2016,YIP,MI,AGL,CE,Towers with Radar,5,25,27,0,57,0,0,0,2,2,5,25,27,2,59,2,0,2,61
02/11/2016,YIP,MI,AGL,CE,Towers with Radar,7,23,43,0,73,0,4,44,0,48,7,27,87,0,121,112,0,112,233
02/12/2016,YIP,MI,AGL,CE,Towers with Radar,2,33,34,0,69,0,1,16,1,18,2,34,50,1,87,58,0,58,145
02/13/2016,YIP,MI,AGL,CE,Towers with Radar,2,7,19,0,28,0,0,16,0,16,2,7,35,0,44,18,0,18,62
02/14/2016,YIP,MI,AGL,CE,Towers with Radar,3,9,21,0,33,0,0,13,0,13,3,9,34,0,46,13,0,13,59
02/15/2016,YIP,MI,AGL,CE,Towers with Radar,0,19,14,0,33,0,0,0,0,0,0,19,14,0,33,0,0,0,33
02/16/2016,YIP,MI,AGL,CE,Towers with Radar,6,32,24,0,62,0,0,6,0,6,6,32,30,0,68,0,0,0,68
02/17/2016,YIP,MI,AGL,CE,Towers with Radar,2,19,38,0,59,0,1,24,0,25,2,20,62,0,84,58,0,58,142
02/18/2016,YIP,MI,AGL,CE,Towers with Radar,9,19,37,0,65,0,1,65,1,67,9,20,102,1,132,117,0,117,249
02/19/2016,YIP,MI,AGL,CE,Towers with Radar,5,11,18,0,34,0,2,8,0,10,5,13,26,0,44,0,0,0,44
02/20/2016,YIP,MI,AGL,CE,Towers with Radar,5,8,8,0,21,0,0,11,0,11,5,8,19,0,32,30,0,30,62
02/21/2016,YIP,MI,AGL,CE,Towers with Radar,3,13,33,0,49,0,0,22,0,22,3,13,55,0,71,38,0,38,109
02/22/2016,YIP,MI,AGL,CE,Towers with Radar,2,18,19,0,39,0,0,17,0,17,2,18,36,0,56,38,0,38,94
02/23/2016,YIP,MI,AGL,CE,Towers with Radar,4,19,27,0,50,0,0,8,1,9,4,19,35,1,59,2,0,2,61
02/24/2016,YIP,MI,AGL,CE,Towers with Radar,4,17,11,0,32,0,0,0,0,0,4,17,11,0,32,0,0,0,32
02/25/2016,YIP,MI,AGL,CE,Towers with Radar,5,18,17,0,40,0,0,0,0,0,5,18,17,0,40,6,0,6,46
02/26/2016,YIP,MI,AGL,CE,Towers with Radar,9,29,28,0,66,0,1,16,0,17,9,30,44,0,83,20,0,20,103
02/27/2016,YIP,MI,AGL,CE,Towers with Radar,5,7,20,0,32,0,1,51,0,52,5,8,71,0,84,30,0,30,114
02/28/2016,YIP,MI,AGL,CE,Towers with Radar,5,14,6,0,25,0,0,11,0,11,5,14,17,0,36,22,0,22,58
02/29/2016,YIP,MI,AGL,CE,Towers with Radar,6,36,14,0,56,0,1,8,0,9,6,37,22,0,65,22,0,22,87
03/01/2016,YIP,MI,AGL,CE,Towers with Radar,6,25,19,0,50,0,0,2,0,2,6,25,21,0,52,48,0,48,100
03/02/2016,YIP,MI,AGL,CE,Towers with Radar,6,18,15,0,39,0,2,16,2,20,6,20,31,2,59,48,0,48,107
03/03/2016,YIP,MI,AGL,CE,Towers with Radar,3,21,29,0,53,0,1,5,0,6,3,22,34,0,59,54,0,54,113
03/04/2016,YIP,MI,AGL,CE,Towers with Radar,1,18,28,0,47,0,0,61,2,63,1,18,89,2,110,104,0,104,214
03/05/2016,YIP,MI,AGL,CE,Towers with Radar,2,15,9,0,26,0,0,0,0,0,2,15,9,0,26,0,0,0,26
03/06/2016,YIP,MI,AGL,CE,Towers with Radar,2,4,13,0,19,0,0,2,0,2,2,4,15,0,21,16,0,16,37
03/07/2016,YIP,MI,AGL,CE,Towers with Radar,1,17,19,0,37,0,0,50,1,51,1,17,69,1,88,186,0,186,274
03/08/2016,YIP,MI,AGL,CE,Towers with Radar,5,20,32,0,57,0,0,42,0,42,5,20,74,0,99,116,0,116,215
03/09/2016,YIP,MI,AGL,CE,Towers with Radar,8,22,34,0,64,0,1,9,0,10,8,23,43,0,74,44,0,44,118
03/10/2016,YIP,MI,AGL,CE,Towers with Radar,11,21,60,0,92,0,3,1,0,4,11,24,61,0,96,0,0,0,96
03/11/2016,YIP,MI,AGL,CE,Towers with Radar,5,12,32,0,49,0,0,88,1,89,5,12,120,1,138,139,0,139,277
03/12/2016,YIP,MI,AGL,CE,Towers with Radar,5,12,31,0,48,0,0,72,0,72,5,12,103,0,120,176,0,176,296
03/13/2016,YIP,MI,AGL,CE,Towers with Radar,2,12,31,0,45,0,3,6,0,9,2,15,37,0,54,24,0,24,78
03/14/2016,YIP,MI,AGL,CE,Towers with Radar,7,26,40,0,73,0,1,2,0,3,7,27,42,0,76,2,0,2,78
03/15/2016,YIP,MI,AGL,CE,Towers with Radar,13,21,59,0,93,0,0,11,3,14,13,21,70,3,107,86,0,86,193
03/16/2016,YIP,MI,AGL,CE,Towers with Radar,14,30,19,0,63,0,1,4,0,5,14,31,23,0,68,8,0,8,76
03/17/2016,YIP,MI,AGL,CE,Towers with Radar,17,38,31,0,86,0,0,17,0,17,17,38,48,0,103,12,0,12,115
03/18/2016,YIP,MI,AGL,CE,Towers with Radar,11,39,33,0,83,0,0,53,1,54,11,39,86,1,137,140,0,140,277
03/19/2016,YIP,MI,AGL,CE,Towers with Radar,8,16,23,0,47,0,0,59,0,59,8,16,82,0,106,94,0,94,200
03/20/2016,YIP,MI,AGL,CE,Towers with Radar,5,8,29,0,42,0,0,62,0,62,5,8,91,0,104,222,0,222,326
03/21/2016,YIP,MI,AGL,CE,Towers with Radar,7,26,25,0,58,0,0,41,0,41,7,26,66,0,99,120,0,120,219
03/22/2016,YIP,MI,AGL,CE,Towers with Radar,6,21,22,0,49,0,2,49,0,51,6,23,71,0,100,158,0,158,258
03/23/2016,YIP,MI,AGL,CE,Towers with Radar,6,26,27,0,59,0,0,11,0,11,6,26,38,0,70,92,0,92,162
03/24/2016,YIP,MI,AGL,CE,Towers with Radar,6,30,9,0,45,0,0,0,0,0,6,30,9,0,45,0,0,0,45
03/25/2016,YIP,MI,AGL,CE,Towers with Radar,3,24,35,0,62,0,7,58,5,70,3,31,93,5,132,236,0,236,368
03/26/2016,YIP,MI,AGL,CE,Towers with Radar,6,12,30,0,48,0,1,66,1,68,6,13,96,1,116,134,0,134,250
03/27/2016,YIP,MI,AGL,CE,Towers with Radar,0,12,16,0,28,0,0,17,0,17,0,12,33,0,45,38,0,38,83
03/28/2016,YIP,MI,AGL,CE,Towers with Radar,2,16,25,0,43,0,0,8,0,8,2,16,33,0,51,8,0,8,59
03/29/2016,YIP,MI,AGL,CE,Towers with Radar,5,20,52,0,77,0,0,76,0,76,5,20,128,0,153,160,0,160,313
03/30/2016,YIP,MI,AGL,CE,Towers with Radar,6,27,39,0,72,0,0,52,0,52,6,27,91,0,124,50,0,50,174
03/31/2016,YIP,MI,AGL,CE,Towers with Radar,12,23,22,0,57,0,4,2,0,6,12,27,24,0,63,0,0,0,63
04/01/2016,YIP,MI,AGL,CE,Towers with Radar,7,48,27,0,82,0,0,31,1,32,7,48,58,1,114,55,0,55,169
04/02/2016,YIP,MI,AGL,CE,Towers with Radar,2,16,15,0,33,0,0,5,1,6,2,16,20,1,39,25,0,25,64
04/03/2016,YIP,MI,AGL,CE,Towers with Radar,5,9,20,0,34,0,0,21,0,21,5,9,41,0,55,52,0,52,107
04/04/2016,YIP,MI,AGL,CE,Towers with Radar,3,18,28,0,49,0,0,12,0,12,3,18,40,0,61,74,0,74,135
04/05/2016,YIP,MI,AGL,CE,Towers with Radar,12,23,34,0,69,0,2,97,1,100,12,25,131,1,169,246,0,246,415
04/06/2016,YIP,MI,AGL,CE,Towers with Radar,11,15,17,0,43,0,1,2,2,5,11,16,19,2,48,12,0,12,60
04/07/2016,YIP,MI,AGL,CE,Towers with Radar,7,23,19,0,49,0,0,0,2,2,7,23,19,2,51,0,0,0,51
04/08/2016,YIP,MI,AGL,CE,Towers with Radar,6,25,27,0,58,0,0,40,0,40,6,25,67,0,98,144,0,144,242
04/09/2016,YIP,MI,AGL,CE,Towers with Radar,3,18,15,0,36,0,0,16,0,16,3,18,31,0,52,0,0,0,52
04/10/2016,YIP,MI,AGL,CE,Towers with Radar,2,7,8,0,17,0,0,1,0,1,2,7,9,0,18,0,0,0,18
04/11/2016,YIP,MI,AGL,CE,Towers with Radar,5,30,29,0,64,0,1,11,0,12,5,31,40,0,76,42,0,42,118
04/12/2016,YIP,MI,AGL,CE,Towers with Radar,8,15,40,0,63,0,0,53,1,54,8,15,93,1,117,94,0,94,211
04/13/2016,YIP,MI,AGL,CE,Towers with Radar,3,27,34,0,64,0,0,50,0,50,3,27,84,0,114,120,0,120,234
04/14/2016,YIP,MI,AGL,CE,Towers with Radar,4,18,40,0,62,0,0,67,0,67,4,18,107,0,129,98,0,98,227
04/15/2016,YIP,MI,AGL,CE,Towers with Radar,3,20,37,0,60,0,0,63,0,63,3,20,100,0,123,84,0,84,207
04/16/2016,YIP,MI,AGL,CE,Towers with Radar,4,10,27,0,41,0,0,57,0,57,4,10,84,0,98,94,0,94,192
04/17/2016,YIP,MI,AGL,CE,Towers with Radar,2,5,13,0,20,0,0,44,0,44,2,5,57,0,64,38,0,38,102
04/18/2016,YIP,MI,AGL,CE,Towers with Radar,4,25,39,0,68,0,4,48,0,52,4,29,87,0,120,86,0,86,206
04/19/2016,YIP,MI,AGL,CE,Towers with Radar,7,18,43,0,68,0,0,51,2,53,7,18,94,2,121,102,0,102,223
04/20/2016,YIP,MI,AGL,CE,Towers with Radar,10,27,70,0,107,0,1,68,1,70,10,28,138,1,177,62,0,62,239
04/21/2016,YIP,MI,AGL,CE,Towers with Radar,8,17,37,0,62,0,2,5,0,7,8,19,42,0,69,16,0,16,85
04/22/2016,YIP,MI,AGL,CE,Towers with Radar,13,23,48,0,84,0,0,10,1,11,13,23,58,1,95,40,0,40,135
04/23/2016,YIP,MI,AGL,CE,Towers with Radar,0,6,35,0,41,0,0,72,0,72,0,6,107,0,113,140,0,140,253
04/24/2016,YIP,MI,AGL,CE,Towers with Radar,0,10,38,0,48,0,0,29,0,29,0,10,67,0,77,82,0,82,159
04/25/2016,YIP,MI,AGL,CE,Towers with Radar,4,21,35,0,60,0,2,55,1,58,4,23,90,1,118,150,0,150,268
04/26/2016,YIP,MI,AGL,CE,Towers with Radar,7,34,47,0,88,0,1,17,0,18,7,35,64,0,106,74,0,74,180
04/27/2016,YIP,MI,AGL,CE,Towers with Radar,7,33,69,0,109,0,1,67,1,69,7,34,136,1,178,160,0,160,338
04/28/2016,YIP,MI,AGL,CE,Towers with Radar,6,57,70,0,133,0,1,15,0,16,6,58,85,0,149,56,0,56,205
04/29/2016,YIP,MI,AGL,CE,Towers with Radar,7,26,37,0,70,0,0,22,1,23,7,26,59,1,93,34,0,34,127
04/30/2016,YIP,MI,AGL,CE,Towers with Radar,4,13,35,0,52,0,0,20,0,20,4,13,55,0,72,14,0,14,86
05/01/2016,YIP,MI,AGL,CE,Towers with Radar,1,29,21,0,51,0,0,0,0,0,1,29,21,0,51,8,10,18,69
05/02/2016,YIP,MI,AGL,CE,Towers with Radar,2,23,37,0,62,0,0,4,0,4,2,23,41,0,66,48,0,48,114
05/03/2016,YIP,MI,AGL,CE,Towers with Radar,6,28,36,0,70,0,0,44,3,47,6,28,80,3,117,89,0,89,206
05/04/2016,YIP,MI,AGL,CE,Towers with Radar,14,19,31,0,64,0,0,8,0,8,14,19,39,0,72,20,0,20,92
05/05/2016,YIP,MI,AGL,CE,Towers with Radar,10,16,36,0,62,0,0,51,0,51,10,16,87,0,113,164,0,164,277
05/06/2016,YIP,MI,AGL,CE,Towers with Radar,4,28,40,0,72,0,0,69,0,69,4,28,109,0,141,150,0,150,291
05/07/2016,YIP,MI,AGL,CE,Towers with Radar,0,13,26,0,39,0,1,17,0,18,0,14,43,0,57,99,0,99,156
05/08/2016,YIP,MI,AGL,CE,Towers with Radar,1,10,19,0,30,0,0,38,0,38,1,10,57,0,68,70,0,70,138
05/09/2016,YIP,MI,AGL,CE,Towers with Radar,3,29,44,0,76,0,0,46,0,46,3,29,90,0,122,184,0,184,306
05/10/2016,YIP,MI,AGL,CE,Towers with Radar,9,18,40,0,67,0,1,12,0,13,9,19,52,0,80,26,0,26,106
05/11/2016,YIP,MI,AGL,CE,Towers with Radar,12,21,63,0,96,1,1,16,0,18,13,22,79,0,114,68,0,68,182
05/12/2016,YIP,MI,AGL,CE,Towers with Radar,20,16,52,0,88,0,2,21,0,23,20,18,73,0,111,99,0,99,210
05/13/2016,YIP,MI,AGL,CE,Towers with Radar,12,15,42,0,69,0,1,64,0,65,12,16,106,0,134,231,0,231,365
05/14/2016,YIP,MI,AGL,CE,Towers with Radar,2,9,11,0,22,0,0,7,1,8,2,9,18,1,30,2,0,2,32
05/15/2016,YIP,MI,AGL,CE,Towers with Radar,6,13,13,0,32,0,0,30,0,30,6,13,43,0,62,56,0,56,118
05/16/2016,YIP,MI,AGL,CE,Towers with Radar,10,21,52,0,83,0,1,37,0,38,10,22,89,0,121,142,0,142,263
05/17/2016,YIP,MI,AGL,CE,Towers with Radar,14,18,56,0,88,0,0,43,4,47,14,18,99,4,135,204,0,204,339
05/18/2016,YIP,MI,AGL,CE,Towers with Radar,22,32,74,0,128,0,0,55,1,56,22,32,129,1,184,130,0,130,314
05/19/2016,YIP,MI,AGL,CE,Towers with Radar,12,15,52,0,79,0,2,68,0,70,12,17,120,0,149,96,0,96,245
05/20/2016,YIP,MI,AGL,CE,Towers with Radar,9,12,43,0,64,0,0,73,0,73,9,12,116,0,137,122,0,122,259
05/21/2016,YIP,MI,AGL,CE,Towers with Radar,7,2,30,0,39,0,0,67,1,68,7,2,97,1,107,94,0,94,201
05/22/2016,YIP,MI,AGL,CE,Towers with Radar,3,17,27,0,47,0,0,35,0,35,3,17,62,0,82,20,0,20,102
05/23/2016,YIP,MI,AGL,CE,Towers with Radar,7,14,33,8,62,0,0,77,0,77,7,14,110,8,139,158,0,158,297
05/24/2016,YIP,MI,AGL,CE,Towers with Radar,6,16,70,0,92,0,1,72,0,73,6,17,142,0,165,172,0,172,337
05/25/2016,YIP,MI,AGL,CE,Towers with Radar,16,13,47,1,77,0,0,52,0,52,16,13,99,1,129,74,0,74,203
05/26/2016,YIP,MI,AGL,CE,Towers with Radar,7,18,32,0,57,0,1,28,1,30,7,19,60,1,87,80,1,81,168
05/27/2016,YIP,MI,AGL,CE,Towers with Radar,1,19,40,0,60,0,3,61,3,67,1,22,101,3,127,34,0,34,161
05/28/2016,YIP,MI,AGL,CE,Towers with Radar,4,10,18,0,32,0,0,26,0,26,4,10,44,0,58,30,0,30,88
05/29/2016,YIP,MI,AGL,CE,Towers with Radar,2,11,12,0,25,0,0,12,0,12,2,11,24,0,37,12,0,12,49
05/30/2016,YIP,MI,AGL,CE,Towers with Radar,2,22,30,1,55,0,0,45,0,45,2,22,75,1,100,34,0,34,134
05/31/2016,YIP,MI,AGL,CE,Towers with Radar,2,15,50,0,67,0,0,51,0,51,2,15,101,0,118,98,0,98,216
06/01/2016,YIP,MI,AGL,CE,Towers with Radar,6,24,58,1,89,0,0,50,0,50,6,24,108,1,139,26,0,26,165
06/02/2016,YIP,MI,AGL,CE,Towers with Radar,6,23,53,2,84,0,2,53,0,55,6,25,106,2,139,138,0,138,277
06/03/2016,YIP,MI,AGL,CE,Towers with Radar,13,19,32,2,66,0,0,64,0,64,13,19,96,2,130,34,0,34,164
06/04/2016,YIP,MI,AGL,CE,Towers with Radar,7,2,20,0,29,0,0,21,0,21,7,2,41,0,50,52,0,52,102
06/05/2016,YIP,MI,AGL,CE,Towers with Radar,3,7,19,0,29,0,1,4,0,5,3,8,23,0,34,0,0,0,34
06/06/2016,YIP,MI,AGL,CE,Towers with Radar,5,18,48,0,71,0,0,48,0,48,5,18,96,0,119,81,0,81,200
06/07/2016,YIP,MI,AGL,CE,Towers with Radar,7,21,41,0,69,0,0,11,0,11,7,21,52,0,80,38,0,38,118
06/08/2016,YIP,MI,AGL,CE,Towers with Radar,11,30,33,0,74,0,1,71,0,72,11,31,104,0,146,110,0,110,256
06/09/2016,YIP,MI,AGL,CE,Towers with Radar,12,27,55,0,94,0,0,66,0,66,12,27,121,0,160,154,0,154,314
06/10/2016,YIP,MI,AGL,CE,Towers with Radar,7,13,31,0,51,0,0,75,0,75,7,13,106,0,126,204,0,204,330
06/11/2016,YIP,MI,AGL,CE,Towers with Radar,6,4,22,0,32,0,1,22,1,24,6,5,44,1,56,6,0,6,62
06/12/2016,YIP,MI,AGL,CE,Towers with Radar,9,9,53,0,71,0,0,43,0,43,9,9,96,0,114,66,0,66,180
06/13/2016,YIP,MI,AGL,CE,Towers with Radar,9,19,52,0,80,0,0,64,0,64,9,19,116,0,144,220,0,220,364
06/14/2016,YIP,MI,AGL,CE,Towers with Radar,9,11,51,0,71,0,0,53,0,53,9,11,104,0,124,245,0,245,369
06/15/2016,YIP,MI,AGL,CE,Towers with Radar,8,21,51,0,80,0,0,23,0,23,8,21,74,0,103,10,0,10,113
06/16/2016,YIP,MI,AGL,CE,Towers with Radar,8,24,30,0,62,0,3,1,0,4,8,27,31,0,66,6,0,6,72
06/17/2016,YIP,MI,AGL,CE,Towers with Radar,11,25,59,0,95,0,0,75,1,76,11,25,134,1,171,196,0,196,367
06/18/2016,YIP,MI,AGL,CE,Towers with Radar,8,9,35,0,52,0,1,64,1,66,8,10,99,1,118,66,0,66,184
06/19/2016,YIP,MI,AGL,CE,Towers with Radar,0,7,19,1,27,0,0,68,0,68,0,7,87,1,95,58,0,58,153
06/20/2016,YIP,MI,AGL,CE,Towers with Radar,7,24,23,0,54,0,0,20,0,20,7,24,43,0,74,34,0,34,108
06/21/2016,YIP,MI,AGL,CE,Towers with Radar,17,36,57,3,113,0,1,65,10,76,17,37,122,13,189,78,12,90,279
06/22/2016,YIP,MI,AGL,CE,Towers with Radar,12,18,60,6,96,0,0,119,9,128,12,18,179,15,224,110,0,110,334
06/23/2016,YIP,MI,AGL,CE,Towers with Radar,28,22,36,3,89,0,1,27,0,28,28,23,63,3,117,180,0,180,297
06/24/2016,YIP,MI,AGL,CE,Towers with Radar,23,19,47,0,89,0,0,86,3,89,23,19,133,3,178,170,0,170,348
06/25/2016,YIP,MI,AGL,CE,Towers with Radar,9,14,31,0,54,0,0,45,0,45,9,14,76,0,99,138,0,138,237
06/26/2016,YIP,MI,AGL,CE,Towers with Radar,5,13,22,0,40,0,0,27,0,27,5,13,49,0,67,68,0,68,135
06/27/2016,YIP,MI,AGL,CE,Towers with Radar,8,12,37,0,57,0,1,43,0,44,8,13,80,0,101,102,0,102,203
06/28/2016,YIP,MI,AGL,CE,Towers with Radar,20,14,51,2,87,0,0,39,0,39,20,14,90,2,126,118,0,118,244
06/29/2016,YIP,MI,AGL,CE,Towers with Radar,11,47,47,0,105,0,1,69,0,70,11,48,116,0,175,160,0,160,335
06/30/2016,YIP,MI,AGL,CE,Towers with Radar,19,21,39,0,79,0,1,59,0,60,19,22,98,0,139,226,0,226,365
07/01/2016,YIP,MI,AGL,CE,Towers with Radar,11,22,31,3,67,0,0,22,0,22,11,22,53,3,89,36,2,38,127
07/02/2016,YIP,MI,AGL,CE,Towers with Radar,1,7,21,0,29,0,0,54,1,55,1,7,75,1,84,76,0,76,160
07/03/2016,YIP,MI,AGL,CE,Towers with Radar,1,17,25,0,43,0,0,34,0,34,1,17,59,0,77,52,0,52,129
07/04/2016,YIP,MI,AGL,CE,Towers with Radar,0,6,13,0,19,0,0,25,0,25,0,6,38,0,44,58,0,58,102
07/05/2016,YIP,MI,AGL,CE,Towers with Radar,3,17,46,0,66,0,0,45,0,45,3,17,91,0,111,102,0,102,213
07/06/2016,YIP,MI,AGL,CE,Towers with Radar,4,12,45,0,61,0,0,44,1,45,4,12,89,1,106,56,0,56,162
07/07/2016,YIP,MI,AGL,CE,Towers with Radar,4,12,56,0,72,0,4,51,2,57,4,16,107,2,129,66,0,66,195
07/08/2016,YIP,MI,AGL,CE,Towers with Radar,7,14,23,0,44,0,0,24,0,24,7,14,47,0,68,230,0,230,298
07/09/2016,YIP,MI,AGL,CE,Towers with Radar,3,13,27,0,43,0,3,32,0,35,3,16,59,0,78,130,0,130,208
07/10/2016,YIP,MI,AGL,CE,Towers with Radar,3,9,22,0,34,0,0,31,0,31,3,9,53,0,65,106,0,106,171
07/11/2016,YIP,MI,AGL,CE,Towers with Radar,5,14,28,0,47,0,3,66,0,69,5,17,94,0,116,223,0,223,339
07/12/2016,YIP,MI,AGL,CE,Towers with Radar,15,23,57,0,95,0,0,52,0,52,15,23,109,0,147,160,0,160,307
07/13/2016,YIP,MI,AGL,CE,Towers with Radar,11,13,40,0,64,0,1,32,0,33,11,14,72,0,97,82,0,82,179
07/14/2016,YIP,MI,AGL,CE,Towers with Radar,17,25,41,0,83,0,1,27,0,28,17,26,68,0,111,52,0,52,163
07/15/2016,YIP,MI,AGL,CE,Towers with Radar,8,20,35,1,64,0,1,53,12,66,8,21,88,13,130,78,8,86,216
07/16/2016,YIP,MI,AGL,CE,Towers with Radar,5,7,33,0,45,0,0,31,1,32,5,7,64,1,77,82,0,82,159
07/17/2016,YIP,MI,AGL,CE,Towers with Radar,2,13,33,2,50,0,0,36,0,36,2,13,69,2,86,58,2,60,146
07/18/2016,YIP,MI,AGL,CE,Towers with Radar,7,48,55,0,110,0,1,36,0,37,7,49,91,0,147,100,2,102,249
07/19/2016,YIP,MI,AGL,CE,Towers with Radar,5,22,39,2,68,0,3,38,0,41,5,25,77,2,109,94,0,94,203
07/20/2016,YIP,MI,AGL,CE,Towers with Radar,2,25,51,0,78,0,0,63,3,66,2,25,114,3,144,162,0,162,306
07/21/2016,YIP,MI,AGL,CE,Towers with Radar,1,24,46,0,71,0,0,22,1,23,1,24,68,1,94,92,0,92,186
07/22/2016,YIP,MI,AGL,CE,Towers with Radar,4,18,36,0,58,0,2,28,0,30,4,20,64,0,88,174,0,174,262
07/23/2016,YIP,MI,AGL,CE,Towers with Radar,1,11,15,1,28,0,0,45,0,45,1,11,60,1,73,80,0,80,153
07/24/2016,YIP,MI,AGL,CE,Towers with Radar,5,8,18,3,34,0,0,14,0,14,5,8,32,3,48,10,0,10,58
07/25/2016,YIP,MI,AGL,CE,Towers with Radar,3,17,41,0,61,0,1,50,0,51,3,18,91,0,112,170,0,170,282
07/26/2016,YIP,MI,AGL,CE,Towers with Radar,11,13,43,0,67,0,2,62,0,64,11,15,105,0,131,82,0,82,213
07/27/2016,YIP,MI,AGL,CE,Towers with Radar,8,23,41,0,72,0,2,49,0,51,8,25,90,0,123,56,0,56,179
07/28/2016,YIP,MI,AGL,CE,Towers with Radar,6,22,29,0,57,0,3,44,0,47,6,25,73,0,104,100,0,100,204
07/29/2016,YIP,MI,AGL,CE,Towers with Radar,4,25,32,0,61,0,2,31,0,33,4,27,63,0,94,90,0,90,184
07/30/2016,YIP,MI,AGL,CE,Towers with Radar,4,24,24,0,52,0,4,5,0,9,4,28,29,0,61,32,0,32,93
07/31/2016,YIP,MI,AGL,CE,Towers with Radar,0,24,27,0,51,0,1,31,0,32,0,25,58,0,83,178,0,178,261
08/01/2016,YIP,MI,AGL,CE,Towers with Radar,8,14,38,2,62,0,0,48,0,48,8,14,86,2,110,164,0,164,274
08/02/2016,YIP,MI,AGL,CE,Towers with Radar,13,14,46,0,73,0,0,63,2,65,13,14,109,2,138,140,0,140,278
08/03/2016,YIP,MI,AGL,CE,Towers with Radar,15,24,36,0,75,0,2,40,0,42,15,26,76,0,117,152,0,152,269
08/04/2016,YIP,MI,AGL,CE,Towers with Radar,12,28,47,0,87,0,2,43,0,45,12,30,90,0,132,116,0,116,248
08/05/2016,YIP,MI,AGL,CE,Towers with Radar,17,27,29,1,74,0,0,31,0,31,17,27,60,1,105,44,0,44,149
08/06/2016,YIP,MI,AGL,CE,Towers with Radar,16,15,24,0,55,0,2,35,1,38,16,17,59,1,93,120,0,120,213
08/07/2016,YIP,MI,AGL,CE,Towers with Radar,12,6,25,1,44,0,0,53,0,53,12,6,78,1,97,128,0,128,225
08/08/2016,YIP,MI,AGL,CE,Towers with Radar,15,20,28,0,63,0,1,46,1,48,15,21,74,1,111,114,0,114,225
08/09/2016,YIP,MI,AGL,CE,Towers with Radar,14,28,33,0,75,0,0,42,0,42,14,28,75,0,117,100,0,100,217
08/10/2016,YIP,MI,AGL,CE,Towers with Radar,19,24,50,0,93,0,0,77,1,78,19,24,127,1,171,178,0,178,349
08/11/2016,YIP,MI,AGL,CE,Towers with Radar,16,22,41,0,79,0,1,22,0,23,16,23,63,0,102,70,0,70,172
08/12/2016,YIP,MI,AGL,CE,Towers with Radar,14,17,43,0,74,0,0,14,0,14,14,17,57,0,88,52,0,52,140
08/13/2016,YIP,MI,AGL,CE,Towers with Radar,6,7,15,0,28,0,0,6,0,6,6,7,21,0,34,6,0,6,40
08/14/2016,YIP,MI,AGL,CE,Towers with Radar,0,7,38,0,45,0,0,31,1,32,0,7,69,1,77,80,0,80,157
08/15/2016,YIP,MI,AGL,CE,Towers with Radar,2,17,36,0,55,0,0,2,0,2,2,17,38,0,57,4,0,4,61
08/16/2016,YIP,MI,AGL,CE,Towers with Radar,3,20,48,0,71,0,0,18,1,19,3,20,66,1,90,28,0,28,118
08/17/2016,YIP,MI,AGL,CE,Towers with Radar,12,19,43,2,76,0,0,49,0,49,12,19,92,2,125,120,0,120,245
08/18/2016,YIP,MI,AGL,CE,Towers with Radar,11,19,61,14,105,0,0,62,10,72,11,19,123,24,177,168,10,178,355
08/19/2016,YIP,MI,AGL,CE,Towers with Radar,15,24,29,10,78,0,0,88,43,131,15,24,117,53,209,230,106,336,545
08/20/2016,YIP,MI,AGL,CE,Towers with Radar,6,8,2,0,16,0,0,115,189,304,6,8,117,189,320,0,454,454,774
08/21/2016,YIP,MI,AGL,CE,Towers with Radar,4,8,13,1,26,0,4,79,170,253,4,12,92,171,279,146,508,654,933
08/22/2016,YIP,MI,AGL,CE,Towers with Radar,5,22,29,11,67,0,0,74,11,85,5,22,103,22,152,126,0,126,278
08/23/2016,YIP,MI,AGL,CE,Towers with Radar,14,27,24,0,65,0,2,51,1,54,14,29,75,1,119,150,26,176,295
08/24/2016,YIP,MI,AGL,CE,Towers with Radar,16,38,40,0,94,0,3,56,0,59,16,41,96,0,153,54,0,54,207
08/25/2016,YIP,MI,AGL,CE,Towers with Radar,18,45,57,0,120,0,0,16,0,16,18,45,73,0,136,70,0,70,206
08/26/2016,YIP,MI,AGL,CE,Towers with Radar,13,28,53,1,95,0,0,72,3,75,13,28,125,4,170,148,0,148,318
08/27/2016,YIP,MI,AGL,CE,Towers with Radar,9,21,33,0,63,0,0,15,0,15,9,21,48,0,78,44,0,44,122
08/28/2016,YIP,MI,AGL,CE,Towers with Radar,10,10,74,0,94,0,0,30,17,47,10,10,104,17,141,32,16,48,189
08/29/2016,YIP,MI,AGL,CE,Towers with Radar,4,28,25,1,58,0,1,47,0,48,4,29,72,1,106,120,0,120,226
08/30/2016,YIP,MI,AGL,CE,Towers with Radar,8,20,45,0,73,0,0,55,2,57,8,20,100,2,130,140,0,140,270
08/31/2016,YIP,MI,AGL,CE,Towers with Radar,14,34,47,0,95,0,0,29,1,30,14,34,76,1,125,82,0,82,207
09/01/2016,YIP,MI,AGL,CE,Towers with Radar,17,31,53,0,101,0,1,44,0,45,17,32,97,0,146,162,0,162,308
09/02/2016,YIP,MI,AGL,CE,Towers with Radar,6,44,54,0,104,1,0,65,0,66,7,44,119,0,170,126,0,126,296
09/03/2016,YIP,MI,AGL,CE,Towers with Radar,4,37,17,0,58,0,0,34,0,34,4,37,51,0,92,58,0,58,150
09/04/2016,YIP,MI,AGL,CE,Towers with Radar,0,17,29,0,46,0,0,31,0,31,0,17,60,0,77,16,0,16,93
09/05/2016,YIP,MI,AGL,CE,Towers with Radar,0,13,24,0,37,0,5,41,0,46,0,18,65,0,83,64,0,64,147
09/06/2016,YIP,MI,AGL,CE,Towers with Radar,3,11,40,0,54,0,3,60,0,63,3,14,100,0,117,62,0,62,179
09/07/2016,YIP,MI,AGL,CE,Towers with Radar,13,30,25,0,68,0,0,24,0,24,13,30,49,0,92,44,0,44,136
09/08/2016,YIP,MI,AGL,CE,Towers with Radar,6,34,35,0,75,0,0,8,0,8,6,34,43,0,83,36,0,36,119
09/09/2016,YIP,MI,AGL,CE,Towers with Radar,14,36,45,21,116,0,0,47,3,50,14,36,92,24,166,108,14,122,288
09/10/2016,YIP,MI,AGL,CE,Towers with Radar,11,33,10,0,54,0,1,1,0,2,11,34,11,0,56,16,0,16,72
09/11/2016,YIP,MI,AGL,CE,Towers with Radar,4,20,38,3,65,0,0,76,0,76,4,20,114,3,141,64,6,70,211
09/12/2016,YIP,MI,AGL,CE,Towers with Radar,8,24,28,0,60,0,1,46,0,47,8,25,74,0,107,90,0,90,197
09/13/2016,YIP,MI,AGL,CE,Towers with Radar,14,22,20,0,56,0,0,44,0,44,14,22,64,0,100,88,0,88,188
09/14/2016,YIP,MI,AGL,CE,Towers with Radar,14,33,26,0,73,0,0,47,0,47,14,33,73,0,120,92,0,92,212
09/15/2016,YIP,MI,AGL,CE,Towers with Radar,13,35,57,1,106,0,3,64,1,68,13,38,121,2,174,112,2,114,288
09/16/2016,YIP,MI,AGL,CE,Towers with Radar,14,41,63,0,118,0,1,58,1,60,14,42,121,1,178,96,0,96,274
09/17/2016,YIP,MI,AGL,CE,Towers with Radar,6,24,37,0,67,0,0,4,1,5,6,24,41,1,72,72,0,72,144
09/18/2016,YIP,MI,AGL,CE,Towers with Radar,8,18,32,0,58,0,0,55,0,55,8,18,87,0,113,120,0,120,233
09/19/2016,YIP,MI,AGL,CE,Towers with Radar,4,28,33,0,65,0,0,66,0,66,4,28,99,0,131,56,0,56,187
09/20/2016,YIP,MI,AGL,CE,Towers with Radar,14,22,41,6,83,0,1,78,0,79,14,23,119,6,162,220,4,224,386
09/21/2016,YIP,MI,AGL,CE,Towers with Radar,14,32,27,0,73,0,1,68,3,72,14,33,95,3,145,80,0,80,225
09/22/2016,YIP,MI,AGL,CE,Towers with Radar,19,51,44,0,114,0,2,61,0,63,19,53,105,0,177,66,0,66,243
09/23/2016,YIP,MI,AGL,CE,Towers with Radar,15,42,61,3,121,0,1,44,1,46,15,43,105,4,167,166,6,172,339
09/24/2016,YIP,MI,AGL,CE,Towers with Radar,8,40,62,0,110,0,0,78,2,80,8,40,140,2,190,130,0,130,320
09/25/2016,YIP,MI,AGL,CE,Towers with Radar,6,37,56,1,100,0,0,59,0,59,6,37,115,1,159,62,8,70,229
09/26/2016,YIP,MI,AGL,CE,Towers with Radar,5,41,28,0,74,0,1,4,0,5,5,42,32,0,79,4,0,4,83
09/27/2016,YIP,MI,AGL,CE,Towers with Radar,21,38,22,3,84,0,0,28,3,31,21,38,50,6,115,66,0,66,181
09/28/2016,YIP,MI,AGL,CE,Towers with Radar,17,40,41,0,98,0,0,19,1,20,17,40,60,1,118,20,0,20,138
09/29/2016,YIP,MI,AGL,CE,Towers with Radar,19,56,43,0,118,0,0,0,0,0,19,56,43,0,118,0,0,0,118
09/30/2016,YIP,MI,AGL,CE,Towers with Radar,19,54,51,0,124,0,0,0,0,0,19,54,51,0,124,0,0,0,124
10/01/2016,YIP,MI,AGL,CE,Towers with Radar,4,74,55,0,133,0,0,14,0,14,4,74,69,0,147,52,0,52,199
10/02/2016,YIP,MI,AGL,CE,Towers with Radar,4,34,43,0,81,0,0,23,0,23,4,34,66,0,104,88,0,88,192
10/03/2016,YIP,MI,AGL,CE,Towers with Radar,5,26,35,0,66,0,0,8,0,8,5,26,43,0,74,18,0,18,92
10/04/2016,YIP,MI,AGL,CE,Towers with Radar,10,27,21,0,58,0,0,39,1,40,10,27,60,1,98,176,0,176,274
10/05/2016,YIP,MI,AGL,CE,Towers with Radar,15,22,48,0,85,0,0,62,0,62,15,22,110,0,147,132,0,132,279
10/06/2016,YIP,MI,AGL,CE,Towers with Radar,9,12,44,2,67,0,0,86,1,87,9,12,130,3,154,220,0,220,374
10/07/2016,YIP,MI,AGL,CE,Towers with Radar,13,17,29,0,59,0,0,91,0,91,13,17,120,0,150,109,0,109,259
10/08/2016,YIP,MI,AGL,CE,Towers with Radar,6,12,15,0,33,0,1,70,1,72,6,13,85,1,105,34,0,34,139
10/09/2016,YIP,MI,AGL,CE,Towers with Radar,5,12,37,0,54,0,0,63,0,63,5,12,100,0,117,90,0,90,207
10/10/2016,YIP,MI,AGL,CE,Towers with Radar,10,16,19,0,45,0,0,50,0,50,10,16,69,0,95,82,0,82,177
10/11/2016,YIP,MI,AGL,CE,Towers with Radar,10,22,38,0,70,0,0,48,0,48,10,22,86,0,118,68,0,68,186
10/12/2016,YIP,MI,AGL,CE,Towers with Radar,13,25,41,0,79,0,0,27,3,30,13,25,68,3,109,82,0,82,191
10/13/2016,YIP,MI,AGL,CE,Towers with Radar,10,49,37,0,96,0,1,49,0,50,10,50,86,0,146,100,0,100,246
10/14/2016,YIP,MI,AGL,CE,Towers with Radar,15,22,29,3,69,0,2,76,1,79,15,24,105,4,148,172,4,176,324
10/15/2016,YIP,MI,AGL,CE,Towers with Radar,4,4,35,1,44,0,2,29,0,31,4,6,64,1,75,54,0,54,129
10/16/2016,YIP,MI,AGL,CE,Towers with Radar,4,5,26,2,37,0,0,2,0,2,4,5,28,2,39,20,0,20,59
10/17/2016,YIP,MI,AGL,CE,Towers with Radar,4,25,19,0,48,0,0,18,0,18,4,25,37,0,66,18,0,18,84
10/18/2016,YIP,MI,AGL,CE,Towers with Radar,10,28,25,0,63,0,0,18,1,19,10,28,43,1,82,46,0,46,128
10/19/2016,YIP,MI,AGL,CE,Towers with Radar,11,30,54,0,95,0,0,89,1,90,11,30,143,1,185,86,0,86,271
10/20/2016,YIP,MI,AGL,CE,Towers with Radar,14,36,31,0,81,0,0,1,0,1,14,36,32,0,82,0,0,0,82
10/21/2016,YIP,MI,AGL,CE,Towers with Radar,13,41,56,0,110,0,2,29,1,32,13,43,85,1,142,116,0,116,258
10/22/2016,YIP,MI,AGL,CE,Towers with Radar,10,49,40,0,99,0,1,35,1,37,10,50,75,1,136,62,0,62,198
10/23/2016,YIP,MI,AGL,CE,Towers with Radar,5,21,58,0,84,0,2,79,0,81,5,23,137,0,165,106,0,106,271
10/24/2016,YIP,MI,AGL,CE,Towers with Radar,8,25,35,0,68,0,0,33,1,34,8,25,68,1,102,100,0,100,202
10/25/2016,YIP,MI,AGL,CE,Towers with Radar,13,23,57,0,93,0,2,55,0,57,13,25,112,0,150,100,0,100,250
10/26/2016,YIP,MI,AGL,CE,Towers with Radar,10,22,20,0,52,0,0,15,0,15,10,22,35,0,67,58,0,58,125
10/27/2016,YIP,MI,AGL,CE,Towers with Radar,12,28,31,0,71,0,0,8,1,9,12,28,39,1,80,4,0,4,84
10/28/2016,YIP,MI,AGL,CE,Towers with Radar,15,31,40,0,86,0,0,59,0,59,15,31,99,0,145,90,0,90,235
10/29/2016,YIP,MI,AGL,CE,Towers with Radar,3,5,26,0,34,0,0,20,0,20,3,5,46,0,54,34,0,34,88
10/30/2016,YIP,MI,AGL,CE,Towers with Radar,3,8,40,0,51,0,0,4,1,5,3,8,44,1,56,38,0,38,94
10/31/2016,YIP,MI,AGL,CE,Towers with Radar,4,14,44,0,62,0,0,55,0,55,4,14,99,0,117,162,0,162,279
11/01/2016,YIP,MI,AGL,CE,Towers with Radar,15,20,48,0,83,0,0,47,0,47,15,20,95,0,130,64,0,64,194
11/02/2016,YIP,MI,AGL,CE,Towers with Radar,12,37,39,0,88,0,0,23,1,24,12,37,62,1,112,138,0,138,250
11/03/2016,YIP,MI,AGL,CE,Towers with Radar,16,37,26,0,79,0,1,42,0,43,16,38,68,0,122,130,0,130,252
11/04/2016,YIP,MI,AGL,CE,Towers with Radar,10,30,37,1,78,0,0,79,0,79,10,30,116,1,157,314,0,314,471
11/05/2016,YIP,MI,AGL,CE,Towers with Radar,4,28,17,0,49,0,7,42,9,58,4,35,59,9,107,38,0,38,145
11/06/2016,YIP,MI,AGL,CE,Towers with Radar,5,28,31,1,65,0,0,45,0,45,5,28,76,1,110,120,0,120,230
11/07/2016,YIP,MI,AGL,CE,Towers with Radar,4,12,17,0,33,0,2,22,8,32,4,14,39,8,65,46,0,46,111
11/08/2016,YIP,MI,AGL,CE,Towers with Radar,6,29,42,3,80,0,0,21,0,21,6,29,63,3,101,102,0,102,203
11/09/2016,YIP,MI,AGL,CE,Towers with Radar,6,17,41,0,64,0,0,26,1,27,6,17,67,1,91,132,0,132,223
11/10/2016,YIP,MI,AGL,CE,Towers with Radar,12,31,38,0,81,0,0,53,0,53,12,31,91,0,134,62,0,62,196
11/11/2016,YIP,MI,AGL,CE,Towers with Radar,5,21,39,0,65,0,0,35,0,35,5,21,74,0,100,60,0,60,160
11/12/2016,YIP,MI,AGL,CE,Towers with Radar,8,17,23,0,48,0,1,51,0,52,8,18,74,0,100,104,0,104,204
11/13/2016,YIP,MI,AGL,CE,Towers with Radar,2,13,25,0,40,0,0,59,0,59,2,13,84,0,99,140,0,140,239
11/14/2016,YIP,MI,AGL,CE,Towers with Radar,4,15,46,0,65,0,0,72,0,72,4,15,118,0,137,186,0,186,323
11/15/2016,YIP,MI,AGL,CE,Towers with Radar,7,18,44,0,69,0,0,49,0,49,7,18,93,0,118,128,0,128,246
11/16/2016,YIP,MI,AGL,CE,Towers with Radar,7,19,55,1,82,0,0,21,1,22,7,19,76,2,104,86,0,86,190
11/17/2016,YIP,MI,AGL,CE,Towers with Radar,6,17,29,0,52,0,0,48,0,48,6,17,77,0,100,104,0,104,204
11/18/2016,YIP,MI,AGL,CE,Towers with Radar,5,28,30,0,63,0,0,48,0,48,5,28,78,0,111,74,0,74,185
11/19/2016,YIP,MI,AGL,CE,Towers with Radar,6,28,28,0,62,0,0,1,1,2,6,28,29,1,64,0,0,0,64
11/20/2016,YIP,MI,AGL,CE,Towers with Radar,6,25,15,0,46,0,0,1,0,1,6,25,16,0,47,34,0,34,81
11/21/2016,YIP,MI,AGL,CE,Towers with Radar,6,16,27,0,49,0,1,34,5,40,6,17,61,5,89,38,0,38,127
11/22/2016,YIP,MI,AGL,CE,Towers with Radar,12,23,34,0,69,0,0,85,0,85,12,23,119,0,154,158,0,158,312
11/23/2016,YIP,MI,AGL,CE,Towers with Radar,6,31,18,0,55,0,0,0,0,0,6,31,18,0,55,0,0,0,55
11/24/2016,YIP,MI,AGL,CE,Towers with Radar,4,12,13,0,29,0,0,0,0,0,4,12,13,0,29,0,0,0,29
11/25/2016,YIP,MI,AGL,CE,Towers with Radar,3,6,13,0,22,0,0,1,0,1,3,6,14,0,23,16,0,16,39
11/26/2016,YIP,MI,AGL,CE,Towers with Radar,1,21,23,0,45,0,0,14,0,14,1,21,37,0,59,62,0,62,121
11/27/2016,YIP,MI,AGL,CE,Towers with Radar,1,16,18,0,35,0,0,24,2,26,1,16,42,2,61,42,0,42,103
11/28/2016,YIP,MI,AGL,CE,Towers with Radar,6,29,34,1,70,0,0,10,0,10,6,29,44,1,80,20,2,22,102
11/29/2016,YIP,MI,AGL,CE,Towers with Radar,6,23,23,0,52,0,2,34,0,36,6,25,57,0,88,70,0,70,158
11/30/2016,YIP,MI,AGL,CE,Towers with Radar,12,21,24,0,57,0,0,19,0,19,12,21,43,0,76,70,0,70,146
12/01/2016,YIP,MI,AGL,CE,Towers with Radar,9,23,33,0,65,0,0,15,0,15,9,23,48,0,80,78,0,78,158
12/02/2016,YIP,MI,AGL,CE,Towers with Radar,14,26,6,0,46,0,0,25,0,25,14,26,31,0,71,120,0,120,191
12/03/2016,YIP,MI,AGL,CE,Towers with Radar,12,12,10,0,34,0,0,58,2,60,12,12,68,2,94,134,0,134,228
12/04/2016,YIP,MI,AGL,CE,Towers with Radar,2,8,15,0,25,0,0,14,0,14,2,8,29,0,39,70,0,70,109
12/05/2016,YIP,MI,AGL,CE,Towers with Radar,11,23,33,0,67,0,0,18,0,18,11,23,51,0,85,144,0,144,229
12/06/2016,YIP,MI,AGL,CE,Towers with Radar,20,22,32,0,74,0,0,13,0,13,20,22,45,0,87,60,0,60,147
12/07/2016,YIP,MI,AGL,CE,Towers with Radar,20,27,21,0,68,0,0,37,0,37,20,27,58,0,105,118,0,118,223
12/08/2016,YIP,MI,AGL,CE,Towers with Radar,16,33,21,0,70,0,2,1,2,5,16,35,22,2,75,10,0,10,85
12/09/2016,YIP,MI,AGL,CE,Towers with Radar,12,23,19,0,54,0,0,17,1,18,12,23,36,1,72,60,0,60,132
12/10/2016,YIP,MI,AGL,CE,Towers with Radar,6,15,10,0,31,0,0,15,0,15,6,15,25,0,46,84,0,84,130
12/11/2016,YIP,MI,AGL,CE,Towers with Radar,4,5,4,0,13,0,0,0,0,0,4,5,4,0,13,0,0,0,13
12/12/2016,YIP,MI,AGL,CE,Towers with Radar,17,22,22,0,61,0,1,0,0,1,17,23,22,0,62,0,0,0,62
12/13/2016,YIP,MI,AGL,CE,Towers with Radar,23,40,21,0,84,0,1,0,0,1,23,41,21,0,85,0,0,0,85
12/14/2016,YIP,MI,AGL,CE,Towers with Radar,13,37,65,0,115,0,1,18,0,19,13,38,83,0,134,98,0,98,232
12/15/2016,YIP,MI,AGL,CE,Towers with Radar,23,36,34,0,93,0,1,24,0,25,23,37,58,0,118,32,0,32,150
12/16/2016,YIP,MI,AGL,CE,Towers with Radar,9,40,51,0,100,0,2,20,0,22,9,42,71,0,122,82,0,82,204
12/17/2016,YIP,MI,AGL,CE,Towers with Radar,7,6,11,0,24,0,0,0,0,0,7,6,11,0,24,0,0,0,24
12/18/2016,YIP,MI,AGL,CE,Towers with Radar,7,15,20,0,42,0,0,6,0,6,7,15,26,0,48,4,0,4,52
12/19/2016,YIP,MI,AGL,CE,Towers with Radar,23,20,33,0,76,0,0,49,0,49,23,20,82,0,125,90,0,90,215
12/20/2016,YIP,MI,AGL,CE,Towers with Radar,18,40,20,0,78,0,0,11,1,12,18,40,31,1,90,30,0,30,120
12/21/2016,YIP,MI,AGL,CE,Towers with Radar,21,50,27,0,98,0,0,38,0,38,21,50,65,0,136,123,4,127,263
12/22/2016,YIP,MI,AGL,CE,Towers with Radar,27,48,26,0,101,0,4,32,0,36,27,52,58,0,137,116,0,116,253
12/23/2016,YIP,MI,AGL,CE,Towers with Radar,13,26,18,0,57,0,1,16,0,17,13,27,34,0,74,74,0,74,148
12/24/2016,YIP,MI,AGL,CE,Towers with Radar,3,12,11,0,26,0,0,4,0,4,3,12,15,0,30,32,0,32,62
12/25/2016,YIP,MI,AGL,CE,Towers with Radar,1,5,4,0,10,0,0,0,0,0,1,5,4,0,10,0,0,0,10
12/26/2016,YIP,MI,AGL,CE,Towers with Radar,2,11,18,0,31,0,0,0,0,0,2,11,18,0,31,0,0,0,31
12/27/2016,YIP,MI,AGL,CE,Towers with Radar,1,16,10,0,27,0,1,4,1,6,1,17,14,1,33,22,0,22,55
12/28/2016,YIP,MI,AGL,CE,Towers with Radar,1,8,15,2,26,0,0,32,2,34,1,8,47,4,60,74,0,74,134
12/29/2016,YIP,MI,AGL,CE,Towers with Radar,0,8,3,0,11,0,1,5,0,6,0,9,8,0,17,8,0,8,25
12/30/2016,YIP,MI,AGL,CE,Towers with Radar,0,6,12,0,18,0,0,11,0,11,0,6,23,0,29,22,0,22,51
12/31/2016,YIP,MI,AGL,CE,Towers with Radar,2,9,0,0,11,0,0,6,0,6,2,9,6,0,17,18,0,18,35
01/01/2017,YIP,MI,AGL,CE,Towers with Radar,2,6,12,0,20,0,0,30,0,30,2,6,42,0,50,22,0,22,72
01/02/2017,YIP,MI,AGL,CE,Towers with Radar,3,6,14,0,23,0,0,33,0,33,3,6,47,0,56,122,0,122,178
01/03/2017,YIP,MI,AGL,CE,Towers with Radar,6,13,20,0,39,0,0,0,0,0,6,13,20,0,39,0,0,0,39
01/04/2017,YIP,MI,AGL,CE,Towers with Radar,8,17,16,0,41,0,0,7,0,7,8,17,23,0,48,0,0,0,48
01/05/2017,YIP,MI,AGL,CE,Towers with Radar,6,33,19,0,58,0,2,1,0,3,6,35,20,0,61,0,0,0,61
01/06/2017,YIP,MI,AGL,CE,Towers with Radar,6,32,36,0,74,0,0,25,0,25,6,32,61,0,99,70,0,70,169
01/07/2017,YIP,MI,AGL,CE,Towers with Radar,13,18,11,0,42,0,0,4,0,4,13,18,15,0,46,20,0,20,66
01/08/2017,YIP,MI,AGL,CE,Towers with Radar,4,7,21,1,33,0,0,17,0,17,4,7,38,1,50,52,2,54,104
01/09/2017,YIP,MI,AGL,CE,Towers with Radar,4,23,66,0,93,0,0,42,0,42,4,23,108,0,135,102,0,102,237
01/10/2017,YIP,MI,AGL,CE,Towers with Radar,5,20,17,0,42,0,0,2,0,2,5,20,19,0,44,0,0,0,44
01/11/2017,YIP,MI,AGL,CE,Towers with Radar,8,36,21,2,67,0,0,29,0,29,8,36,50,2,96,98,0,98,194
01/12/2017,YIP,MI,AGL,CE,Towers with Radar,12,20,20,0,52,0,0,0,0,0,12,20,20,0,52,0,0,0,52
01/13/2017,YIP,MI,AGL,CE,Towers with Radar,7,27,44,0,78,0,2,91,0,93,7,29,135,0,171,210,0,210,381
01/14/2017,YIP,MI,AGL,CE,Towers with Radar,2,7,23,0,32,0,0,49,1,50,2,7,72,1,82,86,0,86,168
01/15/2017,YIP,MI,AGL,CE,Towers with Radar,4,17,20,0,41,0,0,44,0,44,4,17,64,0,85,66,0,66,151
01/16/2017,YIP,MI,AGL,CE,Towers with Radar,2,5,10,0,17,0,0,7,0,7,2,5,17,0,24,0,0,0,24
01/17/2017,YIP,MI,AGL,CE,Towers with Radar,2,19,19,0,40,0,0,0,0,0,2,19,19,0,40,0,0,0,40
01/18/2017,YIP,MI,AGL,CE,Towers with Radar,6,10,15,0,31,0,0,0,0,0,6,10,15,0,31,0,0,0,31
01/19/2017,YIP,MI,AGL,CE,Towers with Radar,3,25,25,0,53,0,2,7,0,9,3,27,32,0,62,18,0,18,80
01/20/2017,YIP,MI,AGL,CE,Towers with Radar,4,9,10,0,23,0,0,0,0,0,4,9,10,0,23,0,0,0,23
01/21/2017,YIP,MI,AGL,CE,Towers with Radar,3,5,18,0,26,0,0,4,0,4,3,5,22,0,30,32,0,32,62
01/22/2017,YIP,MI,AGL,CE,Towers with Radar,0,1,13,0,14,0,0,0,0,0,0,1,13,0,14,0,0,0,14
01/23/2017,YIP,MI,AGL,CE,Towers with Radar,5,12,30,0,47,0,0,0,0,0,5,12,30,0,47,4,0,4,51
01/24/2017,YIP,MI,AGL,CE,Towers with Radar,5,15,17,0,37,0,0,2,0,2,5,15,19,0,39,0,0,0,39
01/25/2017,YIP,MI,AGL,CE,Towers with Radar,3,22,18,0,43,0,1,22,1,24,3,23,40,1,67,64,0,64,131
01/26/2017,YIP,MI,AGL,CE,Towers with Radar,3,25,33,0,61,0,3,4,0,7,3,28,37,0,68,6,0,6,74
01/27/2017,YIP,MI,AGL,CE,Towers with Radar,7,20,10,0,37,0,0,10,0,10,7,20,20,0,47,30,0,30,77
01/28/2017,YIP,MI,AGL,CE,Towers with Radar,1,11,17,0,29,0,0,1,1,2,1,11,18,1,31,0,0,0,31
01/29/2017,YIP,MI,AGL,CE,Towers with Radar,5,3,17,0,25,0,0,2,0,2,5,3,19,0,27,12,0,12,39
01/30/2017,YIP,MI,AGL,CE,Towers with Radar,8,18,39,0,65,0,1,49,0,50,8,19,88,0,115,160,0,160,275
01/31/2017,YIP,MI,AGL,CE,Towers with Radar,10,25,18,0,53,0,0,0,0,0,10,25,18,0,53,0,0,0,53
02/01/2017,YIP,MI,AGL,CE,Towers with Radar,4,14,32,0,50,0,1,36,1,38,4,15,68,1,88,40,0,40,128
02/02/2017,YIP,MI,AGL,CE,Towers with Radar,11,11,52,0,74,0,0,61,0,61,11,11,113,0,135,78,1,79,214
02/03/2017,YIP,MI,AGL,CE,Towers with Radar,6,17,22,0,45,0,2,31,0,33,6,19,53,0,78,124,0,124,202
02/04/2017,YIP,MI,AGL,CE,Towers with Radar,4,18,7,0,29,0,0,51,2,53,4,18,58,2,82,170,0,170,252
02/05/2017,YIP,MI,AGL,CE,Towers with Radar,1,15,13,0,29,0,0,8,2,10,1,15,21,2,39,32,0,32,71
02/06/2017,YIP,MI,AGL,CE,Towers with Radar,5,10,38,0,53,0,0,81,0,81,5,10,119,0,134,126,0,126,260
02/07/2017,YIP,MI,AGL,CE,Towers with Radar,5,18,28,0,51,0,0,0,0,0,5,18,28,0,51,0,0,0,51
02/08/2017,YIP,MI,AGL,CE,Towers with Radar,7,23,16,0,46,0,2,30,3,35,7,25,46,3,81,76,0,76,157
02/09/2017,YIP,MI,AGL,CE,Towers with Radar,11,25,42,0,78,0,0,7,0,7,11,25,49,0,85,20,0,20,105
02/10/2017,YIP,MI,AGL,CE,Towers with Radar,5,21,25,0,51,0,2,19,0,21,5,23,44,0,72,64,0,64,136
02/11/2017,YIP,MI,AGL,CE,Towers with Radar,5,8,11,0,24,0,0,67,0,67,5,8,78,0,91,166,0,166,257
02/12/2017,YIP,MI,AGL,CE,Towers with Radar,4,16,15,0,35,0,0,2,0,2,4,16,17,0,37,6,0,6,43
02/13/2017,YIP,MI,AGL,CE,Towers with Radar,0,20,30,0,50,0,0,46,0,46,0,20,76,0,96,62,0,62,158
02/14/2017,YIP,MI,AGL,CE,Towers with Radar,2,11,21,0,34,0,0,24,0,24,2,11,45,0,58,50,2,52,110
02/15/2017,YIP,MI,AGL,CE,Towers with Radar,6,24,18,0,48,0,0,2,0,2,6,24,20,0,50,2,0,2,52
02/16/2017,YIP,MI,AGL,CE,Towers with Radar,6,22,63,0,91,0,1,45,0,46,6,23,108,0,137,127,0,127,264
02/17/2017,YIP,MI,AGL,CE,Towers with Radar,5,18,25,0,48,0,0,72,0,72,5,18,97,0,120,142,0,142,262
02/18/2017,YIP,MI,AGL,CE,Towers with Radar,5,13,16,0,34,0,0,60,0,60,5,13,76,0,94,168,0,168,262
02/19/2017,YIP,MI,AGL,CE,Towers with Radar,1,11,22,0,34,0,0,41,0,41,1,11,63,0,75,128,0,128,203
02/20/2017,YIP,MI,AGL,CE,Towers with Radar,6,25,20,0,51,0,0,35,0,35,6,25,55,0,86,138,0,138,224
02/21/2017,YIP,MI,AGL,CE,Towers with Radar,4,20,9,0,33,0,0,9,0,9,4,20,18,0,42,70,0,70,112
02/22/2017,YIP,MI,AGL,CE,Towers with Radar,10,18,25,0,53,0,0,4,0,4,10,18,29,0,57,26,0,26,83
02/23/2017,YIP,MI,AGL,CE,Towers with Radar,2,14,36,0,52,0,1,45,0,46,2,15,81,0,98,78,0,78,176
02/24/2017,YIP,MI,AGL,CE,Towers with Radar,9,19,18,0,46,0,0,0,0,0,9,19,18,0,46,0,0,0,46
02/25/2017,YIP,MI,AGL,CE,Towers with Radar,4,9,4,0,17,0,0,4,1,5,4,9,8,1,22,22,0,22,44
02/26/2017,YIP,MI,AGL,CE,Towers with Radar,4,17,11,0,32,0,0,11,0,11,4,17,22,0,43,26,0,26,69
02/27/2017,YIP,MI,AGL,CE,Towers with Radar,4,17,15,0,36,0,0,51,1,52,4,17,66,1,88,150,0,150,238
02/28/2017,YIP,MI,AGL,CE,Towers with Radar,4,23,17,0,44,0,0,0,0,0,4,23,17,0,44,0,0,0,44
03/01/2017,YIP,MI,AGL,CE,Towers with Radar,9,25,11,0,45,0,2,0,1,3,9,27,11,1,48,0,0,0,48
03/02/2017,YIP,MI,AGL,CE,Towers with Radar,7,17,28,0,52,0,2,19,0,21,7,19,47,0,73,72,0,72,145
03/03/2017,YIP,MI,AGL,CE,Towers with Radar,2,33,16,0,51,0,1,42,2,45,2,34,58,2,96,38,0,38,134
03/04/2017,YIP,MI,AGL,CE,Towers with Radar,3,9,26,0,38,0,0,85,2,87,3,9,111,2,125,166,0,166,291
03/05/2017,YIP,MI,AGL,CE,Towers with Radar,5,21,16,0,42,0,0,38,0,38,5,21,54,0,80,80,0,80,160
03/06/2017,YIP,MI,AGL,CE,Towers with Radar,6,7,25,0,38,0,0,35,0,35,6,7,60,0,73,62,0,62,135
03/07/2017,YIP,MI,AGL,CE,Towers with Radar,3,13,17,0,33,0,0,7,0,7,3,13,24,0,40,0,0,0,40
03/08/2017,YIP,MI,AGL,CE,Towers with Radar,5,12,14,0,31,0,0,2,1,3,5,12,16,1,34,0,0,0,34
03/09/2017,YIP,MI,AGL,CE,Towers with Radar,9,27,50,0,86,0,0,33,0,33,9,27,83,0,119,46,0,46,165
03/10/2017,YIP,MI,AGL,CE,Towers with Radar,4,29,25,0,58,0,0,20,0,20,4,29,45,0,78,6,0,6,84
03/11/2017,YIP,MI,AGL,CE,Towers with Radar,2,12,35,0,49,0,0,45,3,48,2,12,80,3,97,46,0,46,143
03/12/2017,YIP,MI,AGL,CE,Towers with Radar,1,8,30,0,39,0,0,44,3,47,1,8,74,3,86,78,0,78,164
03/13/2017,YIP,MI,AGL,CE,Towers with Radar,1,10,12,0,23,0,0,0,0,0,1,10,12,0,23,0,0,0,23
03/14/2017,YIP,MI,AGL,CE,Towers with Radar,7,29,28,0,64,0,0,20,1,21,7,29,48,1,85,36,0,36,121
03/15/2017,YIP,MI,AGL,CE,Towers with Radar,8,27,26,0,61,0,0,9,5,14,8,27,35,5,75,28,0,28,103
03/16/2017,YIP,MI,AGL,CE,Towers with Radar,10,17,45,0,72,0,0,80,0,80,10,17,125,0,152,190,0,190,342
03/17/2017,YIP,MI,AGL,CE,Towers with Radar,5,21,24,0,50,0,0,21,0,21,5,21,45,0,71,110,0,110,181
03/18/2017,YIP,MI,AGL,CE,Towers with Radar,3,7,11,0,21,0,0,2,0,2,3,7,13,0,23,2,0,2,25
03/19/2017,YIP,MI,AGL,CE,Towers with Radar,2,15,22,2,41,0,0,13,0,13,2,15,35,2,54,52,0,52,106
03/20/2017,YIP,MI,AGL,CE,Towers with Radar,2,17,33,0,52,0,0,26,0,26,2,17,59,0,78,164,0,164,242
03/21/2017,YIP,MI,AGL,CE,Towers with Radar,4,19,20,0,43,0,0,39,0,39,4,19,59,0,82,90,4,94,176
03/22/2017,YIP,MI,AGL,CE,Towers with Radar,8,14,42,0,64,0,1,54,0,55,8,15,96,0,119,130,0,130,249
03/23/2017,YIP,MI,AGL,CE,Towers with Radar,14,47,32,0,93,0,0,73,1,74,14,47,105,1,167,180,0,180,347
03/24/2017,YIP,MI,AGL,CE,Towers with Radar,5,23,31,2,61,0,0,16,1,17,5,23,47,3,78,30,0,30,108
03/25/2017,YIP,MI,AGL,CE,Towers with Radar,4,18,29,2,53,0,0,0,0,0,4,18,29,2,53,0,0,0,53
03/26/2017,YIP,MI,AGL,CE,Towers with Radar,1,7,15,2,25,0,0,0,0,0,1,7,15,2,25,0,0,0,25
03/27/2017,YIP,MI,AGL,CE,Towers with Radar,0,5,47,0,52,0,0,19,0,19,0,5,66,0,71,56,0,56,127
03/28/2017,YIP,MI,AGL,CE,Towers with Radar,4,22,37,0,63,0,1,19,0,20,4,23,56,0,83,70,0,70,153
03/29/2017,YIP,MI,AGL,CE,Towers with Radar,2,25,42,0,69,0,2,98,3,103,2,27,140,3,172,236,0,236,408
03/30/2017,YIP,MI,AGL,CE,Towers with Radar,4,17,22,0,43,0,0,0,1,1,4,17,22,1,44,0,0,0,44
03/31/2017,YIP,MI,AGL,CE,Towers with Radar,8,16,25,0,49,0,0,0,0,0,8,16,25,0,49,0,0,0,49
04/01/2017,YIP,MI,AGL,CE,Towers with Radar,7,10,28,0,45,0,0,51,0,51,7,10,79,0,96,166,0,166,262
04/02/2017,YIP,MI,AGL,CE,Towers with Radar,2,8,16,0,26,0,0,36,0,36,2,8,52,0,62,86,0,86,148
04/03/2017,YIP,MI,AGL,CE,Towers with Radar,7,13,20,0,40,0,2,25,0,27,7,15,45,0,67,72,0,72,139
04/04/2017,YIP,MI,AGL,CE,Towers with Radar,3,16,12,0,31,0,1,1,0,2,3,17,13,0,33,0,0,0,33
04/05/2017,YIP,MI,AGL,CE,Towers with Radar,8,39,36,0,83,0,0,19,0,19,8,39,55,0,102,218,0,218,320
04/06/2017,YIP,MI,AGL,CE,Towers with Radar,6,10,29,0,45,0,0,0,0,0,6,10,29,0,45,0,0,0,45
04/07/2017,YIP,MI,AGL,CE,Towers with Radar,4,14,18,0,36,0,0,3,0,3,4,14,21,0,39,0,0,0,39
04/08/2017,YIP,MI,AGL,CE,Towers with Radar,5,10,31,1,47,0,0,75,0,75,5,10,106,1,122,214,0,214,336
04/09/2017,YIP,MI,AGL,CE,Towers with Radar,1,9,26,1,37,0,0,15,0,15,1,9,41,1,52,32,0,32,84
04/10/2017,YIP,MI,AGL,CE,Towers with Radar,0,13,12,0,25,0,0,20,2,22,0,13,32,2,47,20,0,20,67
04/11/2017,YIP,MI,AGL,CE,Towers with Radar,4,27,35,0,66,0,0,29,1,30,4,27,64,1,96,68,0,68,164
04/12/2017,YIP,MI,AGL,CE,Towers with Radar,6,26,51,0,83,0,0,115,2,117,6,26,166,2,200,240,0,240,440
04/13/2017,YIP,MI,AGL,CE,Towers with Radar,15,11,28,1,55,0,1,74,0,75,15,12,102,1,130,154,0,154,284
04/14/2017,YIP,MI,AGL,CE,Towers with Radar,1,9,23,0,33,0,0,97,0,97,1,9,120,0,130,194,0,194,324
04/15/2017,YIP,MI,AGL,CE,Towers with Radar,0,5,7,0,12,0,0,27,0,27,0,5,34,0,39,94,0,94,133
04/16/2017,YIP,MI,AGL,CE,Towers with Radar,0,6,11,0,17,0,0,5,0,5,0,6,16,0,22,16,0,16,38
04/17/2017,YIP,MI,AGL,CE,Towers with Radar,1,11,23,0,35,0,0,65,0,65,1,11,88,0,100,146,0,146,246
04/18/2017,YIP,MI,AGL,CE,Towers with Radar,5,17,25,0,47,0,0,80,0,80,5,17,105,0,127,60,0,60,187
04/19/2017,YIP,MI,AGL,CE,Towers with Radar,2,17,29,0,48,0,1,25,2,28,2,18,54,2,76,162,0,162,238
04/20/2017,YIP,MI,AGL,CE,Towers with Radar,5,11,31,0,47,0,0,0,0,0,5,11,31,0,47,0,0,0,47
04/21/2017,YIP,MI,AGL,CE,Towers with Radar,3,14,36,0,53,0,0,39,0,39,3,14,75,0,92,78,0,78,170
04/22/2017,YIP,MI,AGL,CE,Towers with Radar,2,6,29,0,37,0,0,60,0,60,2,6,89,0,97,68,0,68,165
04/23/2017,YIP,MI,AGL,CE,Towers with Radar,3,9,21,0,33,0,0,58,0,58,3,9,79,0,91,127,0,127,218
04/24/2017,YIP,MI,AGL,CE,Towers with Radar,0,23,29,0,52,0,0,77,0,77,0,23,106,0,129,72,0,72,201
04/25/2017,YIP,MI,AGL,CE,Towers with Radar,8,28,35,0,71,0,1,34,1,36,8,29,69,1,107,57,0,57,164
04/26/2017,YIP,MI,AGL,CE,Towers with Radar,5,18,34,2,59,0,0,37,2,39,5,18,71,4,98,36,0,36,134
04/27/2017,YIP,MI,AGL,CE,Towers with Radar,5,32,30,0,67,0,1,6,0,7,5,33,36,0,74,4,0,4,78
04/28/2017,YIP,MI,AGL,CE,Towers with Radar,16,27,55,0,98,0,2,64,0,66,16,29,119,0,164,70,0,70,234
04/29/2017,YIP,MI,AGL,CE,Towers with Radar,4,13,26,0,43,0,1,27,0,28,4,14,53,0,71,84,0,84,155
04/30/2017,YIP,MI,AGL,CE,Towers with Radar,5,21,24,0,50,0,0,2,0,2,5,21,26,0,52,0,0,0,52
05/01/2017,YIP,MI,AGL,CE,Towers with Radar,2,8,27,0,37,0,0,22,0,22,2,8,49,0,59,44,0,44,103
05/02/2017,YIP,MI,AGL,CE,Towers with Radar,3,14,19,0,36,0,1,6,0,7,3,15,25,0,43,0,0,0,43
05/03/2017,YIP,MI,AGL,CE,Towers with Radar,11,20,47,0,78,0,0,83,1,84,11,20,130,1,162,90,0,90,252
05/04/2017,YIP,MI,AGL,CE,Towers with Radar,12,15,39,0,66,0,0,1,0,1,12,15,40,0,67,0,0,0,67
05/05/2017,YIP,MI,AGL,CE,Towers with Radar,8,18,29,0,55,0,0,4,2,6,8,18,33,2,61,0,0,0,61
05/06/2017,YIP,MI,AGL,CE,Towers with Radar,1,8,18,0,27,0,0,27,0,27,1,8,45,0,54,84,0,84,138
05/07/2017,YIP,MI,AGL,CE,Towers with Radar,1,14,33,0,48,0,0,44,3,47,1,14,77,3,95,96,0,96,191
05/08/2017,YIP,MI,AGL,CE,Towers with Radar,2,27,36,0,65,0,0,67,0,67,2,27,103,0,132,145,0,145,277
05/09/2017,YIP,MI,AGL,CE,Towers with Radar,8,19,45,0,72,0,1,76,1,78,8,20,121,1,150,97,0,97,247
05/10/2017,YIP,MI,AGL,CE,Towers with Radar,7,20,38,0,65,0,0,73,0,73,7,20,111,0,138,164,0,164,302
05/11/2017,YIP,MI,AGL,CE,Towers with Radar,10,17,41,0,68,0,1,69,3,73,10,18,110,3,141,178,2,180,321
05/12/2017,YIP,MI,AGL,CE,Towers with Radar,7,24,38,0,69,0,2,64,0,66,7,26,102,0,135,128,0,128,263
05/13/2017,YIP,MI,AGL,CE,Towers with Radar,2,14,7,0,23,0,0,46,0,46,2,14,53,0,69,80,0,80,149
05/14/2017,YIP,MI,AGL,CE,Towers with Radar,4,3,14,0,21,0,0,19,1,20,4,3,33,1,41,16,0,16,57
05/15/2017,YIP,MI,AGL,CE,Towers with Radar,7,14,35,0,56,0,0,58,0,58,7,14,93,0,114,127,0,127,241
05/16/2017,YIP,MI,AGL,CE,Towers with Radar,10,13,38,0,61,0,2,59,1,62,10,15,97,1,123,76,0,76,199
05/17/2017,YIP,MI,AGL,CE,Towers with Radar,6,33,28,0,67,0,1,14,2,17,6,34,42,2,84,21,0,21,105
05/18/2017,YIP,MI,AGL,CE,Towers with Radar,13,18,29,0,60,0,0,14,3,17,13,18,43,3,77,2,0,2,79
05/19/2017,YIP,MI,AGL,CE,Towers with Radar,6,24,30,0,60,0,0,46,0,46,6,24,76,0,106,176,0,176,282
05/20/2017,YIP,MI,AGL,CE,Towers with Radar,5,10,24,0,39,0,1,21,0,22,5,11,45,0,61,48,0,48,109
05/21/2017,YIP,MI,AGL,CE,Towers with Radar,4,14,19,0,37,0,0,2,0,2,4,14,21,0,39,10,0,10,49
05/22/2017,YIP,MI,AGL,CE,Towers with Radar,8,18,33,0,59,0,0,39,0,39,8,18,72,0,98,75,0,75,173
05/23/2017,YIP,MI,AGL,CE,Towers with Radar,16,16,31,0,63,0,4,66,0,70,16,20,97,0,133,180,0,180,313
05/24/2017,YIP,MI,AGL,CE,Towers with Radar,12,33,57,0,102,0,2,19,0,21,12,35,76,0,123,32,0,32,155
05/25/2017,YIP,MI,AGL,CE,Towers with Radar,8,26,110,0,144,0,0,6,0,6,8,26,116,0,150,4,0,4,154
05/26/2017,YIP,MI,AGL,CE,Towers with Radar,6,13,42,0,61,0,0,37,0,37,6,13,79,0,98,192,0,192,290
05/27/2017,YIP,MI,AGL,CE,Towers with Radar,5,4,43,0,52,0,0,50,0,50,5,4,93,0,102,85,0,85,187
05/28/2017,YIP,MI,AGL,CE,Towers with Radar,2,11,25,0,38,0,1,11,0,12,2,12,36,0,50,4,0,4,54
05/29/2017,YIP,MI,AGL,CE,Towers with Radar,5,8,30,0,43,0,0,35,5,40,5,8,65,5,83,15,0,15,98
05/30/2017,YIP,MI,AGL,CE,Towers with Radar,8,17,31,0,56,0,0,37,0,37,8,17,68,0,93,66,0,66,159
05/31/2017,YIP,MI,AGL,CE,Towers with Radar,16,24,37,0,77,0,0,49,0,49,16,24,86,0,126,168,0,168,294
06/01/2017,YIP,MI,AGL,CE,Towers with Radar,15,32,56,0,103,0,1,88,0,89,15,33,144,0,192,156,0,156,348
06/02/2017,YIP,MI,AGL,CE,Towers with Radar,13,17,34,0,64,0,1,64,0,65,13,18,98,0,129,85,0,85,214
06/03/2017,YIP,MI,AGL,CE,Towers with Radar,3,10,22,0,35,0,0,40,0,40,3,10,62,0,75,103,0,103,178
06/04/2017,YIP,MI,AGL,CE,Towers with Radar,4,16,36,0,56,0,1,20,0,21,4,17,56,0,77,24,0,24,101
06/05/2017,YIP,MI,AGL,CE,Towers with Radar,7,21,37,1,66,0,2,13,1,16,7,23,50,2,82,144,0,144,226
06/06/2017,YIP,MI,AGL,CE,Towers with Radar,14,18,41,0,73,0,0,28,0,28,14,18,69,0,101,16,0,16,117
06/07/2017,YIP,MI,AGL,CE,Towers with Radar,7,23,37,0,67,0,1,60,0,61,7,24,97,0,128,196,0,196,324
06/08/2017,YIP,MI,AGL,CE,Towers with Radar,4,17,53,1,75,0,0,79,1,80,4,17,132,2,155,212,0,212,367
06/09/2017,YIP,MI,AGL,CE,Towers with Radar,8,12,14,0,34,0,1,41,0,42,8,13,55,0,76,122,0,122,198
06/10/2017,YIP,MI,AGL,CE,Towers with Radar,6,12,13,0,31,0,1,57,0,58,6,13,70,0,89,104,0,104,193
06/11/2017,YIP,MI,AGL,CE,Towers with Radar,6,15,33,0,54,0,0,37,0,37,6,15,70,0,91,44,0,44,135
06/12/2017,YIP,MI,AGL,CE,Towers with Radar,7,28,16,0,51,0,0,44,0,44,7,28,60,0,95,111,0,111,206
06/13/2017,YIP,MI,AGL,CE,Towers with Radar,11,32,39,0,82,0,0,51,0,51,11,32,90,0,133,86,0,86,219
06/14/2017,YIP,MI,AGL,CE,Towers with Radar,16,27,26,2,71,0,0,23,1,24,16,27,49,3,95,136,0,136,231
06/15/2017,YIP,MI,AGL,CE,Towers with Radar,16,25,60,0,101,0,0,38,1,39,16,25,98,1,140,89,0,89,229
06/16/2017,YIP,MI,AGL,CE,Towers with Radar,11,28,33,2,74,0,0,73,2,75,11,28,106,4,149,170,0,170,319
06/17/2017,YIP,MI,AGL,CE,Towers with Radar,11,9,43,0,63,0,1,35,0,36,11,10,78,0,99,72,0,72,171
06/18/2017,YIP,MI,AGL,CE,Towers with Radar,5,15,45,0,65,0,0,23,0,23,5,15,68,0,88,2,0,2,90
06/19/2017,YIP,MI,AGL,CE,Towers with Radar,4,13,27,0,44,0,0,25,0,25,4,13,52,0,69,55,0,55,124
06/20/2017,YIP,MI,AGL,CE,Towers with Radar,15,26,36,4,81,0,0,30,0,30,15,26,66,4,111,33,4,37,148
06/21/2017,YIP,MI,AGL,CE,Towers with Radar,11,15,54,0,80,0,0,74,0,74,11,15,128,0,154,188,0,188,342
06/22/2017,YIP,MI,AGL,CE,Towers with Radar,10,20,57,0,87,0,0,31,2,33,10,20,88,2,120,99,0,99,219
06/23/2017,YIP,MI,AGL,CE,Towers with Radar,5,20,26,0,51,0,0,23,0,23,5,20,49,0,74,129,0,129,203
06/24/2017,YIP,MI,AGL,CE,Towers with Radar,7,13,26,0,46,0,0,49,0,49,7,13,75,0,95,82,0,82,177
06/25/2017,YIP,MI,AGL,CE,Towers with Radar,4,6,23,0,33,0,0,22,2,24,4,6,45,2,57,74,0,74,131
06/26/2017,YIP,MI,AGL,CE,Towers with Radar,9,19,28,0,56,0,0,35,2,37,9,19,63,2,93,109,0,109,202
06/27/2017,YIP,MI,AGL,CE,Towers with Radar,16,24,49,0,89,0,1,57,0,58,16,25,106,0,147,146,0,146,293
06/28/2017,YIP,MI,AGL,CE,Towers with Radar,13,35,34,0,82,0,0,55,1,56,13,35,89,1,138,126,0,126,264
06/29/2017,YIP,MI,AGL,CE,Towers with Radar,6,19,29,0,54,0,1,9,0,10,6,20,38,0,64,26,0,26,90
06/30/2017,YIP,MI,AGL,CE,Towers with Radar,7,20,38,0,65,0,2,9,0,11,7,22,47,0,76,94,0,94,170
07/01/2017,YIP,MI,AGL,CE,Towers with Radar,5,12,33,0,50,0,1,30,0,31,5,13,63,0,81,25,0,25,106
07/02/2017,YIP,MI,AGL,CE,Towers with Radar,0,9,19,0,28,0,0,20,1,21,0,9,39,1,49,2,0,2,51
07/03/2017,YIP,MI,AGL,CE,Towers with Radar,3,13,15,0,31,0,0,28,0,28,3,13,43,0,59,78,0,78,137
07/04/2017,YIP,MI,AGL,CE,Towers with Radar,7,16,12,0,35,0,0,13,0,13,7,16,25,0,48,18,0,18,66
07/05/2017,YIP,MI,AGL,CE,Towers with Radar,7,19,24,0,50,0,0,54,0,54,7,19,78,0,104,156,0,156,260
07/06/2017,YIP,MI,AGL,CE,Towers with Radar,6,15,35,2,58,0,0,70,0,70,6,15,105,2,128,108,0,108,236
07/07/2017,YIP,MI,AGL,CE,Towers with Radar,13,13,26,0,52,0,0,55,0,55,13,13,81,0,107,137,0,137,244
07/08/2017,YIP,MI,AGL,CE,Towers with Radar,4,3,22,0,29,0,1,59,2,62,4,4,81,2,91,85,0,85,176
07/09/2017,YIP,MI,AGL,CE,Towers with Radar,1,9,35,0,45,0,0,25,0,25,1,9,60,0,70,51,0,51,121
07/10/2017,YIP,MI,AGL,CE,Towers with Radar,8,7,26,0,41,0,0,0,0,0,8,7,26,0,41,0,0,0,41
07/11/2017,YIP,MI,AGL,CE,Towers with Radar,9,19,20,4,52,0,0,7,0,7,9,19,27,4,59,74,0,74,133
07/12/2017,YIP,MI,AGL,CE,Towers with Radar,13,27,29,0,69,0,0,9,0,9,13,27,38,0,78,28,0,28,106
07/13/2017,YIP,MI,AGL,CE,Towers with Radar,8,26,50,0,84,0,0,14,1,15,8,26,64,1,99,60,0,60,159
07/14/2017,YIP,MI,AGL,CE,Towers with Radar,10,18,27,0,55,0,1,66,1,68,10,19,93,1,123,124,0,124,247
07/15/2017,YIP,MI,AGL,CE,Towers with Radar,5,6,14,0,25,0,0,65,0,65,5,6,79,0,90,72,0,72,162
07/16/2017,YIP,MI,AGL,CE,Towers with Radar,2,10,14,0,26,0,0,22,0,22,2,10,36,0,48,75,0,75,123
07/17/2017,YIP,MI,AGL,CE,Towers with Radar,3,8,40,0,51,0,0,76,0,76,3,8,116,0,127,192,0,192,319
07/18/2017,YIP,MI,AGL,CE,Towers with Radar,5,10,54,0,69,0,1,61,0,62,5,11,115,0,131,130,0,130,261
07/19/2017,YIP,MI,AGL,CE,Towers with Radar,11,17,34,1,63,0,2,62,3,67,11,19,96,4,130,162,2,164,294
07/20/2017,YIP,MI,AGL,CE,Towers with Radar,7,24,53,0,84,0,0,40,1,41,7,24,93,1,125,72,0,72,197
07/21/2017,YIP,MI,AGL,CE,Towers with Radar,4,15,33,0,52,0,0,64,1,65,4,15,97,1,117,252,0,252,369
07/22/2017,YIP,MI,AGL,CE,Towers with Radar,4,10,24,0,38,0,2,19,0,21,4,12,43,0,59,67,0,67,126
07/23/2017,YIP,MI,AGL,CE,Towers with Radar,0,11,14,0,25,0,0,18,1,19,0,11,32,1,44,37,0,37,81
07/24/2017,YIP,MI,AGL,CE,Towers with Radar,6,13,38,0,57,0,1,22,0,23,6,14,60,0,80,117,0,117,197
07/25/2017,YIP,MI,AGL,CE,Towers with Radar,5,21,38,0,64,0,0,66,3,69,5,21,104,3,133,196,0,196,329
07/26/2017,YIP,MI,AGL,CE,Towers with Radar,7,28,23,2,60,0,0,54,0,54,7,28,77,2,114,100,2,102,216
07/27/2017,YIP,MI,AGL,CE,Towers with Radar,4,22,54,1,81,0,2,39,5,46,4,24,93,6,127,172,0,172,299
07/28/2017,YIP,MI,AGL,CE,Towers with Radar,2,16,25,0,43,0,1,42,0,43,2,17,67,0,86,79,0,79,165
07/29/2017,YIP,MI,AGL,CE,Towers with Radar,5,6,22,0,33,0,2,55,2,59,5,8,77,2,92,60,0,60,152
07/30/2017,YIP,MI,AGL,CE,Towers with Radar,0,10,26,0,36,0,1,49,0,50,0,11,75,0,86,54,0,54,140
07/31/2017,YIP,MI,AGL,CE,Towers with Radar,3,12,32,0,47,0,0,41,0,41,3,12,73,0,88,96,0,96,184
08/01/2017,YIP,MI,AGL,CE,Towers with Radar,6,22,26,0,54,0,1,50,0,51,6,23,76,0,105,128,0,128,233
08/02/2017,YIP,MI,AGL,CE,Towers with Radar,7,17,37,0,61,0,1,32,3,36,7,18,69,3,97,22,0,22,119
08/03/2017,YIP,MI,AGL,CE,Towers with Radar,7,21,28,0,56,0,0,31,1,32,7,21,59,1,88,68,0,68,156
08/04/2017,YIP,MI,AGL,CE,Towers with Radar,5,19,25,0,49,0,2,13,3,18,5,21,38,3,67,14,0,14,81
08/05/2017,YIP,MI,AGL,CE,Towers with Radar,2,11,23,0,36,0,1,48,0,49,2,12,71,0,85,35,0,35,120
08/06/2017,YIP,MI,AGL,CE,Towers with Radar,3,8,21,0,32,0,0,8,0,8,3,8,29,0,40,22,0,22,62
08/07/2017,YIP,MI,AGL,CE,Towers with Radar,3,7,21,1,32,0,0,36,1,37,3,7,57,2,69,86,0,86,155
08/08/2017,YIP,MI,AGL,CE,Towers with Radar,11,31,50,0,92,0,4,53,0,57,11,35,103,0,149,116,0,116,265
08/09/2017,YIP,MI,AGL,CE,Towers with Radar,11,41,41,0,93,0,0,78,1,79,11,41,119,1,172,96,0,96,268
08/10/2017,YIP,MI,AGL,CE,Towers with Radar,12,32,52,0,96,0,0,60,0,60,12,32,112,0,156,154,0,154,310
08/11/2017,YIP,MI,AGL,CE,Towers with Radar,6,26,34,0,66,0,1,35,0,36,6,27,69,0,102,145,0,145,247
08/12/2017,YIP,MI,AGL,CE,Towers with Radar,9,12,38,0,59,0,0,32,0,32,9,12,70,0,91,41,0,41,132
08/13/2017,YIP,MI,AGL,CE,Towers with Radar,9,11,66,0,86,0,1,77,11,89,9,12,143,11,175,120,0,120,295
08/14/2017,YIP,MI,AGL,CE,Towers with Radar,4,22,25,0,51,0,0,36,0,36,4,22,61,0,87,162,0,162,249
08/15/2017,YIP,MI,AGL,CE,Towers with Radar,16,10,38,0,64,0,2,29,0,31,16,12,67,0,95,85,0,85,180
08/16/2017,YIP,MI,AGL,CE,Towers with Radar,10,14,56,0,80,0,0,85,0,85,10,14,141,0,165,186,0,186,351
08/17/2017,YIP,MI,AGL,CE,Towers with Radar,9,28,26,0,63,0,0,14,4,18,9,28,40,4,81,0,0,0,81
08/18/2017,YIP,MI,AGL,CE,Towers with Radar,11,23,39,0,73,0,2,24,0,26,11,25,63,0,99,22,0,22,121
08/19/2017,YIP,MI,AGL,CE,Towers with Radar,6,20,21,0,47,0,0,43,0,43,6,20,64,0,90,52,0,52,142
08/20/2017,YIP,MI,AGL,CE,Towers with Radar,2,14,10,0,26,0,0,47,1,48,2,14,57,1,74,75,0,75,149
08/21/2017,YIP,MI,AGL,CE,Towers with Radar,10,12,24,0,46,0,0,27,0,27,10,12,51,0,73,92,0,92,165
08/22/2017,YIP,MI,AGL,CE,Towers with Radar,10,16,22,0,48,0,2,6,0,8,10,18,28,0,56,0,0,0,56
08/23/2017,YIP,MI,AGL,CE,Towers with Radar,8,21,33,0,62,0,1,68,2,71,8,22,101,2,133,130,0,130,263
08/24/2017,YIP,MI,AGL,CE,Towers with Radar,7,22,45,0,74,0,0,65,0,65,7,22,110,0,139,106,0,106,245
08/25/2017,YIP,MI,AGL,CE,Towers with Radar,11,16,25,0,52,0,0,60,0,60,11,16,85,0,112,123,0,123,235
08/26/2017,YIP,MI,AGL,CE,Towers with Radar,6,10,28,0,44,0,0,50,0,50,6,10,78,0,94,69,0,69,163
08/27/2017,YIP,MI,AGL,CE,Towers with Radar,1,9,25,0,35,0,1,44,2,47,1,10,69,2,82,33,0,33,115
08/28/2017,YIP,MI,AGL,CE,Towers with Radar,3,23,33,1,60,0,0,6,0,6,3,23,39,1,66,22,0,22,88
08/29/2017,YIP,MI,AGL,CE,Towers with Radar,11,37,37,5,90,0,0,1,2,3,11,37,38,7,93,0,2,2,95
08/30/2017,YIP,MI,AGL,CE,Towers with Radar,10,17,46,1,74,0,2,35,9,46,10,19,81,10,120,78,8,86,206
08/31/2017,YIP,MI,AGL,CE,Towers with Radar,11,22,28,2,63,0,41,46,4,91,11,63,74,6,154,56,2,58,212
09/01/2017,YIP,MI,AGL,CE,Towers with Radar,10,19,19,3,51,0,2,56,23,81,10,21,75,26,132,16,2,18,150
09/02/2017,YIP,MI,AGL,CE,Towers with Radar,4,12,11,2,29,0,1,60,19,80,4,13,71,21,109,16,0,16,125
09/03/2017,YIP,MI,AGL,CE,Towers with Radar,3,6,8,0,17,0,25,58,0,83,3,31,66,0,100,2,0,2,102
09/04/2017,YIP,MI,AGL,CE,Towers with Radar,2,6,9,2,19,0,22,24,0,46,2,28,33,2,65,2,0,2,67
09/05/2017,YIP,MI,AGL,CE,Towers with Radar,6,10,45,7,68,0,1,51,1,53,6,11,96,8,121,68,2,70,191
09/06/2017,YIP,MI,AGL,CE,Towers with Radar,10,18,38,0,66,0,0,42,0,42,10,18,80,0,108,124,0,124,232
09/07/2017,YIP,MI,AGL,CE,Towers with Radar,13,27,25,0,65,0,1,37,5,43,13,28,62,5,108,84,0,84,192
09/08/2017,YIP,MI,AGL,CE,Towers with Radar,21,46,52,0,119,0,0,47,3,50,21,46,99,3,169,85,0,85,254
09/09/2017,YIP,MI,AGL,CE,Towers with Radar,5,24,42,0,71,0,0,45,0,45,5,24,87,0,116,87,0,87,203
09/10/2017,YIP,MI,AGL,CE,Towers with Radar,3,15,20,0,38,0,0,33,0,33,3,15,53,0,71,24,0,24,95
09/11/2017,YIP,MI,AGL,CE,Towers with Radar,5,21,17,0,43,0,1,70,1,72,5,22,87,1,115,229,0,229,344
09/12/2017,YIP,MI,AGL,CE,Towers with Radar,6,21,32,0,59,0,1,49,1,51,6,22,81,1,110,90,0,90,200
09/13/2017,YIP,MI,AGL,CE,Towers with Radar,11,28,29,0,68,0,0,37,0,37,11,28,66,0,105,88,0,88,193
09/14/2017,YIP,MI,AGL,CE,Towers with Radar,12,25,44,0,81,0,12,48,0,60,12,37,92,0,141,198,0,198,339
09/15/2017,YIP,MI,AGL,CE,Towers with Radar,11,26,41,5,83,0,0,64,2,66,11,26,105,7,149,70,0,70,219
09/16/2017,YIP,MI,AGL,CE,Towers with Radar,6,22,43,0,71,0,0,34,2,36,6,22,77,2,107,74,0,74,181
09/17/2017,YIP,MI,AGL,CE,Towers with Radar,4,9,32,3,48,0,0,49,0,49,4,9,81,3,97,61,0,61,158
09/18/2017,YIP,MI,AGL,CE,Towers with Radar,8,8,28,0,44,0,0,10,2,12,8,8,38,2,56,6,0,6,62
09/19/2017,YIP,MI,AGL,CE,Towers with Radar,11,12,31,0,54,0,1,0,0,1,11,13,31,0,55,0,0,0,55
09/20/2017,YIP,MI,AGL,CE,Towers with Radar,20,38,33,0,91,0,0,40,0,40,20,38,73,0,131,108,0,108,239
09/21/2017,YIP,MI,AGL,CE,Towers with Radar,13,46,27,0,86,0,0,77,0,77,13,46,104,0,163,127,0,127,290
09/22/2017,YIP,MI,AGL,CE,Towers with Radar,17,30,33,0,80,0,1,98,0,99,17,31,131,0,179,144,0,144,323
09/23/2017,YIP,MI,AGL,CE,Towers with Radar,5,19,29,0,53,0,0,30,0,30,5,19,59,0,83,40,0,40,123
09/24/2017,YIP,MI,AGL,CE,Towers with Radar,4,15,61,0,80,0,0,44,0,44,4,15,105,0,124,46,0,46,170
09/25/2017,YIP,MI,AGL,CE,Towers with Radar,12,17,29,0,58,0,2,83,1,86,12,19,112,1,144,52,0,52,196
09/26/2017,YIP,MI,AGL,CE,Towers with Radar,25,26,51,0,102,0,0,74,0,74,25,26,125,0,176,116,0,116,292
09/27/2017,YIP,MI,AGL,CE,Towers with Radar,17,32,26,0,75,0,0,56,1,57,17,32,82,1,132,52,0,52,184
09/28/2017,YIP,MI,AGL,CE,Towers with Radar,15,29,25,0,69,0,2,68,0,70,15,31,93,0,139,137,0,137,276
09/29/2017,YIP,MI,AGL,CE,Towers with Radar,19,26,21,0,66,0,2,38,0,40,19,28,59,0,106,39,0,39,145
09/30/2017,YIP,MI,AGL,CE,Towers with Radar,11,14,20,0,45,0,0,114,0,114,11,14,134,0,159,59,0,59,218
10/01/2017,YIP,MI,AGL,CE,Towers with Radar,2,14,40,0,56,0,1,59,0,60,2,15,99,0,116,110,0,110,226
10/02/2017,YIP,MI,AGL,CE,Towers with Radar,11,27,22,0,60,0,0,59,0,59,11,27,81,0,119,142,0,142,261
10/03/2017,YIP,MI,AGL,CE,Towers with Radar,10,27,40,2,79,0,0,68,2,70,10,27,108,4,149,182,0,182,331
10/04/2017,YIP,MI,AGL,CE,Towers with Radar,15,49,55,0,119,0,1,15,1,17,15,50,70,1,136,26,0,26,162
10/05/2017,YIP,MI,AGL,CE,Towers with Radar,13,37,73,0,123,0,1,83,1,85,13,38,156,1,208,114,0,114,322
10/06/2017,YIP,MI,AGL,CE,Towers with Radar,10,46,62,2,120,0,0,2,0,2,10,46,64,2,122,0,0,0,122
10/07/2017,YIP,MI,AGL,CE,Towers with Radar,9,42,34,0,85,0,0,8,0,8,9,42,42,0,93,6,0,6,99
10/08/2017,YIP,MI,AGL,CE,Towers with Radar,4,44,58,0,106,0,0,46,2,48,4,44,104,2,154,146,0,146,300
10/09/2017,YIP,MI,AGL,CE,Towers with Radar,4,25,26,0,55,0,0,65,0,65,4,25,91,0,120,163,0,163,283
10/10/2017,YIP,MI,AGL,CE,Towers with Radar,5,26,19,2,52,0,0,52,1,53,5,26,71,3,105,163,0,163,268
10/11/2017,YIP,MI,AGL,CE,Towers with Radar,10,47,16,0,73,0,0,1,0,1,10,47,17,0,74,0,0,0,74
10/12/2017,YIP,MI,AGL,CE,Towers with Radar,6,30,44,0,80,0,0,0,0,0,6,30,44,0,80,0,0,0,80
10/13/2017,YIP,MI,AGL,CE,Towers with Radar,9,30,35,0,74,0,0,36,0,36,9,30,71,0,110,102,0,102,212
10/14/2017,YIP,MI,AGL,CE,Towers with Radar,5,12,7,0,24,0,0,3,0,3,5,12,10,0,27,7,0,7,34
10/15/2017,YIP,MI,AGL,CE,Towers with Radar,3,11,9,0,23,0,0,4,0,4,3,11,13,0,27,0,0,0,27
10/16/2017,YIP,MI,AGL,CE,Towers with Radar,3,6,42,0,51,0,0,58,0,58,3,6,100,0,109,210,0,210,319
10/17/2017,YIP,MI,AGL,CE,Towers with Radar,13,13,16,0,42,0,0,28,0,28,13,13,44,0,70,150,0,150,220
10/18/2017,YIP,MI,AGL,CE,Towers with Radar,8,32,26,1,67,0,3,91,0,94,8,35,117,1,161,126,0,126,287
10/19/2017,YIP,MI,AGL,CE,Towers with Radar,7,49,45,0,101,0,0,76,0,76,7,49,121,0,177,277,0,277,454
10/20/2017,YIP,MI,AGL,CE,Towers with Radar,12,49,41,0,102,0,0,84,0,84,12,49,125,0,186,244,0,244,430
10/21/2017,YIP,MI,AGL,CE,Towers with Radar,1,10,19,0,30,0,1,78,0,79,1,11,97,0,109,83,0,83,192
10/22/2017,YIP,MI,AGL,CE,Towers with Radar,1,9,32,0,42,0,0,26,0,26,1,9,58,0,68,54,0,54,122
10/23/2017,YIP,MI,AGL,CE,Towers with Radar,6,13,35,0,54,0,0,16,0,16,6,13,51,0,70,67,0,67,137
10/24/2017,YIP,MI,AGL,CE,Towers with Radar,8,12,35,0,55,0,0,1,1,2,8,12,36,1,57,16,0,16,73
10/25/2017,YIP,MI,AGL,CE,Towers with Radar,5,23,34,0,62,0,2,27,0,29,5,25,61,0,91,176,0,176,267
10/26/2017,YIP,MI,AGL,CE,Towers with Radar,6,44,51,0,101,0,3,61,0,64,6,47,112,0,165,256,0,256,421
10/27/2017,YIP,MI,AGL,CE,Towers with Radar,12,43,48,0,103,0,0,43,0,43,12,43,91,0,146,177,0,177,323
10/28/2017,YIP,MI,AGL,CE,Towers with Radar,4,30,23,0,57,0,0,25,0,25,4,30,48,0,82,41,0,41,123
10/29/2017,YIP,MI,AGL,CE,Towers with Radar,4,25,16,0,45,0,0,28,1,29,4,25,44,1,74,81,0,81,155
10/30/2017,YIP,MI,AGL,CE,Towers with Radar,11,17,14,0,42,0,1,21,0,22,11,18,35,0,64,96,0,96,160
10/31/2017,YIP,MI,AGL,CE,Towers with Radar,11,26,23,0,60,0,1,22,0,23,11,27,45,0,83,72,0,72,155
11/01/2017,YIP,MI,AGL,CE,Towers with Radar,10,43,34,0,87,0,0,39,0,39,10,43,73,0,126,198,0,198,324
11/02/2017,YIP,MI,AGL,CE,Towers with Radar,14,40,42,3,99,0,1,0,0,1,14,41,42,3,100,6,0,6,106
11/03/2017,YIP,MI,AGL,CE,Towers with Radar,14,38,44,3,99,0,3,62,4,69,14,41,106,7,168,291,0,291,459
11/04/2017,YIP,MI,AGL,CE,Towers with Radar,7,37,12,0,56,0,1,18,0,19,7,38,30,0,75,51,0,51,126
11/05/2017,YIP,MI,AGL,CE,Towers with Radar,5,23,22,1,51,0,0,0,0,0,5,23,22,1,51,0,0,0,51
11/06/2017,YIP,MI,AGL,CE,Towers with Radar,6,24,39,0,69,0,0,57,0,57,6,24,96,0,126,202,0,202,328
11/07/2017,YIP,MI,AGL,CE,Towers with Radar,17,29,38,0,84,0,3,117,0,120,17,32,155,0,204,203,0,203,407
11/08/2017,YIP,MI,AGL,CE,Towers with Radar,26,28,48,2,104,0,0,116,1,117,26,28,164,3,221,188,0,188,409
11/09/2017,YIP,MI,AGL,CE,Towers with Radar,18,30,29,0,77,0,1,29,0,30,18,31,58,0,107,40,0,40,147
11/10/2017,YIP,MI,AGL,CE,Towers with Radar,15,28,41,0,84,0,0,63,0,63,15,28,104,0,147,221,0,221,368
11/11/2017,YIP,MI,AGL,CE,Towers with Radar,4,16,7,0,27,0,2,51,0,53,4,18,58,0,80,98,0,98,178
11/12/2017,YIP,MI,AGL,CE,Towers with Radar,5,11,12,0,28,0,0,0,0,0,5,11,12,0,28,0,0,0,28
11/13/2017,YIP,MI,AGL,CE,Towers with Radar,8,18,27,0,53,0,2,26,0,28,8,20,53,0,81,154,0,154,235
11/14/2017,YIP,MI,AGL,CE,Towers with Radar,11,23,46,0,80,0,0,56,1,57,11,23,102,1,137,264,0,264,401
11/15/2017,YIP,MI,AGL,CE,Towers with Radar,15,40,32,0,87,0,0,19,1,20,15,40,51,1,107,48,0,48,155
11/16/2017,YIP,MI,AGL,CE,Towers with Radar,18,35,27,0,80,1,0,19,1,21,19,35,46,1,101,44,0,44,145
11/17/2017,YIP,MI,AGL,CE,Towers with Radar,11,24,37,0,72,0,0,46,0,46,11,24,83,0,118,126,0,126,244
11/18/2017,YIP,MI,AGL,CE,Towers with Radar,11,14,11,0,36,0,0,0,0,0,11,14,11,0,36,0,0,0,36
11/19/2017,YIP,MI,AGL,CE,Towers with Radar,7,20,13,1,41,0,1,6,0,7,7,21,19,1,48,2,4,6,54
11/20/2017,YIP,MI,AGL,CE,Towers with Radar,9,21,14,3,47,0,0,54,0,54,9,21,68,3,101,63,0,63,164
11/21/2017,YIP,MI,AGL,CE,Towers with Radar,22,21,27,5,75,0,0,30,3,33,22,21,57,8,108,91,0,91,199
11/22/2017,YIP,MI,AGL,CE,Towers with Radar,20,33,24,0,77,0,3,69,1,73,20,36,93,1,150,176,0,176,326
11/23/2017,YIP,MI,AGL,CE,Towers with Radar,21,6,3,0,30,0,0,5,1,6,21,6,8,1,36,0,0,0,36
11/24/2017,YIP,MI,AGL,CE,Towers with Radar,15,25,27,0,67,0,0,50,0,50,15,25,77,0,117,63,0,63,180
11/25/2017,YIP,MI,AGL,CE,Towers with Radar,5,54,53,0,112,0,0,16,0,16,5,54,69,0,128,31,0,31,159
11/26/2017,YIP,MI,AGL,CE,Towers with Radar,5,13,33,0,51,0,0,42,0,42,5,13,75,0,93,65,0,65,158
11/27/2017,YIP,MI,AGL,CE,Towers with Radar,21,27,41,0,89,0,0,93,0,93,21,27,134,0,182,226,0,226,408
11/28/2017,YIP,MI,AGL,CE,Towers with Radar,30,27,28,0,85,0,0,23,0,23,30,27,51,0,108,34,0,34,142
11/29/2017,YIP,MI,AGL,CE,Towers with Radar,23,38,21,0,82,0,1,94,0,95,23,39,115,0,177,250,0,250,427
11/30/2017,YIP,MI,AGL,CE,Towers with Radar,33,38,17,0,88,0,0,30,1,31,33,38,47,1,119,134,0,134,253
12/01/2017,YIP,MI,AGL,CE,Towers with Radar,11,17,25,1,54,0,2,95,0,97,11,19,120,1,151,165,0,165,316
12/02/2017,YIP,MI,AGL,CE,Towers with Radar,6,15,17,1,39,0,0,72,0,72,6,15,89,1,111,117,0,117,228
12/03/2017,YIP,MI,AGL,CE,Towers with Radar,11,8,15,0,34,0,0,45,0,45,11,8,60,0,79,105,0,105,184
12/04/2017,YIP,MI,AGL,CE,Towers with Radar,15,15,22,0,52,0,0,35,0,35,15,15,57,0,87,62,0,62,149
12/05/2017,YIP,MI,AGL,CE,Towers with Radar,23,48,31,0,102,0,0,8,0,8,23,48,39,0,110,0,0,0,110
12/06/2017,YIP,MI,AGL,CE,Towers with Radar,24,36,28,0,88,0,1,10,3,14,24,37,38,3,102,8,0,8,110
12/07/2017,YIP,MI,AGL,CE,Towers with Radar,24,39,34,0,97,0,0,16,0,16,24,39,50,0,113,50,0,50,163
12/08/2017,YIP,MI,AGL,CE,Towers with Radar,26,33,28,0,87,0,0,78,0,78,26,33,106,0,165,143,0,143,308
12/09/2017,YIP,MI,AGL,CE,Towers with Radar,8,17,10,0,35,0,0,1,0,1,8,17,11,0,36,0,0,0,36
12/10/2017,YIP,MI,AGL,CE,Towers with Radar,10,11,11,0,32,0,0,6,0,6,10,11,17,0,38,29,0,29,67
12/11/2017,YIP,MI,AGL,CE,Towers with Radar,16,16,23,0,55,0,0,5,0,5,16,16,28,0,60,44,0,44,104
12/12/2017,YIP,MI,AGL,CE,Towers with Radar,23,28,30,0,81,0,0,6,0,6,23,28,36,0,87,0,0,0,87
12/13/2017,YIP,MI,AGL,CE,Towers with Radar,20,34,15,0,69,0,0,0,0,0,20,34,15,0,69,0,0,0,69
12/14/2017,YIP,MI,AGL,CE,Towers with Radar,28,35,36,0,99,0,2,46,0,48,28,37,82,0,147,28,0,28,175
12/15/2017,YIP,MI,AGL,CE,Towers with Radar,22,39,20,0,81,0,0,11,0,11,22,39,31,0,92,18,0,18,110
12/16/2017,YIP,MI,AGL,CE,Towers with Radar,11,24,15,0,50,0,0,18,0,18,11,24,33,0,68,33,0,33,101
12/17/2017,YIP,MI,AGL,CE,Towers with Radar,10,15,18,0,43,0,0,2,0,2,10,15,20,0,45,6,0,6,51
12/18/2017,YIP,MI,AGL,CE,Towers with Radar,20,33,24,0,77,0,0,0,0,0,20,33,24,0,77,0,0,0,77
12/19/2017,YIP,MI,AGL,CE,Towers with Radar,24,38,41,0,103,0,1,70,0,71,24,39,111,0,174,151,0,151,325
12/20/2017,YIP,MI,AGL,CE,Towers with Radar,24,48,43,2,117,0,0,59,1,60,24,48,102,3,177,154,0,154,331
12/21/2017,YIP,MI,AGL,CE,Towers with Radar,27,32,54,1,114,0,1,57,1,59,27,33,111,2,173,92,4,96,269
12/22/2017,YIP,MI,AGL,CE,Towers with Radar,31,31,14,0,76,0,0,0,0,0,31,31,14,0,76,0,0,0,76
12/23/2017,YIP,MI,AGL,CE,Towers with Radar,5,18,12,0,35,0,0,7,2,9,5,18,19,2,44,11,0,11,55
12/24/2017,YIP,MI,AGL,CE,Towers with Radar,0,6,6,0,12,0,0,5,0,5,0,6,11,0,17,2,0,2,19
12/25/2017,YIP,MI,AGL,CE,Towers with Radar,0,1,3,0,4,0,0,0,0,0,0,1,3,0,4,0,0,0,4
12/26/2017,YIP,MI,AGL,CE,Towers with Radar,1,12,17,0,30,0,0,3,0,3,1,12,20,0,33,30,0,30,63
12/27/2017,YIP,MI,AGL,CE,Towers with Radar,0,20,15,0,35,0,0,29,0,29,0,20,44,0,64,50,0,50,114
12/28/2017,YIP,MI,AGL,CE,Towers with Radar,1,20,13,0,34,0,2,13,3,18,1,22,26,3,52,31,0,31,83
12/29/2017,YIP,MI,AGL,CE,Towers with Radar,1,9,9,0,19,0,0,7,0,7,1,9,16,0,26,4,0,4,30
12/30/2017,YIP,MI,AGL,CE,Towers with Radar,4,9,3,0,16,0,0,3,0,3,4,9,6,0,19,0,0,0,19
12/31/2017,YIP,MI,AGL,CE,Towers with Radar,1,3,8,0,12,0,1,9,0,10,1,4,17,0,22,12,0,12,34
01/01/2018,YIP,MI,AGL,CE,Towers with Radar,3,12,9,0,24,0,0,0,0,0,3,12,9,0,24,0,0,0,24
01/02/2018,YIP,MI,AGL,CE,Towers with Radar,7,20,24,0,51,0,0,14,0,14,7,20,38,0,65,29,0,29,94
01/03/2018,YIP,MI,AGL,CE,Towers with Radar,8,19,13,0,40,0,0,4,0,4,8,19,17,0,44,16,0,16,60
01/04/2018,YIP,MI,AGL,CE,Towers with Radar,18,20,8,0,46,0,1,17,0,18,18,21,25,0,64,8,0,8,72
01/05/2018,YIP,MI,AGL,CE,Towers with Radar,14,32,19,0,65,0,2,26,0,28,14,34,45,0,93,64,0,64,157
01/06/2018,YIP,MI,AGL,CE,Towers with Radar,9,10,25,0,44,0,1,27,0,28,9,11,52,0,72,71,0,71,143
01/07/2018,YIP,MI,AGL,CE,Towers with Radar,4,7,8,0,19,0,0,9,0,9,4,7,17,0,28,4,0,4,32
01/08/2018,YIP,MI,AGL,CE,Towers with Radar,7,13,16,0,36,0,0,4,0,4,7,13,20,0,40,10,0,10,50
01/09/2018,YIP,MI,AGL,CE,Towers with Radar,5,26,31,0,62,0,0,15,0,15,5,26,46,0,77,40,0,40,117
01/10/2018,YIP,MI,AGL,CE,Towers with Radar,6,26,13,0,45,0,0,0,0,0,6,26,13,0,45,0,0,0,45
01/11/2018,YIP,MI,AGL,CE,Towers with Radar,15,20,26,0,61,0,0,7,0,7,15,20,33,0,68,26,0,26,94
01/12/2018,YIP,MI,AGL,CE,Towers with Radar,8,19,12,0,39,0,0,1,0,1,8,19,13,0,40,0,0,0,40
01/13/2018,YIP,MI,AGL,CE,Towers with Radar,10,19,17,0,46,0,0,9,0,9,10,19,26,0,55,30,0,30,85
01/14/2018,YIP,MI,AGL,CE,Towers with Radar,3,12,18,0,33,0,0,31,0,31,3,12,49,0,64,96,0,96,160
01/15/2018,YIP,MI,AGL,CE,Towers with Radar,8,17,19,0,44,0,0,0,0,0,8,17,19,0,44,2,0,2,46
01/16/2018,YIP,MI,AGL,CE,Towers with Radar,7,19,25,0,51,0,0,1,0,1,7,19,26,0,52,0,0,0,52
01/17/2018,YIP,MI,AGL,CE,Towers with Radar,25,17,19,0,61,0,1,62,0,63,25,18,81,0,124,188,0,188,312
01/18/2018,YIP,MI,AGL,CE,Towers with Radar,18,18,32,0,68,0,1,66,0,67,18,19,98,0,135,198,0,198,333
01/19/2018,YIP,MI,AGL,CE,Towers with Radar,21,28,29,0,78,0,1,58,1,60,21,29,87,1,138,161,0,161,299
01/20/2018,YIP,MI,AGL,CE,Towers with Radar,14,12,31,0,57,0,1,51,0,52,14,13,82,0,109,136,0,136,245
01/21/2018,YIP,MI,AGL,CE,Towers with Radar,4,6,7,0,17,0,0,0,0,0,4,6,7,0,17,0,0,0,17
01/22/2018,YIP,MI,AGL,CE,Towers with Radar,7,15,16,0,38,0,0,15,0,15,7,15,31,0,53,9,0,9,62
01/23/2018,YIP,MI,AGL,CE,Towers with Radar,12,7,20,0,39,0,0,0,0,0,12,7,20,0,39,0,0,0,39
01/24/2018,YIP,MI,AGL,CE,Towers with Radar,10,17,23,0,50,0,2,50,1,53,10,19,73,1,103,184,0,184,287
01/25/2018,YIP,MI,AGL,CE,Towers with Radar,8,26,37,1,72,0,2,53,1,56,8,28,90,2,128,177,0,177,305
01/26/2018,YIP,MI,AGL,CE,Towers with Radar,8,16,34,0,58,0,0,72,0,72,8,16,106,0,130,180,0,180,310
01/27/2018,YIP,MI,AGL,CE,Towers with Radar,9,6,13,0,28,0,0,6,0,6,9,6,19,0,34,24,0,24,58
01/28/2018,YIP,MI,AGL,CE,Towers with Radar,4,15,13,0,32,0,0,73,0,73,4,15,86,0,105,104,0,104,209
01/29/2018,YIP,MI,AGL,CE,Towers with Radar,8,21,16,0,45,0,0,0,0,0,8,21,16,0,45,0,0,0,45
01/30/2018,YIP,MI,AGL,CE,Towers with Radar,11,13,26,0,50,0,2,71,0,73,11,15,97,0,123,199,0,199,322
01/31/2018,YIP,MI,AGL,CE,Towers with Radar,17,17,20,0,54,0,0,8,1,9,17,17,28,1,63,4,0,4,67
02/01/2018,YIP,MI,AGL,CE,Towers with Radar,13,26,18,0,57,0,1,31,0,32,13,27,49,0,89,63,0,63,152
02/02/2018,YIP,MI,AGL,CE,Towers with Radar,8,23,23,0,54,0,1,44,0,45,8,24,67,0,99,79,0,79,178
02/03/2018,YIP,MI,AGL,CE,Towers with Radar,5,24,9,0,38,0,0,17,0,17,5,24,26,0,55,67,0,67,122
02/04/2018,YIP,MI,AGL,CE,Towers with Radar,0,3,3,0,6,0,0,1,0,1,0,3,4,0,7,0,0,0,7
02/05/2018,YIP,MI,AGL,CE,Towers with Radar,3,13,14,0,30,0,0,22,0,22,3,13,36,0,52,38,0,38,90
02/06/2018,YIP,MI,AGL,CE,Towers with Radar,10,36,33,0,79,0,1,70,0,71,10,37,103,0,150,164,0,164,314
02/07/2018,YIP,MI,AGL,CE,Towers with Radar,14,16,22,0,52,0,0,16,0,16,14,16,38,0,68,24,0,24,92
02/08/2018,YIP,MI,AGL,CE,Towers with Radar,13,22,24,1,60,0,0,33,2,35,13,22,57,3,95,198,0,198,293
02/09/2018,YIP,MI,AGL,CE,Towers with Radar,3,7,2,0,12,0,0,1,0,1,3,7,3,0,13,0,0,0,13
02/10/2018,YIP,MI,AGL,CE,Towers with Radar,10,13,7,0,30,0,0,2,0,2,10,13,9,0,32,0,0,0,32
02/11/2018,YIP,MI,AGL,CE,Towers with Radar,4,10,15,0,29,0,0,0,0,0,4,10,15,0,29,0,0,0,29
02/12/2018,YIP,MI,AGL,CE,Towers with Radar,27,31,32,0,90,0,0,51,0,51,27,31,83,0,141,104,0,104,245
02/13/2018,YIP,MI,AGL,CE,Towers with Radar,26,31,31,2,90,0,0,56,1,57,26,31,87,3,147,172,0,172,319
02/14/2018,YIP,MI,AGL,CE,Towers with Radar,10,32,23,0,65,0,1,24,0,25,10,33,47,0,90,74,0,74,164
02/15/2018,YIP,MI,AGL,CE,Towers with Radar,2,14,10,0,26,0,0,0,0,0,2,14,10,0,26,0,0,0,26
02/16/2018,YIP,MI,AGL,CE,Towers with Radar,13,12,31,0,56,0,0,33,3,36,13,12,64,3,92,130,0,130,222
02/17/2018,YIP,MI,AGL,CE,Towers with Radar,10,8,17,0,35,0,1,29,0,30,10,9,46,0,65,198,0,198,263
02/18/2018,YIP,MI,AGL,CE,Towers with Radar,7,9,21,0,37,0,0,65,0,65,7,9,86,0,102,164,0,164,266
02/19/2018,YIP,MI,AGL,CE,Towers with Radar,13,14,29,0,56,0,0,0,0,0,13,14,29,0,56,0,0,0,56
02/20/2018,YIP,MI,AGL,CE,Towers with Radar,11,21,29,0,61,0,0,0,0,0,11,21,29,0,61,0,0,0,61
02/21/2018,YIP,MI,AGL,CE,Towers with Radar,17,20,13,0,50,0,0,7,0,7,17,20,20,0,57,22,0,22,79
02/22/2018,YIP,MI,AGL,CE,Towers with Radar,13,35,33,0,81,0,1,46,0,47,13,36,79,0,128,180,0,180,308
02/23/2018,YIP,MI,AGL,CE,Towers with Radar,14,26,25,0,65,0,0,1,0,1,14,26,26,0,66,2,0,2,68
02/24/2018,YIP,MI,AGL,CE,Towers with Radar,13,12,13,0,38,0,0,17,0,17,13,12,30,0,55,45,0,45,100
02/25/2018,YIP,MI,AGL,CE,Towers with Radar,1,5,20,0,26,0,0,11,0,11,1,5,31,0,37,16,0,16,53
02/26/2018,YIP,MI,AGL,CE,Towers with Radar,10,14,47,0,71,0,0,70,0,70,10,14,117,0,141,108,0,108,249
02/27/2018,YIP,MI,AGL,CE,Towers with Radar,26,23,35,0,84,0,1,97,5,103,26,24,132,5,187,126,0,126,313
02/28/2018,YIP,MI,AGL,CE,Towers with Radar,27,34,35,0,96,0,1,49,0,50,27,35,84,0,146,156,0,156,302
03/01/2018,YIP,MI,AGL,CE,Towers with Radar,18,12,12,0,42,0,0,0,0,0,18,12,12,0,42,0,0,0,42
03/02/2018,YIP,MI,AGL,CE,Towers with Radar,23,27,28,0,78,0,0,28,0,28,23,27,56,0,106,82,0,82,188
03/03/2018,YIP,MI,AGL,CE,Towers with Radar,20,17,16,0,53,0,3,55,0,58,20,20,71,0,111,78,0,78,189
03/04/2018,YIP,MI,AGL,CE,Towers with Radar,11,15,17,0,43,0,1,47,0,48,11,16,64,0,91,116,0,116,207
03/05/2018,YIP,MI,AGL,CE,Towers with Radar,18,22,26,0,66,0,0,67,0,67,18,22,93,0,133,185,0,185,318
03/06/2018,YIP,MI,AGL,CE,Towers with Radar,15,32,19,0,66,0,0,9,0,9,15,32,28,0,75,34,0,34,109
03/07/2018,YIP,MI,AGL,CE,Towers with Radar,15,36,26,0,77,0,0,1,1,2,15,36,27,1,79,0,0,0,79
03/08/2018,YIP,MI,AGL,CE,Towers with Radar,34,38,17,0,89,0,0,0,0,0,34,38,17,0,89,10,0,10,99
03/09/2018,YIP,MI,AGL,CE,Towers with Radar,24,32,23,0,79,0,0,37,0,37,24,32,60,0,116,159,0,159,275
03/10/2018,YIP,MI,AGL,CE,Towers with Radar,17,13,14,0,44,0,0,53,0,53,17,13,67,0,97,121,0,121,218
03/11/2018,YIP,MI,AGL,CE,Towers with Radar,5,5,35,0,45,0,0,52,0,52,5,5,87,0,97,121,0,121,218
03/12/2018,YIP,MI,AGL,CE,Towers with Radar,12,21,19,0,52,0,0,7,0,7,12,21,26,0,59,10,0,10,69
03/13/2018,YIP,MI,AGL,CE,Towers with Radar,18,27,28,2,75,0,0,13,0,13,18,27,41,2,88,36,0,36,124
03/14/2018,YIP,MI,AGL,CE,Towers with Radar,19,28,44,0,91,0,0,43,0,43,19,28,87,0,134,134,0,134,268
03/15/2018,YIP,MI,AGL,CE,Towers with Radar,17,30,37,0,84,0,0,33,0,33,17,30,70,0,117,74,0,74,191
03/16/2018,YIP,MI,AGL,CE,Towers with Radar,20,25,40,0,85,0,0,51,1,52,20,25,91,1,137,197,0,197,334
03/17/2018,YIP,MI,AGL,CE,Towers with Radar,5,10,12,0,27,0,4,64,0,68,5,14,76,0,95,55,0,55,150
03/18/2018,YIP,MI,AGL,CE,Towers with Radar,10,24,12,0,46,0,0,51,0,51,10,24,63,0,97,73,0,73,170
03/19/2018,YIP,MI,AGL,CE,Towers with Radar,18,21,44,2,85,0,0,75,0,75,18,21,119,2,160,130,0,130,290
03/20/2018,YIP,MI,AGL,CE,Towers with Radar,15,34,15,0,64,0,0,22,0,22,15,34,37,0,86,38,0,38,124
03/21/2018,YIP,MI,AGL,CE,Towers with Radar,19,29,33,0,81,0,0,45,0,45,19,29,78,0,126,166,0,166,292
03/22/2018,YIP,MI,AGL,CE,Towers with Radar,22,37,29,0,88,0,4,72,0,76,22,41,101,0,164,209,0,209,373
03/23/2018,YIP,MI,AGL,CE,Towers with Radar,15,26,24,1,66,0,1,52,0,53,15,27,76,1,119,94,0,94,213
03/24/2018,YIP,MI,AGL,CE,Towers with Radar,4,11,16,0,31,0,1,53,0,54,4,12,69,0,85,144,0,144,229
03/25/2018,YIP,MI,AGL,CE,Towers with Radar,9,21,35,1,66,0,0,28,0,28,9,21,63,1,94,50,0,50,144
03/26/2018,YIP,MI,AGL,CE,Towers with Radar,10,20,23,0,53,0,1,21,0,22,10,21,44,0,75,36,0,36,111
03/27/2018,YIP,MI,AGL,CE,Towers with Radar,19,34,19,0,72,0,0,2,0,2,19,34,21,0,74,0,0,0,74
03/28/2018,YIP,MI,AGL,CE,Towers with Radar,22,32,31,0,85,0,0,9,0,9,22,32,40,0,94,14,0,14,108
03/29/2018,YIP,MI,AGL,CE,Towers with Radar,24,31,31,0,86,0,0,0,0,0,24,31,31,0,86,0,0,0,86
03/30/2018,YIP,MI,AGL,CE,Towers with Radar,5,26,51,0,82,0,1,58,0,59,5,27,109,0,141,102,0,102,243
03/31/2018,YIP,MI,AGL,CE,Towers with Radar,5,21,14,0,40,0,1,6,0,7,5,22,20,0,47,0,0,0,47
04/01/2018,YIP,MI,AGL,CE,Towers with Radar,0,18,27,0,45,0,1,14,0,15,0,19,41,0,60,0,0,0,60
04/02/2018,YIP,MI,AGL,CE,Towers with Radar,5,26,33,0,64,0,0,75,0,75,5,26,108,0,139,102,0,102,241
04/03/2018,YIP,MI,AGL,CE,Towers with Radar,12,14,17,0,43,0,0,1,0,1,12,14,18,0,44,0,0,0,44
04/04/2018,YIP,MI,AGL,CE,Towers with Radar,10,35,12,0,57,0,0,5,1,6,10,35,17,1,63,0,0,0,63
04/05/2018,YIP,MI,AGL,CE,Towers with Radar,14,23,48,0,85,0,1,63,0,64,14,24,111,0,149,198,0,198,347
04/06/2018,YIP,MI,AGL,CE,Towers with Radar,9,21,15,0,45,0,0,2,0,2,9,21,17,0,47,0,0,0,47
04/07/2018,YIP,MI,AGL,CE,Towers with Radar,6,10,24,0,40,0,0,45,0,45,6,10,69,0,85,125,0,125,210
04/08/2018,YIP,MI,AGL,CE,Towers with Radar,6,16,22,0,44,0,0,52,0,52,6,16,74,0,96,177,0,177,273
04/09/2018,YIP,MI,AGL,CE,Towers with Radar,1,20,21,0,42,0,0,11,0,11,1,20,32,0,53,46,0,46,99
04/10/2018,YIP,MI,AGL,CE,Towers with Radar,7,18,40,0,65,0,0,49,1,50,7,18,89,1,115,158,0,158,273
04/11/2018,YIP,MI,AGL,CE,Towers with Radar,18,29,25,0,72,0,2,31,1,34,18,31,56,1,106,118,0,118,224
04/12/2018,YIP,MI,AGL,CE,Towers with Radar,7,26,15,0,48,0,0,18,1,19,7,26,33,1,67,54,0,54,121
04/13/2018,YIP,MI,AGL,CE,Towers with Radar,9,24,34,0,67,0,0,49,0,49,9,24,83,0,116,134,0,134,250
04/14/2018,YIP,MI,AGL,CE,Towers with Radar,1,30,0,0,31,0,1,0,0,1,1,31,0,0,32,0,0,0,32
04/15/2018,YIP,MI,AGL,CE,Towers with Radar,6,10,8,0,24,0,0,0,0,0,6,10,8,0,24,0,0,0,24
04/16/2018,YIP,MI,AGL,CE,Towers with Radar,3,15,18,0,36,0,0,2,0,2,3,15,20,0,38,32,0,32,70
04/17/2018,YIP,MI,AGL,CE,Towers with Radar,11,32,31,0,74,0,1,17,0,18,11,33,48,0,92,26,0,26,118
04/18/2018,YIP,MI,AGL,CE,Towers with Radar,14,25,30,0,69,0,1,36,2,39,14,26,66,2,108,210,0,210,318
04/19/2018,YIP,MI,AGL,CE,Towers with Radar,13,26,34,0,73,0,1,21,1,23,13,27,55,1,96,20,0,20,116
04/20/2018,YIP,MI,AGL,CE,Towers with Radar,8,21,27,0,56,0,0,59,0,59,8,21,86,0,115,167,0,167,282
04/21/2018,YIP,MI,AGL,CE,Towers with Radar,6,13,17,0,36,0,1,45,0,46,6,14,62,0,82,101,0,101,183
04/22/2018,YIP,MI,AGL,CE,Towers with Radar,3,12,30,0,45,0,0,45,0,45,3,12,75,0,90,121,0,121,211
04/23/2018,YIP,MI,AGL,CE,Towers with Radar,8,23,40,2,73,0,0,59,0,59,8,23,99,2,132,107,0,107,239
04/24/2018,YIP,MI,AGL,CE,Towers with Radar,11,33,43,0,87,0,0,2,0,2,11,33,45,0,89,24,0,24,113
04/25/2018,YIP,MI,AGL,CE,Towers with Radar,16,36,42,0,94,0,0,18,1,19,16,36,60,1,113,23,0,23,136
04/26/2018,YIP,MI,AGL,CE,Towers with Radar,10,37,28,0,75,0,0,58,0,58,10,37,86,0,133,149,0,149,282
04/27/2018,YIP,MI,AGL,CE,Towers with Radar,5,42,29,0,76,0,1,35,0,36,5,43,64,0,112,157,0,157,269
04/28/2018,YIP,MI,AGL,CE,Towers with Radar,8,17,23,0,48,0,2,28,0,30,8,19,51,0,78,112,0,112,190
04/29/2018,YIP,MI,AGL,CE,Towers with Radar,4,31,28,0,63,0,0,49,1,50,4,31,77,1,113,53,0,53,166
04/30/2018,YIP,MI,AGL,CE,Towers with Radar,7,14,41,0,62,0,2,52,0,54,7,16,93,0,116,143,0,143,259
05/01/2018,YIP,MI,AGL,CE,Towers with Radar,17,20,41,0,78,0,0,49,0,49,17,20,90,0,127,62,0,62,189
05/02/2018,YIP,MI,AGL,CE,Towers with Radar,13,26,23,0,62,0,0,28,2,30,13,26,51,2,92,40,0,40,132
05/03/2018,YIP,MI,AGL,CE,Towers with Radar,16,30,33,0,79,0,0,4,0,4,16,30,37,0,83,8,0,8,91
05/04/2018,YIP,MI,AGL,CE,Towers with Radar,10,20,15,0,45,0,2,7,0,9,10,22,22,0,54,25,0,25,79
05/05/2018,YIP,MI,AGL,CE,Towers with Radar,7,17,20,0,44,0,1,55,0,56,7,18,75,0,100,118,0,118,218
05/06/2018,YIP,MI,AGL,CE,Towers with Radar,7,15,24,1,47,0,0,16,0,16,7,15,40,1,63,42,0,42,105
05/07/2018,YIP,MI,AGL,CE,Towers with Radar,5,22,30,4,61,0,1,72,0,73,5,23,102,4,134,136,0,136,270
05/08/2018,YIP,MI,AGL,CE,Towers with Radar,5,8,36,1,50,0,0,106,0,106,5,8,142,1,156,157,0,157,313
05/09/2018,YIP,MI,AGL,CE,Towers with Radar,5,14,12,2,33,0,0,43,2,45,5,14,55,4,78,90,0,90,168
05/10/2018,YIP,MI,AGL,CE,Towers with Radar,14,27,35,2,78,0,1,28,1,30,14,28,63,3,108,24,0,24,132
05/11/2018,YIP,MI,AGL,CE,Towers with Radar,10,19,23,0,52,0,1,16,0,17,10,20,39,0,69,55,0,55,124
05/12/2018,YIP,MI,AGL,CE,Towers with Radar,7,12,15,0,34,0,0,2,0,2,7,12,17,0,36,0,0,0,36
05/13/2018,YIP,MI,AGL,CE,Towers with Radar,1,4,21,0,26,0,0,4,0,4,1,4,25,0,30,0,0,0,30
05/14/2018,YIP,MI,AGL,CE,Towers with Radar,9,14,17,0,40,0,0,2,0,2,9,14,19,0,42,14,0,14,56
05/15/2018,YIP,MI,AGL,CE,Towers with Radar,5,15,29,0,49,0,1,17,0,18,5,16,46,0,67,66,0,66,133
05/16/2018,YIP,MI,AGL,CE,Towers with Radar,11,24,45,0,80,0,1,78,2,81,11,25,123,2,161,74,0,74,235
05/17/2018,YIP,MI,AGL,CE,Towers with Radar,12,20,47,0,79,0,1,57,2,60,12,21,104,2,139,123,0,123,262
05/18/2018,YIP,MI,AGL,CE,Towers with Radar,14,14,21,0,49,0,2,57,0,59,14,16,78,0,108,38,0,38,146
05/19/2018,YIP,MI,AGL,CE,Towers with Radar,7,13,13,0,33,0,1,5,1,7,7,14,18,1,40,0,0,0,40
05/20/2018,YIP,MI,AGL,CE,Towers with Radar,3,9,36,0,48,0,0,24,0,24,3,9,60,0,72,6,0,6,78
05/21/2018,YIP,MI,AGL,CE,Towers with Radar,2,24,15,0,41,0,4,21,0,25,2,28,36,0,66,107,0,107,173
05/22/2018,YIP,MI,AGL,CE,Towers with Radar,8,12,23,2,45,0,1,8,0,9,8,13,31,2,54,34,0,34,88
05/23/2018,YIP,MI,AGL,CE,Towers with Radar,13,17,33,0,63,0,0,71,0,71,13,17,104,0,134,243,0,243,377
05/24/2018,YIP,MI,AGL,CE,Towers with Radar,9,6,54,0,69,0,2,67,4,73,9,8,121,4,142,86,2,88,230
05/25/2018,YIP,MI,AGL,CE,Towers with Radar,8,16,20,1,45,0,1,55,0,56,8,17,75,1,101,76,6,82,183
05/26/2018,YIP,MI,AGL,CE,Towers with Radar,4,8,12,0,24,0,1,25,0,26,4,9,37,0,50,20,0,20,70
05/27/2018,YIP,MI,AGL,CE,Towers with Radar,2,7,12,0,21,0,0,22,0,22,2,7,34,0,43,43,0,43,86
05/28/2018,YIP,MI,AGL,CE,Towers with Radar,2,11,16,0,29,0,1,21,0,22,2,12,37,0,51,50,0,50,101
05/29/2018,YIP,MI,AGL,CE,Towers with Radar,4,11,26,0,41,0,0,69,0,69,4,11,95,0,110,56,0,56,166
05/30/2018,YIP,MI,AGL,CE,Towers with Radar,2,17,34,0,53,0,0,21,0,21,2,17,55,0,74,39,0,39,113
05/31/2018,YIP,MI,AGL,CE,Towers with Radar,6,11,18,1,36,0,0,33,3,36,6,11,51,4,72,110,0,110,182
06/01/2018,YIP,MI,AGL,CE,Towers with Radar,5,14,24,0,43,0,1,32,0,33,5,15,56,0,76,89,0,89,165
06/02/2018,YIP,MI,AGL,CE,Towers with Radar,3,13,23,0,39,0,2,29,0,31,3,15,52,0,70,160,0,160,230
06/03/2018,YIP,MI,AGL,CE,Towers with Radar,1,9,24,0,34,0,1,16,0,17,1,10,40,0,51,69,0,69,120
06/04/2018,YIP,MI,AGL,CE,Towers with Radar,6,16,18,0,40,0,2,19,0,21,6,18,37,0,61,21,0,21,82
06/05/2018,YIP,MI,AGL,CE,Towers with Radar,15,18,30,0,63,0,1,49,0,50,15,19,79,0,113,199,0,199,312
06/06/2018,YIP,MI,AGL,CE,Towers with Radar,23,23,43,0,89,0,1,59,0,60,23,24,102,0,149,143,2,145,294
06/07/2018,YIP,MI,AGL,CE,Towers with Radar,13,34,70,0,117,0,2,60,1,63,13,36,130,1,180,61,0,61,241
06/08/2018,YIP,MI,AGL,CE,Towers with Radar,9,28,59,1,97,0,1,53,0,54,9,29,112,1,151,103,0,103,254
06/09/2018,YIP,MI,AGL,CE,Towers with Radar,5,16,31,0,52,0,1,8,0,9,5,17,39,0,61,19,0,19,80
06/10/2018,YIP,MI,AGL,CE,Towers with Radar,5,18,62,1,86,0,0,6,0,6,5,18,68,1,92,4,0,4,96
06/11/2018,YIP,MI,AGL,CE,Towers with Radar,9,18,27,0,54,0,0,48,0,48,9,18,75,0,102,97,0,97,199
06/12/2018,YIP,MI,AGL,CE,Towers with Radar,9,17,45,0,71,0,2,36,2,40,9,19,81,2,111,73,0,73,184
06/13/2018,YIP,MI,AGL,CE,Towers with Radar,8,18,31,0,57,0,0,38,1,39,8,18,69,1,96,27,0,27,123
06/14/2018,YIP,MI,AGL,CE,Towers with Radar,13,23,54,0,90,0,0,66,0,66,13,23,120,0,156,48,0,48,204
06/15/2018,YIP,MI,AGL,CE,Towers with Radar,6,26,44,0,76,0,2,67,0,69,6,28,111,0,145,141,0,141,286
06/16/2018,YIP,MI,AGL,CE,Towers with Radar,6,8,20,0,34,0,0,41,4,45,6,8,61,4,79,49,0,49,128
06/17/2018,YIP,MI,AGL,CE,Towers with Radar,4,9,24,0,37,0,0,62,1,63,4,9,86,1,100,32,0,32,132
06/18/2018,YIP,MI,AGL,CE,Towers with Radar,9,27,24,0,60,0,0,16,0,16,9,27,40,0,76,22,0,22,98
06/19/2018,YIP,MI,AGL,CE,Towers with Radar,14,16,39,0,69,0,0,42,4,46,14,16,81,4,115,126,0,126,241
06/20/2018,YIP,MI,AGL,CE,Towers with Radar,8,18,25,0,51,0,0,25,1,26,8,18,50,1,77,76,0,76,153
06/21/2018,YIP,MI,AGL,CE,Towers with Radar,5,21,28,0,54,0,0,49,1,50,5,21,77,1,104,106,0,106,210
06/22/2018,YIP,MI,AGL,CE,Towers with Radar,8,27,45,4,84,0,4,24,0,28,8,31,69,4,112,30,0,30,142
06/23/2018,YIP,MI,AGL,CE,Towers with Radar,3,12,12,0,27,0,0,5,0,5,3,12,17,0,32,0,0,0,32
06/24/2018,YIP,MI,AGL,CE,Towers with Radar,2,7,28,0,37,0,0,63,1,64,2,7,91,1,101,42,0,42,143
06/25/2018,YIP,MI,AGL,CE,Towers with Radar,9,22,33,1,65,0,2,62,2,66,9,24,95,3,131,88,0,88,219
06/26/2018,YIP,MI,AGL,CE,Towers with Radar,14,20,48,1,83,0,0,45,0,45,14,20,93,1,128,78,0,78,206
06/27/2018,YIP,MI,AGL,CE,Towers with Radar,16,19,30,0,65,0,1,3,2,6,16,20,33,2,71,0,0,0,71
06/28/2018,YIP,MI,AGL,CE,Towers with Radar,9,34,67,0,110,0,1,70,0,71,9,35,137,0,181,127,0,127,308
06/29/2018,YIP,MI,AGL,CE,Towers with Radar,9,24,41,0,74,0,1,49,1,51,9,25,90,1,125,79,0,79,204
06/30/2018,YIP,MI,AGL,CE,Towers with Radar,3,20,35,0,58,0,1,37,2,40,3,21,72,2,98,56,0,56,154
07/01/2018,YIP,MI,AGL,CE,Towers with Radar,1,2,13,0,16,0,0,18,1,19,1,2,31,1,35,32,0,32,67
07/02/2018,YIP,MI,AGL,CE,Towers with Radar,2,14,8,0,24,0,1,38,2,41,2,15,46,2,65,34,0,34,99
07/03/2018,YIP,MI,AGL,CE,Towers with Radar,4,16,16,0,36,0,0,61,0,61,4,16,77,0,97,52,0,52,149
07/04/2018,YIP,MI,AGL,CE,Towers with Radar,3,10,11,0,24,0,0,38,0,38,3,10,49,0,62,10,0,10,72
07/05/2018,YIP,MI,AGL,CE,Towers with Radar,2,7,27,0,36,0,0,33,0,33,2,7,60,0,69,64,0,64,133
07/06/2018,YIP,MI,AGL,CE,Towers with Radar,3,10,30,0,43,0,3,75,2,80,3,13,105,2,123,66,0,66,189
07/07/2018,YIP,MI,AGL,CE,Towers with Radar,2,2,21,0,25,0,1,47,1,49,2,3,68,1,74,89,0,89,163
07/08/2018,YIP,MI,AGL,CE,Towers with Radar,2,8,29,0,39,0,0,59,0,59,2,8,88,0,98,61,0,61,159
07/09/2018,YIP,MI,AGL,CE,Towers with Radar,1,9,35,0,45,0,0,54,1,55,1,9,89,1,100,52,0,52,152
07/10/2018,YIP,MI,AGL,CE,Towers with Radar,8,21,26,0,55,0,0,60,0,60,8,21,86,0,115,104,0,104,219
07/11/2018,YIP,MI,AGL,CE,Towers with Radar,6,15,39,0,60,0,0,63,1,64,6,15,102,1,124,97,0,97,221
07/12/2018,YIP,MI,AGL,CE,Towers with Radar,6,16,40,0,62,0,0,64,1,65,6,16,104,1,127,80,0,80,207
07/13/2018,YIP,MI,AGL,CE,Towers with Radar,2,21,28,3,54,0,2,64,1,67,2,23,92,4,121,64,5,69,190
07/14/2018,YIP,MI,AGL,CE,Towers with Radar,2,11,16,0,29,0,1,49,2,52,2,12,65,2,81,88,0,88,169
07/15/2018,YIP,MI,AGL,CE,Towers with Radar,1,12,26,0,39,0,0,33,3,36,1,12,59,3,75,22,0,22,97
07/16/2018,YIP,MI,AGL,CE,Towers with Radar,11,16,26,0,53,0,0,32,1,33,11,16,58,1,86,28,0,28,114
07/17/2018,YIP,MI,AGL,CE,Towers with Radar,13,32,27,0,72,0,3,43,1,47,13,35,70,1,119,76,0,76,195
07/18/2018,YIP,MI,AGL,CE,Towers with Radar,9,18,28,0,55,0,0,77,2,79,9,18,105,2,134,143,2,145,279
07/19/2018,YIP,MI,AGL,CE,Towers with Radar,7,21,20,0,48,0,0,62,1,63,7,21,82,1,111,45,0,45,156
07/20/2018,YIP,MI,AGL,CE,Towers with Radar,5,26,19,0,50,0,1,14,0,15,5,27,33,0,65,13,0,13,78
07/21/2018,YIP,MI,AGL,CE,Towers with Radar,2,15,52,0,69,0,1,1,0,2,2,16,53,0,71,0,0,0,71
07/22/2018,YIP,MI,AGL,CE,Towers with Radar,2,18,32,0,52,0,0,17,1,18,2,18,49,1,70,28,0,28,98
07/23/2018,YIP,MI,AGL,CE,Towers with Radar,5,25,58,0,88,0,0,47,0,47,5,25,105,0,135,94,0,94,229
07/24/2018,YIP,MI,AGL,CE,Towers with Radar,7,27,32,1,67,0,0,52,1,53,7,27,84,2,120,92,0,92,212
07/25/2018,YIP,MI,AGL,CE,Towers with Radar,8,29,23,0,60,0,0,59,0,59,8,29,82,0,119,62,0,62,181
07/26/2018,YIP,MI,AGL,CE,Towers with Radar,5,43,41,3,92,0,1,32,0,33,5,44,73,3,125,39,22,61,186
07/27/2018,YIP,MI,AGL,CE,Towers with Radar,6,35,39,0,80,0,1,41,0,42,6,36,80,0,122,53,0,53,175
07/28/2018,YIP,MI,AGL,CE,Towers with Radar,3,13,43,0,59,0,2,46,0,48,3,15,89,0,107,49,0,49,156
07/29/2018,YIP,MI,AGL,CE,Towers with Radar,4,16,27,0,47,0,0,52,1,53,4,16,79,1,100,137,0,137,237
07/30/2018,YIP,MI,AGL,CE,Towers with Radar,6,22,30,0,58,0,3,53,0,56,6,25,83,0,114,107,0,107,221
07/31/2018,YIP,MI,AGL,CE,Towers with Radar,10,14,42,0,66,0,1,31,1,33,10,15,73,1,99,73,0,73,172
08/01/2018,YIP,MI,AGL,CE,Towers with Radar,12,21,26,0,59,0,0,18,0,18,12,21,44,0,77,108,0,108,185
08/02/2018,YIP,MI,AGL,CE,Towers with Radar,8,32,50,0,90,0,0,50,4,54,8,32,100,4,144,71,0,71,215
08/03/2018,YIP,MI,AGL,CE,Towers with Radar,13,16,34,0,63,0,1,56,1,58,13,17,90,1,121,105,0,105,226
08/04/2018,YIP,MI,AGL,CE,Towers with Radar,8,11,30,2,51,0,3,38,0,41,8,14,68,2,92,82,0,82,174
08/05/2018,YIP,MI,AGL,CE,Towers with Radar,5,15,21,0,41,0,0,50,0,50,5,15,71,0,91,20,0,20,111
08/06/2018,YIP,MI,AGL,CE,Towers with Radar,5,9,31,0,45,0,0,32,0,32,5,9,63,0,77,20,0,20,97
08/07/2018,YIP,MI,AGL,CE,Towers with Radar,11,17,36,0,64,0,0,24,1,25,11,17,60,1,89,10,0,10,99
08/08/2018,YIP,MI,AGL,CE,Towers with Radar,9,16,33,0,58,0,0,37,0,37,9,16,70,0,95,85,0,85,180
08/09/2018,YIP,MI,AGL,CE,Towers with Radar,4,27,58,0,89,0,2,43,1,46,4,29,101,1,135,66,0,66,201
08/10/2018,YIP,MI,AGL,CE,Towers with Radar,7,38,62,0,107,0,0,37,0,37,7,38,99,0,144,90,0,90,234
08/11/2018,YIP,MI,AGL,CE,Towers with Radar,5,14,26,0,45,0,1,64,0,65,5,15,90,0,110,48,0,48,158
08/12/2018,YIP,MI,AGL,CE,Towers with Radar,2,8,46,0,56,0,0,49,0,49,2,8,95,0,105,43,0,43,148
08/13/2018,YIP,MI,AGL,CE,Towers with Radar,7,19,45,4,75,0,1,57,2,60,7,20,102,6,135,89,0,89,224
08/14/2018,YIP,MI,AGL,CE,Towers with Radar,12,14,14,5,45,0,0,72,2,74,12,14,86,7,119,90,0,90,209
08/15/2018,YIP,MI,AGL,CE,Towers with Radar,10,15,38,4,67,0,0,52,2,54,10,15,90,6,121,84,0,84,205
08/16/2018,YIP,MI,AGL,CE,Towers with Radar,12,14,40,0,66,0,0,1,1,2,12,14,41,1,68,0,0,0,68
08/17/2018,YIP,MI,AGL,CE,Towers with Radar,15,24,26,0,65,0,1,4,0,5,15,25,30,0,70,0,0,0,70
08/18/2018,YIP,MI,AGL,CE,Towers with Radar,8,12,18,0,38,0,0,42,0,42,8,12,60,0,80,18,0,18,98
08/19/2018,YIP,MI,AGL,CE,Towers with Radar,3,7,26,0,36,0,0,32,0,32,3,7,58,0,68,67,0,67,135
08/20/2018,YIP,MI,AGL,CE,Towers with Radar,8,14,29,0,51,0,3,28,4,35,8,17,57,4,86,52,0,52,138
08/21/2018,YIP,MI,AGL,CE,Towers with Radar,13,33,14,0,60,0,3,16,1,20,13,36,30,1,80,0,0,0,80
08/22/2018,YIP,MI,AGL,CE,Towers with Radar,8,32,27,1,68,0,0,33,4,37,8,32,60,5,105,22,0,22,127
08/23/2018,YIP,MI,AGL,CE,Towers with Radar,10,24,18,7,59,0,2,70,5,77,10,26,88,12,136,64,2,66,202
08/24/2018,YIP,MI,AGL,CE,Towers with Radar,8,10,20,17,55,0,2,47,41,90,8,12,67,58,145,43,94,137,282
08/25/2018,YIP,MI,AGL,CE,Towers with Radar,4,8,8,3,23,2,6,13,27,48,6,14,21,30,71,0,0,0,71
08/26/2018,YIP,MI,AGL,CE,Towers with Radar,3,16,31,10,60,0,0,53,43,96,3,16,84,53,156,36,2,38,194
08/27/2018,YIP,MI,AGL,CE,Towers with Radar,17,39,45,14,115,0,1,29,2,32,17,40,74,16,147,56,4,60,207
08/28/2018,YIP,MI,AGL,CE,Towers with Radar,11,40,27,0,78,0,1,16,0,17,11,41,43,0,95,28,0,28,123
08/29/2018,YIP,MI,AGL,CE,Towers with Radar,10,40,49,0,99,0,1,24,1,26,10,41,73,1,125,13,0,13,138
08/30/2018,YIP,MI,AGL,CE,Towers with Radar,18,39,75,1,133,0,0,58,3,61,18,39,133,4,194,69,0,69,263
08/31/2018,YIP,MI,AGL,CE,Towers with Radar,23,13,47,0,83,0,1,64,0,65,23,14,111,0,148,67,0,67,215
09/01/2018,YIP,MI,AGL,CE,Towers with Radar,4,16,23,1,44,0,1,20,0,21,4,17,43,1,65,52,0,52,117
09/02/2018,YIP,MI,AGL,CE,Towers with Radar,4,8,22,0,34,0,0,26,3,29,4,8,48,3,63,18,0,18,81
09/03/2018,YIP,MI,AGL,CE,Towers with Radar,5,11,7,0,23,0,0,15,0,15,5,11,22,0,38,32,0,32,70
09/04/2018,YIP,MI,AGL,CE,Towers with Radar,8,24,45,0,77,0,0,33,1,34,8,24,78,1,111,64,0,64,175
09/05/2018,YIP,MI,AGL,CE,Towers with Radar,7,25,22,0,54,0,0,41,2,43,7,25,63,2,97,51,0,51,148
09/06/2018,YIP,MI,AGL,CE,Towers with Radar,12,24,52,0,88,0,0,8,0,8,12,24,60,0,96,10,0,10,106
09/07/2018,YIP,MI,AGL,CE,Towers with Radar,9,29,24,3,65,0,1,36,0,37,9,30,60,3,102,33,0,33,135
09/08/2018,YIP,MI,AGL,CE,Towers with Radar,9,24,32,0,65,0,1,62,0,63,9,25,94,0,128,78,0,78,206
09/09/2018,YIP,MI,AGL,CE,Towers with Radar,6,13,25,1,45,0,0,17,0,17,6,13,42,1,62,15,0,15,77
09/10/2018,YIP,MI,AGL,CE,Towers with Radar,5,15,25,0,45,0,1,0,0,1,5,16,25,0,46,10,0,10,56
09/11/2018,YIP,MI,AGL,CE,Towers with Radar,13,20,49,0,82,0,1,55,2,58,13,21,104,2,140,71,0,71,211
09/12/2018,YIP,MI,AGL,CE,Towers with Radar,7,16,40,0,63,0,1,74,0,75,7,17,114,0,138,81,0,81,219
09/13/2018,YIP,MI,AGL,CE,Towers with Radar,19,31,48,0,98,0,2,8,2,12,19,33,56,2,110,42,0,42,152
09/14/2018,YIP,MI,AGL,CE,Towers with Radar,10,28,43,3,84,0,0,40,3,43,10,28,83,6,127,123,0,123,250
09/15/2018,YIP,MI,AGL,CE,Towers with Radar,5,19,36,0,60,0,0,26,0,26,5,19,62,0,86,36,0,36,122
09/16/2018,YIP,MI,AGL,CE,Towers with Radar,7,34,23,1,65,0,0,56,0,56,7,34,79,1,121,89,0,89,210
09/17/2018,YIP,MI,AGL,CE,Towers with Radar,6,23,46,0,75,0,1,50,1,52,6,24,96,1,127,110,0,110,237
09/18/2018,YIP,MI,AGL,CE,Towers with Radar,10,21,47,0,78,0,4,51,1,56,10,25,98,1,134,130,0,130,264
09/19/2018,YIP,MI,AGL,CE,Towers with Radar,14,33,52,0,99,0,0,39,0,39,14,33,91,0,138,101,0,101,239
09/20/2018,YIP,MI,AGL,CE,Towers with Radar,10,36,44,0,90,0,0,17,1,18,10,36,61,1,108,51,0,51,159
09/21/2018,YIP,MI,AGL,CE,Towers with Radar,16,36,26,3,81,0,2,13,1,16,16,38,39,4,97,21,0,21,118
09/22/2018,YIP,MI,AGL,CE,Towers with Radar,14,37,49,0,100,0,3,103,0,106,14,40,152,0,206,140,0,140,346
09/23/2018,YIP,MI,AGL,CE,Towers with Radar,4,26,30,3,63,0,1,83,2,86,4,27,113,5,149,77,0,77,226
09/24/2018,YIP,MI,AGL,CE,Towers with Radar,12,10,55,0,77,0,0,6,0,6,12,10,61,0,83,6,0,6,89
09/25/2018,YIP,MI,AGL,CE,Towers with Radar,13,26,37,0,76,0,1,0,0,1,13,27,37,0,77,0,0,0,77
09/26/2018,YIP,MI,AGL,CE,Towers with Radar,11,31,47,2,91,0,2,21,1,24,11,33,68,3,115,51,0,51,166
09/27/2018,YIP,MI,AGL,CE,Towers with Radar,10,17,30,0,57,0,0,84,4,88,10,17,114,4,145,182,0,182,327
09/28/2018,YIP,MI,AGL,CE,Towers with Radar,20,31,28,0,79,0,3,66,0,69,20,34,94,0,148,79,0,79,227
09/29/2018,YIP,MI,AGL,CE,Towers with Radar,13,11,29,0,53,0,1,72,0,73,13,12,101,0,126,102,0,102,228
09/30/2018,YIP,MI,AGL,CE,Towers with Radar,4,11,24,0,39,0,0,9,0,9,4,11,33,0,48,16,0,16,64
10/01/2018,YIP,MI,AGL,CE,Towers with Radar,5,16,21,0,42,0,0,0,0,0,5,16,21,0,42,0,0,0,42
10/02/2018,YIP,MI,AGL,CE,Towers with Radar,18,37,53,0,108,0,2,12,0,14,18,39,65,0,122,58,0,58,180
10/03/2018,YIP,MI,AGL,CE,Towers with Radar,19,18,38,0,75,0,0,40,2,42,19,18,78,2,117,108,0,108,225
10/04/2018,YIP,MI,AGL,CE,Towers with Radar,13,28,38,2,81,0,0,65,0,65,13,28,103,2,146,107,0,107,253
10/05/2018,YIP,MI,AGL,CE,Towers with Radar,9,37,59,3,108,0,1,29,0,30,9,38,88,3,138,222,0,222,360
10/06/2018,YIP,MI,AGL,CE,Towers with Radar,5,30,24,0,59,0,0,4,0,4,5,30,28,0,63,11,0,11,74
10/07/2018,YIP,MI,AGL,CE,Towers with Radar,0,15,16,0,31,0,0,0,0,0,0,15,16,0,31,0,0,0,31
10/08/2018,YIP,MI,AGL,CE,Towers with Radar,6,19,22,0,47,0,0,33,0,33,6,19,55,0,80,16,0,16,96
10/09/2018,YIP,MI,AGL,CE,Towers with Radar,15,28,31,0,74,0,2,54,1,57,15,30,85,1,131,58,0,58,189
10/10/2018,YIP,MI,AGL,CE,Towers with Radar,17,35,43,0,95,0,0,52,0,52,17,35,95,0,147,139,0,139,286
10/11/2018,YIP,MI,AGL,CE,Towers with Radar,10,20,40,0,70,0,2,30,0,32,10,22,70,0,102,39,0,39,141
10/12/2018,YIP,MI,AGL,CE,Towers with Radar,11,43,34,0,88,0,2,54,0,56,11,45,88,0,144,154,0,154,298
10/13/2018,YIP,MI,AGL,CE,Towers with Radar,4,34,47,1,86,0,1,43,0,44,4,35,90,1,130,61,0,61,191
10/14/2018,YIP,MI,AGL,CE,Towers with Radar,2,46,38,1,87,0,0,32,4,36,2,46,70,5,123,23,0,23,146
10/15/2018,YIP,MI,AGL,CE,Towers with Radar,7,31,32,0,70,0,1,11,0,12,7,32,43,0,82,12,0,12,94
10/16/2018,YIP,MI,AGL,CE,Towers with Radar,20,25,25,0,70,0,0,34,0,34,20,25,59,0,104,78,0,78,182
10/17/2018,YIP,MI,AGL,CE,Towers with Radar,9,29,23,0,61,0,1,40,0,41,9,30,63,0,102,91,0,91,193
10/18/2018,YIP,MI,AGL,CE,Towers with Radar,14,33,36,0,83,0,0,77,0,77,14,33,113,0,160,84,0,84,244
10/19/2018,YIP,MI,AGL,CE,Towers with Radar,11,33,27,0,71,0,3,43,0,46,11,36,70,0,117,94,0,94,211
10/20/2018,YIP,MI,AGL,CE,Towers with Radar,4,8,13,0,25,0,1,18,0,19,4,9,31,0,44,37,0,37,81
10/21/2018,YIP,MI,AGL,CE,Towers with Radar,2,11,20,0,33,0,0,43,0,43,2,11,63,0,76,116,0,116,192
10/22/2018,YIP,MI,AGL,CE,Towers with Radar,6,25,33,0,64,0,1,45,0,46,6,26,78,0,110,52,0,52,162
10/23/2018,YIP,MI,AGL,CE,Towers with Radar,27,36,23,0,86,0,0,38,0,38,27,36,61,0,124,20,0,20,144
10/24/2018,YIP,MI,AGL,CE,Towers with Radar,21,23,36,0,80,0,1,67,1,69,21,24,103,1,149,104,0,104,253
10/25/2018,YIP,MI,AGL,CE,Towers with Radar,20,37,33,0,90,0,0,71,5,76,20,37,104,5,166,72,0,72,238
10/26/2018,YIP,MI,AGL,CE,Towers with Radar,24,19,27,0,70,0,1,57,0,58,24,20,84,0,128,82,0,82,210
10/27/2018,YIP,MI,AGL,CE,Towers with Radar,7,13,7,0,27,0,0,0,0,0,7,13,7,0,27,2,0,2,29
10/28/2018,YIP,MI,AGL,CE,Towers with Radar,1,9,14,1,25,0,0,0,0,0,1,9,14,1,25,0,0,0,25
10/29/2018,YIP,MI,AGL,CE,Towers with Radar,9,15,21,0,45,0,0,15,0,15,9,15,36,0,60,24,0,24,84
10/30/2018,YIP,MI,AGL,CE,Towers with Radar,15,22,23,0,60,0,2,48,0,50,15,24,71,0,110,109,0,109,219
10/31/2018,YIP,MI,AGL,CE,Towers with Radar,16,22,35,0,73,0,0,8,1,9,16,22,43,1,82,55,0,55,137
11/01/2018,YIP,MI,AGL,CE,Towers with Radar,13,28,27,0,68,0,0,4,0,4,13,28,31,0,72,31,0,31,103
11/02/2018,YIP,MI,AGL,CE,Towers with Radar,15,29,35,0,79,0,1,12,0,13,15,30,47,0,92,133,0,133,225
11/03/2018,YIP,MI,AGL,CE,Towers with Radar,8,52,52,0,112,0,1,73,2,76,8,53,125,2,188,158,0,158,346
11/04/2018,YIP,MI,AGL,CE,Towers with Radar,4,28,33,0,65,0,2,31,1,34,4,30,64,1,99,44,0,44,143
11/05/2018,YIP,MI,AGL,CE,Towers with Radar,12,20,34,0,66,0,0,26,0,26,12,20,60,0,92,76,0,76,168
11/06/2018,YIP,MI,AGL,CE,Towers with Radar,16,25,24,0,65,0,1,4,0,5,16,26,28,0,70,0,0,0,70
11/07/2018,YIP,MI,AGL,CE,Towers with Radar,19,32,26,2,79,0,1,21,0,22,19,33,47,2,101,54,0,54,155
11/08/2018,YIP,MI,AGL,CE,Towers with Radar,24,54,25,0,103,0,1,82,0,83,24,55,107,0,186,238,0,238,424
11/09/2018,YIP,MI,AGL,CE,Towers with Radar,16,29,17,0,62,0,1,0,0,1,16,30,17,0,63,0,0,0,63
11/10/2018,YIP,MI,AGL,CE,Towers with Radar,8,10,6,0,24,0,0,19,0,19,8,10,25,0,43,79,0,79,122
11/11/2018,YIP,MI,AGL,CE,Towers with Radar,8,11,31,0,50,0,2,39,0,41,8,13,70,0,91,51,0,51,142
11/12/2018,YIP,MI,AGL,CE,Towers with Radar,8,18,33,0,59,0,0,35,0,35,8,18,68,0,94,94,0,94,188
11/13/2018,YIP,MI,AGL,CE,Towers with Radar,17,23,31,1,72,0,0,16,1,17,17,23,47,2,89,58,0,58,147
11/14/2018,YIP,MI,AGL,CE,Towers with Radar,17,18,37,0,72,0,1,72,1,74,17,19,109,1,146,81,0,81,227
11/15/2018,YIP,MI,AGL,CE,Towers with Radar,13,23,19,0,55,0,0,0,0,0,13,23,19,0,55,10,0,10,65
11/16/2018,YIP,MI,AGL,CE,Towers with Radar,13,32,27,0,72,0,1,0,0,1,13,33,27,0,73,0,0,0,73
11/17/2018,YIP,MI,AGL,CE,Towers with Radar,17,26,8,0,51,0,0,15,1,16,17,26,23,1,67,119,0,119,186
11/18/2018,YIP,MI,AGL,CE,Towers with Radar,6,22,13,0,41,0,1,1,0,2,6,23,14,0,43,0,0,0,43
11/19/2018,YIP,MI,AGL,CE,Towers with Radar,8,17,31,0,56,0,0,18,0,18,8,17,49,0,74,26,0,26,100
11/20/2018,YIP,MI,AGL,CE,Towers with Radar,14,34,41,0,89,0,1,56,0,57,14,35,97,0,146,99,0,99,245
11/21/2018,YIP,MI,AGL,CE,Towers with Radar,20,29,28,0,77,0,0,65,0,65,20,29,93,0,142,94,0,94,236
11/22/2018,YIP,MI,AGL,CE,Towers with Radar,17,15,2,0,34,0,0,6,0,6,17,15,8,0,40,16,0,16,56
11/23/2018,YIP,MI,AGL,CE,Towers with Radar,5,14,27,0,46,0,2,53,0,55,5,16,80,0,101,71,0,71,172
11/24/2018,YIP,MI,AGL,CE,Towers with Radar,3,8,28,0,39,0,0,4,0,4,3,8,32,0,43,0,0,0,43
11/25/2018,YIP,MI,AGL,CE,Towers with Radar,3,17,21,0,41,0,0,15,0,15,3,17,36,0,56,57,0,57,113
11/26/2018,YIP,MI,AGL,CE,Towers with Radar,3,19,17,0,39,0,0,0,0,0,3,19,17,0,39,0,0,0,39
11/27/2018,YIP,MI,AGL,CE,Towers with Radar,17,31,33,0,81,0,1,23,0,24,17,32,56,0,105,55,0,55,160
11/28/2018,YIP,MI,AGL,CE,Towers with Radar,15,32,26,0,73,0,1,29,1,31,15,33,55,1,104,84,0,84,188
11/29/2018,YIP,MI,AGL,CE,Towers with Radar,8,28,15,0,51,0,0,0,0,0,8,28,15,0,51,34,0,34,85
11/30/2018,YIP,MI,AGL,CE,Towers with Radar,12,31,42,0,85,0,1,25,0,26,12,32,67,0,111,92,0,92,203
12/01/2018,YIP,MI,AGL,CE,Towers with Radar,9,11,14,0,34,0,0,0,0,0,9,11,14,0,34,0,0,0,34
12/02/2018,YIP,MI,AGL,CE,Towers with Radar,5,11,18,0,34,0,0,15,0,15,5,11,33,0,49,8,0,8,57
12/03/2018,YIP,MI,AGL,CE,Towers with Radar,9,18,15,0,42,0,0,0,0,0,9,18,15,0,42,0,0,0,42
12/04/2018,YIP,MI,AGL,CE,Towers with Radar,10,30,33,0,73,0,2,72,2,76,10,32,105,2,149,193,2,195,344
12/05/2018,YIP,MI,AGL,CE,Towers with Radar,15,25,38,0,78,0,0,22,1,23,15,25,60,1,101,181,0,181,282
12/06/2018,YIP,MI,AGL,CE,Towers with Radar,18,18,18,0,54,0,0,32,0,32,18,18,50,0,86,52,0,52,138
12/07/2018,YIP,MI,AGL,CE,Towers with Radar,10,38,31,0,79,0,2,77,0,79,10,40,108,0,158,88,0,88,246
12/08/2018,YIP,MI,AGL,CE,Towers with Radar,6,10,13,0,29,0,0,69,0,69,6,10,82,0,98,134,0,134,232
12/09/2018,YIP,MI,AGL,CE,Towers with Radar,2,7,17,0,26,0,0,78,0,78,2,7,95,0,104,85,0,85,189
12/10/2018,YIP,MI,AGL,CE,Towers with Radar,17,20,28,0,65,0,0,0,0,0,17,20,28,0,65,0,0,0,65
12/11/2018,YIP,MI,AGL,CE,Towers with Radar,20,30,14,0,64,0,0,6,0,6,20,30,20,0,70,32,0,32,102
12/12/2018,YIP,MI,AGL,CE,Towers with Radar,19,24,29,4,76,0,1,27,2,30,19,25,56,6,106,80,1,81,187
12/13/2018,YIP,MI,AGL,CE,Towers with Radar,17,34,46,0,97,0,0,49,0,49,17,34,95,0,146,26,0,26,172
12/14/2018,YIP,MI,AGL,CE,Towers with Radar,18,26,34,0,78,0,2,6,0,8,18,28,40,0,86,11,0,11,97
12/15/2018,YIP,MI,AGL,CE,Towers with Radar,14,11,30,0,55,0,1,56,0,57,14,12,86,0,112,93,0,93,205
12/16/2018,YIP,MI,AGL,CE,Towers with Radar,14,8,18,0,40,0,0,34,0,34,14,8,52,0,74,46,0,46,120
12/17/2018,YIP,MI,AGL,CE,Towers with Radar,9,26,43,0,78,0,1,42,4,47,9,27,85,4,125,74,0,74,199
12/18/2018,YIP,MI,AGL,CE,Towers with Radar,16,26,64,0,106,0,0,46,0,46,16,26,110,0,152,90,0,90,242
12/19/2018,YIP,MI,AGL,CE,Towers with Radar,24,35,38,0,97,0,1,87,1,89,24,36,125,1,186,97,0,97,283
12/20/2018,YIP,MI,AGL,CE,Towers with Radar,22,55,42,0,119,0,1,6,0,7,22,56,48,0,126,22,0,22,148
12/21/2018,YIP,MI,AGL,CE,Towers with Radar,23,49,14,0,86,0,0,0,0,0,23,49,14,0,86,0,0,0,86
12/22/2018,YIP,MI,AGL,CE,Towers with Radar,12,16,7,0,35,0,0,12,0,12,12,16,19,0,47,32,0,32,79
12/23/2018,YIP,MI,AGL,CE,Towers with Radar,2,17,29,0,48,0,0,8,0,8,2,17,37,0,56,0,0,0,56
12/24/2018,YIP,MI,AGL,CE,Towers with Radar,0,16,10,0,26,0,0,13,0,13,0,16,23,0,39,42,0,42,81
12/25/2018,YIP,MI,AGL,CE,Towers with Radar,2,7,6,0,15,0,1,1,0,2,2,8,7,0,17,0,0,0,17
12/26/2018,YIP,MI,AGL,CE,Towers with Radar,1,13,33,0,47,0,2,41,0,43,1,15,74,0,90,26,0,26,116
12/27/2018,YIP,MI,AGL,CE,Towers with Radar,3,6,6,0,15,0,0,12,2,14,3,6,18,2,29,22,0,22,51
12/28/2018,YIP,MI,AGL,CE,Towers with Radar,4,9,5,0,18,0,1,8,0,9,4,10,13,0,27,17,0,17,44
12/29/2018,YIP,MI,AGL,CE,Towers with Radar,4,3,8,0,15,0,0,7,0,7,4,3,15,0,22,28,0,28,50
12/30/2018,YIP,MI,AGL,CE,Towers with Radar,1,4,33,0,38,0,0,49,0,49,1,4,82,0,87,30,0,30,117
12/31/2018,YIP,MI,AGL,CE,Towers with Radar,2,4,4,0,10,0,0,0,0,0,2,4,4,0,10,0,0,0,10
01/01/2019,YIP,MI,AGL,CE,Towers with Radar,0,1,7,0,8,0,0,0,0,0,0,1,7,0,8,0,0,0,8
01/02/2019,YIP,MI,AGL,CE,Towers with Radar,2,14,12,0,28,0,0,0,0,0,2,14,12,0,28,0,0,0,28
01/03/2019,YIP,MI,AGL,CE,Towers with Radar,4,16,33,0,53,0,0,37,1,38,4,16,70,1,91,54,0,54,145
01/04/2019,YIP,MI,AGL,CE,Towers with Radar,6,31,41,0,78,0,1,61,0,62,6,32,102,0,140,101,0,101,241
01/05/2019,YIP,MI,AGL,CE,Towers with Radar,1,14,47,0,62,0,0,70,0,70,1,14,117,0,132,120,0,120,252
01/06/2019,YIP,MI,AGL,CE,Towers with Radar,5,9,18,0,32,0,0,43,0,43,5,9,61,0,75,36,0,36,111
01/07/2019,YIP,MI,AGL,CE,Towers with Radar,3,22,13,0,38,0,0,6,0,6,3,22,19,0,44,10,0,10,54
01/08/2019,YIP,MI,AGL,CE,Towers with Radar,6,20,20,0,46,0,0,17,0,17,6,20,37,0,63,22,0,22,85
01/09/2019,YIP,MI,AGL,CE,Towers with Radar,13,13,22,0,48,0,0,5,0,5,13,13,27,0,53,0,0,0,53
01/10/2019,YIP,MI,AGL,CE,Towers with Radar,15,15,39,0,69,0,2,42,5,49,15,17,81,5,118,65,0,65,183
01/11/2019,YIP,MI,AGL,CE,Towers with Radar,7,12,24,0,43,0,1,67,0,68,7,13,91,0,111,46,0,46,157
01/12/2019,YIP,MI,AGL,CE,Towers with Radar,4,12,25,0,41,0,0,15,0,15,4,12,40,0,56,88,0,88,144
01/13/2019,YIP,MI,AGL,CE,Towers with Radar,5,13,21,0,39,0,0,64,0,64,5,13,85,0,103,128,4,132,235
01/14/2019,YIP,MI,AGL,CE,Towers with Radar,12,11,37,0,60,0,0,76,0,76,12,11,113,0,136,111,0,111,247
01/15/2019,YIP,MI,AGL,CE,Towers with Radar,18,25,13,0,56,0,0,0,0,0,18,25,13,0,56,0,0,0,56
01/16/2019,YIP,MI,AGL,CE,Towers with Radar,20,18,43,0,81,0,0,44,0,44,20,18,87,0,125,22,0,22,147
01/17/2019,YIP,MI,AGL,CE,Towers with Radar,9,31,26,0,66,0,0,11,0,11,9,31,37,0,77,124,0,124,201
01/18/2019,YIP,MI,AGL,CE,Towers with Radar,12,21,35,0,68,0,0,28,0,28,12,21,63,0,96,79,0,79,175
01/19/2019,YIP,MI,AGL,CE,Towers with Radar,6,3,3,0,12,0,0,0,0,0,6,3,3,0,12,0,0,0,12
01/20/2019,YIP,MI,AGL,CE,Towers with Radar,5,6,7,0,18,0,0,8,0,8,5,6,15,0,26,28,0,28,54
01/21/2019,YIP,MI,AGL,CE,Towers with Radar,8,15,32,0,55,0,0,48,0,48,8,15,80,0,103,64,0,64,167
01/22/2019,YIP,MI,AGL,CE,Towers with Radar,7,21,13,0,41,0,0,41,0,41,7,21,54,0,82,92,0,92,174
01/23/2019,YIP,MI,AGL,CE,Towers with Radar,14,14,10,0,38,0,0,0,0,0,14,14,10,0,38,0,0,0,38
01/24/2019,YIP,MI,AGL,CE,Towers with Radar,21,22,21,0,64,0,2,25,2,29,21,24,46,2,93,198,0,198,291
01/25/2019,YIP,MI,AGL,CE,Towers with Radar,9,17,19,0,45,0,1,44,0,45,9,18,63,0,90,110,0,110,200
01/26/2019,YIP,MI,AGL,CE,Towers with Radar,6,20,10,0,36,0,0,61,1,62,6,20,71,1,98,171,0,171,269
01/27/2019,YIP,MI,AGL,CE,Towers with Radar,5,13,23,0,41,0,1,15,1,17,5,14,38,1,58,98,0,98,156
01/28/2019,YIP,MI,AGL,CE,Towers with Radar,0,10,5,0,15,0,0,0,0,0,0,10,5,0,15,0,0,0,15
01/29/2019,YIP,MI,AGL,CE,Towers with Radar,10,25,26,0,61,0,0,7,0,7,10,25,33,0,68,6,0,6,74
01/30/2019,YIP,MI,AGL,CE,Towers with Radar,10,26,14,0,50,0,0,2,0,2,10,26,16,0,52,0,0,0,52
01/31/2019,YIP,MI,AGL,CE,Towers with Radar,19,16,19,0,54,0,0,0,0,0,19,16,19,0,54,0,0,0,54
02/01/2019,YIP,MI,AGL,CE,Towers with Radar,11,22,48,0,81,0,1,66,0,67,11,23,114,0,148,123,0,123,271
02/02/2019,YIP,MI,AGL,CE,Towers with Radar,9,10,17,0,36,0,0,26,0,26,9,10,43,0,62,95,0,95,157
02/03/2019,YIP,MI,AGL,CE,Towers with Radar,6,9,12,0,27,0,0,29,3,32,6,9,41,3,59,178,0,178,237
02/04/2019,YIP,MI,AGL,CE,Towers with Radar,6,31,28,0,65,0,0,33,0,33,6,31,61,0,98,47,0,47,145
02/05/2019,YIP,MI,AGL,CE,Towers with Radar,10,39,16,0,65,0,0,22,0,22,10,39,38,0,87,52,0,52,139
02/06/2019,YIP,MI,AGL,CE,Towers with Radar,6,16,18,0,40,0,0,0,0,0,6,16,18,0,40,0,0,0,40
02/07/2019,YIP,MI,AGL,CE,Towers with Radar,6,40,28,0,74,0,0,0,0,0,6,40,28,0,74,0,0,0,74
02/08/2019,YIP,MI,AGL,CE,Towers with Radar,10,27,32,0,69,0,0,0,0,0,10,27,32,0,69,0,0,0,69
02/09/2019,YIP,MI,AGL,CE,Towers with Radar,8,11,26,0,45,0,1,78,1,80,8,12,104,1,125,124,0,124,249
02/10/2019,YIP,MI,AGL,CE,Towers with Radar,4,14,25,0,43,0,1,8,0,9,4,15,33,0,52,39,0,39,91
02/11/2019,YIP,MI,AGL,CE,Towers with Radar,14,24,19,0,57,0,0,8,0,8,14,24,27,0,65,100,0,100,165
02/12/2019,YIP,MI,AGL,CE,Towers with Radar,7,10,19,0,36,0,0,1,0,1,7,10,20,0,37,0,0,0,37
02/13/2019,YIP,MI,AGL,CE,Towers with Radar,14,25,13,0,52,0,1,2,0,3,14,26,15,0,55,0,0,0,55
02/14/2019,YIP,MI,AGL,CE,Towers with Radar,16,33,38,0,87,0,0,44,1,45,16,33,82,1,132,102,0,102,234
02/15/2019,YIP,MI,AGL,CE,Towers with Radar,10,27,28,0,65,0,2,27,0,29,10,29,55,0,94,64,0,64,158
02/16/2019,YIP,MI,AGL,CE,Towers with Radar,5,13,7,0,25,0,1,33,5,39,5,14,40,5,64,148,0,148,212
02/17/2019,YIP,MI,AGL,CE,Towers with Radar,2,20,12,0,34,0,0,9,0,9,2,20,21,0,43,34,0,34,77
02/18/2019,YIP,MI,AGL,CE,Towers with Radar,5,24,37,0,66,0,0,41,0,41,5,24,78,0,107,115,0,115,222
02/19/2019,YIP,MI,AGL,CE,Towers with Radar,18,37,51,0,106,0,0,66,0,66,18,37,117,0,172,102,0,102,274
02/20/2019,YIP,MI,AGL,CE,Towers with Radar,21,21,13,0,55,0,0,2,0,2,21,21,15,0,57,4,0,4,61
02/21/2019,YIP,MI,AGL,CE,Towers with Radar,12,31,37,0,80,0,1,49,2,52,12,32,86,2,132,59,0,59,191
02/22/2019,YIP,MI,AGL,CE,Towers with Radar,9,16,52,0,77,0,1,70,4,75,9,17,122,4,152,167,0,167,319
02/23/2019,YIP,MI,AGL,CE,Towers with Radar,8,8,10,0,26,0,0,36,0,36,8,8,46,0,62,100,0,100,162
02/24/2019,YIP,MI,AGL,CE,Towers with Radar,3,15,10,0,28,0,0,0,0,0,3,15,10,0,28,0,0,0,28
02/25/2019,YIP,MI,AGL,CE,Towers with Radar,9,22,13,0,44,0,1,3,0,4,9,23,16,0,48,6,0,6,54
02/26/2019,YIP,MI,AGL,CE,Towers with Radar,18,20,21,0,59,0,0,50,0,50,18,20,71,0,109,117,0,117,226
02/27/2019,YIP,MI,AGL,CE,Towers with Radar,14,28,12,0,54,0,2,6,0,8,14,30,18,0,62,60,0,60,122
02/28/2019,YIP,MI,AGL,CE,Towers with Radar,31,49,29,0,109,0,1,43,5,49,31,50,72,5,158,180,0,180,338
03/01/2019,YIP,MI,AGL,CE,Towers with Radar,21,27,28,0,76,0,0,62,0,62,21,27,90,0,138,140,0,140,278
03/02/2019,YIP,MI,AGL,CE,Towers with Radar,13,25,15,0,53,0,0,20,2,22,13,25,35,2,75,95,0,95,170
03/03/2019,YIP,MI,AGL,CE,Towers with Radar,15,15,16,0,46,0,0,13,0,13,15,15,29,0,59,65,0,65,124
03/04/2019,YIP,MI,AGL,CE,Towers with Radar,20,18,19,0,57,0,0,19,0,19,20,18,38,0,76,58,0,58,134
03/05/2019,YIP,MI,AGL,CE,Towers with Radar,14,30,24,0,68,0,2,14,0,16,14,32,38,0,84,18,0,18,102
03/06/2019,YIP,MI,AGL,CE,Towers with Radar,19,25,22,0,66,0,2,31,3,36,19,27,53,3,102,32,0,32,134
03/07/2019,YIP,MI,AGL,CE,Towers with Radar,22,22,54,1,99,0,0,57,5,62,22,22,111,6,161,90,0,90,251
03/08/2019,YIP,MI,AGL,CE,Towers with Radar,22,15,33,0,70,0,1,70,0,71,22,16,103,0,141,188,0,188,329
03/09/2019,YIP,MI,AGL,CE,Towers with Radar,8,12,20,0,40,0,1,24,2,27,8,13,44,2,67,54,1,55,122
03/10/2019,YIP,MI,AGL,CE,Towers with Radar,6,24,6,0,36,0,0,2,0,2,6,24,8,0,38,6,0,6,44
03/11/2019,YIP,MI,AGL,CE,Towers with Radar,10,25,56,0,91,0,0,42,0,42,10,25,98,0,133,61,0,61,194
03/12/2019,YIP,MI,AGL,CE,Towers with Radar,14,33,54,0,101,0,0,73,0,73,14,33,127,0,174,91,0,91,265
03/13/2019,YIP,MI,AGL,CE,Towers with Radar,26,20,40,0,86,0,0,32,1,33,26,20,72,1,119,64,0,64,183
03/14/2019,YIP,MI,AGL,CE,Towers with Radar,19,24,27,0,70,0,0,8,0,8,19,24,35,0,78,18,0,18,96
03/15/2019,YIP,MI,AGL,CE,Towers with Radar,20,9,15,0,44,0,3,2,0,5,20,12,17,0,49,0,0,0,49
03/16/2019,YIP,MI,AGL,CE,Towers with Radar,13,13,15,0,41,0,0,33,0,33,13,13,48,0,74,24,0,24,98
03/17/2019,YIP,MI,AGL,CE,Towers with Radar,8,23,20,0,51,0,1,45,2,48,8,24,65,2,99,96,0,96,195
03/18/2019,YIP,MI,AGL,CE,Towers with Radar,14,22,28,0,64,0,4,32,0,36,14,26,60,0,100,89,0,89,189
03/19/2019,YIP,MI,AGL,CE,Towers with Radar,18,34,62,0,114,0,1,41,0,42,18,35,103,0,156,74,0,74,230
03/20/2019,YIP,MI,AGL,CE,Towers with Radar,22,21,15,0,58,0,0,37,0,37,22,21,52,0,95,73,0,73,168
03/21/2019,YIP,MI,AGL,CE,Towers with Radar,21,42,26,0,89,0,1,8,1,10,21,43,34,1,99,139,0,139,238
03/22/2019,YIP,MI,AGL,CE,Towers with Radar,24,31,31,0,86,0,0,16,0,16,24,31,47,0,102,47,0,47,149
03/23/2019,YIP,MI,AGL,CE,Towers with Radar,15,11,55,0,81,0,0,59,1,60,15,11,114,1,141,170,0,170,311
03/24/2019,YIP,MI,AGL,CE,Towers with Radar,7,12,30,0,49,0,1,42,0,43,7,13,72,0,92,110,0,110,202
03/25/2019,YIP,MI,AGL,CE,Towers with Radar,11,23,30,0,64,0,1,54,0,55,11,24,84,0,119,168,6,174,293
03/26/2019,YIP,MI,AGL,CE,Towers with Radar,11,16,48,0,75,0,1,66,0,67,11,17,114,0,142,132,0,132,274
03/27/2019,YIP,MI,AGL,CE,Towers with Radar,28,22,48,0,98,0,2,62,1,65,28,24,110,1,163,118,0,118,281
03/28/2019,YIP,MI,AGL,CE,Towers with Radar,26,40,39,0,105,0,1,24,1,26,26,41,63,1,131,49,0,49,180
03/29/2019,YIP,MI,AGL,CE,Towers with Radar,22,18,31,0,71,0,2,44,0,46,22,20,75,0,117,123,0,123,240
03/30/2019,YIP,MI,AGL,CE,Towers with Radar,9,21,8,0,38,0,0,0,0,0,9,21,8,0,38,0,0,0,38
03/31/2019,YIP,MI,AGL,CE,Towers with Radar,6,22,9,0,37,0,0,8,0,8,6,22,17,0,45,20,0,20,65
04/01/2019,YIP,MI,AGL,CE,Towers with Radar,6,25,55,0,86,0,2,64,0,66,6,27,119,0,152,66,0,66,218
04/02/2019,YIP,MI,AGL,CE,Towers with Radar,11,23,46,0,80,0,0,58,0,58,11,23,104,0,138,84,0,84,222
04/03/2019,YIP,MI,AGL,CE,Towers with Radar,14,26,19,0,59,0,0,14,0,14,14,26,33,0,73,10,0,10,83
04/04/2019,YIP,MI,AGL,CE,Towers with Radar,21,26,47,0,94,0,0,28,1,29,21,26,75,1,123,86,0,86,209
04/05/2019,YIP,MI,AGL,CE,Towers with Radar,15,23,43,1,82,0,0,29,0,29,15,23,72,1,111,105,0,105,216
04/06/2019,YIP,MI,AGL,CE,Towers with Radar,10,8,30,0,48,0,2,64,0,66,10,10,94,0,114,105,0,105,219
04/07/2019,YIP,MI,AGL,CE,Towers with Radar,2,16,37,0,55,0,0,26,1,27,2,16,63,1,82,85,0,85,167
04/08/2019,YIP,MI,AGL,CE,Towers with Radar,3,17,32,0,52,0,1,47,2,50,3,18,79,2,102,111,0,111,213
04/09/2019,YIP,MI,AGL,CE,Towers with Radar,15,12,33,1,61,0,2,35,3,40,15,14,68,4,101,29,0,29,130
04/10/2019,YIP,MI,AGL,CE,Towers with Radar,12,14,31,2,59,0,1,25,0,26,12,15,56,2,85,61,0,61,146
04/11/2019,YIP,MI,AGL,CE,Towers with Radar,8,22,13,4,47,0,0,1,2,3,8,22,14,6,50,0,2,2,52
04/12/2019,YIP,MI,AGL,CE,Towers with Radar,12,20,32,1,65,0,2,2,1,5,12,22,34,2,70,0,0,0,70
04/13/2019,YIP,MI,AGL,CE,Towers with Radar,2,8,27,1,38,0,1,40,1,42,2,9,67,2,80,38,0,38,118
04/14/2019,YIP,MI,AGL,CE,Towers with Radar,1,17,14,1,33,0,0,0,1,1,1,17,14,2,34,0,0,0,34
04/15/2019,YIP,MI,AGL,CE,Towers with Radar,6,18,33,1,58,0,1,29,2,32,6,19,62,3,90,14,0,14,104
04/16/2019,YIP,MI,AGL,CE,Towers with Radar,7,19,65,0,91,0,0,47,0,47,7,19,112,0,138,228,0,228,366
04/17/2019,YIP,MI,AGL,CE,Towers with Radar,16,26,26,2,70,0,0,46,2,48,16,26,72,4,118,88,0,88,206
04/18/2019,YIP,MI,AGL,CE,Towers with Radar,9,24,19,0,52,0,1,7,0,8,9,25,26,0,60,19,0,19,79
04/19/2019,YIP,MI,AGL,CE,Towers with Radar,2,12,24,0,38,0,1,5,0,6,2,13,29,0,44,4,0,4,48
04/20/2019,YIP,MI,AGL,CE,Towers with Radar,1,17,7,0,25,0,0,1,0,1,1,17,8,0,26,0,0,0,26
04/21/2019,YIP,MI,AGL,CE,Towers with Radar,0,10,21,0,31,0,0,42,13,55,0,10,63,13,86,34,0,34,120
04/22/2019,YIP,MI,AGL,CE,Towers with Radar,3,13,39,0,55,0,1,86,0,87,3,14,125,0,142,124,0,124,266
04/23/2019,YIP,MI,AGL,CE,Towers with Radar,1,22,29,0,52,0,1,20,0,21,1,23,49,0,73,24,0,24,97
04/24/2019,YIP,MI,AGL,CE,Towers with Radar,3,18,34,0,55,0,1,75,3,79,3,19,109,3,134,112,0,112,246
04/25/2019,YIP,MI,AGL,CE,Towers with Radar,5,36,92,8,141,0,0,47,0,47,5,36,139,8,188,213,0,213,401
04/26/2019,YIP,MI,AGL,CE,Towers with Radar,4,29,24,0,57,0,1,5,0,6,4,30,29,0,63,0,0,0,63
04/27/2019,YIP,MI,AGL,CE,Towers with Radar,2,20,20,0,42,0,0,40,1,41,2,20,60,1,83,52,0,52,135
04/28/2019,YIP,MI,AGL,CE,Towers with Radar,1,21,32,0,54,0,0,32,1,33,1,21,64,1,87,84,0,84,171
04/29/2019,YIP,MI,AGL,CE,Towers with Radar,0,12,36,0,48,0,0,7,0,7,0,12,43,0,55,25,0,25,80
04/30/2019,YIP,MI,AGL,CE,Towers with Radar,2,23,25,0,50,0,1,3,0,4,2,24,28,0,54,40,0,40,94
05/01/2019,YIP,MI,AGL,CE,Towers with Radar,0,18,29,0,47,0,0,5,1,6,0,18,34,1,53,20,0,20,73
05/02/2019,YIP,MI,AGL,CE,Towers with Radar,3,25,35,1,64,0,0,3,0,3,3,25,38,1,67,18,0,18,85
05/03/2019,YIP,MI,AGL,CE,Towers with Radar,5,16,36,0,57,0,0,3,0,3,5,16,39,0,60,0,0,0,60
05/04/2019,YIP,MI,AGL,CE,Towers with Radar,4,17,30,0,51,0,0,59,1,60,4,17,89,1,111,94,0,94,205
05/05/2019,YIP,MI,AGL,CE,Towers with Radar,4,27,25,0,56,0,2,48,2,52,4,29,73,2,108,91,0,91,199
05/06/2019,YIP,MI,AGL,CE,Towers with Radar,2,20,32,0,54,0,0,38,0,38,2,20,70,0,92,88,0,88,180
05/07/2019,YIP,MI,AGL,CE,Towers with Radar,2,10,58,0,70,0,0,7,1,8,2,10,65,1,78,2,0,2,80
05/08/2019,YIP,MI,AGL,CE,Towers with Radar,5,15,64,0,84,0,0,48,0,48,5,15,112,0,132,52,0,52,184
05/09/2019,YIP,MI,AGL,CE,Towers with Radar,5,25,59,0,89,0,0,6,0,6,5,25,65,0,95,26,0,26,121
05/10/2019,YIP,MI,AGL,CE,Towers with Radar,3,24,48,0,75,0,1,50,1,52,3,25,98,1,127,61,0,61,188
05/11/2019,YIP,MI,AGL,CE,Towers with Radar,6,5,11,0,22,0,0,52,1,53,6,5,63,1,75,83,0,83,158
05/12/2019,YIP,MI,AGL,CE,Towers with Radar,0,13,15,0,28,0,0,9,0,9,0,13,24,0,37,39,0,39,76
05/13/2019,YIP,MI,AGL,CE,Towers with Radar,4,15,50,0,69,0,0,12,0,12,4,15,62,0,81,79,0,79,160
05/14/2019,YIP,MI,AGL,CE,Towers with Radar,3,4,46,0,53,0,1,72,0,73,3,5,118,0,126,172,0,172,298
05/15/2019,YIP,MI,AGL,CE,Towers with Radar,10,21,51,0,82,0,2,44,0,46,10,23,95,0,128,83,0,83,211
05/16/2019,YIP,MI,AGL,CE,Towers with Radar,16,19,56,0,91,0,0,48,1,49,16,19,104,1,140,122,0,122,262
05/17/2019,YIP,MI,AGL,CE,Towers with Radar,17,25,63,0,105,0,1,24,0,25,17,26,87,0,130,77,0,77,207
05/18/2019,YIP,MI,AGL,CE,Towers with Radar,13,17,40,0,70,0,0,18,1,19,13,17,58,1,89,14,0,14,103
05/19/2019,YIP,MI,AGL,CE,Towers with Radar,3,15,20,0,38,0,0,3,1,4,3,15,23,1,42,15,0,15,57
05/20/2019,YIP,MI,AGL,CE,Towers with Radar,7,23,46,1,77,0,0,15,0,15,7,23,61,1,92,12,4,16,108
05/21/2019,YIP,MI,AGL,CE,Towers with Radar,9,25,44,1,79,0,0,71,1,72,9,25,115,2,151,149,0,149,300
05/22/2019,YIP,MI,AGL,CE,Towers with Radar,5,24,51,0,80,0,1,40,0,41,5,25,91,0,121,80,0,80,201
05/23/2019,YIP,MI,AGL,CE,Towers with Radar,8,16,33,0,57,0,0,10,0,10,8,16,43,0,67,6,0,6,73
05/24/2019,YIP,MI,AGL,CE,Towers with Radar,7,15,47,0,69,0,0,50,0,50,7,15,97,0,119,69,0,69,188
05/25/2019,YIP,MI,AGL,CE,Towers with Radar,1,8,7,0,16,0,0,11,3,14,1,8,18,3,30,22,0,22,52
05/26/2019,YIP,MI,AGL,CE,Towers with Radar,3,11,8,1,23,0,0,17,1,18,3,11,25,2,41,34,0,34,75
05/27/2019,YIP,MI,AGL,CE,Towers with Radar,0,9,25,0,34,0,0,36,0,36,0,9,61,0,70,40,0,40,110
05/28/2019,YIP,MI,AGL,CE,Towers with Radar,0,18,35,0,53,0,0,16,0,16,0,18,51,0,69,86,0,86,155
05/29/2019,YIP,MI,AGL,CE,Towers with Radar,4,27,57,0,88,0,0,1,1,2,4,27,58,1,90,6,0,6,96
05/30/2019,YIP,MI,AGL,CE,Towers with Radar,5,28,49,0,82,0,4,23,2,29,5,32,72,2,111,65,0,65,176
05/31/2019,YIP,MI,AGL,CE,Towers with Radar,5,21,51,0,77,0,1,71,0,72,5,22,122,0,149,164,0,164,313
06/01/2019,YIP,MI,AGL,CE,Towers with Radar,1,10,23,0,34,0,0,25,1,26,1,10,48,1,60,72,0,72,132
06/02/2019,YIP,MI,AGL,CE,Towers with Radar,0,17,32,2,51,0,0,48,2,50,0,17,80,4,101,54,4,58,159
06/03/2019,YIP,MI,AGL,CE,Towers with Radar,3,10,41,0,54,0,0,84,0,84,3,10,125,0,138,209,0,209,347
06/04/2019,YIP,MI,AGL,CE,Towers with Radar,3,28,52,0,83,0,2,58,0,60,3,30,110,0,143,98,0,98,241
06/05/2019,YIP,MI,AGL,CE,Towers with Radar,1,38,51,0,90,0,1,15,2,18,1,39,66,2,108,76,0,76,184
06/06/2019,YIP,MI,AGL,CE,Towers with Radar,14,35,98,0,147,0,0,40,1,41,14,35,138,1,188,98,0,98,286
06/07/2019,YIP,MI,AGL,CE,Towers with Radar,5,32,73,0,110,0,2,44,0,46,5,34,117,0,156,142,0,142,298
06/08/2019,YIP,MI,AGL,CE,Towers with Radar,6,13,27,0,46,0,1,47,4,52,6,14,74,4,98,39,2,41,139
06/09/2019,YIP,MI,AGL,CE,Towers with Radar,2,17,45,0,64,0,0,29,2,31,2,17,74,2,95,65,0,65,160
06/10/2019,YIP,MI,AGL,CE,Towers with Radar,10,19,52,0,81,0,0,4,0,4,10,19,56,0,85,0,0,0,85
06/11/2019,YIP,MI,AGL,CE,Towers with Radar,9,16,46,0,71,0,1,66,0,67,9,17,112,0,138,136,0,136,274
06/12/2019,YIP,MI,AGL,CE,Towers with Radar,13,31,43,0,87,0,0,69,0,69,13,31,112,0,156,107,0,107,263
06/13/2019,YIP,MI,AGL,CE,Towers with Radar,13,32,63,0,108,0,0,8,1,9,13,32,71,1,117,40,0,40,157
06/14/2019,YIP,MI,AGL,CE,Towers with Radar,11,23,57,0,91,0,0,77,1,78,11,23,134,1,169,100,0,100,269
06/15/2019,YIP,MI,AGL,CE,Towers with Radar,6,17,38,0,61,0,0,28,1,29,6,17,66,1,90,80,0,80,170
06/16/2019,YIP,MI,AGL,CE,Towers with Radar,4,13,18,0,35,0,0,1,0,1,4,13,19,0,36,0,0,0,36
06/17/2019,YIP,MI,AGL,CE,Towers with Radar,5,16,44,0,65,0,1,31,0,32,5,17,75,0,97,160,0,160,257
06/18/2019,YIP,MI,AGL,CE,Towers with Radar,7,29,29,0,65,0,1,48,0,49,7,30,77,0,114,290,0,290,404
06/19/2019,YIP,MI,AGL,CE,Towers with Radar,8,45,48,0,101,0,0,39,1,40,8,45,87,1,141,100,0,100,241
06/20/2019,YIP,MI,AGL,CE,Towers with Radar,12,40,32,0,84,0,0,1,1,2,12,40,33,1,86,0,0,0,86
06/21/2019,YIP,MI,AGL,CE,Towers with Radar,22,39,51,0,112,0,1,96,0,97,22,40,147,0,209,147,0,147,356
06/22/2019,YIP,MI,AGL,CE,Towers with Radar,8,10,21,0,39,0,0,49,1,50,8,10,70,1,89,96,0,96,185
06/23/2019,YIP,MI,AGL,CE,Towers with Radar,7,27,37,0,71,0,1,93,2,96,7,28,130,2,167,212,0,212,379
06/24/2019,YIP,MI,AGL,CE,Towers with Radar,4,22,45,0,71,0,1,14,0,15,4,23,59,0,86,20,0,20,106
06/25/2019,YIP,MI,AGL,CE,Towers with Radar,24,25,42,0,91,0,0,37,1,38,24,25,79,1,129,40,0,40,169
06/26/2019,YIP,MI,AGL,CE,Towers with Radar,13,50,36,2,101,0,1,68,1,70,13,51,104,3,171,173,0,173,344
06/27/2019,YIP,MI,AGL,CE,Towers with Radar,23,40,39,0,102,0,0,61,1,62,23,40,100,1,164,143,0,143,307
06/28/2019,YIP,MI,AGL,CE,Towers with Radar,16,25,23,0,64,0,1,60,3,64,16,26,83,3,128,40,0,40,168
06/29/2019,YIP,MI,AGL,CE,Towers with Radar,6,19,21,0,46,0,0,41,1,42,6,19,62,1,88,74,0,74,162
06/30/2019,YIP,MI,AGL,CE,Towers with Radar,2,17,34,0,53,0,0,27,2,29,2,17,61,2,82,48,0,48,130
07/01/2019,YIP,MI,AGL,CE,Towers with Radar,5,12,41,0,58,0,0,49,0,49,5,12,90,0,107,38,0,38,145
07/02/2019,YIP,MI,AGL,CE,Towers with Radar,6,13,34,0,53,0,0,33,1,34,6,13,67,1,87,113,0,113,200
07/03/2019,YIP,MI,AGL,CE,Towers with Radar,3,14,42,0,59,0,0,22,1,23,3,14,64,1,82,62,0,62,144
07/04/2019,YIP,MI,AGL,CE,Towers with Radar,4,17,8,2,31,0,0,13,0,13,4,17,21,2,44,0,0,0,44
07/05/2019,YIP,MI,AGL,CE,Towers with Radar,4,13,28,0,45,0,0,23,0,23,4,13,51,0,68,84,0,84,152
07/06/2019,YIP,MI,AGL,CE,Towers with Radar,0,7,28,0,35,0,0,42,3,45,0,7,70,3,80,84,2,86,166
07/07/2019,YIP,MI,AGL,CE,Towers with Radar,0,19,36,0,55,0,0,47,1,48,0,19,83,1,103,81,0,81,184
07/08/2019,YIP,MI,AGL,CE,Towers with Radar,1,8,48,0,57,0,0,60,0,60,1,8,108,0,117,123,0,123,240
07/09/2019,YIP,MI,AGL,CE,Towers with Radar,6,17,39,0,62,0,1,54,0,55,6,18,93,0,117,134,0,134,251
07/10/2019,YIP,MI,AGL,CE,Towers with Radar,0,14,35,0,49,0,0,55,1,56,0,14,90,1,105,66,0,66,171
07/11/2019,YIP,MI,AGL,CE,Towers with Radar,5,35,43,0,83,0,1,74,1,76,5,36,117,1,159,76,0,76,235
07/12/2019,YIP,MI,AGL,CE,Towers with Radar,4,16,43,0,63,0,1,48,0,49,4,17,91,0,112,154,0,154,266
07/13/2019,YIP,MI,AGL,CE,Towers with Radar,1,17,9,0,27,0,0,61,2,63,1,17,70,2,90,56,0,56,146
07/14/2019,YIP,MI,AGL,CE,Towers with Radar,0,15,30,0,45,0,0,57,3,60,0,15,87,3,105,134,0,134,239
07/15/2019,YIP,MI,AGL,CE,Towers with Radar,1,27,50,0,78,0,1,44,1,46,1,28,94,1,124,61,0,61,185
07/16/2019,YIP,MI,AGL,CE,Towers with Radar,6,33,34,0,73,0,0,15,0,15,6,33,49,0,88,44,0,44,132
07/17/2019,YIP,MI,AGL,CE,Towers with Radar,4,24,41,0,69,0,0,40,1,41,4,24,81,1,110,58,0,58,168
07/18/2019,YIP,MI,AGL,CE,Towers with Radar,4,35,35,0,74,0,0,37,2,39,4,35,72,2,113,90,0,90,203
07/19/2019,YIP,MI,AGL,CE,Towers with Radar,5,34,37,0,76,0,0,24,2,26,5,34,61,2,102,82,0,82,184
07/20/2019,YIP,MI,AGL,CE,Towers with Radar,1,12,20,0,33,0,0,36,1,37,1,12,56,1,70,27,0,27,97
07/21/2019,YIP,MI,AGL,CE,Towers with Radar,0,25,24,0,49,0,0,6,1,7,0,25,30,1,56,76,0,76,132
07/22/2019,YIP,MI,AGL,CE,Towers with Radar,2,19,41,1,63,0,0,64,3,67,2,19,105,4,130,99,1,100,230
07/23/2019,YIP,MI,AGL,CE,Towers with Radar,10,28,36,0,74,0,3,51,1,55,10,31,87,1,129,110,0,110,239
07/24/2019,YIP,MI,AGL,CE,Towers with Radar,12,19,43,2,76,0,0,75,1,76,12,19,118,3,152,122,0,122,274
07/25/2019,YIP,MI,AGL,CE,Towers with Radar,11,20,40,0,71,0,0,84,5,89,11,20,124,5,160,160,0,160,320
07/26/2019,YIP,MI,AGL,CE,Towers with Radar,7,13,45,0,65,0,0,54,3,57,7,13,99,3,122,109,0,109,231
07/27/2019,YIP,MI,AGL,CE,Towers with Radar,3,7,14,0,24,0,0,38,1,39,3,7,52,1,63,65,0,65,128
07/28/2019,YIP,MI,AGL,CE,Towers with Radar,0,16,32,0,48,0,0,23,3,26,0,16,55,3,74,35,0,35,109
07/29/2019,YIP,MI,AGL,CE,Towers with Radar,2,21,37,0,60,0,0,41,0,41,2,21,78,0,101,89,0,89,190
07/30/2019,YIP,MI,AGL,CE,Towers with Radar,2,30,46,0,78,0,1,34,1,36,2,31,80,1,114,80,0,80,194
07/31/2019,YIP,MI,AGL,CE,Towers with Radar,6,30,40,1,77,0,0,56,1,57,6,30,96,2,134,133,2,135,269
08/01/2019,YIP,MI,AGL,CE,Towers with Radar,11,34,50,1,96,0,2,67,3,72,11,36,117,4,168,158,20,178,346
08/02/2019,YIP,MI,AGL,CE,Towers with Radar,2,30,31,15,78,0,3,63,9,75,2,33,94,24,153,66,0,66,219
08/03/2019,YIP,MI,AGL,CE,Towers with Radar,2,18,6,2,28,0,0,80,3,83,2,18,86,5,111,29,22,51,162
08/04/2019,YIP,MI,AGL,CE,Towers with Radar,1,12,3,3,19,0,0,61,3,64,1,12,64,6,83,21,50,71,154
08/05/2019,YIP,MI,AGL,CE,Towers with Radar,3,8,48,9,68,0,1,58,2,61,3,9,106,11,129,207,0,207,336
08/06/2019,YIP,MI,AGL,CE,Towers with Radar,2,25,41,0,68,0,0,25,1,26,2,25,66,1,94,121,0,121,215
08/07/2019,YIP,MI,AGL,CE,Towers with Radar,4,11,36,0,51,0,0,43,0,43,4,11,79,0,94,64,0,64,158
08/08/2019,YIP,MI,AGL,CE,Towers with Radar,4,23,38,0,65,0,1,28,0,29,4,24,66,0,94,44,0,44,138
08/09/2019,YIP,MI,AGL,CE,Towers with Radar,12,17,41,0,70,0,2,60,0,62,12,19,101,0,132,90,0,90,222
08/10/2019,YIP,MI,AGL,CE,Towers with Radar,4,8,34,0,46,0,0,36,2,38,4,8,70,2,84,50,0,50,134
08/11/2019,YIP,MI,AGL,CE,Towers with Radar,3,17,50,0,70,0,0,35,0,35,3,17,85,0,105,69,0,69,174
08/12/2019,YIP,MI,AGL,CE,Towers with Radar,2,18,40,0,60,0,0,46,0,46,2,18,86,0,106,100,0,100,206
08/13/2019,YIP,MI,AGL,CE,Towers with Radar,0,32,41,1,74,0,0,31,0,31,0,32,72,1,105,40,0,40,145
08/14/2019,YIP,MI,AGL,CE,Towers with Radar,4,37,43,0,84,0,1,64,0,65,4,38,107,0,149,75,0,75,224
08/15/2019,YIP,MI,AGL,CE,Towers with Radar,10,33,37,0,80,0,0,57,0,57,10,33,94,0,137,85,0,85,222
08/16/2019,YIP,MI,AGL,CE,Towers with Radar,3,38,43,0,84,0,0,23,1,24,3,38,66,1,108,21,0,21,129
08/17/2019,YIP,MI,AGL,CE,Towers with Radar,5,7,19,2,33,0,0,37,2,39,5,7,56,4,72,24,0,24,96
08/18/2019,YIP,MI,AGL,CE,Towers with Radar,1,19,19,0,39,0,0,19,2,21,1,19,38,2,60,61,0,61,121
08/19/2019,YIP,MI,AGL,CE,Towers with Radar,4,16,49,2,71,0,0,40,2,42,4,16,89,4,113,68,0,68,181
08/20/2019,YIP,MI,AGL,CE,Towers with Radar,5,20,26,0,51,0,0,43,1,44,5,20,69,1,95,28,4,32,127
08/21/2019,YIP,MI,AGL,CE,Towers with Radar,4,20,42,1,67,0,1,37,3,41,4,21,79,4,108,97,0,97,205
08/22/2019,YIP,MI,AGL,CE,Towers with Radar,5,32,49,1,87,0,0,55,1,56,5,32,104,2,143,126,0,126,269
08/23/2019,YIP,MI,AGL,CE,Towers with Radar,8,29,28,0,65,0,0,46,1,47,8,29,74,1,112,57,0,57,169
08/24/2019,YIP,MI,AGL,CE,Towers with Radar,2,10,22,2,36,0,0,63,1,64,2,10,85,3,100,71,0,71,171
08/25/2019,YIP,MI,AGL,CE,Towers with Radar,4,13,18,0,35,0,0,40,1,41,4,13,58,1,76,136,0,136,212
08/26/2019,YIP,MI,AGL,CE,Towers with Radar,9,29,20,0,58,0,1,19,0,20,9,30,39,0,78,16,0,16,94
08/27/2019,YIP,MI,AGL,CE,Towers with Radar,10,38,55,1,104,0,0,12,2,14,10,38,67,3,118,10,0,10,128
08/28/2019,YIP,MI,AGL,CE,Towers with Radar,17,36,55,0,108,0,0,54,0,54,17,36,109,0,162,64,0,64,226
08/29/2019,YIP,MI,AGL,CE,Towers with Radar,18,29,44,0,91,0,0,37,2,39,18,29,81,2,130,52,0,52,182
08/30/2019,YIP,MI,AGL,CE,Towers with Radar,10,33,38,0,81,0,0,71,2,73,10,33,109,2,154,106,0,106,260
08/31/2019,YIP,MI,AGL,CE,Towers with Radar,4,21,14,0,39,0,0,26,0,26,4,21,40,0,65,67,0,67,132
09/01/2019,YIP,MI,AGL,CE,Towers with Radar,1,13,16,0,30,0,0,7,1,8,1,13,23,1,38,53,0,53,91
09/02/2019,YIP,MI,AGL,CE,Towers with Radar,0,15,13,0,28,0,0,41,0,41,0,15,54,0,69,44,0,44,113
09/03/2019,YIP,MI,AGL,CE,Towers with Radar,2,10,17,0,29,0,0,11,0,11,2,10,28,0,40,14,0,14,54
09/04/2019,YIP,MI,AGL,CE,Towers with Radar,4,19,42,0,65,0,1,38,0,39,4,20,80,0,104,60,0,60,164
09/05/2019,YIP,MI,AGL,CE,Towers with Radar,1,18,36,2,57,0,0,56,2,58,1,18,92,4,115,165,0,165,280
09/06/2019,YIP,MI,AGL,CE,Towers with Radar,7,28,34,3,72,0,0,43,1,44,7,28,77,4,116,40,0,40,156
09/07/2019,YIP,MI,AGL,CE,Towers with Radar,5,23,39,0,67,0,0,42,2,44,5,23,81,2,111,72,0,72,183
09/08/2019,YIP,MI,AGL,CE,Towers with Radar,1,21,24,1,47,0,0,49,1,50,1,21,73,2,97,53,0,53,150
09/09/2019,YIP,MI,AGL,CE,Towers with Radar,1,24,28,1,54,0,1,48,0,49,1,25,76,1,103,152,0,152,255
09/10/2019,YIP,MI,AGL,CE,Towers with Radar,15,16,35,0,66,0,1,40,1,42,15,17,75,1,108,38,0,38,146
09/11/2019,YIP,MI,AGL,CE,Towers with Radar,14,37,30,0,81,0,0,36,0,36,14,37,66,0,117,30,0,30,147
09/12/2019,YIP,MI,AGL,CE,Towers with Radar,8,29,30,0,67,0,0,5,0,5,8,29,35,0,72,0,0,0,72
09/13/2019,YIP,MI,AGL,CE,Towers with Radar,11,18,26,0,55,0,0,18,0,18,11,18,44,0,73,15,0,15,88
09/14/2019,YIP,MI,AGL,CE,Towers with Radar,4,9,23,0,36,0,0,50,1,51,4,9,73,1,87,62,0,62,149
09/15/2019,YIP,MI,AGL,CE,Towers with Radar,5,14,19,0,38,0,0,45,1,46,5,14,64,1,84,40,0,40,124
09/16/2019,YIP,MI,AGL,CE,Towers with Radar,6,15,36,0,57,0,0,56,0,56,6,15,92,0,113,136,0,136,249
09/17/2019,YIP,MI,AGL,CE,Towers with Radar,4,21,42,0,67,0,1,35,1,37,4,22,77,1,104,84,0,84,188
09/18/2019,YIP,MI,AGL,CE,Towers with Radar,16,27,28,0,71,1,0,85,1,87,17,27,113,1,158,92,0,92,250
09/19/2019,YIP,MI,AGL,CE,Towers with Radar,14,26,52,0,92,0,4,84,0,88,14,30,136,0,180,64,0,64,244
09/20/2019,YIP,MI,AGL,CE,Towers with Radar,11,21,43,0,75,0,2,89,0,91,11,23,132,0,166,113,0,113,279
09/21/2019,YIP,MI,AGL,CE,Towers with Radar,9,18,19,0,46,0,0,46,0,46,9,18,65,0,92,44,0,44,136
09/22/2019,YIP,MI,AGL,CE,Towers with Radar,6,24,28,0,58,0,0,20,2,22,6,24,48,2,80,4,0,4,84
09/23/2019,YIP,MI,AGL,CE,Towers with Radar,5,24,32,0,61,0,0,23,0,23,5,24,55,0,84,101,0,101,185
09/24/2019,YIP,MI,AGL,CE,Towers with Radar,15,20,64,2,101,0,0,85,1,86,15,20,149,3,187,133,0,133,320
09/25/2019,YIP,MI,AGL,CE,Towers with Radar,12,28,26,0,66,0,0,38,1,39,12,28,64,1,105,37,0,37,142
09/26/2019,YIP,MI,AGL,CE,Towers with Radar,14,27,33,0,74,1,0,80,4,85,15,27,113,4,159,119,0,119,278
09/27/2019,YIP,MI,AGL,CE,Towers with Radar,35,25,25,2,87,0,1,65,0,66,35,26,90,2,153,98,0,98,251
09/28/2019,YIP,MI,AGL,CE,Towers with Radar,12,28,29,0,69,0,0,4,0,4,12,28,33,0,73,12,0,12,85
09/29/2019,YIP,MI,AGL,CE,Towers with Radar,5,18,20,0,43,0,0,1,0,1,5,18,21,0,44,12,0,12,56
09/30/2019,YIP,MI,AGL,CE,Towers with Radar,7,23,52,0,82,0,0,15,0,15,7,23,67,0,97,72,0,72,169
10/01/2019,YIP,MI,AGL,CE,Towers with Radar,18,31,50,0,99,0,0,66,0,66,18,31,116,0,165,76,0,76,241
10/02/2019,YIP,MI,AGL,CE,Towers with Radar,14,23,33,0,70,0,0,3,0,3,14,23,36,0,73,0,0,0,73
10/03/2019,YIP,MI,AGL,CE,Towers with Radar,21,23,35,1,80,0,0,2,0,2,21,23,37,1,82,0,0,0,82
10/04/2019,YIP,MI,AGL,CE,Towers with Radar,16,38,45,0,99,0,0,87,2,89,16,38,132,2,188,96,0,96,284
10/05/2019,YIP,MI,AGL,CE,Towers with Radar,8,30,51,0,89,0,0,50,1,51,8,30,101,1,140,46,0,46,186
10/06/2019,YIP,MI,AGL,CE,Towers with Radar,1,21,33,1,56,0,0,36,0,36,1,21,69,1,92,74,0,74,166
10/07/2019,YIP,MI,AGL,CE,Towers with Radar,7,20,47,0,74,0,0,74,0,74,7,20,121,0,148,101,0,101,249
10/08/2019,YIP,MI,AGL,CE,Towers with Radar,9,11,37,0,57,0,0,100,1,101,9,11,137,1,158,193,0,193,351
10/09/2019,YIP,MI,AGL,CE,Towers with Radar,13,16,27,1,57,0,0,68,1,69,13,16,95,2,126,133,0,133,259
10/10/2019,YIP,MI,AGL,CE,Towers with Radar,16,34,37,0,87,0,0,61,4,65,16,34,98,4,152,81,0,81,233
10/11/2019,YIP,MI,AGL,CE,Towers with Radar,7,44,33,0,84,0,0,31,0,31,7,44,64,0,115,81,0,81,196
10/12/2019,YIP,MI,AGL,CE,Towers with Radar,1,17,18,0,36,0,0,42,0,42,1,17,60,0,78,54,0,54,132
10/13/2019,YIP,MI,AGL,CE,Towers with Radar,0,10,20,0,30,0,0,24,1,25,0,10,44,1,55,9,0,9,64
10/14/2019,YIP,MI,AGL,CE,Towers with Radar,5,9,28,0,42,0,0,80,0,80,5,9,108,0,122,179,0,179,301
10/15/2019,YIP,MI,AGL,CE,Towers with Radar,8,22,39,0,69,0,0,73,3,76,8,22,112,3,145,158,0,158,303
10/16/2019,YIP,MI,AGL,CE,Towers with Radar,10,30,27,0,67,0,0,7,1,8,10,30,34,1,75,68,0,68,143
10/17/2019,YIP,MI,AGL,CE,Towers with Radar,9,18,34,0,61,0,0,38,0,38,9,18,72,0,99,43,0,43,142
10/18/2019,YIP,MI,AGL,CE,Towers with Radar,5,31,23,0,59,0,0,75,1,76,5,31,98,1,135,63,0,63,198
10/19/2019,YIP,MI,AGL,CE,Towers with Radar,0,15,45,0,60,0,0,75,0,75,0,15,120,0,135,98,0,98,233
10/20/2019,YIP,MI,AGL,CE,Towers with Radar,4,19,19,0,42,0,0,51,1,52,4,19,70,1,94,120,0,120,214
10/21/2019,YIP,MI,AGL,CE,Towers with Radar,3,12,42,0,57,0,0,24,0,24,3,12,66,0,81,41,0,41,122
10/22/2019,YIP,MI,AGL,CE,Towers with Radar,12,10,34,0,56,0,0,17,0,17,12,10,51,0,73,12,0,12,85
10/23/2019,YIP,MI,AGL,CE,Towers with Radar,15,12,25,0,52,0,0,32,5,37,15,12,57,5,89,10,0,10,99
10/24/2019,YIP,MI,AGL,CE,Towers with Radar,10,38,52,0,100,0,1,83,2,86,10,39,135,2,186,114,0,114,300
10/25/2019,YIP,MI,AGL,CE,Towers with Radar,8,36,41,0,85,0,3,74,2,79,8,39,115,2,164,49,0,49,213
10/26/2019,YIP,MI,AGL,CE,Towers with Radar,1,41,39,0,81,0,0,28,1,29,1,41,67,1,110,60,0,60,170
10/27/2019,YIP,MI,AGL,CE,Towers with Radar,3,53,53,0,109,0,0,11,0,11,3,53,64,0,120,32,0,32,152
10/28/2019,YIP,MI,AGL,CE,Towers with Radar,2,25,24,0,51,0,0,75,0,75,2,25,99,0,126,164,0,164,290
10/29/2019,YIP,MI,AGL,CE,Towers with Radar,11,13,67,0,91,0,1,24,0,25,11,14,91,0,116,86,0,86,202
10/30/2019,YIP,MI,AGL,CE,Towers with Radar,5,17,35,0,57,0,0,2,0,2,5,17,37,0,59,8,0,8,67
10/31/2019,YIP,MI,AGL,CE,Towers with Radar,11,19,12,0,42,0,0,0,0,0,11,19,12,0,42,0,0,0,42
11/01/2019,YIP,MI,AGL,CE,Towers with Radar,13,30,40,0,83,0,1,61,0,62,13,31,101,0,145,216,0,216,361
11/02/2019,YIP,MI,AGL,CE,Towers with Radar,3,12,17,0,32,0,0,22,0,22,3,12,39,0,54,127,0,127,181
11/03/2019,YIP,MI,AGL,CE,Towers with Radar,2,9,11,0,22,0,0,51,0,51,2,9,62,0,73,117,0,117,190
11/04/2019,YIP,MI,AGL,CE,Towers with Radar,5,15,35,0,55,0,0,29,0,29,5,15,64,0,84,90,0,90,174
11/05/2019,YIP,MI,AGL,CE,Towers with Radar,5,19,62,0,86,0,0,54,0,54,5,19,116,0,140,170,0,170,310
11/06/2019,YIP,MI,AGL,CE,Towers with Radar,6,26,42,0,74,0,1,56,1,58,6,27,98,1,132,222,0,222,354
11/07/2019,YIP,MI,AGL,CE,Towers with Radar,11,24,44,0,79,0,0,26,0,26,11,24,70,0,105,128,0,128,233
11/08/2019,YIP,MI,AGL,CE,Towers with Radar,11,23,33,0,67,0,1,62,2,65,11,24,95,2,132,111,0,111,243
11/09/2019,YIP,MI,AGL,CE,Towers with Radar,2,9,9,0,20,0,0,27,0,27,2,9,36,0,47,173,0,173,220
11/10/2019,YIP,MI,AGL,CE,Towers with Radar,6,16,25,0,47,0,0,16,0,16,6,16,41,0,63,165,0,165,228
11/11/2019,YIP,MI,AGL,CE,Towers with Radar,3,9,14,0,26,0,0,0,0,0,3,9,14,0,26,0,0,0,26
11/12/2019,YIP,MI,AGL,CE,Towers with Radar,8,18,55,0,81,0,0,27,0,27,8,18,82,0,108,113,0,113,221
11/13/2019,YIP,MI,AGL,CE,Towers with Radar,10,21,36,1,68,0,0,42,2,44,10,21,78,3,112,163,0,163,275
11/14/2019,YIP,MI,AGL,CE,Towers with Radar,20,32,30,0,82,0,0,29,2,31,20,32,59,2,113,179,0,179,292
11/15/2019,YIP,MI,AGL,CE,Towers with Radar,11,42,43,0,96,0,0,14,0,14,11,42,57,0,110,63,0,63,173
11/16/2019,YIP,MI,AGL,CE,Towers with Radar,10,38,26,0,74,0,0,69,2,71,10,38,95,2,145,182,0,182,327
11/17/2019,YIP,MI,AGL,CE,Towers with Radar,2,12,22,0,36,0,0,54,4,58,2,12,76,4,94,203,0,203,297
11/18/2019,YIP,MI,AGL,CE,Towers with Radar,15,22,33,0,70,0,0,57,0,57,15,22,90,0,127,122,0,122,249
11/19/2019,YIP,MI,AGL,CE,Towers with Radar,14,31,26,0,71,0,0,3,0,3,14,31,29,0,74,0,0,0,74
11/20/2019,YIP,MI,AGL,CE,Towers with Radar,21,46,43,0,110,0,0,20,2,22,21,46,63,2,132,222,0,222,354
11/21/2019,YIP,MI,AGL,CE,Towers with Radar,12,27,53,0,92,0,1,8,0,9,12,28,61,0,101,56,0,56,157
11/22/2019,YIP,MI,AGL,CE,Towers with Radar,12,44,19,0,75,0,0,47,1,48,12,44,66,1,123,108,0,108,231
11/23/2019,YIP,MI,AGL,CE,Towers with Radar,7,12,15,0,34,0,1,82,0,83,7,13,97,0,117,121,0,121,238
11/24/2019,YIP,MI,AGL,CE,Towers with Radar,4,18,23,2,47,0,0,47,0,47,4,18,70,2,94,149,0,149,243
11/25/2019,YIP,MI,AGL,CE,Towers with Radar,11,27,59,0,97,0,0,63,0,63,11,27,122,0,160,143,0,143,303
11/26/2019,YIP,MI,AGL,CE,Towers with Radar,21,34,46,0,101,0,0,46,0,46,21,34,92,0,147,191,0,191,338
11/27/2019,YIP,MI,AGL,CE,Towers with Radar,15,31,20,0,66,0,0,4,2,6,15,31,24,2,72,0,0,0,72
11/28/2019,YIP,MI,AGL,CE,Towers with Radar,11,25,8,0,44,0,0,9,0,9,11,25,17,0,53,0,0,0,53
11/29/2019,YIP,MI,AGL,CE,Towers with Radar,4,49,16,3,72,0,1,27,0,28,4,50,43,3,100,110,0,110,210
11/30/2019,YIP,MI,AGL,CE,Towers with Radar,1,58,48,0,107,0,0,3,2,5,1,58,51,2,112,78,0,78,190
12/01/2019,YIP,MI,AGL,CE,Towers with Radar,6,24,17,0,47,0,0,1,1,2,6,24,18,1,49,0,0,0,49
12/02/2019,YIP,MI,AGL,CE,Towers with Radar,9,18,22,3,52,0,0,3,0,3,9,18,25,3,55,10,0,10,65
12/03/2019,YIP,MI,AGL,CE,Towers with Radar,10,26,14,1,51,0,0,10,0,10,10,26,24,1,61,18,0,18,79
12/04/2019,YIP,MI,AGL,CE,Towers with Radar,17,24,25,1,67,0,0,6,1,7,17,24,31,2,74,43,1,44,118
12/05/2019,YIP,MI,AGL,CE,Towers with Radar,13,28,40,0,81,0,2,73,1,76,13,30,113,1,157,168,0,168,325
12/06/2019,YIP,MI,AGL,CE,Towers with Radar,18,15,24,0,57,0,1,21,1,23,18,16,45,1,80,17,0,17,97
12/07/2019,YIP,MI,AGL,CE,Towers with Radar,7,13,15,0,35,0,0,48,0,48,7,13,63,0,83,26,0,26,109
12/08/2019,YIP,MI,AGL,CE,Towers with Radar,3,21,14,0,38,0,0,3,0,3,3,21,17,0,41,2,0,2,43
12/09/2019,YIP,MI,AGL,CE,Towers with Radar,7,16,33,0,56,0,0,0,0,0,7,16,33,0,56,0,0,0,56
12/10/2019,YIP,MI,AGL,CE,Towers with Radar,17,17,28,0,62,0,0,3,0,3,17,17,31,0,65,4,0,4,69
12/11/2019,YIP,MI,AGL,CE,Towers with Radar,11,32,38,0,81,0,3,19,1,23,11,35,57,1,104,44,0,44,148
12/12/2019,YIP,MI,AGL,CE,Towers with Radar,10,30,43,0,83,0,3,63,2,68,10,33,106,2,151,90,0,90,241
12/13/2019,YIP,MI,AGL,CE,Towers with Radar,7,34,32,0,73,0,2,74,0,76,7,36,106,0,149,227,0,227,376
12/14/2019,YIP,MI,AGL,CE,Towers with Radar,9,13,16,0,38,0,0,25,0,25,9,13,41,0,63,160,0,160,223
12/15/2019,YIP,MI,AGL,CE,Towers with Radar,3,11,19,0,33,0,0,5,0,5,3,11,24,0,38,15,0,15,53
12/16/2019,YIP,MI,AGL,CE,Towers with Radar,10,22,34,0,66,0,0,56,0,56,10,22,90,0,122,163,0,163,285
12/17/2019,YIP,MI,AGL,CE,Towers with Radar,9,28,41,0,78,0,2,39,0,41,9,30,80,0,119,170,0,170,289
12/18/2019,YIP,MI,AGL,CE,Towers with Radar,14,34,34,0,82,0,0,27,0,27,14,34,61,0,109,18,0,18,127
12/19/2019,YIP,MI,AGL,CE,Towers with Radar,24,23,30,0,77,0,1,45,2,48,24,24,75,2,125,103,0,103,228
12/20/2019,YIP,MI,AGL,CE,Towers with Radar,8,20,28,0,56,0,0,49,1,50,8,20,77,1,106,125,0,125,231
12/21/2019,YIP,MI,AGL,CE,Towers with Radar,5,11,11,0,27,0,0,42,1,43,5,11,53,1,70,122,0,122,192
12/22/2019,YIP,MI,AGL,CE,Towers with Radar,2,17,4,0,23,0,0,26,1,27,2,17,30,1,50,109,0,109,159
12/23/2019,YIP,MI,AGL,CE,Towers with Radar,2,3,28,0,33,0,0,46,0,46,2,3,74,0,79,112,0,112,191
12/24/2019,YIP,MI,AGL,CE,Towers with Radar,0,14,8,0,22,0,0,0,0,0,0,14,8,0,22,0,0,0,22
12/25/2019,YIP,MI,AGL,CE,Towers with Radar,1,8,10,0,19,0,0,3,0,3,1,8,13,0,22,0,0,0,22
12/26/2019,YIP,MI,AGL,CE,Towers with Radar,8,12,35,0,55,0,2,4,1,7,8,14,39,1,62,2,0,2,64
12/27/2019,YIP,MI,AGL,CE,Towers with Radar,0,15,28,0,43,0,0,14,0,14,0,15,42,0,57,32,0,32,89
12/28/2019,YIP,MI,AGL,CE,Towers with Radar,1,15,28,0,44,0,0,22,0,22,1,15,50,0,66,30,0,30,96
12/29/2019,YIP,MI,AGL,CE,Towers with Radar,0,8,3,0,11,0,0,0,0,0,0,8,3,0,11,0,0,0,11
12/30/2019,YIP,MI,AGL,CE,Towers with Radar,9,11,6,0,26,0,0,2,0,2,9,11,8,0,28,6,0,6,34
12/31/2019,YIP,MI,AGL,CE,Towers with Radar,1,11,11,0,23,0,0,0,0,0,1,11,11,0,23,0,0,0,23
01/01/2020,YIP,MI,AGL,CE,Towers with Radar,4,8,8,0,20,0,0,10,0,10,4,8,18,0,30,18,0,18,48
01/02/2020,YIP,MI,AGL,CE,Towers with Radar,7,7,7,0,21,0,1,17,2,20,7,8,24,2,41,25,0,25,66
01/03/2020,YIP,MI,AGL,CE,Towers with Radar,3,14,24,0,41,0,0,3,1,4,3,14,27,1,45,45,0,45,90
01/04/2020,YIP,MI,AGL,CE,Towers with Radar,4,8,19,0,31,0,1,3,0,4,4,9,22,0,35,20,0,20,55
01/05/2020,YIP,MI,AGL,CE,Towers with Radar,2,17,18,0,37,0,0,10,0,10,2,17,28,0,47,24,0,24,71
01/06/2020,YIP,MI,AGL,CE,Towers with Radar,4,11,25,0,40,0,0,23,0,23,4,11,48,0,63,36,0,36,99
01/07/2020,YIP,MI,AGL,CE,Towers with Radar,4,22,36,0,62,0,0,40,0,40,4,22,76,0,102,52,0,52,154
01/08/2020,YIP,MI,AGL,CE,Towers with Radar,4,19,32,0,55,0,0,16,2,18,4,19,48,2,73,46,0,46,119
01/09/2020,YIP,MI,AGL,CE,Towers with Radar,3,19,23,0,45,0,0,38,2,40,3,19,61,2,85,92,0,92,177
01/10/2020,YIP,MI,AGL,CE,Towers with Radar,3,15,17,0,35,0,0,0,0,0,3,15,17,0,35,0,0,0,35
01/11/2020,YIP,MI,AGL,CE,Towers with Radar,4,4,2,0,10,0,0,0,0,0,4,4,2,0,10,0,0,0,10
01/12/2020,YIP,MI,AGL,CE,Towers with Radar,2,11,20,0,33,0,0,20,0,20,2,11,40,0,53,38,0,38,91
01/13/2020,YIP,MI,AGL,CE,Towers with Radar,2,16,13,0,31,0,0,8,0,8,2,16,21,0,39,106,0,106,145
01/14/2020,YIP,MI,AGL,CE,Towers with Radar,4,24,17,0,45,0,2,19,0,21,4,26,36,0,66,54,0,54,120
01/15/2020,YIP,MI,AGL,CE,Towers with Radar,1,16,29,0,46,0,0,37,2,39,1,16,66,2,85,199,0,199,284
01/16/2020,YIP,MI,AGL,CE,Towers with Radar,3,16,24,0,43,0,1,1,0,2,3,17,25,0,45,0,0,0,45
01/17/2020,YIP,MI,AGL,CE,Towers with Radar,8,12,48,0,68,0,0,82,0,82,8,12,130,0,150,174,0,174,324
01/18/2020,YIP,MI,AGL,CE,Towers with Radar,3,4,2,0,9,0,0,1,0,1,3,4,3,0,10,0,0,0,10
01/19/2020,YIP,MI,AGL,CE,Towers with Radar,0,7,10,0,17,0,0,2,0,2,0,7,12,0,19,0,0,0,19
01/20/2020,YIP,MI,AGL,CE,Towers with Radar,1,16,37,0,54,0,0,71,0,71,1,16,108,0,125,126,0,126,251
01/21/2020,YIP,MI,AGL,CE,Towers with Radar,2,11,49,0,62,0,0,74,0,74,2,11,123,0,136,242,0,242,378
01/22/2020,YIP,MI,AGL,CE,Towers with Radar,5,21,42,0,68,0,0,77,0,77,5,21,119,0,145,209,0,209,354
01/23/2020,YIP,MI,AGL,CE,Towers with Radar,6,31,55,0,92,0,1,76,0,77,6,32,131,0,169,192,0,192,361
01/24/2020,YIP,MI,AGL,CE,Towers with Radar,6,11,16,0,33,0,0,0,0,0,6,11,16,0,33,0,0,0,33
01/25/2020,YIP,MI,AGL,CE,Towers with Radar,3,13,5,0,21,0,0,0,0,0,3,13,5,0,21,0,0,0,21
01/26/2020,YIP,MI,AGL,CE,Towers with Radar,2,16,20,0,38,0,0,0,0,0,2,16,20,0,38,0,0,0,38
01/27/2020,YIP,MI,AGL,CE,Towers with Radar,2,11,16,0,29,0,3,14,0,17,2,14,30,0,46,63,0,63,109
01/28/2020,YIP,MI,AGL,CE,Towers with Radar,2,13,23,0,38,0,0,25,0,25,2,13,48,0,63,172,0,172,235
01/29/2020,YIP,MI,AGL,CE,Towers with Radar,4,12,22,0,38,0,1,27,1,29,4,13,49,1,67,255,0,255,322
01/30/2020,YIP,MI,AGL,CE,Towers with Radar,8,14,31,0,53,0,0,18,1,19,8,14,49,1,72,69,0,69,141
01/31/2020,YIP,MI,AGL,CE,Towers with Radar,4,11,27,0,42,0,0,22,0,22,4,11,49,0,64,109,0,109,173
02/01/2020,YIP,MI,AGL,CE,Towers with Radar,4,15,7,0,26,0,0,0,0,0,4,15,7,0,26,0,0,0,26
02/02/2020,YIP,MI,AGL,CE,Towers with Radar,3,4,12,0,19,0,0,14,0,14,3,4,26,0,33,34,0,34,67
02/03/2020,YIP,MI,AGL,CE,Towers with Radar,6,8,50,0,64,0,0,80,0,80,6,8,130,0,144,131,0,131,275
02/04/2020,YIP,MI,AGL,CE,Towers with Radar,4,15,41,0,60,0,0,33,0,33,4,15,74,0,93,112,0,112,205
02/05/2020,YIP,MI,AGL,CE,Towers with Radar,12,19,36,0,67,0,0,59,2,61,12,19,95,2,128,139,0,139,267
02/06/2020,YIP,MI,AGL,CE,Towers with Radar,4,18,16,0,38,0,0,2,0,2,4,18,18,0,40,8,0,8,48
02/07/2020,YIP,MI,AGL,CE,Towers with Radar,12,18,26,0,56,0,0,16,1,17,12,18,42,1,73,14,0,14,87
02/08/2020,YIP,MI,AGL,CE,Towers with Radar,8,8,22,0,38,0,0,24,0,24,8,8,46,0,62,201,0,201,263
02/09/2020,YIP,MI,AGL,CE,Towers with Radar,3,16,20,0,39,0,0,15,0,15,3,16,35,0,54,23,0,23,77
02/10/2020,YIP,MI,AGL,CE,Towers with Radar,5,17,18,0,40,0,0,6,0,6,5,17,24,0,46,24,0,24,70
02/11/2020,YIP,MI,AGL,CE,Towers with Radar,15,18,60,0,93,0,1,66,6,73,15,19,126,6,166,156,0,156,322
02/12/2020,YIP,MI,AGL,CE,Towers with Radar,1,23,37,0,61,0,0,57,2,59,1,23,94,2,120,118,0,118,238
02/13/2020,YIP,MI,AGL,CE,Towers with Radar,4,23,19,0,46,0,0,0,0,0,4,23,19,0,46,0,0,0,46
02/14/2020,YIP,MI,AGL,CE,Towers with Radar,13,15,36,0,64,0,0,52,1,53,13,15,88,1,117,190,0,190,307
02/15/2020,YIP,MI,AGL,CE,Towers with Radar,3,14,18,0,35,0,0,13,0,13,3,14,31,0,48,6,0,6,54
02/16/2020,YIP,MI,AGL,CE,Towers with Radar,2,13,22,0,37,0,0,33,0,33,2,13,55,0,70,97,0,97,167
02/17/2020,YIP,MI,AGL,CE,Towers with Radar,2,9,48,0,59,0,0,47,0,47,2,9,95,0,106,155,0,155,261
02/18/2020,YIP,MI,AGL,CE,Towers with Radar,7,11,27,0,45,0,1,0,0,1,7,12,27,0,46,0,0,0,46
02/19/2020,YIP,MI,AGL,CE,Towers with Radar,5,25,47,0,77,0,0,57,0,57,5,25,104,0,134,126,0,126,260
02/20/2020,YIP,MI,AGL,CE,Towers with Radar,7,20,43,0,70,0,4,51,1,56,7,24,94,1,126,87,0,87,213
02/21/2020,YIP,MI,AGL,CE,Towers with Radar,10,20,50,0,80,0,1,75,0,76,10,21,125,0,156,210,0,210,366
02/22/2020,YIP,MI,AGL,CE,Towers with Radar,4,11,21,0,36,0,0,32,0,32,4,11,53,0,68,130,0,130,198
02/23/2020,YIP,MI,AGL,CE,Towers with Radar,4,9,33,0,46,0,0,39,0,39,4,9,72,0,85,107,0,107,192
02/24/2020,YIP,MI,AGL,CE,Towers with Radar,6,19,42,0,67,0,0,23,0,23,6,19,65,0,90,119,0,119,209
02/25/2020,YIP,MI,AGL,CE,Towers with Radar,2,24,21,0,47,0,0,0,0,0,2,24,21,0,47,0,0,0,47
02/26/2020,YIP,MI,AGL,CE,Towers with Radar,3,17,15,0,35,0,0,0,0,0,3,17,15,0,35,0,0,0,35
02/27/2020,YIP,MI,AGL,CE,Towers with Radar,10,17,17,0,44,0,0,2,2,4,10,17,19,2,48,0,0,0,48
02/28/2020,YIP,MI,AGL,CE,Towers with Radar,2,27,36,0,65,0,1,12,1,14,2,28,48,1,79,0,0,0,79
02/29/2020,YIP,MI,AGL,CE,Towers with Radar,1,15,16,0,32,0,4,25,0,29,1,19,41,0,61,54,0,54,115
03/01/2020,YIP,MI,AGL,CE,Towers with Radar,1,13,16,0,30,0,0,25,0,25,1,13,41,0,55,39,0,39,94
03/02/2020,YIP,MI,AGL,CE,Towers with Radar,3,12,53,0,68,0,0,25,0,25,3,12,78,0,93,40,0,40,133
03/03/2020,YIP,MI,AGL,CE,Towers with Radar,8,24,43,0,75,0,0,31,2,33,8,24,74,2,108,148,0,148,256
03/04/2020,YIP,MI,AGL,CE,Towers with Radar,8,13,32,0,53,0,1,22,1,24,8,14,54,1,77,53,0,53,130
03/05/2020,YIP,MI,AGL,CE,Towers with Radar,6,13,36,0,55,0,10,64,1,75,6,23,100,1,130,217,0,217,347
03/06/2020,YIP,MI,AGL,CE,Towers with Radar,9,18,23,0,50,0,0,1,2,3,9,18,24,2,53,0,0,0,53
03/07/2020,YIP,MI,AGL,CE,Towers with Radar,5,15,34,0,54,0,0,53,0,53,5,15,87,0,107,89,0,89,196
03/08/2020,YIP,MI,AGL,CE,Towers with Radar,2,21,27,0,50,0,0,22,1,23,2,21,49,1,73,62,0,62,135
03/09/2020,YIP,MI,AGL,CE,Towers with Radar,6,14,60,0,80,0,0,24,0,24,6,14,84,0,104,30,0,30,134
03/10/2020,YIP,MI,AGL,CE,Towers with Radar,5,7,38,0,50,0,0,23,0,23,5,7,61,0,73,42,0,42,115
03/11/2020,YIP,MI,AGL,CE,Towers with Radar,5,23,36,0,64,0,0,5,0,5,5,23,41,0,69,45,0,45,114
03/12/2020,YIP,MI,AGL,CE,Towers with Radar,10,11,24,0,45,0,0,16,0,16,10,11,40,0,61,124,0,124,185
03/13/2020,YIP,MI,AGL,CE,Towers with Radar,7,25,29,0,61,0,0,3,0,3,7,25,32,0,64,0,0,0,64
03/14/2020,YIP,MI,AGL,CE,Towers with Radar,1,13,26,0,40,0,0,39,0,39,1,13,65,0,79,162,0,162,241
03/15/2020,YIP,MI,AGL,CE,Towers with Radar,1,16,30,0,47,0,0,55,0,55,1,16,85,0,102,157,0,157,259
03/16/2020,YIP,MI,AGL,CE,Towers with Radar,7,16,41,0,64,0,0,28,0,28,7,16,69,0,92,131,0,131,223
03/17/2020,YIP,MI,AGL,CE,Towers with Radar,9,15,39,0,63,0,0,51,0,51,9,15,90,0,114,154,0,154,268
03/18/2020,YIP,MI,AGL,CE,Towers with Radar,2,10,34,0,46,0,0,33,0,33,2,10,67,0,79,111,0,111,190
03/19/2020,YIP,MI,AGL,CE,Towers with Radar,3,16,15,0,34,0,0,0,0,0,3,16,15,0,34,0,0,0,34
03/20/2020,YIP,MI,AGL,CE,Towers with Radar,1,7,14,0,22,0,0,2,0,2,1,7,16,0,24,0,0,0,24
03/21/2020,YIP,MI,AGL,CE,Towers with Radar,2,4,17,1,24,0,0,42,0,42,2,4,59,1,66,116,0,116,182
03/22/2020,YIP,MI,AGL,CE,Towers with Radar,1,11,8,0,20,0,0,26,0,26,1,11,34,0,46,118,0,118,164
03/23/2020,YIP,MI,AGL,CE,Towers with Radar,1,11,4,0,16,0,0,3,0,3,1,11,7,0,19,8,0,8,27
03/24/2020,YIP,MI,AGL,CE,Towers with Radar,2,7,14,0,23,0,0,7,0,7,2,7,21,0,30,20,0,20,50
03/25/2020,YIP,MI,AGL,CE,Towers with Radar,3,1,4,0,8,0,0,21,0,21,3,1,25,0,29,32,0,32,61
03/26/2020,YIP,MI,AGL,CE,Towers with Radar,2,12,7,0,21,0,0,0,0,0,2,12,7,0,21,0,0,0,21
03/27/2020,YIP,MI,AGL,CE,Towers with Radar,0,4,6,0,10,0,0,3,0,3,0,4,9,0,13,0,0,0,13
03/28/2020,YIP,MI,AGL,CE,Towers with Radar,4,5,0,0,9,0,0,0,0,0,4,5,0,0,9,0,0,0,9
03/29/2020,YIP,MI,AGL,CE,Towers with Radar,1,6,3,0,10,0,0,0,0,0,1,6,3,0,10,0,0,0,10
03/30/2020,YIP,MI,AGL,CE,Towers with Radar,4,6,2,0,12,0,0,2,1,3,4,6,4,1,15,0,0,0,15
03/31/2020,YIP,MI,AGL,CE,Towers with Radar,2,2,0,0,4,0,0,2,0,2,2,2,2,0,6,4,0,4,10
04/01/2020,YIP,MI,AGL,CE,Towers with Radar,0,7,10,0,17,0,0,4,0,4,0,7,14,0,21,0,0,0,21
04/02/2020,YIP,MI,AGL,CE,Towers with Radar,0,2,3,0,5,0,0,10,0,10,0,2,13,0,15,0,0,0,15
04/03/2020,YIP,MI,AGL,CE,Towers with Radar,0,1,9,6,16,0,0,25,0,25,0,1,34,6,41,37,0,37,78
04/04/2020,YIP,MI,AGL,CE,Towers with Radar,1,3,2,0,6,0,0,3,0,3,1,3,5,0,9,11,0,11,20
04/05/2020,YIP,MI,AGL,CE,Towers with Radar,1,6,2,0,9,0,0,4,0,4,1,6,6,0,13,2,0,2,15
04/06/2020,YIP,MI,AGL,CE,Towers with Radar,1,4,5,0,10,0,0,8,0,8,1,4,13,0,18,0,0,0,18
04/07/2020,YIP,MI,AGL,CE,Towers with Radar,8,6,0,0,14,0,0,2,0,2,8,6,2,0,16,6,0,6,22
04/08/2020,YIP,MI,AGL,CE,Towers with Radar,4,2,7,0,13,0,0,14,0,14,4,2,21,0,27,18,0,18,45
04/09/2020,YIP,MI,AGL,CE,Towers with Radar,0,7,2,0,9,0,0,2,0,2,0,7,4,0,11,2,0,2,13
04/10/2020,YIP,MI,AGL,CE,Towers with Radar,0,4,6,0,10,0,0,3,0,3,0,4,9,0,13,0,0,0,13
04/11/2020,YIP,MI,AGL,CE,Towers with Radar,1,5,0,0,6,0,0,18,0,18,1,5,18,0,24,36,0,36,60
04/12/2020,YIP,MI,AGL,CE,Towers with Radar,0,4,6,0,10,0,0,10,0,10,0,4,16,0,20,0,0,0,20
04/13/2020,YIP,MI,AGL,CE,Towers with Radar,0,2,0,0,2,0,0,0,0,0,0,2,0,0,2,0,0,0,2
04/14/2020,YIP,MI,AGL,CE,Towers with Radar,3,5,9,0,17,0,0,7,0,7,3,5,16,0,24,0,0,0,24
04/15/2020,YIP,MI,AGL,CE,Towers with Radar,0,5,1,0,6,0,0,2,0,2,0,5,3,0,8,0,0,0,8
04/16/2020,YIP,MI,AGL,CE,Towers with Radar,0,1,4,0,5,0,0,20,0,20,0,1,24,0,25,0,0,0,25
04/17/2020,YIP,MI,AGL,CE,Towers with Radar,1,4,0,0,5,0,0,0,0,0,1,4,0,0,5,0,0,0,5
04/18/2020,YIP,MI,AGL,CE,Towers with Radar,1,13,2,0,16,0,0,15,0,15,1,13,17,0,31,2,0,2,33
04/19/2020,YIP,MI,AGL,CE,Towers with Radar,0,8,2,0,10,0,0,18,0,18,0,8,20,0,28,18,0,18,46
04/20/2020,YIP,MI,AGL,CE,Towers with Radar,0,3,2,0,5,0,0,20,0,20,0,3,22,0,25,6,0,6,31
04/21/2020,YIP,MI,AGL,CE,Towers with Radar,0,7,5,0,12,0,0,1,1,2,0,7,6,1,14,0,0,0,14
04/22/2020,YIP,MI,AGL,CE,Towers with Radar,0,14,3,0,17,0,0,15,0,15,0,14,18,0,32,0,0,0,32
04/23/2020,YIP,MI,AGL,CE,Towers with Radar,0,17,4,0,21,0,0,0,0,0,0,17,4,0,21,0,0,0,21
04/24/2020,YIP,MI,AGL,CE,Towers with Radar,1,5,17,0,23,0,0,11,0,11,1,5,28,0,34,16,0,16,50
04/25/2020,YIP,MI,AGL,CE,Towers with Radar,0,5,2,0,7,0,0,6,0,6,0,5,8,0,13,0,0,0,13
04/26/2020,YIP,MI,AGL,CE,Towers with Radar,0,8,5,0,13,0,1,8,0,9,0,9,13,0,22,0,0,0,22
04/27/2020,YIP,MI,AGL,CE,Towers with Radar,0,4,4,0,8,0,0,27,0,27,0,4,31,0,35,24,0,24,59
04/28/2020,YIP,MI,AGL,CE,Towers with Radar,1,3,14,0,18,0,0,20,0,20,1,3,34,0,38,4,0,4,42
04/29/2020,YIP,MI,AGL,CE,Towers with Radar,0,2,6,0,8,0,0,0,0,0,0,2,6,0,8,0,0,0,8
04/30/2020,YIP,MI,AGL,CE,Towers with Radar,2,6,6,0,14,0,0,0,0,0,2,6,6,0,14,0,0,0,14
05/01/2020,YIP,MI,AGL,CE,Towers with Radar,4,11,8,0,23,0,1,10,0,11,4,12,18,0,34,9,0,9,43
05/02/2020,YIP,MI,AGL,CE,Towers with Radar,0,9,11,0,20,0,2,15,0,17,0,11,26,0,37,30,0,30,67
05/03/2020,YIP,MI,AGL,CE,Towers with Radar,0,22,25,0,47,0,0,27,0,27,0,22,52,0,74,40,0,40,114
05/04/2020,YIP,MI,AGL,CE,Towers with Radar,0,11,12,0,23,0,0,19,0,19,0,11,31,0,42,11,0,11,53
05/05/2020,YIP,MI,AGL,CE,Towers with Radar,0,3,11,0,14,0,0,8,0,8,0,3,19,0,22,0,0,0,22
05/06/2020,YIP,MI,AGL,CE,Towers with Radar,1,7,17,0,25,0,0,21,0,21,1,7,38,0,46,10,0,10,56
05/07/2020,YIP,MI,AGL,CE,Towers with Radar,0,7,18,0,25,0,0,7,0,7,0,7,25,0,32,0,0,0,32
05/08/2020,YIP,MI,AGL,CE,Towers with Radar,0,4,17,0,21,0,0,5,1,6,0,4,22,1,27,2,0,2,29
05/09/2020,YIP,MI,AGL,CE,Towers with Radar,1,5,9,0,15,0,0,5,0,5,1,5,14,0,20,12,0,12,32
05/10/2020,YIP,MI,AGL,CE,Towers with Radar,0,8,4,0,12,0,0,3,0,3,0,8,7,0,15,0,0,0,15
05/11/2020,YIP,MI,AGL,CE,Towers with Radar,2,19,7,0,28,0,1,6,0,7,2,20,13,0,35,10,0,10,45
05/12/2020,YIP,MI,AGL,CE,Towers with Radar,1,6,13,0,20,0,1,18,0,19,1,7,31,0,39,25,0,25,64
05/13/2020,YIP,MI,AGL,CE,Towers with Radar,5,6,25,0,36,0,0,29,0,29,5,6,54,0,65,54,0,54,119
05/14/2020,YIP,MI,AGL,CE,Towers with Radar,4,13,7,0,24,0,0,0,0,0,4,13,7,0,24,0,0,0,24
05/15/2020,YIP,MI,AGL,CE,Towers with Radar,2,12,11,0,25,0,0,4,0,4,2,12,15,0,29,28,0,28,57
05/16/2020,YIP,MI,AGL,CE,Towers with Radar,0,0,20,0,20,0,0,31,2,33,0,0,51,2,53,43,0,43,96
05/17/2020,YIP,MI,AGL,CE,Towers with Radar,0,11,18,0,29,0,0,4,1,5,0,11,22,1,34,21,0,21,55
05/18/2020,YIP,MI,AGL,CE,Towers with Radar,0,3,9,0,12,0,0,0,0,0,0,3,9,0,12,0,0,0,12
05/19/2020,YIP,MI,AGL,CE,Towers with Radar,0,17,7,0,24,0,0,6,3,9,0,17,13,3,33,12,0,12,45
05/20/2020,YIP,MI,AGL,CE,Towers with Radar,1,7,22,2,32,0,1,81,0,82,1,8,103,2,114,143,0,143,257
05/21/2020,YIP,MI,AGL,CE,Towers with Radar,1,8,10,0,19,0,0,34,2,36,1,8,44,2,55,106,0,106,161
05/22/2020,YIP,MI,AGL,CE,Towers with Radar,0,7,16,0,23,0,0,2,1,3,0,7,18,1,26,22,0,22,48
05/23/2020,YIP,MI,AGL,CE,Towers with Radar,1,5,40,0,46,0,7,37,0,44,1,12,77,0,90,161,0,161,251
05/24/2020,YIP,MI,AGL,CE,Towers with Radar,2,5,17,0,24,0,0,31,0,31,2,5,48,0,55,122,0,122,177
05/25/2020,YIP,MI,AGL,CE,Towers with Radar,0,7,14,0,21,0,0,29,0,29,0,7,43,0,50,41,0,41,91
05/26/2020,YIP,MI,AGL,CE,Towers with Radar,0,11,45,0,56,0,0,65,0,65,0,11,110,0,121,203,0,203,324
05/27/2020,YIP,MI,AGL,CE,Towers with Radar,7,15,53,0,75,0,0,69,0,69,7,15,122,0,144,264,0,264,408
05/28/2020,YIP,MI,AGL,CE,Towers with Radar,0,8,16,0,24,0,3,22,0,25,0,11,38,0,49,215,0,215,264
05/29/2020,YIP,MI,AGL,CE,Towers with Radar,2,7,18,0,27,0,0,23,0,23,2,7,41,0,50,22,0,22,72
05/30/2020,YIP,MI,AGL,CE,Towers with Radar,1,5,14,0,20,0,0,32,2,34,1,5,46,2,54,27,0,27,81
05/31/2020,YIP,MI,AGL,CE,Towers with Radar,1,12,17,0,30,0,0,58,1,59,1,12,75,1,89,17,0,17,106
06/01/2020,YIP,MI,AGL,CE,Towers with Radar,3,7,46,2,58,0,0,57,0,57,3,7,103,2,115,88,0,88,203
06/02/2020,YIP,MI,AGL,CE,Towers with Radar,1,18,43,0,62,0,0,79,0,79,1,18,122,0,141,134,0,134,275
06/03/2020,YIP,MI,AGL,CE,Towers with Radar,3,12,17,0,32,0,1,29,0,30,3,13,46,0,62,29,0,29,91
06/04/2020,YIP,MI,AGL,CE,Towers with Radar,8,8,49,0,65,0,0,85,0,85,8,8,134,0,150,228,0,228,378
06/05/2020,YIP,MI,AGL,CE,Towers with Radar,0,16,29,0,45,0,2,39,0,41,0,18,68,0,86,48,0,48,134
06/06/2020,YIP,MI,AGL,CE,Towers with Radar,1,9,34,0,44,0,0,30,2,32,1,9,64,2,76,75,0,75,151
06/07/2020,YIP,MI,AGL,CE,Towers with Radar,2,10,34,0,46,0,0,43,1,44,2,10,77,1,90,68,0,68,158
06/08/2020,YIP,MI,AGL,CE,Towers with Radar,2,7,56,0,65,0,0,61,0,61,2,7,117,0,126,140,0,140,266
06/09/2020,YIP,MI,AGL,CE,Towers with Radar,7,10,28,0,45,0,0,44,0,44,7,10,72,0,89,102,0,102,191
06/10/2020,YIP,MI,AGL,CE,Towers with Radar,7,11,5,0,23,0,2,7,0,9,7,13,12,0,32,0,0,0,32
06/11/2020,YIP,MI,AGL,CE,Towers with Radar,5,12,37,0,54,0,0,21,0,21,5,12,58,0,75,42,0,42,117
06/12/2020,YIP,MI,AGL,CE,Towers with Radar,1,17,34,0,52,0,9,57,2,68,1,26,91,2,120,84,0,84,204
06/13/2020,YIP,MI,AGL,CE,Towers with Radar,1,8,43,0,52,0,0,74,0,74,1,8,117,0,126,177,0,177,303
06/14/2020,YIP,MI,AGL,CE,Towers with Radar,0,12,22,0,34,0,0,32,0,32,0,12,54,0,66,30,0,30,96
06/15/2020,YIP,MI,AGL,CE,Towers with Radar,1,10,34,0,45,0,0,76,0,76,1,10,110,0,121,106,0,106,227
06/16/2020,YIP,MI,AGL,CE,Towers with Radar,2,21,33,0,56,0,0,83,0,83,2,21,116,0,139,291,0,291,430
06/17/2020,YIP,MI,AGL,CE,Towers with Radar,3,11,40,1,55,0,2,81,0,83,3,13,121,1,138,174,0,174,312
06/18/2020,YIP,MI,AGL,CE,Towers with Radar,0,11,35,0,46,0,0,55,2,57,0,11,90,2,103,250,0,250,353
06/19/2020,YIP,MI,AGL,CE,Towers with Radar,3,12,29,0,44,0,1,53,0,54,3,13,82,0,98,171,0,171,269
06/20/2020,YIP,MI,AGL,CE,Towers with Radar,0,5,30,0,35,0,0,51,0,51,0,5,81,0,86,124,0,124,210
06/21/2020,YIP,MI,AGL,CE,Towers with Radar,0,9,15,0,24,0,0,23,0,23,0,9,38,0,47,68,0,68,115
06/22/2020,YIP,MI,AGL,CE,Towers with Radar,1,10,50,0,61,0,0,57,0,57,1,10,107,0,118,159,0,159,277
06/23/2020,YIP,MI,AGL,CE,Towers with Radar,1,17,7,2,27,0,0,3,0,3,1,17,10,2,30,21,0,21,51
06/24/2020,YIP,MI,AGL,CE,Towers with Radar,5,16,51,0,72,0,0,59,0,59,5,16,110,0,131,74,0,74,205
06/25/2020,YIP,MI,AGL,CE,Towers with Radar,2,16,30,0,48,0,0,70,0,70,2,16,100,0,118,100,0,100,218
06/26/2020,YIP,MI,AGL,CE,Towers with Radar,4,17,21,0,42,0,2,56,0,58,4,19,77,0,100,105,0,105,205
06/27/2020,YIP,MI,AGL,CE,Towers with Radar,2,14,28,0,44,0,0,19,0,19,2,14,47,0,63,143,0,143,206
06/28/2020,YIP,MI,AGL,CE,Towers with Radar,0,12,24,0,36,0,2,49,0,51,0,14,73,0,87,97,0,97,184
06/29/2020,YIP,MI,AGL,CE,Towers with Radar,0,16,32,0,48,0,1,59,0,60,0,17,91,0,108,170,0,170,278
06/30/2020,YIP,MI,AGL,CE,Towers with Radar,11,18,58,0,87,0,0,66,0,66,11,18,124,0,153,79,0,79,232
07/01/2020,YIP,MI,AGL,CE,Towers with Radar,2,16,40,0,58,0,0,59,0,59,2,16,99,0,117,155,0,155,272
07/02/2020,YIP,MI,AGL,CE,Towers with Radar,4,21,33,0,58,0,0,59,0,59,4,21,92,0,117,192,0,192,309
07/03/2020,YIP,MI,AGL,CE,Towers with Radar,0,18,37,0,55,0,2,29,0,31,0,20,66,0,86,35,0,35,121
07/04/2020,YIP,MI,AGL,CE,Towers with Radar,0,5,11,0,16,0,0,30,0,30,0,5,41,0,46,15,0,15,61
07/05/2020,YIP,MI,AGL,CE,Towers with Radar,0,10,34,0,44,0,0,54,0,54,0,10,88,0,98,61,0,61,159
07/06/2020,YIP,MI,AGL,CE,Towers with Radar,3,6,32,0,41,0,0,44,0,44,3,6,76,0,85,124,0,124,209
07/07/2020,YIP,MI,AGL,CE,Towers with Radar,1,12,33,0,46,0,0,55,0,55,1,12,88,0,101,127,0,127,228
07/08/2020,YIP,MI,AGL,CE,Towers with Radar,7,13,27,0,47,0,1,51,0,52,7,14,78,0,99,102,0,102,201
07/09/2020,YIP,MI,AGL,CE,Towers with Radar,13,19,27,0,59,1,1,44,0,46,14,20,71,0,105,88,0,88,193
07/10/2020,YIP,MI,AGL,CE,Towers with Radar,10,12,13,0,35,0,0,18,0,18,10,12,31,0,53,76,0,76,129
07/11/2020,YIP,MI,AGL,CE,Towers with Radar,1,10,29,0,40,0,0,42,0,42,1,10,71,0,82,11,0,11,93
07/12/2020,YIP,MI,AGL,CE,Towers with Radar,0,9,47,0,56,0,0,52,0,52,0,9,99,0,108,85,0,85,193
07/13/2020,YIP,MI,AGL,CE,Towers with Radar,1,13,65,0,79,0,0,50,0,50,1,13,115,0,129,74,0,74,203
07/14/2020,YIP,MI,AGL,CE,Towers with Radar,1,11,56,0,68,0,0,81,2,83,1,11,137,2,151,169,0,169,320
07/15/2020,YIP,MI,AGL,CE,Towers with Radar,1,13,38,2,54,0,0,62,0,62,1,13,100,2,116,123,0,123,239
07/16/2020,YIP,MI,AGL,CE,Towers with Radar,2,19,36,0,57,0,0,7,0,7,2,19,43,0,64,43,0,43,107
07/17/2020,YIP,MI,AGL,CE,Towers with Radar,0,6,52,0,58,0,0,74,1,75,0,6,126,1,133,123,0,123,256
07/18/2020,YIP,MI,AGL,CE,Towers with Radar,1,12,19,0,32,0,0,46,0,46,1,12,65,0,78,95,0,95,173
07/19/2020,YIP,MI,AGL,CE,Towers with Radar,2,15,14,0,31,0,1,21,0,22,2,16,35,0,53,81,0,81,134
07/20/2020,YIP,MI,AGL,CE,Towers with Radar,3,8,46,0,57,0,0,77,0,77,3,8,123,0,134,167,0,167,301
07/21/2020,YIP,MI,AGL,CE,Towers with Radar,5,14,42,0,61,0,1,67,0,68,5,15,109,0,129,215,0,215,344
07/22/2020,YIP,MI,AGL,CE,Towers with Radar,7,16,27,0,50,0,0,13,1,14,7,16,40,1,64,66,0,66,130
07/23/2020,YIP,MI,AGL,CE,Towers with Radar,7,12,69,0,88,0,0,59,0,59,7,12,128,0,147,132,0,132,279
07/24/2020,YIP,MI,AGL,CE,Towers with Radar,7,17,52,0,76,0,0,59,0,59,7,17,111,0,135,91,0,91,226
07/25/2020,YIP,MI,AGL,CE,Towers with Radar,2,12,20,0,34,0,0,44,0,44,2,12,64,0,78,73,0,73,151
07/26/2020,YIP,MI,AGL,CE,Towers with Radar,0,12,25,0,37,0,0,36,0,36,0,12,61,0,73,119,0,119,192
07/27/2020,YIP,MI,AGL,CE,Towers with Radar,0,16,30,0,46,0,0,28,0,28,0,16,58,0,74,110,0,110,184
07/28/2020,YIP,MI,AGL,CE,Towers with Radar,4,25,50,0,79,0,0,63,0,63,4,25,113,0,142,103,0,103,245
07/29/2020,YIP,MI,AGL,CE,Towers with Radar,11,37,27,0,75,0,0,39,0,39,11,37,66,0,114,85,0,85,199
07/30/2020,YIP,MI,AGL,CE,Towers with Radar,11,23,54,0,88,0,0,70,0,70,11,23,124,0,158,155,0,155,313
07/31/2020,YIP,MI,AGL,CE,Towers with Radar,6,14,67,0,87,0,0,46,0,46,6,14,113,0,133,68,0,68,201
08/01/2020,YIP,MI,AGL,CE,Towers with Radar,5,18,32,0,55,0,0,31,0,31,5,18,63,0,86,22,0,22,108
08/02/2020,YIP,MI,AGL,CE,Towers with Radar,3,12,33,0,48,0,0,25,0,25,3,12,58,0,73,6,0,6,79
08/03/2020,YIP,MI,AGL,CE,Towers with Radar,5,19,73,0,97,0,0,54,0,54,5,19,127,0,151,146,0,146,297
08/04/2020,YIP,MI,AGL,CE,Towers with Radar,5,15,53,0,73,0,1,32,0,33,5,16,85,0,106,78,0,78,184
08/05/2020,YIP,MI,AGL,CE,Towers with Radar,4,15,45,0,64,0,1,71,0,72,4,16,116,0,136,135,0,135,271
08/06/2020,YIP,MI,AGL,CE,Towers with Radar,7,27,51,0,85,0,8,57,0,65,7,35,108,0,150,200,0,200,350
08/07/2020,YIP,MI,AGL,CE,Towers with Radar,16,21,77,0,114,0,0,56,1,57,16,21,133,1,171,131,0,131,302
08/08/2020,YIP,MI,AGL,CE,Towers with Radar,6,12,28,0,46,0,0,67,2,69,6,12,95,2,115,77,0,77,192
08/09/2020,YIP,MI,AGL,CE,Towers with Radar,2,9,53,0,64,0,0,42,0,42,2,9,95,0,106,108,0,108,214
08/10/2020,YIP,MI,AGL,CE,Towers with Radar,6,11,43,0,60,0,2,44,0,46,6,13,87,0,106,52,0,52,158
08/11/2020,YIP,MI,AGL,CE,Towers with Radar,15,19,36,0,70,0,0,26,0,26,15,19,62,0,96,26,0,26,122
08/12/2020,YIP,MI,AGL,CE,Towers with Radar,7,17,40,0,64,0,0,57,0,57,7,17,97,0,121,36,0,36,157
08/13/2020,YIP,MI,AGL,CE,Towers with Radar,6,29,29,0,64,0,0,34,0,34,6,29,63,0,98,29,0,29,127
08/14/2020,YIP,MI,AGL,CE,Towers with Radar,10,31,35,0,76,0,0,20,0,20,10,31,55,0,96,5,0,5,101
08/15/2020,YIP,MI,AGL,CE,Towers with Radar,6,7,26,3,42,0,0,44,4,48,6,7,70,7,90,14,0,14,104
08/16/2020,YIP,MI,AGL,CE,Towers with Radar,3,9,42,0,54,0,0,26,0,26,3,9,68,0,80,78,0,78,158
08/17/2020,YIP,MI,AGL,CE,Towers with Radar,5,17,25,0,47,0,0,23,0,23,5,17,48,0,70,99,0,99,169
08/18/2020,YIP,MI,AGL,CE,Towers with Radar,9,23,19,2,53,0,0,27,0,27,9,23,46,2,80,37,0,37,117
08/19/2020,YIP,MI,AGL,CE,Towers with Radar,13,21,71,0,105,0,0,43,0,43,13,21,114,0,148,13,0,13,161
08/20/2020,YIP,MI,AGL,CE,Towers with Radar,8,18,29,0,55,0,0,25,0,25,8,18,54,0,80,12,0,12,92
08/21/2020,YIP,MI,AGL,CE,Towers with Radar,3,18,35,1,57,0,2,35,0,37,3,20,70,1,94,96,0,96,190
08/22/2020,YIP,MI,AGL,CE,Towers with Radar,5,10,41,0,56,0,1,41,1,43,5,11,82,1,99,53,0,53,152
08/23/2020,YIP,MI,AGL,CE,Towers with Radar,3,22,26,0,51,0,0,34,0,34,3,22,60,0,85,34,0,34,119
08/24/2020,YIP,MI,AGL,CE,Towers with Radar,7,13,28,0,48,0,0,38,0,38,7,13,66,0,86,44,0,44,130
08/25/2020,YIP,MI,AGL,CE,Towers with Radar,4,27,27,0,58,0,1,28,0,29,4,28,55,0,87,116,0,116,203
08/26/2020,YIP,MI,AGL,CE,Towers with Radar,7,30,30,0,67,0,0,22,0,22,7,30,52,0,89,38,0,38,127
08/27/2020,YIP,MI,AGL,CE,Towers with Radar,10,19,26,0,55,0,0,19,0,19,10,19,45,0,74,12,0,12,86
08/28/2020,YIP,MI,AGL,CE,Towers with Radar,8,19,23,0,50,0,0,2,0,2,8,19,25,0,52,0,0,0,52
08/29/2020,YIP,MI,AGL,CE,Towers with Radar,6,17,25,1,49,0,0,31,0,31,6,17,56,1,80,11,0,11,91
08/30/2020,YIP,MI,AGL,CE,Towers with Radar,4,12,45,0,61,0,0,48,0,48,4,12,93,0,109,29,0,29,138
08/31/2020,YIP,MI,AGL,CE,Towers with Radar,10,14,41,0,65,0,2,24,0,26,10,16,65,0,91,4,0,4,95
09/01/2020,YIP,MI,AGL,CE,Towers with Radar,9,18,26,0,53,0,0,17,0,17,9,18,43,0,70,64,0,64,134
09/02/2020,YIP,MI,AGL,CE,Towers with Radar,7,22,28,0,57,0,0,14,0,14,7,22,42,0,71,35,0,35,106
09/03/2020,YIP,MI,AGL,CE,Towers with Radar,13,23,16,0,52,0,0,14,0,14,13,23,30,0,66,30,0,30,96
09/04/2020,YIP,MI,AGL,CE,Towers with Radar,13,24,26,1,64,0,0,44,2,46,13,24,70,3,110,50,0,50,160
09/05/2020,YIP,MI,AGL,CE,Towers with Radar,10,2,21,0,33,0,0,27,0,27,10,2,48,0,60,40,0,40,100
09/06/2020,YIP,MI,AGL,CE,Towers with Radar,0,9,17,0,26,0,0,39,0,39,0,9,56,0,65,15,0,15,80
09/07/2020,YIP,MI,AGL,CE,Towers with Radar,0,16,12,0,28,0,0,21,0,21,0,16,33,0,49,50,0,50,99
09/08/2020,YIP,MI,AGL,CE,Towers with Radar,6,17,13,0,36,0,0,0,0,0,6,17,13,0,36,0,0,0,36
09/09/2020,YIP,MI,AGL,CE,Towers with Radar,2,16,38,0,56,0,0,2,0,2,2,16,40,0,58,2,0,2,60
09/10/2020,YIP,MI,AGL,CE,Towers with Radar,11,22,29,2,64,0,6,2,0,8,11,28,31,2,72,0,0,0,72
09/11/2020,YIP,MI,AGL,CE,Towers with Radar,7,23,32,0,62,0,0,31,6,37,7,23,63,6,99,76,0,76,175
09/12/2020,YIP,MI,AGL,CE,Towers with Radar,2,6,28,0,36,0,1,36,0,37,2,7,64,0,73,15,0,15,88
09/13/2020,YIP,MI,AGL,CE,Towers with Radar,13,13,9,0,35,0,0,17,0,17,13,13,26,0,52,43,0,43,95
09/14/2020,YIP,MI,AGL,CE,Towers with Radar,15,15,35,0,65,0,0,36,2,38,15,15,71,2,103,27,0,27,130
09/15/2020,YIP,MI,AGL,CE,Towers with Radar,15,23,30,0,68,0,0,32,0,32,15,23,62,0,100,40,0,40,140
09/16/2020,YIP,MI,AGL,CE,Towers with Radar,11,25,19,1,56,0,2,33,2,37,11,27,52,3,93,33,0,33,126
09/17/2020,YIP,MI,AGL,CE,Towers with Radar,18,18,36,2,74,0,0,24,0,24,18,18,60,2,98,33,0,33,131
09/18/2020,YIP,MI,AGL,CE,Towers with Radar,17,35,29,2,83,0,1,27,0,28,17,36,56,2,111,69,0,69,180
09/19/2020,YIP,MI,AGL,CE,Towers with Radar,5,12,20,0,37,0,0,36,0,36,5,12,56,0,73,51,0,51,124
09/20/2020,YIP,MI,AGL,CE,Towers with Radar,2,29,30,0,61,0,1,22,0,23,2,30,52,0,84,10,0,10,94
09/21/2020,YIP,MI,AGL,CE,Towers with Radar,7,20,26,1,54,0,0,13,3,16,7,20,39,4,70,16,0,16,86
09/22/2020,YIP,MI,AGL,CE,Towers with Radar,15,36,38,0,89,0,0,40,0,40,15,36,78,0,129,21,0,21,150
09/23/2020,YIP,MI,AGL,CE,Towers with Radar,9,38,23,1,71,0,0,23,0,23,9,38,46,1,94,36,0,36,130
09/24/2020,YIP,MI,AGL,CE,Towers with Radar,8,28,29,16,81,0,0,9,0,9,8,28,38,16,90,35,0,35,125
09/25/2020,YIP,MI,AGL,CE,Towers with Radar,13,9,23,0,45,0,0,32,0,32,13,9,55,0,77,40,0,40,117
09/26/2020,YIP,MI,AGL,CE,Towers with Radar,5,18,29,0,52,0,1,34,1,36,5,19,63,1,88,41,0,41,129
09/27/2020,YIP,MI,AGL,CE,Towers with Radar,3,18,19,0,40,0,0,31,1,32,3,18,50,1,72,6,0,6,78
09/28/2020,YIP,MI,AGL,CE,Towers with Radar,8,21,25,0,54,0,0,2,0,2,8,21,27,0,56,10,0,10,66
09/29/2020,YIP,MI,AGL,CE,Towers with Radar,11,29,31,0,71,0,0,14,0,14,11,29,45,0,85,44,0,44,129
09/30/2020,YIP,MI,AGL,CE,Towers with Radar,7,19,20,1,47,0,0,8,0,8,7,19,28,1,55,9,0,9,64
10/01/2020,YIP,MI,AGL,CE,Towers with Radar,14,33,24,6,77,0,0,10,0,10,14,33,34,6,87,44,0,44,131
10/02/2020,YIP,MI,AGL,CE,Towers with Radar,9,20,27,3,59,0,0,40,0,40,9,20,67,3,99,28,0,28,127
10/03/2020,YIP,MI,AGL,CE,Towers with Radar,7,22,13,1,43,0,0,33,0,33,7,22,46,1,76,73,0,73,149
10/04/2020,YIP,MI,AGL,CE,Towers with Radar,3,17,22,0,42,0,0,3,0,3,3,17,25,0,45,21,0,21,66
10/05/2020,YIP,MI,AGL,CE,Towers with Radar,10,25,18,0,53,0,0,17,0,17,10,25,35,0,70,46,0,46,116
10/06/2020,YIP,MI,AGL,CE,Towers with Radar,14,20,40,0,74,0,0,9,0,9,14,20,49,0,83,40,0,40,123
10/07/2020,YIP,MI,AGL,CE,Towers with Radar,9,25,14,0,48,0,1,20,1,22,9,26,34,1,70,9,0,9,79
10/08/2020,YIP,MI,AGL,CE,Towers with Radar,8,23,20,0,51,0,0,40,0,40,8,23,60,0,91,96,0,96,187
10/09/2020,YIP,MI,AGL,CE,Towers with Radar,10,25,28,0,63,0,0,23,0,23,10,25,51,0,86,99,0,99,185
10/10/2020,YIP,MI,AGL,CE,Towers with Radar,5,16,16,0,37,0,0,16,0,16,5,16,32,0,53,4,0,4,57
10/11/2020,YIP,MI,AGL,CE,Towers with Radar,8,14,33,0,55,0,0,39,0,39,8,14,72,0,94,54,0,54,148
10/12/2020,YIP,MI,AGL,CE,Towers with Radar,6,16,26,0,48,0,0,7,0,7,6,16,33,0,55,12,0,12,67
10/13/2020,YIP,MI,AGL,CE,Towers with Radar,14,17,42,0,73,0,0,35,0,35,14,17,77,0,108,45,0,45,153
10/14/2020,YIP,MI,AGL,CE,Towers with Radar,15,30,28,0,73,0,0,18,0,18,15,30,46,0,91,32,0,32,123
10/15/2020,YIP,MI,AGL,CE,Towers with Radar,29,23,32,2,86,0,0,13,0,13,29,23,45,2,99,17,0,17,116
10/16/2020,YIP,MI,AGL,CE,Towers with Radar,14,24,32,0,70,0,0,54,0,54,14,24,86,0,124,72,0,72,196
10/17/2020,YIP,MI,AGL,CE,Towers with Radar,9,16,22,4,51,0,1,34,0,35,9,17,56,4,86,24,0,24,110
10/18/2020,YIP,MI,AGL,CE,Towers with Radar,3,22,20,0,45,0,0,17,0,17,3,22,37,0,62,38,0,38,100
10/19/2020,YIP,MI,AGL,CE,Towers with Radar,15,15,19,0,49,0,0,11,0,11,15,15,30,0,60,22,0,22,82
10/20/2020,YIP,MI,AGL,CE,Towers with Radar,18,26,41,0,85,0,0,15,0,15,18,26,56,0,100,2,0,2,102
10/21/2020,YIP,MI,AGL,CE,Towers with Radar,13,21,32,0,66,0,0,24,0,24,13,21,56,0,90,98,0,98,188
10/22/2020,YIP,MI,AGL,CE,Towers with Radar,26,29,38,0,93,0,0,0,0,0,26,29,38,0,93,0,0,0,93
10/23/2020,YIP,MI,AGL,CE,Towers with Radar,11,20,22,0,53,0,0,8,0,8,11,20,30,0,61,19,0,19,80
10/24/2020,YIP,MI,AGL,CE,Towers with Radar,10,19,33,0,62,0,0,62,0,62,10,19,95,0,124,53,0,53,177
10/25/2020,YIP,MI,AGL,CE,Towers with Radar,9,17,37,0,63,0,1,23,0,24,9,18,60,0,87,67,0,67,154
10/26/2020,YIP,MI,AGL,CE,Towers with Radar,10,16,23,0,49,0,0,15,0,15,10,16,38,0,64,16,0,16,80
10/27/2020,YIP,MI,AGL,CE,Towers with Radar,11,35,27,4,77,0,0,7,0,7,11,35,34,4,84,16,0,16,100
10/28/2020,YIP,MI,AGL,CE,Towers with Radar,11,36,45,0,92,0,19,45,0,64,11,55,90,0,156,63,0,63,219
10/29/2020,YIP,MI,AGL,CE,Towers with Radar,9,32,32,0,73,0,0,15,0,15,9,32,47,0,88,9,0,9,97
10/30/2020,YIP,MI,AGL,CE,Towers with Radar,10,35,39,0,84,0,0,18,0,18,10,35,57,0,102,38,0,38,140
10/31/2020,YIP,MI,AGL,CE,Towers with Radar,5,12,39,0,56,0,0,37,0,37,5,12,76,0,93,82,0,82,175
11/01/2020,YIP,MI,AGL,CE,Towers with Radar,5,22,16,0,43,0,0,0,0,0,5,22,16,0,43,0,0,0,43
11/02/2020,YIP,MI,AGL,CE,Towers with Radar,8,35,29,0,72,0,0,17,0,17,8,35,46,0,89,18,0,18,107
11/03/2020,YIP,MI,AGL,CE,Towers with Radar,11,38,29,0,78,0,0,40,0,40,11,38,69,0,118,110,0,110,228
11/04/2020,YIP,MI,AGL,CE,Towers with Radar,15,23,25,2,65,0,0,39,0,39,15,23,64,2,104,68,0,68,172
11/05/2020,YIP,MI,AGL,CE,Towers with Radar,12,23,38,0,73,0,1,21,0,22,12,24,59,0,95,56,0,56,151
11/06/2020,YIP,MI,AGL,CE,Towers with Radar,12,17,38,0,67,0,0,32,0,32,12,17,70,0,99,120,0,120,219
11/07/2020,YIP,MI,AGL,CE,Towers with Radar,7,16,17,0,40,0,1,36,0,37,7,17,53,0,77,106,0,106,183
11/08/2020,YIP,MI,AGL,CE,Towers with Radar,4,16,25,0,45,0,0,35,0,35,4,16,60,0,80,29,0,29,109
11/09/2020,YIP,MI,AGL,CE,Towers with Radar,4,26,27,0,57,0,0,28,0,28,4,26,55,0,85,92,0,92,177
11/10/2020,YIP,MI,AGL,CE,Towers with Radar,14,22,30,1,67,0,0,15,0,15,14,22,45,1,82,11,0,11,93
11/11/2020,YIP,MI,AGL,CE,Towers with Radar,7,27,38,1,73,0,0,36,0,36,7,27,74,1,109,71,0,71,180
11/12/2020,YIP,MI,AGL,CE,Towers with Radar,6,25,40,1,72,0,0,30,1,31,6,25,70,2,103,24,0,24,127
11/13/2020,YIP,MI,AGL,CE,Towers with Radar,5,19,30,1,55,0,0,12,0,12,5,19,42,1,67,47,0,47,114
11/14/2020,YIP,MI,AGL,CE,Towers with Radar,5,9,21,0,35,0,0,35,0,35,5,9,56,0,70,107,0,107,177
11/15/2020,YIP,MI,AGL,CE,Towers with Radar,5,11,9,2,27,0,2,1,0,3,5,13,10,2,30,0,0,0,30
11/16/2020,YIP,MI,AGL,CE,Towers with Radar,11,18,23,2,54,0,0,3,0,3,11,18,26,2,57,28,0,28,85
11/17/2020,YIP,MI,AGL,CE,Towers with Radar,15,31,14,0,60,0,0,5,0,5,15,31,19,0,65,40,0,40,105
11/18/2020,YIP,MI,AGL,CE,Towers with Radar,6,27,26,0,59,0,0,50,1,51,6,27,76,1,110,83,0,83,193
11/19/2020,YIP,MI,AGL,CE,Towers with Radar,14,35,21,0,70,0,0,1,0,1,14,35,22,0,71,10,0,10,81
11/20/2020,YIP,MI,AGL,CE,Towers with Radar,9,29,14,0,52,0,0,27,0,27,9,29,41,0,79,92,0,92,171
11/21/2020,YIP,MI,AGL,CE,Towers with Radar,6,12,22,0,40,0,0,35,0,35,6,12,57,0,75,98,0,98,173
11/22/2020,YIP,MI,AGL,CE,Towers with Radar,13,13,0,0,26,0,0,1,0,1,13,13,1,0,27,0,0,0,27
11/23/2020,YIP,MI,AGL,CE,Towers with Radar,10,31,18,0,59,0,1,25,0,26,10,32,43,0,85,26,0,26,111
11/24/2020,YIP,MI,AGL,CE,Towers with Radar,11,38,21,1,71,0,0,16,0,16,11,38,37,1,87,20,0,20,107
11/25/2020,YIP,MI,AGL,CE,Towers with Radar,6,45,28,0,79,0,0,0,0,0,6,45,28,0,79,0,0,0,79
11/26/2020,YIP,MI,AGL,CE,Towers with Radar,4,18,7,0,29,0,0,5,0,5,4,18,12,0,34,0,0,0,34
11/27/2020,YIP,MI,AGL,CE,Towers with Radar,10,28,23,0,61,0,0,12,0,12,10,28,35,0,73,52,0,52,125
11/28/2020,YIP,MI,AGL,CE,Towers with Radar,6,15,32,0,53,0,2,48,0,50,6,17,80,0,103,89,0,89,192
11/29/2020,YIP,MI,AGL,CE,Towers with Radar,3,12,28,0,43,0,0,33,0,33,3,12,61,0,76,94,0,94,170
11/30/2020,YIP,MI,AGL,CE,Towers with Radar,7,11,10,0,28,0,0,0,0,0,7,11,10,0,28,0,0,0,28
12/01/2020,YIP,MI,AGL,CE,Towers with Radar,9,19,8,2,38,0,0,1,0,1,9,19,9,2,39,5,0,5,44
12/02/2020,YIP,MI,AGL,CE,Towers with Radar,9,27,24,1,61,0,0,22,0,22,9,27,46,1,83,70,0,70,153
12/03/2020,YIP,MI,AGL,CE,Towers with Radar,13,42,29,0,84,0,0,36,0,36,13,42,65,0,120,12,0,12,132
12/04/2020,YIP,MI,AGL,CE,Towers with Radar,15,29,26,0,70,0,2,29,2,33,15,31,55,2,103,50,0,50,153
12/05/2020,YIP,MI,AGL,CE,Towers with Radar,6,20,14,0,40,0,0,33,0,33,6,20,47,0,73,44,0,44,117
12/06/2020,YIP,MI,AGL,CE,Towers with Radar,4,8,10,3,25,0,0,15,0,15,4,8,25,3,40,56,0,56,96
12/07/2020,YIP,MI,AGL,CE,Towers with Radar,9,19,17,0,45,0,0,18,0,18,9,19,35,0,63,35,0,35,98
12/08/2020,YIP,MI,AGL,CE,Towers with Radar,12,37,21,0,70,0,2,24,0,26,12,39,45,0,96,60,0,60,156
12/09/2020,YIP,MI,AGL,CE,Towers with Radar,17,39,22,0,78,0,1,7,1,9,17,40,29,1,87,0,0,0,87
12/10/2020,YIP,MI,AGL,CE,Towers with Radar,14,29,27,0,70,0,0,21,0,21,14,29,48,0,91,36,0,36,127
12/11/2020,YIP,MI,AGL,CE,Towers with Radar,14,40,41,1,96,0,0,21,0,21,14,40,62,1,117,35,0,35,152
12/12/2020,YIP,MI,AGL,CE,Towers with Radar,4,21,5,1,31,0,0,3,0,3,4,21,8,1,34,8,0,8,42
12/13/2020,YIP,MI,AGL,CE,Towers with Radar,6,11,16,0,33,0,0,6,0,6,6,11,22,0,39,79,0,79,118
12/14/2020,YIP,MI,AGL,CE,Towers with Radar,12,25,25,0,62,0,0,9,0,9,12,25,34,0,71,27,0,27,98
12/15/2020,YIP,MI,AGL,CE,Towers with Radar,6,36,34,2,78,0,0,46,0,46,6,36,80,2,124,96,0,96,220
12/16/2020,YIP,MI,AGL,CE,Towers with Radar,14,35,17,3,69,0,1,3,0,4,14,36,20,3,73,0,0,0,73
12/17/2020,YIP,MI,AGL,CE,Towers with Radar,9,32,7,2,50,0,0,1,0,1,9,32,8,2,51,0,0,0,51
12/18/2020,YIP,MI,AGL,CE,Towers with Radar,6,29,28,2,65,0,0,25,0,25,6,29,53,2,90,87,0,87,177
12/19/2020,YIP,MI,AGL,CE,Towers with Radar,4,18,6,2,30,0,0,14,0,14,4,18,20,2,44,57,0,57,101
12/20/2020,YIP,MI,AGL,CE,Towers with Radar,8,20,11,1,40,0,0,5,0,5,8,20,16,1,45,26,0,26,71
12/21/2020,YIP,MI,AGL,CE,Towers with Radar,8,25,5,3,41,0,0,0,0,0,8,25,5,3,41,0,0,0,41
12/22/2020,YIP,MI,AGL,CE,Towers with Radar,11,24,22,2,59,0,0,41,0,41,11,24,63,2,100,79,0,79,179
12/23/2020,YIP,MI,AGL,CE,Towers with Radar,10,21,19,0,50,0,0,10,2,12,10,21,29,2,62,44,0,44,106
12/24/2020,YIP,MI,AGL,CE,Towers with Radar,5,12,4,1,22,0,0,0,0,0,5,12,4,1,22,21,0,21,43
12/25/2020,YIP,MI,AGL,CE,Towers with Radar,1,13,3,1,18,0,0,0,0,0,1,13,3,1,18,0,0,0,18
12/26/2020,YIP,MI,AGL,CE,Towers with Radar,0,28,21,0,49,0,1,4,0,5,0,29,25,0,54,61,0,61,115
12/27/2020,YIP,MI,AGL,CE,Towers with Radar,0,16,15,0,31,0,0,28,0,28,0,16,43,0,59,21,0,21,80
12/28/2020,YIP,MI,AGL,CE,Towers with Radar,1,30,13,0,44,0,0,13,0,13,1,30,26,0,57,51,0,51,108
12/29/2020,YIP,MI,AGL,CE,Towers with Radar,2,10,37,0,49,0,1,60,0,61,2,11,97,0,110,121,0,121,231
12/30/2020,YIP,MI,AGL,CE,Towers with Radar,2,6,5,2,15,0,0,0,0,0,2,6,5,2,15,0,0,0,15
12/31/2020,YIP,MI,AGL,CE,Towers with Radar,2,8,16,0,26,0,0,34,0,34,2,8,50,0,60,56,0,56,116
01/01/2021,YIP,MI,AGL,CE,Towers with Radar,0,6,1,0,7,0,0,0,0,0,0,6,1,0,7,0,0,0,7
01/02/2021,YIP,MI,AGL,CE,Towers with Radar,3,19,4,0,26,0,0,0,0,0,3,19,4,0,26,0,0,0,26
01/03/2021,YIP,MI,AGL,CE,Towers with Radar,1,11,9,0,21,0,0,0,0,0,1,11,9,0,21,0,0,0,21
01/04/2021,YIP,MI,AGL,CE,Towers with Radar,6,21,32,1,60,0,0,2,0,2,6,21,34,1,62,0,0,0,62
01/05/2021,YIP,MI,AGL,CE,Towers with Radar,11,24,8,1,44,0,0,0,0,0,11,24,8,1,44,0,0,0,44
01/06/2021,YIP,MI,AGL,CE,Towers with Radar,10,23,21,0,54,0,0,9,0,9,10,23,30,0,63,67,0,67,130
01/07/2021,YIP,MI,AGL,CE,Towers with Radar,4,7,26,0,37,0,0,16,0,16,4,7,42,0,53,38,0,38,91
01/08/2021,YIP,MI,AGL,CE,Towers with Radar,7,19,29,0,55,0,1,4,0,5,7,20,33,0,60,44,0,44,104
01/09/2021,YIP,MI,AGL,CE,Towers with Radar,3,15,25,0,43,0,0,25,2,27,3,15,50,2,70,143,0,143,213
01/10/2021,YIP,MI,AGL,CE,Towers with Radar,5,6,25,0,36,0,0,24,0,24,5,6,49,0,60,79,0,79,139
01/11/2021,YIP,MI,AGL,CE,Towers with Radar,8,5,17,2,32,0,0,7,0,7,8,5,24,2,39,0,0,0,39
01/12/2021,YIP,MI,AGL,CE,Towers with Radar,7,18,9,0,34,0,0,0,1,1,7,18,9,1,35,0,0,0,35
01/13/2021,YIP,MI,AGL,CE,Towers with Radar,6,19,29,1,55,0,0,35,1,36,6,19,64,2,91,74,0,74,165
01/14/2021,YIP,MI,AGL,CE,Towers with Radar,7,20,44,0,71,0,1,42,2,45,7,21,86,2,116,35,0,35,151
01/15/2021,YIP,MI,AGL,CE,Towers with Radar,2,25,14,0,41,0,0,0,0,0,2,25,14,0,41,0,0,0,41
01/16/2021,YIP,MI,AGL,CE,Towers with Radar,2,25,9,1,37,0,0,3,0,3,2,25,12,1,40,0,0,0,40
01/17/2021,YIP,MI,AGL,CE,Towers with Radar,3,23,15,0,41,0,0,0,0,0,3,23,15,0,41,0,0,0,41
01/18/2021,YIP,MI,AGL,CE,Towers with Radar,8,12,11,1,32,0,0,0,0,0,8,12,11,1,32,0,0,0,32
01/19/2021,YIP,MI,AGL,CE,Towers with Radar,17,11,22,0,50,0,1,21,0,22,17,12,43,0,72,14,0,14,86
01/20/2021,YIP,MI,AGL,CE,Towers with Radar,12,21,34,0,67,0,0,11,0,11,12,21,45,0,78,30,0,30,108
01/21/2021,YIP,MI,AGL,CE,Towers with Radar,9,12,24,0,45,0,0,28,1,29,9,12,52,1,74,42,0,42,116
01/22/2021,YIP,MI,AGL,CE,Towers with Radar,4,19,17,0,40,0,0,7,0,7,4,19,24,0,47,0,0,0,47
01/23/2021,YIP,MI,AGL,CE,Towers with Radar,8,28,30,0,66,0,0,79,0,79,8,28,109,0,145,112,0,112,257
01/24/2021,YIP,MI,AGL,CE,Towers with Radar,6,22,7,0,35,0,0,4,0,4,6,22,11,0,39,21,0,21,60
01/25/2021,YIP,MI,AGL,CE,Towers with Radar,4,22,11,0,37,0,0,9,0,9,4,22,20,0,46,55,0,55,101
01/26/2021,YIP,MI,AGL,CE,Towers with Radar,10,16,10,0,36,0,0,0,0,0,10,16,10,0,36,0,0,0,36
01/27/2021,YIP,MI,AGL,CE,Towers with Radar,20,27,35,4,86,0,0,33,0,33,20,27,68,4,119,32,0,32,151
01/28/2021,YIP,MI,AGL,CE,Towers with Radar,5,33,31,0,69,0,3,20,1,24,5,36,51,1,93,47,0,47,140
01/29/2021,YIP,MI,AGL,CE,Towers with Radar,7,24,25,0,56,0,0,57,2,59,7,24,82,2,115,103,0,103,218
01/30/2021,YIP,MI,AGL,CE,Towers with Radar,3,15,33,0,51,1,1,52,2,56,4,16,85,2,107,55,0,55,162
01/31/2021,YIP,MI,AGL,CE,Towers with Radar,4,19,8,0,31,0,0,0,0,0,4,19,8,0,31,0,0,0,31
02/01/2021,YIP,MI,AGL,CE,Towers with Radar,4,20,10,0,34,0,0,4,0,4,4,20,14,0,38,6,0,6,44
02/02/2021,YIP,MI,AGL,CE,Towers with Radar,4,22,50,0,76,0,1,29,0,30,4,23,79,0,106,31,0,31,137
02/03/2021,YIP,MI,AGL,CE,Towers with Radar,8,29,47,0,84,0,1,73,1,75,8,30,120,1,159,28,0,28,187
02/04/2021,YIP,MI,AGL,CE,Towers with Radar,12,18,15,0,45,0,0,21,2,23,12,18,36,2,68,27,0,27,95
02/05/2021,YIP,MI,AGL,CE,Towers with Radar,5,29,9,0,43,0,0,1,0,1,5,29,10,0,44,0,0,0,44
02/06/2021,YIP,MI,AGL,CE,Towers with Radar,1,17,23,0,41,0,0,18,1,19,1,17,41,1,60,42,0,42,102
02/07/2021,YIP,MI,AGL,CE,Towers with Radar,5,19,17,0,41,0,1,15,0,16,5,20,32,0,57,63,0,63,120
02/08/2021,YIP,MI,AGL,CE,Towers with Radar,3,15,13,0,31,0,0,4,0,4,3,15,17,0,35,6,0,6,41
02/09/2021,YIP,MI,AGL,CE,Towers with Radar,9,21,26,1,57,0,1,34,3,38,9,22,60,4,95,108,0,108,203
02/10/2021,YIP,MI,AGL,CE,Towers with Radar,10,22,20,0,52,0,0,17,0,17,10,22,37,0,69,26,0,26,95
02/11/2021,YIP,MI,AGL,CE,Towers with Radar,5,25,23,0,53,0,0,32,0,32,5,25,55,0,85,101,0,101,186
02/12/2021,YIP,MI,AGL,CE,Towers with Radar,11,32,14,1,58,0,0,8,0,8,11,32,22,1,66,72,0,72,138
02/13/2021,YIP,MI,AGL,CE,Towers with Radar,2,25,6,0,33,0,0,1,0,1,2,25,7,0,34,0,0,0,34
02/14/2021,YIP,MI,AGL,CE,Towers with Radar,3,23,24,0,50,0,0,31,0,31,3,23,55,0,81,89,0,89,170
02/15/2021,YIP,MI,AGL,CE,Towers with Radar,5,22,9,1,37,0,0,0,0,0,5,22,9,1,37,0,0,0,37
02/16/2021,YIP,MI,AGL,CE,Towers with Radar,8,24,17,0,49,0,0,21,0,21,8,24,38,0,70,19,0,19,89
02/17/2021,YIP,MI,AGL,CE,Towers with Radar,9,34,24,3,70,0,0,19,1,20,9,34,43,4,90,66,0,66,156
02/18/2021,YIP,MI,AGL,CE,Towers with Radar,6,29,31,1,67,0,1,3,0,4,6,30,34,1,71,0,0,0,71
02/19/2021,YIP,MI,AGL,CE,Towers with Radar,14,30,30,3,77,0,0,14,1,15,14,30,44,4,92,54,0,54,146
02/20/2021,YIP,MI,AGL,CE,Towers with Radar,5,24,44,3,76,0,0,49,0,49,5,24,93,3,125,74,0,74,199
02/21/2021,YIP,MI,AGL,CE,Towers with Radar,4,19,35,3,61,0,0,41,1,42,4,19,76,4,103,109,0,109,212
02/22/2021,YIP,MI,AGL,CE,Towers with Radar,5,21,2,1,29,0,0,3,0,3,5,21,5,1,32,0,0,0,32
02/23/2021,YIP,MI,AGL,CE,Towers with Radar,8,14,14,1,37,0,2,7,2,11,8,16,21,3,48,0,0,0,48
02/24/2021,YIP,MI,AGL,CE,Towers with Radar,6,30,36,1,73,0,0,12,0,12,6,30,48,1,85,17,0,17,102
02/25/2021,YIP,MI,AGL,CE,Towers with Radar,5,21,25,2,53,0,0,24,1,25,5,21,49,3,78,96,0,96,174
02/26/2021,YIP,MI,AGL,CE,Towers with Radar,8,21,28,1,58,0,0,40,0,40,8,21,68,1,98,38,0,38,136
02/27/2021,YIP,MI,AGL,CE,Towers with Radar,7,18,30,0,55,0,0,39,0,39,7,18,69,0,94,112,0,112,206
02/28/2021,YIP,MI,AGL,CE,Towers with Radar,2,14,13,1,30,0,0,7,0,7,2,14,20,1,37,4,0,4,41
03/01/2021,YIP,MI,AGL,CE,Towers with Radar,9,20,11,0,40,0,0,8,0,8,9,20,19,0,48,0,0,0,48
03/02/2021,YIP,MI,AGL,CE,Towers with Radar,14,25,24,0,63,0,0,53,0,53,14,25,77,0,116,133,0,133,249
03/03/2021,YIP,MI,AGL,CE,Towers with Radar,11,26,38,0,75,0,0,33,1,34,11,26,71,1,109,30,0,30,139
03/04/2021,YIP,MI,AGL,CE,Towers with Radar,13,23,44,3,83,0,2,28,1,31,13,25,72,4,114,28,0,28,142
03/05/2021,YIP,MI,AGL,CE,Towers with Radar,13,25,23,0,61,0,0,21,1,22,13,25,44,1,83,25,0,25,108
03/06/2021,YIP,MI,AGL,CE,Towers with Radar,7,18,33,1,59,0,0,41,0,41,7,18,74,1,100,74,0,74,174
03/07/2021,YIP,MI,AGL,CE,Towers with Radar,6,21,41,2,70,0,0,95,2,97,6,21,136,4,167,187,0,187,354
03/08/2021,YIP,MI,AGL,CE,Towers with Radar,10,18,42,0,70,0,1,39,0,40,10,19,81,0,110,48,0,48,158
03/09/2021,YIP,MI,AGL,CE,Towers with Radar,10,24,34,1,69,0,0,34,1,35,10,24,68,2,104,169,0,169,273
03/10/2021,YIP,MI,AGL,CE,Towers with Radar,10,37,21,0,68,0,0,21,1,22,10,37,42,1,90,16,0,16,106
03/11/2021,YIP,MI,AGL,CE,Towers with Radar,5,14,17,0,36,0,0,0,0,0,5,14,17,0,36,0,0,0,36
03/12/2021,YIP,MI,AGL,CE,Towers with Radar,8,23,18,0,49,0,0,19,0,19,8,23,37,0,68,52,0,52,120
03/13/2021,YIP,MI,AGL,CE,Towers with Radar,2,22,30,0,54,0,0,59,0,59,2,22,89,0,113,130,0,130,243
03/14/2021,YIP,MI,AGL,CE,Towers with Radar,2,19,34,0,55,0,2,29,0,31,2,21,63,0,86,82,0,82,168
03/15/2021,YIP,MI,AGL,CE,Towers with Radar,8,22,29,0,59,0,0,16,0,16,8,22,45,0,75,53,0,53,128
03/16/2021,YIP,MI,AGL,CE,Towers with Radar,8,26,18,0,52,0,1,16,0,17,8,27,34,0,69,49,0,49,118
03/17/2021,YIP,MI,AGL,CE,Towers with Radar,13,20,45,0,78,0,0,54,0,54,13,20,99,0,132,137,0,137,269
03/18/2021,YIP,MI,AGL,CE,Towers with Radar,12,21,16,0,49,0,0,1,1,2,12,21,17,1,51,0,0,0,51
03/19/2021,YIP,MI,AGL,CE,Towers with Radar,8,23,58,0,89,0,0,56,0,56,8,23,114,0,145,93,0,93,238
03/20/2021,YIP,MI,AGL,CE,Towers with Radar,8,28,48,0,84,0,0,62,0,62,8,28,110,0,146,140,0,140,286
03/21/2021,YIP,MI,AGL,CE,Towers with Radar,2,22,35,0,59,0,0,60,1,61,2,22,95,1,120,98,0,98,218
03/22/2021,YIP,MI,AGL,CE,Towers with Radar,9,25,41,0,75,0,0,63,0,63,9,25,104,0,138,100,0,100,238
03/23/2021,YIP,MI,AGL,CE,Towers with Radar,10,19,54,0,83,0,6,22,0,28,10,25,76,0,111,10,0,10,121
03/24/2021,YIP,MI,AGL,CE,Towers with Radar,11,38,28,0,77,0,0,16,1,17,11,38,44,1,94,12,0,12,106
03/25/2021,YIP,MI,AGL,CE,Towers with Radar,8,48,24,0,80,0,2,23,0,25,8,50,47,0,105,73,0,73,178
03/26/2021,YIP,MI,AGL,CE,Towers with Radar,12,38,24,0,74,0,1,6,0,7,12,39,30,0,81,49,0,49,130
03/27/2021,YIP,MI,AGL,CE,Towers with Radar,4,30,60,0,94,0,0,15,0,15,4,30,75,0,109,61,0,61,170
03/28/2021,YIP,MI,AGL,CE,Towers with Radar,4,15,14,0,33,0,0,2,0,2,4,15,16,0,35,0,0,0,35
03/29/2021,YIP,MI,AGL,CE,Towers with Radar,9,25,54,0,88,0,1,72,0,73,9,26,126,0,161,106,0,106,267
03/30/2021,YIP,MI,AGL,CE,Towers with Radar,13,19,22,0,54,0,0,9,0,9,13,19,31,0,63,10,0,10,73
03/31/2021,YIP,MI,AGL,CE,Towers with Radar,12,35,30,1,78,0,2,20,0,22,12,37,50,1,100,54,0,54,154
04/01/2021,YIP,MI,AGL,CE,Towers with Radar,10,22,16,0,48,0,0,15,0,15,10,22,31,0,63,49,0,49,112
04/02/2021,YIP,MI,AGL,CE,Towers with Radar,4,15,45,0,64,0,0,45,0,45,4,15,90,0,109,109,0,109,218
04/03/2021,YIP,MI,AGL,CE,Towers with Radar,0,20,38,0,58,0,0,11,1,12,0,20,49,1,70,49,0,49,119
04/04/2021,YIP,MI,AGL,CE,Towers with Radar,2,21,33,0,56,0,0,53,2,55,2,21,86,2,111,130,0,130,241
04/05/2021,YIP,MI,AGL,CE,Towers with Radar,5,18,19,0,42,0,0,22,0,22,5,18,41,0,64,32,0,32,96
04/06/2021,YIP,MI,AGL,CE,Towers with Radar,14,13,37,0,64,0,2,66,2,70,14,15,103,2,134,118,0,118,252
04/07/2021,YIP,MI,AGL,CE,Towers with Radar,5,17,29,0,51,0,0,50,2,52,5,17,79,2,103,99,0,99,202
04/08/2021,YIP,MI,AGL,CE,Towers with Radar,6,10,22,6,44,0,0,21,0,21,6,10,43,6,65,73,0,73,138
04/09/2021,YIP,MI,AGL,CE,Towers with Radar,5,20,33,0,58,0,1,11,0,12,5,21,44,0,70,36,0,36,106
04/10/2021,YIP,MI,AGL,CE,Towers with Radar,4,8,22,0,34,0,0,36,1,37,4,8,58,1,71,99,0,99,170
04/11/2021,YIP,MI,AGL,CE,Towers with Radar,3,8,43,0,54,0,0,1,0,1,3,8,44,0,55,25,0,25,80
04/12/2021,YIP,MI,AGL,CE,Towers with Radar,4,22,25,0,51,0,1,55,0,56,4,23,80,0,107,20,0,20,127
04/13/2021,YIP,MI,AGL,CE,Towers with Radar,3,18,39,0,60,0,0,62,0,62,3,18,101,0,122,64,0,64,186
04/14/2021,YIP,MI,AGL,CE,Towers with Radar,3,24,34,0,61,0,0,61,1,62,3,24,95,1,123,0,0,0,123
04/15/2021,YIP,MI,AGL,CE,Towers with Radar,2,19,19,0,40,0,0,2,0,2,2,19,21,0,42,16,0,16,58
04/16/2021,YIP,MI,AGL,CE,Towers with Radar,3,15,26,0,44,0,0,16,0,16,3,15,42,0,60,50,0,50,110
04/17/2021,YIP,MI,AGL,CE,Towers with Radar,0,18,28,0,46,0,0,31,1,32,0,18,59,1,78,135,0,135,213
04/18/2021,YIP,MI,AGL,CE,Towers with Radar,0,9,41,0,50,0,0,49,2,51,0,9,90,2,101,98,1,99,200
04/19/2021,YIP,MI,AGL,CE,Towers with Radar,3,15,31,0,49,0,0,18,0,18,3,15,49,0,67,42,0,42,109
04/20/2021,YIP,MI,AGL,CE,Towers with Radar,6,19,12,0,37,0,1,17,0,18,6,20,29,0,55,14,0,14,69
04/21/2021,YIP,MI,AGL,CE,Towers with Radar,9,24,33,0,66,0,1,20,0,21,9,25,53,0,87,30,0,30,117
04/22/2021,YIP,MI,AGL,CE,Towers with Radar,2,24,26,1,53,0,0,49,1,50,2,24,75,2,103,142,0,142,245
04/23/2021,YIP,MI,AGL,CE,Towers with Radar,4,12,28,0,44,0,0,44,0,44,4,12,72,0,88,86,0,86,174
04/24/2021,YIP,MI,AGL,CE,Towers with Radar,6,10,11,1,28,0,0,13,0,13,6,10,24,1,41,71,0,71,112
04/25/2021,YIP,MI,AGL,CE,Towers with Radar,3,13,32,0,48,0,0,26,0,26,3,13,58,0,74,57,0,57,131
04/26/2021,YIP,MI,AGL,CE,Towers with Radar,6,11,29,0,46,0,0,28,0,28,6,11,57,0,74,66,0,66,140
04/27/2021,YIP,MI,AGL,CE,Towers with Radar,8,19,30,1,58,0,0,44,0,44,8,19,74,1,102,63,0,63,165
04/28/2021,YIP,MI,AGL,CE,Towers with Radar,6,16,36,0,58,0,1,26,0,27,6,17,62,0,85,192,0,192,277
04/29/2021,YIP,MI,AGL,CE,Towers with Radar,5,35,50,1,91,0,1,0,0,1,5,36,50,1,92,0,0,0,92
04/30/2021,YIP,MI,AGL,CE,Towers with Radar,3,24,16,1,44,0,2,16,0,18,3,26,32,1,62,4,0,4,66
05/01/2021,YIP,MI,AGL,CE,Towers with Radar,3,18,27,0,48,0,0,27,0,27,3,18,54,0,75,86,0,86,161
05/02/2021,YIP,MI,AGL,CE,Towers with Radar,1,38,34,0,73,0,0,19,0,19,1,38,53,0,92,27,0,27,119
05/03/2021,YIP,MI,AGL,CE,Towers with Radar,6,27,36,0,69,0,0,1,0,1,6,27,37,0,70,0,0,0,70
05/04/2021,YIP,MI,AGL,CE,Towers with Radar,3,24,28,0,55,0,0,1,0,1,3,24,29,0,56,39,0,39,95
05/05/2021,YIP,MI,AGL,CE,Towers with Radar,9,26,40,0,75,0,0,35,0,35,9,26,75,0,110,82,0,82,192
05/06/2021,YIP,MI,AGL,CE,Towers with Radar,2,31,39,1,73,0,1,25,0,26,2,32,64,1,99,52,0,52,151
05/07/2021,YIP,MI,AGL,CE,Towers with Radar,7,30,43,0,80,0,0,26,0,26,7,30,69,0,106,87,0,87,193
05/08/2021,YIP,MI,AGL,CE,Towers with Radar,0,10,49,0,59,0,0,41,0,41,0,10,90,0,100,98,0,98,198
05/09/2021,YIP,MI,AGL,CE,Towers with Radar,3,17,11,0,31,0,0,9,0,9,3,17,20,0,40,3,0,3,43
05/10/2021,YIP,MI,AGL,CE,Towers with Radar,3,21,17,0,41,0,0,32,0,32,3,21,49,0,73,112,0,112,185
05/11/2021,YIP,MI,AGL,CE,Towers with Radar,6,25,29,0,60,0,1,37,0,38,6,26,66,0,98,117,0,117,215
05/12/2021,YIP,MI,AGL,CE,Towers with Radar,12,22,43,0,77,0,1,86,0,87,12,23,129,0,164,189,0,189,353
05/13/2021,YIP,MI,AGL,CE,Towers with Radar,9,26,46,0,81,0,0,54,3,57,9,26,100,3,138,97,0,97,235
05/14/2021,YIP,MI,AGL,CE,Towers with Radar,6,13,41,0,60,0,3,42,1,46,6,16,83,1,106,66,0,66,172
05/15/2021,YIP,MI,AGL,CE,Towers with Radar,2,21,37,2,62,0,0,64,2,66,2,21,101,4,128,118,0,118,246
05/16/2021,YIP,MI,AGL,CE,Towers with Radar,5,22,24,0,51,0,0,27,2,29,5,22,51,2,80,65,0,65,145
05/17/2021,YIP,MI,AGL,CE,Towers with Radar,5,22,27,0,54,0,1,51,0,52,5,23,78,0,106,282,0,282,388
05/18/2021,YIP,MI,AGL,CE,Towers with Radar,5,17,22,0,44,0,1,25,0,26,5,18,47,0,70,81,0,81,151
05/19/2021,YIP,MI,AGL,CE,Towers with Radar,6,20,49,0,75,0,0,71,0,71,6,20,120,0,146,114,0,114,260
05/20/2021,YIP,MI,AGL,CE,Towers with Radar,4,36,36,0,76,0,0,47,1,48,4,36,83,1,124,84,0,84,208
05/21/2021,YIP,MI,AGL,CE,Towers with Radar,3,14,44,0,61,0,0,40,1,41,3,14,84,1,102,83,0,83,185
05/22/2021,YIP,MI,AGL,CE,Towers with Radar,3,11,31,0,45,0,1,35,0,36,3,12,66,0,81,75,0,75,156
05/23/2021,YIP,MI,AGL,CE,Towers with Radar,2,18,22,0,42,0,0,25,1,26,2,18,47,1,68,78,0,78,146
05/24/2021,YIP,MI,AGL,CE,Towers with Radar,4,22,29,0,55,0,0,21,0,21,4,22,50,0,76,98,0,98,174
05/25/2021,YIP,MI,AGL,CE,Towers with Radar,7,14,24,0,45,0,2,47,0,49,7,16,71,0,94,68,0,68,162
05/26/2021,YIP,MI,AGL,CE,Towers with Radar,6,21,22,0,49,0,0,3,1,4,6,21,25,1,53,50,0,50,103
05/27/2021,YIP,MI,AGL,CE,Towers with Radar,6,12,39,3,60,0,0,55,0,55,6,12,94,3,115,64,0,64,179
05/28/2021,YIP,MI,AGL,CE,Towers with Radar,3,20,32,0,55,0,1,3,0,4,3,21,35,0,59,0,0,0,59
05/29/2021,YIP,MI,AGL,CE,Towers with Radar,2,15,29,0,46,0,0,29,0,29,2,15,58,0,75,38,0,38,113
05/30/2021,YIP,MI,AGL,CE,Towers with Radar,0,17,30,0,47,0,0,62,1,63,0,17,92,1,110,41,10,51,161
05/31/2021,YIP,MI,AGL,CE,Towers with Radar,2,10,20,0,32,0,0,69,0,69,2,10,89,0,101,160,0,160,261
06/01/2021,YIP,MI,AGL,CE,Towers with Radar,5,18,46,0,69,0,0,56,0,56,5,18,102,0,125,162,0,162,287
06/02/2021,YIP,MI,AGL,CE,Towers with Radar,5,23,31,0,59,0,0,21,0,21,5,23,52,0,80,15,0,15,95
06/03/2021,YIP,MI,AGL,CE,Towers with Radar,8,18,36,0,62,0,0,60,0,60,8,18,96,0,122,71,0,71,193
06/04/2021,YIP,MI,AGL,CE,Towers with Radar,10,13,29,0,52,0,1,56,0,57,10,14,85,0,109,75,0,75,184
06/05/2021,YIP,MI,AGL,CE,Towers with Radar,2,6,33,0,41,0,0,39,1,40,2,6,72,1,81,64,0,64,145
06/06/2021,YIP,MI,AGL,CE,Towers with Radar,1,11,48,0,60,0,0,42,1,43,1,11,90,1,103,112,0,112,215
06/07/2021,YIP,MI,AGL,CE,Towers with Radar,9,14,34,0,57,0,0,25,0,25,9,14,59,0,82,67,0,67,149
06/08/2021,YIP,MI,AGL,CE,Towers with Radar,10,23,23,0,56,0,0,32,0,32,10,23,55,0,88,77,0,77,165
06/09/2021,YIP,MI,AGL,CE,Towers with Radar,4,17,30,0,51,0,0,29,0,29,4,17,59,0,80,154,0,154,234
06/10/2021,YIP,MI,AGL,CE,Towers with Radar,9,27,48,0,84,0,0,45,1,46,9,27,93,1,130,165,0,165,295
06/11/2021,YIP,MI,AGL,CE,Towers with Radar,4,32,44,0,80,0,1,27,8,36,4,33,71,8,116,6,0,6,122
06/12/2021,YIP,MI,AGL,CE,Towers with Radar,4,13,14,0,31,0,0,24,8,32,4,13,38,8,63,67,0,67,130
06/13/2021,YIP,MI,AGL,CE,Towers with Radar,2,22,17,0,41,0,1,91,2,94,2,23,108,2,135,70,0,70,205
06/14/2021,YIP,MI,AGL,CE,Towers with Radar,8,9,28,0,45,0,0,51,0,51,8,9,79,0,96,160,0,160,256
06/15/2021,YIP,MI,AGL,CE,Towers with Radar,1,13,48,0,62,0,1,49,0,50,1,14,97,0,112,115,0,115,227
06/16/2021,YIP,MI,AGL,CE,Towers with Radar,3,21,43,0,67,0,1,65,0,66,3,22,108,0,133,119,0,119,252
06/17/2021,YIP,MI,AGL,CE,Towers with Radar,1,33,34,2,70,0,1,77,1,79,1,34,111,3,149,92,0,92,241
06/18/2021,YIP,MI,AGL,CE,Towers with Radar,11,30,21,0,62,0,2,16,0,18,11,32,37,0,80,67,0,67,147
06/19/2021,YIP,MI,AGL,CE,Towers with Radar,3,19,14,0,36,0,0,8,0,8,3,19,22,0,44,40,0,40,84
06/20/2021,YIP,MI,AGL,CE,Towers with Radar,0,19,23,0,42,0,1,33,0,34,0,20,56,0,76,66,0,66,142
06/21/2021,YIP,MI,AGL,CE,Towers with Radar,5,17,29,0,51,0,0,4,0,4,5,17,33,0,55,4,0,4,59
06/22/2021,YIP,MI,AGL,CE,Towers with Radar,9,25,27,0,61,1,1,58,0,60,10,26,85,0,121,198,0,198,319
06/23/2021,YIP,MI,AGL,CE,Towers with Radar,2,15,32,0,49,0,0,45,0,45,2,15,77,0,94,144,0,144,238
06/24/2021,YIP,MI,AGL,CE,Towers with Radar,9,25,48,0,82,0,2,49,0,51,9,27,97,0,133,202,0,202,335
06/25/2021,YIP,MI,AGL,CE,Towers with Radar,8,14,20,0,42,0,0,5,0,5,8,14,25,0,47,0,0,0,47
06/26/2021,YIP,MI,AGL,CE,Towers with Radar,5,10,18,0,33,0,0,5,0,5,5,10,23,0,38,11,0,11,49
06/27/2021,YIP,MI,AGL,CE,Towers with Radar,1,20,26,4,51,0,0,16,0,16,1,20,42,4,67,20,0,20,87
06/28/2021,YIP,MI,AGL,CE,Towers with Radar,11,18,41,0,70,0,0,30,0,30,11,18,71,0,100,163,0,163,263
06/29/2021,YIP,MI,AGL,CE,Towers with Radar,9,24,35,0,68,0,0,27,0,27,9,24,62,0,95,114,0,114,209
06/30/2021,YIP,MI,AGL,CE,Towers with Radar,3,33,22,0,58,0,0,26,0,26,3,33,48,0,84,102,0,102,186
07/01/2021,YIP,MI,AGL,CE,Towers with Radar,5,38,38,0,81,0,0,56,1,57,5,38,94,1,138,193,0,193,331
07/02/2021,YIP,MI,AGL,CE,Towers with Radar,6,25,45,0,76,0,4,32,0,36,6,29,77,0,112,70,0,70,182
07/03/2021,YIP,MI,AGL,CE,Towers with Radar,2,18,22,0,42,0,0,38,0,38,2,18,60,0,80,119,0,119,199
07/04/2021,YIP,MI,AGL,CE,Towers with Radar,2,9,20,0,31,0,1,24,0,25,2,10,44,0,56,24,0,24,80
07/05/2021,YIP,MI,AGL,CE,Towers with Radar,0,13,28,0,41,0,0,49,0,49,0,13,77,0,90,112,0,112,202
07/06/2021,YIP,MI,AGL,CE,Towers with Radar,2,20,31,3,56,0,0,42,0,42,2,20,73,3,98,101,0,101,199
07/07/2021,YIP,MI,AGL,CE,Towers with Radar,10,15,24,0,49,0,1,34,0,35,10,16,58,0,84,77,0,77,161
07/08/2021,YIP,MI,AGL,CE,Towers with Radar,3,30,36,0,69,0,0,16,2,18,3,30,52,2,87,36,0,36,123
07/09/2021,YIP,MI,AGL,CE,Towers with Radar,12,29,48,0,89,0,0,49,0,49,12,29,97,0,138,155,0,155,293
07/10/2021,YIP,MI,AGL,CE,Towers with Radar,12,25,25,0,62,0,0,71,0,71,12,25,96,0,133,155,0,155,288
07/11/2021,YIP,MI,AGL,CE,Towers with Radar,0,17,21,0,38,0,0,0,0,0,0,17,21,0,38,0,0,0,38
07/12/2021,YIP,MI,AGL,CE,Towers with Radar,3,22,25,0,50,0,0,0,4,4,3,22,25,4,54,0,0,0,54
07/13/2021,YIP,MI,AGL,CE,Towers with Radar,5,35,22,0,62,0,0,5,0,5,5,35,27,0,67,4,0,4,71
07/14/2021,YIP,MI,AGL,CE,Towers with Radar,7,22,48,0,77,0,1,49,0,50,7,23,97,0,127,264,0,264,391
07/15/2021,YIP,MI,AGL,CE,Towers with Radar,2,19,38,0,59,0,1,32,1,34,2,20,70,1,93,107,0,107,200
07/16/2021,YIP,MI,AGL,CE,Towers with Radar,5,16,18,0,39,0,1,0,0,1,5,17,18,0,40,0,0,0,40
07/17/2021,YIP,MI,AGL,CE,Towers with Radar,1,14,29,0,44,0,0,47,4,51,1,14,76,4,95,74,0,74,169
07/18/2021,YIP,MI,AGL,CE,Towers with Radar,0,14,25,0,39,0,2,74,0,76,0,16,99,0,115,110,0,110,225
07/19/2021,YIP,MI,AGL,CE,Towers with Radar,4,25,65,0,94,0,0,61,0,61,4,25,126,0,155,176,0,176,331
07/20/2021,YIP,MI,AGL,CE,Towers with Radar,7,26,34,0,67,0,0,51,0,51,7,26,85,0,118,142,0,142,260
07/21/2021,YIP,MI,AGL,CE,Towers with Radar,9,21,30,0,60,0,0,60,0,60,9,21,90,0,120,160,0,160,280
07/22/2021,YIP,MI,AGL,CE,Towers with Radar,4,36,51,0,91,0,0,78,0,78,4,36,129,0,169,135,0,135,304
07/23/2021,YIP,MI,AGL,CE,Towers with Radar,6,21,40,0,67,0,1,10,0,11,6,22,50,0,78,11,0,11,89
07/24/2021,YIP,MI,AGL,CE,Towers with Radar,2,6,42,0,50,0,0,13,0,13,2,6,55,0,63,52,0,52,115
07/25/2021,YIP,MI,AGL,CE,Towers with Radar,1,25,26,0,52,0,1,56,0,57,1,26,82,0,109,90,0,90,199
07/26/2021,YIP,MI,AGL,CE,Towers with Radar,2,16,35,0,53,0,0,71,0,71,2,16,106,0,124,194,0,194,318
07/27/2021,YIP,MI,AGL,CE,Towers with Radar,4,22,36,0,62,0,0,68,0,68,4,22,104,0,130,88,0,88,218
07/28/2021,YIP,MI,AGL,CE,Towers with Radar,7,29,54,1,91,0,2,56,1,59,7,31,110,2,150,93,0,93,243
07/29/2021,YIP,MI,AGL,CE,Towers with Radar,5,23,36,0,64,0,0,32,0,32,5,23,68,0,96,94,0,94,190
07/30/2021,YIP,MI,AGL,CE,Towers with Radar,2,18,46,0,66,0,0,28,0,28,2,18,74,0,94,88,0,88,182
07/31/2021,YIP,MI,AGL,CE,Towers with Radar,4,13,23,0,40,0,0,52,0,52,4,13,75,0,92,71,0,71,163
08/01/2021,YIP,MI,AGL,CE,Towers with Radar,2,9,35,0,46,0,0,15,0,15,2,9,50,0,61,44,0,44,105
08/02/2021,YIP,MI,AGL,CE,Towers with Radar,2,11,33,2,48,0,0,38,0,38,2,11,71,2,86,87,4,91,177
08/03/2021,YIP,MI,AGL,CE,Towers with Radar,4,22,29,0,55,0,0,61,0,61,4,22,90,0,116,135,0,135,251
08/04/2021,YIP,MI,AGL,CE,Towers with Radar,0,22,36,4,62,0,0,35,1,36,0,22,71,5,98,154,0,154,252
08/05/2021,YIP,MI,AGL,CE,Towers with Radar,1,16,27,3,47,0,0,40,3,43,1,16,67,6,90,54,5,59,149
08/06/2021,YIP,MI,AGL,CE,Towers with Radar,1,23,15,2,41,0,1,32,25,58,1,24,47,27,99,40,0,40,139
08/07/2021,YIP,MI,AGL,CE,Towers with Radar,0,10,14,0,24,0,0,19,11,30,0,10,33,11,54,29,0,29,83
08/08/2021,YIP,MI,AGL,CE,Towers with Radar,0,16,15,9,40,0,1,21,8,30,0,17,36,17,70,4,0,4,74
08/09/2021,YIP,MI,AGL,CE,Towers with Radar,5,41,37,0,83,0,0,30,0,30,5,41,67,0,113,58,0,58,171
08/10/2021,YIP,MI,AGL,CE,Towers with Radar,8,14,42,1,65,0,2,20,0,22,8,16,62,1,87,52,0,52,139
08/11/2021,YIP,MI,AGL,CE,Towers with Radar,10,30,30,0,70,0,0,22,0,22,10,30,52,0,92,85,0,85,177
08/12/2021,YIP,MI,AGL,CE,Towers with Radar,5,17,33,0,55,0,1,21,0,22,5,18,54,0,77,18,0,18,95
08/13/2021,YIP,MI,AGL,CE,Towers with Radar,4,24,21,0,49,0,0,15,0,15,4,24,36,0,64,36,0,36,100
08/14/2021,YIP,MI,AGL,CE,Towers with Radar,2,19,29,0,50,0,0,99,0,99,2,19,128,0,149,86,0,86,235
08/15/2021,YIP,MI,AGL,CE,Towers with Radar,1,37,39,0,77,0,0,58,2,60,1,37,97,2,137,61,0,61,198
08/16/2021,YIP,MI,AGL,CE,Towers with Radar,8,21,30,0,59,0,0,31,0,31,8,21,61,0,90,100,0,100,190
08/17/2021,YIP,MI,AGL,CE,Towers with Radar,7,22,48,0,77,0,0,43,0,43,7,22,91,0,120,211,0,211,331
08/18/2021,YIP,MI,AGL,CE,Towers with Radar,12,15,58,2,87,0,2,37,3,42,12,17,95,5,129,66,0,66,195
08/19/2021,YIP,MI,AGL,CE,Towers with Radar,9,27,50,2,88,0,0,49,0,49,9,27,99,2,137,204,0,204,341
08/20/2021,YIP,MI,AGL,CE,Towers with Radar,6,23,49,0,78,0,0,40,0,40,6,23,89,0,118,135,0,135,253
08/21/2021,YIP,MI,AGL,CE,Towers with Radar,4,30,56,0,90,0,0,48,2,50,4,30,104,2,140,45,0,45,185
08/22/2021,YIP,MI,AGL,CE,Towers with Radar,6,25,53,0,84,0,0,21,1,22,6,25,74,1,106,29,0,29,135
08/23/2021,YIP,MI,AGL,CE,Towers with Radar,9,21,46,0,76,0,0,66,0,66,9,21,112,0,142,92,0,92,234
08/24/2021,YIP,MI,AGL,CE,Towers with Radar,9,21,40,0,70,0,0,46,0,46,9,21,86,0,116,211,0,211,327
08/25/2021,YIP,MI,AGL,CE,Towers with Radar,7,37,39,0,83,0,0,40,0,40,7,37,79,0,123,63,0,63,186
08/26/2021,YIP,MI,AGL,CE,Towers with Radar,7,28,58,1,94,0,1,50,0,51,7,29,108,1,145,138,0,138,283
08/27/2021,YIP,MI,AGL,CE,Towers with Radar,5,22,53,0,80,0,0,12,0,12,5,22,65,0,92,97,0,97,189
08/28/2021,YIP,MI,AGL,CE,Towers with Radar,1,33,20,0,54,0,0,44,0,44,1,33,64,0,98,91,0,91,189
08/29/2021,YIP,MI,AGL,CE,Towers with Radar,0,15,20,0,35,0,0,25,2,27,0,15,45,2,62,61,0,61,123
08/30/2021,YIP,MI,AGL,CE,Towers with Radar,8,25,33,0,66,0,1,30,3,34,8,26,63,3,100,81,0,81,181
08/31/2021,YIP,MI,AGL,CE,Towers with Radar,5,19,37,0,61,0,0,34,0,34,5,19,71,0,95,96,0,96,191
09/01/2021,YIP,MI,AGL,CE,Towers with Radar,5,29,40,0,74,0,0,42,0,42,5,29,82,0,116,79,0,79,195
09/02/2021,YIP,MI,AGL,CE,Towers with Radar,8,26,35,0,69,0,2,38,1,41,8,28,73,1,110,128,0,128,238
09/03/2021,YIP,MI,AGL,CE,Towers with Radar,8,25,36,0,69,0,1,65,0,66,8,26,101,0,135,107,0,107,242
09/04/2021,YIP,MI,AGL,CE,Towers with Radar,0,9,41,0,50,0,0,55,0,55,0,9,96,0,105,100,0,100,205
09/05/2021,YIP,MI,AGL,CE,Towers with Radar,2,12,12,0,26,0,0,29,0,29,2,12,41,0,55,35,0,35,90
09/06/2021,YIP,MI,AGL,CE,Towers with Radar,1,22,27,0,50,0,0,58,0,58,1,22,85,0,108,38,0,38,146
09/07/2021,YIP,MI,AGL,CE,Towers with Radar,3,22,18,0,43,0,2,30,0,32,3,24,48,0,75,77,0,77,152
09/08/2021,YIP,MI,AGL,CE,Towers with Radar,7,28,19,0,54,0,0,51,0,51,7,28,70,0,105,96,0,96,201
09/09/2021,YIP,MI,AGL,CE,Towers with Radar,7,40,23,0,70,0,0,46,3,49,7,40,69,3,119,93,0,93,212
09/10/2021,YIP,MI,AGL,CE,Towers with Radar,7,35,50,3,95,0,0,56,0,56,7,35,106,3,151,133,0,133,284
09/11/2021,YIP,MI,AGL,CE,Towers with Radar,5,47,37,0,89,0,0,57,2,59,5,47,94,2,148,56,0,56,204
09/12/2021,YIP,MI,AGL,CE,Towers with Radar,5,42,45,1,93,0,0,44,0,44,5,42,89,1,137,51,0,51,188
09/13/2021,YIP,MI,AGL,CE,Towers with Radar,4,14,35,0,53,0,0,15,0,15,4,14,50,0,68,33,0,33,101
09/14/2021,YIP,MI,AGL,CE,Towers with Radar,8,30,23,0,61,0,0,14,0,14,8,30,37,0,75,16,0,16,91
09/15/2021,YIP,MI,AGL,CE,Towers with Radar,4,25,40,0,69,0,0,46,2,48,4,25,86,2,117,178,0,178,295
09/16/2021,YIP,MI,AGL,CE,Towers with Radar,2,25,40,0,67,0,1,74,1,76,2,26,114,1,143,208,0,208,351
09/17/2021,YIP,MI,AGL,CE,Towers with Radar,5,25,53,1,84,0,2,48,1,51,5,27,101,2,135,92,0,92,227
09/18/2021,YIP,MI,AGL,CE,Towers with Radar,6,13,26,1,46,0,0,76,0,76,6,13,102,1,122,103,0,103,225
09/19/2021,YIP,MI,AGL,CE,Towers with Radar,0,19,27,0,46,0,1,34,0,35,0,20,61,0,81,105,0,105,186
09/20/2021,YIP,MI,AGL,CE,Towers with Radar,1,33,39,0,73,0,0,28,0,28,1,33,67,0,101,69,0,69,170
09/21/2021,YIP,MI,AGL,CE,Towers with Radar,8,21,19,0,48,0,0,6,0,6,8,21,25,0,54,34,0,34,88
09/22/2021,YIP,MI,AGL,CE,Towers with Radar,1,17,25,0,43,0,0,1,0,1,1,17,26,0,44,0,0,0,44
09/23/2021,YIP,MI,AGL,CE,Towers with Radar,2,48,46,0,96,0,0,1,0,1,2,48,47,0,97,0,0,0,97
09/24/2021,YIP,MI,AGL,CE,Towers with Radar,8,41,57,0,106,0,0,50,0,50,8,41,107,0,156,78,0,78,234
09/25/2021,YIP,MI,AGL,CE,Towers with Radar,3,33,43,2,81,0,0,20,0,20,3,33,63,2,101,18,0,18,119
09/26/2021,YIP,MI,AGL,CE,Towers with Radar,2,33,36,1,72,0,0,47,0,47,2,33,83,1,119,64,0,64,183
09/27/2021,YIP,MI,AGL,CE,Towers with Radar,2,26,29,0,57,0,0,45,0,45,2,26,74,0,102,73,0,73,175
09/28/2021,YIP,MI,AGL,CE,Towers with Radar,8,16,39,0,63,0,0,55,0,55,8,16,94,0,118,216,0,216,334
09/29/2021,YIP,MI,AGL,CE,Towers with Radar,7,14,24,0,45,0,0,61,0,61,7,14,85,0,106,61,0,61,167
09/30/2021,YIP,MI,AGL,CE,Towers with Radar,7,44,39,0,90,0,1,41,1,43,7,45,80,1,133,133,0,133,266
10/01/2021,YIP,MI,AGL,CE,Towers with Radar,5,38,39,0,82,0,2,66,0,68,5,40,105,0,150,120,0,120,270
10/02/2021,YIP,MI,AGL,CE,Towers with Radar,1,20,29,0,50,0,0,40,0,40,1,20,69,0,90,114,0,114,204
10/03/2021,YIP,MI,AGL,CE,Towers with Radar,1,19,44,0,64,0,0,3,0,3,1,19,47,0,67,31,0,31,98
10/04/2021,YIP,MI,AGL,CE,Towers with Radar,5,33,29,0,67,0,0,4,0,4,5,33,33,0,71,0,0,0,71
10/05/2021,YIP,MI,AGL,CE,Towers with Radar,8,28,23,0,59,0,1,4,0,5,8,29,27,0,64,0,0,0,64
10/06/2021,YIP,MI,AGL,CE,Towers with Radar,9,29,39,0,77,0,0,5,0,5,9,29,44,0,82,0,0,0,82
10/07/2021,YIP,MI,AGL,CE,Towers with Radar,15,40,30,0,85,0,0,9,0,9,15,40,39,0,94,24,0,24,118
10/08/2021,YIP,MI,AGL,CE,Towers with Radar,8,30,33,0,71,0,0,10,1,11,8,30,43,1,82,18,0,18,100
10/09/2021,YIP,MI,AGL,CE,Towers with Radar,5,18,49,0,72,0,0,44,1,45,5,18,93,1,117,80,0,80,197
10/10/2021,YIP,MI,AGL,CE,Towers with Radar,1,16,46,6,69,0,0,28,2,30,1,16,74,8,99,49,0,49,148
10/11/2021,YIP,MI,AGL,CE,Towers with Radar,6,23,41,0,70,0,0,59,0,59,6,23,100,0,129,159,0,159,288
10/12/2021,YIP,MI,AGL,CE,Towers with Radar,11,32,51,0,94,0,0,15,0,15,11,32,66,0,109,87,0,87,196
10/13/2021,YIP,MI,AGL,CE,Towers with Radar,16,37,44,3,100,0,0,73,0,73,16,37,117,3,173,137,0,137,310
10/14/2021,YIP,MI,AGL,CE,Towers with Radar,6,22,29,0,57,0,0,17,1,18,6,22,46,1,75,137,0,137,212
10/15/2021,YIP,MI,AGL,CE,Towers with Radar,3,26,44,0,73,0,1,7,0,8,3,27,51,0,81,8,0,8,89
10/16/2021,YIP,MI,AGL,CE,Towers with Radar,7,22,28,0,57,0,0,33,1,34,7,22,61,1,91,48,0,48,139
10/17/2021,YIP,MI,AGL,CE,Towers with Radar,1,17,24,0,42,0,1,31,1,33,1,18,55,1,75,45,0,45,120
10/18/2021,YIP,MI,AGL,CE,Towers with Radar,8,31,41,0,80,0,0,62,0,62,8,31,103,0,142,117,0,117,259
10/19/2021,YIP,MI,AGL,CE,Towers with Radar,14,27,44,0,85,0,0,36,0,36,14,27,80,0,121,344,0,344,465
10/20/2021,YIP,MI,AGL,CE,Towers with Radar,8,34,50,0,92,0,0,47,0,47,8,34,97,0,139,217,0,217,356
10/21/2021,YIP,MI,AGL,CE,Towers with Radar,15,37,54,0,106,0,0,23,0,23,15,37,77,0,129,85,0,85,214
10/22/2021,YIP,MI,AGL,CE,Towers with Radar,7,29,63,0,99,0,2,64,0,66,7,31,127,0,165,146,0,146,311
10/23/2021,YIP,MI,AGL,CE,Towers with Radar,12,40,49,0,101,0,0,34,0,34,12,40,83,0,135,176,0,176,311
10/24/2021,YIP,MI,AGL,CE,Towers with Radar,3,24,35,0,62,0,0,26,0,26,3,24,61,0,88,76,0,76,164
10/25/2021,YIP,MI,AGL,CE,Towers with Radar,5,31,23,0,59,0,0,0,0,0,5,31,23,0,59,0,0,0,59
10/26/2021,YIP,MI,AGL,CE,Towers with Radar,8,26,38,0,72,0,0,51,0,51,8,26,89,0,123,66,0,66,189
10/27/2021,YIP,MI,AGL,CE,Towers with Radar,12,37,59,0,108,0,0,6,0,6,12,37,65,0,114,8,0,8,122
10/28/2021,YIP,MI,AGL,CE,Towers with Radar,16,21,41,0,78,0,0,22,1,23,16,21,63,1,101,104,0,104,205
10/29/2021,YIP,MI,AGL,CE,Towers with Radar,10,31,12,0,53,0,0,0,0,0,10,31,12,0,53,0,0,0,53
10/30/2021,YIP,MI,AGL,CE,Towers with Radar,3,18,13,0,34,0,0,3,0,3,3,18,16,0,37,76,0,76,113
10/31/2021,YIP,MI,AGL,CE,Towers with Radar,0,28,28,0,56,0,0,21,0,21,0,28,49,0,77,127,0,127,204
11/01/2021,YIP,MI,AGL,CE,Towers with Radar,6,17,38,0,61,0,0,49,0,49,6,17,87,0,110,202,0,202,312
11/02/2021,YIP,MI,AGL,CE,Towers with Radar,5,38,39,0,82,0,2,32,0,34,5,40,71,0,116,107,0,107,223
11/03/2021,YIP,MI,AGL,CE,Towers with Radar,6,26,60,1,93,0,0,58,2,60,6,26,118,3,153,137,0,137,290
11/04/2021,YIP,MI,AGL,CE,Towers with Radar,11,58,28,0,97,0,0,44,2,46,11,58,72,2,143,149,0,149,292
11/05/2021,YIP,MI,AGL,CE,Towers with Radar,12,49,61,0,122,0,0,78,0,78,12,49,139,0,200,142,0,142,342
11/06/2021,YIP,MI,AGL,CE,Towers with Radar,10,41,45,0,96,0,0,64,2,66,10,41,109,2,162,94,0,94,256
11/07/2021,YIP,MI,AGL,CE,Towers with Radar,8,59,55,0,122,0,0,56,0,56,8,59,111,0,178,131,0,131,309
11/08/2021,YIP,MI,AGL,CE,Towers with Radar,12,9,20,0,41,0,0,52,0,52,12,9,72,0,93,142,0,142,235
11/09/2021,YIP,MI,AGL,CE,Towers with Radar,14,44,37,0,95,0,0,29,0,29,14,44,66,0,124,126,0,126,250
11/10/2021,YIP,MI,AGL,CE,Towers with Radar,14,46,40,2,102,0,0,39,0,39,14,46,79,2,141,88,0,88,229
11/11/2021,YIP,MI,AGL,CE,Towers with Radar,10,32,33,0,75,0,0,17,1,18,10,32,50,1,93,27,0,27,120
11/12/2021,YIP,MI,AGL,CE,Towers with Radar,8,28,33,0,69,0,0,19,0,19,8,28,52,0,88,56,0,56,144
11/13/2021,YIP,MI,AGL,CE,Towers with Radar,8,23,15,0,46,0,3,1,2,6,8,26,16,2,52,47,0,47,99
11/14/2021,YIP,MI,AGL,CE,Towers with Radar,4,17,13,0,34,0,0,0,0,0,4,17,13,0,34,0,0,0,34
11/15/2021,YIP,MI,AGL,CE,Towers with Radar,5,20,26,0,51,0,0,23,0,23,5,20,49,0,74,86,0,86,160
11/16/2021,YIP,MI,AGL,CE,Towers with Radar,9,26,44,0,79,0,2,41,0,43,9,28,85,0,122,110,0,110,232
11/17/2021,YIP,MI,AGL,CE,Towers with Radar,13,23,35,0,71,0,0,0,2,2,13,23,35,2,73,0,0,0,73
11/18/2021,YIP,MI,AGL,CE,Towers with Radar,11,39,25,0,75,0,0,17,0,17,11,39,42,0,92,40,0,40,132
11/19/2021,YIP,MI,AGL,CE,Towers with Radar,7,43,46,0,96,0,0,68,0,68,7,43,114,0,164,190,0,190,354
11/20/2021,YIP,MI,AGL,CE,Towers with Radar,7,29,18,0,54,0,0,58,1,59,7,29,76,1,113,158,0,158,271
11/21/2021,YIP,MI,AGL,CE,Towers with Radar,4,19,12,0,35,0,0,4,0,4,4,19,16,0,39,20,0,20,59
11/22/2021,YIP,MI,AGL,CE,Towers with Radar,13,21,32,0,66,0,0,31,0,31,13,21,63,0,97,90,0,90,187
11/23/2021,YIP,MI,AGL,CE,Towers with Radar,12,31,47,3,93,0,0,43,0,43,12,31,90,3,136,158,0,158,294
11/24/2021,YIP,MI,AGL,CE,Towers with Radar,12,24,22,0,58,0,0,17,0,17,12,24,39,0,75,34,0,34,109
11/25/2021,YIP,MI,AGL,CE,Towers with Radar,3,13,4,0,20,0,0,0,0,0,3,13,4,0,20,0,0,0,20
11/26/2021,YIP,MI,AGL,CE,Towers with Radar,8,37,27,0,72,0,0,9,0,9,8,37,36,0,81,4,0,4,85
11/27/2021,YIP,MI,AGL,CE,Towers with Radar,1,78,79,0,158,0,0,13,0,13,1,78,92,0,171,6,0,6,177
11/28/2021,YIP,MI,AGL,CE,Towers with Radar,2,30,24,0,56,0,0,3,0,3,2,30,27,0,59,0,0,0,59
11/29/2021,YIP,MI,AGL,CE,Towers with Radar,4,27,48,0,79,0,0,25,0,25,4,27,73,0,104,101,0,101,205
11/30/2021,YIP,MI,AGL,CE,Towers with Radar,12,19,24,4,59,0,0,13,0,13,12,19,37,4,72,78,0,78,150
12/01/2021,YIP,MI,AGL,CE,Towers with Radar,9,39,50,0,98,0,0,46,0,46,9,39,96,0,144,176,0,176,320
12/02/2021,YIP,MI,AGL,CE,Towers with Radar,16,40,29,0,85,0,0,7,0,7,16,40,36,0,92,18,0,18,110
12/03/2021,YIP,MI,AGL,CE,Towers with Radar,4,38,16,1,59,0,1,2,0,3,4,39,18,1,62,0,0,0,62
12/04/2021,YIP,MI,AGL,CE,Towers with Radar,6,21,31,5,63,0,0,55,0,55,6,21,86,5,118,70,0,70,188
12/05/2021,YIP,MI,AGL,CE,Towers with Radar,4,14,22,0,40,0,0,33,0,33,4,14,55,0,73,30,0,30,103
12/06/2021,YIP,MI,AGL,CE,Towers with Radar,11,20,18,0,49,0,0,1,0,1,11,20,19,0,50,8,0,8,58
12/07/2021,YIP,MI,AGL,CE,Towers with Radar,13,44,53,3,113,0,0,36,0,36,13,44,89,3,149,152,0,152,301
12/08/2021,YIP,MI,AGL,CE,Towers with Radar,11,43,44,0,98,0,0,54,0,54,11,43,98,0,152,106,0,106,258
12/09/2021,YIP,MI,AGL,CE,Towers with Radar,16,45,40,2,103,0,0,30,0,30,16,45,70,2,133,142,0,142,275
12/10/2021,YIP,MI,AGL,CE,Towers with Radar,14,32,25,1,72,0,0,48,0,48,14,32,73,1,120,106,0,106,226
12/11/2021,YIP,MI,AGL,CE,Towers with Radar,6,16,8,0,30,0,0,0,0,0,6,16,8,0,30,0,0,0,30
12/12/2021,YIP,MI,AGL,CE,Towers with Radar,9,28,16,1,54,0,0,40,0,40,9,28,56,1,94,38,6,44,138
12/13/2021,YIP,MI,AGL,CE,Towers with Radar,12,20,37,1,70,0,0,59,0,59,12,20,96,1,129,186,0,186,315
12/14/2021,YIP,MI,AGL,CE,Towers with Radar,11,41,36,2,90,0,0,47,2,49,11,41,83,4,139,84,4,88,227
12/15/2021,YIP,MI,AGL,CE,Towers with Radar,13,54,22,1,90,0,1,14,3,18,13,55,36,4,108,94,0,94,202
12/16/2021,YIP,MI,AGL,CE,Towers with Radar,13,34,18,0,65,0,0,2,0,2,13,34,20,0,67,0,0,0,67
12/17/2021,YIP,MI,AGL,CE,Towers with Radar,18,44,33,0,95,0,0,67,0,67,18,44,100,0,162,137,0,137,299
12/18/2021,YIP,MI,AGL,CE,Towers with Radar,7,37,21,0,65,0,0,0,2,2,7,37,21,2,67,0,0,0,67
12/19/2021,YIP,MI,AGL,CE,Towers with Radar,5,21,32,1,59,0,0,16,0,16,5,21,48,1,75,242,0,242,317
12/20/2021,YIP,MI,AGL,CE,Towers with Radar,11,27,22,1,61,0,0,23,4,27,11,27,45,5,88,170,2,172,260
12/21/2021,YIP,MI,AGL,CE,Towers with Radar,11,49,30,0,90,0,0,0,0,0,11,49,30,0,90,133,0,133,223
12/22/2021,YIP,MI,AGL,CE,Towers with Radar,7,47,18,1,73,0,0,52,0,52,7,47,70,1,125,28,0,28,153
12/23/2021,YIP,MI,AGL,CE,Towers with Radar,12,30,26,1,69,0,1,40,3,44,12,31,66,4,113,152,0,152,265
12/24/2021,YIP,MI,AGL,CE,Towers with Radar,3,15,12,0,30,0,0,2,0,2,3,15,14,0,32,2,0,2,34
12/25/2021,YIP,MI,AGL,CE,Towers with Radar,0,13,5,0,18,0,0,0,0,0,0,13,5,0,18,0,0,0,18
12/26/2021,YIP,MI,AGL,CE,Towers with Radar,0,17,39,0,56,0,0,32,0,32,0,17,71,0,88,32,0,32,120
12/27/2021,YIP,MI,AGL,CE,Towers with Radar,7,27,24,0,58,0,0,0,0,0,7,27,24,0,58,0,0,0,58
12/28/2021,YIP,MI,AGL,CE,Towers with Radar,7,21,35,0,63,0,0,6,0,6,7,21,41,0,69,75,0,75,144
12/29/2021,YIP,MI,AGL,CE,Towers with Radar,12,17,8,0,37,0,0,2,0,2,12,17,10,0,39,31,0,31,70
12/30/2021,YIP,MI,AGL,CE,Towers with Radar,3,23,17,0,43,0,0,10,0,10,3,23,27,0,53,123,0,123,176
12/31/2021,YIP,MI,AGL,CE,Towers with Radar,3,26,14,0,43,0,0,4,0,4,3,26,18,0,47,46,0,46,93
01/01/2022,YIP,MI,AGL,CE,Towers with Radar,5,12,4,0,21,0,0,0,0,0,5,12,4,0,21,0,0,0,21
01/02/2022,YIP,MI,AGL,CE,Towers with Radar,3,19,23,0,45,0,0,2,0,2,3,19,25,0,47,16,0,16,63
01/03/2022,YIP,MI,AGL,CE,Towers with Radar,11,23,31,4,69,0,0,50,2,52,11,23,81,6,121,136,0,136,257
01/04/2022,YIP,MI,AGL,CE,Towers with Radar,14,20,26,0,60,0,0,38,0,38,14,20,64,0,98,178,0,178,276
01/05/2022,YIP,MI,AGL,CE,Towers with Radar,18,16,8,0,42,0,0,0,1,1,18,16,8,1,43,0,0,0,43
01/06/2022,YIP,MI,AGL,CE,Towers with Radar,14,12,24,0,50,0,0,6,1,7,14,12,30,1,57,22,0,22,79
01/07/2022,YIP,MI,AGL,CE,Towers with Radar,13,19,20,0,52,0,0,26,0,26,13,19,46,0,78,156,0,156,234
01/08/2022,YIP,MI,AGL,CE,Towers with Radar,10,16,17,0,43,0,0,28,0,28,10,16,45,0,71,75,0,75,146
01/09/2022,YIP,MI,AGL,CE,Towers with Radar,6,14,10,0,30,0,0,2,0,2,6,14,12,0,32,6,0,6,38
01/10/2022,YIP,MI,AGL,CE,Towers with Radar,5,12,26,0,43,0,0,7,0,7,5,12,33,0,50,50,0,50,100
01/11/2022,YIP,MI,AGL,CE,Towers with Radar,6,14,37,0,57,0,0,36,1,37,6,14,73,1,94,84,0,84,178
01/12/2022,YIP,MI,AGL,CE,Towers with Radar,13,15,25,0,53,0,0,26,0,26,13,15,51,0,79,82,0,82,161
01/13/2022,YIP,MI,AGL,CE,Towers with Radar,11,15,24,0,50,0,0,11,0,11,11,15,35,0,61,20,0,20,81
01/14/2022,YIP,MI,AGL,CE,Towers with Radar,14,20,27,0,61,0,0,16,0,16,14,20,43,0,77,50,0,50,127
01/15/2022,YIP,MI,AGL,CE,Towers with Radar,10,18,28,0,56,0,1,37,1,39,10,19,65,1,95,104,0,104,199
01/16/2022,YIP,MI,AGL,CE,Towers with Radar,2,8,30,3,43,0,0,41,2,43,2,8,71,5,86,108,0,108,194
01/17/2022,YIP,MI,AGL,CE,Towers with Radar,14,19,20,0,53,0,0,0,0,0,14,19,20,0,53,32,0,32,85
01/18/2022,YIP,MI,AGL,CE,Towers with Radar,12,25,25,0,62,0,0,33,0,33,12,25,58,0,95,172,0,172,267
01/19/2022,YIP,MI,AGL,CE,Towers with Radar,6,32,29,0,67,0,1,7,0,8,6,33,36,0,75,26,0,26,101
01/20/2022,YIP,MI,AGL,CE,Towers with Radar,15,60,55,1,131,0,0,12,0,12,15,60,67,1,143,29,0,29,172
01/21/2022,YIP,MI,AGL,CE,Towers with Radar,5,41,54,5,105,0,0,68,1,69,5,41,122,6,174,83,0,83,257
01/22/2022,YIP,MI,AGL,CE,Towers with Radar,15,41,21,2,79,0,0,22,1,23,15,41,43,3,102,33,0,33,135
01/23/2022,YIP,MI,AGL,CE,Towers with Radar,10,25,34,0,69,0,0,4,1,5,10,25,38,1,74,10,0,10,84
01/24/2022,YIP,MI,AGL,CE,Towers with Radar,4,43,16,0,63,0,0,0,0,0,4,43,16,0,63,0,0,0,63
01/25/2022,YIP,MI,AGL,CE,Towers with Radar,19,46,55,0,120,0,0,74,0,74,19,46,129,0,194,231,0,231,425
01/26/2022,YIP,MI,AGL,CE,Towers with Radar,16,82,61,0,159,0,2,83,0,85,16,84,144,0,244,190,0,190,434
01/27/2022,YIP,MI,AGL,CE,Towers with Radar,24,65,65,0,154,0,0,16,1,17,24,65,81,1,171,96,0,96,267
01/28/2022,YIP,MI,AGL,CE,Towers with Radar,24,89,54,0,167,0,0,33,1,34,24,89,87,1,201,134,0,134,335
01/29/2022,YIP,MI,AGL,CE,Towers with Radar,11,64,43,0,118,0,0,53,1,54,11,64,96,1,172,171,0,171,343
01/30/2022,YIP,MI,AGL,CE,Towers with Radar,18,53,50,0,121,0,0,26,1,27,18,53,76,1,148,56,0,56,204
01/31/2022,YIP,MI,AGL,CE,Towers with Radar,6,73,72,0,151,0,1,54,0,55,6,74,126,0,206,67,0,67,273
02/01/2022,YIP,MI,AGL,CE,Towers with Radar,17,79,40,0,136,0,0,29,0,29,17,79,69,0,165,46,0,46,211
02/02/2022,YIP,MI,AGL,CE,Towers with Radar,1,31,8,0,40,0,0,0,0,0,1,31,8,0,40,0,0,0,40
02/03/2022,YIP,MI,AGL,CE,Towers with Radar,8,43,7,0,58,0,0,0,0,0,8,43,7,0,58,0,0,0,58
02/04/2022,YIP,MI,AGL,CE,Towers with Radar,13,73,71,0,157,0,0,62,0,62,13,73,133,0,219,155,0,155,374
02/05/2022,YIP,MI,AGL,CE,Towers with Radar,4,28,24,0,56,0,0,15,0,15,4,28,39,0,71,253,0,253,324
02/06/2022,YIP,MI,AGL,CE,Towers with Radar,4,46,52,0,102,0,0,48,1,49,4,46,100,1,151,92,0,92,243
02/07/2022,YIP,MI,AGL,CE,Towers with Radar,30,35,17,3,85,0,0,14,0,14,30,35,31,3,99,142,0,142,241
02/08/2022,YIP,MI,AGL,CE,Towers with Radar,26,88,66,1,181,0,1,95,1,97,26,89,161,2,278,182,0,182,460
02/09/2022,YIP,MI,AGL,CE,Towers with Radar,33,72,54,1,160,0,0,45,1,46,33,72,99,2,206,193,0,193,399
02/10/2022,YIP,MI,AGL,CE,Towers with Radar,43,88,66,0,197,0,0,19,5,24,43,88,85,5,221,83,0,83,304
02/11/2022,YIP,MI,AGL,CE,Towers with Radar,38,82,27,5,152,1,0,0,0,1,39,82,27,5,153,0,0,0,153
02/12/2022,YIP,MI,AGL,CE,Towers with Radar,31,45,60,5,141,0,0,43,3,46,31,45,103,8,187,154,0,154,341
02/13/2022,YIP,MI,AGL,CE,Towers with Radar,22,53,29,3,107,0,0,16,0,16,22,53,45,3,123,8,0,8,131
02/14/2022,YIP,MI,AGL,CE,Towers with Radar,36,40,45,2,123,0,0,60,0,60,36,40,105,2,183,284,0,284,467
02/15/2022,YIP,MI,AGL,CE,Towers with Radar,51,56,79,1,187,0,0,98,0,98,51,56,177,1,285,124,0,124,409
02/16/2022,YIP,MI,AGL,CE,Towers with Radar,13,17,17,1,48,0,0,4,0,4,13,17,21,1,52,0,0,0,52
02/17/2022,YIP,MI,AGL,CE,Towers with Radar,17,50,23,0,90,0,0,0,0,0,17,50,23,0,90,0,0,0,90
02/18/2022,YIP,MI,AGL,CE,Towers with Radar,25,76,59,1,161,0,0,39,4,43,25,76,98,5,204,41,0,41,245
02/19/2022,YIP,MI,AGL,CE,Towers with Radar,15,43,20,0,78,1,0,11,0,12,16,43,31,0,90,12,0,12,102
02/20/2022,YIP,MI,AGL,CE,Towers with Radar,11,43,14,0,68,0,0,7,0,7,11,43,21,0,75,0,0,0,75
02/21/2022,YIP,MI,AGL,CE,Towers with Radar,23,63,78,3,167,0,0,101,1,102,23,63,179,4,269,288,0,288,557
02/22/2022,YIP,MI,AGL,CE,Towers with Radar,25,48,30,0,103,0,0,0,0,0,25,48,30,0,103,0,0,0,103
02/23/2022,YIP,MI,AGL,CE,Towers with Radar,27,82,61,2,172,0,0,43,3,46,27,82,104,5,218,114,0,114,332
02/24/2022,YIP,MI,AGL,CE,Towers with Radar,19,67,76,0,162,0,1,35,1,37,19,68,111,1,199,93,0,93,292
02/25/2022,YIP,MI,AGL,CE,Towers with Radar,22,67,34,0,123,0,0,11,0,11,22,67,45,0,134,41,0,41,175
02/26/2022,YIP,MI,AGL,CE,Towers with Radar,14,52,81,0,147,0,0,69,0,69,14,52,150,0,216,106,0,106,322
02/27/2022,YIP,MI,AGL,CE,Towers with Radar,8,36,71,1,116,0,0,60,1,61,8,36,131,2,177,75,0,75,252
02/28/2022,YIP,MI,AGL,CE,Towers with Radar,6,22,36,1,65,0,0,89,0,89,6,22,125,1,154,218,0,218,372
03/01/2022,YIP,MI,AGL,CE,Towers with Radar,7,26,51,0,84,0,0,69,0,69,7,26,120,0,153,220,0,220,373
03/02/2022,YIP,MI,AGL,CE,Towers with Radar,14,38,29,1,82,0,0,60,1,61,14,38,89,2,143,219,0,219,362
03/03/2022,YIP,MI,AGL,CE,Towers with Radar,11,31,37,1,80,0,0,15,0,15,11,31,52,1,95,0,0,0,95
03/04/2022,YIP,MI,AGL,CE,Towers with Radar,11,31,42,0,84,0,1,54,0,55,11,32,96,0,139,258,0,258,397
03/05/2022,YIP,MI,AGL,CE,Towers with Radar,9,26,25,2,62,0,0,60,1,61,9,26,85,3,123,233,0,233,356
03/06/2022,YIP,MI,AGL,CE,Towers with Radar,3,15,7,0,25,0,0,0,0,0,3,15,7,0,25,0,0,0,25
03/07/2022,YIP,MI,AGL,CE,Towers with Radar,13,18,15,0,46,0,0,0,0,0,13,18,15,0,46,48,0,48,94
03/08/2022,YIP,MI,AGL,CE,Towers with Radar,13,37,29,0,79,0,0,63,0,63,13,37,92,0,142,238,0,238,380
03/09/2022,YIP,MI,AGL,CE,Towers with Radar,12,25,59,1,97,0,0,66,0,66,12,25,125,1,163,218,0,218,381
03/10/2022,YIP,MI,AGL,CE,Towers with Radar,7,32,46,0,85,0,0,67,2,69,7,32,113,2,154,201,0,201,355
03/11/2022,YIP,MI,AGL,CE,Towers with Radar,10,30,24,0,64,0,0,7,1,8,10,30,31,1,72,0,0,0,72
03/12/2022,YIP,MI,AGL,CE,Towers with Radar,5,16,21,0,42,0,0,10,0,10,5,16,31,0,52,12,0,12,64
03/13/2022,YIP,MI,AGL,CE,Towers with Radar,4,23,24,0,51,0,0,7,0,7,4,23,31,0,58,16,0,16,74
03/14/2022,YIP,MI,AGL,CE,Towers with Radar,14,44,65,0,123,0,0,77,0,77,14,44,142,0,200,185,0,185,385
03/15/2022,YIP,MI,AGL,CE,Towers with Radar,14,27,63,0,104,0,0,53,0,53,14,27,116,0,157,194,0,194,351
03/16/2022,YIP,MI,AGL,CE,Towers with Radar,14,35,56,2,107,0,0,35,0,35,14,35,91,2,142,161,0,161,303
03/17/2022,YIP,MI,AGL,CE,Towers with Radar,16,54,45,0,115,0,0,51,0,51,16,54,96,0,166,117,0,117,283
03/18/2022,YIP,MI,AGL,CE,Towers with Radar,18,33,34,0,85,0,1,33,2,36,18,34,67,2,121,166,0,166,287
03/19/2022,YIP,MI,AGL,CE,Towers with Radar,6,25,11,0,42,0,0,1,0,1,6,25,12,0,43,0,0,0,43
03/20/2022,YIP,MI,AGL,CE,Towers with Radar,3,23,43,0,69,0,0,58,0,58,3,23,101,0,127,130,0,130,257
03/21/2022,YIP,MI,AGL,CE,Towers with Radar,17,24,48,0,89,0,0,59,0,59,17,24,107,0,148,230,0,230,378
03/22/2022,YIP,MI,AGL,CE,Towers with Radar,17,30,33,0,80,0,0,28,0,28,17,30,61,0,108,43,0,43,151
03/23/2022,YIP,MI,AGL,CE,Towers with Radar,17,27,20,0,64,0,0,6,0,6,17,27,26,0,70,0,0,0,70
03/24/2022,YIP,MI,AGL,CE,Towers with Radar,20,35,36,0,91,0,0,6,0,6,20,35,42,0,97,0,0,0,97
03/25/2022,YIP,MI,AGL,CE,Towers with Radar,20,35,24,0,79,0,0,17,2,19,20,35,41,2,98,17,0,17,115
03/26/2022,YIP,MI,AGL,CE,Towers with Radar,9,35,18,0,62,0,0,1,1,2,9,35,19,1,64,0,0,0,64
03/27/2022,YIP,MI,AGL,CE,Towers with Radar,5,34,13,0,52,0,0,7,0,7,5,34,20,0,59,10,0,10,69
03/28/2022,YIP,MI,AGL,CE,Towers with Radar,15,18,34,0,67,0,0,43,0,43,15,18,77,0,110,126,0,126,236
03/29/2022,YIP,MI,AGL,CE,Towers with Radar,14,35,45,0,94,0,0,76,2,78,14,35,121,2,172,267,0,267,439
03/30/2022,YIP,MI,AGL,CE,Towers with Radar,10,41,18,0,69,0,2,11,1,14,10,43,29,1,83,32,0,32,115
03/31/2022,YIP,MI,AGL,CE,Towers with Radar,15,39,22,0,76,0,2,2,0,4,15,41,24,0,80,0,0,0,80
04/01/2022,YIP,MI,AGL,CE,Towers with Radar,12,24,22,0,58,0,1,32,0,33,12,25,54,0,91,63,0,63,154
04/02/2022,YIP,MI,AGL,CE,Towers with Radar,5,33,47,0,85,0,0,99,2,101,5,33,146,2,186,229,0,229,415
04/03/2022,YIP,MI,AGL,CE,Towers with Radar,1,28,25,0,54,0,0,32,0,32,1,28,57,0,86,194,0,194,280
04/04/2022,YIP,MI,AGL,CE,Towers with Radar,7,27,13,0,47,0,0,0,0,0,7,27,13,0,47,0,0,0,47
04/05/2022,YIP,MI,AGL,CE,Towers with Radar,13,35,46,0,94,0,6,56,0,62,13,41,102,0,156,339,0,339,495
04/06/2022,YIP,MI,AGL,CE,Towers with Radar,9,19,40,0,68,0,0,7,1,8,9,19,47,1,76,30,0,30,106
04/07/2022,YIP,MI,AGL,CE,Towers with Radar,14,41,50,0,105,0,0,52,1,53,14,41,102,1,158,182,0,182,340
04/08/2022,YIP,MI,AGL,CE,Towers with Radar,20,33,19,0,72,0,0,41,0,41,20,33,60,0,113,174,0,174,287
04/09/2022,YIP,MI,AGL,CE,Towers with Radar,3,20,19,0,42,0,0,41,1,42,3,20,60,1,84,313,0,313,397
04/10/2022,YIP,MI,AGL,CE,Towers with Radar,2,21,59,0,82,0,0,110,0,110,2,21,169,0,192,281,0,281,473
04/11/2022,YIP,MI,AGL,CE,Towers with Radar,6,20,53,0,79,0,0,64,0,64,6,20,117,0,143,223,0,223,366
04/12/2022,YIP,MI,AGL,CE,Towers with Radar,18,28,60,4,110,0,0,75,0,75,18,28,135,4,185,185,0,185,370
04/13/2022,YIP,MI,AGL,CE,Towers with Radar,12,17,35,2,66,0,0,4,0,4,12,17,39,2,70,0,0,0,70
04/14/2022,YIP,MI,AGL,CE,Towers with Radar,10,36,40,0,86,0,0,2,0,2,10,36,42,0,88,0,0,0,88
04/15/2022,YIP,MI,AGL,CE,Towers with Radar,10,27,14,0,51,0,1,4,0,5,10,28,18,0,56,3,0,3,59
04/16/2022,YIP,MI,AGL,CE,Towers with Radar,2,13,22,0,37,0,1,50,2,53,2,14,72,2,90,137,0,137,227
04/17/2022,YIP,MI,AGL,CE,Towers with Radar,0,24,20,0,44,0,0,47,0,47,0,24,67,0,91,176,0,176,267
04/18/2022,YIP,MI,AGL,CE,Towers with Radar,6,18,28,0,52,0,0,5,0,5,6,18,33,0,57,82,0,82,139
04/19/2022,YIP,MI,AGL,CE,Towers with Radar,7,27,23,0,57,0,0,5,0,5,7,27,28,0,62,0,0,0,62
04/20/2022,YIP,MI,AGL,CE,Towers with Radar,15,34,43,0,92,0,0,84,1,85,15,34,127,1,177,245,0,245,422
04/21/2022,YIP,MI,AGL,CE,Towers with Radar,7,28,32,0,67,0,0,13,0,13,7,28,45,0,80,6,0,6,86
04/22/2022,YIP,MI,AGL,CE,Towers with Radar,10,38,46,0,94,0,1,70,0,71,10,39,116,0,165,305,0,305,470
04/23/2022,YIP,MI,AGL,CE,Towers with Radar,3,33,42,0,78,0,1,73,2,76,3,34,115,2,154,249,0,249,403
04/24/2022,YIP,MI,AGL,CE,Towers with Radar,4,20,19,0,43,0,1,14,0,15,4,21,33,0,58,45,0,45,103
04/25/2022,YIP,MI,AGL,CE,Towers with Radar,9,36,76,0,121,0,0,34,2,36,9,36,110,2,157,125,20,145,302
04/26/2022,YIP,MI,AGL,CE,Towers with Radar,14,37,38,0,89,0,1,76,0,77,14,38,114,0,166,230,0,230,396
04/27/2022,YIP,MI,AGL,CE,Towers with Radar,7,63,51,0,121,0,0,51,1,52,7,63,102,1,173,112,0,112,285
04/28/2022,YIP,MI,AGL,CE,Towers with Radar,16,37,68,0,121,0,8,94,4,106,16,45,162,4,227,223,0,223,450
04/29/2022,YIP,MI,AGL,CE,Towers with Radar,15,36,54,0,105,0,0,61,0,61,15,36,115,0,166,54,0,54,220
04/30/2022,YIP,MI,AGL,CE,Towers with Radar,5,21,51,0,77,0,1,48,2,51,5,22,99,2,128,182,0,182,310
05/01/2022,YIP,MI,AGL,CE,Towers with Radar,6,31,34,0,71,0,0,10,0,10,6,31,44,0,81,33,0,33,114
05/02/2022,YIP,MI,AGL,CE,Towers with Radar,9,33,49,0,91,0,0,19,0,19,9,33,68,0,110,264,0,264,374
05/03/2022,YIP,MI,AGL,CE,Towers with Radar,11,32,24,0,67,0,0,2,0,2,11,32,26,0,69,44,0,44,113
05/04/2022,YIP,MI,AGL,CE,Towers with Radar,16,39,44,0,99,3,0,58,1,62,19,39,102,1,161,111,0,111,272
05/05/2022,YIP,MI,AGL,CE,Towers with Radar,10,28,49,0,87,0,0,78,0,78,10,28,127,0,165,274,0,274,439
05/06/2022,YIP,MI,AGL,CE,Towers with Radar,14,26,41,0,81,0,1,20,0,21,14,27,61,0,102,48,0,48,150
05/07/2022,YIP,MI,AGL,CE,Towers with Radar,4,20,24,0,48,0,0,47,1,48,4,20,71,1,96,77,0,77,173
05/08/2022,YIP,MI,AGL,CE,Towers with Radar,2,25,34,0,61,0,0,80,0,80,2,25,114,0,141,165,0,165,306
05/09/2022,YIP,MI,AGL,CE,Towers with Radar,7,21,34,0,62,0,0,66,0,66,7,21,100,0,128,49,0,49,177
05/10/2022,YIP,MI,AGL,CE,Towers with Radar,14,35,31,0,80,0,1,31,0,32,14,36,62,0,112,0,0,0,112
05/11/2022,YIP,MI,AGL,CE,Towers with Radar,10,39,62,0,111,0,0,74,0,74,10,39,136,0,185,308,0,308,493
05/12/2022,YIP,MI,AGL,CE,Towers with Radar,11,41,44,0,96,0,0,81,1,82,11,41,125,1,178,188,0,188,366
05/13/2022,YIP,MI,AGL,CE,Towers with Radar,13,19,29,0,61,0,0,67,0,67,13,19,96,0,128,135,0,135,263
05/14/2022,YIP,MI,AGL,CE,Towers with Radar,2,8,13,0,23,0,0,48,0,48,2,8,61,0,71,128,0,128,199
05/15/2022,YIP,MI,AGL,CE,Towers with Radar,3,31,29,0,63,0,0,39,0,39,3,31,68,0,102,81,0,81,183
05/16/2022,YIP,MI,AGL,CE,Towers with Radar,12,17,41,0,70,0,0,39,0,39,12,17,80,0,109,79,0,79,188
05/17/2022,YIP,MI,AGL,CE,Towers with Radar,7,34,39,0,80,0,0,72,1,73,7,34,111,1,153,129,0,129,282
05/18/2022,YIP,MI,AGL,CE,Towers with Radar,20,31,52,0,103,0,0,41,0,41,20,31,93,0,144,55,0,55,199
05/19/2022,YIP,MI,AGL,CE,Towers with Radar,13,33,59,0,105,0,1,45,0,46,13,34,104,0,151,241,0,241,392
05/20/2022,YIP,MI,AGL,CE,Towers with Radar,10,29,37,0,76,0,1,10,2,13,10,30,47,2,89,67,0,67,156
05/21/2022,YIP,MI,AGL,CE,Towers with Radar,7,17,13,0,37,0,0,6,1,7,7,17,19,1,44,85,0,85,129
05/22/2022,YIP,MI,AGL,CE,Towers with Radar,2,16,33,0,51,0,0,23,0,23,2,16,56,0,74,172,0,172,246
05/23/2022,YIP,MI,AGL,CE,Towers with Radar,14,32,33,0,79,0,1,76,0,77,14,33,109,0,156,263,0,263,419
05/24/2022,YIP,MI,AGL,CE,Towers with Radar,12,39,48,0,99,5,0,93,0,98,17,39,141,0,197,279,0,279,476
05/25/2022,YIP,MI,AGL,CE,Towers with Radar,14,34,33,0,81,0,0,29,1,30,14,34,62,1,111,60,0,60,171
05/26/2022,YIP,MI,AGL,CE,Towers with Radar,8,28,34,0,70,0,0,2,0,2,8,28,36,0,72,38,0,38,110
05/27/2022,YIP,MI,AGL,CE,Towers with Radar,9,15,32,0,56,0,0,2,2,4,9,15,34,2,60,61,0,61,121
05/28/2022,YIP,MI,AGL,CE,Towers with Radar,5,15,27,0,47,0,0,59,0,59,5,15,86,0,106,243,0,243,349
05/29/2022,YIP,MI,AGL,CE,Towers with Radar,4,12,41,0,57,0,0,35,0,35,4,12,76,0,92,141,0,141,233
05/30/2022,YIP,MI,AGL,CE,Towers with Radar,5,11,16,0,32,0,0,36,0,36,5,11,52,0,68,140,0,140,208
05/31/2022,YIP,MI,AGL,CE,Towers with Radar,12,27,52,0,91,0,0,35,0,35,12,27,87,0,126,52,0,52,178
06/01/2022,YIP,MI,AGL,CE,Towers with Radar,8,35,24,2,69,0,0,44,0,44,8,35,68,2,113,143,0,143,256
06/02/2022,YIP,MI,AGL,CE,Towers with Radar,8,31,50,0,89,0,0,71,2,73,8,31,121,2,162,308,0,308,470
06/03/2022,YIP,MI,AGL,CE,Towers with Radar,10,30,38,0,78,0,1,31,1,33,10,31,69,1,111,38,0,38,149
06/04/2022,YIP,MI,AGL,CE,Towers with Radar,6,12,21,1,40,0,0,59,1,60,6,12,80,2,100,112,0,112,212
06/05/2022,YIP,MI,AGL,CE,Towers with Radar,3,20,20,0,43,0,0,62,1,63,3,20,82,1,106,137,0,137,243
06/06/2022,YIP,MI,AGL,CE,Towers with Radar,9,15,28,0,52,0,0,27,0,27,9,15,55,0,79,166,0,166,245
06/07/2022,YIP,MI,AGL,CE,Towers with Radar,10,33,45,6,94,0,0,41,0,41,10,33,86,6,135,105,0,105,240
06/08/2022,YIP,MI,AGL,CE,Towers with Radar,12,36,35,0,83,0,0,103,2,105,12,36,138,2,188,144,0,144,332
06/09/2022,YIP,MI,AGL,CE,Towers with Radar,16,41,59,1,117,0,0,42,1,43,16,41,101,2,160,154,0,154,314
06/10/2022,YIP,MI,AGL,CE,Towers with Radar,13,37,45,0,95,0,1,52,1,54,13,38,97,1,149,149,0,149,298
06/11/2022,YIP,MI,AGL,CE,Towers with Radar,3,14,35,1,53,0,0,99,1,100,3,14,134,2,153,144,0,144,297
06/12/2022,YIP,MI,AGL,CE,Towers with Radar,5,14,27,1,47,0,0,45,1,46,5,14,72,2,93,177,0,177,270
06/13/2022,YIP,MI,AGL,CE,Towers with Radar,8,30,37,1,76,0,0,58,2,60,8,30,95,3,136,227,0,227,363
06/14/2022,YIP,MI,AGL,CE,Towers with Radar,8,40,47,0,95,0,0,48,0,48,8,40,95,0,143,255,0,255,398
06/15/2022,YIP,MI,AGL,CE,Towers with Radar,7,22,43,0,72,0,0,36,0,36,7,22,79,0,108,144,0,144,252
06/16/2022,YIP,MI,AGL,CE,Towers with Radar,10,40,45,0,95,0,0,31,0,31,10,40,76,0,126,49,0,49,175
06/17/2022,YIP,MI,AGL,CE,Towers with Radar,14,41,34,0,89,0,0,20,1,21,14,41,54,1,110,24,0,24,134
06/18/2022,YIP,MI,AGL,CE,Towers with Radar,6,14,30,0,50,0,0,52,2,54,6,14,82,2,104,110,0,110,214
06/19/2022,YIP,MI,AGL,CE,Towers with Radar,3,21,28,0,52,0,0,68,1,69,3,21,96,1,121,236,0,236,357
06/20/2022,YIP,MI,AGL,CE,Towers with Radar,10,27,41,0,78,0,0,74,0,74,10,27,115,0,152,208,0,208,360
06/21/2022,YIP,MI,AGL,CE,Towers with Radar,9,33,37,0,79,0,0,57,0,57,9,33,94,0,136,131,0,131,267
06/22/2022,YIP,MI,AGL,CE,Towers with Radar,24,33,37,0,94,0,0,39,0,39,24,33,76,0,133,116,0,116,249
06/23/2022,YIP,MI,AGL,CE,Towers with Radar,24,46,49,0,119,0,2,64,0,66,24,48,113,0,185,162,0,162,347
06/24/2022,YIP,MI,AGL,CE,Towers with Radar,11,33,42,0,86,0,1,61,0,62,11,34,103,0,148,289,0,289,437
06/25/2022,YIP,MI,AGL,CE,Towers with Radar,4,15,32,0,51,0,1,79,4,84,4,16,111,4,135,175,0,175,310
06/26/2022,YIP,MI,AGL,CE,Towers with Radar,0,29,42,0,71,0,0,16,1,17,0,29,58,1,88,30,0,30,118
06/27/2022,YIP,MI,AGL,CE,Towers with Radar,9,26,36,0,71,0,1,26,1,28,9,27,62,1,99,73,0,73,172
06/28/2022,YIP,MI,AGL,CE,Towers with Radar,11,27,73,0,111,0,2,92,0,94,11,29,165,0,205,267,0,267,472
06/29/2022,YIP,MI,AGL,CE,Towers with Radar,11,28,51,0,90,1,0,63,0,64,12,28,114,0,154,195,0,195,349
06/30/2022,YIP,MI,AGL,CE,Towers with Radar,9,51,43,0,103,0,3,50,0,53,9,54,93,0,156,196,0,196,352
07/01/2022,YIP,MI,AGL,CE,Towers with Radar,13,22,24,0,59,0,3,20,0,23,13,25,44,0,82,177,0,177,259
07/02/2022,YIP,MI,AGL,CE,Towers with Radar,5,19,27,0,51,0,1,73,1,75,5,20,100,1,126,197,0,197,323
07/03/2022,YIP,MI,AGL,CE,Towers with Radar,1,12,23,0,36,0,0,40,0,40,1,12,63,0,76,137,0,137,213
07/04/2022,YIP,MI,AGL,CE,Towers with Radar,1,21,15,0,37,0,0,15,0,15,1,21,30,0,52,83,0,83,135
07/05/2022,YIP,MI,AGL,CE,Towers with Radar,11,23,45,0,79,0,1,26,1,28,11,24,71,1,107,71,0,71,178
07/06/2022,YIP,MI,AGL,CE,Towers with Radar,5,21,66,0,92,0,0,23,0,23,5,21,89,0,115,97,0,97,212
07/07/2022,YIP,MI,AGL,CE,Towers with Radar,5,29,51,0,85,0,0,71,0,71,5,29,122,0,156,336,0,336,492
07/08/2022,YIP,MI,AGL,CE,Towers with Radar,8,21,29,0,58,0,1,24,1,26,8,22,53,1,84,150,0,150,234
07/09/2022,YIP,MI,AGL,CE,Towers with Radar,8,13,33,0,54,0,0,59,1,60,8,13,92,1,114,95,0,95,209
07/10/2022,YIP,MI,AGL,CE,Towers with Radar,3,16,32,0,51,0,0,56,2,58,3,16,88,2,109,122,0,122,231
07/11/2022,YIP,MI,AGL,CE,Towers with Radar,4,21,62,0,87,0,0,31,0,31,4,21,93,0,118,73,0,73,191
07/12/2022,YIP,MI,AGL,CE,Towers with Radar,7,27,35,2,71,0,0,27,0,27,7,27,62,2,98,58,0,58,156
07/13/2022,YIP,MI,AGL,CE,Towers with Radar,13,28,50,4,95,0,0,33,2,35,13,28,83,6,130,84,0,84,214
07/14/2022,YIP,MI,AGL,CE,Towers with Radar,4,23,36,1,64,0,0,20,1,21,4,23,56,2,85,0,0,0,85
07/15/2022,YIP,MI,AGL,CE,Towers with Radar,2,9,18,3,32,0,4,52,12,68,2,13,70,15,100,12,295,307,407
07/16/2022,YIP,MI,AGL,CE,Towers with Radar,1,5,9,1,16,0,0,43,2,45,1,5,52,3,61,634,0,634,695
07/17/2022,YIP,MI,AGL,CE,Towers with Radar,3,8,11,9,31,0,0,98,16,114,3,8,109,25,145,482,0,482,627
07/18/2022,YIP,MI,AGL,CE,Towers with Radar,10,26,64,16,116,0,0,51,3,54,10,26,115,19,170,113,0,113,283
07/19/2022,YIP,MI,AGL,CE,Towers with Radar,10,25,75,0,110,0,0,74,0,74,10,25,149,0,184,213,0,213,397
07/20/2022,YIP,MI,AGL,CE,Towers with Radar,13,29,45,0,87,0,0,17,0,17,13,29,62,0,104,59,0,59,163
07/21/2022,YIP,MI,AGL,CE,Towers with Radar,9,26,57,0,92,0,0,45,0,45,9,26,102,0,137,62,0,62,199
07/22/2022,YIP,MI,AGL,CE,Towers with Radar,18,33,74,0,125,0,5,45,0,50,18,38,119,0,175,124,0,124,299
07/23/2022,YIP,MI,AGL,CE,Towers with Radar,6,19,22,0,47,0,0,21,2,23,6,19,43,2,70,29,0,29,99
07/24/2022,YIP,MI,AGL,CE,Towers with Radar,4,19,20,0,43,0,0,18,0,18,4,19,38,0,61,30,0,30,91
07/25/2022,YIP,MI,AGL,CE,Towers with Radar,9,29,53,0,91,0,0,69,0,69,9,29,122,0,160,121,0,121,281
07/26/2022,YIP,MI,AGL,CE,Towers with Radar,10,30,38,0,78,0,0,55,0,55,10,30,93,0,133,248,0,248,381
07/27/2022,YIP,MI,AGL,CE,Towers with Radar,11,36,80,0,127,0,2,24,1,27,11,38,104,1,154,76,0,76,230
07/28/2022,YIP,MI,AGL,CE,Towers with Radar,4,42,58,0,104,0,0,53,0,53,4,42,111,0,157,55,0,55,212
07/29/2022,YIP,MI,AGL,CE,Towers with Radar,8,22,51,0,81,0,2,49,0,51,8,24,100,0,132,108,0,108,240
07/30/2022,YIP,MI,AGL,CE,Towers with Radar,12,12,33,1,58,0,0,54,0,54,12,12,87,1,112,148,0,148,260
07/31/2022,YIP,MI,AGL,CE,Towers with Radar,8,15,39,0,62,0,1,71,0,72,8,16,110,0,134,133,0,133,267
08/01/2022,YIP,MI,AGL,CE,Towers with Radar,6,18,34,0,58,0,0,10,0,10,6,18,44,0,68,42,0,42,110
08/02/2022,YIP,MI,AGL,CE,Towers with Radar,14,47,59,2,122,0,1,74,0,75,14,48,133,2,197,235,0,235,432
08/03/2022,YIP,MI,AGL,CE,Towers with Radar,28,31,42,0,101,0,0,34,0,34,28,31,76,0,135,105,0,105,240
08/04/2022,YIP,MI,AGL,CE,Towers with Radar,23,39,15,0,77,0,0,6,0,6,23,39,21,0,83,65,0,65,148
08/05/2022,YIP,MI,AGL,CE,Towers with Radar,26,51,46,0,123,0,1,6,1,8,26,52,52,1,131,64,0,64,195
08/06/2022,YIP,MI,AGL,CE,Towers with Radar,17,37,40,0,94,0,0,33,1,34,17,37,73,1,128,146,0,146,274
08/07/2022,YIP,MI,AGL,CE,Towers with Radar,6,39,41,0,86,0,0,35,1,36,6,39,76,1,122,61,0,61,183
08/08/2022,YIP,MI,AGL,CE,Towers with Radar,6,47,26,0,79,0,0,5,0,5,6,47,31,0,84,29,0,29,113
08/09/2022,YIP,MI,AGL,CE,Towers with Radar,14,40,53,0,107,0,0,55,3,58,14,40,108,3,165,235,0,235,400
08/10/2022,YIP,MI,AGL,CE,Towers with Radar,20,46,60,0,126,0,7,64,0,71,20,53,124,0,197,179,0,179,376
08/11/2022,YIP,MI,AGL,CE,Towers with Radar,16,30,27,0,73,0,0,61,0,61,16,30,88,0,134,67,0,67,201
08/12/2022,YIP,MI,AGL,CE,Towers with Radar,19,40,47,0,106,0,3,44,2,49,19,43,91,2,155,133,0,133,288
08/13/2022,YIP,MI,AGL,CE,Towers with Radar,2,28,24,0,54,0,1,38,2,41,2,29,62,2,95,90,0,90,185
08/14/2022,YIP,MI,AGL,CE,Towers with Radar,5,18,35,0,58,0,1,30,1,32,5,19,65,1,90,150,0,150,240
08/15/2022,YIP,MI,AGL,CE,Towers with Radar,8,25,41,0,74,0,0,46,0,46,8,25,87,0,120,96,0,96,216
08/16/2022,YIP,MI,AGL,CE,Towers with Radar,17,30,40,0,87,0,0,62,0,62,17,30,102,0,149,138,0,138,287
08/17/2022,YIP,MI,AGL,CE,Towers with Radar,16,46,38,0,100,0,2,51,1,54,16,48,89,1,154,98,0,98,252
08/18/2022,YIP,MI,AGL,CE,Towers with Radar,22,44,51,0,117,0,1,52,0,53,22,45,103,0,170,157,0,157,327
08/19/2022,YIP,MI,AGL,CE,Towers with Radar,12,25,51,0,88,0,1,47,1,49,12,26,98,1,137,41,0,41,178
08/20/2022,YIP,MI,AGL,CE,Towers with Radar,8,17,21,0,46,0,0,31,0,31,8,17,52,0,77,41,0,41,118
08/21/2022,YIP,MI,AGL,CE,Towers with Radar,2,14,17,0,33,0,0,5,0,5,2,14,22,0,38,20,0,20,58
08/22/2022,YIP,MI,AGL,CE,Towers with Radar,9,20,45,0,74,0,0,39,0,39,9,20,84,0,113,168,0,168,281
08/23/2022,YIP,MI,AGL,CE,Towers with Radar,10,33,43,2,88,0,0,76,0,76,10,33,119,2,164,194,0,194,358
08/24/2022,YIP,MI,AGL,CE,Towers with Radar,12,42,60,2,116,0,0,67,4,71,12,42,127,6,187,202,0,202,389
08/25/2022,YIP,MI,AGL,CE,Towers with Radar,16,50,61,0,127,0,0,35,0,35,16,50,96,0,162,185,0,185,347
08/26/2022,YIP,MI,AGL,CE,Towers with Radar,15,42,35,5,97,0,0,20,3,23,15,42,55,8,120,149,0,149,269
08/27/2022,YIP,MI,AGL,CE,Towers with Radar,12,34,55,2,103,0,1,44,1,46,12,35,99,3,149,203,0,203,352
08/28/2022,YIP,MI,AGL,CE,Towers with Radar,3,22,36,0,61,0,0,39,0,39,3,22,75,0,100,94,0,94,194
08/29/2022,YIP,MI,AGL,CE,Towers with Radar,9,16,27,0,52,0,0,5,0,5,9,16,32,0,57,29,0,29,86
08/30/2022,YIP,MI,AGL,CE,Towers with Radar,12,42,33,0,87,0,0,20,0,20,12,42,53,0,107,101,0,101,208
08/31/2022,YIP,MI,AGL,CE,Towers with Radar,7,40,50,0,97,0,1,57,1,59,7,41,107,1,156,106,0,106,262
09/01/2022,YIP,MI,AGL,CE,Towers with Radar,12,44,56,0,112,0,1,59,0,60,12,45,115,0,172,133,0,133,305
09/02/2022,YIP,MI,AGL,CE,Towers with Radar,12,36,48,0,96,0,0,61,0,61,12,36,109,0,157,122,0,122,279
09/03/2022,YIP,MI,AGL,CE,Towers with Radar,4,35,31,0,70,0,0,46,1,47,4,35,77,1,117,144,0,144,261
09/04/2022,YIP,MI,AGL,CE,Towers with Radar,0,20,16,0,36,0,0,3,0,3,0,20,19,0,39,0,0,0,39
09/05/2022,YIP,MI,AGL,CE,Towers with Radar,0,15,44,0,59,0,0,11,0,11,0,15,55,0,70,83,0,83,153
09/06/2022,YIP,MI,AGL,CE,Towers with Radar,8,33,37,0,78,0,0,67,0,67,8,33,104,0,145,321,0,321,466
09/07/2022,YIP,MI,AGL,CE,Towers with Radar,9,25,21,0,55,1,0,46,0,47,10,25,67,0,102,105,0,105,207
09/08/2022,YIP,MI,AGL,CE,Towers with Radar,11,46,20,1,78,0,0,43,1,44,11,46,63,2,122,105,0,105,227
09/09/2022,YIP,MI,AGL,CE,Towers with Radar,14,48,60,0,122,0,1,53,3,57,14,49,113,3,179,110,0,110,289
09/10/2022,YIP,MI,AGL,CE,Towers with Radar,10,34,22,0,66,0,0,42,2,44,10,34,64,2,110,100,0,100,210
09/11/2022,YIP,MI,AGL,CE,Towers with Radar,5,37,45,0,87,0,0,3,0,3,5,37,48,0,90,0,0,0,90
09/12/2022,YIP,MI,AGL,CE,Towers with Radar,12,38,46,0,96,0,0,27,0,27,12,38,73,0,123,158,0,158,281
09/13/2022,YIP,MI,AGL,CE,Towers with Radar,16,27,52,0,95,0,2,56,1,59,16,29,108,1,154,249,0,249,403
09/14/2022,YIP,MI,AGL,CE,Towers with Radar,7,34,27,0,68,0,0,11,1,12,7,34,38,1,80,45,0,45,125
09/15/2022,YIP,MI,AGL,CE,Towers with Radar,15,45,63,0,123,0,0,56,0,56,15,45,119,0,179,264,0,264,443
09/16/2022,YIP,MI,AGL,CE,Towers with Radar,22,34,62,0,118,0,2,56,0,58,22,36,118,0,176,248,0,248,424
09/17/2022,YIP,MI,AGL,CE,Towers with Radar,8,19,36,0,63,0,4,50,2,56,8,23,86,2,119,186,0,186,305
09/18/2022,YIP,MI,AGL,CE,Towers with Radar,8,19,32,0,59,0,1,59,0,60,8,20,91,0,119,179,0,179,298
09/19/2022,YIP,MI,AGL,CE,Towers with Radar,9,48,55,0,112,0,0,48,0,48,9,48,103,0,160,189,0,189,349
09/20/2022,YIP,MI,AGL,CE,Towers with Radar,14,31,17,0,62,0,0,37,0,37,14,31,54,0,99,129,0,129,228
09/21/2022,YIP,MI,AGL,CE,Towers with Radar,20,56,34,0,110,0,2,21,0,23,20,58,55,0,133,63,0,63,196
09/22/2022,YIP,MI,AGL,CE,Towers with Radar,26,52,28,0,106,0,3,25,3,31,26,55,53,3,137,7,0,7,144
09/23/2022,YIP,MI,AGL,CE,Towers with Radar,22,60,51,0,133,0,1,56,1,58,22,61,107,1,191,198,0,198,389
09/24/2022,YIP,MI,AGL,CE,Towers with Radar,8,36,50,0,94,0,0,59,2,61,8,36,109,2,155,101,0,101,256
09/25/2022,YIP,MI,AGL,CE,Towers with Radar,3,48,59,0,110,0,0,19,0,19,3,48,78,0,129,104,0,104,233
09/26/2022,YIP,MI,AGL,CE,Towers with Radar,12,28,17,0,57,0,1,11,2,14,12,29,28,2,71,18,0,18,89
09/27/2022,YIP,MI,AGL,CE,Towers with Radar,15,38,36,0,89,0,1,8,4,13,15,39,44,4,102,42,0,42,144
09/28/2022,YIP,MI,AGL,CE,Towers with Radar,15,42,33,0,90,0,2,25,0,27,15,44,58,0,117,238,0,238,355
09/29/2022,YIP,MI,AGL,CE,Towers with Radar,9,36,54,0,99,0,1,92,0,93,9,37,146,0,192,253,0,253,445
09/30/2022,YIP,MI,AGL,CE,Towers with Radar,11,50,28,0,89,0,0,56,0,56,11,50,84,0,145,281,0,281,426
10/01/2022,YIP,MI,AGL,CE,Towers with Radar,4,21,23,0,48,0,0,32,2,34,4,21,55,2,82,121,0,121,203
10/02/2022,YIP,MI,AGL,CE,Towers with Radar,3,17,25,0,45,0,1,28,0,29,3,18,53,0,74,121,0,121,195
10/03/2022,YIP,MI,AGL,CE,Towers with Radar,10,18,34,0,62,0,0,66,0,66,10,18,100,0,128,226,0,226,354
10/04/2022,YIP,MI,AGL,CE,Towers with Radar,15,38,26,0,79,0,0,45,0,45,15,38,71,0,124,269,0,269,393
10/05/2022,YIP,MI,AGL,CE,Towers with Radar,15,50,39,0,104,0,2,49,0,51,15,52,88,0,155,205,0,205,360
10/06/2022,YIP,MI,AGL,CE,Towers with Radar,11,37,34,0,82,0,0,43,0,43,11,37,77,0,125,246,0,246,371
10/07/2022,YIP,MI,AGL,CE,Towers with Radar,8,47,40,4,99,0,0,35,3,38,8,47,75,7,137,102,0,102,239
10/08/2022,YIP,MI,AGL,CE,Towers with Radar,10,12,13,1,36,0,0,40,3,43,10,12,53,4,79,56,0,56,135
10/09/2022,YIP,MI,AGL,CE,Towers with Radar,3,20,25,5,53,0,0,40,0,40,3,20,65,5,93,152,5,157,250
10/10/2022,YIP,MI,AGL,CE,Towers with Radar,5,21,40,0,66,0,0,81,2,83,5,21,121,2,149,386,0,386,535
10/11/2022,YIP,MI,AGL,CE,Towers with Radar,9,37,56,0,102,0,0,48,0,48,9,37,104,0,150,95,0,95,245
10/12/2022,YIP,MI,AGL,CE,Towers with Radar,12,34,26,0,72,0,0,11,0,11,12,34,37,0,83,36,0,36,119
10/13/2022,YIP,MI,AGL,CE,Towers with Radar,19,52,29,1,101,0,0,20,2,22,19,52,49,3,123,157,0,157,280
10/14/2022,YIP,MI,AGL,CE,Towers with Radar,19,56,73,0,148,0,0,51,0,51,19,56,124,0,199,142,0,142,341
10/15/2022,YIP,MI,AGL,CE,Towers with Radar,9,63,61,0,133,0,0,27,2,29,9,63,88,2,162,32,0,32,194
10/16/2022,YIP,MI,AGL,CE,Towers with Radar,1,40,58,0,99,0,0,80,0,80,1,40,138,0,179,191,0,191,370
10/17/2022,YIP,MI,AGL,CE,Towers with Radar,10,22,15,0,47,0,0,2,0,2,10,22,17,0,49,28,0,28,77
10/18/2022,YIP,MI,AGL,CE,Towers with Radar,13,21,12,0,46,0,0,3,0,3,13,21,15,0,49,0,0,0,49
10/19/2022,YIP,MI,AGL,CE,Towers with Radar,10,41,11,0,62,0,1,16,1,18,10,42,27,1,80,8,0,8,88
10/20/2022,YIP,MI,AGL,CE,Towers with Radar,13,49,48,0,110,0,1,42,0,43,13,50,90,0,153,137,0,137,290
10/21/2022,YIP,MI,AGL,CE,Towers with Radar,17,32,49,0,98,0,0,57,1,58,17,32,106,1,156,120,0,120,276
10/22/2022,YIP,MI,AGL,CE,Towers with Radar,4,14,45,0,63,0,0,51,4,55,4,14,96,4,118,31,0,31,149
10/23/2022,YIP,MI,AGL,CE,Towers with Radar,5,8,31,0,44,0,0,41,0,41,5,8,72,0,85,71,0,71,156
10/24/2022,YIP,MI,AGL,CE,Towers with Radar,9,37,26,0,72,0,0,46,0,46,9,37,72,0,118,104,0,104,222
10/25/2022,YIP,MI,AGL,CE,Towers with Radar,16,30,40,0,86,0,0,43,0,43,16,30,83,0,129,145,0,145,274
10/26/2022,YIP,MI,AGL,CE,Towers with Radar,13,37,20,0,70,0,0,1,0,1,13,37,21,0,71,0,0,0,71
10/27/2022,YIP,MI,AGL,CE,Towers with Radar,16,49,51,0,116,0,1,55,0,56,16,50,106,0,172,111,0,111,283
10/28/2022,YIP,MI,AGL,CE,Towers with Radar,13,59,51,0,123,0,0,65,1,66,13,59,116,1,189,98,0,98,287
10/29/2022,YIP,MI,AGL,CE,Towers with Radar,3,36,40,0,79,0,0,39,3,42,3,36,79,3,121,65,0,65,186
10/30/2022,YIP,MI,AGL,CE,Towers with Radar,2,45,46,0,93,0,1,32,0,33,2,46,78,0,126,80,0,80,206
10/31/2022,YIP,MI,AGL,CE,Towers with Radar,7,30,28,0,65,0,0,0,0,0,7,30,28,0,65,0,0,0,65
11/01/2022,YIP,MI,AGL,CE,Towers with Radar,12,32,52,0,96,0,0,55,0,55,12,32,107,0,151,159,0,159,310
11/02/2022,YIP,MI,AGL,CE,Towers with Radar,12,31,46,0,89,0,0,92,0,92,12,31,138,0,181,219,0,219,400
11/03/2022,YIP,MI,AGL,CE,Towers with Radar,13,37,25,0,75,0,0,33,0,33,13,37,58,0,108,137,0,137,245
11/04/2022,YIP,MI,AGL,CE,Towers with Radar,15,28,31,0,74,0,2,49,0,51,15,30,80,0,125,114,0,114,239
11/05/2022,YIP,MI,AGL,CE,Towers with Radar,5,12,16,0,33,0,0,2,0,2,5,12,18,0,35,0,0,0,35
11/06/2022,YIP,MI,AGL,CE,Towers with Radar,5,16,24,0,45,0,0,65,0,65,5,16,89,0,110,134,0,134,244
11/07/2022,YIP,MI,AGL,CE,Towers with Radar,1,13,32,0,46,0,0,71,0,71,1,13,103,0,117,187,0,187,304
11/08/2022,YIP,MI,AGL,CE,Towers with Radar,14,32,43,0,89,0,0,57,0,57,14,32,100,0,146,146,0,146,292
11/09/2022,YIP,MI,AGL,CE,Towers with Radar,20,30,45,0,95,0,0,62,0,62,20,30,107,0,157,161,0,161,318
11/10/2022,YIP,MI,AGL,CE,Towers with Radar,14,45,50,0,109,0,0,48,0,48,14,45,98,0,157,173,0,173,330
11/11/2022,YIP,MI,AGL,CE,Towers with Radar,17,36,43,0,96,0,0,36,0,36,17,36,79,0,132,171,0,171,303
11/12/2022,YIP,MI,AGL,CE,Towers with Radar,6,22,21,0,49,0,0,11,1,12,6,22,32,1,61,53,0,53,114
11/13/2022,YIP,MI,AGL,CE,Towers with Radar,3,25,24,0,52,0,0,33,0,33,3,25,57,0,85,81,0,81,166
11/14/2022,YIP,MI,AGL,CE,Towers with Radar,8,29,44,0,81,0,0,64,0,64,8,29,108,0,145,137,0,137,282
11/15/2022,YIP,MI,AGL,CE,Towers with Radar,17,39,23,0,79,0,0,1,0,1,17,39,24,0,80,13,0,13,93
11/16/2022,YIP,MI,AGL,CE,Towers with Radar,14,41,21,0,76,0,2,9,0,11,14,43,30,0,87,24,0,24,111
11/17/2022,YIP,MI,AGL,CE,Towers with Radar,15,44,26,0,85,0,0,17,0,17,15,44,43,0,102,43,0,43,145
11/18/2022,YIP,MI,AGL,CE,Towers with Radar,22,44,33,0,99,0,0,5,0,5,22,44,38,0,104,6,0,6,110
11/19/2022,YIP,MI,AGL,CE,Towers with Radar,6,43,21,0,70,0,0,8,1,9,6,43,29,1,79,28,0,28,107
11/20/2022,YIP,MI,AGL,CE,Towers with Radar,5,33,23,0,61,0,0,15,0,15,5,33,38,0,76,59,0,59,135
11/21/2022,YIP,MI,AGL,CE,Towers with Radar,4,30,36,0,70,0,0,7,0,7,4,30,43,0,77,22,0,22,99
11/22/2022,YIP,MI,AGL,CE,Towers with Radar,17,42,46,4,109,0,0,78,0,78,17,42,124,4,187,204,0,204,391
11/23/2022,YIP,MI,AGL,CE,Towers with Radar,17,20,26,0,63,0,0,52,3,55,17,20,78,3,118,171,0,171,289
11/24/2022,YIP,MI,AGL,CE,Towers with Radar,5,23,11,0,39,0,0,12,1,13,5,23,23,1,52,60,0,60,112
11/25/2022,YIP,MI,AGL,CE,Towers with Radar,6,22,38,0,66,0,1,39,0,40,6,23,77,0,106,36,0,36,142
11/26/2022,YIP,MI,AGL,CE,Towers with Radar,1,12,27,0,40,0,0,30,1,31,1,12,57,1,71,114,0,114,185
11/27/2022,YIP,MI,AGL,CE,Towers with Radar,1,18,22,0,41,0,2,0,0,2,1,20,22,0,43,0,0,0,43
11/28/2022,YIP,MI,AGL,CE,Towers with Radar,14,29,43,0,86,0,0,42,0,42,14,29,85,0,128,227,0,227,355
11/29/2022,YIP,MI,AGL,CE,Towers with Radar,12,34,26,0,72,0,9,33,0,42,12,43,59,0,114,142,0,142,256
11/30/2022,YIP,MI,AGL,CE,Towers with Radar,20,37,18,0,75,0,0,0,0,0,20,37,18,0,75,0,0,0,75
12/01/2022,YIP,MI,AGL,CE,Towers with Radar,22,34,38,0,94,0,0,61,0,61,22,34,99,0,155,206,0,206,361
12/02/2022,YIP,MI,AGL,CE,Towers with Radar,11,33,18,0,62,0,1,27,0,28,11,34,45,0,90,126,0,126,216
12/03/2022,YIP,MI,AGL,CE,Towers with Radar,8,21,15,0,44,0,2,12,1,15,8,23,27,1,59,3,0,3,62
12/04/2022,YIP,MI,AGL,CE,Towers with Radar,4,24,60,0,88,0,0,65,1,66,4,24,125,1,154,99,0,99,253
12/05/2022,YIP,MI,AGL,CE,Towers with Radar,14,25,30,2,71,0,0,31,0,31,14,25,61,2,102,77,0,77,179
12/06/2022,YIP,MI,AGL,CE,Towers with Radar,22,24,42,3,91,0,1,20,0,21,22,25,62,3,112,180,0,180,292
12/07/2022,YIP,MI,AGL,CE,Towers with Radar,16,49,34,0,99,0,0,17,1,18,16,49,51,1,117,143,0,143,260
12/08/2022,YIP,MI,AGL,CE,Towers with Radar,24,31,28,2,85,0,0,24,2,26,24,31,52,4,111,323,0,323,434
12/09/2022,YIP,MI,AGL,CE,Towers with Radar,16,50,18,2,86,0,0,10,1,11,16,50,28,3,97,125,0,125,222
12/10/2022,YIP,MI,AGL,CE,Towers with Radar,10,21,17,4,52,0,1,9,0,10,10,22,26,4,62,123,0,123,185
12/11/2022,YIP,MI,AGL,CE,Towers with Radar,1,17,10,0,28,0,0,9,0,9,1,17,19,0,37,44,0,44,81
12/12/2022,YIP,MI,AGL,CE,Towers with Radar,14,26,29,0,69,0,2,50,0,52,14,28,79,0,121,148,0,148,269
12/13/2022,YIP,MI,AGL,CE,Towers with Radar,13,42,31,0,86,0,0,18,1,19,13,42,49,1,105,176,0,176,281
12/14/2022,YIP,MI,AGL,CE,Towers with Radar,10,40,27,1,78,0,2,19,0,21,10,42,46,1,99,101,0,101,200
12/15/2022,YIP,MI,AGL,CE,Towers with Radar,15,53,33,0,101,0,1,12,0,13,15,54,45,0,114,33,0,33,147
12/16/2022,YIP,MI,AGL,CE,Towers with Radar,18,50,24,0,92,0,3,20,0,23,18,53,44,0,115,140,0,140,255
12/17/2022,YIP,MI,AGL,CE,Towers with Radar,4,22,13,0,39,0,0,8,1,9,4,22,21,1,48,24,0,24,72
12/18/2022,YIP,MI,AGL,CE,Towers with Radar,5,30,14,0,49,0,1,0,0,1,5,31,14,0,50,8,0,8,58
12/19/2022,YIP,MI,AGL,CE,Towers with Radar,11,36,8,0,55,0,1,13,0,14,11,37,21,0,69,161,0,161,230
12/20/2022,YIP,MI,AGL,CE,Towers with Radar,15,25,25,0,65,0,0,41,2,43,15,25,66,2,108,77,0,77,185
12/21/2022,YIP,MI,AGL,CE,Towers with Radar,20,46,23,0,89,0,0,65,0,65,20,46,88,0,154,145,0,145,299
12/22/2022,YIP,MI,AGL,CE,Towers with Radar,20,38,16,0,74,0,0,20,1,21,20,38,36,1,95,172,0,172,267
12/23/2022,YIP,MI,AGL,CE,Towers with Radar,6,13,3,0,22,0,0,0,0,0,6,13,3,0,22,0,0,0,22
12/24/2022,YIP,MI,AGL,CE,Towers with Radar,0,8,3,0,11,0,0,0,0,0,0,8,3,0,11,0,0,0,11
12/25/2022,YIP,MI,AGL,CE,Towers with Radar,0,8,2,0,10,0,0,0,0,0,0,8,2,0,10,0,0,0,10
12/26/2022,YIP,MI,AGL,CE,Towers with Radar,1,13,18,0,32,0,0,7,0,7,1,13,25,0,39,25,0,25,64
12/27/2022,YIP,MI,AGL,CE,Towers with Radar,7,14,21,0,42,0,0,7,0,7,7,14,28,0,49,174,0,174,223
12/28/2022,YIP,MI,AGL,CE,Towers with Radar,15,16,34,0,65,0,0,34,1,35,15,16,68,1,100,64,0,64,164
12/29/2022,YIP,MI,AGL,CE,Towers with Radar,2,16,3,0,21,0,0,4,0,4,2,16,7,0,25,0,0,0,25
12/30/2022,YIP,MI,AGL,CE,Towers with Radar,3,15,23,0,41,0,0,0,0,0,3,15,23,0,41,0,0,0,41
12/31/2022,YIP,MI,AGL,CE,Towers with Radar,1,14,5,0,20,0,0,0,0,0,1,14,5,0,20,0,0,0,20
01/01/2023,YIP,MI,AGL,CE,Towers with Radar,3,12,8,0,23,0,0,0,0,0,3,12,8,0,23,0,0,0,23
01/02/2023,YIP,MI,AGL,CE,Towers with Radar,3,11,24,0,38,0,0,0,0,0,3,11,24,0,38,0,0,0,38
01/03/2023,YIP,MI,AGL,CE,Towers with Radar,10,18,16,0,44,0,0,0,0,0,10,18,16,0,44,0,0,0,44
01/04/2023,YIP,MI,AGL,CE,Towers with Radar,4,21,25,0,50,0,0,4,0,4,4,21,29,0,54,73,0,73,127
01/05/2023,YIP,MI,AGL,CE,Towers with Radar,7,20,7,0,34,0,0,20,0,20,7,20,27,0,54,66,0,66,120
01/06/2023,YIP,MI,AGL,CE,Towers with Radar,9,23,10,0,42,0,0,1,0,1,9,23,11,0,43,0,0,0,43
01/07/2023,YIP,MI,AGL,CE,Towers with Radar,5,13,11,0,29,0,0,0,0,0,5,13,11,0,29,0,0,0,29
01/08/2023,YIP,MI,AGL,CE,Towers with Radar,1,14,20,0,35,0,0,51,0,51,1,14,71,0,86,352,0,352,438
01/09/2023,YIP,MI,AGL,CE,Towers with Radar,7,9,40,1,57,0,0,67,23,90,7,9,107,24,147,150,0,150,297
01/10/2023,YIP,MI,AGL,CE,Towers with Radar,6,25,49,0,80,0,0,61,1,62,6,25,110,1,142,157,0,157,299
01/11/2023,YIP,MI,AGL,CE,Towers with Radar,11,26,28,2,67,0,0,41,0,41,11,26,69,2,108,120,0,120,228
01/12/2023,YIP,MI,AGL,CE,Towers with Radar,6,25,29,4,64,0,0,0,3,3,6,25,29,7,67,0,1,1,68
01/13/2023,YIP,MI,AGL,CE,Towers with Radar,9,21,16,0,46,0,0,5,0,5,9,21,21,0,51,11,0,11,62
01/14/2023,YIP,MI,AGL,CE,Towers with Radar,4,14,40,0,58,0,0,82,0,82,4,14,122,0,140,161,0,161,301
01/15/2023,YIP,MI,AGL,CE,Towers with Radar,7,18,33,0,58,0,1,82,0,83,7,19,115,0,141,127,0,127,268
01/16/2023,YIP,MI,AGL,CE,Towers with Radar,15,21,32,0,68,0,0,66,2,68,15,21,98,2,136,167,0,167,303
01/17/2023,YIP,MI,AGL,CE,Towers with Radar,8,16,15,0,39,0,0,1,0,1,8,16,16,0,40,16,0,16,56
01/18/2023,YIP,MI,AGL,CE,Towers with Radar,10,32,19,0,61,0,0,33,0,33,10,32,52,0,94,287,0,287,381
01/19/2023,YIP,MI,AGL,CE,Towers with Radar,9,34,15,0,58,0,0,8,0,8,9,34,23,0,66,0,0,0,66
01/20/2023,YIP,MI,AGL,CE,Towers with Radar,8,31,11,0,50,0,0,27,2,29,8,31,38,2,79,92,0,92,171
01/21/2023,YIP,MI,AGL,CE,Towers with Radar,4,17,9,0,30,0,0,48,0,48,4,17,57,0,78,299,0,299,377
01/22/2023,YIP,MI,AGL,CE,Towers with Radar,9,8,7,0,24,0,0,0,1,1,9,8,7,1,25,0,0,0,25
01/23/2023,YIP,MI,AGL,CE,Towers with Radar,6,19,20,0,45,0,0,6,0,6,6,19,26,0,51,103,1,104,155
01/24/2023,YIP,MI,AGL,CE,Towers with Radar,14,37,38,0,89,0,0,57,0,57,14,37,95,0,146,141,0,141,287
01/25/2023,YIP,MI,AGL,CE,Towers with Radar,10,23,6,0,39,0,0,0,0,0,10,23,6,0,39,0,0,0,39
01/26/2023,YIP,MI,AGL,CE,Towers with Radar,17,31,25,0,73,0,0,2,0,2,17,31,27,0,75,0,0,0,75
01/27/2023,YIP,MI,AGL,CE,Towers with Radar,16,27,26,0,69,0,0,9,0,9,16,27,35,0,78,22,0,22,100
01/28/2023,YIP,MI,AGL,CE,Towers with Radar,8,11,31,0,50,0,0,41,1,42,8,11,72,1,92,139,0,139,231
01/29/2023,YIP,MI,AGL,CE,Towers with Radar,4,25,13,0,42,0,1,0,0,1,4,26,13,0,43,0,0,0,43
01/30/2023,YIP,MI,AGL,CE,Towers with Radar,8,39,22,0,69,0,1,10,1,12,8,40,32,1,81,77,0,77,158
01/31/2023,YIP,MI,AGL,CE,Towers with Radar,12,33,24,0,69,0,0,52,0,52,12,33,76,0,121,144,0,144,265
02/01/2023,YIP,MI,AGL,CE,Towers with Radar,22,43,41,0,106,0,0,65,1,66,22,43,106,1,172,258,0,258,430
02/02/2023,YIP,MI,AGL,CE,Towers with Radar,25,55,22,0,102,0,0,50,0,50,25,55,72,0,152,116,0,116,268
02/03/2023,YIP,MI,AGL,CE,Towers with Radar,11,39,30,0,80,0,1,53,0,54,11,40,83,0,134,70,0,70,204
02/04/2023,YIP,MI,AGL,CE,Towers with Radar,3,15,11,0,29,0,0,23,1,24,3,15,34,1,53,144,0,144,197
02/05/2023,YIP,MI,AGL,CE,Towers with Radar,2,21,12,0,35,0,0,26,1,27,2,21,38,1,62,84,0,84,146
02/06/2023,YIP,MI,AGL,CE,Towers with Radar,5,14,25,4,48,0,0,37,0,37,5,14,62,4,85,277,0,277,362
02/07/2023,YIP,MI,AGL,CE,Towers with Radar,11,20,18,0,49,0,0,14,0,14,11,20,32,0,63,0,0,0,63
02/08/2023,YIP,MI,AGL,CE,Towers with Radar,13,32,41,0,86,0,1,99,0,100,13,33,140,0,186,376,0,376,562
02/09/2023,YIP,MI,AGL,CE,Towers with Radar,14,29,25,0,68,0,0,0,0,0,14,29,25,0,68,0,0,0,68
02/10/2023,YIP,MI,AGL,CE,Towers with Radar,9,36,24,0,69,0,0,16,0,16,9,36,40,0,85,18,0,18,103
02/11/2023,YIP,MI,AGL,CE,Towers with Radar,9,24,36,0,69,0,0,19,2,21,9,24,55,2,90,0,0,0,90
02/12/2023,YIP,MI,AGL,CE,Towers with Radar,6,29,16,0,51,0,0,11,0,11,6,29,27,0,62,0,0,0,62
02/13/2023,YIP,MI,AGL,CE,Towers with Radar,13,30,32,0,75,0,0,12,0,12,13,30,44,0,87,0,0,0,87
02/14/2023,YIP,MI,AGL,CE,Towers with Radar,10,28,41,0,79,0,0,11,0,11,10,28,52,0,90,0,0,0,90
02/15/2023,YIP,MI,AGL,CE,Towers with Radar,9,29,20,0,58,0,0,0,0,0,9,29,20,0,58,0,0,0,58
02/16/2023,YIP,MI,AGL,CE,Towers with Radar,10,26,13,0,49,0,0,0,0,0,10,26,13,0,49,0,0,0,49
02/17/2023,YIP,MI,AGL,CE,Towers with Radar,12,29,29,3,73,0,0,4,0,4,12,29,33,3,77,0,0,0,77
02/18/2023,YIP,MI,AGL,CE,Towers with Radar,5,5,24,1,35,0,0,4,2,6,5,5,28,3,41,0,0,0,41
02/19/2023,YIP,MI,AGL,CE,Towers with Radar,7,8,8,1,24,0,0,6,0,6,7,8,14,1,30,0,0,0,30
02/20/2023,YIP,MI,AGL,CE,Towers with Radar,11,21,39,0,71,0,0,15,0,15,11,21,54,0,86,0,0,0,86
02/21/2023,YIP,MI,AGL,CE,Towers with Radar,6,39,29,0,74,0,0,6,0,6,6,39,35,0,80,0,0,0,80
02/22/2023,YIP,MI,AGL,CE,Towers with Radar,7,18,4,0,29,0,0,0,0,0,7,18,4,0,29,0,0,0,29
02/23/2023,YIP,MI,AGL,CE,Towers with Radar,8,26,6,0,40,0,0,0,0,0,8,26,6,0,40,0,0,0,40
02/24/2023,YIP,MI,AGL,CE,Towers with Radar,18,33,46,0,97,0,0,16,0,16,18,33,62,0,113,0,0,0,113
02/25/2023,YIP,MI,AGL,CE,Towers with Radar,9,14,11,0,34,0,0,2,0,2,9,14,13,0,36,0,0,0,36
02/26/2023,YIP,MI,AGL,CE,Towers with Radar,8,16,22,0,46,0,0,12,0,12,8,16,34,0,58,0,0,0,58
02/27/2023,YIP,MI,AGL,CE,Towers with Radar,7,24,7,0,38,0,2,0,0,2,7,26,7,0,40,0,0,0,40
02/28/2023,YIP,MI,AGL,CE,Towers with Radar,13,27,27,0,67,0,0,8,0,8,13,27,35,0,75,0,0,0,75
03/01/2023,YIP,MI,AGL,CE,Towers with Radar,19,38,36,2,95,0,8,71,2,81,19,46,107,4,176,170,0,170,346
03/02/2023,YIP,MI,AGL,CE,Towers with Radar,25,42,24,0,91,0,0,19,0,19,25,42,43,0,110,120,0,120,230
03/03/2023,YIP,MI,AGL,CE,Towers with Radar,15,30,16,0,61,0,1,0,0,1,15,31,16,0,62,0,0,0,62
03/04/2023,YIP,MI,AGL,CE,Towers with Radar,4,19,22,0,45,0,0,32,0,32,4,19,54,0,77,179,0,179,256
03/05/2023,YIP,MI,AGL,CE,Towers with Radar,5,17,26,0,48,0,0,53,2,55,5,17,79,2,103,135,0,135,238
03/06/2023,YIP,MI,AGL,CE,Towers with Radar,11,23,20,0,54,0,0,12,0,12,11,23,32,0,66,116,0,116,182
03/07/2023,YIP,MI,AGL,CE,Towers with Radar,9,26,44,0,79,0,1,65,0,66,9,27,109,0,145,277,0,277,422
03/08/2023,YIP,MI,AGL,CE,Towers with Radar,20,41,46,0,107,0,1,74,0,75,20,42,120,0,182,144,0,144,326
03/09/2023,YIP,MI,AGL,CE,Towers with Radar,14,35,32,0,81,0,0,63,0,63,14,35,95,0,144,234,0,234,378
03/10/2023,YIP,MI,AGL,CE,Towers with Radar,13,42,11,0,66,0,0,0,0,0,13,42,11,0,66,61,0,61,127
03/11/2023,YIP,MI,AGL,CE,Towers with Radar,7,18,44,0,69,0,0,49,1,50,7,18,93,1,119,257,0,257,376
03/12/2023,YIP,MI,AGL,CE,Towers with Radar,1,19,13,0,33,0,0,1,1,2,1,19,14,1,35,46,0,46,81
03/13/2023,YIP,MI,AGL,CE,Towers with Radar,5,30,12,0,47,0,0,0,0,0,5,30,12,0,47,0,0,0,47
03/14/2023,YIP,MI,AGL,CE,Towers with Radar,15,29,32,0,76,1,0,44,0,45,16,29,76,0,121,91,0,91,212
03/15/2023,YIP,MI,AGL,CE,Towers with Radar,19,24,45,0,88,0,3,78,0,81,19,27,123,0,169,134,0,134,303
03/16/2023,YIP,MI,AGL,CE,Towers with Radar,17,28,35,0,80,0,0,32,2,34,17,28,67,2,114,51,0,51,165
03/17/2023,YIP,MI,AGL,CE,Towers with Radar,14,42,14,0,70,0,0,0,0,0,14,42,14,0,70,0,0,0,70
03/18/2023,YIP,MI,AGL,CE,Towers with Radar,8,10,7,0,25,0,0,1,1,2,8,10,8,1,27,0,0,0,27
03/19/2023,YIP,MI,AGL,CE,Towers with Radar,4,11,31,0,46,0,2,5,0,7,4,13,36,0,53,0,0,0,53
03/20/2023,YIP,MI,AGL,CE,Towers with Radar,7,24,24,0,55,0,0,7,0,7,7,24,31,0,62,0,0,0,62
03/21/2023,YIP,MI,AGL,CE,Towers with Radar,9,21,54,0,84,0,33,82,0,115,9,54,136,0,199,278,0,278,477
03/22/2023,YIP,MI,AGL,CE,Towers with Radar,11,15,17,0,43,0,0,4,0,4,11,15,21,0,47,42,0,42,89
03/23/2023,YIP,MI,AGL,CE,Towers with Radar,14,29,11,0,54,0,0,11,0,11,14,29,22,0,65,122,0,122,187
03/24/2023,YIP,MI,AGL,CE,Towers with Radar,17,22,42,0,81,0,0,56,2,58,17,22,98,2,139,90,0,90,229
03/25/2023,YIP,MI,AGL,CE,Towers with Radar,11,13,3,0,27,0,0,0,0,0,11,13,3,0,27,0,0,0,27
03/26/2023,YIP,MI,AGL,CE,Towers with Radar,4,19,61,0,84,0,31,52,0,83,4,50,113,0,167,275,0,275,442
03/27/2023,YIP,MI,AGL,CE,Towers with Radar,12,22,20,0,54,0,0,17,0,17,12,22,37,0,71,68,0,68,139
03/28/2023,YIP,MI,AGL,CE,Towers with Radar,17,38,26,0,81,0,40,83,0,123,17,78,109,0,204,218,0,218,422
03/29/2023,YIP,MI,AGL,CE,Towers with Radar,25,42,9,2,78,0,47,10,0,57,25,89,19,2,135,20,0,20,155
03/30/2023,YIP,MI,AGL,CE,Towers with Radar,19,44,29,0,92,0,29,56,0,85,19,73,85,0,177,194,0,194,371
03/31/2023,YIP,MI,AGL,CE,Towers with Radar,11,39,23,0,73,0,1,3,2,6,11,40,26,2,79,0,0,0,79
04/01/2023,YIP,MI,AGL,CE,Towers with Radar,4,14,10,0,28,0,0,1,0,1,4,14,11,0,29,0,0,0,29
04/02/2023,YIP,MI,AGL,CE,Towers with Radar,3,23,49,0,75,0,2,13,0,15,3,25,62,0,90,0,0,0,90
04/03/2023,YIP,MI,AGL,CE,Towers with Radar,6,26,26,0,58,0,3,9,0,12,6,29,35,0,70,0,0,0,70
04/04/2023,YIP,MI,AGL,CE,Towers with Radar,26,26,35,0,87,0,0,1,0,1,26,26,36,0,88,0,0,0,88
04/05/2023,YIP,MI,AGL,CE,Towers with Radar,15,28,14,0,57,0,1,0,0,1,15,29,14,0,58,0,0,0,58
04/06/2023,YIP,MI,AGL,CE,Towers with Radar,15,38,43,2,98,0,6,24,0,30,15,44,67,2,128,0,0,0,128
04/07/2023,YIP,MI,AGL,CE,Towers with Radar,5,27,50,0,82,0,9,21,1,31,5,36,71,1,113,0,0,0,113
04/08/2023,YIP,MI,AGL,CE,Towers with Radar,5,18,34,0,57,0,8,25,0,33,5,26,59,0,90,0,0,0,90
04/09/2023,YIP,MI,AGL,CE,Towers with Radar,1,22,37,0,60,0,6,16,0,22,1,28,53,0,82,0,0,0,82
04/10/2023,YIP,MI,AGL,CE,Towers with Radar,4,42,33,0,79,0,9,18,0,27,4,51,51,0,106,0,0,0,106
04/11/2023,YIP,MI,AGL,CE,Towers with Radar,2,43,34,0,79,0,10,8,0,18,2,53,42,0,97,0,0,0,97
04/12/2023,YIP,MI,AGL,CE,Towers with Radar,5,29,11,0,45,0,2,3,0,5,5,31,14,0,50,0,0,0,50
04/13/2023,YIP,MI,AGL,CE,Towers with Radar,8,24,42,0,74,0,3,19,0,22,8,27,61,0,96,0,0,0,96
04/14/2023,YIP,MI,AGL,CE,Towers with Radar,8,28,19,0,55,0,4,7,0,11,8,32,26,0,66,0,0,0,66
04/15/2023,YIP,MI,AGL,CE,Towers with Radar,4,24,21,0,49,0,10,8,0,18,4,34,29,0,67,0,0,0,67
04/16/2023,YIP,MI,AGL,CE,Towers with Radar,1,14,28,0,43,0,2,1,0,3,1,16,29,0,46,0,0,0,46
04/17/2023,YIP,MI,AGL,CE,Towers with Radar,2,24,25,0,51,0,0,0,0,0,2,24,25,0,51,0,0,0,51
04/18/2023,YIP,MI,AGL,CE,Towers with Radar,6,27,21,0,54,0,1,5,0,6,6,28,26,0,60,0,0,0,60
04/19/2023,YIP,MI,AGL,CE,Towers with Radar,6,48,52,0,106,0,17,88,0,105,6,65,140,0,211,177,0,177,388
04/20/2023,YIP,MI,AGL,CE,Towers with Radar,6,39,27,0,72,0,45,33,1,79,6,84,60,1,151,100,0,100,251
04/21/2023,YIP,MI,AGL,CE,Towers with Radar,9,21,21,2,53,0,0,3,0,3,9,21,24,2,56,0,0,0,56
04/22/2023,YIP,MI,AGL,CE,Towers with Radar,2,10,18,0,30,0,2,4,0,6,2,12,22,0,36,0,0,0,36
04/23/2023,YIP,MI,AGL,CE,Towers with Radar,2,15,22,0,39,0,1,2,0,3,2,16,24,0,42,0,0,0,42
04/24/2023,YIP,MI,AGL,CE,Towers with Radar,5,21,12,0,38,0,3,5,0,8,5,24,17,0,46,0,0,0,46
04/25/2023,YIP,MI,AGL,CE,Towers with Radar,9,35,14,0,58,0,0,0,0,0,9,35,14,0,58,0,0,0,58
04/26/2023,YIP,MI,AGL,CE,Towers with Radar,18,47,64,0,129,0,50,61,0,111,18,97,125,0,240,154,0,154,394
04/27/2023,YIP,MI,AGL,CE,Towers with Radar,18,63,39,2,122,0,48,67,0,115,18,111,106,2,237,141,0,141,378
04/28/2023,YIP,MI,AGL,CE,Towers with Radar,7,34,25,1,67,0,5,4,1,10,7,39,29,2,77,0,0,0,77
04/29/2023,YIP,MI,AGL,CE,Towers with Radar,3,24,18,1,46,0,1,15,2,18,3,25,33,3,64,19,0,19,83
04/30/2023,YIP,MI,AGL,CE,Towers with Radar,6,26,31,0,63,0,4,23,0,27,6,30,54,0,90,108,0,108,198
05/01/2023,YIP,MI,AGL,CE,Towers with Radar,3,22,12,0,37,0,0,7,0,7,3,22,19,0,44,50,0,50,94
05/02/2023,YIP,MI,AGL,CE,Towers with Radar,5,18,20,0,43,0,0,10,0,10,5,18,30,0,53,0,0,0,53
05/03/2023,YIP,MI,AGL,CE,Towers with Radar,7,30,18,0,55,0,0,7,0,7,7,30,25,0,62,28,0,28,90
05/04/2023,YIP,MI,AGL,CE,Towers with Radar,9,42,45,0,96,0,21,80,6,107,9,63,125,6,203,244,0,244,447
05/05/2023,YIP,MI,AGL,CE,Towers with Radar,12,24,37,0,73,0,23,67,0,90,12,47,104,0,163,90,0,90,253
05/06/2023,YIP,MI,AGL,CE,Towers with Radar,5,11,29,0,45,0,43,70,1,114,5,54,99,1,159,150,0,150,309
05/07/2023,YIP,MI,AGL,CE,Towers with Radar,5,22,17,0,44,0,2,33,0,35,5,24,50,0,79,61,0,61,140
05/08/2023,YIP,MI,AGL,CE,Towers with Radar,4,29,34,0,67,0,4,32,0,36,4,33,66,0,103,146,0,146,249
05/09/2023,YIP,MI,AGL,CE,Towers with Radar,11,33,39,1,84,0,22,68,1,91,11,55,107,2,175,161,0,161,336
05/10/2023,YIP,MI,AGL,CE,Towers with Radar,9,22,31,0,62,0,40,65,0,105,9,62,96,0,167,214,0,214,381
05/11/2023,YIP,MI,AGL,CE,Towers with Radar,7,57,39,0,103,0,19,57,0,76,7,76,96,0,179,111,0,111,290
05/12/2023,YIP,MI,AGL,CE,Towers with Radar,7,32,38,0,77,0,20,46,1,67,7,52,84,1,144,102,0,102,246
05/13/2023,YIP,MI,AGL,CE,Towers with Radar,8,16,20,0,44,0,8,42,0,50,8,24,62,0,94,140,0,140,234
05/14/2023,YIP,MI,AGL,CE,Towers with Radar,5,32,29,0,66,0,13,41,0,54,5,45,70,0,120,97,0,97,217
05/15/2023,YIP,MI,AGL,CE,Towers with Radar,4,26,40,0,70,0,11,78,0,89,4,37,118,0,159,104,0,104,263
05/16/2023,YIP,MI,AGL,CE,Towers with Radar,9,35,37,0,81,0,19,51,0,70,9,54,88,0,151,45,0,45,196
05/17/2023,YIP,MI,AGL,CE,Towers with Radar,10,63,32,0,105,0,4,9,0,13,10,67,41,0,118,0,0,0,118
05/18/2023,YIP,MI,AGL,CE,Towers with Radar,21,38,32,0,91,0,8,11,0,19,21,46,43,0,110,0,0,0,110
05/19/2023,YIP,MI,AGL,CE,Towers with Radar,19,44,20,0,83,0,1,5,1,7,19,45,25,1,90,0,0,0,90
05/20/2023,YIP,MI,AGL,CE,Towers with Radar,12,25,40,0,77,0,1,7,0,8,12,26,47,0,85,0,0,0,85
05/21/2023,YIP,MI,AGL,CE,Towers with Radar,2,18,33,0,53,0,2,8,0,10,2,20,41,0,63,0,0,0,63
05/22/2023,YIP,MI,AGL,CE,Towers with Radar,9,24,38,0,71,0,16,31,2,49,9,40,69,2,120,128,0,128,248
05/23/2023,YIP,MI,AGL,CE,Towers with Radar,12,26,39,0,77,0,13,60,0,73,12,39,99,0,150,168,0,168,318
05/24/2023,YIP,MI,AGL,CE,Towers with Radar,6,28,33,0,67,0,5,43,0,48,6,33,76,0,115,75,0,75,190
05/25/2023,YIP,MI,AGL,CE,Towers with Radar,15,33,23,2,73,0,1,10,0,11,15,34,33,2,84,0,0,0,84
05/26/2023,YIP,MI,AGL,CE,Towers with Radar,14,31,22,0,67,0,3,18,0,21,14,34,40,0,88,0,0,0,88
05/27/2023,YIP,MI,AGL,CE,Towers with Radar,4,25,21,0,50,0,0,21,0,21,4,25,42,0,71,0,0,0,71
05/28/2023,YIP,MI,AGL,CE,Towers with Radar,2,18,15,0,35,0,0,11,0,11,2,18,26,0,46,0,0,0,46
05/29/2023,YIP,MI,AGL,CE,Towers with Radar,1,18,16,0,35,0,4,33,0,37,1,22,49,0,72,99,0,99,171
05/30/2023,YIP,MI,AGL,CE,Towers with Radar,10,29,58,0,97,0,2,20,0,22,10,31,78,0,119,24,0,24,143
05/31/2023,YIP,MI,AGL,CE,Towers with Radar,10,25,35,0,70,0,5,44,0,49,10,30,79,0,119,46,0,46,165
06/01/2023,YIP,MI,AGL,CE,Towers with Radar,10,37,24,0,71,0,13,26,1,40,10,50,50,1,111,137,0,137,248
06/02/2023,YIP,MI,AGL,CE,Towers with Radar,4,29,30,0,63,0,7,47,2,56,4,36,77,2,119,100,0,100,219
06/03/2023,YIP,MI,AGL,CE,Towers with Radar,2,19,24,0,45,0,8,35,0,43,2,27,59,0,88,55,0,55,143
06/04/2023,YIP,MI,AGL,CE,Towers with Radar,8,27,19,0,54,0,7,27,0,34,8,34,46,0,88,79,0,79,167
06/05/2023,YIP,MI,AGL,CE,Towers with Radar,6,48,28,0,82,0,10,53,0,63,6,58,81,0,145,96,0,96,241
06/06/2023,YIP,MI,AGL,CE,Towers with Radar,11,41,43,0,95,0,30,39,0,69,11,71,82,0,164,200,0,200,364
06/07/2023,YIP,MI,AGL,CE,Towers with Radar,18,43,22,0,83,0,4,78,0,82,18,47,100,0,165,112,1,113,278
06/08/2023,YIP,MI,AGL,CE,Towers with Radar,18,38,15,0,71,0,4,33,0,37,18,42,48,0,108,137,0,137,245
06/09/2023,YIP,MI,AGL,CE,Towers with Radar,13,26,26,0,65,0,4,31,1,36,13,30,57,1,101,43,0,43,144
06/10/2023,YIP,MI,AGL,CE,Towers with Radar,7,10,22,0,39,0,8,16,1,25,7,18,38,1,64,0,0,0,64
06/11/2023,YIP,MI,AGL,CE,Towers with Radar,3,19,28,0,50,0,1,2,0,3,3,20,30,0,53,0,0,0,53
06/12/2023,YIP,MI,AGL,CE,Towers with Radar,10,27,31,0,68,0,0,0,0,0,10,27,31,0,68,0,0,0,68
06/13/2023,YIP,MI,AGL,CE,Towers with Radar,14,28,21,0,63,0,3,5,0,8,14,31,26,0,71,42,0,42,113
06/14/2023,YIP,MI,AGL,CE,Towers with Radar,13,39,29,2,83,0,26,57,0,83,13,65,86,2,166,140,0,140,306
06/15/2023,YIP,MI,AGL,CE,Towers with Radar,20,39,49,0,108,0,4,21,1,26,20,43,70,1,134,139,0,139,273
06/16/2023,YIP,MI,AGL,CE,Towers with Radar,13,38,23,0,74,0,4,18,0,22,13,42,41,0,96,84,0,84,180
06/17/2023,YIP,MI,AGL,CE,Towers with Radar,3,20,23,0,46,0,13,65,0,78,3,33,88,0,124,193,0,193,317
06/18/2023,YIP,MI,AGL,CE,Towers with Radar,2,26,17,0,45,0,6,38,0,44,2,32,55,0,89,82,0,82,171
06/19/2023,YIP,MI,AGL,CE,Towers with Radar,13,33,22,0,68,0,8,41,0,49,13,41,63,0,117,108,0,108,225
06/20/2023,YIP,MI,AGL,CE,Towers with Radar,25,37,15,0,77,0,7,53,0,60,25,44,68,0,137,130,0,130,267
06/21/2023,YIP,MI,AGL,CE,Towers with Radar,23,57,31,0,111,0,12,40,1,53,23,69,71,1,164,75,0,75,239
06/22/2023,YIP,MI,AGL,CE,Towers with Radar,20,57,42,1,120,0,19,37,1,57,20,76,79,2,177,118,0,118,295
06/23/2023,YIP,MI,AGL,CE,Towers with Radar,24,58,32,8,122,0,1,3,0,4,24,59,35,8,126,36,0,36,162
06/24/2023,YIP,MI,AGL,CE,Towers with Radar,12,22,31,0,65,0,8,32,2,42,12,30,63,2,107,195,0,195,302
06/25/2023,YIP,MI,AGL,CE,Towers with Radar,2,13,21,0,36,0,2,18,0,20,2,15,39,0,56,99,0,99,155
06/26/2023,YIP,MI,AGL,CE,Towers with Radar,12,39,25,2,78,0,2,1,0,3,12,41,26,2,81,0,0,0,81
06/27/2023,YIP,MI,AGL,CE,Towers with Radar,14,38,45,0,97,0,0,1,0,1,14,38,46,0,98,0,0,0,98
06/28/2023,YIP,MI,AGL,CE,Towers with Radar,17,48,37,2,104,0,0,1,0,1,17,48,38,2,105,2,0,2,107
06/29/2023,YIP,MI,AGL,CE,Towers with Radar,14,33,37,0,84,0,0,0,0,0,14,33,37,0,84,0,0,0,84
06/30/2023,YIP,MI,AGL,CE,Towers with Radar,21,36,34,0,91,0,10,5,0,15,21,46,39,0,106,0,0,0,106
07/01/2023,YIP,MI,AGL,CE,Towers with Radar,3,18,21,0,42,0,4,23,1,28,3,22,44,1,70,138,0,138,208
07/02/2023,YIP,MI,AGL,CE,Towers with Radar,0,12,14,0,26,0,0,2,0,2,0,12,16,0,28,0,0,0,28
07/03/2023,YIP,MI,AGL,CE,Towers with Radar,1,11,8,1,21,0,1,32,0,33,1,12,40,1,54,267,0,267,321
07/04/2023,YIP,MI,AGL,CE,Towers with Radar,0,24,23,0,47,0,1,40,0,41,0,25,63,0,88,162,0,162,250
07/05/2023,YIP,MI,AGL,CE,Towers with Radar,1,26,33,0,60,0,5,48,0,53,1,31,81,0,113,121,0,121,234
07/06/2023,YIP,MI,AGL,CE,Towers with Radar,1,21,30,0,52,0,1,25,0,26,1,22,55,0,78,226,0,226,304
07/07/2023,YIP,MI,AGL,CE,Towers with Radar,8,25,38,0,71,0,7,80,2,89,8,32,118,2,160,133,0,133,293
07/08/2023,YIP,MI,AGL,CE,Towers with Radar,0,23,19,0,42,0,1,17,0,18,0,24,36,0,60,60,0,60,120
07/09/2023,YIP,MI,AGL,CE,Towers with Radar,1,14,29,0,44,0,0,54,1,55,1,14,83,1,99,186,0,186,285
07/10/2023,YIP,MI,AGL,CE,Towers with Radar,3,13,25,0,41,0,10,80,0,90,3,23,105,0,131,169,0,169,300
07/11/2023,YIP,MI,AGL,CE,Towers with Radar,6,28,18,0,52,0,0,53,0,53,6,28,71,0,105,160,0,160,265
07/12/2023,YIP,MI,AGL,CE,Towers with Radar,4,24,21,0,49,0,0,24,0,24,4,24,45,0,73,93,0,93,166
07/13/2023,YIP,MI,AGL,CE,Towers with Radar,4,40,32,0,76,0,3,36,0,39,4,43,68,0,115,239,0,239,354
07/14/2023,YIP,MI,AGL,CE,Towers with Radar,4,28,33,0,65,0,1,52,0,53,4,29,85,0,118,199,0,199,317
07/15/2023,YIP,MI,AGL,CE,Towers with Radar,0,20,7,0,27,0,0,9,0,9,0,20,16,0,36,75,0,75,111
07/16/2023,YIP,MI,AGL,CE,Towers with Radar,1,29,32,0,62,0,1,42,0,43,1,30,74,0,105,38,0,38,143
07/17/2023,YIP,MI,AGL,CE,Towers with Radar,5,28,20,0,53,0,2,56,0,58,5,30,76,0,111,291,0,291,402
07/18/2023,YIP,MI,AGL,CE,Towers with Radar,8,45,34,0,87,0,3,75,0,78,8,48,109,0,165,112,0,112,277
07/19/2023,YIP,MI,AGL,CE,Towers with Radar,15,42,22,0,79,0,2,72,0,74,15,44,94,0,153,114,0,114,267
07/20/2023,YIP,MI,AGL,CE,Towers with Radar,7,24,27,0,58,0,0,35,0,35,7,24,62,0,93,96,0,96,189
07/21/2023,YIP,MI,AGL,CE,Towers with Radar,3,41,30,0,74,0,0,38,0,38,3,41,68,0,112,237,1,238,350
07/22/2023,YIP,MI,AGL,CE,Towers with Radar,6,19,19,0,44,0,0,86,0,86,6,19,105,0,130,110,0,110,240
07/23/2023,YIP,MI,AGL,CE,Towers with Radar,7,31,31,0,69,0,2,39,0,41,7,33,70,0,110,169,0,169,279
07/24/2023,YIP,MI,AGL,CE,Towers with Radar,5,34,36,0,75,0,3,41,0,44,5,37,77,0,119,127,0,127,246
07/25/2023,YIP,MI,AGL,CE,Towers with Radar,10,31,22,0,63,0,4,54,0,58,10,35,76,0,121,277,0,277,398
07/26/2023,YIP,MI,AGL,CE,Towers with Radar,5,30,23,0,58,0,0,19,0,19,5,30,42,0,77,106,0,106,183
07/27/2023,YIP,MI,AGL,CE,Towers with Radar,13,39,41,0,93,0,4,40,0,44,13,43,81,0,137,213,0,213,350
07/28/2023,YIP,MI,AGL,CE,Towers with Radar,10,47,40,0,97,0,5,39,1,45,10,52,79,1,142,195,0,195,337
07/29/2023,YIP,MI,AGL,CE,Towers with Radar,3,23,17,0,43,0,2,41,0,43,3,25,58,0,86,139,0,139,225
07/30/2023,YIP,MI,AGL,CE,Towers with Radar,3,28,34,0,65,0,5,76,2,83,3,33,110,2,148,228,0,228,376
07/31/2023,YIP,MI,AGL,CE,Towers with Radar,7,34,28,0,69,0,17,60,0,77,7,51,88,0,146,270,0,270,416
08/01/2023,YIP,MI,AGL,CE,Towers with Radar,18,35,32,0,85,0,9,72,0,81,18,44,104,0,166,313,0,313,479
08/02/2023,YIP,MI,AGL,CE,Towers with Radar,18,47,21,0,86,0,6,51,0,57,18,53,72,0,143,221,0,221,364
08/03/2023,YIP,MI,AGL,CE,Towers with Radar,21,31,36,0,88,0,5,40,0,45,21,36,76,0,133,162,0,162,295
08/04/2023,YIP,MI,AGL,CE,Towers with Radar,12,58,46,0,116,0,9,47,0,56,12,67,93,0,172,230,0,230,402
08/05/2023,YIP,MI,AGL,CE,Towers with Radar,3,27,19,0,49,0,2,3,0,5,3,29,22,0,54,0,0,0,54
08/06/2023,YIP,MI,AGL,CE,Towers with Radar,1,25,23,0,49,0,0,1,0,1,1,25,24,0,50,0,0,0,50
08/07/2023,YIP,MI,AGL,CE,Towers with Radar,10,31,41,0,82,0,0,4,0,4,10,31,45,0,86,73,0,73,159
08/08/2023,YIP,MI,AGL,CE,Towers with Radar,9,28,32,0,69,0,2,68,0,70,9,30,100,0,139,248,0,248,387
08/09/2023,YIP,MI,AGL,CE,Towers with Radar,7,36,22,0,65,0,6,82,0,88,7,42,104,0,153,217,0,217,370
08/10/2023,YIP,MI,AGL,CE,Towers with Radar,10,36,16,3,65,0,1,57,1,59,10,37,73,4,124,203,6,209,333
08/11/2023,YIP,MI,AGL,CE,Towers with Radar,6,27,9,5,47,0,0,59,2,61,6,27,68,7,108,95,0,95,203
08/12/2023,YIP,MI,AGL,CE,Towers with Radar,5,9,7,2,23,0,0,51,4,55,5,9,58,6,78,79,0,79,157
08/13/2023,YIP,MI,AGL,CE,Towers with Radar,1,6,9,3,19,0,0,46,4,50,1,6,55,7,69,71,0,71,140
08/14/2023,YIP,MI,AGL,CE,Towers with Radar,9,29,23,5,66,0,2,38,0,40,9,31,61,5,106,127,0,127,233
08/15/2023,YIP,MI,AGL,CE,Towers with Radar,9,46,19,0,74,0,0,2,0,2,9,46,21,0,76,22,0,22,98
08/16/2023,YIP,MI,AGL,CE,Towers with Radar,13,41,29,0,83,0,6,86,0,92,13,47,115,0,175,223,0,223,398
08/17/2023,YIP,MI,AGL,CE,Towers with Radar,18,21,30,0,69,0,0,15,1,16,18,21,45,1,85,50,0,50,135
08/18/2023,YIP,MI,AGL,CE,Towers with Radar,11,41,29,0,81,0,0,42,1,43,11,41,71,1,124,116,0,116,240
08/19/2023,YIP,MI,AGL,CE,Towers with Radar,5,9,28,0,42,0,2,69,1,72,5,11,97,1,114,203,0,203,317
08/20/2023,YIP,MI,AGL,CE,Towers with Radar,5,14,19,0,38,0,1,51,0,52,5,15,70,0,90,147,0,147,237
08/21/2023,YIP,MI,AGL,CE,Towers with Radar,6,30,24,0,60,0,6,73,0,79,6,36,97,0,139,139,0,139,278
08/22/2023,YIP,MI,AGL,CE,Towers with Radar,7,35,57,0,99,0,2,81,0,83,7,37,138,0,182,123,0,123,305
08/23/2023,YIP,MI,AGL,CE,Towers with Radar,6,33,22,0,61,0,0,17,1,18,6,33,39,1,79,90,0,90,169
08/24/2023,YIP,MI,AGL,CE,Towers with Radar,16,39,38,0,93,0,0,8,1,9,16,39,46,1,102,36,0,36,138
08/25/2023,YIP,MI,AGL,CE,Towers with Radar,22,34,20,0,76,0,0,19,0,19,22,34,39,0,95,99,0,99,194
08/26/2023,YIP,MI,AGL,CE,Towers with Radar,6,31,22,0,59,0,0,28,0,28,6,31,50,0,87,142,0,142,229
08/27/2023,YIP,MI,AGL,CE,Towers with Radar,4,20,31,1,56,0,4,57,0,61,4,24,88,1,117,131,0,131,248
08/28/2023,YIP,MI,AGL,CE,Towers with Radar,9,22,30,1,62,0,8,68,0,76,9,30,98,1,138,151,0,151,289
08/29/2023,YIP,MI,AGL,CE,Towers with Radar,10,38,47,4,99,0,4,56,0,60,10,42,103,4,159,123,0,123,282
08/30/2023,YIP,MI,AGL,CE,Towers with Radar,12,33,50,0,95,0,3,32,3,38,12,36,82,3,133,221,0,221,354
08/31/2023,YIP,MI,AGL,CE,Towers with Radar,13,39,38,0,90,0,3,63,0,66,13,42,101,0,156,173,0,173,329
