01/01/2000,YKM,WA,ANM,WE,Federal Contract Tower,0,21,6,0,27,0,3,13,0,16,0,24,19,0,43,6,0,6,49
01/02/2000,YKM,WA,ANM,WE,Federal Contract Tower,0,26,8,0,34,0,1,28,0,29,0,27,36,0,63,38,0,38,101
01/03/2000,YKM,WA,ANM,WE,Federal Contract Tower,0,41,12,0,53,0,6,10,0,16,0,47,22,0,69,2,0,2,71
01/04/2000,YKM,WA,ANM,WE,Federal Contract Tower,0,37,10,0,47,0,13,32,0,45,0,50,42,0,92,10,0,10,102
01/05/2000,YKM,WA,ANM,WE,Federal Contract Tower,2,50,15,3,70,0,0,86,3,89,2,50,101,6,159,52,10,62,221
01/06/2000,YKM,WA,ANM,WE,Federal Contract Tower,0,50,15,2,67,0,7,36,8,51,0,57,51,10,118,48,0,48,166
01/07/2000,YKM,WA,ANM,WE,Federal Contract Tower,2,50,16,3,71,0,0,15,19,34,2,50,31,22,105,76,8,84,189
01/08/2000,YKM,WA,ANM,WE,Federal Contract Tower,0,23,7,1,31,0,9,5,3,17,0,32,12,4,48,12,0,12,60
01/09/2000,YKM,WA,ANM,WE,Federal Contract Tower,0,23,7,0,30,0,5,4,0,9,0,28,11,0,39,7,0,7,46
01/10/2000,YKM,WA,ANM,WE,Federal Contract Tower,0,40,10,2,52,0,6,0,0,6,0,46,10,2,58,0,0,0,58
01/11/2000,YKM,WA,ANM,WE,Federal Contract Tower,2,43,10,0,55,0,5,0,0,5,2,48,10,0,60,2,0,2,62
01/12/2000,YKM,WA,ANM,WE,Federal Contract Tower,0,41,12,0,53,0,4,1,0,5,0,45,13,0,58,0,2,2,60
01/13/2000,YKM,WA,ANM,WE,Federal Contract Tower,0,45,14,0,59,0,8,13,0,21,0,53,27,0,80,0,0,0,80
01/14/2000,YKM,WA,ANM,WE,Federal Contract Tower,1,52,14,4,71,1,0,0,3,4,2,52,14,7,75,6,6,12,87
01/15/2000,YKM,WA,ANM,WE,Federal Contract Tower,0,30,9,0,39,0,4,63,0,67,0,34,72,0,106,88,0,88,194
01/16/2000,YKM,WA,ANM,WE,Federal Contract Tower,0,18,3,0,21,0,10,0,0,10,0,28,3,0,31,2,0,2,33
01/17/2000,YKM,WA,ANM,WE,Federal Contract Tower,1,35,11,3,50,3,0,39,1,43,4,35,50,4,93,57,0,57,150
01/18/2000,YKM,WA,ANM,WE,Federal Contract Tower,1,41,10,3,55,1,8,23,18,50,2,49,33,21,105,14,0,14,119
01/19/2000,YKM,WA,ANM,WE,Federal Contract Tower,1,55,15,0,71,7,1,19,0,27,8,56,34,0,98,34,0,34,132
01/20/2000,YKM,WA,ANM,WE,Federal Contract Tower,0,52,15,4,71,0,0,15,3,18,0,52,30,7,89,0,20,20,109
01/21/2000,YKM,WA,ANM,WE,Federal Contract Tower,0,55,15,4,74,0,0,0,0,0,0,55,15,4,74,4,0,4,78
01/22/2000,YKM,WA,ANM,WE,Federal Contract Tower,0,25,7,2,34,0,4,3,4,11,0,29,10,6,45,28,0,28,73
01/23/2000,YKM,WA,ANM,WE,Federal Contract Tower,0,25,7,0,32,0,0,7,0,7,0,25,14,0,39,30,0,30,69
01/24/2000,YKM,WA,ANM,WE,Federal Contract Tower,0,43,13,2,58,0,5,6,3,14,0,48,19,5,72,0,0,0,72
01/25/2000,YKM,WA,ANM,WE,Federal Contract Tower,0,41,11,0,52,0,5,0,0,5,0,46,11,0,57,0,0,0,57
01/26/2000,YKM,WA,ANM,WE,Federal Contract Tower,0,28,14,2,44,0,0,20,1,21,0,28,34,3,65,10,0,10,75
01/27/2000,YKM,WA,ANM,WE,Federal Contract Tower,1,54,16,2,73,3,0,55,0,58,4,54,71,2,131,140,4,144,275
01/28/2000,YKM,WA,ANM,WE,Federal Contract Tower,0,49,17,3,69,0,0,9,1,10,0,49,26,4,79,38,54,92,171
01/29/2000,YKM,WA,ANM,WE,Federal Contract Tower,0,29,9,0,38,0,2,18,0,20,0,31,27,0,58,62,0,62,120
01/30/2000,YKM,WA,ANM,WE,Federal Contract Tower,0,24,7,1,32,0,7,0,1,8,0,31,7,2,40,22,0,22,62
01/31/2000,YKM,WA,ANM,WE,Federal Contract Tower,1,42,15,2,60,2,0,6,1,9,3,42,21,3,69,0,0,0,69
02/01/2000,YKM,WA,ANM,WE,Federal Contract Tower,0,38,13,0,51,0,12,0,0,12,0,50,13,0,63,0,0,0,63
02/02/2000,YKM,WA,ANM,WE,Federal Contract Tower,4,49,19,3,75,2,4,31,5,42,6,53,50,8,117,90,34,124,241
02/03/2000,YKM,WA,ANM,WE,Federal Contract Tower,4,45,17,2,68,0,7,20,2,29,4,52,37,4,97,22,18,40,137
02/04/2000,YKM,WA,ANM,WE,Federal Contract Tower,3,39,15,0,57,1,8,46,0,55,4,47,61,0,112,62,0,62,174
02/05/2000,YKM,WA,ANM,WE,Federal Contract Tower,0,23,9,0,32,0,7,23,0,30,0,30,32,0,62,42,0,42,104
02/06/2000,YKM,WA,ANM,WE,Federal Contract Tower,0,23,9,1,33,0,2,7,3,12,0,25,16,4,45,22,0,22,67
02/07/2000,YKM,WA,ANM,WE,Federal Contract Tower,0,43,17,2,62,0,0,20,5,25,0,43,37,7,87,24,4,28,115
02/08/2000,YKM,WA,ANM,WE,Federal Contract Tower,0,42,16,1,59,0,6,10,0,16,0,48,26,1,75,32,0,32,107
02/09/2000,YKM,WA,ANM,WE,Federal Contract Tower,0,40,15,2,57,0,11,51,0,62,0,51,66,2,119,146,4,150,269
02/10/2000,YKM,WA,ANM,WE,Federal Contract Tower,3,42,16,2,63,0,15,43,2,60,3,57,59,4,123,74,16,90,213
02/11/2000,YKM,WA,ANM,WE,Federal Contract Tower,0,48,20,0,68,0,0,14,0,14,0,48,34,0,82,10,0,10,92
02/12/2000,YKM,WA,ANM,WE,Federal Contract Tower,0,20,4,2,26,0,8,0,4,12,0,28,4,6,38,44,0,44,82
02/13/2000,YKM,WA,ANM,WE,Federal Contract Tower,1,20,6,0,27,1,2,4,0,7,2,22,10,0,34,69,0,69,103
02/14/2000,YKM,WA,ANM,WE,Federal Contract Tower,1,43,13,0,57,0,7,0,0,7,1,50,13,0,64,0,0,0,64
02/15/2000,YKM,WA,ANM,WE,Federal Contract Tower,3,50,17,4,74,0,3,50,0,53,3,53,67,4,127,76,6,82,209
02/16/2000,YKM,WA,ANM,WE,Federal Contract Tower,0,54,18,4,76,0,4,71,6,81,0,58,89,10,157,50,80,130,287
02/17/2000,YKM,WA,ANM,WE,Federal Contract Tower,0,38,13,3,54,0,14,77,3,94,0,52,90,6,148,96,4,100,248
02/18/2000,YKM,WA,ANM,WE,Federal Contract Tower,0,49,18,4,71,0,0,74,0,74,0,49,92,4,145,80,2,82,227
02/19/2000,YKM,WA,ANM,WE,Federal Contract Tower,0,28,11,2,41,0,0,62,0,62,0,28,73,2,103,90,0,90,193
02/20/2000,YKM,WA,ANM,WE,Federal Contract Tower,1,24,8,0,33,3,2,28,0,33,4,26,36,0,66,27,0,27,93
02/21/2000,YKM,WA,ANM,WE,Federal Contract Tower,0,36,13,3,52,0,3,38,2,43,0,39,51,5,95,37,4,41,136
02/22/2000,YKM,WA,ANM,WE,Federal Contract Tower,0,44,15,2,61,0,6,20,0,26,0,50,35,2,87,18,0,18,105
02/23/2000,YKM,WA,ANM,WE,Federal Contract Tower,3,45,16,2,66,1,3,25,0,29,4,48,41,2,95,64,20,84,179
02/24/2000,YKM,WA,ANM,WE,Federal Contract Tower,2,42,15,2,61,0,10,61,0,71,2,52,76,2,132,98,0,98,230
02/25/2000,YKM,WA,ANM,WE,Federal Contract Tower,2,45,17,2,66,0,4,89,2,95,2,49,106,4,161,44,0,44,205
02/26/2000,YKM,WA,ANM,WE,Federal Contract Tower,0,28,11,0,39,0,2,14,0,16,0,30,25,0,55,6,0,6,61
02/27/2000,YKM,WA,ANM,WE,Federal Contract Tower,0,22,8,0,30,0,8,27,0,35,0,30,35,0,65,60,0,60,125
02/28/2000,YKM,WA,ANM,WE,Federal Contract Tower,0,50,18,3,71,0,0,7,3,10,0,50,25,6,81,49,21,70,151
02/29/2000,YKM,WA,ANM,WE,Federal Contract Tower,2,46,17,2,67,0,3,5,2,10,2,49,22,4,77,12,8,20,97
03/01/2000,YKM,WA,ANM,WE,Federal Contract Tower,1,53,15,4,73,4,0,30,2,36,5,53,45,6,109,72,18,90,199
03/02/2000,YKM,WA,ANM,WE,Federal Contract Tower,0,56,16,4,76,0,4,30,0,34,0,60,46,4,110,28,24,52,162
03/03/2000,YKM,WA,ANM,WE,Federal Contract Tower,2,52,17,4,75,4,0,33,4,41,6,52,50,8,116,106,14,120,236
03/04/2000,YKM,WA,ANM,WE,Federal Contract Tower,0,27,8,2,37,0,0,5,12,17,0,27,13,14,54,2,2,4,58
03/05/2000,YKM,WA,ANM,WE,Federal Contract Tower,0,22,7,1,30,0,8,48,1,57,0,30,55,2,87,54,0,54,141
03/06/2000,YKM,WA,ANM,WE,Federal Contract Tower,0,0,0,0,0,0,0,0,0,0,0,0,0,0,0,0,0,0,0
03/07/2000,YKM,WA,ANM,WE,Federal Contract Tower,1,38,11,3,53,1,10,53,10,74,2,48,64,13,127,44,8,52,179
03/08/2000,YKM,WA,ANM,WE,Federal Contract Tower,0,51,15,4,70,0,0,74,4,78,0,51,89,8,148,16,2,18,166
03/09/2000,YKM,WA,ANM,WE,Federal Contract Tower,1,52,16,1,70,1,0,28,0,29,2,52,44,1,99,20,2,22,121
03/10/2000,YKM,WA,ANM,WE,Federal Contract Tower,1,46,14,3,64,1,1,70,1,73,2,47,84,4,137,80,20,100,237
03/11/2000,YKM,WA,ANM,WE,Federal Contract Tower,0,23,7,0,30,0,4,77,0,81,0,27,84,0,111,84,0,84,195
03/12/2000,YKM,WA,ANM,WE,Federal Contract Tower,0,20,6,1,27,0,8,35,1,44,0,28,41,2,71,101,0,101,172
03/13/2000,YKM,WA,ANM,WE,Federal Contract Tower,0,43,13,0,56,0,5,33,0,38,0,48,46,0,94,53,0,53,147
03/14/2000,YKM,WA,ANM,WE,Federal Contract Tower,0,40,11,2,53,0,8,28,2,38,0,48,39,4,91,31,0,31,122
03/15/2000,YKM,WA,ANM,WE,Federal Contract Tower,0,49,13,4,66,0,6,78,14,98,0,55,91,18,164,114,40,154,318
03/16/2000,YKM,WA,ANM,WE,Federal Contract Tower,1,47,13,0,61,5,6,24,0,35,6,53,37,0,96,12,0,12,108
03/17/2000,YKM,WA,ANM,WE,Federal Contract Tower,0,48,15,2,65,0,0,42,0,42,0,48,57,2,107,16,6,22,129
03/18/2000,YKM,WA,ANM,WE,Federal Contract Tower,0,23,6,0,29,0,4,16,0,20,0,27,22,0,49,26,0,26,75
03/19/2000,YKM,WA,ANM,WE,Federal Contract Tower,0,23,6,0,29,0,5,40,0,45,0,28,46,0,74,71,0,71,145
03/20/2000,YKM,WA,ANM,WE,Federal Contract Tower,0,42,11,3,56,0,2,44,10,56,0,44,55,13,112,42,18,60,172
03/21/2000,YKM,WA,ANM,WE,Federal Contract Tower,0,48,13,3,64,0,2,38,0,40,0,50,51,3,104,60,20,80,184
03/22/2000,YKM,WA,ANM,WE,Federal Contract Tower,0,49,15,5,69,0,0,27,5,32,0,49,42,10,101,30,14,44,145
03/23/2000,YKM,WA,ANM,WE,Federal Contract Tower,0,47,12,4,63,0,7,52,0,59,0,54,64,4,122,20,0,20,142
03/24/2000,YKM,WA,ANM,WE,Federal Contract Tower,0,44,12,0,56,0,7,100,0,107,0,51,112,0,163,112,0,112,275
03/25/2000,YKM,WA,ANM,WE,Federal Contract Tower,0,24,6,0,30,0,7,47,0,54,0,31,53,0,84,74,0,74,158
03/26/2000,YKM,WA,ANM,WE,Federal Contract Tower,0,21,5,2,28,0,3,50,9,62,0,24,55,11,90,105,0,105,195
03/27/2000,YKM,WA,ANM,WE,Federal Contract Tower,0,42,12,2,56,0,6,31,0,37,0,48,43,2,93,28,4,32,125
03/28/2000,YKM,WA,ANM,WE,Federal Contract Tower,0,47,14,4,65,0,0,25,0,25,0,47,39,4,90,30,10,40,130
03/29/2000,YKM,WA,ANM,WE,Federal Contract Tower,0,53,15,4,72,2,0,81,0,83,2,53,96,4,155,94,8,102,257
03/30/2000,YKM,WA,ANM,WE,Federal Contract Tower,0,46,13,2,61,3,8,60,0,71,3,54,73,2,132,42,10,52,184
03/31/2000,YKM,WA,ANM,WE,Federal Contract Tower,0,49,14,3,66,0,6,75,0,81,0,55,89,3,147,78,2,80,227
04/01/2000,YKM,WA,ANM,WE,Federal Contract Tower,0,24,8,1,33,0,7,25,2,34,0,31,33,3,67,8,0,8,75
04/02/2000,YKM,WA,ANM,WE,Federal Contract Tower,0,27,10,1,38,0,1,76,4,81,0,28,86,5,119,126,0,126,245
04/03/2000,YKM,WA,ANM,WE,Federal Contract Tower,3,47,16,2,68,1,3,55,4,63,4,50,71,6,131,68,0,68,199
04/04/2000,YKM,WA,ANM,WE,Federal Contract Tower,2,43,15,2,62,0,6,18,0,24,2,49,33,2,86,14,0,14,100
04/05/2000,YKM,WA,ANM,WE,Federal Contract Tower,2,51,17,2,72,0,0,39,0,39,2,51,56,2,111,46,0,46,157
04/06/2000,YKM,WA,ANM,WE,Federal Contract Tower,2,43,15,2,62,0,5,12,0,17,2,48,27,2,79,50,0,50,129
04/07/2000,YKM,WA,ANM,WE,Federal Contract Tower,0,43,15,0,58,0,4,91,0,95,0,47,106,0,153,124,0,124,277
04/08/2000,YKM,WA,ANM,WE,Federal Contract Tower,2,23,8,0,33,0,4,80,0,84,2,27,88,0,117,80,0,80,197
04/09/2000,YKM,WA,ANM,WE,Federal Contract Tower,0,25,9,1,35,0,2,44,5,51,0,27,53,6,86,76,4,80,166
04/10/2000,YKM,WA,ANM,WE,Federal Contract Tower,2,41,15,3,61,0,0,48,0,48,2,41,63,3,109,52,6,58,167
04/11/2000,YKM,WA,ANM,WE,Federal Contract Tower,2,34,11,1,48,0,18,67,0,85,2,52,78,1,133,78,0,78,211
04/12/2000,YKM,WA,ANM,WE,Federal Contract Tower,0,46,16,2,64,0,9,78,4,91,0,55,94,6,155,92,0,92,247
04/13/2000,YKM,WA,ANM,WE,Federal Contract Tower,0,50,18,2,70,0,0,31,0,31,0,50,49,2,101,42,2,44,145
04/14/2000,YKM,WA,ANM,WE,Federal Contract Tower,0,50,17,4,71,0,0,21,8,29,0,50,38,12,100,26,60,86,186
04/15/2000,YKM,WA,ANM,WE,Federal Contract Tower,1,26,11,2,40,1,0,30,1,32,2,26,41,3,72,106,2,108,180
04/16/2000,YKM,WA,ANM,WE,Federal Contract Tower,0,18,7,2,27,4,3,37,3,47,4,21,44,5,74,67,6,73,147
04/17/2000,YKM,WA,ANM,WE,Federal Contract Tower,0,37,12,3,52,0,8,29,1,38,0,45,41,4,90,72,6,78,168
04/18/2000,YKM,WA,ANM,WE,Federal Contract Tower,2,49,16,4,71,2,0,54,6,62,4,49,70,10,133,70,0,70,203
04/19/2000,YKM,WA,ANM,WE,Federal Contract Tower,2,49,14,4,69,2,4,81,0,87,4,53,95,4,156,82,0,82,238
04/20/2000,YKM,WA,ANM,WE,Federal Contract Tower,0,45,14,3,62,0,5,71,83,159,0,50,85,86,221,6,0,6,227
04/21/2000,YKM,WA,ANM,WE,Federal Contract Tower,0,45,14,3,62,0,6,59,4,69,0,51,73,7,131,86,4,90,221
04/22/2000,YKM,WA,ANM,WE,Federal Contract Tower,1,28,9,2,40,1,0,34,4,39,2,28,43,6,79,62,0,62,141
04/23/2000,YKM,WA,ANM,WE,Federal Contract Tower,0,24,6,0,30,0,2,28,0,30,0,26,34,0,60,14,0,14,74
04/24/2000,YKM,WA,ANM,WE,Federal Contract Tower,0,33,10,0,43,0,14,43,0,57,0,47,53,0,100,93,0,93,193
04/25/2000,YKM,WA,ANM,WE,Federal Contract Tower,0,38,12,3,53,0,10,24,1,35,0,48,36,4,88,42,4,46,134
04/26/2000,YKM,WA,ANM,WE,Federal Contract Tower,2,50,18,4,74,4,0,87,0,91,6,50,105,4,165,90,20,110,275
04/27/2000,YKM,WA,ANM,WE,Federal Contract Tower,1,45,15,3,64,1,14,69,5,89,2,59,84,8,153,62,10,72,225
04/28/2000,YKM,WA,ANM,WE,Federal Contract Tower,2,49,15,3,69,5,0,48,2,55,7,49,63,5,124,92,10,102,226
04/29/2000,YKM,WA,ANM,WE,Federal Contract Tower,0,27,9,0,36,0,3,111,0,114,0,30,120,0,150,172,0,172,322
04/30/2000,YKM,WA,ANM,WE,Federal Contract Tower,0,24,8,1,33,0,6,85,2,93,0,30,93,3,126,136,0,136,262
05/01/2000,YKM,WA,ANM,WE,Federal Contract Tower,0,34,11,0,45,0,5,37,0,42,0,39,48,0,87,54,0,54,141
05/02/2000,YKM,WA,ANM,WE,Federal Contract Tower,0,39,13,2,54,0,8,42,2,52,0,47,55,4,106,56,16,72,178
05/03/2000,YKM,WA,ANM,WE,Federal Contract Tower,2,47,16,3,68,1,0,37,3,41,3,47,53,6,109,24,18,42,151
05/04/2000,YKM,WA,ANM,WE,Federal Contract Tower,2,49,17,4,72,0,0,88,2,90,2,49,105,6,162,76,68,144,306
05/05/2000,YKM,WA,ANM,WE,Federal Contract Tower,0,50,18,2,70,0,0,52,0,52,0,50,70,2,122,86,20,106,228
05/06/2000,YKM,WA,ANM,WE,Federal Contract Tower,0,25,9,1,35,0,4,56,1,61,0,29,65,2,96,26,0,26,122
05/07/2000,YKM,WA,ANM,WE,Federal Contract Tower,0,22,8,1,31,0,2,64,3,69,0,24,72,4,100,75,0,75,175
05/08/2000,YKM,WA,ANM,WE,Federal Contract Tower,0,39,13,0,52,0,4,28,0,32,0,43,41,0,84,29,0,29,113
05/09/2000,YKM,WA,ANM,WE,Federal Contract Tower,0,42,14,3,59,0,1,19,4,24,0,43,33,7,83,16,6,22,105
05/10/2000,YKM,WA,ANM,WE,Federal Contract Tower,0,46,15,2,63,0,5,28,0,33,0,51,43,2,96,40,0,40,136
05/11/2000,YKM,WA,ANM,WE,Federal Contract Tower,2,49,18,3,72,6,0,35,9,50,8,49,53,12,122,74,64,138,260
05/12/2000,YKM,WA,ANM,WE,Federal Contract Tower,0,44,15,3,62,0,5,76,0,81,0,49,91,3,143,72,12,84,227
05/13/2000,YKM,WA,ANM,WE,Federal Contract Tower,0,29,11,0,40,0,0,60,0,60,0,29,71,0,100,48,0,48,148
05/14/2000,YKM,WA,ANM,WE,Federal Contract Tower,0,23,7,0,30,0,2,38,0,40,0,25,45,0,70,21,0,21,91
05/15/2000,YKM,WA,ANM,WE,Federal Contract Tower,0,42,13,0,55,0,0,53,0,53,0,42,66,0,108,80,0,80,188
05/16/2000,YKM,WA,ANM,WE,Federal Contract Tower,1,40,12,0,53,1,5,52,0,58,2,45,64,0,111,28,0,28,139
05/17/2000,YKM,WA,ANM,WE,Federal Contract Tower,0,50,15,3,68,0,0,45,1,46,0,50,60,4,114,38,4,42,156
05/18/2000,YKM,WA,ANM,WE,Federal Contract Tower,0,42,13,4,59,2,6,98,2,108,2,48,111,6,167,116,0,116,283
05/19/2000,YKM,WA,ANM,WE,Federal Contract Tower,0,44,13,4,61,0,4,48,2,54,0,48,61,6,115,75,8,83,198
05/20/2000,YKM,WA,ANM,WE,Federal Contract Tower,0,28,8,0,36,0,0,66,0,66,0,28,74,0,102,66,0,66,168
05/21/2000,YKM,WA,ANM,WE,Federal Contract Tower,0,21,6,2,29,0,3,60,0,63,0,24,66,2,92,24,0,24,116
05/22/2000,YKM,WA,ANM,WE,Federal Contract Tower,0,41,12,2,55,0,4,36,0,40,0,45,48,2,95,22,8,30,125
05/23/2000,YKM,WA,ANM,WE,Federal Contract Tower,0,40,12,2,54,0,7,66,0,73,0,47,78,2,127,68,0,68,195
05/24/2000,YKM,WA,ANM,WE,Federal Contract Tower,0,50,16,2,68,0,0,81,0,81,0,50,97,2,149,110,4,114,263
05/25/2000,YKM,WA,ANM,WE,Federal Contract Tower,0,43,13,2,58,6,10,65,0,81,6,53,78,2,139,64,0,64,203
05/26/2000,YKM,WA,ANM,WE,Federal Contract Tower,0,46,15,4,65,0,0,55,0,55,0,46,70,4,120,45,0,45,165
05/27/2000,YKM,WA,ANM,WE,Federal Contract Tower,0,23,7,1,31,0,7,11,3,21,0,30,18,4,52,0,0,0,52
05/28/2000,YKM,WA,ANM,WE,Federal Contract Tower,0,19,6,1,26,0,4,22,1,27,0,23,28,2,53,16,2,18,71
05/29/2000,YKM,WA,ANM,WE,Federal Contract Tower,0,26,9,2,37,2,0,58,0,60,2,26,67,2,97,45,2,47,144
05/30/2000,YKM,WA,ANM,WE,Federal Contract Tower,0,39,13,2,54,0,1,26,6,33,0,40,39,8,87,22,3,25,112
05/31/2000,YKM,WA,ANM,WE,Federal Contract Tower,0,48,15,3,66,0,2,29,3,34,0,50,44,6,100,42,0,42,142
06/01/2000,YKM,WA,ANM,WE,Federal Contract Tower,2,43,17,2,64,1,9,66,0,76,3,52,83,2,140,64,30,94,234
06/02/2000,YKM,WA,ANM,WE,Federal Contract Tower,2,50,21,2,75,0,3,104,0,107,2,53,125,2,182,108,10,118,300
06/03/2000,YKM,WA,ANM,WE,Federal Contract Tower,0,32,13,5,50,0,2,103,1,106,0,34,116,6,156,22,0,22,178
06/04/2000,YKM,WA,ANM,WE,Federal Contract Tower,2,28,13,0,43,0,0,79,0,79,2,28,92,0,122,38,0,38,160
06/05/2000,YKM,WA,ANM,WE,Federal Contract Tower,2,44,18,2,66,4,2,42,0,48,6,46,60,2,114,66,0,66,180
06/06/2000,YKM,WA,ANM,WE,Federal Contract Tower,0,47,21,6,74,0,0,77,0,77,0,47,98,6,151,54,24,78,229
06/07/2000,YKM,WA,ANM,WE,Federal Contract Tower,2,45,19,2,68,0,10,49,0,59,2,55,68,2,127,98,0,98,225
06/08/2000,YKM,WA,ANM,WE,Federal Contract Tower,0,45,18,7,70,0,7,61,1,69,0,52,79,8,139,166,26,192,331
06/09/2000,YKM,WA,ANM,WE,Federal Contract Tower,2,48,20,6,76,2,4,67,0,73,4,52,87,6,149,74,12,86,235
06/10/2000,YKM,WA,ANM,WE,Federal Contract Tower,0,25,13,5,43,0,0,41,20,61,0,25,54,25,104,64,4,68,172
06/11/2000,YKM,WA,ANM,WE,Federal Contract Tower,0,25,15,5,45,0,0,36,16,52,0,25,51,21,97,64,2,66,163
06/12/2000,YKM,WA,ANM,WE,Federal Contract Tower,0,42,17,7,66,0,7,25,2,34,0,49,42,9,100,28,2,30,130
06/13/2000,YKM,WA,ANM,WE,Federal Contract Tower,0,48,20,8,76,0,3,61,3,67,0,51,81,11,143,105,2,107,250
06/14/2000,YKM,WA,ANM,WE,Federal Contract Tower,0,40,16,6,62,0,7,49,4,60,0,47,65,10,122,48,30,78,200
06/15/2000,YKM,WA,ANM,WE,Federal Contract Tower,0,42,16,7,65,0,10,68,7,85,0,52,84,14,150,30,18,48,198
06/16/2000,YKM,WA,ANM,WE,Federal Contract Tower,0,41,15,6,62,0,6,71,28,105,0,47,86,34,167,54,2,56,223
06/17/2000,YKM,WA,ANM,WE,Federal Contract Tower,0,22,8,4,34,0,3,90,31,124,0,25,98,35,158,55,0,55,213
06/18/2000,YKM,WA,ANM,WE,Federal Contract Tower,0,25,9,4,38,0,1,42,14,57,0,26,51,18,95,22,0,22,117
06/19/2000,YKM,WA,ANM,WE,Federal Contract Tower,0,43,16,8,67,0,2,47,24,73,0,45,63,32,140,50,30,80,220
06/20/2000,YKM,WA,ANM,WE,Federal Contract Tower,1,50,20,9,80,7,0,77,5,89,8,50,97,14,169,76,4,80,249
06/21/2000,YKM,WA,ANM,WE,Federal Contract Tower,0,47,18,8,73,0,10,59,0,69,0,57,77,8,142,93,0,93,235
06/22/2000,YKM,WA,ANM,WE,Federal Contract Tower,0,43,16,8,67,0,11,85,6,102,0,54,101,14,169,61,4,65,234
06/23/2000,YKM,WA,ANM,WE,Federal Contract Tower,1,47,18,8,74,2,6,87,7,102,3,53,105,15,176,52,0,52,228
06/24/2000,YKM,WA,ANM,WE,Federal Contract Tower,0,28,15,6,49,0,0,54,20,74,0,28,69,26,123,112,2,114,237
06/25/2000,YKM,WA,ANM,WE,Federal Contract Tower,0,23,9,0,32,0,5,68,0,73,0,28,77,0,105,56,0,56,161
06/26/2000,YKM,WA,ANM,WE,Federal Contract Tower,1,39,15,4,59,1,8,49,0,58,2,47,64,4,117,68,2,70,187
06/27/2000,YKM,WA,ANM,WE,Federal Contract Tower,1,42,17,6,66,3,10,48,0,61,4,52,65,6,127,85,2,87,214
06/28/2000,YKM,WA,ANM,WE,Federal Contract Tower,0,41,17,0,58,0,7,74,0,81,0,48,91,0,139,92,0,92,231
06/29/2000,YKM,WA,ANM,WE,Federal Contract Tower,1,39,16,4,60,2,8,90,0,100,3,47,106,4,160,72,0,72,232
06/30/2000,YKM,WA,ANM,WE,Federal Contract Tower,1,46,20,0,67,1,0,74,0,75,2,46,94,0,142,62,0,62,204
07/01/2000,YKM,WA,ANM,WE,Federal Contract Tower,0,25,12,1,38,0,0,70,1,71,0,25,82,2,109,138,0,138,247
07/02/2000,YKM,WA,ANM,WE,Federal Contract Tower,0,20,7,1,28,0,3,49,1,53,0,23,56,2,81,14,0,14,95
07/03/2000,YKM,WA,ANM,WE,Federal Contract Tower,0,32,12,0,44,0,11,14,0,25,0,43,26,0,69,12,0,12,81
07/04/2000,YKM,WA,ANM,WE,Federal Contract Tower,0,22,8,0,30,0,6,59,0,65,0,28,67,0,95,28,0,28,123
07/05/2000,YKM,WA,ANM,WE,Federal Contract Tower,0,45,16,0,61,0,9,80,0,89,0,54,96,0,150,6,0,6,156
07/06/2000,YKM,WA,ANM,WE,Federal Contract Tower,2,50,20,2,74,0,0,55,0,55,2,50,75,2,129,70,0,70,199
07/07/2000,YKM,WA,ANM,WE,Federal Contract Tower,2,47,17,2,68,4,6,94,0,104,6,53,111,2,172,92,0,92,264
07/08/2000,YKM,WA,ANM,WE,Federal Contract Tower,0,22,8,0,30,0,5,70,0,75,0,27,78,0,105,44,0,44,149
07/09/2000,YKM,WA,ANM,WE,Federal Contract Tower,0,30,11,1,42,0,0,92,1,93,0,30,103,2,135,8,0,8,143
07/10/2000,YKM,WA,ANM,WE,Federal Contract Tower,2,44,18,3,67,0,0,65,3,68,2,44,83,6,135,84,4,88,223
07/11/2000,YKM,WA,ANM,WE,Federal Contract Tower,2,47,17,2,68,0,1,51,2,54,2,48,68,4,122,107,21,128,250
07/12/2000,YKM,WA,ANM,WE,Federal Contract Tower,2,45,17,2,66,4,4,65,2,75,6,49,82,4,141,52,0,52,193
07/13/2000,YKM,WA,ANM,WE,Federal Contract Tower,0,43,16,2,61,0,4,69,12,85,0,47,85,14,146,70,28,98,244
07/14/2000,YKM,WA,ANM,WE,Federal Contract Tower,2,47,17,2,68,0,1,90,74,165,2,48,107,76,233,76,0,76,309
07/15/2000,YKM,WA,ANM,WE,Federal Contract Tower,0,22,9,1,32,0,9,103,4,116,0,31,112,5,148,120,21,141,289
07/16/2000,YKM,WA,ANM,WE,Federal Contract Tower,0,21,8,1,30,0,3,77,5,85,0,24,85,6,115,74,0,74,189
07/17/2000,YKM,WA,ANM,WE,Federal Contract Tower,2,42,15,2,61,0,3,39,4,46,2,45,54,6,107,22,12,34,141
07/18/2000,YKM,WA,ANM,WE,Federal Contract Tower,0,40,15,3,58,0,8,82,4,94,0,48,97,7,152,74,0,74,226
07/19/2000,YKM,WA,ANM,WE,Federal Contract Tower,1,46,18,4,69,1,0,102,10,113,2,46,120,14,182,83,15,98,280
07/20/2000,YKM,WA,ANM,WE,Federal Contract Tower,0,39,12,3,54,0,8,84,4,96,0,47,96,7,150,62,16,78,228
07/21/2000,YKM,WA,ANM,WE,Federal Contract Tower,0,45,15,0,60,0,9,93,0,102,0,54,108,0,162,78,0,78,240
07/22/2000,YKM,WA,ANM,WE,Federal Contract Tower,0,23,7,2,32,0,5,40,10,55,0,28,47,12,87,52,0,52,139
07/23/2000,YKM,WA,ANM,WE,Federal Contract Tower,0,24,8,3,35,0,0,71,2,73,0,24,79,5,108,60,0,60,168
07/24/2000,YKM,WA,ANM,WE,Federal Contract Tower,0,43,14,3,60,0,5,77,13,95,0,48,91,16,155,104,0,104,259
07/25/2000,YKM,WA,ANM,WE,Federal Contract Tower,0,37,11,3,51,0,12,53,21,86,0,49,64,24,137,108,0,108,245
07/26/2000,YKM,WA,ANM,WE,Federal Contract Tower,1,46,15,3,65,5,5,82,7,99,6,51,97,10,164,60,0,60,224
07/27/2000,YKM,WA,ANM,WE,Federal Contract Tower,0,43,15,3,61,0,10,75,4,89,0,53,90,7,150,86,2,88,238
07/28/2000,YKM,WA,ANM,WE,Federal Contract Tower,2,53,22,4,81,18,0,86,2,106,20,53,108,6,187,88,14,102,289
07/29/2000,YKM,WA,ANM,WE,Federal Contract Tower,0,30,10,1,41,0,2,75,3,80,0,32,85,4,121,52,26,78,199
07/30/2000,YKM,WA,ANM,WE,Federal Contract Tower,0,19,6,1,26,0,3,53,5,61,0,22,59,6,87,24,0,24,111
07/31/2000,YKM,WA,ANM,WE,Federal Contract Tower,1,45,16,0,62,1,3,71,0,75,2,48,87,0,137,68,0,68,205
08/01/2000,YKM,WA,ANM,WE,Federal Contract Tower,2,41,14,2,59,0,10,53,2,65,2,51,67,4,124,76,0,76,200
08/02/2000,YKM,WA,ANM,WE,Federal Contract Tower,6,49,16,3,74,0,0,78,3,81,6,49,94,6,155,93,16,109,264
08/03/2000,YKM,WA,ANM,WE,Federal Contract Tower,3,44,15,2,64,0,8,77,0,85,3,52,92,2,149,63,0,63,212
08/04/2000,YKM,WA,ANM,WE,Federal Contract Tower,3,43,14,2,62,0,13,67,0,80,3,56,81,2,142,34,0,34,176
08/05/2000,YKM,WA,ANM,WE,Federal Contract Tower,2,28,10,1,41,0,2,63,11,76,2,30,73,12,117,20,0,20,137
08/06/2000,YKM,WA,ANM,WE,Federal Contract Tower,0,24,8,1,33,0,0,76,4,80,0,24,84,5,113,64,0,64,177
08/07/2000,YKM,WA,ANM,WE,Federal Contract Tower,4,36,12,0,52,0,6,50,0,56,4,42,62,0,108,92,0,92,200
08/08/2000,YKM,WA,ANM,WE,Federal Contract Tower,4,35,12,2,53,4,8,72,5,89,8,43,84,7,142,32,14,46,188
08/09/2000,YKM,WA,ANM,WE,Federal Contract Tower,2,38,13,2,55,0,4,81,18,103,2,42,94,20,158,66,8,74,232
08/10/2000,YKM,WA,ANM,WE,Federal Contract Tower,5,46,16,3,70,1,0,69,5,75,6,46,85,8,145,102,0,102,247
08/11/2000,YKM,WA,ANM,WE,Federal Contract Tower,5,46,16,2,69,3,5,99,0,107,8,51,115,2,176,140,40,180,356
08/12/2000,YKM,WA,ANM,WE,Federal Contract Tower,0,29,9,2,40,0,3,99,3,105,0,32,108,5,145,110,0,110,255
08/13/2000,YKM,WA,ANM,WE,Federal Contract Tower,3,24,9,1,37,1,0,52,5,58,4,24,61,6,95,50,0,50,145
08/14/2000,YKM,WA,ANM,WE,Federal Contract Tower,5,40,14,2,61,1,4,71,0,76,6,44,85,2,137,124,0,124,261
08/15/2000,YKM,WA,ANM,WE,Federal Contract Tower,5,48,16,4,73,3,0,46,2,51,8,48,62,6,124,103,0,103,227
08/16/2000,YKM,WA,ANM,WE,Federal Contract Tower,4,45,15,0,64,0,0,56,0,56,4,45,71,0,120,106,0,106,226
08/17/2000,YKM,WA,ANM,WE,Federal Contract Tower,3,41,14,3,61,0,7,49,12,68,3,48,63,15,129,80,54,134,263
08/18/2000,YKM,WA,ANM,WE,Federal Contract Tower,0,46,15,2,63,0,8,63,0,71,0,54,78,2,134,73,0,73,207
08/19/2000,YKM,WA,ANM,WE,Federal Contract Tower,0,28,10,2,40,0,4,58,1,63,0,32,68,3,103,68,11,79,182
08/20/2000,YKM,WA,ANM,WE,Federal Contract Tower,0,28,9,2,39,0,0,61,0,61,0,28,70,2,100,56,0,56,156
08/21/2000,YKM,WA,ANM,WE,Federal Contract Tower,0,44,13,4,61,0,4,75,2,81,0,48,88,6,142,74,16,90,232
08/22/2000,YKM,WA,ANM,WE,Federal Contract Tower,2,37,11,0,50,0,8,63,0,71,2,45,74,0,121,63,0,63,184
08/23/2000,YKM,WA,ANM,WE,Federal Contract Tower,2,44,13,4,63,0,7,75,2,84,2,51,88,6,147,54,0,54,201
08/24/2000,YKM,WA,ANM,WE,Federal Contract Tower,2,44,13,4,63,0,6,39,4,49,2,50,52,8,112,78,10,88,200
08/25/2000,YKM,WA,ANM,WE,Federal Contract Tower,5,43,13,3,64,1,1,59,3,64,6,44,72,6,128,84,2,86,214
08/26/2000,YKM,WA,ANM,WE,Federal Contract Tower,3,30,10,2,45,1,0,86,0,87,4,30,96,2,132,116,0,116,248
08/27/2000,YKM,WA,ANM,WE,Federal Contract Tower,0,19,5,2,26,0,5,51,2,58,0,24,56,4,84,14,0,14,98
08/28/2000,YKM,WA,ANM,WE,Federal Contract Tower,0,33,10,0,43,0,10,44,0,54,0,43,54,0,97,47,0,47,144
08/29/2000,YKM,WA,ANM,WE,Federal Contract Tower,2,49,15,3,69,0,1,66,5,72,2,50,81,8,141,60,2,62,203
08/30/2000,YKM,WA,ANM,WE,Federal Contract Tower,0,45,15,3,63,0,3,74,7,84,0,48,89,10,147,58,36,94,241
08/31/2000,YKM,WA,ANM,WE,Federal Contract Tower,5,46,16,3,70,1,0,66,4,71,6,46,82,7,141,58,12,70,211
09/01/2000,YKM,WA,ANM,WE,Federal Contract Tower,2,47,13,2,64,0,5,70,0,75,2,52,83,2,139,74,6,80,219
09/02/2000,YKM,WA,ANM,WE,Federal Contract Tower,0,19,5,2,26,0,5,61,2,68,0,24,66,4,94,38,0,38,132
09/03/2000,YKM,WA,ANM,WE,Federal Contract Tower,0,17,5,1,23,0,4,41,1,46,0,21,46,2,69,10,0,10,79
09/04/2000,YKM,WA,ANM,WE,Federal Contract Tower,0,25,6,2,33,0,1,63,3,67,0,26,69,5,100,62,0,62,162
09/05/2000,YKM,WA,ANM,WE,Federal Contract Tower,0,38,10,2,50,0,5,41,0,46,0,43,51,2,96,63,0,63,159
09/06/2000,YKM,WA,ANM,WE,Federal Contract Tower,0,39,10,2,51,0,3,53,0,56,0,42,63,2,107,120,12,132,239
09/07/2000,YKM,WA,ANM,WE,Federal Contract Tower,3,50,14,2,69,3,0,91,0,94,6,50,105,2,163,66,44,110,273
09/08/2000,YKM,WA,ANM,WE,Federal Contract Tower,3,47,12,2,64,1,4,27,0,32,4,51,39,2,96,42,0,42,138
09/09/2000,YKM,WA,ANM,WE,Federal Contract Tower,2,28,8,1,39,2,4,64,0,70,4,32,72,1,109,58,0,58,167
09/10/2000,YKM,WA,ANM,WE,Federal Contract Tower,0,22,7,2,31,0,0,35,5,40,0,22,42,7,71,28,0,28,99
09/11/2000,YKM,WA,ANM,WE,Federal Contract Tower,2,51,13,4,70,0,0,33,5,38,2,51,46,9,108,30,16,46,154
09/12/2000,YKM,WA,ANM,WE,Federal Contract Tower,0,45,12,3,60,0,1,72,7,80,0,46,84,10,140,70,36,106,246
09/13/2000,YKM,WA,ANM,WE,Federal Contract Tower,3,45,14,4,66,1,0,65,9,75,4,45,79,13,141,91,14,105,246
09/14/2000,YKM,WA,ANM,WE,Federal Contract Tower,2,43,11,4,60,3,5,47,3,58,5,48,58,7,118,102,0,102,220
09/15/2000,YKM,WA,ANM,WE,Federal Contract Tower,0,48,12,3,63,0,6,65,0,71,0,54,77,3,134,22,0,22,156
09/16/2000,YKM,WA,ANM,WE,Federal Contract Tower,0,27,5,2,34,0,4,88,0,92,0,31,93,2,126,18,0,18,144
09/17/2000,YKM,WA,ANM,WE,Federal Contract Tower,0,19,4,2,25,0,5,47,0,52,0,24,51,2,77,28,2,30,107
09/18/2000,YKM,WA,ANM,WE,Federal Contract Tower,1,42,10,5,58,1,0,49,7,57,2,42,59,12,115,10,0,10,125
09/19/2000,YKM,WA,ANM,WE,Federal Contract Tower,2,45,11,2,60,4,0,39,0,43,6,45,50,2,103,30,0,30,133
09/20/2000,YKM,WA,ANM,WE,Federal Contract Tower,2,50,13,5,70,0,0,38,3,41,2,50,51,8,111,50,24,74,185
09/21/2000,YKM,WA,ANM,WE,Federal Contract Tower,2,48,11,2,63,0,0,32,0,32,2,48,43,2,95,14,0,14,109
09/22/2000,YKM,WA,ANM,WE,Federal Contract Tower,0,41,10,0,51,0,8,52,0,60,0,49,62,0,111,76,0,76,187
09/23/2000,YKM,WA,ANM,WE,Federal Contract Tower,0,22,5,2,29,0,7,73,0,80,0,29,78,2,109,30,0,30,139
09/24/2000,YKM,WA,ANM,WE,Federal Contract Tower,0,25,6,2,33,0,2,68,5,75,0,27,74,7,108,36,6,42,150
09/25/2000,YKM,WA,ANM,WE,Federal Contract Tower,2,45,12,3,62,0,1,48,3,52,2,46,60,6,114,62,0,62,176
09/26/2000,YKM,WA,ANM,WE,Federal Contract Tower,1,42,11,4,58,1,6,57,0,64,2,48,68,4,122,72,8,80,202
09/27/2000,YKM,WA,ANM,WE,Federal Contract Tower,0,42,11,3,56,0,11,57,3,71,0,53,68,6,127,30,0,30,157
09/28/2000,YKM,WA,ANM,WE,Federal Contract Tower,0,43,11,2,56,0,6,62,0,68,0,49,73,2,124,80,0,80,204
09/29/2000,YKM,WA,ANM,WE,Federal Contract Tower,0,52,13,4,69,0,13,45,4,62,0,65,58,8,131,54,0,54,185
09/30/2000,YKM,WA,ANM,WE,Federal Contract Tower,0,22,6,1,29,0,2,45,0,47,0,24,51,1,76,70,0,70,146
10/01/2000,YKM,WA,ANM,WE,Federal Contract Tower,0,17,7,0,24,0,5,29,0,34,0,22,36,0,58,2,0,2,60
10/02/2000,YKM,WA,ANM,WE,Federal Contract Tower,0,34,13,2,49,0,7,42,2,51,0,41,55,4,100,70,0,70,170
10/03/2000,YKM,WA,ANM,WE,Federal Contract Tower,0,33,13,2,48,0,14,39,3,56,0,47,52,5,104,38,5,43,147
10/04/2000,YKM,WA,ANM,WE,Federal Contract Tower,3,44,17,2,66,1,8,59,0,68,4,52,76,2,134,108,0,108,242
10/05/2000,YKM,WA,ANM,WE,Federal Contract Tower,2,42,16,2,62,0,6,56,6,68,2,48,72,8,130,64,2,66,196
10/06/2000,YKM,WA,ANM,WE,Federal Contract Tower,3,48,18,0,69,0,7,81,0,88,3,55,99,0,157,70,4,74,231
10/07/2000,YKM,WA,ANM,WE,Federal Contract Tower,0,28,11,2,41,0,2,76,1,79,0,30,87,3,120,86,0,86,206
10/08/2000,YKM,WA,ANM,WE,Federal Contract Tower,0,23,10,1,34,0,0,42,2,44,0,23,52,3,78,54,0,54,132
10/09/2000,YKM,WA,ANM,WE,Federal Contract Tower,2,28,12,0,42,0,0,17,0,17,2,28,29,0,59,20,0,20,79
10/10/2000,YKM,WA,ANM,WE,Federal Contract Tower,2,42,17,2,63,0,7,15,6,28,2,49,32,8,91,28,26,54,145
10/11/2000,YKM,WA,ANM,WE,Federal Contract Tower,0,36,13,2,51,0,13,34,0,47,0,49,47,2,98,42,0,42,140
10/12/2000,YKM,WA,ANM,WE,Federal Contract Tower,2,44,17,3,66,0,3,41,1,45,2,47,58,4,111,64,26,90,201
10/13/2000,YKM,WA,ANM,WE,Federal Contract Tower,0,49,19,2,70,0,5,55,0,60,0,54,74,2,130,20,1,21,151
10/14/2000,YKM,WA,ANM,WE,Federal Contract Tower,0,26,10,1,37,0,4,63,11,78,0,30,73,12,115,253,0,253,368
10/15/2000,YKM,WA,ANM,WE,Federal Contract Tower,0,22,8,1,31,0,1,40,3,44,0,23,48,4,75,23,14,37,112
10/16/2000,YKM,WA,ANM,WE,Federal Contract Tower,0,46,22,3,71,0,0,22,7,29,0,46,44,10,100,56,38,94,194
10/17/2000,YKM,WA,ANM,WE,Federal Contract Tower,0,40,15,2,57,0,11,34,0,45,0,51,49,2,102,36,0,36,138
10/18/2000,YKM,WA,ANM,WE,Federal Contract Tower,0,53,20,4,77,0,0,36,4,40,0,53,56,8,117,22,32,54,171
10/19/2000,YKM,WA,ANM,WE,Federal Contract Tower,0,48,19,1,68,0,1,59,0,60,0,49,78,1,128,42,0,42,170
10/20/2000,YKM,WA,ANM,WE,Federal Contract Tower,0,41,16,0,57,0,3,14,0,17,0,44,30,0,74,8,0,8,82
10/21/2000,YKM,WA,ANM,WE,Federal Contract Tower,0,22,8,2,32,0,9,48,0,57,0,31,56,2,89,10,2,12,101
10/22/2000,YKM,WA,ANM,WE,Federal Contract Tower,0,25,10,2,37,0,0,77,2,79,0,25,87,4,116,47,0,47,163
10/23/2000,YKM,WA,ANM,WE,Federal Contract Tower,0,35,12,2,49,0,3,70,0,73,0,38,82,2,122,41,0,41,163
10/24/2000,YKM,WA,ANM,WE,Federal Contract Tower,0,38,13,2,53,0,6,98,0,104,0,44,111,2,157,58,0,58,215
10/25/2000,YKM,WA,ANM,WE,Federal Contract Tower,2,43,16,3,64,0,5,65,1,71,2,48,81,4,135,96,24,120,255
10/26/2000,YKM,WA,ANM,WE,Federal Contract Tower,2,45,16,2,65,0,1,40,0,41,2,46,56,2,106,28,0,28,134
10/27/2000,YKM,WA,ANM,WE,Federal Contract Tower,0,49,18,4,71,0,6,17,2,25,0,55,35,6,96,94,0,94,190
10/28/2000,YKM,WA,ANM,WE,Federal Contract Tower,0,21,6,2,29,0,6,15,2,23,0,27,21,4,52,28,0,28,80
10/29/2000,YKM,WA,ANM,WE,Federal Contract Tower,1,24,9,2,36,1,0,26,4,31,2,24,35,6,67,34,2,36,103
10/30/2000,YKM,WA,ANM,WE,Federal Contract Tower,2,41,16,2,61,0,7,41,4,52,2,48,57,6,113,96,4,100,213
10/31/2000,YKM,WA,ANM,WE,Federal Contract Tower,0,44,17,2,63,0,8,39,2,49,0,52,56,4,112,46,40,86,198
11/01/2000,YKM,WA,ANM,WE,Federal Contract Tower,0,53,20,3,76,0,2,35,1,38,0,55,55,4,114,40,8,48,162
11/02/2000,YKM,WA,ANM,WE,Federal Contract Tower,0,55,20,4,79,0,0,66,0,66,0,55,86,4,145,76,16,92,237
11/03/2000,YKM,WA,ANM,WE,Federal Contract Tower,1,44,17,3,65,1,0,28,3,32,2,44,45,6,97,68,2,70,167
11/04/2000,YKM,WA,ANM,WE,Federal Contract Tower,0,22,5,1,28,0,7,0,4,11,0,29,5,5,39,27,0,27,66
11/05/2000,YKM,WA,ANM,WE,Federal Contract Tower,0,24,9,1,34,0,2,28,2,32,0,26,37,3,66,44,0,44,110
11/06/2000,YKM,WA,ANM,WE,Federal Contract Tower,1,42,16,2,61,1,6,23,8,38,2,48,39,10,99,31,24,55,154
11/07/2000,YKM,WA,ANM,WE,Federal Contract Tower,0,40,15,2,57,0,8,24,0,32,0,48,39,2,89,20,0,20,109
11/08/2000,YKM,WA,ANM,WE,Federal Contract Tower,0,49,19,0,68,0,0,2,0,2,0,49,21,0,70,42,0,42,112
11/09/2000,YKM,WA,ANM,WE,Federal Contract Tower,1,45,13,3,62,1,0,0,3,4,2,45,13,6,66,38,10,48,114
11/10/2000,YKM,WA,ANM,WE,Federal Contract Tower,0,41,15,2,58,0,5,52,0,57,0,46,67,2,115,34,0,34,149
11/11/2000,YKM,WA,ANM,WE,Federal Contract Tower,0,24,9,2,35,0,5,53,1,59,0,29,62,3,94,34,0,34,128
11/12/2000,YKM,WA,ANM,WE,Federal Contract Tower,0,22,8,1,31,0,1,35,1,37,0,23,43,2,68,20,0,20,88
11/13/2000,YKM,WA,ANM,WE,Federal Contract Tower,0,48,19,4,71,0,0,43,0,43,0,48,62,4,114,46,0,46,160
11/14/2000,YKM,WA,ANM,WE,Federal Contract Tower,1,47,20,3,71,3,0,52,3,58,4,47,72,6,129,78,10,88,217
11/15/2000,YKM,WA,ANM,WE,Federal Contract Tower,1,52,19,0,72,1,4,52,0,57,2,56,71,0,129,34,0,34,163
11/16/2000,YKM,WA,ANM,WE,Federal Contract Tower,0,52,20,0,72,0,0,18,0,18,0,52,38,0,90,42,0,42,132
11/17/2000,YKM,WA,ANM,WE,Federal Contract Tower,1,47,17,3,68,1,1,38,3,43,2,48,55,6,111,36,0,36,147
11/18/2000,YKM,WA,ANM,WE,Federal Contract Tower,0,31,11,0,42,0,0,49,0,49,0,31,60,0,91,36,0,36,127
11/19/2000,YKM,WA,ANM,WE,Federal Contract Tower,0,26,12,2,40,0,0,55,4,59,0,26,67,6,99,40,2,42,141
11/20/2000,YKM,WA,ANM,WE,Federal Contract Tower,0,47,16,4,67,0,0,25,2,27,0,47,41,6,94,52,5,57,151
11/21/2000,YKM,WA,ANM,WE,Federal Contract Tower,0,49,17,4,70,2,3,36,2,43,2,52,53,6,113,62,26,88,201
11/22/2000,YKM,WA,ANM,WE,Federal Contract Tower,0,38,11,2,51,0,3,0,0,3,0,41,11,2,54,0,0,0,54
11/23/2000,YKM,WA,ANM,WE,Federal Contract Tower,0,16,0,0,16,0,6,0,0,6,0,22,0,0,22,0,0,0,22
11/24/2000,YKM,WA,ANM,WE,Federal Contract Tower,0,37,4,0,41,0,12,0,0,12,0,49,4,0,53,0,0,0,53
11/25/2000,YKM,WA,ANM,WE,Federal Contract Tower,0,21,1,0,22,0,7,0,0,7,0,28,1,0,29,0,0,0,29
11/26/2000,YKM,WA,ANM,WE,Federal Contract Tower,0,15,5,0,20,0,0,4,0,4,0,15,9,0,24,0,0,0,24
11/27/2000,YKM,WA,ANM,WE,Federal Contract Tower,0,41,14,3,58,0,1,28,0,29,0,42,42,3,87,35,2,37,124
11/28/2000,YKM,WA,ANM,WE,Federal Contract Tower,0,51,20,4,75,1,0,48,6,55,1,51,68,10,130,36,24,60,190
11/29/2000,YKM,WA,ANM,WE,Federal Contract Tower,0,48,19,5,72,0,0,8,1,9,0,48,27,6,81,20,6,26,107
11/30/2000,YKM,WA,ANM,WE,Federal Contract Tower,0,47,20,5,72,0,0,19,3,22,0,47,39,8,94,52,2,54,148
12/01/2000,YKM,WA,ANM,WE,Federal Contract Tower,0,33,13,1,47,0,0,10,3,13,0,33,23,4,60,44,2,46,106
12/02/2000,YKM,WA,ANM,WE,Federal Contract Tower,0,26,9,1,36,0,5,5,1,11,0,31,14,2,47,36,0,36,83
12/03/2000,YKM,WA,ANM,WE,Federal Contract Tower,0,26,9,0,35,0,0,6,0,6,0,26,15,0,41,4,0,4,45
12/04/2000,YKM,WA,ANM,WE,Federal Contract Tower,0,43,16,2,61,0,0,5,4,9,0,43,21,6,70,22,0,22,92
12/05/2000,YKM,WA,ANM,WE,Federal Contract Tower,0,54,15,2,71,0,0,0,18,18,0,54,15,20,89,32,0,32,121
12/06/2000,YKM,WA,ANM,WE,Federal Contract Tower,0,48,16,0,64,0,0,8,0,8,0,48,24,0,72,2,0,2,74
12/07/2000,YKM,WA,ANM,WE,Federal Contract Tower,1,49,17,2,69,1,0,4,0,5,2,49,21,2,74,48,0,48,122
12/08/2000,YKM,WA,ANM,WE,Federal Contract Tower,1,52,21,3,77,1,0,10,0,11,2,52,31,3,88,24,0,24,112
12/09/2000,YKM,WA,ANM,WE,Federal Contract Tower,0,24,8,1,33,0,5,1,0,6,0,29,9,1,39,14,2,16,55
12/10/2000,YKM,WA,ANM,WE,Federal Contract Tower,0,24,8,0,32,0,0,8,0,8,0,24,16,0,40,30,0,30,70
12/11/2000,YKM,WA,ANM,WE,Federal Contract Tower,0,41,15,2,58,0,0,22,2,24,0,41,37,4,82,46,0,46,128
12/12/2000,YKM,WA,ANM,WE,Federal Contract Tower,0,49,18,2,69,0,0,43,0,43,0,49,61,2,112,44,0,44,156
12/13/2000,YKM,WA,ANM,WE,Federal Contract Tower,0,44,13,1,58,0,4,7,0,11,0,48,20,1,69,57,2,59,128
12/14/2000,YKM,WA,ANM,WE,Federal Contract Tower,0,40,12,0,52,0,0,5,0,5,0,40,17,0,57,21,0,21,78
12/15/2000,YKM,WA,ANM,WE,Federal Contract Tower,0,46,14,2,62,0,7,4,0,11,0,53,18,2,73,6,0,6,79
12/16/2000,YKM,WA,ANM,WE,Federal Contract Tower,0,24,6,2,32,0,1,8,2,11,0,25,14,4,43,16,0,16,59
12/17/2000,YKM,WA,ANM,WE,Federal Contract Tower,0,0,0,0,0,0,0,0,0,0,0,0,0,0,0,0,0,0,0
12/18/2000,YKM,WA,ANM,WE,Federal Contract Tower,0,43,13,3,59,2,0,21,3,26,2,43,34,6,85,34,0,34,119
12/19/2000,YKM,WA,ANM,WE,Federal Contract Tower,0,46,14,3,63,0,1,13,7,21,0,47,27,10,84,54,8,62,146
12/20/2000,YKM,WA,ANM,WE,Federal Contract Tower,0,57,19,4,80,2,0,0,2,4,2,57,19,6,84,8,0,8,92
12/21/2000,YKM,WA,ANM,WE,Federal Contract Tower,0,46,13,2,61,0,7,0,0,7,0,53,13,2,68,0,0,0,68
12/22/2000,YKM,WA,ANM,WE,Federal Contract Tower,0,47,14,2,63,0,10,0,0,10,0,57,14,2,73,28,0,28,101
12/23/2000,YKM,WA,ANM,WE,Federal Contract Tower,0,27,7,0,34,0,4,0,0,4,0,31,7,0,38,0,0,0,38
12/24/2000,YKM,WA,ANM,WE,Federal Contract Tower,0,3,0,0,3,0,0,0,0,0,0,3,0,0,3,0,0,0,3
12/25/2000,YKM,WA,ANM,WE,Federal Contract Tower,0,19,2,0,21,0,5,0,0,5,0,24,2,0,26,0,0,0,26
12/26/2000,YKM,WA,ANM,WE,Federal Contract Tower,0,43,6,2,51,0,7,0,0,7,0,50,6,2,58,4,0,4,62
12/27/2000,YKM,WA,ANM,WE,Federal Contract Tower,0,31,10,0,41,0,2,0,0,2,0,33,10,0,43,0,0,0,43
12/28/2000,YKM,WA,ANM,WE,Federal Contract Tower,0,42,10,1,53,0,2,0,3,5,0,44,10,4,58,0,0,0,58
12/29/2000,YKM,WA,ANM,WE,Federal Contract Tower,0,41,5,0,46,0,6,0,0,6,0,47,5,0,52,6,0,6,58
12/30/2000,YKM,WA,ANM,WE,Federal Contract Tower,0,30,10,0,40,0,0,0,0,0,0,30,10,0,40,4,0,4,44
12/31/2000,YKM,WA,ANM,WE,Federal Contract Tower,0,23,6,0,29,0,2,0,0,2,0,25,6,0,31,0,0,0,31
01/01/2001,YKM,WA,ANM,WE,Federal Contract Tower,0,19,4,0,23,0,5,0,0,5,0,24,4,0,28,0,0,0,28
01/02/2001,YKM,WA,ANM,WE,Federal Contract Tower,0,50,21,0,71,0,0,7,0,7,0,50,28,0,78,13,0,13,91
01/03/2001,YKM,WA,ANM,WE,Federal Contract Tower,1,48,21,2,72,2,0,19,0,21,3,48,40,2,93,6,0,6,99
01/04/2001,YKM,WA,ANM,WE,Federal Contract Tower,0,45,21,1,67,0,0,2,3,5,0,45,23,4,72,4,0,4,76
01/05/2001,YKM,WA,ANM,WE,Federal Contract Tower,1,29,12,0,42,1,13,13,0,27,2,42,25,0,69,42,0,42,111
01/06/2001,YKM,WA,ANM,WE,Federal Contract Tower,0,25,11,0,36,0,5,76,2,83,0,30,87,2,119,76,0,76,195
01/07/2001,YKM,WA,ANM,WE,Federal Contract Tower,0,26,12,1,39,0,0,27,1,28,0,26,39,2,67,67,6,73,140
01/08/2001,YKM,WA,ANM,WE,Federal Contract Tower,0,40,16,0,56,0,9,11,0,20,0,49,27,0,76,18,0,18,94
01/09/2001,YKM,WA,ANM,WE,Federal Contract Tower,0,43,18,0,61,0,5,2,0,7,0,48,20,0,68,20,0,20,88
01/10/2001,YKM,WA,ANM,WE,Federal Contract Tower,0,51,21,2,74,0,0,6,2,8,0,51,27,4,82,50,0,50,132
01/11/2001,YKM,WA,ANM,WE,Federal Contract Tower,0,41,17,1,59,0,3,8,1,12,0,44,25,2,71,54,2,56,127
01/12/2001,YKM,WA,ANM,WE,Federal Contract Tower,0,47,23,2,72,0,0,47,4,51,0,47,70,6,123,42,4,46,169
01/13/2001,YKM,WA,ANM,WE,Federal Contract Tower,0,23,2,0,25,0,8,0,0,8,0,31,2,0,33,2,0,2,35
01/14/2001,YKM,WA,ANM,WE,Federal Contract Tower,0,26,11,0,37,0,0,28,0,28,0,26,39,0,65,98,0,98,163
01/15/2001,YKM,WA,ANM,WE,Federal Contract Tower,0,30,12,1,43,0,4,32,1,37,0,34,44,2,80,52,0,52,132
01/16/2001,YKM,WA,ANM,WE,Federal Contract Tower,0,43,20,2,65,4,0,9,0,13,4,43,29,2,78,56,18,74,152
01/17/2001,YKM,WA,ANM,WE,Federal Contract Tower,0,44,18,2,64,0,0,4,5,9,0,44,22,7,73,4,6,10,83
01/18/2001,YKM,WA,ANM,WE,Federal Contract Tower,0,43,13,2,58,0,2,0,2,4,0,45,13,4,62,2,0,2,64
01/19/2001,YKM,WA,ANM,WE,Federal Contract Tower,0,41,15,0,56,0,1,2,0,3,0,42,17,0,59,4,0,4,63
01/20/2001,YKM,WA,ANM,WE,Federal Contract Tower,0,25,10,1,36,0,0,19,1,20,0,25,29,2,56,32,0,32,88
01/21/2001,YKM,WA,ANM,WE,Federal Contract Tower,0,23,9,0,32,0,4,1,0,5,0,27,10,0,37,23,0,23,60
01/22/2001,YKM,WA,ANM,WE,Federal Contract Tower,0,51,20,0,71,4,0,10,0,14,4,51,30,0,85,44,0,44,129
01/23/2001,YKM,WA,ANM,WE,Federal Contract Tower,0,44,17,0,61,0,10,18,0,28,0,54,35,0,89,34,0,34,123
01/24/2001,YKM,WA,ANM,WE,Federal Contract Tower,0,43,17,2,62,0,0,15,0,15,0,43,32,2,77,38,0,38,115
01/25/2001,YKM,WA,ANM,WE,Federal Contract Tower,0,44,22,3,69,0,0,7,4,11,0,44,29,7,80,28,36,64,144
01/26/2001,YKM,WA,ANM,WE,Federal Contract Tower,0,38,14,2,54,0,10,43,2,55,0,48,57,4,109,34,0,34,143
01/27/2001,YKM,WA,ANM,WE,Federal Contract Tower,0,25,5,0,30,0,4,0,0,4,0,29,5,0,34,32,0,32,66
01/28/2001,YKM,WA,ANM,WE,Federal Contract Tower,0,19,5,0,24,0,4,0,0,4,0,23,5,0,28,9,0,9,37
01/29/2001,YKM,WA,ANM,WE,Federal Contract Tower,0,50,21,2,73,0,0,20,2,22,0,50,41,4,95,83,0,83,178
01/30/2001,YKM,WA,ANM,WE,Federal Contract Tower,0,49,21,0,70,0,0,48,0,48,0,49,69,0,118,47,0,47,165
01/31/2001,YKM,WA,ANM,WE,Federal Contract Tower,0,42,19,0,61,0,0,52,0,52,0,42,71,0,113,88,0,88,201
02/01/2001,YKM,WA,ANM,WE,Federal Contract Tower,0,43,19,2,64,0,3,33,2,38,0,46,52,4,102,46,0,46,148
02/02/2001,YKM,WA,ANM,WE,Federal Contract Tower,2,42,18,2,64,0,4,36,0,40,2,46,54,2,104,60,0,60,164
02/03/2001,YKM,WA,ANM,WE,Federal Contract Tower,0,24,11,1,36,0,3,58,3,64,0,27,69,4,100,84,0,84,184
02/04/2001,YKM,WA,ANM,WE,Federal Contract Tower,1,9,0,1,11,18,0,0,39,57,19,9,0,40,68,0,0,0,68
02/05/2001,YKM,WA,ANM,WE,Federal Contract Tower,2,36,16,1,55,0,5,27,7,39,2,41,43,8,94,34,0,34,128
02/06/2001,YKM,WA,ANM,WE,Federal Contract Tower,2,39,17,0,58,0,7,21,0,28,2,46,38,0,86,52,0,52,138
02/07/2001,YKM,WA,ANM,WE,Federal Contract Tower,2,48,22,2,74,2,0,48,8,58,4,48,70,10,132,52,10,62,194
02/08/2001,YKM,WA,ANM,WE,Federal Contract Tower,2,42,19,2,65,0,0,3,4,7,2,42,22,6,72,8,4,12,84
02/09/2001,YKM,WA,ANM,WE,Federal Contract Tower,0,48,21,2,71,0,3,20,4,27,0,51,41,6,98,36,2,38,136
02/10/2001,YKM,WA,ANM,WE,Federal Contract Tower,0,25,11,0,36,0,1,2,0,3,0,26,13,0,39,12,0,12,51
02/11/2001,YKM,WA,ANM,WE,Federal Contract Tower,0,25,11,1,37,0,1,12,5,18,0,26,23,6,55,28,0,28,83
02/12/2001,YKM,WA,ANM,WE,Federal Contract Tower,0,36,16,2,54,0,8,38,8,54,0,44,54,10,108,64,2,66,174
02/13/2001,YKM,WA,ANM,WE,Federal Contract Tower,0,42,22,2,66,0,0,44,0,44,0,42,66,2,110,96,0,96,206
02/14/2001,YKM,WA,ANM,WE,Federal Contract Tower,0,46,21,3,70,0,6,27,1,34,0,52,48,4,104,108,0,108,212
02/15/2001,YKM,WA,ANM,WE,Federal Contract Tower,0,42,19,3,64,0,0,24,3,27,0,42,43,6,91,34,10,44,135
02/16/2001,YKM,WA,ANM,WE,Federal Contract Tower,0,34,15,2,51,0,7,5,0,12,0,41,20,2,63,16,0,16,79
02/17/2001,YKM,WA,ANM,WE,Federal Contract Tower,0,25,12,2,39,0,5,16,2,23,0,30,28,4,62,20,0,20,82
02/18/2001,YKM,WA,ANM,WE,Federal Contract Tower,0,22,10,2,34,0,0,2,2,4,0,22,12,4,38,28,0,28,66
02/19/2001,YKM,WA,ANM,WE,Federal Contract Tower,1,33,15,2,51,3,0,18,2,23,4,33,33,4,74,82,2,84,158
02/20/2001,YKM,WA,ANM,WE,Federal Contract Tower,0,44,20,2,66,0,0,43,0,43,0,44,63,2,109,43,0,43,152
02/21/2001,YKM,WA,ANM,WE,Federal Contract Tower,0,45,19,0,64,0,1,14,0,15,0,46,33,0,79,36,0,36,115
02/22/2001,YKM,WA,ANM,WE,Federal Contract Tower,0,49,20,2,71,0,5,17,0,22,0,54,37,2,93,78,0,78,171
02/23/2001,YKM,WA,ANM,WE,Federal Contract Tower,1,48,20,3,72,3,0,46,1,50,4,48,66,4,122,50,0,50,172
02/24/2001,YKM,WA,ANM,WE,Federal Contract Tower,0,26,12,2,40,0,0,73,0,73,0,26,85,2,113,54,0,54,167
02/25/2001,YKM,WA,ANM,WE,Federal Contract Tower,0,20,9,1,30,0,3,49,1,53,0,23,58,2,83,43,0,43,126
02/26/2001,YKM,WA,ANM,WE,Federal Contract Tower,1,43,18,2,64,7,2,40,0,49,8,45,58,2,113,63,0,63,176
02/27/2001,YKM,WA,ANM,WE,Federal Contract Tower,0,39,16,2,57,0,7,57,0,64,0,46,73,2,121,38,0,38,159
02/28/2001,YKM,WA,ANM,WE,Federal Contract Tower,0,38,17,2,57,0,0,60,2,62,0,38,77,4,119,28,20,48,167
03/01/2001,YKM,WA,ANM,WE,Federal Contract Tower,0,37,16,2,55,0,0,43,6,49,0,37,59,8,104,68,10,78,182
03/02/2001,YKM,WA,ANM,WE,Federal Contract Tower,0,35,14,2,51,0,8,32,0,40,0,43,46,2,91,48,0,48,139
03/03/2001,YKM,WA,ANM,WE,Federal Contract Tower,1,23,10,2,36,3,0,76,2,81,4,23,86,4,117,38,6,44,161
03/04/2001,YKM,WA,ANM,WE,Federal Contract Tower,0,22,9,2,33,0,2,10,4,16,0,24,19,6,49,34,4,38,87
03/05/2001,YKM,WA,ANM,WE,Federal Contract Tower,0,39,16,3,58,0,0,60,10,70,0,39,76,13,128,79,8,87,215
03/06/2001,YKM,WA,ANM,WE,Federal Contract Tower,0,31,13,2,46,0,12,74,2,88,0,43,87,4,134,100,0,100,234
03/07/2001,YKM,WA,ANM,WE,Federal Contract Tower,0,42,16,3,61,0,6,79,3,88,0,48,95,6,149,54,0,54,203
03/08/2001,YKM,WA,ANM,WE,Federal Contract Tower,2,45,18,3,68,0,0,34,9,43,2,45,52,12,111,76,4,80,191
03/09/2001,YKM,WA,ANM,WE,Federal Contract Tower,2,41,18,3,64,0,0,44,5,49,2,41,62,8,113,70,10,80,193
03/10/2001,YKM,WA,ANM,WE,Federal Contract Tower,0,22,9,1,32,0,3,35,5,43,0,25,44,6,75,40,0,40,115
03/11/2001,YKM,WA,ANM,WE,Federal Contract Tower,0,24,10,2,36,0,1,45,2,48,0,25,55,4,84,63,0,63,147
03/12/2001,YKM,WA,ANM,WE,Federal Contract Tower,0,36,14,0,50,0,4,39,0,43,0,40,53,0,93,42,0,42,135
03/13/2001,YKM,WA,ANM,WE,Federal Contract Tower,0,33,13,0,46,0,9,7,0,16,0,42,20,0,62,18,0,18,80
03/14/2001,YKM,WA,ANM,WE,Federal Contract Tower,2,49,21,2,74,0,0,46,0,46,2,49,67,2,120,72,0,72,192
03/15/2001,YKM,WA,ANM,WE,Federal Contract Tower,0,41,15,2,58,0,8,22,0,30,0,49,37,2,88,48,20,68,156
03/16/2001,YKM,WA,ANM,WE,Federal Contract Tower,1,41,20,5,67,1,0,64,1,66,2,41,84,6,133,64,40,104,237
03/17/2001,YKM,WA,ANM,WE,Federal Contract Tower,0,22,8,0,30,0,3,41,0,44,0,25,49,0,74,62,0,62,136
03/18/2001,YKM,WA,ANM,WE,Federal Contract Tower,0,25,9,3,37,0,1,10,1,12,0,26,19,4,49,44,0,44,93
03/19/2001,YKM,WA,ANM,WE,Federal Contract Tower,0,36,13,3,52,0,9,25,1,35,0,45,38,4,87,61,0,61,148
03/20/2001,YKM,WA,ANM,WE,Federal Contract Tower,0,47,17,4,68,0,2,70,3,75,0,49,87,7,143,78,6,84,227
03/21/2001,YKM,WA,ANM,WE,Federal Contract Tower,1,43,18,4,66,1,0,68,4,73,2,43,86,8,139,56,0,56,195
03/22/2001,YKM,WA,ANM,WE,Federal Contract Tower,0,34,12,2,48,4,9,73,0,86,4,43,85,2,134,88,2,90,224
03/23/2001,YKM,WA,ANM,WE,Federal Contract Tower,1,38,14,2,55,1,9,44,0,54,2,47,58,2,109,110,0,110,219
03/24/2001,YKM,WA,ANM,WE,Federal Contract Tower,0,21,7,2,30,0,4,76,0,80,0,25,83,2,110,104,0,104,214
03/25/2001,YKM,WA,ANM,WE,Federal Contract Tower,0,21,9,2,32,4,0,40,3,47,4,21,49,5,79,27,0,27,106
03/26/2001,YKM,WA,ANM,WE,Federal Contract Tower,0,35,14,0,49,0,9,33,0,42,0,44,47,0,91,38,0,38,129
03/27/2001,YKM,WA,ANM,WE,Federal Contract Tower,1,39,16,3,59,1,0,17,3,21,2,39,33,6,80,42,0,42,122
03/28/2001,YKM,WA,ANM,WE,Federal Contract Tower,1,41,16,2,60,1,7,17,0,25,2,48,33,2,85,40,0,40,125
03/29/2001,YKM,WA,ANM,WE,Federal Contract Tower,0,39,16,2,57,0,3,38,4,45,0,42,54,6,102,58,0,58,160
03/30/2001,YKM,WA,ANM,WE,Federal Contract Tower,0,49,21,3,73,0,0,48,5,53,0,49,69,8,126,76,0,76,202
03/31/2001,YKM,WA,ANM,WE,Federal Contract Tower,0,31,13,0,44,0,0,47,0,47,0,31,60,0,91,106,0,106,197
04/01/2001,YKM,WA,ANM,WE,Federal Contract Tower,0,0,0,0,0,0,20,58,0,78,0,20,58,0,78,85,0,85,163
04/02/2001,YKM,WA,ANM,WE,Federal Contract Tower,0,38,13,2,53,0,2,20,0,22,0,40,33,2,75,41,4,45,120
04/03/2001,YKM,WA,ANM,WE,Federal Contract Tower,0,42,12,0,54,0,2,15,0,17,0,44,27,0,71,34,0,34,105
04/04/2001,YKM,WA,ANM,WE,Federal Contract Tower,0,40,21,0,61,0,4,51,2,57,0,44,72,2,118,94,0,94,212
04/05/2001,YKM,WA,ANM,WE,Federal Contract Tower,2,42,16,8,68,0,2,46,0,48,2,44,62,8,116,62,16,78,194
04/06/2001,YKM,WA,ANM,WE,Federal Contract Tower,2,42,9,5,58,0,3,20,2,25,2,45,29,7,83,44,8,52,135
04/07/2001,YKM,WA,ANM,WE,Federal Contract Tower,0,0,0,0,0,0,28,44,11,83,0,28,44,11,83,36,4,40,123
04/08/2001,YKM,WA,ANM,WE,Federal Contract Tower,0,21,10,0,31,2,4,34,0,40,2,25,44,0,71,67,0,67,138
04/09/2001,YKM,WA,ANM,WE,Federal Contract Tower,0,43,10,0,53,0,4,47,0,51,0,47,57,0,104,14,0,14,118
04/10/2001,YKM,WA,ANM,WE,Federal Contract Tower,0,38,10,3,51,0,2,18,1,21,0,40,28,4,72,14,0,14,86
04/11/2001,YKM,WA,ANM,WE,Federal Contract Tower,2,44,14,5,65,0,0,20,3,23,2,44,34,8,88,6,0,6,94
04/12/2001,YKM,WA,ANM,WE,Federal Contract Tower,2,47,25,2,76,0,2,40,0,42,2,49,65,2,118,6,6,12,130
04/13/2001,YKM,WA,ANM,WE,Federal Contract Tower,0,45,15,8,68,0,6,29,6,41,0,51,44,14,109,34,2,36,145
04/14/2001,YKM,WA,ANM,WE,Federal Contract Tower,0,23,6,0,29,0,2,63,4,69,0,25,69,4,98,66,6,72,170
04/15/2001,YKM,WA,ANM,WE,Federal Contract Tower,0,20,6,0,26,0,1,50,5,56,0,21,56,5,82,42,0,42,124
04/16/2001,YKM,WA,ANM,WE,Federal Contract Tower,0,47,18,2,67,0,0,58,0,58,0,47,76,2,125,34,0,34,159
04/17/2001,YKM,WA,ANM,WE,Federal Contract Tower,0,41,19,0,60,0,3,37,0,40,0,44,56,0,100,32,0,32,132
04/18/2001,YKM,WA,ANM,WE,Federal Contract Tower,0,45,21,3,69,0,1,39,1,41,0,46,60,4,110,76,0,76,186
04/19/2001,YKM,WA,ANM,WE,Federal Contract Tower,0,45,23,5,73,0,0,36,1,37,0,45,59,6,110,62,6,68,178
04/20/2001,YKM,WA,ANM,WE,Federal Contract Tower,2,42,25,6,75,0,6,41,6,53,2,48,66,12,128,66,16,82,210
04/21/2001,YKM,WA,ANM,WE,Federal Contract Tower,0,25,8,2,35,0,2,51,4,57,0,27,59,6,92,36,0,36,128
04/22/2001,YKM,WA,ANM,WE,Federal Contract Tower,0,26,11,3,40,2,0,48,1,51,2,26,59,4,91,117,0,117,208
04/23/2001,YKM,WA,ANM,WE,Federal Contract Tower,2,42,19,4,67,0,4,25,9,38,2,46,44,13,105,63,0,63,168
04/24/2001,YKM,WA,ANM,WE,Federal Contract Tower,0,44,19,4,67,0,4,84,0,88,0,48,103,4,155,236,4,240,395
04/25/2001,YKM,WA,ANM,WE,Federal Contract Tower,2,42,15,2,61,0,3,58,0,61,2,45,73,2,122,92,0,92,214
04/26/2001,YKM,WA,ANM,WE,Federal Contract Tower,0,44,12,2,58,0,4,51,1,56,0,48,63,3,114,52,0,52,166
04/27/2001,YKM,WA,ANM,WE,Federal Contract Tower,0,40,18,10,68,0,2,52,0,54,0,42,70,10,122,76,12,88,210
04/28/2001,YKM,WA,ANM,WE,Federal Contract Tower,0,20,0,2,22,0,2,46,2,50,0,22,46,4,72,146,2,148,220
04/29/2001,YKM,WA,ANM,WE,Federal Contract Tower,0,25,8,2,35,0,0,37,0,37,0,25,45,2,72,39,6,45,117
04/30/2001,YKM,WA,ANM,WE,Federal Contract Tower,0,38,9,8,55,0,1,10,0,11,0,39,19,8,66,22,12,34,100
05/01/2001,YKM,WA,ANM,WE,Federal Contract Tower,0,41,10,6,57,0,1,32,0,33,0,42,42,6,90,50,2,52,142
05/02/2001,YKM,WA,ANM,WE,Federal Contract Tower,0,39,8,2,49,0,3,55,0,58,0,42,63,2,107,116,0,116,223
05/03/2001,YKM,WA,ANM,WE,Federal Contract Tower,2,38,8,2,50,0,6,69,0,75,2,44,77,2,125,72,4,76,201
05/04/2001,YKM,WA,ANM,WE,Federal Contract Tower,0,0,0,0,0,0,47,113,2,162,0,47,113,2,162,98,0,98,260
05/05/2001,YKM,WA,ANM,WE,Federal Contract Tower,0,0,0,0,0,0,25,36,16,77,0,25,36,16,77,28,10,38,115
05/06/2001,YKM,WA,ANM,WE,Federal Contract Tower,0,24,10,1,35,0,3,105,8,116,0,27,115,9,151,124,6,130,281
05/07/2001,YKM,WA,ANM,WE,Federal Contract Tower,0,47,14,2,63,0,0,61,2,63,0,47,75,4,126,86,0,86,212
05/08/2001,YKM,WA,ANM,WE,Federal Contract Tower,0,42,11,7,60,0,4,47,7,58,0,46,58,14,118,110,0,110,228
05/09/2001,YKM,WA,ANM,WE,Federal Contract Tower,0,44,20,0,64,0,9,45,0,54,0,53,65,0,118,88,0,88,206
05/10/2001,YKM,WA,ANM,WE,Federal Contract Tower,0,43,18,2,63,0,2,54,0,56,0,45,72,2,119,76,2,78,197
05/11/2001,YKM,WA,ANM,WE,Federal Contract Tower,0,41,11,0,52,0,4,50,4,58,0,45,61,4,110,82,0,82,192
05/12/2001,YKM,WA,ANM,WE,Federal Contract Tower,0,26,9,1,36,0,1,65,2,68,0,27,74,3,104,74,2,76,180
05/13/2001,YKM,WA,ANM,WE,Federal Contract Tower,0,23,9,0,32,0,3,59,4,66,0,26,68,4,98,71,4,75,173
05/14/2001,YKM,WA,ANM,WE,Federal Contract Tower,0,39,19,0,58,0,7,6,2,15,0,46,25,2,73,19,0,19,92
05/15/2001,YKM,WA,ANM,WE,Federal Contract Tower,0,46,13,8,67,0,1,34,0,35,0,47,47,8,102,74,0,74,176
05/16/2001,YKM,WA,ANM,WE,Federal Contract Tower,0,43,19,2,64,0,5,34,0,39,0,48,53,2,103,58,16,74,177
05/17/2001,YKM,WA,ANM,WE,Federal Contract Tower,0,47,24,4,75,0,0,52,0,52,0,47,76,4,127,80,0,80,207
05/18/2001,YKM,WA,ANM,WE,Federal Contract Tower,0,45,27,6,78,0,2,52,4,58,0,47,79,10,136,76,10,86,222
05/19/2001,YKM,WA,ANM,WE,Federal Contract Tower,2,26,8,1,37,0,1,56,4,61,2,27,64,5,98,56,2,58,156
05/20/2001,YKM,WA,ANM,WE,Federal Contract Tower,0,26,10,0,36,0,0,63,3,66,0,26,73,3,102,40,0,40,142
05/21/2001,YKM,WA,ANM,WE,Federal Contract Tower,0,40,16,4,60,0,2,52,1,55,0,42,68,5,115,77,26,103,218
05/22/2001,YKM,WA,ANM,WE,Federal Contract Tower,2,40,16,2,60,0,9,73,0,82,2,49,89,2,142,58,31,89,231
05/23/2001,YKM,WA,ANM,WE,Federal Contract Tower,2,45,12,5,64,0,3,54,1,58,2,48,66,6,122,54,0,54,176
05/24/2001,YKM,WA,ANM,WE,Federal Contract Tower,0,49,19,3,71,0,1,49,3,53,0,50,68,6,124,82,2,84,208
05/25/2001,YKM,WA,ANM,WE,Federal Contract Tower,2,38,20,6,66,0,6,56,0,62,2,44,76,6,128,102,10,112,240
05/26/2001,YKM,WA,ANM,WE,Federal Contract Tower,0,26,6,0,32,0,1,58,2,61,0,27,64,2,93,68,0,68,161
05/27/2001,YKM,WA,ANM,WE,Federal Contract Tower,0,21,5,1,27,0,2,36,1,39,0,23,41,2,66,38,0,38,104
05/28/2001,YKM,WA,ANM,WE,Federal Contract Tower,2,20,7,0,29,0,0,37,0,37,2,20,44,0,66,18,0,18,84
05/29/2001,YKM,WA,ANM,WE,Federal Contract Tower,0,42,13,1,56,0,2,50,2,54,0,44,63,3,110,22,0,22,132
05/30/2001,YKM,WA,ANM,WE,Federal Contract Tower,0,47,30,2,79,0,1,53,0,54,0,48,83,2,133,68,0,68,201
05/31/2001,YKM,WA,ANM,WE,Federal Contract Tower,0,42,21,4,67,0,4,63,0,67,0,46,84,4,134,62,18,80,214
06/01/2001,YKM,WA,ANM,WE,Federal Contract Tower,4,46,12,4,66,0,2,27,0,29,4,48,39,4,95,22,10,32,127
06/02/2001,YKM,WA,ANM,WE,Federal Contract Tower,0,0,0,0,0,0,25,66,3,94,0,25,66,3,94,28,0,28,122
06/03/2001,YKM,WA,ANM,WE,Federal Contract Tower,0,27,15,1,43,0,0,66,3,69,0,27,81,4,112,30,0,30,142
06/04/2001,YKM,WA,ANM,WE,Federal Contract Tower,2,41,12,0,55,0,2,28,0,30,2,43,40,0,85,26,0,26,111
06/05/2001,YKM,WA,ANM,WE,Federal Contract Tower,0,42,44,7,93,0,0,26,5,31,0,42,70,12,124,104,0,104,228
06/06/2001,YKM,WA,ANM,WE,Federal Contract Tower,2,46,25,5,78,0,0,40,0,40,2,46,65,5,118,82,16,98,216
06/07/2001,YKM,WA,ANM,WE,Federal Contract Tower,0,38,18,4,60,0,3,66,2,71,0,41,84,6,131,108,2,110,241
06/08/2001,YKM,WA,ANM,WE,Federal Contract Tower,0,42,25,0,67,0,0,41,2,43,0,42,66,2,110,70,0,70,180
06/09/2001,YKM,WA,ANM,WE,Federal Contract Tower,0,26,9,0,35,0,3,54,9,66,0,29,63,9,101,44,0,44,145
06/10/2001,YKM,WA,ANM,WE,Federal Contract Tower,0,23,5,2,30,0,0,97,2,99,0,23,102,4,129,27,0,27,156
06/11/2001,YKM,WA,ANM,WE,Federal Contract Tower,0,43,29,4,76,0,0,40,0,40,0,43,69,4,116,12,0,12,128
06/12/2001,YKM,WA,ANM,WE,Federal Contract Tower,0,46,18,4,68,0,0,43,4,47,0,46,61,8,115,68,13,81,196
06/13/2001,YKM,WA,ANM,WE,Federal Contract Tower,2,45,19,0,66,0,1,58,0,59,2,46,77,0,125,38,0,38,163
06/14/2001,YKM,WA,ANM,WE,Federal Contract Tower,0,42,16,3,61,0,4,70,1,75,0,46,86,4,136,69,6,75,211
06/15/2001,YKM,WA,ANM,WE,Federal Contract Tower,0,47,18,4,69,0,0,70,0,70,0,47,88,4,139,46,18,64,203
06/16/2001,YKM,WA,ANM,WE,Federal Contract Tower,0,23,7,0,30,0,3,60,3,66,0,26,67,3,96,27,0,27,123
06/17/2001,YKM,WA,ANM,WE,Federal Contract Tower,0,23,7,0,30,0,0,45,0,45,0,23,52,0,75,18,0,18,93
06/18/2001,YKM,WA,ANM,WE,Federal Contract Tower,0,42,9,0,51,0,3,60,0,63,0,45,69,0,114,54,0,54,168
06/19/2001,YKM,WA,ANM,WE,Federal Contract Tower,0,44,18,0,62,0,2,76,2,80,0,46,94,2,142,40,0,40,182
06/20/2001,YKM,WA,ANM,WE,Federal Contract Tower,0,44,21,3,68,0,1,60,3,64,0,45,81,6,132,30,0,30,162
06/21/2001,YKM,WA,ANM,WE,Federal Contract Tower,0,39,12,0,51,0,9,58,0,67,0,48,70,0,118,98,0,98,216
06/22/2001,YKM,WA,ANM,WE,Federal Contract Tower,2,45,11,3,61,0,2,49,2,53,2,47,60,5,114,50,6,56,170
06/23/2001,YKM,WA,ANM,WE,Federal Contract Tower,0,24,8,0,32,0,4,84,0,88,0,28,92,0,120,125,0,125,245
06/24/2001,YKM,WA,ANM,WE,Federal Contract Tower,0,22,12,0,34,0,1,22,6,29,0,23,34,6,63,20,0,20,83
06/25/2001,YKM,WA,ANM,WE,Federal Contract Tower,2,40,18,0,60,0,2,46,2,50,2,42,64,2,110,60,0,60,170
06/26/2001,YKM,WA,ANM,WE,Federal Contract Tower,0,53,22,2,77,0,5,52,4,61,0,58,74,6,138,34,0,34,172
06/27/2001,YKM,WA,ANM,WE,Federal Contract Tower,0,47,38,2,87,0,5,17,0,22,0,52,55,2,109,48,0,48,157
06/28/2001,YKM,WA,ANM,WE,Federal Contract Tower,0,41,24,3,68,0,3,70,4,77,0,44,94,7,145,60,0,60,205
06/29/2001,YKM,WA,ANM,WE,Federal Contract Tower,0,38,20,0,58,0,7,85,0,92,0,45,105,0,150,40,0,40,190
06/30/2001,YKM,WA,ANM,WE,Federal Contract Tower,0,28,5,4,37,0,0,55,1,56,0,28,60,5,93,74,4,78,171
07/01/2001,YKM,WA,ANM,WE,Federal Contract Tower,0,23,11,0,34,0,1,59,7,67,0,24,70,7,101,38,3,41,142
07/02/2001,YKM,WA,ANM,WE,Federal Contract Tower,0,44,11,6,61,0,4,45,2,51,0,48,56,8,112,89,8,97,209
07/03/2001,YKM,WA,ANM,WE,Federal Contract Tower,0,44,13,1,58,0,6,76,1,83,0,50,89,2,141,83,0,83,224
07/04/2001,YKM,WA,ANM,WE,Federal Contract Tower,0,19,0,0,19,0,1,36,5,42,0,20,36,5,61,32,0,32,93
07/05/2001,YKM,WA,ANM,WE,Federal Contract Tower,0,45,28,4,77,0,3,67,2,72,0,48,95,6,149,66,2,68,217
07/06/2001,YKM,WA,ANM,WE,Federal Contract Tower,0,39,8,4,51,0,5,54,3,62,0,44,62,7,113,120,0,120,233
07/07/2001,YKM,WA,ANM,WE,Federal Contract Tower,0,27,11,2,40,0,1,56,6,63,0,28,67,8,103,84,2,86,189
07/08/2001,YKM,WA,ANM,WE,Federal Contract Tower,0,23,15,5,43,0,1,81,1,83,0,24,96,6,126,94,14,108,234
07/09/2001,YKM,WA,ANM,WE,Federal Contract Tower,4,41,11,5,61,0,5,46,5,56,4,46,57,10,117,72,0,72,189
07/10/2001,YKM,WA,ANM,WE,Federal Contract Tower,0,45,19,2,66,0,7,56,0,63,0,52,75,2,129,118,0,118,247
07/11/2001,YKM,WA,ANM,WE,Federal Contract Tower,0,44,9,8,61,0,6,87,11,104,0,50,96,19,165,68,16,84,249
07/12/2001,YKM,WA,ANM,WE,Federal Contract Tower,0,47,16,9,72,0,6,67,1,74,0,53,83,10,146,52,2,54,200
07/13/2001,YKM,WA,ANM,WE,Federal Contract Tower,0,50,27,2,79,0,1,93,4,98,0,51,120,6,177,62,0,62,239
07/14/2001,YKM,WA,ANM,WE,Federal Contract Tower,0,23,10,15,48,0,3,78,0,81,0,26,88,15,129,40,6,46,175
07/15/2001,YKM,WA,ANM,WE,Federal Contract Tower,0,21,12,7,40,0,1,40,2,43,0,22,52,9,83,55,0,55,138
07/16/2001,YKM,WA,ANM,WE,Federal Contract Tower,5,39,6,8,58,1,7,53,3,64,6,46,59,11,122,8,2,10,132
07/17/2001,YKM,WA,ANM,WE,Federal Contract Tower,0,50,32,7,89,0,4,77,5,86,0,54,109,12,175,98,18,116,291
07/18/2001,YKM,WA,ANM,WE,Federal Contract Tower,0,48,16,4,68,0,5,49,9,63,0,53,65,13,131,156,0,156,287
07/19/2001,YKM,WA,ANM,WE,Federal Contract Tower,0,40,19,8,67,0,7,76,10,93,0,47,95,18,160,54,6,60,220
07/20/2001,YKM,WA,ANM,WE,Federal Contract Tower,0,43,28,10,81,0,2,45,14,61,0,45,73,24,142,64,0,64,206
07/21/2001,YKM,WA,ANM,WE,Federal Contract Tower,0,24,19,9,52,0,3,83,9,95,0,27,102,18,147,54,0,54,201
07/22/2001,YKM,WA,ANM,WE,Federal Contract Tower,0,17,16,8,41,0,1,98,15,114,0,18,114,23,155,102,0,102,257
07/23/2001,YKM,WA,ANM,WE,Federal Contract Tower,0,42,22,19,83,0,5,55,19,79,0,47,77,38,162,24,20,44,206
07/24/2001,YKM,WA,ANM,WE,Federal Contract Tower,0,49,30,8,87,0,3,83,22,108,0,52,113,30,195,82,16,98,293
07/25/2001,YKM,WA,ANM,WE,Federal Contract Tower,0,44,19,6,69,0,4,64,10,78,0,48,83,16,147,57,0,57,204
07/26/2001,YKM,WA,ANM,WE,Federal Contract Tower,0,42,16,10,68,0,8,60,9,77,0,50,76,19,145,98,8,106,251
07/27/2001,YKM,WA,ANM,WE,Federal Contract Tower,0,43,15,14,72,0,9,56,3,68,0,52,71,17,140,42,0,42,182
07/28/2001,YKM,WA,ANM,WE,Federal Contract Tower,2,25,10,13,50,0,1,62,2,65,2,26,72,15,115,102,0,102,217
07/29/2001,YKM,WA,ANM,WE,Federal Contract Tower,0,21,13,4,38,0,0,49,0,49,0,21,62,4,87,85,0,85,172
07/30/2001,YKM,WA,ANM,WE,Federal Contract Tower,3,47,26,2,78,1,5,38,0,44,4,52,64,2,122,16,0,16,138
07/31/2001,YKM,WA,ANM,WE,Federal Contract Tower,1,46,26,5,78,0,5,55,3,63,1,51,81,8,141,46,0,46,187
08/01/2001,YKM,WA,ANM,WE,Federal Contract Tower,2,45,20,10,77,0,6,58,1,65,2,51,78,11,142,46,0,46,188
08/02/2001,YKM,WA,ANM,WE,Federal Contract Tower,2,42,27,4,75,0,1,50,4,55,2,43,77,8,130,58,0,58,188
08/03/2001,YKM,WA,ANM,WE,Federal Contract Tower,4,38,37,0,79,0,6,27,2,35,4,44,64,2,114,68,0,68,182
08/04/2001,YKM,WA,ANM,WE,Federal Contract Tower,0,27,6,2,35,0,2,46,14,62,0,29,52,16,97,60,0,60,157
08/05/2001,YKM,WA,ANM,WE,Federal Contract Tower,0,23,10,2,35,0,2,54,3,59,0,25,64,5,94,52,0,52,146
08/06/2001,YKM,WA,ANM,WE,Federal Contract Tower,0,44,13,2,59,0,0,45,0,45,0,44,58,2,104,36,0,36,140
08/07/2001,YKM,WA,ANM,WE,Federal Contract Tower,0,45,11,6,62,0,2,51,2,55,0,47,62,8,117,60,0,60,177
08/08/2001,YKM,WA,ANM,WE,Federal Contract Tower,0,46,16,4,66,0,3,66,2,71,0,49,82,6,137,62,0,62,199
08/09/2001,YKM,WA,ANM,WE,Federal Contract Tower,2,46,1,8,57,0,5,51,0,56,2,51,52,8,113,72,16,88,201
08/10/2001,YKM,WA,ANM,WE,Federal Contract Tower,2,42,11,5,60,0,7,44,1,52,2,49,55,6,112,64,4,68,180
08/11/2001,YKM,WA,ANM,WE,Federal Contract Tower,0,29,5,2,36,0,1,48,0,49,0,30,53,2,85,74,0,74,159
08/12/2001,YKM,WA,ANM,WE,Federal Contract Tower,0,19,4,4,27,0,0,58,2,60,0,19,62,6,87,16,0,16,103
08/13/2001,YKM,WA,ANM,WE,Federal Contract Tower,0,53,12,2,67,0,0,46,0,46,0,53,58,2,113,32,1,33,146
08/14/2001,YKM,WA,ANM,WE,Federal Contract Tower,2,45,23,3,73,0,2,43,3,48,2,47,66,6,121,74,0,74,195
08/15/2001,YKM,WA,ANM,WE,Federal Contract Tower,0,41,17,2,60,0,7,57,3,67,0,48,74,5,127,88,2,90,217
08/16/2001,YKM,WA,ANM,WE,Federal Contract Tower,0,40,12,5,57,0,1,65,3,69,0,41,77,8,126,42,12,54,180
08/17/2001,YKM,WA,ANM,WE,Federal Contract Tower,4,46,26,4,80,0,4,58,1,63,4,50,84,5,143,32,0,32,175
08/18/2001,YKM,WA,ANM,WE,Federal Contract Tower,0,25,10,7,42,0,1,54,0,55,0,26,64,7,97,78,0,78,175
08/19/2001,YKM,WA,ANM,WE,Federal Contract Tower,2,24,5,0,31,0,0,67,0,67,2,24,72,0,98,56,0,56,154
08/20/2001,YKM,WA,ANM,WE,Federal Contract Tower,0,48,20,0,68,0,1,58,0,59,0,49,78,0,127,62,0,62,189
08/21/2001,YKM,WA,ANM,WE,Federal Contract Tower,2,41,10,6,59,0,3,51,1,55,2,44,61,7,114,114,4,118,232
08/22/2001,YKM,WA,ANM,WE,Federal Contract Tower,0,45,20,6,71,0,1,30,2,33,0,46,50,8,104,32,0,32,136
08/23/2001,YKM,WA,ANM,WE,Federal Contract Tower,0,45,20,4,69,0,6,49,8,63,0,51,69,12,132,72,0,72,204
08/24/2001,YKM,WA,ANM,WE,Federal Contract Tower,2,43,7,4,56,0,5,76,8,89,2,48,83,12,145,56,4,60,205
08/25/2001,YKM,WA,ANM,WE,Federal Contract Tower,0,28,5,0,33,0,1,62,2,65,0,29,67,2,98,88,0,88,186
08/26/2001,YKM,WA,ANM,WE,Federal Contract Tower,0,24,16,0,40,0,0,60,2,62,0,24,76,2,102,39,2,41,143
08/27/2001,YKM,WA,ANM,WE,Federal Contract Tower,0,43,16,4,63,0,3,31,2,36,0,46,47,6,99,47,4,51,150
08/28/2001,YKM,WA,ANM,WE,Federal Contract Tower,2,45,21,0,68,0,3,64,0,67,2,48,85,0,135,243,0,243,378
08/29/2001,YKM,WA,ANM,WE,Federal Contract Tower,0,47,26,0,73,0,6,68,2,76,0,53,94,2,149,150,0,150,299
08/30/2001,YKM,WA,ANM,WE,Federal Contract Tower,2,37,23,0,62,0,7,59,2,68,2,44,82,2,130,62,0,62,192
08/31/2001,YKM,WA,ANM,WE,Federal Contract Tower,0,45,17,1,63,0,6,56,2,64,0,51,73,3,127,56,4,60,187
09/01/2001,YKM,WA,ANM,WE,Federal Contract Tower,2,29,7,2,40,0,0,32,2,34,2,29,39,4,74,30,0,30,104
09/02/2001,YKM,WA,ANM,WE,Federal Contract Tower,0,18,8,0,26,0,0,56,0,56,0,18,64,0,82,38,0,38,120
09/03/2001,YKM,WA,ANM,WE,Federal Contract Tower,0,24,18,0,42,0,0,42,8,50,0,24,60,8,92,8,0,8,100
09/04/2001,YKM,WA,ANM,WE,Federal Contract Tower,2,45,17,5,69,0,6,30,4,40,2,51,47,9,109,80,4,84,193
09/05/2001,YKM,WA,ANM,WE,Federal Contract Tower,0,47,21,0,68,0,7,45,0,52,0,54,66,0,120,48,0,48,168
09/06/2001,YKM,WA,ANM,WE,Federal Contract Tower,0,45,22,2,69,0,6,55,0,61,0,51,77,2,130,96,0,96,226
09/07/2001,YKM,WA,ANM,WE,Federal Contract Tower,2,48,18,2,70,0,2,45,0,47,2,50,63,2,117,34,0,34,151
09/08/2001,YKM,WA,ANM,WE,Federal Contract Tower,0,27,11,6,44,0,1,59,2,62,0,28,70,8,106,112,6,118,224
09/09/2001,YKM,WA,ANM,WE,Federal Contract Tower,0,22,11,4,37,0,0,42,2,44,0,22,53,6,81,78,0,78,159
09/10/2001,YKM,WA,ANM,WE,Federal Contract Tower,2,44,11,0,57,0,0,32,2,34,2,44,43,2,91,21,0,21,112
09/11/2001,YKM,WA,ANM,WE,Federal Contract Tower,0,3,0,0,3,0,0,2,0,2,0,3,2,0,5,6,0,6,11
09/12/2001,YKM,WA,ANM,WE,Federal Contract Tower,0,2,2,0,4,0,0,0,0,0,0,2,2,0,4,0,0,0,4
09/13/2001,YKM,WA,ANM,WE,Federal Contract Tower,0,20,2,1,23,0,0,0,3,3,0,20,2,4,26,0,0,0,26
09/14/2001,YKM,WA,ANM,WE,Federal Contract Tower,0,41,9,2,52,0,1,0,0,1,0,42,9,2,53,0,22,22,75
09/15/2001,YKM,WA,ANM,WE,Federal Contract Tower,0,32,10,1,43,0,0,0,1,1,0,32,10,2,44,0,0,0,44
09/16/2001,YKM,WA,ANM,WE,Federal Contract Tower,0,25,4,5,34,0,0,0,3,3,0,25,4,8,37,0,0,0,37
09/17/2001,YKM,WA,ANM,WE,Federal Contract Tower,0,48,22,2,72,0,0,4,0,4,0,48,26,2,76,0,0,0,76
09/18/2001,YKM,WA,ANM,WE,Federal Contract Tower,0,43,25,0,68,0,2,1,2,5,0,45,26,2,73,4,0,4,77
09/19/2001,YKM,WA,ANM,WE,Federal Contract Tower,0,55,27,1,83,0,3,1,3,7,0,58,28,4,90,2,0,2,92
09/20/2001,YKM,WA,ANM,WE,Federal Contract Tower,0,44,33,6,83,0,7,14,0,21,0,51,47,6,104,6,8,14,118
09/21/2001,YKM,WA,ANM,WE,Federal Contract Tower,0,40,24,6,70,0,0,38,2,40,0,40,62,8,110,8,0,8,118
09/22/2001,YKM,WA,ANM,WE,Federal Contract Tower,0,27,8,4,39,0,1,44,0,45,0,28,52,4,84,26,0,26,110
09/23/2001,YKM,WA,ANM,WE,Federal Contract Tower,0,20,10,0,30,0,0,46,0,46,0,20,56,0,76,0,0,0,76
09/24/2001,YKM,WA,ANM,WE,Federal Contract Tower,2,40,17,1,60,0,1,24,1,26,2,41,41,2,86,12,0,12,98
09/25/2001,YKM,WA,ANM,WE,Federal Contract Tower,0,44,16,3,63,0,5,48,1,54,0,49,64,4,117,8,6,14,131
09/26/2001,YKM,WA,ANM,WE,Federal Contract Tower,0,43,37,6,86,0,2,33,0,35,0,45,70,6,121,30,6,36,157
09/27/2001,YKM,WA,ANM,WE,Federal Contract Tower,2,45,24,4,75,0,1,42,2,45,2,46,66,6,120,32,24,56,176
09/28/2001,YKM,WA,ANM,WE,Federal Contract Tower,0,42,15,4,61,0,7,43,0,50,0,49,58,4,111,116,6,122,233
09/29/2001,YKM,WA,ANM,WE,Federal Contract Tower,0,21,17,0,38,0,2,44,0,46,0,23,61,0,84,84,0,84,168
09/30/2001,YKM,WA,ANM,WE,Federal Contract Tower,0,21,5,0,26,0,0,73,0,73,0,21,78,0,99,50,0,50,149
10/01/2001,YKM,WA,ANM,WE,Federal Contract Tower,0,39,15,2,56,0,3,64,2,69,0,42,79,4,125,64,0,64,189
10/02/2001,YKM,WA,ANM,WE,Federal Contract Tower,0,34,18,1,53,0,5,55,5,65,0,39,73,6,118,30,0,30,148
10/03/2001,YKM,WA,ANM,WE,Federal Contract Tower,0,35,26,0,61,0,8,64,2,74,0,43,90,2,135,64,0,64,199
10/04/2001,YKM,WA,ANM,WE,Federal Contract Tower,0,36,21,0,57,0,4,52,4,60,0,40,73,4,117,50,0,50,167
10/05/2001,YKM,WA,ANM,WE,Federal Contract Tower,1,41,18,2,62,1,4,56,0,61,2,45,74,2,123,74,1,75,198
10/06/2001,YKM,WA,ANM,WE,Federal Contract Tower,0,23,5,0,28,0,1,34,2,37,0,24,39,2,65,38,0,38,103
10/07/2001,YKM,WA,ANM,WE,Federal Contract Tower,0,21,8,1,30,0,0,44,6,50,0,21,52,7,80,84,0,84,164
10/08/2001,YKM,WA,ANM,WE,Federal Contract Tower,0,27,22,0,49,0,0,24,0,24,0,27,46,0,73,110,0,110,183
10/09/2001,YKM,WA,ANM,WE,Federal Contract Tower,2,39,24,0,65,0,4,26,4,34,2,43,50,4,99,28,0,28,127
10/10/2001,YKM,WA,ANM,WE,Federal Contract Tower,0,41,19,1,61,0,1,21,1,23,0,42,40,2,84,34,0,34,118
10/11/2001,YKM,WA,ANM,WE,Federal Contract Tower,2,39,23,1,65,0,4,40,3,47,2,43,63,4,112,34,0,34,146
10/12/2001,YKM,WA,ANM,WE,Federal Contract Tower,0,48,14,0,62,0,3,21,0,24,0,51,35,0,86,10,0,10,96
10/13/2001,YKM,WA,ANM,WE,Federal Contract Tower,0,20,6,0,26,0,3,30,2,35,0,23,36,2,61,38,0,38,99
10/14/2001,YKM,WA,ANM,WE,Federal Contract Tower,0,21,13,1,35,0,0,48,2,50,0,21,61,3,85,28,10,38,123
10/15/2001,YKM,WA,ANM,WE,Federal Contract Tower,0,39,17,0,56,0,7,50,2,59,0,46,67,2,115,64,10,74,189
10/16/2001,YKM,WA,ANM,WE,Federal Contract Tower,2,38,15,0,55,0,5,42,2,49,2,43,57,2,104,18,0,18,122
10/17/2001,YKM,WA,ANM,WE,Federal Contract Tower,0,39,19,7,65,0,4,34,1,39,0,43,53,8,104,40,10,50,154
10/18/2001,YKM,WA,ANM,WE,Federal Contract Tower,0,44,15,6,65,0,1,30,0,31,0,45,45,6,96,58,0,58,154
10/19/2001,YKM,WA,ANM,WE,Federal Contract Tower,0,43,9,0,52,0,1,18,3,22,0,44,27,3,74,46,0,46,120
10/20/2001,YKM,WA,ANM,WE,Federal Contract Tower,0,23,10,0,33,0,3,195,3,201,0,26,205,3,234,128,0,128,362
10/21/2001,YKM,WA,ANM,WE,Federal Contract Tower,0,17,13,0,30,0,0,29,0,29,0,17,42,0,59,32,0,32,91
10/22/2001,YKM,WA,ANM,WE,Federal Contract Tower,0,34,16,1,51,4,4,11,1,20,4,38,27,2,71,37,2,39,110
10/23/2001,YKM,WA,ANM,WE,Federal Contract Tower,0,36,7,2,45,0,4,10,0,14,0,40,17,2,59,2,0,2,61
10/24/2001,YKM,WA,ANM,WE,Federal Contract Tower,0,44,13,0,57,0,0,21,2,23,0,44,34,2,80,58,0,58,138
10/25/2001,YKM,WA,ANM,WE,Federal Contract Tower,0,36,26,3,65,0,6,28,1,35,0,42,54,4,100,44,0,44,144
10/26/2001,YKM,WA,ANM,WE,Federal Contract Tower,2,36,19,0,57,0,5,39,0,44,2,41,58,0,101,28,0,28,129
10/27/2001,YKM,WA,ANM,WE,Federal Contract Tower,0,28,2,1,31,0,0,13,0,13,0,28,15,1,44,68,0,68,112
10/28/2001,YKM,WA,ANM,WE,Federal Contract Tower,0,18,14,1,33,0,0,65,3,68,0,18,79,4,101,30,0,30,131
10/29/2001,YKM,WA,ANM,WE,Federal Contract Tower,1,44,15,5,65,0,0,22,3,25,1,44,37,8,90,6,24,30,120
10/30/2001,YKM,WA,ANM,WE,Federal Contract Tower,2,41,20,6,69,0,0,2,0,2,2,41,22,6,71,8,0,8,79
10/31/2001,YKM,WA,ANM,WE,Federal Contract Tower,2,40,18,2,62,0,3,15,0,18,2,43,33,2,80,42,2,44,124
11/01/2001,YKM,WA,ANM,WE,Federal Contract Tower,0,35,18,7,60,0,2,40,1,43,0,37,58,8,103,42,4,46,149
11/02/2001,YKM,WA,ANM,WE,Federal Contract Tower,0,32,12,8,52,0,2,42,1,45,0,34,54,9,97,38,16,54,151
11/03/2001,YKM,WA,ANM,WE,Federal Contract Tower,0,14,10,5,29,0,0,76,5,81,0,14,86,10,110,76,0,76,186
11/04/2001,YKM,WA,ANM,WE,Federal Contract Tower,0,11,11,5,27,0,0,8,0,8,0,11,19,5,35,46,0,46,81
11/05/2001,YKM,WA,ANM,WE,Federal Contract Tower,0,33,20,5,58,0,1,25,1,27,0,34,45,6,85,46,0,46,131
11/06/2001,YKM,WA,ANM,WE,Federal Contract Tower,0,33,21,0,54,0,1,33,0,34,0,34,54,0,88,46,0,46,134
11/07/2001,YKM,WA,ANM,WE,Federal Contract Tower,0,32,21,1,54,0,2,46,1,49,0,34,67,2,103,98,0,98,201
11/08/2001,YKM,WA,ANM,WE,Federal Contract Tower,2,35,30,2,69,0,2,43,2,47,2,37,73,4,116,114,0,114,230
11/09/2001,YKM,WA,ANM,WE,Federal Contract Tower,2,39,23,0,64,0,0,20,2,22,2,39,43,2,86,152,0,152,238
11/10/2001,YKM,WA,ANM,WE,Federal Contract Tower,0,16,12,0,28,0,0,31,2,33,0,16,43,2,61,94,0,94,155
11/11/2001,YKM,WA,ANM,WE,Federal Contract Tower,0,9,13,0,22,0,1,20,0,21,0,10,33,0,43,56,0,56,99
11/12/2001,YKM,WA,ANM,WE,Federal Contract Tower,0,25,21,0,46,0,1,12,0,13,0,26,33,0,59,46,0,46,105
11/13/2001,YKM,WA,ANM,WE,Federal Contract Tower,0,35,11,0,46,0,2,17,0,19,0,37,28,0,65,38,0,38,103
11/14/2001,YKM,WA,ANM,WE,Federal Contract Tower,0,37,16,2,55,0,3,8,0,11,0,40,24,2,66,14,0,14,80
11/15/2001,YKM,WA,ANM,WE,Federal Contract Tower,0,32,18,3,53,0,2,35,1,38,0,34,53,4,91,80,0,80,171
11/16/2001,YKM,WA,ANM,WE,Federal Contract Tower,2,31,31,0,64,0,4,12,0,16,2,35,43,0,80,28,0,28,108
11/17/2001,YKM,WA,ANM,WE,Federal Contract Tower,0,14,16,0,30,0,1,81,2,84,0,15,97,2,114,96,0,96,210
11/18/2001,YKM,WA,ANM,WE,Federal Contract Tower,0,9,10,3,22,0,0,39,3,42,0,9,49,6,64,54,4,58,122
11/19/2001,YKM,WA,ANM,WE,Federal Contract Tower,0,35,14,0,49,0,0,7,2,9,0,35,21,2,58,0,0,0,58
11/20/2001,YKM,WA,ANM,WE,Federal Contract Tower,4,35,20,8,67,0,0,27,2,29,4,35,47,10,96,54,0,54,150
11/21/2001,YKM,WA,ANM,WE,Federal Contract Tower,0,32,14,0,46,0,2,3,0,5,0,34,17,0,51,4,0,4,55
11/22/2001,YKM,WA,ANM,WE,Federal Contract Tower,0,9,4,0,13,0,0,0,0,0,0,9,4,0,13,0,0,0,13
11/23/2001,YKM,WA,ANM,WE,Federal Contract Tower,0,28,10,0,38,0,3,38,0,41,0,31,48,0,79,20,0,20,99
11/24/2001,YKM,WA,ANM,WE,Federal Contract Tower,0,15,1,0,16,0,1,10,0,11,0,16,11,0,27,0,0,0,27
11/25/2001,YKM,WA,ANM,WE,Federal Contract Tower,0,11,10,0,21,0,0,16,0,16,0,11,26,0,37,16,0,16,53
11/26/2001,YKM,WA,ANM,WE,Federal Contract Tower,0,33,13,3,49,0,3,37,1,41,0,36,50,4,90,46,0,46,136
11/27/2001,YKM,WA,ANM,WE,Federal Contract Tower,2,34,22,6,64,0,3,23,2,28,2,37,45,8,92,68,0,68,160
11/28/2001,YKM,WA,ANM,WE,Federal Contract Tower,0,30,4,2,36,0,0,0,1,1,0,30,4,3,37,3,0,3,40
11/29/2001,YKM,WA,ANM,WE,Federal Contract Tower,2,37,23,3,65,0,2,5,0,7,2,39,28,3,72,14,6,20,92
11/30/2001,YKM,WA,ANM,WE,Federal Contract Tower,2,38,22,0,62,0,1,0,0,1,2,39,22,0,63,6,0,6,69
12/01/2001,YKM,WA,ANM,WE,Federal Contract Tower,2,13,3,0,18,0,0,8,2,10,2,13,11,2,28,58,0,58,86
12/02/2001,YKM,WA,ANM,WE,Federal Contract Tower,1,11,5,2,19,0,0,8,0,8,1,11,13,2,27,16,0,16,43
12/03/2001,YKM,WA,ANM,WE,Federal Contract Tower,2,27,14,0,43,0,0,14,2,16,2,27,28,2,59,33,0,33,92
12/04/2001,YKM,WA,ANM,WE,Federal Contract Tower,0,32,8,0,40,0,4,16,2,22,0,36,24,2,62,10,0,10,72
12/05/2001,YKM,WA,ANM,WE,Federal Contract Tower,0,33,19,2,54,0,2,11,0,13,0,35,30,2,67,34,0,34,101
12/06/2001,YKM,WA,ANM,WE,Federal Contract Tower,0,26,14,2,42,0,2,0,0,2,0,28,14,2,44,21,0,21,65
12/07/2001,YKM,WA,ANM,WE,Federal Contract Tower,0,32,20,0,52,0,2,43,0,45,0,34,63,0,97,30,0,30,127
12/08/2001,YKM,WA,ANM,WE,Federal Contract Tower,0,14,5,0,19,0,0,27,2,29,0,14,32,2,48,64,0,64,112
12/09/2001,YKM,WA,ANM,WE,Federal Contract Tower,0,11,9,0,20,0,0,19,0,19,0,11,28,0,39,34,0,34,73
12/10/2001,YKM,WA,ANM,WE,Federal Contract Tower,0,39,11,0,50,0,0,1,0,1,0,39,12,0,51,0,0,0,51
12/11/2001,YKM,WA,ANM,WE,Federal Contract Tower,0,36,22,4,62,0,0,0,2,2,0,36,22,6,64,24,4,28,92
12/12/2001,YKM,WA,ANM,WE,Federal Contract Tower,0,38,35,4,77,0,0,3,0,3,0,38,38,4,80,4,0,4,84
12/13/2001,YKM,WA,ANM,WE,Federal Contract Tower,2,38,17,0,57,0,0,17,0,17,2,38,34,0,74,102,0,102,176
12/14/2001,YKM,WA,ANM,WE,Federal Contract Tower,2,32,12,0,46,0,4,21,0,25,2,36,33,0,71,16,0,16,87
12/15/2001,YKM,WA,ANM,WE,Federal Contract Tower,0,16,0,2,18,0,0,14,0,14,0,16,14,2,32,76,0,76,108
12/16/2001,YKM,WA,ANM,WE,Federal Contract Tower,0,14,4,0,18,0,0,13,0,13,0,14,17,0,31,0,0,0,31
12/17/2001,YKM,WA,ANM,WE,Federal Contract Tower,8,32,19,2,61,0,4,35,2,41,8,36,54,4,102,89,4,93,195
12/18/2001,YKM,WA,ANM,WE,Federal Contract Tower,0,39,5,2,46,0,0,0,0,0,0,39,5,2,46,0,0,0,46
12/19/2001,YKM,WA,ANM,WE,Federal Contract Tower,0,42,19,0,61,0,2,7,0,9,0,44,26,0,70,20,0,20,90
12/20/2001,YKM,WA,ANM,WE,Federal Contract Tower,0,40,13,2,55,0,2,19,0,21,0,42,32,2,76,52,0,52,128
12/21/2001,YKM,WA,ANM,WE,Federal Contract Tower,0,40,26,4,70,0,0,4,0,4,0,40,30,4,74,26,0,26,100
12/22/2001,YKM,WA,ANM,WE,Federal Contract Tower,0,16,5,0,21,0,0,1,0,1,0,16,6,0,22,14,0,14,36
12/23/2001,YKM,WA,ANM,WE,Federal Contract Tower,0,11,7,0,18,0,0,27,0,27,0,11,34,0,45,80,0,80,125
12/24/2001,YKM,WA,ANM,WE,Federal Contract Tower,0,32,3,0,35,0,1,3,2,6,0,33,6,2,41,30,0,30,71
12/25/2001,YKM,WA,ANM,WE,Federal Contract Tower,0,11,4,0,15,0,0,0,0,0,0,11,4,0,15,4,0,4,19
12/26/2001,YKM,WA,ANM,WE,Federal Contract Tower,0,40,8,0,48,0,1,12,0,13,0,41,20,0,61,54,0,54,115
12/27/2001,YKM,WA,ANM,WE,Federal Contract Tower,0,29,14,1,44,0,3,13,1,17,0,32,27,2,61,16,0,16,77
12/28/2001,YKM,WA,ANM,WE,Federal Contract Tower,0,32,11,2,45,0,0,0,0,0,0,32,11,2,45,12,0,12,57
12/29/2001,YKM,WA,ANM,WE,Federal Contract Tower,0,18,6,0,24,0,0,4,0,4,0,18,10,0,28,48,0,48,76
12/30/2001,YKM,WA,ANM,WE,Federal Contract Tower,0,13,6,0,19,0,0,4,0,4,0,13,10,0,23,0,0,0,23
12/31/2001,YKM,WA,ANM,WE,Federal Contract Tower,0,32,4,0,36,0,0,3,0,3,0,32,7,0,39,22,0,22,61
01/01/2002,YKM,WA,ANM,WE,Federal Contract Tower,0,9,11,0,20,0,0,15,0,15,0,9,26,0,35,56,0,56,91
01/02/2002,YKM,WA,ANM,WE,Federal Contract Tower,0,36,13,0,49,0,0,1,0,1,0,36,14,0,50,10,0,10,60
01/03/2002,YKM,WA,ANM,WE,Federal Contract Tower,2,38,14,9,63,0,0,0,0,0,2,38,14,9,63,8,10,18,81
01/04/2002,YKM,WA,ANM,WE,Federal Contract Tower,0,38,12,0,50,0,0,0,0,0,0,38,12,0,50,0,0,0,50
01/05/2002,YKM,WA,ANM,WE,Federal Contract Tower,2,17,6,3,28,0,0,2,3,5,2,17,8,6,33,0,0,0,33
01/06/2002,YKM,WA,ANM,WE,Federal Contract Tower,0,11,2,1,14,0,0,0,1,1,0,11,2,2,15,0,0,0,15
01/07/2002,YKM,WA,ANM,WE,Federal Contract Tower,4,38,4,1,47,0,1,24,5,30,4,39,28,6,77,30,2,32,109
01/08/2002,YKM,WA,ANM,WE,Federal Contract Tower,0,31,11,10,52,0,4,31,3,38,0,35,42,13,90,28,2,30,120
01/09/2002,YKM,WA,ANM,WE,Federal Contract Tower,0,34,12,5,51,0,3,68,1,72,0,37,80,6,123,54,4,58,181
01/10/2002,YKM,WA,ANM,WE,Federal Contract Tower,0,37,18,6,61,0,2,15,0,17,0,39,33,6,78,84,2,86,164
01/11/2002,YKM,WA,ANM,WE,Federal Contract Tower,0,40,24,0,64,0,2,33,0,35,0,42,57,0,99,34,0,34,133
01/12/2002,YKM,WA,ANM,WE,Federal Contract Tower,0,18,2,0,20,0,1,5,2,8,0,19,7,2,28,11,0,11,39
01/13/2002,YKM,WA,ANM,WE,Federal Contract Tower,0,12,9,0,21,0,0,43,0,43,0,12,52,0,64,21,0,21,85
01/14/2002,YKM,WA,ANM,WE,Federal Contract Tower,0,16,7,1,24,0,24,64,1,89,0,40,71,2,113,82,0,82,195
01/15/2002,YKM,WA,ANM,WE,Federal Contract Tower,0,33,16,9,58,0,5,29,1,35,0,38,45,10,93,38,10,48,141
01/16/2002,YKM,WA,ANM,WE,Federal Contract Tower,0,33,22,10,65,0,2,41,0,43,0,35,63,10,108,34,52,86,194
01/17/2002,YKM,WA,ANM,WE,Federal Contract Tower,4,35,13,2,54,0,3,32,0,35,4,38,45,2,89,90,0,90,179
01/18/2002,YKM,WA,ANM,WE,Federal Contract Tower,2,37,19,0,58,0,3,31,2,36,2,40,50,2,94,66,0,66,160
01/19/2002,YKM,WA,ANM,WE,Federal Contract Tower,0,21,7,4,32,0,0,33,4,37,0,21,40,8,69,42,12,54,123
01/20/2002,YKM,WA,ANM,WE,Federal Contract Tower,0,11,8,0,19,0,1,4,0,5,0,12,12,0,24,0,0,0,24
01/21/2002,YKM,WA,ANM,WE,Federal Contract Tower,0,24,21,0,45,0,1,20,0,21,0,25,41,0,66,12,0,12,78
01/22/2002,YKM,WA,ANM,WE,Federal Contract Tower,0,30,19,2,51,0,9,14,6,29,0,39,33,8,80,22,0,22,102
01/23/2002,YKM,WA,ANM,WE,Federal Contract Tower,2,34,14,6,56,0,5,24,2,31,2,39,38,8,87,30,4,34,121
01/24/2002,YKM,WA,ANM,WE,Federal Contract Tower,2,35,6,0,43,0,7,17,1,25,2,42,23,1,68,2,0,2,70
01/25/2002,YKM,WA,ANM,WE,Federal Contract Tower,2,33,16,0,51,0,6,16,0,22,2,39,32,0,73,30,0,30,103
01/26/2002,YKM,WA,ANM,WE,Federal Contract Tower,0,18,11,0,29,0,0,17,0,17,0,18,28,0,46,42,0,42,88
01/27/2002,YKM,WA,ANM,WE,Federal Contract Tower,0,11,3,0,14,0,0,34,0,34,0,11,37,0,48,58,0,58,106
01/28/2002,YKM,WA,ANM,WE,Federal Contract Tower,2,32,21,4,59,0,11,25,2,38,2,43,46,6,97,34,0,34,131
01/29/2002,YKM,WA,ANM,WE,Federal Contract Tower,0,34,17,3,54,0,4,23,1,28,0,38,40,4,82,14,0,14,96
01/30/2002,YKM,WA,ANM,WE,Federal Contract Tower,0,38,12,6,56,0,1,21,0,22,0,39,33,6,78,16,0,16,94
01/31/2002,YKM,WA,ANM,WE,Federal Contract Tower,0,36,16,2,54,0,1,17,0,18,0,37,33,2,72,48,4,52,124
02/01/2002,YKM,WA,ANM,WE,Federal Contract Tower,0,34,26,3,63,0,7,54,1,62,0,41,80,4,125,48,9,57,182
02/02/2002,YKM,WA,ANM,WE,Federal Contract Tower,0,14,12,2,28,0,2,56,6,64,0,16,68,8,92,80,0,80,172
02/03/2002,YKM,WA,ANM,WE,Federal Contract Tower,0,13,4,2,19,0,1,11,0,12,0,14,15,2,31,12,0,12,43
02/04/2002,YKM,WA,ANM,WE,Federal Contract Tower,0,33,18,10,61,0,4,26,0,30,0,37,44,10,91,52,38,90,181
02/05/2002,YKM,WA,ANM,WE,Federal Contract Tower,6,39,16,8,69,0,6,22,0,28,6,45,38,8,97,44,48,92,189
02/06/2002,YKM,WA,ANM,WE,Federal Contract Tower,0,44,32,0,76,0,0,16,2,18,0,44,48,2,94,20,2,22,116
02/07/2002,YKM,WA,ANM,WE,Federal Contract Tower,0,39,20,4,63,0,0,9,2,11,0,39,29,6,74,40,0,40,114
02/08/2002,YKM,WA,ANM,WE,Federal Contract Tower,0,33,25,0,58,0,7,21,2,30,0,40,46,2,88,37,0,37,125
02/09/2002,YKM,WA,ANM,WE,Federal Contract Tower,0,18,10,1,29,0,0,70,1,71,0,18,80,2,100,156,0,156,256
02/10/2002,YKM,WA,ANM,WE,Federal Contract Tower,0,15,9,0,24,0,0,35,2,37,0,15,44,2,61,53,0,53,114
02/11/2002,YKM,WA,ANM,WE,Federal Contract Tower,0,31,17,3,51,0,2,37,1,40,0,33,54,4,91,85,0,85,176
02/12/2002,YKM,WA,ANM,WE,Federal Contract Tower,2,36,23,4,65,0,5,48,0,53,2,41,71,4,118,76,0,76,194
02/13/2002,YKM,WA,ANM,WE,Federal Contract Tower,2,37,31,7,77,0,4,35,4,43,2,41,66,11,120,34,0,34,154
02/14/2002,YKM,WA,ANM,WE,Federal Contract Tower,0,36,24,0,60,0,5,50,0,55,0,41,74,0,115,40,0,40,155
02/15/2002,YKM,WA,ANM,WE,Federal Contract Tower,0,35,17,0,52,0,5,67,2,74,0,40,84,2,126,12,0,12,138
02/16/2002,YKM,WA,ANM,WE,Federal Contract Tower,0,17,10,0,27,0,1,34,0,35,0,18,44,0,62,102,0,102,164
02/17/2002,YKM,WA,ANM,WE,Federal Contract Tower,0,14,8,0,22,0,0,26,2,28,0,14,34,2,50,32,0,32,82
02/18/2002,YKM,WA,ANM,WE,Federal Contract Tower,3,23,17,0,43,0,0,46,2,48,3,23,63,2,91,106,0,106,197
02/19/2002,YKM,WA,ANM,WE,Federal Contract Tower,0,33,9,2,44,0,5,21,0,26,0,38,30,2,70,24,0,24,94
02/20/2002,YKM,WA,ANM,WE,Federal Contract Tower,2,40,25,7,74,0,3,33,0,36,2,43,58,7,110,28,8,36,146
02/21/2002,YKM,WA,ANM,WE,Federal Contract Tower,0,37,21,2,60,0,1,6,0,7,0,38,27,2,67,26,10,36,103
02/22/2002,YKM,WA,ANM,WE,Federal Contract Tower,2,34,20,5,61,0,1,25,1,27,2,35,45,6,88,26,0,26,114
02/23/2002,YKM,WA,ANM,WE,Federal Contract Tower,0,18,7,0,25,0,3,25,0,28,0,21,32,0,53,88,0,88,141
02/24/2002,YKM,WA,ANM,WE,Federal Contract Tower,0,18,13,0,31,0,0,36,0,36,0,18,49,0,67,72,0,72,139
02/25/2002,YKM,WA,ANM,WE,Federal Contract Tower,0,35,18,2,55,0,4,42,0,46,0,39,60,2,101,63,0,63,164
02/26/2002,YKM,WA,ANM,WE,Federal Contract Tower,0,31,23,11,65,0,7,38,4,49,0,38,61,15,114,46,4,50,164
02/27/2002,YKM,WA,ANM,WE,Federal Contract Tower,0,44,27,2,73,0,2,60,2,64,0,46,87,4,137,120,0,120,257
02/28/2002,YKM,WA,ANM,WE,Federal Contract Tower,2,40,28,0,70,0,2,58,0,60,2,42,86,0,130,58,0,58,188
03/01/2002,YKM,WA,ANM,WE,Federal Contract Tower,2,34,17,0,53,0,4,62,4,70,2,38,79,4,123,52,0,52,175
03/02/2002,YKM,WA,ANM,WE,Federal Contract Tower,0,19,16,6,41,0,3,73,6,82,0,22,89,12,123,84,0,84,207
03/03/2002,YKM,WA,ANM,WE,Federal Contract Tower,0,13,13,0,26,0,0,58,2,60,0,13,71,2,86,70,0,70,156
03/04/2002,YKM,WA,ANM,WE,Federal Contract Tower,2,33,10,2,47,0,2,36,5,43,2,35,46,7,90,32,12,44,134
03/05/2002,YKM,WA,ANM,WE,Federal Contract Tower,2,35,12,1,50,0,4,12,1,17,2,39,24,2,67,28,0,28,95
03/06/2002,YKM,WA,ANM,WE,Federal Contract Tower,2,42,17,3,64,0,0,4,1,5,2,42,21,4,69,4,8,12,81
03/07/2002,YKM,WA,ANM,WE,Federal Contract Tower,0,39,20,5,64,0,2,8,1,11,0,41,28,6,75,44,0,44,119
03/08/2002,YKM,WA,ANM,WE,Federal Contract Tower,1,33,17,2,53,1,9,46,0,56,2,42,63,2,109,72,0,72,181
03/09/2002,YKM,WA,ANM,WE,Federal Contract Tower,0,20,5,0,25,0,1,23,0,24,0,21,28,0,49,42,0,42,91
03/10/2002,YKM,WA,ANM,WE,Federal Contract Tower,0,17,14,3,34,0,0,25,1,26,0,17,39,4,60,63,0,63,123
03/11/2002,YKM,WA,ANM,WE,Federal Contract Tower,2,37,10,0,49,0,4,13,0,17,2,41,23,0,66,18,0,18,84
03/12/2002,YKM,WA,ANM,WE,Federal Contract Tower,0,36,12,2,50,0,2,12,6,20,0,38,24,8,70,62,2,64,134
03/13/2002,YKM,WA,ANM,WE,Federal Contract Tower,0,40,14,3,57,0,4,32,0,36,0,44,46,3,93,78,0,78,171
03/14/2002,YKM,WA,ANM,WE,Federal Contract Tower,2,37,27,9,75,0,3,28,0,31,2,40,55,9,106,106,6,112,218
03/15/2002,YKM,WA,ANM,WE,Federal Contract Tower,1,39,22,3,65,1,0,15,2,18,2,39,37,5,83,38,0,38,121
03/16/2002,YKM,WA,ANM,WE,Federal Contract Tower,0,18,12,0,30,0,0,19,4,23,0,18,31,4,53,22,0,22,75
03/17/2002,YKM,WA,ANM,WE,Federal Contract Tower,2,12,15,0,29,0,2,20,0,22,2,14,35,0,51,10,0,10,61
03/18/2002,YKM,WA,ANM,WE,Federal Contract Tower,0,31,16,5,52,0,2,4,1,7,0,33,20,6,59,8,2,10,69
03/19/2002,YKM,WA,ANM,WE,Federal Contract Tower,4,42,14,0,60,0,0,6,0,6,4,42,20,0,66,60,0,60,126
03/20/2002,YKM,WA,ANM,WE,Federal Contract Tower,0,48,28,4,80,0,0,10,0,10,0,48,38,4,90,12,0,12,102
03/21/2002,YKM,WA,ANM,WE,Federal Contract Tower,2,42,29,0,73,0,0,10,0,10,2,42,39,0,83,94,0,94,177
03/22/2002,YKM,WA,ANM,WE,Federal Contract Tower,0,43,33,2,78,0,3,36,7,46,0,46,69,9,124,54,0,54,178
03/23/2002,YKM,WA,ANM,WE,Federal Contract Tower,0,19,7,2,28,0,1,43,0,44,0,20,50,2,72,84,0,84,156
03/24/2002,YKM,WA,ANM,WE,Federal Contract Tower,0,14,11,3,28,0,0,27,5,32,0,14,38,8,60,51,0,51,111
03/25/2002,YKM,WA,ANM,WE,Federal Contract Tower,4,36,15,0,55,0,5,57,2,64,4,41,72,2,119,58,0,58,177
03/26/2002,YKM,WA,ANM,WE,Federal Contract Tower,2,41,11,2,56,0,1,36,4,41,2,42,47,6,97,70,10,80,177
03/27/2002,YKM,WA,ANM,WE,Federal Contract Tower,0,32,24,8,64,0,5,14,0,19,0,37,38,8,83,8,2,10,93
03/28/2002,YKM,WA,ANM,WE,Federal Contract Tower,0,34,17,8,59,0,3,31,0,34,0,37,48,8,93,24,14,38,131
03/29/2002,YKM,WA,ANM,WE,Federal Contract Tower,2,37,24,0,63,0,0,43,0,43,2,37,67,0,106,42,0,42,148
03/30/2002,YKM,WA,ANM,WE,Federal Contract Tower,0,20,6,0,26,0,2,50,2,54,0,22,56,2,80,54,0,54,134
03/31/2002,YKM,WA,ANM,WE,Federal Contract Tower,0,12,8,0,20,0,0,49,0,49,0,12,57,0,69,12,2,14,83
04/01/2002,YKM,WA,ANM,WE,Federal Contract Tower,0,34,7,4,45,0,3,23,0,26,0,37,30,4,71,6,0,6,77
04/02/2002,YKM,WA,ANM,WE,Federal Contract Tower,0,32,21,0,53,0,6,44,2,52,0,38,65,2,105,28,0,28,133
04/03/2002,YKM,WA,ANM,WE,Federal Contract Tower,0,34,19,2,55,0,3,74,0,77,0,37,93,2,132,46,0,46,178
04/04/2002,YKM,WA,ANM,WE,Federal Contract Tower,0,33,20,11,64,0,7,48,3,58,0,40,68,14,122,54,6,60,182
04/05/2002,YKM,WA,ANM,WE,Federal Contract Tower,0,31,34,1,66,0,5,33,4,42,0,36,67,5,108,50,0,50,158
04/06/2002,YKM,WA,ANM,WE,Federal Contract Tower,2,18,15,0,35,0,4,18,4,26,2,22,33,4,61,34,0,34,95
04/07/2002,YKM,WA,ANM,WE,Federal Contract Tower,0,17,12,2,31,0,4,34,4,42,0,21,46,6,73,59,0,59,132
04/08/2002,YKM,WA,ANM,WE,Federal Contract Tower,0,28,12,2,42,0,5,50,2,57,0,33,62,4,99,32,6,38,137
04/09/2002,YKM,WA,ANM,WE,Federal Contract Tower,6,33,28,2,69,0,5,15,0,20,6,38,43,2,89,48,0,48,137
04/10/2002,YKM,WA,ANM,WE,Federal Contract Tower,0,38,33,7,78,0,2,30,3,35,0,40,63,10,113,24,0,24,137
04/11/2002,YKM,WA,ANM,WE,Federal Contract Tower,2,35,30,0,67,0,5,30,2,37,2,40,60,2,104,22,2,24,128
04/12/2002,YKM,WA,ANM,WE,Federal Contract Tower,2,39,31,2,74,1,0,15,0,16,3,39,46,2,90,62,0,62,152
04/13/2002,YKM,WA,ANM,WE,Federal Contract Tower,2,15,7,4,28,0,1,8,0,9,2,16,15,4,37,16,0,16,53
04/14/2002,YKM,WA,ANM,WE,Federal Contract Tower,0,14,8,0,22,0,0,11,0,11,0,14,19,0,33,6,0,6,39
04/15/2002,YKM,WA,ANM,WE,Federal Contract Tower,0,40,16,0,56,0,6,13,4,23,0,46,29,4,79,38,0,38,117
04/16/2002,YKM,WA,ANM,WE,Federal Contract Tower,2,35,19,4,60,0,4,11,0,15,2,39,30,4,75,66,10,76,151
04/17/2002,YKM,WA,ANM,WE,Federal Contract Tower,2,36,18,5,61,0,4,20,1,25,2,40,38,6,86,44,4,48,134
04/18/2002,YKM,WA,ANM,WE,Federal Contract Tower,0,38,20,1,59,0,1,32,3,36,0,39,52,4,95,62,0,62,157
04/19/2002,YKM,WA,ANM,WE,Federal Contract Tower,0,36,24,0,60,0,3,53,0,56,0,39,77,0,116,44,0,44,160
04/20/2002,YKM,WA,ANM,WE,Federal Contract Tower,0,18,11,5,34,0,0,72,3,75,0,18,83,8,109,96,0,96,205
04/21/2002,YKM,WA,ANM,WE,Federal Contract Tower,0,14,13,0,27,0,0,34,0,34,0,14,47,0,61,43,0,43,104
04/22/2002,YKM,WA,ANM,WE,Federal Contract Tower,4,36,8,13,61,0,1,22,1,24,4,37,30,14,85,12,0,12,97
04/23/2002,YKM,WA,ANM,WE,Federal Contract Tower,2,36,7,10,55,0,5,42,0,47,2,41,49,10,102,22,0,22,124
04/24/2002,YKM,WA,ANM,WE,Federal Contract Tower,2,39,16,4,61,0,7,61,8,76,2,46,77,12,137,130,8,138,275
04/25/2002,YKM,WA,ANM,WE,Federal Contract Tower,2,35,21,13,71,0,5,72,5,82,2,40,93,18,153,64,8,72,225
04/26/2002,YKM,WA,ANM,WE,Federal Contract Tower,0,36,22,7,65,0,7,33,5,45,0,43,55,12,110,40,12,52,162
04/27/2002,YKM,WA,ANM,WE,Federal Contract Tower,0,18,11,0,29,0,0,50,2,52,0,18,61,2,81,171,0,171,252
04/28/2002,YKM,WA,ANM,WE,Federal Contract Tower,0,13,16,0,29,0,0,56,2,58,0,13,72,2,87,94,0,94,181
04/29/2002,YKM,WA,ANM,WE,Federal Contract Tower,0,34,16,2,52,0,3,42,4,49,0,37,58,6,101,40,0,40,141
04/30/2002,YKM,WA,ANM,WE,Federal Contract Tower,6,32,14,2,54,0,5,46,8,59,6,37,60,10,113,24,0,24,137
05/01/2002,YKM,WA,ANM,WE,Federal Contract Tower,0,37,16,0,53,0,4,53,4,61,0,41,69,4,114,46,0,46,160
05/02/2002,YKM,WA,ANM,WE,Federal Contract Tower,0,33,21,0,54,0,3,37,0,40,0,36,58,0,94,16,0,16,110
05/03/2002,YKM,WA,ANM,WE,Federal Contract Tower,2,37,14,0,53,0,5,33,0,38,2,42,47,0,91,46,0,46,137
05/04/2002,YKM,WA,ANM,WE,Federal Contract Tower,0,14,7,1,22,0,5,35,2,42,0,19,42,3,64,10,0,10,74
05/05/2002,YKM,WA,ANM,WE,Federal Contract Tower,0,13,9,7,29,0,0,15,0,15,0,13,24,7,44,31,0,31,75
05/06/2002,YKM,WA,ANM,WE,Federal Contract Tower,0,36,23,4,63,0,1,29,3,33,0,37,52,7,96,65,9,74,170
05/07/2002,YKM,WA,ANM,WE,Federal Contract Tower,0,38,6,8,52,0,3,30,0,33,0,41,36,8,85,36,0,36,121
05/08/2002,YKM,WA,ANM,WE,Federal Contract Tower,3,33,26,3,65,2,2,64,1,69,5,35,90,4,134,88,2,90,224
05/09/2002,YKM,WA,ANM,WE,Federal Contract Tower,0,37,27,10,74,0,4,51,0,55,0,41,78,10,129,34,30,64,193
05/10/2002,YKM,WA,ANM,WE,Federal Contract Tower,0,39,32,4,75,0,5,60,0,65,0,44,92,4,140,32,0,32,172
05/11/2002,YKM,WA,ANM,WE,Federal Contract Tower,0,19,12,2,33,0,2,74,2,78,0,21,86,4,111,97,2,99,210
05/12/2002,YKM,WA,ANM,WE,Federal Contract Tower,0,11,20,0,31,0,0,57,0,57,0,11,77,0,88,27,0,27,115
05/13/2002,YKM,WA,ANM,WE,Federal Contract Tower,0,33,10,1,44,0,2,25,1,28,0,35,35,2,72,0,0,0,72
05/14/2002,YKM,WA,ANM,WE,Federal Contract Tower,0,37,8,4,49,0,4,50,0,54,0,41,58,4,103,40,4,44,147
05/15/2002,YKM,WA,ANM,WE,Federal Contract Tower,0,36,19,7,62,0,5,48,1,54,0,41,67,8,116,56,12,68,184
05/16/2002,YKM,WA,ANM,WE,Federal Contract Tower,0,33,23,7,63,0,5,43,0,48,0,38,66,7,111,29,20,49,160
05/17/2002,YKM,WA,ANM,WE,Federal Contract Tower,4,32,30,0,66,0,8,45,0,53,4,40,75,0,119,70,0,70,189
05/18/2002,YKM,WA,ANM,WE,Federal Contract Tower,0,19,12,0,31,0,0,42,0,42,0,19,54,0,73,42,0,42,115
05/19/2002,YKM,WA,ANM,WE,Federal Contract Tower,0,16,15,1,32,0,0,22,0,22,0,16,37,1,54,59,0,59,113
05/20/2002,YKM,WA,ANM,WE,Federal Contract Tower,0,28,18,2,48,0,9,28,4,41,0,37,46,6,89,52,8,60,149
05/21/2002,YKM,WA,ANM,WE,Federal Contract Tower,0,33,13,2,48,0,4,54,2,60,0,37,67,4,108,80,0,80,188
05/22/2002,YKM,WA,ANM,WE,Federal Contract Tower,2,38,19,3,62,0,2,46,1,49,2,40,65,4,111,30,4,34,145
05/23/2002,YKM,WA,ANM,WE,Federal Contract Tower,2,42,25,2,71,0,2,58,1,61,2,44,83,3,132,102,0,102,234
05/24/2002,YKM,WA,ANM,WE,Federal Contract Tower,0,30,26,0,56,0,8,72,0,80,0,38,98,0,136,52,0,52,188
05/25/2002,YKM,WA,ANM,WE,Federal Contract Tower,2,19,13,0,34,0,0,45,0,45,2,19,58,0,79,66,0,66,145
05/26/2002,YKM,WA,ANM,WE,Federal Contract Tower,0,11,5,0,16,0,0,21,0,21,0,11,26,0,37,9,0,9,46
05/27/2002,YKM,WA,ANM,WE,Federal Contract Tower,0,15,18,0,33,0,0,44,4,48,0,15,62,4,81,28,0,28,109
05/28/2002,YKM,WA,ANM,WE,Federal Contract Tower,0,36,20,0,56,0,1,31,0,32,0,37,51,0,88,58,0,58,146
05/29/2002,YKM,WA,ANM,WE,Federal Contract Tower,0,41,30,4,75,0,3,31,0,34,0,44,61,4,109,58,0,58,167
05/30/2002,YKM,WA,ANM,WE,Federal Contract Tower,0,36,36,4,76,0,6,65,0,71,0,42,101,4,147,84,6,90,237
05/31/2002,YKM,WA,ANM,WE,Federal Contract Tower,0,34,24,0,58,0,4,50,4,58,0,38,74,4,116,58,0,58,174
06/01/2002,YKM,WA,ANM,WE,Federal Contract Tower,4,19,15,0,38,0,0,51,2,53,4,19,66,2,91,104,0,104,195
06/02/2002,YKM,WA,ANM,WE,Federal Contract Tower,0,12,14,0,26,0,0,35,2,37,0,12,49,2,63,6,0,6,69
06/03/2002,YKM,WA,ANM,WE,Federal Contract Tower,0,30,26,0,56,0,7,36,2,45,0,37,62,2,101,52,0,52,153
06/04/2002,YKM,WA,ANM,WE,Federal Contract Tower,0,25,15,2,42,0,16,24,0,40,0,41,39,2,82,54,0,54,136
06/05/2002,YKM,WA,ANM,WE,Federal Contract Tower,0,28,23,1,52,0,5,18,3,26,0,33,41,4,78,52,0,52,130
06/06/2002,YKM,WA,ANM,WE,Federal Contract Tower,0,36,24,4,64,0,4,50,0,54,0,40,74,4,118,110,8,118,236
06/07/2002,YKM,WA,ANM,WE,Federal Contract Tower,2,34,30,0,66,0,2,44,0,46,2,36,74,0,112,76,0,76,188
06/08/2002,YKM,WA,ANM,WE,Federal Contract Tower,0,20,9,0,29,0,0,43,0,43,0,20,52,0,72,20,0,20,92
06/09/2002,YKM,WA,ANM,WE,Federal Contract Tower,0,13,13,0,26,0,0,42,0,42,0,13,55,0,68,2,0,2,70
06/10/2002,YKM,WA,ANM,WE,Federal Contract Tower,0,30,22,1,53,0,4,48,1,53,0,34,70,2,106,14,16,30,136
06/11/2002,YKM,WA,ANM,WE,Federal Contract Tower,0,37,16,5,58,0,4,58,5,67,0,41,74,10,125,108,2,110,235
06/12/2002,YKM,WA,ANM,WE,Federal Contract Tower,0,29,28,0,57,0,11,70,8,89,0,40,98,8,146,96,0,96,242
06/13/2002,YKM,WA,ANM,WE,Federal Contract Tower,0,26,15,0,41,0,12,71,2,85,0,38,86,2,126,40,8,48,174
06/14/2002,YKM,WA,ANM,WE,Federal Contract Tower,0,33,31,3,67,0,7,57,3,67,0,40,88,6,134,40,2,42,176
06/15/2002,YKM,WA,ANM,WE,Federal Contract Tower,3,19,10,8,40,0,2,59,4,65,3,21,69,12,105,6,2,8,113
06/16/2002,YKM,WA,ANM,WE,Federal Contract Tower,2,14,13,4,33,0,0,30,0,30,2,14,43,4,63,28,0,28,91
06/17/2002,YKM,WA,ANM,WE,Federal Contract Tower,1,33,20,8,62,0,1,33,6,40,1,34,53,14,102,20,2,22,124
06/18/2002,YKM,WA,ANM,WE,Federal Contract Tower,4,40,14,12,70,0,6,10,4,20,4,46,24,16,90,12,20,32,122
06/19/2002,YKM,WA,ANM,WE,Federal Contract Tower,2,34,19,6,61,0,7,37,8,52,2,41,56,14,113,42,2,44,157
06/20/2002,YKM,WA,ANM,WE,Federal Contract Tower,2,29,15,8,54,0,9,100,10,119,2,38,115,18,173,72,16,88,261
06/21/2002,YKM,WA,ANM,WE,Federal Contract Tower,2,32,20,9,63,0,13,102,15,130,2,45,122,24,193,104,0,104,297
06/22/2002,YKM,WA,ANM,WE,Federal Contract Tower,0,19,13,9,41,0,2,74,12,88,0,21,87,21,129,32,0,32,161
06/23/2002,YKM,WA,ANM,WE,Federal Contract Tower,2,20,27,12,61,0,0,61,11,72,2,20,88,23,133,21,11,32,165
06/24/2002,YKM,WA,ANM,WE,Federal Contract Tower,0,31,14,12,57,0,5,64,20,89,0,36,78,32,146,103,4,107,253
06/25/2002,YKM,WA,ANM,WE,Federal Contract Tower,0,25,16,4,45,0,10,83,5,98,0,35,99,9,143,32,0,32,175
06/26/2002,YKM,WA,ANM,WE,Federal Contract Tower,0,35,19,8,62,0,7,32,2,41,0,42,51,10,103,14,10,24,127
06/27/2002,YKM,WA,ANM,WE,Federal Contract Tower,0,37,20,11,68,0,4,31,5,40,0,41,51,16,108,21,2,23,131
06/28/2002,YKM,WA,ANM,WE,Federal Contract Tower,0,38,35,5,78,0,2,40,2,44,0,40,75,7,122,48,0,48,170
06/29/2002,YKM,WA,ANM,WE,Federal Contract Tower,2,19,5,1,27,0,1,20,7,28,2,20,25,8,55,38,0,38,93
06/30/2002,YKM,WA,ANM,WE,Federal Contract Tower,0,17,11,0,28,0,0,46,2,48,0,17,57,2,76,34,0,34,110
07/01/2002,YKM,WA,ANM,WE,Federal Contract Tower,0,27,23,2,52,0,8,51,0,59,0,35,74,2,111,32,0,32,143
07/02/2002,YKM,WA,ANM,WE,Federal Contract Tower,0,35,19,2,56,0,5,70,0,75,0,40,89,2,131,74,4,78,209
07/03/2002,YKM,WA,ANM,WE,Federal Contract Tower,2,40,21,2,65,0,5,40,0,45,2,45,61,2,110,32,0,32,142
07/04/2002,YKM,WA,ANM,WE,Federal Contract Tower,0,11,2,0,13,0,0,23,2,25,0,11,25,2,38,32,0,32,70
07/05/2002,YKM,WA,ANM,WE,Federal Contract Tower,0,24,11,0,35,0,8,67,0,75,0,32,78,0,110,75,0,75,185
07/06/2002,YKM,WA,ANM,WE,Federal Contract Tower,2,15,16,0,33,0,2,61,3,66,2,17,77,3,99,53,0,53,152
07/07/2002,YKM,WA,ANM,WE,Federal Contract Tower,0,14,13,0,27,0,0,38,0,38,0,14,51,0,65,12,0,12,77
07/08/2002,YKM,WA,ANM,WE,Federal Contract Tower,4,35,16,0,55,0,6,35,6,47,4,41,51,6,102,54,0,54,156
07/09/2002,YKM,WA,ANM,WE,Federal Contract Tower,0,33,25,2,60,0,11,67,2,80,0,44,92,4,140,108,18,126,266
07/10/2002,YKM,WA,ANM,WE,Federal Contract Tower,3,47,25,0,75,1,2,81,0,84,4,49,106,0,159,161,0,161,320
07/11/2002,YKM,WA,ANM,WE,Federal Contract Tower,0,30,19,5,54,0,9,54,3,66,0,39,73,8,120,53,12,65,185
07/12/2002,YKM,WA,ANM,WE,Federal Contract Tower,0,28,6,0,34,0,10,61,0,71,0,38,67,0,105,36,0,36,141
07/13/2002,YKM,WA,ANM,WE,Federal Contract Tower,0,21,6,2,29,0,1,56,0,57,0,22,62,2,86,34,0,34,120
07/14/2002,YKM,WA,ANM,WE,Federal Contract Tower,0,15,6,2,23,0,0,35,0,35,0,15,41,2,58,26,0,26,84
07/15/2002,YKM,WA,ANM,WE,Federal Contract Tower,0,29,25,2,56,0,8,68,2,78,0,37,93,4,134,20,0,20,154
07/16/2002,YKM,WA,ANM,WE,Federal Contract Tower,0,32,27,2,61,0,6,59,0,65,0,38,86,2,126,90,8,98,224
07/17/2002,YKM,WA,ANM,WE,Federal Contract Tower,0,32,19,2,53,0,7,54,4,65,0,39,73,6,118,34,6,40,158
07/18/2002,YKM,WA,ANM,WE,Federal Contract Tower,0,47,17,0,64,0,0,96,5,101,0,47,113,5,165,71,0,71,236
07/19/2002,YKM,WA,ANM,WE,Federal Contract Tower,4,34,15,12,65,0,8,48,2,58,4,42,63,14,123,56,0,56,179
07/20/2002,YKM,WA,ANM,WE,Federal Contract Tower,0,20,7,0,27,0,4,65,0,69,0,24,72,0,96,32,0,32,128
07/21/2002,YKM,WA,ANM,WE,Federal Contract Tower,0,16,16,0,32,0,0,50,0,50,0,16,66,0,82,8,0,8,90
07/22/2002,YKM,WA,ANM,WE,Federal Contract Tower,2,25,19,4,50,0,11,57,0,68,2,36,76,4,118,30,2,32,150
07/23/2002,YKM,WA,ANM,WE,Federal Contract Tower,2,31,11,0,44,0,13,49,2,64,2,44,60,2,108,36,6,42,150
07/24/2002,YKM,WA,ANM,WE,Federal Contract Tower,0,29,17,2,48,0,18,74,2,94,0,47,91,4,142,38,0,38,180
07/25/2002,YKM,WA,ANM,WE,Federal Contract Tower,2,32,18,0,52,0,8,69,0,77,2,40,87,0,129,63,0,63,192
07/26/2002,YKM,WA,ANM,WE,Federal Contract Tower,0,32,27,4,63,0,7,55,0,62,0,39,82,4,125,28,18,46,171
07/27/2002,YKM,WA,ANM,WE,Federal Contract Tower,0,20,7,0,27,0,1,45,2,48,0,21,52,2,75,56,0,56,131
07/28/2002,YKM,WA,ANM,WE,Federal Contract Tower,0,14,13,2,29,0,0,53,0,53,0,14,66,2,82,0,0,0,82
07/29/2002,YKM,WA,ANM,WE,Federal Contract Tower,0,0,0,0,0,0,35,91,9,135,0,35,91,9,135,72,2,74,209
07/30/2002,YKM,WA,ANM,WE,Federal Contract Tower,0,34,17,3,54,2,4,64,6,76,2,38,81,9,130,58,4,62,192
07/31/2002,YKM,WA,ANM,WE,Federal Contract Tower,0,2,26,6,34,0,0,16,109,125,0,2,42,115,159,49,6,55,214
08/01/2002,YKM,WA,ANM,WE,Federal Contract Tower,0,35,24,6,65,0,3,60,0,63,0,38,84,6,128,53,44,97,225
08/02/2002,YKM,WA,ANM,WE,Federal Contract Tower,4,31,19,7,61,0,7,59,3,69,4,38,78,10,130,24,12,36,166
08/03/2002,YKM,WA,ANM,WE,Federal Contract Tower,0,18,5,1,24,0,2,64,1,67,0,20,69,2,91,10,0,10,101
08/04/2002,YKM,WA,ANM,WE,Federal Contract Tower,0,15,9,0,24,0,1,36,0,37,0,16,45,0,61,28,0,28,89
08/05/2002,YKM,WA,ANM,WE,Federal Contract Tower,0,31,24,4,59,0,6,41,1,48,0,37,65,5,107,48,2,50,157
08/06/2002,YKM,WA,ANM,WE,Federal Contract Tower,6,34,15,2,57,0,5,32,2,39,6,39,47,4,96,68,0,68,164
08/07/2002,YKM,WA,ANM,WE,Federal Contract Tower,3,32,13,5,53,2,4,65,1,72,5,36,78,6,125,37,63,100,225
08/08/2002,YKM,WA,ANM,WE,Federal Contract Tower,5,33,21,4,63,7,7,48,0,62,12,40,69,4,125,47,0,47,172
08/09/2002,YKM,WA,ANM,WE,Federal Contract Tower,0,27,21,2,50,0,11,65,0,76,0,38,86,2,126,20,0,20,146
08/10/2002,YKM,WA,ANM,WE,Federal Contract Tower,0,17,7,0,24,0,3,59,0,62,0,20,66,0,86,50,0,50,136
08/11/2002,YKM,WA,ANM,WE,Federal Contract Tower,0,14,14,0,28,0,0,39,0,39,0,14,53,0,67,40,0,40,107
08/12/2002,YKM,WA,ANM,WE,Federal Contract Tower,6,28,20,0,54,4,7,64,0,75,10,35,84,0,129,62,20,82,211
08/13/2002,YKM,WA,ANM,WE,Federal Contract Tower,2,26,17,0,45,0,13,68,0,81,2,39,85,0,126,32,0,32,158
08/14/2002,YKM,WA,ANM,WE,Federal Contract Tower,0,31,12,2,45,0,7,39,0,46,0,38,51,2,91,48,4,52,143
08/15/2002,YKM,WA,ANM,WE,Federal Contract Tower,0,33,20,0,53,0,0,56,0,56,0,33,76,0,109,77,0,77,186
08/16/2002,YKM,WA,ANM,WE,Federal Contract Tower,2,29,19,0,50,0,9,39,4,52,2,38,58,4,102,42,2,44,146
08/17/2002,YKM,WA,ANM,WE,Federal Contract Tower,0,17,8,1,26,0,1,55,0,56,0,18,63,1,82,54,0,54,136
08/18/2002,YKM,WA,ANM,WE,Federal Contract Tower,0,14,10,1,25,0,0,50,4,54,0,14,60,5,79,38,0,38,117
08/19/2002,YKM,WA,ANM,WE,Federal Contract Tower,2,29,14,4,49,0,7,35,2,44,2,36,49,6,93,28,2,30,123
08/20/2002,YKM,WA,ANM,WE,Federal Contract Tower,0,36,13,5,54,0,5,43,3,51,0,41,56,8,105,48,46,94,199
08/21/2002,YKM,WA,ANM,WE,Federal Contract Tower,0,31,17,0,48,0,6,44,4,54,0,37,61,4,102,75,0,75,177
08/22/2002,YKM,WA,ANM,WE,Federal Contract Tower,0,36,17,2,55,0,1,75,0,76,0,37,92,2,131,56,0,56,187
08/23/2002,YKM,WA,ANM,WE,Federal Contract Tower,0,38,23,2,63,0,4,56,1,61,0,42,79,3,124,108,0,108,232
08/24/2002,YKM,WA,ANM,WE,Federal Contract Tower,0,15,13,0,28,0,1,47,0,48,0,16,60,0,76,44,0,44,120
08/25/2002,YKM,WA,ANM,WE,Federal Contract Tower,0,10,14,5,29,0,0,48,0,48,0,10,62,5,77,56,0,56,133
08/26/2002,YKM,WA,ANM,WE,Federal Contract Tower,5,32,22,2,61,1,4,41,0,46,6,36,63,2,107,46,2,48,155
08/27/2002,YKM,WA,ANM,WE,Federal Contract Tower,0,34,17,2,53,0,3,37,0,40,0,37,54,2,93,88,0,88,181
08/28/2002,YKM,WA,ANM,WE,Federal Contract Tower,0,30,18,2,50,0,9,79,3,91,0,39,97,5,141,39,2,41,182
08/29/2002,YKM,WA,ANM,WE,Federal Contract Tower,1,31,2,2,36,41,51,0,64,156,42,82,2,66,192,0,0,0,192
08/30/2002,YKM,WA,ANM,WE,Federal Contract Tower,2,35,22,2,61,0,8,60,0,68,2,43,82,2,129,50,0,50,179
08/31/2002,YKM,WA,ANM,WE,Federal Contract Tower,0,22,7,0,29,0,1,61,8,70,0,23,68,8,99,16,0,16,115
09/01/2002,YKM,WA,ANM,WE,Federal Contract Tower,0,13,6,0,19,0,1,35,5,41,0,14,41,5,60,32,0,32,92
09/02/2002,YKM,WA,ANM,WE,Federal Contract Tower,0,13,12,0,25,0,1,42,6,49,0,14,54,6,74,10,0,10,84
09/03/2002,YKM,WA,ANM,WE,Federal Contract Tower,0,27,9,4,40,0,7,23,0,30,0,34,32,4,70,22,4,26,96
09/04/2002,YKM,WA,ANM,WE,Federal Contract Tower,0,28,16,0,44,0,9,63,6,78,0,37,79,6,122,43,0,43,165
09/05/2002,YKM,WA,ANM,WE,Federal Contract Tower,0,42,25,1,68,0,0,61,7,68,0,42,86,8,136,103,11,114,250
09/06/2002,YKM,WA,ANM,WE,Federal Contract Tower,0,36,16,0,52,0,9,70,0,79,0,45,86,0,131,44,0,44,175
09/07/2002,YKM,WA,ANM,WE,Federal Contract Tower,0,16,8,4,28,0,3,68,1,72,0,19,76,5,100,166,4,170,270
09/08/2002,YKM,WA,ANM,WE,Federal Contract Tower,0,13,10,0,23,0,1,60,2,63,0,14,70,2,86,42,0,42,128
09/09/2002,YKM,WA,ANM,WE,Federal Contract Tower,1,25,14,6,46,0,13,23,0,36,1,38,37,6,82,16,0,16,98
09/10/2002,YKM,WA,ANM,WE,Federal Contract Tower,0,32,16,0,48,0,7,48,0,55,0,39,64,0,103,52,0,52,155
09/11/2002,YKM,WA,ANM,WE,Federal Contract Tower,2,37,11,0,50,0,7,82,2,91,2,44,93,2,141,60,0,60,201
09/12/2002,YKM,WA,ANM,WE,Federal Contract Tower,0,35,24,0,59,0,2,53,0,55,0,37,77,0,114,79,0,79,193
09/13/2002,YKM,WA,ANM,WE,Federal Contract Tower,2,33,15,0,50,0,7,74,0,81,2,40,89,0,131,74,0,74,205
09/14/2002,YKM,WA,ANM,WE,Federal Contract Tower,2,17,13,0,32,0,0,75,6,81,2,17,88,6,113,106,0,106,219
09/15/2002,YKM,WA,ANM,WE,Federal Contract Tower,0,16,6,2,24,0,0,52,0,52,0,16,58,2,76,46,0,46,122
09/16/2002,YKM,WA,ANM,WE,Federal Contract Tower,0,32,20,2,54,0,4,25,0,29,0,36,45,2,83,36,2,38,121
09/17/2002,YKM,WA,ANM,WE,Federal Contract Tower,0,38,17,0,55,0,9,51,2,62,0,47,68,2,117,54,0,54,171
09/18/2002,YKM,WA,ANM,WE,Federal Contract Tower,0,41,21,1,63,0,8,48,3,59,0,49,69,4,122,31,0,31,153
09/19/2002,YKM,WA,ANM,WE,Federal Contract Tower,3,39,15,1,58,1,9,88,9,107,4,48,103,10,165,73,0,73,238
09/20/2002,YKM,WA,ANM,WE,Federal Contract Tower,0,28,20,0,48,0,8,76,5,89,0,36,96,5,137,92,0,92,229
09/21/2002,YKM,WA,ANM,WE,Federal Contract Tower,0,19,4,1,24,0,2,115,2,119,0,21,119,3,143,142,0,142,285
09/22/2002,YKM,WA,ANM,WE,Federal Contract Tower,0,14,2,0,16,0,0,71,0,71,0,14,73,0,87,128,0,128,215
09/23/2002,YKM,WA,ANM,WE,Federal Contract Tower,0,30,10,0,40,0,9,71,1,81,0,39,81,1,121,38,0,38,159
09/24/2002,YKM,WA,ANM,WE,Federal Contract Tower,3,36,16,2,57,1,7,56,4,68,4,43,72,6,125,62,0,62,187
09/25/2002,YKM,WA,ANM,WE,Federal Contract Tower,0,36,18,1,55,6,12,68,1,87,6,48,86,2,142,63,0,63,205
09/26/2002,YKM,WA,ANM,WE,Federal Contract Tower,0,28,15,2,45,0,5,60,0,65,0,33,75,2,110,42,2,44,154
09/27/2002,YKM,WA,ANM,WE,Federal Contract Tower,0,34,25,0,59,0,9,52,0,61,0,43,77,0,120,78,0,78,198
09/28/2002,YKM,WA,ANM,WE,Federal Contract Tower,0,14,6,0,20,0,3,60,6,69,0,17,66,6,89,58,0,58,147
09/29/2002,YKM,WA,ANM,WE,Federal Contract Tower,0,16,15,0,31,0,0,9,0,9,0,16,24,0,40,0,0,0,40
09/30/2002,YKM,WA,ANM,WE,Federal Contract Tower,0,28,17,1,46,0,12,37,1,50,0,40,54,2,96,52,2,54,150
10/01/2002,YKM,WA,ANM,WE,Federal Contract Tower,0,33,15,1,49,0,9,31,7,47,0,42,46,8,96,22,0,22,118
10/02/2002,YKM,WA,ANM,WE,Federal Contract Tower,0,37,19,2,58,0,6,72,0,78,0,43,91,2,136,62,4,66,202
10/03/2002,YKM,WA,ANM,WE,Federal Contract Tower,0,44,28,1,73,0,0,20,3,23,0,44,48,4,96,28,0,28,124
10/04/2002,YKM,WA,ANM,WE,Federal Contract Tower,0,30,19,2,51,0,4,32,2,38,0,34,51,4,89,36,4,40,129
10/05/2002,YKM,WA,ANM,WE,Federal Contract Tower,0,19,10,0,29,0,0,42,0,42,0,19,52,0,71,32,0,32,103
10/06/2002,YKM,WA,ANM,WE,Federal Contract Tower,0,12,18,0,30,0,0,40,2,42,0,12,58,2,72,40,0,40,112
10/07/2002,YKM,WA,ANM,WE,Federal Contract Tower,3,32,8,8,51,3,8,27,0,38,6,40,35,8,89,22,6,28,117
10/08/2002,YKM,WA,ANM,WE,Federal Contract Tower,0,41,13,0,54,0,0,48,1,49,0,41,61,1,103,66,0,66,169
10/09/2002,YKM,WA,ANM,WE,Federal Contract Tower,0,34,20,0,54,0,1,51,2,54,0,35,71,2,108,14,0,14,122
10/10/2002,YKM,WA,ANM,WE,Federal Contract Tower,2,40,15,0,57,0,5,48,2,55,2,45,63,2,112,57,0,57,169
10/11/2002,YKM,WA,ANM,WE,Federal Contract Tower,4,35,7,0,46,0,7,44,1,52,4,42,51,1,98,42,0,42,140
10/12/2002,YKM,WA,ANM,WE,Federal Contract Tower,0,16,5,0,21,0,2,52,0,54,0,18,57,0,75,54,0,54,129
10/13/2002,YKM,WA,ANM,WE,Federal Contract Tower,0,14,5,0,19,0,2,61,2,65,0,16,66,2,84,52,0,52,136
10/14/2002,YKM,WA,ANM,WE,Federal Contract Tower,4,18,6,0,28,0,4,54,1,59,4,22,60,1,87,76,0,76,163
10/15/2002,YKM,WA,ANM,WE,Federal Contract Tower,2,41,18,0,61,0,3,59,2,64,2,44,77,2,125,20,0,20,145
10/16/2002,YKM,WA,ANM,WE,Federal Contract Tower,0,35,9,0,44,0,8,53,4,65,0,43,62,4,109,30,0,30,139
10/17/2002,YKM,WA,ANM,WE,Federal Contract Tower,0,31,9,9,49,0,4,57,3,64,0,35,66,12,113,102,2,104,217
10/18/2002,YKM,WA,ANM,WE,Federal Contract Tower,2,37,15,0,54,0,5,49,1,55,2,42,64,1,109,12,0,12,121
10/19/2002,YKM,WA,ANM,WE,Federal Contract Tower,1,20,9,0,30,0,1,46,4,51,1,21,55,4,81,30,0,30,111
10/20/2002,YKM,WA,ANM,WE,Federal Contract Tower,0,12,3,0,15,0,1,34,0,35,0,13,37,0,50,52,0,52,102
10/21/2002,YKM,WA,ANM,WE,Federal Contract Tower,0,26,13,4,43,0,11,38,0,49,0,37,51,4,92,42,0,42,134
10/22/2002,YKM,WA,ANM,WE,Federal Contract Tower,0,30,17,8,55,0,10,43,2,55,0,40,60,10,110,38,0,38,148
10/23/2002,YKM,WA,ANM,WE,Federal Contract Tower,2,30,17,0,49,0,6,58,2,66,2,36,75,2,115,23,0,23,138
10/24/2002,YKM,WA,ANM,WE,Federal Contract Tower,7,40,7,2,56,1,7,69,0,77,8,47,76,2,133,27,0,27,160
10/25/2002,YKM,WA,ANM,WE,Federal Contract Tower,0,35,14,5,54,0,7,54,1,62,0,42,68,6,116,46,0,46,162
10/26/2002,YKM,WA,ANM,WE,Federal Contract Tower,2,16,5,0,23,0,2,34,4,40,2,18,39,4,63,96,0,96,159
10/27/2002,YKM,WA,ANM,WE,Federal Contract Tower,0,14,6,0,20,0,0,15,1,16,0,14,21,1,36,16,0,16,52
10/28/2002,YKM,WA,ANM,WE,Federal Contract Tower,0,37,11,3,51,0,5,25,1,31,0,42,36,4,82,24,0,24,106
10/29/2002,YKM,WA,ANM,WE,Federal Contract Tower,0,35,14,2,51,0,7,8,2,17,0,42,22,4,68,12,0,12,80
10/30/2002,YKM,WA,ANM,WE,Federal Contract Tower,0,35,19,0,54,0,3,40,0,43,0,38,59,0,97,48,0,48,145
10/31/2002,YKM,WA,ANM,WE,Federal Contract Tower,0,30,19,4,53,0,7,29,2,38,0,37,48,6,91,29,2,31,122
11/01/2002,YKM,WA,ANM,WE,Federal Contract Tower,0,31,12,2,45,0,9,26,0,35,0,40,38,2,80,10,2,12,92
11/02/2002,YKM,WA,ANM,WE,Federal Contract Tower,0,22,10,5,37,0,1,22,1,24,0,23,32,6,61,72,0,72,133
11/03/2002,YKM,WA,ANM,WE,Federal Contract Tower,0,14,10,0,24,0,0,40,0,40,0,14,50,0,64,36,0,36,100
11/04/2002,YKM,WA,ANM,WE,Federal Contract Tower,0,34,14,3,51,0,8,18,1,27,0,42,32,4,78,32,0,32,110
11/05/2002,YKM,WA,ANM,WE,Federal Contract Tower,0,41,8,6,55,0,3,26,2,31,0,44,34,8,86,38,0,38,124
11/06/2002,YKM,WA,ANM,WE,Federal Contract Tower,0,35,23,2,60,0,3,17,0,20,0,38,40,2,80,8,0,8,88
11/07/2002,YKM,WA,ANM,WE,Federal Contract Tower,0,43,17,2,62,0,3,22,2,27,0,46,39,4,89,25,0,25,114
11/08/2002,YKM,WA,ANM,WE,Federal Contract Tower,0,37,22,0,59,0,1,14,0,15,0,38,36,0,74,22,0,22,96
11/09/2002,YKM,WA,ANM,WE,Federal Contract Tower,0,19,9,0,28,0,1,13,0,14,0,20,22,0,42,38,0,38,80
11/10/2002,YKM,WA,ANM,WE,Federal Contract Tower,0,14,5,0,19,0,0,34,0,34,0,14,39,0,53,54,0,54,107
11/11/2002,YKM,WA,ANM,WE,Federal Contract Tower,0,20,14,0,34,0,4,26,0,30,0,24,40,0,64,36,0,36,100
11/12/2002,YKM,WA,ANM,WE,Federal Contract Tower,0,40,13,2,55,0,0,8,0,8,0,40,21,2,63,28,12,40,103
11/13/2002,YKM,WA,ANM,WE,Federal Contract Tower,0,34,11,2,47,0,7,54,0,61,0,41,65,2,108,36,0,36,144
11/14/2002,YKM,WA,ANM,WE,Federal Contract Tower,1,41,23,5,70,1,7,39,3,50,2,48,62,8,120,70,20,90,210
11/15/2002,YKM,WA,ANM,WE,Federal Contract Tower,2,35,25,2,64,0,6,25,0,31,2,41,50,2,95,22,0,22,117
11/16/2002,YKM,WA,ANM,WE,Federal Contract Tower,2,16,12,0,30,0,3,10,0,13,2,19,22,0,43,18,0,18,61
11/17/2002,YKM,WA,ANM,WE,Federal Contract Tower,0,14,11,0,25,0,0,20,2,22,0,14,31,2,47,14,0,14,61
11/18/2002,YKM,WA,ANM,WE,Federal Contract Tower,0,32,19,2,53,0,10,21,0,31,0,42,40,2,84,24,0,24,108
11/19/2002,YKM,WA,ANM,WE,Federal Contract Tower,0,38,11,2,51,0,4,27,0,31,0,42,38,2,82,14,8,22,104
11/20/2002,YKM,WA,ANM,WE,Federal Contract Tower,0,33,13,4,50,0,7,26,0,33,0,40,39,4,83,38,2,40,123
11/21/2002,YKM,WA,ANM,WE,Federal Contract Tower,0,43,22,10,75,0,5,25,2,32,0,48,47,12,107,68,2,70,177
11/22/2002,YKM,WA,ANM,WE,Federal Contract Tower,4,40,15,4,63,0,0,8,1,9,4,40,23,5,72,3,0,3,75
11/23/2002,YKM,WA,ANM,WE,Federal Contract Tower,1,15,17,0,33,0,1,38,2,41,1,16,55,2,74,38,0,38,112
11/24/2002,YKM,WA,ANM,WE,Federal Contract Tower,0,14,12,2,28,0,0,65,0,65,0,14,77,2,93,38,0,38,131
11/25/2002,YKM,WA,ANM,WE,Federal Contract Tower,2,37,19,0,58,0,4,31,2,37,2,41,50,2,95,16,0,16,111
11/26/2002,YKM,WA,ANM,WE,Federal Contract Tower,0,35,31,5,71,0,0,51,1,52,0,35,82,6,123,100,2,102,225
11/27/2002,YKM,WA,ANM,WE,Federal Contract Tower,0,42,17,0,59,0,1,37,0,38,0,43,54,0,97,102,0,102,199
11/28/2002,YKM,WA,ANM,WE,Federal Contract Tower,0,14,7,0,21,0,1,10,0,11,0,15,17,0,32,0,0,0,32
11/29/2002,YKM,WA,ANM,WE,Federal Contract Tower,2,29,9,0,40,0,4,5,0,9,2,33,14,0,49,28,1,29,78
11/30/2002,YKM,WA,ANM,WE,Federal Contract Tower,0,8,6,0,14,0,0,0,0,0,0,8,6,0,14,0,0,0,14
12/01/2002,YKM,WA,ANM,WE,Federal Contract Tower,0,15,9,0,24,0,1,0,0,1,0,16,9,0,25,0,0,0,25
12/02/2002,YKM,WA,ANM,WE,Federal Contract Tower,0,0,0,0,0,0,0,0,0,0,0,0,0,0,0,0,0,0,0
12/03/2002,YKM,WA,ANM,WE,Federal Contract Tower,0,33,29,2,64,0,1,0,2,3,0,34,29,4,67,12,0,12,79
12/04/2002,YKM,WA,ANM,WE,Federal Contract Tower,0,43,18,0,61,0,1,0,0,1,0,44,18,0,62,0,0,0,62
12/05/2002,YKM,WA,ANM,WE,Federal Contract Tower,0,43,22,0,65,0,1,3,0,4,0,44,25,0,69,6,0,6,75
12/06/2002,YKM,WA,ANM,WE,Federal Contract Tower,0,40,23,0,63,0,0,0,0,0,0,40,23,0,63,2,0,2,65
12/07/2002,YKM,WA,ANM,WE,Federal Contract Tower,0,23,3,2,28,0,0,0,2,2,0,23,3,4,30,14,8,22,52
12/08/2002,YKM,WA,ANM,WE,Federal Contract Tower,0,17,8,2,27,0,0,3,0,3,0,17,11,2,30,0,0,0,30
12/09/2002,YKM,WA,ANM,WE,Federal Contract Tower,0,34,12,0,46,0,0,9,2,11,0,34,21,2,57,2,0,2,59
12/10/2002,YKM,WA,ANM,WE,Federal Contract Tower,0,40,11,2,53,0,1,1,0,2,0,41,12,2,55,0,0,0,55
12/11/2002,YKM,WA,ANM,WE,Federal Contract Tower,0,43,18,1,62,0,0,10,1,11,0,43,28,2,73,4,0,4,77
12/12/2002,YKM,WA,ANM,WE,Federal Contract Tower,0,53,17,3,73,0,0,6,3,9,0,53,23,6,82,21,0,21,103
12/13/2002,YKM,WA,ANM,WE,Federal Contract Tower,0,43,25,3,71,0,0,33,1,34,0,43,58,4,105,26,0,26,131
12/14/2002,YKM,WA,ANM,WE,Federal Contract Tower,0,16,6,0,22,0,0,1,0,1,0,16,7,0,23,0,0,0,23
12/15/2002,YKM,WA,ANM,WE,Federal Contract Tower,0,12,5,2,19,0,0,21,1,22,0,12,26,3,41,16,2,18,59
12/16/2002,YKM,WA,ANM,WE,Federal Contract Tower,0,36,23,7,66,0,3,7,1,11,0,39,30,8,77,36,24,60,137
12/17/2002,YKM,WA,ANM,WE,Federal Contract Tower,0,35,8,1,44,0,4,20,1,25,0,39,28,2,69,32,0,32,101
12/18/2002,YKM,WA,ANM,WE,Federal Contract Tower,0,41,13,2,56,0,2,18,0,20,0,43,31,2,76,40,0,40,116
12/19/2002,YKM,WA,ANM,WE,Federal Contract Tower,0,38,13,0,51,0,0,14,0,14,0,38,27,0,65,16,0,16,81
12/20/2002,YKM,WA,ANM,WE,Federal Contract Tower,3,40,20,0,63,1,3,20,0,24,4,43,40,0,87,6,0,6,93
12/21/2002,YKM,WA,ANM,WE,Federal Contract Tower,0,22,0,0,22,0,0,4,0,4,0,22,4,0,26,24,0,24,50
12/22/2002,YKM,WA,ANM,WE,Federal Contract Tower,0,17,20,0,37,0,0,19,0,19,0,17,39,0,56,62,0,62,118
12/23/2002,YKM,WA,ANM,WE,Federal Contract Tower,0,38,7,0,45,0,0,6,0,6,0,38,13,0,51,52,0,52,103
12/24/2002,YKM,WA,ANM,WE,Federal Contract Tower,0,36,4,2,42,0,0,0,0,0,0,36,4,2,42,0,0,0,42
12/25/2002,YKM,WA,ANM,WE,Federal Contract Tower,0,11,2,0,13,0,0,0,0,0,0,11,2,0,13,0,0,0,13
12/26/2002,YKM,WA,ANM,WE,Federal Contract Tower,0,37,16,0,53,0,0,25,0,25,0,37,41,0,78,33,0,33,111
12/27/2002,YKM,WA,ANM,WE,Federal Contract Tower,0,37,9,2,48,0,4,2,0,6,0,41,11,2,54,8,0,8,62
12/28/2002,YKM,WA,ANM,WE,Federal Contract Tower,0,21,4,0,25,0,0,1,0,1,0,21,5,0,26,0,0,0,26
12/29/2002,YKM,WA,ANM,WE,Federal Contract Tower,0,16,2,0,18,0,0,33,0,33,0,16,35,0,51,52,0,52,103
12/30/2002,YKM,WA,ANM,WE,Federal Contract Tower,0,39,13,0,52,0,0,4,0,4,0,39,17,0,56,38,0,38,94
12/31/2002,YKM,WA,ANM,WE,Federal Contract Tower,0,32,8,0,40,0,3,45,0,48,0,35,53,0,88,130,0,130,218
01/01/2003,YKM,WA,ANM,WE,Federal Contract Tower,0,13,2,0,15,0,0,2,0,2,0,13,4,0,17,0,0,0,17
01/02/2003,YKM,WA,ANM,WE,Federal Contract Tower,0,30,12,1,43,0,11,21,1,33,0,41,33,2,76,34,0,34,110
01/03/2003,YKM,WA,ANM,WE,Federal Contract Tower,0,39,20,2,61,0,2,28,2,32,0,41,48,4,93,34,0,34,127
01/04/2003,YKM,WA,ANM,WE,Federal Contract Tower,0,23,12,1,36,0,0,0,1,1,0,23,12,2,37,14,0,14,51
01/05/2003,YKM,WA,ANM,WE,Federal Contract Tower,0,16,6,0,22,0,0,50,0,50,0,16,56,0,72,36,0,36,108
01/06/2003,YKM,WA,ANM,WE,Federal Contract Tower,0,40,4,2,46,0,0,13,2,15,0,40,17,4,61,22,0,22,83
01/07/2003,YKM,WA,ANM,WE,Federal Contract Tower,0,42,29,0,71,0,0,9,0,9,0,42,38,0,80,40,0,40,120
01/08/2003,YKM,WA,ANM,WE,Federal Contract Tower,0,42,13,0,55,0,2,9,4,15,0,44,22,4,70,34,0,34,104
01/09/2003,YKM,WA,ANM,WE,Federal Contract Tower,0,41,18,2,61,0,0,26,0,26,0,41,44,2,87,46,0,46,133
01/10/2003,YKM,WA,ANM,WE,Federal Contract Tower,0,37,25,5,67,0,4,25,1,30,0,41,50,6,97,44,4,48,145
01/11/2003,YKM,WA,ANM,WE,Federal Contract Tower,0,18,10,2,30,0,0,24,0,24,0,18,34,2,54,48,8,56,110
01/12/2003,YKM,WA,ANM,WE,Federal Contract Tower,0,15,4,0,19,0,0,1,0,1,0,15,5,0,20,0,0,0,20
01/13/2003,YKM,WA,ANM,WE,Federal Contract Tower,2,36,16,4,58,0,0,0,0,0,2,36,16,4,58,0,0,0,58
01/14/2003,YKM,WA,ANM,WE,Federal Contract Tower,0,31,18,4,53,0,2,10,0,12,0,33,28,4,65,18,0,18,83
01/15/2003,YKM,WA,ANM,WE,Federal Contract Tower,0,40,22,0,62,0,0,7,0,7,0,40,29,0,69,42,0,42,111
01/16/2003,YKM,WA,ANM,WE,Federal Contract Tower,0,41,15,2,58,0,3,20,0,23,0,44,35,2,81,108,12,120,201
01/17/2003,YKM,WA,ANM,WE,Federal Contract Tower,2,35,20,0,57,0,0,18,0,18,2,35,38,0,75,21,0,21,96
01/18/2003,YKM,WA,ANM,WE,Federal Contract Tower,0,19,10,0,29,0,0,5,0,5,0,19,15,0,34,0,0,0,34
01/19/2003,YKM,WA,ANM,WE,Federal Contract Tower,0,14,17,0,31,0,0,3,0,3,0,14,20,0,34,56,0,56,90
01/20/2003,YKM,WA,ANM,WE,Federal Contract Tower,0,31,14,0,45,0,0,1,0,1,0,31,15,0,46,0,0,0,46
01/21/2003,YKM,WA,ANM,WE,Federal Contract Tower,0,43,13,0,56,0,0,2,2,4,0,43,15,2,60,6,0,6,66
01/22/2003,YKM,WA,ANM,WE,Federal Contract Tower,0,43,11,0,54,0,0,4,0,4,0,43,15,0,58,0,0,0,58
01/23/2003,YKM,WA,ANM,WE,Federal Contract Tower,0,32,21,0,53,0,1,23,0,24,0,33,44,0,77,44,0,44,121
01/24/2003,YKM,WA,ANM,WE,Federal Contract Tower,0,35,13,0,48,0,3,32,0,35,0,38,45,0,83,38,0,38,121
01/25/2003,YKM,WA,ANM,WE,Federal Contract Tower,0,17,12,0,29,0,0,20,0,20,0,17,32,0,49,62,0,62,111
01/26/2003,YKM,WA,ANM,WE,Federal Contract Tower,0,14,3,0,17,0,0,19,0,19,0,14,22,0,36,30,0,30,66
01/27/2003,YKM,WA,ANM,WE,Federal Contract Tower,0,34,19,2,55,0,2,20,0,22,0,36,39,2,77,28,0,28,105
01/28/2003,YKM,WA,ANM,WE,Federal Contract Tower,0,44,14,2,60,0,6,43,0,49,0,50,57,2,109,82,2,84,193
01/29/2003,YKM,WA,ANM,WE,Federal Contract Tower,0,40,21,2,63,0,0,1,0,1,0,40,22,2,64,0,0,0,64
01/30/2003,YKM,WA,ANM,WE,Federal Contract Tower,0,43,21,1,65,0,0,22,1,23,0,43,43,2,88,21,0,21,109
01/31/2003,YKM,WA,ANM,WE,Federal Contract Tower,0,36,15,0,51,0,2,11,0,13,0,38,26,0,64,24,0,24,88
02/01/2003,YKM,WA,ANM,WE,Federal Contract Tower,1,18,12,0,31,0,4,32,0,36,1,22,44,0,67,30,0,30,97
02/02/2003,YKM,WA,ANM,WE,Federal Contract Tower,0,14,13,0,27,0,0,68,0,68,0,14,81,0,95,50,0,50,145
02/03/2003,YKM,WA,ANM,WE,Federal Contract Tower,2,34,22,0,58,0,7,24,0,31,2,41,46,0,89,20,0,20,109
02/04/2003,YKM,WA,ANM,WE,Federal Contract Tower,0,35,16,2,53,0,9,43,0,52,0,44,59,2,105,36,0,36,141
02/05/2003,YKM,WA,ANM,WE,Federal Contract Tower,6,41,13,0,60,0,0,33,0,33,6,41,46,0,93,33,0,33,126
02/06/2003,YKM,WA,ANM,WE,Federal Contract Tower,0,34,11,3,48,0,7,42,1,50,0,41,53,4,98,76,28,104,202
02/07/2003,YKM,WA,ANM,WE,Federal Contract Tower,0,30,18,0,48,0,6,45,0,51,0,36,63,0,99,52,0,52,151
02/08/2003,YKM,WA,ANM,WE,Federal Contract Tower,0,18,14,0,32,0,0,35,2,37,0,18,49,2,69,14,0,14,83
02/09/2003,YKM,WA,ANM,WE,Federal Contract Tower,0,14,10,0,24,0,0,47,0,47,0,14,57,0,71,24,0,24,95
02/10/2003,YKM,WA,ANM,WE,Federal Contract Tower,0,32,21,4,57,0,4,30,0,34,0,36,51,4,91,18,20,38,129
02/11/2003,YKM,WA,ANM,WE,Federal Contract Tower,0,36,6,4,46,0,5,24,0,29,0,41,30,4,75,32,12,44,119
02/12/2003,YKM,WA,ANM,WE,Federal Contract Tower,4,37,19,3,63,0,5,29,1,35,4,42,48,4,98,20,0,20,118
02/13/2003,YKM,WA,ANM,WE,Federal Contract Tower,0,40,12,0,52,0,0,23,4,27,0,40,35,4,79,44,0,44,123
02/14/2003,YKM,WA,ANM,WE,Federal Contract Tower,0,27,16,0,43,0,2,15,0,17,0,29,31,0,60,11,0,11,71
02/15/2003,YKM,WA,ANM,WE,Federal Contract Tower,0,18,12,1,31,0,1,3,1,5,0,19,15,2,36,66,0,66,102
02/16/2003,YKM,WA,ANM,WE,Federal Contract Tower,0,16,5,0,21,0,0,25,0,25,0,16,30,0,46,32,0,32,78
02/17/2003,YKM,WA,ANM,WE,Federal Contract Tower,0,23,16,0,39,0,4,30,0,34,0,27,46,0,73,52,0,52,125
02/18/2003,YKM,WA,ANM,WE,Federal Contract Tower,0,32,19,0,51,0,2,38,0,40,0,34,57,0,91,4,0,4,95
02/19/2003,YKM,WA,ANM,WE,Federal Contract Tower,0,46,28,2,76,0,0,29,0,29,0,46,57,2,105,40,0,40,145
02/20/2003,YKM,WA,ANM,WE,Federal Contract Tower,0,40,17,6,63,0,0,19,0,19,0,40,36,6,82,83,4,87,169
02/21/2003,YKM,WA,ANM,WE,Federal Contract Tower,0,34,19,2,55,0,2,29,0,31,0,36,48,2,86,41,0,41,127
02/22/2003,YKM,WA,ANM,WE,Federal Contract Tower,0,18,7,0,25,0,3,39,2,44,0,21,46,2,69,50,0,50,119
02/23/2003,YKM,WA,ANM,WE,Federal Contract Tower,0,14,11,2,27,0,0,28,0,28,0,14,39,2,55,28,0,28,83
02/24/2003,YKM,WA,ANM,WE,Federal Contract Tower,0,29,22,6,57,0,7,30,2,39,0,36,52,8,96,42,2,44,140
02/25/2003,YKM,WA,ANM,WE,Federal Contract Tower,0,33,17,2,52,0,2,45,4,51,0,35,62,6,103,66,0,66,169
02/26/2003,YKM,WA,ANM,WE,Federal Contract Tower,0,35,21,2,58,0,3,44,4,51,0,38,65,6,109,64,2,66,175
02/27/2003,YKM,WA,ANM,WE,Federal Contract Tower,0,34,15,0,49,0,7,41,0,48,0,41,56,0,97,68,0,68,165
02/28/2003,YKM,WA,ANM,WE,Federal Contract Tower,0,35,38,2,75,0,5,38,0,43,0,40,76,2,118,69,0,69,187
03/01/2003,YKM,WA,ANM,WE,Federal Contract Tower,0,17,10,0,27,0,2,66,0,68,0,19,76,0,95,86,0,86,181
03/02/2003,YKM,WA,ANM,WE,Federal Contract Tower,0,14,3,0,17,0,0,17,0,17,0,14,20,0,34,16,0,16,50
03/03/2003,YKM,WA,ANM,WE,Federal Contract Tower,0,34,15,0,49,0,8,20,0,28,0,42,35,0,77,30,0,30,107
03/04/2003,YKM,WA,ANM,WE,Federal Contract Tower,0,33,24,0,57,0,4,35,0,39,0,37,59,0,96,30,0,30,126
03/05/2003,YKM,WA,ANM,WE,Federal Contract Tower,0,43,14,2,59,0,1,17,0,18,0,44,31,2,77,12,0,12,89
03/06/2003,YKM,WA,ANM,WE,Federal Contract Tower,0,33,11,0,44,0,1,12,0,13,0,34,23,0,57,9,0,9,66
03/07/2003,YKM,WA,ANM,WE,Federal Contract Tower,2,32,29,4,67,0,8,5,2,15,2,40,34,6,82,44,0,44,126
03/08/2003,YKM,WA,ANM,WE,Federal Contract Tower,0,19,18,0,37,0,1,26,0,27,0,20,44,0,64,50,0,50,114
03/09/2003,YKM,WA,ANM,WE,Federal Contract Tower,0,16,10,0,26,0,0,18,0,18,0,16,28,0,44,16,0,16,60
03/10/2003,YKM,WA,ANM,WE,Federal Contract Tower,2,33,19,2,56,0,6,24,4,34,2,39,43,6,90,48,0,48,138
03/11/2003,YKM,WA,ANM,WE,Federal Contract Tower,0,42,24,0,66,0,6,14,6,26,0,48,38,6,92,20,0,20,112
03/12/2003,YKM,WA,ANM,WE,Federal Contract Tower,0,40,32,0,72,0,2,17,0,19,0,42,49,0,91,26,0,26,117
03/13/2003,YKM,WA,ANM,WE,Federal Contract Tower,0,47,13,0,60,0,0,12,2,14,0,47,25,2,74,20,0,20,94
03/14/2003,YKM,WA,ANM,WE,Federal Contract Tower,0,46,28,0,74,0,1,26,0,27,0,47,54,0,101,50,0,50,151
03/15/2003,YKM,WA,ANM,WE,Federal Contract Tower,0,19,5,0,24,0,0,24,2,26,0,19,29,2,50,30,0,30,80
03/16/2003,YKM,WA,ANM,WE,Federal Contract Tower,0,12,19,0,31,0,0,38,0,38,0,12,57,0,69,36,0,36,105
03/17/2003,YKM,WA,ANM,WE,Federal Contract Tower,0,29,21,2,52,0,8,29,0,37,0,37,50,2,89,64,0,64,153
03/18/2003,YKM,WA,ANM,WE,Federal Contract Tower,0,35,26,0,61,0,5,28,4,37,0,40,54,4,98,34,0,34,132
03/19/2003,YKM,WA,ANM,WE,Federal Contract Tower,0,34,17,0,51,0,3,15,0,18,0,37,32,0,69,65,0,65,134
03/20/2003,YKM,WA,ANM,WE,Federal Contract Tower,0,28,15,2,45,0,8,22,0,30,0,36,37,2,75,28,8,36,111
03/21/2003,YKM,WA,ANM,WE,Federal Contract Tower,0,33,25,1,59,0,7,19,0,26,0,40,44,1,85,17,0,17,102
03/22/2003,YKM,WA,ANM,WE,Federal Contract Tower,0,19,2,0,21,0,2,5,0,7,0,21,7,0,28,4,0,4,32
03/23/2003,YKM,WA,ANM,WE,Federal Contract Tower,0,14,3,0,17,0,0,23,2,25,0,14,26,2,42,26,0,26,68
03/24/2003,YKM,WA,ANM,WE,Federal Contract Tower,0,33,15,0,48,0,5,30,2,37,0,38,45,2,85,56,0,56,141
03/25/2003,YKM,WA,ANM,WE,Federal Contract Tower,0,34,18,0,52,0,4,35,2,41,0,38,53,2,93,34,0,34,127
03/26/2003,YKM,WA,ANM,WE,Federal Contract Tower,0,33,21,0,54,0,6,16,2,24,0,39,37,2,78,36,0,36,114
03/27/2003,YKM,WA,ANM,WE,Federal Contract Tower,0,43,27,0,70,0,0,42,3,45,0,43,69,3,115,65,0,65,180
03/28/2003,YKM,WA,ANM,WE,Federal Contract Tower,0,31,30,0,61,0,11,34,0,45,0,42,64,0,106,48,0,48,154
03/29/2003,YKM,WA,ANM,WE,Federal Contract Tower,0,16,4,0,20,0,1,50,0,51,0,17,54,0,71,20,0,20,91
03/30/2003,YKM,WA,ANM,WE,Federal Contract Tower,1,20,14,0,35,0,0,43,0,43,1,20,57,0,78,18,0,18,96
03/31/2003,YKM,WA,ANM,WE,Federal Contract Tower,0,29,9,0,38,0,8,16,0,24,0,37,25,0,62,10,0,10,72
04/01/2003,YKM,WA,ANM,WE,Federal Contract Tower,2,36,17,2,57,0,6,32,0,38,2,42,49,2,95,16,0,16,111
04/02/2003,YKM,WA,ANM,WE,Federal Contract Tower,0,34,8,6,48,0,2,24,0,26,0,36,32,6,74,4,32,36,110
04/03/2003,YKM,WA,ANM,WE,Federal Contract Tower,0,33,18,2,53,0,8,14,4,26,0,41,32,6,79,38,0,38,117
04/04/2003,YKM,WA,ANM,WE,Federal Contract Tower,0,32,23,2,57,0,5,30,0,35,0,37,53,2,92,41,0,41,133
04/05/2003,YKM,WA,ANM,WE,Federal Contract Tower,0,18,7,6,31,0,1,38,2,41,0,19,45,8,72,32,4,36,108
04/06/2003,YKM,WA,ANM,WE,Federal Contract Tower,0,14,21,0,35,0,0,25,0,25,0,14,46,0,60,64,0,64,124
04/07/2003,YKM,WA,ANM,WE,Federal Contract Tower,0,33,14,0,47,0,1,22,0,23,0,34,36,0,70,44,0,44,114
04/08/2003,YKM,WA,ANM,WE,Federal Contract Tower,0,32,9,0,41,0,6,29,0,35,0,38,38,0,76,34,0,34,110
04/09/2003,YKM,WA,ANM,WE,Federal Contract Tower,0,32,15,2,49,0,4,39,0,43,0,36,54,2,92,40,0,40,132
04/10/2003,YKM,WA,ANM,WE,Federal Contract Tower,0,33,22,2,57,0,6,30,0,36,0,39,52,2,93,38,8,46,139
04/11/2003,YKM,WA,ANM,WE,Federal Contract Tower,0,35,20,0,55,0,5,36,0,41,0,40,56,0,96,52,0,52,148
04/12/2003,YKM,WA,ANM,WE,Federal Contract Tower,0,18,11,0,29,0,0,19,2,21,0,18,30,2,50,34,0,34,84
04/13/2003,YKM,WA,ANM,WE,Federal Contract Tower,0,12,6,0,18,0,0,30,2,32,0,12,36,2,50,12,0,12,62
04/14/2003,YKM,WA,ANM,WE,Federal Contract Tower,0,33,29,0,62,0,4,32,0,36,0,37,61,0,98,48,0,48,146
04/15/2003,YKM,WA,ANM,WE,Federal Contract Tower,0,30,15,1,46,0,5,27,1,33,0,35,42,2,79,68,8,76,155
04/16/2003,YKM,WA,ANM,WE,Federal Contract Tower,0,37,16,1,54,0,3,33,1,37,0,40,49,2,91,44,4,48,139
04/17/2003,YKM,WA,ANM,WE,Federal Contract Tower,0,35,14,0,49,0,1,14,0,15,0,36,28,0,64,46,0,46,110
04/18/2003,YKM,WA,ANM,WE,Federal Contract Tower,0,28,20,1,49,0,8,46,0,54,0,36,66,1,103,66,4,70,173
04/19/2003,YKM,WA,ANM,WE,Federal Contract Tower,0,13,9,0,22,0,3,79,0,82,0,16,88,0,104,92,0,92,196
04/20/2003,YKM,WA,ANM,WE,Federal Contract Tower,0,9,5,0,14,0,0,30,0,30,0,9,35,0,44,22,0,22,66
04/21/2003,YKM,WA,ANM,WE,Federal Contract Tower,0,35,20,4,59,0,5,25,0,30,0,40,45,4,89,18,28,46,135
04/22/2003,YKM,WA,ANM,WE,Federal Contract Tower,0,33,21,6,60,0,4,28,0,32,0,37,49,6,92,34,6,40,132
04/23/2003,YKM,WA,ANM,WE,Federal Contract Tower,0,33,28,4,65,0,6,35,4,45,0,39,63,8,110,110,0,110,220
04/24/2003,YKM,WA,ANM,WE,Federal Contract Tower,0,34,20,2,56,0,10,10,6,26,0,44,30,8,82,29,2,31,113
04/25/2003,YKM,WA,ANM,WE,Federal Contract Tower,0,35,44,0,79,0,4,17,0,21,0,39,61,0,100,37,2,39,139
04/26/2003,YKM,WA,ANM,WE,Federal Contract Tower,0,16,8,0,24,0,0,23,0,23,0,16,31,0,47,116,0,116,163
04/27/2003,YKM,WA,ANM,WE,Federal Contract Tower,0,12,21,4,37,0,0,79,0,79,0,12,100,4,116,126,0,126,242
04/28/2003,YKM,WA,ANM,WE,Federal Contract Tower,0,29,13,0,42,0,12,30,4,46,0,41,43,4,88,70,0,70,158
04/29/2003,YKM,WA,ANM,WE,Federal Contract Tower,0,32,17,4,53,0,2,24,0,26,0,34,41,4,79,66,0,66,145
04/30/2003,YKM,WA,ANM,WE,Federal Contract Tower,0,31,14,2,47,0,2,36,0,38,0,33,50,2,85,21,0,21,106
05/01/2003,YKM,WA,ANM,WE,Federal Contract Tower,0,33,15,0,48,0,2,50,2,54,0,35,65,2,102,86,0,86,188
05/02/2003,YKM,WA,ANM,WE,Federal Contract Tower,0,30,22,0,52,0,4,76,4,84,0,34,98,4,136,38,0,38,174
05/03/2003,YKM,WA,ANM,WE,Federal Contract Tower,0,15,13,0,28,0,2,42,0,44,0,17,55,0,72,62,0,62,134
05/04/2003,YKM,WA,ANM,WE,Federal Contract Tower,0,12,12,4,28,0,0,21,2,23,0,12,33,6,51,8,0,8,59
05/05/2003,YKM,WA,ANM,WE,Federal Contract Tower,0,32,13,0,45,0,8,37,1,46,0,40,50,1,91,70,0,70,161
05/06/2003,YKM,WA,ANM,WE,Federal Contract Tower,0,30,13,0,43,0,4,30,0,34,0,34,43,0,77,78,0,78,155
05/07/2003,YKM,WA,ANM,WE,Federal Contract Tower,0,37,23,0,60,0,5,45,2,52,0,42,68,2,112,70,0,70,182
05/08/2003,YKM,WA,ANM,WE,Federal Contract Tower,0,36,16,0,52,0,3,29,2,34,0,39,45,2,86,68,0,68,154
05/09/2003,YKM,WA,ANM,WE,Federal Contract Tower,0,32,27,0,59,0,0,26,2,28,0,32,53,2,87,78,0,78,165
05/10/2003,YKM,WA,ANM,WE,Federal Contract Tower,0,17,9,0,26,0,1,47,0,48,0,18,56,0,74,48,0,48,122
05/11/2003,YKM,WA,ANM,WE,Federal Contract Tower,0,14,14,0,28,0,0,25,0,25,0,14,39,0,53,16,0,16,69
05/12/2003,YKM,WA,ANM,WE,Federal Contract Tower,0,31,22,5,58,0,5,23,2,30,0,36,45,7,88,16,24,40,128
05/13/2003,YKM,WA,ANM,WE,Federal Contract Tower,0,29,16,1,46,0,11,55,1,67,0,40,71,2,113,82,2,84,197
05/14/2003,YKM,WA,ANM,WE,Federal Contract Tower,0,33,27,3,63,0,4,51,1,56,0,37,78,4,119,35,0,35,154
05/15/2003,YKM,WA,ANM,WE,Federal Contract Tower,2,32,14,4,52,0,1,39,2,42,2,33,53,6,94,29,2,31,125
05/16/2003,YKM,WA,ANM,WE,Federal Contract Tower,0,34,14,0,48,0,6,47,0,53,0,40,61,0,101,86,0,86,187
05/17/2003,YKM,WA,ANM,WE,Federal Contract Tower,2,15,13,6,36,0,6,29,2,37,2,21,42,8,73,70,16,86,159
05/18/2003,YKM,WA,ANM,WE,Federal Contract Tower,0,12,15,3,30,0,0,34,1,35,0,12,49,4,65,12,2,14,79
05/19/2003,YKM,WA,ANM,WE,Federal Contract Tower,0,27,30,2,59,0,11,47,0,58,0,38,77,2,117,50,4,54,171
05/20/2003,YKM,WA,ANM,WE,Federal Contract Tower,0,36,21,0,57,0,4,52,2,58,0,40,73,2,115,66,0,66,181
05/21/2003,YKM,WA,ANM,WE,Federal Contract Tower,0,28,34,2,64,0,6,54,4,64,0,34,88,6,128,100,0,100,228
05/22/2003,YKM,WA,ANM,WE,Federal Contract Tower,0,30,18,7,55,0,5,39,1,45,0,35,57,8,100,65,8,73,173
05/23/2003,YKM,WA,ANM,WE,Federal Contract Tower,0,30,22,0,52,0,15,48,0,63,0,45,70,0,115,58,0,58,173
05/24/2003,YKM,WA,ANM,WE,Federal Contract Tower,0,16,2,0,18,0,1,58,0,59,0,17,60,0,77,48,0,48,125
05/25/2003,YKM,WA,ANM,WE,Federal Contract Tower,0,14,7,0,21,0,0,20,4,24,0,14,27,4,45,28,0,28,73
05/26/2003,YKM,WA,ANM,WE,Federal Contract Tower,0,16,8,0,24,0,0,56,0,56,0,16,64,0,80,76,0,76,156
05/27/2003,YKM,WA,ANM,WE,Federal Contract Tower,0,29,16,0,45,0,8,53,0,61,0,37,69,0,106,92,0,92,198
05/28/2003,YKM,WA,ANM,WE,Federal Contract Tower,0,33,24,2,59,0,7,48,2,57,0,40,72,4,116,52,0,52,168
05/29/2003,YKM,WA,ANM,WE,Federal Contract Tower,0,28,16,0,44,0,7,67,2,76,0,35,83,2,120,32,0,32,152
05/30/2003,YKM,WA,ANM,WE,Federal Contract Tower,0,31,26,3,60,0,4,27,3,34,0,35,53,6,94,36,0,36,130
05/31/2003,YKM,WA,ANM,WE,Federal Contract Tower,0,12,14,0,26,0,4,62,4,70,0,16,76,4,96,66,0,66,162
06/01/2003,YKM,WA,ANM,WE,Federal Contract Tower,0,12,3,0,15,0,0,37,2,39,0,12,40,2,54,38,0,38,92
06/02/2003,YKM,WA,ANM,WE,Federal Contract Tower,0,31,22,1,54,0,5,28,2,35,0,36,50,3,89,34,0,34,123
06/03/2003,YKM,WA,ANM,WE,Federal Contract Tower,0,26,15,1,42,0,13,41,6,60,0,39,56,7,102,54,2,56,158
06/04/2003,YKM,WA,ANM,WE,Federal Contract Tower,0,36,21,2,59,0,14,75,0,89,0,50,96,2,148,58,0,58,206
06/05/2003,YKM,WA,ANM,WE,Federal Contract Tower,0,27,14,5,46,0,9,70,5,84,0,36,84,10,130,71,2,73,203
06/06/2003,YKM,WA,ANM,WE,Federal Contract Tower,0,28,18,1,47,0,9,53,1,63,0,37,71,2,110,54,0,54,164
06/07/2003,YKM,WA,ANM,WE,Federal Contract Tower,0,15,11,4,30,0,2,66,6,74,0,17,77,10,104,48,0,48,152
06/08/2003,YKM,WA,ANM,WE,Federal Contract Tower,0,13,19,0,32,0,0,47,4,51,0,13,66,4,83,24,0,24,107
06/09/2003,YKM,WA,ANM,WE,Federal Contract Tower,0,25,24,0,49,0,8,52,0,60,0,33,76,0,109,54,0,54,163
06/10/2003,YKM,WA,ANM,WE,Federal Contract Tower,0,28,18,2,48,0,9,30,0,39,0,37,48,2,87,34,0,34,121
06/11/2003,YKM,WA,ANM,WE,Federal Contract Tower,2,29,33,0,64,0,10,56,2,68,2,39,89,2,132,49,0,49,181
06/12/2003,YKM,WA,ANM,WE,Federal Contract Tower,0,29,18,0,47,0,2,46,0,48,0,31,64,0,95,32,0,32,127
06/13/2003,YKM,WA,ANM,WE,Federal Contract Tower,2,30,17,4,53,0,11,48,0,59,2,41,65,4,112,44,0,44,156
06/14/2003,YKM,WA,ANM,WE,Federal Contract Tower,0,16,3,0,19,0,1,40,0,41,0,17,43,0,60,2,0,2,62
06/15/2003,YKM,WA,ANM,WE,Federal Contract Tower,0,16,7,2,25,0,0,59,4,63,0,16,66,6,88,34,0,34,122
06/16/2003,YKM,WA,ANM,WE,Federal Contract Tower,0,28,23,0,51,0,6,55,2,63,0,34,78,2,114,110,0,110,224
06/17/2003,YKM,WA,ANM,WE,Federal Contract Tower,0,31,21,2,54,0,8,61,0,69,0,39,82,2,123,58,0,58,181
06/18/2003,YKM,WA,ANM,WE,Federal Contract Tower,0,25,21,0,46,0,10,46,0,56,0,35,67,0,102,28,2,30,132
06/19/2003,YKM,WA,ANM,WE,Federal Contract Tower,0,27,18,0,45,0,8,64,0,72,0,35,82,0,117,86,0,86,203
06/20/2003,YKM,WA,ANM,WE,Federal Contract Tower,0,34,12,2,48,0,8,48,2,58,0,42,60,4,106,12,2,14,120
06/21/2003,YKM,WA,ANM,WE,Federal Contract Tower,0,19,9,0,28,0,2,55,2,59,0,21,64,2,87,76,0,76,163
06/22/2003,YKM,WA,ANM,WE,Federal Contract Tower,0,14,13,0,27,0,0,27,2,29,0,14,40,2,56,26,0,26,82
06/23/2003,YKM,WA,ANM,WE,Federal Contract Tower,0,31,17,0,48,0,8,62,4,74,0,39,79,4,122,68,0,68,190
06/24/2003,YKM,WA,ANM,WE,Federal Contract Tower,0,29,16,2,47,0,10,40,2,52,0,39,56,4,99,90,0,90,189
06/25/2003,YKM,WA,ANM,WE,Federal Contract Tower,0,24,17,6,47,0,8,66,1,75,0,32,83,7,122,106,6,112,234
06/26/2003,YKM,WA,ANM,WE,Federal Contract Tower,0,26,12,2,40,0,10,80,0,90,0,36,92,2,130,62,10,72,202
06/27/2003,YKM,WA,ANM,WE,Federal Contract Tower,0,26,9,5,40,0,16,68,1,85,0,42,77,6,125,66,0,66,191
06/28/2003,YKM,WA,ANM,WE,Federal Contract Tower,0,19,5,0,24,0,2,81,2,85,0,21,86,2,109,86,0,86,195
06/29/2003,YKM,WA,ANM,WE,Federal Contract Tower,0,12,14,0,26,0,0,67,0,67,0,12,81,0,93,30,0,30,123
06/30/2003,YKM,WA,ANM,WE,Federal Contract Tower,0,33,23,2,58,0,8,32,0,40,0,41,55,2,98,64,0,64,162
07/01/2003,YKM,WA,ANM,WE,Federal Contract Tower,0,27,24,2,53,0,12,56,0,68,0,39,80,2,121,40,0,40,161
07/02/2003,YKM,WA,ANM,WE,Federal Contract Tower,0,23,20,0,43,0,12,63,2,77,0,35,83,2,120,76,0,76,196
07/03/2003,YKM,WA,ANM,WE,Federal Contract Tower,0,27,18,0,45,0,9,73,0,82,0,36,91,0,127,78,2,80,207
07/04/2003,YKM,WA,ANM,WE,Federal Contract Tower,0,8,8,0,16,0,1,42,2,45,0,9,50,2,61,68,0,68,129
07/05/2003,YKM,WA,ANM,WE,Federal Contract Tower,0,16,13,0,29,0,2,45,0,47,0,18,58,0,76,28,0,28,104
07/06/2003,YKM,WA,ANM,WE,Federal Contract Tower,0,11,11,0,22,0,1,63,0,64,0,12,74,0,86,12,0,12,98
07/07/2003,YKM,WA,ANM,WE,Federal Contract Tower,0,26,16,0,42,0,14,46,0,60,0,40,62,0,102,58,0,58,160
07/08/2003,YKM,WA,ANM,WE,Federal Contract Tower,0,26,25,4,55,0,9,33,0,42,0,35,58,4,97,26,12,38,135
07/09/2003,YKM,WA,ANM,WE,Federal Contract Tower,0,26,22,0,48,0,12,71,0,83,0,38,93,0,131,61,0,61,192
07/10/2003,YKM,WA,ANM,WE,Federal Contract Tower,0,21,23,0,44,0,17,56,0,73,0,38,79,0,117,57,0,57,174
07/11/2003,YKM,WA,ANM,WE,Federal Contract Tower,0,24,14,5,43,0,14,64,5,83,0,38,78,10,126,60,23,83,209
07/12/2003,YKM,WA,ANM,WE,Federal Contract Tower,0,18,8,0,26,0,3,61,0,64,0,21,69,0,90,2,0,2,92
07/13/2003,YKM,WA,ANM,WE,Federal Contract Tower,0,16,18,1,35,0,0,68,3,71,0,16,86,4,106,16,0,16,122
07/14/2003,YKM,WA,ANM,WE,Federal Contract Tower,0,25,25,3,53,0,16,73,1,90,0,41,98,4,143,68,0,68,211
07/15/2003,YKM,WA,ANM,WE,Federal Contract Tower,0,27,20,13,60,0,13,35,3,51,0,40,55,16,111,100,14,114,225
07/16/2003,YKM,WA,ANM,WE,Federal Contract Tower,0,30,20,2,52,0,12,50,2,64,0,42,70,4,116,28,2,30,146
07/17/2003,YKM,WA,ANM,WE,Federal Contract Tower,0,29,24,2,55,0,0,54,0,54,0,29,78,2,109,93,0,93,202
07/18/2003,YKM,WA,ANM,WE,Federal Contract Tower,0,21,25,0,46,0,17,74,4,95,0,38,99,4,141,118,0,118,259
07/19/2003,YKM,WA,ANM,WE,Federal Contract Tower,0,16,12,0,28,0,8,47,0,55,0,24,59,0,83,42,2,44,127
07/20/2003,YKM,WA,ANM,WE,Federal Contract Tower,0,16,10,0,26,0,1,61,4,66,0,17,71,4,92,30,0,30,122
07/21/2003,YKM,WA,ANM,WE,Federal Contract Tower,0,21,21,5,47,0,18,59,0,77,0,39,80,5,124,124,0,124,248
07/22/2003,YKM,WA,ANM,WE,Federal Contract Tower,0,22,30,5,57,0,14,55,3,72,0,36,85,8,129,42,0,42,171
07/23/2003,YKM,WA,ANM,WE,Federal Contract Tower,0,36,28,2,66,0,6,61,1,68,0,42,89,3,134,78,0,78,212
07/24/2003,YKM,WA,ANM,WE,Federal Contract Tower,0,22,16,4,42,0,19,52,0,71,0,41,68,4,113,38,0,38,151
07/25/2003,YKM,WA,ANM,WE,Federal Contract Tower,0,24,19,0,43,0,18,65,0,83,0,42,84,0,126,84,0,84,210
07/26/2003,YKM,WA,ANM,WE,Federal Contract Tower,0,18,6,2,26,0,2,67,0,69,0,20,73,2,95,66,2,68,163
07/27/2003,YKM,WA,ANM,WE,Federal Contract Tower,0,14,14,2,30,0,0,54,0,54,0,14,68,2,84,38,0,38,122
07/28/2003,YKM,WA,ANM,WE,Federal Contract Tower,0,18,6,0,24,0,16,42,0,58,0,34,48,0,82,40,0,40,122
07/29/2003,YKM,WA,ANM,WE,Federal Contract Tower,0,21,11,0,32,0,18,41,2,61,0,39,52,2,93,46,0,46,139
07/30/2003,YKM,WA,ANM,WE,Federal Contract Tower,0,25,16,0,41,0,10,54,0,64,0,35,70,0,105,44,0,44,149
07/31/2003,YKM,WA,ANM,WE,Federal Contract Tower,0,25,20,2,47,0,10,44,0,54,0,35,64,2,101,85,0,85,186
08/01/2003,YKM,WA,ANM,WE,Federal Contract Tower,0,22,26,0,48,0,14,52,0,66,0,36,78,0,114,20,0,20,134
08/02/2003,YKM,WA,ANM,WE,Federal Contract Tower,1,14,9,0,24,0,6,49,0,55,1,20,58,0,79,44,0,44,123
08/03/2003,YKM,WA,ANM,WE,Federal Contract Tower,0,12,13,0,25,0,0,38,0,38,0,12,51,0,63,4,0,4,67
08/04/2003,YKM,WA,ANM,WE,Federal Contract Tower,0,23,25,3,51,0,14,52,1,67,0,37,77,4,118,78,6,84,202
08/05/2003,YKM,WA,ANM,WE,Federal Contract Tower,0,28,15,8,51,0,7,39,0,46,0,35,54,8,97,66,20,86,183
08/06/2003,YKM,WA,ANM,WE,Federal Contract Tower,0,24,17,0,41,1,11,46,6,64,1,35,63,6,105,68,0,68,173
08/07/2003,YKM,WA,ANM,WE,Federal Contract Tower,0,24,17,0,41,0,12,45,4,61,0,36,62,4,102,83,0,83,185
08/08/2003,YKM,WA,ANM,WE,Federal Contract Tower,0,22,11,0,33,0,19,92,2,113,0,41,103,2,146,30,0,30,176
08/09/2003,YKM,WA,ANM,WE,Federal Contract Tower,0,17,4,0,21,0,1,59,2,62,0,18,63,2,83,48,0,48,131
08/10/2003,YKM,WA,ANM,WE,Federal Contract Tower,0,14,13,0,27,0,0,46,1,47,0,14,59,1,74,10,0,10,84
08/11/2003,YKM,WA,ANM,WE,Federal Contract Tower,0,22,14,0,36,0,16,38,0,54,0,38,52,0,90,32,4,36,126
08/12/2003,YKM,WA,ANM,WE,Federal Contract Tower,0,30,15,2,47,0,6,46,0,52,0,36,61,2,99,50,14,64,163
08/13/2003,YKM,WA,ANM,WE,Federal Contract Tower,0,20,14,3,37,0,18,70,5,93,0,38,84,8,130,38,34,72,202
08/14/2003,YKM,WA,ANM,WE,Federal Contract Tower,0,28,19,2,49,0,5,59,8,72,0,33,78,10,121,36,0,36,157
08/15/2003,YKM,WA,ANM,WE,Federal Contract Tower,0,21,18,2,41,0,19,45,4,68,0,40,63,6,109,42,0,42,151
08/16/2003,YKM,WA,ANM,WE,Federal Contract Tower,2,22,10,3,37,0,1,40,1,42,2,23,50,4,79,0,2,2,81
08/17/2003,YKM,WA,ANM,WE,Federal Contract Tower,0,14,10,0,24,0,0,71,0,71,0,14,81,0,95,10,0,10,105
08/18/2003,YKM,WA,ANM,WE,Federal Contract Tower,0,21,14,2,37,0,15,70,0,85,0,36,84,2,122,60,0,60,182
08/19/2003,YKM,WA,ANM,WE,Federal Contract Tower,0,26,13,4,43,0,11,47,0,58,0,37,60,4,101,28,0,28,129
08/20/2003,YKM,WA,ANM,WE,Federal Contract Tower,0,31,24,0,55,0,14,57,0,71,0,45,81,0,126,73,2,75,201
08/21/2003,YKM,WA,ANM,WE,Federal Contract Tower,2,34,28,0,64,0,11,35,0,46,2,45,63,0,110,30,0,30,140
08/22/2003,YKM,WA,ANM,WE,Federal Contract Tower,0,27,19,2,48,0,5,42,0,47,0,32,61,2,95,64,10,74,169
08/23/2003,YKM,WA,ANM,WE,Federal Contract Tower,0,19,5,4,28,0,1,51,0,52,0,20,56,4,80,62,2,64,144
08/24/2003,YKM,WA,ANM,WE,Federal Contract Tower,0,14,8,0,22,0,0,49,4,53,0,14,57,4,75,38,0,38,113
08/25/2003,YKM,WA,ANM,WE,Federal Contract Tower,0,23,9,0,32,0,21,47,0,68,0,44,56,0,100,64,0,64,164
08/26/2003,YKM,WA,ANM,WE,Federal Contract Tower,0,37,12,1,50,0,9,59,5,73,0,46,71,6,123,42,0,42,165
08/27/2003,YKM,WA,ANM,WE,Federal Contract Tower,0,24,32,10,66,0,11,50,0,61,0,35,82,10,127,42,2,44,171
08/28/2003,YKM,WA,ANM,WE,Federal Contract Tower,0,26,11,2,39,0,17,60,2,79,0,43,71,4,118,52,2,54,172
08/29/2003,YKM,WA,ANM,WE,Federal Contract Tower,0,26,27,4,57,0,12,74,2,88,0,38,101,6,145,54,0,54,199
08/30/2003,YKM,WA,ANM,WE,Federal Contract Tower,0,18,8,0,26,0,5,46,0,51,0,23,54,0,77,4,0,4,81
08/31/2003,YKM,WA,ANM,WE,Federal Contract Tower,0,13,5,0,18,0,0,45,0,45,0,13,50,0,63,0,0,0,63
09/01/2003,YKM,WA,ANM,WE,Federal Contract Tower,0,14,16,0,30,0,1,68,0,69,0,15,84,0,99,16,0,16,115
09/02/2003,YKM,WA,ANM,WE,Federal Contract Tower,0,27,12,3,42,0,12,35,5,52,0,39,47,8,94,28,0,28,122
09/03/2003,YKM,WA,ANM,WE,Federal Contract Tower,0,27,26,0,53,0,10,64,2,76,0,37,90,2,129,58,0,58,187
09/04/2003,YKM,WA,ANM,WE,Federal Contract Tower,0,26,16,9,51,0,12,55,1,68,0,38,71,10,119,54,0,54,173
09/05/2003,YKM,WA,ANM,WE,Federal Contract Tower,0,24,34,2,60,0,15,53,0,68,0,39,87,2,128,50,0,50,178
09/06/2003,YKM,WA,ANM,WE,Federal Contract Tower,0,12,13,4,29,0,5,68,0,73,0,17,81,4,102,190,0,190,292
09/07/2003,YKM,WA,ANM,WE,Federal Contract Tower,0,11,8,0,19,0,1,15,0,16,0,12,23,0,35,16,0,16,51
09/08/2003,YKM,WA,ANM,WE,Federal Contract Tower,0,28,24,2,54,0,11,23,0,34,0,39,47,2,88,60,0,60,148
09/09/2003,YKM,WA,ANM,WE,Federal Contract Tower,0,32,32,4,68,0,8,36,0,44,0,40,68,4,112,50,2,52,164
09/10/2003,YKM,WA,ANM,WE,Federal Contract Tower,0,24,21,4,49,0,14,37,0,51,0,38,58,4,100,20,0,20,120
09/11/2003,YKM,WA,ANM,WE,Federal Contract Tower,0,35,28,3,66,0,1,29,7,37,0,36,57,10,103,47,0,47,150
09/12/2003,YKM,WA,ANM,WE,Federal Contract Tower,0,24,24,0,48,0,14,85,6,105,0,38,109,6,153,28,0,28,181
09/13/2003,YKM,WA,ANM,WE,Federal Contract Tower,0,19,10,0,29,0,0,54,2,56,0,19,64,2,85,30,0,30,115
09/14/2003,YKM,WA,ANM,WE,Federal Contract Tower,0,14,7,0,21,0,0,49,0,49,0,14,56,0,70,16,0,16,86
09/15/2003,YKM,WA,ANM,WE,Federal Contract Tower,0,26,13,9,48,0,11,37,1,49,0,37,50,10,97,46,2,48,145
09/16/2003,YKM,WA,ANM,WE,Federal Contract Tower,0,27,24,4,55,0,8,21,0,29,0,35,45,4,84,50,14,64,148
09/17/2003,YKM,WA,ANM,WE,Federal Contract Tower,0,31,28,4,63,0,16,31,0,47,0,47,59,4,110,36,0,36,146
09/18/2003,YKM,WA,ANM,WE,Federal Contract Tower,0,24,24,2,50,0,16,50,0,66,0,40,74,2,116,36,0,36,152
09/19/2003,YKM,WA,ANM,WE,Federal Contract Tower,0,28,21,0,49,0,3,45,0,48,0,31,66,0,97,18,0,18,115
09/20/2003,YKM,WA,ANM,WE,Federal Contract Tower,0,17,14,0,31,0,1,69,6,76,0,18,83,6,107,46,0,46,153
09/21/2003,YKM,WA,ANM,WE,Federal Contract Tower,0,12,11,0,23,0,0,55,6,61,0,12,66,6,84,34,0,34,118
09/22/2003,YKM,WA,ANM,WE,Federal Contract Tower,0,21,21,0,42,0,13,41,0,54,0,34,62,0,96,18,0,18,114
09/23/2003,YKM,WA,ANM,WE,Federal Contract Tower,0,26,12,2,40,0,10,42,2,54,0,36,54,4,94,20,0,20,114
09/24/2003,YKM,WA,ANM,WE,Federal Contract Tower,0,26,22,2,50,0,12,51,0,63,0,38,73,2,113,42,4,46,159
09/25/2003,YKM,WA,ANM,WE,Federal Contract Tower,0,22,14,1,37,0,17,69,5,91,0,39,83,6,128,38,0,38,166
09/26/2003,YKM,WA,ANM,WE,Federal Contract Tower,0,22,13,0,35,0,10,58,4,72,0,32,71,4,107,17,1,18,125
09/27/2003,YKM,WA,ANM,WE,Federal Contract Tower,0,19,5,0,24,0,3,74,0,77,0,22,79,0,101,44,0,44,145
09/28/2003,YKM,WA,ANM,WE,Federal Contract Tower,0,10,7,2,19,0,0,50,0,50,0,10,57,2,69,16,0,16,85
09/29/2003,YKM,WA,ANM,WE,Federal Contract Tower,0,27,20,2,49,0,12,50,0,62,0,39,70,2,111,42,0,42,153
09/30/2003,YKM,WA,ANM,WE,Federal Contract Tower,0,27,19,4,50,0,8,49,0,57,0,35,68,4,107,54,4,58,165
10/01/2003,YKM,WA,ANM,WE,Federal Contract Tower,0,33,19,1,53,0,11,37,0,48,0,44,56,1,101,20,1,21,122
10/02/2003,YKM,WA,ANM,WE,Federal Contract Tower,1,29,16,1,47,1,3,26,3,33,2,32,42,4,80,63,8,71,151
10/03/2003,YKM,WA,ANM,WE,Federal Contract Tower,0,26,15,0,41,0,10,46,0,56,0,36,61,0,97,68,0,68,165
10/04/2003,YKM,WA,ANM,WE,Federal Contract Tower,1,21,12,0,34,1,1,32,2,36,2,22,44,2,70,42,6,48,118
10/05/2003,YKM,WA,ANM,WE,Federal Contract Tower,0,14,8,0,22,0,0,38,6,44,0,14,46,6,66,16,0,16,82
10/06/2003,YKM,WA,ANM,WE,Federal Contract Tower,0,29,16,0,45,0,8,41,0,49,0,37,57,0,94,16,0,16,110
10/07/2003,YKM,WA,ANM,WE,Federal Contract Tower,0,37,21,0,58,0,3,33,0,36,0,40,54,0,94,20,0,20,114
10/08/2003,YKM,WA,ANM,WE,Federal Contract Tower,0,25,14,0,39,0,13,13,0,26,0,38,27,0,65,24,0,24,89
10/09/2003,YKM,WA,ANM,WE,Federal Contract Tower,0,31,18,2,51,0,10,51,2,63,0,41,69,4,114,10,2,12,126
10/10/2003,YKM,WA,ANM,WE,Federal Contract Tower,0,25,15,0,40,0,9,47,0,56,0,34,62,0,96,23,0,23,119
10/11/2003,YKM,WA,ANM,WE,Federal Contract Tower,0,14,8,0,22,0,4,20,0,24,0,18,28,0,46,42,0,42,88
10/12/2003,YKM,WA,ANM,WE,Federal Contract Tower,0,11,7,0,18,0,3,14,0,17,0,14,21,0,35,2,0,2,37
10/13/2003,YKM,WA,ANM,WE,Federal Contract Tower,0,21,13,1,35,1,2,39,1,43,1,23,52,2,78,56,0,56,134
10/14/2003,YKM,WA,ANM,WE,Federal Contract Tower,0,26,15,2,43,3,11,18,0,32,3,37,33,2,75,26,0,26,101
10/15/2003,YKM,WA,ANM,WE,Federal Contract Tower,0,32,18,2,52,0,4,3,4,11,0,36,21,6,63,16,2,18,81
10/16/2003,YKM,WA,ANM,WE,Federal Contract Tower,0,29,17,2,48,0,1,0,10,11,0,30,17,12,59,11,6,17,76
10/17/2003,YKM,WA,ANM,WE,Federal Contract Tower,0,33,18,0,51,0,6,25,0,31,0,39,43,0,82,48,0,48,130
10/18/2003,YKM,WA,ANM,WE,Federal Contract Tower,0,17,9,0,26,0,0,68,0,68,0,17,77,0,94,86,0,86,180
10/19/2003,YKM,WA,ANM,WE,Federal Contract Tower,0,12,7,0,19,0,0,16,0,16,0,12,23,0,35,16,0,16,51
10/20/2003,YKM,WA,ANM,WE,Federal Contract Tower,0,23,11,0,34,0,13,8,0,21,0,36,19,0,55,32,0,32,87
10/21/2003,YKM,WA,ANM,WE,Federal Contract Tower,0,32,17,2,51,0,12,33,0,45,0,44,50,2,96,74,2,76,172
10/22/2003,YKM,WA,ANM,WE,Federal Contract Tower,0,39,21,2,62,0,3,75,4,82,0,42,96,6,144,32,0,32,176
10/23/2003,YKM,WA,ANM,WE,Federal Contract Tower,0,25,13,0,38,0,13,52,0,65,0,38,65,0,103,94,0,94,197
10/24/2003,YKM,WA,ANM,WE,Federal Contract Tower,0,34,19,1,54,0,1,64,1,66,0,35,83,2,120,66,2,68,188
10/25/2003,YKM,WA,ANM,WE,Federal Contract Tower,0,20,13,0,33,0,0,52,0,52,0,20,65,0,85,46,0,46,131
10/26/2003,YKM,WA,ANM,WE,Federal Contract Tower,0,12,8,0,20,0,0,60,0,60,0,12,68,0,80,32,0,32,112
10/27/2003,YKM,WA,ANM,WE,Federal Contract Tower,0,28,15,0,43,0,5,37,0,42,0,33,52,0,85,46,0,46,131
10/28/2003,YKM,WA,ANM,WE,Federal Contract Tower,0,28,16,1,45,0,8,9,3,20,0,36,25,4,65,16,0,16,81
10/29/2003,YKM,WA,ANM,WE,Federal Contract Tower,0,35,19,0,54,0,7,28,0,35,0,42,47,0,89,39,0,39,128
10/30/2003,YKM,WA,ANM,WE,Federal Contract Tower,0,31,18,0,49,0,16,16,0,32,0,47,34,0,81,15,0,15,96
10/31/2003,YKM,WA,ANM,WE,Federal Contract Tower,0,27,15,0,42,0,10,39,0,49,0,37,54,0,91,60,0,60,151
11/01/2003,YKM,WA,ANM,WE,Federal Contract Tower,0,22,11,1,34,0,0,31,1,32,0,22,42,2,66,54,0,54,120
11/02/2003,YKM,WA,ANM,WE,Federal Contract Tower,0,11,4,0,15,0,1,0,2,3,0,12,4,2,18,0,0,0,18
11/03/2003,YKM,WA,ANM,WE,Federal Contract Tower,0,21,11,0,32,0,15,26,0,41,0,36,37,0,73,52,0,52,125
11/04/2003,YKM,WA,ANM,WE,Federal Contract Tower,0,30,15,0,45,0,9,25,0,34,0,39,40,0,79,42,0,42,121
11/05/2003,YKM,WA,ANM,WE,Federal Contract Tower,0,37,19,2,58,0,2,35,0,37,0,39,54,2,95,36,0,36,131
11/06/2003,YKM,WA,ANM,WE,Federal Contract Tower,0,35,19,2,56,0,3,47,0,50,0,38,66,2,106,4,2,6,112
11/07/2003,YKM,WA,ANM,WE,Federal Contract Tower,0,38,20,0,58,0,4,39,0,43,0,42,59,0,101,26,0,26,127
11/08/2003,YKM,WA,ANM,WE,Federal Contract Tower,0,18,11,0,29,0,0,46,0,46,0,18,57,0,75,42,0,42,117
11/09/2003,YKM,WA,ANM,WE,Federal Contract Tower,0,11,6,1,18,0,3,19,1,23,0,14,25,2,41,30,2,32,73
11/10/2003,YKM,WA,ANM,WE,Federal Contract Tower,0,33,18,2,53,0,2,17,4,23,0,35,35,6,76,30,0,30,106
11/11/2003,YKM,WA,ANM,WE,Federal Contract Tower,0,25,13,0,38,0,2,22,0,24,0,27,35,0,62,32,0,32,94
11/12/2003,YKM,WA,ANM,WE,Federal Contract Tower,0,31,16,0,47,0,12,66,0,78,0,43,82,0,125,83,0,83,208
11/13/2003,YKM,WA,ANM,WE,Federal Contract Tower,0,33,17,0,50,4,6,53,0,63,4,39,70,0,113,84,0,84,197
11/14/2003,YKM,WA,ANM,WE,Federal Contract Tower,0,35,18,2,55,0,7,6,2,15,0,42,24,4,70,108,0,108,178
11/15/2003,YKM,WA,ANM,WE,Federal Contract Tower,0,17,8,1,26,0,1,24,1,26,0,18,32,2,52,122,0,122,174
11/16/2003,YKM,WA,ANM,WE,Federal Contract Tower,0,13,6,0,19,0,1,2,0,3,0,14,8,0,22,6,0,6,28
11/17/2003,YKM,WA,ANM,WE,Federal Contract Tower,0,31,15,2,48,0,4,14,0,18,0,35,29,2,66,44,0,44,110
11/18/2003,YKM,WA,ANM,WE,Federal Contract Tower,0,29,14,2,45,0,8,5,0,13,0,37,19,2,58,20,38,58,116
11/19/2003,YKM,WA,ANM,WE,Federal Contract Tower,0,36,17,0,53,0,2,26,0,28,0,38,43,0,81,52,0,52,133
11/20/2003,YKM,WA,ANM,WE,Federal Contract Tower,0,36,18,2,56,0,5,14,0,19,0,41,32,2,75,28,0,28,103
11/21/2003,YKM,WA,ANM,WE,Federal Contract Tower,0,34,17,0,51,0,8,43,0,51,0,42,60,0,102,56,0,56,158
11/22/2003,YKM,WA,ANM,WE,Federal Contract Tower,0,19,10,0,29,0,0,49,0,49,0,19,59,0,78,70,0,70,148
11/23/2003,YKM,WA,ANM,WE,Federal Contract Tower,0,13,9,0,22,0,0,36,0,36,0,13,45,0,58,62,0,62,120
11/24/2003,YKM,WA,ANM,WE,Federal Contract Tower,0,25,13,1,39,0,13,9,1,23,0,38,22,2,62,2,0,2,64
11/25/2003,YKM,WA,ANM,WE,Federal Contract Tower,0,32,16,1,49,0,6,18,3,27,0,38,34,4,76,24,0,24,100
11/26/2003,YKM,WA,ANM,WE,Federal Contract Tower,0,37,19,1,57,0,11,33,1,45,0,48,52,2,102,26,0,26,128
11/27/2003,YKM,WA,ANM,WE,Federal Contract Tower,0,8,4,0,12,0,3,4,0,7,0,11,8,0,19,0,0,0,19
11/28/2003,YKM,WA,ANM,WE,Federal Contract Tower,0,30,15,0,45,0,9,7,0,16,0,39,22,0,61,14,0,14,75
11/29/2003,YKM,WA,ANM,WE,Federal Contract Tower,0,15,8,0,23,0,6,36,0,42,0,21,44,0,65,68,0,68,133
11/30/2003,YKM,WA,ANM,WE,Federal Contract Tower,0,15,12,0,27,0,0,46,0,46,0,15,58,0,73,18,0,18,91
12/01/2003,YKM,WA,ANM,WE,Federal Contract Tower,0,36,11,1,48,0,4,0,1,5,0,40,11,2,53,0,0,0,53
12/02/2003,YKM,WA,ANM,WE,Federal Contract Tower,0,37,11,1,49,0,0,0,1,1,0,37,11,2,50,12,0,12,62
12/03/2003,YKM,WA,ANM,WE,Federal Contract Tower,0,39,17,1,57,0,2,65,3,70,0,41,82,4,127,20,8,28,155
12/04/2003,YKM,WA,ANM,WE,Federal Contract Tower,0,36,16,2,54,0,2,23,0,25,0,38,39,2,79,14,0,14,93
12/05/2003,YKM,WA,ANM,WE,Federal Contract Tower,0,40,19,2,61,0,0,8,4,12,0,40,27,6,73,2,0,2,75
12/06/2003,YKM,WA,ANM,WE,Federal Contract Tower,0,16,7,0,23,0,4,39,0,43,0,20,46,0,66,48,0,48,114
12/07/2003,YKM,WA,ANM,WE,Federal Contract Tower,0,15,7,0,22,0,3,2,0,5,0,18,9,0,27,28,0,28,55
12/08/2003,YKM,WA,ANM,WE,Federal Contract Tower,0,33,15,2,50,0,0,2,0,2,0,33,17,2,52,0,0,0,52
12/09/2003,YKM,WA,ANM,WE,Federal Contract Tower,0,35,15,0,50,1,5,3,0,9,1,40,18,0,59,50,0,50,109
12/10/2003,YKM,WA,ANM,WE,Federal Contract Tower,0,36,16,2,54,0,4,2,2,8,0,40,18,4,62,4,0,4,66
12/11/2003,YKM,WA,ANM,WE,Federal Contract Tower,0,38,16,2,56,0,2,5,0,7,0,40,21,2,63,23,0,23,86
12/12/2003,YKM,WA,ANM,WE,Federal Contract Tower,0,31,13,0,44,0,2,4,0,6,0,33,17,0,50,3,0,3,53
12/13/2003,YKM,WA,ANM,WE,Federal Contract Tower,0,21,9,0,30,0,0,1,0,1,0,21,10,0,31,0,0,0,31
12/14/2003,YKM,WA,ANM,WE,Federal Contract Tower,0,4,2,0,6,0,0,2,0,2,0,4,4,0,8,2,0,2,10
12/15/2003,YKM,WA,ANM,WE,Federal Contract Tower,0,37,16,2,55,0,0,41,0,41,0,37,57,2,96,56,0,56,152
12/16/2003,YKM,WA,ANM,WE,Federal Contract Tower,0,35,15,2,52,0,5,10,0,15,0,40,25,2,67,18,0,18,85
12/17/2003,YKM,WA,ANM,WE,Federal Contract Tower,0,44,19,1,64,0,0,44,1,45,0,44,63,2,109,78,38,116,225
12/18/2003,YKM,WA,ANM,WE,Federal Contract Tower,0,35,14,0,49,0,8,16,0,24,0,43,30,0,73,51,0,51,124
12/19/2003,YKM,WA,ANM,WE,Federal Contract Tower,0,37,16,0,53,0,3,15,0,18,0,40,31,0,71,33,0,33,104
12/20/2003,YKM,WA,ANM,WE,Federal Contract Tower,0,21,9,0,30,0,0,1,0,1,0,21,10,0,31,0,0,0,31
12/21/2003,YKM,WA,ANM,WE,Federal Contract Tower,0,10,1,0,11,0,0,0,8,8,0,10,1,8,19,0,0,0,19
12/22/2003,YKM,WA,ANM,WE,Federal Contract Tower,0,39,13,1,53,0,0,0,1,1,0,39,13,2,54,20,2,22,76
12/23/2003,YKM,WA,ANM,WE,Federal Contract Tower,0,36,15,0,51,0,4,7,0,11,0,40,22,0,62,34,0,34,96
12/24/2003,YKM,WA,ANM,WE,Federal Contract Tower,0,29,7,0,36,0,7,0,0,7,0,36,7,0,43,6,0,6,49
12/25/2003,YKM,WA,ANM,WE,Federal Contract Tower,0,4,1,0,5,0,7,1,0,8,0,11,2,0,13,2,0,2,15
12/26/2003,YKM,WA,ANM,WE,Federal Contract Tower,0,33,14,0,47,0,4,37,0,41,0,37,51,0,88,10,0,10,98
12/27/2003,YKM,WA,ANM,WE,Federal Contract Tower,0,22,9,0,31,0,1,3,0,4,0,23,12,0,35,2,0,2,37
12/28/2003,YKM,WA,ANM,WE,Federal Contract Tower,0,14,3,0,17,0,0,0,0,0,0,14,3,0,17,0,0,0,17
12/29/2003,YKM,WA,ANM,WE,Federal Contract Tower,0,30,12,1,43,0,4,13,3,20,0,34,25,4,63,8,0,8,71
12/30/2003,YKM,WA,ANM,WE,Federal Contract Tower,0,35,15,0,50,0,1,28,0,29,0,36,43,0,79,38,0,38,117
12/31/2003,YKM,WA,ANM,WE,Federal Contract Tower,0,35,14,0,49,0,4,4,0,8,0,39,18,0,57,30,0,30,87
01/01/2004,YKM,WA,ANM,WE,Federal Contract Tower,0,3,0,0,3,0,2,0,0,2,0,5,0,0,5,0,0,0,5
01/02/2004,YKM,WA,ANM,WE,Federal Contract Tower,0,30,14,0,44,0,10,13,0,23,0,40,27,0,67,13,0,13,80
01/03/2004,YKM,WA,ANM,WE,Federal Contract Tower,0,19,3,0,22,0,0,0,0,0,0,19,3,0,22,18,0,18,40
01/04/2004,YKM,WA,ANM,WE,Federal Contract Tower,0,11,6,0,17,0,4,16,0,20,0,15,22,0,37,32,0,32,69
01/05/2004,YKM,WA,ANM,WE,Federal Contract Tower,0,23,11,0,34,0,7,10,0,17,0,30,21,0,51,14,0,14,65
01/06/2004,YKM,WA,ANM,WE,Federal Contract Tower,0,17,3,0,20,0,6,0,0,6,0,23,3,0,26,0,0,0,26
01/07/2004,YKM,WA,ANM,WE,Federal Contract Tower,0,21,10,0,31,0,7,0,0,7,0,28,10,0,38,3,0,3,41
01/08/2004,YKM,WA,ANM,WE,Federal Contract Tower,0,28,13,0,41,0,7,5,0,12,0,35,18,0,53,12,0,12,65
01/09/2004,YKM,WA,ANM,WE,Federal Contract Tower,0,27,9,0,36,0,6,0,0,6,0,33,9,0,42,4,0,4,46
01/10/2004,YKM,WA,ANM,WE,Federal Contract Tower,0,5,3,0,8,0,0,2,0,2,0,5,5,0,10,0,0,0,10
01/11/2004,YKM,WA,ANM,WE,Federal Contract Tower,0,8,3,0,11,0,2,0,0,2,0,10,3,0,13,0,0,0,13
01/12/2004,YKM,WA,ANM,WE,Federal Contract Tower,0,28,7,0,35,0,5,0,0,5,0,33,7,0,40,2,0,2,42
01/13/2004,YKM,WA,ANM,WE,Federal Contract Tower,0,41,20,2,63,0,0,4,2,6,0,41,24,4,69,0,0,0,69
01/14/2004,YKM,WA,ANM,WE,Federal Contract Tower,0,36,16,0,52,0,1,1,0,2,0,37,17,0,54,0,0,0,54
01/15/2004,YKM,WA,ANM,WE,Federal Contract Tower,0,33,11,1,45,0,2,0,2,4,0,35,11,3,49,6,5,11,60
01/16/2004,YKM,WA,ANM,WE,Federal Contract Tower,0,33,9,0,42,0,10,0,0,10,0,43,9,0,52,2,0,2,54
01/17/2004,YKM,WA,ANM,WE,Federal Contract Tower,0,19,5,0,24,0,0,0,2,2,0,19,5,2,26,92,0,92,118
01/18/2004,YKM,WA,ANM,WE,Federal Contract Tower,0,12,6,0,18,0,2,4,0,6,0,14,10,0,24,90,0,90,114
01/19/2004,YKM,WA,ANM,WE,Federal Contract Tower,0,25,12,1,38,0,0,7,1,8,0,25,19,2,46,96,0,96,142
01/20/2004,YKM,WA,ANM,WE,Federal Contract Tower,0,39,22,1,62,0,0,4,3,7,0,39,26,4,69,96,4,100,169
01/21/2004,YKM,WA,ANM,WE,Federal Contract Tower,0,42,25,1,68,0,0,22,3,25,0,42,47,4,93,70,2,72,165
01/22/2004,YKM,WA,ANM,WE,Federal Contract Tower,0,43,22,1,66,0,0,3,5,8,0,43,25,6,74,76,0,76,150
01/23/2004,YKM,WA,ANM,WE,Federal Contract Tower,0,39,17,0,56,0,8,0,0,8,0,47,17,0,64,9,0,9,73
01/24/2004,YKM,WA,ANM,WE,Federal Contract Tower,0,23,11,0,34,0,0,18,0,18,0,23,29,0,52,54,0,54,106
01/25/2004,YKM,WA,ANM,WE,Federal Contract Tower,0,14,7,0,21,0,0,17,4,21,0,14,24,4,42,44,0,44,86
01/26/2004,YKM,WA,ANM,WE,Federal Contract Tower,0,36,21,1,58,0,0,20,3,23,0,36,41,4,81,54,4,58,139
01/27/2004,YKM,WA,ANM,WE,Federal Contract Tower,0,34,16,0,50,0,3,33,0,36,0,37,49,0,86,18,0,18,104
01/28/2004,YKM,WA,ANM,WE,Federal Contract Tower,0,43,21,0,64,0,0,20,0,20,0,43,41,0,84,76,2,78,162
01/29/2004,YKM,WA,ANM,WE,Federal Contract Tower,0,37,18,1,56,0,0,31,1,32,0,37,49,2,88,29,8,37,125
01/30/2004,YKM,WA,ANM,WE,Federal Contract Tower,0,32,15,0,47,0,6,11,0,17,0,38,26,0,64,4,0,4,68
01/31/2004,YKM,WA,ANM,WE,Federal Contract Tower,0,19,10,0,29,0,0,44,0,44,0,19,54,0,73,116,0,116,189
02/01/2004,YKM,WA,ANM,WE,Federal Contract Tower,0,15,11,0,26,0,1,18,0,19,0,16,29,0,45,46,0,46,91
02/02/2004,YKM,WA,ANM,WE,Federal Contract Tower,0,23,9,0,32,0,10,0,0,10,0,33,9,0,42,0,0,0,42
02/03/2004,YKM,WA,ANM,WE,Federal Contract Tower,0,30,22,0,52,0,12,13,0,25,0,42,35,0,77,30,0,30,107
02/04/2004,YKM,WA,ANM,WE,Federal Contract Tower,0,34,25,2,61,0,7,42,3,52,0,41,67,5,113,59,15,74,187
02/05/2004,YKM,WA,ANM,WE,Federal Contract Tower,0,37,28,0,65,0,0,38,0,38,0,37,66,0,103,52,0,52,155
02/06/2004,YKM,WA,ANM,WE,Federal Contract Tower,0,38,28,3,69,0,8,5,0,13,0,46,33,3,82,17,0,17,99
02/07/2004,YKM,WA,ANM,WE,Federal Contract Tower,0,18,14,0,32,0,3,15,0,18,0,21,29,0,50,60,0,60,110
02/08/2004,YKM,WA,ANM,WE,Federal Contract Tower,0,16,16,1,33,0,0,41,3,44,0,16,57,4,77,40,14,54,131
02/09/2004,YKM,WA,ANM,WE,Federal Contract Tower,1,33,24,2,60,5,4,37,6,52,6,37,61,8,112,44,0,44,156
02/10/2004,YKM,WA,ANM,WE,Federal Contract Tower,1,28,21,0,50,5,10,36,0,51,6,38,57,0,101,26,0,26,127
02/11/2004,YKM,WA,ANM,WE,Federal Contract Tower,0,29,21,2,52,0,8,51,4,63,0,37,72,6,115,56,0,56,171
02/12/2004,YKM,WA,ANM,WE,Federal Contract Tower,0,27,18,1,46,0,9,24,1,34,0,36,42,2,80,53,0,53,133
02/13/2004,YKM,WA,ANM,WE,Federal Contract Tower,1,38,26,3,68,1,5,21,4,31,2,43,47,7,99,14,6,20,119
02/14/2004,YKM,WA,ANM,WE,Federal Contract Tower,0,17,9,0,26,0,1,0,0,1,0,18,9,0,27,76,0,76,103
02/15/2004,YKM,WA,ANM,WE,Federal Contract Tower,0,10,6,0,16,0,0,8,0,8,0,10,14,0,24,8,0,8,32
02/16/2004,YKM,WA,ANM,WE,Federal Contract Tower,0,23,20,0,43,0,0,9,0,9,0,23,29,0,52,10,0,10,62
02/17/2004,YKM,WA,ANM,WE,Federal Contract Tower,0,34,22,2,58,0,3,0,0,3,0,37,22,2,61,6,0,6,67
02/18/2004,YKM,WA,ANM,WE,Federal Contract Tower,0,40,29,4,73,0,0,19,4,23,0,40,48,8,96,61,0,61,157
02/19/2004,YKM,WA,ANM,WE,Federal Contract Tower,0,35,31,4,70,0,0,50,5,55,0,35,81,9,125,129,6,135,260
02/20/2004,YKM,WA,ANM,WE,Federal Contract Tower,0,34,24,3,61,0,0,24,1,25,0,34,48,4,86,80,2,82,168
02/21/2004,YKM,WA,ANM,WE,Federal Contract Tower,0,17,13,2,32,0,0,62,0,62,0,17,75,2,94,84,0,84,178
02/22/2004,YKM,WA,ANM,WE,Federal Contract Tower,0,13,10,1,24,0,0,28,5,33,0,13,38,6,57,0,0,0,57
02/23/2004,YKM,WA,ANM,WE,Federal Contract Tower,0,34,25,2,61,0,0,22,2,24,0,34,47,4,85,82,8,90,175
02/24/2004,YKM,WA,ANM,WE,Federal Contract Tower,0,39,28,2,69,0,0,18,0,18,0,39,46,2,87,70,0,70,157
02/25/2004,YKM,WA,ANM,WE,Federal Contract Tower,0,36,28,3,67,0,0,10,3,13,0,36,38,6,80,26,0,26,106
02/26/2004,YKM,WA,ANM,WE,Federal Contract Tower,0,42,29,3,74,0,2,12,2,16,0,44,41,5,90,28,2,30,120
02/27/2004,YKM,WA,ANM,WE,Federal Contract Tower,0,31,22,2,55,0,8,7,0,15,0,39,29,2,70,42,0,42,112
02/28/2004,YKM,WA,ANM,WE,Federal Contract Tower,0,21,16,0,37,0,0,51,0,51,0,21,67,0,88,58,0,58,146
02/29/2004,YKM,WA,ANM,WE,Federal Contract Tower,0,14,10,0,24,0,0,20,0,20,0,14,30,0,44,22,0,22,66
03/01/2004,YKM,WA,ANM,WE,Federal Contract Tower,0,35,24,0,59,0,8,40,0,48,0,43,64,0,107,24,0,24,131
03/02/2004,YKM,WA,ANM,WE,Federal Contract Tower,0,38,26,2,66,0,1,57,4,62,0,39,83,6,128,58,0,58,186
03/03/2004,YKM,WA,ANM,WE,Federal Contract Tower,0,34,23,3,60,0,9,5,1,15,0,43,28,4,75,19,0,19,94
03/04/2004,YKM,WA,ANM,WE,Federal Contract Tower,0,24,17,2,43,0,12,5,0,17,0,36,22,2,60,21,0,21,81
03/05/2004,YKM,WA,ANM,WE,Federal Contract Tower,0,38,27,3,68,0,0,12,3,15,0,38,39,6,83,4,0,4,87
03/06/2004,YKM,WA,ANM,WE,Federal Contract Tower,0,19,18,0,37,0,0,33,0,33,0,19,51,0,70,24,0,24,94
03/07/2004,YKM,WA,ANM,WE,Federal Contract Tower,0,12,11,0,23,0,0,30,0,30,0,12,41,0,53,18,0,18,71
03/08/2004,YKM,WA,ANM,WE,Federal Contract Tower,0,26,19,2,47,0,15,34,4,53,0,41,53,6,100,44,0,44,144
03/09/2004,YKM,WA,ANM,WE,Federal Contract Tower,0,30,21,2,53,0,8,17,0,25,0,38,38,2,78,18,0,18,96
03/10/2004,YKM,WA,ANM,WE,Federal Contract Tower,0,32,22,3,57,0,8,49,3,60,0,40,71,6,117,42,0,42,159
03/11/2004,YKM,WA,ANM,WE,Federal Contract Tower,0,35,24,3,62,0,4,35,1,40,0,39,59,4,102,45,0,45,147
03/12/2004,YKM,WA,ANM,WE,Federal Contract Tower,0,29,21,2,52,0,5,55,10,70,0,34,76,12,122,66,0,66,188
03/13/2004,YKM,WA,ANM,WE,Federal Contract Tower,0,15,12,2,29,0,0,49,2,51,0,15,61,4,80,72,0,72,152
03/14/2004,YKM,WA,ANM,WE,Federal Contract Tower,0,13,10,1,24,0,1,34,7,42,0,14,44,8,66,0,0,0,66
03/15/2004,YKM,WA,ANM,WE,Federal Contract Tower,0,26,17,0,43,0,10,35,0,45,0,36,52,0,88,34,0,34,122
03/16/2004,YKM,WA,ANM,WE,Federal Contract Tower,0,29,19,2,50,0,8,29,0,37,0,37,48,2,87,50,0,50,137
03/17/2004,YKM,WA,ANM,WE,Federal Contract Tower,0,35,23,3,61,0,0,39,3,42,0,35,62,6,103,68,2,70,173
03/18/2004,YKM,WA,ANM,WE,Federal Contract Tower,0,28,18,2,48,0,4,8,0,12,0,32,26,2,60,4,2,6,66
03/19/2004,YKM,WA,ANM,WE,Federal Contract Tower,0,38,24,2,64,0,3,40,0,43,0,41,64,2,107,60,0,60,167
03/20/2004,YKM,WA,ANM,WE,Federal Contract Tower,0,21,14,1,36,0,0,48,3,51,0,21,62,4,87,32,0,32,119
03/21/2004,YKM,WA,ANM,WE,Federal Contract Tower,0,14,11,0,25,0,0,34,0,34,0,14,45,0,59,10,0,10,69
03/22/2004,YKM,WA,ANM,WE,Federal Contract Tower,0,30,21,0,51,0,7,15,0,22,0,37,36,0,73,52,0,52,125
03/23/2004,YKM,WA,ANM,WE,Federal Contract Tower,0,34,23,2,59,0,4,36,0,40,0,38,59,2,99,36,0,36,135
03/24/2004,YKM,WA,ANM,WE,Federal Contract Tower,0,38,26,2,66,0,9,16,2,27,0,47,42,4,93,14,3,17,110
03/25/2004,YKM,WA,ANM,WE,Federal Contract Tower,0,38,25,2,65,0,4,31,0,35,0,42,56,2,100,60,0,60,160
03/26/2004,YKM,WA,ANM,WE,Federal Contract Tower,0,34,22,0,56,0,0,14,0,14,0,34,36,0,70,16,0,16,86
03/27/2004,YKM,WA,ANM,WE,Federal Contract Tower,0,12,9,0,21,0,6,22,2,30,0,18,31,2,51,28,2,30,81
03/28/2004,YKM,WA,ANM,WE,Federal Contract Tower,0,16,11,0,27,2,0,61,0,63,2,16,72,0,90,24,0,24,114
03/29/2004,YKM,WA,ANM,WE,Federal Contract Tower,0,20,13,1,34,0,12,46,1,59,0,32,59,2,93,30,0,30,123
03/30/2004,YKM,WA,ANM,WE,Federal Contract Tower,0,32,22,2,56,0,1,32,0,33,0,33,54,2,89,34,0,34,123
03/31/2004,YKM,WA,ANM,WE,Federal Contract Tower,0,34,27,2,63,0,0,50,0,50,0,34,77,2,113,73,2,75,188
04/01/2004,YKM,WA,ANM,WE,Federal Contract Tower,0,22,20,0,42,0,13,47,0,60,0,35,67,0,102,35,0,35,137
04/02/2004,YKM,WA,ANM,WE,Federal Contract Tower,0,21,19,8,48,0,15,56,0,71,0,36,75,8,119,31,0,31,150
04/03/2004,YKM,WA,ANM,WE,Federal Contract Tower,0,19,17,2,38,0,1,74,0,75,0,20,91,2,113,90,0,90,203
04/04/2004,YKM,WA,ANM,WE,Federal Contract Tower,0,13,12,2,27,0,1,48,0,49,0,14,60,2,76,32,0,32,108
04/05/2004,YKM,WA,ANM,WE,Federal Contract Tower,0,21,19,0,40,0,10,38,0,48,0,31,57,0,88,70,0,70,158
04/06/2004,YKM,WA,ANM,WE,Federal Contract Tower,0,21,18,0,39,0,14,54,0,68,0,35,72,0,107,112,0,112,219
04/07/2004,YKM,WA,ANM,WE,Federal Contract Tower,0,32,67,2,101,1,0,0,0,1,1,32,67,2,102,85,0,85,187
04/08/2004,YKM,WA,ANM,WE,Federal Contract Tower,0,24,20,6,50,0,5,59,0,64,0,29,79,6,114,94,2,96,210
04/09/2004,YKM,WA,ANM,WE,Federal Contract Tower,0,21,18,4,43,1,15,60,0,76,1,36,78,4,119,72,0,72,191
04/10/2004,YKM,WA,ANM,WE,Federal Contract Tower,0,12,10,0,22,2,4,66,0,72,2,16,76,0,94,116,0,116,210
04/11/2004,YKM,WA,ANM,WE,Federal Contract Tower,0,7,6,0,13,0,5,36,0,41,0,12,42,0,54,8,0,8,62
04/12/2004,YKM,WA,ANM,WE,Federal Contract Tower,0,23,21,1,45,0,7,58,0,65,0,30,79,1,110,26,0,26,136
04/13/2004,YKM,WA,ANM,WE,Federal Contract Tower,0,30,26,6,62,2,4,42,0,48,2,34,68,6,110,24,6,30,140
04/14/2004,YKM,WA,ANM,WE,Federal Contract Tower,0,27,24,6,57,0,9,21,0,30,0,36,45,6,87,7,12,19,106
04/15/2004,YKM,WA,ANM,WE,Federal Contract Tower,0,21,19,10,50,0,14,30,0,44,0,35,49,10,94,24,12,36,130
04/16/2004,YKM,WA,ANM,WE,Federal Contract Tower,0,24,20,9,53,0,8,28,0,36,0,32,48,9,89,46,4,50,139
04/17/2004,YKM,WA,ANM,WE,Federal Contract Tower,0,12,11,0,23,0,5,62,0,67,0,17,73,0,90,86,0,86,176
04/18/2004,YKM,WA,ANM,WE,Federal Contract Tower,0,11,10,4,25,0,3,27,0,30,0,14,37,4,55,14,0,14,69
04/19/2004,YKM,WA,ANM,WE,Federal Contract Tower,0,20,16,0,36,0,17,31,0,48,0,37,47,0,84,38,4,42,126
04/20/2004,YKM,WA,ANM,WE,Federal Contract Tower,0,18,14,2,34,0,16,31,0,47,0,34,45,2,81,68,0,68,149
04/21/2004,YKM,WA,ANM,WE,Federal Contract Tower,0,27,22,2,51,0,11,46,0,57,0,38,68,2,108,47,2,49,157
04/22/2004,YKM,WA,ANM,WE,Federal Contract Tower,0,26,23,0,49,0,13,78,0,91,0,39,101,0,140,68,0,68,208
04/23/2004,YKM,WA,ANM,WE,Federal Contract Tower,0,20,17,0,37,0,19,33,0,52,0,39,50,0,89,82,0,82,171
04/24/2004,YKM,WA,ANM,WE,Federal Contract Tower,0,13,10,0,23,0,1,127,0,128,0,14,137,0,151,232,0,232,383
04/25/2004,YKM,WA,ANM,WE,Federal Contract Tower,0,10,11,0,21,0,0,99,0,99,0,10,110,0,120,82,0,82,202
04/26/2004,YKM,WA,ANM,WE,Federal Contract Tower,0,17,14,2,33,0,14,64,0,78,0,31,78,2,111,20,0,20,131
04/27/2004,YKM,WA,ANM,WE,Federal Contract Tower,0,18,15,0,33,0,18,30,0,48,0,36,45,0,81,32,0,32,113
04/28/2004,YKM,WA,ANM,WE,Federal Contract Tower,0,22,19,0,41,0,12,39,0,51,0,34,58,0,92,19,0,19,111
04/29/2004,YKM,WA,ANM,WE,Federal Contract Tower,0,24,20,0,44,0,12,62,0,74,0,36,82,0,118,26,0,26,144
04/30/2004,YKM,WA,ANM,WE,Federal Contract Tower,0,20,17,0,37,0,13,82,0,95,0,33,99,0,132,60,0,60,192
05/01/2004,YKM,WA,ANM,WE,Federal Contract Tower,0,13,9,0,22,0,3,74,0,77,0,16,83,0,99,106,0,106,205
05/02/2004,YKM,WA,ANM,WE,Federal Contract Tower,0,11,9,0,20,0,0,50,2,52,0,11,59,2,72,34,0,34,106
05/03/2004,YKM,WA,ANM,WE,Federal Contract Tower,0,21,17,0,38,0,13,41,0,54,0,34,58,0,92,76,0,76,168
05/04/2004,YKM,WA,ANM,WE,Federal Contract Tower,0,23,17,2,42,0,11,14,0,25,0,34,31,2,67,22,0,22,89
05/05/2004,YKM,WA,ANM,WE,Federal Contract Tower,0,35,26,2,63,0,4,36,0,40,0,39,62,2,103,133,0,133,236
05/06/2004,YKM,WA,ANM,WE,Federal Contract Tower,0,37,28,2,67,0,6,44,0,50,0,43,72,2,117,70,11,81,198
05/07/2004,YKM,WA,ANM,WE,Federal Contract Tower,0,33,25,0,58,0,11,41,0,52,0,44,66,0,110,57,0,57,167
05/08/2004,YKM,WA,ANM,WE,Federal Contract Tower,0,15,12,0,27,0,1,50,0,51,0,16,62,0,78,104,0,104,182
05/09/2004,YKM,WA,ANM,WE,Federal Contract Tower,0,10,9,2,21,0,0,37,2,39,0,10,46,4,60,24,28,52,112
05/10/2004,YKM,WA,ANM,WE,Federal Contract Tower,0,23,17,0,40,0,13,23,0,36,0,36,40,0,76,28,0,28,104
05/11/2004,YKM,WA,ANM,WE,Federal Contract Tower,0,34,25,2,61,0,1,16,0,17,0,35,41,2,78,24,20,44,122
05/12/2004,YKM,WA,ANM,WE,Federal Contract Tower,0,30,23,2,55,0,10,51,0,61,0,40,74,2,116,43,0,43,159
05/13/2004,YKM,WA,ANM,WE,Federal Contract Tower,0,36,27,2,65,0,5,45,0,50,0,41,72,2,115,40,0,40,155
05/14/2004,YKM,WA,ANM,WE,Federal Contract Tower,0,31,23,0,54,0,7,66,0,73,0,38,89,0,127,49,0,49,176
05/15/2004,YKM,WA,ANM,WE,Federal Contract Tower,0,12,9,2,23,0,3,34,0,37,0,15,43,2,60,78,0,78,138
05/16/2004,YKM,WA,ANM,WE,Federal Contract Tower,0,12,9,2,23,0,0,19,1,20,0,12,28,3,43,6,0,6,49
05/17/2004,YKM,WA,ANM,WE,Federal Contract Tower,0,27,19,3,49,0,4,39,5,48,0,31,58,8,97,40,0,40,137
05/18/2004,YKM,WA,ANM,WE,Federal Contract Tower,0,30,22,2,54,0,2,26,2,30,0,32,48,4,84,32,10,42,126
05/19/2004,YKM,WA,ANM,WE,Federal Contract Tower,0,30,21,2,53,0,1,22,4,27,0,31,43,6,80,45,0,45,125
05/20/2004,YKM,WA,ANM,WE,Federal Contract Tower,0,36,26,2,64,0,7,30,0,37,0,43,56,2,101,47,0,47,148
05/21/2004,YKM,WA,ANM,WE,Federal Contract Tower,0,28,20,2,50,0,10,24,0,34,0,38,44,2,84,37,10,47,131
05/22/2004,YKM,WA,ANM,WE,Federal Contract Tower,0,15,11,0,26,0,3,32,0,35,0,18,43,0,61,138,0,138,199
05/23/2004,YKM,WA,ANM,WE,Federal Contract Tower,0,14,10,1,25,0,1,20,5,26,0,15,30,6,51,66,8,74,125
05/24/2004,YKM,WA,ANM,WE,Federal Contract Tower,0,29,21,2,52,0,2,56,2,60,0,31,77,4,112,88,0,88,200
05/25/2004,YKM,WA,ANM,WE,Federal Contract Tower,0,26,18,2,46,0,6,65,2,73,0,32,83,4,119,66,10,76,195
05/26/2004,YKM,WA,ANM,WE,Federal Contract Tower,0,38,28,3,69,0,0,26,3,29,0,38,54,6,98,106,0,106,204
05/27/2004,YKM,WA,ANM,WE,Federal Contract Tower,0,29,20,2,51,0,4,22,2,28,0,33,42,4,79,68,0,68,147
05/28/2004,YKM,WA,ANM,WE,Federal Contract Tower,0,24,17,0,41,0,10,23,0,33,0,34,40,0,74,52,0,52,126
05/29/2004,YKM,WA,ANM,WE,Federal Contract Tower,0,11,9,0,20,0,5,22,0,27,0,16,31,0,47,30,0,30,77
05/30/2004,YKM,WA,ANM,WE,Federal Contract Tower,0,9,6,0,15,0,2,34,0,36,0,11,40,0,51,12,0,12,63
05/31/2004,YKM,WA,ANM,WE,Federal Contract Tower,0,10,13,0,23,2,0,69,0,71,2,10,82,0,94,108,0,108,202
06/01/2004,YKM,WA,ANM,WE,Federal Contract Tower,1,25,21,3,50,1,7,46,1,55,2,32,67,4,105,36,0,36,141
06/02/2004,YKM,WA,ANM,WE,Federal Contract Tower,0,29,25,3,57,0,0,39,5,44,0,29,64,8,101,103,4,107,208
06/03/2004,YKM,WA,ANM,WE,Federal Contract Tower,1,35,30,4,70,1,1,46,2,50,2,36,76,6,120,84,0,84,204
06/04/2004,YKM,WA,ANM,WE,Federal Contract Tower,0,25,21,2,48,0,9,61,0,70,0,34,82,2,118,88,0,88,206
06/05/2004,YKM,WA,ANM,WE,Federal Contract Tower,0,13,12,1,26,0,3,34,1,38,0,16,46,2,64,54,0,54,118
06/06/2004,YKM,WA,ANM,WE,Federal Contract Tower,0,10,13,2,25,0,0,21,4,25,0,10,34,6,50,40,6,46,96
06/07/2004,YKM,WA,ANM,WE,Federal Contract Tower,0,20,18,2,40,0,11,18,0,29,0,31,36,2,69,20,0,20,89
06/08/2004,YKM,WA,ANM,WE,Federal Contract Tower,0,31,27,2,60,0,1,26,0,27,0,32,53,2,87,34,0,34,121
06/09/2004,YKM,WA,ANM,WE,Federal Contract Tower,0,31,27,2,60,0,4,29,0,33,0,35,56,2,93,48,0,48,141
06/10/2004,YKM,WA,ANM,WE,Federal Contract Tower,0,20,18,2,40,0,9,17,0,26,0,29,35,2,66,32,0,32,98
06/11/2004,YKM,WA,ANM,WE,Federal Contract Tower,0,21,19,2,42,0,12,43,0,55,0,33,62,2,97,34,0,34,131
06/12/2004,YKM,WA,ANM,WE,Federal Contract Tower,0,19,16,3,38,0,2,49,3,54,0,21,65,6,92,112,2,114,206
06/13/2004,YKM,WA,ANM,WE,Federal Contract Tower,0,10,13,2,25,0,0,13,10,23,0,10,26,12,48,12,36,48,96
06/14/2004,YKM,WA,ANM,WE,Federal Contract Tower,0,25,20,0,45,0,4,36,0,40,0,29,56,0,85,42,0,42,127
06/15/2004,YKM,WA,ANM,WE,Federal Contract Tower,0,28,22,4,54,1,4,58,0,63,1,32,80,4,117,58,2,60,177
06/16/2004,YKM,WA,ANM,WE,Federal Contract Tower,0,29,22,4,55,0,2,60,0,62,0,31,82,4,117,91,0,91,208
06/17/2004,YKM,WA,ANM,WE,Federal Contract Tower,0,20,16,0,36,0,14,66,0,80,0,34,82,0,116,87,0,87,203
06/18/2004,YKM,WA,ANM,WE,Federal Contract Tower,0,30,23,0,53,0,6,54,0,60,0,36,77,0,113,40,1,41,154
06/19/2004,YKM,WA,ANM,WE,Federal Contract Tower,0,14,10,2,26,0,5,73,2,80,0,19,83,4,106,118,0,118,224
06/20/2004,YKM,WA,ANM,WE,Federal Contract Tower,0,12,10,0,22,0,0,65,0,65,0,12,75,0,87,32,0,32,119
06/21/2004,YKM,WA,ANM,WE,Federal Contract Tower,0,23,20,0,43,0,9,51,0,60,0,32,71,0,103,10,0,10,113
06/22/2004,YKM,WA,ANM,WE,Federal Contract Tower,0,29,24,3,56,0,6,29,1,36,0,35,53,4,92,64,0,64,156
06/23/2004,YKM,WA,ANM,WE,Federal Contract Tower,0,27,21,3,51,0,11,25,5,41,0,38,46,8,92,66,8,74,166
06/24/2004,YKM,WA,ANM,WE,Federal Contract Tower,0,25,21,2,48,0,1,30,2,33,0,26,51,4,81,89,6,95,176
06/25/2004,YKM,WA,ANM,WE,Federal Contract Tower,0,25,21,2,48,0,5,41,0,46,0,30,62,2,94,50,0,50,144
06/26/2004,YKM,WA,ANM,WE,Federal Contract Tower,0,15,13,0,28,0,1,41,0,42,0,16,54,0,70,40,0,40,110
06/27/2004,YKM,WA,ANM,WE,Federal Contract Tower,0,12,13,1,26,0,0,53,1,54,0,12,66,2,80,4,0,4,84
06/28/2004,YKM,WA,ANM,WE,Federal Contract Tower,0,31,30,4,65,0,0,37,8,45,0,31,67,12,110,62,0,62,172
06/29/2004,YKM,WA,ANM,WE,Federal Contract Tower,0,31,25,3,59,0,1,59,1,61,0,32,84,4,120,50,0,50,170
06/30/2004,YKM,WA,ANM,WE,Federal Contract Tower,0,23,19,0,42,0,12,63,0,75,0,35,82,0,117,36,0,36,153
07/01/2004,YKM,WA,ANM,WE,Federal Contract Tower,0,24,19,2,45,0,7,56,6,69,0,31,75,8,114,47,0,47,161
07/02/2004,YKM,WA,ANM,WE,Federal Contract Tower,0,29,22,0,51,0,3,61,0,64,0,32,83,0,115,116,0,116,231
07/03/2004,YKM,WA,ANM,WE,Federal Contract Tower,0,10,7,0,17,0,8,42,0,50,0,18,49,0,67,68,0,68,135
07/04/2004,YKM,WA,ANM,WE,Federal Contract Tower,0,7,5,0,12,0,3,48,0,51,0,10,53,0,63,28,0,28,91
07/05/2004,YKM,WA,ANM,WE,Federal Contract Tower,0,10,8,0,18,0,0,58,0,58,0,10,66,0,76,2,0,2,78
07/06/2004,YKM,WA,ANM,WE,Federal Contract Tower,0,26,20,2,48,0,5,17,0,22,0,31,37,2,70,70,2,72,142
07/07/2004,YKM,WA,ANM,WE,Federal Contract Tower,0,31,26,2,59,0,0,37,0,37,0,31,63,2,96,20,2,22,118
07/08/2004,YKM,WA,ANM,WE,Federal Contract Tower,0,29,22,2,53,0,6,55,0,61,0,35,77,2,114,91,0,91,205
07/09/2004,YKM,WA,ANM,WE,Federal Contract Tower,0,24,18,3,45,0,7,46,25,78,0,31,64,28,123,0,0,0,123
07/10/2004,YKM,WA,ANM,WE,Federal Contract Tower,0,11,8,0,19,0,3,40,0,43,0,14,48,0,62,76,0,76,138
07/11/2004,YKM,WA,ANM,WE,Federal Contract Tower,0,13,11,2,26,0,0,43,0,43,0,13,54,2,69,18,0,18,87
07/12/2004,YKM,WA,ANM,WE,Federal Contract Tower,0,18,14,0,32,0,11,52,0,63,0,29,66,0,95,32,0,32,127
07/13/2004,YKM,WA,ANM,WE,Federal Contract Tower,0,30,23,4,57,0,2,51,0,53,0,32,74,4,110,60,0,60,170
07/14/2004,YKM,WA,ANM,WE,Federal Contract Tower,0,23,17,3,43,0,7,55,1,63,0,30,72,4,106,116,0,116,222
07/15/2004,YKM,WA,ANM,WE,Federal Contract Tower,0,28,22,2,52,0,7,51,0,58,0,35,73,2,110,67,2,69,179
07/16/2004,YKM,WA,ANM,WE,Federal Contract Tower,0,21,16,1,38,0,11,51,0,62,0,32,67,1,100,80,0,80,180
07/17/2004,YKM,WA,ANM,WE,Federal Contract Tower,0,17,13,2,32,0,3,53,2,58,0,20,66,4,90,62,14,76,166
07/18/2004,YKM,WA,ANM,WE,Federal Contract Tower,0,14,11,2,27,2,0,46,0,48,2,14,57,2,75,26,8,34,109
07/19/2004,YKM,WA,ANM,WE,Federal Contract Tower,0,28,20,2,50,0,5,14,0,19,0,33,34,2,69,16,0,16,85
07/20/2004,YKM,WA,ANM,WE,Federal Contract Tower,0,28,20,3,51,0,7,32,3,42,0,35,52,6,93,74,0,74,167
07/21/2004,YKM,WA,ANM,WE,Federal Contract Tower,0,32,28,5,65,2,0,60,13,75,2,32,88,18,140,167,0,167,307
07/22/2004,YKM,WA,ANM,WE,Federal Contract Tower,0,24,16,2,42,0,3,61,0,64,0,27,77,2,106,18,0,18,124
07/23/2004,YKM,WA,ANM,WE,Federal Contract Tower,0,25,18,2,45,0,4,55,2,61,0,29,73,4,106,32,0,32,138
07/24/2004,YKM,WA,ANM,WE,Federal Contract Tower,0,15,11,1,27,0,3,56,11,70,0,18,67,12,97,50,0,50,147
07/25/2004,YKM,WA,ANM,WE,Federal Contract Tower,0,12,11,1,24,0,0,30,1,31,0,12,41,2,55,28,8,36,91
07/26/2004,YKM,WA,ANM,WE,Federal Contract Tower,0,26,20,0,46,0,0,39,0,39,0,26,59,0,85,28,0,28,113
07/27/2004,YKM,WA,ANM,WE,Federal Contract Tower,0,30,22,2,54,0,10,39,0,49,0,40,61,2,103,16,0,16,119
07/28/2004,YKM,WA,ANM,WE,Federal Contract Tower,0,26,19,0,45,0,7,51,0,58,0,33,70,0,103,53,0,53,156
07/29/2004,YKM,WA,ANM,WE,Federal Contract Tower,0,29,22,2,53,0,10,41,1,52,0,39,63,3,105,32,0,32,137
07/30/2004,YKM,WA,ANM,WE,Federal Contract Tower,0,23,17,2,42,4,14,74,1,93,4,37,91,3,135,28,0,28,163
07/31/2004,YKM,WA,ANM,WE,Federal Contract Tower,0,13,10,0,23,0,6,42,0,48,0,19,52,0,71,34,0,34,105
08/01/2004,YKM,WA,ANM,WE,Federal Contract Tower,0,14,13,1,28,0,0,53,1,54,0,14,66,2,82,32,0,32,114
08/02/2004,YKM,WA,ANM,WE,Federal Contract Tower,1,24,17,2,44,1,7,44,0,52,2,31,61,2,96,58,0,58,154
08/03/2004,YKM,WA,ANM,WE,Federal Contract Tower,0,28,20,0,48,0,3,52,0,55,0,31,72,0,103,32,0,32,135
08/04/2004,YKM,WA,ANM,WE,Federal Contract Tower,0,33,24,2,59,0,2,20,6,28,0,35,44,8,87,92,16,108,195
08/05/2004,YKM,WA,ANM,WE,Federal Contract Tower,0,27,20,0,47,0,9,40,0,49,0,36,60,0,96,60,0,60,156
08/06/2004,YKM,WA,ANM,WE,Federal Contract Tower,0,25,17,2,44,0,5,37,0,42,0,30,54,2,86,69,0,69,155
08/07/2004,YKM,WA,ANM,WE,Federal Contract Tower,0,17,12,2,31,0,3,54,0,57,0,20,66,2,88,124,0,124,212
08/08/2004,YKM,WA,ANM,WE,Federal Contract Tower,0,12,8,2,22,0,2,62,0,64,0,14,70,2,86,16,0,16,102
08/09/2004,YKM,WA,ANM,WE,Federal Contract Tower,0,29,20,2,51,0,4,51,0,55,0,33,71,2,106,26,0,26,132
08/10/2004,YKM,WA,ANM,WE,Federal Contract Tower,0,25,18,3,46,0,8,68,5,81,0,33,86,8,127,16,0,16,143
08/11/2004,YKM,WA,ANM,WE,Federal Contract Tower,0,17,12,2,31,0,9,31,2,42,0,26,43,4,73,96,0,96,169
08/12/2004,YKM,WA,ANM,WE,Federal Contract Tower,0,23,15,3,41,0,9,47,1,57,0,32,62,4,98,33,0,33,131
08/13/2004,YKM,WA,ANM,WE,Federal Contract Tower,0,24,16,0,40,0,10,54,0,64,0,34,70,0,104,52,0,52,156
08/14/2004,YKM,WA,ANM,WE,Federal Contract Tower,0,15,11,2,28,0,3,61,0,64,0,18,72,2,92,64,0,64,156
08/15/2004,YKM,WA,ANM,WE,Federal Contract Tower,0,9,7,1,17,0,6,29,1,36,0,15,36,2,53,4,0,4,57
08/16/2004,YKM,WA,ANM,WE,Federal Contract Tower,0,24,16,2,42,0,12,37,0,49,0,36,53,2,91,30,18,48,139
08/17/2004,YKM,WA,ANM,WE,Federal Contract Tower,0,26,19,0,45,0,7,55,0,62,0,33,74,0,107,26,0,26,133
08/18/2004,YKM,WA,ANM,WE,Federal Contract Tower,0,28,19,3,50,0,6,62,3,71,0,34,81,6,121,44,10,54,175
08/19/2004,YKM,WA,ANM,WE,Federal Contract Tower,0,31,22,2,55,0,2,54,0,56,0,33,76,2,111,56,0,56,167
08/20/2004,YKM,WA,ANM,WE,Federal Contract Tower,0,29,20,2,51,0,0,53,4,57,0,29,73,6,108,72,4,76,184
08/21/2004,YKM,WA,ANM,WE,Federal Contract Tower,0,18,12,1,31,0,0,46,1,47,0,18,58,2,78,92,0,92,170
08/22/2004,YKM,WA,ANM,WE,Federal Contract Tower,0,10,11,1,22,0,0,15,1,16,0,10,26,2,38,0,34,34,72
08/23/2004,YKM,WA,ANM,WE,Federal Contract Tower,0,20,13,1,34,0,9,12,3,24,0,29,25,4,58,16,2,18,76
08/24/2004,YKM,WA,ANM,WE,Federal Contract Tower,0,29,20,2,51,0,1,25,0,26,0,30,45,2,77,48,0,48,125
08/25/2004,YKM,WA,ANM,WE,Federal Contract Tower,0,30,20,2,52,0,3,36,0,39,0,33,56,2,91,102,0,102,193
08/26/2004,YKM,WA,ANM,WE,Federal Contract Tower,0,31,24,3,58,0,0,45,4,49,0,31,69,7,107,41,7,48,155
08/27/2004,YKM,WA,ANM,WE,Federal Contract Tower,0,22,16,1,39,0,9,63,1,73,0,31,79,2,112,80,0,80,192
08/28/2004,YKM,WA,ANM,WE,Federal Contract Tower,0,15,10,0,25,0,3,51,0,54,0,18,61,0,79,70,0,70,149
08/29/2004,YKM,WA,ANM,WE,Federal Contract Tower,0,10,9,1,20,0,0,49,3,52,0,10,58,4,72,10,0,10,82
08/30/2004,YKM,WA,ANM,WE,Federal Contract Tower,0,24,15,2,41,0,7,48,2,57,0,31,63,4,98,42,0,42,140
08/31/2004,YKM,WA,ANM,WE,Federal Contract Tower,0,25,16,2,43,0,11,54,4,69,0,36,70,6,112,64,6,70,182
09/01/2004,YKM,WA,ANM,WE,Federal Contract Tower,0,24,19,2,45,0,7,56,6,69,0,31,75,8,114,47,0,47,161
09/02/2004,YKM,WA,ANM,WE,Federal Contract Tower,0,29,21,0,50,0,3,62,0,65,0,32,83,0,115,116,0,116,231
09/03/2004,YKM,WA,ANM,WE,Federal Contract Tower,0,10,7,0,17,0,8,42,0,50,0,18,49,0,67,68,0,68,135
09/04/2004,YKM,WA,ANM,WE,Federal Contract Tower,0,6,6,0,12,0,4,47,0,51,0,10,53,0,63,28,0,28,91
09/05/2004,YKM,WA,ANM,WE,Federal Contract Tower,0,10,8,0,18,0,0,58,0,58,0,10,66,0,76,2,0,2,78
09/06/2004,YKM,WA,ANM,WE,Federal Contract Tower,0,26,20,2,48,0,5,17,0,22,0,31,37,2,70,70,2,72,142
09/07/2004,YKM,WA,ANM,WE,Federal Contract Tower,0,31,26,2,59,0,0,37,0,37,0,31,63,2,96,20,2,22,118
09/08/2004,YKM,WA,ANM,WE,Federal Contract Tower,0,29,22,2,53,0,6,55,0,61,0,35,77,2,114,91,0,91,205
09/09/2004,YKM,WA,ANM,WE,Federal Contract Tower,0,24,18,3,45,0,7,46,25,78,0,31,64,28,123,0,0,0,123
09/10/2004,YKM,WA,ANM,WE,Federal Contract Tower,0,11,8,0,19,0,3,40,0,43,0,14,48,0,62,76,0,76,138
09/11/2004,YKM,WA,ANM,WE,Federal Contract Tower,0,13,11,2,26,0,0,43,0,43,0,13,54,2,69,18,0,18,87
09/12/2004,YKM,WA,ANM,WE,Federal Contract Tower,0,18,14,0,32,0,11,52,0,63,0,29,66,0,95,32,0,32,127
09/13/2004,YKM,WA,ANM,WE,Federal Contract Tower,0,30,23,4,57,0,2,51,0,53,0,32,74,4,110,60,0,60,170
09/14/2004,YKM,WA,ANM,WE,Federal Contract Tower,0,23,17,3,43,0,7,55,1,63,0,30,72,4,106,116,0,116,222
09/15/2004,YKM,WA,ANM,WE,Federal Contract Tower,0,28,22,2,52,0,7,51,0,58,0,35,73,2,110,67,2,69,179
09/16/2004,YKM,WA,ANM,WE,Federal Contract Tower,0,21,16,1,38,0,11,51,0,62,0,32,67,1,100,80,0,80,180
09/17/2004,YKM,WA,ANM,WE,Federal Contract Tower,0,17,13,2,32,0,3,53,2,58,0,20,66,4,90,62,14,76,166
09/18/2004,YKM,WA,ANM,WE,Federal Contract Tower,0,14,11,2,27,2,0,46,0,48,2,14,57,2,75,26,8,34,109
09/19/2004,YKM,WA,ANM,WE,Federal Contract Tower,0,27,21,2,50,0,6,13,0,19,0,33,34,2,69,16,0,16,85
09/20/2004,YKM,WA,ANM,WE,Federal Contract Tower,0,28,20,3,51,0,7,32,3,42,0,35,52,6,93,74,0,74,167
09/21/2004,YKM,WA,ANM,WE,Federal Contract Tower,0,32,28,5,65,2,0,60,13,75,2,32,88,18,140,167,0,167,307
09/22/2004,YKM,WA,ANM,WE,Federal Contract Tower,0,24,17,2,43,0,3,60,0,63,0,27,77,2,106,18,0,18,124
09/23/2004,YKM,WA,ANM,WE,Federal Contract Tower,0,25,18,2,45,0,4,55,2,61,0,29,73,4,106,32,0,32,138
09/24/2004,YKM,WA,ANM,WE,Federal Contract Tower,0,15,11,1,27,0,3,56,11,70,0,18,67,12,97,50,0,50,147
09/25/2004,YKM,WA,ANM,WE,Federal Contract Tower,0,12,11,1,24,0,0,30,1,31,0,12,41,2,55,28,8,36,91
09/26/2004,YKM,WA,ANM,WE,Federal Contract Tower,0,26,20,0,46,0,0,39,0,39,0,26,59,0,85,28,0,28,113
09/27/2004,YKM,WA,ANM,WE,Federal Contract Tower,0,30,21,2,53,0,10,40,0,50,0,40,61,2,103,16,0,16,119
09/28/2004,YKM,WA,ANM,WE,Federal Contract Tower,0,26,19,0,45,0,7,51,0,58,0,33,70,0,103,53,0,53,156
09/29/2004,YKM,WA,ANM,WE,Federal Contract Tower,0,29,22,2,53,0,10,41,1,52,0,39,63,3,105,32,0,32,137
09/30/2004,YKM,WA,ANM,WE,Federal Contract Tower,0,23,17,2,42,4,14,74,1,93,4,37,91,3,135,28,0,28,163
10/01/2004,YKM,WA,ANM,WE,Federal Contract Tower,0,30,15,0,45,0,5,57,0,62,0,35,72,0,107,64,0,64,171
10/02/2004,YKM,WA,ANM,WE,Federal Contract Tower,0,20,12,8,40,0,0,69,2,71,0,20,81,10,111,42,0,42,153
10/03/2004,YKM,WA,ANM,WE,Federal Contract Tower,4,17,11,0,32,0,0,72,0,72,4,17,83,0,104,28,0,28,132
10/04/2004,YKM,WA,ANM,WE,Federal Contract Tower,0,28,9,6,43,0,5,50,0,55,0,33,59,6,98,56,4,60,158
10/05/2004,YKM,WA,ANM,WE,Federal Contract Tower,0,29,16,3,48,0,5,50,1,56,0,34,66,4,104,34,0,34,138
10/06/2004,YKM,WA,ANM,WE,Federal Contract Tower,0,31,24,7,62,0,0,27,3,30,0,31,51,10,92,34,0,34,126
10/07/2004,YKM,WA,ANM,WE,Federal Contract Tower,0,26,9,2,37,0,9,53,2,64,0,35,62,4,101,46,0,46,147
10/08/2004,YKM,WA,ANM,WE,Federal Contract Tower,0,27,17,1,45,0,5,28,0,33,0,32,45,1,78,24,0,24,102
10/09/2004,YKM,WA,ANM,WE,Federal Contract Tower,0,19,16,2,37,0,1,22,0,23,0,20,38,2,60,62,14,76,136
10/10/2004,YKM,WA,ANM,WE,Federal Contract Tower,0,12,9,2,23,0,0,35,0,35,0,12,44,2,58,10,8,18,76
10/11/2004,YKM,WA,ANM,WE,Federal Contract Tower,0,15,8,0,23,0,1,50,0,51,0,16,58,0,74,30,0,30,104
10/12/2004,YKM,WA,ANM,WE,Federal Contract Tower,0,24,7,8,39,0,6,65,0,71,0,30,72,8,110,120,0,120,230
10/13/2004,YKM,WA,ANM,WE,Federal Contract Tower,0,31,14,0,45,0,2,40,0,42,0,33,54,0,87,54,0,54,141
10/14/2004,YKM,WA,ANM,WE,Federal Contract Tower,0,26,15,0,41,0,5,58,0,63,0,31,73,0,104,63,2,65,169
10/15/2004,YKM,WA,ANM,WE,Federal Contract Tower,0,28,8,2,38,0,4,56,2,62,0,32,64,4,100,48,0,48,148
10/16/2004,YKM,WA,ANM,WE,Federal Contract Tower,0,11,4,0,15,0,2,13,0,15,0,13,17,0,30,46,0,46,76
10/17/2004,YKM,WA,ANM,WE,Federal Contract Tower,0,13,6,0,19,0,0,1,0,1,0,13,7,0,20,6,0,6,26
10/18/2004,YKM,WA,ANM,WE,Federal Contract Tower,0,30,12,2,44,0,3,13,2,18,0,33,25,4,62,10,28,38,100
10/19/2004,YKM,WA,ANM,WE,Federal Contract Tower,1,36,19,1,57,0,3,9,1,13,1,39,28,2,70,0,0,0,70
10/20/2004,YKM,WA,ANM,WE,Federal Contract Tower,2,35,18,0,55,0,9,24,0,33,2,44,42,0,88,36,0,36,124
10/21/2004,YKM,WA,ANM,WE,Federal Contract Tower,0,35,11,0,46,0,2,37,0,39,0,37,48,0,85,47,0,47,132
10/22/2004,YKM,WA,ANM,WE,Federal Contract Tower,0,30,16,0,46,0,4,22,0,26,0,34,38,0,72,6,0,6,78
10/23/2004,YKM,WA,ANM,WE,Federal Contract Tower,1,19,7,0,27,0,2,22,0,24,1,21,29,0,51,40,0,40,91
10/24/2004,YKM,WA,ANM,WE,Federal Contract Tower,0,12,6,0,18,0,0,30,0,30,0,12,36,0,48,20,0,20,68
10/25/2004,YKM,WA,ANM,WE,Federal Contract Tower,0,29,5,0,34,0,2,26,4,32,0,31,31,4,66,34,0,34,100
10/26/2004,YKM,WA,ANM,WE,Federal Contract Tower,0,30,18,3,51,0,2,4,1,7,0,32,22,4,58,48,0,48,106
10/27/2004,YKM,WA,ANM,WE,Federal Contract Tower,0,29,11,3,43,0,8,65,7,80,0,37,76,10,123,113,5,118,241
10/28/2004,YKM,WA,ANM,WE,Federal Contract Tower,0,33,13,0,46,0,2,43,0,45,0,35,56,0,91,51,0,51,142
10/29/2004,YKM,WA,ANM,WE,Federal Contract Tower,0,33,20,0,53,0,2,33,2,37,0,35,53,2,90,96,0,96,186
10/30/2004,YKM,WA,ANM,WE,Federal Contract Tower,0,18,12,0,30,0,0,15,0,15,0,18,27,0,45,30,0,30,75
10/31/2004,YKM,WA,ANM,WE,Federal Contract Tower,0,12,7,0,19,0,0,44,0,44,0,12,51,0,63,18,0,18,81
11/01/2004,YKM,WA,ANM,WE,Federal Contract Tower,0,31,17,6,54,0,3,8,0,11,0,34,25,6,65,50,0,50,115
11/02/2004,YKM,WA,ANM,WE,Federal Contract Tower,0,35,12,0,47,0,5,6,0,11,0,40,18,0,58,26,0,26,84
11/03/2004,YKM,WA,ANM,WE,Federal Contract Tower,0,31,20,6,57,0,1,55,0,56,0,32,75,6,113,78,0,78,191
11/04/2004,YKM,WA,ANM,WE,Federal Contract Tower,0,28,5,2,35,0,2,31,5,38,0,30,36,7,73,74,2,76,149
11/05/2004,YKM,WA,ANM,WE,Federal Contract Tower,2,28,16,4,50,0,0,34,0,34,2,28,50,4,84,16,6,22,106
11/06/2004,YKM,WA,ANM,WE,Federal Contract Tower,0,21,7,0,28,0,1,33,0,34,0,22,40,0,62,60,0,60,122
11/07/2004,YKM,WA,ANM,WE,Federal Contract Tower,0,12,5,0,17,0,0,23,2,25,0,12,28,2,42,54,0,54,96
11/08/2004,YKM,WA,ANM,WE,Federal Contract Tower,0,30,14,1,45,0,1,34,4,39,0,31,48,5,84,38,0,38,122
11/09/2004,YKM,WA,ANM,WE,Federal Contract Tower,0,31,16,3,50,0,8,21,6,35,0,39,37,9,85,28,0,28,113
11/10/2004,YKM,WA,ANM,WE,Federal Contract Tower,0,34,9,3,46,0,9,16,1,26,0,43,25,4,72,58,0,58,130
11/11/2004,YKM,WA,ANM,WE,Federal Contract Tower,0,23,31,0,54,0,2,19,0,21,0,25,50,0,75,38,0,38,113
11/12/2004,YKM,WA,ANM,WE,Federal Contract Tower,0,40,20,2,62,0,2,4,0,6,0,42,24,2,68,55,2,57,125
11/13/2004,YKM,WA,ANM,WE,Federal Contract Tower,0,24,4,0,28,0,2,9,2,13,0,26,13,2,41,116,0,116,157
11/14/2004,YKM,WA,ANM,WE,Federal Contract Tower,0,12,15,0,27,0,0,1,0,1,0,12,16,0,28,6,0,6,34
11/15/2004,YKM,WA,ANM,WE,Federal Contract Tower,0,35,20,4,59,0,0,2,0,2,0,35,22,4,61,34,0,34,95
11/16/2004,YKM,WA,ANM,WE,Federal Contract Tower,0,26,20,4,50,0,2,13,0,15,0,28,33,4,65,48,0,48,113
11/17/2004,YKM,WA,ANM,WE,Federal Contract Tower,2,34,19,2,57,0,0,49,0,49,2,34,68,2,106,126,0,126,232
11/18/2004,YKM,WA,ANM,WE,Federal Contract Tower,1,32,34,2,69,0,5,29,0,34,1,37,63,2,103,68,0,68,171
11/19/2004,YKM,WA,ANM,WE,Federal Contract Tower,0,28,25,0,53,0,7,32,0,39,0,35,57,0,92,68,0,68,160
11/20/2004,YKM,WA,ANM,WE,Federal Contract Tower,0,23,16,0,39,0,2,78,0,80,0,25,94,0,119,100,0,100,219
11/21/2004,YKM,WA,ANM,WE,Federal Contract Tower,1,13,15,0,29,0,0,41,0,41,1,13,56,0,70,54,0,54,124
11/22/2004,YKM,WA,ANM,WE,Federal Contract Tower,0,29,16,0,45,0,5,35,4,44,0,34,51,4,89,30,0,30,119
11/23/2004,YKM,WA,ANM,WE,Federal Contract Tower,0,21,28,2,51,0,17,25,0,42,0,38,53,2,93,48,0,48,141
11/24/2004,YKM,WA,ANM,WE,Federal Contract Tower,0,30,16,0,46,0,3,19,0,22,0,33,35,0,68,6,0,6,74
11/25/2004,YKM,WA,ANM,WE,Federal Contract Tower,0,12,1,0,13,0,0,5,0,5,0,12,6,0,18,8,0,8,26
11/26/2004,YKM,WA,ANM,WE,Federal Contract Tower,0,28,16,0,44,0,0,50,0,50,0,28,66,0,94,48,0,48,142
11/27/2004,YKM,WA,ANM,WE,Federal Contract Tower,0,19,6,0,25,0,1,29,0,30,0,20,35,0,55,52,0,52,107
11/28/2004,YKM,WA,ANM,WE,Federal Contract Tower,0,14,9,0,23,0,0,48,0,48,0,14,57,0,71,38,0,38,109
11/29/2004,YKM,WA,ANM,WE,Federal Contract Tower,0,28,13,6,47,0,4,17,0,21,0,32,30,6,68,34,2,36,104
11/30/2004,YKM,WA,ANM,WE,Federal Contract Tower,0,31,16,0,47,0,2,23,0,25,0,33,39,0,72,30,0,30,102
12/01/2004,YKM,WA,ANM,WE,Federal Contract Tower,0,34,15,2,51,0,6,25,4,35,0,40,40,6,86,92,0,92,178
12/02/2004,YKM,WA,ANM,WE,Federal Contract Tower,0,38,20,5,63,0,4,18,1,23,0,42,38,6,86,55,8,63,149
12/03/2004,YKM,WA,ANM,WE,Federal Contract Tower,0,32,21,0,53,0,0,0,0,0,0,32,21,0,53,24,0,24,77
12/04/2004,YKM,WA,ANM,WE,Federal Contract Tower,0,23,3,4,30,0,0,0,0,0,0,23,3,4,30,0,0,0,30
12/05/2004,YKM,WA,ANM,WE,Federal Contract Tower,0,12,6,2,20,0,0,18,0,18,0,12,24,2,38,34,0,34,72
12/06/2004,YKM,WA,ANM,WE,Federal Contract Tower,0,35,7,6,48,0,0,3,0,3,0,35,10,6,51,12,24,36,87
12/07/2004,YKM,WA,ANM,WE,Federal Contract Tower,2,38,17,0,57,0,1,0,0,1,2,39,17,0,58,6,0,6,64
12/08/2004,YKM,WA,ANM,WE,Federal Contract Tower,0,36,20,0,56,0,5,14,0,19,0,41,34,0,75,47,0,47,122
12/09/2004,YKM,WA,ANM,WE,Federal Contract Tower,0,37,19,0,56,0,3,32,0,35,0,40,51,0,91,51,0,51,142
12/10/2004,YKM,WA,ANM,WE,Federal Contract Tower,0,34,18,0,52,0,2,16,0,18,0,36,34,0,70,58,0,58,128
12/11/2004,YKM,WA,ANM,WE,Federal Contract Tower,0,17,8,0,25,0,3,30,0,33,0,20,38,0,58,18,0,18,76
12/12/2004,YKM,WA,ANM,WE,Federal Contract Tower,0,12,4,0,16,0,0,20,0,20,0,12,24,0,36,10,0,10,46
12/13/2004,YKM,WA,ANM,WE,Federal Contract Tower,0,36,16,0,52,0,3,34,0,37,0,39,50,0,89,36,0,36,125
12/14/2004,YKM,WA,ANM,WE,Federal Contract Tower,0,32,15,2,49,0,1,27,0,28,0,33,42,2,77,42,0,42,119
12/15/2004,YKM,WA,ANM,WE,Federal Contract Tower,0,32,19,2,53,0,6,45,0,51,0,38,64,2,104,38,8,46,150
12/16/2004,YKM,WA,ANM,WE,Federal Contract Tower,0,32,36,6,74,0,0,0,0,0,0,32,36,6,74,3,2,5,79
12/17/2004,YKM,WA,ANM,WE,Federal Contract Tower,0,36,31,2,69,0,0,8,0,8,0,36,39,2,77,2,0,2,79
12/18/2004,YKM,WA,ANM,WE,Federal Contract Tower,0,14,2,0,16,0,0,3,0,3,0,14,5,0,19,14,0,14,33
12/19/2004,YKM,WA,ANM,WE,Federal Contract Tower,0,13,10,0,23,0,0,8,0,8,0,13,18,0,31,2,0,2,33
12/20/2004,YKM,WA,ANM,WE,Federal Contract Tower,0,25,15,4,44,0,6,28,0,34,0,31,43,4,78,38,4,42,120
12/21/2004,YKM,WA,ANM,WE,Federal Contract Tower,0,30,9,9,48,0,7,16,1,24,0,37,25,10,72,18,4,22,94
12/22/2004,YKM,WA,ANM,WE,Federal Contract Tower,0,33,13,2,48,0,10,47,0,57,0,43,60,2,105,62,4,66,171
12/23/2004,YKM,WA,ANM,WE,Federal Contract Tower,0,29,8,0,37,0,7,55,0,62,0,36,63,0,99,16,0,16,115
12/24/2004,YKM,WA,ANM,WE,Federal Contract Tower,0,32,6,0,38,0,2,20,0,22,0,34,26,0,60,80,0,80,140
12/25/2004,YKM,WA,ANM,WE,Federal Contract Tower,0,9,1,0,10,0,0,0,0,0,0,9,1,0,10,0,0,0,10
12/26/2004,YKM,WA,ANM,WE,Federal Contract Tower,0,10,10,0,20,0,0,1,0,1,0,10,11,0,21,0,0,0,21
12/27/2004,YKM,WA,ANM,WE,Federal Contract Tower,0,31,9,2,42,0,1,38,0,39,0,32,47,2,81,14,0,14,95
12/28/2004,YKM,WA,ANM,WE,Federal Contract Tower,4,31,10,0,45,0,4,27,0,31,4,35,37,0,76,72,0,72,148
12/29/2004,YKM,WA,ANM,WE,Federal Contract Tower,0,36,13,2,51,0,0,0,0,0,0,36,13,2,51,0,0,0,51
12/30/2004,YKM,WA,ANM,WE,Federal Contract Tower,0,30,6,2,38,0,0,4,0,4,0,30,10,2,42,24,2,26,68
12/31/2004,YKM,WA,ANM,WE,Federal Contract Tower,0,30,7,0,37,0,0,1,0,1,0,30,8,0,38,48,0,48,86
01/01/2005,YKM,WA,ANM,WE,Federal Contract Tower,0,10,2,0,12,0,0,0,0,0,0,10,2,0,12,0,0,0,12
01/02/2005,YKM,WA,ANM,WE,Federal Contract Tower,0,10,8,0,18,0,0,10,0,10,0,10,18,0,28,20,0,20,48
01/03/2005,YKM,WA,ANM,WE,Federal Contract Tower,0,30,15,0,45,0,1,4,8,13,0,31,19,8,58,0,0,0,58
01/04/2005,YKM,WA,ANM,WE,Federal Contract Tower,0,30,9,2,41,0,4,33,0,37,0,34,42,2,78,42,0,42,120
01/05/2005,YKM,WA,ANM,WE,Federal Contract Tower,0,31,13,0,44,0,0,32,0,32,0,31,45,0,76,35,0,35,111
01/06/2005,YKM,WA,ANM,WE,Federal Contract Tower,0,31,16,6,53,0,3,13,0,16,0,34,29,6,69,19,22,41,110
01/07/2005,YKM,WA,ANM,WE,Federal Contract Tower,0,30,13,0,43,0,0,0,0,0,0,30,13,0,43,0,0,0,43
01/08/2005,YKM,WA,ANM,WE,Federal Contract Tower,0,18,9,0,27,0,0,2,0,2,0,18,11,0,29,24,0,24,53
01/09/2005,YKM,WA,ANM,WE,Federal Contract Tower,0,10,12,0,22,0,0,8,0,8,0,10,20,0,30,2,0,2,32
01/10/2005,YKM,WA,ANM,WE,Federal Contract Tower,0,30,7,0,37,0,0,7,2,9,0,30,14,2,46,52,0,52,98
01/11/2005,YKM,WA,ANM,WE,Federal Contract Tower,0,32,13,0,45,0,0,9,0,9,0,32,22,0,54,50,0,50,104
01/12/2005,YKM,WA,ANM,WE,Federal Contract Tower,0,32,17,0,49,0,2,3,0,5,0,34,20,0,54,8,0,8,62
01/13/2005,YKM,WA,ANM,WE,Federal Contract Tower,0,34,14,4,52,0,4,28,2,34,0,38,42,6,86,74,0,74,160
01/14/2005,YKM,WA,ANM,WE,Federal Contract Tower,0,32,22,0,54,0,2,9,0,11,0,34,31,0,65,44,0,44,109
01/15/2005,YKM,WA,ANM,WE,Federal Contract Tower,0,13,8,0,21,0,1,17,0,18,0,14,25,0,39,38,0,38,77
01/16/2005,YKM,WA,ANM,WE,Federal Contract Tower,0,11,10,0,21,0,0,5,0,5,0,11,15,0,26,12,0,12,38
01/17/2005,YKM,WA,ANM,WE,Federal Contract Tower,0,12,11,0,23,0,0,0,0,0,0,12,11,0,23,10,0,10,33
01/18/2005,YKM,WA,ANM,WE,Federal Contract Tower,0,33,20,8,61,0,1,5,0,6,0,34,25,8,67,26,22,48,115
01/19/2005,YKM,WA,ANM,WE,Federal Contract Tower,0,34,8,3,45,0,0,14,1,15,0,34,22,4,60,46,5,51,111
01/20/2005,YKM,WA,ANM,WE,Federal Contract Tower,2,29,22,2,55,0,6,23,0,29,2,35,45,2,84,21,11,32,116
01/21/2005,YKM,WA,ANM,WE,Federal Contract Tower,0,26,18,2,46,0,4,44,0,48,0,30,62,2,94,46,8,54,148
01/22/2005,YKM,WA,ANM,WE,Federal Contract Tower,0,13,3,2,18,0,0,0,0,0,0,13,3,2,18,0,0,0,18
01/23/2005,YKM,WA,ANM,WE,Federal Contract Tower,2,10,9,0,21,0,0,0,0,0,2,10,9,0,21,0,0,0,21
01/24/2005,YKM,WA,ANM,WE,Federal Contract Tower,0,26,9,0,35,0,0,0,0,0,0,26,9,0,35,2,0,2,37
01/25/2005,YKM,WA,ANM,WE,Federal Contract Tower,0,31,18,0,49,0,0,0,0,0,0,31,18,0,49,0,0,0,49
01/26/2005,YKM,WA,ANM,WE,Federal Contract Tower,0,31,17,2,50,0,4,1,0,5,0,35,18,2,55,12,0,12,67
01/27/2005,YKM,WA,ANM,WE,Federal Contract Tower,0,34,14,0,48,0,0,0,0,0,0,34,14,0,48,2,0,2,50
01/28/2005,YKM,WA,ANM,WE,Federal Contract Tower,0,33,19,2,54,0,4,15,2,21,0,37,34,4,75,49,0,49,124
01/29/2005,YKM,WA,ANM,WE,Federal Contract Tower,0,21,4,4,29,0,0,27,0,27,0,21,31,4,56,44,18,62,118
01/30/2005,YKM,WA,ANM,WE,Federal Contract Tower,0,12,13,2,27,0,2,16,0,18,0,14,29,2,45,74,0,74,119
01/31/2005,YKM,WA,ANM,WE,Federal Contract Tower,2,24,22,0,48,0,3,9,0,12,2,27,31,0,60,42,0,42,102
02/01/2005,YKM,WA,ANM,WE,Federal Contract Tower,0,28,24,2,54,0,3,59,0,62,0,31,83,2,116,58,0,58,174
02/02/2005,YKM,WA,ANM,WE,Federal Contract Tower,0,29,32,4,65,0,5,43,0,48,0,34,75,4,113,63,10,73,186
02/03/2005,YKM,WA,ANM,WE,Federal Contract Tower,0,27,39,4,70,0,6,26,2,34,0,33,65,6,104,71,4,75,179
02/04/2005,YKM,WA,ANM,WE,Federal Contract Tower,2,33,20,0,55,0,2,17,0,19,2,35,37,0,74,20,0,20,94
02/05/2005,YKM,WA,ANM,WE,Federal Contract Tower,0,13,10,0,23,0,4,38,0,42,0,17,48,0,65,64,0,64,129
02/06/2005,YKM,WA,ANM,WE,Federal Contract Tower,0,10,11,0,21,0,0,0,0,0,0,10,11,0,21,0,0,0,21
02/07/2005,YKM,WA,ANM,WE,Federal Contract Tower,0,32,13,0,45,0,4,32,2,38,0,36,45,2,83,100,0,100,183
02/08/2005,YKM,WA,ANM,WE,Federal Contract Tower,0,24,23,0,47,0,5,47,0,52,0,29,70,0,99,72,0,72,171
02/09/2005,YKM,WA,ANM,WE,Federal Contract Tower,0,30,27,2,59,0,4,51,0,55,0,34,78,2,114,86,2,88,202
02/10/2005,YKM,WA,ANM,WE,Federal Contract Tower,0,28,22,0,50,0,4,39,0,43,0,32,61,0,93,36,0,36,129
02/11/2005,YKM,WA,ANM,WE,Federal Contract Tower,2,32,20,2,56,0,4,50,0,54,2,36,70,2,110,22,14,36,146
02/12/2005,YKM,WA,ANM,WE,Federal Contract Tower,0,13,7,0,20,0,3,41,0,44,0,16,48,0,64,58,0,58,122
02/13/2005,YKM,WA,ANM,WE,Federal Contract Tower,2,10,9,0,21,0,0,24,0,24,2,10,33,0,45,12,0,12,57
02/14/2005,YKM,WA,ANM,WE,Federal Contract Tower,0,24,15,0,39,0,5,20,2,27,0,29,35,2,66,70,0,70,136
02/15/2005,YKM,WA,ANM,WE,Federal Contract Tower,0,29,12,2,43,0,2,41,0,43,0,31,53,2,86,30,0,30,116
02/16/2005,YKM,WA,ANM,WE,Federal Contract Tower,0,35,29,4,68,0,3,46,1,50,0,38,75,5,118,47,0,47,165
02/17/2005,YKM,WA,ANM,WE,Federal Contract Tower,2,28,21,2,53,0,8,42,2,52,2,36,63,4,105,40,0,40,145
02/18/2005,YKM,WA,ANM,WE,Federal Contract Tower,0,25,23,0,48,0,7,55,0,62,0,32,78,0,110,42,0,42,152
02/19/2005,YKM,WA,ANM,WE,Federal Contract Tower,0,16,7,0,23,0,1,57,0,58,0,17,64,0,81,60,0,60,141
02/20/2005,YKM,WA,ANM,WE,Federal Contract Tower,0,11,3,0,14,0,0,41,0,41,0,11,44,0,55,38,0,38,93
02/21/2005,YKM,WA,ANM,WE,Federal Contract Tower,0,16,19,0,35,0,0,60,0,60,0,16,79,0,95,80,0,80,175
02/22/2005,YKM,WA,ANM,WE,Federal Contract Tower,0,25,6,0,31,0,5,46,0,51,0,30,52,0,82,36,0,36,118
02/23/2005,YKM,WA,ANM,WE,Federal Contract Tower,0,34,24,5,63,0,5,35,1,41,0,39,59,6,104,56,14,70,174
02/24/2005,YKM,WA,ANM,WE,Federal Contract Tower,0,29,28,0,57,0,3,35,0,38,0,32,63,0,95,26,0,26,121
02/25/2005,YKM,WA,ANM,WE,Federal Contract Tower,0,31,20,0,51,0,5,73,0,78,0,36,93,0,129,30,0,30,159
02/26/2005,YKM,WA,ANM,WE,Federal Contract Tower,0,16,14,2,32,0,2,69,0,71,0,18,83,2,103,82,1,83,186
02/27/2005,YKM,WA,ANM,WE,Federal Contract Tower,0,10,8,0,18,0,1,45,0,46,0,11,53,0,64,68,0,68,132
02/28/2005,YKM,WA,ANM,WE,Federal Contract Tower,0,30,15,2,47,0,1,14,0,15,0,31,29,2,62,26,0,26,88
03/01/2005,YKM,WA,ANM,WE,Federal Contract Tower,0,27,8,2,37,0,4,46,0,50,0,31,54,2,87,32,0,32,119
03/02/2005,YKM,WA,ANM,WE,Federal Contract Tower,0,28,27,6,61,0,4,30,2,36,0,32,57,8,97,49,14,63,160
03/03/2005,YKM,WA,ANM,WE,Federal Contract Tower,0,26,19,0,45,0,6,48,0,54,0,32,67,0,99,53,0,53,152
03/04/2005,YKM,WA,ANM,WE,Federal Contract Tower,0,26,27,6,59,0,9,59,0,68,0,35,86,6,127,26,2,28,155
03/05/2005,YKM,WA,ANM,WE,Federal Contract Tower,4,15,6,0,25,0,2,62,8,72,4,17,68,8,97,80,0,80,177
03/06/2005,YKM,WA,ANM,WE,Federal Contract Tower,0,10,12,3,25,0,0,47,1,48,0,10,59,4,73,42,12,54,127
03/07/2005,YKM,WA,ANM,WE,Federal Contract Tower,0,25,16,6,47,0,4,39,0,43,0,29,55,6,90,48,12,60,150
03/08/2005,YKM,WA,ANM,WE,Federal Contract Tower,0,27,18,6,51,0,6,24,0,30,0,33,42,6,81,39,2,41,122
03/09/2005,YKM,WA,ANM,WE,Federal Contract Tower,0,25,23,0,48,0,3,38,2,43,0,28,61,2,91,32,0,32,123
03/10/2005,YKM,WA,ANM,WE,Federal Contract Tower,0,29,18,0,47,0,4,45,0,49,0,33,63,0,96,17,0,17,113
03/11/2005,YKM,WA,ANM,WE,Federal Contract Tower,0,26,19,5,50,0,10,56,3,69,0,36,75,8,119,15,0,15,134
03/12/2005,YKM,WA,ANM,WE,Federal Contract Tower,0,13,16,0,29,0,3,77,0,80,0,16,93,0,109,104,0,104,213
03/13/2005,YKM,WA,ANM,WE,Federal Contract Tower,0,12,7,0,19,0,0,54,1,55,0,12,61,1,74,22,0,22,96
03/14/2005,YKM,WA,ANM,WE,Federal Contract Tower,0,26,13,6,45,0,4,24,0,28,0,30,37,6,73,10,4,14,87
03/15/2005,YKM,WA,ANM,WE,Federal Contract Tower,0,27,10,4,41,0,5,29,0,34,0,32,39,4,75,22,0,22,97
03/16/2005,YKM,WA,ANM,WE,Federal Contract Tower,0,30,10,4,44,0,0,17,0,17,0,30,27,4,61,4,0,4,65
03/17/2005,YKM,WA,ANM,WE,Federal Contract Tower,0,29,20,2,51,0,5,22,0,27,0,34,42,2,78,32,0,32,110
03/18/2005,YKM,WA,ANM,WE,Federal Contract Tower,0,27,11,2,40,0,5,34,0,39,0,32,45,2,79,34,0,34,113
03/19/2005,YKM,WA,ANM,WE,Federal Contract Tower,0,21,7,2,30,0,0,20,2,22,0,21,27,4,52,44,0,44,96
03/20/2005,YKM,WA,ANM,WE,Federal Contract Tower,0,13,5,0,18,0,0,9,10,19,0,13,14,10,37,6,0,6,43
03/21/2005,YKM,WA,ANM,WE,Federal Contract Tower,1,31,10,2,44,0,1,28,0,29,1,32,38,2,73,20,0,20,93
03/22/2005,YKM,WA,ANM,WE,Federal Contract Tower,0,32,15,2,49,0,1,14,4,19,0,33,29,6,68,26,0,26,94
03/23/2005,YKM,WA,ANM,WE,Federal Contract Tower,0,36,11,5,52,0,2,40,1,43,0,38,51,6,95,36,0,36,131
03/24/2005,YKM,WA,ANM,WE,Federal Contract Tower,2,30,26,3,61,0,2,39,3,44,2,32,65,6,105,48,20,68,173
03/25/2005,YKM,WA,ANM,WE,Federal Contract Tower,0,27,19,0,46,0,4,43,0,47,0,31,62,0,93,70,0,70,163
03/26/2005,YKM,WA,ANM,WE,Federal Contract Tower,0,17,4,1,22,0,0,15,1,16,0,17,19,2,38,36,4,40,78
03/27/2005,YKM,WA,ANM,WE,Federal Contract Tower,0,11,1,0,12,0,0,7,0,7,0,11,8,0,19,22,0,22,41
03/28/2005,YKM,WA,ANM,WE,Federal Contract Tower,0,28,16,0,44,0,3,12,2,17,0,31,28,2,61,6,0,6,67
03/29/2005,YKM,WA,ANM,WE,Federal Contract Tower,0,27,17,0,44,0,2,11,0,13,0,29,28,0,57,16,0,16,73
03/30/2005,YKM,WA,ANM,WE,Federal Contract Tower,0,29,19,0,48,0,4,27,4,35,0,33,46,4,83,56,0,56,139
03/31/2005,YKM,WA,ANM,WE,Federal Contract Tower,2,30,16,6,54,0,1,45,4,50,2,31,61,10,104,113,0,113,217
04/01/2005,YKM,WA,ANM,WE,Federal Contract Tower,0,27,16,1,44,0,4,26,0,30,0,31,42,1,74,4,0,4,78
04/02/2005,YKM,WA,ANM,WE,Federal Contract Tower,0,16,7,3,26,0,0,36,0,36,0,16,43,3,62,76,6,82,144
04/03/2005,YKM,WA,ANM,WE,Federal Contract Tower,2,12,2,1,17,0,0,15,1,16,2,12,17,2,33,12,0,12,45
04/04/2005,YKM,WA,ANM,WE,Federal Contract Tower,0,32,14,0,46,0,3,20,2,25,0,35,34,2,71,32,4,36,107
04/05/2005,YKM,WA,ANM,WE,Federal Contract Tower,0,31,14,2,47,0,3,34,0,37,0,34,48,2,84,50,0,50,134
04/06/2005,YKM,WA,ANM,WE,Federal Contract Tower,2,30,25,3,60,0,2,32,1,35,2,32,57,4,95,66,0,66,161
04/07/2005,YKM,WA,ANM,WE,Federal Contract Tower,0,26,8,0,34,0,4,9,0,13,0,30,17,0,47,6,0,6,53
04/08/2005,YKM,WA,ANM,WE,Federal Contract Tower,0,34,19,3,56,0,2,46,3,51,0,36,65,6,107,82,2,84,191
04/09/2005,YKM,WA,ANM,WE,Federal Contract Tower,2,19,8,0,29,0,0,17,0,17,2,19,25,0,46,22,0,22,68
04/10/2005,YKM,WA,ANM,WE,Federal Contract Tower,0,10,13,0,23,0,0,41,0,41,0,10,54,0,64,36,0,36,100
04/11/2005,YKM,WA,ANM,WE,Federal Contract Tower,0,30,7,4,41,0,1,18,2,21,0,31,25,6,62,38,24,62,124
04/12/2005,YKM,WA,ANM,WE,Federal Contract Tower,0,31,10,4,45,0,2,20,0,22,0,33,30,4,67,34,2,36,103
04/13/2005,YKM,WA,ANM,WE,Federal Contract Tower,0,30,22,6,58,0,4,25,0,29,0,34,47,6,87,86,0,86,173
04/14/2005,YKM,WA,ANM,WE,Federal Contract Tower,0,29,14,4,47,0,1,43,0,44,0,30,57,4,91,77,8,85,176
04/15/2005,YKM,WA,ANM,WE,Federal Contract Tower,0,34,8,0,42,0,1,44,0,45,0,35,52,0,87,62,0,62,149
04/16/2005,YKM,WA,ANM,WE,Federal Contract Tower,0,14,9,4,27,0,1,23,0,24,0,15,32,4,51,34,8,42,93
04/17/2005,YKM,WA,ANM,WE,Federal Contract Tower,0,14,11,0,25,0,0,28,0,28,0,14,39,0,53,32,0,32,85
04/18/2005,YKM,WA,ANM,WE,Federal Contract Tower,0,29,12,2,43,0,4,33,0,37,0,33,45,2,80,69,0,69,149
04/19/2005,YKM,WA,ANM,WE,Federal Contract Tower,0,32,9,0,41,0,0,23,0,23,0,32,32,0,64,36,0,36,100
04/20/2005,YKM,WA,ANM,WE,Federal Contract Tower,0,32,14,4,50,0,6,73,2,81,0,38,87,6,131,69,0,69,200
04/21/2005,YKM,WA,ANM,WE,Federal Contract Tower,0,32,18,2,52,0,1,48,0,49,0,33,66,2,101,62,0,62,163
04/22/2005,YKM,WA,ANM,WE,Federal Contract Tower,0,29,24,2,55,0,2,44,0,46,0,31,68,2,101,52,6,58,159
04/23/2005,YKM,WA,ANM,WE,Federal Contract Tower,0,19,15,0,34,0,0,47,3,50,0,19,62,3,84,144,0,144,228
04/24/2005,YKM,WA,ANM,WE,Federal Contract Tower,0,10,12,0,22,0,0,49,2,51,0,10,61,2,73,80,0,80,153
04/25/2005,YKM,WA,ANM,WE,Federal Contract Tower,0,28,21,7,56,0,2,27,0,29,0,30,48,7,85,62,10,72,157
04/26/2005,YKM,WA,ANM,WE,Federal Contract Tower,0,30,14,2,46,0,4,71,3,78,0,34,85,5,124,46,0,46,170
04/27/2005,YKM,WA,ANM,WE,Federal Contract Tower,0,32,21,5,58,0,6,30,1,37,0,38,51,6,95,29,2,31,126
04/28/2005,YKM,WA,ANM,WE,Federal Contract Tower,0,29,23,2,54,0,1,60,0,61,0,30,83,2,115,76,0,76,191
04/29/2005,YKM,WA,ANM,WE,Federal Contract Tower,0,36,20,2,58,0,2,33,0,35,0,38,53,2,93,83,26,109,202
04/30/2005,YKM,WA,ANM,WE,Federal Contract Tower,0,16,14,2,32,0,1,42,0,43,0,17,56,2,75,98,8,106,181
05/01/2005,YKM,WA,ANM,WE,Federal Contract Tower,0,11,14,0,25,0,0,43,6,49,0,11,57,6,74,60,0,60,134
05/02/2005,YKM,WA,ANM,WE,Federal Contract Tower,0,31,9,0,40,0,0,11,2,13,0,31,20,2,53,66,0,66,119
05/03/2005,YKM,WA,ANM,WE,Federal Contract Tower,0,32,23,5,60,0,3,47,0,50,0,35,70,5,110,106,16,122,232
05/04/2005,YKM,WA,ANM,WE,Federal Contract Tower,0,30,16,7,53,0,5,32,0,37,0,35,48,7,90,34,8,42,132
05/05/2005,YKM,WA,ANM,WE,Federal Contract Tower,0,35,24,2,61,0,5,23,0,28,0,40,47,2,89,93,0,93,182
05/06/2005,YKM,WA,ANM,WE,Federal Contract Tower,0,30,36,2,68,0,4,36,2,42,0,34,72,4,110,44,2,46,156
05/07/2005,YKM,WA,ANM,WE,Federal Contract Tower,0,20,5,0,25,0,2,54,0,56,0,22,59,0,81,46,0,46,127
05/08/2005,YKM,WA,ANM,WE,Federal Contract Tower,2,10,12,0,24,0,0,31,0,31,2,10,43,0,55,30,0,30,85
05/09/2005,YKM,WA,ANM,WE,Federal Contract Tower,0,30,12,2,44,0,1,12,0,13,0,31,24,2,57,38,0,38,95
05/10/2005,YKM,WA,ANM,WE,Federal Contract Tower,0,38,24,2,64,0,0,32,0,32,0,38,56,2,96,66,0,66,162
05/11/2005,YKM,WA,ANM,WE,Federal Contract Tower,0,26,38,2,66,0,11,42,0,53,0,37,80,2,119,99,0,99,218
05/12/2005,YKM,WA,ANM,WE,Federal Contract Tower,0,25,26,0,51,0,8,36,0,44,0,33,62,0,95,82,0,82,177
05/13/2005,YKM,WA,ANM,WE,Federal Contract Tower,0,26,35,9,70,0,4,28,1,33,0,30,63,10,103,46,8,54,157
05/14/2005,YKM,WA,ANM,WE,Federal Contract Tower,0,16,8,1,25,0,0,35,1,36,0,16,43,2,61,108,0,108,169
05/15/2005,YKM,WA,ANM,WE,Federal Contract Tower,0,10,10,3,23,0,0,7,1,8,0,10,17,4,31,8,6,14,45
05/16/2005,YKM,WA,ANM,WE,Federal Contract Tower,0,32,23,0,55,0,1,14,0,15,0,33,37,0,70,22,0,22,92
05/17/2005,YKM,WA,ANM,WE,Federal Contract Tower,0,32,17,0,49,0,6,29,0,35,0,38,46,0,84,62,0,62,146
05/18/2005,YKM,WA,ANM,WE,Federal Contract Tower,0,36,37,2,75,0,1,18,0,19,0,37,55,2,94,12,0,12,106
05/19/2005,YKM,WA,ANM,WE,Federal Contract Tower,0,35,16,2,53,0,0,21,0,21,0,35,37,2,74,62,0,62,136
05/20/2005,YKM,WA,ANM,WE,Federal Contract Tower,1,26,17,4,48,0,6,40,0,46,1,32,57,4,94,60,0,60,154
05/21/2005,YKM,WA,ANM,WE,Federal Contract Tower,0,17,11,0,28,0,1,44,0,45,0,18,55,0,73,100,0,100,173
05/22/2005,YKM,WA,ANM,WE,Federal Contract Tower,0,10,13,0,23,0,0,28,2,30,0,10,41,2,53,84,0,84,137
05/23/2005,YKM,WA,ANM,WE,Federal Contract Tower,2,28,39,0,69,0,4,30,0,34,2,32,69,0,103,86,0,86,189
05/24/2005,YKM,WA,ANM,WE,Federal Contract Tower,0,28,20,2,50,0,5,25,0,30,0,33,45,2,80,118,0,118,198
05/25/2005,YKM,WA,ANM,WE,Federal Contract Tower,0,30,22,2,54,0,4,44,2,50,0,34,66,4,104,51,0,51,155
05/26/2005,YKM,WA,ANM,WE,Federal Contract Tower,0,22,22,0,44,0,8,32,2,42,0,30,54,2,86,76,0,76,162
05/27/2005,YKM,WA,ANM,WE,Federal Contract Tower,0,22,26,2,50,0,13,55,2,70,0,35,81,4,120,100,12,112,232
05/28/2005,YKM,WA,ANM,WE,Federal Contract Tower,0,16,5,0,21,0,0,69,0,69,0,16,74,0,90,58,0,58,148
05/29/2005,YKM,WA,ANM,WE,Federal Contract Tower,0,13,6,0,19,0,1,38,0,39,0,14,44,0,58,14,0,14,72
05/30/2005,YKM,WA,ANM,WE,Federal Contract Tower,0,10,4,0,14,0,0,68,0,68,0,10,72,0,82,48,0,48,130
05/31/2005,YKM,WA,ANM,WE,Federal Contract Tower,4,24,11,5,44,0,7,26,1,34,4,31,37,6,78,28,0,28,106
06/01/2005,YKM,WA,ANM,WE,Federal Contract Tower,0,34,31,4,69,0,3,30,0,33,0,37,61,4,102,46,35,81,183
06/02/2005,YKM,WA,ANM,WE,Federal Contract Tower,0,30,15,5,50,0,0,32,3,35,0,30,47,8,85,44,2,46,131
06/03/2005,YKM,WA,ANM,WE,Federal Contract Tower,2,32,40,5,79,0,4,53,1,58,2,36,93,6,137,92,14,106,243
06/04/2005,YKM,WA,ANM,WE,Federal Contract Tower,0,19,16,2,37,0,1,71,0,72,0,20,87,2,109,108,26,134,243
06/05/2005,YKM,WA,ANM,WE,Federal Contract Tower,0,13,12,6,31,0,0,19,0,19,0,13,31,6,50,72,4,76,126
06/06/2005,YKM,WA,ANM,WE,Federal Contract Tower,0,30,17,6,53,0,6,29,0,35,0,36,46,6,88,66,14,80,168
06/07/2005,YKM,WA,ANM,WE,Federal Contract Tower,0,28,27,7,62,0,4,31,0,35,0,32,58,7,97,58,22,80,177
06/08/2005,YKM,WA,ANM,WE,Federal Contract Tower,0,32,25,2,59,0,0,36,0,36,0,32,61,2,95,93,8,101,196
06/09/2005,YKM,WA,ANM,WE,Federal Contract Tower,0,32,23,6,61,0,1,58,0,59,0,33,81,6,120,111,24,135,255
06/10/2005,YKM,WA,ANM,WE,Federal Contract Tower,0,28,27,6,61,0,6,36,6,48,0,34,63,12,109,30,0,30,139
06/11/2005,YKM,WA,ANM,WE,Federal Contract Tower,0,15,16,0,31,0,1,29,1,31,0,16,45,1,62,72,0,72,134
06/12/2005,YKM,WA,ANM,WE,Federal Contract Tower,0,11,14,0,25,0,4,66,0,70,0,15,80,0,95,86,0,86,181
06/13/2005,YKM,WA,ANM,WE,Federal Contract Tower,0,24,27,2,53,0,6,28,0,34,0,30,55,2,87,42,0,42,129
06/14/2005,YKM,WA,ANM,WE,Federal Contract Tower,0,31,31,0,62,0,5,51,2,58,0,36,82,2,120,142,0,142,262
06/15/2005,YKM,WA,ANM,WE,Federal Contract Tower,0,30,27,0,57,0,3,45,0,48,0,33,72,0,105,61,0,61,166
06/16/2005,YKM,WA,ANM,WE,Federal Contract Tower,0,39,36,7,82,0,1,59,7,67,0,40,95,14,149,102,12,114,263
06/17/2005,YKM,WA,ANM,WE,Federal Contract Tower,0,30,21,4,55,0,10,33,0,43,0,40,54,4,98,71,10,81,179
06/18/2005,YKM,WA,ANM,WE,Federal Contract Tower,0,17,17,4,38,0,0,55,0,55,0,17,72,4,93,91,10,101,194
06/19/2005,YKM,WA,ANM,WE,Federal Contract Tower,0,10,10,4,24,0,0,52,0,52,0,10,62,4,76,46,0,46,122
06/20/2005,YKM,WA,ANM,WE,Federal Contract Tower,0,29,20,4,53,0,6,75,7,88,0,35,95,11,141,79,0,79,220
06/21/2005,YKM,WA,ANM,WE,Federal Contract Tower,0,27,28,4,59,0,13,62,11,86,0,40,90,15,145,50,4,54,199
06/22/2005,YKM,WA,ANM,WE,Federal Contract Tower,0,27,28,2,57,0,8,55,3,66,0,35,83,5,123,62,4,66,189
06/23/2005,YKM,WA,ANM,WE,Federal Contract Tower,0,21,18,3,42,0,12,46,0,58,0,33,64,3,100,90,11,101,201
06/24/2005,YKM,WA,ANM,WE,Federal Contract Tower,0,22,16,0,38,0,11,75,0,86,0,33,91,0,124,24,0,24,148
06/25/2005,YKM,WA,ANM,WE,Federal Contract Tower,0,13,12,0,25,0,9,54,0,63,0,22,66,0,88,44,1,45,133
06/26/2005,YKM,WA,ANM,WE,Federal Contract Tower,0,10,10,1,21,0,0,42,3,45,0,10,52,4,66,36,0,36,102
06/27/2005,YKM,WA,ANM,WE,Federal Contract Tower,0,36,17,2,55,0,2,39,0,41,0,38,56,2,96,95,0,95,191
06/28/2005,YKM,WA,ANM,WE,Federal Contract Tower,1,25,28,7,61,0,6,37,1,44,1,31,65,8,105,56,28,84,189
06/29/2005,YKM,WA,ANM,WE,Federal Contract Tower,1,33,28,6,68,0,3,54,0,57,1,36,82,6,125,78,4,82,207
06/30/2005,YKM,WA,ANM,WE,Federal Contract Tower,6,26,33,0,65,0,20,43,0,63,6,46,76,0,128,73,0,73,201
07/01/2005,YKM,WA,ANM,WE,Federal Contract Tower,0,28,17,2,47,0,9,58,0,67,0,37,75,2,114,100,6,106,220
07/02/2005,YKM,WA,ANM,WE,Federal Contract Tower,2,17,15,0,34,0,5,48,0,53,2,22,63,0,87,64,0,64,151
07/03/2005,YKM,WA,ANM,WE,Federal Contract Tower,0,10,3,0,13,0,1,44,0,45,0,11,47,0,58,14,0,14,72
07/04/2005,YKM,WA,ANM,WE,Federal Contract Tower,0,11,8,0,19,0,0,43,0,43,0,11,51,0,62,14,0,14,76
07/05/2005,YKM,WA,ANM,WE,Federal Contract Tower,0,25,24,2,51,0,5,31,3,39,0,30,55,5,90,75,0,75,165
07/06/2005,YKM,WA,ANM,WE,Federal Contract Tower,0,28,23,2,53,0,5,37,0,42,0,33,60,2,95,53,6,59,154
07/07/2005,YKM,WA,ANM,WE,Federal Contract Tower,0,31,13,15,59,0,7,43,0,50,0,38,56,15,109,87,18,105,214
07/08/2005,YKM,WA,ANM,WE,Federal Contract Tower,2,28,24,3,57,0,8,36,1,45,2,36,60,4,102,59,0,59,161
07/09/2005,YKM,WA,ANM,WE,Federal Contract Tower,0,14,10,0,24,0,4,46,0,50,0,18,56,0,74,58,0,58,132
07/10/2005,YKM,WA,ANM,WE,Federal Contract Tower,0,12,11,0,23,0,0,39,0,39,0,12,50,0,62,42,0,42,104
07/11/2005,YKM,WA,ANM,WE,Federal Contract Tower,0,29,13,0,42,0,4,39,0,43,0,33,52,0,85,60,0,60,145
07/12/2005,YKM,WA,ANM,WE,Federal Contract Tower,0,27,22,3,52,0,7,60,3,70,0,34,82,6,122,86,4,90,212
07/13/2005,YKM,WA,ANM,WE,Federal Contract Tower,0,31,16,4,51,0,5,58,2,65,0,36,74,6,116,70,0,70,186
07/14/2005,YKM,WA,ANM,WE,Federal Contract Tower,0,24,27,2,53,0,6,85,1,92,0,30,112,3,145,168,0,168,313
07/15/2005,YKM,WA,ANM,WE,Federal Contract Tower,0,26,25,2,53,0,2,63,0,65,0,28,88,2,118,106,0,106,224
07/16/2005,YKM,WA,ANM,WE,Federal Contract Tower,0,18,8,0,26,0,0,50,2,52,0,18,58,2,78,84,0,84,162
07/17/2005,YKM,WA,ANM,WE,Federal Contract Tower,0,10,13,0,23,0,0,50,0,50,0,10,63,0,73,20,0,20,93
07/18/2005,YKM,WA,ANM,WE,Federal Contract Tower,0,28,14,5,47,0,9,34,1,44,0,37,48,6,91,40,0,40,131
07/19/2005,YKM,WA,ANM,WE,Federal Contract Tower,0,29,21,2,52,0,6,40,0,46,0,35,61,2,98,77,8,85,183
07/20/2005,YKM,WA,ANM,WE,Federal Contract Tower,0,31,20,4,55,0,5,58,6,69,0,36,78,10,124,98,0,98,222
07/21/2005,YKM,WA,ANM,WE,Federal Contract Tower,0,27,27,0,54,0,4,49,1,54,0,31,76,1,108,54,0,54,162
07/22/2005,YKM,WA,ANM,WE,Federal Contract Tower,0,27,18,0,45,0,18,26,0,44,0,45,44,0,89,64,0,64,153
07/23/2005,YKM,WA,ANM,WE,Federal Contract Tower,0,15,22,0,37,0,6,72,0,78,0,21,94,0,115,58,0,58,173
07/24/2005,YKM,WA,ANM,WE,Federal Contract Tower,0,13,15,2,30,0,0,51,0,51,0,13,66,2,81,42,2,44,125
07/25/2005,YKM,WA,ANM,WE,Federal Contract Tower,0,22,17,0,39,0,9,41,0,50,0,31,58,0,89,80,0,80,169
07/26/2005,YKM,WA,ANM,WE,Federal Contract Tower,0,34,28,2,64,0,9,46,2,57,0,43,74,4,121,106,0,106,227
07/27/2005,YKM,WA,ANM,WE,Federal Contract Tower,0,22,26,0,48,0,6,63,0,69,0,28,89,0,117,75,0,75,192
07/28/2005,YKM,WA,ANM,WE,Federal Contract Tower,0,21,19,5,45,0,15,50,1,66,0,36,69,6,111,29,18,47,158
07/29/2005,YKM,WA,ANM,WE,Federal Contract Tower,0,22,15,6,43,0,9,42,0,51,0,31,57,6,94,56,22,78,172
07/30/2005,YKM,WA,ANM,WE,Federal Contract Tower,0,17,10,2,29,0,0,52,0,52,0,17,62,2,81,38,3,41,122
07/31/2005,YKM,WA,ANM,WE,Federal Contract Tower,0,17,17,4,38,0,0,45,0,45,0,17,62,4,83,26,0,26,109
08/01/2005,YKM,WA,ANM,WE,Federal Contract Tower,0,26,12,2,40,0,6,49,1,56,0,32,61,3,96,56,0,56,152
08/02/2005,YKM,WA,ANM,WE,Federal Contract Tower,0,31,17,10,58,0,6,35,0,41,0,37,52,10,99,70,8,78,177
08/03/2005,YKM,WA,ANM,WE,Federal Contract Tower,2,34,20,2,58,0,3,42,1,46,2,37,62,3,104,48,0,48,152
08/04/2005,YKM,WA,ANM,WE,Federal Contract Tower,0,24,21,8,53,0,8,51,0,59,0,32,72,8,112,57,9,66,178
08/05/2005,YKM,WA,ANM,WE,Federal Contract Tower,2,29,28,2,61,0,13,34,0,47,2,42,62,2,108,64,0,64,172
08/06/2005,YKM,WA,ANM,WE,Federal Contract Tower,0,17,5,4,26,0,4,48,0,52,0,21,53,4,78,50,0,50,128
08/07/2005,YKM,WA,ANM,WE,Federal Contract Tower,8,12,18,0,38,0,11,17,0,28,8,23,35,0,66,10,0,10,76
08/08/2005,YKM,WA,ANM,WE,Federal Contract Tower,0,23,15,0,38,0,8,61,5,74,0,31,76,5,112,66,0,66,178
08/09/2005,YKM,WA,ANM,WE,Federal Contract Tower,0,25,22,2,49,0,8,37,4,49,0,33,59,6,98,49,0,49,147
08/10/2005,YKM,WA,ANM,WE,Federal Contract Tower,0,27,21,4,52,0,4,41,0,45,0,31,62,4,97,93,2,95,192
08/11/2005,YKM,WA,ANM,WE,Federal Contract Tower,0,27,15,4,46,0,3,47,2,52,0,30,62,6,98,70,0,70,168
08/12/2005,YKM,WA,ANM,WE,Federal Contract Tower,0,27,24,4,55,0,7,49,2,58,0,34,73,6,113,36,0,36,149
08/13/2005,YKM,WA,ANM,WE,Federal Contract Tower,0,22,9,2,33,0,1,30,0,31,0,23,39,2,64,46,3,49,113
08/14/2005,YKM,WA,ANM,WE,Federal Contract Tower,0,10,11,0,21,0,0,58,0,58,0,10,69,0,79,28,0,28,107
08/15/2005,YKM,WA,ANM,WE,Federal Contract Tower,4,26,11,0,41,0,6,46,5,57,4,32,57,5,98,58,0,58,156
08/16/2005,YKM,WA,ANM,WE,Federal Contract Tower,0,24,22,2,48,0,8,48,4,60,0,32,70,6,108,124,0,124,232
08/17/2005,YKM,WA,ANM,WE,Federal Contract Tower,0,31,14,4,49,0,3,28,5,36,0,34,42,9,85,122,18,140,225
08/18/2005,YKM,WA,ANM,WE,Federal Contract Tower,0,31,26,11,68,0,6,43,3,52,0,37,69,14,120,93,40,133,253
08/19/2005,YKM,WA,ANM,WE,Federal Contract Tower,0,24,23,8,55,0,8,64,4,76,0,32,87,12,131,74,0,74,205
08/20/2005,YKM,WA,ANM,WE,Federal Contract Tower,0,12,10,4,26,0,4,65,0,69,0,16,75,4,95,78,0,78,173
08/21/2005,YKM,WA,ANM,WE,Federal Contract Tower,0,10,13,2,25,0,0,55,2,57,0,10,68,4,82,0,0,0,82
08/22/2005,YKM,WA,ANM,WE,Federal Contract Tower,0,21,14,0,35,0,9,45,4,58,0,30,59,4,93,56,0,56,149
08/23/2005,YKM,WA,ANM,WE,Federal Contract Tower,0,27,13,3,43,0,10,41,1,52,0,37,54,4,95,32,6,38,133
08/24/2005,YKM,WA,ANM,WE,Federal Contract Tower,0,29,18,0,47,0,7,60,9,76,0,36,78,9,123,121,4,125,248
08/25/2005,YKM,WA,ANM,WE,Federal Contract Tower,0,28,17,2,47,0,1,62,9,72,0,29,79,11,119,54,4,58,177
08/26/2005,YKM,WA,ANM,WE,Federal Contract Tower,0,22,12,2,36,0,10,68,6,84,0,32,80,8,120,40,0,40,160
08/27/2005,YKM,WA,ANM,WE,Federal Contract Tower,0,16,1,0,17,0,2,35,0,37,0,18,36,0,54,24,0,24,78
08/28/2005,YKM,WA,ANM,WE,Federal Contract Tower,0,10,10,0,20,0,0,34,0,34,0,10,44,0,54,6,0,6,60
08/29/2005,YKM,WA,ANM,WE,Federal Contract Tower,0,29,20,6,55,0,2,27,2,31,0,31,47,8,86,74,0,74,160
08/30/2005,YKM,WA,ANM,WE,Federal Contract Tower,0,23,22,2,47,0,10,31,0,41,0,33,53,2,88,108,0,108,196
08/31/2005,YKM,WA,ANM,WE,Federal Contract Tower,0,25,21,4,50,0,9,52,3,64,0,34,73,7,114,134,6,140,254
09/01/2005,YKM,WA,ANM,WE,Federal Contract Tower,0,23,15,2,40,0,8,37,0,45,0,31,52,2,85,46,6,52,137
09/02/2005,YKM,WA,ANM,WE,Federal Contract Tower,0,26,21,0,47,0,3,50,0,53,0,29,71,0,100,70,0,70,170
09/03/2005,YKM,WA,ANM,WE,Federal Contract Tower,0,12,9,0,21,0,2,43,0,45,0,14,52,0,66,28,0,28,94
09/04/2005,YKM,WA,ANM,WE,Federal Contract Tower,3,13,7,0,23,0,0,28,0,28,3,13,35,0,51,22,0,22,73
09/05/2005,YKM,WA,ANM,WE,Federal Contract Tower,1,13,13,0,27,0,1,43,0,44,1,14,56,0,71,22,0,22,93
09/06/2005,YKM,WA,ANM,WE,Federal Contract Tower,0,19,12,2,33,0,10,46,0,56,0,29,58,2,89,80,2,82,171
09/07/2005,YKM,WA,ANM,WE,Federal Contract Tower,2,23,22,3,50,0,8,83,1,92,2,31,105,4,142,100,5,105,247
09/08/2005,YKM,WA,ANM,WE,Federal Contract Tower,1,31,14,5,51,0,10,55,1,66,1,41,69,6,117,32,8,40,157
09/09/2005,YKM,WA,ANM,WE,Federal Contract Tower,1,30,15,0,46,0,6,25,0,31,1,36,40,0,77,6,0,6,83
09/10/2005,YKM,WA,ANM,WE,Federal Contract Tower,0,15,4,0,19,0,2,23,0,25,0,17,27,0,44,84,0,84,128
09/11/2005,YKM,WA,ANM,WE,Federal Contract Tower,0,13,6,4,23,0,0,35,0,35,0,13,41,4,58,10,10,20,78
09/12/2005,YKM,WA,ANM,WE,Federal Contract Tower,0,24,12,4,40,0,8,40,0,48,0,32,52,4,88,34,2,36,124
09/13/2005,YKM,WA,ANM,WE,Federal Contract Tower,0,24,22,0,46,0,8,47,0,55,0,32,69,0,101,66,0,66,167
09/14/2005,YKM,WA,ANM,WE,Federal Contract Tower,0,39,21,4,64,0,2,50,3,55,0,41,71,7,119,115,6,121,240
09/15/2005,YKM,WA,ANM,WE,Federal Contract Tower,0,23,12,0,35,0,7,44,0,51,0,30,56,0,86,88,0,88,174
09/16/2005,YKM,WA,ANM,WE,Federal Contract Tower,0,31,17,2,50,0,6,31,2,39,0,37,48,4,89,48,0,48,137
09/17/2005,YKM,WA,ANM,WE,Federal Contract Tower,0,18,12,7,37,0,0,51,1,52,0,18,63,8,89,188,4,192,281
09/18/2005,YKM,WA,ANM,WE,Federal Contract Tower,0,11,2,0,13,0,1,56,0,57,0,12,58,0,70,6,0,6,76
09/19/2005,YKM,WA,ANM,WE,Federal Contract Tower,0,23,9,0,32,0,8,48,0,56,0,31,57,0,88,102,0,102,190
09/20/2005,YKM,WA,ANM,WE,Federal Contract Tower,0,27,10,2,39,0,11,68,0,79,0,38,78,2,118,84,0,84,202
09/21/2005,YKM,WA,ANM,WE,Federal Contract Tower,0,24,15,0,39,0,13,68,0,81,0,37,83,0,120,15,0,15,135
09/22/2005,YKM,WA,ANM,WE,Federal Contract Tower,0,24,17,0,41,0,10,59,0,69,0,34,76,0,110,113,0,113,223
09/23/2005,YKM,WA,ANM,WE,Federal Contract Tower,0,23,11,2,36,0,4,43,0,47,0,27,54,2,83,130,0,130,213
09/24/2005,YKM,WA,ANM,WE,Federal Contract Tower,0,15,5,0,20,0,1,54,0,55,0,16,59,0,75,32,0,32,107
09/25/2005,YKM,WA,ANM,WE,Federal Contract Tower,0,10,10,2,22,0,0,66,0,66,0,10,76,2,88,54,12,66,154
09/26/2005,YKM,WA,ANM,WE,Federal Contract Tower,0,21,5,6,32,0,11,60,0,71,0,32,65,6,103,64,8,72,175
09/27/2005,YKM,WA,ANM,WE,Federal Contract Tower,0,31,11,2,44,0,8,51,0,59,0,39,62,2,103,76,2,78,181
09/28/2005,YKM,WA,ANM,WE,Federal Contract Tower,0,24,6,0,30,0,6,55,0,61,0,30,61,0,91,52,0,52,143
09/29/2005,YKM,WA,ANM,WE,Federal Contract Tower,0,25,16,4,45,0,5,38,0,43,0,30,54,4,88,26,0,26,114
09/30/2005,YKM,WA,ANM,WE,Federal Contract Tower,0,30,11,2,43,0,2,26,0,28,0,32,37,2,71,66,0,66,137
10/01/2005,YKM,WA,ANM,WE,Federal Contract Tower,0,16,10,0,26,0,2,35,0,37,0,18,45,0,63,42,0,42,105
10/02/2005,YKM,WA,ANM,WE,Federal Contract Tower,2,16,2,0,20,0,0,22,0,22,2,16,24,0,42,18,0,18,60
10/03/2005,YKM,WA,ANM,WE,Federal Contract Tower,0,28,17,2,47,0,5,37,0,42,0,33,54,2,89,66,8,74,163
10/04/2005,YKM,WA,ANM,WE,Federal Contract Tower,0,28,11,0,39,0,6,38,0,44,0,34,49,0,83,94,0,94,177
10/05/2005,YKM,WA,ANM,WE,Federal Contract Tower,2,32,16,4,54,0,4,41,2,47,2,36,57,6,101,88,0,88,189
10/06/2005,YKM,WA,ANM,WE,Federal Contract Tower,0,32,16,4,52,0,1,26,0,27,0,33,42,4,79,92,10,102,181
10/07/2005,YKM,WA,ANM,WE,Federal Contract Tower,0,29,19,2,50,0,7,37,0,44,0,36,56,2,94,84,20,104,198
10/08/2005,YKM,WA,ANM,WE,Federal Contract Tower,0,11,7,3,21,0,3,80,3,86,0,14,87,6,107,44,0,44,151
10/09/2005,YKM,WA,ANM,WE,Federal Contract Tower,0,12,3,0,15,0,0,48,0,48,0,12,51,0,63,44,0,44,107
10/10/2005,YKM,WA,ANM,WE,Federal Contract Tower,0,17,23,1,41,0,0,35,1,36,0,17,58,2,77,74,0,74,151
10/11/2005,YKM,WA,ANM,WE,Federal Contract Tower,0,29,8,4,41,0,3,57,0,60,0,32,65,4,101,76,2,78,179
10/12/2005,YKM,WA,ANM,WE,Federal Contract Tower,0,30,14,6,50,0,1,38,4,43,0,31,52,10,93,110,0,110,203
10/13/2005,YKM,WA,ANM,WE,Federal Contract Tower,2,38,16,2,58,0,1,49,0,50,2,39,65,2,108,117,0,117,225
10/14/2005,YKM,WA,ANM,WE,Federal Contract Tower,0,38,12,0,50,0,2,58,0,60,0,40,70,0,110,110,0,110,220
10/15/2005,YKM,WA,ANM,WE,Federal Contract Tower,0,14,11,0,25,0,2,79,0,81,0,16,90,0,106,104,0,104,210
10/16/2005,YKM,WA,ANM,WE,Federal Contract Tower,0,10,4,0,14,0,0,62,0,62,0,10,66,0,76,38,0,38,114
10/17/2005,YKM,WA,ANM,WE,Federal Contract Tower,0,24,17,7,48,0,6,33,4,43,0,30,50,11,91,76,0,76,167
10/18/2005,YKM,WA,ANM,WE,Federal Contract Tower,0,31,22,10,63,0,1,54,0,55,0,32,76,10,118,56,0,56,174
10/19/2005,YKM,WA,ANM,WE,Federal Contract Tower,0,39,18,6,63,0,0,11,0,11,0,39,29,6,74,72,4,76,150
10/20/2005,YKM,WA,ANM,WE,Federal Contract Tower,0,33,12,10,55,0,0,39,0,39,0,33,51,10,94,113,0,113,207
10/21/2005,YKM,WA,ANM,WE,Federal Contract Tower,0,29,11,2,42,0,2,65,0,67,0,31,76,2,109,70,2,72,181
10/22/2005,YKM,WA,ANM,WE,Federal Contract Tower,0,17,3,3,23,0,0,60,1,61,0,17,63,4,84,90,8,98,182
10/23/2005,YKM,WA,ANM,WE,Federal Contract Tower,0,11,4,2,17,0,0,37,0,37,0,11,41,2,54,46,22,68,122
10/24/2005,YKM,WA,ANM,WE,Federal Contract Tower,0,27,15,2,44,0,3,23,0,26,0,30,38,2,70,68,0,68,138
10/25/2005,YKM,WA,ANM,WE,Federal Contract Tower,0,30,10,2,42,0,3,41,0,44,0,33,51,2,86,64,2,66,152
10/26/2005,YKM,WA,ANM,WE,Federal Contract Tower,0,32,9,0,41,0,0,35,0,35,0,32,44,0,76,58,0,58,134
10/27/2005,YKM,WA,ANM,WE,Federal Contract Tower,0,24,16,1,41,0,6,46,1,53,0,30,62,2,94,34,2,36,130
10/28/2005,YKM,WA,ANM,WE,Federal Contract Tower,0,33,16,0,49,0,0,13,0,13,0,33,29,0,62,88,0,88,150
10/29/2005,YKM,WA,ANM,WE,Federal Contract Tower,0,14,8,0,22,0,2,43,0,45,0,16,51,0,67,12,0,12,79
10/30/2005,YKM,WA,ANM,WE,Federal Contract Tower,0,12,9,0,21,0,0,28,0,28,0,12,37,0,49,56,0,56,105
10/31/2005,YKM,WA,ANM,WE,Federal Contract Tower,0,29,13,2,44,0,5,18,0,23,0,34,31,2,67,48,0,48,115
11/01/2005,YKM,WA,ANM,WE,Federal Contract Tower,0,29,28,2,59,0,2,4,0,6,0,31,32,2,65,30,0,30,95
11/02/2005,YKM,WA,ANM,WE,Federal Contract Tower,0,33,11,6,50,0,3,52,2,57,0,36,63,8,107,48,0,48,155
11/03/2005,YKM,WA,ANM,WE,Federal Contract Tower,0,36,15,4,55,0,0,16,0,16,0,36,31,4,71,4,0,4,75
11/04/2005,YKM,WA,ANM,WE,Federal Contract Tower,2,26,13,2,43,0,4,22,0,26,2,30,35,2,69,14,0,14,83
11/05/2005,YKM,WA,ANM,WE,Federal Contract Tower,0,14,10,2,26,0,1,15,0,16,0,15,25,2,42,30,0,30,72
11/06/2005,YKM,WA,ANM,WE,Federal Contract Tower,0,17,7,2,26,0,0,19,0,19,0,17,26,2,45,44,2,46,91
11/07/2005,YKM,WA,ANM,WE,Federal Contract Tower,2,31,20,0,53,0,2,27,2,31,2,33,47,2,84,24,0,24,108
11/08/2005,YKM,WA,ANM,WE,Federal Contract Tower,0,32,17,2,51,0,3,37,0,40,0,35,54,2,91,76,2,78,169
11/09/2005,YKM,WA,ANM,WE,Federal Contract Tower,0,35,24,2,61,0,5,50,0,55,0,40,74,2,116,73,2,75,191
11/10/2005,YKM,WA,ANM,WE,Federal Contract Tower,0,31,22,0,53,0,6,29,0,35,0,37,51,0,88,58,0,58,146
11/11/2005,YKM,WA,ANM,WE,Federal Contract Tower,0,17,25,0,42,0,2,22,0,24,0,19,47,0,66,38,0,38,104
11/12/2005,YKM,WA,ANM,WE,Federal Contract Tower,0,14,16,1,31,0,3,35,1,39,0,17,51,2,70,60,0,60,130
11/13/2005,YKM,WA,ANM,WE,Federal Contract Tower,0,14,5,0,19,0,0,10,0,10,0,14,15,0,29,2,0,2,31
11/14/2005,YKM,WA,ANM,WE,Federal Contract Tower,0,28,23,0,51,0,4,25,0,29,0,32,48,0,80,152,0,152,232
11/15/2005,YKM,WA,ANM,WE,Federal Contract Tower,0,31,17,4,52,0,3,46,2,51,0,34,63,6,103,142,2,144,247
11/16/2005,YKM,WA,ANM,WE,Federal Contract Tower,0,30,26,2,58,0,0,37,2,39,0,30,63,4,97,42,0,42,139
11/17/2005,YKM,WA,ANM,WE,Federal Contract Tower,0,30,15,4,49,0,0,47,0,47,0,30,62,4,96,95,0,95,191
11/18/2005,YKM,WA,ANM,WE,Federal Contract Tower,0,39,21,0,60,0,4,26,2,32,0,43,47,2,92,72,0,72,164
11/19/2005,YKM,WA,ANM,WE,Federal Contract Tower,1,19,2,0,22,0,0,0,0,0,1,19,2,0,22,0,0,0,22
11/20/2005,YKM,WA,ANM,WE,Federal Contract Tower,0,10,2,2,14,0,0,0,0,0,0,10,2,2,14,48,0,48,62
11/21/2005,YKM,WA,ANM,WE,Federal Contract Tower,0,33,19,2,54,0,0,0,0,0,0,33,19,2,54,20,0,20,74
11/22/2005,YKM,WA,ANM,WE,Federal Contract Tower,2,32,17,2,53,0,0,0,0,0,2,32,17,2,53,32,0,32,85
11/23/2005,YKM,WA,ANM,WE,Federal Contract Tower,0,35,17,1,53,0,0,0,1,1,0,35,17,2,54,20,0,20,74
11/24/2005,YKM,WA,ANM,WE,Federal Contract Tower,0,7,2,0,9,0,0,1,0,1,0,7,3,0,10,6,0,6,16
11/25/2005,YKM,WA,ANM,WE,Federal Contract Tower,2,31,9,0,42,0,0,4,0,4,2,31,13,0,46,0,0,0,46
11/26/2005,YKM,WA,ANM,WE,Federal Contract Tower,0,19,14,0,33,0,2,39,0,41,0,21,53,0,74,54,0,54,128
11/27/2005,YKM,WA,ANM,WE,Federal Contract Tower,0,12,18,1,31,0,0,25,0,25,0,12,43,1,56,64,0,64,120
11/28/2005,YKM,WA,ANM,WE,Federal Contract Tower,0,30,16,5,51,0,2,7,1,10,0,32,23,6,61,60,0,60,121
11/29/2005,YKM,WA,ANM,WE,Federal Contract Tower,0,33,21,4,58,0,0,7,0,7,0,33,28,4,65,30,0,30,95
11/30/2005,YKM,WA,ANM,WE,Federal Contract Tower,0,38,20,12,70,0,0,32,0,32,0,38,52,12,102,48,25,73,175
12/01/2005,YKM,WA,ANM,WE,Federal Contract Tower,0,34,16,2,52,0,3,0,0,3,0,37,16,2,55,0,0,0,55
12/02/2005,YKM,WA,ANM,WE,Federal Contract Tower,0,32,28,0,60,0,4,16,0,20,0,36,44,0,80,50,0,50,130
12/03/2005,YKM,WA,ANM,WE,Federal Contract Tower,0,17,12,0,29,0,5,46,0,51,0,22,58,0,80,74,0,74,154
12/04/2005,YKM,WA,ANM,WE,Federal Contract Tower,0,10,11,2,23,0,0,19,0,19,0,10,30,2,42,46,8,54,96
12/05/2005,YKM,WA,ANM,WE,Federal Contract Tower,0,29,11,6,46,0,1,15,0,16,0,30,26,6,62,14,50,64,126
12/06/2005,YKM,WA,ANM,WE,Federal Contract Tower,0,33,15,6,54,0,1,32,2,35,0,34,47,8,89,90,10,100,189
12/07/2005,YKM,WA,ANM,WE,Federal Contract Tower,0,35,27,0,62,0,2,28,0,30,0,37,55,0,92,30,0,30,122
12/08/2005,YKM,WA,ANM,WE,Federal Contract Tower,0,35,28,6,69,0,0,28,0,28,0,35,56,6,97,30,12,42,139
12/09/2005,YKM,WA,ANM,WE,Federal Contract Tower,0,31,11,0,42,0,6,28,0,34,0,37,39,0,76,13,0,13,89
12/10/2005,YKM,WA,ANM,WE,Federal Contract Tower,0,15,11,2,28,0,2,37,0,39,0,17,48,2,67,41,4,45,112
12/11/2005,YKM,WA,ANM,WE,Federal Contract Tower,0,12,6,0,18,0,0,23,0,23,0,12,29,0,41,16,0,16,57
12/12/2005,YKM,WA,ANM,WE,Federal Contract Tower,0,33,10,5,48,0,1,14,1,16,0,34,24,6,64,14,6,20,84
12/13/2005,YKM,WA,ANM,WE,Federal Contract Tower,0,22,6,0,28,0,0,0,0,0,0,22,6,0,28,0,0,0,28
12/14/2005,YKM,WA,ANM,WE,Federal Contract Tower,0,36,20,0,56,0,0,3,0,3,0,36,23,0,59,0,0,0,59
12/15/2005,YKM,WA,ANM,WE,Federal Contract Tower,0,32,6,0,38,0,0,0,0,0,0,32,6,0,38,0,0,0,38
12/16/2005,YKM,WA,ANM,WE,Federal Contract Tower,0,34,21,0,55,0,0,0,0,0,0,34,21,0,55,4,0,4,59
12/17/2005,YKM,WA,ANM,WE,Federal Contract Tower,0,14,11,4,29,0,2,29,0,31,0,16,40,4,60,46,6,52,112
12/18/2005,YKM,WA,ANM,WE,Federal Contract Tower,0,12,5,0,17,0,0,21,2,23,0,12,26,2,40,16,0,16,56
12/19/2005,YKM,WA,ANM,WE,Federal Contract Tower,0,32,14,0,46,0,0,0,0,0,0,32,14,0,46,10,0,10,56
12/20/2005,YKM,WA,ANM,WE,Federal Contract Tower,0,35,11,0,46,0,0,0,0,0,0,35,11,0,46,12,0,12,58
12/21/2005,YKM,WA,ANM,WE,Federal Contract Tower,2,45,11,7,65,0,0,0,0,0,2,45,11,7,65,6,2,8,73
12/22/2005,YKM,WA,ANM,WE,Federal Contract Tower,0,37,11,2,50,0,0,0,0,0,0,37,11,2,50,0,0,0,50
12/23/2005,YKM,WA,ANM,WE,Federal Contract Tower,0,38,5,0,43,0,0,13,0,13,0,38,18,0,56,20,0,20,76
12/24/2005,YKM,WA,ANM,WE,Federal Contract Tower,0,3,7,0,10,0,0,0,0,0,0,3,7,0,10,0,0,0,10
12/25/2005,YKM,WA,ANM,WE,Federal Contract Tower,0,11,1,0,12,0,0,4,0,4,0,11,5,0,16,0,0,0,16
12/26/2005,YKM,WA,ANM,WE,Federal Contract Tower,0,10,11,0,21,0,0,5,0,5,0,10,16,0,26,0,0,0,26
12/27/2005,YKM,WA,ANM,WE,Federal Contract Tower,0,33,3,2,38,0,0,4,0,4,0,33,7,2,42,6,0,6,48
12/28/2005,YKM,WA,ANM,WE,Federal Contract Tower,0,34,4,2,40,0,0,11,0,11,0,34,15,2,51,49,2,51,102
12/29/2005,YKM,WA,ANM,WE,Federal Contract Tower,0,33,13,0,46,0,0,40,0,40,0,33,53,0,86,68,0,68,154
12/30/2005,YKM,WA,ANM,WE,Federal Contract Tower,0,34,7,0,41,0,0,2,0,2,0,34,9,0,43,0,0,0,43
12/31/2005,YKM,WA,ANM,WE,Federal Contract Tower,0,13,0,0,13,0,0,2,0,2,0,13,2,0,15,6,0,6,21
01/01/2006,YKM,WA,ANM,WE,Federal Contract Tower,0,9,3,0,12,0,0,3,0,3,0,9,6,0,15,0,0,0,15
01/02/2006,YKM,WA,ANM,WE,Federal Contract Tower,0,10,3,0,13,0,0,2,0,2,0,10,5,0,15,48,0,48,63
01/03/2006,YKM,WA,ANM,WE,Federal Contract Tower,0,28,8,4,40,0,0,7,0,7,0,28,15,4,47,34,6,40,87
01/04/2006,YKM,WA,ANM,WE,Federal Contract Tower,0,35,9,2,46,0,0,3,0,3,0,35,12,2,49,31,0,31,80
01/05/2006,YKM,WA,ANM,WE,Federal Contract Tower,0,33,12,2,47,0,1,29,3,33,0,34,41,5,80,46,0,46,126
01/06/2006,YKM,WA,ANM,WE,Federal Contract Tower,0,32,17,3,52,0,0,8,1,9,0,32,25,4,61,8,26,34,95
01/07/2006,YKM,WA,ANM,WE,Federal Contract Tower,0,10,3,0,13,0,0,0,0,0,0,10,3,0,13,0,0,0,13
01/08/2006,YKM,WA,ANM,WE,Federal Contract Tower,0,10,18,1,29,0,0,29,1,30,0,10,47,2,59,44,0,44,103
01/09/2006,YKM,WA,ANM,WE,Federal Contract Tower,0,29,11,4,44,0,1,6,0,7,0,30,17,4,51,18,0,18,69
01/10/2006,YKM,WA,ANM,WE,Federal Contract Tower,0,35,19,0,54,0,2,10,0,12,0,37,29,0,66,28,0,28,94
01/11/2006,YKM,WA,ANM,WE,Federal Contract Tower,0,32,19,2,53,0,2,21,0,23,0,34,40,2,76,40,0,40,116
01/12/2006,YKM,WA,ANM,WE,Federal Contract Tower,0,31,13,0,44,0,4,8,0,12,0,35,21,0,56,22,0,22,78
01/13/2006,YKM,WA,ANM,WE,Federal Contract Tower,0,30,19,0,49,0,0,8,2,10,0,30,27,2,59,32,0,32,91
01/14/2006,YKM,WA,ANM,WE,Federal Contract Tower,0,15,3,2,20,0,1,24,0,25,0,16,27,2,45,47,4,51,96
01/15/2006,YKM,WA,ANM,WE,Federal Contract Tower,0,10,9,3,22,0,0,22,0,22,0,10,31,3,44,42,2,44,88
01/16/2006,YKM,WA,ANM,WE,Federal Contract Tower,0,16,4,1,21,0,0,0,0,0,0,16,4,1,21,6,0,6,27
01/17/2006,YKM,WA,ANM,WE,Federal Contract Tower,0,26,13,0,39,0,0,14,0,14,0,26,27,0,53,12,0,12,65
01/18/2006,YKM,WA,ANM,WE,Federal Contract Tower,0,34,16,1,51,0,0,4,1,5,0,34,20,2,56,6,0,6,62
01/19/2006,YKM,WA,ANM,WE,Federal Contract Tower,0,10,6,0,16,0,0,0,0,0,0,10,6,0,16,2,0,2,18
01/20/2006,YKM,WA,ANM,WE,Federal Contract Tower,0,29,17,0,46,0,1,24,0,25,0,30,41,0,71,46,0,46,117
01/21/2006,YKM,WA,ANM,WE,Federal Contract Tower,2,14,3,2,21,0,4,23,0,27,2,18,26,2,48,36,14,50,98
01/22/2006,YKM,WA,ANM,WE,Federal Contract Tower,0,10,7,2,19,0,0,19,0,19,0,10,26,2,38,30,0,30,68
01/23/2006,YKM,WA,ANM,WE,Federal Contract Tower,0,28,31,0,59,0,2,43,0,45,0,30,74,0,104,72,0,72,176
01/24/2006,YKM,WA,ANM,WE,Federal Contract Tower,2,30,11,0,43,0,0,34,0,34,2,30,45,0,77,52,0,52,129
01/25/2006,YKM,WA,ANM,WE,Federal Contract Tower,0,41,15,2,58,0,0,15,2,17,0,41,30,4,75,30,2,32,107
01/26/2006,YKM,WA,ANM,WE,Federal Contract Tower,0,31,22,0,53,0,1,16,2,19,0,32,38,2,72,34,0,34,106
01/27/2006,YKM,WA,ANM,WE,Federal Contract Tower,0,34,25,0,59,0,2,28,0,30,0,36,53,0,89,48,0,48,137
01/28/2006,YKM,WA,ANM,WE,Federal Contract Tower,0,15,7,0,22,0,4,3,0,7,0,19,10,0,29,46,0,46,75
01/29/2006,YKM,WA,ANM,WE,Federal Contract Tower,0,14,7,2,23,0,0,4,0,4,0,14,11,2,27,2,0,2,29
01/30/2006,YKM,WA,ANM,WE,Federal Contract Tower,0,29,16,2,47,0,3,7,0,10,0,32,23,2,57,24,0,24,81
01/31/2006,YKM,WA,ANM,WE,Federal Contract Tower,0,31,19,2,52,0,0,1,0,1,0,31,20,2,53,40,0,40,93
02/01/2006,YKM,WA,ANM,WE,Federal Contract Tower,0,29,19,7,55,0,2,25,0,27,0,31,44,7,82,94,2,96,178
02/02/2006,YKM,WA,ANM,WE,Federal Contract Tower,0,32,23,2,57,0,0,18,0,18,0,32,41,2,75,51,0,51,126
02/03/2006,YKM,WA,ANM,WE,Federal Contract Tower,0,32,31,2,65,0,0,27,0,27,0,32,58,2,92,38,0,38,130
02/04/2006,YKM,WA,ANM,WE,Federal Contract Tower,2,15,1,0,18,0,0,4,0,4,2,15,5,0,22,18,0,18,40
02/05/2006,YKM,WA,ANM,WE,Federal Contract Tower,0,10,5,0,15,0,0,23,1,24,0,10,28,1,39,72,0,72,111
02/06/2006,YKM,WA,ANM,WE,Federal Contract Tower,0,29,31,0,60,0,5,17,0,22,0,34,48,0,82,88,0,88,170
02/07/2006,YKM,WA,ANM,WE,Federal Contract Tower,2,30,35,0,67,0,5,33,0,38,2,35,68,0,105,86,0,86,191
02/08/2006,YKM,WA,ANM,WE,Federal Contract Tower,0,30,20,5,55,0,3,45,1,49,0,33,65,6,104,73,0,73,177
02/09/2006,YKM,WA,ANM,WE,Federal Contract Tower,0,30,28,5,63,0,5,29,0,34,0,35,57,5,97,24,0,24,121
02/10/2006,YKM,WA,ANM,WE,Federal Contract Tower,0,28,27,2,57,0,2,55,2,59,0,30,82,4,116,65,1,66,182
02/11/2006,YKM,WA,ANM,WE,Federal Contract Tower,0,19,24,0,43,0,2,71,0,73,0,21,95,0,116,76,0,76,192
02/12/2006,YKM,WA,ANM,WE,Federal Contract Tower,0,10,13,2,25,0,0,39,0,39,0,10,52,2,64,96,2,98,162
02/13/2006,YKM,WA,ANM,WE,Federal Contract Tower,0,29,32,0,61,0,5,0,0,5,0,34,32,0,66,72,0,72,138
02/14/2006,YKM,WA,ANM,WE,Federal Contract Tower,0,31,14,7,52,0,2,14,0,16,0,33,28,7,68,16,2,18,86
02/15/2006,YKM,WA,ANM,WE,Federal Contract Tower,0,25,29,0,54,0,6,33,0,39,0,31,62,0,93,42,0,42,135
02/16/2006,YKM,WA,ANM,WE,Federal Contract Tower,0,25,34,0,59,0,6,26,0,32,0,31,60,0,91,26,0,26,117
02/17/2006,YKM,WA,ANM,WE,Federal Contract Tower,0,33,15,0,48,0,2,10,0,12,0,35,25,0,60,8,0,8,68
02/18/2006,YKM,WA,ANM,WE,Federal Contract Tower,0,18,10,0,28,0,0,30,0,30,0,18,40,0,58,14,0,14,72
02/19/2006,YKM,WA,ANM,WE,Federal Contract Tower,0,10,4,0,14,0,0,29,0,29,0,10,33,0,43,16,0,16,59
02/20/2006,YKM,WA,ANM,WE,Federal Contract Tower,0,16,15,0,31,0,0,25,0,25,0,16,40,0,56,24,0,24,80
02/21/2006,YKM,WA,ANM,WE,Federal Contract Tower,0,29,14,2,45,0,2,21,1,24,0,31,35,3,69,48,0,48,117
02/22/2006,YKM,WA,ANM,WE,Federal Contract Tower,0,27,21,0,48,0,1,20,2,23,0,28,41,2,71,42,0,42,113
02/23/2006,YKM,WA,ANM,WE,Federal Contract Tower,0,26,8,4,38,0,4,19,2,25,0,30,27,6,63,21,0,21,84
02/24/2006,YKM,WA,ANM,WE,Federal Contract Tower,0,24,36,0,60,0,9,33,0,42,0,33,69,0,102,94,0,94,196
02/25/2006,YKM,WA,ANM,WE,Federal Contract Tower,0,14,15,0,29,0,2,31,0,33,0,16,46,0,62,74,0,74,136
02/26/2006,YKM,WA,ANM,WE,Federal Contract Tower,0,10,12,0,22,0,0,22,0,22,0,10,34,0,44,28,0,28,72
02/27/2006,YKM,WA,ANM,WE,Federal Contract Tower,0,27,19,0,46,0,7,13,0,20,0,34,32,0,66,44,0,44,110
02/28/2006,YKM,WA,ANM,WE,Federal Contract Tower,0,31,20,2,53,0,1,12,2,15,0,32,32,4,68,18,6,24,92
03/01/2006,YKM,WA,ANM,WE,Federal Contract Tower,0,26,21,0,47,0,1,31,2,34,0,27,52,2,81,57,0,57,138
03/02/2006,YKM,WA,ANM,WE,Federal Contract Tower,0,28,27,4,59,0,5,9,0,14,0,33,36,4,73,68,0,68,141
03/03/2006,YKM,WA,ANM,WE,Federal Contract Tower,0,28,25,2,55,0,0,36,2,38,0,28,61,4,93,52,0,52,145
03/04/2006,YKM,WA,ANM,WE,Federal Contract Tower,0,17,9,0,26,0,1,33,0,34,0,18,42,0,60,54,0,54,114
03/05/2006,YKM,WA,ANM,WE,Federal Contract Tower,0,10,3,0,13,0,0,2,0,2,0,10,5,0,15,18,0,18,33
03/06/2006,YKM,WA,ANM,WE,Federal Contract Tower,0,32,10,6,48,0,3,15,0,18,0,35,25,6,66,42,2,44,110
03/07/2006,YKM,WA,ANM,WE,Federal Contract Tower,0,27,11,8,46,0,4,23,0,27,0,31,34,8,73,46,0,46,119
03/08/2006,YKM,WA,ANM,WE,Federal Contract Tower,0,38,28,2,68,0,0,9,0,9,0,38,37,2,77,19,0,19,96
03/09/2006,YKM,WA,ANM,WE,Federal Contract Tower,0,32,23,0,55,0,0,10,0,10,0,32,33,0,65,54,0,54,119
03/10/2006,YKM,WA,ANM,WE,Federal Contract Tower,0,29,21,0,50,0,9,20,0,29,0,38,41,0,79,40,0,40,119
03/11/2006,YKM,WA,ANM,WE,Federal Contract Tower,0,18,8,0,26,0,0,10,0,10,0,18,18,0,36,28,0,28,64
03/12/2006,YKM,WA,ANM,WE,Federal Contract Tower,0,10,14,2,26,0,0,43,0,43,0,10,57,2,69,44,6,50,119
03/13/2006,YKM,WA,ANM,WE,Federal Contract Tower,0,33,20,2,55,0,2,18,0,20,0,35,38,2,75,44,0,44,119
03/14/2006,YKM,WA,ANM,WE,Federal Contract Tower,2,26,22,4,54,0,4,17,0,21,2,30,39,4,75,40,16,56,131
03/15/2006,YKM,WA,ANM,WE,Federal Contract Tower,0,25,22,2,49,0,2,23,0,25,0,27,45,2,74,26,0,26,100
03/16/2006,YKM,WA,ANM,WE,Federal Contract Tower,0,34,22,0,56,0,0,7,1,8,0,34,29,1,64,26,0,26,90
03/17/2006,YKM,WA,ANM,WE,Federal Contract Tower,2,38,26,0,66,0,2,21,0,23,2,40,47,0,89,16,0,16,105
03/18/2006,YKM,WA,ANM,WE,Federal Contract Tower,0,15,5,0,20,0,1,21,0,22,0,16,26,0,42,46,0,46,88
03/19/2006,YKM,WA,ANM,WE,Federal Contract Tower,0,10,14,0,24,0,0,39,0,39,0,10,53,0,63,6,0,6,69
03/20/2006,YKM,WA,ANM,WE,Federal Contract Tower,0,29,26,10,65,0,3,28,0,31,0,32,54,10,96,60,8,68,164
03/21/2006,YKM,WA,ANM,WE,Federal Contract Tower,0,31,17,4,52,0,3,24,0,27,0,34,41,4,79,64,4,68,147
03/22/2006,YKM,WA,ANM,WE,Federal Contract Tower,0,27,33,4,64,0,4,18,0,22,0,31,51,4,86,51,0,51,137
03/23/2006,YKM,WA,ANM,WE,Federal Contract Tower,0,27,33,4,64,0,3,44,3,50,0,30,77,7,114,62,0,62,176
03/24/2006,YKM,WA,ANM,WE,Federal Contract Tower,0,29,12,0,41,0,6,23,0,29,0,35,35,0,70,10,0,10,80
03/25/2006,YKM,WA,ANM,WE,Federal Contract Tower,0,15,12,2,29,0,1,21,0,22,0,16,33,2,51,72,2,74,125
03/26/2006,YKM,WA,ANM,WE,Federal Contract Tower,0,10,12,0,22,0,0,38,0,38,0,10,50,0,60,40,0,40,100
03/27/2006,YKM,WA,ANM,WE,Federal Contract Tower,0,28,13,0,41,0,9,37,0,46,0,37,50,0,87,38,0,38,125
03/28/2006,YKM,WA,ANM,WE,Federal Contract Tower,0,31,9,0,40,0,1,28,4,33,0,32,37,4,73,34,0,34,107
03/29/2006,YKM,WA,ANM,WE,Federal Contract Tower,0,30,23,2,55,0,3,44,2,49,0,33,67,4,104,52,0,52,156
03/30/2006,YKM,WA,ANM,WE,Federal Contract Tower,0,24,20,0,44,0,2,53,0,55,0,26,73,0,99,46,0,46,145
03/31/2006,YKM,WA,ANM,WE,Federal Contract Tower,0,29,18,0,47,0,10,24,0,34,0,39,42,0,81,58,0,58,139
04/01/2006,YKM,WA,ANM,WE,Federal Contract Tower,0,20,0,0,20,0,2,19,2,23,0,22,19,2,43,118,0,118,161
04/02/2006,YKM,WA,ANM,WE,Federal Contract Tower,0,8,11,0,19,0,0,26,0,26,0,8,37,0,45,94,0,94,139
04/03/2006,YKM,WA,ANM,WE,Federal Contract Tower,0,32,14,0,46,0,2,12,0,14,0,34,26,0,60,88,0,88,148
04/04/2006,YKM,WA,ANM,WE,Federal Contract Tower,0,27,32,0,59,0,6,37,0,43,0,33,69,0,102,90,0,90,192
04/05/2006,YKM,WA,ANM,WE,Federal Contract Tower,0,31,15,6,52,0,5,17,4,26,0,36,32,10,78,29,0,29,107
04/06/2006,YKM,WA,ANM,WE,Federal Contract Tower,0,27,18,0,45,0,2,40,0,42,0,29,58,0,87,44,0,44,131
04/07/2006,YKM,WA,ANM,WE,Federal Contract Tower,0,25,22,0,47,0,5,43,0,48,0,30,65,0,95,46,0,46,141
04/08/2006,YKM,WA,ANM,WE,Federal Contract Tower,0,17,9,0,26,0,2,16,0,18,0,19,25,0,44,24,0,24,68
04/09/2006,YKM,WA,ANM,WE,Federal Contract Tower,0,13,3,0,16,0,0,36,2,38,0,13,39,2,54,74,0,74,128
04/10/2006,YKM,WA,ANM,WE,Federal Contract Tower,0,30,14,0,44,0,4,3,0,7,0,34,17,0,51,40,0,40,91
04/11/2006,YKM,WA,ANM,WE,Federal Contract Tower,0,27,26,4,57,0,5,30,0,35,0,32,56,4,92,54,0,54,146
04/12/2006,YKM,WA,ANM,WE,Federal Contract Tower,0,26,20,4,50,0,2,27,0,29,0,28,47,4,79,16,20,36,115
04/13/2006,YKM,WA,ANM,WE,Federal Contract Tower,0,27,13,0,40,0,0,25,14,39,0,27,38,14,79,50,0,50,129
04/14/2006,YKM,WA,ANM,WE,Federal Contract Tower,0,32,24,2,58,0,3,25,0,28,0,35,49,2,86,70,10,80,166
04/15/2006,YKM,WA,ANM,WE,Federal Contract Tower,0,17,7,0,24,0,1,2,0,3,0,18,9,0,27,32,0,32,59
04/16/2006,YKM,WA,ANM,WE,Federal Contract Tower,0,10,4,0,14,0,0,21,0,21,0,10,25,0,35,14,0,14,49
04/17/2006,YKM,WA,ANM,WE,Federal Contract Tower,2,23,20,0,45,0,10,35,0,45,2,33,55,0,90,68,0,68,158
04/18/2006,YKM,WA,ANM,WE,Federal Contract Tower,2,21,24,2,49,0,9,36,0,45,2,30,60,2,94,54,0,54,148
04/19/2006,YKM,WA,ANM,WE,Federal Contract Tower,0,26,16,1,43,0,9,46,1,56,0,35,62,2,99,23,0,23,122
04/20/2006,YKM,WA,ANM,WE,Federal Contract Tower,0,25,27,0,52,0,4,26,0,30,0,29,53,0,82,77,0,77,159
04/21/2006,YKM,WA,ANM,WE,Federal Contract Tower,1,29,14,0,44,0,2,25,0,27,1,31,39,0,71,14,0,14,85
04/22/2006,YKM,WA,ANM,WE,Federal Contract Tower,0,15,9,3,27,0,2,51,0,53,0,17,60,3,80,72,0,72,152
04/23/2006,YKM,WA,ANM,WE,Federal Contract Tower,0,12,2,1,15,0,0,42,0,42,0,12,44,1,57,22,0,22,79
04/24/2006,YKM,WA,ANM,WE,Federal Contract Tower,0,22,17,2,41,0,12,34,8,54,0,34,51,10,95,50,0,50,145
04/25/2006,YKM,WA,ANM,WE,Federal Contract Tower,0,21,30,0,51,0,12,53,0,65,0,33,83,0,116,88,0,88,204
04/26/2006,YKM,WA,ANM,WE,Federal Contract Tower,0,21,30,6,57,0,10,53,0,63,0,31,83,6,120,42,0,42,162
04/27/2006,YKM,WA,ANM,WE,Federal Contract Tower,0,26,12,0,38,0,11,39,0,50,0,37,51,0,88,82,0,82,170
04/28/2006,YKM,WA,ANM,WE,Federal Contract Tower,0,19,13,0,32,0,11,56,2,69,0,30,69,2,101,96,24,120,221
04/29/2006,YKM,WA,ANM,WE,Federal Contract Tower,0,15,11,2,28,0,4,81,6,91,0,19,92,8,119,154,0,154,273
04/30/2006,YKM,WA,ANM,WE,Federal Contract Tower,0,10,7,7,24,0,0,48,1,49,0,10,55,8,73,88,8,96,169
05/01/2006,YKM,WA,ANM,WE,Federal Contract Tower,0,22,11,4,37,0,14,49,4,67,0,36,60,8,104,34,40,74,178
05/02/2006,YKM,WA,ANM,WE,Federal Contract Tower,0,17,16,1,34,0,15,38,7,60,0,32,54,8,94,98,14,112,206
05/03/2006,YKM,WA,ANM,WE,Federal Contract Tower,0,18,12,12,42,0,13,46,2,61,0,31,58,14,103,74,0,74,177
05/04/2006,YKM,WA,ANM,WE,Federal Contract Tower,0,18,17,6,41,0,5,50,0,55,0,23,67,6,96,55,5,60,156
05/05/2006,YKM,WA,ANM,WE,Federal Contract Tower,0,20,21,0,41,0,15,56,5,76,0,35,77,5,117,56,35,91,208
05/06/2006,YKM,WA,ANM,WE,Federal Contract Tower,0,13,5,11,29,0,5,11,3,19,0,18,16,14,48,22,6,28,76
05/07/2006,YKM,WA,ANM,WE,Federal Contract Tower,2,11,9,4,26,0,0,17,2,19,2,11,26,6,45,10,2,12,57
05/08/2006,YKM,WA,ANM,WE,Federal Contract Tower,0,25,19,2,46,0,14,34,2,50,0,39,53,4,96,44,0,44,140
05/09/2006,YKM,WA,ANM,WE,Federal Contract Tower,0,19,8,2,29,0,12,51,4,67,0,31,59,6,96,34,2,36,132
05/10/2006,YKM,WA,ANM,WE,Federal Contract Tower,0,32,13,1,46,0,10,53,3,66,0,42,66,4,112,57,0,57,169
05/11/2006,YKM,WA,ANM,WE,Federal Contract Tower,0,27,13,4,44,0,7,32,6,45,0,34,45,10,89,14,0,14,103
05/12/2006,YKM,WA,ANM,WE,Federal Contract Tower,0,29,22,0,51,0,5,30,2,37,0,34,52,2,88,78,0,78,166
05/13/2006,YKM,WA,ANM,WE,Federal Contract Tower,0,17,6,0,23,0,2,55,0,57,0,19,61,0,80,74,0,74,154
05/14/2006,YKM,WA,ANM,WE,Federal Contract Tower,0,12,7,0,19,0,0,44,2,46,0,12,51,2,65,54,0,54,119
05/15/2006,YKM,WA,ANM,WE,Federal Contract Tower,0,23,13,0,36,0,13,47,2,62,0,36,60,2,98,24,0,24,122
05/16/2006,YKM,WA,ANM,WE,Federal Contract Tower,0,22,17,2,41,0,10,38,0,48,0,32,55,2,89,68,0,68,157
05/17/2006,YKM,WA,ANM,WE,Federal Contract Tower,0,23,15,1,39,0,8,62,3,73,0,31,77,4,112,30,0,30,142
05/18/2006,YKM,WA,ANM,WE,Federal Contract Tower,0,28,18,0,46,0,7,49,0,56,0,35,67,0,102,50,0,50,152
05/19/2006,YKM,WA,ANM,WE,Federal Contract Tower,0,20,19,0,39,0,17,44,0,61,0,37,63,0,100,48,0,48,148
05/20/2006,YKM,WA,ANM,WE,Federal Contract Tower,0,19,3,2,24,0,0,27,0,27,0,19,30,2,51,76,0,76,127
05/21/2006,YKM,WA,ANM,WE,Federal Contract Tower,0,10,9,0,19,0,0,28,0,28,0,10,37,0,47,0,0,0,47
05/22/2006,YKM,WA,ANM,WE,Federal Contract Tower,1,29,11,2,43,0,6,18,2,26,1,35,29,4,69,22,32,54,123
05/23/2006,YKM,WA,ANM,WE,Federal Contract Tower,1,27,15,0,43,0,9,25,0,34,1,36,40,0,77,34,0,34,111
05/24/2006,YKM,WA,ANM,WE,Federal Contract Tower,0,32,21,2,55,0,6,49,4,59,0,38,70,6,114,16,0,16,130
05/25/2006,YKM,WA,ANM,WE,Federal Contract Tower,0,26,28,2,56,0,7,42,0,49,0,33,70,2,105,34,2,36,141
05/26/2006,YKM,WA,ANM,WE,Federal Contract Tower,0,25,22,0,47,0,13,33,2,48,0,38,55,2,95,58,0,58,153
05/27/2006,YKM,WA,ANM,WE,Federal Contract Tower,0,13,3,0,16,0,0,17,0,17,0,13,20,0,33,66,0,66,99
05/28/2006,YKM,WA,ANM,WE,Federal Contract Tower,0,7,5,0,12,0,0,41,2,43,0,7,46,2,55,26,0,26,81
05/29/2006,YKM,WA,ANM,WE,Federal Contract Tower,0,10,15,0,25,0,0,60,0,60,0,10,75,0,85,60,0,60,145
05/30/2006,YKM,WA,ANM,WE,Federal Contract Tower,0,26,27,1,54,0,6,57,3,66,0,32,84,4,120,66,0,66,186
05/31/2006,YKM,WA,ANM,WE,Federal Contract Tower,0,26,22,3,51,0,9,54,0,63,0,35,76,3,114,32,15,47,161
06/01/2006,YKM,WA,ANM,WE,Federal Contract Tower,2,29,18,4,53,0,8,37,0,45,2,37,55,4,98,33,11,44,142
06/02/2006,YKM,WA,ANM,WE,Federal Contract Tower,0,32,28,2,62,0,4,17,0,21,0,36,45,2,83,16,0,16,99
06/03/2006,YKM,WA,ANM,WE,Federal Contract Tower,0,16,11,0,27,0,4,60,0,64,0,20,71,0,91,50,0,50,141
06/04/2006,YKM,WA,ANM,WE,Federal Contract Tower,2,12,8,0,22,0,0,29,0,29,2,12,37,0,51,26,10,36,87
06/05/2006,YKM,WA,ANM,WE,Federal Contract Tower,0,22,20,2,44,0,8,27,0,35,0,30,47,2,79,39,0,39,118
06/06/2006,YKM,WA,ANM,WE,Federal Contract Tower,0,33,27,0,60,0,0,41,1,42,0,33,68,1,102,86,0,86,188
06/07/2006,YKM,WA,ANM,WE,Federal Contract Tower,0,27,32,3,62,0,7,35,3,45,0,34,67,6,107,97,2,99,206
06/08/2006,YKM,WA,ANM,WE,Federal Contract Tower,0,23,40,2,65,0,6,21,0,27,0,29,61,2,92,83,10,93,185
06/09/2006,YKM,WA,ANM,WE,Federal Contract Tower,0,30,22,1,53,0,2,36,4,42,0,32,58,5,95,74,0,74,169
06/10/2006,YKM,WA,ANM,WE,Federal Contract Tower,0,14,10,1,25,0,0,37,0,37,0,14,47,1,62,64,0,64,126
06/11/2006,YKM,WA,ANM,WE,Federal Contract Tower,0,10,5,5,20,0,0,27,1,28,0,10,32,6,48,42,0,42,90
06/12/2006,YKM,WA,ANM,WE,Federal Contract Tower,0,28,23,4,55,0,6,36,4,46,0,34,59,8,101,40,4,44,145
06/13/2006,YKM,WA,ANM,WE,Federal Contract Tower,0,31,21,1,53,0,3,40,1,44,0,34,61,2,97,54,0,54,151
06/14/2006,YKM,WA,ANM,WE,Federal Contract Tower,0,22,19,0,41,0,9,39,0,48,0,31,58,0,89,74,0,74,163
06/15/2006,YKM,WA,ANM,WE,Federal Contract Tower,0,26,20,4,50,0,13,35,0,48,0,39,55,4,98,54,5,59,157
06/16/2006,YKM,WA,ANM,WE,Federal Contract Tower,0,30,20,4,54,0,6,37,0,43,0,36,57,4,97,112,10,122,219
06/17/2006,YKM,WA,ANM,WE,Federal Contract Tower,6,14,6,0,26,0,3,52,0,55,6,17,58,0,81,60,0,60,141
06/18/2006,YKM,WA,ANM,WE,Federal Contract Tower,0,10,7,4,21,0,0,59,0,59,0,10,66,4,80,46,0,46,126
06/19/2006,YKM,WA,ANM,WE,Federal Contract Tower,0,20,10,0,30,0,14,51,6,71,0,34,61,6,101,88,0,88,189
06/20/2006,YKM,WA,ANM,WE,Federal Contract Tower,0,19,8,4,31,0,15,63,10,88,0,34,71,14,119,44,10,54,173
06/21/2006,YKM,WA,ANM,WE,Federal Contract Tower,0,30,17,2,49,0,8,46,6,60,0,38,63,8,109,89,4,93,202
06/22/2006,YKM,WA,ANM,WE,Federal Contract Tower,0,25,24,2,51,0,9,73,0,82,0,34,97,2,133,89,6,95,228
06/23/2006,YKM,WA,ANM,WE,Federal Contract Tower,0,30,25,2,57,0,8,60,0,68,0,38,85,2,125,34,6,40,165
06/24/2006,YKM,WA,ANM,WE,Federal Contract Tower,0,17,15,2,34,0,1,60,4,65,0,18,75,6,99,38,0,38,137
06/25/2006,YKM,WA,ANM,WE,Federal Contract Tower,0,11,7,0,18,0,0,37,0,37,0,11,44,0,55,34,0,34,89
06/26/2006,YKM,WA,ANM,WE,Federal Contract Tower,0,19,7,0,26,0,13,30,0,43,0,32,37,0,69,38,0,38,107
06/27/2006,YKM,WA,ANM,WE,Federal Contract Tower,0,25,21,1,47,0,10,45,1,56,0,35,66,2,103,54,0,54,157
06/28/2006,YKM,WA,ANM,WE,Federal Contract Tower,0,26,19,2,47,0,15,59,2,76,0,41,78,4,123,101,0,101,224
06/29/2006,YKM,WA,ANM,WE,Federal Contract Tower,0,25,16,0,41,0,9,71,0,80,0,34,87,0,121,62,0,62,183
06/30/2006,YKM,WA,ANM,WE,Federal Contract Tower,0,22,17,1,40,0,15,56,0,71,0,37,73,1,111,62,0,62,173
07/01/2006,YKM,WA,ANM,WE,Federal Contract Tower,5,14,7,0,26,0,3,48,0,51,5,17,55,0,77,10,0,10,87
07/02/2006,YKM,WA,ANM,WE,Federal Contract Tower,0,12,6,1,19,0,0,29,0,29,0,12,35,1,48,24,0,24,72
07/03/2006,YKM,WA,ANM,WE,Federal Contract Tower,0,21,14,0,35,0,14,26,0,40,0,35,40,0,75,80,0,80,155
07/04/2006,YKM,WA,ANM,WE,Federal Contract Tower,0,10,1,0,11,0,0,26,0,26,0,10,27,0,37,28,0,28,65
07/05/2006,YKM,WA,ANM,WE,Federal Contract Tower,0,21,10,0,31,0,7,45,2,54,0,28,55,2,85,56,15,71,156
07/06/2006,YKM,WA,ANM,WE,Federal Contract Tower,0,25,12,0,37,0,10,25,0,35,0,35,37,0,72,41,0,41,113
07/07/2006,YKM,WA,ANM,WE,Federal Contract Tower,0,17,13,4,34,0,11,44,2,57,0,28,57,6,91,56,0,56,147
07/08/2006,YKM,WA,ANM,WE,Federal Contract Tower,0,20,6,1,27,0,2,62,5,69,0,22,68,6,96,62,10,72,168
07/09/2006,YKM,WA,ANM,WE,Federal Contract Tower,0,12,10,0,22,0,0,40,2,42,0,12,50,2,64,38,0,38,102
07/10/2006,YKM,WA,ANM,WE,Federal Contract Tower,4,23,40,8,75,0,13,28,0,41,4,36,68,8,116,122,4,126,242
07/11/2006,YKM,WA,ANM,WE,Federal Contract Tower,0,26,19,2,47,0,10,31,2,43,0,36,50,4,90,62,10,72,162
07/12/2006,YKM,WA,ANM,WE,Federal Contract Tower,0,28,13,6,47,0,10,38,0,48,0,38,51,6,95,54,2,56,151
07/13/2006,YKM,WA,ANM,WE,Federal Contract Tower,0,24,29,5,58,0,10,37,9,56,0,34,66,14,114,44,0,44,158
07/14/2006,YKM,WA,ANM,WE,Federal Contract Tower,0,28,19,1,48,0,2,60,16,78,0,30,79,17,126,64,0,64,190
07/15/2006,YKM,WA,ANM,WE,Federal Contract Tower,0,19,7,2,28,0,0,47,10,57,0,19,54,12,85,24,2,26,111
07/16/2006,YKM,WA,ANM,WE,Federal Contract Tower,0,11,15,2,28,0,0,48,8,56,0,11,63,10,84,64,0,64,148
07/17/2006,YKM,WA,ANM,WE,Federal Contract Tower,0,20,14,4,38,0,14,52,0,66,0,34,66,4,104,58,6,64,168
07/18/2006,YKM,WA,ANM,WE,Federal Contract Tower,0,23,21,8,52,0,14,52,3,69,0,37,73,11,121,82,8,90,211
07/19/2006,YKM,WA,ANM,WE,Federal Contract Tower,0,27,18,0,45,0,9,51,6,66,0,36,69,6,111,58,0,58,169
07/20/2006,YKM,WA,ANM,WE,Federal Contract Tower,0,22,22,5,49,0,9,50,1,60,0,31,72,6,109,77,0,77,186
07/21/2006,YKM,WA,ANM,WE,Federal Contract Tower,0,27,21,2,50,0,7,78,0,85,0,34,99,2,135,38,0,38,173
07/22/2006,YKM,WA,ANM,WE,Federal Contract Tower,0,21,8,0,29,0,0,38,0,38,0,21,46,0,67,50,0,50,117
07/23/2006,YKM,WA,ANM,WE,Federal Contract Tower,0,15,10,0,25,0,0,43,0,43,0,15,53,0,68,24,0,24,92
07/24/2006,YKM,WA,ANM,WE,Federal Contract Tower,0,21,20,0,41,0,16,34,0,50,0,37,54,0,91,28,0,28,119
07/25/2006,YKM,WA,ANM,WE,Federal Contract Tower,0,23,9,2,34,0,14,46,0,60,0,37,55,2,94,49,15,64,158
07/26/2006,YKM,WA,ANM,WE,Federal Contract Tower,0,27,19,2,48,0,10,21,0,31,0,37,40,2,79,52,2,54,133
07/27/2006,YKM,WA,ANM,WE,Federal Contract Tower,0,20,21,8,49,0,13,35,2,50,0,33,56,10,99,75,3,78,177
07/28/2006,YKM,WA,ANM,WE,Federal Contract Tower,2,34,26,0,62,0,5,38,0,43,2,39,64,0,105,56,0,56,161
07/29/2006,YKM,WA,ANM,WE,Federal Contract Tower,0,15,12,0,27,0,1,34,0,35,0,16,46,0,62,48,0,48,110
07/30/2006,YKM,WA,ANM,WE,Federal Contract Tower,0,12,9,0,21,0,0,27,0,27,0,12,36,0,48,14,0,14,62
07/31/2006,YKM,WA,ANM,WE,Federal Contract Tower,0,21,13,4,38,0,15,51,0,66,0,36,64,4,104,44,0,44,148
08/01/2006,YKM,WA,ANM,WE,Federal Contract Tower,0,30,8,4,42,0,3,42,0,45,0,33,50,4,87,52,6,58,145
08/02/2006,YKM,WA,ANM,WE,Federal Contract Tower,0,27,18,0,45,0,6,42,8,56,0,33,60,8,101,37,0,37,138
08/03/2006,YKM,WA,ANM,WE,Federal Contract Tower,0,23,13,0,36,0,9,33,0,42,0,32,46,0,78,12,0,12,90
08/04/2006,YKM,WA,ANM,WE,Federal Contract Tower,0,28,11,4,43,0,5,48,0,53,0,33,59,4,96,24,8,32,128
08/05/2006,YKM,WA,ANM,WE,Federal Contract Tower,0,18,5,1,24,0,3,53,1,57,0,21,58,2,81,102,0,102,183
08/06/2006,YKM,WA,ANM,WE,Federal Contract Tower,0,13,11,2,26,0,0,37,0,37,0,13,48,2,63,40,0,40,103
08/07/2006,YKM,WA,ANM,WE,Federal Contract Tower,0,21,17,1,39,0,14,30,1,45,0,35,47,2,84,40,0,40,124
08/08/2006,YKM,WA,ANM,WE,Federal Contract Tower,0,26,20,1,47,0,7,26,3,36,0,33,46,4,83,50,0,50,133
08/09/2006,YKM,WA,ANM,WE,Federal Contract Tower,0,26,28,4,58,0,4,40,4,48,0,30,68,8,106,72,4,76,182
08/10/2006,YKM,WA,ANM,WE,Federal Contract Tower,0,24,20,2,46,0,3,43,1,47,0,27,63,3,93,36,2,38,131
08/11/2006,YKM,WA,ANM,WE,Federal Contract Tower,0,21,40,4,65,0,11,40,0,51,0,32,80,4,116,84,18,102,218
08/12/2006,YKM,WA,ANM,WE,Federal Contract Tower,0,14,7,0,21,0,2,48,0,50,0,16,55,0,71,40,0,40,111
08/13/2006,YKM,WA,ANM,WE,Federal Contract Tower,2,11,14,0,27,0,0,46,0,46,2,11,60,0,73,58,0,58,131
08/14/2006,YKM,WA,ANM,WE,Federal Contract Tower,0,23,19,0,42,0,11,75,4,90,0,34,94,4,132,40,0,40,172
08/15/2006,YKM,WA,ANM,WE,Federal Contract Tower,0,23,21,2,46,0,8,71,4,83,0,31,92,6,129,54,2,56,185
08/16/2006,YKM,WA,ANM,WE,Federal Contract Tower,0,25,20,5,50,0,9,82,1,92,0,34,102,6,142,52,4,56,198
08/17/2006,YKM,WA,ANM,WE,Federal Contract Tower,0,22,7,2,31,0,8,62,5,75,0,30,69,7,106,34,0,34,140
08/18/2006,YKM,WA,ANM,WE,Federal Contract Tower,0,26,21,4,51,0,10,67,8,85,0,36,88,12,136,36,0,36,172
08/19/2006,YKM,WA,ANM,WE,Federal Contract Tower,0,16,7,0,23,0,3,42,0,45,0,19,49,0,68,26,0,26,94
08/20/2006,YKM,WA,ANM,WE,Federal Contract Tower,2,14,17,0,33,0,0,38,0,38,2,14,55,0,71,30,0,30,101
08/21/2006,YKM,WA,ANM,WE,Federal Contract Tower,0,20,18,4,42,0,10,53,0,63,0,30,71,4,105,86,6,92,197
08/22/2006,YKM,WA,ANM,WE,Federal Contract Tower,0,27,13,12,52,0,5,34,0,39,0,32,47,12,91,66,0,66,157
08/23/2006,YKM,WA,ANM,WE,Federal Contract Tower,2,27,12,2,43,0,4,44,0,48,2,31,56,2,91,47,0,47,138
08/24/2006,YKM,WA,ANM,WE,Federal Contract Tower,0,23,22,10,55,0,6,45,4,55,0,29,67,14,110,37,3,40,150
08/25/2006,YKM,WA,ANM,WE,Federal Contract Tower,0,24,23,2,49,0,10,51,4,65,0,34,74,6,114,70,0,70,184
08/26/2006,YKM,WA,ANM,WE,Federal Contract Tower,0,17,0,0,17,0,2,48,0,50,0,19,48,0,67,54,0,54,121
08/27/2006,YKM,WA,ANM,WE,Federal Contract Tower,0,12,5,1,18,0,0,36,1,37,0,12,41,2,55,28,0,28,83
08/28/2006,YKM,WA,ANM,WE,Federal Contract Tower,0,18,14,0,32,0,13,32,0,45,0,31,46,0,77,26,0,26,103
08/29/2006,YKM,WA,ANM,WE,Federal Contract Tower,0,25,3,3,31,0,6,23,1,30,0,31,26,4,61,14,0,14,75
08/30/2006,YKM,WA,ANM,WE,Federal Contract Tower,0,27,15,9,51,0,5,30,3,38,0,32,45,12,89,52,0,52,141
08/31/2006,YKM,WA,ANM,WE,Federal Contract Tower,1,20,18,0,39,0,11,55,0,66,1,31,73,0,105,45,0,45,150
09/01/2006,YKM,WA,ANM,WE,Federal Contract Tower,5,21,22,0,48,0,8,41,0,49,5,29,63,0,97,50,0,50,147
09/02/2006,YKM,WA,ANM,WE,Federal Contract Tower,0,16,9,0,25,0,0,42,0,42,0,16,51,0,67,26,0,26,93
09/03/2006,YKM,WA,ANM,WE,Federal Contract Tower,0,10,5,0,15,0,0,23,0,23,0,10,28,0,38,68,0,68,106
09/04/2006,YKM,WA,ANM,WE,Federal Contract Tower,0,10,11,0,21,0,0,46,0,46,0,10,57,0,67,42,0,42,109
09/05/2006,YKM,WA,ANM,WE,Federal Contract Tower,0,22,13,1,36,0,6,49,1,56,0,28,62,2,92,84,0,84,176
09/06/2006,YKM,WA,ANM,WE,Federal Contract Tower,0,30,33,8,71,0,3,51,0,54,0,33,84,8,125,82,0,82,207
09/07/2006,YKM,WA,ANM,WE,Federal Contract Tower,0,21,14,0,35,0,4,54,0,58,0,25,68,0,93,42,0,42,135
09/08/2006,YKM,WA,ANM,WE,Federal Contract Tower,0,21,20,0,41,0,9,39,0,48,0,30,59,0,89,86,0,86,175
09/09/2006,YKM,WA,ANM,WE,Federal Contract Tower,0,13,7,0,20,0,2,43,0,45,0,15,50,0,65,112,0,112,177
09/10/2006,YKM,WA,ANM,WE,Federal Contract Tower,0,13,4,0,17,0,0,44,0,44,0,13,48,0,61,70,0,70,131
09/11/2006,YKM,WA,ANM,WE,Federal Contract Tower,0,17,5,2,24,0,14,50,0,64,0,31,55,2,88,72,0,72,160
09/12/2006,YKM,WA,ANM,WE,Federal Contract Tower,0,20,13,8,41,0,12,61,0,73,0,32,74,8,114,87,6,93,207
09/13/2006,YKM,WA,ANM,WE,Federal Contract Tower,0,27,17,2,46,0,6,36,0,42,0,33,53,2,88,53,4,57,145
09/14/2006,YKM,WA,ANM,WE,Federal Contract Tower,0,25,18,4,47,0,10,27,2,39,0,35,45,6,86,43,0,43,129
09/15/2006,YKM,WA,ANM,WE,Federal Contract Tower,0,29,18,6,53,0,4,27,0,31,0,33,45,6,84,46,14,60,144
09/16/2006,YKM,WA,ANM,WE,Federal Contract Tower,0,18,7,4,29,0,2,69,4,75,0,20,76,8,104,34,0,34,138
09/17/2006,YKM,WA,ANM,WE,Federal Contract Tower,0,12,9,1,22,0,0,31,1,32,0,12,40,2,54,86,0,86,140
09/18/2006,YKM,WA,ANM,WE,Federal Contract Tower,0,24,12,2,38,0,9,27,0,36,0,33,39,2,74,52,2,54,128
09/19/2006,YKM,WA,ANM,WE,Federal Contract Tower,0,26,17,2,45,0,8,28,0,36,0,34,45,2,81,54,0,54,135
09/20/2006,YKM,WA,ANM,WE,Federal Contract Tower,0,30,11,2,43,0,0,32,4,36,0,30,43,6,79,50,0,50,129
09/21/2006,YKM,WA,ANM,WE,Federal Contract Tower,0,23,7,0,30,0,3,14,0,17,0,26,21,0,47,11,0,11,58
09/22/2006,YKM,WA,ANM,WE,Federal Contract Tower,0,25,17,0,42,0,5,42,0,47,0,30,59,0,89,48,0,48,137
09/23/2006,YKM,WA,ANM,WE,Federal Contract Tower,0,22,6,2,30,0,0,109,4,113,0,22,115,6,143,132,14,146,289
09/24/2006,YKM,WA,ANM,WE,Federal Contract Tower,0,11,3,1,15,0,0,42,1,43,0,11,45,2,58,36,0,36,94
09/25/2006,YKM,WA,ANM,WE,Federal Contract Tower,0,23,18,2,43,0,5,40,0,45,0,28,58,2,88,30,0,30,118
09/26/2006,YKM,WA,ANM,WE,Federal Contract Tower,0,26,9,6,41,0,5,46,0,51,0,31,55,6,92,48,46,94,186
09/27/2006,YKM,WA,ANM,WE,Federal Contract Tower,0,24,18,3,45,0,9,55,1,65,0,33,73,4,110,87,7,94,204
09/28/2006,YKM,WA,ANM,WE,Federal Contract Tower,0,28,14,0,42,0,10,47,0,57,0,38,61,0,99,64,0,64,163
09/29/2006,YKM,WA,ANM,WE,Federal Contract Tower,0,24,13,2,39,0,7,44,0,51,0,31,57,2,90,68,2,70,160
09/30/2006,YKM,WA,ANM,WE,Federal Contract Tower,0,18,3,3,24,0,0,63,1,64,0,18,66,4,88,192,2,194,282
10/01/2006,YKM,WA,ANM,WE,Federal Contract Tower,0,11,9,0,20,0,0,46,2,48,0,11,55,2,68,48,0,48,116
10/02/2006,YKM,WA,ANM,WE,Federal Contract Tower,0,28,10,3,41,0,6,18,3,27,0,34,28,6,68,52,0,52,120
10/03/2006,YKM,WA,ANM,WE,Federal Contract Tower,0,26,21,2,49,0,8,31,2,41,0,34,52,4,90,32,0,32,122
10/04/2006,YKM,WA,ANM,WE,Federal Contract Tower,0,30,19,0,49,0,0,26,0,26,0,30,45,0,75,115,0,115,190
10/05/2006,YKM,WA,ANM,WE,Federal Contract Tower,0,39,10,8,57,0,0,20,0,20,0,39,30,8,77,47,0,47,124
10/06/2006,YKM,WA,ANM,WE,Federal Contract Tower,0,24,16,0,40,0,8,27,0,35,0,32,43,0,75,58,0,58,133
10/07/2006,YKM,WA,ANM,WE,Federal Contract Tower,2,17,15,1,35,0,4,74,1,79,2,21,89,2,114,60,0,60,174
10/08/2006,YKM,WA,ANM,WE,Federal Contract Tower,0,13,11,2,26,0,0,39,0,39,0,13,50,2,65,24,4,28,93
10/09/2006,YKM,WA,ANM,WE,Federal Contract Tower,0,21,14,0,35,0,1,36,0,37,0,22,50,0,72,82,0,82,154
10/10/2006,YKM,WA,ANM,WE,Federal Contract Tower,2,23,14,2,41,0,6,49,4,59,2,29,63,6,100,18,16,34,134
10/11/2006,YKM,WA,ANM,WE,Federal Contract Tower,0,31,15,16,62,0,0,57,5,62,0,31,72,21,124,52,57,109,233
10/12/2006,YKM,WA,ANM,WE,Federal Contract Tower,0,31,9,6,46,0,0,44,2,46,0,31,53,8,92,62,36,98,190
10/13/2006,YKM,WA,ANM,WE,Federal Contract Tower,0,29,6,3,38,0,5,50,5,60,0,34,56,8,98,86,20,106,204
10/14/2006,YKM,WA,ANM,WE,Federal Contract Tower,2,17,2,8,29,0,0,40,0,40,2,17,42,8,69,76,8,84,153
10/15/2006,YKM,WA,ANM,WE,Federal Contract Tower,0,11,10,4,25,0,0,11,0,11,0,11,21,4,36,24,0,24,60
10/16/2006,YKM,WA,ANM,WE,Federal Contract Tower,2,20,15,4,41,0,2,6,2,10,2,22,21,6,51,26,0,26,77
10/17/2006,YKM,WA,ANM,WE,Federal Contract Tower,0,27,13,4,44,0,2,24,0,26,0,29,37,4,70,58,0,58,128
10/18/2006,YKM,WA,ANM,WE,Federal Contract Tower,2,27,13,8,50,0,6,21,0,27,2,33,34,8,77,55,2,57,134
10/19/2006,YKM,WA,ANM,WE,Federal Contract Tower,2,25,9,7,43,0,4,18,0,22,2,29,27,7,65,26,34,60,125
10/20/2006,YKM,WA,ANM,WE,Federal Contract Tower,0,25,16,1,42,0,8,40,1,49,0,33,56,2,91,56,0,56,147
10/21/2006,YKM,WA,ANM,WE,Federal Contract Tower,0,16,8,2,26,0,0,45,0,45,0,16,53,2,71,76,20,96,167
10/22/2006,YKM,WA,ANM,WE,Federal Contract Tower,0,14,7,1,22,0,0,45,1,46,0,14,52,2,68,56,2,58,126
10/23/2006,YKM,WA,ANM,WE,Federal Contract Tower,0,26,18,4,48,0,5,53,2,60,0,31,71,6,108,36,2,38,146
10/24/2006,YKM,WA,ANM,WE,Federal Contract Tower,0,25,6,1,32,0,6,22,3,31,0,31,28,4,63,36,6,42,105
10/25/2006,YKM,WA,ANM,WE,Federal Contract Tower,0,25,13,0,38,0,5,39,0,44,0,30,52,0,82,54,0,54,136
10/26/2006,YKM,WA,ANM,WE,Federal Contract Tower,0,31,19,3,53,0,0,61,1,62,0,31,80,4,115,32,8,40,155
10/27/2006,YKM,WA,ANM,WE,Federal Contract Tower,0,25,12,2,39,0,5,39,2,46,0,30,51,4,85,18,6,24,109
10/28/2006,YKM,WA,ANM,WE,Federal Contract Tower,0,16,7,1,24,0,2,61,3,66,0,18,68,4,90,60,0,60,150
10/29/2006,YKM,WA,ANM,WE,Federal Contract Tower,0,12,3,0,15,0,0,11,0,11,0,12,14,0,26,0,0,0,26
10/30/2006,YKM,WA,ANM,WE,Federal Contract Tower,0,25,9,2,36,0,6,35,0,41,0,31,44,2,77,24,2,26,103
10/31/2006,YKM,WA,ANM,WE,Federal Contract Tower,0,26,6,0,32,0,5,42,2,49,0,31,48,2,81,16,0,16,97
11/01/2006,YKM,WA,ANM,WE,Federal Contract Tower,0,29,18,4,51,0,1,40,0,41,0,30,58,4,92,76,0,76,168
11/02/2006,YKM,WA,ANM,WE,Federal Contract Tower,0,28,22,2,52,0,2,2,0,4,0,30,24,2,56,0,0,0,56
11/03/2006,YKM,WA,ANM,WE,Federal Contract Tower,0,32,18,6,56,0,0,3,0,3,0,32,21,6,59,6,0,6,65
11/04/2006,YKM,WA,ANM,WE,Federal Contract Tower,0,19,7,0,26,0,0,12,0,12,0,19,19,0,38,8,0,8,46
11/05/2006,YKM,WA,ANM,WE,Federal Contract Tower,0,13,15,0,28,0,0,30,0,30,0,13,45,0,58,76,0,76,134
11/06/2006,YKM,WA,ANM,WE,Federal Contract Tower,0,28,13,0,41,0,4,3,0,7,0,32,16,0,48,2,0,2,50
11/07/2006,YKM,WA,ANM,WE,Federal Contract Tower,0,31,4,2,37,0,1,5,0,6,0,32,9,2,43,26,0,26,69
11/08/2006,YKM,WA,ANM,WE,Federal Contract Tower,0,27,19,2,48,0,5,29,0,34,0,32,48,2,82,90,0,90,172
11/09/2006,YKM,WA,ANM,WE,Federal Contract Tower,0,34,11,8,53,0,0,36,0,36,0,34,47,8,89,68,51,119,208
11/10/2006,YKM,WA,ANM,WE,Federal Contract Tower,0,26,23,0,49,0,6,28,0,34,0,32,51,0,83,42,0,42,125
11/11/2006,YKM,WA,ANM,WE,Federal Contract Tower,0,19,7,0,26,0,3,40,0,43,0,22,47,0,69,70,0,70,139
11/12/2006,YKM,WA,ANM,WE,Federal Contract Tower,0,11,12,0,23,0,0,5,0,5,0,11,17,0,28,4,0,4,32
11/13/2006,YKM,WA,ANM,WE,Federal Contract Tower,0,26,8,2,36,0,5,6,0,11,0,31,14,2,47,6,0,6,53
11/14/2006,YKM,WA,ANM,WE,Federal Contract Tower,0,28,3,2,33,0,0,32,0,32,0,28,35,2,65,50,0,50,115
11/15/2006,YKM,WA,ANM,WE,Federal Contract Tower,0,25,14,0,39,0,4,5,0,9,0,29,19,0,48,0,0,0,48
11/16/2006,YKM,WA,ANM,WE,Federal Contract Tower,0,31,20,1,52,0,0,42,1,43,0,31,62,2,95,51,0,51,146
11/17/2006,YKM,WA,ANM,WE,Federal Contract Tower,0,30,11,0,41,0,6,37,2,45,0,36,48,2,86,90,0,90,176
11/18/2006,YKM,WA,ANM,WE,Federal Contract Tower,0,17,7,4,28,0,2,49,0,51,0,19,56,4,79,106,0,106,185
11/19/2006,YKM,WA,ANM,WE,Federal Contract Tower,2,11,9,0,22,0,0,12,0,12,2,11,21,0,34,34,0,34,68
11/20/2006,YKM,WA,ANM,WE,Federal Contract Tower,0,33,16,4,53,0,3,14,0,17,0,36,30,4,70,22,6,28,98
11/21/2006,YKM,WA,ANM,WE,Federal Contract Tower,0,31,14,0,45,0,0,11,0,11,0,31,25,0,56,10,0,10,66
11/22/2006,YKM,WA,ANM,WE,Federal Contract Tower,0,33,10,2,45,0,3,17,0,20,0,36,27,2,65,37,6,43,108
11/23/2006,YKM,WA,ANM,WE,Federal Contract Tower,0,9,1,0,10,0,0,6,0,6,0,9,7,0,16,0,0,0,16
11/24/2006,YKM,WA,ANM,WE,Federal Contract Tower,0,29,7,0,36,0,0,2,0,2,0,29,9,0,38,6,0,6,44
11/25/2006,YKM,WA,ANM,WE,Federal Contract Tower,0,18,9,0,27,0,0,33,0,33,0,18,42,0,60,54,0,54,114
11/26/2006,YKM,WA,ANM,WE,Federal Contract Tower,0,5,4,0,9,0,0,1,0,1,0,5,5,0,10,0,0,0,10
11/27/2006,YKM,WA,ANM,WE,Federal Contract Tower,0,18,7,0,25,0,1,5,0,6,0,19,12,0,31,2,0,2,33
11/28/2006,YKM,WA,ANM,WE,Federal Contract Tower,0,34,15,0,49,0,0,2,0,2,0,34,17,0,51,6,0,6,57
11/29/2006,YKM,WA,ANM,WE,Federal Contract Tower,0,34,12,0,46,0,3,10,0,13,0,37,22,0,59,12,0,12,71
11/30/2006,YKM,WA,ANM,WE,Federal Contract Tower,0,33,16,2,51,0,2,7,0,9,0,35,23,2,60,23,0,23,83
12/01/2006,YKM,WA,ANM,WE,Federal Contract Tower,0,35,12,0,47,0,0,18,0,18,0,35,30,0,65,34,0,34,99
12/02/2006,YKM,WA,ANM,WE,Federal Contract Tower,0,16,6,0,22,0,1,23,0,24,0,17,29,0,46,54,0,54,100
12/03/2006,YKM,WA,ANM,WE,Federal Contract Tower,2,8,12,4,26,0,0,1,0,1,2,8,13,4,27,0,2,2,29
12/04/2006,YKM,WA,ANM,WE,Federal Contract Tower,0,30,19,5,54,0,0,4,1,5,0,30,23,6,59,76,6,82,141
12/05/2006,YKM,WA,ANM,WE,Federal Contract Tower,0,31,12,2,45,0,0,7,0,7,0,31,19,2,52,16,0,16,68
12/06/2006,YKM,WA,ANM,WE,Federal Contract Tower,2,28,16,2,48,0,0,11,0,11,2,28,27,2,59,63,4,67,126
12/07/2006,YKM,WA,ANM,WE,Federal Contract Tower,0,33,13,6,52,0,1,12,0,13,0,34,25,6,65,34,0,34,99
12/08/2006,YKM,WA,ANM,WE,Federal Contract Tower,0,32,24,0,56,0,3,0,0,3,0,35,24,0,59,2,0,2,61
12/09/2006,YKM,WA,ANM,WE,Federal Contract Tower,0,16,2,0,18,0,0,0,0,0,0,16,2,0,18,0,0,0,18
12/10/2006,YKM,WA,ANM,WE,Federal Contract Tower,0,15,4,0,19,0,0,0,0,0,0,15,4,0,19,14,0,14,33
12/11/2006,YKM,WA,ANM,WE,Federal Contract Tower,0,31,15,0,46,0,0,1,0,1,0,31,16,0,47,8,0,8,55
12/12/2006,YKM,WA,ANM,WE,Federal Contract Tower,0,31,14,4,49,0,5,23,0,28,0,36,37,4,77,50,8,58,135
12/13/2006,YKM,WA,ANM,WE,Federal Contract Tower,0,34,16,0,50,0,5,8,2,15,0,39,24,2,65,20,0,20,85
12/14/2006,YKM,WA,ANM,WE,Federal Contract Tower,0,33,18,0,51,0,0,7,0,7,0,33,25,0,58,18,0,18,76
12/15/2006,YKM,WA,ANM,WE,Federal Contract Tower,0,28,16,2,46,0,6,12,0,18,0,34,28,2,64,4,6,10,74
12/16/2006,YKM,WA,ANM,WE,Federal Contract Tower,0,16,11,0,27,0,0,38,0,38,0,16,49,0,65,52,0,52,117
12/17/2006,YKM,WA,ANM,WE,Federal Contract Tower,0,12,6,0,18,0,0,23,0,23,0,12,29,0,41,24,0,24,65
12/18/2006,YKM,WA,ANM,WE,Federal Contract Tower,0,30,17,0,47,0,0,19,0,19,0,30,36,0,66,50,0,50,116
12/19/2006,YKM,WA,ANM,WE,Federal Contract Tower,0,34,12,4,50,0,0,0,0,0,0,34,12,4,50,22,0,22,72
12/20/2006,YKM,WA,ANM,WE,Federal Contract Tower,0,35,16,2,53,0,1,5,2,8,0,36,21,4,61,30,0,30,91
12/21/2006,YKM,WA,ANM,WE,Federal Contract Tower,0,45,16,4,65,0,1,6,0,7,0,46,22,4,72,36,0,36,108
12/22/2006,YKM,WA,ANM,WE,Federal Contract Tower,0,25,21,0,46,0,0,0,0,0,0,25,21,0,46,10,0,10,56
12/23/2006,YKM,WA,ANM,WE,Federal Contract Tower,0,17,0,0,17,0,0,3,0,3,0,17,3,0,20,10,0,10,30
12/24/2006,YKM,WA,ANM,WE,Federal Contract Tower,0,12,3,0,15,0,0,3,0,3,0,12,6,0,18,0,0,0,18
12/25/2006,YKM,WA,ANM,WE,Federal Contract Tower,0,12,2,0,14,0,0,0,0,0,0,12,2,0,14,0,0,0,14
12/26/2006,YKM,WA,ANM,WE,Federal Contract Tower,0,32,7,0,39,0,0,0,0,0,0,32,7,0,39,0,0,0,39
12/27/2006,YKM,WA,ANM,WE,Federal Contract Tower,0,30,9,2,41,0,2,4,0,6,0,32,13,2,47,18,6,24,71
12/28/2006,YKM,WA,ANM,WE,Federal Contract Tower,2,27,14,2,45,0,7,28,0,35,2,34,42,2,80,38,6,44,124
12/29/2006,YKM,WA,ANM,WE,Federal Contract Tower,0,26,8,6,40,0,4,25,0,29,0,30,33,6,69,4,14,18,87
12/30/2006,YKM,WA,ANM,WE,Federal Contract Tower,0,16,7,0,23,0,0,14,0,14,0,16,21,0,37,76,0,76,113
12/31/2006,YKM,WA,ANM,WE,Federal Contract Tower,0,8,2,0,10,0,0,7,0,7,0,8,9,0,17,28,0,28,45
01/01/2007,YKM,WA,ANM,WE,Federal Contract Tower,0,11,7,0,18,0,0,0,0,0,0,11,7,0,18,0,0,0,18
01/02/2007,YKM,WA,ANM,WE,Federal Contract Tower,0,27,11,0,38,0,2,7,0,9,0,29,18,0,47,18,0,18,65
01/03/2007,YKM,WA,ANM,WE,Federal Contract Tower,0,25,8,4,37,0,4,12,0,16,0,29,20,4,53,52,0,52,105
01/04/2007,YKM,WA,ANM,WE,Federal Contract Tower,0,25,15,6,46,0,5,17,0,22,0,30,32,6,68,41,14,55,123
01/05/2007,YKM,WA,ANM,WE,Federal Contract Tower,0,27,17,3,47,0,9,16,1,26,0,36,33,4,73,16,0,16,89
01/06/2007,YKM,WA,ANM,WE,Federal Contract Tower,0,17,4,0,21,0,4,15,0,19,0,21,19,0,40,18,0,18,58
01/07/2007,YKM,WA,ANM,WE,Federal Contract Tower,0,10,3,0,13,0,1,8,0,9,0,11,11,0,22,14,0,14,36
01/08/2007,YKM,WA,ANM,WE,Federal Contract Tower,0,27,20,0,47,0,2,13,0,15,0,29,33,0,62,44,0,44,106
01/09/2007,YKM,WA,ANM,WE,Federal Contract Tower,0,31,17,2,50,0,1,25,0,26,0,32,42,2,76,46,4,50,126
01/10/2007,YKM,WA,ANM,WE,Federal Contract Tower,2,30,16,2,50,0,3,15,0,18,2,33,31,2,68,31,0,31,99
01/11/2007,YKM,WA,ANM,WE,Federal Contract Tower,0,33,26,2,61,0,2,11,0,13,0,35,37,2,74,15,12,27,101
01/12/2007,YKM,WA,ANM,WE,Federal Contract Tower,0,30,14,5,49,0,6,45,1,52,0,36,59,6,101,58,52,110,211
01/13/2007,YKM,WA,ANM,WE,Federal Contract Tower,0,16,4,0,20,0,0,31,0,31,0,16,35,0,51,50,0,50,101
01/14/2007,YKM,WA,ANM,WE,Federal Contract Tower,0,10,4,0,14,0,0,27,0,27,0,10,31,0,41,16,0,16,57
01/15/2007,YKM,WA,ANM,WE,Federal Contract Tower,0,16,17,0,33,0,0,8,0,8,0,16,25,0,41,14,0,14,55
01/16/2007,YKM,WA,ANM,WE,Federal Contract Tower,0,30,2,0,32,0,0,2,0,2,0,30,4,0,34,14,0,14,48
01/17/2007,YKM,WA,ANM,WE,Federal Contract Tower,0,32,16,0,48,0,0,0,0,0,0,32,16,0,48,0,0,0,48
01/18/2007,YKM,WA,ANM,WE,Federal Contract Tower,0,31,23,0,54,0,0,4,0,4,0,31,27,0,58,6,0,6,64
01/19/2007,YKM,WA,ANM,WE,Federal Contract Tower,0,29,23,0,52,0,2,15,0,17,0,31,38,0,69,32,0,32,101
01/20/2007,YKM,WA,ANM,WE,Federal Contract Tower,0,15,12,4,31,0,6,23,0,29,0,21,35,4,60,90,8,98,158
01/21/2007,YKM,WA,ANM,WE,Federal Contract Tower,0,12,15,2,29,0,0,20,0,20,0,12,35,2,49,70,2,72,121
01/22/2007,YKM,WA,ANM,WE,Federal Contract Tower,0,29,20,0,49,0,2,23,2,27,0,31,43,2,76,20,0,20,96
01/23/2007,YKM,WA,ANM,WE,Federal Contract Tower,0,27,20,0,47,0,6,13,0,19,0,33,33,0,66,50,0,50,116
01/24/2007,YKM,WA,ANM,WE,Federal Contract Tower,0,31,19,0,50,0,4,27,2,33,0,35,46,2,83,32,0,32,115
01/25/2007,YKM,WA,ANM,WE,Federal Contract Tower,0,30,28,9,67,0,7,21,0,28,0,37,49,9,95,63,24,87,182
01/26/2007,YKM,WA,ANM,WE,Federal Contract Tower,0,23,15,0,38,0,0,4,0,4,0,23,19,0,42,14,0,14,56
01/27/2007,YKM,WA,ANM,WE,Federal Contract Tower,0,17,4,2,23,0,0,28,2,30,0,17,32,4,53,48,0,48,101
01/28/2007,YKM,WA,ANM,WE,Federal Contract Tower,0,12,10,2,24,0,0,2,0,2,0,12,12,2,26,48,0,48,74
01/29/2007,YKM,WA,ANM,WE,Federal Contract Tower,2,30,8,0,40,0,0,6,0,6,2,30,14,0,46,0,0,0,46
01/30/2007,YKM,WA,ANM,WE,Federal Contract Tower,0,21,6,0,27,0,9,31,0,40,0,30,37,0,67,18,0,18,85
01/31/2007,YKM,WA,ANM,WE,Federal Contract Tower,0,27,16,0,43,0,0,0,0,0,0,27,16,0,43,26,0,26,69
02/01/2007,YKM,WA,ANM,WE,Federal Contract Tower,0,25,20,0,45,0,3,15,0,18,0,28,35,0,63,97,0,97,160
02/02/2007,YKM,WA,ANM,WE,Federal Contract Tower,2,24,18,0,44,0,10,23,0,33,2,34,41,0,77,46,0,46,123
02/03/2007,YKM,WA,ANM,WE,Federal Contract Tower,0,19,6,6,31,0,0,12,2,14,0,19,18,8,45,44,0,44,89
02/04/2007,YKM,WA,ANM,WE,Federal Contract Tower,0,10,7,0,17,0,0,15,0,15,0,10,22,0,32,54,0,54,86
02/05/2007,YKM,WA,ANM,WE,Federal Contract Tower,0,33,20,2,55,0,0,15,0,15,0,33,35,2,70,40,14,54,124
02/06/2007,YKM,WA,ANM,WE,Federal Contract Tower,0,31,22,2,55,0,0,7,0,7,0,31,29,2,62,88,0,88,150
02/07/2007,YKM,WA,ANM,WE,Federal Contract Tower,0,30,21,0,51,0,0,2,0,2,0,30,23,0,53,37,0,37,90
02/08/2007,YKM,WA,ANM,WE,Federal Contract Tower,0,31,21,2,54,0,0,6,0,6,0,31,27,2,60,8,2,10,70
02/09/2007,YKM,WA,ANM,WE,Federal Contract Tower,0,30,22,4,56,0,0,13,0,13,0,30,35,4,69,34,0,34,103
02/10/2007,YKM,WA,ANM,WE,Federal Contract Tower,0,17,0,0,17,0,0,9,0,9,0,17,9,0,26,52,0,52,78
02/11/2007,YKM,WA,ANM,WE,Federal Contract Tower,0,10,8,0,18,0,0,8,0,8,0,10,16,0,26,28,0,28,54
02/12/2007,YKM,WA,ANM,WE,Federal Contract Tower,0,29,14,0,43,0,2,22,0,24,0,31,36,0,67,40,0,40,107
02/13/2007,YKM,WA,ANM,WE,Federal Contract Tower,0,23,16,2,41,0,0,12,0,12,0,23,28,2,53,94,0,94,147
02/14/2007,YKM,WA,ANM,WE,Federal Contract Tower,0,37,10,2,49,0,0,0,0,0,0,37,10,2,49,0,0,0,49
02/15/2007,YKM,WA,ANM,WE,Federal Contract Tower,0,35,9,0,44,0,0,7,0,7,0,35,16,0,51,34,0,34,85
02/16/2007,YKM,WA,ANM,WE,Federal Contract Tower,0,29,24,0,53,0,2,31,4,37,0,31,55,4,90,34,0,34,124
02/17/2007,YKM,WA,ANM,WE,Federal Contract Tower,0,15,11,4,30,0,0,62,0,62,0,15,73,4,92,88,16,104,196
02/18/2007,YKM,WA,ANM,WE,Federal Contract Tower,0,11,4,0,15,0,0,6,0,6,0,11,10,0,21,44,0,44,65
02/19/2007,YKM,WA,ANM,WE,Federal Contract Tower,0,21,23,0,44,0,0,4,2,6,0,21,27,2,50,68,0,68,118
02/20/2007,YKM,WA,ANM,WE,Federal Contract Tower,2,28,8,6,44,0,2,6,0,8,2,30,14,6,52,16,2,18,70
02/21/2007,YKM,WA,ANM,WE,Federal Contract Tower,0,28,24,2,54,0,3,29,0,32,0,31,53,2,86,57,0,57,143
02/22/2007,YKM,WA,ANM,WE,Federal Contract Tower,0,30,12,2,44,0,1,8,0,9,0,31,20,2,53,16,0,16,69
02/23/2007,YKM,WA,ANM,WE,Federal Contract Tower,2,33,30,2,67,0,0,23,0,23,2,33,53,2,90,81,0,81,171
02/24/2007,YKM,WA,ANM,WE,Federal Contract Tower,0,15,5,6,26,0,0,0,0,0,0,15,5,6,26,0,0,0,26
02/25/2007,YKM,WA,ANM,WE,Federal Contract Tower,0,12,5,2,19,0,0,0,0,0,0,12,5,2,19,20,4,24,43
02/26/2007,YKM,WA,ANM,WE,Federal Contract Tower,0,26,14,0,40,0,3,25,0,28,0,29,39,0,68,66,0,66,134
02/27/2007,YKM,WA,ANM,WE,Federal Contract Tower,0,30,10,0,40,0,0,12,0,12,0,30,22,0,52,58,0,58,110
02/28/2007,YKM,WA,ANM,WE,Federal Contract Tower,0,25,18,2,45,0,4,16,0,20,0,29,34,2,65,32,0,32,97
03/01/2007,YKM,WA,ANM,WE,Federal Contract Tower,0,26,15,2,43,0,5,28,0,33,0,31,43,2,76,82,0,82,158
03/02/2007,YKM,WA,ANM,WE,Federal Contract Tower,0,36,20,0,56,0,0,4,0,4,0,36,24,0,60,19,0,19,79
03/03/2007,YKM,WA,ANM,WE,Federal Contract Tower,0,18,25,2,45,0,3,50,2,55,0,21,75,4,100,124,4,128,228
03/04/2007,YKM,WA,ANM,WE,Federal Contract Tower,0,10,18,0,28,0,0,11,0,11,0,10,29,0,39,62,0,62,101
03/05/2007,YKM,WA,ANM,WE,Federal Contract Tower,0,26,22,2,50,0,3,16,2,21,0,29,38,4,71,52,2,54,125
03/06/2007,YKM,WA,ANM,WE,Federal Contract Tower,0,27,14,2,43,0,2,40,0,42,0,29,54,2,85,28,2,30,115
03/07/2007,YKM,WA,ANM,WE,Federal Contract Tower,0,30,13,1,44,0,0,13,7,20,0,30,26,8,64,46,0,46,110
03/08/2007,YKM,WA,ANM,WE,Federal Contract Tower,0,28,14,5,47,0,0,23,1,24,0,28,37,6,71,42,2,44,115
03/09/2007,YKM,WA,ANM,WE,Federal Contract Tower,0,27,29,7,63,0,4,33,3,40,0,31,62,10,103,72,10,82,185
03/10/2007,YKM,WA,ANM,WE,Federal Contract Tower,0,15,26,0,41,0,4,21,0,25,0,19,47,0,66,150,0,150,216
03/11/2007,YKM,WA,ANM,WE,Federal Contract Tower,0,10,4,4,18,0,0,11,0,11,0,10,15,4,29,12,12,24,53
03/12/2007,YKM,WA,ANM,WE,Federal Contract Tower,0,25,22,2,49,0,6,22,0,28,0,31,44,2,77,50,2,52,129
03/13/2007,YKM,WA,ANM,WE,Federal Contract Tower,0,23,12,1,36,0,5,35,1,41,0,28,47,2,77,96,0,96,173
03/14/2007,YKM,WA,ANM,WE,Federal Contract Tower,0,23,15,2,40,0,4,48,0,52,0,27,63,2,92,48,0,48,140
03/15/2007,YKM,WA,ANM,WE,Federal Contract Tower,0,24,22,0,46,0,8,44,0,52,0,32,66,0,98,77,0,77,175
03/16/2007,YKM,WA,ANM,WE,Federal Contract Tower,0,27,25,2,54,0,5,46,2,53,0,32,71,4,107,60,8,68,175
03/17/2007,YKM,WA,ANM,WE,Federal Contract Tower,0,16,8,3,27,0,0,47,3,50,0,16,55,6,77,100,12,112,189
03/18/2007,YKM,WA,ANM,WE,Federal Contract Tower,0,10,10,0,20,0,0,38,0,38,0,10,48,0,58,50,0,50,108
03/19/2007,YKM,WA,ANM,WE,Federal Contract Tower,0,26,24,0,50,0,5,5,0,10,0,31,29,0,60,44,0,44,104
03/20/2007,YKM,WA,ANM,WE,Federal Contract Tower,0,24,13,0,37,0,10,8,0,18,0,34,21,0,55,14,0,14,69
03/21/2007,YKM,WA,ANM,WE,Federal Contract Tower,0,32,22,0,54,0,4,40,0,44,0,36,62,0,98,56,0,56,154
03/22/2007,YKM,WA,ANM,WE,Federal Contract Tower,0,29,23,2,54,0,0,32,0,32,0,29,55,2,86,90,0,90,176
03/23/2007,YKM,WA,ANM,WE,Federal Contract Tower,0,27,29,2,58,0,4,44,0,48,0,31,73,2,106,118,7,125,231
03/24/2007,YKM,WA,ANM,WE,Federal Contract Tower,0,16,14,0,30,0,0,15,2,17,0,16,29,2,47,60,0,60,107
03/25/2007,YKM,WA,ANM,WE,Federal Contract Tower,0,10,12,1,23,0,0,15,1,16,0,10,27,2,39,20,0,20,59
03/26/2007,YKM,WA,ANM,WE,Federal Contract Tower,0,23,21,0,44,0,4,24,0,28,0,27,45,0,72,46,0,46,118
03/27/2007,YKM,WA,ANM,WE,Federal Contract Tower,0,26,4,0,30,0,0,13,2,15,0,26,17,2,45,38,2,40,85
03/28/2007,YKM,WA,ANM,WE,Federal Contract Tower,0,28,31,0,59,0,1,29,4,34,0,29,60,4,93,71,0,71,164
03/29/2007,YKM,WA,ANM,WE,Federal Contract Tower,0,20,21,3,44,0,10,71,1,82,0,30,92,4,126,115,0,115,241
03/30/2007,YKM,WA,ANM,WE,Federal Contract Tower,0,23,19,1,43,0,8,46,1,55,0,31,65,2,98,118,0,118,216
03/31/2007,YKM,WA,ANM,WE,Federal Contract Tower,0,13,18,0,31,0,5,40,0,45,0,18,58,0,76,62,0,62,138
04/01/2007,YKM,WA,ANM,WE,Federal Contract Tower,0,12,9,0,21,0,0,44,2,46,0,12,53,2,67,36,0,36,103
04/02/2007,YKM,WA,ANM,WE,Federal Contract Tower,0,28,17,1,46,0,4,12,1,17,0,32,29,2,63,72,4,76,139
04/03/2007,YKM,WA,ANM,WE,Federal Contract Tower,0,19,20,2,41,0,11,16,2,29,0,30,36,4,70,47,0,47,117
04/04/2007,YKM,WA,ANM,WE,Federal Contract Tower,0,26,25,3,54,0,2,39,1,42,0,28,64,4,96,71,5,76,172
04/05/2007,YKM,WA,ANM,WE,Federal Contract Tower,0,23,23,4,50,0,7,31,2,40,0,30,54,6,90,64,5,69,159
04/06/2007,YKM,WA,ANM,WE,Federal Contract Tower,0,20,23,4,47,0,13,46,0,59,0,33,69,4,106,64,14,78,184
04/07/2007,YKM,WA,ANM,WE,Federal Contract Tower,0,16,7,1,24,0,0,45,1,46,0,16,52,2,70,56,2,58,128
04/08/2007,YKM,WA,ANM,WE,Federal Contract Tower,0,9,5,0,14,0,0,33,0,33,0,9,38,0,47,12,0,12,59
04/09/2007,YKM,WA,ANM,WE,Federal Contract Tower,0,22,12,0,34,0,9,24,0,33,0,31,36,0,67,28,0,28,95
04/10/2007,YKM,WA,ANM,WE,Federal Contract Tower,0,22,19,4,45,0,11,22,0,33,0,33,41,4,78,46,4,50,128
04/11/2007,YKM,WA,ANM,WE,Federal Contract Tower,0,23,21,1,45,0,5,29,1,35,0,28,50,2,80,72,0,72,152
04/12/2007,YKM,WA,ANM,WE,Federal Contract Tower,0,28,24,1,53,0,6,32,1,39,0,34,56,2,92,94,0,94,186
04/13/2007,YKM,WA,ANM,WE,Federal Contract Tower,0,28,21,4,53,0,5,32,0,37,0,33,53,4,90,68,0,68,158
04/14/2007,YKM,WA,ANM,WE,Federal Contract Tower,0,17,15,6,38,0,0,34,0,34,0,17,49,6,72,94,14,108,180
04/15/2007,YKM,WA,ANM,WE,Federal Contract Tower,0,12,10,6,28,0,0,45,0,45,0,12,55,6,73,90,20,110,183
04/16/2007,YKM,WA,ANM,WE,Federal Contract Tower,0,27,15,2,44,0,7,25,0,32,0,34,40,2,76,46,0,46,122
04/17/2007,YKM,WA,ANM,WE,Federal Contract Tower,0,26,19,4,49,0,3,41,0,44,0,29,60,4,93,72,0,72,165
04/18/2007,YKM,WA,ANM,WE,Federal Contract Tower,0,26,21,0,47,0,7,25,0,32,0,33,46,0,79,84,0,84,163
04/19/2007,YKM,WA,ANM,WE,Federal Contract Tower,0,26,30,0,56,0,4,43,2,49,0,30,73,2,105,52,0,52,157
04/20/2007,YKM,WA,ANM,WE,Federal Contract Tower,0,23,13,0,36,0,9,55,0,64,0,32,68,0,100,56,0,56,156
04/21/2007,YKM,WA,ANM,WE,Federal Contract Tower,0,17,10,0,27,0,1,41,0,42,0,18,51,0,69,100,0,100,169
04/22/2007,YKM,WA,ANM,WE,Federal Contract Tower,0,13,13,3,29,0,0,30,1,31,0,13,43,4,60,48,2,50,110
04/23/2007,YKM,WA,ANM,WE,Federal Contract Tower,0,21,9,0,30,0,11,43,0,54,0,32,52,0,84,59,0,59,143
04/24/2007,YKM,WA,ANM,WE,Federal Contract Tower,0,26,22,2,50,0,9,38,0,47,0,35,60,2,97,88,0,88,185
04/25/2007,YKM,WA,ANM,WE,Federal Contract Tower,0,22,12,6,40,0,6,21,0,27,0,28,33,6,67,24,4,28,95
04/26/2007,YKM,WA,ANM,WE,Federal Contract Tower,2,28,23,2,55,0,3,36,0,39,2,31,59,2,94,74,34,108,202
04/27/2007,YKM,WA,ANM,WE,Federal Contract Tower,0,27,8,2,37,0,5,49,0,54,0,32,57,2,91,98,2,100,191
04/28/2007,YKM,WA,ANM,WE,Federal Contract Tower,0,22,2,4,28,0,0,51,0,51,0,22,53,4,79,138,6,144,223
04/29/2007,YKM,WA,ANM,WE,Federal Contract Tower,2,11,13,0,26,0,0,31,2,33,2,11,44,2,59,22,0,22,81
04/30/2007,YKM,WA,ANM,WE,Federal Contract Tower,0,20,7,0,27,0,12,60,0,72,0,32,67,0,99,74,0,74,173
05/01/2007,YKM,WA,ANM,WE,Federal Contract Tower,0,25,19,4,48,0,4,54,0,58,0,29,73,4,106,78,0,78,184
05/02/2007,YKM,WA,ANM,WE,Federal Contract Tower,0,31,17,2,50,0,1,19,1,21,0,32,36,3,71,70,0,70,141
05/03/2007,YKM,WA,ANM,WE,Federal Contract Tower,0,30,4,2,36,0,4,26,0,30,0,34,30,2,66,103,0,103,169
05/04/2007,YKM,WA,ANM,WE,Federal Contract Tower,0,26,16,0,42,0,4,26,0,30,0,30,42,0,72,92,0,92,164
05/05/2007,YKM,WA,ANM,WE,Federal Contract Tower,0,15,21,2,38,0,5,41,0,46,0,20,62,2,84,76,4,80,164
05/06/2007,YKM,WA,ANM,WE,Federal Contract Tower,0,13,21,0,34,0,0,32,0,32,0,13,53,0,66,64,0,64,130
05/07/2007,YKM,WA,ANM,WE,Federal Contract Tower,0,23,20,4,47,0,9,41,0,50,0,32,61,4,97,88,8,96,193
05/08/2007,YKM,WA,ANM,WE,Federal Contract Tower,0,23,18,2,43,0,5,34,2,41,0,28,52,4,84,52,22,74,158
05/09/2007,YKM,WA,ANM,WE,Federal Contract Tower,0,21,17,7,45,0,10,49,0,59,0,31,66,7,104,103,20,123,227
05/10/2007,YKM,WA,ANM,WE,Federal Contract Tower,0,24,16,3,43,0,2,42,3,47,0,26,58,6,90,58,48,106,196
05/11/2007,YKM,WA,ANM,WE,Federal Contract Tower,0,20,13,0,33,0,10,55,0,65,0,30,68,0,98,62,0,62,160
05/12/2007,YKM,WA,ANM,WE,Federal Contract Tower,0,16,13,0,29,0,0,52,0,52,0,16,65,0,81,72,0,72,153
05/13/2007,YKM,WA,ANM,WE,Federal Contract Tower,0,11,8,0,19,0,0,33,0,33,0,11,41,0,52,16,0,16,68
05/14/2007,YKM,WA,ANM,WE,Federal Contract Tower,0,25,20,8,53,0,9,58,0,67,0,34,78,8,120,98,2,100,220
05/15/2007,YKM,WA,ANM,WE,Federal Contract Tower,0,19,18,7,44,0,10,40,3,53,0,29,58,10,97,68,0,68,165
05/16/2007,YKM,WA,ANM,WE,Federal Contract Tower,0,23,16,4,43,0,8,39,0,47,0,31,55,4,90,31,2,33,123
05/17/2007,YKM,WA,ANM,WE,Federal Contract Tower,0,22,24,2,48,0,4,34,0,38,0,26,58,2,86,93,0,93,179
05/18/2007,YKM,WA,ANM,WE,Federal Contract Tower,0,23,26,5,54,0,8,56,8,72,0,31,82,13,126,44,8,52,178
05/19/2007,YKM,WA,ANM,WE,Federal Contract Tower,0,17,10,0,27,0,0,30,0,30,0,17,40,0,57,42,0,42,99
05/20/2007,YKM,WA,ANM,WE,Federal Contract Tower,0,11,12,0,23,0,0,30,0,30,0,11,42,0,53,52,0,52,105
05/21/2007,YKM,WA,ANM,WE,Federal Contract Tower,0,25,5,0,30,0,5,16,0,21,0,30,21,0,51,42,0,42,93
05/22/2007,YKM,WA,ANM,WE,Federal Contract Tower,0,23,24,2,49,0,7,37,4,48,0,30,61,6,97,80,0,80,177
05/23/2007,YKM,WA,ANM,WE,Federal Contract Tower,0,24,11,0,35,0,7,63,0,70,0,31,74,0,105,139,0,139,244
05/24/2007,YKM,WA,ANM,WE,Federal Contract Tower,0,25,24,0,49,0,5,57,0,62,0,30,81,0,111,106,0,106,217
05/25/2007,YKM,WA,ANM,WE,Federal Contract Tower,0,19,30,0,49,0,15,42,0,57,0,34,72,0,106,90,0,90,196
05/26/2007,YKM,WA,ANM,WE,Federal Contract Tower,0,16,5,0,21,0,0,73,0,73,0,16,78,0,94,54,0,54,148
05/27/2007,YKM,WA,ANM,WE,Federal Contract Tower,0,10,7,0,17,0,0,28,0,28,0,10,35,0,45,30,0,30,75
05/28/2007,YKM,WA,ANM,WE,Federal Contract Tower,0,11,14,0,25,0,0,58,0,58,0,11,72,0,83,98,0,98,181
05/29/2007,YKM,WA,ANM,WE,Federal Contract Tower,0,27,14,0,41,0,5,35,0,40,0,32,49,0,81,44,0,44,125
05/30/2007,YKM,WA,ANM,WE,Federal Contract Tower,0,26,23,3,52,0,5,41,3,49,0,31,64,6,101,82,2,84,185
05/31/2007,YKM,WA,ANM,WE,Federal Contract Tower,0,34,12,4,50,0,3,48,0,51,0,37,60,4,101,86,2,88,189
06/01/2007,YKM,WA,ANM,WE,Federal Contract Tower,0,19,15,2,36,0,12,57,0,69,0,31,72,2,105,84,0,84,189
06/02/2007,YKM,WA,ANM,WE,Federal Contract Tower,0,18,8,0,26,0,0,58,0,58,0,18,66,0,84,62,0,62,146
06/03/2007,YKM,WA,ANM,WE,Federal Contract Tower,0,12,10,2,24,0,0,34,4,38,0,12,44,6,62,66,0,66,128
06/04/2007,YKM,WA,ANM,WE,Federal Contract Tower,0,24,21,3,48,0,7,36,5,48,0,31,57,8,96,78,2,80,176
06/05/2007,YKM,WA,ANM,WE,Federal Contract Tower,0,30,13,0,43,0,2,14,2,18,0,32,27,2,61,20,0,20,81
06/06/2007,YKM,WA,ANM,WE,Federal Contract Tower,0,28,28,8,64,0,5,21,0,26,0,33,49,8,90,20,46,66,156
06/07/2007,YKM,WA,ANM,WE,Federal Contract Tower,0,26,31,2,59,0,6,20,2,28,0,32,51,4,87,89,0,89,176
06/08/2007,YKM,WA,ANM,WE,Federal Contract Tower,0,29,22,3,54,0,9,48,1,58,0,38,70,4,112,80,6,86,198
06/09/2007,YKM,WA,ANM,WE,Federal Contract Tower,0,19,9,0,28,0,1,28,0,29,0,20,37,0,57,32,0,32,89
06/10/2007,YKM,WA,ANM,WE,Federal Contract Tower,0,14,14,0,28,0,0,42,0,42,0,14,56,0,70,44,0,44,114
06/11/2007,YKM,WA,ANM,WE,Federal Contract Tower,0,30,25,4,59,0,3,22,2,27,0,33,47,6,86,62,0,62,148
06/12/2007,YKM,WA,ANM,WE,Federal Contract Tower,0,24,13,2,39,0,7,35,0,42,0,31,48,2,81,143,2,145,226
06/13/2007,YKM,WA,ANM,WE,Federal Contract Tower,0,25,21,0,46,0,12,25,0,37,0,37,46,0,83,30,0,30,113
06/14/2007,YKM,WA,ANM,WE,Federal Contract Tower,0,23,27,0,50,0,10,28,0,38,0,33,55,0,88,42,0,42,130
06/15/2007,YKM,WA,ANM,WE,Federal Contract Tower,0,26,22,0,48,0,4,29,0,33,0,30,51,0,81,52,0,52,133
06/16/2007,YKM,WA,ANM,WE,Federal Contract Tower,0,18,11,0,29,0,2,36,0,38,0,20,47,0,67,24,0,24,91
06/17/2007,YKM,WA,ANM,WE,Federal Contract Tower,0,16,1,0,17,0,0,27,0,27,0,16,28,0,44,6,0,6,50
06/18/2007,YKM,WA,ANM,WE,Federal Contract Tower,0,21,18,2,41,0,13,42,0,55,0,34,60,2,96,48,0,48,144
06/19/2007,YKM,WA,ANM,WE,Federal Contract Tower,0,24,23,0,47,0,9,58,0,67,0,33,81,0,114,68,12,80,194
06/20/2007,YKM,WA,ANM,WE,Federal Contract Tower,0,27,13,2,42,0,8,65,0,73,0,35,78,2,115,74,2,76,191
06/21/2007,YKM,WA,ANM,WE,Federal Contract Tower,0,32,12,4,48,0,8,61,2,71,0,40,73,6,119,63,32,95,214
06/22/2007,YKM,WA,ANM,WE,Federal Contract Tower,0,27,18,3,48,0,7,45,3,55,0,34,63,6,103,140,0,140,243
06/23/2007,YKM,WA,ANM,WE,Federal Contract Tower,0,24,13,1,38,0,0,61,7,68,0,24,74,8,106,42,0,42,148
06/24/2007,YKM,WA,ANM,WE,Federal Contract Tower,0,16,12,2,30,0,0,40,5,45,0,16,52,7,75,62,0,62,137
06/25/2007,YKM,WA,ANM,WE,Federal Contract Tower,0,24,19,6,49,0,13,46,0,59,0,37,65,6,108,94,8,102,210
06/26/2007,YKM,WA,ANM,WE,Federal Contract Tower,0,25,16,10,51,0,5,45,0,50,0,30,61,10,101,48,2,50,151
06/27/2007,YKM,WA,ANM,WE,Federal Contract Tower,0,32,18,2,52,0,5,44,0,49,0,37,62,2,101,67,8,75,176
06/28/2007,YKM,WA,ANM,WE,Federal Contract Tower,0,34,23,0,57,0,3,42,0,45,0,37,65,0,102,41,0,41,143
06/29/2007,YKM,WA,ANM,WE,Federal Contract Tower,0,27,18,2,47,0,4,33,0,37,0,31,51,2,84,49,40,89,173
06/30/2007,YKM,WA,ANM,WE,Federal Contract Tower,0,20,3,1,24,0,0,73,1,74,0,20,76,2,98,60,0,60,158
07/01/2007,YKM,WA,ANM,WE,Federal Contract Tower,0,14,13,0,27,0,0,51,3,54,0,14,64,3,81,44,0,44,125
07/02/2007,YKM,WA,ANM,WE,Federal Contract Tower,0,21,16,0,37,0,10,35,1,46,0,31,51,1,83,34,0,34,117
07/03/2007,YKM,WA,ANM,WE,Federal Contract Tower,0,22,14,0,36,0,8,59,0,67,0,30,73,0,103,90,0,90,193
07/04/2007,YKM,WA,ANM,WE,Federal Contract Tower,0,13,0,0,13,0,0,55,0,55,0,13,55,0,68,45,0,45,113
07/05/2007,YKM,WA,ANM,WE,Federal Contract Tower,0,23,15,0,38,0,11,38,0,49,0,34,53,0,87,64,0,64,151
07/06/2007,YKM,WA,ANM,WE,Federal Contract Tower,0,23,15,0,38,0,12,29,0,41,0,35,44,0,79,26,0,26,105
07/07/2007,YKM,WA,ANM,WE,Federal Contract Tower,0,18,3,0,21,0,2,51,0,53,0,20,54,0,74,80,0,80,154
07/08/2007,YKM,WA,ANM,WE,Federal Contract Tower,0,14,7,0,21,0,0,43,2,45,0,14,50,2,66,52,0,52,118
07/09/2007,YKM,WA,ANM,WE,Federal Contract Tower,0,23,11,0,34,0,8,37,2,47,0,31,48,2,81,90,0,90,171
07/10/2007,YKM,WA,ANM,WE,Federal Contract Tower,0,22,5,2,29,0,12,30,4,46,0,34,35,6,75,36,0,36,111
07/11/2007,YKM,WA,ANM,WE,Federal Contract Tower,0,24,15,2,41,0,9,44,4,57,0,33,59,6,98,48,0,48,146
07/12/2007,YKM,WA,ANM,WE,Federal Contract Tower,0,30,13,5,48,0,8,56,5,69,0,38,69,10,117,92,0,92,209
07/13/2007,YKM,WA,ANM,WE,Federal Contract Tower,0,24,17,2,43,0,8,37,2,47,0,32,54,4,90,36,0,36,126
07/14/2007,YKM,WA,ANM,WE,Federal Contract Tower,0,20,7,1,28,0,0,34,0,34,0,20,41,1,62,56,0,56,118
07/15/2007,YKM,WA,ANM,WE,Federal Contract Tower,0,14,7,1,22,0,0,33,0,33,0,14,40,1,55,50,0,50,105
07/16/2007,YKM,WA,ANM,WE,Federal Contract Tower,0,24,18,4,46,0,11,60,0,71,0,35,78,4,117,76,0,76,193
07/17/2007,YKM,WA,ANM,WE,Federal Contract Tower,0,22,11,2,35,0,10,63,1,74,0,32,74,3,109,42,0,42,151
07/18/2007,YKM,WA,ANM,WE,Federal Contract Tower,2,23,15,0,40,0,10,22,0,32,2,33,37,0,72,58,0,58,130
07/19/2007,YKM,WA,ANM,WE,Federal Contract Tower,0,28,17,0,45,0,7,19,0,26,0,35,36,0,71,25,0,25,96
07/20/2007,YKM,WA,ANM,WE,Federal Contract Tower,0,26,28,0,54,0,6,44,0,50,0,32,72,0,104,42,0,42,146
07/21/2007,YKM,WA,ANM,WE,Federal Contract Tower,0,17,5,4,26,0,0,34,0,34,0,17,39,4,60,54,36,90,150
07/22/2007,YKM,WA,ANM,WE,Federal Contract Tower,0,11,22,2,35,0,0,20,0,20,0,11,42,2,55,20,26,46,101
07/23/2007,YKM,WA,ANM,WE,Federal Contract Tower,0,27,7,0,34,0,12,24,0,36,0,39,31,0,70,72,0,72,142
07/24/2007,YKM,WA,ANM,WE,Federal Contract Tower,0,20,20,0,40,0,11,41,0,52,0,31,61,0,92,38,0,38,130
07/25/2007,YKM,WA,ANM,WE,Federal Contract Tower,0,22,7,2,31,0,10,35,0,45,0,32,42,2,76,38,0,38,114
07/26/2007,YKM,WA,ANM,WE,Federal Contract Tower,0,28,15,1,44,0,9,44,0,53,0,37,59,1,97,71,0,71,168
07/27/2007,YKM,WA,ANM,WE,Federal Contract Tower,0,21,22,1,44,0,12,40,1,53,0,33,62,2,97,46,4,50,147
07/28/2007,YKM,WA,ANM,WE,Federal Contract Tower,0,19,4,0,23,0,0,46,0,46,0,19,50,0,69,92,0,92,161
07/29/2007,YKM,WA,ANM,WE,Federal Contract Tower,3,14,9,0,26,0,0,49,1,50,3,14,58,1,76,48,0,48,124
07/30/2007,YKM,WA,ANM,WE,Federal Contract Tower,0,19,14,2,35,0,11,74,6,91,0,30,88,8,126,48,2,50,176
07/31/2007,YKM,WA,ANM,WE,Federal Contract Tower,0,23,19,0,42,0,9,65,4,78,0,32,84,4,120,104,0,104,224
08/01/2007,YKM,WA,ANM,WE,Federal Contract Tower,2,25,9,0,36,0,7,62,2,71,2,32,71,2,107,40,0,40,147
08/02/2007,YKM,WA,ANM,WE,Federal Contract Tower,6,19,16,0,41,0,14,87,10,111,6,33,103,10,152,49,0,49,201
08/03/2007,YKM,WA,ANM,WE,Federal Contract Tower,0,20,9,4,33,0,12,66,0,78,0,32,75,4,111,44,36,80,191
08/04/2007,YKM,WA,ANM,WE,Federal Contract Tower,0,21,5,0,26,0,0,60,0,60,0,21,65,0,86,72,0,72,158
08/05/2007,YKM,WA,ANM,WE,Federal Contract Tower,0,14,8,0,22,0,0,50,0,50,0,14,58,0,72,34,0,34,106
08/06/2007,YKM,WA,ANM,WE,Federal Contract Tower,0,21,16,3,40,0,12,73,16,101,0,33,89,19,141,70,4,74,215
08/07/2007,YKM,WA,ANM,WE,Federal Contract Tower,0,29,13,5,47,0,7,58,9,74,0,36,71,14,121,42,8,50,171
08/08/2007,YKM,WA,ANM,WE,Federal Contract Tower,0,30,16,3,49,0,3,64,7,74,0,33,80,10,123,75,0,75,198
08/09/2007,YKM,WA,ANM,WE,Federal Contract Tower,0,29,8,7,44,0,5,75,3,83,0,34,83,10,127,52,40,92,219
08/10/2007,YKM,WA,ANM,WE,Federal Contract Tower,0,32,13,6,51,0,4,69,18,91,0,36,82,24,142,72,14,86,228
08/11/2007,YKM,WA,ANM,WE,Federal Contract Tower,1,17,13,1,32,0,4,49,2,55,1,21,62,3,87,56,0,56,143
08/12/2007,YKM,WA,ANM,WE,Federal Contract Tower,1,16,11,2,30,0,0,50,1,51,1,16,61,3,81,34,0,34,115
08/13/2007,YKM,WA,ANM,WE,Federal Contract Tower,0,23,18,2,43,0,13,31,0,44,0,36,49,2,87,44,0,44,131
08/14/2007,YKM,WA,ANM,WE,Federal Contract Tower,0,22,11,0,33,0,11,81,0,92,0,33,92,0,125,62,0,62,187
08/15/2007,YKM,WA,ANM,WE,Federal Contract Tower,0,21,10,0,31,0,14,32,0,46,0,35,42,0,77,70,0,70,147
08/16/2007,YKM,WA,ANM,WE,Federal Contract Tower,4,25,18,0,47,0,12,35,0,47,4,37,53,0,94,31,0,31,125
08/17/2007,YKM,WA,ANM,WE,Federal Contract Tower,0,26,18,0,44,0,10,46,0,56,0,36,64,0,100,30,0,30,130
08/18/2007,YKM,WA,ANM,WE,Federal Contract Tower,0,22,9,0,31,0,2,45,0,47,0,24,54,0,78,68,0,68,146
08/19/2007,YKM,WA,ANM,WE,Federal Contract Tower,0,13,7,0,20,0,0,17,4,21,0,13,24,4,41,26,4,30,71
08/20/2007,YKM,WA,ANM,WE,Federal Contract Tower,0,25,19,0,44,0,11,33,0,44,0,36,52,0,88,52,0,52,140
08/21/2007,YKM,WA,ANM,WE,Federal Contract Tower,0,28,14,2,44,0,4,45,2,51,0,32,59,4,95,114,12,126,221
08/22/2007,YKM,WA,ANM,WE,Federal Contract Tower,0,29,21,1,51,0,7,43,1,51,0,36,64,2,102,65,5,70,172
08/23/2007,YKM,WA,ANM,WE,Federal Contract Tower,0,23,18,0,41,0,8,56,0,64,0,31,74,0,105,120,0,120,225
08/24/2007,YKM,WA,ANM,WE,Federal Contract Tower,0,21,15,0,36,0,13,88,0,101,0,34,103,0,137,74,0,74,211
08/25/2007,YKM,WA,ANM,WE,Federal Contract Tower,0,17,3,0,20,0,2,38,2,42,0,19,41,2,62,56,0,56,118
08/26/2007,YKM,WA,ANM,WE,Federal Contract Tower,0,18,13,0,31,0,1,34,0,35,0,19,47,0,66,54,0,54,120
08/27/2007,YKM,WA,ANM,WE,Federal Contract Tower,0,30,18,2,50,0,10,72,0,82,0,40,90,2,132,90,0,90,222
08/28/2007,YKM,WA,ANM,WE,Federal Contract Tower,0,28,15,0,43,0,9,79,0,88,0,37,94,0,131,58,0,58,189
08/29/2007,YKM,WA,ANM,WE,Federal Contract Tower,0,27,14,4,45,0,10,65,0,75,0,37,79,4,120,32,8,40,160
08/30/2007,YKM,WA,ANM,WE,Federal Contract Tower,0,18,13,0,31,0,18,45,0,63,0,36,58,0,94,57,0,57,151
08/31/2007,YKM,WA,ANM,WE,Federal Contract Tower,0,26,18,0,44,0,7,44,0,51,0,33,62,0,95,76,0,76,171
09/01/2007,YKM,WA,ANM,WE,Federal Contract Tower,0,19,10,2,31,0,0,54,0,54,0,19,64,2,85,68,2,70,155
09/02/2007,YKM,WA,ANM,WE,Federal Contract Tower,0,14,5,0,19,0,0,29,0,29,0,14,34,0,48,14,0,14,62
09/03/2007,YKM,WA,ANM,WE,Federal Contract Tower,0,14,17,0,31,0,1,28,2,31,0,15,45,2,62,16,2,18,80
09/04/2007,YKM,WA,ANM,WE,Federal Contract Tower,0,30,15,2,47,0,7,36,2,45,0,37,51,4,92,60,2,62,154
09/05/2007,YKM,WA,ANM,WE,Federal Contract Tower,0,26,23,3,52,0,11,67,1,79,0,37,90,4,131,46,0,46,177
09/06/2007,YKM,WA,ANM,WE,Federal Contract Tower,0,23,13,1,37,0,9,53,0,62,0,32,66,1,99,114,4,118,217
09/07/2007,YKM,WA,ANM,WE,Federal Contract Tower,0,24,23,0,47,0,12,58,6,76,0,36,81,6,123,84,0,84,207
09/08/2007,YKM,WA,ANM,WE,Federal Contract Tower,0,17,13,3,33,0,0,65,1,66,0,17,78,4,99,64,2,66,165
09/09/2007,YKM,WA,ANM,WE,Federal Contract Tower,0,17,9,0,26,0,0,36,0,36,0,17,45,0,62,2,0,2,64
09/10/2007,YKM,WA,ANM,WE,Federal Contract Tower,0,26,9,0,35,0,7,30,2,39,0,33,39,2,74,56,12,68,142
09/11/2007,YKM,WA,ANM,WE,Federal Contract Tower,0,25,6,2,33,0,11,49,0,60,0,36,55,2,93,31,0,31,124
09/12/2007,YKM,WA,ANM,WE,Federal Contract Tower,0,25,12,4,41,0,6,49,0,55,0,31,61,4,96,42,0,42,138
09/13/2007,YKM,WA,ANM,WE,Federal Contract Tower,0,28,14,0,42,0,5,77,4,86,0,33,91,4,128,80,4,84,212
09/14/2007,YKM,WA,ANM,WE,Federal Contract Tower,0,24,16,2,42,0,12,67,0,79,0,36,83,2,121,96,0,96,217
09/15/2007,YKM,WA,ANM,WE,Federal Contract Tower,2,19,5,0,26,0,1,66,0,67,2,20,71,0,93,206,4,210,303
09/16/2007,YKM,WA,ANM,WE,Federal Contract Tower,0,12,8,0,20,0,0,32,0,32,0,12,40,0,52,18,0,18,70
09/17/2007,YKM,WA,ANM,WE,Federal Contract Tower,0,25,18,1,44,0,7,53,7,67,0,32,71,8,111,64,8,72,183
09/18/2007,YKM,WA,ANM,WE,Federal Contract Tower,0,25,9,0,34,0,5,42,2,49,0,30,51,2,83,84,2,86,169
09/19/2007,YKM,WA,ANM,WE,Federal Contract Tower,2,27,18,3,50,0,10,49,3,62,2,37,67,6,112,58,4,62,174
09/20/2007,YKM,WA,ANM,WE,Federal Contract Tower,0,32,16,2,50,0,8,42,6,56,0,40,58,8,106,78,20,98,204
09/21/2007,YKM,WA,ANM,WE,Federal Contract Tower,0,24,19,0,43,0,18,65,0,83,0,42,84,0,126,150,0,150,276
09/22/2007,YKM,WA,ANM,WE,Federal Contract Tower,0,22,11,0,33,0,2,70,0,72,0,24,81,0,105,44,0,44,149
09/23/2007,YKM,WA,ANM,WE,Federal Contract Tower,0,13,14,0,27,0,0,34,0,34,0,13,48,0,61,46,0,46,107
09/24/2007,YKM,WA,ANM,WE,Federal Contract Tower,0,25,15,0,40,0,7,42,0,49,0,32,57,0,89,66,0,66,155
09/25/2007,YKM,WA,ANM,WE,Federal Contract Tower,0,29,20,1,50,0,9,47,1,57,0,38,67,2,107,120,0,120,227
09/26/2007,YKM,WA,ANM,WE,Federal Contract Tower,2,26,23,0,51,0,10,67,0,77,2,36,90,0,128,67,0,67,195
09/27/2007,YKM,WA,ANM,WE,Federal Contract Tower,0,32,23,0,55,0,9,79,0,88,0,41,102,0,143,95,0,95,238
09/28/2007,YKM,WA,ANM,WE,Federal Contract Tower,0,27,18,5,50,0,4,12,0,16,0,31,30,5,66,46,2,48,114
09/29/2007,YKM,WA,ANM,WE,Federal Contract Tower,0,19,10,0,29,0,0,55,2,57,0,19,65,2,86,110,6,116,202
09/30/2007,YKM,WA,ANM,WE,Federal Contract Tower,0,16,5,0,21,0,0,5,0,5,0,16,10,0,26,0,0,0,26
10/01/2007,YKM,WA,ANM,WE,Federal Contract Tower,0,26,9,4,39,0,19,7,2,28,0,45,16,6,67,50,0,50,117
10/02/2007,YKM,WA,ANM,WE,Federal Contract Tower,0,30,7,0,37,0,5,15,0,20,0,35,22,0,57,18,0,18,75
10/03/2007,YKM,WA,ANM,WE,Federal Contract Tower,0,27,17,0,44,0,9,32,0,41,0,36,49,0,85,42,0,42,127
10/04/2007,YKM,WA,ANM,WE,Federal Contract Tower,0,32,15,0,47,0,5,46,2,53,0,37,61,2,100,65,0,65,165
10/05/2007,YKM,WA,ANM,WE,Federal Contract Tower,0,34,10,0,44,0,8,52,2,62,0,42,62,2,106,90,10,100,206
10/06/2007,YKM,WA,ANM,WE,Federal Contract Tower,0,19,6,0,25,0,2,52,4,58,0,21,58,4,83,114,8,122,205
10/07/2007,YKM,WA,ANM,WE,Federal Contract Tower,0,16,6,0,22,0,0,39,6,45,0,16,45,6,67,30,0,30,97
10/08/2007,YKM,WA,ANM,WE,Federal Contract Tower,0,22,19,0,41,0,0,61,4,65,0,22,80,4,106,48,0,48,154
10/09/2007,YKM,WA,ANM,WE,Federal Contract Tower,0,28,11,0,39,0,10,53,1,64,0,38,64,1,103,78,0,78,181
10/10/2007,YKM,WA,ANM,WE,Federal Contract Tower,0,28,31,1,60,0,4,21,3,28,0,32,52,4,88,44,0,44,132
10/11/2007,YKM,WA,ANM,WE,Federal Contract Tower,0,33,16,0,49,0,5,33,0,38,0,38,49,0,87,71,0,71,158
10/12/2007,YKM,WA,ANM,WE,Federal Contract Tower,0,29,26,4,59,0,5,28,1,34,0,34,54,5,93,75,16,91,184
10/13/2007,YKM,WA,ANM,WE,Federal Contract Tower,2,21,6,3,32,0,0,83,3,86,2,21,89,6,118,83,2,85,203
10/14/2007,YKM,WA,ANM,WE,Federal Contract Tower,4,16,10,4,34,0,0,53,0,53,4,16,63,4,87,18,2,20,107
10/15/2007,YKM,WA,ANM,WE,Federal Contract Tower,0,28,14,0,42,0,7,43,0,50,0,35,57,0,92,80,0,80,172
10/16/2007,YKM,WA,ANM,WE,Federal Contract Tower,2,26,10,0,38,0,10,20,0,30,2,36,30,0,68,48,0,48,116
10/17/2007,YKM,WA,ANM,WE,Federal Contract Tower,0,30,12,0,42,0,11,24,0,35,0,41,36,0,77,64,0,64,141
10/18/2007,YKM,WA,ANM,WE,Federal Contract Tower,0,33,12,0,45,0,5,5,0,10,0,38,17,0,55,37,0,37,92
10/19/2007,YKM,WA,ANM,WE,Federal Contract Tower,0,30,19,0,49,0,3,19,0,22,0,33,38,0,71,58,0,58,129
10/20/2007,YKM,WA,ANM,WE,Federal Contract Tower,0,19,3,0,22,0,1,38,0,39,0,20,41,0,61,72,0,72,133
10/21/2007,YKM,WA,ANM,WE,Federal Contract Tower,0,15,12,0,27,0,1,55,0,56,0,16,67,0,83,34,0,34,117
10/22/2007,YKM,WA,ANM,WE,Federal Contract Tower,0,24,21,1,46,0,13,42,1,56,0,37,63,2,102,54,0,54,156
10/23/2007,YKM,WA,ANM,WE,Federal Contract Tower,0,25,16,1,42,0,11,64,2,77,0,36,80,3,119,32,0,32,151
10/24/2007,YKM,WA,ANM,WE,Federal Contract Tower,0,28,12,0,40,0,9,39,2,50,0,37,51,2,90,41,0,41,131
10/25/2007,YKM,WA,ANM,WE,Federal Contract Tower,0,27,10,0,37,0,6,34,2,42,0,33,44,2,79,62,20,82,161
10/26/2007,YKM,WA,ANM,WE,Federal Contract Tower,0,29,12,0,41,0,9,50,0,59,0,38,62,0,100,38,0,38,138
10/27/2007,YKM,WA,ANM,WE,Federal Contract Tower,0,18,5,1,24,0,1,54,1,56,0,19,59,2,80,74,0,74,154
10/28/2007,YKM,WA,ANM,WE,Federal Contract Tower,8,15,6,0,29,0,0,72,0,72,8,15,78,0,101,60,0,60,161
10/29/2007,YKM,WA,ANM,WE,Federal Contract Tower,0,30,13,4,47,0,4,38,4,46,0,34,51,8,93,56,0,56,149
10/30/2007,YKM,WA,ANM,WE,Federal Contract Tower,0,25,13,1,39,0,7,35,3,45,0,32,48,4,84,76,6,82,166
10/31/2007,YKM,WA,ANM,WE,Federal Contract Tower,12,24,18,1,55,0,13,33,1,47,12,37,51,2,102,82,8,90,192
11/01/2007,YKM,WA,ANM,WE,Federal Contract Tower,0,31,13,2,46,0,6,38,0,44,0,37,51,2,90,82,0,82,172
11/02/2007,YKM,WA,ANM,WE,Federal Contract Tower,0,33,19,0,52,0,6,40,2,48,0,39,59,2,100,106,18,124,224
11/03/2007,YKM,WA,ANM,WE,Federal Contract Tower,2,18,13,0,33,0,2,55,2,59,2,20,68,2,92,82,0,82,174
11/04/2007,YKM,WA,ANM,WE,Federal Contract Tower,2,9,11,0,22,0,0,39,0,39,2,9,50,0,61,28,0,28,89
11/05/2007,YKM,WA,ANM,WE,Federal Contract Tower,0,27,13,2,42,0,7,35,2,44,0,34,48,4,86,48,14,62,148
11/06/2007,YKM,WA,ANM,WE,Federal Contract Tower,0,31,7,2,40,0,8,56,0,64,0,39,63,2,104,44,0,44,148
11/07/2007,YKM,WA,ANM,WE,Federal Contract Tower,0,29,11,6,46,0,7,31,0,38,0,36,42,6,84,45,6,51,135
11/08/2007,YKM,WA,ANM,WE,Federal Contract Tower,4,29,9,4,46,0,6,34,3,43,4,35,43,7,89,51,20,71,160
11/09/2007,YKM,WA,ANM,WE,Federal Contract Tower,0,35,23,0,58,0,5,31,0,36,0,40,54,0,94,84,0,84,178
11/10/2007,YKM,WA,ANM,WE,Federal Contract Tower,0,19,6,0,25,0,1,19,0,20,0,20,25,0,45,50,0,50,95
11/11/2007,YKM,WA,ANM,WE,Federal Contract Tower,0,15,7,0,22,0,3,38,0,41,0,18,45,0,63,30,0,30,93
11/12/2007,YKM,WA,ANM,WE,Federal Contract Tower,0,23,9,0,32,0,0,5,0,5,0,23,14,0,37,18,0,18,55
11/13/2007,YKM,WA,ANM,WE,Federal Contract Tower,0,31,11,2,44,0,6,23,0,29,0,37,34,2,73,60,2,62,135
11/14/2007,YKM,WA,ANM,WE,Federal Contract Tower,0,29,21,1,51,0,6,31,5,42,0,35,52,6,93,79,11,90,183
11/15/2007,YKM,WA,ANM,WE,Federal Contract Tower,0,28,29,6,63,0,6,13,0,19,0,34,42,6,82,99,2,101,183
11/16/2007,YKM,WA,ANM,WE,Federal Contract Tower,1,33,22,0,56,0,3,16,0,19,1,36,38,0,75,94,0,94,169
11/17/2007,YKM,WA,ANM,WE,Federal Contract Tower,1,21,28,2,52,0,0,0,0,0,1,21,28,2,52,56,0,56,108
11/18/2007,YKM,WA,ANM,WE,Federal Contract Tower,0,13,10,0,23,0,0,4,0,4,0,13,14,0,27,18,0,18,45
11/19/2007,YKM,WA,ANM,WE,Federal Contract Tower,0,30,6,2,38,0,0,0,0,0,0,30,6,2,38,26,0,26,64
11/20/2007,YKM,WA,ANM,WE,Federal Contract Tower,0,38,15,0,53,0,7,19,0,26,0,45,34,0,79,76,0,76,155
11/21/2007,YKM,WA,ANM,WE,Federal Contract Tower,0,37,12,0,49,0,2,26,0,28,0,39,38,0,77,77,0,77,154
11/22/2007,YKM,WA,ANM,WE,Federal Contract Tower,0,9,5,0,14,0,0,14,0,14,0,9,19,0,28,8,0,8,36
11/23/2007,YKM,WA,ANM,WE,Federal Contract Tower,2,30,12,0,44,0,0,3,0,3,2,30,15,0,47,44,0,44,91
11/24/2007,YKM,WA,ANM,WE,Federal Contract Tower,2,21,8,0,31,0,0,5,0,5,2,21,13,0,36,103,0,103,139
11/25/2007,YKM,WA,ANM,WE,Federal Contract Tower,2,14,15,0,31,0,0,6,0,6,2,14,21,0,37,26,0,26,63
11/26/2007,YKM,WA,ANM,WE,Federal Contract Tower,2,35,13,2,52,0,0,4,0,4,2,35,17,2,56,28,2,30,86
11/27/2007,YKM,WA,ANM,WE,Federal Contract Tower,0,28,13,4,45,0,9,16,0,25,0,37,29,4,70,20,2,22,92
11/28/2007,YKM,WA,ANM,WE,Federal Contract Tower,0,32,14,3,49,0,6,16,1,23,0,38,30,4,72,81,3,84,156
11/29/2007,YKM,WA,ANM,WE,Federal Contract Tower,0,43,8,0,51,0,2,0,0,2,0,45,8,0,53,2,0,2,55
11/30/2007,YKM,WA,ANM,WE,Federal Contract Tower,2,37,13,2,54,0,0,13,0,13,2,37,26,2,67,56,0,56,123
12/01/2007,YKM,WA,ANM,WE,Federal Contract Tower,0,17,7,0,24,0,0,2,0,2,0,17,9,0,26,18,0,18,44
12/02/2007,YKM,WA,ANM,WE,Federal Contract Tower,3,13,5,4,25,0,0,1,0,1,3,13,6,4,26,0,2,2,28
12/03/2007,YKM,WA,ANM,WE,Federal Contract Tower,0,33,12,0,45,0,3,7,0,10,0,36,19,0,55,24,0,24,79
12/04/2007,YKM,WA,ANM,WE,Federal Contract Tower,0,30,16,6,52,0,6,4,3,13,0,36,20,9,65,24,53,77,142
12/05/2007,YKM,WA,ANM,WE,Federal Contract Tower,2,31,17,8,58,0,7,24,4,35,2,38,41,12,93,24,32,56,149
12/06/2007,YKM,WA,ANM,WE,Federal Contract Tower,0,40,14,4,58,0,0,1,2,3,0,40,15,6,61,46,0,46,107
12/07/2007,YKM,WA,ANM,WE,Federal Contract Tower,0,30,27,4,61,0,6,29,5,40,0,36,56,9,101,46,7,53,154
12/08/2007,YKM,WA,ANM,WE,Federal Contract Tower,0,21,10,0,31,0,0,58,0,58,0,21,68,0,89,78,0,78,167
12/09/2007,YKM,WA,ANM,WE,Federal Contract Tower,0,17,7,0,24,0,1,12,0,13,0,18,19,0,37,60,0,60,97
12/10/2007,YKM,WA,ANM,WE,Federal Contract Tower,2,32,13,4,51,0,0,5,0,5,2,32,18,4,56,24,8,32,88
12/11/2007,YKM,WA,ANM,WE,Federal Contract Tower,0,40,23,4,67,0,0,0,0,0,0,40,23,4,67,20,0,20,87
12/12/2007,YKM,WA,ANM,WE,Federal Contract Tower,0,39,22,2,63,0,1,8,0,9,0,40,30,2,72,34,10,44,116
12/13/2007,YKM,WA,ANM,WE,Federal Contract Tower,0,35,7,0,42,0,0,0,0,0,0,35,7,0,42,6,0,6,48
12/14/2007,YKM,WA,ANM,WE,Federal Contract Tower,0,35,15,0,50,0,0,2,0,2,0,35,17,0,52,26,0,26,78
12/15/2007,YKM,WA,ANM,WE,Federal Contract Tower,0,23,2,0,25,0,1,19,0,20,0,24,21,0,45,62,0,62,107
12/16/2007,YKM,WA,ANM,WE,Federal Contract Tower,0,15,6,0,21,0,0,27,0,27,0,15,33,0,48,64,0,64,112
12/17/2007,YKM,WA,ANM,WE,Federal Contract Tower,0,13,9,0,22,0,0,0,0,0,0,13,9,0,22,2,0,2,24
12/18/2007,YKM,WA,ANM,WE,Federal Contract Tower,0,33,9,0,42,0,0,0,0,0,0,33,9,0,42,8,0,8,50
12/19/2007,YKM,WA,ANM,WE,Federal Contract Tower,2,30,19,8,59,0,4,16,0,20,2,34,35,8,79,31,5,36,115
12/20/2007,YKM,WA,ANM,WE,Federal Contract Tower,0,27,14,6,47,0,9,27,4,40,0,36,41,10,87,35,22,57,144
12/21/2007,YKM,WA,ANM,WE,Federal Contract Tower,0,33,16,0,49,0,6,50,2,58,0,39,66,2,107,42,28,70,177
12/22/2007,YKM,WA,ANM,WE,Federal Contract Tower,0,15,11,0,26,0,2,14,0,16,0,17,25,0,42,44,0,44,86
12/23/2007,YKM,WA,ANM,WE,Federal Contract Tower,0,16,3,0,19,0,0,0,0,0,0,16,3,0,19,0,0,0,19
12/24/2007,YKM,WA,ANM,WE,Federal Contract Tower,0,24,7,0,31,0,8,29,0,37,0,32,36,0,68,23,0,23,91
12/25/2007,YKM,WA,ANM,WE,Federal Contract Tower,0,12,0,0,12,0,0,6,0,6,0,12,6,0,18,2,0,2,20
12/26/2007,YKM,WA,ANM,WE,Federal Contract Tower,0,35,12,0,47,0,0,18,0,18,0,35,30,0,65,27,0,27,92
12/27/2007,YKM,WA,ANM,WE,Federal Contract Tower,0,27,13,2,42,0,5,5,0,10,0,32,18,2,52,43,10,53,105
12/28/2007,YKM,WA,ANM,WE,Federal Contract Tower,2,35,10,2,49,0,0,3,0,3,2,35,13,2,52,2,0,2,54
12/29/2007,YKM,WA,ANM,WE,Federal Contract Tower,0,18,7,0,25,0,0,21,0,21,0,18,28,0,46,44,0,44,90
12/30/2007,YKM,WA,ANM,WE,Federal Contract Tower,0,15,3,0,18,0,0,5,0,5,0,15,8,0,23,0,0,0,23
12/31/2007,YKM,WA,ANM,WE,Federal Contract Tower,0,18,9,0,27,0,12,43,0,55,0,30,52,0,82,30,0,30,112
01/01/2008,YKM,WA,ANM,WE,Federal Contract Tower,2,13,10,0,25,0,0,23,0,23,2,13,33,0,48,23,0,23,71
01/02/2008,YKM,WA,ANM,WE,Federal Contract Tower,0,28,19,2,49,0,2,22,0,24,0,30,41,2,73,6,2,8,81
01/03/2008,YKM,WA,ANM,WE,Federal Contract Tower,0,29,4,0,33,0,3,4,0,7,0,32,8,0,40,56,0,56,96
01/04/2008,YKM,WA,ANM,WE,Federal Contract Tower,0,27,5,0,32,0,0,3,0,3,0,27,8,0,35,6,0,6,41
01/05/2008,YKM,WA,ANM,WE,Federal Contract Tower,0,20,6,0,26,0,1,8,0,9,0,21,14,0,35,88,0,88,123
01/06/2008,YKM,WA,ANM,WE,Federal Contract Tower,0,13,4,0,17,0,0,14,0,14,0,13,18,0,31,44,0,44,75
01/07/2008,YKM,WA,ANM,WE,Federal Contract Tower,0,27,15,0,42,0,5,10,2,17,0,32,25,2,59,26,0,26,85
01/08/2008,YKM,WA,ANM,WE,Federal Contract Tower,0,35,12,2,49,0,0,0,0,0,0,35,12,2,49,0,0,0,49
01/09/2008,YKM,WA,ANM,WE,Federal Contract Tower,0,27,1,2,30,0,0,7,0,7,0,27,8,2,37,9,0,9,46
01/10/2008,YKM,WA,ANM,WE,Federal Contract Tower,0,40,14,2,56,0,0,0,0,0,0,40,14,2,56,18,4,22,78
01/11/2008,YKM,WA,ANM,WE,Federal Contract Tower,0,26,21,2,49,0,0,24,2,26,0,26,45,4,75,48,2,50,125
01/12/2008,YKM,WA,ANM,WE,Federal Contract Tower,0,16,1,0,17,0,0,4,2,6,0,16,5,2,23,18,24,42,65
01/13/2008,YKM,WA,ANM,WE,Federal Contract Tower,0,13,3,2,18,0,0,0,0,0,0,13,3,2,18,0,0,0,18
01/14/2008,YKM,WA,ANM,WE,Federal Contract Tower,0,30,7,0,37,0,2,0,0,2,0,32,7,0,39,0,0,0,39
01/15/2008,YKM,WA,ANM,WE,Federal Contract Tower,0,27,11,2,40,0,7,40,4,51,0,34,51,6,91,68,0,68,159
01/16/2008,YKM,WA,ANM,WE,Federal Contract Tower,0,30,22,10,62,0,4,31,0,35,0,34,53,10,97,51,6,57,154
01/17/2008,YKM,WA,ANM,WE,Federal Contract Tower,0,27,20,0,47,0,7,14,0,21,0,34,34,0,68,63,0,63,131
01/18/2008,YKM,WA,ANM,WE,Federal Contract Tower,0,29,17,1,47,0,2,32,3,37,0,31,49,4,84,58,2,60,144
01/19/2008,YKM,WA,ANM,WE,Federal Contract Tower,0,18,15,3,36,0,1,24,3,28,0,19,39,6,64,64,10,74,138
01/20/2008,YKM,WA,ANM,WE,Federal Contract Tower,0,16,5,0,21,0,0,1,0,1,0,16,6,0,22,0,0,0,22
01/21/2008,YKM,WA,ANM,WE,Federal Contract Tower,0,22,11,3,36,0,2,22,1,25,0,24,33,4,61,26,6,32,93
01/22/2008,YKM,WA,ANM,WE,Federal Contract Tower,0,26,17,2,45,0,8,37,0,45,0,34,54,2,90,38,2,40,130
01/23/2008,YKM,WA,ANM,WE,Federal Contract Tower,0,31,23,2,56,0,5,13,12,30,0,36,36,14,86,38,0,38,124
01/24/2008,YKM,WA,ANM,WE,Federal Contract Tower,4,28,19,1,52,0,2,25,0,27,4,30,44,1,79,95,0,95,174
01/25/2008,YKM,WA,ANM,WE,Federal Contract Tower,0,28,22,0,50,0,5,24,0,29,0,33,46,0,79,26,0,26,105
01/26/2008,YKM,WA,ANM,WE,Federal Contract Tower,0,16,5,0,21,0,0,1,0,1,0,16,6,0,22,0,0,0,22
01/27/2008,YKM,WA,ANM,WE,Federal Contract Tower,2,13,3,0,18,0,0,0,0,0,2,13,3,0,18,0,0,0,18
01/28/2008,YKM,WA,ANM,WE,Federal Contract Tower,0,25,10,4,39,0,3,3,0,6,0,28,13,4,45,6,0,6,51
01/29/2008,YKM,WA,ANM,WE,Federal Contract Tower,0,35,6,0,41,0,3,11,0,14,0,38,17,0,55,40,0,40,95
01/30/2008,YKM,WA,ANM,WE,Federal Contract Tower,0,29,11,0,40,0,5,28,0,33,0,34,39,0,73,40,0,40,113
01/31/2008,YKM,WA,ANM,WE,Federal Contract Tower,0,31,11,0,42,0,4,11,0,15,0,35,22,0,57,21,0,21,78
02/01/2008,YKM,WA,ANM,WE,Federal Contract Tower,2,32,13,0,47,0,7,43,0,50,2,39,56,0,97,62,0,62,159
02/02/2008,YKM,WA,ANM,WE,Federal Contract Tower,2,16,5,0,23,0,0,0,0,0,2,16,5,0,23,0,0,0,23
02/03/2008,YKM,WA,ANM,WE,Federal Contract Tower,0,14,5,0,19,0,0,6,0,6,0,14,11,0,25,4,0,4,29
02/04/2008,YKM,WA,ANM,WE,Federal Contract Tower,2,29,21,2,54,0,5,7,0,12,2,34,28,2,66,54,0,54,120
02/05/2008,YKM,WA,ANM,WE,Federal Contract Tower,0,27,17,0,44,0,6,8,0,14,0,33,25,0,58,56,0,56,114
02/06/2008,YKM,WA,ANM,WE,Federal Contract Tower,0,29,21,3,53,0,5,16,1,22,0,34,37,4,75,42,8,50,125
02/07/2008,YKM,WA,ANM,WE,Federal Contract Tower,0,31,8,0,39,0,3,2,2,7,0,34,10,2,46,7,0,7,53
02/08/2008,YKM,WA,ANM,WE,Federal Contract Tower,2,33,13,0,48,0,2,6,0,8,2,35,19,0,56,14,0,14,70
02/09/2008,YKM,WA,ANM,WE,Federal Contract Tower,0,17,20,0,37,0,1,34,2,37,0,18,54,2,74,43,16,59,133
02/10/2008,YKM,WA,ANM,WE,Federal Contract Tower,0,11,19,0,30,0,0,16,0,16,0,11,35,0,46,64,0,64,110
02/11/2008,YKM,WA,ANM,WE,Federal Contract Tower,0,28,20,0,48,0,4,19,0,23,0,32,39,0,71,32,0,32,103
02/12/2008,YKM,WA,ANM,WE,Federal Contract Tower,0,28,24,0,52,0,4,26,0,30,0,32,50,0,82,52,0,52,134
02/13/2008,YKM,WA,ANM,WE,Federal Contract Tower,0,26,10,2,38,0,4,21,2,27,0,30,31,4,65,16,2,18,83
02/14/2008,YKM,WA,ANM,WE,Federal Contract Tower,0,26,23,0,49,0,9,37,4,50,0,35,60,4,99,60,4,64,163
02/15/2008,YKM,WA,ANM,WE,Federal Contract Tower,0,29,21,0,50,0,5,32,0,37,0,34,53,0,87,28,0,28,115
02/16/2008,YKM,WA,ANM,WE,Federal Contract Tower,0,20,13,0,33,0,1,48,0,49,0,21,61,0,82,122,0,122,204
02/17/2008,YKM,WA,ANM,WE,Federal Contract Tower,2,10,8,0,20,0,0,43,0,43,2,10,51,0,63,72,0,72,135
02/18/2008,YKM,WA,ANM,WE,Federal Contract Tower,3,20,28,0,51,0,4,45,0,49,3,24,73,0,100,59,0,59,159
02/19/2008,YKM,WA,ANM,WE,Federal Contract Tower,3,22,8,2,35,0,8,42,0,50,3,30,50,2,85,84,10,94,179
02/20/2008,YKM,WA,ANM,WE,Federal Contract Tower,3,25,22,2,52,0,6,23,0,29,3,31,45,2,81,14,2,16,97
02/21/2008,YKM,WA,ANM,WE,Federal Contract Tower,8,28,18,4,58,0,8,16,0,24,8,36,34,4,82,44,19,63,145
02/22/2008,YKM,WA,ANM,WE,Federal Contract Tower,2,36,15,0,53,0,3,13,0,16,2,39,28,0,69,92,0,92,161
02/23/2008,YKM,WA,ANM,WE,Federal Contract Tower,3,12,14,1,30,0,1,59,1,61,3,13,73,2,91,54,0,54,145
02/24/2008,YKM,WA,ANM,WE,Federal Contract Tower,2,10,12,0,24,0,0,3,0,3,2,10,15,0,27,52,0,52,79
02/25/2008,YKM,WA,ANM,WE,Federal Contract Tower,2,27,27,0,56,0,5,19,0,24,2,32,46,0,80,44,0,44,124
02/26/2008,YKM,WA,ANM,WE,Federal Contract Tower,2,25,24,0,51,0,1,26,0,27,2,26,50,0,78,64,0,64,142
02/27/2008,YKM,WA,ANM,WE,Federal Contract Tower,2,27,22,2,53,0,3,20,2,25,2,30,42,4,78,50,0,50,128
02/28/2008,YKM,WA,ANM,WE,Federal Contract Tower,2,30,21,3,56,0,6,34,0,40,2,36,55,3,96,110,12,122,218
02/29/2008,YKM,WA,ANM,WE,Federal Contract Tower,2,28,40,2,72,0,3,23,2,28,2,31,63,4,100,56,0,56,156
03/01/2008,YKM,WA,ANM,WE,Federal Contract Tower,3,11,8,2,24,0,2,20,0,22,3,13,28,2,46,32,14,46,92
03/02/2008,YKM,WA,ANM,WE,Federal Contract Tower,2,11,13,0,26,0,0,32,0,32,2,11,45,0,58,54,0,54,112
03/03/2008,YKM,WA,ANM,WE,Federal Contract Tower,2,29,16,0,47,0,4,13,0,17,2,33,29,0,64,56,0,56,120
03/04/2008,YKM,WA,ANM,WE,Federal Contract Tower,2,23,13,2,40,0,7,28,4,39,2,30,41,6,79,98,8,106,185
03/05/2008,YKM,WA,ANM,WE,Federal Contract Tower,3,32,19,10,64,2,7,43,4,56,5,39,62,14,120,75,10,85,205
03/06/2008,YKM,WA,ANM,WE,Federal Contract Tower,2,26,15,5,48,0,5,39,1,45,2,31,54,6,93,134,16,150,243
03/07/2008,YKM,WA,ANM,WE,Federal Contract Tower,2,22,28,0,52,0,8,25,0,33,2,30,53,0,85,96,0,96,181
03/08/2008,YKM,WA,ANM,WE,Federal Contract Tower,3,11,15,0,29,2,1,66,0,69,5,12,81,0,98,176,0,176,274
03/09/2008,YKM,WA,ANM,WE,Federal Contract Tower,2,11,7,2,22,0,0,48,0,48,2,11,55,2,70,62,0,62,132
03/10/2008,YKM,WA,ANM,WE,Federal Contract Tower,2,28,15,0,45,0,7,26,0,33,2,35,41,0,78,68,0,68,146
03/11/2008,YKM,WA,ANM,WE,Federal Contract Tower,2,24,15,4,45,0,8,19,0,27,2,32,34,4,72,50,14,64,136
03/12/2008,YKM,WA,ANM,WE,Federal Contract Tower,2,20,24,8,54,0,6,30,2,38,2,26,54,10,92,112,8,120,212
03/13/2008,YKM,WA,ANM,WE,Federal Contract Tower,2,26,22,4,54,0,4,3,0,7,2,30,25,4,61,59,0,59,120
03/14/2008,YKM,WA,ANM,WE,Federal Contract Tower,4,30,23,4,61,0,5,18,0,23,4,35,41,4,84,44,8,52,136
03/15/2008,YKM,WA,ANM,WE,Federal Contract Tower,3,15,4,2,24,0,1,24,0,25,3,16,28,2,49,84,8,92,141
03/16/2008,YKM,WA,ANM,WE,Federal Contract Tower,4,14,13,2,33,0,1,37,0,38,4,15,50,2,71,74,6,80,151
03/17/2008,YKM,WA,ANM,WE,Federal Contract Tower,4,23,23,0,50,0,7,26,0,33,4,30,49,0,83,42,0,42,125
03/18/2008,YKM,WA,ANM,WE,Federal Contract Tower,2,28,15,0,45,0,4,35,0,39,2,32,50,0,84,92,0,92,176
03/19/2008,YKM,WA,ANM,WE,Federal Contract Tower,4,28,23,3,58,0,6,13,2,21,4,34,36,5,79,44,12,56,135
03/20/2008,YKM,WA,ANM,WE,Federal Contract Tower,2,26,19,4,51,0,7,22,4,33,2,33,41,8,84,52,10,62,146
03/21/2008,YKM,WA,ANM,WE,Federal Contract Tower,2,23,10,0,35,0,6,25,0,31,2,29,35,0,66,30,0,30,96
03/22/2008,YKM,WA,ANM,WE,Federal Contract Tower,3,11,5,0,19,0,2,56,0,58,3,13,61,0,77,104,4,108,185
03/23/2008,YKM,WA,ANM,WE,Federal Contract Tower,2,10,2,0,14,0,1,12,2,15,2,11,14,2,29,18,6,24,53
03/24/2008,YKM,WA,ANM,WE,Federal Contract Tower,2,24,12,4,42,0,9,40,0,49,2,33,52,4,91,14,18,32,123
03/25/2008,YKM,WA,ANM,WE,Federal Contract Tower,2,23,17,6,48,0,4,19,2,25,2,27,36,8,73,86,10,96,169
03/26/2008,YKM,WA,ANM,WE,Federal Contract Tower,3,25,14,4,46,0,2,25,1,28,3,27,39,5,74,74,4,78,152
03/27/2008,YKM,WA,ANM,WE,Federal Contract Tower,2,26,21,6,55,0,1,23,0,24,2,27,44,6,79,59,0,59,138
03/28/2008,YKM,WA,ANM,WE,Federal Contract Tower,2,26,15,2,45,0,3,4,0,7,2,29,19,2,52,14,0,14,66
03/29/2008,YKM,WA,ANM,WE,Federal Contract Tower,5,15,9,1,30,0,0,11,3,14,5,15,20,4,44,94,8,102,146
03/30/2008,YKM,WA,ANM,WE,Federal Contract Tower,4,10,13,1,28,0,0,9,1,10,4,10,22,2,38,100,0,100,138
03/31/2008,YKM,WA,ANM,WE,Federal Contract Tower,4,26,23,0,53,0,8,26,0,34,4,34,49,0,87,108,0,108,195
04/01/2008,YKM,WA,ANM,WE,Federal Contract Tower,2,24,22,0,48,0,6,57,0,63,2,30,79,0,111,156,0,156,267
04/02/2008,YKM,WA,ANM,WE,Federal Contract Tower,2,23,15,0,40,0,7,40,2,49,2,30,55,2,89,115,0,115,204
04/03/2008,YKM,WA,ANM,WE,Federal Contract Tower,2,22,22,4,50,0,9,30,0,39,2,31,52,4,89,194,0,194,283
04/04/2008,YKM,WA,ANM,WE,Federal Contract Tower,2,27,15,0,44,0,5,11,0,16,2,32,26,0,60,132,0,132,192
04/05/2008,YKM,WA,ANM,WE,Federal Contract Tower,2,15,10,1,28,0,1,37,1,39,2,16,47,2,67,92,0,92,159
04/06/2008,YKM,WA,ANM,WE,Federal Contract Tower,4,8,11,0,23,0,0,15,0,15,4,8,26,0,38,96,0,96,134
04/07/2008,YKM,WA,ANM,WE,Federal Contract Tower,4,22,16,0,42,0,7,11,9,27,4,29,27,9,69,40,16,56,125
04/08/2008,YKM,WA,ANM,WE,Federal Contract Tower,4,23,12,0,39,0,6,9,0,15,4,29,21,0,54,102,0,102,156
04/09/2008,YKM,WA,ANM,WE,Federal Contract Tower,4,17,14,4,39,0,9,21,1,31,4,26,35,5,70,148,2,150,220
04/10/2008,YKM,WA,ANM,WE,Federal Contract Tower,4,21,17,0,42,0,6,19,0,25,4,27,36,0,67,80,0,80,147
04/11/2008,YKM,WA,ANM,WE,Federal Contract Tower,4,17,25,1,47,0,7,47,1,55,4,24,72,2,102,74,0,74,176
04/12/2008,YKM,WA,ANM,WE,Federal Contract Tower,3,13,7,0,23,0,2,73,0,75,3,15,80,0,98,176,0,176,274
04/13/2008,YKM,WA,ANM,WE,Federal Contract Tower,4,6,19,0,29,0,0,32,2,34,4,6,51,2,63,82,4,86,149
04/14/2008,YKM,WA,ANM,WE,Federal Contract Tower,4,15,16,0,35,0,11,8,0,19,4,26,24,0,54,34,0,34,88
04/15/2008,YKM,WA,ANM,WE,Federal Contract Tower,4,21,9,0,34,0,7,9,0,16,4,28,18,0,50,126,0,126,176
04/16/2008,YKM,WA,ANM,WE,Federal Contract Tower,4,19,26,0,49,0,7,35,2,44,4,26,61,2,93,85,10,95,188
04/17/2008,YKM,WA,ANM,WE,Federal Contract Tower,4,19,12,0,35,0,6,32,0,38,4,25,44,0,73,85,0,85,158
04/18/2008,YKM,WA,ANM,WE,Federal Contract Tower,6,25,29,0,60,0,3,14,0,17,6,28,43,0,77,48,0,48,125
04/19/2008,YKM,WA,ANM,WE,Federal Contract Tower,5,10,4,0,19,0,1,15,0,16,5,11,19,0,35,106,0,106,141
04/20/2008,YKM,WA,ANM,WE,Federal Contract Tower,4,8,14,0,26,0,0,24,0,24,4,8,38,0,50,88,0,88,138
04/21/2008,YKM,WA,ANM,WE,Federal Contract Tower,6,19,17,0,42,0,7,4,4,15,6,26,21,4,57,16,12,28,85
04/22/2008,YKM,WA,ANM,WE,Federal Contract Tower,4,20,10,7,41,0,4,24,1,29,4,24,34,8,70,90,0,90,160
04/23/2008,YKM,WA,ANM,WE,Federal Contract Tower,4,25,6,2,37,0,5,16,2,23,4,30,22,4,60,46,6,52,112
04/24/2008,YKM,WA,ANM,WE,Federal Contract Tower,4,21,19,0,44,0,6,28,0,34,4,27,47,0,78,42,0,42,120
04/25/2008,YKM,WA,ANM,WE,Federal Contract Tower,4,18,25,2,49,0,8,50,0,58,4,26,75,2,107,94,0,94,201
04/26/2008,YKM,WA,ANM,WE,Federal Contract Tower,5,12,5,0,22,0,7,65,0,72,5,19,70,0,94,126,0,126,220
04/27/2008,YKM,WA,ANM,WE,Federal Contract Tower,4,9,10,2,25,0,0,38,0,38,4,9,48,2,63,64,0,64,127
04/28/2008,YKM,WA,ANM,WE,Federal Contract Tower,4,17,14,0,35,0,9,22,0,31,4,26,36,0,66,29,0,29,95
04/29/2008,YKM,WA,ANM,WE,Federal Contract Tower,4,18,9,2,33,0,9,22,0,31,4,27,31,2,64,41,8,49,113
04/30/2008,YKM,WA,ANM,WE,Federal Contract Tower,4,21,14,2,41,0,4,29,2,35,4,25,43,4,76,56,0,56,132
05/01/2008,YKM,WA,ANM,WE,Federal Contract Tower,4,18,24,8,54,0,9,41,2,52,4,27,65,10,106,71,4,75,181
05/02/2008,YKM,WA,ANM,WE,Federal Contract Tower,5,17,24,0,46,0,11,27,0,38,5,28,51,0,84,57,0,57,141
05/03/2008,YKM,WA,ANM,WE,Federal Contract Tower,5,9,12,0,26,0,3,39,0,42,5,12,51,0,68,72,0,72,140
05/04/2008,YKM,WA,ANM,WE,Federal Contract Tower,4,3,17,3,27,0,0,31,1,32,4,3,48,4,59,92,0,92,151
05/05/2008,YKM,WA,ANM,WE,Federal Contract Tower,4,20,16,4,44,0,8,39,0,47,4,28,55,4,91,36,0,36,127
05/06/2008,YKM,WA,ANM,WE,Federal Contract Tower,4,17,27,1,49,0,6,28,1,35,4,23,55,2,84,100,0,100,184
05/07/2008,YKM,WA,ANM,WE,Federal Contract Tower,4,17,19,2,42,0,5,21,4,30,4,22,40,6,72,60,0,60,132
05/08/2008,YKM,WA,ANM,WE,Federal Contract Tower,4,16,23,0,43,0,7,23,0,30,4,23,46,0,73,42,0,42,115
05/09/2008,YKM,WA,ANM,WE,Federal Contract Tower,4,16,21,6,47,0,10,67,8,85,4,26,88,14,132,74,4,78,210
05/10/2008,YKM,WA,ANM,WE,Federal Contract Tower,3,7,10,0,20,0,3,62,0,65,3,10,72,0,85,109,0,109,194
05/11/2008,YKM,WA,ANM,WE,Federal Contract Tower,4,2,12,0,18,0,0,21,0,21,4,2,33,0,39,10,0,10,49
05/12/2008,YKM,WA,ANM,WE,Federal Contract Tower,4,18,24,0,46,0,9,26,0,35,4,27,50,0,81,40,0,40,121
05/13/2008,YKM,WA,ANM,WE,Federal Contract Tower,4,13,17,1,35,0,10,43,1,54,4,23,60,2,89,96,0,96,185
05/14/2008,YKM,WA,ANM,WE,Federal Contract Tower,4,23,23,4,54,0,5,33,0,38,4,28,56,4,92,116,4,120,212
05/15/2008,YKM,WA,ANM,WE,Federal Contract Tower,4,14,22,2,42,0,12,59,0,71,4,26,81,2,113,97,4,101,214
05/16/2008,YKM,WA,ANM,WE,Federal Contract Tower,5,14,31,1,51,0,12,71,1,84,5,26,102,2,135,88,4,92,227
05/17/2008,YKM,WA,ANM,WE,Federal Contract Tower,5,9,7,0,21,0,2,61,4,67,5,11,68,4,88,71,0,71,159
05/18/2008,YKM,WA,ANM,WE,Federal Contract Tower,6,1,8,1,16,0,0,46,3,49,6,1,54,4,65,48,16,64,129
05/19/2008,YKM,WA,ANM,WE,Federal Contract Tower,4,16,28,3,51,0,6,32,1,39,4,22,60,4,90,78,0,78,168
05/20/2008,YKM,WA,ANM,WE,Federal Contract Tower,4,22,17,0,43,0,4,15,0,19,4,26,32,0,62,54,0,54,116
05/21/2008,YKM,WA,ANM,WE,Federal Contract Tower,2,27,18,0,47,0,0,12,0,12,2,27,30,0,59,30,0,30,89
05/22/2008,YKM,WA,ANM,WE,Federal Contract Tower,4,25,16,0,45,0,0,29,2,31,4,25,45,2,76,56,0,56,132
05/23/2008,YKM,WA,ANM,WE,Federal Contract Tower,4,26,28,0,58,0,2,13,2,17,4,28,41,2,75,80,0,80,155
05/24/2008,YKM,WA,ANM,WE,Federal Contract Tower,5,6,7,0,18,0,2,53,0,55,5,8,60,0,73,106,0,106,179
05/25/2008,YKM,WA,ANM,WE,Federal Contract Tower,5,0,6,0,11,0,0,40,0,40,5,0,46,0,51,32,0,32,83
05/26/2008,YKM,WA,ANM,WE,Federal Contract Tower,2,5,13,0,20,0,0,37,0,37,2,5,50,0,57,36,0,36,93
05/27/2008,YKM,WA,ANM,WE,Federal Contract Tower,4,24,17,0,45,0,4,30,3,37,4,28,47,3,82,56,4,60,142
05/28/2008,YKM,WA,ANM,WE,Federal Contract Tower,4,23,15,1,43,0,8,31,0,39,4,31,46,1,82,62,0,62,144
05/29/2008,YKM,WA,ANM,WE,Federal Contract Tower,4,29,24,6,63,0,0,18,0,18,4,29,42,6,81,125,10,135,216
05/30/2008,YKM,WA,ANM,WE,Federal Contract Tower,4,25,15,3,47,0,9,51,1,61,4,34,66,4,108,108,0,108,216
05/31/2008,YKM,WA,ANM,WE,Federal Contract Tower,5,7,4,0,16,0,1,45,0,46,5,8,49,0,62,90,0,90,152
06/01/2008,YKM,WA,ANM,WE,Federal Contract Tower,4,5,9,0,18,0,0,31,0,31,4,5,40,0,49,38,0,38,87
06/02/2008,YKM,WA,ANM,WE,Federal Contract Tower,4,15,19,0,38,0,9,39,0,48,4,24,58,0,86,46,0,46,132
06/03/2008,YKM,WA,ANM,WE,Federal Contract Tower,4,25,22,0,51,0,0,7,0,7,4,25,29,0,58,36,0,36,94
06/04/2008,YKM,WA,ANM,WE,Federal Contract Tower,4,24,18,2,48,0,1,31,0,32,4,25,49,2,80,44,4,48,128
06/05/2008,YKM,WA,ANM,WE,Federal Contract Tower,4,24,25,4,57,0,5,36,0,41,4,29,61,4,98,60,2,62,160
06/06/2008,YKM,WA,ANM,WE,Federal Contract Tower,5,18,25,0,48,0,3,19,1,23,5,21,44,1,71,100,5,105,176
06/07/2008,YKM,WA,ANM,WE,Federal Contract Tower,8,5,10,2,25,0,2,35,0,37,8,7,45,2,62,97,0,97,159
06/08/2008,YKM,WA,ANM,WE,Federal Contract Tower,4,3,12,0,19,0,0,37,0,37,4,3,49,0,56,100,0,100,156
06/09/2008,YKM,WA,ANM,WE,Federal Contract Tower,4,18,21,2,45,0,10,16,0,26,4,28,37,2,71,26,0,26,97
06/10/2008,YKM,WA,ANM,WE,Federal Contract Tower,6,19,18,0,43,0,6,9,0,15,6,25,27,0,58,44,0,44,102
06/11/2008,YKM,WA,ANM,WE,Federal Contract Tower,4,15,7,0,26,0,10,29,0,39,4,25,36,0,65,19,0,19,84
06/12/2008,YKM,WA,ANM,WE,Federal Contract Tower,5,14,22,3,44,0,14,49,1,64,5,28,71,4,108,157,12,169,277
06/13/2008,YKM,WA,ANM,WE,Federal Contract Tower,6,15,24,1,46,0,9,51,1,61,6,24,75,2,107,95,0,95,202
06/14/2008,YKM,WA,ANM,WE,Federal Contract Tower,4,18,7,2,31,0,0,75,2,77,4,18,82,4,108,86,0,86,194
06/15/2008,YKM,WA,ANM,WE,Federal Contract Tower,4,4,10,0,18,0,3,53,0,56,4,7,63,0,74,62,0,62,136
06/16/2008,YKM,WA,ANM,WE,Federal Contract Tower,4,16,18,0,38,0,10,52,0,62,4,26,70,0,100,50,0,50,150
06/17/2008,YKM,WA,ANM,WE,Federal Contract Tower,4,17,23,2,46,0,7,29,2,38,4,24,52,4,84,26,0,26,110
06/18/2008,YKM,WA,ANM,WE,Federal Contract Tower,4,19,16,4,43,0,5,43,4,52,4,24,59,8,95,63,0,63,158
06/19/2008,YKM,WA,ANM,WE,Federal Contract Tower,5,20,28,0,53,0,7,53,4,64,5,27,81,4,117,70,0,70,187
06/20/2008,YKM,WA,ANM,WE,Federal Contract Tower,4,22,21,0,47,0,3,60,1,64,4,25,81,1,111,50,0,50,161
06/21/2008,YKM,WA,ANM,WE,Federal Contract Tower,2,9,14,0,25,0,1,60,0,61,2,10,74,0,86,65,0,65,151
06/22/2008,YKM,WA,ANM,WE,Federal Contract Tower,5,6,13,1,25,0,0,37,1,38,5,6,50,2,63,70,0,70,133
06/23/2008,YKM,WA,ANM,WE,Federal Contract Tower,4,19,20,0,43,0,6,35,2,43,4,25,55,2,86,36,0,36,122
06/24/2008,YKM,WA,ANM,WE,Federal Contract Tower,4,22,6,0,32,0,4,67,4,75,4,26,73,4,107,60,2,62,169
06/25/2008,YKM,WA,ANM,WE,Federal Contract Tower,4,18,15,0,37,0,9,52,2,63,4,27,67,2,100,77,4,81,181
06/26/2008,YKM,WA,ANM,WE,Federal Contract Tower,4,16,22,0,42,0,8,43,0,51,4,24,65,0,93,70,0,70,163
06/27/2008,YKM,WA,ANM,WE,Federal Contract Tower,4,20,19,0,43,0,9,50,3,62,4,29,69,3,105,57,0,57,162
06/28/2008,YKM,WA,ANM,WE,Federal Contract Tower,4,8,9,2,23,0,2,60,0,62,4,10,69,2,85,27,4,31,116
06/29/2008,YKM,WA,ANM,WE,Federal Contract Tower,4,5,8,0,17,0,3,50,0,53,4,8,58,0,70,34,0,34,104
06/30/2008,YKM,WA,ANM,WE,Federal Contract Tower,4,16,13,2,35,0,6,42,0,48,4,22,55,2,83,30,6,36,119
07/01/2008,YKM,WA,ANM,WE,Federal Contract Tower,4,11,8,4,27,0,8,35,1,44,4,19,43,5,71,40,6,46,117
07/02/2008,YKM,WA,ANM,WE,Federal Contract Tower,4,15,10,5,34,0,14,44,1,59,4,29,54,6,93,79,8,87,180
07/03/2008,YKM,WA,ANM,WE,Federal Contract Tower,4,15,18,2,39,0,4,28,0,32,4,19,46,2,71,57,22,79,150
07/04/2008,YKM,WA,ANM,WE,Federal Contract Tower,5,3,1,0,9,0,0,17,0,17,5,3,18,0,26,68,0,68,94
07/05/2008,YKM,WA,ANM,WE,Federal Contract Tower,6,11,6,0,23,0,2,42,0,44,6,13,48,0,67,59,0,59,126
07/06/2008,YKM,WA,ANM,WE,Federal Contract Tower,2,8,10,0,20,0,0,35,0,35,2,8,45,0,55,48,0,48,103
07/07/2008,YKM,WA,ANM,WE,Federal Contract Tower,4,17,22,0,43,0,7,35,0,42,4,24,57,0,85,18,0,18,103
07/08/2008,YKM,WA,ANM,WE,Federal Contract Tower,4,16,11,7,38,0,10,60,2,72,4,26,71,9,110,81,5,86,196
07/09/2008,YKM,WA,ANM,WE,Federal Contract Tower,4,15,18,9,46,0,3,60,1,64,4,18,78,10,110,28,7,35,145
07/10/2008,YKM,WA,ANM,WE,Federal Contract Tower,4,11,10,4,29,0,10,27,14,51,4,21,37,18,80,93,0,93,173
07/11/2008,YKM,WA,ANM,WE,Federal Contract Tower,4,11,21,1,37,4,20,79,2,105,8,31,100,3,142,52,0,52,194
07/12/2008,YKM,WA,ANM,WE,Federal Contract Tower,4,16,7,1,28,0,0,33,10,43,4,16,40,11,71,10,2,12,83
07/13/2008,YKM,WA,ANM,WE,Federal Contract Tower,4,10,7,1,22,0,0,63,1,64,4,10,70,2,86,36,0,36,122
07/14/2008,YKM,WA,ANM,WE,Federal Contract Tower,4,14,15,2,35,0,9,41,0,50,4,23,56,2,85,32,0,32,117
07/15/2008,YKM,WA,ANM,WE,Federal Contract Tower,4,17,9,6,36,0,11,54,0,65,4,28,63,6,101,41,4,45,146
07/16/2008,YKM,WA,ANM,WE,Federal Contract Tower,4,20,13,2,39,0,9,54,3,66,4,29,67,5,105,57,23,80,185
07/17/2008,YKM,WA,ANM,WE,Federal Contract Tower,4,12,13,10,39,0,10,51,4,65,4,22,64,14,104,28,12,40,144
07/18/2008,YKM,WA,ANM,WE,Federal Contract Tower,4,13,28,9,54,0,9,59,6,74,4,22,87,15,128,82,8,90,218
07/19/2008,YKM,WA,ANM,WE,Federal Contract Tower,4,13,2,0,19,0,2,77,0,79,4,15,79,0,98,74,0,74,172
07/20/2008,YKM,WA,ANM,WE,Federal Contract Tower,4,10,9,0,23,0,2,31,0,33,4,12,40,0,56,10,0,10,66
07/21/2008,YKM,WA,ANM,WE,Federal Contract Tower,4,12,12,12,40,0,13,42,1,56,4,25,54,13,96,30,2,32,128
07/22/2008,YKM,WA,ANM,WE,Federal Contract Tower,4,15,10,10,39,0,8,38,1,47,4,23,48,11,86,53,1,54,140
07/23/2008,YKM,WA,ANM,WE,Federal Contract Tower,4,16,6,5,31,0,8,45,1,54,4,24,51,6,85,54,0,54,139
07/24/2008,YKM,WA,ANM,WE,Federal Contract Tower,4,15,10,2,31,0,7,42,2,51,4,22,52,4,82,46,16,62,144
07/25/2008,YKM,WA,ANM,WE,Federal Contract Tower,2,15,12,0,29,0,11,36,0,47,2,26,48,0,76,58,0,58,134
07/26/2008,YKM,WA,ANM,WE,Federal Contract Tower,4,16,3,1,24,0,0,41,1,42,4,16,44,2,66,40,0,40,106
07/27/2008,YKM,WA,ANM,WE,Federal Contract Tower,4,10,8,0,22,0,0,42,0,42,4,10,50,0,64,32,0,32,96
07/28/2008,YKM,WA,ANM,WE,Federal Contract Tower,4,13,13,0,30,0,9,35,0,44,4,22,48,0,74,52,0,52,126
07/29/2008,YKM,WA,ANM,WE,Federal Contract Tower,4,18,18,3,43,0,7,33,1,41,4,25,51,4,84,80,2,82,166
07/30/2008,YKM,WA,ANM,WE,Federal Contract Tower,4,14,28,2,48,0,14,42,0,56,4,28,70,2,104,78,0,78,182
07/31/2008,YKM,WA,ANM,WE,Federal Contract Tower,4,16,26,2,48,0,11,56,4,71,4,27,82,6,119,76,2,78,197
08/01/2008,YKM,WA,ANM,WE,Federal Contract Tower,4,13,14,3,34,0,8,35,3,46,4,21,49,6,80,110,0,110,190
08/02/2008,YKM,WA,ANM,WE,Federal Contract Tower,5,14,10,2,31,0,1,71,2,74,5,15,81,4,105,84,0,84,189
08/03/2008,YKM,WA,ANM,WE,Federal Contract Tower,4,7,13,2,26,0,0,89,4,93,4,7,102,6,119,36,0,36,155
08/04/2008,YKM,WA,ANM,WE,Federal Contract Tower,4,13,10,4,31,0,10,48,0,58,4,23,58,4,89,18,2,20,109
08/05/2008,YKM,WA,ANM,WE,Federal Contract Tower,4,17,16,4,41,0,12,47,0,59,4,29,63,4,100,29,0,29,129
08/06/2008,YKM,WA,ANM,WE,Federal Contract Tower,4,19,22,3,48,0,7,38,4,49,4,26,60,7,97,34,15,49,146
08/07/2008,YKM,WA,ANM,WE,Federal Contract Tower,4,15,20,0,39,0,7,34,2,43,4,22,54,2,82,24,0,24,106
08/08/2008,YKM,WA,ANM,WE,Federal Contract Tower,4,16,11,0,31,0,9,42,3,54,4,25,53,3,85,55,0,55,140
08/09/2008,YKM,WA,ANM,WE,Federal Contract Tower,4,14,15,2,35,0,1,45,0,46,4,15,60,2,81,60,0,60,141
08/10/2008,YKM,WA,ANM,WE,Federal Contract Tower,2,8,13,0,23,0,0,30,0,30,2,8,43,0,53,52,0,52,105
08/11/2008,YKM,WA,ANM,WE,Federal Contract Tower,4,16,31,2,53,0,9,44,3,56,4,25,75,5,109,50,0,50,159
08/12/2008,YKM,WA,ANM,WE,Federal Contract Tower,4,12,10,4,30,0,14,39,0,53,4,26,49,4,83,48,0,48,131
08/13/2008,YKM,WA,ANM,WE,Federal Contract Tower,4,12,30,4,50,0,8,55,0,63,4,20,85,4,113,38,0,38,151
08/14/2008,YKM,WA,ANM,WE,Federal Contract Tower,4,16,19,0,39,0,7,54,0,61,4,23,73,0,100,42,0,42,142
08/15/2008,YKM,WA,ANM,WE,Federal Contract Tower,4,10,33,2,49,0,9,50,0,59,4,19,83,2,108,84,0,84,192
08/16/2008,YKM,WA,ANM,WE,Federal Contract Tower,4,13,9,0,26,0,2,52,0,54,4,15,61,0,80,74,0,74,154
08/17/2008,YKM,WA,ANM,WE,Federal Contract Tower,4,7,15,0,26,0,0,46,0,46,4,7,61,0,72,43,0,43,115
08/18/2008,YKM,WA,ANM,WE,Federal Contract Tower,2,16,11,2,31,0,8,32,0,40,2,24,43,2,71,20,4,24,95
08/19/2008,YKM,WA,ANM,WE,Federal Contract Tower,4,12,11,4,31,0,7,52,0,59,4,19,63,4,90,50,0,50,140
08/20/2008,YKM,WA,ANM,WE,Federal Contract Tower,4,16,15,0,35,0,4,44,2,50,4,20,59,2,85,22,6,28,113
08/21/2008,YKM,WA,ANM,WE,Federal Contract Tower,4,17,14,0,35,0,9,38,0,47,4,26,52,0,82,3,0,3,85
08/22/2008,YKM,WA,ANM,WE,Federal Contract Tower,4,11,21,0,36,0,11,82,0,93,4,22,103,0,129,59,0,59,188
08/23/2008,YKM,WA,ANM,WE,Federal Contract Tower,4,13,6,0,23,0,0,83,0,83,4,13,89,0,106,68,0,68,174
08/24/2008,YKM,WA,ANM,WE,Federal Contract Tower,4,3,13,3,23,0,0,37,0,37,4,3,50,3,60,38,5,43,103
08/25/2008,YKM,WA,ANM,WE,Federal Contract Tower,6,18,18,4,46,0,7,27,0,34,6,25,45,4,80,65,0,65,145
08/26/2008,YKM,WA,ANM,WE,Federal Contract Tower,4,19,9,4,36,0,7,48,4,59,4,26,57,8,95,52,14,66,161
08/27/2008,YKM,WA,ANM,WE,Federal Contract Tower,4,23,14,6,47,0,7,33,4,44,4,30,47,10,91,23,16,39,130
08/28/2008,YKM,WA,ANM,WE,Federal Contract Tower,7,11,31,0,49,0,10,57,0,67,7,21,88,0,116,93,0,93,209
08/29/2008,YKM,WA,ANM,WE,Federal Contract Tower,4,18,17,0,39,0,10,45,0,55,4,28,62,0,94,108,0,108,202
08/30/2008,YKM,WA,ANM,WE,Federal Contract Tower,6,7,6,0,19,0,1,24,0,25,6,8,30,0,44,20,0,20,64
08/31/2008,YKM,WA,ANM,WE,Federal Contract Tower,6,4,4,0,14,0,2,29,0,31,6,6,33,0,45,34,0,34,79
09/01/2008,YKM,WA,ANM,WE,Federal Contract Tower,6,4,15,0,25,0,0,43,0,43,6,4,58,0,68,54,0,54,122
09/02/2008,YKM,WA,ANM,WE,Federal Contract Tower,6,10,10,2,28,0,8,38,0,46,6,18,48,2,74,18,0,18,92
09/03/2008,YKM,WA,ANM,WE,Federal Contract Tower,7,15,5,5,32,0,8,46,5,59,7,23,51,10,91,42,16,58,149
09/04/2008,YKM,WA,ANM,WE,Federal Contract Tower,6,11,16,3,36,0,6,60,5,71,6,17,76,8,107,112,2,114,221
09/05/2008,YKM,WA,ANM,WE,Federal Contract Tower,6,13,10,0,29,0,10,53,2,65,6,23,63,2,94,70,12,82,176
09/06/2008,YKM,WA,ANM,WE,Federal Contract Tower,8,4,14,2,28,0,2,88,1,91,8,6,102,3,119,99,10,109,228
09/07/2008,YKM,WA,ANM,WE,Federal Contract Tower,4,4,7,2,17,0,1,44,0,45,4,5,51,2,62,57,2,59,121
09/08/2008,YKM,WA,ANM,WE,Federal Contract Tower,8,6,14,0,28,0,10,42,0,52,8,16,56,0,80,45,0,45,125
09/09/2008,YKM,WA,ANM,WE,Federal Contract Tower,8,6,14,0,28,0,9,72,0,81,8,15,86,0,109,40,0,40,149
09/10/2008,YKM,WA,ANM,WE,Federal Contract Tower,5,9,6,3,23,0,10,61,2,73,5,19,67,5,96,126,0,126,222
09/11/2008,YKM,WA,ANM,WE,Federal Contract Tower,8,12,22,10,52,0,12,48,3,63,8,24,70,13,115,104,3,107,222
09/12/2008,YKM,WA,ANM,WE,Federal Contract Tower,6,14,21,0,41,0,11,65,0,76,6,25,86,0,117,36,0,36,153
09/13/2008,YKM,WA,ANM,WE,Federal Contract Tower,10,6,3,0,19,0,1,54,0,55,10,7,57,0,74,192,0,192,266
09/14/2008,YKM,WA,ANM,WE,Federal Contract Tower,8,2,15,0,25,0,2,57,0,59,8,4,72,0,84,10,0,10,94
09/15/2008,YKM,WA,ANM,WE,Federal Contract Tower,8,8,8,0,24,0,9,31,0,40,8,17,39,0,64,54,0,54,118
09/16/2008,YKM,WA,ANM,WE,Federal Contract Tower,8,6,16,0,30,0,9,26,0,35,8,15,42,0,65,74,0,74,139
09/17/2008,YKM,WA,ANM,WE,Federal Contract Tower,8,11,16,0,35,0,5,39,0,44,8,16,55,0,79,75,0,75,154
09/18/2008,YKM,WA,ANM,WE,Federal Contract Tower,8,9,15,5,37,0,9,43,0,52,8,18,58,5,89,136,1,137,226
09/19/2008,YKM,WA,ANM,WE,Federal Contract Tower,8,8,18,6,40,0,8,46,3,57,8,16,64,9,97,64,9,73,170
09/20/2008,YKM,WA,ANM,WE,Federal Contract Tower,6,9,8,0,23,0,1,42,0,43,6,10,50,0,66,36,0,36,102
09/21/2008,YKM,WA,ANM,WE,Federal Contract Tower,8,0,7,3,18,0,0,32,3,35,8,0,39,6,53,42,2,44,97
09/22/2008,YKM,WA,ANM,WE,Federal Contract Tower,6,10,13,0,29,0,7,22,0,29,6,17,35,0,58,19,0,19,77
09/23/2008,YKM,WA,ANM,WE,Federal Contract Tower,8,5,12,3,28,0,11,54,3,68,8,16,66,6,96,60,1,61,157
09/24/2008,YKM,WA,ANM,WE,Federal Contract Tower,7,9,10,2,28,0,5,37,4,46,7,14,47,6,74,52,0,52,126
09/25/2008,YKM,WA,ANM,WE,Federal Contract Tower,9,8,11,9,37,0,8,39,1,48,9,16,50,10,85,114,1,115,200
09/26/2008,YKM,WA,ANM,WE,Federal Contract Tower,8,9,18,9,44,0,9,63,5,77,8,18,81,14,121,64,0,64,185
09/27/2008,YKM,WA,ANM,WE,Federal Contract Tower,6,5,6,0,17,0,1,62,0,63,6,6,68,0,80,54,0,54,134
09/28/2008,YKM,WA,ANM,WE,Federal Contract Tower,8,1,11,0,20,0,0,42,1,43,8,1,53,1,63,79,0,79,142
09/29/2008,YKM,WA,ANM,WE,Federal Contract Tower,8,9,12,2,31,0,10,62,0,72,8,19,74,2,103,70,0,70,173
09/30/2008,YKM,WA,ANM,WE,Federal Contract Tower,8,8,3,1,20,0,9,42,1,52,8,17,45,2,72,66,0,66,138
10/01/2008,YKM,WA,ANM,WE,Federal Contract Tower,10,16,17,2,45,0,7,58,0,65,10,23,75,2,110,93,0,93,203
10/02/2008,YKM,WA,ANM,WE,Federal Contract Tower,6,12,4,3,25,0,6,24,0,30,6,18,28,3,55,112,1,113,168
10/03/2008,YKM,WA,ANM,WE,Federal Contract Tower,8,16,21,1,46,0,4,40,1,45,8,20,61,2,91,90,0,90,181
10/04/2008,YKM,WA,ANM,WE,Federal Contract Tower,6,7,11,0,24,0,1,17,0,18,6,8,28,0,42,70,0,70,112
10/05/2008,YKM,WA,ANM,WE,Federal Contract Tower,8,1,5,0,14,0,0,47,0,47,8,1,52,0,61,63,0,63,124
10/06/2008,YKM,WA,ANM,WE,Federal Contract Tower,10,12,20,2,44,0,5,26,6,37,10,17,46,8,81,36,0,36,117
10/07/2008,YKM,WA,ANM,WE,Federal Contract Tower,8,10,6,6,30,1,4,18,0,23,9,14,24,6,53,14,0,14,67
10/08/2008,YKM,WA,ANM,WE,Federal Contract Tower,10,10,5,6,31,0,6,38,0,44,10,16,43,6,75,57,0,57,132
10/09/2008,YKM,WA,ANM,WE,Federal Contract Tower,8,10,11,2,31,0,6,28,1,35,8,16,39,3,66,56,0,56,122
10/10/2008,YKM,WA,ANM,WE,Federal Contract Tower,10,8,14,1,33,0,7,35,1,43,10,15,49,2,76,86,0,86,162
10/11/2008,YKM,WA,ANM,WE,Federal Contract Tower,6,7,17,0,30,0,3,51,0,54,6,10,68,0,84,83,0,83,167
10/12/2008,YKM,WA,ANM,WE,Federal Contract Tower,8,0,18,3,29,0,0,30,1,31,8,0,48,4,60,49,0,49,109
10/13/2008,YKM,WA,ANM,WE,Federal Contract Tower,8,7,14,0,29,0,3,33,0,36,8,10,47,0,65,75,0,75,140
10/14/2008,YKM,WA,ANM,WE,Federal Contract Tower,8,12,6,11,37,0,5,30,6,41,8,17,36,17,78,53,12,65,143
10/15/2008,YKM,WA,ANM,WE,Federal Contract Tower,6,14,10,5,35,0,5,59,1,65,6,19,69,6,100,44,0,44,144
10/16/2008,YKM,WA,ANM,WE,Federal Contract Tower,10,12,4,12,38,0,8,30,3,41,10,20,34,15,79,62,7,69,148
10/17/2008,YKM,WA,ANM,WE,Federal Contract Tower,8,12,18,2,40,0,5,65,0,70,8,17,83,2,110,44,0,44,154
10/18/2008,YKM,WA,ANM,WE,Federal Contract Tower,6,7,11,0,24,0,1,48,2,51,6,8,59,2,75,74,2,76,151
10/19/2008,YKM,WA,ANM,WE,Federal Contract Tower,16,1,8,3,28,0,1,47,0,48,16,2,55,3,76,64,1,65,141
10/20/2008,YKM,WA,ANM,WE,Federal Contract Tower,8,12,11,0,31,0,4,11,2,17,8,16,22,2,48,18,0,18,66
10/21/2008,YKM,WA,ANM,WE,Federal Contract Tower,9,14,10,9,42,0,4,51,3,58,9,18,61,12,100,62,14,76,176
10/22/2008,YKM,WA,ANM,WE,Federal Contract Tower,8,12,12,6,38,0,6,42,3,51,8,18,54,9,89,42,3,45,134
10/23/2008,YKM,WA,ANM,WE,Federal Contract Tower,10,11,15,5,41,0,5,39,1,45,10,16,54,6,86,82,16,98,184
10/24/2008,YKM,WA,ANM,WE,Federal Contract Tower,8,12,7,0,27,0,4,27,2,33,8,16,34,2,60,84,16,100,160
10/25/2008,YKM,WA,ANM,WE,Federal Contract Tower,6,3,17,1,27,0,3,53,4,60,6,6,70,5,87,92,14,106,193
10/26/2008,YKM,WA,ANM,WE,Federal Contract Tower,10,0,8,2,20,0,0,26,0,26,10,0,34,2,46,15,0,15,61
10/27/2008,YKM,WA,ANM,WE,Federal Contract Tower,8,10,9,3,30,0,6,20,3,29,8,16,29,6,59,50,12,62,121
10/28/2008,YKM,WA,ANM,WE,Federal Contract Tower,10,18,4,2,34,0,9,30,0,39,10,27,34,2,73,108,0,108,181
10/29/2008,YKM,WA,ANM,WE,Federal Contract Tower,8,18,16,3,45,0,3,56,3,62,8,21,72,6,107,58,8,66,173
10/30/2008,YKM,WA,ANM,WE,Federal Contract Tower,8,15,17,6,46,0,4,26,0,30,8,19,43,6,76,57,2,59,135
10/31/2008,YKM,WA,ANM,WE,Federal Contract Tower,10,13,8,5,36,0,5,12,0,17,10,18,20,5,53,90,26,116,169
11/01/2008,YKM,WA,ANM,WE,Federal Contract Tower,6,5,9,2,22,0,1,15,0,16,6,6,24,2,38,68,0,68,106
11/02/2008,YKM,WA,ANM,WE,Federal Contract Tower,10,0,8,0,18,0,0,9,0,9,10,0,17,0,27,14,0,14,41
11/03/2008,YKM,WA,ANM,WE,Federal Contract Tower,10,12,2,0,24,0,2,12,0,14,10,14,14,0,38,62,0,62,100
11/04/2008,YKM,WA,ANM,WE,Federal Contract Tower,10,15,12,2,39,0,3,8,0,11,10,18,20,2,50,28,0,28,78
11/05/2008,YKM,WA,ANM,WE,Federal Contract Tower,9,10,14,6,39,0,7,41,0,48,9,17,55,6,87,88,0,88,175
11/06/2008,YKM,WA,ANM,WE,Federal Contract Tower,8,19,10,0,37,0,0,15,0,15,8,19,25,0,52,98,0,98,150
11/07/2008,YKM,WA,ANM,WE,Federal Contract Tower,10,18,22,2,52,0,0,0,0,0,10,18,22,2,52,0,0,0,52
11/08/2008,YKM,WA,ANM,WE,Federal Contract Tower,6,8,12,0,26,0,0,0,0,0,6,8,12,0,26,26,0,26,52
11/09/2008,YKM,WA,ANM,WE,Federal Contract Tower,10,0,14,0,24,0,0,15,0,15,10,0,29,0,39,157,0,157,196
11/10/2008,YKM,WA,ANM,WE,Federal Contract Tower,13,13,14,0,40,0,1,15,0,16,13,14,29,0,56,88,0,88,144
11/11/2008,YKM,WA,ANM,WE,Federal Contract Tower,6,5,8,0,19,0,0,33,0,33,6,5,41,0,52,142,0,142,194
11/12/2008,YKM,WA,ANM,WE,Federal Contract Tower,6,16,9,4,35,0,2,7,0,9,6,18,16,4,44,46,0,46,90
11/13/2008,YKM,WA,ANM,WE,Federal Contract Tower,8,16,23,2,49,0,4,22,4,30,8,20,45,6,79,56,0,56,135
11/14/2008,YKM,WA,ANM,WE,Federal Contract Tower,8,16,19,3,46,0,4,46,1,51,8,20,65,4,97,104,10,114,211
11/15/2008,YKM,WA,ANM,WE,Federal Contract Tower,8,7,20,0,35,0,1,72,0,73,8,8,92,0,108,132,0,132,240
11/16/2008,YKM,WA,ANM,WE,Federal Contract Tower,8,2,11,0,21,0,0,36,0,36,8,2,47,0,57,112,0,112,169
11/17/2008,YKM,WA,ANM,WE,Federal Contract Tower,8,14,9,5,36,0,1,16,3,20,8,15,25,8,56,74,9,83,139
11/18/2008,YKM,WA,ANM,WE,Federal Contract Tower,12,14,18,4,48,0,5,16,0,21,12,19,34,4,69,53,0,53,122
11/19/2008,YKM,WA,ANM,WE,Federal Contract Tower,8,13,22,4,47,0,7,30,2,39,8,20,52,6,86,15,2,17,103
11/20/2008,YKM,WA,ANM,WE,Federal Contract Tower,10,15,12,3,40,0,2,17,2,21,10,17,29,5,61,90,10,100,161
11/21/2008,YKM,WA,ANM,WE,Federal Contract Tower,8,17,14,0,39,0,3,19,2,24,8,20,33,2,63,16,0,16,79
11/22/2008,YKM,WA,ANM,WE,Federal Contract Tower,4,5,10,2,21,0,6,31,0,37,4,11,41,2,58,116,0,116,174
11/23/2008,YKM,WA,ANM,WE,Federal Contract Tower,8,2,8,0,18,0,0,37,0,37,8,2,45,0,55,60,0,60,115
11/24/2008,YKM,WA,ANM,WE,Federal Contract Tower,8,17,26,4,55,0,5,20,3,28,8,22,46,7,83,78,0,78,161
11/25/2008,YKM,WA,ANM,WE,Federal Contract Tower,8,14,14,4,40,0,2,18,0,20,8,16,32,4,60,56,0,56,116
11/26/2008,YKM,WA,ANM,WE,Federal Contract Tower,8,18,13,2,41,0,3,34,5,42,8,21,47,7,83,65,7,72,155
11/27/2008,YKM,WA,ANM,WE,Federal Contract Tower,6,3,0,0,9,0,0,6,0,6,6,3,6,0,15,38,0,38,53
11/28/2008,YKM,WA,ANM,WE,Federal Contract Tower,6,19,5,0,30,0,1,6,0,7,6,20,11,0,37,102,0,102,139
11/29/2008,YKM,WA,ANM,WE,Federal Contract Tower,10,5,12,0,27,0,0,26,0,26,10,5,38,0,53,75,0,75,128
11/30/2008,YKM,WA,ANM,WE,Federal Contract Tower,13,0,14,0,27,0,0,11,0,11,13,0,25,0,38,18,0,18,56
12/01/2008,YKM,WA,ANM,WE,Federal Contract Tower,9,16,9,0,34,0,0,0,0,0,9,16,9,0,34,0,0,0,34
12/02/2008,YKM,WA,ANM,WE,Federal Contract Tower,7,9,10,2,28,0,1,16,0,17,7,10,26,2,45,39,2,41,86
12/03/2008,YKM,WA,ANM,WE,Federal Contract Tower,8,14,11,2,35,0,5,24,0,29,8,19,35,2,64,88,0,88,152
12/04/2008,YKM,WA,ANM,WE,Federal Contract Tower,6,13,17,6,42,0,5,34,6,45,6,18,51,12,87,74,2,76,163
12/05/2008,YKM,WA,ANM,WE,Federal Contract Tower,8,12,13,0,33,0,6,25,2,33,8,18,38,2,66,104,4,108,174
12/06/2008,YKM,WA,ANM,WE,Federal Contract Tower,6,8,23,1,38,0,0,51,1,52,6,8,74,2,90,72,14,86,176
12/07/2008,YKM,WA,ANM,WE,Federal Contract Tower,8,0,4,0,12,0,0,29,0,29,8,0,33,0,41,46,0,46,87
12/08/2008,YKM,WA,ANM,WE,Federal Contract Tower,8,12,14,1,35,0,5,23,1,29,8,17,37,2,64,72,0,72,136
12/09/2008,YKM,WA,ANM,WE,Federal Contract Tower,8,12,14,2,36,0,4,21,0,25,8,16,35,2,61,47,6,53,114
12/10/2008,YKM,WA,ANM,WE,Federal Contract Tower,8,12,17,7,44,0,6,17,2,25,8,18,34,9,69,20,0,20,89
12/11/2008,YKM,WA,ANM,WE,Federal Contract Tower,10,13,22,8,53,0,3,33,2,38,10,16,55,10,91,58,6,64,155
12/12/2008,YKM,WA,ANM,WE,Federal Contract Tower,8,21,9,0,38,0,1,0,0,1,8,22,9,0,39,0,0,0,39
12/13/2008,YKM,WA,ANM,WE,Federal Contract Tower,6,2,9,0,17,0,0,4,0,4,6,2,13,0,21,32,0,32,53
12/14/2008,YKM,WA,ANM,WE,Federal Contract Tower,8,0,4,0,12,0,0,5,2,7,8,0,9,2,19,20,12,32,51
12/15/2008,YKM,WA,ANM,WE,Federal Contract Tower,8,16,7,0,31,0,0,3,0,3,8,16,10,0,34,0,0,0,34
12/16/2008,YKM,WA,ANM,WE,Federal Contract Tower,8,13,8,0,29,0,3,35,0,38,8,16,43,0,67,47,0,47,114
12/17/2008,YKM,WA,ANM,WE,Federal Contract Tower,7,21,16,0,44,0,3,6,2,11,7,24,22,2,55,35,2,37,92
12/18/2008,YKM,WA,ANM,WE,Federal Contract Tower,5,12,8,0,25,0,0,0,0,0,5,12,8,0,25,0,0,0,25
12/19/2008,YKM,WA,ANM,WE,Federal Contract Tower,8,17,12,0,37,0,1,8,0,9,8,18,20,0,46,16,0,16,62
12/20/2008,YKM,WA,ANM,WE,Federal Contract Tower,6,8,6,0,20,0,0,8,0,8,6,8,14,0,28,8,0,8,36
12/21/2008,YKM,WA,ANM,WE,Federal Contract Tower,0,0,8,0,8,0,0,0,0,0,0,0,8,0,8,0,0,0,8
12/22/2008,YKM,WA,ANM,WE,Federal Contract Tower,4,15,5,1,25,0,1,2,1,4,4,16,7,2,29,16,6,22,51
12/23/2008,YKM,WA,ANM,WE,Federal Contract Tower,5,20,9,0,34,0,0,3,0,3,5,20,12,0,37,12,0,12,49
12/24/2008,YKM,WA,ANM,WE,Federal Contract Tower,5,21,5,0,31,0,0,1,0,1,5,21,6,0,32,5,0,5,37
12/25/2008,YKM,WA,ANM,WE,Federal Contract Tower,9,0,0,0,9,0,0,2,0,2,9,0,2,0,11,0,0,0,11
12/26/2008,YKM,WA,ANM,WE,Federal Contract Tower,7,20,10,0,37,0,0,1,0,1,7,20,11,0,38,0,0,0,38
12/27/2008,YKM,WA,ANM,WE,Federal Contract Tower,7,7,9,0,23,0,0,15,0,15,7,7,24,0,38,29,0,29,67
12/28/2008,YKM,WA,ANM,WE,Federal Contract Tower,9,2,4,0,15,0,0,16,0,16,9,2,20,0,31,24,0,24,55
12/29/2008,YKM,WA,ANM,WE,Federal Contract Tower,8,16,6,0,30,0,0,0,0,0,8,16,6,0,30,0,0,0,30
12/30/2008,YKM,WA,ANM,WE,Federal Contract Tower,8,13,15,9,45,0,2,8,5,15,8,15,23,14,60,0,6,6,66
12/31/2008,YKM,WA,ANM,WE,Federal Contract Tower,6,15,3,0,24,0,4,15,0,19,6,19,18,0,43,0,0,0,43
01/01/2009,YKM,WA,ANM,WE,Federal Contract Tower,8,0,1,0,9,0,0,0,0,0,8,0,1,0,9,4,0,4,13
01/02/2009,YKM,WA,ANM,WE,Federal Contract Tower,8,27,11,0,46,0,1,7,0,8,8,28,18,0,54,6,0,6,60
01/03/2009,YKM,WA,ANM,WE,Federal Contract Tower,8,10,18,0,36,0,0,25,0,25,8,10,43,0,61,104,0,104,165
01/04/2009,YKM,WA,ANM,WE,Federal Contract Tower,7,2,6,0,15,0,0,0,0,0,7,2,6,0,15,0,0,0,15
01/05/2009,YKM,WA,ANM,WE,Federal Contract Tower,7,20,24,2,53,0,0,0,0,0,7,20,24,2,53,0,0,0,53
01/06/2009,YKM,WA,ANM,WE,Federal Contract Tower,7,20,5,2,34,0,3,4,0,7,7,23,9,2,41,4,0,4,45
01/07/2009,YKM,WA,ANM,WE,Federal Contract Tower,7,23,9,0,39,0,3,12,0,15,7,26,21,0,54,27,0,27,81
01/08/2009,YKM,WA,ANM,WE,Federal Contract Tower,7,15,10,0,32,0,4,12,2,18,7,19,22,2,50,4,0,4,54
01/09/2009,YKM,WA,ANM,WE,Federal Contract Tower,7,15,22,0,44,0,7,51,0,58,7,22,73,0,102,62,0,62,164
01/10/2009,YKM,WA,ANM,WE,Federal Contract Tower,6,3,9,4,22,0,2,57,2,61,6,5,66,6,83,128,2,130,213
01/11/2009,YKM,WA,ANM,WE,Federal Contract Tower,7,1,11,0,19,0,0,38,0,38,7,1,49,0,57,49,0,49,106
01/12/2009,YKM,WA,ANM,WE,Federal Contract Tower,7,14,11,0,32,0,5,17,0,22,7,19,28,0,54,78,0,78,132
01/13/2009,YKM,WA,ANM,WE,Federal Contract Tower,7,15,16,9,47,0,5,17,2,24,7,20,33,11,71,38,52,90,161
01/14/2009,YKM,WA,ANM,WE,Federal Contract Tower,5,12,12,6,35,0,0,4,0,4,5,12,16,6,39,6,0,6,45
01/15/2009,YKM,WA,ANM,WE,Federal Contract Tower,6,13,16,0,35,0,0,0,0,0,6,13,16,0,35,0,0,0,35
01/16/2009,YKM,WA,ANM,WE,Federal Contract Tower,7,20,20,2,49,0,0,0,0,0,7,20,20,2,49,0,0,0,49
01/17/2009,YKM,WA,ANM,WE,Federal Contract Tower,6,9,2,0,17,0,0,2,0,2,6,9,4,0,19,52,0,52,71
01/18/2009,YKM,WA,ANM,WE,Federal Contract Tower,5,4,11,0,20,0,0,6,0,6,5,4,17,0,26,26,0,26,52
01/19/2009,YKM,WA,ANM,WE,Federal Contract Tower,7,5,20,0,32,0,0,5,0,5,7,5,25,0,37,0,0,0,37
01/20/2009,YKM,WA,ANM,WE,Federal Contract Tower,5,22,5,0,32,0,0,0,0,0,5,22,5,0,32,0,0,0,32
01/21/2009,YKM,WA,ANM,WE,Federal Contract Tower,7,19,15,24,65,0,0,1,2,3,7,19,16,26,68,10,14,24,92
01/22/2009,YKM,WA,ANM,WE,Federal Contract Tower,9,20,26,4,59,0,0,10,2,12,9,20,36,6,71,20,0,20,91
01/23/2009,YKM,WA,ANM,WE,Federal Contract Tower,7,22,24,6,59,0,0,4,1,5,7,22,28,7,64,40,3,43,107
01/24/2009,YKM,WA,ANM,WE,Federal Contract Tower,6,8,17,0,31,0,0,12,0,12,6,8,29,0,43,42,0,42,85
01/25/2009,YKM,WA,ANM,WE,Federal Contract Tower,7,0,7,0,14,0,0,6,2,8,7,0,13,2,22,27,8,35,57
01/26/2009,YKM,WA,ANM,WE,Federal Contract Tower,9,13,20,5,47,0,8,40,4,52,9,21,60,9,99,40,0,40,139
01/27/2009,YKM,WA,ANM,WE,Federal Contract Tower,8,20,25,2,55,0,5,20,0,25,8,25,45,2,80,11,0,11,91
01/28/2009,YKM,WA,ANM,WE,Federal Contract Tower,7,14,18,5,44,0,10,41,3,54,7,24,59,8,98,26,11,37,135
01/29/2009,YKM,WA,ANM,WE,Federal Contract Tower,7,16,19,11,53,0,8,22,5,35,7,24,41,16,88,66,21,87,175
01/30/2009,YKM,WA,ANM,WE,Federal Contract Tower,23,16,23,2,64,0,6,43,0,49,23,22,66,2,113,52,0,52,165
01/31/2009,YKM,WA,ANM,WE,Federal Contract Tower,6,5,16,0,27,0,3,62,2,67,6,8,78,2,94,76,2,78,172
02/01/2009,YKM,WA,ANM,WE,Federal Contract Tower,7,2,11,0,20,0,0,38,0,38,7,2,49,0,58,23,0,23,81
02/02/2009,YKM,WA,ANM,WE,Federal Contract Tower,7,13,17,0,37,0,6,21,0,27,7,19,38,0,64,7,0,7,71
02/03/2009,YKM,WA,ANM,WE,Federal Contract Tower,7,12,21,1,41,0,7,31,2,40,7,19,52,3,81,42,6,48,129
02/04/2009,YKM,WA,ANM,WE,Federal Contract Tower,7,11,20,4,42,0,11,50,2,63,7,22,70,6,105,48,0,48,153
02/05/2009,YKM,WA,ANM,WE,Federal Contract Tower,7,22,14,2,45,0,2,13,0,15,7,24,27,2,60,32,0,32,92
02/06/2009,YKM,WA,ANM,WE,Federal Contract Tower,5,10,21,0,36,0,2,1,0,3,5,12,22,0,39,0,0,0,39
02/07/2009,YKM,WA,ANM,WE,Federal Contract Tower,6,7,20,0,33,0,38,2,0,40,6,45,22,0,73,62,0,62,135
02/08/2009,YKM,WA,ANM,WE,Federal Contract Tower,9,2,17,0,28,0,0,34,0,34,9,2,51,0,62,26,0,26,88
02/09/2009,YKM,WA,ANM,WE,Federal Contract Tower,7,15,24,0,46,0,4,16,0,20,7,19,40,0,66,27,6,33,99
02/10/2009,YKM,WA,ANM,WE,Federal Contract Tower,7,23,12,2,44,0,2,3,6,11,7,25,15,8,55,40,0,40,95
02/11/2009,YKM,WA,ANM,WE,Federal Contract Tower,7,18,9,0,34,0,1,13,4,18,7,19,22,4,52,23,2,25,77
02/12/2009,YKM,WA,ANM,WE,Federal Contract Tower,9,28,12,0,49,0,0,4,0,4,9,28,16,0,53,12,0,12,65
02/13/2009,YKM,WA,ANM,WE,Federal Contract Tower,7,23,31,0,61,0,1,21,0,22,7,24,52,0,83,25,0,25,108
02/14/2009,YKM,WA,ANM,WE,Federal Contract Tower,6,6,4,2,18,0,1,31,0,32,6,7,35,2,50,60,4,64,114
02/15/2009,YKM,WA,ANM,WE,Federal Contract Tower,7,3,9,0,19,0,0,1,0,1,7,3,10,0,20,4,0,4,24
02/16/2009,YKM,WA,ANM,WE,Federal Contract Tower,7,7,22,0,36,0,2,6,0,8,7,9,28,0,44,41,0,41,85
02/17/2009,YKM,WA,ANM,WE,Federal Contract Tower,6,18,19,3,46,0,2,22,1,25,6,20,41,4,71,49,0,49,120
02/18/2009,YKM,WA,ANM,WE,Federal Contract Tower,7,12,30,2,51,0,5,52,0,57,7,17,82,2,108,130,0,130,238
02/19/2009,YKM,WA,ANM,WE,Federal Contract Tower,7,20,32,2,61,0,9,41,0,50,7,29,73,2,111,51,0,51,162
02/20/2009,YKM,WA,ANM,WE,Federal Contract Tower,7,21,16,0,44,0,2,17,2,21,7,23,33,2,65,73,0,73,138
02/21/2009,YKM,WA,ANM,WE,Federal Contract Tower,6,6,6,0,18,0,1,11,0,12,6,7,17,0,30,73,0,73,103
02/22/2009,YKM,WA,ANM,WE,Federal Contract Tower,7,0,9,0,16,0,0,11,0,11,7,0,20,0,27,78,0,78,105
02/23/2009,YKM,WA,ANM,WE,Federal Contract Tower,7,23,6,2,38,0,0,3,0,3,7,23,9,2,41,56,0,56,97
02/24/2009,YKM,WA,ANM,WE,Federal Contract Tower,8,20,21,4,53,0,2,5,2,9,8,22,26,6,62,36,0,36,98
02/25/2009,YKM,WA,ANM,WE,Federal Contract Tower,7,14,23,2,46,0,11,14,0,25,7,25,37,2,71,7,0,7,78
02/26/2009,YKM,WA,ANM,WE,Federal Contract Tower,7,13,15,1,36,0,7,15,0,22,7,20,30,1,58,24,2,26,84
02/27/2009,YKM,WA,ANM,WE,Federal Contract Tower,7,15,39,6,67,0,4,46,2,52,7,19,85,8,119,91,4,95,214
02/28/2009,YKM,WA,ANM,WE,Federal Contract Tower,6,6,18,0,30,0,0,50,0,50,6,6,68,0,80,83,0,83,163
03/01/2009,YKM,WA,ANM,WE,Federal Contract Tower,7,7,7,0,21,0,0,7,0,7,7,7,14,0,28,44,0,44,72
03/02/2009,YKM,WA,ANM,WE,Federal Contract Tower,7,18,16,3,44,0,0,17,2,19,7,18,33,5,63,15,28,43,106
03/03/2009,YKM,WA,ANM,WE,Federal Contract Tower,7,20,17,0,44,0,0,16,0,16,7,20,33,0,60,54,0,54,114
03/04/2009,YKM,WA,ANM,WE,Federal Contract Tower,7,14,16,7,44,0,6,28,1,35,7,20,44,8,79,30,8,38,117
03/05/2009,YKM,WA,ANM,WE,Federal Contract Tower,7,17,11,0,35,0,3,3,0,6,7,20,14,0,41,9,0,9,50
03/06/2009,YKM,WA,ANM,WE,Federal Contract Tower,7,14,37,4,62,0,4,52,2,58,7,18,89,6,120,54,6,60,180
03/07/2009,YKM,WA,ANM,WE,Federal Contract Tower,6,6,8,0,20,0,1,17,2,20,6,7,25,2,40,76,4,80,120
03/08/2009,YKM,WA,ANM,WE,Federal Contract Tower,7,0,11,0,18,0,0,14,0,14,7,0,25,0,32,52,0,52,84
03/09/2009,YKM,WA,ANM,WE,Federal Contract Tower,7,13,24,3,47,0,3,13,2,18,7,16,37,5,65,64,0,64,129
03/10/2009,YKM,WA,ANM,WE,Federal Contract Tower,7,21,19,0,47,0,6,8,2,16,7,27,27,2,63,66,0,66,129
03/11/2009,YKM,WA,ANM,WE,Federal Contract Tower,7,15,23,23,68,0,8,39,1,48,7,23,62,24,116,44,0,44,160
03/12/2009,YKM,WA,ANM,WE,Federal Contract Tower,7,11,39,1,58,0,8,55,9,72,7,19,94,10,130,26,4,30,160
03/13/2009,YKM,WA,ANM,WE,Federal Contract Tower,7,13,23,0,43,0,9,55,0,64,7,22,78,0,107,43,0,43,150
03/14/2009,YKM,WA,ANM,WE,Federal Contract Tower,6,6,16,0,28,0,1,36,2,39,6,7,52,2,67,74,0,74,141
03/15/2009,YKM,WA,ANM,WE,Federal Contract Tower,7,0,0,0,7,0,0,0,0,0,7,0,0,0,7,24,0,24,31
03/16/2009,YKM,WA,ANM,WE,Federal Contract Tower,7,16,14,1,38,0,9,26,1,36,7,25,40,2,74,47,0,47,121
03/17/2009,YKM,WA,ANM,WE,Federal Contract Tower,7,12,8,1,28,0,6,19,4,29,7,18,27,5,57,81,0,81,138
03/18/2009,YKM,WA,ANM,WE,Federal Contract Tower,7,10,19,2,38,0,9,31,6,46,7,19,50,8,84,45,6,51,135
03/19/2009,YKM,WA,ANM,WE,Federal Contract Tower,10,11,28,4,53,0,11,53,7,71,10,22,81,11,124,65,0,65,189
03/20/2009,YKM,WA,ANM,WE,Federal Contract Tower,5,10,28,1,44,0,11,36,1,48,5,21,64,2,92,61,0,61,153
03/21/2009,YKM,WA,ANM,WE,Federal Contract Tower,6,7,22,0,35,0,0,53,3,56,6,7,75,3,91,169,6,175,266
03/22/2009,YKM,WA,ANM,WE,Federal Contract Tower,8,0,8,0,16,0,0,29,0,29,8,0,37,0,45,74,0,74,119
03/23/2009,YKM,WA,ANM,WE,Federal Contract Tower,7,11,9,0,27,0,7,11,0,18,7,18,20,0,45,15,0,15,60
03/24/2009,YKM,WA,ANM,WE,Federal Contract Tower,7,17,12,4,40,0,4,20,2,26,7,21,32,6,66,31,4,35,101
03/25/2009,YKM,WA,ANM,WE,Federal Contract Tower,7,13,6,1,27,0,7,18,0,25,7,20,24,1,52,29,9,38,90
03/26/2009,YKM,WA,ANM,WE,Federal Contract Tower,7,13,8,2,30,0,9,45,0,54,7,22,53,2,84,133,0,133,217
03/27/2009,YKM,WA,ANM,WE,Federal Contract Tower,7,11,7,4,29,0,8,31,2,41,7,19,38,6,70,52,2,54,124
03/28/2009,YKM,WA,ANM,WE,Federal Contract Tower,6,5,8,0,19,0,1,30,0,31,6,6,38,0,50,128,0,128,178
03/29/2009,YKM,WA,ANM,WE,Federal Contract Tower,7,2,5,0,14,0,0,10,0,10,7,2,15,0,24,0,0,0,24
03/30/2009,YKM,WA,ANM,WE,Federal Contract Tower,7,11,21,0,39,0,4,34,0,38,7,15,55,0,77,60,0,60,137
03/31/2009,YKM,WA,ANM,WE,Federal Contract Tower,7,14,10,0,31,0,7,11,0,18,7,21,21,0,49,68,2,70,119
04/01/2009,YKM,WA,ANM,WE,Federal Contract Tower,7,14,17,5,43,0,5,9,2,16,7,19,26,7,59,12,0,12,71
04/02/2009,YKM,WA,ANM,WE,Federal Contract Tower,7,17,14,2,40,0,8,8,0,16,7,25,22,2,56,46,28,74,130
04/03/2009,YKM,WA,ANM,WE,Federal Contract Tower,7,18,15,0,40,0,11,37,0,48,7,29,52,0,88,28,2,30,118
04/04/2009,YKM,WA,ANM,WE,Federal Contract Tower,6,9,14,0,29,0,1,64,0,65,6,10,78,0,94,92,0,92,186
04/05/2009,YKM,WA,ANM,WE,Federal Contract Tower,7,1,10,0,18,0,0,49,0,49,7,1,59,0,67,120,0,120,187
04/06/2009,YKM,WA,ANM,WE,Federal Contract Tower,7,13,16,0,36,0,6,53,0,59,7,19,69,0,95,32,0,32,127
04/07/2009,YKM,WA,ANM,WE,Federal Contract Tower,7,23,10,4,44,0,9,47,2,58,7,32,57,6,102,74,9,83,185
04/08/2009,YKM,WA,ANM,WE,Federal Contract Tower,7,16,11,0,34,0,7,17,0,24,7,23,28,0,58,18,0,18,76
04/09/2009,YKM,WA,ANM,WE,Federal Contract Tower,6,14,15,0,35,0,8,35,0,43,6,22,50,0,78,94,0,94,172
04/10/2009,YKM,WA,ANM,WE,Federal Contract Tower,7,13,26,1,47,0,7,42,1,50,7,20,68,2,97,84,0,84,181
04/11/2009,YKM,WA,ANM,WE,Federal Contract Tower,5,5,13,0,23,0,1,51,0,52,5,6,64,0,75,160,0,160,235
04/12/2009,YKM,WA,ANM,WE,Federal Contract Tower,7,6,1,2,16,0,0,7,0,7,7,6,8,2,23,62,0,62,85
04/13/2009,YKM,WA,ANM,WE,Federal Contract Tower,7,17,15,0,39,0,5,14,0,19,7,22,29,0,58,93,0,93,151
04/14/2009,YKM,WA,ANM,WE,Federal Contract Tower,7,24,5,0,36,0,0,9,0,9,7,24,14,0,45,12,0,12,57
04/15/2009,YKM,WA,ANM,WE,Federal Contract Tower,7,16,17,0,40,0,6,53,0,59,7,22,70,0,99,131,0,131,230
04/16/2009,YKM,WA,ANM,WE,Federal Contract Tower,7,11,11,0,29,0,8,62,0,70,7,19,73,0,99,71,0,71,170
04/17/2009,YKM,WA,ANM,WE,Federal Contract Tower,7,16,17,0,40,0,4,33,0,37,7,20,50,0,77,74,0,74,151
04/18/2009,YKM,WA,ANM,WE,Federal Contract Tower,6,7,12,3,28,0,1,80,3,84,6,8,92,6,112,100,0,100,212
04/19/2009,YKM,WA,ANM,WE,Federal Contract Tower,7,2,14,0,23,0,0,48,0,48,7,2,62,0,71,169,0,169,240
04/20/2009,YKM,WA,ANM,WE,Federal Contract Tower,7,13,16,1,37,0,9,44,2,55,7,22,60,3,92,74,10,84,176
04/21/2009,YKM,WA,ANM,WE,Federal Contract Tower,5,16,24,0,45,0,9,39,0,48,5,25,63,0,93,47,0,47,140
04/22/2009,YKM,WA,ANM,WE,Federal Contract Tower,7,8,14,3,32,0,10,12,1,23,7,18,26,4,55,49,4,53,108
04/23/2009,YKM,WA,ANM,WE,Federal Contract Tower,7,15,11,0,33,0,4,31,0,35,7,19,42,0,68,26,0,26,94
04/24/2009,YKM,WA,ANM,WE,Federal Contract Tower,7,11,20,0,38,0,7,61,0,68,7,18,81,0,106,160,0,160,266
04/25/2009,YKM,WA,ANM,WE,Federal Contract Tower,8,7,7,3,25,0,3,31,0,34,8,10,38,3,59,46,1,47,106
04/26/2009,YKM,WA,ANM,WE,Federal Contract Tower,9,0,11,0,20,0,0,49,0,49,9,0,60,0,69,94,0,94,163
04/27/2009,YKM,WA,ANM,WE,Federal Contract Tower,7,16,13,0,36,0,3,23,0,26,7,19,36,0,62,14,0,14,76
04/28/2009,YKM,WA,ANM,WE,Federal Contract Tower,6,20,15,2,43,0,5,21,2,28,6,25,36,4,71,48,2,50,121
04/29/2009,YKM,WA,ANM,WE,Federal Contract Tower,6,25,19,2,52,0,1,17,0,18,6,26,36,2,70,0,0,0,70
04/30/2009,YKM,WA,ANM,WE,Federal Contract Tower,7,9,31,1,48,0,11,52,1,64,7,20,83,2,112,48,2,50,162
05/01/2009,YKM,WA,ANM,WE,Federal Contract Tower,7,16,15,0,38,0,9,53,0,62,7,25,68,0,100,82,0,82,182
05/02/2009,YKM,WA,ANM,WE,Federal Contract Tower,6,7,13,0,26,0,0,21,0,21,6,7,34,0,47,28,0,28,75
05/03/2009,YKM,WA,ANM,WE,Federal Contract Tower,7,2,7,3,19,0,0,36,1,37,7,2,43,4,56,44,0,44,100
05/04/2009,YKM,WA,ANM,WE,Federal Contract Tower,7,14,19,2,42,0,5,20,0,25,7,19,39,2,67,48,10,58,125
05/05/2009,YKM,WA,ANM,WE,Federal Contract Tower,7,16,3,4,30,0,10,6,0,16,7,26,9,4,46,33,0,33,79
05/06/2009,YKM,WA,ANM,WE,Federal Contract Tower,7,24,12,0,43,0,5,2,0,7,7,29,14,0,50,70,0,70,120
05/07/2009,YKM,WA,ANM,WE,Federal Contract Tower,7,20,14,0,41,0,4,21,2,27,7,24,35,2,68,62,0,62,130
05/08/2009,YKM,WA,ANM,WE,Federal Contract Tower,5,17,23,1,46,0,13,54,1,68,5,30,77,2,114,70,0,70,184
05/09/2009,YKM,WA,ANM,WE,Federal Contract Tower,7,10,7,0,24,0,1,58,0,59,7,11,65,0,83,93,0,93,176
05/10/2009,YKM,WA,ANM,WE,Federal Contract Tower,6,1,4,1,12,0,4,36,1,41,6,5,40,2,53,28,0,28,81
05/11/2009,YKM,WA,ANM,WE,Federal Contract Tower,7,11,11,0,29,0,8,14,0,22,7,19,25,0,51,68,0,68,119
05/12/2009,YKM,WA,ANM,WE,Federal Contract Tower,7,15,13,0,35,0,5,9,0,14,7,20,22,0,49,12,0,12,61
05/13/2009,YKM,WA,ANM,WE,Federal Contract Tower,7,17,7,7,38,0,4,34,4,42,7,21,41,11,80,92,16,108,188
05/14/2009,YKM,WA,ANM,WE,Federal Contract Tower,6,13,26,2,47,0,6,15,2,23,6,19,41,4,70,20,4,24,94
05/15/2009,YKM,WA,ANM,WE,Federal Contract Tower,4,12,31,2,49,0,8,45,0,53,4,20,76,2,102,37,0,37,139
05/16/2009,YKM,WA,ANM,WE,Federal Contract Tower,6,6,13,0,25,0,2,74,2,78,6,8,87,2,103,76,0,76,179
05/17/2009,YKM,WA,ANM,WE,Federal Contract Tower,7,0,9,4,20,0,0,57,0,57,7,0,66,4,77,34,0,34,111
05/18/2009,YKM,WA,ANM,WE,Federal Contract Tower,7,21,12,13,53,0,9,44,0,53,7,30,56,13,106,61,0,61,167
05/19/2009,YKM,WA,ANM,WE,Federal Contract Tower,6,12,18,4,40,0,6,12,0,18,6,18,30,4,58,35,0,35,93
05/20/2009,YKM,WA,ANM,WE,Federal Contract Tower,4,12,8,8,32,0,12,33,3,48,4,24,41,11,80,122,16,138,218
05/21/2009,YKM,WA,ANM,WE,Federal Contract Tower,5,12,16,0,33,0,11,51,0,62,5,23,67,0,95,84,0,84,179
05/22/2009,YKM,WA,ANM,WE,Federal Contract Tower,7,15,34,1,57,0,9,60,1,70,7,24,94,2,127,126,0,126,253
05/23/2009,YKM,WA,ANM,WE,Federal Contract Tower,5,8,1,0,14,0,1,51,0,52,5,9,52,0,66,114,0,114,180
05/24/2009,YKM,WA,ANM,WE,Federal Contract Tower,6,0,3,0,9,0,2,34,0,36,6,2,37,0,45,14,0,14,59
05/25/2009,YKM,WA,ANM,WE,Federal Contract Tower,5,0,12,0,17,0,0,61,0,61,5,0,73,0,78,63,0,63,141
05/26/2009,YKM,WA,ANM,WE,Federal Contract Tower,7,14,12,19,52,0,6,32,0,38,7,20,44,19,90,46,36,82,172
05/27/2009,YKM,WA,ANM,WE,Federal Contract Tower,6,15,16,0,37,0,6,47,0,53,6,21,63,0,90,63,0,63,153
05/28/2009,YKM,WA,ANM,WE,Federal Contract Tower,7,16,13,7,43,0,10,53,5,68,7,26,66,12,111,108,8,116,227
05/29/2009,YKM,WA,ANM,WE,Federal Contract Tower,6,13,33,2,54,0,8,48,2,58,6,21,81,4,112,76,0,76,188
05/30/2009,YKM,WA,ANM,WE,Federal Contract Tower,6,7,11,0,24,0,0,59,0,59,6,7,70,0,83,66,0,66,149
05/31/2009,YKM,WA,ANM,WE,Federal Contract Tower,7,0,12,0,19,0,0,35,0,35,7,0,47,0,54,19,0,19,73
06/01/2009,YKM,WA,ANM,WE,Federal Contract Tower,7,11,17,2,37,0,8,25,0,33,7,19,42,2,70,8,0,8,78
06/02/2009,YKM,WA,ANM,WE,Federal Contract Tower,4,13,20,2,39,0,8,15,0,23,4,21,35,2,62,28,0,28,90
06/03/2009,YKM,WA,ANM,WE,Federal Contract Tower,8,15,17,6,46,0,6,60,1,67,8,21,77,7,113,122,0,122,235
06/04/2009,YKM,WA,ANM,WE,Federal Contract Tower,12,11,19,8,50,0,12,35,3,50,12,23,54,11,100,66,0,66,166
06/05/2009,YKM,WA,ANM,WE,Federal Contract Tower,7,16,21,3,47,0,8,37,0,45,7,24,58,3,92,88,0,88,180
06/06/2009,YKM,WA,ANM,WE,Federal Contract Tower,8,9,7,0,24,0,0,36,3,39,8,9,43,3,63,54,0,54,117
06/07/2009,YKM,WA,ANM,WE,Federal Contract Tower,9,5,18,2,34,0,0,30,0,30,9,5,48,2,64,124,0,124,188
06/08/2009,YKM,WA,ANM,WE,Federal Contract Tower,7,6,30,2,45,0,9,33,0,42,7,15,63,2,87,112,0,112,199
06/09/2009,YKM,WA,ANM,WE,Federal Contract Tower,7,13,20,0,40,0,10,50,1,61,7,23,70,1,101,64,0,64,165
06/10/2009,YKM,WA,ANM,WE,Federal Contract Tower,7,17,27,2,53,0,6,39,1,46,7,23,66,3,99,18,0,18,117
06/11/2009,YKM,WA,ANM,WE,Federal Contract Tower,7,14,18,1,40,0,8,43,1,52,7,22,61,2,92,78,0,78,170
06/12/2009,YKM,WA,ANM,WE,Federal Contract Tower,7,14,13,0,34,0,9,43,0,52,7,23,56,0,86,89,0,89,175
06/13/2009,YKM,WA,ANM,WE,Federal Contract Tower,6,7,9,2,24,0,0,35,2,37,6,7,44,4,61,168,0,168,229
06/14/2009,YKM,WA,ANM,WE,Federal Contract Tower,7,2,7,0,16,0,0,22,0,22,7,2,29,0,38,50,0,50,88
06/15/2009,YKM,WA,ANM,WE,Federal Contract Tower,7,11,19,0,37,0,5,50,0,55,7,16,69,0,92,34,0,34,126
06/16/2009,YKM,WA,ANM,WE,Federal Contract Tower,7,10,5,5,27,0,10,51,1,62,7,20,56,6,89,61,0,61,150
06/17/2009,YKM,WA,ANM,WE,Federal Contract Tower,6,16,17,9,48,0,7,42,0,49,6,23,59,9,97,60,2,62,159
06/18/2009,YKM,WA,ANM,WE,Federal Contract Tower,7,12,17,4,40,0,7,46,2,55,7,19,63,6,95,23,0,23,118
06/19/2009,YKM,WA,ANM,WE,Federal Contract Tower,7,18,22,6,53,0,7,39,1,47,7,25,61,7,100,30,0,30,130
06/20/2009,YKM,WA,ANM,WE,Federal Contract Tower,5,6,20,0,31,0,1,76,0,77,5,7,96,0,108,108,0,108,216
06/21/2009,YKM,WA,ANM,WE,Federal Contract Tower,7,2,4,3,16,0,0,13,1,14,7,2,17,4,30,6,2,8,38
06/22/2009,YKM,WA,ANM,WE,Federal Contract Tower,7,10,17,3,37,0,9,51,1,61,7,19,68,4,98,98,0,98,196
06/23/2009,YKM,WA,ANM,WE,Federal Contract Tower,7,13,10,10,40,0,10,43,7,60,7,23,53,17,100,103,4,107,207
06/24/2009,YKM,WA,ANM,WE,Federal Contract Tower,5,17,21,5,48,0,10,52,4,66,5,27,73,9,114,28,4,32,146
06/25/2009,YKM,WA,ANM,WE,Federal Contract Tower,6,18,18,3,45,0,8,36,1,45,6,26,54,4,90,80,0,80,170
06/26/2009,YKM,WA,ANM,WE,Federal Contract Tower,7,23,13,2,45,0,8,77,2,87,7,31,90,4,132,131,0,131,263
06/27/2009,YKM,WA,ANM,WE,Federal Contract Tower,6,8,13,1,28,0,1,91,1,93,6,9,104,2,121,74,0,74,195
06/28/2009,YKM,WA,ANM,WE,Federal Contract Tower,7,0,10,0,17,0,0,36,0,36,7,0,46,0,53,64,0,64,117
06/29/2009,YKM,WA,ANM,WE,Federal Contract Tower,7,12,21,0,40,0,6,40,0,46,7,18,61,0,86,32,0,32,118
06/30/2009,YKM,WA,ANM,WE,Federal Contract Tower,7,12,11,6,36,0,10,41,0,51,7,22,52,6,87,42,18,60,147
07/01/2009,YKM,WA,ANM,WE,Federal Contract Tower,7,13,14,6,40,0,10,62,0,72,7,23,76,6,112,99,0,99,211
07/02/2009,YKM,WA,ANM,WE,Federal Contract Tower,7,17,14,0,38,0,6,69,0,75,7,23,83,0,113,39,0,39,152
07/03/2009,YKM,WA,ANM,WE,Federal Contract Tower,6,10,12,0,28,0,9,42,0,51,6,19,54,0,79,61,0,61,140
07/04/2009,YKM,WA,ANM,WE,Federal Contract Tower,8,0,4,0,12,0,0,52,0,52,8,0,56,0,64,32,0,32,96
07/05/2009,YKM,WA,ANM,WE,Federal Contract Tower,6,0,7,0,13,0,0,39,0,39,6,0,46,0,52,76,0,76,128
07/06/2009,YKM,WA,ANM,WE,Federal Contract Tower,7,10,16,0,33,0,8,20,0,28,7,18,36,0,61,57,0,57,118
07/07/2009,YKM,WA,ANM,WE,Federal Contract Tower,7,13,7,6,33,0,8,22,2,32,7,21,29,8,65,30,30,60,125
07/08/2009,YKM,WA,ANM,WE,Federal Contract Tower,9,11,17,4,41,0,9,56,4,69,9,20,73,8,110,112,0,112,222
07/09/2009,YKM,WA,ANM,WE,Federal Contract Tower,7,18,18,2,45,0,6,59,1,66,7,24,77,3,111,131,8,139,250
07/10/2009,YKM,WA,ANM,WE,Federal Contract Tower,5,13,21,1,40,0,11,72,3,86,5,24,93,4,126,114,0,114,240
07/11/2009,YKM,WA,ANM,WE,Federal Contract Tower,6,5,8,0,19,0,1,64,0,65,6,6,72,0,84,60,0,60,144
07/12/2009,YKM,WA,ANM,WE,Federal Contract Tower,7,0,6,0,13,0,0,51,1,52,7,0,57,1,65,60,0,60,125
07/13/2009,YKM,WA,ANM,WE,Federal Contract Tower,7,10,11,0,28,0,6,44,0,50,7,16,55,0,78,110,0,110,188
07/14/2009,YKM,WA,ANM,WE,Federal Contract Tower,7,11,7,3,28,0,7,66,1,74,7,18,73,4,102,127,2,129,231
07/15/2009,YKM,WA,ANM,WE,Federal Contract Tower,5,10,23,0,38,0,13,53,2,68,5,23,76,2,106,108,0,108,214
07/16/2009,YKM,WA,ANM,WE,Federal Contract Tower,6,13,16,3,38,0,9,60,2,71,6,22,76,5,109,34,0,34,143
07/17/2009,YKM,WA,ANM,WE,Federal Contract Tower,7,13,16,2,38,0,7,63,0,70,7,20,79,2,108,52,0,52,160
07/18/2009,YKM,WA,ANM,WE,Federal Contract Tower,6,6,14,3,29,0,2,36,1,39,6,8,50,4,68,68,0,68,136
07/19/2009,YKM,WA,ANM,WE,Federal Contract Tower,7,1,16,0,24,0,4,53,0,57,7,5,69,0,81,60,0,60,141
07/20/2009,YKM,WA,ANM,WE,Federal Contract Tower,7,16,18,7,48,0,3,34,2,39,7,19,52,9,87,77,0,77,164
07/21/2009,YKM,WA,ANM,WE,Federal Contract Tower,7,14,16,5,42,0,12,63,5,80,7,26,79,10,122,68,8,76,198
07/22/2009,YKM,WA,ANM,WE,Federal Contract Tower,7,9,14,7,37,0,13,53,1,67,7,22,67,8,104,73,10,83,187
07/23/2009,YKM,WA,ANM,WE,Federal Contract Tower,6,16,14,4,40,0,9,57,0,66,6,25,71,4,106,90,0,90,196
07/24/2009,YKM,WA,ANM,WE,Federal Contract Tower,7,22,19,3,51,0,8,57,8,73,7,30,76,11,124,163,47,210,334
07/25/2009,YKM,WA,ANM,WE,Federal Contract Tower,6,5,5,0,16,0,0,44,0,44,6,5,49,0,60,80,0,80,140
07/26/2009,YKM,WA,ANM,WE,Federal Contract Tower,7,2,8,2,19,0,0,40,5,45,7,2,48,7,64,52,92,144,208
07/27/2009,YKM,WA,ANM,WE,Federal Contract Tower,6,11,20,2,39,0,7,58,4,69,6,18,78,6,108,60,44,104,212
07/28/2009,YKM,WA,ANM,WE,Federal Contract Tower,7,12,13,9,41,0,8,71,14,93,7,20,84,23,134,73,34,107,241
07/29/2009,YKM,WA,ANM,WE,Federal Contract Tower,5,17,26,0,48,0,6,49,0,55,5,23,75,0,103,40,0,40,143
07/30/2009,YKM,WA,ANM,WE,Federal Contract Tower,5,18,9,7,39,0,8,56,3,67,5,26,65,10,106,54,16,70,176
07/31/2009,YKM,WA,ANM,WE,Federal Contract Tower,7,19,9,0,35,0,6,59,2,67,7,25,68,2,102,50,12,62,164
08/01/2009,YKM,WA,ANM,WE,Federal Contract Tower,6,6,6,0,18,0,1,51,3,55,6,7,57,3,73,30,0,30,103
08/02/2009,YKM,WA,ANM,WE,Federal Contract Tower,6,2,10,5,23,0,1,47,0,48,6,3,57,5,71,24,0,24,95
08/03/2009,YKM,WA,ANM,WE,Federal Contract Tower,5,11,20,0,36,0,6,57,2,65,5,17,77,2,101,30,0,30,131
08/04/2009,YKM,WA,ANM,WE,Federal Contract Tower,7,14,24,5,50,0,6,70,1,77,7,20,94,6,127,26,0,26,153
08/05/2009,YKM,WA,ANM,WE,Federal Contract Tower,9,16,20,9,54,0,6,65,5,76,9,22,85,14,130,92,0,92,222
08/06/2009,YKM,WA,ANM,WE,Federal Contract Tower,7,19,11,0,37,0,7,58,0,65,7,26,69,0,102,61,0,61,163
08/07/2009,YKM,WA,ANM,WE,Federal Contract Tower,7,17,20,5,49,0,7,46,2,55,7,24,66,7,104,102,2,104,208
08/08/2009,YKM,WA,ANM,WE,Federal Contract Tower,8,9,10,2,29,0,0,65,12,77,8,9,75,14,106,99,12,111,217
08/09/2009,YKM,WA,ANM,WE,Federal Contract Tower,7,0,16,6,29,0,0,43,0,43,7,0,59,6,72,36,0,36,108
08/10/2009,YKM,WA,ANM,WE,Federal Contract Tower,5,14,16,2,37,0,4,25,0,29,5,18,41,2,66,63,2,65,131
08/11/2009,YKM,WA,ANM,WE,Federal Contract Tower,7,14,10,4,35,0,5,45,0,50,7,19,55,4,85,54,0,54,139
08/12/2009,YKM,WA,ANM,WE,Federal Contract Tower,7,14,28,2,51,0,5,57,1,63,7,19,85,3,114,99,0,99,213
08/13/2009,YKM,WA,ANM,WE,Federal Contract Tower,9,15,21,2,47,0,5,45,0,50,9,20,66,2,97,54,0,54,151
08/14/2009,YKM,WA,ANM,WE,Federal Contract Tower,5,17,25,1,48,0,5,43,3,51,5,22,68,4,99,56,0,56,155
08/15/2009,YKM,WA,ANM,WE,Federal Contract Tower,6,7,18,0,31,0,3,52,0,55,6,10,70,0,86,84,0,84,170
08/16/2009,YKM,WA,ANM,WE,Federal Contract Tower,5,1,12,3,21,0,0,48,1,49,5,1,60,4,70,78,0,78,148
08/17/2009,YKM,WA,ANM,WE,Federal Contract Tower,7,9,12,1,29,0,5,71,0,76,7,14,83,1,105,30,0,30,135
08/18/2009,YKM,WA,ANM,WE,Federal Contract Tower,6,12,8,2,28,0,5,53,2,60,6,17,61,4,88,23,3,26,114
08/19/2009,YKM,WA,ANM,WE,Federal Contract Tower,7,19,27,0,53,0,8,60,0,68,7,27,87,0,121,79,0,79,200
08/20/2009,YKM,WA,ANM,WE,Federal Contract Tower,6,21,8,6,41,0,8,62,1,71,6,29,70,7,112,68,6,74,186
08/21/2009,YKM,WA,ANM,WE,Federal Contract Tower,7,18,18,0,43,0,8,61,0,69,7,26,79,0,112,127,0,127,239
08/22/2009,YKM,WA,ANM,WE,Federal Contract Tower,5,6,25,0,36,0,0,77,0,77,5,6,102,0,113,114,0,114,227
08/23/2009,YKM,WA,ANM,WE,Federal Contract Tower,7,0,10,0,17,0,0,39,0,39,7,0,49,0,56,6,0,6,62
08/24/2009,YKM,WA,ANM,WE,Federal Contract Tower,6,11,8,2,27,0,8,38,1,47,6,19,46,3,74,19,0,19,93
08/25/2009,YKM,WA,ANM,WE,Federal Contract Tower,7,13,14,0,34,0,6,48,0,54,7,19,62,0,88,46,0,46,134
08/26/2009,YKM,WA,ANM,WE,Federal Contract Tower,7,19,23,0,49,0,3,47,0,50,7,22,70,0,99,88,0,88,187
08/27/2009,YKM,WA,ANM,WE,Federal Contract Tower,6,17,22,0,45,0,8,54,2,64,6,25,76,2,109,71,10,81,190
08/28/2009,YKM,WA,ANM,WE,Federal Contract Tower,6,17,16,3,42,0,4,62,0,66,6,21,78,3,108,18,0,18,126
08/29/2009,YKM,WA,ANM,WE,Federal Contract Tower,8,6,7,0,21,0,1,44,0,45,8,7,51,0,66,34,0,34,100
08/30/2009,YKM,WA,ANM,WE,Federal Contract Tower,7,0,15,0,22,0,0,52,2,54,7,0,67,2,76,42,0,42,118
08/31/2009,YKM,WA,ANM,WE,Federal Contract Tower,7,14,14,0,35,0,3,43,0,46,7,17,57,0,81,41,0,41,122
09/01/2009,YKM,WA,ANM,WE,Federal Contract Tower,9,9,7,2,27,0,7,35,4,46,9,16,42,6,73,10,11,21,94
09/02/2009,YKM,WA,ANM,WE,Federal Contract Tower,7,12,20,4,43,0,6,59,1,66,7,18,79,5,109,60,0,60,169
09/03/2009,YKM,WA,ANM,WE,Federal Contract Tower,7,14,12,2,35,0,7,38,0,45,7,21,50,2,80,44,26,70,150
09/04/2009,YKM,WA,ANM,WE,Federal Contract Tower,7,23,21,0,51,0,8,68,0,76,7,31,89,0,127,51,0,51,178
09/05/2009,YKM,WA,ANM,WE,Federal Contract Tower,6,7,11,0,24,0,0,26,0,26,6,7,37,0,50,24,0,24,74
09/06/2009,YKM,WA,ANM,WE,Federal Contract Tower,6,4,12,0,22,0,0,19,0,19,6,4,31,0,41,36,0,36,77
09/07/2009,YKM,WA,ANM,WE,Federal Contract Tower,7,0,17,0,24,0,0,53,0,53,7,0,70,0,77,119,0,119,196
09/08/2009,YKM,WA,ANM,WE,Federal Contract Tower,7,16,14,4,41,0,3,50,0,53,7,19,64,4,94,78,2,80,174
09/09/2009,YKM,WA,ANM,WE,Federal Contract Tower,7,11,11,0,29,0,6,52,2,60,7,17,63,2,89,95,12,107,196
09/10/2009,YKM,WA,ANM,WE,Federal Contract Tower,7,11,25,8,51,0,8,61,3,72,7,19,86,11,123,105,0,105,228
09/11/2009,YKM,WA,ANM,WE,Federal Contract Tower,7,14,29,1,51,0,6,68,1,75,7,20,97,2,126,136,0,136,262
09/12/2009,YKM,WA,ANM,WE,Federal Contract Tower,6,7,19,0,32,0,0,68,0,68,6,7,87,0,100,18,0,18,118
09/13/2009,YKM,WA,ANM,WE,Federal Contract Tower,7,1,8,0,16,0,0,55,0,55,7,1,63,0,71,28,0,28,99
09/14/2009,YKM,WA,ANM,WE,Federal Contract Tower,6,13,13,3,35,0,3,46,1,50,6,16,59,4,85,4,2,6,91
09/15/2009,YKM,WA,ANM,WE,Federal Contract Tower,7,8,20,7,42,0,10,50,4,64,7,18,70,11,106,50,5,55,161
09/16/2009,YKM,WA,ANM,WE,Federal Contract Tower,7,13,17,2,39,0,3,54,4,61,7,16,71,6,100,60,0,60,160
09/17/2009,YKM,WA,ANM,WE,Federal Contract Tower,7,13,13,5,38,0,3,57,2,62,7,16,70,7,100,95,23,118,218
09/18/2009,YKM,WA,ANM,WE,Federal Contract Tower,5,15,18,8,46,0,4,95,4,103,5,19,113,12,149,92,0,92,241
09/19/2009,YKM,WA,ANM,WE,Federal Contract Tower,8,6,7,0,21,0,1,74,0,75,8,7,81,0,96,68,0,68,164
09/20/2009,YKM,WA,ANM,WE,Federal Contract Tower,8,0,6,0,14,0,82,0,0,82,8,82,6,0,96,112,0,112,208
09/21/2009,YKM,WA,ANM,WE,Federal Contract Tower,8,17,13,5,43,0,1,53,1,55,8,18,66,6,98,51,0,51,149
09/22/2009,YKM,WA,ANM,WE,Federal Contract Tower,7,14,6,5,32,0,9,63,0,72,7,23,69,5,104,37,13,50,154
09/23/2009,YKM,WA,ANM,WE,Federal Contract Tower,9,16,21,0,46,0,6,76,0,82,9,22,97,0,128,94,0,94,222
09/24/2009,YKM,WA,ANM,WE,Federal Contract Tower,7,15,14,2,38,0,3,60,0,63,7,18,74,2,101,52,0,52,153
09/25/2009,YKM,WA,ANM,WE,Federal Contract Tower,7,14,21,2,44,0,7,67,4,78,7,21,88,6,122,129,10,139,261
09/26/2009,YKM,WA,ANM,WE,Federal Contract Tower,6,8,4,0,18,0,2,71,0,73,6,10,75,0,91,69,0,69,160
09/27/2009,YKM,WA,ANM,WE,Federal Contract Tower,6,0,13,0,19,0,0,74,0,74,6,0,87,0,93,80,0,80,173
09/28/2009,YKM,WA,ANM,WE,Federal Contract Tower,7,9,13,5,34,0,7,24,0,31,7,16,37,5,65,6,10,16,81
09/29/2009,YKM,WA,ANM,WE,Federal Contract Tower,5,13,8,4,30,0,4,39,4,47,5,17,47,8,77,19,2,21,98
09/30/2009,YKM,WA,ANM,WE,Federal Contract Tower,7,15,20,6,48,0,8,47,2,57,7,23,67,8,105,26,0,26,131
10/01/2009,YKM,WA,ANM,WE,Federal Contract Tower,7,7,8,6,28,0,5,41,3,49,7,12,49,9,77,52,13,65,142
10/02/2009,YKM,WA,ANM,WE,Federal Contract Tower,7,11,11,0,29,0,8,44,0,52,7,19,55,0,81,53,0,53,134
10/03/2009,YKM,WA,ANM,WE,Federal Contract Tower,6,5,8,0,19,0,2,37,0,39,6,7,45,0,58,30,0,30,88
10/04/2009,YKM,WA,ANM,WE,Federal Contract Tower,7,0,9,0,16,0,0,6,0,6,7,0,15,0,22,0,0,0,22
10/05/2009,YKM,WA,ANM,WE,Federal Contract Tower,7,13,13,0,33,0,5,47,2,54,7,18,60,2,87,59,0,59,146
10/06/2009,YKM,WA,ANM,WE,Federal Contract Tower,7,9,12,0,28,0,7,39,0,46,7,16,51,0,74,85,0,85,159
10/07/2009,YKM,WA,ANM,WE,Federal Contract Tower,7,7,15,1,30,0,11,59,0,70,7,18,74,1,100,59,0,59,159
10/08/2009,YKM,WA,ANM,WE,Federal Contract Tower,7,12,10,0,29,0,5,66,0,71,7,17,76,0,100,82,0,82,182
10/09/2009,YKM,WA,ANM,WE,Federal Contract Tower,5,13,17,0,35,0,6,48,0,54,5,19,65,0,89,48,0,48,137
10/10/2009,YKM,WA,ANM,WE,Federal Contract Tower,6,10,7,0,23,0,1,85,0,86,6,11,92,0,109,70,0,70,179
10/11/2009,YKM,WA,ANM,WE,Federal Contract Tower,7,0,8,0,15,0,0,47,0,47,7,0,55,0,62,96,0,96,158
10/12/2009,YKM,WA,ANM,WE,Federal Contract Tower,7,7,20,0,34,0,1,41,0,42,7,8,61,0,76,73,0,73,149
10/13/2009,YKM,WA,ANM,WE,Federal Contract Tower,7,17,9,2,35,0,3,12,0,15,7,20,21,2,50,45,0,45,95
10/14/2009,YKM,WA,ANM,WE,Federal Contract Tower,7,18,19,10,54,0,4,18,0,22,7,22,37,10,76,8,0,8,84
10/15/2009,YKM,WA,ANM,WE,Federal Contract Tower,7,20,7,10,44,0,5,22,2,29,7,25,29,12,73,58,10,68,141
10/16/2009,YKM,WA,ANM,WE,Federal Contract Tower,7,14,15,0,36,0,9,42,5,56,7,23,57,5,92,68,0,68,160
10/17/2009,YKM,WA,ANM,WE,Federal Contract Tower,6,7,3,6,22,0,1,34,2,37,6,8,37,8,59,50,0,50,109
10/18/2009,YKM,WA,ANM,WE,Federal Contract Tower,7,2,11,0,20,0,0,32,0,32,7,2,43,0,52,51,0,51,103
10/19/2009,YKM,WA,ANM,WE,Federal Contract Tower,7,14,10,2,33,0,6,34,4,44,7,20,44,6,77,54,6,60,137
10/20/2009,YKM,WA,ANM,WE,Federal Contract Tower,7,17,17,0,41,0,5,47,2,54,7,22,64,2,95,39,0,39,134
10/21/2009,YKM,WA,ANM,WE,Federal Contract Tower,7,21,22,2,52,0,3,30,6,39,7,24,52,8,91,21,0,21,112
10/22/2009,YKM,WA,ANM,WE,Federal Contract Tower,7,18,10,2,37,0,2,51,4,57,7,20,61,6,94,99,0,99,193
10/23/2009,YKM,WA,ANM,WE,Federal Contract Tower,7,20,15,3,45,0,2,27,1,30,7,22,42,4,75,43,0,43,118
10/24/2009,YKM,WA,ANM,WE,Federal Contract Tower,6,9,10,0,25,0,4,40,0,44,6,13,50,0,69,18,0,18,87
10/25/2009,YKM,WA,ANM,WE,Federal Contract Tower,7,2,11,3,23,0,0,29,1,30,7,2,40,4,53,13,0,13,66
10/26/2009,YKM,WA,ANM,WE,Federal Contract Tower,7,13,13,3,36,0,2,10,3,15,7,15,23,6,51,24,0,24,75
10/27/2009,YKM,WA,ANM,WE,Federal Contract Tower,7,11,9,9,36,0,5,18,6,29,7,16,27,15,65,14,8,22,87
10/28/2009,YKM,WA,ANM,WE,Federal Contract Tower,7,12,8,9,36,0,5,49,10,64,7,17,57,19,100,27,3,30,130
10/29/2009,YKM,WA,ANM,WE,Federal Contract Tower,7,19,14,1,41,0,0,1,0,1,7,19,15,1,42,32,0,32,74
10/30/2009,YKM,WA,ANM,WE,Federal Contract Tower,7,16,19,2,44,0,3,27,0,30,7,19,46,2,74,92,0,92,166
10/31/2009,YKM,WA,ANM,WE,Federal Contract Tower,6,6,6,0,18,0,3,16,0,19,6,9,22,0,37,58,0,58,95
11/01/2009,YKM,WA,ANM,WE,Federal Contract Tower,7,0,10,0,17,0,2,47,0,49,7,2,57,0,66,82,0,82,148
11/02/2009,YKM,WA,ANM,WE,Federal Contract Tower,7,12,12,2,33,0,4,36,1,41,7,16,48,3,74,42,2,44,118
11/03/2009,YKM,WA,ANM,WE,Federal Contract Tower,7,13,23,1,44,0,5,54,0,59,7,18,77,1,103,52,0,52,155
11/04/2009,YKM,WA,ANM,WE,Federal Contract Tower,7,17,16,1,41,0,4,35,3,42,7,21,51,4,83,98,7,105,188
11/05/2009,YKM,WA,ANM,WE,Federal Contract Tower,7,18,10,5,40,0,2,31,1,34,7,20,41,6,74,68,38,106,180
11/06/2009,YKM,WA,ANM,WE,Federal Contract Tower,7,20,13,0,40,0,2,21,1,24,7,22,34,1,64,24,8,32,96
11/07/2009,YKM,WA,ANM,WE,Federal Contract Tower,5,6,1,0,12,0,1,13,6,20,5,7,14,6,32,33,22,55,87
11/08/2009,YKM,WA,ANM,WE,Federal Contract Tower,8,0,8,3,19,0,0,26,6,32,8,0,34,9,51,26,0,26,77
11/09/2009,YKM,WA,ANM,WE,Federal Contract Tower,7,17,14,0,38,0,3,15,0,18,7,20,29,0,56,40,0,40,96
11/10/2009,YKM,WA,ANM,WE,Federal Contract Tower,7,16,16,5,44,0,3,45,0,48,7,19,61,5,92,39,1,40,132
11/11/2009,YKM,WA,ANM,WE,Federal Contract Tower,9,9,12,2,32,0,3,43,0,46,9,12,55,2,78,72,0,72,150
11/12/2009,YKM,WA,ANM,WE,Federal Contract Tower,7,16,22,10,55,0,7,53,3,63,7,23,75,13,118,66,0,66,184
11/13/2009,YKM,WA,ANM,WE,Federal Contract Tower,7,17,14,0,38,0,1,25,0,26,7,18,39,0,64,52,0,52,116
11/14/2009,YKM,WA,ANM,WE,Federal Contract Tower,6,8,13,0,27,0,0,65,0,65,6,8,78,0,92,101,0,101,193
11/15/2009,YKM,WA,ANM,WE,Federal Contract Tower,7,0,5,0,12,0,0,10,0,10,7,0,15,0,22,28,2,30,52
11/16/2009,YKM,WA,ANM,WE,Federal Contract Tower,7,14,9,2,32,0,0,16,0,16,7,14,25,2,48,26,0,26,74
11/17/2009,YKM,WA,ANM,WE,Federal Contract Tower,7,25,2,2,36,0,3,6,0,9,7,28,8,2,45,6,0,6,51
11/18/2009,YKM,WA,ANM,WE,Federal Contract Tower,7,23,12,5,47,0,10,36,1,47,7,33,48,6,94,7,0,7,101
11/19/2009,YKM,WA,ANM,WE,Federal Contract Tower,8,17,18,0,43,0,2,19,4,25,8,19,37,4,68,24,10,34,102
11/20/2009,YKM,WA,ANM,WE,Federal Contract Tower,7,13,14,1,35,0,6,24,0,30,7,19,38,1,65,84,2,86,151
11/21/2009,YKM,WA,ANM,WE,Federal Contract Tower,8,11,6,0,25,0,0,42,0,42,8,11,48,0,67,89,0,89,156
11/22/2009,YKM,WA,ANM,WE,Federal Contract Tower,7,0,6,0,13,0,0,11,0,11,7,0,17,0,24,40,0,40,64
11/23/2009,YKM,WA,ANM,WE,Federal Contract Tower,7,16,10,0,33,0,2,21,0,23,7,18,31,0,56,28,0,28,84
11/24/2009,YKM,WA,ANM,WE,Federal Contract Tower,7,18,5,5,35,0,1,30,1,32,7,19,35,6,67,34,5,39,106
11/25/2009,YKM,WA,ANM,WE,Federal Contract Tower,7,17,11,0,35,0,2,29,0,31,7,19,40,0,66,85,0,85,151
11/26/2009,YKM,WA,ANM,WE,Federal Contract Tower,6,0,0,0,6,0,0,1,0,1,6,0,1,0,7,37,0,37,44
11/27/2009,YKM,WA,ANM,WE,Federal Contract Tower,7,15,3,0,25,0,6,29,0,35,7,21,32,0,60,64,0,64,124
11/28/2009,YKM,WA,ANM,WE,Federal Contract Tower,9,7,7,0,23,0,0,42,0,42,9,7,49,0,65,48,0,48,113
11/29/2009,YKM,WA,ANM,WE,Federal Contract Tower,7,0,10,0,17,0,0,32,0,32,7,0,42,0,49,44,0,44,93
11/30/2009,YKM,WA,ANM,WE,Federal Contract Tower,7,13,9,2,31,0,1,14,0,15,7,14,23,2,46,18,10,28,74
12/01/2009,YKM,WA,ANM,WE,Federal Contract Tower,7,18,16,0,41,0,0,32,2,34,7,18,48,2,75,59,2,61,136
12/02/2009,YKM,WA,ANM,WE,Federal Contract Tower,7,13,15,0,35,0,7,42,2,51,7,20,57,2,86,26,6,32,118
12/03/2009,YKM,WA,ANM,WE,Federal Contract Tower,7,18,11,4,40,0,5,4,0,9,7,23,15,4,49,42,10,52,101
12/04/2009,YKM,WA,ANM,WE,Federal Contract Tower,7,18,19,6,50,0,0,11,0,11,7,18,30,6,61,54,0,54,115
12/05/2009,YKM,WA,ANM,WE,Federal Contract Tower,6,11,0,0,17,0,0,41,2,43,6,11,41,2,60,78,0,78,138
12/06/2009,YKM,WA,ANM,WE,Federal Contract Tower,7,0,5,0,12,0,0,1,0,1,7,0,6,0,13,0,0,0,13
12/07/2009,YKM,WA,ANM,WE,Federal Contract Tower,7,12,6,1,26,0,3,19,3,25,7,15,25,4,51,49,21,70,121
12/08/2009,YKM,WA,ANM,WE,Federal Contract Tower,9,15,3,4,31,0,7,36,2,45,9,22,39,6,76,33,40,73,149
12/09/2009,YKM,WA,ANM,WE,Federal Contract Tower,7,14,19,0,40,0,4,39,4,47,7,18,58,4,87,37,54,91,178
12/10/2009,YKM,WA,ANM,WE,Federal Contract Tower,7,15,12,0,34,0,5,33,2,40,7,20,45,2,74,7,28,35,109
12/11/2009,YKM,WA,ANM,WE,Federal Contract Tower,9,17,10,0,36,0,4,39,2,45,9,21,49,2,81,68,8,76,157
12/12/2009,YKM,WA,ANM,WE,Federal Contract Tower,6,7,8,0,21,0,2,45,2,49,6,9,53,2,70,92,0,92,162
12/13/2009,YKM,WA,ANM,WE,Federal Contract Tower,5,2,6,0,13,0,0,20,0,20,5,2,26,0,33,28,0,28,61
12/14/2009,YKM,WA,ANM,WE,Federal Contract Tower,7,16,6,0,29,0,0,8,1,9,7,16,14,1,38,50,2,52,90
12/15/2009,YKM,WA,ANM,WE,Federal Contract Tower,6,23,9,5,43,0,0,0,1,1,6,23,9,6,44,0,4,4,48
12/16/2009,YKM,WA,ANM,WE,Federal Contract Tower,7,24,13,0,44,0,0,6,0,6,7,24,19,0,50,6,0,6,56
12/17/2009,YKM,WA,ANM,WE,Federal Contract Tower,7,10,10,0,27,0,0,3,0,3,7,10,13,0,30,48,0,48,78
12/18/2009,YKM,WA,ANM,WE,Federal Contract Tower,5,8,6,2,21,0,0,0,0,0,5,8,6,2,21,0,0,0,21
12/19/2009,YKM,WA,ANM,WE,Federal Contract Tower,4,6,3,0,13,0,0,0,0,0,4,6,3,0,13,0,0,0,13
12/20/2009,YKM,WA,ANM,WE,Federal Contract Tower,7,0,6,0,13,0,0,0,0,0,7,0,6,0,13,0,0,0,13
12/21/2009,YKM,WA,ANM,WE,Federal Contract Tower,6,14,10,0,30,0,0,4,0,4,6,14,14,0,34,0,0,0,34
12/22/2009,YKM,WA,ANM,WE,Federal Contract Tower,6,20,10,8,44,0,1,47,1,49,6,21,57,9,93,32,7,39,132
12/23/2009,YKM,WA,ANM,WE,Federal Contract Tower,8,20,12,0,40,0,0,32,2,34,8,20,44,2,74,48,0,48,122
12/24/2009,YKM,WA,ANM,WE,Federal Contract Tower,8,18,7,0,33,0,1,14,0,15,8,19,21,0,48,48,0,48,96
12/25/2009,YKM,WA,ANM,WE,Federal Contract Tower,6,2,3,0,11,0,0,5,0,5,6,2,8,0,16,4,0,4,20
12/26/2009,YKM,WA,ANM,WE,Federal Contract Tower,7,5,7,0,19,0,2,43,0,45,7,7,50,0,64,16,0,16,80
12/27/2009,YKM,WA,ANM,WE,Federal Contract Tower,7,2,5,0,14,0,2,33,0,35,7,4,38,0,49,28,0,28,77
12/28/2009,YKM,WA,ANM,WE,Federal Contract Tower,9,17,6,0,32,0,0,9,0,9,9,17,15,0,41,0,0,0,41
12/29/2009,YKM,WA,ANM,WE,Federal Contract Tower,7,18,3,0,28,0,0,2,0,2,7,18,5,0,30,0,0,0,30
12/30/2009,YKM,WA,ANM,WE,Federal Contract Tower,7,22,14,0,43,0,0,0,0,0,7,22,14,0,43,0,0,0,43
12/31/2009,YKM,WA,ANM,WE,Federal Contract Tower,2,14,0,0,16,0,0,0,0,0,2,14,0,0,16,0,0,0,16
01/01/2010,YKM,WA,ANM,WE,Federal Contract Tower,7,4,2,0,13,0,0,0,0,0,7,4,2,0,13,0,0,0,13
01/02/2010,YKM,WA,ANM,WE,Federal Contract Tower,6,8,9,0,23,0,0,15,0,15,6,8,24,0,38,22,0,22,60
01/03/2010,YKM,WA,ANM,WE,Federal Contract Tower,7,2,4,0,13,0,0,4,0,4,7,2,8,0,17,0,0,0,17
01/04/2010,YKM,WA,ANM,WE,Federal Contract Tower,7,17,11,0,35,0,0,0,0,0,7,17,11,0,35,0,0,0,35
01/05/2010,YKM,WA,ANM,WE,Federal Contract Tower,7,17,7,0,31,0,0,1,0,1,7,17,8,0,32,28,0,28,60
01/06/2010,YKM,WA,ANM,WE,Federal Contract Tower,7,18,16,4,45,0,2,22,9,33,7,20,38,13,78,81,8,89,167
01/07/2010,YKM,WA,ANM,WE,Federal Contract Tower,6,16,23,0,45,0,2,43,2,47,6,18,66,2,92,48,4,52,144
01/08/2010,YKM,WA,ANM,WE,Federal Contract Tower,7,17,27,2,53,0,3,9,0,12,7,20,36,2,65,59,6,65,130
01/09/2010,YKM,WA,ANM,WE,Federal Contract Tower,6,4,7,0,17,0,0,20,3,23,6,4,27,3,40,82,0,82,122
01/10/2010,YKM,WA,ANM,WE,Federal Contract Tower,7,2,4,0,13,0,0,0,0,0,7,2,4,0,13,0,0,0,13
01/11/2010,YKM,WA,ANM,WE,Federal Contract Tower,7,15,7,0,29,0,0,12,0,12,7,15,19,0,41,54,0,54,95
01/12/2010,YKM,WA,ANM,WE,Federal Contract Tower,7,19,19,8,53,0,1,18,4,23,7,20,37,12,76,48,10,58,134
01/13/2010,YKM,WA,ANM,WE,Federal Contract Tower,7,18,8,10,43,0,0,0,0,0,7,18,8,10,43,0,0,0,43
01/14/2010,YKM,WA,ANM,WE,Federal Contract Tower,7,13,17,1,38,0,7,35,1,43,7,20,52,2,81,26,0,26,107
01/15/2010,YKM,WA,ANM,WE,Federal Contract Tower,7,18,16,0,41,0,2,21,0,23,7,20,37,0,64,73,0,73,137
01/16/2010,YKM,WA,ANM,WE,Federal Contract Tower,8,7,0,0,15,0,0,24,0,24,8,7,24,0,39,138,0,138,177
01/17/2010,YKM,WA,ANM,WE,Federal Contract Tower,7,0,8,0,15,0,0,0,0,0,7,0,8,0,15,0,0,0,15
01/18/2010,YKM,WA,ANM,WE,Federal Contract Tower,7,5,26,0,38,0,0,13,0,13,7,5,39,0,51,87,0,87,138
01/19/2010,YKM,WA,ANM,WE,Federal Contract Tower,7,17,24,5,53,0,1,19,8,28,7,18,43,13,81,64,16,80,161
01/20/2010,YKM,WA,ANM,WE,Federal Contract Tower,7,15,16,4,42,0,2,20,4,26,7,17,36,8,68,14,20,34,102
01/21/2010,YKM,WA,ANM,WE,Federal Contract Tower,7,17,22,3,49,0,1,30,7,38,7,18,52,10,87,66,20,86,173
01/22/2010,YKM,WA,ANM,WE,Federal Contract Tower,7,15,32,0,54,0,4,29,0,33,7,19,61,0,87,62,0,62,149
01/23/2010,YKM,WA,ANM,WE,Federal Contract Tower,8,5,8,0,21,0,3,27,0,30,8,8,35,0,51,112,0,112,163
01/24/2010,YKM,WA,ANM,WE,Federal Contract Tower,7,5,7,0,19,0,0,17,0,17,7,5,24,0,36,26,0,26,62
01/25/2010,YKM,WA,ANM,WE,Federal Contract Tower,7,17,14,2,40,0,0,1,0,1,7,17,15,2,41,7,2,9,50
01/26/2010,YKM,WA,ANM,WE,Federal Contract Tower,7,15,22,4,48,0,1,18,4,23,7,16,40,8,71,19,8,27,98
01/27/2010,YKM,WA,ANM,WE,Federal Contract Tower,7,19,14,0,40,0,0,5,4,9,7,19,19,4,49,50,8,58,107
01/28/2010,YKM,WA,ANM,WE,Federal Contract Tower,7,24,24,0,55,0,0,18,4,22,7,24,42,4,77,40,20,60,137
01/29/2010,YKM,WA,ANM,WE,Federal Contract Tower,7,19,25,0,51,0,2,35,0,37,7,21,60,0,88,90,6,96,184
01/30/2010,YKM,WA,ANM,WE,Federal Contract Tower,6,7,0,0,13,0,0,10,2,12,6,7,10,2,25,132,0,132,157
01/31/2010,YKM,WA,ANM,WE,Federal Contract Tower,9,4,8,0,21,0,0,13,0,13,9,4,21,0,34,32,0,32,66
02/01/2010,YKM,WA,ANM,WE,Federal Contract Tower,6,18,20,5,49,0,0,9,0,9,6,18,29,5,58,13,2,15,73
02/02/2010,YKM,WA,ANM,WE,Federal Contract Tower,7,18,6,6,37,0,0,4,2,6,7,18,10,8,43,16,0,16,59
02/03/2010,YKM,WA,ANM,WE,Federal Contract Tower,6,21,11,2,40,0,0,5,0,5,6,21,16,2,45,54,0,54,99
02/04/2010,YKM,WA,ANM,WE,Federal Contract Tower,9,21,3,0,33,0,0,6,2,8,9,21,9,2,41,54,10,64,105
02/05/2010,YKM,WA,ANM,WE,Federal Contract Tower,7,18,19,4,48,0,2,30,0,32,7,20,49,4,80,90,0,90,170
02/06/2010,YKM,WA,ANM,WE,Federal Contract Tower,6,9,9,0,24,0,0,23,0,23,6,9,32,0,47,112,0,112,159
02/07/2010,YKM,WA,ANM,WE,Federal Contract Tower,6,2,7,0,15,0,0,20,0,20,6,2,27,0,35,14,0,14,49
02/08/2010,YKM,WA,ANM,WE,Federal Contract Tower,9,17,12,0,38,0,0,5,0,5,9,17,17,0,43,6,0,6,49
02/09/2010,YKM,WA,ANM,WE,Federal Contract Tower,8,16,32,10,66,0,1,31,4,36,8,17,63,14,102,58,0,58,160
02/10/2010,YKM,WA,ANM,WE,Federal Contract Tower,8,18,30,10,66,0,1,38,5,44,8,19,68,15,110,62,8,70,180
02/11/2010,YKM,WA,ANM,WE,Federal Contract Tower,5,18,21,4,48,0,4,7,2,13,5,22,28,6,61,28,6,34,95
02/12/2010,YKM,WA,ANM,WE,Federal Contract Tower,7,19,18,4,48,0,0,17,0,17,7,19,35,4,65,51,0,51,116
02/13/2010,YKM,WA,ANM,WE,Federal Contract Tower,6,8,12,0,26,0,1,34,0,35,6,9,46,0,61,164,0,164,225
02/14/2010,YKM,WA,ANM,WE,Federal Contract Tower,7,2,3,0,12,0,0,33,0,33,7,2,36,0,45,50,0,50,95
02/15/2010,YKM,WA,ANM,WE,Federal Contract Tower,7,5,28,0,40,0,0,19,0,19,7,5,47,0,59,68,0,68,127
02/16/2010,YKM,WA,ANM,WE,Federal Contract Tower,6,19,11,2,38,0,0,19,0,19,6,19,30,2,57,8,2,10,67
02/17/2010,YKM,WA,ANM,WE,Federal Contract Tower,7,18,34,4,63,0,1,47,3,51,7,19,81,7,114,66,36,102,216
02/18/2010,YKM,WA,ANM,WE,Federal Contract Tower,7,15,17,9,48,0,3,75,2,80,7,18,92,11,128,103,4,107,235
02/19/2010,YKM,WA,ANM,WE,Federal Contract Tower,7,17,24,3,51,0,3,61,8,72,7,20,85,11,123,134,34,168,291
02/20/2010,YKM,WA,ANM,WE,Federal Contract Tower,6,6,16,2,30,0,1,51,2,54,6,7,67,4,84,55,2,57,141
02/21/2010,YKM,WA,ANM,WE,Federal Contract Tower,7,4,9,2,22,0,0,55,0,55,7,4,64,2,77,80,0,80,157
02/22/2010,YKM,WA,ANM,WE,Federal Contract Tower,6,14,18,3,41,0,1,29,2,32,6,15,47,5,73,121,10,131,204
02/23/2010,YKM,WA,ANM,WE,Federal Contract Tower,7,15,23,6,51,0,1,25,0,26,7,16,48,6,77,58,2,60,137
02/24/2010,YKM,WA,ANM,WE,Federal Contract Tower,7,19,29,10,65,0,0,33,2,35,7,19,62,12,100,103,34,137,237
02/25/2010,YKM,WA,ANM,WE,Federal Contract Tower,7,18,22,4,51,0,4,38,4,46,7,22,60,8,97,54,4,58,155
02/26/2010,YKM,WA,ANM,WE,Federal Contract Tower,7,18,15,3,43,0,0,8,0,8,7,18,23,3,51,82,0,82,133
02/27/2010,YKM,WA,ANM,WE,Federal Contract Tower,6,15,9,0,30,0,0,32,0,32,6,15,41,0,62,46,0,46,108
02/28/2010,YKM,WA,ANM,WE,Federal Contract Tower,7,1,13,0,21,0,0,42,0,42,7,1,55,0,63,32,0,32,95
03/01/2010,YKM,WA,ANM,WE,Federal Contract Tower,7,15,17,2,41,0,1,20,2,23,7,16,37,4,64,52,2,54,118
03/02/2010,YKM,WA,ANM,WE,Federal Contract Tower,7,17,19,9,52,0,1,37,3,41,7,18,56,12,93,21,10,31,124
03/03/2010,YKM,WA,ANM,WE,Federal Contract Tower,7,18,25,2,52,0,1,33,2,36,7,19,58,4,88,91,8,99,187
03/04/2010,YKM,WA,ANM,WE,Federal Contract Tower,7,16,14,0,37,0,3,54,0,57,7,19,68,0,94,26,0,26,120
03/05/2010,YKM,WA,ANM,WE,Federal Contract Tower,7,3,24,0,34,0,4,33,4,41,7,7,57,4,75,140,8,148,223
03/06/2010,YKM,WA,ANM,WE,Federal Contract Tower,6,6,12,0,24,0,1,84,0,85,6,7,96,0,109,56,0,56,165
03/07/2010,YKM,WA,ANM,WE,Federal Contract Tower,9,1,11,4,25,0,1,42,1,44,9,2,53,5,69,34,0,34,103
03/08/2010,YKM,WA,ANM,WE,Federal Contract Tower,7,11,9,0,27,0,4,9,0,13,7,15,18,0,40,32,0,32,72
03/09/2010,YKM,WA,ANM,WE,Federal Contract Tower,7,12,18,0,37,0,6,41,1,48,7,18,59,1,85,96,0,96,181
03/10/2010,YKM,WA,ANM,WE,Federal Contract Tower,7,13,17,6,43,0,3,24,0,27,7,16,41,6,70,48,0,48,118
03/11/2010,YKM,WA,ANM,WE,Federal Contract Tower,8,20,13,0,41,0,0,10,0,10,8,20,23,0,51,38,0,38,89
03/12/2010,YKM,WA,ANM,WE,Federal Contract Tower,7,15,11,0,33,0,3,8,0,11,7,18,19,0,44,27,0,27,71
03/13/2010,YKM,WA,ANM,WE,Federal Contract Tower,6,8,8,0,22,0,1,49,0,50,6,9,57,0,72,136,0,136,208
03/14/2010,YKM,WA,ANM,WE,Federal Contract Tower,7,2,6,2,17,0,0,40,0,40,7,2,46,2,57,130,0,130,187
03/15/2010,YKM,WA,ANM,WE,Federal Contract Tower,7,10,23,0,40,0,5,31,0,36,7,15,54,0,76,50,0,50,126
03/16/2010,YKM,WA,ANM,WE,Federal Contract Tower,6,13,15,0,34,0,3,21,2,26,6,16,36,2,60,50,0,50,110
03/17/2010,YKM,WA,ANM,WE,Federal Contract Tower,7,18,27,5,57,0,1,61,1,63,7,19,88,6,120,52,12,64,184
03/18/2010,YKM,WA,ANM,WE,Federal Contract Tower,7,11,16,1,35,0,10,51,2,63,7,21,67,3,98,20,4,24,122
03/19/2010,YKM,WA,ANM,WE,Federal Contract Tower,6,13,15,1,35,0,5,59,0,64,6,18,74,1,99,104,0,104,203
03/20/2010,YKM,WA,ANM,WE,Federal Contract Tower,6,7,16,0,29,0,0,72,0,72,6,7,88,0,101,76,0,76,177
03/21/2010,YKM,WA,ANM,WE,Federal Contract Tower,7,1,8,0,16,0,0,21,0,21,7,1,29,0,37,18,0,18,55
03/22/2010,YKM,WA,ANM,WE,Federal Contract Tower,7,11,14,1,33,0,4,32,1,37,7,15,46,2,70,32,0,32,102
03/23/2010,YKM,WA,ANM,WE,Federal Contract Tower,7,11,6,2,26,0,6,41,2,49,7,17,47,4,75,96,0,96,171
03/24/2010,YKM,WA,ANM,WE,Federal Contract Tower,7,21,8,0,36,0,4,53,3,60,7,25,61,3,96,78,2,80,176
03/25/2010,YKM,WA,ANM,WE,Federal Contract Tower,7,14,18,2,41,0,3,32,2,37,7,17,50,4,78,61,0,61,139
03/26/2010,YKM,WA,ANM,WE,Federal Contract Tower,7,13,14,0,34,0,5,40,0,45,7,18,54,0,79,68,0,68,147
03/27/2010,YKM,WA,ANM,WE,Federal Contract Tower,6,8,13,0,27,0,0,65,0,65,6,8,78,0,92,26,0,26,118
03/28/2010,YKM,WA,ANM,WE,Federal Contract Tower,6,0,7,0,13,0,0,12,0,12,6,0,19,0,25,24,0,24,49
03/29/2010,YKM,WA,ANM,WE,Federal Contract Tower,7,15,15,0,37,0,0,7,0,7,7,15,22,0,44,28,0,28,72
03/30/2010,YKM,WA,ANM,WE,Federal Contract Tower,6,12,9,0,27,0,3,43,4,50,6,15,52,4,77,82,2,84,161
03/31/2010,YKM,WA,ANM,WE,Federal Contract Tower,7,13,22,4,46,0,4,27,1,32,7,17,49,5,78,123,0,123,201
04/01/2010,YKM,WA,ANM,WE,Federal Contract Tower,7,11,19,0,37,0,7,34,0,41,7,18,53,0,78,112,0,112,190
04/02/2010,YKM,WA,ANM,WE,Federal Contract Tower,7,18,9,1,35,0,0,3,0,3,7,18,12,1,38,20,4,24,62
04/03/2010,YKM,WA,ANM,WE,Federal Contract Tower,6,6,13,0,25,0,1,32,0,33,6,7,45,0,58,87,0,87,145
04/04/2010,YKM,WA,ANM,WE,Federal Contract Tower,6,0,6,0,12,0,0,13,0,13,6,0,19,0,25,34,0,34,59
04/05/2010,YKM,WA,ANM,WE,Federal Contract Tower,7,13,20,2,42,0,3,18,0,21,7,16,38,2,63,81,0,81,144
04/06/2010,YKM,WA,ANM,WE,Federal Contract Tower,7,16,21,6,50,0,5,20,0,25,7,21,41,6,75,70,0,70,145
04/07/2010,YKM,WA,ANM,WE,Federal Contract Tower,7,17,19,3,46,0,5,55,1,61,7,22,74,4,107,59,4,63,170
04/08/2010,YKM,WA,ANM,WE,Federal Contract Tower,8,10,13,6,37,0,4,4,3,11,8,14,17,9,48,16,4,20,68
04/09/2010,YKM,WA,ANM,WE,Federal Contract Tower,7,14,11,0,32,0,2,35,2,39,7,16,46,2,71,136,0,136,207
04/10/2010,YKM,WA,ANM,WE,Federal Contract Tower,6,6,10,2,24,0,0,41,0,41,6,6,51,2,65,88,0,88,153
04/11/2010,YKM,WA,ANM,WE,Federal Contract Tower,7,0,10,0,17,0,0,49,0,49,7,0,59,0,66,27,0,27,93
04/12/2010,YKM,WA,ANM,WE,Federal Contract Tower,7,12,24,0,43,0,4,26,0,30,7,16,50,0,73,73,0,73,146
04/13/2010,YKM,WA,ANM,WE,Federal Contract Tower,5,13,24,2,44,0,1,34,2,37,5,14,58,4,81,61,38,99,180
04/14/2010,YKM,WA,ANM,WE,Federal Contract Tower,7,14,35,2,58,0,6,52,2,60,7,20,87,4,118,70,0,70,188
04/15/2010,YKM,WA,ANM,WE,Federal Contract Tower,7,13,10,0,30,0,2,29,0,31,7,15,39,0,61,56,0,56,117
04/16/2010,YKM,WA,ANM,WE,Federal Contract Tower,7,12,27,0,46,0,5,42,2,49,7,17,69,2,95,148,0,148,243
04/17/2010,YKM,WA,ANM,WE,Federal Contract Tower,6,4,10,0,20,0,3,43,0,46,6,7,53,0,66,50,0,50,116
04/18/2010,YKM,WA,ANM,WE,Federal Contract Tower,5,0,9,0,14,0,0,36,0,36,5,0,45,0,50,68,0,68,118
04/19/2010,YKM,WA,ANM,WE,Federal Contract Tower,6,15,17,1,39,0,4,30,0,34,6,19,47,1,73,98,0,98,171
04/20/2010,YKM,WA,ANM,WE,Federal Contract Tower,5,17,20,2,44,0,7,26,0,33,5,24,46,2,77,42,0,42,119
04/21/2010,YKM,WA,ANM,WE,Federal Contract Tower,7,19,13,2,41,0,4,15,0,19,7,23,28,2,60,12,0,12,72
04/22/2010,YKM,WA,ANM,WE,Federal Contract Tower,7,18,17,5,47,0,6,15,1,22,7,24,32,6,69,14,0,14,83
04/23/2010,YKM,WA,ANM,WE,Federal Contract Tower,7,10,18,0,35,0,6,72,2,80,7,16,90,2,115,82,4,86,201
04/24/2010,YKM,WA,ANM,WE,Federal Contract Tower,6,10,12,0,28,0,1,25,0,26,6,11,37,0,54,62,0,62,116
04/25/2010,YKM,WA,ANM,WE,Federal Contract Tower,7,0,14,0,21,0,0,55,0,55,7,0,69,0,76,0,102,102,178
04/26/2010,YKM,WA,ANM,WE,Federal Contract Tower,7,14,16,5,42,0,6,30,8,44,7,20,46,13,86,124,10,134,220
04/27/2010,YKM,WA,ANM,WE,Federal Contract Tower,7,13,26,4,50,0,8,20,0,28,7,21,46,4,78,110,0,110,188
04/28/2010,YKM,WA,ANM,WE,Federal Contract Tower,8,12,10,2,32,0,8,23,4,35,8,20,33,6,67,45,0,45,112
04/29/2010,YKM,WA,ANM,WE,Federal Contract Tower,9,9,10,4,32,0,5,17,0,22,9,14,27,4,54,52,0,52,106
04/30/2010,YKM,WA,ANM,WE,Federal Contract Tower,7,17,19,1,44,0,7,41,1,49,7,24,60,2,93,114,0,114,207
05/01/2010,YKM,WA,ANM,WE,Federal Contract Tower,8,10,8,0,26,0,1,42,0,43,8,11,50,0,69,72,0,72,141
05/02/2010,YKM,WA,ANM,WE,Federal Contract Tower,9,2,4,6,21,0,0,41,3,44,9,2,45,9,65,34,0,34,99
05/03/2010,YKM,WA,ANM,WE,Federal Contract Tower,7,9,11,0,27,0,2,4,0,6,7,11,15,0,33,4,0,4,37
05/04/2010,YKM,WA,ANM,WE,Federal Contract Tower,6,14,19,8,47,1,7,24,0,32,7,21,43,8,79,54,0,54,133
05/05/2010,YKM,WA,ANM,WE,Federal Contract Tower,7,17,22,6,52,0,5,33,2,40,7,22,55,8,92,21,0,21,113
05/06/2010,YKM,WA,ANM,WE,Federal Contract Tower,7,13,32,3,55,0,3,43,11,57,7,16,75,14,112,63,36,99,211
05/07/2010,YKM,WA,ANM,WE,Federal Contract Tower,7,12,39,0,58,0,6,51,4,61,7,18,90,4,119,140,0,140,259
05/08/2010,YKM,WA,ANM,WE,Federal Contract Tower,6,7,4,2,19,0,1,58,8,67,6,8,62,10,86,134,46,180,266
05/09/2010,YKM,WA,ANM,WE,Federal Contract Tower,7,0,11,3,21,0,0,40,3,43,7,0,51,6,64,46,14,60,124
05/10/2010,YKM,WA,ANM,WE,Federal Contract Tower,7,13,14,1,35,0,1,9,3,13,7,14,23,4,48,58,30,88,136
05/11/2010,YKM,WA,ANM,WE,Federal Contract Tower,7,11,18,7,43,0,4,43,10,57,7,15,61,17,100,45,0,45,145
05/12/2010,YKM,WA,ANM,WE,Federal Contract Tower,7,12,23,7,49,0,6,68,6,80,7,18,91,13,129,89,43,132,261
05/13/2010,YKM,WA,ANM,WE,Federal Contract Tower,7,14,28,5,54,0,5,54,1,60,7,19,82,6,114,83,0,83,197
05/14/2010,YKM,WA,ANM,WE,Federal Contract Tower,7,13,19,8,47,0,7,89,1,97,7,20,108,9,144,164,2,166,310
05/15/2010,YKM,WA,ANM,WE,Federal Contract Tower,6,10,3,4,23,0,1,84,0,85,6,11,87,4,108,58,0,58,166
05/16/2010,YKM,WA,ANM,WE,Federal Contract Tower,6,0,9,0,15,0,0,54,0,54,6,0,63,0,69,76,0,76,145
05/17/2010,YKM,WA,ANM,WE,Federal Contract Tower,6,11,23,3,43,0,5,30,0,35,6,16,53,3,78,108,2,110,188
05/18/2010,YKM,WA,ANM,WE,Federal Contract Tower,7,12,14,4,37,0,4,27,2,33,7,16,41,6,70,60,4,64,134
05/19/2010,YKM,WA,ANM,WE,Federal Contract Tower,6,21,24,2,53,0,6,37,1,44,6,27,61,3,97,14,0,14,111
05/20/2010,YKM,WA,ANM,WE,Federal Contract Tower,6,16,12,0,34,0,10,30,0,40,6,26,42,0,74,62,0,62,136
05/21/2010,YKM,WA,ANM,WE,Federal Contract Tower,7,11,12,0,30,0,3,45,2,50,7,14,57,2,80,118,0,118,198
05/22/2010,YKM,WA,ANM,WE,Federal Contract Tower,6,7,10,0,23,0,0,50,0,50,6,7,60,0,73,88,0,88,161
05/23/2010,YKM,WA,ANM,WE,Federal Contract Tower,7,0,5,0,12,0,0,39,0,39,7,0,44,0,51,98,0,98,149
05/24/2010,YKM,WA,ANM,WE,Federal Contract Tower,7,10,22,0,39,0,3,53,0,56,7,13,75,0,95,99,0,99,194
05/25/2010,YKM,WA,ANM,WE,Federal Contract Tower,7,16,16,0,39,0,6,35,0,41,7,22,51,0,80,110,0,110,190
05/26/2010,YKM,WA,ANM,WE,Federal Contract Tower,6,15,14,6,41,0,3,24,2,29,6,18,38,8,70,24,0,24,94
05/27/2010,YKM,WA,ANM,WE,Federal Contract Tower,9,15,27,0,51,0,4,12,0,16,9,19,39,0,67,40,0,40,107
05/28/2010,YKM,WA,ANM,WE,Federal Contract Tower,7,20,12,0,39,0,2,25,0,27,7,22,37,0,66,63,0,63,129
05/29/2010,YKM,WA,ANM,WE,Federal Contract Tower,5,10,10,0,25,0,0,38,0,38,5,10,48,0,63,88,0,88,151
05/30/2010,YKM,WA,ANM,WE,Federal Contract Tower,8,2,7,0,17,0,0,55,0,55,8,2,62,0,72,60,0,60,132
05/31/2010,YKM,WA,ANM,WE,Federal Contract Tower,6,3,20,0,29,0,0,21,0,21,6,3,41,0,50,54,0,54,104
06/01/2010,YKM,WA,ANM,WE,Federal Contract Tower,7,12,17,0,36,0,5,42,0,47,7,17,59,0,83,73,2,75,158
06/02/2010,YKM,WA,ANM,WE,Federal Contract Tower,6,17,12,8,43,0,1,16,1,18,6,18,28,9,61,49,0,49,110
06/03/2010,YKM,WA,ANM,WE,Federal Contract Tower,7,14,24,2,47,0,6,57,0,63,7,20,81,2,110,133,0,133,243
06/04/2010,YKM,WA,ANM,WE,Federal Contract Tower,7,16,9,8,40,0,3,23,0,26,7,19,32,8,66,20,0,20,86
06/05/2010,YKM,WA,ANM,WE,Federal Contract Tower,6,8,15,5,34,0,1,84,3,88,6,9,99,8,122,116,8,124,246
06/06/2010,YKM,WA,ANM,WE,Federal Contract Tower,5,2,9,2,18,0,0,26,0,26,5,2,35,2,44,38,4,42,86
06/07/2010,YKM,WA,ANM,WE,Federal Contract Tower,5,14,27,3,49,0,4,36,1,41,5,18,63,4,90,54,0,54,144
06/08/2010,YKM,WA,ANM,WE,Federal Contract Tower,5,11,26,0,42,0,4,46,0,50,5,15,72,0,92,68,0,68,160
06/09/2010,YKM,WA,ANM,WE,Federal Contract Tower,5,12,16,7,40,0,5,40,0,45,5,17,56,7,85,77,4,81,166
06/10/2010,YKM,WA,ANM,WE,Federal Contract Tower,5,13,15,0,33,0,4,35,0,39,5,17,50,0,72,118,0,118,190
06/11/2010,YKM,WA,ANM,WE,Federal Contract Tower,5,10,20,4,39,0,7,46,0,53,5,17,66,4,92,88,6,94,186
06/12/2010,YKM,WA,ANM,WE,Federal Contract Tower,4,8,8,0,20,0,4,82,0,86,4,12,90,0,106,82,0,82,188
06/13/2010,YKM,WA,ANM,WE,Federal Contract Tower,7,0,6,0,13,0,0,71,0,71,7,0,77,0,84,18,0,18,102
06/14/2010,YKM,WA,ANM,WE,Federal Contract Tower,5,13,20,6,44,0,3,58,2,63,5,16,78,8,107,42,0,42,149
06/15/2010,YKM,WA,ANM,WE,Federal Contract Tower,5,15,16,3,39,0,5,60,1,66,5,20,76,4,105,86,0,86,191
06/16/2010,YKM,WA,ANM,WE,Federal Contract Tower,5,14,30,2,51,0,9,40,0,49,5,23,70,2,100,20,0,20,120
06/17/2010,YKM,WA,ANM,WE,Federal Contract Tower,5,13,9,3,30,0,4,42,0,46,5,17,51,3,76,66,0,66,142
06/18/2010,YKM,WA,ANM,WE,Federal Contract Tower,5,15,20,8,48,0,8,49,1,58,5,23,69,9,106,64,0,64,170
06/19/2010,YKM,WA,ANM,WE,Federal Contract Tower,4,6,9,0,19,0,1,64,0,65,4,7,73,0,84,50,0,50,134
06/20/2010,YKM,WA,ANM,WE,Federal Contract Tower,5,2,7,7,21,0,0,60,3,63,5,2,67,10,84,34,0,34,118
06/21/2010,YKM,WA,ANM,WE,Federal Contract Tower,5,13,7,0,25,0,5,35,0,40,5,18,42,0,65,12,0,12,77
06/22/2010,YKM,WA,ANM,WE,Federal Contract Tower,5,10,12,2,29,0,4,66,0,70,5,14,78,2,99,126,0,126,225
06/23/2010,YKM,WA,ANM,WE,Federal Contract Tower,4,13,30,7,54,0,4,70,4,78,4,17,100,11,132,98,26,124,256
06/24/2010,YKM,WA,ANM,WE,Federal Contract Tower,5,12,12,4,33,0,6,54,4,64,5,18,66,8,97,124,7,131,228
06/25/2010,YKM,WA,ANM,WE,Federal Contract Tower,5,13,16,0,34,0,5,55,2,62,5,18,71,2,96,39,0,39,135
06/26/2010,YKM,WA,ANM,WE,Federal Contract Tower,4,7,9,0,20,0,0,78,0,78,4,7,87,0,98,90,0,90,188
06/27/2010,YKM,WA,ANM,WE,Federal Contract Tower,5,2,6,0,13,0,0,51,0,51,5,2,57,0,64,10,0,10,74
06/28/2010,YKM,WA,ANM,WE,Federal Contract Tower,5,12,24,4,45,0,4,29,1,34,5,16,53,5,79,32,3,35,114
06/29/2010,YKM,WA,ANM,WE,Federal Contract Tower,4,19,12,1,36,0,3,55,1,59,4,22,67,2,95,18,0,18,113
06/30/2010,YKM,WA,ANM,WE,Federal Contract Tower,7,17,16,3,43,0,10,45,6,61,7,27,61,9,104,112,0,112,216
07/01/2010,YKM,WA,ANM,WE,Federal Contract Tower,5,18,21,1,45,0,5,46,0,51,5,23,67,1,96,61,0,61,157
07/02/2010,YKM,WA,ANM,WE,Federal Contract Tower,5,11,20,0,36,0,8,54,2,64,5,19,74,2,100,54,0,54,154
07/03/2010,YKM,WA,ANM,WE,Federal Contract Tower,6,6,4,0,16,0,3,46,0,49,6,9,50,0,65,24,0,24,89
07/04/2010,YKM,WA,ANM,WE,Federal Contract Tower,3,7,3,0,13,0,0,21,0,21,3,7,24,0,34,10,0,10,44
07/05/2010,YKM,WA,ANM,WE,Federal Contract Tower,3,3,4,0,10,0,1,46,0,47,3,4,50,0,57,80,0,80,137
07/06/2010,YKM,WA,ANM,WE,Federal Contract Tower,6,15,12,6,39,0,6,63,2,71,6,21,75,8,110,65,0,65,175
07/07/2010,YKM,WA,ANM,WE,Federal Contract Tower,5,18,6,3,32,0,4,42,1,47,5,22,48,4,79,30,0,30,109
07/08/2010,YKM,WA,ANM,WE,Federal Contract Tower,4,9,17,0,30,0,5,51,0,56,4,14,68,0,86,43,0,43,129
07/09/2010,YKM,WA,ANM,WE,Federal Contract Tower,5,11,17,0,33,0,6,47,0,53,5,17,64,0,86,48,0,48,134
07/10/2010,YKM,WA,ANM,WE,Federal Contract Tower,3,6,2,5,16,0,0,52,1,53,3,6,54,6,69,50,0,50,119
07/11/2010,YKM,WA,ANM,WE,Federal Contract Tower,5,3,7,0,15,0,1,53,3,57,5,4,60,3,72,44,0,44,116
07/12/2010,YKM,WA,ANM,WE,Federal Contract Tower,5,12,8,2,27,0,5,23,0,28,5,17,31,2,55,35,2,37,92
07/13/2010,YKM,WA,ANM,WE,Federal Contract Tower,5,11,11,7,34,0,6,54,9,69,5,17,65,16,103,52,0,52,155
07/14/2010,YKM,WA,ANM,WE,Federal Contract Tower,5,13,20,6,44,0,7,65,3,75,5,20,85,9,119,79,1,80,199
07/15/2010,YKM,WA,ANM,WE,Federal Contract Tower,5,15,17,0,37,0,3,65,7,75,5,18,82,7,112,46,0,46,158
07/16/2010,YKM,WA,ANM,WE,Federal Contract Tower,5,14,18,3,40,0,6,66,9,81,5,20,84,12,121,58,0,58,179
07/17/2010,YKM,WA,ANM,WE,Federal Contract Tower,4,7,5,2,18,0,0,93,7,100,4,7,98,9,118,38,4,42,160
07/18/2010,YKM,WA,ANM,WE,Federal Contract Tower,5,0,9,2,16,0,0,48,5,53,5,0,57,7,69,6,0,6,75
07/19/2010,YKM,WA,ANM,WE,Federal Contract Tower,5,12,18,0,35,0,3,71,0,74,5,15,89,0,109,29,0,29,138
07/20/2010,YKM,WA,ANM,WE,Federal Contract Tower,5,10,22,0,37,0,7,81,5,93,5,17,103,5,130,82,2,84,214
07/21/2010,YKM,WA,ANM,WE,Federal Contract Tower,7,9,20,0,36,0,6,75,2,83,7,15,95,2,119,81,0,81,200
07/22/2010,YKM,WA,ANM,WE,Federal Contract Tower,5,16,13,0,34,0,5,49,6,60,5,21,62,6,94,56,12,68,162
07/23/2010,YKM,WA,ANM,WE,Federal Contract Tower,3,15,17,1,36,0,6,88,6,100,3,21,105,7,136,40,0,40,176
07/24/2010,YKM,WA,ANM,WE,Federal Contract Tower,4,7,5,0,16,0,0,71,1,72,4,7,76,1,88,79,0,79,167
07/25/2010,YKM,WA,ANM,WE,Federal Contract Tower,4,2,7,0,13,0,0,52,0,52,4,2,59,0,65,60,6,66,131
07/26/2010,YKM,WA,ANM,WE,Federal Contract Tower,4,11,19,0,34,0,7,57,0,64,4,18,76,0,98,73,30,103,201
07/27/2010,YKM,WA,ANM,WE,Federal Contract Tower,7,14,11,1,33,0,7,57,11,75,7,21,68,12,108,46,28,74,182
07/28/2010,YKM,WA,ANM,WE,Federal Contract Tower,6,17,13,1,37,0,4,58,0,62,6,21,71,1,99,63,0,63,162
07/29/2010,YKM,WA,ANM,WE,Federal Contract Tower,7,15,12,5,39,0,7,65,3,75,7,22,77,8,114,108,11,119,233
07/30/2010,YKM,WA,ANM,WE,Federal Contract Tower,7,12,15,8,42,0,6,64,0,70,7,18,79,8,112,53,0,53,165
07/31/2010,YKM,WA,ANM,WE,Federal Contract Tower,6,8,7,0,21,0,1,49,0,50,6,9,56,0,71,76,0,76,147
08/01/2010,YKM,WA,ANM,WE,Federal Contract Tower,7,0,11,0,18,0,0,64,0,64,7,0,75,0,82,67,0,67,149
08/02/2010,YKM,WA,ANM,WE,Federal Contract Tower,5,11,23,2,41,0,5,50,0,55,5,16,73,2,96,56,0,56,152
08/03/2010,YKM,WA,ANM,WE,Federal Contract Tower,5,14,13,0,32,0,4,52,2,58,5,18,65,2,90,80,0,80,170
08/04/2010,YKM,WA,ANM,WE,Federal Contract Tower,7,12,9,1,29,0,6,45,1,52,7,18,54,2,81,32,0,32,113
08/05/2010,YKM,WA,ANM,WE,Federal Contract Tower,7,12,23,5,47,0,4,75,5,84,7,16,98,10,131,56,2,58,189
08/06/2010,YKM,WA,ANM,WE,Federal Contract Tower,5,16,14,0,35,0,5,69,7,81,5,21,83,7,116,44,0,44,160
08/07/2010,YKM,WA,ANM,WE,Federal Contract Tower,4,7,11,0,22,0,0,34,1,35,4,7,45,1,57,30,0,30,87
08/08/2010,YKM,WA,ANM,WE,Federal Contract Tower,5,4,10,0,19,0,0,51,0,51,5,4,61,0,70,96,0,96,166
08/09/2010,YKM,WA,ANM,WE,Federal Contract Tower,5,12,13,0,30,0,5,54,0,59,5,17,67,0,89,54,0,54,143
08/10/2010,YKM,WA,ANM,WE,Federal Contract Tower,3,14,16,0,33,0,6,69,2,77,3,20,85,2,110,48,0,48,158
08/11/2010,YKM,WA,ANM,WE,Federal Contract Tower,5,13,13,2,33,0,5,69,0,74,5,18,82,2,107,74,0,74,181
08/12/2010,YKM,WA,ANM,WE,Federal Contract Tower,7,12,6,0,25,0,6,52,0,58,7,18,58,0,83,44,0,44,127
08/13/2010,YKM,WA,ANM,WE,Federal Contract Tower,4,16,20,0,40,0,8,42,4,54,4,24,62,4,94,60,0,60,154
08/14/2010,YKM,WA,ANM,WE,Federal Contract Tower,4,9,2,0,15,0,0,76,0,76,4,9,78,0,91,36,0,36,127
08/15/2010,YKM,WA,ANM,WE,Federal Contract Tower,5,2,10,0,17,0,66,4,0,70,5,68,14,0,87,26,0,26,113
08/16/2010,YKM,WA,ANM,WE,Federal Contract Tower,5,12,21,0,38,0,5,52,2,59,5,17,73,2,97,44,8,52,149
08/17/2010,YKM,WA,ANM,WE,Federal Contract Tower,4,9,16,10,39,0,5,30,0,35,4,14,46,10,74,36,3,39,113
08/18/2010,YKM,WA,ANM,WE,Federal Contract Tower,5,13,27,2,47,0,4,77,0,81,5,17,104,2,128,32,0,32,160
08/19/2010,YKM,WA,ANM,WE,Federal Contract Tower,5,13,15,1,34,0,6,63,5,74,5,19,78,6,108,88,0,88,196
08/20/2010,YKM,WA,ANM,WE,Federal Contract Tower,5,16,27,0,48,0,7,69,1,77,5,23,96,1,125,126,0,126,251
08/21/2010,YKM,WA,ANM,WE,Federal Contract Tower,4,7,4,2,17,0,0,71,2,73,4,7,75,4,90,96,0,96,186
08/22/2010,YKM,WA,ANM,WE,Federal Contract Tower,5,0,18,0,23,0,0,42,0,42,5,0,60,0,65,2,0,2,67
08/23/2010,YKM,WA,ANM,WE,Federal Contract Tower,4,8,9,0,21,0,2,62,0,64,4,10,71,0,85,68,0,68,153
08/24/2010,YKM,WA,ANM,WE,Federal Contract Tower,5,9,4,1,19,0,4,44,1,49,5,13,48,2,68,34,0,34,102
08/25/2010,YKM,WA,ANM,WE,Federal Contract Tower,0,11,18,0,29,0,4,79,2,85,0,15,97,2,114,43,0,43,157
08/26/2010,YKM,WA,ANM,WE,Federal Contract Tower,0,12,10,0,22,0,4,40,0,44,0,16,50,0,66,2,0,2,68
08/27/2010,YKM,WA,ANM,WE,Federal Contract Tower,1,15,12,0,28,0,4,52,0,56,1,19,64,0,84,76,0,76,160
08/28/2010,YKM,WA,ANM,WE,Federal Contract Tower,4,8,6,0,18,0,1,49,0,50,4,9,55,0,68,42,0,42,110
08/29/2010,YKM,WA,ANM,WE,Federal Contract Tower,5,1,12,0,18,0,1,44,0,45,5,2,56,0,63,58,0,58,121
08/30/2010,YKM,WA,ANM,WE,Federal Contract Tower,5,7,10,0,22,0,5,48,0,53,5,12,58,0,75,52,0,52,127
08/31/2010,YKM,WA,ANM,WE,Federal Contract Tower,5,11,2,0,18,0,5,32,0,37,5,16,34,0,55,16,0,16,71
09/01/2010,YKM,WA,ANM,WE,Federal Contract Tower,1,13,16,3,33,0,4,57,3,64,1,17,73,6,97,16,16,32,129
09/02/2010,YKM,WA,ANM,WE,Federal Contract Tower,1,14,10,0,25,0,6,57,0,63,1,20,67,0,88,28,0,28,116
09/03/2010,YKM,WA,ANM,WE,Federal Contract Tower,0,12,14,0,26,0,7,58,0,65,0,19,72,0,91,60,0,60,151
09/04/2010,YKM,WA,ANM,WE,Federal Contract Tower,3,4,10,0,17,0,1,28,0,29,3,5,38,0,46,26,0,26,72
09/05/2010,YKM,WA,ANM,WE,Federal Contract Tower,3,2,5,0,10,0,3,21,0,24,3,5,26,0,34,2,0,2,36
09/06/2010,YKM,WA,ANM,WE,Federal Contract Tower,5,2,10,0,17,0,0,47,0,47,5,2,57,0,64,53,0,53,117
09/07/2010,YKM,WA,ANM,WE,Federal Contract Tower,1,18,4,0,23,0,4,20,0,24,1,22,24,0,47,20,0,20,67
09/08/2010,YKM,WA,ANM,WE,Federal Contract Tower,0,10,13,0,23,0,7,26,2,35,0,17,39,2,58,63,10,73,131
09/09/2010,YKM,WA,ANM,WE,Federal Contract Tower,0,13,3,0,16,0,6,30,0,36,0,19,33,0,52,40,0,40,92
09/10/2010,YKM,WA,ANM,WE,Federal Contract Tower,0,15,12,2,29,0,6,55,2,63,0,21,67,4,92,54,6,60,152
09/11/2010,YKM,WA,ANM,WE,Federal Contract Tower,0,6,2,0,8,0,4,66,0,70,0,10,68,0,78,36,0,36,114
09/12/2010,YKM,WA,ANM,WE,Federal Contract Tower,0,2,16,0,18,0,0,38,0,38,0,2,54,0,56,8,0,8,64
09/13/2010,YKM,WA,ANM,WE,Federal Contract Tower,0,9,14,0,23,0,5,44,0,49,0,14,58,0,72,50,0,50,122
09/14/2010,YKM,WA,ANM,WE,Federal Contract Tower,5,14,14,0,33,0,5,33,0,38,5,19,47,0,71,76,0,76,147
09/15/2010,YKM,WA,ANM,WE,Federal Contract Tower,5,11,14,0,30,0,5,25,0,30,5,16,39,0,60,63,16,79,139
09/16/2010,YKM,WA,ANM,WE,Federal Contract Tower,5,13,19,0,37,0,6,43,0,49,5,19,62,0,86,22,12,34,120
09/17/2010,YKM,WA,ANM,WE,Federal Contract Tower,4,11,8,0,23,0,6,32,1,39,4,17,40,1,62,46,0,46,108
09/18/2010,YKM,WA,ANM,WE,Federal Contract Tower,4,5,6,1,16,0,0,21,1,22,4,5,27,2,38,56,0,56,94
09/19/2010,YKM,WA,ANM,WE,Federal Contract Tower,5,2,1,0,8,0,0,11,0,11,5,2,12,0,19,10,0,10,29
09/20/2010,YKM,WA,ANM,WE,Federal Contract Tower,5,11,11,1,28,0,3,21,1,25,5,14,32,2,53,32,4,36,89
09/21/2010,YKM,WA,ANM,WE,Federal Contract Tower,5,12,6,4,27,0,3,44,2,49,5,15,50,6,76,94,0,94,170
09/22/2010,YKM,WA,ANM,WE,Federal Contract Tower,5,11,2,11,29,0,4,54,6,64,5,15,56,17,93,125,20,145,238
09/23/2010,YKM,WA,ANM,WE,Federal Contract Tower,5,10,18,3,36,0,4,30,0,34,5,14,48,3,70,62,2,64,134
09/24/2010,YKM,WA,ANM,WE,Federal Contract Tower,5,16,26,4,51,0,9,59,2,70,5,25,85,6,121,45,2,47,168
09/25/2010,YKM,WA,ANM,WE,Federal Contract Tower,4,7,8,0,19,0,0,71,0,71,4,7,79,0,90,92,0,92,182
09/26/2010,YKM,WA,ANM,WE,Federal Contract Tower,5,3,8,0,16,0,0,37,0,37,5,3,45,0,53,40,0,40,93
09/27/2010,YKM,WA,ANM,WE,Federal Contract Tower,5,10,9,0,24,0,9,50,0,59,5,19,59,0,83,30,0,30,113
09/28/2010,YKM,WA,ANM,WE,Federal Contract Tower,5,9,13,0,27,0,4,41,0,45,5,13,54,0,72,62,0,62,134
09/29/2010,YKM,WA,ANM,WE,Federal Contract Tower,5,17,15,2,39,0,3,48,2,53,5,20,63,4,92,100,0,100,192
09/30/2010,YKM,WA,ANM,WE,Federal Contract Tower,5,20,11,0,36,0,9,61,6,76,5,29,72,6,112,135,0,135,247
10/01/2010,YKM,WA,ANM,WE,Federal Contract Tower,5,12,23,4,44,0,6,48,4,58,5,18,71,8,102,63,0,63,165
10/02/2010,YKM,WA,ANM,WE,Federal Contract Tower,4,9,10,0,23,0,0,96,0,96,4,9,106,0,119,104,0,104,223
10/03/2010,YKM,WA,ANM,WE,Federal Contract Tower,5,2,10,0,17,0,0,23,0,23,5,2,33,0,40,26,0,26,66
10/04/2010,YKM,WA,ANM,WE,Federal Contract Tower,7,9,13,2,31,0,2,17,0,19,7,11,30,2,50,56,0,56,106
10/05/2010,YKM,WA,ANM,WE,Federal Contract Tower,5,14,6,1,26,0,5,54,1,60,5,19,60,2,86,134,0,134,220
10/06/2010,YKM,WA,ANM,WE,Federal Contract Tower,5,13,8,3,29,0,4,46,4,54,5,17,54,7,83,8,0,8,91
10/07/2010,YKM,WA,ANM,WE,Federal Contract Tower,5,14,14,2,35,0,2,40,0,42,5,16,54,2,77,48,0,48,125
10/08/2010,YKM,WA,ANM,WE,Federal Contract Tower,5,13,11,0,29,0,5,34,0,39,5,18,45,0,68,40,0,40,108
10/09/2010,YKM,WA,ANM,WE,Federal Contract Tower,4,5,5,0,14,0,0,30,1,31,4,5,35,1,45,14,0,14,59
10/10/2010,YKM,WA,ANM,WE,Federal Contract Tower,5,0,10,0,15,0,0,27,0,27,5,0,37,0,42,29,0,29,71
10/11/2010,YKM,WA,ANM,WE,Federal Contract Tower,5,5,10,0,20,0,0,24,0,24,5,5,34,0,44,36,0,36,80
10/12/2010,YKM,WA,ANM,WE,Federal Contract Tower,5,15,4,1,25,0,5,31,1,37,5,20,35,2,62,67,0,67,129
10/13/2010,YKM,WA,ANM,WE,Federal Contract Tower,5,13,6,2,26,0,7,45,1,53,5,20,51,3,79,46,6,52,131
10/14/2010,YKM,WA,ANM,WE,Federal Contract Tower,5,16,10,4,35,0,7,47,2,56,5,23,57,6,91,68,8,76,167
10/15/2010,YKM,WA,ANM,WE,Federal Contract Tower,5,11,17,2,35,0,5,52,3,60,5,16,69,5,95,60,0,60,155
10/16/2010,YKM,WA,ANM,WE,Federal Contract Tower,6,7,5,0,18,0,0,61,0,61,6,7,66,0,79,20,0,20,99
10/17/2010,YKM,WA,ANM,WE,Federal Contract Tower,5,2,4,0,11,0,2,56,0,58,5,4,60,0,69,16,0,16,85
10/18/2010,YKM,WA,ANM,WE,Federal Contract Tower,5,13,13,0,31,0,12,38,0,50,5,25,51,0,81,55,0,55,136
10/19/2010,YKM,WA,ANM,WE,Federal Contract Tower,5,15,10,1,31,0,5,51,1,57,5,20,61,2,88,48,0,48,136
10/20/2010,YKM,WA,ANM,WE,Federal Contract Tower,6,23,12,0,41,0,9,55,0,64,6,32,67,0,105,50,0,50,155
10/21/2010,YKM,WA,ANM,WE,Federal Contract Tower,8,12,6,0,26,0,6,28,0,34,8,18,34,0,60,26,0,26,86
10/22/2010,YKM,WA,ANM,WE,Federal Contract Tower,5,16,10,5,36,0,3,26,1,30,5,19,36,6,66,45,0,45,111
10/23/2010,YKM,WA,ANM,WE,Federal Contract Tower,4,5,7,0,16,0,0,30,0,30,4,5,37,0,46,35,0,35,81
10/24/2010,YKM,WA,ANM,WE,Federal Contract Tower,5,0,5,0,10,0,0,3,0,3,5,0,8,0,13,8,0,8,21
10/25/2010,YKM,WA,ANM,WE,Federal Contract Tower,5,10,7,3,25,0,5,5,0,10,5,15,12,3,35,26,2,28,63
10/26/2010,YKM,WA,ANM,WE,Federal Contract Tower,5,11,11,0,27,0,8,7,0,15,5,19,18,0,42,10,0,10,52
10/27/2010,YKM,WA,ANM,WE,Federal Contract Tower,5,13,14,1,33,0,5,47,3,55,5,18,61,4,88,22,20,42,130
10/28/2010,YKM,WA,ANM,WE,Federal Contract Tower,5,19,6,0,30,0,1,13,0,14,5,20,19,0,44,22,0,22,66
10/29/2010,YKM,WA,ANM,WE,Federal Contract Tower,7,16,14,0,37,0,0,11,0,11,7,16,25,0,48,0,0,0,48
10/30/2010,YKM,WA,ANM,WE,Federal Contract Tower,4,5,7,0,16,0,0,18,0,18,4,5,25,0,34,11,0,11,45
10/31/2010,YKM,WA,ANM,WE,Federal Contract Tower,5,1,5,0,11,0,0,37,0,37,5,1,42,0,48,8,0,8,56
11/01/2010,YKM,WA,ANM,WE,Federal Contract Tower,5,12,12,3,32,0,3,15,0,18,5,15,27,3,50,28,0,28,78
11/02/2010,YKM,WA,ANM,WE,Federal Contract Tower,5,10,15,1,31,0,3,41,3,47,5,13,56,4,78,30,6,36,114
11/03/2010,YKM,WA,ANM,WE,Federal Contract Tower,5,12,16,2,35,0,6,38,0,44,5,18,54,2,79,66,0,66,145
11/04/2010,YKM,WA,ANM,WE,Federal Contract Tower,5,14,3,0,22,0,4,44,0,48,5,18,47,0,70,74,0,74,144
11/05/2010,YKM,WA,ANM,WE,Federal Contract Tower,5,13,9,8,35,0,4,16,0,20,5,17,25,8,55,20,10,30,85
11/06/2010,YKM,WA,ANM,WE,Federal Contract Tower,4,9,8,0,21,0,0,29,0,29,4,9,37,0,50,56,0,56,106
11/07/2010,YKM,WA,ANM,WE,Federal Contract Tower,7,0,0,3,10,0,0,21,1,22,7,0,21,4,32,22,20,42,74
11/08/2010,YKM,WA,ANM,WE,Federal Contract Tower,5,11,13,7,36,0,3,28,1,32,5,14,41,8,68,57,2,59,127
11/09/2010,YKM,WA,ANM,WE,Federal Contract Tower,5,17,9,0,31,0,0,23,2,25,5,17,32,2,56,24,8,32,88
11/10/2010,YKM,WA,ANM,WE,Federal Contract Tower,7,18,7,2,34,0,3,28,0,31,7,21,35,2,65,36,0,36,101
11/11/2010,YKM,WA,ANM,WE,Federal Contract Tower,5,11,21,0,37,0,2,27,4,33,5,13,48,4,70,64,42,106,176
11/12/2010,YKM,WA,ANM,WE,Federal Contract Tower,5,21,7,0,33,0,2,37,2,41,5,23,44,2,74,60,8,68,142
11/13/2010,YKM,WA,ANM,WE,Federal Contract Tower,4,3,8,0,15,0,2,41,2,45,4,5,49,2,60,49,14,63,123
11/14/2010,YKM,WA,ANM,WE,Federal Contract Tower,5,2,17,0,24,0,0,35,0,35,5,2,52,0,59,27,22,49,108
11/15/2010,YKM,WA,ANM,WE,Federal Contract Tower,5,13,9,0,27,0,2,18,0,20,5,15,27,0,47,24,0,24,71
11/16/2010,YKM,WA,ANM,WE,Federal Contract Tower,4,24,9,3,40,0,2,16,1,19,4,26,25,4,59,4,0,4,63
11/17/2010,YKM,WA,ANM,WE,Federal Contract Tower,7,14,17,5,43,0,12,14,3,29,7,26,31,8,72,20,0,20,92
11/18/2010,YKM,WA,ANM,WE,Federal Contract Tower,5,22,22,0,49,0,1,24,0,25,5,23,46,0,74,28,0,28,102
11/19/2010,YKM,WA,ANM,WE,Federal Contract Tower,5,15,6,2,28,0,3,39,0,42,5,18,45,2,70,32,0,32,102
11/20/2010,YKM,WA,ANM,WE,Federal Contract Tower,7,8,7,0,22,0,0,15,0,15,7,8,22,0,37,8,0,8,45
11/21/2010,YKM,WA,ANM,WE,Federal Contract Tower,5,0,13,0,18,0,0,16,0,16,5,0,29,0,34,35,0,35,69
11/22/2010,YKM,WA,ANM,WE,Federal Contract Tower,3,10,7,0,20,0,0,0,0,0,3,10,7,0,20,0,0,0,20
11/23/2010,YKM,WA,ANM,WE,Federal Contract Tower,5,19,10,0,34,0,0,1,6,7,5,19,11,6,41,2,0,2,43
11/24/2010,YKM,WA,ANM,WE,Federal Contract Tower,5,18,6,0,29,0,1,9,0,10,5,19,15,0,39,2,0,2,41
11/25/2010,YKM,WA,ANM,WE,Federal Contract Tower,4,2,0,0,6,0,0,0,0,0,4,2,0,0,6,0,0,0,6
11/26/2010,YKM,WA,ANM,WE,Federal Contract Tower,4,22,6,0,32,0,0,0,0,0,4,22,6,0,32,2,0,2,34
11/27/2010,YKM,WA,ANM,WE,Federal Contract Tower,5,7,2,0,14,0,0,4,0,4,5,7,6,0,18,2,0,2,20
11/28/2010,YKM,WA,ANM,WE,Federal Contract Tower,7,0,6,0,13,0,0,16,0,16,7,0,22,0,29,26,0,26,55
11/29/2010,YKM,WA,ANM,WE,Federal Contract Tower,4,17,8,0,29,0,0,0,0,0,4,17,8,0,29,0,0,0,29
11/30/2010,YKM,WA,ANM,WE,Federal Contract Tower,5,17,3,0,25,0,0,0,0,0,5,17,3,0,25,29,0,29,54
12/01/2010,YKM,WA,ANM,WE,Federal Contract Tower,5,18,13,4,40,0,0,0,0,0,5,18,13,4,40,0,0,0,40
12/02/2010,YKM,WA,ANM,WE,Federal Contract Tower,5,15,25,4,49,0,0,0,0,0,5,15,25,4,49,40,0,40,89
12/03/2010,YKM,WA,ANM,WE,Federal Contract Tower,5,22,24,2,53,0,0,0,0,0,5,22,24,2,53,8,0,8,61
12/04/2010,YKM,WA,ANM,WE,Federal Contract Tower,4,5,4,0,13,0,0,25,0,25,4,5,29,0,38,58,0,58,96
12/05/2010,YKM,WA,ANM,WE,Federal Contract Tower,5,0,3,0,8,0,0,10,0,10,5,0,13,0,18,0,0,0,18
12/06/2010,YKM,WA,ANM,WE,Federal Contract Tower,5,20,18,3,46,0,4,12,1,17,5,24,30,4,63,37,0,37,100
12/07/2010,YKM,WA,ANM,WE,Federal Contract Tower,5,15,7,5,32,0,3,10,1,14,5,18,17,6,46,4,0,4,50
12/08/2010,YKM,WA,ANM,WE,Federal Contract Tower,5,18,6,0,29,0,1,8,0,9,5,19,14,0,38,48,0,48,86
12/09/2010,YKM,WA,ANM,WE,Federal Contract Tower,5,15,1,1,22,0,1,10,2,13,5,16,11,3,35,12,0,12,47
12/10/2010,YKM,WA,ANM,WE,Federal Contract Tower,4,18,14,12,48,0,2,34,5,41,4,20,48,17,89,55,0,55,144
12/11/2010,YKM,WA,ANM,WE,Federal Contract Tower,4,2,4,1,11,0,1,6,1,8,4,3,10,2,19,0,0,0,19
12/12/2010,YKM,WA,ANM,WE,Federal Contract Tower,5,0,1,0,6,0,0,8,0,8,5,0,9,0,14,34,0,34,48
12/13/2010,YKM,WA,ANM,WE,Federal Contract Tower,5,18,11,7,41,0,0,18,2,20,5,18,29,9,61,23,2,25,86
12/14/2010,YKM,WA,ANM,WE,Federal Contract Tower,5,15,10,5,35,0,4,7,2,13,5,19,17,7,48,1,0,1,49
12/15/2010,YKM,WA,ANM,WE,Federal Contract Tower,5,17,8,2,32,0,3,17,1,21,5,20,25,3,53,36,10,46,99
12/16/2010,YKM,WA,ANM,WE,Federal Contract Tower,5,17,10,1,33,0,5,33,1,39,5,22,43,2,72,34,0,34,106
12/17/2010,YKM,WA,ANM,WE,Federal Contract Tower,5,16,12,0,33,0,4,40,0,44,5,20,52,0,77,32,0,32,109
12/18/2010,YKM,WA,ANM,WE,Federal Contract Tower,5,6,4,0,15,0,2,4,0,6,5,8,8,0,21,14,0,14,35
12/19/2010,YKM,WA,ANM,WE,Federal Contract Tower,5,4,0,0,9,0,0,14,0,14,5,4,14,0,23,12,0,12,35
12/20/2010,YKM,WA,ANM,WE,Federal Contract Tower,5,15,8,0,28,0,0,0,0,0,5,15,8,0,28,0,0,0,28
12/21/2010,YKM,WA,ANM,WE,Federal Contract Tower,1,12,2,0,15,0,0,0,0,0,1,12,2,0,15,0,0,0,15
12/22/2010,YKM,WA,ANM,WE,Federal Contract Tower,4,18,8,0,30,0,0,0,0,0,4,18,8,0,30,0,0,0,30
12/23/2010,YKM,WA,ANM,WE,Federal Contract Tower,4,18,12,0,34,0,0,0,0,0,4,18,12,0,34,0,0,0,34
12/24/2010,YKM,WA,ANM,WE,Federal Contract Tower,5,18,2,0,25,0,2,8,0,10,5,20,10,0,35,6,0,6,41
12/25/2010,YKM,WA,ANM,WE,Federal Contract Tower,4,0,0,0,4,0,0,0,0,0,4,0,0,0,4,0,0,0,4
12/26/2010,YKM,WA,ANM,WE,Federal Contract Tower,5,1,11,0,17,0,0,11,0,11,5,1,22,0,28,2,0,2,30
12/27/2010,YKM,WA,ANM,WE,Federal Contract Tower,5,14,8,0,27,0,1,22,0,23,5,15,30,0,50,44,0,44,94
12/28/2010,YKM,WA,ANM,WE,Federal Contract Tower,5,12,13,2,32,0,0,0,0,0,5,12,13,2,32,22,0,22,54
12/29/2010,YKM,WA,ANM,WE,Federal Contract Tower,7,13,7,12,39,0,3,3,4,10,7,16,10,16,49,14,48,62,111
12/30/2010,YKM,WA,ANM,WE,Federal Contract Tower,5,17,15,4,41,0,3,35,2,40,5,20,50,6,81,20,0,20,101
12/31/2010,YKM,WA,ANM,WE,Federal Contract Tower,5,13,1,0,19,0,5,45,0,50,5,18,46,0,69,70,0,70,139
01/01/2011,YKM,WA,ANM,WE,Federal Contract Tower,9,1,5,0,15,0,0,31,0,31,9,1,36,0,46,24,0,24,70
01/02/2011,YKM,WA,ANM,WE,Federal Contract Tower,5,0,17,0,22,0,0,21,0,21,5,0,38,0,43,2,0,2,45
01/03/2011,YKM,WA,ANM,WE,Federal Contract Tower,5,12,8,10,35,0,2,37,3,42,5,14,45,13,77,22,27,49,126
01/04/2011,YKM,WA,ANM,WE,Federal Contract Tower,7,14,6,3,30,0,4,22,1,27,7,18,28,4,57,13,0,13,70
01/05/2011,YKM,WA,ANM,WE,Federal Contract Tower,5,20,15,14,54,0,3,0,0,3,5,23,15,14,57,8,10,18,75
01/06/2011,YKM,WA,ANM,WE,Federal Contract Tower,5,27,16,7,55,0,0,12,1,13,5,27,28,8,68,0,18,18,86
01/07/2011,YKM,WA,ANM,WE,Federal Contract Tower,5,16,20,4,45,0,0,0,0,0,5,16,20,4,45,0,0,0,45
01/08/2011,YKM,WA,ANM,WE,Federal Contract Tower,4,4,10,3,21,0,1,52,1,54,4,5,62,4,75,78,0,78,153
01/09/2011,YKM,WA,ANM,WE,Federal Contract Tower,5,0,4,0,9,0,0,0,0,0,5,0,4,0,9,12,0,12,21
01/10/2011,YKM,WA,ANM,WE,Federal Contract Tower,5,14,6,4,29,0,2,8,4,14,5,16,14,8,43,12,2,14,57
01/11/2011,YKM,WA,ANM,WE,Federal Contract Tower,5,16,6,3,30,0,3,15,0,18,5,19,21,3,48,23,12,35,83
01/12/2011,YKM,WA,ANM,WE,Federal Contract Tower,5,18,9,1,33,0,4,1,1,6,5,22,10,2,39,0,0,0,39
01/13/2011,YKM,WA,ANM,WE,Federal Contract Tower,3,11,12,9,35,0,1,7,1,9,3,12,19,10,44,6,0,6,50
01/14/2011,YKM,WA,ANM,WE,Federal Contract Tower,5,19,6,1,31,0,4,16,1,21,5,23,22,2,52,52,0,52,104
01/15/2011,YKM,WA,ANM,WE,Federal Contract Tower,4,11,6,3,24,0,0,22,1,23,4,11,28,4,47,108,0,108,155
01/16/2011,YKM,WA,ANM,WE,Federal Contract Tower,7,2,8,1,18,0,0,5,1,6,7,2,13,2,24,30,0,30,54
01/17/2011,YKM,WA,ANM,WE,Federal Contract Tower,5,7,11,1,24,0,1,7,0,8,5,8,18,1,32,41,0,41,73
01/18/2011,YKM,WA,ANM,WE,Federal Contract Tower,5,17,7,10,39,0,1,17,2,20,5,18,24,12,59,34,4,38,97
01/19/2011,YKM,WA,ANM,WE,Federal Contract Tower,5,12,12,7,36,0,2,32,1,35,5,14,44,8,71,74,0,74,145
01/20/2011,YKM,WA,ANM,WE,Federal Contract Tower,5,17,9,12,43,0,2,28,2,32,5,19,37,14,75,42,0,42,117
01/21/2011,YKM,WA,ANM,WE,Federal Contract Tower,5,12,16,5,38,0,3,11,3,17,5,15,27,8,55,51,0,51,106
01/22/2011,YKM,WA,ANM,WE,Federal Contract Tower,4,5,14,0,23,0,0,88,0,88,4,5,102,0,111,58,0,58,169
01/23/2011,YKM,WA,ANM,WE,Federal Contract Tower,5,0,6,0,11,0,0,33,0,33,5,0,39,0,44,56,0,56,100
01/24/2011,YKM,WA,ANM,WE,Federal Contract Tower,5,8,15,6,34,0,3,14,2,19,5,11,29,8,53,2,0,2,55
01/25/2011,YKM,WA,ANM,WE,Federal Contract Tower,6,11,10,0,27,0,1,34,0,35,6,12,44,0,62,26,0,26,88
01/26/2011,YKM,WA,ANM,WE,Federal Contract Tower,5,16,14,8,43,0,0,0,0,0,5,16,14,8,43,0,0,0,43
01/27/2011,YKM,WA,ANM,WE,Federal Contract Tower,4,14,5,6,29,0,0,0,0,0,4,14,5,6,29,0,0,0,29
01/28/2011,YKM,WA,ANM,WE,Federal Contract Tower,5,11,18,2,36,0,1,5,1,7,5,12,23,3,43,27,0,27,70
01/29/2011,YKM,WA,ANM,WE,Federal Contract Tower,4,4,11,2,21,0,1,14,1,16,4,5,25,3,37,26,0,26,63
01/30/2011,YKM,WA,ANM,WE,Federal Contract Tower,5,3,4,0,12,0,1,4,0,5,5,4,8,0,17,22,0,22,39
01/31/2011,YKM,WA,ANM,WE,Federal Contract Tower,5,12,15,0,32,0,2,13,0,15,5,14,28,0,47,28,0,28,75
02/01/2011,YKM,WA,ANM,WE,Federal Contract Tower,5,14,11,0,30,0,2,36,0,38,5,16,47,0,68,29,0,29,97
02/02/2011,YKM,WA,ANM,WE,Federal Contract Tower,6,12,27,2,47,0,4,46,2,52,6,16,73,4,99,70,0,70,169
02/03/2011,YKM,WA,ANM,WE,Federal Contract Tower,5,12,8,1,26,0,4,29,1,34,5,16,37,2,60,44,0,44,104
02/04/2011,YKM,WA,ANM,WE,Federal Contract Tower,5,16,13,3,37,0,4,30,1,35,5,20,43,4,72,20,0,20,92
02/05/2011,YKM,WA,ANM,WE,Federal Contract Tower,6,10,13,0,29,0,1,38,0,39,6,11,51,0,68,27,0,27,95
02/06/2011,YKM,WA,ANM,WE,Federal Contract Tower,5,0,11,0,16,0,0,12,0,12,5,0,23,0,28,30,0,30,58
02/07/2011,YKM,WA,ANM,WE,Federal Contract Tower,5,13,16,0,34,0,2,8,0,10,5,15,24,0,44,0,0,0,44
02/08/2011,YKM,WA,ANM,WE,Federal Contract Tower,5,15,20,1,41,0,2,30,1,33,5,17,50,2,74,28,0,28,102
02/09/2011,YKM,WA,ANM,WE,Federal Contract Tower,7,9,24,3,43,0,4,55,1,60,7,13,79,4,103,48,0,48,151
02/10/2011,YKM,WA,ANM,WE,Federal Contract Tower,5,10,27,1,43,0,4,53,3,60,5,14,80,4,103,34,0,34,137
02/11/2011,YKM,WA,ANM,WE,Federal Contract Tower,4,12,22,5,43,0,4,28,2,34,4,16,50,7,77,86,41,127,204
02/12/2011,YKM,WA,ANM,WE,Federal Contract Tower,4,6,4,0,14,0,2,26,0,28,4,8,30,0,42,43,0,43,85
02/13/2011,YKM,WA,ANM,WE,Federal Contract Tower,5,0,21,0,26,0,0,46,0,46,5,0,67,0,72,37,0,37,109
02/14/2011,YKM,WA,ANM,WE,Federal Contract Tower,5,12,12,0,29,0,2,21,0,23,5,14,33,0,52,55,0,55,107
02/15/2011,YKM,WA,ANM,WE,Federal Contract Tower,5,16,6,0,27,0,0,4,0,4,5,16,10,0,31,2,0,2,33
02/16/2011,YKM,WA,ANM,WE,Federal Contract Tower,7,17,10,2,36,0,5,36,1,42,7,22,46,3,78,44,0,44,122
02/17/2011,YKM,WA,ANM,WE,Federal Contract Tower,5,11,15,0,31,0,2,27,0,29,5,13,42,0,60,55,0,55,115
02/18/2011,YKM,WA,ANM,WE,Federal Contract Tower,5,11,16,9,41,0,3,30,2,35,5,14,46,11,76,34,21,55,131
02/19/2011,YKM,WA,ANM,WE,Federal Contract Tower,6,5,1,0,12,0,2,19,0,21,6,7,20,0,33,16,0,16,49
02/20/2011,YKM,WA,ANM,WE,Federal Contract Tower,5,0,10,0,15,0,0,51,0,51,5,0,61,0,66,64,0,64,130
02/21/2011,YKM,WA,ANM,WE,Federal Contract Tower,5,8,20,0,33,0,0,46,0,46,5,8,66,0,79,26,0,26,105
02/22/2011,YKM,WA,ANM,WE,Federal Contract Tower,5,17,10,2,34,0,3,7,0,10,5,20,17,2,44,5,0,5,49
02/23/2011,YKM,WA,ANM,WE,Federal Contract Tower,5,16,6,0,27,0,3,16,0,19,5,19,22,0,46,28,0,28,74
02/24/2011,YKM,WA,ANM,WE,Federal Contract Tower,5,19,4,0,28,0,1,4,0,5,5,20,8,0,33,6,0,6,39
02/25/2011,YKM,WA,ANM,WE,Federal Contract Tower,6,14,20,1,41,0,5,45,1,51,6,19,65,2,92,48,0,48,140
02/26/2011,YKM,WA,ANM,WE,Federal Contract Tower,4,5,1,0,10,0,2,18,0,20,4,7,19,0,30,0,0,0,30
02/27/2011,YKM,WA,ANM,WE,Federal Contract Tower,5,0,3,0,8,0,0,14,0,14,5,0,17,0,22,34,0,34,56
02/28/2011,YKM,WA,ANM,WE,Federal Contract Tower,5,14,10,16,45,0,0,8,0,8,5,14,18,16,53,4,0,4,57
03/01/2011,YKM,WA,ANM,WE,Federal Contract Tower,5,19,0,2,26,0,0,2,0,2,5,19,2,2,28,8,0,8,36
03/02/2011,YKM,WA,ANM,WE,Federal Contract Tower,5,18,12,1,36,0,2,14,1,17,5,20,26,2,53,48,0,48,101
03/03/2011,YKM,WA,ANM,WE,Federal Contract Tower,3,14,14,6,37,0,5,15,3,23,3,19,29,9,60,12,6,18,78
03/04/2011,YKM,WA,ANM,WE,Federal Contract Tower,5,9,20,0,34,0,5,41,0,46,5,14,61,0,80,64,0,64,144
03/05/2011,YKM,WA,ANM,WE,Federal Contract Tower,4,4,9,0,17,0,1,59,0,60,4,5,68,0,77,92,0,92,169
03/06/2011,YKM,WA,ANM,WE,Federal Contract Tower,3,2,5,2,12,0,0,33,1,34,3,2,38,3,46,62,0,62,108
03/07/2011,YKM,WA,ANM,WE,Federal Contract Tower,6,11,20,0,37,0,3,27,0,30,6,14,47,0,67,53,0,53,120
03/08/2011,YKM,WA,ANM,WE,Federal Contract Tower,5,13,12,2,32,0,3,25,0,28,5,16,37,2,60,54,0,54,114
03/09/2011,YKM,WA,ANM,WE,Federal Contract Tower,5,21,14,0,40,0,0,9,0,9,5,21,23,0,49,14,0,14,63
03/10/2011,YKM,WA,ANM,WE,Federal Contract Tower,4,19,3,3,29,0,0,4,1,5,4,19,7,4,34,6,0,6,40
03/11/2011,YKM,WA,ANM,WE,Federal Contract Tower,5,13,22,0,40,0,3,51,0,54,5,16,73,0,94,92,0,92,186
03/12/2011,YKM,WA,ANM,WE,Federal Contract Tower,3,5,8,0,16,0,2,38,0,40,3,7,46,0,56,43,0,43,99
03/13/2011,YKM,WA,ANM,WE,Federal Contract Tower,5,4,26,0,35,0,0,5,0,5,5,4,31,0,40,26,0,26,66
03/14/2011,YKM,WA,ANM,WE,Federal Contract Tower,5,15,15,5,40,0,5,10,1,16,5,20,25,6,56,2,2,4,60
03/15/2011,YKM,WA,ANM,WE,Federal Contract Tower,5,12,10,2,29,0,3,20,0,23,5,15,30,2,52,34,0,34,86
03/16/2011,YKM,WA,ANM,WE,Federal Contract Tower,6,12,20,9,47,0,6,22,1,29,6,18,42,10,76,40,0,40,116
03/17/2011,YKM,WA,ANM,WE,Federal Contract Tower,3,11,14,4,32,0,3,33,3,39,3,14,47,7,71,37,0,37,108
03/18/2011,YKM,WA,ANM,WE,Federal Contract Tower,2,14,15,2,33,0,6,16,0,22,2,20,31,2,55,52,2,54,109
03/19/2011,YKM,WA,ANM,WE,Federal Contract Tower,7,7,3,3,20,0,52,1,0,53,7,59,4,3,73,62,0,62,135
03/20/2011,YKM,WA,ANM,WE,Federal Contract Tower,5,0,16,4,25,0,0,3,0,3,5,0,19,4,28,0,0,0,28
03/21/2011,YKM,WA,ANM,WE,Federal Contract Tower,4,12,11,18,45,0,2,23,10,35,4,14,34,28,80,68,52,120,200
03/22/2011,YKM,WA,ANM,WE,Federal Contract Tower,5,8,8,4,25,0,6,32,0,38,5,14,40,4,63,39,0,39,102
03/23/2011,YKM,WA,ANM,WE,Federal Contract Tower,5,12,23,2,42,0,6,36,0,42,5,18,59,2,84,66,0,66,150
03/24/2011,YKM,WA,ANM,WE,Federal Contract Tower,5,14,7,2,28,0,1,21,0,22,5,15,28,2,50,16,0,16,66
03/25/2011,YKM,WA,ANM,WE,Federal Contract Tower,4,14,12,7,37,0,3,36,4,43,4,17,48,11,80,100,65,165,245
03/26/2011,YKM,WA,ANM,WE,Federal Contract Tower,5,9,7,0,21,0,0,18,0,18,5,9,25,0,39,45,0,45,84
03/27/2011,YKM,WA,ANM,WE,Federal Contract Tower,5,0,9,4,18,0,0,8,0,8,5,0,17,4,26,0,0,0,26
03/28/2011,YKM,WA,ANM,WE,Federal Contract Tower,5,11,15,0,31,0,1,32,0,33,5,12,47,0,64,90,0,90,154
03/29/2011,YKM,WA,ANM,WE,Federal Contract Tower,4,12,14,2,32,0,4,22,0,26,4,16,36,2,58,38,18,56,114
03/30/2011,YKM,WA,ANM,WE,Federal Contract Tower,5,13,12,0,30,0,3,9,0,12,5,16,21,0,42,59,0,59,101
03/31/2011,YKM,WA,ANM,WE,Federal Contract Tower,5,15,9,0,29,0,1,4,0,5,5,16,13,0,34,0,0,0,34
04/01/2011,YKM,WA,ANM,WE,Federal Contract Tower,4,10,19,1,34,0,3,43,1,47,4,13,62,2,81,118,0,118,199
04/02/2011,YKM,WA,ANM,WE,Federal Contract Tower,5,10,3,0,18,0,3,9,0,12,5,13,12,0,30,16,0,16,46
04/03/2011,YKM,WA,ANM,WE,Federal Contract Tower,5,2,6,0,13,0,0,58,0,58,5,2,64,0,71,56,0,56,127
04/04/2011,YKM,WA,ANM,WE,Federal Contract Tower,5,10,10,2,27,0,3,13,0,16,5,13,23,2,43,50,4,54,97
04/05/2011,YKM,WA,ANM,WE,Federal Contract Tower,5,11,4,3,23,0,3,7,1,11,5,14,11,4,34,18,0,18,52
04/06/2011,YKM,WA,ANM,WE,Federal Contract Tower,5,11,8,3,27,0,4,17,5,26,5,15,25,8,53,16,0,16,69
04/07/2011,YKM,WA,ANM,WE,Federal Contract Tower,5,13,22,20,60,0,3,36,0,39,5,16,58,20,99,90,0,90,189
04/08/2011,YKM,WA,ANM,WE,Federal Contract Tower,5,13,20,0,38,0,3,58,2,63,5,16,78,2,101,81,0,81,182
04/09/2011,YKM,WA,ANM,WE,Federal Contract Tower,7,3,10,1,21,0,1,45,4,50,7,4,55,5,71,91,24,115,186
04/10/2011,YKM,WA,ANM,WE,Federal Contract Tower,4,4,7,3,18,0,0,23,0,23,4,4,30,3,41,28,0,28,69
04/11/2011,YKM,WA,ANM,WE,Federal Contract Tower,4,10,9,5,28,0,3,9,1,13,4,13,18,6,41,31,0,31,72
04/12/2011,YKM,WA,ANM,WE,Federal Contract Tower,7,11,15,2,35,0,3,61,2,66,7,14,76,4,101,77,4,81,182
04/13/2011,YKM,WA,ANM,WE,Federal Contract Tower,5,13,6,5,29,0,4,18,7,29,5,17,24,12,58,73,2,75,133
04/14/2011,YKM,WA,ANM,WE,Federal Contract Tower,5,18,20,6,49,0,0,33,2,35,5,18,53,8,84,16,0,16,100
04/15/2011,YKM,WA,ANM,WE,Federal Contract Tower,5,13,9,0,27,0,2,17,0,19,5,15,26,0,46,112,0,112,158
04/16/2011,YKM,WA,ANM,WE,Federal Contract Tower,5,7,7,0,19,0,0,50,2,52,5,7,57,2,71,157,0,157,228
04/17/2011,YKM,WA,ANM,WE,Federal Contract Tower,5,1,10,6,22,0,0,41,2,43,5,1,51,8,65,37,18,55,120
04/18/2011,YKM,WA,ANM,WE,Federal Contract Tower,5,13,11,0,29,0,1,19,0,20,5,14,30,0,49,54,0,54,103
04/19/2011,YKM,WA,ANM,WE,Federal Contract Tower,5,12,16,4,37,0,3,68,6,77,5,15,84,10,114,58,0,58,172
04/20/2011,YKM,WA,ANM,WE,Federal Contract Tower,3,15,20,0,38,0,0,72,0,72,3,15,92,0,110,94,0,94,204
04/21/2011,YKM,WA,ANM,WE,Federal Contract Tower,5,15,14,0,34,0,1,27,0,28,5,16,41,0,62,6,0,6,68
04/22/2011,YKM,WA,ANM,WE,Federal Contract Tower,5,13,27,0,45,0,1,79,0,80,5,14,106,0,125,92,0,92,217
04/23/2011,YKM,WA,ANM,WE,Federal Contract Tower,7,4,15,0,26,0,1,73,0,74,7,5,88,0,100,74,0,74,174
04/24/2011,YKM,WA,ANM,WE,Federal Contract Tower,5,0,5,0,10,0,0,28,0,28,5,0,33,0,38,24,0,24,62
04/25/2011,YKM,WA,ANM,WE,Federal Contract Tower,5,26,10,6,47,0,1,6,0,7,5,27,16,6,54,26,0,26,80
04/26/2011,YKM,WA,ANM,WE,Federal Contract Tower,5,11,13,5,34,0,6,32,2,40,5,17,45,7,74,38,3,41,115
04/27/2011,YKM,WA,ANM,WE,Federal Contract Tower,7,16,12,5,40,0,3,28,4,35,7,19,40,9,75,36,4,40,115
04/28/2011,YKM,WA,ANM,WE,Federal Contract Tower,5,9,9,8,31,0,7,33,3,43,5,16,42,11,74,43,58,101,175
04/29/2011,YKM,WA,ANM,WE,Federal Contract Tower,5,5,7,0,17,0,11,22,2,35,5,16,29,2,52,50,0,50,102
04/30/2011,YKM,WA,ANM,WE,Federal Contract Tower,5,6,3,0,14,0,1,69,7,77,5,7,72,7,91,103,0,103,194
05/01/2011,YKM,WA,ANM,WE,Federal Contract Tower,5,0,10,0,15,0,0,50,0,50,5,0,60,0,65,61,0,61,126
05/02/2011,YKM,WA,ANM,WE,Federal Contract Tower,11,18,8,6,43,0,4,18,0,22,11,22,26,6,65,48,2,50,115
05/03/2011,YKM,WA,ANM,WE,Federal Contract Tower,5,13,8,1,27,0,2,14,1,17,5,15,22,2,44,22,23,45,89
05/04/2011,YKM,WA,ANM,WE,Federal Contract Tower,5,15,12,14,46,0,3,63,11,77,5,18,75,25,123,108,5,113,236
05/05/2011,YKM,WA,ANM,WE,Federal Contract Tower,5,16,9,0,30,0,2,23,0,25,5,18,32,0,55,70,0,70,125
05/06/2011,YKM,WA,ANM,WE,Federal Contract Tower,5,11,26,1,43,0,4,33,0,37,5,15,59,1,80,30,0,30,110
05/07/2011,YKM,WA,ANM,WE,Federal Contract Tower,5,6,10,0,21,0,2,18,0,20,5,8,28,0,41,36,0,36,77
05/08/2011,YKM,WA,ANM,WE,Federal Contract Tower,5,0,6,1,12,0,0,16,1,17,5,0,22,2,29,38,0,38,67
05/09/2011,YKM,WA,ANM,WE,Federal Contract Tower,4,12,11,0,27,0,1,24,0,25,4,13,35,0,52,8,0,8,60
05/10/2011,YKM,WA,ANM,WE,Federal Contract Tower,8,12,20,7,47,0,6,73,7,86,8,18,93,14,133,68,3,71,204
05/11/2011,YKM,WA,ANM,WE,Federal Contract Tower,4,14,13,2,33,0,4,28,1,33,4,18,41,3,66,56,0,56,122
05/12/2011,YKM,WA,ANM,WE,Federal Contract Tower,5,12,9,1,27,0,2,39,2,43,5,14,48,3,70,129,0,129,199
05/13/2011,YKM,WA,ANM,WE,Federal Contract Tower,5,13,9,4,31,0,6,37,0,43,5,19,46,4,74,73,2,75,149
05/14/2011,YKM,WA,ANM,WE,Federal Contract Tower,5,7,7,3,22,0,1,49,1,51,5,8,56,4,73,52,1,53,126
05/15/2011,YKM,WA,ANM,WE,Federal Contract Tower,5,1,10,6,22,0,1,3,2,6,5,2,13,8,28,4,0,4,32
05/16/2011,YKM,WA,ANM,WE,Federal Contract Tower,4,11,19,4,38,0,3,29,0,32,4,14,48,4,70,56,1,57,127
05/17/2011,YKM,WA,ANM,WE,Federal Contract Tower,4,13,20,0,37,0,5,34,5,44,4,18,54,5,81,193,0,193,274
05/18/2011,YKM,WA,ANM,WE,Federal Contract Tower,6,16,19,0,41,0,5,43,2,50,6,21,62,2,91,118,10,128,219
05/19/2011,YKM,WA,ANM,WE,Federal Contract Tower,5,14,16,2,37,0,3,38,2,43,5,17,54,4,80,132,0,132,212
05/20/2011,YKM,WA,ANM,WE,Federal Contract Tower,5,16,18,0,39,0,2,38,0,40,5,18,56,0,79,83,0,83,162
05/21/2011,YKM,WA,ANM,WE,Federal Contract Tower,7,4,11,0,22,0,1,29,0,30,7,5,40,0,52,20,0,20,72
05/22/2011,YKM,WA,ANM,WE,Federal Contract Tower,5,0,8,1,14,0,0,36,4,40,5,0,44,5,54,94,6,100,154
05/23/2011,YKM,WA,ANM,WE,Federal Contract Tower,5,12,12,6,35,0,1,34,4,39,5,13,46,10,74,71,16,87,161
05/24/2011,YKM,WA,ANM,WE,Federal Contract Tower,11,12,15,7,45,0,7,37,4,48,11,19,52,11,93,51,0,51,144
05/25/2011,YKM,WA,ANM,WE,Federal Contract Tower,5,12,19,2,38,0,2,19,1,22,5,14,38,3,60,40,0,40,100
05/26/2011,YKM,WA,ANM,WE,Federal Contract Tower,5,13,10,0,28,0,5,32,0,37,5,18,42,0,65,30,0,30,95
05/27/2011,YKM,WA,ANM,WE,Federal Contract Tower,5,15,16,0,36,0,2,31,0,33,5,17,47,0,69,50,0,50,119
05/28/2011,YKM,WA,ANM,WE,Federal Contract Tower,5,7,3,1,16,0,0,0,0,0,5,7,3,1,16,50,0,50,66
05/29/2011,YKM,WA,ANM,WE,Federal Contract Tower,5,0,5,0,10,0,0,22,0,22,5,0,27,0,32,44,0,44,76
05/30/2011,YKM,WA,ANM,WE,Federal Contract Tower,5,0,15,0,20,0,0,37,0,37,5,0,52,0,57,41,0,41,98
05/31/2011,YKM,WA,ANM,WE,Federal Contract Tower,4,13,16,0,33,0,1,10,0,11,4,14,26,0,44,22,0,22,66
06/01/2011,YKM,WA,ANM,WE,Federal Contract Tower,5,17,12,4,38,0,1,15,0,16,5,18,27,4,54,50,0,50,104
06/02/2011,YKM,WA,ANM,WE,Federal Contract Tower,4,18,8,4,34,0,1,20,0,21,4,19,28,4,55,16,0,16,71
06/03/2011,YKM,WA,ANM,WE,Federal Contract Tower,4,12,15,0,31,0,4,68,0,72,4,16,83,0,103,36,0,36,139
06/04/2011,YKM,WA,ANM,WE,Federal Contract Tower,5,7,10,3,25,0,0,67,1,68,5,7,77,4,93,15,0,15,108
06/05/2011,YKM,WA,ANM,WE,Federal Contract Tower,5,2,12,2,21,0,0,48,0,48,5,2,60,2,69,22,0,22,91
06/06/2011,YKM,WA,ANM,WE,Federal Contract Tower,7,11,13,6,37,0,2,22,1,25,7,13,35,7,62,22,0,22,84
06/07/2011,YKM,WA,ANM,WE,Federal Contract Tower,5,12,3,0,20,0,2,14,0,16,5,14,17,0,36,0,0,0,36
06/08/2011,YKM,WA,ANM,WE,Federal Contract Tower,5,16,29,3,53,0,0,24,0,24,5,16,53,3,77,52,3,55,132
06/09/2011,YKM,WA,ANM,WE,Federal Contract Tower,7,16,16,0,39,0,3,43,0,46,7,19,59,0,85,62,0,62,147
06/10/2011,YKM,WA,ANM,WE,Federal Contract Tower,5,13,14,0,32,0,5,27,0,32,5,18,41,0,64,38,0,38,102
06/11/2011,YKM,WA,ANM,WE,Federal Contract Tower,3,5,10,0,18,0,0,56,0,56,3,5,66,0,74,88,0,88,162
06/12/2011,YKM,WA,ANM,WE,Federal Contract Tower,5,0,12,0,17,0,0,38,0,38,5,0,50,0,55,32,0,32,87
06/13/2011,YKM,WA,ANM,WE,Federal Contract Tower,5,14,20,0,39,0,2,12,0,14,5,16,32,0,53,4,0,4,57
06/14/2011,YKM,WA,ANM,WE,Federal Contract Tower,4,12,21,4,41,0,4,37,0,41,4,16,58,4,82,70,0,70,152
06/15/2011,YKM,WA,ANM,WE,Federal Contract Tower,5,10,12,1,28,0,3,35,1,39,5,13,47,2,67,22,0,22,89
06/16/2011,YKM,WA,ANM,WE,Federal Contract Tower,5,14,8,7,34,0,5,33,1,39,5,19,41,8,73,42,0,42,115
06/17/2011,YKM,WA,ANM,WE,Federal Contract Tower,5,15,14,6,40,0,3,66,2,71,5,18,80,8,111,80,0,80,191
06/18/2011,YKM,WA,ANM,WE,Federal Contract Tower,4,4,10,2,20,0,0,30,0,30,4,4,40,2,50,74,0,74,124
06/19/2011,YKM,WA,ANM,WE,Federal Contract Tower,5,0,6,0,11,0,0,36,0,36,5,0,42,0,47,44,0,44,91
06/20/2011,YKM,WA,ANM,WE,Federal Contract Tower,5,9,15,0,29,0,4,45,0,49,5,13,60,0,78,68,2,70,148
06/21/2011,YKM,WA,ANM,WE,Federal Contract Tower,5,12,4,3,24,0,4,50,0,54,5,16,54,3,78,88,2,90,168
06/22/2011,YKM,WA,ANM,WE,Federal Contract Tower,5,11,7,0,23,0,6,57,2,65,5,17,64,2,88,54,0,54,142
06/23/2011,YKM,WA,ANM,WE,Federal Contract Tower,6,12,4,2,24,0,4,38,1,43,6,16,42,3,67,71,2,73,140
06/24/2011,YKM,WA,ANM,WE,Federal Contract Tower,5,14,13,1,33,0,5,45,1,51,5,19,58,2,84,61,0,61,145
06/25/2011,YKM,WA,ANM,WE,Federal Contract Tower,4,3,0,0,7,0,4,63,0,67,4,7,63,0,74,108,0,108,182
06/26/2011,YKM,WA,ANM,WE,Federal Contract Tower,5,4,6,3,18,0,2,30,1,33,5,6,36,4,51,22,0,22,73
06/27/2011,YKM,WA,ANM,WE,Federal Contract Tower,5,13,8,2,28,0,0,34,2,36,5,13,42,4,64,113,0,113,177
06/28/2011,YKM,WA,ANM,WE,Federal Contract Tower,5,16,5,2,28,0,2,25,0,27,5,18,30,2,55,86,0,86,141
06/29/2011,YKM,WA,ANM,WE,Federal Contract Tower,5,14,11,4,34,0,4,28,0,32,5,18,39,4,66,49,0,49,115
06/30/2011,YKM,WA,ANM,WE,Federal Contract Tower,5,13,6,0,24,0,3,33,0,36,5,16,39,0,60,42,0,42,102
07/01/2011,YKM,WA,ANM,WE,Federal Contract Tower,5,13,7,0,25,0,3,69,0,72,5,16,76,0,97,50,0,50,147
07/02/2011,YKM,WA,ANM,WE,Federal Contract Tower,4,3,2,0,9,0,2,69,0,71,4,5,71,0,80,79,0,79,159
07/03/2011,YKM,WA,ANM,WE,Federal Contract Tower,5,0,8,0,13,0,0,30,0,30,5,0,38,0,43,8,0,8,51
07/04/2011,YKM,WA,ANM,WE,Federal Contract Tower,5,0,7,0,12,0,0,35,0,35,5,0,42,0,47,12,0,12,59
07/05/2011,YKM,WA,ANM,WE,Federal Contract Tower,5,10,14,0,29,0,3,32,0,35,5,13,46,0,64,56,0,56,120
07/06/2011,YKM,WA,ANM,WE,Federal Contract Tower,5,15,9,0,29,0,4,40,0,44,5,19,49,0,73,62,0,62,135
07/07/2011,YKM,WA,ANM,WE,Federal Contract Tower,5,11,5,2,23,0,5,30,2,37,5,16,35,4,60,24,0,24,84
07/08/2011,YKM,WA,ANM,WE,Federal Contract Tower,5,10,9,2,26,0,1,51,0,52,5,11,60,2,78,84,0,84,162
07/09/2011,YKM,WA,ANM,WE,Federal Contract Tower,4,4,2,0,10,0,3,47,0,50,4,7,49,0,60,124,0,124,184
07/10/2011,YKM,WA,ANM,WE,Federal Contract Tower,5,0,12,1,18,0,0,44,1,45,5,0,56,2,63,72,0,72,135
07/11/2011,YKM,WA,ANM,WE,Federal Contract Tower,4,11,6,4,25,0,0,34,2,36,4,11,40,6,61,42,0,42,103
07/12/2011,YKM,WA,ANM,WE,Federal Contract Tower,5,9,11,5,30,0,1,33,3,37,5,10,44,8,67,36,2,38,105
07/13/2011,YKM,WA,ANM,WE,Federal Contract Tower,7,14,13,0,34,0,0,39,0,39,7,14,52,0,73,79,0,79,152
07/14/2011,YKM,WA,ANM,WE,Federal Contract Tower,5,12,16,2,35,0,0,53,0,53,5,12,69,2,88,88,0,88,176
07/15/2011,YKM,WA,ANM,WE,Federal Contract Tower,4,11,19,0,34,0,0,53,0,53,4,11,72,0,87,50,0,50,137
07/16/2011,YKM,WA,ANM,WE,Federal Contract Tower,4,8,7,3,22,0,1,52,0,53,4,9,59,3,75,56,0,56,131
07/17/2011,YKM,WA,ANM,WE,Federal Contract Tower,5,1,9,0,15,0,1,29,0,30,5,2,38,0,45,66,0,66,111
07/18/2011,YKM,WA,ANM,WE,Federal Contract Tower,7,9,13,1,30,0,0,29,1,30,7,9,42,2,60,4,0,4,64
07/19/2011,YKM,WA,ANM,WE,Federal Contract Tower,5,13,19,4,41,0,1,24,0,25,5,14,43,4,66,38,0,38,104
07/20/2011,YKM,WA,ANM,WE,Federal Contract Tower,5,16,14,2,37,0,1,46,3,50,5,17,60,5,87,58,0,58,145
07/21/2011,YKM,WA,ANM,WE,Federal Contract Tower,4,12,9,5,30,0,0,38,1,39,4,12,47,6,69,42,8,50,119
07/22/2011,YKM,WA,ANM,WE,Federal Contract Tower,5,11,13,5,34,0,1,57,5,63,5,12,70,10,97,44,0,44,141
07/23/2011,YKM,WA,ANM,WE,Federal Contract Tower,4,5,11,0,20,0,2,69,0,71,4,7,80,0,91,51,0,51,142
07/24/2011,YKM,WA,ANM,WE,Federal Contract Tower,5,0,10,1,16,0,2,46,1,49,5,2,56,2,65,33,0,33,98
07/25/2011,YKM,WA,ANM,WE,Federal Contract Tower,4,10,14,2,30,0,0,26,0,26,4,10,40,2,56,10,0,10,66
07/26/2011,YKM,WA,ANM,WE,Federal Contract Tower,5,9,12,5,31,0,1,35,1,37,5,10,47,6,68,47,12,59,127
07/27/2011,YKM,WA,ANM,WE,Federal Contract Tower,5,10,22,4,41,0,2,40,2,44,5,12,62,6,85,16,4,20,105
07/28/2011,YKM,WA,ANM,WE,Federal Contract Tower,5,8,8,1,22,0,0,40,0,40,5,8,48,1,62,52,0,52,114
07/29/2011,YKM,WA,ANM,WE,Federal Contract Tower,5,13,15,5,38,0,1,46,0,47,5,14,61,5,85,64,2,66,151
07/30/2011,YKM,WA,ANM,WE,Federal Contract Tower,4,3,3,2,12,0,3,68,0,71,4,6,71,2,83,22,0,22,105
07/31/2011,YKM,WA,ANM,WE,Federal Contract Tower,5,1,7,4,17,0,0,40,1,41,5,1,47,5,58,36,0,36,94
08/01/2011,YKM,WA,ANM,WE,Federal Contract Tower,5,9,12,0,26,0,0,32,0,32,5,9,44,0,58,27,0,27,85
08/02/2011,YKM,WA,ANM,WE,Federal Contract Tower,5,10,11,2,28,0,0,45,0,45,5,10,56,2,73,84,0,84,157
08/03/2011,YKM,WA,ANM,WE,Federal Contract Tower,6,13,11,4,34,0,0,46,0,46,6,13,57,4,80,38,0,38,118
08/04/2011,YKM,WA,ANM,WE,Federal Contract Tower,5,10,15,1,31,0,0,49,0,49,5,10,64,1,80,27,0,27,107
08/05/2011,YKM,WA,ANM,WE,Federal Contract Tower,5,13,11,3,32,0,1,41,1,43,5,14,52,4,75,53,0,53,128
08/06/2011,YKM,WA,ANM,WE,Federal Contract Tower,4,4,6,0,14,0,5,43,0,48,4,9,49,0,62,64,0,64,126
08/07/2011,YKM,WA,ANM,WE,Federal Contract Tower,5,0,9,0,14,0,0,43,0,43,5,0,52,0,57,154,0,154,211
08/08/2011,YKM,WA,ANM,WE,Federal Contract Tower,5,9,12,2,28,0,0,50,0,50,5,9,62,2,78,112,0,112,190
08/09/2011,YKM,WA,ANM,WE,Federal Contract Tower,5,12,6,2,25,0,2,41,0,43,5,14,47,2,68,44,0,44,112
08/10/2011,YKM,WA,ANM,WE,Federal Contract Tower,5,14,13,2,34,0,0,49,1,50,5,14,62,3,84,27,0,27,111
08/11/2011,YKM,WA,ANM,WE,Federal Contract Tower,7,13,14,1,35,0,2,60,1,63,7,15,74,2,98,27,0,27,125
08/12/2011,YKM,WA,ANM,WE,Federal Contract Tower,5,16,23,1,45,0,2,73,0,75,5,18,96,1,120,84,0,84,204
08/13/2011,YKM,WA,ANM,WE,Federal Contract Tower,4,4,10,1,19,0,1,61,0,62,4,5,71,1,81,64,0,64,145
08/14/2011,YKM,WA,ANM,WE,Federal Contract Tower,7,0,11,0,18,0,0,42,0,42,7,0,53,0,60,62,0,62,122
08/15/2011,YKM,WA,ANM,WE,Federal Contract Tower,5,11,6,6,28,0,0,34,0,34,5,11,40,6,62,36,0,36,98
08/16/2011,YKM,WA,ANM,WE,Federal Contract Tower,5,14,11,2,32,0,0,61,0,61,5,14,72,2,93,69,0,69,162
08/17/2011,YKM,WA,ANM,WE,Federal Contract Tower,5,8,20,0,33,0,1,87,0,88,5,9,107,0,121,75,0,75,196
08/18/2011,YKM,WA,ANM,WE,Federal Contract Tower,5,14,14,1,34,0,0,66,1,67,5,14,80,2,101,15,0,15,116
08/19/2011,YKM,WA,ANM,WE,Federal Contract Tower,5,13,21,2,41,0,3,67,0,70,5,16,88,2,111,82,0,82,193
08/20/2011,YKM,WA,ANM,WE,Federal Contract Tower,3,6,5,0,14,0,2,51,0,53,3,8,56,0,67,110,0,110,177
08/21/2011,YKM,WA,ANM,WE,Federal Contract Tower,5,0,6,1,12,0,2,50,2,54,5,2,56,3,66,20,0,20,86
08/22/2011,YKM,WA,ANM,WE,Federal Contract Tower,5,9,8,0,22,0,2,31,0,33,5,11,39,0,55,68,8,76,131
08/23/2011,YKM,WA,ANM,WE,Federal Contract Tower,5,10,14,0,29,0,2,40,0,42,5,12,54,0,71,96,0,96,167
08/24/2011,YKM,WA,ANM,WE,Federal Contract Tower,5,14,24,7,50,0,0,48,0,48,5,14,72,7,98,26,0,26,124
08/25/2011,YKM,WA,ANM,WE,Federal Contract Tower,5,13,22,0,40,0,1,42,0,43,5,14,64,0,83,46,0,46,129
08/26/2011,YKM,WA,ANM,WE,Federal Contract Tower,5,8,16,3,32,0,4,56,2,62,5,12,72,5,94,90,0,90,184
08/27/2011,YKM,WA,ANM,WE,Federal Contract Tower,4,4,8,0,16,0,3,52,1,56,4,7,60,1,72,66,0,66,138
08/28/2011,YKM,WA,ANM,WE,Federal Contract Tower,4,0,8,0,12,0,0,37,0,37,4,0,45,0,49,75,0,75,124
08/29/2011,YKM,WA,ANM,WE,Federal Contract Tower,5,9,16,4,34,0,0,27,0,27,5,9,43,4,61,68,0,68,129
08/30/2011,YKM,WA,ANM,WE,Federal Contract Tower,5,11,8,3,27,0,2,28,1,31,5,13,36,4,58,34,0,34,92
08/31/2011,YKM,WA,ANM,WE,Federal Contract Tower,7,13,10,11,41,0,1,28,1,30,7,14,38,12,71,36,0,36,107
09/01/2011,YKM,WA,ANM,WE,Federal Contract Tower,6,14,12,6,38,0,1,56,0,57,6,15,68,6,95,104,0,104,199
09/02/2011,YKM,WA,ANM,WE,Federal Contract Tower,5,11,12,0,28,0,2,51,0,53,5,13,63,0,81,88,0,88,169
09/03/2011,YKM,WA,ANM,WE,Federal Contract Tower,5,6,1,0,12,0,1,69,0,70,5,7,70,0,82,22,0,22,104
09/04/2011,YKM,WA,ANM,WE,Federal Contract Tower,2,2,5,0,9,0,2,28,0,30,2,4,33,0,39,14,0,14,53
09/05/2011,YKM,WA,ANM,WE,Federal Contract Tower,5,2,8,0,15,0,0,44,0,44,5,2,52,0,59,16,0,16,75
09/06/2011,YKM,WA,ANM,WE,Federal Contract Tower,5,11,12,1,29,0,1,30,0,31,5,12,42,1,60,67,2,69,129
09/07/2011,YKM,WA,ANM,WE,Federal Contract Tower,5,11,14,4,34,0,1,54,0,55,5,12,68,4,89,73,0,73,162
09/08/2011,YKM,WA,ANM,WE,Federal Contract Tower,5,13,16,0,34,0,3,53,1,57,5,16,69,1,91,90,0,90,181
09/09/2011,YKM,WA,ANM,WE,Federal Contract Tower,5,13,16,0,34,0,1,52,2,55,5,14,68,2,89,34,0,34,123
09/10/2011,YKM,WA,ANM,WE,Federal Contract Tower,4,7,9,0,20,0,1,51,0,52,4,8,60,0,72,40,0,40,112
09/11/2011,YKM,WA,ANM,WE,Federal Contract Tower,5,1,11,0,17,0,0,34,0,34,5,1,45,0,51,95,0,95,146
09/12/2011,YKM,WA,ANM,WE,Federal Contract Tower,5,13,7,0,25,0,0,26,2,28,5,13,33,2,53,50,0,50,103
09/13/2011,YKM,WA,ANM,WE,Federal Contract Tower,5,14,16,3,38,0,0,33,2,35,5,14,49,5,73,0,2,2,75
09/14/2011,YKM,WA,ANM,WE,Federal Contract Tower,5,12,11,4,32,0,0,37,1,38,5,12,48,5,70,34,0,34,104
09/15/2011,YKM,WA,ANM,WE,Federal Contract Tower,5,11,15,2,33,0,1,21,2,24,5,12,36,4,57,44,0,44,101
09/16/2011,YKM,WA,ANM,WE,Federal Contract Tower,5,11,20,2,38,0,1,39,1,41,5,12,59,3,79,100,0,100,179
09/17/2011,YKM,WA,ANM,WE,Federal Contract Tower,4,4,7,2,17,0,3,25,0,28,4,7,32,2,45,46,0,46,91
09/18/2011,YKM,WA,ANM,WE,Federal Contract Tower,5,0,11,0,16,0,0,27,0,27,5,0,38,0,43,4,0,4,47
09/19/2011,YKM,WA,ANM,WE,Federal Contract Tower,5,9,12,8,34,0,0,39,0,39,5,9,51,8,73,39,0,39,112
09/20/2011,YKM,WA,ANM,WE,Federal Contract Tower,5,9,7,5,26,0,3,32,1,36,5,12,39,6,62,40,2,42,104
09/21/2011,YKM,WA,ANM,WE,Federal Contract Tower,5,12,15,2,34,0,0,52,0,52,5,12,67,2,86,80,0,80,166
09/22/2011,YKM,WA,ANM,WE,Federal Contract Tower,5,15,14,4,38,0,2,56,0,58,5,17,70,4,96,50,0,50,146
09/23/2011,YKM,WA,ANM,WE,Federal Contract Tower,5,16,16,0,37,0,2,44,0,46,5,18,60,0,83,44,0,44,127
09/24/2011,YKM,WA,ANM,WE,Federal Contract Tower,4,6,13,0,23,0,0,57,0,57,4,6,70,0,80,94,0,94,174
09/25/2011,YKM,WA,ANM,WE,Federal Contract Tower,5,0,10,0,15,0,0,20,0,20,5,0,30,0,35,16,0,16,51
09/26/2011,YKM,WA,ANM,WE,Federal Contract Tower,5,10,15,0,30,0,0,20,0,20,5,10,35,0,50,16,0,16,66
09/27/2011,YKM,WA,ANM,WE,Federal Contract Tower,5,13,15,2,35,0,0,17,0,17,5,13,32,2,52,23,0,23,75
09/28/2011,YKM,WA,ANM,WE,Federal Contract Tower,5,11,16,4,36,0,1,63,0,64,5,12,79,4,100,28,0,28,128
09/29/2011,YKM,WA,ANM,WE,Federal Contract Tower,5,11,10,5,31,0,1,62,3,66,5,12,72,8,97,42,0,42,139
09/30/2011,YKM,WA,ANM,WE,Federal Contract Tower,5,11,16,6,38,0,3,45,0,48,5,14,61,6,86,78,0,78,164
10/01/2011,YKM,WA,ANM,WE,Federal Contract Tower,4,5,9,1,19,0,2,57,1,60,4,7,66,2,79,118,0,118,197
10/02/2011,YKM,WA,ANM,WE,Federal Contract Tower,5,4,7,0,16,0,0,33,0,33,5,4,40,0,49,12,0,12,61
10/03/2011,YKM,WA,ANM,WE,Federal Contract Tower,5,11,14,3,33,0,0,29,1,30,5,11,43,4,63,34,0,34,97
10/04/2011,YKM,WA,ANM,WE,Federal Contract Tower,4,10,8,4,26,0,0,26,3,29,4,10,34,7,55,10,5,15,70
10/05/2011,YKM,WA,ANM,WE,Federal Contract Tower,5,12,10,0,27,0,2,10,1,13,5,14,20,1,40,88,0,88,128
10/06/2011,YKM,WA,ANM,WE,Federal Contract Tower,5,14,18,3,40,0,1,24,1,26,5,15,42,4,66,35,0,35,101
10/07/2011,YKM,WA,ANM,WE,Federal Contract Tower,5,11,15,2,33,0,5,48,0,53,5,16,63,2,86,30,0,30,116
10/08/2011,YKM,WA,ANM,WE,Federal Contract Tower,4,2,12,3,21,0,3,80,5,88,4,5,92,8,109,48,20,68,177
10/09/2011,YKM,WA,ANM,WE,Federal Contract Tower,4,4,9,0,17,0,0,34,0,34,4,4,43,0,51,22,0,22,73
10/10/2011,YKM,WA,ANM,WE,Federal Contract Tower,5,5,13,3,26,0,0,0,0,0,5,5,13,3,26,48,2,50,76
10/11/2011,YKM,WA,ANM,WE,Federal Contract Tower,7,12,4,0,23,0,1,21,0,22,7,13,25,0,45,10,14,24,69
10/12/2011,YKM,WA,ANM,WE,Federal Contract Tower,5,14,14,1,34,0,0,30,2,32,5,14,44,3,66,64,0,64,130
10/13/2011,YKM,WA,ANM,WE,Federal Contract Tower,7,13,8,1,29,0,0,46,2,48,7,13,54,3,77,12,20,32,109
10/14/2011,YKM,WA,ANM,WE,Federal Contract Tower,5,12,19,0,36,0,1,33,0,34,5,13,52,0,70,38,0,38,108
10/15/2011,YKM,WA,ANM,WE,Federal Contract Tower,7,7,7,2,23,0,0,37,4,41,7,7,44,6,64,6,36,42,106
10/16/2011,YKM,WA,ANM,WE,Federal Contract Tower,5,2,15,0,22,0,0,31,0,31,5,2,46,0,53,18,0,18,71
10/17/2011,YKM,WA,ANM,WE,Federal Contract Tower,5,11,20,4,40,0,0,46,1,47,5,11,66,5,87,34,4,38,125
10/18/2011,YKM,WA,ANM,WE,Federal Contract Tower,7,10,15,3,35,0,4,48,1,53,7,14,63,4,88,46,0,46,134
10/19/2011,YKM,WA,ANM,WE,Federal Contract Tower,7,13,14,2,36,0,1,42,2,45,7,14,56,4,81,28,0,28,109
10/20/2011,YKM,WA,ANM,WE,Federal Contract Tower,5,12,6,17,40,0,0,34,6,40,5,12,40,23,80,67,2,69,149
10/21/2011,YKM,WA,ANM,WE,Federal Contract Tower,5,10,11,6,32,0,2,45,1,48,5,12,56,7,80,61,0,61,141
10/22/2011,YKM,WA,ANM,WE,Federal Contract Tower,4,5,14,0,23,0,2,30,1,33,4,7,44,1,56,8,20,28,84
10/23/2011,YKM,WA,ANM,WE,Federal Contract Tower,5,2,12,1,20,0,2,33,1,36,5,4,45,2,56,10,20,30,86
10/24/2011,YKM,WA,ANM,WE,Federal Contract Tower,5,11,13,11,40,0,1,32,3,36,5,12,45,14,76,36,19,55,131
10/25/2011,YKM,WA,ANM,WE,Federal Contract Tower,5,11,13,2,31,0,2,51,0,53,5,13,64,2,84,44,0,44,128
10/26/2011,YKM,WA,ANM,WE,Federal Contract Tower,5,11,25,1,42,0,0,47,3,50,5,11,72,4,92,36,0,36,128
10/27/2011,YKM,WA,ANM,WE,Federal Contract Tower,5,13,18,9,45,0,0,50,5,55,5,13,68,14,100,62,2,64,164
10/28/2011,YKM,WA,ANM,WE,Federal Contract Tower,5,11,11,0,27,0,0,34,0,34,5,11,45,0,61,45,0,45,106
10/29/2011,YKM,WA,ANM,WE,Federal Contract Tower,4,5,13,0,22,0,2,71,0,73,4,7,84,0,95,32,2,34,129
10/30/2011,YKM,WA,ANM,WE,Federal Contract Tower,5,0,8,3,16,0,0,26,0,26,5,0,34,3,42,80,0,80,122
10/31/2011,YKM,WA,ANM,WE,Federal Contract Tower,5,8,16,1,30,0,1,24,1,26,5,9,40,2,56,14,0,14,70
11/01/2011,YKM,WA,ANM,WE,Federal Contract Tower,5,9,23,3,40,0,3,39,1,43,5,12,62,4,83,44,16,60,143
11/02/2011,YKM,WA,ANM,WE,Federal Contract Tower,11,15,20,8,54,0,0,49,1,50,11,15,69,9,104,73,4,77,181
11/03/2011,YKM,WA,ANM,WE,Federal Contract Tower,4,16,14,1,35,0,1,22,1,24,4,17,36,2,59,64,0,64,123
11/04/2011,YKM,WA,ANM,WE,Federal Contract Tower,5,25,25,0,55,0,0,33,0,33,5,25,58,0,88,98,0,98,186
11/05/2011,YKM,WA,ANM,WE,Federal Contract Tower,4,7,9,0,20,0,2,35,2,39,4,9,44,2,59,44,0,44,103
11/06/2011,YKM,WA,ANM,WE,Federal Contract Tower,7,0,7,0,14,0,0,32,0,32,7,0,39,0,46,18,6,24,70
11/07/2011,YKM,WA,ANM,WE,Federal Contract Tower,5,9,14,4,32,0,0,23,1,24,5,9,37,5,56,47,0,47,103
11/08/2011,YKM,WA,ANM,WE,Federal Contract Tower,5,10,11,2,28,0,2,37,1,40,5,12,48,3,68,96,10,106,174
11/09/2011,YKM,WA,ANM,WE,Federal Contract Tower,5,13,6,1,25,0,1,30,5,36,5,14,36,6,61,42,0,42,103
11/10/2011,YKM,WA,ANM,WE,Federal Contract Tower,5,15,23,3,46,0,2,54,1,57,5,17,77,4,103,58,0,58,161
11/11/2011,YKM,WA,ANM,WE,Federal Contract Tower,5,14,8,0,27,0,0,31,0,31,5,14,39,0,58,31,0,31,89
11/12/2011,YKM,WA,ANM,WE,Federal Contract Tower,4,6,9,1,20,0,1,24,0,25,4,7,33,1,45,8,0,8,53
11/13/2011,YKM,WA,ANM,WE,Federal Contract Tower,5,0,6,0,11,0,0,9,0,9,5,0,15,0,20,0,0,0,20
11/14/2011,YKM,WA,ANM,WE,Federal Contract Tower,4,9,10,0,23,0,0,11,0,11,4,9,21,0,34,16,0,16,50
11/15/2011,YKM,WA,ANM,WE,Federal Contract Tower,5,14,12,0,31,0,0,34,2,36,5,14,46,2,67,64,8,72,139
11/16/2011,YKM,WA,ANM,WE,Federal Contract Tower,5,19,12,0,36,0,0,5,0,5,5,19,17,0,41,8,0,8,49
11/17/2011,YKM,WA,ANM,WE,Federal Contract Tower,5,12,5,0,22,0,1,11,0,12,5,13,16,0,34,18,0,18,52
11/18/2011,YKM,WA,ANM,WE,Federal Contract Tower,5,17,16,0,38,0,1,31,0,32,5,18,47,0,70,23,0,23,93
11/19/2011,YKM,WA,ANM,WE,Federal Contract Tower,6,7,4,0,17,0,0,2,2,4,6,7,6,2,21,34,8,42,63
11/20/2011,YKM,WA,ANM,WE,Federal Contract Tower,5,0,6,1,12,0,0,14,1,15,5,0,20,2,27,30,0,30,57
11/21/2011,YKM,WA,ANM,WE,Federal Contract Tower,5,11,7,4,27,0,0,2,2,4,5,11,9,6,31,16,0,16,47
11/22/2011,YKM,WA,ANM,WE,Federal Contract Tower,5,11,12,2,30,0,1,1,0,2,5,12,13,2,32,26,0,26,58
11/23/2011,YKM,WA,ANM,WE,Federal Contract Tower,7,14,12,0,33,0,0,8,0,8,7,14,20,0,41,32,0,32,73
11/24/2011,YKM,WA,ANM,WE,Federal Contract Tower,4,0,0,0,4,0,0,20,0,20,4,0,20,0,24,26,0,26,50
11/25/2011,YKM,WA,ANM,WE,Federal Contract Tower,4,10,6,0,20,0,0,30,0,30,4,10,36,0,50,58,0,58,108
11/26/2011,YKM,WA,ANM,WE,Federal Contract Tower,5,5,4,0,14,0,0,37,0,37,5,5,41,0,51,48,0,48,99
11/27/2011,YKM,WA,ANM,WE,Federal Contract Tower,5,0,10,0,15,0,0,12,0,12,5,0,22,0,27,38,0,38,65
11/28/2011,YKM,WA,ANM,WE,Federal Contract Tower,5,9,11,2,27,0,0,36,2,38,5,9,47,4,65,90,0,90,155
11/29/2011,YKM,WA,ANM,WE,Federal Contract Tower,5,11,17,10,43,0,1,32,0,33,5,12,49,10,76,34,0,34,110
11/30/2011,YKM,WA,ANM,WE,Federal Contract Tower,5,18,10,9,42,0,2,34,2,38,5,20,44,11,80,44,0,44,124
12/01/2011,YKM,WA,ANM,WE,Federal Contract Tower,5,13,10,5,33,0,3,37,3,43,5,16,47,8,76,46,0,46,122
12/02/2011,YKM,WA,ANM,WE,Federal Contract Tower,5,14,8,1,28,0,0,37,1,38,5,14,45,2,66,52,0,52,118
12/03/2011,YKM,WA,ANM,WE,Federal Contract Tower,4,5,9,1,19,0,2,49,0,51,4,7,58,1,70,52,0,52,122
12/04/2011,YKM,WA,ANM,WE,Federal Contract Tower,5,0,5,0,10,0,0,45,0,45,5,0,50,0,55,54,0,54,109
12/05/2011,YKM,WA,ANM,WE,Federal Contract Tower,5,10,12,5,32,0,0,14,1,15,5,10,26,6,47,46,0,46,93
12/06/2011,YKM,WA,ANM,WE,Federal Contract Tower,5,11,10,0,26,0,2,47,0,49,5,13,57,0,75,22,0,22,97
12/07/2011,YKM,WA,ANM,WE,Federal Contract Tower,5,10,15,1,31,0,2,30,1,33,5,12,45,2,64,42,0,42,106
12/08/2011,YKM,WA,ANM,WE,Federal Contract Tower,5,20,8,7,40,0,1,30,2,33,5,21,38,9,73,30,0,30,103
12/09/2011,YKM,WA,ANM,WE,Federal Contract Tower,5,12,14,2,33,0,0,20,0,20,5,12,34,2,53,28,0,28,81
12/10/2011,YKM,WA,ANM,WE,Federal Contract Tower,1,5,0,0,6,0,0,0,0,0,1,5,0,0,6,0,0,0,6
12/11/2011,YKM,WA,ANM,WE,Federal Contract Tower,5,1,11,0,17,0,0,0,0,0,5,1,11,0,17,0,0,0,17
12/12/2011,YKM,WA,ANM,WE,Federal Contract Tower,5,10,13,2,30,0,1,31,2,34,5,11,44,4,64,41,0,41,105
12/13/2011,YKM,WA,ANM,WE,Federal Contract Tower,5,11,4,0,20,0,0,0,0,0,5,11,4,0,20,0,0,0,20
12/14/2011,YKM,WA,ANM,WE,Federal Contract Tower,8,14,14,1,37,0,0,8,1,9,8,14,22,2,46,6,0,6,52
12/15/2011,YKM,WA,ANM,WE,Federal Contract Tower,5,14,7,6,32,0,0,1,0,1,5,14,8,6,33,8,0,8,41
12/16/2011,YKM,WA,ANM,WE,Federal Contract Tower,5,16,20,0,41,0,0,1,0,1,5,16,21,0,42,40,0,40,82
12/17/2011,YKM,WA,ANM,WE,Federal Contract Tower,5,7,11,4,27,0,0,0,0,0,5,7,11,4,27,0,0,0,27
12/18/2011,YKM,WA,ANM,WE,Federal Contract Tower,5,4,5,0,14,0,1,8,0,9,5,5,13,0,23,0,0,0,23
12/19/2011,YKM,WA,ANM,WE,Federal Contract Tower,4,14,14,2,34,0,0,0,0,0,4,14,14,2,34,0,0,0,34
12/20/2011,YKM,WA,ANM,WE,Federal Contract Tower,7,7,3,12,29,0,0,12,0,12,7,7,15,12,41,4,0,4,45
12/21/2011,YKM,WA,ANM,WE,Federal Contract Tower,7,11,13,0,31,0,2,31,0,33,7,13,44,0,64,34,0,34,98
12/22/2011,YKM,WA,ANM,WE,Federal Contract Tower,9,10,6,0,25,0,2,36,0,38,9,12,42,0,63,44,0,44,107
12/23/2011,YKM,WA,ANM,WE,Federal Contract Tower,7,7,8,0,22,0,1,14,0,15,7,8,22,0,37,22,0,22,59
12/24/2011,YKM,WA,ANM,WE,Federal Contract Tower,5,5,2,0,12,0,0,19,0,19,5,5,21,0,31,14,0,14,45
12/25/2011,YKM,WA,ANM,WE,Federal Contract Tower,3,2,2,0,7,0,0,1,0,1,3,2,3,0,8,0,0,0,8
12/26/2011,YKM,WA,ANM,WE,Federal Contract Tower,5,0,4,0,9,0,0,18,0,18,5,0,22,0,27,69,0,69,96
12/27/2011,YKM,WA,ANM,WE,Federal Contract Tower,4,10,10,0,24,0,0,9,0,9,4,10,19,0,33,30,0,30,63
12/28/2011,YKM,WA,ANM,WE,Federal Contract Tower,5,14,5,3,27,0,0,19,0,19,5,14,24,3,46,31,36,67,113
12/29/2011,YKM,WA,ANM,WE,Federal Contract Tower,7,11,9,0,27,0,2,12,0,14,7,13,21,0,41,40,0,40,81
12/30/2011,YKM,WA,ANM,WE,Federal Contract Tower,5,12,5,4,26,0,0,12,0,12,5,12,17,4,38,46,6,52,90
12/31/2011,YKM,WA,ANM,WE,Federal Contract Tower,4,4,12,0,20,0,1,58,0,59,4,5,70,0,79,30,0,30,109
01/01/2012,YKM,WA,ANM,WE,Federal Contract Tower,5,0,5,0,10,0,0,32,0,32,5,0,37,0,42,20,0,20,62
01/02/2012,YKM,WA,ANM,WE,Federal Contract Tower,5,0,14,0,19,0,0,28,0,28,5,0,42,0,47,27,0,27,74
01/03/2012,YKM,WA,ANM,WE,Federal Contract Tower,8,10,11,1,30,0,0,27,1,28,8,10,38,2,58,26,0,26,84
01/04/2012,YKM,WA,ANM,WE,Federal Contract Tower,5,16,7,8,36,0,2,15,1,18,5,18,22,9,54,28,2,30,84
01/05/2012,YKM,WA,ANM,WE,Federal Contract Tower,5,14,9,6,34,0,0,11,3,14,5,14,20,9,48,23,0,23,71
01/06/2012,YKM,WA,ANM,WE,Federal Contract Tower,7,13,24,8,52,0,1,37,2,40,7,14,61,10,92,40,2,42,134
01/07/2012,YKM,WA,ANM,WE,Federal Contract Tower,4,3,10,0,17,0,3,37,0,40,4,6,47,0,57,31,0,31,88
01/08/2012,YKM,WA,ANM,WE,Federal Contract Tower,5,2,4,2,13,0,0,26,0,26,5,2,30,2,39,20,0,20,59
01/09/2012,YKM,WA,ANM,WE,Federal Contract Tower,5,9,4,3,21,0,2,15,2,19,5,11,19,5,40,8,12,20,60
01/10/2012,YKM,WA,ANM,WE,Federal Contract Tower,5,15,14,7,41,0,0,22,3,25,5,15,36,10,66,2,18,20,86
01/11/2012,YKM,WA,ANM,WE,Federal Contract Tower,5,13,14,6,38,0,1,28,4,33,5,14,42,10,71,40,4,44,115
01/12/2012,YKM,WA,ANM,WE,Federal Contract Tower,5,16,13,2,36,0,1,26,0,27,5,17,39,2,63,12,2,14,77
01/13/2012,YKM,WA,ANM,WE,Federal Contract Tower,5,12,16,4,37,0,4,31,0,35,5,16,47,4,72,59,2,61,133
01/14/2012,YKM,WA,ANM,WE,Federal Contract Tower,4,6,2,0,12,0,1,44,0,45,4,7,46,0,57,16,0,16,73
01/15/2012,YKM,WA,ANM,WE,Federal Contract Tower,5,0,3,0,8,0,0,12,0,12,5,0,15,0,20,12,0,12,32
01/16/2012,YKM,WA,ANM,WE,Federal Contract Tower,5,10,9,0,24,0,0,11,0,11,5,10,20,0,35,2,0,2,37
01/17/2012,YKM,WA,ANM,WE,Federal Contract Tower,5,13,13,0,31,0,1,1,0,2,5,14,14,0,33,4,0,4,37
01/18/2012,YKM,WA,ANM,WE,Federal Contract Tower,3,8,3,0,14,0,0,0,0,0,3,8,3,0,14,0,0,0,14
01/19/2012,YKM,WA,ANM,WE,Federal Contract Tower,0,4,4,0,8,0,0,0,0,0,0,4,4,0,8,0,0,0,8
01/20/2012,YKM,WA,ANM,WE,Federal Contract Tower,3,10,7,0,20,0,0,0,0,0,3,10,7,0,20,0,0,0,20
01/21/2012,YKM,WA,ANM,WE,Federal Contract Tower,4,9,1,0,14,0,1,0,0,1,4,10,1,0,15,2,0,2,17
01/22/2012,YKM,WA,ANM,WE,Federal Contract Tower,5,2,0,0,7,0,0,0,0,0,5,2,0,0,7,0,0,0,7
01/23/2012,YKM,WA,ANM,WE,Federal Contract Tower,4,11,10,3,28,0,1,12,1,14,4,12,22,4,42,39,0,39,81
01/24/2012,YKM,WA,ANM,WE,Federal Contract Tower,7,14,4,2,27,0,0,6,0,6,7,14,10,2,33,2,4,6,39
01/25/2012,YKM,WA,ANM,WE,Federal Contract Tower,3,9,9,1,22,0,1,17,1,19,3,10,26,2,41,22,0,22,63
01/26/2012,YKM,WA,ANM,WE,Federal Contract Tower,5,11,10,2,28,0,3,6,2,11,5,14,16,4,39,12,0,12,51
01/27/2012,YKM,WA,ANM,WE,Federal Contract Tower,5,12,27,4,48,0,2,41,0,43,5,14,68,4,91,43,0,43,134
01/28/2012,YKM,WA,ANM,WE,Federal Contract Tower,6,8,10,0,24,0,3,38,0,41,6,11,48,0,65,42,0,42,107
01/29/2012,YKM,WA,ANM,WE,Federal Contract Tower,5,0,3,1,9,0,0,2,2,4,5,0,5,3,13,10,0,10,23
01/30/2012,YKM,WA,ANM,WE,Federal Contract Tower,4,10,8,4,26,0,0,0,0,0,4,10,8,4,26,25,0,25,51
01/31/2012,YKM,WA,ANM,WE,Federal Contract Tower,4,15,13,3,35,0,2,20,3,25,4,17,33,6,60,11,0,11,71
02/01/2012,YKM,WA,ANM,WE,Federal Contract Tower,7,17,11,1,36,0,2,11,3,16,7,19,22,4,52,22,0,22,74
02/02/2012,YKM,WA,ANM,WE,Federal Contract Tower,5,16,12,2,35,0,0,50,2,52,5,16,62,4,87,64,0,64,151
02/03/2012,YKM,WA,ANM,WE,Federal Contract Tower,5,13,10,3,31,0,1,34,1,36,5,14,44,4,67,31,0,31,98
02/04/2012,YKM,WA,ANM,WE,Federal Contract Tower,4,5,12,3,24,0,1,71,1,73,4,6,83,4,97,68,0,68,165
02/05/2012,YKM,WA,ANM,WE,Federal Contract Tower,5,2,10,0,17,0,0,31,0,31,5,2,41,0,48,54,0,54,102
02/06/2012,YKM,WA,ANM,WE,Federal Contract Tower,5,11,11,7,34,0,1,26,5,32,5,12,37,12,66,51,0,51,117
02/07/2012,YKM,WA,ANM,WE,Federal Contract Tower,4,11,11,2,28,0,0,55,2,57,4,11,66,4,85,68,0,68,153
02/08/2012,YKM,WA,ANM,WE,Federal Contract Tower,4,19,11,4,38,0,0,0,0,0,4,19,11,4,38,0,0,0,38
02/09/2012,YKM,WA,ANM,WE,Federal Contract Tower,5,18,14,10,47,0,1,5,2,8,5,19,19,12,55,20,0,20,75
02/10/2012,YKM,WA,ANM,WE,Federal Contract Tower,5,13,18,0,36,0,0,4,0,4,5,13,22,0,40,32,0,32,72
02/11/2012,YKM,WA,ANM,WE,Federal Contract Tower,4,11,15,0,30,0,0,25,0,25,4,11,40,0,55,98,0,98,153
02/12/2012,YKM,WA,ANM,WE,Federal Contract Tower,4,0,8,4,16,0,0,42,6,48,4,0,50,10,64,38,0,38,102
02/13/2012,YKM,WA,ANM,WE,Federal Contract Tower,5,8,10,5,28,0,1,20,5,26,5,9,30,10,54,65,4,69,123
02/14/2012,YKM,WA,ANM,WE,Federal Contract Tower,5,12,5,0,22,0,0,8,0,8,5,12,13,0,30,12,0,12,42
02/15/2012,YKM,WA,ANM,WE,Federal Contract Tower,5,12,24,6,47,0,1,55,3,59,5,13,79,9,106,32,0,32,138
02/16/2012,YKM,WA,ANM,WE,Federal Contract Tower,5,15,26,1,47,0,2,41,1,44,5,17,67,2,91,34,0,34,125
02/17/2012,YKM,WA,ANM,WE,Federal Contract Tower,7,12,12,0,31,0,0,0,0,0,7,12,12,0,31,0,0,0,31
02/18/2012,YKM,WA,ANM,WE,Federal Contract Tower,4,3,4,0,11,0,8,15,0,23,4,11,19,0,34,4,0,4,38
02/19/2012,YKM,WA,ANM,WE,Federal Contract Tower,7,1,9,0,17,0,0,23,0,23,7,1,32,0,40,12,0,12,52
02/20/2012,YKM,WA,ANM,WE,Federal Contract Tower,7,5,20,0,32,0,0,35,0,35,7,5,55,0,67,17,0,17,84
02/21/2012,YKM,WA,ANM,WE,Federal Contract Tower,5,18,15,0,38,0,0,12,0,12,5,18,27,0,50,12,0,12,62
02/22/2012,YKM,WA,ANM,WE,Federal Contract Tower,5,15,8,0,28,0,1,4,0,5,5,16,12,0,33,3,0,3,36
02/23/2012,YKM,WA,ANM,WE,Federal Contract Tower,5,14,10,1,30,0,1,49,1,51,5,15,59,2,81,111,0,111,192
02/24/2012,YKM,WA,ANM,WE,Federal Contract Tower,5,13,11,6,35,0,1,43,2,46,5,14,54,8,81,73,16,89,170
02/25/2012,YKM,WA,ANM,WE,Federal Contract Tower,4,5,2,0,11,0,2,2,0,4,4,7,4,0,15,0,0,0,15
02/26/2012,YKM,WA,ANM,WE,Federal Contract Tower,5,0,2,0,7,0,0,12,0,12,5,0,14,0,19,58,14,72,91
02/27/2012,YKM,WA,ANM,WE,Federal Contract Tower,5,8,30,1,44,0,2,37,0,39,5,10,67,1,83,51,0,51,134
02/28/2012,YKM,WA,ANM,WE,Federal Contract Tower,5,15,11,1,32,0,1,30,1,32,5,16,41,2,64,38,0,38,102
02/29/2012,YKM,WA,ANM,WE,Federal Contract Tower,7,13,10,11,41,0,1,8,1,10,7,14,18,12,51,24,0,24,75
03/01/2012,YKM,WA,ANM,WE,Federal Contract Tower,5,15,19,7,46,0,6,36,3,45,5,21,55,10,91,58,13,71,162
03/02/2012,YKM,WA,ANM,WE,Federal Contract Tower,5,11,18,3,37,0,5,29,1,35,5,16,47,4,72,17,3,20,92
03/03/2012,YKM,WA,ANM,WE,Federal Contract Tower,6,4,0,0,10,0,4,33,0,37,6,8,33,0,47,32,0,32,79
03/04/2012,YKM,WA,ANM,WE,Federal Contract Tower,5,4,6,1,16,0,0,55,2,57,5,4,61,3,73,46,0,46,119
03/05/2012,YKM,WA,ANM,WE,Federal Contract Tower,5,11,18,2,36,0,6,5,0,11,5,17,23,2,47,0,0,0,47
03/06/2012,YKM,WA,ANM,WE,Federal Contract Tower,5,13,9,1,28,0,13,22,1,36,5,26,31,2,64,4,0,4,68
03/07/2012,YKM,WA,ANM,WE,Federal Contract Tower,5,21,23,0,49,0,6,45,1,52,5,27,68,1,101,33,0,33,134
03/08/2012,YKM,WA,ANM,WE,Federal Contract Tower,4,15,16,6,41,0,9,58,3,70,4,24,74,9,111,82,3,85,196
03/09/2012,YKM,WA,ANM,WE,Federal Contract Tower,5,13,14,1,33,0,8,39,1,48,5,21,53,2,81,70,0,70,151
03/10/2012,YKM,WA,ANM,WE,Federal Contract Tower,4,5,2,0,11,0,4,16,0,20,4,9,18,0,31,16,0,16,47
03/11/2012,YKM,WA,ANM,WE,Federal Contract Tower,5,0,5,0,10,0,2,11,0,13,5,2,16,0,23,4,0,4,27
03/12/2012,YKM,WA,ANM,WE,Federal Contract Tower,5,19,4,0,28,0,1,7,0,8,5,20,11,0,36,30,0,30,66
03/13/2012,YKM,WA,ANM,WE,Federal Contract Tower,5,15,2,4,26,0,7,0,1,8,5,22,2,5,34,0,0,0,34
03/14/2012,YKM,WA,ANM,WE,Federal Contract Tower,5,14,18,4,41,0,1,11,1,13,5,15,29,5,54,16,0,16,70
03/15/2012,YKM,WA,ANM,WE,Federal Contract Tower,5,23,8,1,37,0,4,10,1,15,5,27,18,2,52,28,0,28,80
03/16/2012,YKM,WA,ANM,WE,Federal Contract Tower,5,20,17,0,42,0,12,16,0,28,5,32,33,0,70,15,0,15,85
03/17/2012,YKM,WA,ANM,WE,Federal Contract Tower,4,6,3,0,13,0,1,26,0,27,4,7,29,0,40,25,0,25,65
03/18/2012,YKM,WA,ANM,WE,Federal Contract Tower,5,0,8,1,14,0,2,43,1,46,5,2,51,2,60,46,0,46,106
03/19/2012,YKM,WA,ANM,WE,Federal Contract Tower,5,11,11,0,27,0,9,33,0,42,5,20,44,0,69,49,0,49,118
03/20/2012,YKM,WA,ANM,WE,Federal Contract Tower,5,14,4,5,28,0,4,6,1,11,5,18,10,6,39,24,0,24,63
03/21/2012,YKM,WA,ANM,WE,Federal Contract Tower,5,20,15,2,42,0,3,27,0,30,5,23,42,2,72,22,0,22,94
03/22/2012,YKM,WA,ANM,WE,Federal Contract Tower,5,13,15,3,36,0,10,23,3,36,5,23,38,6,72,54,20,74,146
03/23/2012,YKM,WA,ANM,WE,Federal Contract Tower,5,10,16,8,39,0,12,45,1,58,5,22,61,9,97,63,16,79,176
03/24/2012,YKM,WA,ANM,WE,Federal Contract Tower,3,4,9,1,17,0,4,36,1,41,3,8,45,2,58,74,0,74,132
03/25/2012,YKM,WA,ANM,WE,Federal Contract Tower,4,2,7,7,20,0,3,42,1,46,4,5,49,8,66,17,0,17,83
03/26/2012,YKM,WA,ANM,WE,Federal Contract Tower,5,10,12,4,31,0,10,14,0,24,5,20,26,4,55,77,4,81,136
03/27/2012,YKM,WA,ANM,WE,Federal Contract Tower,5,18,5,4,32,0,5,5,1,11,5,23,10,5,43,32,4,36,79
03/28/2012,YKM,WA,ANM,WE,Federal Contract Tower,4,11,14,1,30,0,10,10,1,21,4,21,24,2,51,28,5,33,84
03/29/2012,YKM,WA,ANM,WE,Federal Contract Tower,5,13,15,1,34,0,6,11,1,18,5,19,26,2,52,28,0,28,80
03/30/2012,YKM,WA,ANM,WE,Federal Contract Tower,5,18,9,4,36,0,2,2,0,4,5,20,11,4,40,12,0,12,52
03/31/2012,YKM,WA,ANM,WE,Federal Contract Tower,5,7,11,0,23,0,0,19,0,19,5,7,30,0,42,65,0,65,107
04/01/2012,YKM,WA,ANM,WE,Federal Contract Tower,6,1,3,0,10,0,2,16,0,18,6,3,19,0,28,20,0,20,48
04/02/2012,YKM,WA,ANM,WE,Federal Contract Tower,4,8,12,0,24,0,8,30,0,38,4,16,42,0,62,86,0,86,148
04/03/2012,YKM,WA,ANM,WE,Federal Contract Tower,4,10,10,0,24,0,9,21,0,30,4,19,31,0,54,58,0,58,112
04/04/2012,YKM,WA,ANM,WE,Federal Contract Tower,8,9,21,4,42,0,10,30,3,43,8,19,51,7,85,97,0,97,182
04/05/2012,YKM,WA,ANM,WE,Federal Contract Tower,5,9,5,0,19,0,7,23,1,31,5,16,28,1,50,46,0,46,96
04/06/2012,YKM,WA,ANM,WE,Federal Contract Tower,5,7,18,2,32,0,4,44,0,48,5,11,62,2,80,42,0,42,122
04/07/2012,YKM,WA,ANM,WE,Federal Contract Tower,4,3,16,1,24,0,4,60,0,64,4,7,76,1,88,58,0,58,146
04/08/2012,YKM,WA,ANM,WE,Federal Contract Tower,4,0,12,0,16,0,2,30,0,32,4,2,42,0,48,32,0,32,80
04/09/2012,YKM,WA,ANM,WE,Federal Contract Tower,5,7,19,6,37,0,6,28,4,38,5,13,47,10,75,64,0,64,139
04/10/2012,YKM,WA,ANM,WE,Federal Contract Tower,4,6,10,0,20,0,10,36,0,46,4,16,46,0,66,68,0,68,134
04/11/2012,YKM,WA,ANM,WE,Federal Contract Tower,4,11,14,1,30,0,9,28,1,38,4,20,42,2,68,34,0,34,102
04/12/2012,YKM,WA,ANM,WE,Federal Contract Tower,5,11,9,3,28,0,10,22,2,34,5,21,31,5,62,42,0,42,104
04/13/2012,YKM,WA,ANM,WE,Federal Contract Tower,5,7,13,0,25,0,10,46,0,56,5,17,59,0,81,68,0,68,149
04/14/2012,YKM,WA,ANM,WE,Federal Contract Tower,4,1,11,0,16,0,5,52,0,57,4,6,63,0,73,46,0,46,119
04/15/2012,YKM,WA,ANM,WE,Federal Contract Tower,4,0,11,5,20,0,0,32,2,34,4,0,43,7,54,22,0,22,76
04/16/2012,YKM,WA,ANM,WE,Federal Contract Tower,5,8,12,0,25,0,9,12,2,23,5,17,24,2,48,22,0,22,70
04/17/2012,YKM,WA,ANM,WE,Federal Contract Tower,4,11,18,4,37,0,11,25,3,39,4,22,43,7,76,22,4,26,102
04/18/2012,YKM,WA,ANM,WE,Federal Contract Tower,4,10,20,1,35,0,4,21,0,25,4,14,41,1,60,20,0,20,80
04/19/2012,YKM,WA,ANM,WE,Federal Contract Tower,5,8,18,0,31,0,6,34,0,40,5,14,52,0,71,8,0,8,79
04/20/2012,YKM,WA,ANM,WE,Federal Contract Tower,5,11,21,0,37,0,7,27,0,34,5,18,48,0,71,52,0,52,123
04/21/2012,YKM,WA,ANM,WE,Federal Contract Tower,4,5,14,1,24,0,4,84,1,89,4,9,98,2,113,56,0,56,169
04/22/2012,YKM,WA,ANM,WE,Federal Contract Tower,5,1,7,0,13,0,1,47,0,48,5,2,54,0,61,18,0,18,79
04/23/2012,YKM,WA,ANM,WE,Federal Contract Tower,5,6,21,2,34,0,6,32,4,42,5,12,53,6,76,50,10,60,136
04/24/2012,YKM,WA,ANM,WE,Federal Contract Tower,4,8,7,1,20,0,12,25,1,38,4,20,32,2,58,50,0,50,108
04/25/2012,YKM,WA,ANM,WE,Federal Contract Tower,5,8,18,3,34,0,6,34,0,40,5,14,52,3,74,30,5,35,109
04/26/2012,YKM,WA,ANM,WE,Federal Contract Tower,5,9,11,0,25,0,11,33,2,46,5,20,44,2,71,30,0,30,101
04/27/2012,YKM,WA,ANM,WE,Federal Contract Tower,5,8,18,1,32,0,9,60,4,73,5,17,78,5,105,22,12,34,139
04/28/2012,YKM,WA,ANM,WE,Federal Contract Tower,4,5,4,6,19,0,5,36,8,49,4,10,40,14,68,50,22,72,140
04/29/2012,YKM,WA,ANM,WE,Federal Contract Tower,5,0,17,0,22,0,2,47,0,49,5,2,64,0,71,24,0,24,95
04/30/2012,YKM,WA,ANM,WE,Federal Contract Tower,8,6,15,0,29,0,11,14,0,25,8,17,29,0,54,9,0,9,63
05/01/2012,YKM,WA,ANM,WE,Federal Contract Tower,5,7,10,5,27,0,7,37,1,45,5,14,47,6,72,69,0,69,141
05/02/2012,YKM,WA,ANM,WE,Federal Contract Tower,10,8,13,4,35,0,10,41,2,53,10,18,54,6,88,40,0,40,128
05/03/2012,YKM,WA,ANM,WE,Federal Contract Tower,5,10,24,0,39,0,4,14,2,20,5,14,38,2,59,47,8,55,114
05/04/2012,YKM,WA,ANM,WE,Federal Contract Tower,5,12,22,0,39,0,8,24,0,32,5,20,46,0,71,76,0,76,147
05/05/2012,YKM,WA,ANM,WE,Federal Contract Tower,4,4,11,0,19,0,7,42,2,51,4,11,53,2,70,30,0,30,100
05/06/2012,YKM,WA,ANM,WE,Federal Contract Tower,5,4,9,1,19,0,2,57,1,60,5,6,66,2,79,0,0,0,79
05/07/2012,YKM,WA,ANM,WE,Federal Contract Tower,7,8,15,2,32,0,14,50,0,64,7,22,65,2,96,24,0,24,120
05/08/2012,YKM,WA,ANM,WE,Federal Contract Tower,5,9,8,1,23,0,7,44,1,52,5,16,52,2,75,60,0,60,135
05/09/2012,YKM,WA,ANM,WE,Federal Contract Tower,4,8,12,0,24,0,2,19,1,22,4,10,31,1,46,26,0,26,72
05/10/2012,YKM,WA,ANM,WE,Federal Contract Tower,5,13,15,0,33,0,6,49,2,57,5,19,64,2,90,37,0,37,127
05/11/2012,YKM,WA,ANM,WE,Federal Contract Tower,5,8,20,0,33,0,13,73,0,86,5,21,93,0,119,40,0,40,159
05/12/2012,YKM,WA,ANM,WE,Federal Contract Tower,3,2,8,0,13,0,4,50,0,54,3,6,58,0,67,61,0,61,128
05/13/2012,YKM,WA,ANM,WE,Federal Contract Tower,4,0,11,0,15,0,4,47,0,51,4,4,58,0,66,8,0,8,74
05/14/2012,YKM,WA,ANM,WE,Federal Contract Tower,5,3,21,4,33,0,14,35,0,49,5,17,56,4,82,56,0,56,138
05/15/2012,YKM,WA,ANM,WE,Federal Contract Tower,5,7,15,4,31,0,10,36,2,48,5,17,51,6,79,48,0,48,127
05/16/2012,YKM,WA,ANM,WE,Federal Contract Tower,5,6,6,2,19,0,11,36,0,47,5,17,42,2,66,38,0,38,104
05/17/2012,YKM,WA,ANM,WE,Federal Contract Tower,4,10,24,7,45,0,10,48,1,59,4,20,72,8,104,46,0,46,150
05/18/2012,YKM,WA,ANM,WE,Federal Contract Tower,5,6,17,4,32,0,15,41,0,56,5,21,58,4,88,46,0,46,134
05/19/2012,YKM,WA,ANM,WE,Federal Contract Tower,4,3,17,3,27,0,7,73,1,81,4,10,90,4,108,26,0,26,134
05/20/2012,YKM,WA,ANM,WE,Federal Contract Tower,4,0,13,2,19,0,2,17,0,19,4,2,30,2,38,8,0,8,46
05/21/2012,YKM,WA,ANM,WE,Federal Contract Tower,5,6,13,2,26,0,8,19,0,27,5,14,32,2,53,36,0,36,89
05/22/2012,YKM,WA,ANM,WE,Federal Contract Tower,17,12,15,0,44,0,8,16,0,24,17,20,31,0,68,36,0,36,104
05/23/2012,YKM,WA,ANM,WE,Federal Contract Tower,5,13,13,0,31,0,7,29,0,36,5,20,42,0,67,53,0,53,120
05/24/2012,YKM,WA,ANM,WE,Federal Contract Tower,7,9,18,8,42,0,9,45,0,54,7,18,63,8,96,10,0,10,106
05/25/2012,YKM,WA,ANM,WE,Federal Contract Tower,7,11,11,0,29,0,5,26,0,31,7,16,37,0,60,0,0,0,60
05/26/2012,YKM,WA,ANM,WE,Federal Contract Tower,4,4,10,0,18,0,2,42,0,44,4,6,52,0,62,0,0,0,62
05/27/2012,YKM,WA,ANM,WE,Federal Contract Tower,6,0,4,0,10,0,0,41,0,41,6,0,45,0,51,18,0,18,69
05/28/2012,YKM,WA,ANM,WE,Federal Contract Tower,5,4,14,0,23,0,0,37,0,37,5,4,51,0,60,22,0,22,82
05/29/2012,YKM,WA,ANM,WE,Federal Contract Tower,5,5,14,0,24,0,8,53,0,61,5,13,67,0,85,34,0,34,119
05/30/2012,YKM,WA,ANM,WE,Federal Contract Tower,5,14,15,0,34,0,4,56,0,60,5,18,71,0,94,52,0,52,146
05/31/2012,YKM,WA,ANM,WE,Federal Contract Tower,6,13,16,2,37,0,6,42,0,48,6,19,58,2,85,34,0,34,119
06/01/2012,YKM,WA,ANM,WE,Federal Contract Tower,5,7,11,0,23,0,13,49,0,62,5,20,60,0,85,12,0,12,97
06/02/2012,YKM,WA,ANM,WE,Federal Contract Tower,6,4,16,0,26,0,6,43,0,49,6,10,59,0,75,36,0,36,111
06/03/2012,YKM,WA,ANM,WE,Federal Contract Tower,4,0,15,1,20,0,2,47,1,50,4,2,62,2,70,42,0,42,112
06/04/2012,YKM,WA,ANM,WE,Federal Contract Tower,4,14,20,0,38,0,2,8,0,10,4,16,28,0,48,31,0,31,79
06/05/2012,YKM,WA,ANM,WE,Federal Contract Tower,5,12,7,0,24,0,8,23,0,31,5,20,30,0,55,25,0,25,80
06/06/2012,YKM,WA,ANM,WE,Federal Contract Tower,7,10,17,2,36,0,7,49,5,61,7,17,66,7,97,30,0,30,127
06/07/2012,YKM,WA,ANM,WE,Federal Contract Tower,5,23,15,2,45,0,4,42,2,48,5,27,57,4,93,26,0,26,119
06/08/2012,YKM,WA,ANM,WE,Federal Contract Tower,5,9,24,3,41,0,12,33,6,51,5,21,57,9,92,62,0,62,154
06/09/2012,YKM,WA,ANM,WE,Federal Contract Tower,4,7,11,4,26,0,2,39,2,43,4,9,50,6,69,30,0,30,99
06/10/2012,YKM,WA,ANM,WE,Federal Contract Tower,5,0,9,0,14,0,1,60,0,61,5,1,69,0,75,44,0,44,119
06/11/2012,YKM,WA,ANM,WE,Federal Contract Tower,5,11,8,0,24,0,11,79,2,92,5,22,87,2,116,40,0,40,156
06/12/2012,YKM,WA,ANM,WE,Federal Contract Tower,5,15,12,5,37,0,7,33,0,40,5,22,45,5,77,57,0,57,134
06/13/2012,YKM,WA,ANM,WE,Federal Contract Tower,6,11,21,0,38,0,14,48,0,62,6,25,69,0,100,85,0,85,185
06/14/2012,YKM,WA,ANM,WE,Federal Contract Tower,5,11,28,0,44,0,6,57,0,63,5,17,85,0,107,83,0,83,190
06/15/2012,YKM,WA,ANM,WE,Federal Contract Tower,5,9,17,0,31,0,7,105,0,112,5,16,122,0,143,31,0,31,174
06/16/2012,YKM,WA,ANM,WE,Federal Contract Tower,6,3,7,2,18,0,4,48,0,52,6,7,55,2,70,80,0,80,150
06/17/2012,YKM,WA,ANM,WE,Federal Contract Tower,5,0,12,0,17,0,2,21,2,25,5,2,33,2,42,0,0,0,42
06/18/2012,YKM,WA,ANM,WE,Federal Contract Tower,5,11,17,2,35,0,11,36,0,47,5,22,53,2,82,20,0,20,102
06/19/2012,YKM,WA,ANM,WE,Federal Contract Tower,5,8,12,6,31,0,8,38,8,54,5,16,50,14,85,28,6,34,119
06/20/2012,YKM,WA,ANM,WE,Federal Contract Tower,5,5,25,3,38,0,12,66,3,81,5,17,91,6,119,40,0,40,159
06/21/2012,YKM,WA,ANM,WE,Federal Contract Tower,5,7,11,2,25,0,4,69,0,73,5,11,80,2,98,24,0,24,122
06/22/2012,YKM,WA,ANM,WE,Federal Contract Tower,4,6,10,0,20,0,12,30,0,42,4,18,40,0,62,82,0,82,144
06/23/2012,YKM,WA,ANM,WE,Federal Contract Tower,4,6,11,0,21,0,4,34,0,38,4,10,45,0,59,36,0,36,95
06/24/2012,YKM,WA,ANM,WE,Federal Contract Tower,4,0,11,0,15,0,0,37,0,37,4,0,48,0,52,6,0,6,58
06/25/2012,YKM,WA,ANM,WE,Federal Contract Tower,5,8,13,0,26,0,8,48,0,56,5,16,61,0,82,64,0,64,146
06/26/2012,YKM,WA,ANM,WE,Federal Contract Tower,4,12,7,2,25,0,5,28,2,35,4,17,35,4,60,30,0,30,90
06/27/2012,YKM,WA,ANM,WE,Federal Contract Tower,5,9,17,1,32,0,6,89,1,96,5,15,106,2,128,68,0,68,196
06/28/2012,YKM,WA,ANM,WE,Federal Contract Tower,5,9,9,0,23,0,8,49,6,63,5,17,58,6,86,21,0,21,107
06/29/2012,YKM,WA,ANM,WE,Federal Contract Tower,8,8,10,6,32,0,14,46,0,60,8,22,56,6,92,29,0,29,121
06/30/2012,YKM,WA,ANM,WE,Federal Contract Tower,4,3,4,0,11,0,4,45,0,49,4,7,49,0,60,52,0,52,112
07/01/2012,YKM,WA,ANM,WE,Federal Contract Tower,5,1,15,0,21,0,2,50,0,52,5,3,65,0,73,56,0,56,129
07/02/2012,YKM,WA,ANM,WE,Federal Contract Tower,4,5,16,1,26,0,10,50,1,61,4,15,66,2,87,52,0,52,139
07/03/2012,YKM,WA,ANM,WE,Federal Contract Tower,5,6,13,0,24,0,11,30,0,41,5,17,43,0,65,37,0,37,102
07/04/2012,YKM,WA,ANM,WE,Federal Contract Tower,4,1,2,0,7,0,2,40,0,42,4,3,42,0,49,79,0,79,128
07/05/2012,YKM,WA,ANM,WE,Federal Contract Tower,5,6,6,0,17,0,10,42,0,52,5,16,48,0,69,70,0,70,139
07/06/2012,YKM,WA,ANM,WE,Federal Contract Tower,3,6,15,0,24,0,6,57,0,63,3,12,72,0,87,57,0,57,144
07/07/2012,YKM,WA,ANM,WE,Federal Contract Tower,6,3,6,0,15,0,3,62,0,65,6,6,68,0,80,83,0,83,163
07/08/2012,YKM,WA,ANM,WE,Federal Contract Tower,5,0,12,0,17,0,1,35,0,36,5,1,47,0,53,58,0,58,111
07/09/2012,YKM,WA,ANM,WE,Federal Contract Tower,4,6,15,12,37,0,12,46,0,58,4,18,61,12,95,46,0,46,141
07/10/2012,YKM,WA,ANM,WE,Federal Contract Tower,4,9,12,0,25,0,8,65,1,74,4,17,77,1,99,72,0,72,171
07/11/2012,YKM,WA,ANM,WE,Federal Contract Tower,7,10,12,3,32,0,13,48,7,68,7,23,60,10,100,65,0,65,165
07/12/2012,YKM,WA,ANM,WE,Federal Contract Tower,6,9,11,4,30,0,9,62,1,72,6,18,73,5,102,88,0,88,190
07/13/2012,YKM,WA,ANM,WE,Federal Contract Tower,4,11,20,4,39,0,8,58,1,67,4,19,78,5,106,71,0,71,177
07/14/2012,YKM,WA,ANM,WE,Federal Contract Tower,4,5,6,0,15,0,5,25,0,30,4,10,31,0,45,56,0,56,101
07/15/2012,YKM,WA,ANM,WE,Federal Contract Tower,5,1,11,0,17,0,2,33,0,35,5,3,44,0,52,32,0,32,84
07/16/2012,YKM,WA,ANM,WE,Federal Contract Tower,7,7,19,1,34,0,10,39,1,50,7,17,58,2,84,32,0,32,116
07/17/2012,YKM,WA,ANM,WE,Federal Contract Tower,5,10,8,5,28,0,8,38,2,48,5,18,46,7,76,62,8,70,146
07/18/2012,YKM,WA,ANM,WE,Federal Contract Tower,5,9,9,8,31,0,15,45,4,64,5,24,54,12,95,65,0,65,160
07/19/2012,YKM,WA,ANM,WE,Federal Contract Tower,6,10,16,1,33,0,7,35,2,44,6,17,51,3,77,37,0,37,114
07/20/2012,YKM,WA,ANM,WE,Federal Contract Tower,6,9,13,0,28,0,10,30,3,43,6,19,43,3,71,28,0,28,99
07/21/2012,YKM,WA,ANM,WE,Federal Contract Tower,4,3,5,3,15,0,3,66,1,70,4,6,71,4,85,32,0,32,117
07/22/2012,YKM,WA,ANM,WE,Federal Contract Tower,5,0,10,0,15,0,3,34,0,37,5,3,44,0,52,32,0,32,84
07/23/2012,YKM,WA,ANM,WE,Federal Contract Tower,5,5,14,7,31,0,10,40,0,50,5,15,54,7,81,28,2,30,111
07/24/2012,YKM,WA,ANM,WE,Federal Contract Tower,5,12,6,0,23,0,10,39,0,49,5,22,45,0,72,38,0,38,110
07/25/2012,YKM,WA,ANM,WE,Federal Contract Tower,5,6,22,2,35,0,10,51,0,61,5,16,73,2,96,68,0,68,164
07/26/2012,YKM,WA,ANM,WE,Federal Contract Tower,7,7,9,6,29,0,10,42,3,55,7,17,51,9,84,76,0,76,160
07/27/2012,YKM,WA,ANM,WE,Federal Contract Tower,5,11,8,2,26,0,4,57,0,61,5,15,65,2,87,83,0,83,170
07/28/2012,YKM,WA,ANM,WE,Federal Contract Tower,4,4,2,0,10,0,4,64,0,68,4,8,66,0,78,45,0,45,123
07/29/2012,YKM,WA,ANM,WE,Federal Contract Tower,5,0,5,0,10,0,2,55,0,57,5,2,60,0,67,86,0,86,153
07/30/2012,YKM,WA,ANM,WE,Federal Contract Tower,5,5,10,0,20,0,2,40,0,42,5,7,50,0,62,55,0,55,117
07/31/2012,YKM,WA,ANM,WE,Federal Contract Tower,5,7,4,1,17,0,6,42,2,50,5,13,46,3,67,32,0,32,99
08/01/2012,YKM,WA,ANM,WE,Federal Contract Tower,5,9,14,1,29,0,9,60,1,70,5,18,74,2,99,78,0,78,177
08/02/2012,YKM,WA,ANM,WE,Federal Contract Tower,6,7,16,7,36,0,8,50,1,59,6,15,66,8,95,42,0,42,137
08/03/2012,YKM,WA,ANM,WE,Federal Contract Tower,5,9,15,0,29,0,7,67,0,74,5,16,82,0,103,75,0,75,178
08/04/2012,YKM,WA,ANM,WE,Federal Contract Tower,4,3,7,0,14,0,4,93,0,97,4,7,100,0,111,98,0,98,209
08/05/2012,YKM,WA,ANM,WE,Federal Contract Tower,5,0,12,6,23,0,3,49,1,53,5,3,61,7,76,18,0,18,94
08/06/2012,YKM,WA,ANM,WE,Federal Contract Tower,5,5,18,0,28,0,7,26,0,33,5,12,44,0,61,42,0,42,103
08/07/2012,YKM,WA,ANM,WE,Federal Contract Tower,5,13,10,3,31,0,10,42,1,53,5,23,52,4,84,46,0,46,130
08/08/2012,YKM,WA,ANM,WE,Federal Contract Tower,7,11,8,0,26,0,9,49,0,58,7,20,57,0,84,102,0,102,186
08/09/2012,YKM,WA,ANM,WE,Federal Contract Tower,4,7,12,3,26,0,9,74,1,84,4,16,86,4,110,60,0,60,170
08/10/2012,YKM,WA,ANM,WE,Federal Contract Tower,5,7,23,1,36,0,7,41,1,49,5,14,64,2,85,42,0,42,127
08/11/2012,YKM,WA,ANM,WE,Federal Contract Tower,6,3,7,0,16,0,5,51,0,56,6,8,58,0,72,79,0,79,151
08/12/2012,YKM,WA,ANM,WE,Federal Contract Tower,5,0,12,2,19,0,2,43,2,47,5,2,55,4,66,34,0,34,100
08/13/2012,YKM,WA,ANM,WE,Federal Contract Tower,6,10,13,0,29,0,6,43,0,49,6,16,56,0,78,37,0,37,115
08/14/2012,YKM,WA,ANM,WE,Federal Contract Tower,6,11,4,1,22,0,7,52,1,60,6,18,56,2,82,41,0,41,123
08/15/2012,YKM,WA,ANM,WE,Federal Contract Tower,5,10,23,4,42,0,10,56,0,66,5,20,79,4,108,44,0,44,152
08/16/2012,YKM,WA,ANM,WE,Federal Contract Tower,5,9,7,8,29,0,7,39,1,47,5,16,46,9,76,73,4,77,153
08/17/2012,YKM,WA,ANM,WE,Federal Contract Tower,5,8,11,0,24,0,5,51,0,56,5,13,62,0,80,45,0,45,125
08/18/2012,YKM,WA,ANM,WE,Federal Contract Tower,4,4,10,0,18,0,4,57,0,61,4,8,67,0,79,56,0,56,135
08/19/2012,YKM,WA,ANM,WE,Federal Contract Tower,5,0,7,0,12,0,5,44,0,49,5,5,51,0,61,14,0,14,75
08/20/2012,YKM,WA,ANM,WE,Federal Contract Tower,5,6,12,0,23,0,10,52,0,62,5,16,64,0,85,67,0,67,152
08/21/2012,YKM,WA,ANM,WE,Federal Contract Tower,4,6,6,0,16,0,11,34,0,45,4,17,40,0,61,28,0,28,89
08/22/2012,YKM,WA,ANM,WE,Federal Contract Tower,5,7,11,2,25,0,4,53,2,59,5,11,64,4,84,54,0,54,138
08/23/2012,YKM,WA,ANM,WE,Federal Contract Tower,5,8,18,0,31,0,9,60,1,70,5,17,78,1,101,85,0,85,186
08/24/2012,YKM,WA,ANM,WE,Federal Contract Tower,4,10,18,0,32,0,7,60,7,74,4,17,78,7,106,34,0,34,140
08/25/2012,YKM,WA,ANM,WE,Federal Contract Tower,4,5,2,0,11,0,6,55,0,61,4,11,57,0,72,47,0,47,119
08/26/2012,YKM,WA,ANM,WE,Federal Contract Tower,5,0,9,1,15,0,2,58,1,61,5,2,67,2,76,42,2,44,120
08/27/2012,YKM,WA,ANM,WE,Federal Contract Tower,5,5,10,0,20,0,8,34,2,44,5,13,44,2,64,38,0,38,102
08/28/2012,YKM,WA,ANM,WE,Federal Contract Tower,4,6,6,2,18,0,6,33,0,39,4,12,39,2,57,10,0,10,67
08/29/2012,YKM,WA,ANM,WE,Federal Contract Tower,4,9,9,5,27,0,8,66,1,75,4,17,75,6,102,62,0,62,164
08/30/2012,YKM,WA,ANM,WE,Federal Contract Tower,4,7,13,3,27,0,9,63,1,73,4,16,76,4,100,89,2,91,191
08/31/2012,YKM,WA,ANM,WE,Federal Contract Tower,4,5,18,0,27,0,7,60,0,67,4,12,78,0,94,43,0,43,137
09/01/2012,YKM,WA,ANM,WE,Federal Contract Tower,4,5,4,0,13,0,2,50,0,52,4,7,54,0,65,29,0,29,94
09/02/2012,YKM,WA,ANM,WE,Federal Contract Tower,0,0,6,0,6,0,0,44,0,44,0,0,50,0,50,6,0,6,56
09/03/2012,YKM,WA,ANM,WE,Federal Contract Tower,4,0,7,0,11,0,0,51,0,51,4,0,58,0,62,18,0,18,80
09/04/2012,YKM,WA,ANM,WE,Federal Contract Tower,5,8,13,1,27,0,4,67,2,73,5,12,80,3,100,40,2,42,142
09/05/2012,YKM,WA,ANM,WE,Federal Contract Tower,4,8,13,5,30,0,6,50,2,58,4,14,63,7,88,42,0,42,130
09/06/2012,YKM,WA,ANM,WE,Federal Contract Tower,5,10,15,1,31,0,7,60,2,69,5,17,75,3,100,70,0,70,170
09/07/2012,YKM,WA,ANM,WE,Federal Contract Tower,7,7,14,2,30,0,9,81,2,92,7,16,95,4,122,41,0,41,163
09/08/2012,YKM,WA,ANM,WE,Federal Contract Tower,3,2,6,2,13,0,3,88,0,91,3,5,94,2,104,46,0,46,150
09/09/2012,YKM,WA,ANM,WE,Federal Contract Tower,5,3,13,2,23,0,3,25,2,30,5,6,38,4,53,22,0,22,75
09/10/2012,YKM,WA,ANM,WE,Federal Contract Tower,7,11,3,1,22,0,6,28,1,35,7,17,31,2,57,20,0,20,77
09/11/2012,YKM,WA,ANM,WE,Federal Contract Tower,4,9,9,0,22,0,7,49,2,58,4,16,58,2,80,122,0,122,202
09/12/2012,YKM,WA,ANM,WE,Federal Contract Tower,5,11,13,8,37,0,2,48,2,52,5,13,61,10,89,88,0,88,177
09/13/2012,YKM,WA,ANM,WE,Federal Contract Tower,5,11,7,3,26,0,7,54,1,62,5,18,61,4,88,20,0,20,108
09/14/2012,YKM,WA,ANM,WE,Federal Contract Tower,5,10,14,2,31,0,7,49,2,58,5,17,63,4,89,12,0,12,101
09/15/2012,YKM,WA,ANM,WE,Federal Contract Tower,4,6,5,0,15,0,1,34,1,36,4,7,39,1,51,24,0,24,75
09/16/2012,YKM,WA,ANM,WE,Federal Contract Tower,5,0,8,0,13,0,2,41,0,43,5,2,49,0,56,28,0,28,84
09/17/2012,YKM,WA,ANM,WE,Federal Contract Tower,4,11,8,4,27,0,11,33,6,50,4,22,41,10,77,7,16,23,100
09/18/2012,YKM,WA,ANM,WE,Federal Contract Tower,5,12,10,5,32,0,8,38,3,49,5,20,48,8,81,26,2,28,109
09/19/2012,YKM,WA,ANM,WE,Federal Contract Tower,5,16,10,1,32,0,1,41,1,43,5,17,51,2,75,10,0,10,85
09/20/2012,YKM,WA,ANM,WE,Federal Contract Tower,4,13,5,1,23,0,7,54,1,62,4,20,59,2,85,46,0,46,131
09/21/2012,YKM,WA,ANM,WE,Federal Contract Tower,3,9,22,3,37,0,3,27,1,31,3,12,49,4,68,44,2,46,114
09/22/2012,YKM,WA,ANM,WE,Federal Contract Tower,4,7,24,0,35,0,1,25,0,26,4,8,49,0,61,64,0,64,125
09/23/2012,YKM,WA,ANM,WE,Federal Contract Tower,4,6,8,0,18,0,2,24,0,26,4,8,32,0,44,24,0,24,68
09/24/2012,YKM,WA,ANM,WE,Federal Contract Tower,5,6,14,0,25,0,2,24,0,26,5,8,38,0,51,31,0,31,82
09/25/2012,YKM,WA,ANM,WE,Federal Contract Tower,5,9,9,3,26,0,7,49,3,59,5,16,58,6,85,98,0,98,183
09/26/2012,YKM,WA,ANM,WE,Federal Contract Tower,7,8,8,8,31,0,4,37,4,45,7,12,45,12,76,66,0,66,142
09/27/2012,YKM,WA,ANM,WE,Federal Contract Tower,5,8,11,5,29,0,8,46,1,55,5,16,57,6,84,61,0,61,145
09/28/2012,YKM,WA,ANM,WE,Federal Contract Tower,5,9,12,2,28,0,12,38,1,51,5,21,50,3,79,50,0,50,129
09/29/2012,YKM,WA,ANM,WE,Federal Contract Tower,6,4,10,1,21,0,4,63,1,68,6,8,73,2,89,16,0,16,105
09/30/2012,YKM,WA,ANM,WE,Federal Contract Tower,5,1,15,0,21,0,2,48,0,50,5,3,63,0,71,66,0,66,137
10/01/2012,YKM,WA,ANM,WE,Federal Contract Tower,5,7,10,3,25,0,9,38,0,47,5,16,48,3,72,13,2,15,87
10/02/2012,YKM,WA,ANM,WE,Federal Contract Tower,5,10,13,3,31,0,7,27,5,39,5,17,40,8,70,16,22,38,108
10/03/2012,YKM,WA,ANM,WE,Federal Contract Tower,5,13,13,8,39,0,4,44,2,50,5,17,57,10,89,14,4,18,107
10/04/2012,YKM,WA,ANM,WE,Federal Contract Tower,5,9,10,0,24,0,4,41,0,45,5,13,51,0,69,28,0,28,97
10/05/2012,YKM,WA,ANM,WE,Federal Contract Tower,5,10,14,4,33,0,10,44,0,54,5,20,58,4,87,42,0,42,129
10/06/2012,YKM,WA,ANM,WE,Federal Contract Tower,3,3,7,1,14,0,3,50,1,54,3,6,57,2,68,25,0,25,93
10/07/2012,YKM,WA,ANM,WE,Federal Contract Tower,5,3,16,0,24,0,2,37,0,39,5,5,53,0,63,18,18,36,99
10/08/2012,YKM,WA,ANM,WE,Federal Contract Tower,4,7,8,0,19,0,7,28,0,35,4,14,36,0,54,11,12,23,77
10/09/2012,YKM,WA,ANM,WE,Federal Contract Tower,5,7,7,0,19,0,3,34,0,37,5,10,41,0,56,42,0,42,98
10/10/2012,YKM,WA,ANM,WE,Federal Contract Tower,5,8,13,0,26,0,4,39,2,45,5,12,52,2,71,23,0,23,94
10/11/2012,YKM,WA,ANM,WE,Federal Contract Tower,5,11,6,2,24,0,9,33,2,44,5,20,39,4,68,70,0,70,138
10/12/2012,YKM,WA,ANM,WE,Federal Contract Tower,5,9,11,1,26,0,6,26,6,38,5,15,37,7,64,26,4,30,94
10/13/2012,YKM,WA,ANM,WE,Federal Contract Tower,4,3,7,2,16,0,6,20,2,28,4,9,27,4,44,2,0,2,46
10/14/2012,YKM,WA,ANM,WE,Federal Contract Tower,5,0,6,0,11,0,2,21,0,23,5,2,27,0,34,17,0,17,51
10/15/2012,YKM,WA,ANM,WE,Federal Contract Tower,5,10,19,0,34,0,4,18,0,22,5,14,37,0,56,18,0,18,74
10/16/2012,YKM,WA,ANM,WE,Federal Contract Tower,5,8,9,3,25,0,5,5,1,11,5,13,14,4,36,0,6,6,42
10/17/2012,YKM,WA,ANM,WE,Federal Contract Tower,5,9,4,1,19,0,8,43,1,52,5,17,47,2,71,36,0,36,107
10/18/2012,YKM,WA,ANM,WE,Federal Contract Tower,5,8,13,3,29,0,9,42,3,54,5,17,55,6,83,63,0,63,146
10/19/2012,YKM,WA,ANM,WE,Federal Contract Tower,5,9,10,0,24,0,9,18,2,29,5,18,28,2,53,20,20,40,93
10/20/2012,YKM,WA,ANM,WE,Federal Contract Tower,4,4,5,0,13,0,2,16,4,22,4,6,21,4,35,22,16,38,73
10/21/2012,YKM,WA,ANM,WE,Federal Contract Tower,5,0,1,0,6,0,0,28,2,30,5,0,29,2,36,10,0,10,46
10/22/2012,YKM,WA,ANM,WE,Federal Contract Tower,5,12,9,7,33,0,2,3,0,5,5,14,12,7,38,9,4,13,51
10/23/2012,YKM,WA,ANM,WE,Federal Contract Tower,5,17,5,1,28,0,5,19,3,27,5,22,24,4,55,38,24,62,117
10/24/2012,YKM,WA,ANM,WE,Federal Contract Tower,5,14,7,2,28,0,1,3,2,6,5,15,10,4,34,34,10,44,78
10/25/2012,YKM,WA,ANM,WE,Federal Contract Tower,5,10,10,7,32,0,8,39,2,49,5,18,49,9,81,74,0,74,155
10/26/2012,YKM,WA,ANM,WE,Federal Contract Tower,5,15,16,6,42,0,3,17,0,20,5,18,33,6,62,34,18,52,114
10/27/2012,YKM,WA,ANM,WE,Federal Contract Tower,6,11,1,0,18,0,0,0,0,0,6,11,1,0,18,0,0,0,18
10/28/2012,YKM,WA,ANM,WE,Federal Contract Tower,5,0,13,2,20,0,2,20,3,25,5,2,33,5,45,36,28,64,109
10/29/2012,YKM,WA,ANM,WE,Federal Contract Tower,5,7,9,0,21,0,7,20,0,27,5,14,29,0,48,29,0,29,77
10/30/2012,YKM,WA,ANM,WE,Federal Contract Tower,5,16,7,4,32,0,2,14,2,18,5,18,21,6,50,24,0,24,74
10/31/2012,YKM,WA,ANM,WE,Federal Contract Tower,7,17,11,3,38,0,4,23,3,30,7,21,34,6,68,24,0,24,92
11/01/2012,YKM,WA,ANM,WE,Federal Contract Tower,5,12,16,2,35,0,6,38,0,44,5,18,54,2,79,66,0,66,145
11/02/2012,YKM,WA,ANM,WE,Federal Contract Tower,5,8,4,2,19,0,8,54,4,66,5,16,58,6,85,96,6,102,187
11/03/2012,YKM,WA,ANM,WE,Federal Contract Tower,4,7,8,0,19,0,0,12,0,12,4,7,20,0,31,22,0,22,53
11/04/2012,YKM,WA,ANM,WE,Federal Contract Tower,5,2,5,0,12,0,3,25,0,28,5,5,30,0,40,12,18,30,70
11/05/2012,YKM,WA,ANM,WE,Federal Contract Tower,4,5,3,6,18,0,7,24,2,33,4,12,27,8,51,4,0,4,55
11/06/2012,YKM,WA,ANM,WE,Federal Contract Tower,5,9,7,5,26,0,3,31,5,39,5,12,38,10,65,42,0,42,107
11/07/2012,YKM,WA,ANM,WE,Federal Contract Tower,5,10,6,2,23,0,6,38,2,46,5,16,44,4,69,52,0,52,121
11/08/2012,YKM,WA,ANM,WE,Federal Contract Tower,5,6,5,3,19,0,10,23,1,34,5,16,28,4,53,16,0,16,69
11/09/2012,YKM,WA,ANM,WE,Federal Contract Tower,5,11,13,5,34,0,4,24,5,33,5,15,37,10,67,6,0,6,73
11/10/2012,YKM,WA,ANM,WE,Federal Contract Tower,4,8,6,3,21,0,5,7,7,19,4,13,13,10,40,12,22,34,74
11/11/2012,YKM,WA,ANM,WE,Federal Contract Tower,7,3,10,1,21,0,0,8,2,10,7,3,18,3,31,32,26,58,89
11/12/2012,YKM,WA,ANM,WE,Federal Contract Tower,5,15,8,0,28,0,0,0,0,0,5,15,8,0,28,0,0,0,28
11/13/2012,YKM,WA,ANM,WE,Federal Contract Tower,5,14,1,0,20,0,0,2,0,2,5,14,3,0,22,6,0,6,28
11/14/2012,YKM,WA,ANM,WE,Federal Contract Tower,7,15,12,3,37,0,0,7,3,10,7,15,19,6,47,76,0,76,123
11/15/2012,YKM,WA,ANM,WE,Federal Contract Tower,5,21,18,4,48,0,0,2,2,4,5,21,20,6,52,31,0,31,83
11/16/2012,YKM,WA,ANM,WE,Federal Contract Tower,5,18,11,2,36,0,0,13,0,13,5,18,24,2,49,100,0,100,149
11/17/2012,YKM,WA,ANM,WE,Federal Contract Tower,4,6,11,0,21,0,1,4,0,5,4,7,15,0,26,6,0,6,32
11/18/2012,YKM,WA,ANM,WE,Federal Contract Tower,5,3,5,0,13,0,0,29,0,29,5,3,34,0,42,96,0,96,138
11/19/2012,YKM,WA,ANM,WE,Federal Contract Tower,5,11,10,1,27,0,2,5,4,11,5,13,15,5,38,8,2,10,48
11/20/2012,YKM,WA,ANM,WE,Federal Contract Tower,5,10,9,8,32,0,6,13,0,19,5,16,22,8,51,48,0,48,99
11/21/2012,YKM,WA,ANM,WE,Federal Contract Tower,5,8,7,0,20,0,7,14,0,21,5,15,21,0,41,12,0,12,53
11/22/2012,YKM,WA,ANM,WE,Federal Contract Tower,5,1,4,0,10,0,3,14,0,17,5,4,18,0,27,4,0,4,31
11/23/2012,YKM,WA,ANM,WE,Federal Contract Tower,5,11,7,0,23,0,1,18,0,19,5,12,25,0,42,22,0,22,64
11/24/2012,YKM,WA,ANM,WE,Federal Contract Tower,4,10,3,0,17,0,1,28,0,29,4,11,31,0,46,18,0,18,64
11/25/2012,YKM,WA,ANM,WE,Federal Contract Tower,7,0,4,0,11,0,2,44,0,46,7,2,48,0,57,48,0,48,105
11/26/2012,YKM,WA,ANM,WE,Federal Contract Tower,5,9,8,2,24,0,7,44,0,51,5,16,52,2,75,28,0,28,103
11/27/2012,YKM,WA,ANM,WE,Federal Contract Tower,5,16,13,3,37,0,0,14,3,17,5,16,27,6,54,38,0,38,92
11/28/2012,YKM,WA,ANM,WE,Federal Contract Tower,7,12,25,5,49,0,0,15,3,18,7,12,40,8,67,29,0,29,96
11/29/2012,YKM,WA,ANM,WE,Federal Contract Tower,5,16,9,0,30,0,0,3,0,3,5,16,12,0,33,0,0,0,33
11/30/2012,YKM,WA,ANM,WE,Federal Contract Tower,5,12,12,3,32,0,0,2,7,9,5,12,14,10,41,4,28,32,73
12/01/2012,YKM,WA,ANM,WE,Federal Contract Tower,5,5,7,4,21,0,3,18,10,31,5,8,25,14,52,8,44,52,104
12/02/2012,YKM,WA,ANM,WE,Federal Contract Tower,5,0,1,0,6,0,0,18,0,18,5,0,19,0,24,14,8,22,46
12/03/2012,YKM,WA,ANM,WE,Federal Contract Tower,5,7,11,5,28,0,3,16,3,22,5,10,27,8,50,6,18,24,74
12/04/2012,YKM,WA,ANM,WE,Federal Contract Tower,5,13,18,13,49,0,2,7,8,17,5,15,25,21,66,44,48,92,158
12/05/2012,YKM,WA,ANM,WE,Federal Contract Tower,5,8,10,3,26,0,2,26,1,29,5,10,36,4,55,9,26,35,90
12/06/2012,YKM,WA,ANM,WE,Federal Contract Tower,5,10,13,4,32,0,2,23,14,39,5,12,36,18,71,66,133,199,270
12/07/2012,YKM,WA,ANM,WE,Federal Contract Tower,5,8,15,0,28,0,3,21,0,24,5,11,36,0,52,76,0,76,128
12/08/2012,YKM,WA,ANM,WE,Federal Contract Tower,4,3,11,0,18,0,2,17,0,19,4,5,28,0,37,37,0,37,74
12/09/2012,YKM,WA,ANM,WE,Federal Contract Tower,5,1,9,0,15,0,2,11,0,13,5,3,20,0,28,6,0,6,34
12/10/2012,YKM,WA,ANM,WE,Federal Contract Tower,5,5,12,1,23,0,4,24,1,29,5,9,36,2,52,25,0,25,77
12/11/2012,YKM,WA,ANM,WE,Federal Contract Tower,5,10,9,2,26,0,3,23,0,26,5,13,32,2,52,16,30,46,98
12/12/2012,YKM,WA,ANM,WE,Federal Contract Tower,5,12,21,6,44,0,1,23,1,25,5,13,44,7,69,33,6,39,108
12/13/2012,YKM,WA,ANM,WE,Federal Contract Tower,5,11,20,0,36,0,1,17,0,18,5,12,37,0,54,26,0,26,80
12/14/2012,YKM,WA,ANM,WE,Federal Contract Tower,5,14,13,0,32,0,0,2,0,2,5,14,15,0,34,10,0,10,44
12/15/2012,YKM,WA,ANM,WE,Federal Contract Tower,4,7,5,0,16,0,0,0,0,0,4,7,5,0,16,0,0,0,16
12/16/2012,YKM,WA,ANM,WE,Federal Contract Tower,5,0,5,0,10,0,0,2,0,2,5,0,7,0,12,2,0,2,14
12/17/2012,YKM,WA,ANM,WE,Federal Contract Tower,5,6,14,2,27,0,1,6,0,7,5,7,20,2,34,4,0,4,38
12/18/2012,YKM,WA,ANM,WE,Federal Contract Tower,5,6,8,2,21,0,0,24,0,24,5,6,32,2,45,21,0,21,66
12/19/2012,YKM,WA,ANM,WE,Federal Contract Tower,5,13,22,0,40,0,1,2,0,3,5,14,24,0,43,2,0,2,45
12/20/2012,YKM,WA,ANM,WE,Federal Contract Tower,5,9,10,2,26,0,4,2,0,6,5,13,12,2,32,1,0,1,33
12/21/2012,YKM,WA,ANM,WE,Federal Contract Tower,5,14,12,0,31,0,0,0,0,0,5,14,12,0,31,0,0,0,31
12/22/2012,YKM,WA,ANM,WE,Federal Contract Tower,4,7,14,0,25,0,0,1,0,1,4,7,15,0,26,0,0,0,26
12/23/2012,YKM,WA,ANM,WE,Federal Contract Tower,5,3,5,0,13,0,1,2,0,3,5,4,7,0,16,6,0,6,22
12/24/2012,YKM,WA,ANM,WE,Federal Contract Tower,3,8,2,0,13,0,0,7,0,7,3,8,9,0,20,14,0,14,34
12/25/2012,YKM,WA,ANM,WE,Federal Contract Tower,4,8,1,0,13,0,0,0,0,0,4,8,1,0,13,0,0,0,13
12/26/2012,YKM,WA,ANM,WE,Federal Contract Tower,5,7,9,0,21,0,0,0,0,0,5,7,9,0,21,0,0,0,21
12/27/2012,YKM,WA,ANM,WE,Federal Contract Tower,5,10,15,0,30,0,0,0,0,0,5,10,15,0,30,20,0,20,50
12/28/2012,YKM,WA,ANM,WE,Federal Contract Tower,5,11,7,2,25,0,0,0,0,0,5,11,7,2,25,0,0,0,25
12/29/2012,YKM,WA,ANM,WE,Federal Contract Tower,4,6,4,0,14,0,0,0,0,0,4,6,4,0,14,10,0,10,24
12/30/2012,YKM,WA,ANM,WE,Federal Contract Tower,5,0,4,0,9,0,0,22,0,22,5,0,26,0,31,8,0,8,39
12/31/2012,YKM,WA,ANM,WE,Federal Contract Tower,4,9,4,0,17,0,0,0,0,0,4,9,4,0,17,0,0,0,17
01/01/2013,YKM,WA,ANM,WE,Federal Contract Tower,3,0,5,0,8,0,0,17,0,17,3,0,22,0,25,2,0,2,27
01/02/2013,YKM,WA,ANM,WE,Federal Contract Tower,5,6,10,0,21,0,0,0,0,0,5,6,10,0,21,0,0,0,21
01/03/2013,YKM,WA,ANM,WE,Federal Contract Tower,5,11,5,2,23,0,0,3,0,3,5,11,8,2,26,6,0,6,32
01/04/2013,YKM,WA,ANM,WE,Federal Contract Tower,5,8,5,7,25,0,0,8,1,9,5,8,13,8,34,6,0,6,40
01/05/2013,YKM,WA,ANM,WE,Federal Contract Tower,4,6,4,0,14,0,0,4,0,4,4,6,8,0,18,12,0,12,30
01/06/2013,YKM,WA,ANM,WE,Federal Contract Tower,5,1,1,0,7,0,0,0,0,0,5,1,1,0,7,0,0,0,7
01/07/2013,YKM,WA,ANM,WE,Federal Contract Tower,5,4,8,0,17,0,0,6,0,6,5,4,14,0,23,5,0,5,28
01/08/2013,YKM,WA,ANM,WE,Federal Contract Tower,5,13,10,0,28,0,0,13,0,13,5,13,23,0,41,26,0,26,67
01/09/2013,YKM,WA,ANM,WE,Federal Contract Tower,7,9,10,4,30,0,0,12,2,14,7,9,22,6,44,36,0,36,80
01/10/2013,YKM,WA,ANM,WE,Federal Contract Tower,5,8,12,4,29,0,0,43,3,46,5,8,55,7,75,33,27,60,135
01/11/2013,YKM,WA,ANM,WE,Federal Contract Tower,5,8,8,3,24,0,0,42,1,43,5,8,50,4,67,67,0,67,134
01/12/2013,YKM,WA,ANM,WE,Federal Contract Tower,6,5,16,1,28,0,1,58,1,60,6,6,74,2,88,42,0,42,130
01/13/2013,YKM,WA,ANM,WE,Federal Contract Tower,5,2,6,2,15,0,1,26,8,35,5,3,32,10,50,12,26,38,88
01/14/2013,YKM,WA,ANM,WE,Federal Contract Tower,5,7,19,5,36,0,1,11,10,22,5,8,30,15,58,16,40,56,114
01/15/2013,YKM,WA,ANM,WE,Federal Contract Tower,5,10,23,6,44,0,1,19,8,28,5,11,42,14,72,78,15,93,165
01/16/2013,YKM,WA,ANM,WE,Federal Contract Tower,7,13,31,5,56,0,0,0,0,0,7,13,31,5,56,0,0,0,56
01/17/2013,YKM,WA,ANM,WE,Federal Contract Tower,7,13,15,0,35,0,0,0,0,0,7,13,15,0,35,0,0,0,35
01/18/2013,YKM,WA,ANM,WE,Federal Contract Tower,5,10,14,3,32,0,0,0,1,1,5,10,14,4,33,0,0,0,33
01/19/2013,YKM,WA,ANM,WE,Federal Contract Tower,5,7,8,0,20,0,0,0,0,0,5,7,8,0,20,0,0,0,20
01/20/2013,YKM,WA,ANM,WE,Federal Contract Tower,7,0,5,0,12,0,0,0,0,0,7,0,5,0,12,0,0,0,12
01/21/2013,YKM,WA,ANM,WE,Federal Contract Tower,5,10,16,0,31,0,0,0,0,0,5,10,16,0,31,0,0,0,31
01/22/2013,YKM,WA,ANM,WE,Federal Contract Tower,9,7,15,2,33,0,0,2,1,3,9,7,17,3,36,10,0,10,46
01/23/2013,YKM,WA,ANM,WE,Federal Contract Tower,5,15,11,6,37,0,2,9,0,11,5,17,20,6,48,24,0,24,72
01/24/2013,YKM,WA,ANM,WE,Federal Contract Tower,5,14,12,1,32,0,0,12,3,15,5,14,24,4,47,14,25,39,86
01/25/2013,YKM,WA,ANM,WE,Federal Contract Tower,5,15,14,0,34,0,0,4,3,7,5,15,18,3,41,10,0,10,51
01/26/2013,YKM,WA,ANM,WE,Federal Contract Tower,4,8,6,0,18,0,0,0,2,2,4,8,6,2,20,0,10,10,30
01/27/2013,YKM,WA,ANM,WE,Federal Contract Tower,5,0,14,0,19,0,1,6,0,7,5,1,20,0,26,32,4,36,62
01/28/2013,YKM,WA,ANM,WE,Federal Contract Tower,5,8,16,8,37,0,0,10,0,10,5,8,26,8,47,0,14,14,61
01/29/2013,YKM,WA,ANM,WE,Federal Contract Tower,4,9,13,11,37,0,4,18,11,33,4,13,31,22,70,74,8,82,152
01/30/2013,YKM,WA,ANM,WE,Federal Contract Tower,4,11,12,9,36,0,1,29,5,35,4,12,41,14,71,53,17,70,141
01/31/2013,YKM,WA,ANM,WE,Federal Contract Tower,5,8,22,7,42,0,1,25,3,29,5,9,47,10,71,42,0,42,113
02/01/2013,YKM,WA,ANM,WE,Federal Contract Tower,5,11,27,0,43,0,2,56,0,58,5,13,83,0,101,72,0,72,173
02/02/2013,YKM,WA,ANM,WE,Federal Contract Tower,4,8,11,3,26,0,2,54,1,57,4,10,65,4,83,82,0,82,165
02/03/2013,YKM,WA,ANM,WE,Federal Contract Tower,5,2,8,0,15,0,0,31,0,31,5,2,39,0,46,74,0,74,120
02/04/2013,YKM,WA,ANM,WE,Federal Contract Tower,5,8,11,5,29,0,0,12,1,13,5,8,23,6,42,14,0,14,56
02/05/2013,YKM,WA,ANM,WE,Federal Contract Tower,4,8,12,3,27,0,0,20,1,21,4,8,32,4,48,36,0,36,84
02/06/2013,YKM,WA,ANM,WE,Federal Contract Tower,5,6,16,2,29,0,2,30,0,32,5,8,46,2,61,22,0,22,83
02/07/2013,YKM,WA,ANM,WE,Federal Contract Tower,5,7,6,4,22,0,2,29,0,31,5,9,35,4,53,4,0,4,57
02/08/2013,YKM,WA,ANM,WE,Federal Contract Tower,5,7,15,4,31,0,2,25,2,29,5,9,40,6,60,38,6,44,104
02/09/2013,YKM,WA,ANM,WE,Federal Contract Tower,4,6,3,3,16,0,0,58,3,61,4,6,61,6,77,72,2,74,151
02/10/2013,YKM,WA,ANM,WE,Federal Contract Tower,5,1,18,2,26,0,0,44,1,45,5,1,62,3,71,43,0,43,114
02/11/2013,YKM,WA,ANM,WE,Federal Contract Tower,5,6,10,6,27,0,0,16,1,17,5,6,26,7,44,4,4,8,52
02/12/2013,YKM,WA,ANM,WE,Federal Contract Tower,5,10,18,2,35,0,3,27,3,33,5,13,45,5,68,38,10,48,116
02/13/2013,YKM,WA,ANM,WE,Federal Contract Tower,5,7,20,2,34,0,2,22,2,26,5,9,42,4,60,6,0,6,66
02/14/2013,YKM,WA,ANM,WE,Federal Contract Tower,5,8,10,7,30,0,2,23,8,33,5,10,33,15,63,24,12,36,99
02/15/2013,YKM,WA,ANM,WE,Federal Contract Tower,9,7,18,0,34,0,3,46,0,49,9,10,64,0,83,36,0,36,119
02/16/2013,YKM,WA,ANM,WE,Federal Contract Tower,4,7,1,6,18,0,2,29,2,33,4,9,30,8,51,52,0,52,103
02/17/2013,YKM,WA,ANM,WE,Federal Contract Tower,4,0,11,0,15,0,0,35,0,35,4,0,46,0,50,4,0,4,54
02/18/2013,YKM,WA,ANM,WE,Federal Contract Tower,4,9,12,0,25,0,2,31,0,33,4,11,43,0,58,14,0,14,72
02/19/2013,YKM,WA,ANM,WE,Federal Contract Tower,5,7,15,6,33,0,0,14,2,16,5,7,29,8,49,28,0,28,77
02/20/2013,YKM,WA,ANM,WE,Federal Contract Tower,5,10,14,7,36,0,2,30,1,33,5,12,44,8,69,31,4,35,104
02/21/2013,YKM,WA,ANM,WE,Federal Contract Tower,7,13,24,3,47,0,1,35,3,39,7,14,59,6,86,23,0,23,109
02/22/2013,YKM,WA,ANM,WE,Federal Contract Tower,5,13,6,1,25,0,1,4,3,8,5,14,10,4,33,2,16,18,51
02/23/2013,YKM,WA,ANM,WE,Federal Contract Tower,4,5,4,0,13,0,3,9,0,12,4,8,13,0,25,2,0,2,27
02/24/2013,YKM,WA,ANM,WE,Federal Contract Tower,6,0,11,0,17,0,0,23,0,23,6,0,34,0,40,24,0,24,64
02/25/2013,YKM,WA,ANM,WE,Federal Contract Tower,6,8,10,1,25,0,2,7,1,10,6,10,17,2,35,15,0,15,50
02/26/2013,YKM,WA,ANM,WE,Federal Contract Tower,5,6,19,2,32,0,2,30,0,32,5,8,49,2,64,76,4,80,144
02/27/2013,YKM,WA,ANM,WE,Federal Contract Tower,7,8,32,10,57,0,1,41,0,42,7,9,73,10,99,16,0,16,115
02/28/2013,YKM,WA,ANM,WE,Federal Contract Tower,6,13,14,2,35,0,0,10,0,10,6,13,24,2,45,16,0,16,61
03/01/2013,YKM,WA,ANM,WE,Federal Contract Tower,5,6,16,0,27,0,2,25,0,27,5,8,41,0,54,52,0,52,106
03/02/2013,YKM,WA,ANM,WE,Federal Contract Tower,4,5,7,0,16,0,0,45,0,45,4,5,52,0,61,91,0,91,152
03/03/2013,YKM,WA,ANM,WE,Federal Contract Tower,5,0,8,4,17,0,0,29,0,29,5,0,37,4,46,58,0,58,104
03/04/2013,YKM,WA,ANM,WE,Federal Contract Tower,5,6,6,3,20,0,0,32,0,32,5,6,38,3,52,40,0,40,92
03/05/2013,YKM,WA,ANM,WE,Federal Contract Tower,4,7,10,0,21,0,1,14,2,17,4,8,24,2,38,38,0,38,76
03/06/2013,YKM,WA,ANM,WE,Federal Contract Tower,5,9,11,2,27,0,2,0,2,4,5,11,11,4,31,0,0,0,31
03/07/2013,YKM,WA,ANM,WE,Federal Contract Tower,5,8,14,0,27,0,0,35,0,35,5,8,49,0,62,26,0,26,88
03/08/2013,YKM,WA,ANM,WE,Federal Contract Tower,5,9,11,0,25,0,2,54,3,59,5,11,65,3,84,50,0,50,134
03/09/2013,YKM,WA,ANM,WE,Federal Contract Tower,4,8,7,0,19,0,1,74,0,75,4,9,81,0,94,95,0,95,189
03/10/2013,YKM,WA,ANM,WE,Federal Contract Tower,5,0,11,0,16,0,31,0,0,31,5,31,11,0,47,42,0,42,89
03/11/2013,YKM,WA,ANM,WE,Federal Contract Tower,5,7,10,6,28,0,0,22,0,22,5,7,32,6,50,63,0,63,113
03/12/2013,YKM,WA,ANM,WE,Federal Contract Tower,6,7,10,5,28,0,1,20,1,22,6,8,30,6,50,30,0,30,80
03/13/2013,YKM,WA,ANM,WE,Federal Contract Tower,5,7,12,2,26,0,1,37,0,38,5,8,49,2,64,44,0,44,108
03/14/2013,YKM,WA,ANM,WE,Federal Contract Tower,4,13,19,5,41,0,1,20,1,22,4,14,39,6,63,66,0,66,129
03/15/2013,YKM,WA,ANM,WE,Federal Contract Tower,6,10,11,4,31,0,1,34,0,35,6,11,45,4,66,13,6,19,85
03/16/2013,YKM,WA,ANM,WE,Federal Contract Tower,4,3,3,0,10,0,5,18,0,23,4,8,21,0,33,50,0,50,83
03/17/2013,YKM,WA,ANM,WE,Federal Contract Tower,4,0,6,0,10,0,0,10,0,10,4,0,16,0,20,0,0,0,20
03/18/2013,YKM,WA,ANM,WE,Federal Contract Tower,5,6,12,2,25,0,1,18,0,19,5,7,30,2,44,19,0,19,63
03/19/2013,YKM,WA,ANM,WE,Federal Contract Tower,4,8,10,0,22,0,1,24,0,25,4,9,34,0,47,68,0,68,115
03/20/2013,YKM,WA,ANM,WE,Federal Contract Tower,5,9,9,0,23,0,2,6,0,8,5,11,15,0,31,2,0,2,33
03/21/2013,YKM,WA,ANM,WE,Federal Contract Tower,2,10,10,4,26,0,0,15,8,23,2,10,25,12,49,18,12,30,79
03/22/2013,YKM,WA,ANM,WE,Federal Contract Tower,5,7,14,3,29,0,3,18,1,22,5,10,32,4,51,53,9,62,113
03/23/2013,YKM,WA,ANM,WE,Federal Contract Tower,3,4,3,2,12,0,1,46,0,47,3,5,49,2,59,32,0,32,91
03/24/2013,YKM,WA,ANM,WE,Federal Contract Tower,6,1,7,0,14,0,0,23,0,23,6,1,30,0,37,22,0,22,59
03/25/2013,YKM,WA,ANM,WE,Federal Contract Tower,5,5,16,1,27,0,1,39,0,40,5,6,55,1,67,37,0,37,104
03/26/2013,YKM,WA,ANM,WE,Federal Contract Tower,5,9,16,2,32,0,0,38,0,38,5,9,54,2,70,50,0,50,120
03/27/2013,YKM,WA,ANM,WE,Federal Contract Tower,3,8,15,8,34,0,3,34,4,41,3,11,49,12,75,19,0,19,94
03/28/2013,YKM,WA,ANM,WE,Federal Contract Tower,7,5,15,5,32,0,0,30,1,31,7,5,45,6,63,42,0,42,105
03/29/2013,YKM,WA,ANM,WE,Federal Contract Tower,5,7,29,1,42,0,2,38,1,41,5,9,67,2,83,16,0,16,99
03/30/2013,YKM,WA,ANM,WE,Federal Contract Tower,3,6,11,0,20,0,1,59,0,60,3,7,70,0,80,57,0,57,137
03/31/2013,YKM,WA,ANM,WE,Federal Contract Tower,5,1,3,0,9,0,0,23,0,23,5,1,26,0,32,24,0,24,56
04/01/2013,YKM,WA,ANM,WE,Federal Contract Tower,5,7,16,0,28,0,0,34,0,34,5,7,50,0,62,16,0,16,78
04/02/2013,YKM,WA,ANM,WE,Federal Contract Tower,5,6,4,0,15,0,2,22,0,24,5,8,26,0,39,30,0,30,69
04/03/2013,YKM,WA,ANM,WE,Federal Contract Tower,5,7,12,3,27,0,3,48,3,54,5,10,60,6,81,6,14,20,101
04/04/2013,YKM,WA,ANM,WE,Federal Contract Tower,5,10,13,2,30,0,1,9,0,10,5,11,22,2,40,2,0,2,42
04/05/2013,YKM,WA,ANM,WE,Federal Contract Tower,5,7,16,1,29,0,0,12,1,13,5,7,28,2,42,18,0,18,60
04/06/2013,YKM,WA,ANM,WE,Federal Contract Tower,4,4,6,1,15,0,3,14,2,19,4,7,20,3,34,32,0,32,66
04/07/2013,YKM,WA,ANM,WE,Federal Contract Tower,5,1,8,0,14,0,0,12,0,12,5,1,20,0,26,4,0,4,30
04/08/2013,YKM,WA,ANM,WE,Federal Contract Tower,5,6,14,2,27,0,0,13,1,14,5,6,27,3,41,43,0,43,84
04/09/2013,YKM,WA,ANM,WE,Federal Contract Tower,5,7,17,0,29,0,1,44,6,51,5,8,61,6,80,20,0,20,100
04/10/2013,YKM,WA,ANM,WE,Federal Contract Tower,4,7,21,1,33,0,0,12,7,19,4,7,33,8,52,18,2,20,72
04/11/2013,YKM,WA,ANM,WE,Federal Contract Tower,4,6,13,3,26,0,0,28,9,37,4,6,41,12,63,59,0,59,122
04/12/2013,YKM,WA,ANM,WE,Federal Contract Tower,5,8,12,3,28,0,2,37,4,43,5,10,49,7,71,47,0,47,118
04/13/2013,YKM,WA,ANM,WE,Federal Contract Tower,4,6,5,3,18,0,1,3,1,5,4,7,8,4,23,0,0,0,23
04/14/2013,YKM,WA,ANM,WE,Federal Contract Tower,5,0,9,0,14,0,0,19,0,19,5,0,28,0,33,0,0,0,33
04/15/2013,YKM,WA,ANM,WE,Federal Contract Tower,8,6,22,6,42,0,0,15,0,15,8,6,37,6,57,12,2,14,71
04/16/2013,YKM,WA,ANM,WE,Federal Contract Tower,4,11,13,3,31,0,1,36,1,38,4,12,49,4,69,12,2,14,83
04/17/2013,YKM,WA,ANM,WE,Federal Contract Tower,5,9,8,8,30,0,1,52,0,53,5,10,60,8,83,40,0,40,123
04/18/2013,YKM,WA,ANM,WE,Federal Contract Tower,5,10,7,2,24,0,0,49,2,51,5,10,56,4,75,40,0,40,115
04/19/2013,YKM,WA,ANM,WE,Federal Contract Tower,5,13,17,0,35,0,1,26,0,27,5,14,43,0,62,27,0,27,89
04/20/2013,YKM,WA,ANM,WE,Federal Contract Tower,4,4,9,3,20,0,4,22,1,27,4,8,31,4,47,24,0,24,71
04/21/2013,YKM,WA,ANM,WE,Federal Contract Tower,5,2,21,0,28,0,0,29,0,29,5,2,50,0,57,96,0,96,153
04/22/2013,YKM,WA,ANM,WE,Federal Contract Tower,5,8,26,0,39,0,0,57,0,57,5,8,83,0,96,66,0,66,162
04/23/2013,YKM,WA,ANM,WE,Federal Contract Tower,5,8,17,4,34,0,0,61,2,63,5,8,78,6,97,47,0,47,144
04/24/2013,YKM,WA,ANM,WE,Federal Contract Tower,5,9,27,5,46,0,0,48,3,51,5,9,75,8,97,52,8,60,157
04/25/2013,YKM,WA,ANM,WE,Federal Contract Tower,5,8,17,4,34,0,0,56,2,58,5,8,73,6,92,52,0,52,144
04/26/2013,YKM,WA,ANM,WE,Federal Contract Tower,5,7,21,1,34,0,0,40,1,41,5,7,61,2,75,99,0,99,174
04/27/2013,YKM,WA,ANM,WE,Federal Contract Tower,4,2,8,0,14,0,6,30,2,38,4,8,38,2,52,46,2,48,100
04/28/2013,YKM,WA,ANM,WE,Federal Contract Tower,5,3,20,0,28,0,0,15,2,17,5,3,35,2,45,30,4,34,79
04/29/2013,YKM,WA,ANM,WE,Federal Contract Tower,4,5,5,0,14,0,1,5,1,7,4,6,10,1,21,2,3,5,26
04/30/2013,YKM,WA,ANM,WE,Federal Contract Tower,5,10,14,1,30,0,0,27,3,30,5,10,41,4,60,45,0,45,105
05/01/2013,YKM,WA,ANM,WE,Federal Contract Tower,5,9,21,0,35,0,0,56,2,58,5,9,77,2,93,64,8,72,165
05/02/2013,YKM,WA,ANM,WE,Federal Contract Tower,5,11,15,0,31,0,1,53,0,54,5,12,68,0,85,46,0,46,131
05/03/2013,YKM,WA,ANM,WE,Federal Contract Tower,4,8,16,0,28,0,1,38,0,39,4,9,54,0,67,114,0,114,181
05/04/2013,YKM,WA,ANM,WE,Federal Contract Tower,4,5,11,0,20,0,2,42,0,44,4,7,53,0,64,18,0,18,82
05/05/2013,YKM,WA,ANM,WE,Federal Contract Tower,5,0,4,0,9,0,0,13,0,13,5,0,17,0,22,14,0,14,36
05/06/2013,YKM,WA,ANM,WE,Federal Contract Tower,4,5,13,10,32,0,1,49,0,50,4,6,62,10,82,35,16,51,133
05/07/2013,YKM,WA,ANM,WE,Federal Contract Tower,5,9,10,8,32,0,0,49,2,51,5,9,59,10,83,58,2,60,143
05/08/2013,YKM,WA,ANM,WE,Federal Contract Tower,5,11,25,0,41,0,1,34,0,35,5,12,59,0,76,24,0,24,100
05/09/2013,YKM,WA,ANM,WE,Federal Contract Tower,5,10,19,0,34,0,0,72,0,72,5,10,91,0,106,38,0,38,144
05/10/2013,YKM,WA,ANM,WE,Federal Contract Tower,4,7,13,0,24,0,2,39,0,41,4,9,52,0,65,50,0,50,115
05/11/2013,YKM,WA,ANM,WE,Federal Contract Tower,3,4,5,1,13,0,1,39,1,41,3,5,44,2,54,57,2,59,113
05/12/2013,YKM,WA,ANM,WE,Federal Contract Tower,4,0,5,1,10,0,0,18,1,19,4,0,23,2,29,16,0,16,45
05/13/2013,YKM,WA,ANM,WE,Federal Contract Tower,5,6,16,2,29,0,1,18,0,19,5,7,34,2,48,21,0,21,69
05/14/2013,YKM,WA,ANM,WE,Federal Contract Tower,5,7,19,0,31,0,3,27,5,35,5,10,46,5,66,63,22,85,151
05/15/2013,YKM,WA,ANM,WE,Federal Contract Tower,7,10,16,1,34,0,0,34,8,42,7,10,50,9,76,52,0,52,128
05/16/2013,YKM,WA,ANM,WE,Federal Contract Tower,7,7,18,3,35,0,0,54,5,59,7,7,72,8,94,84,0,84,178
05/17/2013,YKM,WA,ANM,WE,Federal Contract Tower,5,10,15,0,30,0,0,17,0,17,5,10,32,0,47,53,0,53,100
05/18/2013,YKM,WA,ANM,WE,Federal Contract Tower,5,5,12,0,22,0,2,39,0,41,5,7,51,0,63,63,0,63,126
05/19/2013,YKM,WA,ANM,WE,Federal Contract Tower,7,1,10,0,18,0,0,28,0,28,7,1,38,0,46,15,0,15,61
05/20/2013,YKM,WA,ANM,WE,Federal Contract Tower,4,5,10,5,24,0,0,56,1,57,4,5,66,6,81,20,0,20,101
05/21/2013,YKM,WA,ANM,WE,Federal Contract Tower,5,8,7,9,29,0,1,11,1,13,5,9,18,10,42,33,2,35,77
05/22/2013,YKM,WA,ANM,WE,Federal Contract Tower,7,11,16,5,39,0,0,7,0,7,7,11,23,5,46,12,0,12,58
05/23/2013,YKM,WA,ANM,WE,Federal Contract Tower,5,12,11,3,31,0,0,39,1,40,5,12,50,4,71,55,0,55,126
05/24/2013,YKM,WA,ANM,WE,Federal Contract Tower,5,10,24,0,39,0,0,21,0,21,5,10,45,0,60,24,0,24,84
05/25/2013,YKM,WA,ANM,WE,Federal Contract Tower,3,9,5,0,17,0,2,51,0,53,3,11,56,0,70,33,0,33,103
05/26/2013,YKM,WA,ANM,WE,Federal Contract Tower,4,2,6,0,12,0,0,26,0,26,4,2,32,0,38,19,0,19,57
05/27/2013,YKM,WA,ANM,WE,Federal Contract Tower,4,2,18,0,24,0,0,22,0,22,4,2,40,0,46,20,0,20,66
05/28/2013,YKM,WA,ANM,WE,Federal Contract Tower,4,7,13,4,28,0,0,33,1,34,4,7,46,5,62,38,4,42,104
05/29/2013,YKM,WA,ANM,WE,Federal Contract Tower,4,12,18,6,40,0,1,37,0,38,4,13,55,6,78,52,0,52,130
05/30/2013,YKM,WA,ANM,WE,Federal Contract Tower,5,12,22,0,39,0,2,41,0,43,5,14,63,0,82,31,0,31,113
05/31/2013,YKM,WA,ANM,WE,Federal Contract Tower,4,8,31,4,47,0,2,71,1,74,4,10,102,5,121,74,0,74,195
06/01/2013,YKM,WA,ANM,WE,Federal Contract Tower,3,3,13,0,19,0,2,66,0,68,3,5,79,0,87,67,0,67,154
06/02/2013,YKM,WA,ANM,WE,Federal Contract Tower,4,0,9,0,13,0,0,29,0,29,4,0,38,0,42,10,0,10,52
06/03/2013,YKM,WA,ANM,WE,Federal Contract Tower,5,5,22,2,34,0,0,35,0,35,5,5,57,2,69,10,2,12,81
06/04/2013,YKM,WA,ANM,WE,Federal Contract Tower,5,9,14,0,28,0,2,62,1,65,5,11,76,1,93,88,6,94,187
06/05/2013,YKM,WA,ANM,WE,Federal Contract Tower,4,8,19,6,37,0,0,51,11,62,4,8,70,17,99,63,22,85,184
06/06/2013,YKM,WA,ANM,WE,Federal Contract Tower,5,10,19,3,37,0,4,57,5,66,5,14,76,8,103,30,24,54,157
06/07/2013,YKM,WA,ANM,WE,Federal Contract Tower,3,10,16,2,31,1,3,38,0,42,4,13,54,2,73,50,0,50,123
06/08/2013,YKM,WA,ANM,WE,Federal Contract Tower,3,3,6,5,17,0,2,61,3,66,3,5,67,8,83,17,12,29,112
06/09/2013,YKM,WA,ANM,WE,Federal Contract Tower,5,0,7,2,14,0,0,37,3,40,5,0,44,5,54,10,24,34,88
06/10/2013,YKM,WA,ANM,WE,Federal Contract Tower,4,5,17,2,28,0,0,58,0,58,4,5,75,2,86,56,0,56,142
06/11/2013,YKM,WA,ANM,WE,Federal Contract Tower,4,9,18,11,42,0,0,27,2,29,4,9,45,13,71,19,0,19,90
06/12/2013,YKM,WA,ANM,WE,Federal Contract Tower,4,10,25,7,46,0,0,51,6,57,4,10,76,13,103,12,10,22,125
06/13/2013,YKM,WA,ANM,WE,Federal Contract Tower,4,8,10,7,29,0,1,48,0,49,4,9,58,7,78,30,0,30,108
06/14/2013,YKM,WA,ANM,WE,Federal Contract Tower,5,9,20,2,36,0,2,61,0,63,5,11,81,2,99,16,0,16,115
06/15/2013,YKM,WA,ANM,WE,Federal Contract Tower,4,3,4,4,15,0,2,59,4,65,4,5,63,8,80,53,0,53,133
06/16/2013,YKM,WA,ANM,WE,Federal Contract Tower,5,1,16,2,24,0,0,31,4,35,5,1,47,6,59,10,0,10,69
06/17/2013,YKM,WA,ANM,WE,Federal Contract Tower,4,5,12,4,25,0,0,39,10,49,4,5,51,14,74,22,0,22,96
06/18/2013,YKM,WA,ANM,WE,Federal Contract Tower,5,8,6,3,22,0,0,30,12,42,5,8,36,15,64,46,0,46,110
06/19/2013,YKM,WA,ANM,WE,Federal Contract Tower,4,12,29,6,51,0,0,27,8,35,4,12,56,14,86,42,0,42,128
06/20/2013,YKM,WA,ANM,WE,Federal Contract Tower,4,8,22,9,43,0,0,35,9,44,4,8,57,18,87,24,0,24,111
06/21/2013,YKM,WA,ANM,WE,Federal Contract Tower,4,6,19,3,32,0,0,41,8,49,4,6,60,11,81,54,0,54,135
06/22/2013,YKM,WA,ANM,WE,Federal Contract Tower,4,7,9,0,20,0,2,48,0,50,4,9,57,0,70,40,0,40,110
06/23/2013,YKM,WA,ANM,WE,Federal Contract Tower,4,0,16,0,20,0,0,26,0,26,4,0,42,0,46,54,0,54,100
06/24/2013,YKM,WA,ANM,WE,Federal Contract Tower,5,6,14,1,26,0,0,34,1,35,5,6,48,2,61,6,0,6,67
06/25/2013,YKM,WA,ANM,WE,Federal Contract Tower,5,10,7,0,22,0,0,33,0,33,5,10,40,0,55,12,0,12,67
06/26/2013,YKM,WA,ANM,WE,Federal Contract Tower,6,7,14,6,33,0,2,33,5,40,6,9,47,11,73,50,16,66,139
06/27/2013,YKM,WA,ANM,WE,Federal Contract Tower,5,11,12,2,30,0,0,34,4,38,5,11,46,6,68,67,0,67,135
06/28/2013,YKM,WA,ANM,WE,Federal Contract Tower,5,7,21,2,35,0,4,55,0,59,5,11,76,2,94,120,0,120,214
06/29/2013,YKM,WA,ANM,WE,Federal Contract Tower,5,2,3,1,11,0,3,38,1,42,5,5,41,2,53,36,0,36,89
06/30/2013,YKM,WA,ANM,WE,Federal Contract Tower,5,0,12,0,17,0,1,50,0,51,5,1,62,0,68,18,0,18,86
07/01/2013,YKM,WA,ANM,WE,Federal Contract Tower,5,3,6,7,21,0,2,41,2,45,5,5,47,9,66,21,0,21,87
07/02/2013,YKM,WA,ANM,WE,Federal Contract Tower,4,8,8,2,22,0,0,43,2,45,4,8,51,4,67,33,0,33,100
07/03/2013,YKM,WA,ANM,WE,Federal Contract Tower,5,9,21,5,40,0,2,50,5,57,5,11,71,10,97,66,0,66,163
07/04/2013,YKM,WA,ANM,WE,Federal Contract Tower,3,1,2,0,6,0,0,23,0,23,3,1,25,0,29,18,0,18,47
07/05/2013,YKM,WA,ANM,WE,Federal Contract Tower,3,10,4,1,18,0,0,24,2,26,3,10,28,3,44,38,10,48,92
07/06/2013,YKM,WA,ANM,WE,Federal Contract Tower,3,5,2,0,10,0,2,51,0,53,3,7,53,0,63,42,0,42,105
07/07/2013,YKM,WA,ANM,WE,Federal Contract Tower,4,2,13,0,19,0,1,51,0,52,4,3,64,0,71,10,0,10,81
07/08/2013,YKM,WA,ANM,WE,Federal Contract Tower,4,5,22,2,33,0,0,57,2,59,4,5,79,4,92,22,2,24,116
07/09/2013,YKM,WA,ANM,WE,Federal Contract Tower,5,10,14,0,29,0,2,57,0,59,5,12,71,0,88,62,0,62,150
07/10/2013,YKM,WA,ANM,WE,Federal Contract Tower,4,11,10,2,27,0,1,55,0,56,4,12,65,2,83,92,0,92,175
07/11/2013,YKM,WA,ANM,WE,Federal Contract Tower,3,7,17,3,30,0,1,51,1,53,3,8,68,4,83,104,0,104,187
07/12/2013,YKM,WA,ANM,WE,Federal Contract Tower,5,8,14,0,27,0,0,67,0,67,5,8,81,0,94,73,0,73,167
07/13/2013,YKM,WA,ANM,WE,Federal Contract Tower,4,6,1,3,14,0,2,46,1,49,4,8,47,4,63,28,0,28,91
07/14/2013,YKM,WA,ANM,WE,Federal Contract Tower,7,0,7,3,17,0,0,67,1,68,7,0,74,4,85,64,0,64,149
07/15/2013,YKM,WA,ANM,WE,Federal Contract Tower,9,5,14,3,31,0,1,51,1,53,9,6,65,4,84,18,0,18,102
07/16/2013,YKM,WA,ANM,WE,Federal Contract Tower,4,8,14,5,31,0,0,49,1,50,4,8,63,6,81,12,0,12,93
07/17/2013,YKM,WA,ANM,WE,Federal Contract Tower,6,8,24,4,42,0,1,37,0,38,6,9,61,4,80,63,0,63,143
07/18/2013,YKM,WA,ANM,WE,Federal Contract Tower,5,9,15,0,29,0,3,63,0,66,5,12,78,0,95,88,0,88,183
07/19/2013,YKM,WA,ANM,WE,Federal Contract Tower,4,9,12,6,31,0,2,50,2,54,4,11,62,8,85,44,0,44,129
07/20/2013,YKM,WA,ANM,WE,Federal Contract Tower,4,5,4,0,13,0,4,48,0,52,4,9,52,0,65,53,0,53,118
07/21/2013,YKM,WA,ANM,WE,Federal Contract Tower,4,1,5,0,10,0,0,42,0,42,4,1,47,0,52,2,0,2,54
07/22/2013,YKM,WA,ANM,WE,Federal Contract Tower,6,4,14,2,26,0,2,40,2,44,6,6,54,4,70,30,0,30,100
07/23/2013,YKM,WA,ANM,WE,Federal Contract Tower,5,10,11,5,31,0,0,42,5,47,5,10,53,10,78,68,2,70,148
07/24/2013,YKM,WA,ANM,WE,Federal Contract Tower,5,9,12,6,32,0,0,49,0,49,5,9,61,6,81,35,0,35,116
07/25/2013,YKM,WA,ANM,WE,Federal Contract Tower,4,7,12,2,25,0,3,46,7,56,4,10,58,9,81,52,0,52,133
07/26/2013,YKM,WA,ANM,WE,Federal Contract Tower,4,7,13,4,28,0,2,54,6,62,4,9,67,10,90,75,0,75,165
07/27/2013,YKM,WA,ANM,WE,Federal Contract Tower,4,6,8,0,18,0,1,27,3,31,4,7,35,3,49,6,0,6,55
07/28/2013,YKM,WA,ANM,WE,Federal Contract Tower,5,1,5,2,13,0,0,42,3,45,5,1,47,5,58,0,0,0,58
07/29/2013,YKM,WA,ANM,WE,Federal Contract Tower,5,8,14,1,28,0,0,45,1,46,5,8,59,2,74,55,0,55,129
07/30/2013,YKM,WA,ANM,WE,Federal Contract Tower,5,7,11,4,27,0,1,37,2,40,5,8,48,6,67,32,0,32,99
07/31/2013,YKM,WA,ANM,WE,Federal Contract Tower,4,13,23,4,44,0,2,54,2,58,4,15,77,6,102,56,2,58,160
08/01/2013,YKM,WA,ANM,WE,Federal Contract Tower,5,7,10,1,23,0,1,19,1,21,5,8,29,2,44,68,0,68,112
08/02/2013,YKM,WA,ANM,WE,Federal Contract Tower,3,11,27,0,41,0,1,25,4,30,3,12,52,4,71,46,0,46,117
08/03/2013,YKM,WA,ANM,WE,Federal Contract Tower,5,1,4,2,12,0,4,45,4,53,5,5,49,6,65,42,0,42,107
08/04/2013,YKM,WA,ANM,WE,Federal Contract Tower,5,0,8,2,15,0,0,29,2,31,5,0,37,4,46,24,0,24,70
08/05/2013,YKM,WA,ANM,WE,Federal Contract Tower,4,6,20,3,33,0,1,57,1,59,4,7,77,4,92,63,0,63,155
08/06/2013,YKM,WA,ANM,WE,Federal Contract Tower,5,9,17,6,37,0,1,50,2,53,5,10,67,8,90,35,0,35,125
08/07/2013,YKM,WA,ANM,WE,Federal Contract Tower,4,6,23,7,40,0,2,41,8,51,4,8,64,15,91,55,17,72,163
08/08/2013,YKM,WA,ANM,WE,Federal Contract Tower,5,9,9,1,24,0,4,36,1,41,5,13,45,2,65,51,0,51,116
08/09/2013,YKM,WA,ANM,WE,Federal Contract Tower,5,7,10,0,22,0,5,46,0,51,5,12,56,0,73,20,0,20,93
08/10/2013,YKM,WA,ANM,WE,Federal Contract Tower,6,6,6,0,18,0,3,46,0,49,6,9,52,0,67,23,0,23,90
08/11/2013,YKM,WA,ANM,WE,Federal Contract Tower,5,2,15,0,22,0,0,34,0,34,5,2,49,0,56,8,0,8,64
08/12/2013,YKM,WA,ANM,WE,Federal Contract Tower,5,4,11,7,27,0,0,53,1,54,5,4,64,8,81,30,0,30,111
08/13/2013,YKM,WA,ANM,WE,Federal Contract Tower,5,10,21,2,38,0,0,57,0,57,5,10,78,2,95,49,0,49,144
08/14/2013,YKM,WA,ANM,WE,Federal Contract Tower,7,6,23,6,42,0,2,61,2,65,7,8,84,8,107,37,4,41,148
08/15/2013,YKM,WA,ANM,WE,Federal Contract Tower,5,9,13,0,27,0,1,52,0,53,5,10,65,0,80,38,0,38,118
08/16/2013,YKM,WA,ANM,WE,Federal Contract Tower,4,8,16,0,28,0,0,67,0,67,4,8,83,0,95,82,0,82,177
08/17/2013,YKM,WA,ANM,WE,Federal Contract Tower,3,8,1,0,12,0,1,42,3,46,3,9,43,3,58,34,0,34,92
08/18/2013,YKM,WA,ANM,WE,Federal Contract Tower,5,1,6,0,12,0,0,45,0,45,5,1,51,0,57,6,0,6,63
08/19/2013,YKM,WA,ANM,WE,Federal Contract Tower,5,7,12,1,25,0,2,36,3,41,5,9,48,4,66,29,0,29,95
08/20/2013,YKM,WA,ANM,WE,Federal Contract Tower,5,9,3,0,17,0,1,57,2,60,5,10,60,2,77,52,0,52,129
08/21/2013,YKM,WA,ANM,WE,Federal Contract Tower,5,12,16,0,33,0,1,64,2,67,5,13,80,2,100,80,0,80,180
08/22/2013,YKM,WA,ANM,WE,Federal Contract Tower,5,11,10,1,27,0,1,37,4,42,5,12,47,5,69,42,0,42,111
08/23/2013,YKM,WA,ANM,WE,Federal Contract Tower,7,11,19,0,37,0,1,43,0,44,7,12,62,0,81,45,0,45,126
08/24/2013,YKM,WA,ANM,WE,Federal Contract Tower,3,4,7,2,16,0,4,37,0,41,3,8,44,2,57,42,0,42,99
08/25/2013,YKM,WA,ANM,WE,Federal Contract Tower,4,2,10,0,16,0,1,53,0,54,4,3,63,0,70,28,0,28,98
08/26/2013,YKM,WA,ANM,WE,Federal Contract Tower,5,5,25,0,35,0,3,32,0,35,5,8,57,0,70,22,0,22,92
08/27/2013,YKM,WA,ANM,WE,Federal Contract Tower,5,7,9,10,31,0,1,42,1,44,5,8,51,11,75,40,10,50,125
08/28/2013,YKM,WA,ANM,WE,Federal Contract Tower,5,11,20,1,37,0,1,42,1,44,5,12,62,2,81,69,0,69,150
08/29/2013,YKM,WA,ANM,WE,Federal Contract Tower,4,8,11,0,23,0,1,32,0,33,4,9,43,0,56,86,0,86,142
08/30/2013,YKM,WA,ANM,WE,Federal Contract Tower,5,8,26,0,39,0,0,57,0,57,5,8,83,0,96,52,0,52,148
08/31/2013,YKM,WA,ANM,WE,Federal Contract Tower,4,4,3,2,13,0,3,61,0,64,4,7,64,2,77,67,0,67,144
09/01/2013,YKM,WA,ANM,WE,Federal Contract Tower,4,0,3,2,9,0,4,37,0,41,4,4,40,2,50,64,0,64,114
09/02/2013,YKM,WA,ANM,WE,Federal Contract Tower,5,2,14,0,21,0,0,37,0,37,5,2,51,0,58,48,0,48,106
09/03/2013,YKM,WA,ANM,WE,Federal Contract Tower,5,5,7,3,20,0,0,43,2,45,5,5,50,5,65,16,0,16,81
09/04/2013,YKM,WA,ANM,WE,Federal Contract Tower,4,12,10,0,26,0,0,39,0,39,4,12,49,0,65,85,0,85,150
09/05/2013,YKM,WA,ANM,WE,Federal Contract Tower,5,13,5,2,25,0,0,27,2,29,5,13,32,4,54,39,0,39,93
09/06/2013,YKM,WA,ANM,WE,Federal Contract Tower,4,10,24,3,41,0,0,15,3,18,4,10,39,6,59,32,10,42,101
09/07/2013,YKM,WA,ANM,WE,Federal Contract Tower,3,3,9,5,20,0,2,41,9,52,3,5,50,14,72,47,20,67,139
09/08/2013,YKM,WA,ANM,WE,Federal Contract Tower,5,0,4,2,11,0,0,36,2,38,5,0,40,4,49,34,22,56,105
09/09/2013,YKM,WA,ANM,WE,Federal Contract Tower,7,4,8,6,25,0,1,35,4,40,7,5,43,10,65,30,20,50,115
09/10/2013,YKM,WA,ANM,WE,Federal Contract Tower,4,10,16,2,32,0,0,49,6,55,4,10,65,8,87,104,0,104,191
09/11/2013,YKM,WA,ANM,WE,Federal Contract Tower,5,7,13,4,29,0,1,46,0,47,5,8,59,4,76,120,0,120,196
09/12/2013,YKM,WA,ANM,WE,Federal Contract Tower,5,9,14,5,33,0,0,55,3,58,5,9,69,8,91,88,0,88,179
09/13/2013,YKM,WA,ANM,WE,Federal Contract Tower,5,13,17,5,40,0,2,57,1,60,5,15,74,6,100,93,2,95,195
09/14/2013,YKM,WA,ANM,WE,Federal Contract Tower,5,4,16,4,29,0,1,55,1,57,5,5,71,5,86,34,1,35,121
09/15/2013,YKM,WA,ANM,WE,Federal Contract Tower,7,1,13,0,21,0,0,34,1,35,7,1,47,1,56,4,0,4,60
09/16/2013,YKM,WA,ANM,WE,Federal Contract Tower,5,6,15,2,28,0,0,24,4,28,5,6,39,6,56,78,6,84,140
09/17/2013,YKM,WA,ANM,WE,Federal Contract Tower,7,9,5,3,24,0,2,28,3,33,7,11,33,6,57,54,0,54,111
09/18/2013,YKM,WA,ANM,WE,Federal Contract Tower,5,8,21,2,36,0,0,34,0,34,5,8,55,2,70,138,0,138,208
09/19/2013,YKM,WA,ANM,WE,Federal Contract Tower,5,8,9,2,24,0,0,61,2,63,5,8,70,4,87,96,0,96,183
09/20/2013,YKM,WA,ANM,WE,Federal Contract Tower,5,10,12,5,32,0,0,45,1,46,5,10,57,6,78,34,0,34,112
09/21/2013,YKM,WA,ANM,WE,Federal Contract Tower,4,6,8,0,18,0,1,35,0,36,4,7,43,0,54,40,0,40,94
09/22/2013,YKM,WA,ANM,WE,Federal Contract Tower,5,0,7,0,12,0,0,11,0,11,5,0,18,0,23,0,0,0,23
09/23/2013,YKM,WA,ANM,WE,Federal Contract Tower,4,5,27,1,37,0,0,18,1,19,4,5,45,2,56,31,0,31,87
09/24/2013,YKM,WA,ANM,WE,Federal Contract Tower,5,10,12,0,27,0,0,40,2,42,5,10,52,2,69,69,0,69,138
09/25/2013,YKM,WA,ANM,WE,Federal Contract Tower,5,10,17,5,37,0,0,15,1,16,5,10,32,6,53,48,1,49,102
09/26/2013,YKM,WA,ANM,WE,Federal Contract Tower,5,8,10,0,23,0,1,32,0,33,5,9,42,0,56,20,0,20,76
09/27/2013,YKM,WA,ANM,WE,Federal Contract Tower,5,11,19,0,35,0,0,25,0,25,5,11,44,0,60,48,0,48,108
09/28/2013,YKM,WA,ANM,WE,Federal Contract Tower,3,7,0,1,11,0,1,9,3,13,3,8,9,4,24,30,0,30,54
09/29/2013,YKM,WA,ANM,WE,Federal Contract Tower,5,0,6,0,11,0,0,5,0,5,5,0,11,0,16,2,0,2,18
09/30/2013,YKM,WA,ANM,WE,Federal Contract Tower,4,5,12,4,25,0,0,5,0,5,4,5,17,4,30,2,0,2,32
10/01/2013,YKM,WA,ANM,WE,Federal Contract Tower,5,8,10,12,35,0,0,18,2,20,5,8,28,14,55,32,0,32,87
10/02/2013,YKM,WA,ANM,WE,Federal Contract Tower,5,11,18,2,36,0,0,32,0,32,5,11,50,2,68,72,0,72,140
10/03/2013,YKM,WA,ANM,WE,Federal Contract Tower,5,9,8,0,22,0,0,31,0,31,5,9,39,0,53,70,0,70,123
10/04/2013,YKM,WA,ANM,WE,Federal Contract Tower,4,11,13,0,28,0,1,37,0,38,4,12,50,0,66,25,0,25,91
10/05/2013,YKM,WA,ANM,WE,Federal Contract Tower,4,7,3,5,19,0,2,59,1,62,4,9,62,6,81,28,0,28,109
10/06/2013,YKM,WA,ANM,WE,Federal Contract Tower,5,0,8,0,13,0,2,50,0,52,5,2,58,0,65,26,0,26,91
10/07/2013,YKM,WA,ANM,WE,Federal Contract Tower,5,7,5,1,18,0,0,14,2,16,5,7,19,3,34,14,0,14,48
10/08/2013,YKM,WA,ANM,WE,Federal Contract Tower,5,8,4,0,17,0,0,4,0,4,5,8,8,0,21,3,0,3,24
10/09/2013,YKM,WA,ANM,WE,Federal Contract Tower,5,10,15,0,30,0,0,27,0,27,5,10,42,0,57,64,0,64,121
10/10/2013,YKM,WA,ANM,WE,Federal Contract Tower,4,12,3,2,21,0,0,32,0,32,4,12,35,2,53,54,0,54,107
10/11/2013,YKM,WA,ANM,WE,Federal Contract Tower,5,11,22,3,41,0,1,40,1,42,5,12,62,4,83,51,0,51,134
10/12/2013,YKM,WA,ANM,WE,Federal Contract Tower,5,5,15,2,27,0,0,28,3,31,5,5,43,5,58,28,1,29,87
10/13/2013,YKM,WA,ANM,WE,Federal Contract Tower,5,0,5,1,11,0,0,58,1,59,5,0,63,2,70,36,0,36,106
10/14/2013,YKM,WA,ANM,WE,Federal Contract Tower,4,4,10,3,21,0,1,23,1,25,4,5,33,4,46,18,0,18,64
10/15/2013,YKM,WA,ANM,WE,Federal Contract Tower,5,9,3,1,18,0,1,27,1,29,5,10,30,2,47,18,10,28,75
10/16/2013,YKM,WA,ANM,WE,Federal Contract Tower,5,7,15,1,28,0,1,48,1,50,5,8,63,2,78,24,0,24,102
10/17/2013,YKM,WA,ANM,WE,Federal Contract Tower,4,8,9,4,25,0,0,43,2,45,4,8,52,6,70,10,0,10,80
10/18/2013,YKM,WA,ANM,WE,Federal Contract Tower,6,11,21,0,38,0,3,52,0,55,6,14,73,0,93,53,0,53,146
10/19/2013,YKM,WA,ANM,WE,Federal Contract Tower,6,4,7,0,17,0,2,36,0,38,6,6,43,0,55,22,0,22,77
10/20/2013,YKM,WA,ANM,WE,Federal Contract Tower,4,0,9,0,13,0,3,37,0,40,4,3,46,0,53,25,0,25,78
10/21/2013,YKM,WA,ANM,WE,Federal Contract Tower,5,6,14,2,27,0,0,38,2,40,5,6,52,4,67,56,8,64,131
10/22/2013,YKM,WA,ANM,WE,Federal Contract Tower,4,8,17,2,31,0,1,34,2,37,4,9,51,4,68,49,6,55,123
10/23/2013,YKM,WA,ANM,WE,Federal Contract Tower,4,10,8,0,22,0,1,29,0,30,4,11,37,0,52,60,0,60,112
10/24/2013,YKM,WA,ANM,WE,Federal Contract Tower,11,9,27,2,49,0,1,46,0,47,11,10,73,2,96,28,0,28,124
10/25/2013,YKM,WA,ANM,WE,Federal Contract Tower,5,13,8,0,26,0,28,2,0,30,5,41,10,0,56,67,8,75,131
10/26/2013,YKM,WA,ANM,WE,Federal Contract Tower,4,7,12,0,23,0,2,51,0,53,4,9,63,0,76,66,0,66,142
10/27/2013,YKM,WA,ANM,WE,Federal Contract Tower,4,1,6,2,13,0,0,4,1,5,4,1,10,3,18,41,0,41,59
10/28/2013,YKM,WA,ANM,WE,Federal Contract Tower,5,8,7,0,20,0,0,7,0,7,5,8,14,0,27,32,0,32,59
10/29/2013,YKM,WA,ANM,WE,Federal Contract Tower,5,11,21,1,38,0,55,1,0,56,5,66,22,1,94,31,0,31,125
10/30/2013,YKM,WA,ANM,WE,Federal Contract Tower,5,9,14,4,32,0,0,38,0,38,5,9,52,4,70,93,0,93,163
10/31/2013,YKM,WA,ANM,WE,Federal Contract Tower,5,8,15,3,31,0,3,19,6,28,5,11,34,9,59,65,6,71,130
11/01/2013,YKM,WA,ANM,WE,Federal Contract Tower,5,8,17,1,31,0,0,38,1,39,5,8,55,2,70,58,0,58,128
11/02/2013,YKM,WA,ANM,WE,Federal Contract Tower,3,4,3,0,10,0,1,2,0,3,3,5,5,0,13,0,0,0,13
11/03/2013,YKM,WA,ANM,WE,Federal Contract Tower,5,0,3,0,8,0,0,26,0,26,5,0,29,0,34,30,0,30,64
11/04/2013,YKM,WA,ANM,WE,Federal Contract Tower,4,5,12,3,24,0,0,21,1,22,4,5,33,4,46,24,4,28,74
11/05/2013,YKM,WA,ANM,WE,Federal Contract Tower,5,8,10,8,31,0,0,13,7,20,5,8,23,15,51,66,2,68,119
11/06/2013,YKM,WA,ANM,WE,Federal Contract Tower,5,10,20,8,43,0,0,3,0,3,5,10,23,8,46,104,0,104,150
11/07/2013,YKM,WA,ANM,WE,Federal Contract Tower,6,11,7,0,24,0,0,2,0,2,6,11,9,0,26,2,0,2,28
11/08/2013,YKM,WA,ANM,WE,Federal Contract Tower,4,14,12,1,31,0,2,28,1,31,4,16,40,2,62,92,0,92,154
11/09/2013,YKM,WA,ANM,WE,Federal Contract Tower,4,8,9,0,21,0,0,20,2,22,4,8,29,2,43,14,0,14,57
11/10/2013,YKM,WA,ANM,WE,Federal Contract Tower,5,0,5,0,10,0,0,23,0,23,5,0,28,0,33,10,0,10,43
11/11/2013,YKM,WA,ANM,WE,Federal Contract Tower,4,7,11,0,22,0,0,15,0,15,4,7,26,0,37,40,0,40,77
11/12/2013,YKM,WA,ANM,WE,Federal Contract Tower,5,9,13,1,28,0,0,10,1,11,5,9,23,2,39,84,0,84,123
11/13/2013,YKM,WA,ANM,WE,Federal Contract Tower,4,9,9,12,34,0,0,16,2,18,4,9,25,14,52,78,2,80,132
11/14/2013,YKM,WA,ANM,WE,Federal Contract Tower,5,11,15,2,33,0,0,24,4,28,5,11,39,6,61,17,4,21,82
11/15/2013,YKM,WA,ANM,WE,Federal Contract Tower,7,14,11,1,33,0,0,14,1,15,7,14,25,2,48,13,0,13,61
11/16/2013,YKM,WA,ANM,WE,Federal Contract Tower,5,5,3,3,16,0,1,11,1,13,5,6,14,4,29,14,0,14,43
11/17/2013,YKM,WA,ANM,WE,Federal Contract Tower,5,0,5,0,10,0,0,11,0,11,5,0,16,0,21,33,0,33,54
11/18/2013,YKM,WA,ANM,WE,Federal Contract Tower,6,9,15,2,32,0,0,10,2,12,6,9,25,4,44,0,0,0,44
11/19/2013,YKM,WA,ANM,WE,Federal Contract Tower,5,11,19,11,46,0,0,21,3,24,5,11,40,14,70,20,12,32,102
11/20/2013,YKM,WA,ANM,WE,Federal Contract Tower,6,13,15,2,36,0,0,35,0,35,6,13,50,2,71,16,0,16,87
11/21/2013,YKM,WA,ANM,WE,Federal Contract Tower,5,9,19,2,35,0,0,49,0,49,5,9,68,2,84,44,10,54,138
11/22/2013,YKM,WA,ANM,WE,Federal Contract Tower,5,10,14,4,33,0,0,34,2,36,5,10,48,6,69,40,4,44,113
11/23/2013,YKM,WA,ANM,WE,Federal Contract Tower,4,4,6,0,14,0,3,48,0,51,4,7,54,0,65,18,0,18,83
11/24/2013,YKM,WA,ANM,WE,Federal Contract Tower,5,3,6,0,14,0,0,17,0,17,5,3,23,0,31,0,0,0,31
11/25/2013,YKM,WA,ANM,WE,Federal Contract Tower,5,5,8,3,21,0,2,20,3,25,5,7,28,6,46,58,0,58,104
11/26/2013,YKM,WA,ANM,WE,Federal Contract Tower,5,11,15,5,36,0,0,16,5,21,5,11,31,10,57,6,6,12,69
11/27/2013,YKM,WA,ANM,WE,Federal Contract Tower,5,11,22,0,38,0,2,33,0,35,5,13,55,0,73,21,0,21,94
11/28/2013,YKM,WA,ANM,WE,Federal Contract Tower,3,0,1,0,4,0,0,11,0,11,3,0,12,0,15,0,0,0,15
11/29/2013,YKM,WA,ANM,WE,Federal Contract Tower,5,11,10,0,26,0,1,6,0,7,5,12,16,0,33,27,0,27,60
11/30/2013,YKM,WA,ANM,WE,Federal Contract Tower,4,7,11,0,22,0,0,7,0,7,4,7,18,0,29,22,0,22,51
12/01/2013,YKM,WA,ANM,WE,Federal Contract Tower,5,4,14,0,23,0,0,4,0,4,5,4,18,0,27,0,0,0,27
12/02/2013,YKM,WA,ANM,WE,Federal Contract Tower,5,5,12,8,30,0,0,8,2,10,5,5,20,10,40,10,20,30,70
12/03/2013,YKM,WA,ANM,WE,Federal Contract Tower,5,10,17,0,32,0,0,7,2,9,5,10,24,2,41,32,0,32,73
12/04/2013,YKM,WA,ANM,WE,Federal Contract Tower,5,10,9,2,26,0,2,27,0,29,5,12,36,2,55,82,0,82,137
12/05/2013,YKM,WA,ANM,WE,Federal Contract Tower,5,9,13,6,33,0,1,20,2,23,5,10,33,8,56,54,0,54,110
12/06/2013,YKM,WA,ANM,WE,Federal Contract Tower,5,12,6,0,23,0,0,11,0,11,5,12,17,0,34,34,0,34,68
12/07/2013,YKM,WA,ANM,WE,Federal Contract Tower,4,5,8,0,17,0,0,29,2,31,4,5,37,2,48,26,0,26,74
12/08/2013,YKM,WA,ANM,WE,Federal Contract Tower,3,1,8,0,12,0,0,14,0,14,3,1,22,0,26,16,0,16,42
12/09/2013,YKM,WA,ANM,WE,Federal Contract Tower,5,9,4,1,19,0,0,19,1,20,5,9,23,2,39,10,0,10,49
12/10/2013,YKM,WA,ANM,WE,Federal Contract Tower,5,9,4,7,25,0,1,23,3,27,5,10,27,10,52,6,0,6,58
12/11/2013,YKM,WA,ANM,WE,Federal Contract Tower,4,9,14,2,29,0,0,22,1,23,4,9,36,3,52,12,0,12,64
12/12/2013,YKM,WA,ANM,WE,Federal Contract Tower,5,7,16,5,33,0,1,17,1,19,5,8,33,6,52,3,0,3,55
12/13/2013,YKM,WA,ANM,WE,Federal Contract Tower,5,6,13,3,27,0,2,16,1,19,5,8,29,4,46,18,0,18,64
12/14/2013,YKM,WA,ANM,WE,Federal Contract Tower,4,7,8,0,19,0,0,25,0,25,4,7,33,0,44,71,0,71,115
12/15/2013,YKM,WA,ANM,WE,Federal Contract Tower,5,0,4,0,9,0,0,21,0,21,5,0,25,0,30,30,0,30,60
12/16/2013,YKM,WA,ANM,WE,Federal Contract Tower,5,7,19,4,35,0,0,28,3,31,5,7,47,7,66,8,0,8,74
12/17/2013,YKM,WA,ANM,WE,Federal Contract Tower,5,7,20,1,33,0,4,20,1,25,5,11,40,2,58,58,0,58,116
12/18/2013,YKM,WA,ANM,WE,Federal Contract Tower,5,12,26,0,43,0,1,18,0,19,5,13,44,0,62,17,0,17,79
12/19/2013,YKM,WA,ANM,WE,Federal Contract Tower,5,10,19,1,35,0,0,26,1,27,5,10,45,2,62,50,0,50,112
12/20/2013,YKM,WA,ANM,WE,Federal Contract Tower,5,17,14,0,36,0,1,16,0,17,5,18,30,0,53,27,0,27,80
12/21/2013,YKM,WA,ANM,WE,Federal Contract Tower,4,7,5,0,16,0,1,35,0,36,4,8,40,0,52,24,0,24,76
12/22/2013,YKM,WA,ANM,WE,Federal Contract Tower,4,2,8,0,14,0,0,11,0,11,4,2,19,0,25,0,0,0,25
12/23/2013,YKM,WA,ANM,WE,Federal Contract Tower,5,6,9,1,21,0,1,7,1,9,5,7,16,2,30,26,0,26,56
12/24/2013,YKM,WA,ANM,WE,Federal Contract Tower,4,12,0,0,16,0,0,22,0,22,4,12,22,0,38,18,0,18,56
12/25/2013,YKM,WA,ANM,WE,Federal Contract Tower,4,0,0,0,4,0,0,7,0,7,4,0,7,0,11,0,0,0,11
12/26/2013,YKM,WA,ANM,WE,Federal Contract Tower,5,14,7,0,26,0,0,17,0,17,5,14,24,0,43,61,0,61,104
12/27/2013,YKM,WA,ANM,WE,Federal Contract Tower,5,11,19,7,42,0,2,12,3,17,5,13,31,10,59,11,4,15,74
12/28/2013,YKM,WA,ANM,WE,Federal Contract Tower,4,5,10,0,19,0,2,39,0,41,4,7,49,0,60,67,0,67,127
12/29/2013,YKM,WA,ANM,WE,Federal Contract Tower,5,0,5,0,10,0,0,12,0,12,5,0,17,0,22,36,0,36,58
12/30/2013,YKM,WA,ANM,WE,Federal Contract Tower,5,9,5,1,20,0,1,11,1,13,5,10,16,2,33,22,0,22,55
12/31/2013,YKM,WA,ANM,WE,Federal Contract Tower,5,10,2,0,17,0,0,16,0,16,5,10,18,0,33,16,0,16,49
01/01/2014,YKM,WA,ANM,WE,Federal Contract Tower,3,2,7,0,12,0,0,14,0,14,3,2,21,0,26,8,0,8,34
01/02/2014,YKM,WA,ANM,WE,Federal Contract Tower,5,12,8,0,25,0,0,0,0,0,5,12,8,0,25,0,0,0,25
01/03/2014,YKM,WA,ANM,WE,Federal Contract Tower,4,12,10,2,28,0,0,19,4,23,4,12,29,6,51,34,7,41,92
01/04/2014,YKM,WA,ANM,WE,Federal Contract Tower,4,10,4,0,18,0,1,42,0,43,4,11,46,0,61,26,0,26,87
01/05/2014,YKM,WA,ANM,WE,Federal Contract Tower,5,1,3,0,9,0,1,24,0,25,5,2,27,0,34,48,0,48,82
01/06/2014,YKM,WA,ANM,WE,Federal Contract Tower,5,6,2,0,13,0,0,16,0,16,5,6,18,0,29,2,0,2,31
01/07/2014,YKM,WA,ANM,WE,Federal Contract Tower,5,8,8,0,21,0,0,2,0,2,5,8,10,0,23,5,0,5,28
01/08/2014,YKM,WA,ANM,WE,Federal Contract Tower,6,10,5,2,23,0,0,0,0,0,6,10,5,2,23,0,0,0,23
01/09/2014,YKM,WA,ANM,WE,Federal Contract Tower,7,10,11,1,29,0,3,5,1,9,7,13,16,2,38,17,0,17,55
01/10/2014,YKM,WA,ANM,WE,Federal Contract Tower,7,9,9,1,26,0,1,4,1,6,7,10,13,2,32,0,0,0,32
01/11/2014,YKM,WA,ANM,WE,Federal Contract Tower,4,6,6,0,16,0,0,0,0,0,4,6,6,0,16,0,0,0,16
01/12/2014,YKM,WA,ANM,WE,Federal Contract Tower,7,0,8,1,16,0,0,4,1,5,7,0,12,2,21,4,0,4,25
01/13/2014,YKM,WA,ANM,WE,Federal Contract Tower,5,7,7,2,21,0,0,7,5,12,5,7,14,7,33,18,6,24,57
01/14/2014,YKM,WA,ANM,WE,Federal Contract Tower,5,9,11,1,26,0,2,37,7,46,5,11,48,8,72,22,12,34,106
01/15/2014,YKM,WA,ANM,WE,Federal Contract Tower,5,11,21,6,43,0,1,26,7,34,5,12,47,13,77,16,0,16,93
01/16/2014,YKM,WA,ANM,WE,Federal Contract Tower,9,10,11,1,31,0,0,38,11,49,9,10,49,12,80,29,10,39,119
01/17/2014,YKM,WA,ANM,WE,Federal Contract Tower,10,9,10,3,32,0,0,7,1,8,10,9,17,4,40,28,0,28,68
01/18/2014,YKM,WA,ANM,WE,Federal Contract Tower,4,6,5,1,16,0,0,0,0,0,4,6,5,1,16,0,0,0,16
01/19/2014,YKM,WA,ANM,WE,Federal Contract Tower,7,0,3,0,10,0,0,2,0,2,7,0,5,0,12,12,0,12,24
01/20/2014,YKM,WA,ANM,WE,Federal Contract Tower,6,7,16,0,29,0,0,3,0,3,6,7,19,0,32,0,0,0,32
01/21/2014,YKM,WA,ANM,WE,Federal Contract Tower,7,11,10,2,30,0,0,2,0,2,7,11,12,2,32,10,0,10,42
01/22/2014,YKM,WA,ANM,WE,Federal Contract Tower,5,9,12,0,26,0,0,4,0,4,5,9,16,0,30,2,0,2,32
01/23/2014,YKM,WA,ANM,WE,Federal Contract Tower,9,10,14,6,39,0,0,0,0,0,9,10,14,6,39,0,0,0,39
01/24/2014,YKM,WA,ANM,WE,Federal Contract Tower,5,10,24,2,41,0,0,0,0,0,5,10,24,2,41,10,0,10,51
01/25/2014,YKM,WA,ANM,WE,Federal Contract Tower,4,7,11,0,22,0,0,0,0,0,4,7,11,0,22,0,0,0,22
01/26/2014,YKM,WA,ANM,WE,Federal Contract Tower,5,0,5,0,10,0,0,2,0,2,5,0,7,0,12,8,0,8,20
01/27/2014,YKM,WA,ANM,WE,Federal Contract Tower,5,6,16,2,29,0,0,10,0,10,5,6,26,2,39,12,0,12,51
01/28/2014,YKM,WA,ANM,WE,Federal Contract Tower,5,9,6,0,20,0,0,4,0,4,5,9,10,0,24,6,0,6,30
01/29/2014,YKM,WA,ANM,WE,Federal Contract Tower,5,9,10,6,30,0,0,6,2,8,5,9,16,8,38,4,2,6,44
01/30/2014,YKM,WA,ANM,WE,Federal Contract Tower,7,11,9,9,36,0,0,23,4,27,7,11,32,13,63,55,0,55,118
01/31/2014,YKM,WA,ANM,WE,Federal Contract Tower,5,9,19,0,33,0,0,31,2,33,5,9,50,2,66,58,6,64,130
02/01/2014,YKM,WA,ANM,WE,Federal Contract Tower,4,5,11,0,20,0,0,9,2,11,4,5,20,2,31,16,0,16,47
02/02/2014,YKM,WA,ANM,WE,Federal Contract Tower,5,2,1,0,8,0,0,11,0,11,5,2,12,0,19,10,0,10,29
02/03/2014,YKM,WA,ANM,WE,Federal Contract Tower,7,5,14,0,26,0,0,9,0,9,7,5,23,0,35,3,0,3,38
02/04/2014,YKM,WA,ANM,WE,Federal Contract Tower,5,12,11,6,34,0,0,20,5,25,5,12,31,11,59,8,22,30,89
02/05/2014,YKM,WA,ANM,WE,Federal Contract Tower,4,10,13,3,30,0,1,16,4,21,4,11,29,7,51,16,32,48,99
02/06/2014,YKM,WA,ANM,WE,Federal Contract Tower,5,9,8,0,22,0,1,11,0,12,5,10,19,0,34,10,0,10,44
02/07/2014,YKM,WA,ANM,WE,Federal Contract Tower,7,10,11,5,33,0,0,26,5,31,7,10,37,10,64,8,14,22,86
02/08/2014,YKM,WA,ANM,WE,Federal Contract Tower,4,10,6,0,20,0,0,11,0,11,4,10,17,0,31,18,0,18,49
02/09/2014,YKM,WA,ANM,WE,Federal Contract Tower,5,1,1,0,7,0,0,4,0,4,5,1,5,0,11,0,2,2,13
02/10/2014,YKM,WA,ANM,WE,Federal Contract Tower,5,5,12,0,22,0,0,0,0,0,5,5,12,0,22,0,0,0,22
02/11/2014,YKM,WA,ANM,WE,Federal Contract Tower,5,11,10,2,28,0,2,20,0,22,5,13,30,2,50,50,0,50,100
02/12/2014,YKM,WA,ANM,WE,Federal Contract Tower,5,23,18,2,48,0,1,26,3,30,5,24,44,5,78,34,4,38,116
02/13/2014,YKM,WA,ANM,WE,Federal Contract Tower,5,13,13,5,36,0,1,26,4,31,5,14,39,9,67,36,0,36,103
02/14/2014,YKM,WA,ANM,WE,Federal Contract Tower,4,11,15,3,33,0,0,17,1,18,4,11,32,4,51,30,0,30,81
02/15/2014,YKM,WA,ANM,WE,Federal Contract Tower,4,8,3,0,15,0,0,1,0,1,4,8,4,0,16,0,0,0,16
02/16/2014,YKM,WA,ANM,WE,Federal Contract Tower,5,1,5,0,11,0,1,28,0,29,5,2,33,0,40,72,0,72,112
02/17/2014,YKM,WA,ANM,WE,Federal Contract Tower,5,8,13,0,26,0,0,4,0,4,5,8,17,0,30,35,4,39,69
02/18/2014,YKM,WA,ANM,WE,Federal Contract Tower,5,11,13,0,29,0,0,4,0,4,5,11,17,0,33,22,0,22,55
02/19/2014,YKM,WA,ANM,WE,Federal Contract Tower,5,9,19,7,40,0,2,10,1,13,5,11,29,8,53,16,0,16,69
02/20/2014,YKM,WA,ANM,WE,Federal Contract Tower,5,9,6,0,20,0,9,8,0,17,5,18,14,0,37,0,0,0,37
02/21/2014,YKM,WA,ANM,WE,Federal Contract Tower,4,7,18,2,31,0,1,43,0,44,4,8,61,2,75,20,0,20,95
02/22/2014,YKM,WA,ANM,WE,Federal Contract Tower,4,8,6,0,18,0,1,23,2,26,4,9,29,2,44,46,0,46,90
02/23/2014,YKM,WA,ANM,WE,Federal Contract Tower,7,2,7,0,16,0,0,14,0,14,7,2,21,0,30,52,0,52,82
02/24/2014,YKM,WA,ANM,WE,Federal Contract Tower,5,5,6,0,16,0,0,4,0,4,5,5,10,0,20,12,0,12,32
02/25/2014,YKM,WA,ANM,WE,Federal Contract Tower,7,9,10,3,29,0,1,15,1,17,7,10,25,4,46,41,0,41,87
02/26/2014,YKM,WA,ANM,WE,Federal Contract Tower,5,13,26,0,44,0,1,32,0,33,5,14,58,0,77,51,0,51,128
02/27/2014,YKM,WA,ANM,WE,Federal Contract Tower,6,8,9,9,32,0,0,23,1,24,6,8,32,10,56,13,0,13,69
02/28/2014,YKM,WA,ANM,WE,Federal Contract Tower,5,13,14,1,33,0,1,34,1,36,5,14,48,2,69,98,0,98,167
03/01/2014,YKM,WA,ANM,WE,Federal Contract Tower,3,7,6,0,16,0,1,20,0,21,3,8,26,0,37,16,0,16,53
03/02/2014,YKM,WA,ANM,WE,Federal Contract Tower,5,0,9,0,14,0,0,1,0,1,5,0,10,0,15,0,0,0,15
03/03/2014,YKM,WA,ANM,WE,Federal Contract Tower,5,7,13,2,27,0,0,7,0,7,5,7,20,2,34,22,0,22,56
03/04/2014,YKM,WA,ANM,WE,Federal Contract Tower,5,8,30,1,44,0,0,30,1,31,5,8,60,2,75,40,0,40,115
03/05/2014,YKM,WA,ANM,WE,Federal Contract Tower,4,11,17,0,32,0,2,12,0,14,4,13,29,0,46,14,0,14,60
03/06/2014,YKM,WA,ANM,WE,Federal Contract Tower,4,12,20,0,36,0,2,11,2,15,4,14,31,2,51,36,0,36,87
03/07/2014,YKM,WA,ANM,WE,Federal Contract Tower,3,7,52,2,64,0,2,45,0,47,3,9,97,2,111,47,0,47,158
03/08/2014,YKM,WA,ANM,WE,Federal Contract Tower,4,7,13,0,24,0,2,52,2,56,4,9,65,2,80,88,2,90,170
03/09/2014,YKM,WA,ANM,WE,Federal Contract Tower,5,2,13,2,22,0,0,21,0,21,5,2,34,2,43,52,0,52,95
03/10/2014,YKM,WA,ANM,WE,Federal Contract Tower,6,6,20,1,33,0,0,15,1,16,6,6,35,2,49,96,0,96,145
03/11/2014,YKM,WA,ANM,WE,Federal Contract Tower,4,9,19,2,34,0,1,50,0,51,4,10,69,2,85,34,0,34,119
03/12/2014,YKM,WA,ANM,WE,Federal Contract Tower,5,9,34,4,52,0,0,48,4,52,5,9,82,8,104,22,0,22,126
03/13/2014,YKM,WA,ANM,WE,Federal Contract Tower,7,10,21,3,41,0,3,57,1,61,7,13,78,4,102,57,0,57,159
03/14/2014,YKM,WA,ANM,WE,Federal Contract Tower,5,8,18,2,33,0,1,8,0,9,5,9,26,2,42,19,0,19,61
03/15/2014,YKM,WA,ANM,WE,Federal Contract Tower,3,5,17,0,25,0,0,47,1,48,3,5,64,1,73,51,0,51,124
03/16/2014,YKM,WA,ANM,WE,Federal Contract Tower,5,2,9,0,16,0,0,18,2,20,5,2,27,2,36,64,8,72,108
03/17/2014,YKM,WA,ANM,WE,Federal Contract Tower,4,5,7,4,20,0,0,2,0,2,4,5,9,4,22,46,2,48,70
03/18/2014,YKM,WA,ANM,WE,Federal Contract Tower,5,8,28,1,42,0,2,54,1,57,5,10,82,2,99,46,0,46,145
03/19/2014,YKM,WA,ANM,WE,Federal Contract Tower,4,8,22,2,36,0,0,21,0,21,4,8,43,2,57,4,0,4,61
03/20/2014,YKM,WA,ANM,WE,Federal Contract Tower,4,7,29,3,43,0,1,53,1,55,4,8,82,4,98,54,0,54,152
03/21/2014,YKM,WA,ANM,WE,Federal Contract Tower,5,6,19,3,33,0,2,53,1,56,5,8,72,4,89,10,12,22,111
03/22/2014,YKM,WA,ANM,WE,Federal Contract Tower,4,7,14,3,28,0,1,51,1,53,4,8,65,4,81,86,0,86,167
03/23/2014,YKM,WA,ANM,WE,Federal Contract Tower,5,1,16,0,22,0,0,44,1,45,5,1,60,1,67,36,2,38,105
03/24/2014,YKM,WA,ANM,WE,Federal Contract Tower,5,8,14,3,30,0,0,33,1,34,5,8,47,4,64,6,0,6,70
03/25/2014,YKM,WA,ANM,WE,Federal Contract Tower,5,7,10,1,23,0,2,14,1,17,5,9,24,2,40,19,0,19,59
03/26/2014,YKM,WA,ANM,WE,Federal Contract Tower,3,9,29,4,45,0,1,26,1,28,3,10,55,5,73,59,0,59,132
03/27/2014,YKM,WA,ANM,WE,Federal Contract Tower,5,11,11,2,29,0,0,26,3,29,5,11,37,5,58,43,2,45,103
03/28/2014,YKM,WA,ANM,WE,Federal Contract Tower,5,6,18,0,29,0,0,1,0,1,5,6,19,0,30,10,0,10,40
03/29/2014,YKM,WA,ANM,WE,Federal Contract Tower,4,6,14,0,24,0,1,10,0,11,4,7,24,0,35,14,0,14,49
03/30/2014,YKM,WA,ANM,WE,Federal Contract Tower,5,2,5,0,12,0,1,20,1,22,5,3,25,1,34,50,8,58,92
03/31/2014,YKM,WA,ANM,WE,Federal Contract Tower,5,7,3,6,21,0,0,36,1,37,5,7,39,7,58,22,4,26,84
04/01/2014,YKM,WA,ANM,WE,Federal Contract Tower,5,12,14,2,33,0,3,16,2,21,5,15,30,4,54,30,0,30,84
04/02/2014,YKM,WA,ANM,WE,Federal Contract Tower,5,13,11,1,30,0,0,23,1,24,5,13,34,2,54,28,0,28,82
04/03/2014,YKM,WA,ANM,WE,Federal Contract Tower,5,6,13,6,30,0,0,20,5,25,5,6,33,11,55,24,22,46,101
04/04/2014,YKM,WA,ANM,WE,Federal Contract Tower,5,6,14,0,25,0,2,15,2,19,5,8,29,2,44,30,0,30,74
04/05/2014,YKM,WA,ANM,WE,Federal Contract Tower,3,7,15,2,27,0,0,19,0,19,3,7,34,2,46,15,0,15,61
04/06/2014,YKM,WA,ANM,WE,Federal Contract Tower,5,0,11,0,16,0,0,32,0,32,5,0,43,0,48,76,0,76,124
04/07/2014,YKM,WA,ANM,WE,Federal Contract Tower,4,6,6,0,16,0,0,42,2,44,4,6,48,2,60,78,18,96,156
04/08/2014,YKM,WA,ANM,WE,Federal Contract Tower,5,6,8,4,23,0,0,0,0,0,5,6,8,4,23,12,0,12,35
04/09/2014,YKM,WA,ANM,WE,Federal Contract Tower,5,11,16,0,32,0,1,30,1,32,5,12,46,1,64,4,22,26,90
04/10/2014,YKM,WA,ANM,WE,Federal Contract Tower,5,9,20,3,37,0,1,50,1,52,5,10,70,4,89,74,0,74,163
04/11/2014,YKM,WA,ANM,WE,Federal Contract Tower,5,10,12,0,27,0,3,47,0,50,5,13,59,0,77,56,0,56,133
04/12/2014,YKM,WA,ANM,WE,Federal Contract Tower,4,5,7,0,16,0,1,30,2,33,4,6,37,2,49,30,6,36,85
04/13/2014,YKM,WA,ANM,WE,Federal Contract Tower,4,0,9,0,13,0,1,41,2,44,4,1,50,2,57,72,0,72,129
04/14/2014,YKM,WA,ANM,WE,Federal Contract Tower,4,6,12,4,26,0,0,39,3,42,4,6,51,7,68,20,8,28,96
04/15/2014,YKM,WA,ANM,WE,Federal Contract Tower,4,6,12,2,24,0,2,21,4,27,4,8,33,6,51,22,2,24,75
04/16/2014,YKM,WA,ANM,WE,Federal Contract Tower,5,8,18,4,35,0,4,28,12,44,5,12,46,16,79,14,6,20,99
04/17/2014,YKM,WA,ANM,WE,Federal Contract Tower,5,9,12,6,32,0,0,16,2,18,5,9,28,8,50,2,0,2,52
04/18/2014,YKM,WA,ANM,WE,Federal Contract Tower,5,10,21,1,37,0,0,22,4,26,5,10,43,5,63,19,0,19,82
04/19/2014,YKM,WA,ANM,WE,Federal Contract Tower,3,4,11,0,18,0,1,51,0,52,3,5,62,0,70,30,0,30,100
04/20/2014,YKM,WA,ANM,WE,Federal Contract Tower,4,4,11,1,20,0,0,25,1,26,4,4,36,2,46,37,0,37,83
04/21/2014,YKM,WA,ANM,WE,Federal Contract Tower,5,5,26,1,37,0,0,27,0,27,5,5,53,1,64,41,0,41,105
04/22/2014,YKM,WA,ANM,WE,Federal Contract Tower,4,8,7,2,21,0,1,12,6,19,4,9,19,8,40,18,10,28,68
04/23/2014,YKM,WA,ANM,WE,Federal Contract Tower,5,9,21,3,38,0,1,18,6,25,5,10,39,9,63,58,4,62,125
04/24/2014,YKM,WA,ANM,WE,Federal Contract Tower,5,5,15,2,27,0,1,19,0,20,5,6,34,2,47,0,0,0,47
04/25/2014,YKM,WA,ANM,WE,Federal Contract Tower,4,7,22,5,38,0,2,37,1,40,4,9,59,6,78,61,0,61,139
04/26/2014,YKM,WA,ANM,WE,Federal Contract Tower,4,6,11,0,21,0,1,36,0,37,4,7,47,0,58,8,0,8,66
04/27/2014,YKM,WA,ANM,WE,Federal Contract Tower,3,1,7,0,11,0,0,3,0,3,3,1,10,0,14,0,0,0,14
04/28/2014,YKM,WA,ANM,WE,Federal Contract Tower,3,6,19,3,31,0,2,42,3,47,3,8,61,6,78,98,2,100,178
04/29/2014,YKM,WA,ANM,WE,Federal Contract Tower,4,6,9,2,21,0,2,48,0,50,4,8,57,2,71,65,0,65,136
04/30/2014,YKM,WA,ANM,WE,Federal Contract Tower,7,12,37,4,60,0,0,51,4,55,7,12,88,8,115,57,2,59,174
05/01/2014,YKM,WA,ANM,WE,Federal Contract Tower,5,10,25,0,40,0,0,45,0,45,5,10,70,0,85,24,0,24,109
05/02/2014,YKM,WA,ANM,WE,Federal Contract Tower,4,6,18,0,28,0,0,44,0,44,4,6,62,0,72,18,0,18,90
05/03/2014,YKM,WA,ANM,WE,Federal Contract Tower,5,5,7,2,19,0,1,10,0,11,5,6,17,2,30,2,0,2,32
05/04/2014,YKM,WA,ANM,WE,Federal Contract Tower,5,0,10,0,15,0,1,8,0,9,5,1,18,0,24,0,0,0,24
05/05/2014,YKM,WA,ANM,WE,Federal Contract Tower,5,6,18,6,35,0,0,33,2,35,5,6,51,8,70,22,4,26,96
05/06/2014,YKM,WA,ANM,WE,Federal Contract Tower,4,7,17,0,28,0,1,29,0,30,4,8,46,0,58,15,0,15,73
05/07/2014,YKM,WA,ANM,WE,Federal Contract Tower,5,13,23,3,44,0,2,44,3,49,5,15,67,6,93,16,10,26,119
05/08/2014,YKM,WA,ANM,WE,Federal Contract Tower,4,13,22,0,39,0,0,32,2,34,4,13,54,2,73,23,4,27,100
05/09/2014,YKM,WA,ANM,WE,Federal Contract Tower,5,12,21,0,38,0,2,17,0,19,5,14,38,0,57,21,0,21,78
05/10/2014,YKM,WA,ANM,WE,Federal Contract Tower,3,12,13,2,30,0,2,24,0,26,3,14,37,2,56,46,0,46,102
05/11/2014,YKM,WA,ANM,WE,Federal Contract Tower,5,2,9,2,18,0,0,30,0,30,5,2,39,2,48,32,0,32,80
05/12/2014,YKM,WA,ANM,WE,Federal Contract Tower,5,6,14,0,25,0,1,33,0,34,5,7,47,0,59,18,0,18,77
05/13/2014,YKM,WA,ANM,WE,Federal Contract Tower,5,11,5,0,21,0,1,40,0,41,5,12,45,0,62,46,0,46,108
05/14/2014,YKM,WA,ANM,WE,Federal Contract Tower,7,9,21,0,37,0,1,47,2,50,7,10,68,2,87,38,0,38,125
05/15/2014,YKM,WA,ANM,WE,Federal Contract Tower,4,12,18,0,34,0,1,42,0,43,4,13,60,0,77,35,0,35,112
05/16/2014,YKM,WA,ANM,WE,Federal Contract Tower,5,10,13,0,28,0,0,28,6,34,5,10,41,6,62,5,2,7,69
05/17/2014,YKM,WA,ANM,WE,Federal Contract Tower,5,4,19,2,30,0,1,39,2,42,5,5,58,4,72,2,4,6,78
05/18/2014,YKM,WA,ANM,WE,Federal Contract Tower,5,0,7,0,12,0,0,19,0,19,5,0,26,0,31,4,0,4,35
05/19/2014,YKM,WA,ANM,WE,Federal Contract Tower,5,6,18,0,29,0,0,26,0,26,5,6,44,0,55,10,0,10,65
05/20/2014,YKM,WA,ANM,WE,Federal Contract Tower,5,12,16,4,37,0,2,51,2,55,5,14,67,6,92,22,6,28,120
05/21/2014,YKM,WA,ANM,WE,Federal Contract Tower,5,12,16,0,33,0,0,41,0,41,5,12,57,0,74,43,0,43,117
05/22/2014,YKM,WA,ANM,WE,Federal Contract Tower,4,7,14,2,27,0,0,41,2,43,4,7,55,4,70,16,6,22,92
05/23/2014,YKM,WA,ANM,WE,Federal Contract Tower,4,10,27,2,43,0,2,25,0,27,4,12,52,2,70,43,0,43,113
05/24/2014,YKM,WA,ANM,WE,Federal Contract Tower,3,8,3,0,14,0,0,38,0,38,3,8,41,0,52,28,0,28,80
05/25/2014,YKM,WA,ANM,WE,Federal Contract Tower,5,2,3,0,10,0,1,15,0,16,5,3,18,0,26,8,0,8,34
05/26/2014,YKM,WA,ANM,WE,Federal Contract Tower,5,3,10,0,18,0,0,17,0,17,5,3,27,0,35,6,0,6,41
05/27/2014,YKM,WA,ANM,WE,Federal Contract Tower,4,5,20,7,36,0,0,34,3,37,4,5,54,10,73,26,8,34,107
05/28/2014,YKM,WA,ANM,WE,Federal Contract Tower,5,15,8,8,36,0,1,18,0,19,5,16,26,8,55,20,6,26,81
05/29/2014,YKM,WA,ANM,WE,Federal Contract Tower,4,9,16,3,32,0,1,45,3,49,4,10,61,6,81,12,0,12,93
05/30/2014,YKM,WA,ANM,WE,Federal Contract Tower,4,11,15,2,32,0,1,59,0,60,4,12,74,2,92,43,0,43,135
05/31/2014,YKM,WA,ANM,WE,Federal Contract Tower,3,4,7,0,14,0,1,37,0,38,3,5,44,0,52,17,0,17,69
06/01/2014,YKM,WA,ANM,WE,Federal Contract Tower,5,0,7,0,12,0,0,33,2,35,5,0,40,2,47,20,0,20,67
06/02/2014,YKM,WA,ANM,WE,Federal Contract Tower,5,5,13,2,25,0,0,36,3,39,5,5,49,5,64,8,11,19,83
06/03/2014,YKM,WA,ANM,WE,Federal Contract Tower,5,11,21,10,47,0,2,36,2,40,5,13,57,12,87,10,24,34,121
06/04/2014,YKM,WA,ANM,WE,Federal Contract Tower,5,13,15,3,36,0,3,45,5,53,5,16,60,8,89,63,0,63,152
06/05/2014,YKM,WA,ANM,WE,Federal Contract Tower,4,9,11,2,26,0,2,38,2,42,4,11,49,4,68,6,0,6,74
06/06/2014,YKM,WA,ANM,WE,Federal Contract Tower,4,7,25,3,39,0,3,55,1,59,4,10,80,4,98,54,0,54,152
06/07/2014,YKM,WA,ANM,WE,Federal Contract Tower,6,5,9,3,23,0,0,45,1,46,6,5,54,4,69,33,0,33,102
06/08/2014,YKM,WA,ANM,WE,Federal Contract Tower,4,0,9,3,16,0,1,35,1,37,4,1,44,4,53,10,0,10,63
06/09/2014,YKM,WA,ANM,WE,Federal Contract Tower,5,7,11,0,23,0,1,24,0,25,5,8,35,0,48,32,0,32,80
06/10/2014,YKM,WA,ANM,WE,Federal Contract Tower,5,8,12,3,28,0,0,26,3,29,5,8,38,6,57,10,0,10,67
06/11/2014,YKM,WA,ANM,WE,Federal Contract Tower,7,9,9,2,27,0,1,37,2,40,7,10,46,4,67,38,0,38,105
06/12/2014,YKM,WA,ANM,WE,Federal Contract Tower,5,7,11,5,28,0,3,25,5,33,5,10,36,10,61,4,0,4,65
06/13/2014,YKM,WA,ANM,WE,Federal Contract Tower,5,8,19,1,33,0,0,18,1,19,5,8,37,2,52,2,0,2,54
06/14/2014,YKM,WA,ANM,WE,Federal Contract Tower,4,5,3,0,12,0,0,38,2,40,4,5,41,2,52,2,4,6,58
06/15/2014,YKM,WA,ANM,WE,Federal Contract Tower,5,0,4,0,9,0,0,8,0,8,5,0,12,0,17,4,0,4,21
06/16/2014,YKM,WA,ANM,WE,Federal Contract Tower,5,4,12,7,28,0,1,19,3,23,5,5,31,10,51,32,0,32,83
06/17/2014,YKM,WA,ANM,WE,Federal Contract Tower,4,9,17,0,30,0,0,28,0,28,4,9,45,0,58,60,0,60,118
06/18/2014,YKM,WA,ANM,WE,Federal Contract Tower,4,11,14,4,33,0,0,31,7,38,4,11,45,11,71,6,0,6,77
06/19/2014,YKM,WA,ANM,WE,Federal Contract Tower,4,11,6,0,21,0,1,77,0,78,4,12,83,0,99,18,0,18,117
06/20/2014,YKM,WA,ANM,WE,Federal Contract Tower,5,11,18,0,34,0,0,48,0,48,5,11,66,0,82,8,0,8,90
06/21/2014,YKM,WA,ANM,WE,Federal Contract Tower,3,2,0,0,5,0,2,41,2,45,3,4,41,2,50,6,0,6,56
06/22/2014,YKM,WA,ANM,WE,Federal Contract Tower,4,0,10,0,14,0,0,51,0,51,4,0,61,0,65,18,0,18,83
06/23/2014,YKM,WA,ANM,WE,Federal Contract Tower,5,5,20,5,35,0,2,41,2,45,5,7,61,7,80,12,0,12,92
06/24/2014,YKM,WA,ANM,WE,Federal Contract Tower,4,8,10,3,25,0,1,23,1,25,4,9,33,4,50,44,0,44,94
06/25/2014,YKM,WA,ANM,WE,Federal Contract Tower,5,13,17,0,35,0,1,47,0,48,5,14,64,0,83,20,0,20,103
06/26/2014,YKM,WA,ANM,WE,Federal Contract Tower,5,11,11,7,34,0,0,35,4,39,5,11,46,11,73,46,0,46,119
06/27/2014,YKM,WA,ANM,WE,Federal Contract Tower,4,11,11,0,26,0,0,29,2,31,4,11,40,2,57,82,0,82,139
06/28/2014,YKM,WA,ANM,WE,Federal Contract Tower,3,6,7,2,18,0,1,40,2,43,3,7,47,4,61,34,0,34,95
06/29/2014,YKM,WA,ANM,WE,Federal Contract Tower,5,1,9,0,15,0,0,28,2,30,5,1,37,2,45,12,0,12,57
06/30/2014,YKM,WA,ANM,WE,Federal Contract Tower,5,7,24,0,36,0,0,44,0,44,5,7,68,0,80,20,0,20,100
07/01/2014,YKM,WA,ANM,WE,Federal Contract Tower,5,10,16,4,35,0,5,39,0,44,5,15,55,4,79,94,0,94,173
07/02/2014,YKM,WA,ANM,WE,Federal Contract Tower,5,9,23,1,38,0,1,40,3,44,5,10,63,4,82,18,0,18,100
07/03/2014,YKM,WA,ANM,WE,Federal Contract Tower,5,12,22,0,39,0,0,34,0,34,5,12,56,0,73,18,0,18,91
07/04/2014,YKM,WA,ANM,WE,Federal Contract Tower,5,2,4,0,11,0,2,26,0,28,5,4,30,0,39,16,0,16,55
07/05/2014,YKM,WA,ANM,WE,Federal Contract Tower,3,7,12,0,22,0,4,31,0,35,3,11,43,0,57,10,0,10,67
07/06/2014,YKM,WA,ANM,WE,Federal Contract Tower,7,1,8,0,16,0,0,28,0,28,7,1,36,0,44,17,0,17,61
07/07/2014,YKM,WA,ANM,WE,Federal Contract Tower,4,6,13,3,26,0,0,44,1,45,4,6,57,4,71,32,0,32,103
07/08/2014,YKM,WA,ANM,WE,Federal Contract Tower,5,10,33,9,57,0,2,55,3,60,5,12,88,12,117,26,0,26,143
07/09/2014,YKM,WA,ANM,WE,Federal Contract Tower,7,11,30,5,53,0,1,63,2,66,7,12,93,7,119,30,0,30,149
07/10/2014,YKM,WA,ANM,WE,Federal Contract Tower,4,9,19,13,45,0,0,44,4,48,4,9,63,17,93,4,4,8,101
07/11/2014,YKM,WA,ANM,WE,Federal Contract Tower,5,11,8,2,26,0,4,57,2,63,5,15,65,4,89,84,0,84,173
07/12/2014,YKM,WA,ANM,WE,Federal Contract Tower,4,4,2,0,10,0,2,28,2,32,4,6,30,2,42,27,0,27,69
07/13/2014,YKM,WA,ANM,WE,Federal Contract Tower,4,2,9,1,16,0,1,35,1,37,4,3,44,2,53,36,0,36,89
07/14/2014,YKM,WA,ANM,WE,Federal Contract Tower,6,8,10,0,24,0,1,22,0,23,6,9,32,0,47,18,6,24,71
07/15/2014,YKM,WA,ANM,WE,Federal Contract Tower,5,11,6,0,22,0,0,51,2,53,5,11,57,2,75,28,2,30,105
07/16/2014,YKM,WA,ANM,WE,Federal Contract Tower,5,11,24,1,41,0,0,32,1,33,5,11,56,2,74,20,0,20,94
07/17/2014,YKM,WA,ANM,WE,Federal Contract Tower,5,13,11,0,29,0,0,42,0,42,5,13,53,0,71,12,0,12,83
07/18/2014,YKM,WA,ANM,WE,Federal Contract Tower,7,10,12,0,29,0,1,41,0,42,7,11,53,0,71,10,0,10,81
07/19/2014,YKM,WA,ANM,WE,Federal Contract Tower,3,5,13,0,21,0,2,40,0,42,3,7,53,0,63,24,0,24,87
07/20/2014,YKM,WA,ANM,WE,Federal Contract Tower,4,0,8,0,12,0,3,33,0,36,4,3,41,0,48,32,0,32,80
07/21/2014,YKM,WA,ANM,WE,Federal Contract Tower,5,6,15,1,27,0,0,46,1,47,5,6,61,2,74,29,26,55,129
07/22/2014,YKM,WA,ANM,WE,Federal Contract Tower,4,11,7,2,24,0,0,31,0,31,4,11,38,2,55,16,2,18,73
07/23/2014,YKM,WA,ANM,WE,Federal Contract Tower,4,11,16,5,36,0,0,30,1,31,4,11,46,6,67,35,0,35,102
07/24/2014,YKM,WA,ANM,WE,Federal Contract Tower,5,8,25,2,40,0,3,41,0,44,5,11,66,2,84,16,0,16,100
07/25/2014,YKM,WA,ANM,WE,Federal Contract Tower,5,8,13,0,26,0,2,46,2,50,5,10,59,2,76,88,0,88,164
07/26/2014,YKM,WA,ANM,WE,Federal Contract Tower,5,4,6,0,15,0,1,45,0,46,5,5,51,0,61,26,0,26,87
07/27/2014,YKM,WA,ANM,WE,Federal Contract Tower,4,0,18,0,22,0,0,53,0,53,4,0,71,0,75,24,0,24,99
07/28/2014,YKM,WA,ANM,WE,Federal Contract Tower,4,5,9,0,18,0,0,29,0,29,4,5,38,0,47,12,0,12,59
07/29/2014,YKM,WA,ANM,WE,Federal Contract Tower,5,12,21,1,39,0,0,36,1,37,5,12,57,2,76,18,0,18,94
07/30/2014,YKM,WA,ANM,WE,Federal Contract Tower,7,9,24,1,41,0,2,42,1,45,7,11,66,2,86,31,0,31,117
07/31/2014,YKM,WA,ANM,WE,Federal Contract Tower,5,10,15,1,31,0,0,25,1,26,5,10,40,2,57,32,0,32,89
08/01/2014,YKM,WA,ANM,WE,Federal Contract Tower,5,10,9,2,26,0,1,41,0,42,5,11,50,2,68,54,0,54,122
08/02/2014,YKM,WA,ANM,WE,Federal Contract Tower,5,4,4,0,13,0,2,26,0,28,5,6,30,0,41,28,0,28,69
08/03/2014,YKM,WA,ANM,WE,Federal Contract Tower,5,0,4,0,9,0,0,37,0,37,5,0,41,0,46,26,0,26,72
08/04/2014,YKM,WA,ANM,WE,Federal Contract Tower,5,5,9,0,19,0,1,30,0,31,5,6,39,0,50,21,0,21,71
08/05/2014,YKM,WA,ANM,WE,Federal Contract Tower,5,8,12,0,25,0,2,37,0,39,5,10,49,0,64,40,0,40,104
08/06/2014,YKM,WA,ANM,WE,Federal Contract Tower,5,10,20,0,35,0,2,41,0,43,5,12,61,0,78,40,0,40,118
08/07/2014,YKM,WA,ANM,WE,Federal Contract Tower,5,11,9,2,27,0,0,33,2,35,5,11,42,4,62,16,0,16,78
08/08/2014,YKM,WA,ANM,WE,Federal Contract Tower,5,8,5,0,18,0,2,40,0,42,5,10,45,0,60,71,0,71,131
08/09/2014,YKM,WA,ANM,WE,Federal Contract Tower,4,4,4,0,12,0,1,72,0,73,4,5,76,0,85,44,0,44,129
08/10/2014,YKM,WA,ANM,WE,Federal Contract Tower,4,1,5,0,10,0,0,29,0,29,4,1,34,0,39,32,0,32,71
08/11/2014,YKM,WA,ANM,WE,Federal Contract Tower,5,5,10,0,20,0,0,38,2,40,5,5,48,2,60,40,0,40,100
08/12/2014,YKM,WA,ANM,WE,Federal Contract Tower,4,11,10,1,26,0,0,31,1,32,4,11,41,2,58,10,0,10,68
08/13/2014,YKM,WA,ANM,WE,Federal Contract Tower,5,11,10,0,26,0,0,32,0,32,5,11,42,0,58,15,0,15,73
08/14/2014,YKM,WA,ANM,WE,Federal Contract Tower,5,12,9,2,28,0,2,29,0,31,5,14,38,2,59,24,0,24,83
08/15/2014,YKM,WA,ANM,WE,Federal Contract Tower,5,12,9,2,28,0,3,31,2,36,5,15,40,4,64,60,0,60,124
08/16/2014,YKM,WA,ANM,WE,Federal Contract Tower,4,7,10,3,24,0,2,47,3,52,4,9,57,6,76,23,0,23,99
08/17/2014,YKM,WA,ANM,WE,Federal Contract Tower,5,3,11,0,19,0,0,43,0,43,5,3,54,0,62,36,0,36,98
08/18/2014,YKM,WA,ANM,WE,Federal Contract Tower,4,5,9,1,19,0,1,52,1,54,4,6,61,2,73,16,14,30,103
08/19/2014,YKM,WA,ANM,WE,Federal Contract Tower,5,10,8,0,23,0,1,39,0,40,5,11,47,0,63,16,0,16,79
08/20/2014,YKM,WA,ANM,WE,Federal Contract Tower,5,14,10,1,30,0,0,23,2,25,5,14,33,3,55,18,0,18,73
08/21/2014,YKM,WA,ANM,WE,Federal Contract Tower,7,10,16,0,33,0,0,50,0,50,7,10,66,0,83,54,2,56,139
08/22/2014,YKM,WA,ANM,WE,Federal Contract Tower,5,9,14,2,30,0,1,31,0,32,5,10,45,2,62,33,8,41,103
08/23/2014,YKM,WA,ANM,WE,Federal Contract Tower,4,7,7,0,18,0,1,36,0,37,4,8,43,0,55,99,0,99,154
08/24/2014,YKM,WA,ANM,WE,Federal Contract Tower,2,2,8,0,12,0,1,38,0,39,2,3,46,0,51,44,0,44,95
08/25/2014,YKM,WA,ANM,WE,Federal Contract Tower,4,5,11,0,20,0,0,49,0,49,4,5,60,0,69,32,0,32,101
08/26/2014,YKM,WA,ANM,WE,Federal Contract Tower,2,11,7,0,20,0,0,47,0,47,2,11,54,0,67,6,0,6,73
08/27/2014,YKM,WA,ANM,WE,Federal Contract Tower,5,10,24,0,39,0,1,24,0,25,5,11,48,0,64,4,0,4,68
08/28/2014,YKM,WA,ANM,WE,Federal Contract Tower,4,10,5,0,19,0,0,47,0,47,4,10,52,0,66,18,0,18,84
08/29/2014,YKM,WA,ANM,WE,Federal Contract Tower,5,9,13,0,27,0,1,48,0,49,5,10,61,0,76,44,0,44,120
08/30/2014,YKM,WA,ANM,WE,Federal Contract Tower,3,3,5,3,14,0,2,27,1,30,3,5,32,4,44,41,0,41,85
08/31/2014,YKM,WA,ANM,WE,Federal Contract Tower,2,3,6,0,11,0,0,21,0,21,2,3,27,0,32,24,0,24,56
09/01/2014,YKM,WA,ANM,WE,Federal Contract Tower,4,1,10,0,15,0,2,39,0,41,4,3,49,0,56,46,0,46,102
09/02/2014,YKM,WA,ANM,WE,Federal Contract Tower,2,8,4,2,16,0,2,29,4,35,2,10,33,6,51,16,0,16,67
09/03/2014,YKM,WA,ANM,WE,Federal Contract Tower,5,12,15,4,36,0,1,24,0,25,5,13,39,4,61,32,0,32,93
09/04/2014,YKM,WA,ANM,WE,Federal Contract Tower,5,10,8,1,24,0,2,56,4,62,5,12,64,5,86,20,8,28,114
09/05/2014,YKM,WA,ANM,WE,Federal Contract Tower,4,12,11,5,32,0,1,67,1,69,4,13,78,6,101,50,0,50,151
09/06/2014,YKM,WA,ANM,WE,Federal Contract Tower,4,4,9,1,18,0,2,55,6,63,4,6,64,7,81,54,0,54,135
09/07/2014,YKM,WA,ANM,WE,Federal Contract Tower,5,3,8,0,16,0,0,33,0,33,5,3,41,0,49,30,0,30,79
09/08/2014,YKM,WA,ANM,WE,Federal Contract Tower,6,7,11,2,26,0,1,29,2,32,6,8,40,4,58,16,0,16,74
09/09/2014,YKM,WA,ANM,WE,Federal Contract Tower,3,15,7,1,26,0,5,52,1,58,3,20,59,2,84,32,0,32,116
09/10/2014,YKM,WA,ANM,WE,Federal Contract Tower,5,12,11,1,29,0,0,55,3,58,5,12,66,4,87,153,0,153,240
09/11/2014,YKM,WA,ANM,WE,Federal Contract Tower,7,12,8,1,28,0,1,50,1,52,7,13,58,2,80,96,0,96,176
09/12/2014,YKM,WA,ANM,WE,Federal Contract Tower,5,6,15,0,26,0,0,79,0,79,5,6,94,0,105,105,0,105,210
09/13/2014,YKM,WA,ANM,WE,Federal Contract Tower,4,5,7,0,16,0,3,56,0,59,4,8,63,0,75,10,0,10,85
09/14/2014,YKM,WA,ANM,WE,Federal Contract Tower,5,1,12,0,18,0,0,40,2,42,5,1,52,2,60,18,0,18,78
09/15/2014,YKM,WA,ANM,WE,Federal Contract Tower,5,6,17,0,28,0,0,31,1,32,5,6,48,1,60,32,0,32,92
09/16/2014,YKM,WA,ANM,WE,Federal Contract Tower,3,11,5,1,20,0,1,26,1,28,3,12,31,2,48,76,0,76,124
09/17/2014,YKM,WA,ANM,WE,Federal Contract Tower,5,12,16,1,34,0,0,53,1,54,5,12,69,2,88,32,0,32,120
09/18/2014,YKM,WA,ANM,WE,Federal Contract Tower,5,10,13,2,30,0,1,34,7,42,5,11,47,9,72,62,0,62,134
09/19/2014,YKM,WA,ANM,WE,Federal Contract Tower,5,11,12,1,29,0,4,42,1,47,5,15,54,2,76,13,0,13,89
09/20/2014,YKM,WA,ANM,WE,Federal Contract Tower,3,9,8,1,21,0,2,59,1,62,3,11,67,2,83,68,0,68,151
09/21/2014,YKM,WA,ANM,WE,Federal Contract Tower,4,3,9,0,16,0,0,46,0,46,4,3,55,0,62,54,0,54,116
09/22/2014,YKM,WA,ANM,WE,Federal Contract Tower,5,6,11,1,23,0,2,26,0,28,5,8,37,1,51,31,0,31,82
09/23/2014,YKM,WA,ANM,WE,Federal Contract Tower,2,15,8,0,25,0,2,30,0,32,2,17,38,0,57,60,2,62,119
09/24/2014,YKM,WA,ANM,WE,Federal Contract Tower,4,15,11,4,34,0,0,25,2,27,4,15,36,6,61,48,12,60,121
09/25/2014,YKM,WA,ANM,WE,Federal Contract Tower,5,10,14,1,30,0,0,37,1,38,5,10,51,2,68,24,0,24,92
09/26/2014,YKM,WA,ANM,WE,Federal Contract Tower,4,12,24,0,40,0,0,32,0,32,4,12,56,0,72,55,0,55,127
09/27/2014,YKM,WA,ANM,WE,Federal Contract Tower,4,4,10,0,18,0,2,43,0,45,4,6,53,0,63,35,0,35,98
09/28/2014,YKM,WA,ANM,WE,Federal Contract Tower,7,1,6,0,14,0,0,36,2,38,7,1,42,2,52,44,0,44,96
09/29/2014,YKM,WA,ANM,WE,Federal Contract Tower,5,7,8,1,21,0,1,14,1,16,5,8,22,2,37,26,0,26,63
09/30/2014,YKM,WA,ANM,WE,Federal Contract Tower,3,16,10,0,29,0,2,23,4,29,3,18,33,4,58,20,4,24,82
10/01/2014,YKM,WA,ANM,WE,Federal Contract Tower,5,14,22,5,46,0,1,45,1,47,5,15,67,6,93,8,0,8,101
10/02/2014,YKM,WA,ANM,WE,Federal Contract Tower,7,8,10,2,27,0,1,34,6,41,7,9,44,8,68,69,16,85,153
10/03/2014,YKM,WA,ANM,WE,Federal Contract Tower,5,8,16,5,34,0,2,47,1,50,5,10,63,6,84,64,0,64,148
10/04/2014,YKM,WA,ANM,WE,Federal Contract Tower,4,6,16,1,27,0,2,36,5,43,4,8,52,6,70,62,0,62,132
10/05/2014,YKM,WA,ANM,WE,Federal Contract Tower,5,1,7,3,16,0,0,57,1,58,5,1,64,4,74,38,0,38,112
10/06/2014,YKM,WA,ANM,WE,Federal Contract Tower,4,5,9,0,18,0,0,30,0,30,4,5,39,0,48,22,0,22,70
10/07/2014,YKM,WA,ANM,WE,Federal Contract Tower,3,12,26,0,41,0,1,44,0,45,3,13,70,0,86,33,8,41,127
10/08/2014,YKM,WA,ANM,WE,Federal Contract Tower,5,10,15,9,39,0,0,37,5,42,5,10,52,14,81,24,14,38,119
10/09/2014,YKM,WA,ANM,WE,Federal Contract Tower,4,10,14,0,28,0,0,38,2,40,4,10,52,2,68,44,8,52,120
10/10/2014,YKM,WA,ANM,WE,Federal Contract Tower,5,11,13,0,29,0,2,39,2,43,5,13,52,2,72,34,0,34,106
10/11/2014,YKM,WA,ANM,WE,Federal Contract Tower,4,6,3,0,13,0,3,12,0,15,4,9,15,0,28,26,0,26,54
10/12/2014,YKM,WA,ANM,WE,Federal Contract Tower,3,0,11,0,14,0,0,0,0,0,3,0,11,0,14,14,8,22,36
10/13/2014,YKM,WA,ANM,WE,Federal Contract Tower,5,7,9,0,21,0,0,14,0,14,5,7,23,0,35,24,0,24,59
10/14/2014,YKM,WA,ANM,WE,Federal Contract Tower,3,8,18,3,32,0,0,17,5,22,3,8,35,8,54,40,12,52,106
10/15/2014,YKM,WA,ANM,WE,Federal Contract Tower,5,11,14,0,30,0,0,9,0,9,5,11,23,0,39,0,0,0,39
10/16/2014,YKM,WA,ANM,WE,Federal Contract Tower,5,11,15,0,31,0,0,52,5,57,5,11,67,5,88,44,0,44,132
10/17/2014,YKM,WA,ANM,WE,Federal Contract Tower,5,10,17,0,32,0,2,22,0,24,5,12,39,0,56,22,0,22,78
10/18/2014,YKM,WA,ANM,WE,Federal Contract Tower,4,3,11,0,18,0,2,37,4,43,4,5,48,4,61,67,2,69,130
10/19/2014,YKM,WA,ANM,WE,Federal Contract Tower,5,0,11,0,16,0,1,25,0,26,5,1,36,0,42,70,10,80,122
10/20/2014,YKM,WA,ANM,WE,Federal Contract Tower,5,5,13,6,29,0,0,20,1,21,5,5,33,7,50,40,9,49,99
10/21/2014,YKM,WA,ANM,WE,Federal Contract Tower,3,11,15,2,31,0,1,25,0,26,3,12,40,2,57,17,0,17,74
10/22/2014,YKM,WA,ANM,WE,Federal Contract Tower,5,15,17,1,38,0,1,19,3,23,5,16,36,4,61,18,0,18,79
10/23/2014,YKM,WA,ANM,WE,Federal Contract Tower,5,12,6,0,23,0,0,13,0,13,5,12,19,0,36,22,0,22,58
10/24/2014,YKM,WA,ANM,WE,Federal Contract Tower,5,10,19,3,37,0,1,25,5,31,5,11,44,8,68,40,2,42,110
10/25/2014,YKM,WA,ANM,WE,Federal Contract Tower,4,6,10,0,20,0,1,10,0,11,4,7,20,0,31,30,0,30,61
10/26/2014,YKM,WA,ANM,WE,Federal Contract Tower,5,0,10,0,15,0,0,16,0,16,5,0,26,0,31,16,0,16,47
10/27/2014,YKM,WA,ANM,WE,Federal Contract Tower,5,5,9,7,26,0,0,38,3,41,5,5,47,10,67,22,12,34,101
10/28/2014,YKM,WA,ANM,WE,Federal Contract Tower,3,10,16,3,32,0,0,8,1,9,3,10,24,4,41,6,0,6,47
10/29/2014,YKM,WA,ANM,WE,Federal Contract Tower,6,9,16,0,31,0,1,28,0,29,6,10,44,0,60,42,0,42,102
10/30/2014,YKM,WA,ANM,WE,Federal Contract Tower,5,12,8,1,26,0,0,10,3,13,5,12,18,4,39,20,0,20,59
10/31/2014,YKM,WA,ANM,WE,Federal Contract Tower,5,10,8,0,23,0,0,4,0,4,5,10,12,0,27,0,0,0,27
11/01/2014,YKM,WA,ANM,WE,Federal Contract Tower,4,5,7,0,16,0,0,20,0,20,4,5,27,0,36,86,0,86,122
11/02/2014,YKM,WA,ANM,WE,Federal Contract Tower,5,1,10,0,16,0,0,43,0,43,5,1,53,0,59,32,0,32,91
11/03/2014,YKM,WA,ANM,WE,Federal Contract Tower,5,5,8,1,19,0,0,20,1,21,5,5,28,2,40,2,0,2,42
11/04/2014,YKM,WA,ANM,WE,Federal Contract Tower,5,9,13,2,29,0,1,18,2,21,5,10,31,4,50,54,0,54,104
11/05/2014,YKM,WA,ANM,WE,Federal Contract Tower,5,9,14,8,36,0,1,24,4,29,5,10,38,12,65,27,4,31,96
11/06/2014,YKM,WA,ANM,WE,Federal Contract Tower,5,8,7,0,20,0,3,12,0,15,5,11,19,0,35,22,0,22,57
11/07/2014,YKM,WA,ANM,WE,Federal Contract Tower,4,9,13,0,26,0,2,47,4,53,4,11,60,4,79,88,6,94,173
11/08/2014,YKM,WA,ANM,WE,Federal Contract Tower,4,5,6,0,15,0,2,55,0,57,4,7,61,0,72,88,0,88,160
11/09/2014,YKM,WA,ANM,WE,Federal Contract Tower,5,0,8,0,13,0,9,0,0,9,5,9,8,0,22,6,0,6,28
11/10/2014,YKM,WA,ANM,WE,Federal Contract Tower,5,7,7,1,20,0,0,37,1,38,5,7,44,2,58,80,0,80,138
11/11/2014,YKM,WA,ANM,WE,Federal Contract Tower,4,14,6,0,24,0,4,7,0,11,4,18,13,0,35,1,0,1,36
11/12/2014,YKM,WA,ANM,WE,Federal Contract Tower,5,15,16,5,41,0,0,17,3,20,5,15,33,8,61,7,0,7,68
11/13/2014,YKM,WA,ANM,WE,Federal Contract Tower,5,16,5,0,26,0,0,10,2,12,5,16,15,2,38,8,0,8,46
11/14/2014,YKM,WA,ANM,WE,Federal Contract Tower,7,12,18,2,39,0,0,35,4,39,7,12,53,6,78,102,4,106,184
11/15/2014,YKM,WA,ANM,WE,Federal Contract Tower,4,8,8,0,20,0,3,47,0,50,4,11,55,0,70,60,0,60,130
11/16/2014,YKM,WA,ANM,WE,Federal Contract Tower,5,3,16,0,24,0,0,29,2,31,5,3,45,2,55,20,0,20,75
11/17/2014,YKM,WA,ANM,WE,Federal Contract Tower,6,4,9,3,22,0,1,37,2,40,6,5,46,5,62,16,0,16,78
11/18/2014,YKM,WA,ANM,WE,Federal Contract Tower,5,13,9,2,29,0,1,22,3,26,5,14,31,5,55,14,0,14,69
11/19/2014,YKM,WA,ANM,WE,Federal Contract Tower,5,12,16,1,34,0,0,21,4,25,5,12,37,5,59,6,10,16,75
11/20/2014,YKM,WA,ANM,WE,Federal Contract Tower,5,11,10,3,29,0,1,14,1,16,5,12,24,4,45,8,10,18,63
11/21/2014,YKM,WA,ANM,WE,Federal Contract Tower,5,13,17,0,35,0,0,0,0,0,5,13,17,0,35,0,0,0,35
11/22/2014,YKM,WA,ANM,WE,Federal Contract Tower,4,3,3,1,11,0,2,27,1,30,4,5,30,2,41,18,0,18,59
11/23/2014,YKM,WA,ANM,WE,Federal Contract Tower,5,2,12,0,19,0,0,15,0,15,5,2,27,0,34,18,0,18,52
11/24/2014,YKM,WA,ANM,WE,Federal Contract Tower,5,7,22,13,47,0,1,32,6,39,5,8,54,19,86,19,0,19,105
11/25/2014,YKM,WA,ANM,WE,Federal Contract Tower,5,9,20,10,44,0,1,4,2,7,5,10,24,12,51,11,10,21,72
11/26/2014,YKM,WA,ANM,WE,Federal Contract Tower,5,15,9,0,29,0,0,2,0,2,5,15,11,0,31,20,0,20,51
11/27/2014,YKM,WA,ANM,WE,Federal Contract Tower,3,1,4,0,8,0,0,1,0,1,3,1,5,0,9,2,0,2,11
11/28/2014,YKM,WA,ANM,WE,Federal Contract Tower,5,10,10,0,25,0,0,1,0,1,5,10,11,0,26,18,0,18,44
11/29/2014,YKM,WA,ANM,WE,Federal Contract Tower,3,6,7,0,16,0,2,9,0,11,3,8,16,0,27,32,0,32,59
11/30/2014,YKM,WA,ANM,WE,Federal Contract Tower,5,6,13,0,24,0,0,32,0,32,5,6,45,0,56,60,0,60,116
12/01/2014,YKM,WA,ANM,WE,Federal Contract Tower,5,6,12,2,25,0,0,16,0,16,5,6,28,2,41,24,0,24,65
12/02/2014,YKM,WA,ANM,WE,Federal Contract Tower,5,7,8,1,21,0,1,21,1,23,5,8,29,2,44,11,0,11,55
12/03/2014,YKM,WA,ANM,WE,Federal Contract Tower,5,10,17,3,35,0,1,12,3,16,5,11,29,6,51,34,20,54,105
12/04/2014,YKM,WA,ANM,WE,Federal Contract Tower,7,11,9,0,27,0,1,1,0,2,7,12,10,0,29,0,0,0,29
12/05/2014,YKM,WA,ANM,WE,Federal Contract Tower,5,13,12,0,30,0,0,5,2,7,5,13,17,2,37,16,14,30,67
12/06/2014,YKM,WA,ANM,WE,Federal Contract Tower,4,5,3,0,12,0,0,10,0,10,4,5,13,0,22,8,0,8,30
12/07/2014,YKM,WA,ANM,WE,Federal Contract Tower,7,1,13,0,21,0,0,3,2,5,7,1,16,2,26,16,4,20,46
12/08/2014,YKM,WA,ANM,WE,Federal Contract Tower,5,7,11,6,29,0,0,21,2,23,5,7,32,8,52,49,0,49,101
12/09/2014,YKM,WA,ANM,WE,Federal Contract Tower,5,11,9,0,25,0,0,4,4,8,5,11,13,4,33,0,0,0,33
12/10/2014,YKM,WA,ANM,WE,Federal Contract Tower,5,8,6,0,19,0,0,0,0,0,5,8,6,0,19,0,0,0,19
12/11/2014,YKM,WA,ANM,WE,Federal Contract Tower,5,11,11,1,28,0,0,10,5,15,5,11,21,6,43,22,12,34,77
12/12/2014,YKM,WA,ANM,WE,Federal Contract Tower,5,10,20,0,35,0,1,31,8,40,5,11,51,8,75,95,14,109,184
12/13/2014,YKM,WA,ANM,WE,Federal Contract Tower,3,4,11,0,18,0,2,56,5,63,3,6,67,5,81,58,2,60,141
12/14/2014,YKM,WA,ANM,WE,Federal Contract Tower,5,3,18,1,27,0,2,34,6,42,5,5,52,7,69,116,2,118,187
12/15/2014,YKM,WA,ANM,WE,Federal Contract Tower,5,10,13,6,34,0,1,34,6,41,5,11,47,12,75,26,12,38,113
12/16/2014,YKM,WA,ANM,WE,Federal Contract Tower,4,13,9,1,27,0,0,8,2,10,4,13,17,3,37,4,0,4,41
12/17/2014,YKM,WA,ANM,WE,Federal Contract Tower,5,13,18,2,38,0,0,0,3,3,5,13,18,5,41,18,10,28,69
12/18/2014,YKM,WA,ANM,WE,Federal Contract Tower,5,15,9,4,33,0,0,5,3,8,5,15,14,7,41,100,5,105,146
12/19/2014,YKM,WA,ANM,WE,Federal Contract Tower,5,17,10,9,41,0,0,6,0,6,5,17,16,9,47,104,2,106,153
12/20/2014,YKM,WA,ANM,WE,Federal Contract Tower,4,12,10,0,26,0,0,4,0,4,4,12,14,0,30,12,0,12,42
12/21/2014,YKM,WA,ANM,WE,Federal Contract Tower,4,2,8,0,14,0,0,10,0,10,4,2,18,0,24,34,0,34,58
12/22/2014,YKM,WA,ANM,WE,Federal Contract Tower,6,7,6,5,24,0,1,33,2,36,6,8,39,7,60,90,14,104,164
12/23/2014,YKM,WA,ANM,WE,Federal Contract Tower,5,12,13,0,30,0,1,29,0,30,5,13,42,0,60,92,0,92,152
12/24/2014,YKM,WA,ANM,WE,Federal Contract Tower,5,15,6,0,26,0,2,0,0,2,5,17,6,0,28,6,0,6,34
12/25/2014,YKM,WA,ANM,WE,Federal Contract Tower,5,2,2,0,9,0,0,5,0,5,5,2,7,0,14,2,0,2,16
12/26/2014,YKM,WA,ANM,WE,Federal Contract Tower,5,10,4,0,19,0,0,18,0,18,5,10,22,0,37,34,0,34,71
12/27/2014,YKM,WA,ANM,WE,Federal Contract Tower,4,3,1,0,8,0,2,25,0,27,4,5,26,0,35,110,0,110,145
12/28/2014,YKM,WA,ANM,WE,Federal Contract Tower,7,3,6,0,16,0,0,10,0,10,7,3,16,0,26,14,0,14,40
12/29/2014,YKM,WA,ANM,WE,Federal Contract Tower,5,8,12,3,28,0,0,6,2,8,5,8,18,5,36,23,6,29,65
12/30/2014,YKM,WA,ANM,WE,Federal Contract Tower,7,8,6,2,23,0,0,30,0,30,7,8,36,2,53,54,0,54,107
12/31/2014,YKM,WA,ANM,WE,Federal Contract Tower,5,10,7,0,22,0,0,21,0,21,5,10,28,0,43,2,0,2,45
01/01/2015,YKM,WA,ANM,WE,Federal Contract Tower,3,1,7,0,11,0,0,17,0,17,3,1,24,0,28,10,0,10,38
01/02/2015,YKM,WA,ANM,WE,Federal Contract Tower,4,11,12,0,27,0,2,16,0,18,4,13,28,0,45,59,0,59,104
01/03/2015,YKM,WA,ANM,WE,Federal Contract Tower,4,6,17,0,27,0,2,24,0,26,4,8,41,0,53,66,0,66,119
01/04/2015,YKM,WA,ANM,WE,Federal Contract Tower,5,1,10,0,16,0,0,0,0,0,5,1,10,0,16,0,0,0,16
01/05/2015,YKM,WA,ANM,WE,Federal Contract Tower,5,5,6,1,17,0,0,17,1,18,5,5,23,2,35,58,0,58,93
01/06/2015,YKM,WA,ANM,WE,Federal Contract Tower,5,10,7,2,24,0,1,39,0,40,5,11,46,2,64,132,0,132,196
01/07/2015,YKM,WA,ANM,WE,Federal Contract Tower,5,9,19,10,43,0,0,23,0,23,5,9,42,10,66,58,0,58,124
01/08/2015,YKM,WA,ANM,WE,Federal Contract Tower,4,7,2,0,13,0,0,0,0,0,4,7,2,0,13,0,0,0,13
01/09/2015,YKM,WA,ANM,WE,Federal Contract Tower,7,13,22,0,42,0,0,31,0,31,7,13,53,0,73,138,0,138,211
01/10/2015,YKM,WA,ANM,WE,Federal Contract Tower,4,6,10,0,20,0,0,0,0,0,4,6,10,0,20,146,0,146,166
01/11/2015,YKM,WA,ANM,WE,Federal Contract Tower,5,3,7,0,15,0,0,0,0,0,5,3,7,0,15,50,0,50,65
01/12/2015,YKM,WA,ANM,WE,Federal Contract Tower,4,6,8,3,21,0,0,21,4,25,4,6,29,7,46,74,3,77,123
01/13/2015,YKM,WA,ANM,WE,Federal Contract Tower,5,10,11,0,26,0,0,14,2,16,5,10,25,2,42,114,16,130,172
01/14/2015,YKM,WA,ANM,WE,Federal Contract Tower,7,12,10,3,32,0,0,9,1,10,7,12,19,4,42,66,0,66,108
01/15/2015,YKM,WA,ANM,WE,Federal Contract Tower,5,10,12,2,29,0,0,7,2,9,5,10,19,4,38,14,0,14,52
01/16/2015,YKM,WA,ANM,WE,Federal Contract Tower,3,18,19,0,40,0,0,0,0,0,3,18,19,0,40,0,0,0,40
01/17/2015,YKM,WA,ANM,WE,Federal Contract Tower,5,7,10,0,22,0,0,4,0,4,5,7,14,0,26,12,0,12,38
01/18/2015,YKM,WA,ANM,WE,Federal Contract Tower,7,1,6,0,14,0,0,8,0,8,7,1,14,0,22,26,0,26,48
01/19/2015,YKM,WA,ANM,WE,Federal Contract Tower,5,7,13,0,25,0,0,46,2,48,5,7,59,2,73,32,0,32,105
01/20/2015,YKM,WA,ANM,WE,Federal Contract Tower,5,12,8,2,27,0,1,47,5,53,5,13,55,7,80,127,6,133,213
01/21/2015,YKM,WA,ANM,WE,Federal Contract Tower,5,15,15,2,37,1,0,6,0,7,6,15,21,2,44,4,0,4,48
01/22/2015,YKM,WA,ANM,WE,Federal Contract Tower,7,12,8,0,27,0,0,1,0,1,7,12,9,0,28,96,0,96,124
01/23/2015,YKM,WA,ANM,WE,Federal Contract Tower,5,10,6,0,21,0,0,2,0,2,5,10,8,0,23,94,0,94,117
01/24/2015,YKM,WA,ANM,WE,Federal Contract Tower,4,5,7,0,16,0,0,50,2,52,4,5,57,2,68,50,0,50,118
01/25/2015,YKM,WA,ANM,WE,Federal Contract Tower,4,0,9,0,13,0,0,1,0,1,4,0,10,0,14,70,0,70,84
01/26/2015,YKM,WA,ANM,WE,Federal Contract Tower,5,10,5,0,20,0,0,0,0,0,5,10,5,0,20,0,0,0,20
01/27/2015,YKM,WA,ANM,WE,Federal Contract Tower,5,12,10,0,27,0,0,0,0,0,5,12,10,0,27,54,0,54,81
01/28/2015,YKM,WA,ANM,WE,Federal Contract Tower,4,7,12,0,23,0,0,0,0,0,4,7,12,0,23,0,0,0,23
01/29/2015,YKM,WA,ANM,WE,Federal Contract Tower,4,13,19,2,38,0,0,0,2,2,4,13,19,4,40,72,0,72,112
01/30/2015,YKM,WA,ANM,WE,Federal Contract Tower,8,15,9,0,32,0,0,15,2,17,8,15,24,2,49,81,2,83,132
01/31/2015,YKM,WA,ANM,WE,Federal Contract Tower,5,7,6,0,18,0,0,14,0,14,5,7,20,0,32,92,0,92,124
02/01/2015,YKM,WA,ANM,WE,Federal Contract Tower,5,2,3,0,10,0,0,6,0,6,5,2,9,0,16,0,0,0,16
02/02/2015,YKM,WA,ANM,WE,Federal Contract Tower,5,6,5,0,16,0,0,4,0,4,5,6,9,0,20,96,0,96,116
02/03/2015,YKM,WA,ANM,WE,Federal Contract Tower,4,11,15,5,35,0,1,23,1,25,4,12,38,6,60,30,0,30,90
02/04/2015,YKM,WA,ANM,WE,Federal Contract Tower,5,14,10,4,33,0,0,7,0,7,5,14,17,4,40,14,0,14,54
02/05/2015,YKM,WA,ANM,WE,Federal Contract Tower,5,12,7,0,24,0,0,6,0,6,5,12,13,0,30,70,0,70,100
02/06/2015,YKM,WA,ANM,WE,Federal Contract Tower,4,10,8,2,24,0,1,16,1,18,4,11,24,3,42,24,0,24,66
02/07/2015,YKM,WA,ANM,WE,Federal Contract Tower,3,6,3,5,17,0,1,8,1,10,3,7,11,6,27,36,0,36,63
02/08/2015,YKM,WA,ANM,WE,Federal Contract Tower,5,0,3,0,8,0,0,39,0,39,5,0,42,0,47,64,0,64,111
02/09/2015,YKM,WA,ANM,WE,Federal Contract Tower,4,6,14,0,24,0,0,11,2,13,4,6,25,2,37,14,0,14,51
02/10/2015,YKM,WA,ANM,WE,Federal Contract Tower,5,10,6,1,22,0,1,19,1,21,5,11,25,2,43,62,8,70,113
02/11/2015,YKM,WA,ANM,WE,Federal Contract Tower,4,12,10,4,30,0,1,28,0,29,4,13,38,4,59,50,0,50,109
02/12/2015,YKM,WA,ANM,WE,Federal Contract Tower,5,10,9,3,27,0,1,30,3,34,5,11,39,6,61,52,2,54,115
02/13/2015,YKM,WA,ANM,WE,Federal Contract Tower,4,13,12,0,29,0,1,29,0,30,4,14,41,0,59,46,0,46,105
02/14/2015,YKM,WA,ANM,WE,Federal Contract Tower,3,8,5,0,16,0,1,31,0,32,3,9,36,0,48,27,0,27,75
02/15/2015,YKM,WA,ANM,WE,Federal Contract Tower,5,4,11,0,20,0,0,41,2,43,5,4,52,2,63,28,0,28,91
02/16/2015,YKM,WA,ANM,WE,Federal Contract Tower,4,5,9,0,18,0,1,58,0,59,4,6,67,0,77,52,0,52,129
02/17/2015,YKM,WA,ANM,WE,Federal Contract Tower,4,9,27,3,43,0,0,40,1,41,4,9,67,4,84,58,10,68,152
02/18/2015,YKM,WA,ANM,WE,Federal Contract Tower,5,8,15,5,33,0,1,33,3,37,5,9,48,8,70,28,28,56,126
02/19/2015,YKM,WA,ANM,WE,Federal Contract Tower,7,11,8,1,27,0,0,0,0,0,7,11,8,1,27,56,0,56,83
02/20/2015,YKM,WA,ANM,WE,Federal Contract Tower,5,9,9,0,23,0,0,30,0,30,5,9,39,0,53,37,0,37,90
02/21/2015,YKM,WA,ANM,WE,Federal Contract Tower,4,8,5,0,17,0,2,19,0,21,4,10,24,0,38,26,0,26,64
02/22/2015,YKM,WA,ANM,WE,Federal Contract Tower,7,0,3,0,10,0,0,33,0,33,7,0,36,0,43,30,0,30,73
02/23/2015,YKM,WA,ANM,WE,Federal Contract Tower,5,6,20,5,36,0,1,25,1,27,5,7,45,6,63,17,12,29,92
02/24/2015,YKM,WA,ANM,WE,Federal Contract Tower,5,13,7,1,26,0,1,37,0,38,5,14,44,1,64,46,0,46,110
02/25/2015,YKM,WA,ANM,WE,Federal Contract Tower,5,16,6,0,27,0,0,34,0,34,5,16,40,0,61,38,0,38,99
02/26/2015,YKM,WA,ANM,WE,Federal Contract Tower,5,9,10,0,24,0,3,20,3,26,5,12,30,3,50,50,0,50,100
02/27/2015,YKM,WA,ANM,WE,Federal Contract Tower,2,10,16,0,28,0,0,8,0,8,2,10,24,0,36,6,0,6,42
02/28/2015,YKM,WA,ANM,WE,Federal Contract Tower,4,3,9,0,16,0,2,21,0,23,4,5,30,0,39,44,0,44,83
03/01/2015,YKM,WA,ANM,WE,Federal Contract Tower,5,0,6,0,11,0,0,38,0,38,5,0,44,0,49,36,0,36,85
03/02/2015,YKM,WA,ANM,WE,Federal Contract Tower,5,5,8,0,18,0,1,24,2,27,5,6,32,2,45,18,0,18,63
03/03/2015,YKM,WA,ANM,WE,Federal Contract Tower,4,11,10,3,28,0,2,46,3,51,4,13,56,6,79,51,12,63,142
03/04/2015,YKM,WA,ANM,WE,Federal Contract Tower,5,9,14,1,29,0,1,46,1,48,5,10,60,2,77,41,0,41,118
03/05/2015,YKM,WA,ANM,WE,Federal Contract Tower,5,7,16,4,32,0,1,46,2,49,5,8,62,6,81,46,0,46,127
03/06/2015,YKM,WA,ANM,WE,Federal Contract Tower,5,7,15,0,27,0,5,41,0,46,5,12,56,0,73,66,0,66,139
03/07/2015,YKM,WA,ANM,WE,Federal Contract Tower,4,5,8,1,18,0,6,41,1,48,4,11,49,2,66,44,0,44,110
03/08/2015,YKM,WA,ANM,WE,Federal Contract Tower,5,1,4,0,10,0,1,55,0,56,5,2,59,0,66,48,0,48,114
03/09/2015,YKM,WA,ANM,WE,Federal Contract Tower,4,7,11,4,26,0,0,26,1,27,4,7,37,5,53,40,10,50,103
03/10/2015,YKM,WA,ANM,WE,Federal Contract Tower,4,11,12,1,28,0,1,30,1,32,4,12,42,2,60,35,4,39,99
03/11/2015,YKM,WA,ANM,WE,Federal Contract Tower,5,11,20,3,39,0,1,26,1,28,5,12,46,4,67,15,2,17,84
03/12/2015,YKM,WA,ANM,WE,Federal Contract Tower,4,11,6,4,25,0,0,41,3,44,4,11,47,7,69,20,0,20,89
03/13/2015,YKM,WA,ANM,WE,Federal Contract Tower,4,10,7,0,21,0,1,49,0,50,4,11,56,0,71,20,0,20,91
03/14/2015,YKM,WA,ANM,WE,Federal Contract Tower,4,8,5,0,17,0,1,3,0,4,4,9,8,0,21,0,0,0,21
03/15/2015,YKM,WA,ANM,WE,Federal Contract Tower,5,2,4,0,11,0,0,11,2,13,5,2,15,2,24,34,2,36,60
03/16/2015,YKM,WA,ANM,WE,Federal Contract Tower,5,5,7,0,17,0,0,19,0,19,5,5,26,0,36,28,0,28,64
03/17/2015,YKM,WA,ANM,WE,Federal Contract Tower,5,11,12,9,37,0,1,30,4,35,5,12,42,13,72,93,23,116,188
03/18/2015,YKM,WA,ANM,WE,Federal Contract Tower,5,10,10,5,30,0,1,20,2,23,5,11,30,7,53,44,11,55,108
03/19/2015,YKM,WA,ANM,WE,Federal Contract Tower,6,11,3,3,23,0,0,30,1,31,6,11,33,4,54,94,18,112,166
03/20/2015,YKM,WA,ANM,WE,Federal Contract Tower,5,9,9,0,23,0,1,25,0,26,5,10,34,0,49,28,0,28,77
03/21/2015,YKM,WA,ANM,WE,Federal Contract Tower,3,4,5,0,12,0,2,18,0,20,3,6,23,0,32,10,0,10,42
03/22/2015,YKM,WA,ANM,WE,Federal Contract Tower,8,1,13,0,22,0,0,28,0,28,8,1,41,0,50,10,0,10,60
03/23/2015,YKM,WA,ANM,WE,Federal Contract Tower,5,8,4,0,17,0,0,9,0,9,5,8,13,0,26,22,0,22,48
03/24/2015,YKM,WA,ANM,WE,Federal Contract Tower,5,11,10,5,31,0,2,13,2,17,5,13,23,7,48,22,0,22,70
03/25/2015,YKM,WA,ANM,WE,Federal Contract Tower,5,12,20,3,40,0,2,24,3,29,5,14,44,6,69,52,0,52,121
03/26/2015,YKM,WA,ANM,WE,Federal Contract Tower,7,10,14,1,32,0,0,51,1,52,7,10,65,2,84,49,0,49,133
03/27/2015,YKM,WA,ANM,WE,Federal Contract Tower,5,14,10,0,29,0,0,44,4,48,5,14,54,4,77,22,0,22,99
03/28/2015,YKM,WA,ANM,WE,Federal Contract Tower,3,8,8,0,19,0,3,16,0,19,3,11,24,0,38,16,0,16,54
03/29/2015,YKM,WA,ANM,WE,Federal Contract Tower,5,1,8,0,14,0,0,35,2,37,5,1,43,2,51,66,0,66,117
03/30/2015,YKM,WA,ANM,WE,Federal Contract Tower,4,8,15,0,27,0,0,40,0,40,4,8,55,0,67,43,0,43,110
03/31/2015,YKM,WA,ANM,WE,Federal Contract Tower,5,11,3,0,19,0,2,10,0,12,5,13,13,0,31,4,0,4,35
04/01/2015,YKM,WA,ANM,WE,Federal Contract Tower,4,11,8,1,24,0,0,22,3,25,4,11,30,4,49,45,0,45,94
04/02/2015,YKM,WA,ANM,WE,Federal Contract Tower,5,8,9,1,23,0,2,29,1,32,5,10,38,2,55,21,0,21,76
04/03/2015,YKM,WA,ANM,WE,Federal Contract Tower,4,8,12,0,24,0,2,29,0,31,4,10,41,0,55,26,0,26,81
04/04/2015,YKM,WA,ANM,WE,Federal Contract Tower,3,5,9,0,17,0,1,37,0,38,3,6,46,0,55,48,0,48,103
04/05/2015,YKM,WA,ANM,WE,Federal Contract Tower,5,0,12,0,17,0,0,10,0,10,5,0,22,0,27,6,0,6,33
04/06/2015,YKM,WA,ANM,WE,Federal Contract Tower,5,5,11,3,24,0,0,10,3,13,5,5,21,6,37,14,0,14,51
04/07/2015,YKM,WA,ANM,WE,Federal Contract Tower,4,9,16,2,31,0,4,19,0,23,4,13,35,2,54,5,0,5,59
04/08/2015,YKM,WA,ANM,WE,Federal Contract Tower,5,10,18,0,33,0,0,26,0,26,5,10,44,0,59,36,0,36,95
04/09/2015,YKM,WA,ANM,WE,Federal Contract Tower,5,10,22,6,43,0,1,56,3,60,5,11,78,9,103,69,0,69,172
04/10/2015,YKM,WA,ANM,WE,Federal Contract Tower,5,9,6,0,20,0,2,36,2,40,5,11,42,2,60,35,0,35,95
04/11/2015,YKM,WA,ANM,WE,Federal Contract Tower,4,3,4,1,12,0,2,4,1,7,4,5,8,2,19,7,24,31,50
04/12/2015,YKM,WA,ANM,WE,Federal Contract Tower,5,0,11,1,17,0,5,30,3,38,5,5,41,4,55,110,0,110,165
04/13/2015,YKM,WA,ANM,WE,Federal Contract Tower,4,9,19,6,38,0,0,31,4,35,4,9,50,10,73,2,0,2,75
04/14/2015,YKM,WA,ANM,WE,Federal Contract Tower,4,16,3,6,29,0,0,12,1,13,4,16,15,7,42,0,14,14,56
04/15/2015,YKM,WA,ANM,WE,Federal Contract Tower,5,11,21,3,40,0,2,46,3,51,5,13,67,6,91,32,0,32,123
04/16/2015,YKM,WA,ANM,WE,Federal Contract Tower,5,10,28,1,44,0,2,48,5,55,5,12,76,6,99,34,2,36,135
04/17/2015,YKM,WA,ANM,WE,Federal Contract Tower,5,11,14,4,34,0,3,43,2,48,5,14,57,6,82,60,14,74,156
04/18/2015,YKM,WA,ANM,WE,Federal Contract Tower,4,2,2,1,9,0,3,53,2,58,4,5,55,3,67,75,0,75,142
04/19/2015,YKM,WA,ANM,WE,Federal Contract Tower,5,0,10,0,15,0,0,53,2,55,5,0,63,2,70,56,14,70,140
04/20/2015,YKM,WA,ANM,WE,Federal Contract Tower,5,5,3,0,13,0,0,40,0,40,5,5,43,0,53,8,0,8,61
04/21/2015,YKM,WA,ANM,WE,Federal Contract Tower,5,11,17,0,33,0,1,43,0,44,5,12,60,0,77,0,0,0,77
04/22/2015,YKM,WA,ANM,WE,Federal Contract Tower,5,11,24,0,40,0,4,24,2,30,5,15,48,2,70,34,0,34,104
04/23/2015,YKM,WA,ANM,WE,Federal Contract Tower,4,13,19,5,41,0,1,32,1,34,4,14,51,6,75,64,4,68,143
04/24/2015,YKM,WA,ANM,WE,Federal Contract Tower,5,15,20,0,40,0,1,18,0,19,5,16,38,0,59,28,0,28,87
04/25/2015,YKM,WA,ANM,WE,Federal Contract Tower,3,7,5,0,15,0,2,33,0,35,3,9,38,0,50,34,0,34,84
04/26/2015,YKM,WA,ANM,WE,Federal Contract Tower,4,0,15,0,19,0,0,27,0,27,4,0,42,0,46,56,0,56,102
04/27/2015,YKM,WA,ANM,WE,Federal Contract Tower,5,7,23,2,37,0,0,25,0,25,5,7,48,2,62,48,0,48,110
04/28/2015,YKM,WA,ANM,WE,Federal Contract Tower,4,12,9,3,28,0,3,34,1,38,4,15,43,4,66,23,6,29,95
04/29/2015,YKM,WA,ANM,WE,Federal Contract Tower,4,14,17,0,35,0,0,39,0,39,4,14,56,0,74,8,0,8,82
04/30/2015,YKM,WA,ANM,WE,Federal Contract Tower,4,13,23,5,45,0,0,45,3,48,4,13,68,8,93,29,2,31,124
05/01/2015,YKM,WA,ANM,WE,Federal Contract Tower,4,11,16,1,32,0,0,45,2,47,4,11,61,3,79,44,0,44,123
05/02/2015,YKM,WA,ANM,WE,Federal Contract Tower,3,5,11,0,19,0,2,57,3,62,3,7,68,3,81,51,0,51,132
05/03/2015,YKM,WA,ANM,WE,Federal Contract Tower,5,3,10,0,18,0,0,37,0,37,5,3,47,0,55,28,0,28,83
05/04/2015,YKM,WA,ANM,WE,Federal Contract Tower,5,7,13,1,26,0,0,25,1,26,5,7,38,2,52,4,6,10,62
05/05/2015,YKM,WA,ANM,WE,Federal Contract Tower,5,15,20,0,40,0,1,20,8,29,5,16,40,8,69,40,0,40,109
05/06/2015,YKM,WA,ANM,WE,Federal Contract Tower,5,18,13,0,36,0,3,23,0,26,5,21,36,0,62,32,0,32,94
05/07/2015,YKM,WA,ANM,WE,Federal Contract Tower,5,10,23,0,38,0,2,60,0,62,5,12,83,0,100,36,0,36,136
05/08/2015,YKM,WA,ANM,WE,Federal Contract Tower,5,10,18,3,36,0,2,57,1,60,5,12,75,4,96,30,2,32,128
05/09/2015,YKM,WA,ANM,WE,Federal Contract Tower,3,4,10,0,17,0,2,65,0,67,3,6,75,0,84,73,0,73,157
05/10/2015,YKM,WA,ANM,WE,Federal Contract Tower,4,0,5,0,9,0,0,58,0,58,4,0,63,0,67,42,0,42,109
05/11/2015,YKM,WA,ANM,WE,Federal Contract Tower,5,5,15,0,25,0,0,39,0,39,5,5,54,0,64,54,0,54,118
05/12/2015,YKM,WA,ANM,WE,Federal Contract Tower,5,12,13,3,33,0,0,19,1,20,5,12,32,4,53,10,0,10,63
05/13/2015,YKM,WA,ANM,WE,Federal Contract Tower,5,12,18,2,37,0,0,5,0,5,5,12,23,2,42,40,0,40,82
05/14/2015,YKM,WA,ANM,WE,Federal Contract Tower,5,9,34,7,55,0,3,36,3,42,5,12,70,10,97,36,24,60,157
05/15/2015,YKM,WA,ANM,WE,Federal Contract Tower,4,10,20,4,38,0,3,54,4,61,4,13,74,8,99,93,4,97,196
05/16/2015,YKM,WA,ANM,WE,Federal Contract Tower,4,4,6,0,14,0,2,33,0,35,4,6,39,0,49,42,0,42,91
05/17/2015,YKM,WA,ANM,WE,Federal Contract Tower,5,1,15,0,21,0,0,33,0,33,5,1,48,0,54,32,0,32,86
05/18/2015,YKM,WA,ANM,WE,Federal Contract Tower,6,6,17,0,29,0,0,25,0,25,6,6,42,0,54,22,0,22,76
05/19/2015,YKM,WA,ANM,WE,Federal Contract Tower,6,11,18,0,35,0,0,39,0,39,6,11,57,0,74,78,0,78,152
05/20/2015,YKM,WA,ANM,WE,Federal Contract Tower,5,15,42,1,63,0,2,64,2,68,5,17,106,3,131,22,0,22,153
05/21/2015,YKM,WA,ANM,WE,Federal Contract Tower,5,9,9,0,23,0,1,30,0,31,5,10,39,0,54,38,0,38,92
05/22/2015,YKM,WA,ANM,WE,Federal Contract Tower,5,9,12,1,27,0,3,27,1,31,5,12,39,2,58,62,0,62,120
05/23/2015,YKM,WA,ANM,WE,Federal Contract Tower,3,4,5,0,12,0,1,31,0,32,3,5,36,0,44,72,0,72,116
05/24/2015,YKM,WA,ANM,WE,Federal Contract Tower,3,3,3,0,9,0,0,59,0,59,3,3,62,0,68,26,0,26,94
05/25/2015,YKM,WA,ANM,WE,Federal Contract Tower,6,3,15,0,24,0,0,33,0,33,6,3,48,0,57,32,0,32,89
05/26/2015,YKM,WA,ANM,WE,Federal Contract Tower,5,7,8,0,20,0,0,36,0,36,5,7,44,0,56,50,0,50,106
05/27/2015,YKM,WA,ANM,WE,Federal Contract Tower,4,9,12,0,25,0,0,38,0,38,4,9,50,0,63,40,0,40,103
05/28/2015,YKM,WA,ANM,WE,Federal Contract Tower,7,14,32,0,53,0,3,58,0,61,7,17,90,0,114,72,0,72,186
05/29/2015,YKM,WA,ANM,WE,Federal Contract Tower,4,10,11,2,27,0,3,56,0,59,4,13,67,2,86,88,0,88,174
05/30/2015,YKM,WA,ANM,WE,Federal Contract Tower,3,7,12,0,22,0,1,58,0,59,3,8,70,0,81,63,0,63,144
05/31/2015,YKM,WA,ANM,WE,Federal Contract Tower,5,2,21,0,28,0,0,57,0,57,5,2,78,0,85,32,0,32,117
06/01/2015,YKM,WA,ANM,WE,Federal Contract Tower,5,7,13,0,25,0,0,34,0,34,5,7,47,0,59,2,0,2,61
06/02/2015,YKM,WA,ANM,WE,Federal Contract Tower,5,12,13,3,33,0,2,24,1,27,5,14,37,4,60,34,2,36,96
06/03/2015,YKM,WA,ANM,WE,Federal Contract Tower,4,11,27,3,45,0,0,33,3,36,4,11,60,6,81,96,0,96,177
06/04/2015,YKM,WA,ANM,WE,Federal Contract Tower,5,13,9,5,32,0,0,51,1,52,5,13,60,6,84,36,2,38,122
06/05/2015,YKM,WA,ANM,WE,Federal Contract Tower,5,12,26,0,43,0,0,56,2,58,5,12,82,2,101,70,4,74,175
06/06/2015,YKM,WA,ANM,WE,Federal Contract Tower,4,5,9,0,18,0,1,46,2,49,4,6,55,2,67,49,0,49,116
06/07/2015,YKM,WA,ANM,WE,Federal Contract Tower,5,0,14,0,19,0,0,40,0,40,5,0,54,0,59,14,0,14,73
06/08/2015,YKM,WA,ANM,WE,Federal Contract Tower,5,4,9,1,19,0,1,27,1,29,5,5,36,2,48,66,0,66,114
06/09/2015,YKM,WA,ANM,WE,Federal Contract Tower,5,9,15,0,29,0,2,31,0,33,5,11,46,0,62,48,0,48,110
06/10/2015,YKM,WA,ANM,WE,Federal Contract Tower,5,11,22,0,38,0,1,34,4,39,5,12,56,4,77,26,0,26,103
06/11/2015,YKM,WA,ANM,WE,Federal Contract Tower,5,13,9,0,27,0,0,49,2,51,5,13,58,2,78,28,0,28,106
06/12/2015,YKM,WA,ANM,WE,Federal Contract Tower,5,11,14,0,30,0,0,42,0,42,5,11,56,0,72,36,0,36,108
06/13/2015,YKM,WA,ANM,WE,Federal Contract Tower,4,4,21,0,29,0,2,47,0,49,4,6,68,0,78,32,0,32,110
06/14/2015,YKM,WA,ANM,WE,Federal Contract Tower,5,1,4,0,10,0,1,37,0,38,5,2,41,0,48,14,0,14,62
06/15/2015,YKM,WA,ANM,WE,Federal Contract Tower,5,6,22,1,34,0,1,40,1,42,5,7,62,2,76,61,4,65,141
06/16/2015,YKM,WA,ANM,WE,Federal Contract Tower,5,10,21,2,38,0,3,34,2,39,5,13,55,4,77,46,0,46,123
06/17/2015,YKM,WA,ANM,WE,Federal Contract Tower,5,14,11,0,30,0,1,40,0,41,5,15,51,0,71,66,0,66,137
06/18/2015,YKM,WA,ANM,WE,Federal Contract Tower,5,10,19,0,34,0,1,55,2,58,5,11,74,2,92,58,0,58,150
06/19/2015,YKM,WA,ANM,WE,Federal Contract Tower,4,14,9,4,31,0,1,55,2,58,4,15,64,6,89,74,0,74,163
06/20/2015,YKM,WA,ANM,WE,Federal Contract Tower,3,3,8,0,14,0,3,49,2,54,3,6,57,2,68,22,2,24,92
06/21/2015,YKM,WA,ANM,WE,Federal Contract Tower,5,1,14,0,20,0,2,47,0,49,5,3,61,0,69,34,0,34,103
06/22/2015,YKM,WA,ANM,WE,Federal Contract Tower,5,7,14,0,26,0,0,52,0,52,5,7,66,0,78,46,0,46,124
06/23/2015,YKM,WA,ANM,WE,Federal Contract Tower,5,9,19,2,35,0,1,46,0,47,5,10,65,2,82,44,2,46,128
06/24/2015,YKM,WA,ANM,WE,Federal Contract Tower,5,10,8,0,23,0,1,59,0,60,5,11,67,0,83,62,0,62,145
06/25/2015,YKM,WA,ANM,WE,Federal Contract Tower,5,9,19,0,33,0,1,44,2,47,5,10,63,2,80,74,0,74,154
06/26/2015,YKM,WA,ANM,WE,Federal Contract Tower,5,17,21,2,45,0,3,63,2,68,5,20,84,4,113,72,0,72,185
06/27/2015,YKM,WA,ANM,WE,Federal Contract Tower,4,6,11,0,21,0,3,40,2,45,4,9,51,2,66,56,0,56,122
06/28/2015,YKM,WA,ANM,WE,Federal Contract Tower,5,0,8,0,13,0,0,18,0,18,5,0,26,0,31,0,0,0,31
06/29/2015,YKM,WA,ANM,WE,Federal Contract Tower,5,5,11,0,21,0,1,28,0,29,5,6,39,0,50,50,0,50,100
06/30/2015,YKM,WA,ANM,WE,Federal Contract Tower,5,9,18,0,32,0,1,40,0,41,5,10,58,0,73,54,0,54,127
07/01/2015,YKM,WA,ANM,WE,Federal Contract Tower,4,16,10,0,30,0,0,40,0,40,4,16,50,0,70,30,0,30,100
07/02/2015,YKM,WA,ANM,WE,Federal Contract Tower,5,9,15,0,29,0,0,54,0,54,5,9,69,0,83,4,0,4,87
07/03/2015,YKM,WA,ANM,WE,Federal Contract Tower,5,7,8,0,20,0,1,44,0,45,5,8,52,0,65,38,0,38,103
07/04/2015,YKM,WA,ANM,WE,Federal Contract Tower,6,1,4,0,11,0,0,14,0,14,6,1,18,0,25,6,0,6,31
07/05/2015,YKM,WA,ANM,WE,Federal Contract Tower,5,1,9,0,15,0,0,22,0,22,5,1,31,0,37,24,0,24,61
07/06/2015,YKM,WA,ANM,WE,Federal Contract Tower,5,7,14,0,26,0,0,46,2,48,5,7,60,2,74,34,0,34,108
07/07/2015,YKM,WA,ANM,WE,Federal Contract Tower,5,11,27,1,44,0,0,59,5,64,5,11,86,6,108,38,0,38,146
07/08/2015,YKM,WA,ANM,WE,Federal Contract Tower,5,10,25,1,41,0,2,50,3,55,5,12,75,4,96,59,0,59,155
07/09/2015,YKM,WA,ANM,WE,Federal Contract Tower,4,11,16,1,32,0,1,38,1,40,4,12,54,2,72,34,2,36,108
07/10/2015,YKM,WA,ANM,WE,Federal Contract Tower,5,9,7,1,22,0,2,42,1,45,5,11,49,2,67,22,0,22,89
07/11/2015,YKM,WA,ANM,WE,Federal Contract Tower,3,4,7,0,14,0,2,35,0,37,3,6,42,0,51,58,0,58,109
07/12/2015,YKM,WA,ANM,WE,Federal Contract Tower,5,1,7,0,13,0,1,46,0,47,5,2,53,0,60,110,0,110,170
07/13/2015,YKM,WA,ANM,WE,Federal Contract Tower,5,5,16,4,30,0,0,27,0,27,5,5,43,4,57,68,0,68,125
07/14/2015,YKM,WA,ANM,WE,Federal Contract Tower,5,9,11,1,26,0,1,42,1,44,5,10,53,2,70,86,0,86,156
07/15/2015,YKM,WA,ANM,WE,Federal Contract Tower,5,13,22,2,42,0,1,54,0,55,5,14,76,2,97,106,0,106,203
07/16/2015,YKM,WA,ANM,WE,Federal Contract Tower,5,9,15,1,30,0,1,35,1,37,5,10,50,2,67,45,0,45,112
07/17/2015,YKM,WA,ANM,WE,Federal Contract Tower,4,8,25,0,37,0,3,36,0,39,4,11,61,0,76,32,0,32,108
07/18/2015,YKM,WA,ANM,WE,Federal Contract Tower,3,3,15,0,21,0,8,54,0,62,3,11,69,0,83,16,0,16,99
07/19/2015,YKM,WA,ANM,WE,Federal Contract Tower,4,1,10,0,15,0,0,29,0,29,4,1,39,0,44,16,0,16,60
07/20/2015,YKM,WA,ANM,WE,Federal Contract Tower,5,8,9,0,22,0,1,24,0,25,5,9,33,0,47,30,0,30,77
07/21/2015,YKM,WA,ANM,WE,Federal Contract Tower,4,10,13,3,30,0,4,33,1,38,4,14,46,4,68,36,30,66,134
07/22/2015,YKM,WA,ANM,WE,Federal Contract Tower,4,10,20,0,34,0,0,54,2,56,4,10,74,2,90,100,0,100,190
07/23/2015,YKM,WA,ANM,WE,Federal Contract Tower,4,10,12,2,28,0,1,35,2,38,4,11,47,4,66,38,0,38,104
07/24/2015,YKM,WA,ANM,WE,Federal Contract Tower,5,9,16,0,30,0,1,59,0,60,5,10,75,0,90,74,0,74,164
07/25/2015,YKM,WA,ANM,WE,Federal Contract Tower,3,6,14,0,23,0,2,46,0,48,3,8,60,0,71,39,0,39,110
07/26/2015,YKM,WA,ANM,WE,Federal Contract Tower,5,2,14,0,21,0,0,22,1,23,5,2,36,1,44,32,3,35,79
07/27/2015,YKM,WA,ANM,WE,Federal Contract Tower,4,6,8,0,18,0,1,26,0,27,4,7,34,0,45,28,2,30,75
07/28/2015,YKM,WA,ANM,WE,Federal Contract Tower,6,10,25,3,44,0,0,56,3,59,6,10,81,6,103,70,4,74,177
07/29/2015,YKM,WA,ANM,WE,Federal Contract Tower,5,9,21,2,37,0,1,43,3,47,5,10,64,5,84,20,2,22,106
07/30/2015,YKM,WA,ANM,WE,Federal Contract Tower,5,11,11,3,30,0,0,52,3,55,5,11,63,6,85,20,10,30,115
07/31/2015,YKM,WA,ANM,WE,Federal Contract Tower,7,10,10,0,27,0,0,43,2,45,7,10,53,2,72,16,2,18,90
08/01/2015,YKM,WA,ANM,WE,Federal Contract Tower,4,9,9,0,22,0,1,38,0,39,4,10,47,0,61,42,0,42,103
08/02/2015,YKM,WA,ANM,WE,Federal Contract Tower,4,0,12,0,16,0,0,39,0,39,4,0,51,0,55,40,0,40,95
08/03/2015,YKM,WA,ANM,WE,Federal Contract Tower,4,6,19,1,30,0,1,32,1,34,4,7,51,2,64,18,0,18,82
08/04/2015,YKM,WA,ANM,WE,Federal Contract Tower,5,10,5,3,23,0,1,34,3,38,5,11,39,6,61,20,4,24,85
08/05/2015,YKM,WA,ANM,WE,Federal Contract Tower,5,10,12,6,33,0,0,54,5,59,5,10,66,11,92,12,16,28,120
08/06/2015,YKM,WA,ANM,WE,Federal Contract Tower,5,13,14,8,40,0,0,61,8,69,5,13,75,16,109,12,42,54,163
08/07/2015,YKM,WA,ANM,WE,Federal Contract Tower,5,8,20,0,33,0,2,58,0,60,5,10,78,0,93,40,0,40,133
08/08/2015,YKM,WA,ANM,WE,Federal Contract Tower,4,9,14,0,27,0,2,61,0,63,4,11,75,0,90,68,0,68,158
08/09/2015,YKM,WA,ANM,WE,Federal Contract Tower,5,2,19,0,26,0,1,53,0,54,5,3,72,0,80,52,0,52,132
08/10/2015,YKM,WA,ANM,WE,Federal Contract Tower,5,5,14,0,24,0,0,49,2,51,5,5,63,2,75,10,0,10,85
08/11/2015,YKM,WA,ANM,WE,Federal Contract Tower,4,10,13,0,27,0,0,42,0,42,4,10,55,0,69,60,0,60,129
08/12/2015,YKM,WA,ANM,WE,Federal Contract Tower,5,16,12,3,36,0,1,72,4,77,5,17,84,7,113,62,0,62,175
08/13/2015,YKM,WA,ANM,WE,Federal Contract Tower,5,10,11,1,27,0,0,76,1,77,5,10,87,2,104,54,4,58,162
08/14/2015,YKM,WA,ANM,WE,Federal Contract Tower,3,8,14,1,26,0,2,28,1,31,3,10,42,2,57,20,0,20,77
08/15/2015,YKM,WA,ANM,WE,Federal Contract Tower,4,5,10,1,20,0,2,51,1,54,4,7,61,2,74,42,0,42,116
08/16/2015,YKM,WA,ANM,WE,Federal Contract Tower,4,0,13,0,17,0,1,36,0,37,4,1,49,0,54,46,0,46,100
08/17/2015,YKM,WA,ANM,WE,Federal Contract Tower,6,5,8,0,19,0,1,38,0,39,6,6,46,0,58,16,0,16,74
08/18/2015,YKM,WA,ANM,WE,Federal Contract Tower,5,10,24,0,39,0,2,53,2,57,5,12,77,2,96,40,8,48,144
08/19/2015,YKM,WA,ANM,WE,Federal Contract Tower,5,10,25,5,45,0,0,61,3,64,5,10,86,8,109,70,0,70,179
08/20/2015,YKM,WA,ANM,WE,Federal Contract Tower,5,11,14,2,32,0,0,33,0,33,5,11,47,2,65,34,0,34,99
08/21/2015,YKM,WA,ANM,WE,Federal Contract Tower,6,13,9,2,30,0,3,10,1,14,6,16,19,3,44,22,0,22,66
08/22/2015,YKM,WA,ANM,WE,Federal Contract Tower,3,6,26,0,35,0,0,30,0,30,3,6,56,0,65,57,0,57,122
08/23/2015,YKM,WA,ANM,WE,Federal Contract Tower,5,3,14,0,22,0,33,0,0,33,5,36,14,0,55,20,0,20,75
08/24/2015,YKM,WA,ANM,WE,Federal Contract Tower,4,7,17,2,30,0,0,27,0,27,4,7,44,2,57,42,0,42,99
08/25/2015,YKM,WA,ANM,WE,Federal Contract Tower,3,10,12,2,27,0,2,28,3,33,3,12,40,5,60,46,8,54,114
08/26/2015,YKM,WA,ANM,WE,Federal Contract Tower,5,11,22,1,39,0,2,39,0,41,5,13,61,1,80,54,0,54,134
08/27/2015,YKM,WA,ANM,WE,Federal Contract Tower,5,9,11,8,33,0,1,46,2,49,5,10,57,10,82,40,0,40,122
08/28/2015,YKM,WA,ANM,WE,Federal Contract Tower,5,8,14,0,27,0,2,37,2,41,5,10,51,2,68,22,0,22,90
08/29/2015,YKM,WA,ANM,WE,Federal Contract Tower,4,3,7,0,14,0,2,7,0,9,4,5,14,0,23,4,0,4,27
08/30/2015,YKM,WA,ANM,WE,Federal Contract Tower,5,3,16,0,24,0,0,21,0,21,5,3,37,0,45,86,0,86,131
08/31/2015,YKM,WA,ANM,WE,Federal Contract Tower,5,6,12,1,24,0,0,22,1,23,5,6,34,2,47,32,0,32,79
09/01/2015,YKM,WA,ANM,WE,Federal Contract Tower,4,17,18,1,40,0,2,30,4,36,4,19,48,5,76,70,21,91,167
09/02/2015,YKM,WA,ANM,WE,Federal Contract Tower,5,10,21,3,39,0,2,47,5,54,5,12,68,8,93,20,0,20,113
09/03/2015,YKM,WA,ANM,WE,Federal Contract Tower,5,13,13,3,34,0,1,42,3,46,5,14,55,6,80,84,0,84,164
09/04/2015,YKM,WA,ANM,WE,Federal Contract Tower,4,9,26,0,39,0,1,31,0,32,4,10,57,0,71,10,0,10,81
09/05/2015,YKM,WA,ANM,WE,Federal Contract Tower,4,9,8,0,21,0,1,22,2,25,4,10,30,2,46,4,0,4,50
09/06/2015,YKM,WA,ANM,WE,Federal Contract Tower,4,2,2,0,8,0,0,24,2,26,4,2,26,2,34,32,0,32,66
09/07/2015,YKM,WA,ANM,WE,Federal Contract Tower,5,1,8,1,15,0,1,33,1,35,5,2,41,2,50,10,0,10,60
09/08/2015,YKM,WA,ANM,WE,Federal Contract Tower,4,10,15,2,31,0,0,30,2,32,4,10,45,4,63,55,0,55,118
09/09/2015,YKM,WA,ANM,WE,Federal Contract Tower,3,10,13,5,31,0,0,61,11,72,3,10,74,16,103,46,30,76,179
09/10/2015,YKM,WA,ANM,WE,Federal Contract Tower,5,11,18,2,36,0,3,56,2,61,5,14,74,4,97,44,0,44,141
09/11/2015,YKM,WA,ANM,WE,Federal Contract Tower,5,10,15,0,30,0,1,42,0,43,5,11,57,0,73,32,0,32,105
09/12/2015,YKM,WA,ANM,WE,Federal Contract Tower,4,3,8,0,15,0,2,60,0,62,4,5,68,0,77,8,0,8,85
09/13/2015,YKM,WA,ANM,WE,Federal Contract Tower,5,2,5,0,12,0,0,49,0,49,5,2,54,0,61,28,0,28,89
09/14/2015,YKM,WA,ANM,WE,Federal Contract Tower,5,5,11,1,22,0,0,26,1,27,5,5,37,2,49,50,0,50,99
09/15/2015,YKM,WA,ANM,WE,Federal Contract Tower,4,12,20,3,39,0,2,49,4,55,4,14,69,7,94,54,10,64,158
09/16/2015,YKM,WA,ANM,WE,Federal Contract Tower,4,13,16,2,35,0,1,48,0,49,4,14,64,2,84,40,4,44,128
09/17/2015,YKM,WA,ANM,WE,Federal Contract Tower,4,9,16,4,33,0,0,46,2,48,4,9,62,6,81,60,8,68,149
09/18/2015,YKM,WA,ANM,WE,Federal Contract Tower,4,7,15,0,26,0,2,38,0,40,4,9,53,0,66,42,0,42,108
09/19/2015,YKM,WA,ANM,WE,Federal Contract Tower,4,4,11,0,19,0,1,55,0,56,4,5,66,0,75,4,0,4,79
09/20/2015,YKM,WA,ANM,WE,Federal Contract Tower,5,0,16,0,21,0,0,31,0,31,5,0,47,0,52,14,0,14,66
09/21/2015,YKM,WA,ANM,WE,Federal Contract Tower,5,5,8,0,18,0,0,33,0,33,5,5,41,0,51,4,0,4,55
09/22/2015,YKM,WA,ANM,WE,Federal Contract Tower,3,9,6,0,18,0,1,29,2,32,3,10,35,2,50,78,18,96,146
09/23/2015,YKM,WA,ANM,WE,Federal Contract Tower,3,11,29,2,45,0,1,52,0,53,3,12,81,2,98,15,0,15,113
09/24/2015,YKM,WA,ANM,WE,Federal Contract Tower,5,11,11,0,27,0,2,37,0,39,5,13,48,0,66,10,0,10,76
09/25/2015,YKM,WA,ANM,WE,Federal Contract Tower,5,12,19,0,36,0,2,49,0,51,5,14,68,0,87,30,0,30,117
09/26/2015,YKM,WA,ANM,WE,Federal Contract Tower,4,8,8,0,20,0,2,45,0,47,4,10,53,0,67,6,0,6,73
09/27/2015,YKM,WA,ANM,WE,Federal Contract Tower,5,2,5,0,12,0,0,37,0,37,5,2,42,0,49,14,0,14,63
09/28/2015,YKM,WA,ANM,WE,Federal Contract Tower,4,7,8,2,21,0,0,29,2,31,4,7,37,4,52,30,0,30,82
09/29/2015,YKM,WA,ANM,WE,Federal Contract Tower,4,9,10,0,23,0,2,41,0,43,4,11,51,0,66,36,0,36,102
09/30/2015,YKM,WA,ANM,WE,Federal Contract Tower,6,12,16,1,35,0,1,47,1,49,6,13,63,2,84,86,0,86,170
10/01/2015,YKM,WA,ANM,WE,Federal Contract Tower,5,11,20,1,37,0,1,31,1,33,5,12,51,2,70,90,0,90,160
10/02/2015,YKM,WA,ANM,WE,Federal Contract Tower,5,12,6,1,24,0,0,18,1,19,5,12,24,2,43,50,0,50,93
10/03/2015,YKM,WA,ANM,WE,Federal Contract Tower,6,5,5,5,21,0,1,24,3,28,6,6,29,8,49,6,2,8,57
10/04/2015,YKM,WA,ANM,WE,Federal Contract Tower,5,0,10,0,15,0,1,42,0,43,5,1,52,0,58,68,0,68,126
10/05/2015,YKM,WA,ANM,WE,Federal Contract Tower,6,6,10,10,32,0,0,43,2,45,6,6,53,12,77,58,24,82,159
10/06/2015,YKM,WA,ANM,WE,Federal Contract Tower,6,12,12,1,31,0,3,39,3,45,6,15,51,4,76,60,16,76,152
10/07/2015,YKM,WA,ANM,WE,Federal Contract Tower,6,14,6,8,34,0,0,21,2,23,6,14,27,10,57,71,0,71,128
10/08/2015,YKM,WA,ANM,WE,Federal Contract Tower,7,12,13,2,34,0,0,17,2,19,7,12,30,4,53,64,8,72,125
10/09/2015,YKM,WA,ANM,WE,Federal Contract Tower,7,10,15,0,32,0,0,38,0,38,7,10,53,0,70,32,0,32,102
10/10/2015,YKM,WA,ANM,WE,Federal Contract Tower,5,6,6,4,21,0,2,18,0,20,5,8,24,4,41,10,0,10,51
10/11/2015,YKM,WA,ANM,WE,Federal Contract Tower,9,3,5,2,19,0,0,43,0,43,9,3,48,2,62,64,0,64,126
10/12/2015,YKM,WA,ANM,WE,Federal Contract Tower,7,5,8,0,20,0,0,37,0,37,7,5,45,0,57,44,0,44,101
10/13/2015,YKM,WA,ANM,WE,Federal Contract Tower,6,12,15,1,34,0,2,35,3,40,6,14,50,4,74,62,14,76,150
10/14/2015,YKM,WA,ANM,WE,Federal Contract Tower,6,8,12,4,30,0,2,26,4,32,6,10,38,8,62,34,12,46,108
10/15/2015,YKM,WA,ANM,WE,Federal Contract Tower,9,10,20,3,42,0,1,58,2,61,9,11,78,5,103,20,24,44,147
10/16/2015,YKM,WA,ANM,WE,Federal Contract Tower,7,10,22,1,40,0,1,42,7,50,7,11,64,8,90,58,4,62,152
10/17/2015,YKM,WA,ANM,WE,Federal Contract Tower,5,5,12,4,26,0,2,83,4,89,5,7,95,8,115,56,16,72,187
10/18/2015,YKM,WA,ANM,WE,Federal Contract Tower,7,1,10,0,18,0,0,6,0,6,7,1,16,0,24,34,0,34,58
10/19/2015,YKM,WA,ANM,WE,Federal Contract Tower,7,6,10,6,29,0,0,26,1,27,7,6,36,7,56,40,22,62,118
10/20/2015,YKM,WA,ANM,WE,Federal Contract Tower,6,10,12,0,28,0,2,41,2,45,6,12,53,2,73,44,0,44,117
10/21/2015,YKM,WA,ANM,WE,Federal Contract Tower,5,9,9,2,25,0,1,34,2,37,5,10,43,4,62,30,0,30,92
10/22/2015,YKM,WA,ANM,WE,Federal Contract Tower,7,9,16,6,38,0,1,56,3,60,7,10,72,9,98,64,4,68,166
10/23/2015,YKM,WA,ANM,WE,Federal Contract Tower,6,7,18,0,31,0,3,34,0,37,6,10,52,0,68,107,2,109,177
10/24/2015,YKM,WA,ANM,WE,Federal Contract Tower,5,6,14,0,25,0,1,34,0,35,5,7,48,0,60,56,0,56,116
10/25/2015,YKM,WA,ANM,WE,Federal Contract Tower,6,8,7,0,21,0,0,38,0,38,6,8,45,0,59,94,0,94,153
10/26/2015,YKM,WA,ANM,WE,Federal Contract Tower,6,8,12,4,30,0,0,14,2,16,6,8,26,6,46,54,0,54,100
10/27/2015,YKM,WA,ANM,WE,Federal Contract Tower,6,10,18,0,34,0,0,40,0,40,6,10,58,0,74,28,0,28,102
10/28/2015,YKM,WA,ANM,WE,Federal Contract Tower,6,8,17,2,33,0,3,18,0,21,6,11,35,2,54,22,0,22,76
10/29/2015,YKM,WA,ANM,WE,Federal Contract Tower,5,14,8,0,27,0,0,10,0,10,5,14,18,0,37,32,0,32,69
10/30/2015,YKM,WA,ANM,WE,Federal Contract Tower,9,9,11,1,30,0,0,9,1,10,9,9,20,2,40,2,0,2,42
10/31/2015,YKM,WA,ANM,WE,Federal Contract Tower,6,6,8,0,20,0,2,3,0,5,6,8,11,0,25,0,0,0,25
11/01/2015,YKM,WA,ANM,WE,Federal Contract Tower,7,0,6,0,13,0,0,17,0,17,7,0,23,0,30,8,0,8,38
11/02/2015,YKM,WA,ANM,WE,Federal Contract Tower,5,4,7,4,20,0,1,24,1,26,5,5,31,5,46,52,4,56,102
11/03/2015,YKM,WA,ANM,WE,Federal Contract Tower,7,6,17,2,32,0,3,53,0,56,7,9,70,2,88,20,6,26,114
11/04/2015,YKM,WA,ANM,WE,Federal Contract Tower,7,13,15,14,49,0,2,35,0,37,7,15,50,14,86,80,0,80,166
11/05/2015,YKM,WA,ANM,WE,Federal Contract Tower,7,8,14,5,34,0,1,32,7,40,7,9,46,12,74,60,6,66,140
11/06/2015,YKM,WA,ANM,WE,Federal Contract Tower,7,10,9,8,34,0,3,43,4,50,7,13,52,12,84,94,18,112,196
11/07/2015,YKM,WA,ANM,WE,Federal Contract Tower,7,5,9,0,21,0,0,17,0,17,7,5,26,0,38,60,0,60,98
11/08/2015,YKM,WA,ANM,WE,Federal Contract Tower,7,0,7,2,16,0,0,20,1,21,7,0,27,3,37,46,0,46,83
11/09/2015,YKM,WA,ANM,WE,Federal Contract Tower,7,7,8,4,26,0,0,18,9,27,7,7,26,13,53,78,4,82,135
11/10/2015,YKM,WA,ANM,WE,Federal Contract Tower,6,13,11,12,42,0,1,27,12,40,6,14,38,24,82,28,16,44,126
11/11/2015,YKM,WA,ANM,WE,Federal Contract Tower,7,11,3,0,21,0,3,16,6,25,7,14,19,6,46,24,2,26,72
11/12/2015,YKM,WA,ANM,WE,Federal Contract Tower,7,15,22,10,54,0,1,26,7,34,7,16,48,17,88,48,0,48,136
11/13/2015,YKM,WA,ANM,WE,Federal Contract Tower,7,13,5,2,27,0,1,8,4,13,7,14,13,6,40,4,2,6,46
11/14/2015,YKM,WA,ANM,WE,Federal Contract Tower,6,7,12,0,25,0,3,22,4,29,6,10,34,4,54,0,0,0,54
11/15/2015,YKM,WA,ANM,WE,Federal Contract Tower,7,0,8,0,15,0,0,7,2,9,7,0,15,2,24,12,6,18,42
11/16/2015,YKM,WA,ANM,WE,Federal Contract Tower,6,4,12,3,25,0,1,16,8,25,6,5,28,11,50,30,2,32,82
11/17/2015,YKM,WA,ANM,WE,Federal Contract Tower,6,8,7,1,22,0,2,2,0,4,6,10,9,1,26,0,0,0,26
11/18/2015,YKM,WA,ANM,WE,Federal Contract Tower,6,9,16,7,38,0,1,37,4,42,6,10,53,11,80,59,0,59,139
11/19/2015,YKM,WA,ANM,WE,Federal Contract Tower,6,10,15,4,35,0,0,6,0,6,6,10,21,4,41,2,0,2,43
11/20/2015,YKM,WA,ANM,WE,Federal Contract Tower,6,11,17,5,39,0,1,32,5,38,6,12,49,10,77,76,14,90,167
11/21/2015,YKM,WA,ANM,WE,Federal Contract Tower,11,5,14,1,31,0,3,59,1,63,11,8,73,2,94,28,0,28,122
11/22/2015,YKM,WA,ANM,WE,Federal Contract Tower,6,1,9,0,16,0,1,37,0,38,6,2,46,0,54,42,0,42,96
11/23/2015,YKM,WA,ANM,WE,Federal Contract Tower,6,7,2,4,19,0,0,0,0,0,6,7,2,4,19,0,0,0,19
11/24/2015,YKM,WA,ANM,WE,Federal Contract Tower,6,10,11,0,27,0,0,10,0,10,6,10,21,0,37,25,0,25,62
11/25/2015,YKM,WA,ANM,WE,Federal Contract Tower,6,15,16,0,37,0,0,33,0,33,6,15,49,0,70,30,0,30,100
11/26/2015,YKM,WA,ANM,WE,Federal Contract Tower,3,0,3,0,6,0,0,4,0,4,3,0,7,0,10,6,0,6,16
11/27/2015,YKM,WA,ANM,WE,Federal Contract Tower,3,7,4,0,14,0,4,23,0,27,3,11,27,0,41,20,0,20,61
11/28/2015,YKM,WA,ANM,WE,Federal Contract Tower,6,6,9,0,21,0,2,24,0,26,6,8,33,0,47,44,0,44,91
11/29/2015,YKM,WA,ANM,WE,Federal Contract Tower,9,2,9,0,20,0,0,0,0,0,9,2,9,0,20,0,0,0,20
11/30/2015,YKM,WA,ANM,WE,Federal Contract Tower,6,8,4,2,20,0,0,0,0,0,6,8,4,2,20,0,6,6,26
12/01/2015,YKM,WA,ANM,WE,Federal Contract Tower,6,10,5,2,23,0,0,0,0,0,6,10,5,2,23,0,6,6,29
12/02/2015,YKM,WA,ANM,WE,Federal Contract Tower,6,9,6,6,27,0,0,0,2,2,6,9,6,8,29,0,0,0,29
12/03/2015,YKM,WA,ANM,WE,Federal Contract Tower,8,12,8,0,28,0,0,0,0,0,8,12,8,0,28,0,0,0,28
12/04/2015,YKM,WA,ANM,WE,Federal Contract Tower,0,5,4,0,9,0,0,0,0,0,0,5,4,0,9,2,0,2,11
12/05/2015,YKM,WA,ANM,WE,Federal Contract Tower,6,6,9,0,21,0,2,3,0,5,6,8,12,0,26,0,0,0,26
12/06/2015,YKM,WA,ANM,WE,Federal Contract Tower,8,4,2,0,14,0,1,8,0,9,8,5,10,0,23,22,0,22,45
12/07/2015,YKM,WA,ANM,WE,Federal Contract Tower,7,8,8,0,23,0,0,1,0,1,7,8,9,0,24,4,0,4,28
12/08/2015,YKM,WA,ANM,WE,Federal Contract Tower,6,8,14,1,29,0,1,4,0,5,6,9,18,1,34,10,16,26,60
12/09/2015,YKM,WA,ANM,WE,Federal Contract Tower,8,8,9,4,29,0,1,8,8,17,8,9,17,12,46,8,8,16,62
12/10/2015,YKM,WA,ANM,WE,Federal Contract Tower,6,8,11,0,25,0,5,4,0,9,6,13,15,0,34,22,56,78,112
12/11/2015,YKM,WA,ANM,WE,Federal Contract Tower,6,7,8,11,32,0,1,21,3,25,6,8,29,14,57,34,30,64,121
12/12/2015,YKM,WA,ANM,WE,Federal Contract Tower,5,8,2,0,15,0,0,1,0,1,5,8,3,0,16,0,0,0,16
12/13/2015,YKM,WA,ANM,WE,Federal Contract Tower,6,6,5,0,17,0,0,21,0,21,6,6,26,0,38,50,0,50,88
12/14/2015,YKM,WA,ANM,WE,Federal Contract Tower,6,7,24,2,39,0,0,49,4,53,6,7,73,6,92,66,0,66,158
12/15/2015,YKM,WA,ANM,WE,Federal Contract Tower,6,11,10,2,29,0,0,36,1,37,6,11,46,3,66,58,0,58,124
12/16/2015,YKM,WA,ANM,WE,Federal Contract Tower,6,11,8,4,29,0,2,27,0,29,6,13,35,4,58,70,24,94,152
12/17/2015,YKM,WA,ANM,WE,Federal Contract Tower,5,10,1,0,16,0,0,0,0,0,5,10,1,0,16,0,0,0,16
12/18/2015,YKM,WA,ANM,WE,Federal Contract Tower,6,17,5,0,28,0,0,0,0,0,6,17,5,0,28,10,0,10,38
12/19/2015,YKM,WA,ANM,WE,Federal Contract Tower,7,9,4,0,20,0,0,15,0,15,7,9,19,0,35,32,0,32,67
12/20/2015,YKM,WA,ANM,WE,Federal Contract Tower,7,1,5,0,13,0,0,0,0,0,7,1,5,0,13,0,0,0,13
12/21/2015,YKM,WA,ANM,WE,Federal Contract Tower,6,9,1,0,16,0,0,0,0,0,6,9,1,0,16,0,0,0,16
12/22/2015,YKM,WA,ANM,WE,Federal Contract Tower,6,16,7,4,33,0,2,4,1,7,6,18,11,5,40,11,0,11,51
12/23/2015,YKM,WA,ANM,WE,Federal Contract Tower,5,18,4,5,32,0,2,12,1,15,5,20,16,6,47,18,0,18,65
12/24/2015,YKM,WA,ANM,WE,Federal Contract Tower,5,22,8,0,35,0,0,7,0,7,5,22,15,0,42,13,0,13,55
12/25/2015,YKM,WA,ANM,WE,Federal Contract Tower,2,3,3,0,8,0,0,6,0,6,2,3,9,0,14,2,0,2,16
12/26/2015,YKM,WA,ANM,WE,Federal Contract Tower,6,6,7,0,19,0,0,2,0,2,6,6,9,0,21,2,0,2,23
12/27/2015,YKM,WA,ANM,WE,Federal Contract Tower,6,3,5,0,14,0,0,0,0,0,6,3,5,0,14,12,0,12,26
12/28/2015,YKM,WA,ANM,WE,Federal Contract Tower,6,6,8,2,22,0,0,11,0,11,6,6,19,2,33,24,0,24,57
12/29/2015,YKM,WA,ANM,WE,Federal Contract Tower,7,12,1,2,22,0,0,13,0,13,7,12,14,2,35,14,0,14,49
12/30/2015,YKM,WA,ANM,WE,Federal Contract Tower,6,14,8,5,33,0,1,48,2,51,6,15,56,7,84,12,12,24,108
12/31/2015,YKM,WA,ANM,WE,Federal Contract Tower,3,10,3,0,16,0,0,26,0,26,3,10,29,0,42,4,0,4,46
01/01/2016,YKM,WA,ANM,WE,Federal Contract Tower,3,4,10,0,17,0,0,6,0,6,3,4,16,0,23,6,0,6,29
01/02/2016,YKM,WA,ANM,WE,Federal Contract Tower,11,10,7,0,28,0,0,11,0,11,11,10,18,0,39,136,0,136,175
01/03/2016,YKM,WA,ANM,WE,Federal Contract Tower,6,2,10,0,18,0,0,0,0,0,6,2,10,0,18,0,0,0,18
01/04/2016,YKM,WA,ANM,WE,Federal Contract Tower,7,8,5,3,23,0,0,3,1,4,7,8,8,4,27,4,0,4,31
01/05/2016,YKM,WA,ANM,WE,Federal Contract Tower,4,10,6,0,20,0,0,0,0,0,4,10,6,0,20,0,0,0,20
01/06/2016,YKM,WA,ANM,WE,Federal Contract Tower,6,13,8,0,27,0,0,0,0,0,6,13,8,0,27,0,0,0,27
01/07/2016,YKM,WA,ANM,WE,Federal Contract Tower,6,10,11,0,27,0,0,0,0,0,6,10,11,0,27,0,0,0,27
01/08/2016,YKM,WA,ANM,WE,Federal Contract Tower,4,6,8,0,18,0,0,2,0,2,4,6,10,0,20,4,0,4,24
01/09/2016,YKM,WA,ANM,WE,Federal Contract Tower,7,6,6,4,23,0,0,9,0,9,7,6,15,4,32,64,0,64,96
01/10/2016,YKM,WA,ANM,WE,Federal Contract Tower,6,2,7,0,15,0,0,18,0,18,6,2,25,0,33,54,0,54,87
01/11/2016,YKM,WA,ANM,WE,Federal Contract Tower,6,6,9,1,22,0,0,4,1,5,6,6,13,2,27,8,4,12,39
01/12/2016,YKM,WA,ANM,WE,Federal Contract Tower,6,13,3,0,22,0,0,4,0,4,6,13,7,0,26,12,0,12,38
01/13/2016,YKM,WA,ANM,WE,Federal Contract Tower,6,13,6,0,25,0,0,3,2,5,6,13,9,2,30,12,8,20,50
01/14/2016,YKM,WA,ANM,WE,Federal Contract Tower,6,10,23,1,40,0,0,49,5,54,6,10,72,6,94,6,0,6,100
01/15/2016,YKM,WA,ANM,WE,Federal Contract Tower,6,12,17,4,39,0,0,14,0,14,6,12,31,4,53,86,0,86,139
01/16/2016,YKM,WA,ANM,WE,Federal Contract Tower,6,11,0,0,17,0,0,1,0,1,6,11,1,0,18,34,0,34,52
01/17/2016,YKM,WA,ANM,WE,Federal Contract Tower,6,5,3,0,14,0,0,0,0,0,6,5,3,0,14,0,0,0,14
01/18/2016,YKM,WA,ANM,WE,Federal Contract Tower,6,6,4,0,16,0,0,0,0,0,6,6,4,0,16,0,0,0,16
01/19/2016,YKM,WA,ANM,WE,Federal Contract Tower,6,8,4,0,18,0,0,0,2,2,6,8,4,2,20,0,6,6,26
01/20/2016,YKM,WA,ANM,WE,Federal Contract Tower,1,9,9,0,19,0,0,0,0,0,1,9,9,0,19,0,0,0,19
01/21/2016,YKM,WA,ANM,WE,Federal Contract Tower,6,12,15,0,33,0,0,13,0,13,6,12,28,0,46,48,0,48,94
01/22/2016,YKM,WA,ANM,WE,Federal Contract Tower,6,12,10,0,28,0,0,28,0,28,6,12,38,0,56,68,0,68,124
01/23/2016,YKM,WA,ANM,WE,Federal Contract Tower,5,6,4,0,15,0,0,17,0,17,5,6,21,0,32,56,0,56,88
01/24/2016,YKM,WA,ANM,WE,Federal Contract Tower,6,0,28,0,34,0,0,51,0,51,6,0,79,0,85,70,0,70,155
01/25/2016,YKM,WA,ANM,WE,Federal Contract Tower,6,6,14,0,26,0,2,23,0,25,6,8,37,0,51,42,0,42,93
01/26/2016,YKM,WA,ANM,WE,Federal Contract Tower,6,11,9,0,26,0,0,8,2,10,6,11,17,2,36,4,18,22,58
01/27/2016,YKM,WA,ANM,WE,Federal Contract Tower,4,16,2,4,26,0,0,1,0,1,4,16,3,4,27,0,0,0,27
01/28/2016,YKM,WA,ANM,WE,Federal Contract Tower,6,10,2,6,24,0,1,9,0,10,6,11,11,6,34,60,0,60,94
01/29/2016,YKM,WA,ANM,WE,Federal Contract Tower,6,10,7,0,23,0,0,6,0,6,6,10,13,0,29,18,0,18,47
01/30/2016,YKM,WA,ANM,WE,Federal Contract Tower,5,6,14,0,25,0,0,21,0,21,5,6,35,0,46,92,0,92,138
01/31/2016,YKM,WA,ANM,WE,Federal Contract Tower,8,1,7,3,19,0,0,21,1,22,8,1,28,4,41,80,0,80,121
02/01/2016,YKM,WA,ANM,WE,Federal Contract Tower,6,7,11,15,39,0,1,23,2,26,6,8,34,17,65,42,14,56,121
02/02/2016,YKM,WA,ANM,WE,Federal Contract Tower,6,9,20,7,42,0,1,29,2,32,6,10,49,9,74,46,8,54,128
02/03/2016,YKM,WA,ANM,WE,Federal Contract Tower,4,17,10,0,31,0,0,14,0,14,4,17,24,0,45,142,0,142,187
02/04/2016,YKM,WA,ANM,WE,Federal Contract Tower,8,13,9,0,30,0,0,3,0,3,8,13,12,0,33,0,0,0,33
02/05/2016,YKM,WA,ANM,WE,Federal Contract Tower,6,13,11,0,30,0,0,20,0,20,6,13,31,0,50,73,2,75,125
02/06/2016,YKM,WA,ANM,WE,Federal Contract Tower,5,7,6,0,18,0,0,16,0,16,5,7,22,0,34,108,14,122,156
02/07/2016,YKM,WA,ANM,WE,Federal Contract Tower,6,2,6,1,15,0,0,41,1,42,6,2,47,2,57,80,0,80,137
02/08/2016,YKM,WA,ANM,WE,Federal Contract Tower,8,7,20,0,35,0,1,23,0,24,8,8,43,0,59,52,0,52,111
02/09/2016,YKM,WA,ANM,WE,Federal Contract Tower,7,9,13,0,29,0,3,24,2,29,7,12,37,2,58,20,0,20,78
02/10/2016,YKM,WA,ANM,WE,Federal Contract Tower,6,11,10,1,28,0,0,25,1,26,6,11,35,2,54,8,0,8,62
02/11/2016,YKM,WA,ANM,WE,Federal Contract Tower,8,9,12,0,29,0,1,3,0,4,8,10,15,0,33,0,0,0,33
02/12/2016,YKM,WA,ANM,WE,Federal Contract Tower,6,11,10,0,27,0,0,0,0,0,6,11,10,0,27,0,0,0,27
02/13/2016,YKM,WA,ANM,WE,Federal Contract Tower,5,3,7,0,15,0,0,4,0,4,5,3,11,0,19,6,0,6,25
02/14/2016,YKM,WA,ANM,WE,Federal Contract Tower,6,2,9,0,17,0,0,11,0,11,6,2,20,0,28,26,0,26,54
02/15/2016,YKM,WA,ANM,WE,Federal Contract Tower,6,14,13,0,33,0,3,18,2,23,6,17,31,2,56,50,0,50,106
02/16/2016,YKM,WA,ANM,WE,Federal Contract Tower,6,9,20,1,36,0,0,31,1,32,6,9,51,2,68,38,0,38,106
02/17/2016,YKM,WA,ANM,WE,Federal Contract Tower,6,10,12,6,34,0,0,22,4,26,6,10,34,10,60,34,50,84,144
02/18/2016,YKM,WA,ANM,WE,Federal Contract Tower,6,12,11,0,29,0,4,14,2,20,6,16,25,2,49,58,0,58,107
02/19/2016,YKM,WA,ANM,WE,Federal Contract Tower,6,11,6,0,23,0,0,11,0,11,6,11,17,0,34,6,0,6,40
02/20/2016,YKM,WA,ANM,WE,Federal Contract Tower,5,2,0,0,7,0,3,28,0,31,5,5,28,0,38,22,0,22,60
02/21/2016,YKM,WA,ANM,WE,Federal Contract Tower,8,1,4,0,13,0,0,18,0,18,8,1,22,0,31,80,0,80,111
02/22/2016,YKM,WA,ANM,WE,Federal Contract Tower,6,5,13,5,29,0,2,33,1,36,6,7,46,6,65,64,10,74,139
02/23/2016,YKM,WA,ANM,WE,Federal Contract Tower,6,11,7,2,26,0,0,56,5,61,6,11,63,7,87,42,43,85,172
02/24/2016,YKM,WA,ANM,WE,Federal Contract Tower,6,11,13,0,30,0,0,26,2,28,6,11,39,2,58,48,34,82,140
02/25/2016,YKM,WA,ANM,WE,Federal Contract Tower,8,10,16,5,39,0,0,47,8,55,8,10,63,13,94,56,30,86,180
02/26/2016,YKM,WA,ANM,WE,Federal Contract Tower,6,12,18,2,38,0,0,55,1,56,6,12,73,3,94,32,2,34,128
02/27/2016,YKM,WA,ANM,WE,Federal Contract Tower,5,5,9,0,19,0,0,35,0,35,5,5,44,0,54,64,0,64,118
02/28/2016,YKM,WA,ANM,WE,Federal Contract Tower,6,1,15,2,24,0,0,7,1,8,6,1,22,3,32,4,14,18,50
02/29/2016,YKM,WA,ANM,WE,Federal Contract Tower,6,6,17,0,29,0,0,35,2,37,6,6,52,2,66,8,16,24,90
03/01/2016,YKM,WA,ANM,WE,Federal Contract Tower,9,13,5,0,27,0,0,0,0,0,9,13,5,0,27,0,0,0,27
03/02/2016,YKM,WA,ANM,WE,Federal Contract Tower,10,8,22,2,42,0,2,51,6,59,10,10,73,8,101,66,8,74,175
03/03/2016,YKM,WA,ANM,WE,Federal Contract Tower,8,8,13,0,29,0,1,49,3,53,8,9,62,3,82,36,4,40,122
03/04/2016,YKM,WA,ANM,WE,Federal Contract Tower,6,14,14,0,34,0,1,24,0,25,6,15,38,0,59,16,0,16,75
03/05/2016,YKM,WA,ANM,WE,Federal Contract Tower,5,5,4,0,14,0,1,35,0,36,5,6,39,0,50,44,0,44,94
03/06/2016,YKM,WA,ANM,WE,Federal Contract Tower,6,4,2,0,12,0,0,7,2,9,6,4,9,2,21,18,8,26,47
03/07/2016,YKM,WA,ANM,WE,Federal Contract Tower,6,6,10,2,24,0,0,17,0,17,6,6,27,2,41,4,6,10,51
03/08/2016,YKM,WA,ANM,WE,Federal Contract Tower,6,13,13,4,36,0,2,25,0,27,6,15,38,4,63,78,8,86,149
03/09/2016,YKM,WA,ANM,WE,Federal Contract Tower,6,10,12,4,32,0,3,4,2,9,6,13,16,6,41,18,0,18,59
03/10/2016,YKM,WA,ANM,WE,Federal Contract Tower,6,7,6,0,19,0,2,15,0,17,6,9,21,0,36,12,0,12,48
03/11/2016,YKM,WA,ANM,WE,Federal Contract Tower,6,13,13,7,39,0,1,26,0,27,6,14,39,7,66,36,6,42,108
03/12/2016,YKM,WA,ANM,WE,Federal Contract Tower,5,7,1,0,13,0,0,10,0,10,5,7,11,0,23,6,0,6,29
03/13/2016,YKM,WA,ANM,WE,Federal Contract Tower,8,0,7,0,15,0,0,8,0,8,8,0,15,0,23,36,0,36,59
03/14/2016,YKM,WA,ANM,WE,Federal Contract Tower,6,7,26,3,42,0,1,15,2,18,6,8,41,5,60,40,40,80,140
03/15/2016,YKM,WA,ANM,WE,Federal Contract Tower,4,10,21,0,35,0,1,44,0,45,4,11,65,0,80,54,0,54,134
03/16/2016,YKM,WA,ANM,WE,Federal Contract Tower,6,11,18,1,36,0,3,52,2,57,6,14,70,3,93,26,0,26,119
03/17/2016,YKM,WA,ANM,WE,Federal Contract Tower,6,9,11,0,26,0,3,50,0,53,6,12,61,0,79,24,0,24,103
03/18/2016,YKM,WA,ANM,WE,Federal Contract Tower,6,8,15,0,29,0,1,55,0,56,6,9,70,0,85,28,0,28,113
03/19/2016,YKM,WA,ANM,WE,Federal Contract Tower,5,6,8,0,19,0,1,42,0,43,5,7,50,0,62,26,0,26,88
03/20/2016,YKM,WA,ANM,WE,Federal Contract Tower,6,0,4,0,10,0,0,34,0,34,6,0,38,0,44,46,0,46,90
03/21/2016,YKM,WA,ANM,WE,Federal Contract Tower,6,6,9,0,21,0,1,17,0,18,6,7,26,0,39,42,0,42,81
03/22/2016,YKM,WA,ANM,WE,Federal Contract Tower,5,13,12,0,30,0,2,10,1,13,5,15,22,1,43,8,4,12,55
03/23/2016,YKM,WA,ANM,WE,Federal Contract Tower,4,8,14,0,26,0,2,32,0,34,4,10,46,0,60,18,8,26,86
03/24/2016,YKM,WA,ANM,WE,Federal Contract Tower,6,12,8,0,26,0,2,5,0,7,6,14,13,0,33,0,6,6,39
03/25/2016,YKM,WA,ANM,WE,Federal Contract Tower,5,8,11,3,27,0,4,57,6,67,5,12,68,9,94,70,0,70,164
03/26/2016,YKM,WA,ANM,WE,Federal Contract Tower,4,4,10,0,18,0,2,46,0,48,4,6,56,0,66,32,0,32,98
03/27/2016,YKM,WA,ANM,WE,Federal Contract Tower,6,2,2,0,10,0,0,5,0,5,6,2,7,0,15,6,0,6,21
03/28/2016,YKM,WA,ANM,WE,Federal Contract Tower,6,4,8,2,20,0,1,20,0,21,6,5,28,2,41,32,10,42,83
03/29/2016,YKM,WA,ANM,WE,Federal Contract Tower,4,10,11,2,27,0,2,30,1,33,4,12,41,3,60,30,3,33,93
03/30/2016,YKM,WA,ANM,WE,Federal Contract Tower,4,8,13,13,38,0,3,84,1,88,4,11,97,14,126,98,0,98,224
03/31/2016,YKM,WA,ANM,WE,Federal Contract Tower,6,10,29,0,45,0,1,65,2,68,6,11,94,2,113,30,0,30,143
04/01/2016,YKM,WA,ANM,WE,Federal Contract Tower,7,9,28,0,44,0,2,55,0,57,7,11,83,0,101,76,0,76,177
04/02/2016,YKM,WA,ANM,WE,Federal Contract Tower,6,3,14,0,23,0,1,52,0,53,6,4,66,0,76,22,0,22,98
04/03/2016,YKM,WA,ANM,WE,Federal Contract Tower,7,0,8,0,15,0,0,53,2,55,7,0,61,2,70,24,0,24,94
04/04/2016,YKM,WA,ANM,WE,Federal Contract Tower,7,4,11,0,22,0,1,9,3,13,7,5,20,3,35,0,4,4,39
04/05/2016,YKM,WA,ANM,WE,Federal Contract Tower,4,12,24,0,40,0,1,30,0,31,4,13,54,0,71,66,4,70,141
04/06/2016,YKM,WA,ANM,WE,Federal Contract Tower,4,13,18,0,35,0,0,61,2,63,4,13,79,2,98,26,0,26,124
04/07/2016,YKM,WA,ANM,WE,Federal Contract Tower,6,10,18,11,45,0,1,42,1,44,6,11,60,12,89,38,12,50,139
04/08/2016,YKM,WA,ANM,WE,Federal Contract Tower,10,12,15,1,38,0,2,47,1,50,10,14,62,2,88,34,0,34,122
04/09/2016,YKM,WA,ANM,WE,Federal Contract Tower,12,4,10,0,26,0,2,47,2,51,12,6,57,2,77,74,10,84,161
04/10/2016,YKM,WA,ANM,WE,Federal Contract Tower,7,0,8,2,17,0,0,40,0,40,7,0,48,2,57,92,12,104,161
04/11/2016,YKM,WA,ANM,WE,Federal Contract Tower,7,5,14,2,28,0,1,38,0,39,7,6,52,2,67,78,0,78,145
04/12/2016,YKM,WA,ANM,WE,Federal Contract Tower,6,11,35,3,55,0,0,29,1,30,6,11,64,4,85,22,42,64,149
04/13/2016,YKM,WA,ANM,WE,Federal Contract Tower,4,10,37,0,51,0,1,35,0,36,4,11,72,0,87,12,0,12,99
04/14/2016,YKM,WA,ANM,WE,Federal Contract Tower,7,10,17,3,37,0,0,33,4,37,7,10,50,7,74,62,16,78,152
04/15/2016,YKM,WA,ANM,WE,Federal Contract Tower,6,8,17,5,36,0,2,52,1,55,6,10,69,6,91,76,6,82,173
04/16/2016,YKM,WA,ANM,WE,Federal Contract Tower,6,5,6,1,18,0,1,57,5,63,6,6,63,6,81,26,0,26,107
04/17/2016,YKM,WA,ANM,WE,Federal Contract Tower,7,3,7,0,17,0,0,35,0,35,7,3,42,0,52,38,6,44,96
04/18/2016,YKM,WA,ANM,WE,Federal Contract Tower,6,6,27,1,40,0,1,45,1,47,6,7,72,2,87,24,0,24,111
04/19/2016,YKM,WA,ANM,WE,Federal Contract Tower,4,13,14,0,31,0,1,35,0,36,4,14,49,0,67,38,0,38,105
04/20/2016,YKM,WA,ANM,WE,Federal Contract Tower,4,13,28,1,46,0,1,66,1,68,4,14,94,2,114,54,0,54,168
04/21/2016,YKM,WA,ANM,WE,Federal Contract Tower,7,9,31,0,47,0,0,59,2,61,7,9,90,2,108,82,0,82,190
04/22/2016,YKM,WA,ANM,WE,Federal Contract Tower,11,10,15,1,37,0,2,35,0,37,11,12,50,1,74,52,0,52,126
04/23/2016,YKM,WA,ANM,WE,Federal Contract Tower,6,7,14,1,28,0,4,26,1,31,6,11,40,2,59,22,0,22,81
04/24/2016,YKM,WA,ANM,WE,Federal Contract Tower,7,1,7,1,16,0,0,15,1,16,7,1,22,2,32,44,0,44,76
04/25/2016,YKM,WA,ANM,WE,Federal Contract Tower,6,7,21,1,35,0,1,23,3,27,6,8,44,4,62,6,4,10,72
04/26/2016,YKM,WA,ANM,WE,Federal Contract Tower,8,11,31,0,50,1,0,59,3,63,9,11,90,3,113,21,1,22,135
04/27/2016,YKM,WA,ANM,WE,Federal Contract Tower,4,8,39,2,53,0,1,51,0,52,4,9,90,2,105,20,0,20,125
04/28/2016,YKM,WA,ANM,WE,Federal Contract Tower,9,11,22,0,42,0,0,53,0,53,9,11,75,0,95,38,0,38,133
04/29/2016,YKM,WA,ANM,WE,Federal Contract Tower,7,9,13,1,30,0,1,22,1,24,7,10,35,2,54,14,0,14,68
04/30/2016,YKM,WA,ANM,WE,Federal Contract Tower,8,4,13,0,25,0,3,69,0,72,8,7,82,0,97,32,0,32,129
05/01/2016,YKM,WA,ANM,WE,Federal Contract Tower,9,4,16,0,29,0,0,44,0,44,9,4,60,0,73,88,0,88,161
05/02/2016,YKM,WA,ANM,WE,Federal Contract Tower,8,5,9,1,23,0,0,39,3,42,8,5,48,4,65,84,0,84,149
05/03/2016,YKM,WA,ANM,WE,Federal Contract Tower,5,14,13,0,32,0,0,50,0,50,5,14,63,0,82,47,0,47,129
05/04/2016,YKM,WA,ANM,WE,Federal Contract Tower,5,15,13,2,35,0,0,53,0,53,5,15,66,2,88,68,0,68,156
05/05/2016,YKM,WA,ANM,WE,Federal Contract Tower,7,12,14,0,33,0,1,16,0,17,7,13,30,0,50,0,0,0,50
05/06/2016,YKM,WA,ANM,WE,Federal Contract Tower,7,9,9,0,25,0,2,37,0,39,7,11,46,0,64,18,0,18,82
05/07/2016,YKM,WA,ANM,WE,Federal Contract Tower,6,8,7,0,21,0,0,78,0,78,6,8,85,0,99,16,0,16,115
05/08/2016,YKM,WA,ANM,WE,Federal Contract Tower,7,0,10,0,17,0,0,22,0,22,7,0,32,0,39,2,6,8,47
05/09/2016,YKM,WA,ANM,WE,Federal Contract Tower,6,8,10,0,24,0,0,20,0,20,6,8,30,0,44,8,0,8,52
05/10/2016,YKM,WA,ANM,WE,Federal Contract Tower,5,11,3,0,19,0,1,54,0,55,5,12,57,0,74,26,0,26,100
05/11/2016,YKM,WA,ANM,WE,Federal Contract Tower,4,11,5,0,20,0,2,51,0,53,4,13,56,0,73,44,0,44,117
05/12/2016,YKM,WA,ANM,WE,Federal Contract Tower,6,12,13,0,31,0,0,50,2,52,6,12,63,2,83,76,8,84,167
05/13/2016,YKM,WA,ANM,WE,Federal Contract Tower,5,10,16,0,31,0,2,42,0,44,5,12,58,0,75,22,0,22,97
05/14/2016,YKM,WA,ANM,WE,Federal Contract Tower,6,4,5,0,15,0,1,30,0,31,6,5,35,0,46,45,0,45,91
05/15/2016,YKM,WA,ANM,WE,Federal Contract Tower,7,5,20,0,32,0,0,14,0,14,7,5,34,0,46,42,0,42,88
05/16/2016,YKM,WA,ANM,WE,Federal Contract Tower,6,9,30,0,45,0,1,40,0,41,6,10,70,0,86,47,0,47,133
05/17/2016,YKM,WA,ANM,WE,Federal Contract Tower,4,11,27,0,42,0,0,56,0,56,4,11,83,0,98,38,0,38,136
05/18/2016,YKM,WA,ANM,WE,Federal Contract Tower,5,10,20,0,35,0,1,41,5,47,5,11,61,5,82,36,0,36,118
05/19/2016,YKM,WA,ANM,WE,Federal Contract Tower,7,9,16,1,33,0,4,32,4,40,7,13,48,5,73,14,0,14,87
05/20/2016,YKM,WA,ANM,WE,Federal Contract Tower,6,6,25,0,37,0,5,44,4,53,6,11,69,4,90,26,0,26,116
05/21/2016,YKM,WA,ANM,WE,Federal Contract Tower,6,4,7,0,17,0,2,20,1,23,6,6,27,1,40,22,0,22,62
05/22/2016,YKM,WA,ANM,WE,Federal Contract Tower,7,2,9,0,18,0,0,26,0,26,7,2,35,0,44,98,0,98,142
05/23/2016,YKM,WA,ANM,WE,Federal Contract Tower,7,5,10,0,22,0,2,28,2,32,7,7,38,2,54,14,0,14,68
05/24/2016,YKM,WA,ANM,WE,Federal Contract Tower,5,15,23,0,43,0,2,52,0,54,5,17,75,0,97,26,0,26,123
05/25/2016,YKM,WA,ANM,WE,Federal Contract Tower,4,15,7,0,26,0,4,52,0,56,4,19,59,0,82,16,0,16,98
05/26/2016,YKM,WA,ANM,WE,Federal Contract Tower,6,9,12,0,27,0,3,44,0,47,6,12,56,0,74,14,0,14,88
05/27/2016,YKM,WA,ANM,WE,Federal Contract Tower,7,10,17,0,34,0,1,40,0,41,7,11,57,0,75,24,0,24,99
05/28/2016,YKM,WA,ANM,WE,Federal Contract Tower,5,7,17,0,29,0,2,40,0,42,5,9,57,0,71,36,0,36,107
05/29/2016,YKM,WA,ANM,WE,Federal Contract Tower,3,0,3,0,6,0,1,24,0,25,3,1,27,0,31,40,0,40,71
05/30/2016,YKM,WA,ANM,WE,Federal Contract Tower,6,0,12,0,18,0,0,62,0,62,6,0,74,0,80,78,0,78,158
05/31/2016,YKM,WA,ANM,WE,Federal Contract Tower,8,8,15,0,31,1,1,48,0,50,9,9,63,0,81,24,0,24,105
06/01/2016,YKM,WA,ANM,WE,Federal Contract Tower,4,11,12,0,27,0,1,50,0,51,4,12,62,0,78,40,0,40,118
06/02/2016,YKM,WA,ANM,WE,Federal Contract Tower,6,12,20,4,42,0,1,35,0,36,6,13,55,4,78,34,12,46,124
06/03/2016,YKM,WA,ANM,WE,Federal Contract Tower,8,10,20,0,38,0,4,87,0,91,8,14,107,0,129,40,0,40,169
06/04/2016,YKM,WA,ANM,WE,Federal Contract Tower,8,7,11,0,26,0,3,59,2,64,8,10,70,2,90,8,12,20,110
06/05/2016,YKM,WA,ANM,WE,Federal Contract Tower,6,2,3,0,11,0,2,30,0,32,6,4,33,0,43,36,0,36,79
06/06/2016,YKM,WA,ANM,WE,Federal Contract Tower,7,9,6,0,22,0,4,47,0,51,7,13,53,0,73,18,0,18,91
06/07/2016,YKM,WA,ANM,WE,Federal Contract Tower,5,9,9,0,23,0,1,39,1,41,5,10,48,1,64,16,0,16,80
06/08/2016,YKM,WA,ANM,WE,Federal Contract Tower,5,15,7,1,28,0,7,24,1,32,5,22,31,2,60,6,0,6,66
06/09/2016,YKM,WA,ANM,WE,Federal Contract Tower,7,8,17,0,32,0,3,41,4,48,7,11,58,4,80,60,8,68,148
06/10/2016,YKM,WA,ANM,WE,Federal Contract Tower,7,17,15,3,42,0,2,41,1,44,7,19,56,4,86,8,0,8,94
06/11/2016,YKM,WA,ANM,WE,Federal Contract Tower,5,6,10,0,21,0,2,55,2,59,5,8,65,2,80,40,0,40,120
06/12/2016,YKM,WA,ANM,WE,Federal Contract Tower,6,1,13,0,20,0,0,54,0,54,6,1,67,0,74,2,0,2,76
06/13/2016,YKM,WA,ANM,WE,Federal Contract Tower,6,13,16,2,37,0,2,37,4,43,6,15,53,6,80,40,16,56,136
06/14/2016,YKM,WA,ANM,WE,Federal Contract Tower,7,13,5,0,25,0,4,27,0,31,7,17,32,0,56,76,0,76,132
06/15/2016,YKM,WA,ANM,WE,Federal Contract Tower,5,7,8,5,25,3,50,2,0,55,8,57,10,5,80,8,0,8,88
06/16/2016,YKM,WA,ANM,WE,Federal Contract Tower,7,10,9,0,26,0,1,26,0,27,7,11,35,0,53,44,0,44,97
06/17/2016,YKM,WA,ANM,WE,Federal Contract Tower,6,10,8,0,24,0,1,53,0,54,6,11,61,0,78,14,0,14,92
06/18/2016,YKM,WA,ANM,WE,Federal Contract Tower,6,8,6,0,20,0,0,41,0,41,6,8,47,0,61,12,0,12,73
06/19/2016,YKM,WA,ANM,WE,Federal Contract Tower,7,0,6,0,13,0,0,58,0,58,7,0,64,0,71,24,0,24,95
06/20/2016,YKM,WA,ANM,WE,Federal Contract Tower,7,7,6,0,20,0,1,48,0,49,7,8,54,0,69,12,0,12,81
06/21/2016,YKM,WA,ANM,WE,Federal Contract Tower,5,9,11,0,25,0,2,70,0,72,5,11,81,0,97,16,0,16,113
06/22/2016,YKM,WA,ANM,WE,Federal Contract Tower,11,8,17,0,36,1,2,60,0,63,12,10,77,0,99,28,0,28,127
06/23/2016,YKM,WA,ANM,WE,Federal Contract Tower,7,7,9,4,27,0,3,44,3,50,7,10,53,7,77,24,0,24,101
06/24/2016,YKM,WA,ANM,WE,Federal Contract Tower,3,10,11,2,26,0,1,22,1,24,3,11,33,3,50,2,8,10,60
06/25/2016,YKM,WA,ANM,WE,Federal Contract Tower,0,5,4,3,12,0,1,59,2,62,0,6,63,5,74,34,2,36,110
06/26/2016,YKM,WA,ANM,WE,Federal Contract Tower,7,0,6,0,13,0,0,39,0,39,7,0,45,0,52,12,0,12,64
06/27/2016,YKM,WA,ANM,WE,Federal Contract Tower,6,4,16,0,26,0,3,51,0,54,6,7,67,0,80,32,0,32,112
06/28/2016,YKM,WA,ANM,WE,Federal Contract Tower,5,12,18,1,36,0,1,51,0,52,5,13,69,1,88,88,4,92,180
06/29/2016,YKM,WA,ANM,WE,Federal Contract Tower,5,9,13,2,29,0,1,75,4,80,5,10,88,6,109,46,8,54,163
06/30/2016,YKM,WA,ANM,WE,Federal Contract Tower,7,14,17,0,38,0,0,57,0,57,7,14,74,0,95,20,0,20,115
07/01/2016,YKM,WA,ANM,WE,Federal Contract Tower,7,12,11,0,30,0,2,93,0,95,7,14,104,0,125,24,0,24,149
07/02/2016,YKM,WA,ANM,WE,Federal Contract Tower,6,5,7,0,18,0,3,36,2,41,6,8,43,2,59,22,0,22,81
07/03/2016,YKM,WA,ANM,WE,Federal Contract Tower,4,0,6,0,10,0,0,13,0,13,4,0,19,0,23,40,0,40,63
07/04/2016,YKM,WA,ANM,WE,Federal Contract Tower,3,1,8,0,12,0,0,27,0,27,3,1,35,0,39,44,0,44,83
07/05/2016,YKM,WA,ANM,WE,Federal Contract Tower,3,10,11,0,24,0,1,35,0,36,3,11,46,0,60,44,0,44,104
07/06/2016,YKM,WA,ANM,WE,Federal Contract Tower,4,12,5,0,21,0,2,70,1,73,4,14,75,1,94,80,0,80,174
07/07/2016,YKM,WA,ANM,WE,Federal Contract Tower,6,10,12,0,28,0,0,34,0,34,6,10,46,0,62,36,0,36,98
07/08/2016,YKM,WA,ANM,WE,Federal Contract Tower,5,7,13,0,25,0,3,46,2,51,5,10,59,2,76,88,2,90,166
07/09/2016,YKM,WA,ANM,WE,Federal Contract Tower,5,4,6,0,15,0,2,30,0,32,5,6,36,0,47,26,0,26,73
07/10/2016,YKM,WA,ANM,WE,Federal Contract Tower,7,4,11,0,22,0,1,21,0,22,7,5,32,0,44,6,0,6,50
07/11/2016,YKM,WA,ANM,WE,Federal Contract Tower,7,6,11,0,24,0,2,52,0,54,7,8,63,0,78,186,0,186,264
07/12/2016,YKM,WA,ANM,WE,Federal Contract Tower,5,16,14,6,41,0,4,35,0,39,5,20,49,6,80,74,16,90,170
07/13/2016,YKM,WA,ANM,WE,Federal Contract Tower,5,10,15,0,30,0,1,73,0,74,5,11,88,0,104,65,0,65,169
07/14/2016,YKM,WA,ANM,WE,Federal Contract Tower,5,11,13,0,29,0,3,48,0,51,5,14,61,0,80,26,0,26,106
07/15/2016,YKM,WA,ANM,WE,Federal Contract Tower,5,9,20,0,34,0,2,53,2,57,5,11,73,2,91,68,2,70,161
07/16/2016,YKM,WA,ANM,WE,Federal Contract Tower,6,5,13,0,24,0,1,51,0,52,6,6,64,0,76,50,0,50,126
07/17/2016,YKM,WA,ANM,WE,Federal Contract Tower,9,0,8,0,17,0,0,37,2,39,9,0,45,2,56,32,0,32,88
07/18/2016,YKM,WA,ANM,WE,Federal Contract Tower,7,8,7,0,22,0,0,17,0,17,7,8,24,0,39,12,0,12,51
07/19/2016,YKM,WA,ANM,WE,Federal Contract Tower,5,12,22,0,39,0,5,49,8,62,5,17,71,8,101,56,2,58,159
07/20/2016,YKM,WA,ANM,WE,Federal Contract Tower,5,9,11,5,30,0,5,64,1,70,5,14,75,6,100,36,0,36,136
07/21/2016,YKM,WA,ANM,WE,Federal Contract Tower,9,11,11,0,31,0,3,48,0,51,9,14,59,0,82,48,0,48,130
07/22/2016,YKM,WA,ANM,WE,Federal Contract Tower,5,13,11,0,29,0,0,40,0,40,5,13,51,0,69,14,0,14,83
07/23/2016,YKM,WA,ANM,WE,Federal Contract Tower,5,5,7,0,17,0,3,52,0,55,5,8,59,0,72,54,0,54,126
07/24/2016,YKM,WA,ANM,WE,Federal Contract Tower,7,0,16,0,23,0,3,29,0,32,7,3,45,0,55,20,6,26,81
07/25/2016,YKM,WA,ANM,WE,Federal Contract Tower,7,6,11,0,24,0,0,37,1,38,7,6,48,1,62,24,0,24,86
07/26/2016,YKM,WA,ANM,WE,Federal Contract Tower,5,10,1,1,17,0,1,31,5,37,5,11,32,6,54,12,6,18,72
07/27/2016,YKM,WA,ANM,WE,Federal Contract Tower,5,12,16,2,35,0,1,58,0,59,5,13,74,2,94,54,16,70,164
07/28/2016,YKM,WA,ANM,WE,Federal Contract Tower,5,8,5,0,18,0,1,58,0,59,5,9,63,0,77,24,0,24,101
07/29/2016,YKM,WA,ANM,WE,Federal Contract Tower,3,11,22,0,36,0,2,71,0,73,3,13,93,0,109,50,0,50,159
07/30/2016,YKM,WA,ANM,WE,Federal Contract Tower,13,10,6,1,30,1,3,36,1,41,14,13,42,2,71,36,2,38,109
07/31/2016,YKM,WA,ANM,WE,Federal Contract Tower,5,0,8,0,13,0,1,47,0,48,5,1,55,0,61,12,0,12,73
08/01/2016,YKM,WA,ANM,WE,Federal Contract Tower,6,6,11,0,23,0,1,56,0,57,6,7,67,0,80,24,0,24,104
08/02/2016,YKM,WA,ANM,WE,Federal Contract Tower,8,13,8,3,32,1,2,31,1,35,9,15,39,4,67,2,0,2,69
08/03/2016,YKM,WA,ANM,WE,Federal Contract Tower,9,10,25,0,44,0,1,59,0,60,9,11,84,0,104,10,0,10,114
08/04/2016,YKM,WA,ANM,WE,Federal Contract Tower,7,11,11,0,29,0,2,51,0,53,7,13,62,0,82,54,0,54,136
08/05/2016,YKM,WA,ANM,WE,Federal Contract Tower,7,9,5,2,23,0,2,51,0,53,7,11,56,2,76,38,0,38,114
08/06/2016,YKM,WA,ANM,WE,Federal Contract Tower,4,7,3,0,14,0,4,54,0,58,4,11,57,0,72,8,0,8,80
08/07/2016,YKM,WA,ANM,WE,Federal Contract Tower,7,3,12,0,22,0,2,47,0,49,7,5,59,0,71,22,0,22,93
08/08/2016,YKM,WA,ANM,WE,Federal Contract Tower,7,7,5,0,19,0,2,36,0,38,7,9,41,0,57,58,0,58,115
08/09/2016,YKM,WA,ANM,WE,Federal Contract Tower,5,13,4,0,22,0,0,33,0,33,5,13,37,0,55,53,0,53,108
08/10/2016,YKM,WA,ANM,WE,Federal Contract Tower,5,12,5,0,22,0,0,66,0,66,5,12,71,0,88,42,0,42,130
08/11/2016,YKM,WA,ANM,WE,Federal Contract Tower,7,8,6,0,21,0,3,51,4,58,7,11,57,4,79,51,0,51,130
08/12/2016,YKM,WA,ANM,WE,Federal Contract Tower,7,9,7,0,23,0,2,77,0,79,7,11,84,0,102,48,0,48,150
08/13/2016,YKM,WA,ANM,WE,Federal Contract Tower,6,4,2,0,12,0,2,65,2,69,6,6,67,2,81,26,2,28,109
08/14/2016,YKM,WA,ANM,WE,Federal Contract Tower,7,0,8,0,15,0,1,47,0,48,7,1,55,0,63,14,0,14,77
08/15/2016,YKM,WA,ANM,WE,Federal Contract Tower,6,6,10,1,23,0,0,45,0,45,6,6,55,1,68,20,6,26,94
08/16/2016,YKM,WA,ANM,WE,Federal Contract Tower,5,10,9,2,26,0,4,27,2,33,5,14,36,4,59,70,2,72,131
08/17/2016,YKM,WA,ANM,WE,Federal Contract Tower,5,9,11,0,25,0,4,57,0,61,5,13,68,0,86,62,0,62,148
08/18/2016,YKM,WA,ANM,WE,Federal Contract Tower,7,10,15,0,32,0,0,59,2,61,7,10,74,2,93,52,14,66,159
08/19/2016,YKM,WA,ANM,WE,Federal Contract Tower,6,8,19,0,33,0,4,53,2,59,6,12,72,2,92,12,14,26,118
08/20/2016,YKM,WA,ANM,WE,Federal Contract Tower,6,3,5,0,14,0,5,70,0,75,6,8,75,0,89,42,0,42,131
08/21/2016,YKM,WA,ANM,WE,Federal Contract Tower,7,1,8,0,16,0,0,41,0,41,7,1,49,0,57,32,0,32,89
08/22/2016,YKM,WA,ANM,WE,Federal Contract Tower,7,5,17,2,31,0,1,31,0,32,7,6,48,2,63,26,8,34,97
08/23/2016,YKM,WA,ANM,WE,Federal Contract Tower,5,9,10,7,31,0,1,59,5,65,5,10,69,12,96,42,2,44,140
08/24/2016,YKM,WA,ANM,WE,Federal Contract Tower,5,10,6,1,22,0,0,54,2,56,5,10,60,3,78,52,0,52,130
08/25/2016,YKM,WA,ANM,WE,Federal Contract Tower,6,11,12,0,29,0,4,53,2,59,6,15,65,2,88,86,8,94,182
08/26/2016,YKM,WA,ANM,WE,Federal Contract Tower,6,9,8,0,23,0,5,66,0,71,6,14,74,0,94,32,0,32,126
08/27/2016,YKM,WA,ANM,WE,Federal Contract Tower,6,3,10,0,19,0,2,40,0,42,6,5,50,0,61,28,0,28,89
08/28/2016,YKM,WA,ANM,WE,Federal Contract Tower,6,5,11,0,22,0,3,39,0,42,6,8,50,0,64,10,0,10,74
08/29/2016,YKM,WA,ANM,WE,Federal Contract Tower,7,3,5,0,15,0,3,48,0,51,7,6,53,0,66,44,0,44,110
08/30/2016,YKM,WA,ANM,WE,Federal Contract Tower,5,13,4,2,24,0,0,65,3,68,5,13,69,5,92,64,10,74,166
08/31/2016,YKM,WA,ANM,WE,Federal Contract Tower,5,13,8,2,28,0,0,35,4,39,5,13,43,6,67,40,0,40,107
09/01/2016,YKM,WA,ANM,WE,Federal Contract Tower,9,8,9,0,26,0,2,32,0,34,9,10,41,0,60,38,0,38,98
09/02/2016,YKM,WA,ANM,WE,Federal Contract Tower,7,9,10,0,26,0,4,53,2,59,7,13,63,2,85,110,2,112,197
09/03/2016,YKM,WA,ANM,WE,Federal Contract Tower,5,9,7,1,22,0,5,52,2,59,5,14,59,3,81,128,0,128,209
09/04/2016,YKM,WA,ANM,WE,Federal Contract Tower,5,2,4,0,11,0,3,32,0,35,5,5,36,0,46,66,0,66,112
09/05/2016,YKM,WA,ANM,WE,Federal Contract Tower,3,2,8,0,13,0,1,37,0,38,3,3,45,0,51,28,0,28,79
09/06/2016,YKM,WA,ANM,WE,Federal Contract Tower,5,7,11,3,26,0,0,33,4,37,5,7,44,7,63,40,2,42,105
09/07/2016,YKM,WA,ANM,WE,Federal Contract Tower,5,10,9,1,25,0,3,43,0,46,5,13,52,1,71,30,0,30,101
09/08/2016,YKM,WA,ANM,WE,Federal Contract Tower,7,9,5,2,23,0,2,58,0,60,7,11,63,2,83,70,0,70,153
09/09/2016,YKM,WA,ANM,WE,Federal Contract Tower,7,12,8,0,27,0,2,69,0,71,7,14,77,0,98,72,0,72,170
09/10/2016,YKM,WA,ANM,WE,Federal Contract Tower,5,9,13,0,27,0,5,57,0,62,5,14,70,0,89,20,0,20,109
09/11/2016,YKM,WA,ANM,WE,Federal Contract Tower,7,2,7,0,16,0,2,36,0,38,7,4,43,0,54,4,0,4,58
09/12/2016,YKM,WA,ANM,WE,Federal Contract Tower,7,7,9,0,23,0,4,30,0,34,7,11,39,0,57,16,0,16,73
09/13/2016,YKM,WA,ANM,WE,Federal Contract Tower,5,12,9,1,27,0,4,48,1,53,5,16,57,2,80,44,12,56,136
09/14/2016,YKM,WA,ANM,WE,Federal Contract Tower,4,12,22,0,38,0,2,56,0,58,4,14,78,0,96,42,0,42,138
09/15/2016,YKM,WA,ANM,WE,Federal Contract Tower,7,10,25,0,42,0,3,68,0,71,7,13,93,0,113,34,2,36,149
09/16/2016,YKM,WA,ANM,WE,Federal Contract Tower,7,11,22,0,40,0,1,67,0,68,7,12,89,0,108,71,0,71,179
09/17/2016,YKM,WA,ANM,WE,Federal Contract Tower,5,8,8,0,21,0,2,25,0,27,5,10,33,0,48,42,0,42,90
09/18/2016,YKM,WA,ANM,WE,Federal Contract Tower,7,2,5,0,14,0,2,30,0,32,7,4,35,0,46,54,0,54,100
09/19/2016,YKM,WA,ANM,WE,Federal Contract Tower,7,5,12,0,24,0,0,29,0,29,7,5,41,0,53,40,0,40,93
09/20/2016,YKM,WA,ANM,WE,Federal Contract Tower,5,9,18,0,32,0,1,38,4,43,5,10,56,4,75,10,14,24,99
09/21/2016,YKM,WA,ANM,WE,Federal Contract Tower,7,7,1,6,21,0,4,35,2,41,7,11,36,8,62,10,0,10,72
09/22/2016,YKM,WA,ANM,WE,Federal Contract Tower,7,12,7,2,28,0,2,48,0,50,7,14,55,2,78,38,0,38,116
09/23/2016,YKM,WA,ANM,WE,Federal Contract Tower,7,11,6,1,25,0,0,26,1,27,7,11,32,2,52,72,0,72,124
09/24/2016,YKM,WA,ANM,WE,Federal Contract Tower,5,5,4,0,14,0,1,46,2,49,5,6,50,2,63,82,6,88,151
09/25/2016,YKM,WA,ANM,WE,Federal Contract Tower,7,2,8,0,17,0,2,37,1,40,7,4,45,1,57,86,40,126,183
09/26/2016,YKM,WA,ANM,WE,Federal Contract Tower,6,9,9,1,25,0,0,29,1,30,6,9,38,2,55,62,0,62,117
09/27/2016,YKM,WA,ANM,WE,Federal Contract Tower,4,10,6,0,20,0,0,30,0,30,4,10,36,0,50,40,0,40,90
09/28/2016,YKM,WA,ANM,WE,Federal Contract Tower,4,11,12,2,29,0,4,41,4,49,4,15,53,6,78,60,18,78,156
09/29/2016,YKM,WA,ANM,WE,Federal Contract Tower,6,10,7,0,23,0,9,21,0,30,6,19,28,0,53,18,0,18,71
09/30/2016,YKM,WA,ANM,WE,Federal Contract Tower,6,9,11,0,26,0,1,45,1,47,6,10,56,1,73,44,0,44,117
10/01/2016,YKM,WA,ANM,WE,Federal Contract Tower,4,9,10,0,23,0,3,22,2,27,4,12,32,2,50,8,6,14,64
10/02/2016,YKM,WA,ANM,WE,Federal Contract Tower,6,1,6,0,13,0,2,25,2,29,6,3,31,2,42,40,2,42,84
10/03/2016,YKM,WA,ANM,WE,Federal Contract Tower,6,6,10,0,22,0,0,20,2,22,6,6,30,2,44,4,8,12,56
10/04/2016,YKM,WA,ANM,WE,Federal Contract Tower,4,11,4,0,19,0,4,28,1,33,4,15,32,1,52,18,0,18,70
10/05/2016,YKM,WA,ANM,WE,Federal Contract Tower,4,13,12,2,31,0,3,30,0,33,4,16,42,2,64,27,0,27,91
10/06/2016,YKM,WA,ANM,WE,Federal Contract Tower,6,9,11,1,27,0,2,49,2,53,6,11,60,3,80,68,0,68,148
10/07/2016,YKM,WA,ANM,WE,Federal Contract Tower,6,13,4,0,23,0,0,25,0,25,6,13,29,0,48,9,0,9,57
10/08/2016,YKM,WA,ANM,WE,Federal Contract Tower,4,6,3,0,13,0,1,45,0,46,4,7,48,0,59,34,0,34,93
10/09/2016,YKM,WA,ANM,WE,Federal Contract Tower,6,3,10,0,19,0,0,12,2,14,6,3,22,2,33,0,0,0,33
10/10/2016,YKM,WA,ANM,WE,Federal Contract Tower,6,6,8,0,20,0,6,17,0,23,6,12,25,0,43,86,0,86,129
10/11/2016,YKM,WA,ANM,WE,Federal Contract Tower,4,12,1,1,18,0,1,45,3,49,4,13,46,4,67,36,0,36,103
10/12/2016,YKM,WA,ANM,WE,Federal Contract Tower,5,8,7,0,20,0,6,43,0,49,5,14,50,0,69,46,0,46,115
10/13/2016,YKM,WA,ANM,WE,Federal Contract Tower,6,11,14,4,35,0,0,3,0,3,6,11,17,4,38,6,0,6,44
10/14/2016,YKM,WA,ANM,WE,Federal Contract Tower,4,10,7,0,21,0,2,3,0,5,4,12,10,0,26,0,0,0,26
10/15/2016,YKM,WA,ANM,WE,Federal Contract Tower,7,5,10,0,22,0,3,4,0,7,7,8,14,0,29,0,0,0,29
10/16/2016,YKM,WA,ANM,WE,Federal Contract Tower,6,0,9,0,15,0,0,10,0,10,6,0,19,0,25,16,0,16,41
10/17/2016,YKM,WA,ANM,WE,Federal Contract Tower,6,5,12,1,24,0,1,22,0,23,6,6,34,1,47,106,0,106,153
10/18/2016,YKM,WA,ANM,WE,Federal Contract Tower,4,11,11,4,30,0,2,20,1,23,4,13,31,5,53,26,0,26,79
10/19/2016,YKM,WA,ANM,WE,Federal Contract Tower,4,17,6,0,27,0,5,38,0,43,4,22,44,0,70,78,0,78,148
10/20/2016,YKM,WA,ANM,WE,Federal Contract Tower,6,9,7,0,22,0,4,18,2,24,6,13,25,2,46,56,0,56,102
10/21/2016,YKM,WA,ANM,WE,Federal Contract Tower,8,9,24,0,41,0,1,48,2,51,8,10,72,2,92,18,0,18,110
10/22/2016,YKM,WA,ANM,WE,Federal Contract Tower,4,11,8,0,23,0,4,34,0,38,4,15,42,0,61,16,0,16,77
10/23/2016,YKM,WA,ANM,WE,Federal Contract Tower,6,1,4,0,11,0,0,23,0,23,6,1,27,0,34,60,0,60,94
10/24/2016,YKM,WA,ANM,WE,Federal Contract Tower,8,8,17,0,33,0,2,24,0,26,8,10,41,0,59,60,0,60,119
10/25/2016,YKM,WA,ANM,WE,Federal Contract Tower,4,10,12,0,26,0,1,30,0,31,4,11,42,0,57,16,0,16,73
10/26/2016,YKM,WA,ANM,WE,Federal Contract Tower,4,12,6,0,22,0,0,5,0,5,4,12,11,0,27,14,0,14,41
10/27/2016,YKM,WA,ANM,WE,Federal Contract Tower,6,11,3,0,20,0,1,8,0,9,6,12,11,0,29,12,0,12,41
10/28/2016,YKM,WA,ANM,WE,Federal Contract Tower,6,12,7,0,25,0,0,20,0,20,6,12,27,0,45,34,0,34,79
10/29/2016,YKM,WA,ANM,WE,Federal Contract Tower,7,8,14,0,29,0,0,14,0,14,7,8,28,0,43,24,0,24,67
10/30/2016,YKM,WA,ANM,WE,Federal Contract Tower,6,0,8,0,14,0,0,5,0,5,6,0,13,0,19,42,0,42,61
10/31/2016,YKM,WA,ANM,WE,Federal Contract Tower,6,5,17,0,28,0,1,19,2,22,6,6,36,2,50,30,4,34,84
11/01/2016,YKM,WA,ANM,WE,Federal Contract Tower,4,9,4,1,18,0,0,22,1,23,4,9,26,2,41,28,0,28,69
11/02/2016,YKM,WA,ANM,WE,Federal Contract Tower,4,16,13,0,33,0,1,70,0,71,4,17,83,0,104,40,0,40,144
11/03/2016,YKM,WA,ANM,WE,Federal Contract Tower,6,17,7,0,30,0,1,46,1,48,6,18,53,1,78,44,0,44,122
11/04/2016,YKM,WA,ANM,WE,Federal Contract Tower,6,11,11,0,28,0,1,55,6,62,6,12,66,6,90,18,14,32,122
11/05/2016,YKM,WA,ANM,WE,Federal Contract Tower,8,6,7,0,21,0,2,50,0,52,8,8,57,0,73,78,0,78,151
11/06/2016,YKM,WA,ANM,WE,Federal Contract Tower,6,1,6,0,13,0,0,34,0,34,6,1,40,0,47,38,0,38,85
11/07/2016,YKM,WA,ANM,WE,Federal Contract Tower,8,5,19,7,39,2,3,26,3,34,10,8,45,10,73,14,12,26,99
11/08/2016,YKM,WA,ANM,WE,Federal Contract Tower,7,9,10,0,26,0,2,51,1,54,7,11,61,1,80,58,0,58,138
11/09/2016,YKM,WA,ANM,WE,Federal Contract Tower,6,11,8,3,28,0,1,51,3,55,6,12,59,6,83,50,0,50,133
11/10/2016,YKM,WA,ANM,WE,Federal Contract Tower,10,8,9,0,27,0,3,48,0,51,10,11,57,0,78,28,0,28,106
11/11/2016,YKM,WA,ANM,WE,Federal Contract Tower,8,12,15,0,35,0,0,54,2,56,8,12,69,2,91,46,6,52,143
11/12/2016,YKM,WA,ANM,WE,Federal Contract Tower,4,8,8,0,20,0,2,11,0,13,4,10,19,0,33,38,0,38,71
11/13/2016,YKM,WA,ANM,WE,Federal Contract Tower,6,3,7,0,16,0,3,21,0,24,6,6,28,0,40,28,0,28,68
11/14/2016,YKM,WA,ANM,WE,Federal Contract Tower,8,5,16,4,33,0,1,24,0,25,8,6,40,4,58,38,0,38,96
11/15/2016,YKM,WA,ANM,WE,Federal Contract Tower,7,13,14,8,42,0,0,22,0,22,7,13,36,8,64,18,0,18,82
11/16/2016,YKM,WA,ANM,WE,Federal Contract Tower,8,9,7,2,26,0,1,24,0,25,8,10,31,2,51,6,0,6,57
11/17/2016,YKM,WA,ANM,WE,Federal Contract Tower,6,15,18,2,41,0,3,47,0,50,6,18,65,2,91,90,0,90,181
11/18/2016,YKM,WA,ANM,WE,Federal Contract Tower,6,15,7,0,28,0,2,24,2,28,6,17,31,2,56,32,0,32,88
11/19/2016,YKM,WA,ANM,WE,Federal Contract Tower,6,7,4,0,17,0,0,36,2,38,6,7,40,2,55,110,0,110,165
11/20/2016,YKM,WA,ANM,WE,Federal Contract Tower,6,2,8,0,16,0,0,28,2,30,6,2,36,2,46,46,0,46,92
11/21/2016,YKM,WA,ANM,WE,Federal Contract Tower,6,4,9,0,19,0,3,31,2,36,6,7,40,2,55,46,2,48,103
11/22/2016,YKM,WA,ANM,WE,Federal Contract Tower,8,13,8,4,33,2,2,31,4,39,10,15,39,8,72,24,24,48,120
11/23/2016,YKM,WA,ANM,WE,Federal Contract Tower,7,15,11,0,33,0,0,27,0,27,7,15,38,0,60,14,0,14,74
11/24/2016,YKM,WA,ANM,WE,Federal Contract Tower,3,1,3,0,7,0,0,2,0,2,3,1,5,0,9,0,0,0,9
11/25/2016,YKM,WA,ANM,WE,Federal Contract Tower,5,6,10,0,21,0,0,11,0,11,5,6,21,0,32,12,0,12,44
11/26/2016,YKM,WA,ANM,WE,Federal Contract Tower,4,5,9,0,18,0,0,16,0,16,4,5,25,0,34,50,0,50,84
11/27/2016,YKM,WA,ANM,WE,Federal Contract Tower,6,0,10,1,17,0,0,18,1,19,6,0,28,2,36,32,20,52,88
11/28/2016,YKM,WA,ANM,WE,Federal Contract Tower,6,10,6,0,22,0,2,24,0,26,6,12,30,0,48,22,0,22,70
11/29/2016,YKM,WA,ANM,WE,Federal Contract Tower,6,7,9,3,25,0,4,40,1,45,6,11,49,4,70,26,0,26,96
11/30/2016,YKM,WA,ANM,WE,Federal Contract Tower,6,11,8,3,28,0,4,22,4,30,6,15,30,7,58,22,16,38,96
12/01/2016,YKM,WA,ANM,WE,Federal Contract Tower,7,8,6,2,23,0,2,31,0,33,7,10,37,2,56,34,0,34,90
12/02/2016,YKM,WA,ANM,WE,Federal Contract Tower,6,10,14,4,34,0,2,27,1,30,6,12,41,5,64,60,0,60,124
12/03/2016,YKM,WA,ANM,WE,Federal Contract Tower,4,8,9,0,21,0,2,41,2,45,4,10,50,2,66,40,12,52,118
12/04/2016,YKM,WA,ANM,WE,Federal Contract Tower,6,1,1,0,8,0,0,15,0,15,6,1,16,0,23,60,0,60,83
12/05/2016,YKM,WA,ANM,WE,Federal Contract Tower,6,7,3,1,17,0,1,6,1,8,6,8,9,2,25,14,0,14,39
12/06/2016,YKM,WA,ANM,WE,Federal Contract Tower,6,8,8,0,22,0,0,26,0,26,6,8,34,0,48,50,0,50,98
12/07/2016,YKM,WA,ANM,WE,Federal Contract Tower,11,8,9,1,29,0,3,42,2,47,11,11,51,3,76,50,2,52,128
12/08/2016,YKM,WA,ANM,WE,Federal Contract Tower,5,8,9,0,22,0,3,5,0,8,5,11,14,0,30,2,0,2,32
12/09/2016,YKM,WA,ANM,WE,Federal Contract Tower,4,19,5,0,28,0,2,2,0,4,4,21,7,0,32,2,0,2,34
12/10/2016,YKM,WA,ANM,WE,Federal Contract Tower,3,10,9,0,22,0,0,0,0,0,3,10,9,0,22,0,0,0,22
12/11/2016,YKM,WA,ANM,WE,Federal Contract Tower,6,2,6,0,14,0,0,5,0,5,6,2,11,0,19,14,0,14,33
12/12/2016,YKM,WA,ANM,WE,Federal Contract Tower,6,13,15,0,34,0,0,0,0,0,6,13,15,0,34,0,0,0,34
12/13/2016,YKM,WA,ANM,WE,Federal Contract Tower,6,17,18,0,41,0,6,29,0,35,6,23,47,0,76,52,0,52,128
12/14/2016,YKM,WA,ANM,WE,Federal Contract Tower,6,13,8,0,27,0,3,5,0,8,6,16,13,0,35,16,0,16,51
12/15/2016,YKM,WA,ANM,WE,Federal Contract Tower,7,15,14,1,37,0,0,17,1,18,7,15,31,2,55,28,0,28,83
12/16/2016,YKM,WA,ANM,WE,Federal Contract Tower,8,13,10,0,31,0,4,27,0,31,8,17,37,0,62,48,0,48,110
12/17/2016,YKM,WA,ANM,WE,Federal Contract Tower,4,7,16,0,27,0,0,21,0,21,4,7,37,0,48,0,0,0,48
12/18/2016,YKM,WA,ANM,WE,Federal Contract Tower,4,0,2,0,6,0,2,13,0,15,4,2,15,0,21,26,0,26,47
12/19/2016,YKM,WA,ANM,WE,Federal Contract Tower,6,6,3,0,15,0,2,5,0,7,6,8,8,0,22,46,0,46,68
12/20/2016,YKM,WA,ANM,WE,Federal Contract Tower,4,11,13,0,28,0,2,8,0,10,4,13,21,0,38,2,0,2,40
12/21/2016,YKM,WA,ANM,WE,Federal Contract Tower,6,10,11,8,35,0,2,34,0,36,6,12,45,8,71,12,18,30,101
12/22/2016,YKM,WA,ANM,WE,Federal Contract Tower,6,12,7,0,25,0,1,7,0,8,6,13,14,0,33,34,0,34,67
12/23/2016,YKM,WA,ANM,WE,Federal Contract Tower,5,13,11,0,29,0,0,1,0,1,5,13,12,0,30,56,0,56,86
12/24/2016,YKM,WA,ANM,WE,Federal Contract Tower,2,10,3,0,15,0,4,8,0,12,2,14,11,0,27,14,0,14,41
12/25/2016,YKM,WA,ANM,WE,Federal Contract Tower,5,2,1,0,8,0,0,6,0,6,5,2,7,0,14,14,0,14,28
12/26/2016,YKM,WA,ANM,WE,Federal Contract Tower,6,1,12,0,19,0,0,17,0,17,6,1,29,0,36,12,0,12,48
12/27/2016,YKM,WA,ANM,WE,Federal Contract Tower,7,10,11,0,28,0,0,26,0,26,7,10,37,0,54,22,0,22,76
12/28/2016,YKM,WA,ANM,WE,Federal Contract Tower,4,12,8,4,28,0,6,29,5,40,4,18,37,9,68,32,0,32,100
12/29/2016,YKM,WA,ANM,WE,Federal Contract Tower,4,13,8,0,25,0,0,51,0,51,4,13,59,0,76,14,0,14,90
12/30/2016,YKM,WA,ANM,WE,Federal Contract Tower,6,11,7,0,24,0,2,21,0,23,6,13,28,0,47,22,0,22,69
12/31/2016,YKM,WA,ANM,WE,Federal Contract Tower,4,7,4,0,15,0,2,36,0,38,4,9,40,0,53,46,0,46,99
01/01/2017,YKM,WA,ANM,WE,Federal Contract Tower,4,1,5,0,10,0,0,0,0,0,4,1,5,0,10,0,0,0,10
01/02/2017,YKM,WA,ANM,WE,Federal Contract Tower,6,3,12,0,21,0,0,2,0,2,6,3,14,0,23,0,0,0,23
01/03/2017,YKM,WA,ANM,WE,Federal Contract Tower,4,8,10,2,24,0,0,6,0,6,4,8,16,2,30,0,0,0,30
01/04/2017,YKM,WA,ANM,WE,Federal Contract Tower,7,14,2,1,24,0,1,7,1,9,7,15,9,2,33,4,0,4,37
01/05/2017,YKM,WA,ANM,WE,Federal Contract Tower,7,12,3,0,22,0,1,21,0,22,7,13,24,0,44,4,0,4,48
01/06/2017,YKM,WA,ANM,WE,Federal Contract Tower,7,9,9,4,29,0,3,17,0,20,7,12,26,4,49,0,12,12,61
01/07/2017,YKM,WA,ANM,WE,Federal Contract Tower,5,13,11,0,29,0,0,23,0,23,5,13,34,0,52,52,0,52,104
01/08/2017,YKM,WA,ANM,WE,Federal Contract Tower,7,1,1,0,9,0,0,0,0,0,7,1,1,0,9,0,0,0,9
01/09/2017,YKM,WA,ANM,WE,Federal Contract Tower,6,6,7,0,19,0,0,0,0,0,6,6,7,0,19,0,0,0,19
01/10/2017,YKM,WA,ANM,WE,Federal Contract Tower,7,12,8,0,27,0,0,0,0,0,7,12,8,0,27,0,0,0,27
01/11/2017,YKM,WA,ANM,WE,Federal Contract Tower,8,13,11,0,32,0,0,0,2,2,8,13,11,2,34,0,0,0,34
01/12/2017,YKM,WA,ANM,WE,Federal Contract Tower,4,13,9,0,26,0,4,16,0,20,4,17,25,0,46,30,0,30,76
01/13/2017,YKM,WA,ANM,WE,Federal Contract Tower,7,10,6,0,23,0,2,7,0,9,7,12,13,0,32,14,0,14,46
01/14/2017,YKM,WA,ANM,WE,Federal Contract Tower,6,9,5,0,20,0,0,6,0,6,6,9,11,0,26,20,0,20,46
01/15/2017,YKM,WA,ANM,WE,Federal Contract Tower,6,1,8,0,15,0,0,0,0,0,6,1,8,0,15,8,0,8,23
01/16/2017,YKM,WA,ANM,WE,Federal Contract Tower,6,6,11,0,23,0,0,3,0,3,6,6,14,0,26,10,0,10,36
01/17/2017,YKM,WA,ANM,WE,Federal Contract Tower,4,13,5,0,22,0,2,4,0,6,4,15,9,0,28,0,0,0,28
01/18/2017,YKM,WA,ANM,WE,Federal Contract Tower,2,0,3,0,5,0,0,0,0,0,2,0,3,0,5,0,0,0,5
01/19/2017,YKM,WA,ANM,WE,Federal Contract Tower,6,13,7,0,26,0,0,0,0,0,6,13,7,0,26,0,0,0,26
01/20/2017,YKM,WA,ANM,WE,Federal Contract Tower,6,11,7,0,24,0,0,1,0,1,6,11,8,0,25,0,0,0,25
01/21/2017,YKM,WA,ANM,WE,Federal Contract Tower,4,15,2,0,21,0,0,4,0,4,4,15,6,0,25,10,0,10,35
01/22/2017,YKM,WA,ANM,WE,Federal Contract Tower,6,0,1,0,7,0,0,0,0,0,6,0,1,0,7,0,0,0,7
01/23/2017,YKM,WA,ANM,WE,Federal Contract Tower,4,7,5,0,16,0,0,4,0,4,4,7,9,0,20,24,0,24,44
01/24/2017,YKM,WA,ANM,WE,Federal Contract Tower,7,12,11,2,32,0,6,14,0,20,7,18,25,2,52,0,0,0,52
01/25/2017,YKM,WA,ANM,WE,Federal Contract Tower,6,15,4,0,25,0,0,0,0,0,6,15,4,0,25,0,0,0,25
01/26/2017,YKM,WA,ANM,WE,Federal Contract Tower,6,10,10,0,26,0,0,14,0,14,6,10,24,0,40,24,0,24,64
01/27/2017,YKM,WA,ANM,WE,Federal Contract Tower,7,15,9,2,33,0,0,0,0,0,7,15,9,2,33,16,0,16,49
01/28/2017,YKM,WA,ANM,WE,Federal Contract Tower,4,7,6,0,17,0,0,4,0,4,4,7,10,0,21,34,0,34,55
01/29/2017,YKM,WA,ANM,WE,Federal Contract Tower,6,11,5,0,22,0,0,0,0,0,6,11,5,0,22,0,0,0,22
01/30/2017,YKM,WA,ANM,WE,Federal Contract Tower,6,8,5,0,19,0,0,0,0,0,6,8,5,0,19,0,0,0,19
01/31/2017,YKM,WA,ANM,WE,Federal Contract Tower,7,11,6,0,24,0,0,9,2,11,7,11,15,2,35,8,18,26,61
02/01/2017,YKM,WA,ANM,WE,Federal Contract Tower,6,12,11,8,37,0,0,45,0,45,6,12,56,8,82,40,0,40,122
02/02/2017,YKM,WA,ANM,WE,Federal Contract Tower,6,10,6,0,22,0,3,26,0,29,6,13,32,0,51,0,0,0,51
02/03/2017,YKM,WA,ANM,WE,Federal Contract Tower,6,9,9,0,24,0,0,0,0,0,6,9,9,0,24,0,0,0,24
02/04/2017,YKM,WA,ANM,WE,Federal Contract Tower,5,10,5,4,24,0,2,15,0,17,5,12,20,4,41,12,14,26,67
02/05/2017,YKM,WA,ANM,WE,Federal Contract Tower,4,4,4,0,12,0,0,0,0,0,4,4,4,0,12,0,0,0,12
02/06/2017,YKM,WA,ANM,WE,Federal Contract Tower,4,6,4,0,14,0,0,3,2,5,4,6,7,2,19,28,16,44,63
02/07/2017,YKM,WA,ANM,WE,Federal Contract Tower,6,14,10,0,30,0,0,0,0,0,6,14,10,0,30,0,0,0,30
02/08/2017,YKM,WA,ANM,WE,Federal Contract Tower,6,14,3,0,23,0,0,0,0,0,6,14,3,0,23,0,0,0,23
02/09/2017,YKM,WA,ANM,WE,Federal Contract Tower,5,8,3,0,16,0,3,3,0,6,5,11,6,0,22,20,0,20,42
02/10/2017,YKM,WA,ANM,WE,Federal Contract Tower,4,13,13,0,30,0,2,12,0,14,4,15,25,0,44,0,0,0,44
02/11/2017,YKM,WA,ANM,WE,Federal Contract Tower,4,7,14,0,25,0,3,49,0,52,4,10,63,0,77,60,0,60,137
02/12/2017,YKM,WA,ANM,WE,Federal Contract Tower,6,0,7,0,13,0,4,35,0,39,6,4,42,0,52,50,0,50,102
02/13/2017,YKM,WA,ANM,WE,Federal Contract Tower,10,10,20,0,40,0,3,37,0,40,10,13,57,0,80,56,0,56,136
02/14/2017,YKM,WA,ANM,WE,Federal Contract Tower,6,10,8,6,30,0,3,39,0,42,6,13,47,6,72,62,0,62,134
02/15/2017,YKM,WA,ANM,WE,Federal Contract Tower,6,15,11,0,32,0,0,0,0,0,6,15,11,0,32,0,0,0,32
02/16/2017,YKM,WA,ANM,WE,Federal Contract Tower,7,14,8,0,29,0,0,0,0,0,7,14,8,0,29,0,0,0,29
02/17/2017,YKM,WA,ANM,WE,Federal Contract Tower,5,20,13,0,38,0,2,35,0,37,5,22,48,0,75,56,0,56,131
02/18/2017,YKM,WA,ANM,WE,Federal Contract Tower,4,8,5,0,17,0,1,9,0,10,4,9,14,0,27,40,0,40,67
02/19/2017,YKM,WA,ANM,WE,Federal Contract Tower,4,2,2,0,8,0,0,20,0,20,4,2,22,0,28,72,0,72,100
02/20/2017,YKM,WA,ANM,WE,Federal Contract Tower,6,7,8,0,21,0,0,6,2,8,6,7,14,2,29,12,4,16,45
02/21/2017,YKM,WA,ANM,WE,Federal Contract Tower,6,13,11,3,33,0,1,7,2,10,6,14,18,5,43,10,2,12,55
02/22/2017,YKM,WA,ANM,WE,Federal Contract Tower,6,11,21,2,40,0,6,40,2,48,6,17,61,4,88,59,0,59,147
02/23/2017,YKM,WA,ANM,WE,Federal Contract Tower,8,8,15,2,33,0,5,54,3,62,8,13,69,5,95,32,2,34,129
02/24/2017,YKM,WA,ANM,WE,Federal Contract Tower,6,13,12,2,33,0,2,35,2,39,6,15,47,4,72,50,0,50,122
02/25/2017,YKM,WA,ANM,WE,Federal Contract Tower,4,11,13,0,28,0,4,52,0,56,4,15,65,0,84,68,0,68,152
02/26/2017,YKM,WA,ANM,WE,Federal Contract Tower,8,0,10,0,18,0,0,0,0,0,8,0,10,0,18,0,0,0,18
02/27/2017,YKM,WA,ANM,WE,Federal Contract Tower,4,7,5,0,16,0,0,0,0,0,4,7,5,0,16,56,0,56,72
02/28/2017,YKM,WA,ANM,WE,Federal Contract Tower,7,13,8,0,28,0,4,25,0,29,7,17,33,0,57,54,0,54,111
03/01/2017,YKM,WA,ANM,WE,Federal Contract Tower,6,13,19,0,38,0,2,17,0,19,6,15,36,0,57,14,0,14,71
03/02/2017,YKM,WA,ANM,WE,Federal Contract Tower,6,15,11,0,32,0,4,36,2,42,6,19,47,2,74,44,10,54,128
03/03/2017,YKM,WA,ANM,WE,Federal Contract Tower,6,16,10,0,32,0,1,20,0,21,6,17,30,0,53,18,0,18,71
03/04/2017,YKM,WA,ANM,WE,Federal Contract Tower,4,11,3,0,18,0,3,46,4,53,4,14,49,4,71,94,0,94,165
03/05/2017,YKM,WA,ANM,WE,Federal Contract Tower,6,3,7,0,16,0,0,17,0,17,6,3,24,0,33,12,0,12,45
03/06/2017,YKM,WA,ANM,WE,Federal Contract Tower,6,5,17,4,32,0,2,16,0,18,6,7,33,4,50,56,10,66,116
03/07/2017,YKM,WA,ANM,WE,Federal Contract Tower,6,11,3,4,24,0,0,2,1,3,6,11,5,5,27,18,6,24,51
03/08/2017,YKM,WA,ANM,WE,Federal Contract Tower,6,9,8,14,37,0,0,37,0,37,6,9,45,14,74,84,12,96,170
03/09/2017,YKM,WA,ANM,WE,Federal Contract Tower,6,15,12,0,33,0,0,12,0,12,6,15,24,0,45,14,0,14,59
03/10/2017,YKM,WA,ANM,WE,Federal Contract Tower,6,9,4,2,21,0,3,25,0,28,6,12,29,2,49,64,0,64,113
03/11/2017,YKM,WA,ANM,WE,Federal Contract Tower,4,7,11,0,22,0,5,50,0,55,4,12,61,0,77,36,0,36,113
03/12/2017,YKM,WA,ANM,WE,Federal Contract Tower,6,2,10,0,18,0,5,26,0,31,6,7,36,0,49,104,0,104,153
03/13/2017,YKM,WA,ANM,WE,Federal Contract Tower,6,9,13,8,36,0,1,20,2,23,6,10,33,10,59,118,25,143,202
03/14/2017,YKM,WA,ANM,WE,Federal Contract Tower,6,13,6,12,37,0,0,6,0,6,6,13,12,12,43,6,0,6,49
03/15/2017,YKM,WA,ANM,WE,Federal Contract Tower,6,13,12,0,31,0,2,5,2,9,6,15,17,2,40,4,0,4,44
03/16/2017,YKM,WA,ANM,WE,Federal Contract Tower,6,11,10,8,35,0,1,67,0,68,6,12,77,8,103,76,0,76,179
03/17/2017,YKM,WA,ANM,WE,Federal Contract Tower,6,14,8,0,28,0,3,35,0,38,6,17,43,0,66,52,0,52,118
03/18/2017,YKM,WA,ANM,WE,Federal Contract Tower,4,9,3,0,16,0,2,11,2,15,4,11,14,2,31,2,26,28,59
03/19/2017,YKM,WA,ANM,WE,Federal Contract Tower,6,0,15,0,21,0,5,45,0,50,6,5,60,0,71,78,0,78,149
03/20/2017,YKM,WA,ANM,WE,Federal Contract Tower,6,10,4,0,20,0,3,21,2,26,6,13,25,2,46,30,8,38,84
03/21/2017,YKM,WA,ANM,WE,Federal Contract Tower,4,12,4,1,21,0,1,13,1,15,4,13,17,2,36,28,0,28,64
03/22/2017,YKM,WA,ANM,WE,Federal Contract Tower,6,14,12,0,32,0,0,26,1,27,6,14,38,1,59,6,0,6,65
03/23/2017,YKM,WA,ANM,WE,Federal Contract Tower,6,8,18,2,34,0,6,47,1,54,6,14,65,3,88,66,8,74,162
03/24/2017,YKM,WA,ANM,WE,Federal Contract Tower,6,12,3,4,25,0,0,7,4,11,6,12,10,8,36,34,0,34,70
03/25/2017,YKM,WA,ANM,WE,Federal Contract Tower,4,11,13,0,28,0,8,62,2,72,4,19,75,2,100,52,0,52,152
03/26/2017,YKM,WA,ANM,WE,Federal Contract Tower,6,5,8,0,19,0,0,9,0,9,6,5,17,0,28,44,0,44,72
03/27/2017,YKM,WA,ANM,WE,Federal Contract Tower,6,6,4,1,17,0,0,32,1,33,6,6,36,2,50,58,12,70,120
03/28/2017,YKM,WA,ANM,WE,Federal Contract Tower,4,11,13,0,28,0,0,32,2,34,4,11,45,2,62,38,0,38,100
03/29/2017,YKM,WA,ANM,WE,Federal Contract Tower,6,13,14,0,33,0,1,31,0,32,6,14,45,0,65,46,0,46,111
03/30/2017,YKM,WA,ANM,WE,Federal Contract Tower,6,7,10,0,23,0,3,29,2,34,6,10,39,2,57,32,26,58,115
03/31/2017,YKM,WA,ANM,WE,Federal Contract Tower,6,11,13,0,30,0,2,106,0,108,6,13,119,0,138,124,0,124,262
04/01/2017,YKM,WA,ANM,WE,Federal Contract Tower,4,7,7,2,20,0,1,49,2,52,4,8,56,4,72,66,12,78,150
04/02/2017,YKM,WA,ANM,WE,Federal Contract Tower,6,4,3,0,13,0,0,30,0,30,6,4,33,0,43,82,0,82,125
04/03/2017,YKM,WA,ANM,WE,Federal Contract Tower,6,9,18,3,36,0,3,30,5,38,6,12,48,8,74,50,0,50,124
04/04/2017,YKM,WA,ANM,WE,Federal Contract Tower,4,10,2,6,22,0,1,63,2,66,4,11,65,8,88,143,0,143,231
04/05/2017,YKM,WA,ANM,WE,Federal Contract Tower,6,8,13,0,27,0,2,49,0,51,6,10,62,0,78,128,0,128,206
04/06/2017,YKM,WA,ANM,WE,Federal Contract Tower,4,11,8,4,27,0,0,33,1,34,4,11,41,5,61,82,0,82,143
04/07/2017,YKM,WA,ANM,WE,Federal Contract Tower,7,9,5,2,23,0,3,12,1,16,7,12,17,3,39,4,0,4,43
04/08/2017,YKM,WA,ANM,WE,Federal Contract Tower,4,5,6,0,15,0,1,44,4,49,4,6,50,4,64,54,0,54,118
04/09/2017,YKM,WA,ANM,WE,Federal Contract Tower,7,0,11,0,18,0,0,48,0,48,7,0,59,0,66,44,0,44,110
04/10/2017,YKM,WA,ANM,WE,Federal Contract Tower,6,4,11,2,23,0,2,22,0,24,6,6,33,2,47,30,0,30,77
04/11/2017,YKM,WA,ANM,WE,Federal Contract Tower,4,11,17,2,34,0,6,48,0,54,4,17,65,2,88,66,0,66,154
04/12/2017,YKM,WA,ANM,WE,Federal Contract Tower,6,13,11,0,30,0,6,17,0,23,6,19,28,0,53,72,0,72,125
04/13/2017,YKM,WA,ANM,WE,Federal Contract Tower,6,7,19,0,32,0,3,20,0,23,6,10,39,0,55,34,0,34,89
04/14/2017,YKM,WA,ANM,WE,Federal Contract Tower,6,13,8,1,28,0,1,39,1,41,6,14,47,2,69,28,0,28,97
04/15/2017,YKM,WA,ANM,WE,Federal Contract Tower,10,9,17,4,40,0,0,55,0,55,10,9,72,4,95,104,0,104,199
04/16/2017,YKM,WA,ANM,WE,Federal Contract Tower,6,1,10,0,17,0,2,24,0,26,6,3,34,0,43,38,0,38,81
04/17/2017,YKM,WA,ANM,WE,Federal Contract Tower,6,5,17,2,30,0,1,14,0,15,6,6,31,2,45,64,0,64,109
04/18/2017,YKM,WA,ANM,WE,Federal Contract Tower,4,13,18,5,40,0,2,25,1,28,4,15,43,6,68,34,8,42,110
04/19/2017,YKM,WA,ANM,WE,Federal Contract Tower,8,12,31,0,51,0,2,41,0,43,8,14,72,0,94,62,0,62,156
04/20/2017,YKM,WA,ANM,WE,Federal Contract Tower,6,10,16,0,32,0,0,33,0,33,6,10,49,0,65,64,4,68,133
04/21/2017,YKM,WA,ANM,WE,Federal Contract Tower,4,8,18,0,30,0,3,86,0,89,4,11,104,0,119,118,0,118,237
04/22/2017,YKM,WA,ANM,WE,Federal Contract Tower,6,8,14,0,28,0,0,50,1,51,6,8,64,1,79,30,12,42,121
04/23/2017,YKM,WA,ANM,WE,Federal Contract Tower,8,1,9,0,18,0,2,38,0,40,8,3,47,0,58,36,0,36,94
04/24/2017,YKM,WA,ANM,WE,Federal Contract Tower,6,11,18,0,35,0,0,21,0,21,6,11,39,0,56,72,0,72,128
04/25/2017,YKM,WA,ANM,WE,Federal Contract Tower,4,10,16,0,30,0,0,38,0,38,4,10,54,0,68,80,0,80,148
04/26/2017,YKM,WA,ANM,WE,Federal Contract Tower,6,10,6,0,22,0,1,14,0,15,6,11,20,0,37,24,0,24,61
04/27/2017,YKM,WA,ANM,WE,Federal Contract Tower,8,10,15,3,36,0,3,20,1,24,8,13,35,4,60,56,0,56,116
04/28/2017,YKM,WA,ANM,WE,Federal Contract Tower,9,10,22,2,43,1,1,64,4,70,10,11,86,6,113,94,0,94,207
04/29/2017,YKM,WA,ANM,WE,Federal Contract Tower,4,10,14,0,28,0,0,63,0,63,4,10,77,0,91,72,0,72,163
04/30/2017,YKM,WA,ANM,WE,Federal Contract Tower,7,2,6,0,15,0,2,11,0,13,7,4,17,0,28,32,0,32,60
05/01/2017,YKM,WA,ANM,WE,Federal Contract Tower,4,5,9,3,21,0,2,22,1,25,4,7,31,4,46,42,0,42,88
05/02/2017,YKM,WA,ANM,WE,Federal Contract Tower,4,9,24,8,45,0,3,51,1,55,4,12,75,9,100,58,2,60,160
05/03/2017,YKM,WA,ANM,WE,Federal Contract Tower,6,7,20,0,33,0,3,66,0,69,6,10,86,0,102,86,0,86,188
05/04/2017,YKM,WA,ANM,WE,Federal Contract Tower,5,8,19,0,32,0,4,58,0,62,5,12,77,0,94,70,0,70,164
05/05/2017,YKM,WA,ANM,WE,Federal Contract Tower,6,10,6,0,22,0,5,35,0,40,6,15,41,0,62,68,0,68,130
05/06/2017,YKM,WA,ANM,WE,Federal Contract Tower,4,4,8,4,20,0,5,48,0,53,4,9,56,4,73,34,0,34,107
05/07/2017,YKM,WA,ANM,WE,Federal Contract Tower,6,2,9,0,17,0,5,43,0,48,6,7,52,0,65,44,0,44,109
05/08/2017,YKM,WA,ANM,WE,Federal Contract Tower,6,5,10,0,21,0,3,41,3,47,6,8,51,3,68,68,2,70,138
05/09/2017,YKM,WA,ANM,WE,Federal Contract Tower,4,7,22,2,35,0,5,83,0,88,4,12,105,2,123,142,0,142,265
05/10/2017,YKM,WA,ANM,WE,Federal Contract Tower,4,9,15,2,30,0,10,67,1,78,4,19,82,3,108,58,0,58,166
05/11/2017,YKM,WA,ANM,WE,Federal Contract Tower,6,12,9,6,33,0,5,19,1,25,6,17,28,7,58,71,0,71,129
05/12/2017,YKM,WA,ANM,WE,Federal Contract Tower,6,8,21,0,35,0,3,35,0,38,6,11,56,0,73,70,0,70,143
05/13/2017,YKM,WA,ANM,WE,Federal Contract Tower,4,8,10,0,22,0,1,50,0,51,4,9,60,0,73,32,0,32,105
05/14/2017,YKM,WA,ANM,WE,Federal Contract Tower,6,1,11,0,18,0,1,24,1,26,6,2,35,1,44,42,6,48,92
05/15/2017,YKM,WA,ANM,WE,Federal Contract Tower,8,6,21,2,37,0,1,37,0,38,8,7,58,2,75,46,0,46,121
05/16/2017,YKM,WA,ANM,WE,Federal Contract Tower,4,8,8,0,20,0,3,14,3,20,4,11,22,3,40,34,0,34,74
05/17/2017,YKM,WA,ANM,WE,Federal Contract Tower,6,8,14,2,30,0,1,34,2,37,6,9,48,4,67,14,14,28,95
05/18/2017,YKM,WA,ANM,WE,Federal Contract Tower,10,11,16,0,37,0,2,60,0,62,10,13,76,0,99,90,0,90,189
05/19/2017,YKM,WA,ANM,WE,Federal Contract Tower,6,10,14,0,30,0,6,78,0,84,6,16,92,0,114,102,0,102,216
05/20/2017,YKM,WA,ANM,WE,Federal Contract Tower,4,6,15,0,25,0,4,94,0,98,4,10,109,0,123,62,0,62,185
05/21/2017,YKM,WA,ANM,WE,Federal Contract Tower,6,1,12,3,22,0,1,66,2,69,6,2,78,5,91,34,16,50,141
05/22/2017,YKM,WA,ANM,WE,Federal Contract Tower,6,7,14,1,28,0,6,44,4,54,6,13,58,5,82,78,0,78,160
05/23/2017,YKM,WA,ANM,WE,Federal Contract Tower,4,9,17,0,30,0,6,59,4,69,4,15,76,4,99,36,0,36,135
05/24/2017,YKM,WA,ANM,WE,Federal Contract Tower,6,11,21,9,47,0,10,30,8,48,6,21,51,17,95,16,0,16,111
05/25/2017,YKM,WA,ANM,WE,Federal Contract Tower,7,13,12,1,33,0,4,41,1,46,7,17,53,2,79,78,0,78,157
05/26/2017,YKM,WA,ANM,WE,Federal Contract Tower,10,14,17,1,42,0,0,1,0,1,10,14,18,1,43,32,0,32,75
05/27/2017,YKM,WA,ANM,WE,Federal Contract Tower,2,7,2,0,11,0,2,46,0,48,2,9,48,0,59,10,0,10,69
05/28/2017,YKM,WA,ANM,WE,Federal Contract Tower,3,1,5,1,10,0,0,33,1,34,3,1,38,2,44,42,0,42,86
05/29/2017,YKM,WA,ANM,WE,Federal Contract Tower,10,1,13,0,24,0,1,28,0,29,10,2,41,0,53,40,0,40,93
05/30/2017,YKM,WA,ANM,WE,Federal Contract Tower,4,8,16,0,28,0,1,35,0,36,4,9,51,0,64,12,0,12,76
05/31/2017,YKM,WA,ANM,WE,Federal Contract Tower,6,8,17,16,47,0,7,37,0,44,6,15,54,16,91,40,10,50,141
06/01/2017,YKM,WA,ANM,WE,Federal Contract Tower,6,10,19,0,35,0,3,40,0,43,6,13,59,0,78,30,0,30,108
06/02/2017,YKM,WA,ANM,WE,Federal Contract Tower,6,10,12,4,32,0,4,62,0,66,6,14,74,4,98,42,0,42,140
06/03/2017,YKM,WA,ANM,WE,Federal Contract Tower,4,8,8,0,20,0,2,61,0,63,4,10,69,0,83,36,0,36,119
06/04/2017,YKM,WA,ANM,WE,Federal Contract Tower,6,2,2,0,10,0,1,22,0,23,6,3,24,0,33,12,0,12,45
06/05/2017,YKM,WA,ANM,WE,Federal Contract Tower,10,6,30,4,50,0,3,72,0,75,10,9,102,4,125,80,2,82,207
06/06/2017,YKM,WA,ANM,WE,Federal Contract Tower,5,9,20,0,34,0,4,70,0,74,5,13,90,0,108,86,0,86,194
06/07/2017,YKM,WA,ANM,WE,Federal Contract Tower,5,10,23,0,38,0,5,71,0,76,5,15,94,0,114,46,0,46,160
06/08/2017,YKM,WA,ANM,WE,Federal Contract Tower,4,12,17,0,33,0,5,30,0,35,4,17,47,0,68,66,0,66,134
06/09/2017,YKM,WA,ANM,WE,Federal Contract Tower,4,9,11,0,24,0,5,50,0,55,4,14,61,0,79,44,0,44,123
06/10/2017,YKM,WA,ANM,WE,Federal Contract Tower,5,9,8,12,34,0,2,68,0,70,5,11,76,12,104,16,12,28,132
06/11/2017,YKM,WA,ANM,WE,Federal Contract Tower,6,3,13,0,22,0,66,3,0,69,6,69,16,0,91,48,0,48,139
06/12/2017,YKM,WA,ANM,WE,Federal Contract Tower,6,4,5,12,27,0,2,15,4,21,6,6,20,16,48,4,12,16,64
06/13/2017,YKM,WA,ANM,WE,Federal Contract Tower,5,9,9,1,24,0,2,25,2,29,5,11,34,3,53,16,0,16,69
06/14/2017,YKM,WA,ANM,WE,Federal Contract Tower,5,11,13,0,29,0,8,64,6,78,5,19,77,6,107,84,0,84,191
06/15/2017,YKM,WA,ANM,WE,Federal Contract Tower,4,12,20,0,36,0,2,33,4,39,4,14,53,4,75,76,0,76,151
06/16/2017,YKM,WA,ANM,WE,Federal Contract Tower,6,15,14,0,35,0,2,34,0,36,6,17,48,0,71,48,0,48,119
06/17/2017,YKM,WA,ANM,WE,Federal Contract Tower,5,6,23,0,34,0,4,79,0,83,5,10,102,0,117,54,0,54,171
06/18/2017,YKM,WA,ANM,WE,Federal Contract Tower,6,3,6,0,15,0,3,36,0,39,6,6,42,0,54,0,0,0,54
06/19/2017,YKM,WA,ANM,WE,Federal Contract Tower,6,7,22,1,36,0,2,42,2,46,6,9,64,3,82,60,0,60,142
06/20/2017,YKM,WA,ANM,WE,Federal Contract Tower,5,11,24,0,40,0,3,31,0,34,5,14,55,0,74,44,0,44,118
06/21/2017,YKM,WA,ANM,WE,Federal Contract Tower,5,13,8,0,26,0,0,47,1,48,5,13,55,1,74,8,0,8,82
06/22/2017,YKM,WA,ANM,WE,Federal Contract Tower,6,10,8,2,26,0,2,85,2,89,6,12,93,4,115,42,0,42,157
06/23/2017,YKM,WA,ANM,WE,Federal Contract Tower,6,10,19,2,37,0,4,52,4,60,6,14,71,6,97,48,0,48,145
06/24/2017,YKM,WA,ANM,WE,Federal Contract Tower,5,9,16,0,30,0,2,59,2,63,5,11,75,2,93,2,0,2,95
06/25/2017,YKM,WA,ANM,WE,Federal Contract Tower,4,1,7,0,12,0,2,44,0,46,4,3,51,0,58,50,0,50,108
06/26/2017,YKM,WA,ANM,WE,Federal Contract Tower,6,6,15,0,27,0,2,37,2,41,6,8,52,2,68,12,0,12,80
06/27/2017,YKM,WA,ANM,WE,Federal Contract Tower,5,8,20,0,33,0,7,53,0,60,5,15,73,0,93,26,0,26,119
06/28/2017,YKM,WA,ANM,WE,Federal Contract Tower,5,14,12,2,33,0,0,28,0,28,5,14,40,2,61,54,0,54,115
06/29/2017,YKM,WA,ANM,WE,Federal Contract Tower,6,10,15,0,31,0,2,71,0,73,6,12,86,0,104,24,0,24,128
06/30/2017,YKM,WA,ANM,WE,Federal Contract Tower,6,9,16,0,31,0,5,60,0,65,6,14,76,0,96,106,0,106,202
07/01/2017,YKM,WA,ANM,WE,Federal Contract Tower,4,6,7,0,17,0,3,42,0,45,4,9,49,0,62,32,0,32,94
07/02/2017,YKM,WA,ANM,WE,Federal Contract Tower,6,3,7,0,16,0,5,45,0,50,6,8,52,0,66,30,0,30,96
07/03/2017,YKM,WA,ANM,WE,Federal Contract Tower,6,4,5,0,15,0,3,55,0,58,6,7,60,0,73,36,0,36,109
07/04/2017,YKM,WA,ANM,WE,Federal Contract Tower,3,0,3,0,6,0,2,52,0,54,3,2,55,0,60,54,0,54,114
07/05/2017,YKM,WA,ANM,WE,Federal Contract Tower,5,8,7,0,20,0,4,26,0,30,5,12,33,0,50,14,0,14,64
07/06/2017,YKM,WA,ANM,WE,Federal Contract Tower,6,8,7,4,25,0,7,38,0,45,6,15,45,4,70,8,0,8,78
07/07/2017,YKM,WA,ANM,WE,Federal Contract Tower,6,8,16,2,32,0,2,39,0,41,6,10,55,2,73,20,0,20,93
07/08/2017,YKM,WA,ANM,WE,Federal Contract Tower,5,4,9,0,18,0,4,52,0,56,5,8,61,0,74,60,0,60,134
07/09/2017,YKM,WA,ANM,WE,Federal Contract Tower,4,0,4,1,9,0,2,34,0,36,4,2,38,1,45,6,0,6,51
07/10/2017,YKM,WA,ANM,WE,Federal Contract Tower,6,7,8,3,24,0,4,31,0,35,6,11,39,3,59,12,0,12,71
07/11/2017,YKM,WA,ANM,WE,Federal Contract Tower,5,13,11,0,29,0,2,55,0,57,5,15,66,0,86,46,0,46,132
07/12/2017,YKM,WA,ANM,WE,Federal Contract Tower,4,8,20,0,32,0,4,55,0,59,4,12,75,0,91,50,0,50,141
07/13/2017,YKM,WA,ANM,WE,Federal Contract Tower,6,8,6,9,29,0,2,48,0,50,6,10,54,9,79,56,12,68,147
07/14/2017,YKM,WA,ANM,WE,Federal Contract Tower,6,8,11,0,25,0,4,66,0,70,6,12,77,0,95,64,0,64,159
07/15/2017,YKM,WA,ANM,WE,Federal Contract Tower,5,6,8,0,19,0,0,77,0,77,5,6,85,0,96,70,0,70,166
07/16/2017,YKM,WA,ANM,WE,Federal Contract Tower,8,0,8,0,16,0,3,45,0,48,8,3,53,0,64,32,0,32,96
07/17/2017,YKM,WA,ANM,WE,Federal Contract Tower,6,4,12,0,22,0,2,34,0,36,6,6,46,0,58,58,12,70,128
07/18/2017,YKM,WA,ANM,WE,Federal Contract Tower,7,11,7,2,27,0,7,28,5,40,7,18,35,7,67,28,7,35,102
07/19/2017,YKM,WA,ANM,WE,Federal Contract Tower,5,11,15,0,31,0,3,59,0,62,5,14,74,0,93,66,0,66,159
07/20/2017,YKM,WA,ANM,WE,Federal Contract Tower,8,7,3,1,19,0,4,61,1,66,8,11,64,2,85,50,0,50,135
07/21/2017,YKM,WA,ANM,WE,Federal Contract Tower,6,11,10,0,27,0,4,88,0,92,6,15,98,0,119,84,0,84,203
07/22/2017,YKM,WA,ANM,WE,Federal Contract Tower,7,7,20,0,34,0,4,70,0,74,7,11,90,0,108,38,0,38,146
07/23/2017,YKM,WA,ANM,WE,Federal Contract Tower,4,1,17,0,22,0,3,25,0,28,4,4,42,0,50,51,0,51,101
07/24/2017,YKM,WA,ANM,WE,Federal Contract Tower,6,6,19,1,32,0,2,24,1,27,6,8,43,2,59,23,0,23,82
07/25/2017,YKM,WA,ANM,WE,Federal Contract Tower,5,8,6,1,20,0,4,43,4,51,5,12,49,5,71,46,0,46,117
07/26/2017,YKM,WA,ANM,WE,Federal Contract Tower,5,9,8,0,22,0,11,46,2,59,5,20,54,2,81,32,24,56,137
07/27/2017,YKM,WA,ANM,WE,Federal Contract Tower,4,10,8,3,25,0,4,69,4,77,4,14,77,7,102,92,12,104,206
07/28/2017,YKM,WA,ANM,WE,Federal Contract Tower,6,8,12,0,26,0,4,58,0,62,6,12,70,0,88,44,0,44,132
07/29/2017,YKM,WA,ANM,WE,Federal Contract Tower,5,7,13,0,25,0,2,61,0,63,5,9,74,0,88,60,0,60,148
07/30/2017,YKM,WA,ANM,WE,Federal Contract Tower,10,1,8,0,19,0,3,41,0,44,10,4,49,0,63,60,0,60,123
07/31/2017,YKM,WA,ANM,WE,Federal Contract Tower,9,8,16,6,39,1,2,43,1,47,10,10,59,7,86,72,22,94,180
08/01/2017,YKM,WA,ANM,WE,Federal Contract Tower,5,10,24,3,42,0,9,37,1,47,5,19,61,4,89,48,0,48,137
08/02/2017,YKM,WA,ANM,WE,Federal Contract Tower,5,13,9,3,30,0,2,44,2,48,5,15,53,5,78,130,0,130,208
08/03/2017,YKM,WA,ANM,WE,Federal Contract Tower,4,15,5,1,25,0,1,24,14,39,4,16,29,15,64,50,30,80,144
08/04/2017,YKM,WA,ANM,WE,Federal Contract Tower,4,13,6,7,30,3,29,2,0,34,7,42,8,7,64,28,0,28,92
08/05/2017,YKM,WA,ANM,WE,Federal Contract Tower,3,9,4,16,32,0,2,31,27,60,3,11,35,43,92,58,2,60,152
08/06/2017,YKM,WA,ANM,WE,Federal Contract Tower,3,0,7,4,14,0,0,28,9,37,3,0,35,13,51,94,8,102,153
08/07/2017,YKM,WA,ANM,WE,Federal Contract Tower,4,7,9,5,25,0,0,17,8,25,4,7,26,13,50,36,8,44,94
08/08/2017,YKM,WA,ANM,WE,Federal Contract Tower,4,19,4,11,38,0,9,25,21,55,4,28,29,32,93,50,2,52,145
08/09/2017,YKM,WA,ANM,WE,Federal Contract Tower,4,9,21,3,37,0,2,26,2,30,4,11,47,5,67,38,12,50,117
08/10/2017,YKM,WA,ANM,WE,Federal Contract Tower,4,11,25,15,55,0,5,43,8,56,4,16,68,23,111,46,16,62,173
08/11/2017,YKM,WA,ANM,WE,Federal Contract Tower,4,10,8,5,27,0,4,60,0,64,4,14,68,5,91,62,0,62,153
08/12/2017,YKM,WA,ANM,WE,Federal Contract Tower,2,4,11,0,17,0,3,54,1,58,2,7,65,1,75,38,0,38,113
08/13/2017,YKM,WA,ANM,WE,Federal Contract Tower,4,0,15,2,21,0,1,38,0,39,4,1,53,2,60,48,0,48,108
08/14/2017,YKM,WA,ANM,WE,Federal Contract Tower,4,5,20,8,37,0,5,30,2,37,4,10,50,10,74,70,0,70,144
08/15/2017,YKM,WA,ANM,WE,Federal Contract Tower,4,14,17,7,42,0,4,38,1,43,4,18,55,8,85,20,0,20,105
08/16/2017,YKM,WA,ANM,WE,Federal Contract Tower,4,8,17,6,35,0,3,54,3,60,4,11,71,9,95,62,10,72,167
08/17/2017,YKM,WA,ANM,WE,Federal Contract Tower,4,13,10,2,29,0,9,47,0,56,4,22,57,2,85,28,0,28,113
08/18/2017,YKM,WA,ANM,WE,Federal Contract Tower,4,7,12,2,25,0,4,49,0,53,4,11,61,2,78,76,0,76,154
08/19/2017,YKM,WA,ANM,WE,Federal Contract Tower,4,7,11,1,23,0,2,49,3,54,4,9,60,4,77,44,2,46,123
08/20/2017,YKM,WA,ANM,WE,Federal Contract Tower,2,1,10,2,15,0,2,49,0,51,2,3,59,2,66,56,0,56,122
08/21/2017,YKM,WA,ANM,WE,Federal Contract Tower,4,5,16,0,25,0,5,64,0,69,4,10,80,0,94,24,0,24,118
08/22/2017,YKM,WA,ANM,WE,Federal Contract Tower,4,10,6,2,22,0,5,61,0,66,4,15,67,2,88,102,46,148,236
08/23/2017,YKM,WA,ANM,WE,Federal Contract Tower,4,14,20,0,38,0,1,36,0,37,4,15,56,0,75,42,0,42,117
08/24/2017,YKM,WA,ANM,WE,Federal Contract Tower,4,12,6,0,22,0,5,52,0,57,4,17,58,0,79,60,0,60,139
08/25/2017,YKM,WA,ANM,WE,Federal Contract Tower,4,11,14,2,31,0,2,59,3,64,4,13,73,5,95,14,0,14,109
08/26/2017,YKM,WA,ANM,WE,Federal Contract Tower,2,7,6,0,15,0,0,53,0,53,2,7,59,0,68,50,10,60,128
08/27/2017,YKM,WA,ANM,WE,Federal Contract Tower,4,6,16,0,26,0,0,51,0,51,4,6,67,0,77,34,0,34,111
08/28/2017,YKM,WA,ANM,WE,Federal Contract Tower,4,6,16,3,29,0,4,28,1,33,4,10,44,4,62,44,0,44,106
08/29/2017,YKM,WA,ANM,WE,Federal Contract Tower,4,14,6,0,24,2,3,36,0,41,6,17,42,0,65,36,0,36,101
08/30/2017,YKM,WA,ANM,WE,Federal Contract Tower,4,13,10,0,27,0,4,28,1,33,4,17,38,1,60,28,0,28,88
08/31/2017,YKM,WA,ANM,WE,Federal Contract Tower,11,11,19,0,41,3,5,50,0,58,14,16,69,0,99,44,0,44,143
09/01/2017,YKM,WA,ANM,WE,Federal Contract Tower,6,9,14,0,29,0,2,43,0,45,6,11,57,0,74,42,0,42,116
09/02/2017,YKM,WA,ANM,WE,Federal Contract Tower,2,9,12,0,23,0,2,26,0,28,2,11,38,0,51,28,0,28,79
09/03/2017,YKM,WA,ANM,WE,Federal Contract Tower,5,4,9,0,18,0,6,17,0,23,5,10,26,0,41,10,0,10,51
09/04/2017,YKM,WA,ANM,WE,Federal Contract Tower,4,1,6,0,11,0,3,12,0,15,4,4,18,0,26,4,0,4,30
09/05/2017,YKM,WA,ANM,WE,Federal Contract Tower,4,12,17,0,33,0,0,0,0,0,4,12,17,0,33,0,0,0,33
09/06/2017,YKM,WA,ANM,WE,Federal Contract Tower,4,12,14,0,30,0,0,0,0,0,4,12,14,0,30,0,0,0,30
09/07/2017,YKM,WA,ANM,WE,Federal Contract Tower,8,11,13,0,32,0,0,0,0,0,8,11,13,0,32,0,0,0,32
09/08/2017,YKM,WA,ANM,WE,Federal Contract Tower,6,18,11,0,35,0,5,8,0,13,6,23,19,0,48,2,0,2,50
09/09/2017,YKM,WA,ANM,WE,Federal Contract Tower,4,8,11,0,23,0,2,35,0,37,4,10,46,0,60,22,0,22,82
09/10/2017,YKM,WA,ANM,WE,Federal Contract Tower,4,0,5,0,9,0,3,27,0,30,4,3,32,0,39,4,12,16,55
09/11/2017,YKM,WA,ANM,WE,Federal Contract Tower,4,8,9,0,21,0,2,20,4,26,4,10,29,4,47,14,14,28,75
09/12/2017,YKM,WA,ANM,WE,Federal Contract Tower,4,10,11,2,27,0,1,16,0,17,4,11,27,2,44,50,0,50,94
09/13/2017,YKM,WA,ANM,WE,Federal Contract Tower,4,9,15,0,28,0,7,50,0,57,4,16,65,0,85,56,0,56,141
09/14/2017,YKM,WA,ANM,WE,Federal Contract Tower,6,11,10,0,27,0,2,31,0,33,6,13,41,0,60,14,0,14,74
09/15/2017,YKM,WA,ANM,WE,Federal Contract Tower,4,13,8,0,25,0,7,28,2,37,4,20,36,2,62,68,0,68,130
09/16/2017,YKM,WA,ANM,WE,Federal Contract Tower,4,8,17,0,29,0,7,55,6,68,4,15,72,6,97,40,0,40,137
09/17/2017,YKM,WA,ANM,WE,Federal Contract Tower,6,3,11,0,20,0,2,26,0,28,6,5,37,0,48,2,0,2,50
09/18/2017,YKM,WA,ANM,WE,Federal Contract Tower,6,5,18,0,29,0,0,20,0,20,6,5,38,0,49,16,0,16,65
09/19/2017,YKM,WA,ANM,WE,Federal Contract Tower,2,9,9,0,20,0,2,35,0,37,2,11,44,0,57,32,0,32,89
09/20/2017,YKM,WA,ANM,WE,Federal Contract Tower,4,11,11,2,28,0,0,15,2,17,4,11,26,4,45,22,14,36,81
09/21/2017,YKM,WA,ANM,WE,Federal Contract Tower,2,11,9,2,24,0,2,31,2,35,2,13,40,4,59,82,10,92,151
09/22/2017,YKM,WA,ANM,WE,Federal Contract Tower,4,11,12,0,27,0,0,64,0,64,4,11,76,0,91,28,0,28,119
09/23/2017,YKM,WA,ANM,WE,Federal Contract Tower,4,9,12,0,25,0,0,58,2,60,4,9,70,2,85,40,0,40,125
09/24/2017,YKM,WA,ANM,WE,Federal Contract Tower,4,1,2,0,7,0,1,26,0,27,4,2,28,0,34,42,0,42,76
09/25/2017,YKM,WA,ANM,WE,Federal Contract Tower,6,6,7,0,19,0,3,33,2,38,6,9,40,2,57,6,20,26,83
09/26/2017,YKM,WA,ANM,WE,Federal Contract Tower,4,8,8,0,20,0,2,50,2,54,4,10,58,2,74,12,10,22,96
09/27/2017,YKM,WA,ANM,WE,Federal Contract Tower,4,12,7,8,31,0,16,50,2,68,4,28,57,10,99,44,16,60,159
09/28/2017,YKM,WA,ANM,WE,Federal Contract Tower,6,14,6,3,29,0,15,39,2,56,6,29,45,5,85,30,0,30,115
09/29/2017,YKM,WA,ANM,WE,Federal Contract Tower,6,17,11,0,34,0,13,45,0,58,6,30,56,0,92,38,0,38,130
09/30/2017,YKM,WA,ANM,WE,Federal Contract Tower,4,10,7,0,21,0,3,25,0,28,4,13,32,0,49,36,0,36,85
10/01/2017,YKM,WA,ANM,WE,Federal Contract Tower,6,1,9,0,16,0,3,20,0,23,6,4,29,0,39,60,0,60,99
10/02/2017,YKM,WA,ANM,WE,Federal Contract Tower,6,4,13,3,26,0,1,22,3,26,6,5,35,6,52,26,8,34,86
10/03/2017,YKM,WA,ANM,WE,Federal Contract Tower,4,10,7,2,23,0,13,37,5,55,4,23,44,7,78,34,30,64,142
10/04/2017,YKM,WA,ANM,WE,Federal Contract Tower,4,7,8,0,19,0,10,35,2,47,4,17,43,2,66,38,20,58,124
10/05/2017,YKM,WA,ANM,WE,Federal Contract Tower,8,9,9,2,28,0,2,59,0,61,8,11,68,2,89,32,0,32,121
10/06/2017,YKM,WA,ANM,WE,Federal Contract Tower,6,10,17,0,33,0,1,28,0,29,6,11,45,0,62,0,0,0,62
10/07/2017,YKM,WA,ANM,WE,Federal Contract Tower,4,9,10,0,23,0,0,15,0,15,4,9,25,0,38,10,0,10,48
10/08/2017,YKM,WA,ANM,WE,Federal Contract Tower,4,0,7,0,11,0,0,23,0,23,4,0,30,0,34,68,0,68,102
10/09/2017,YKM,WA,ANM,WE,Federal Contract Tower,6,4,14,0,24,0,3,38,0,41,6,7,52,0,65,46,0,46,111
10/10/2017,YKM,WA,ANM,WE,Federal Contract Tower,4,11,16,1,32,0,4,36,1,41,4,15,52,2,73,14,8,22,95
10/11/2017,YKM,WA,ANM,WE,Federal Contract Tower,4,10,10,3,27,2,2,25,3,32,6,12,35,6,59,20,14,34,93
10/12/2017,YKM,WA,ANM,WE,Federal Contract Tower,6,16,17,0,39,0,1,13,2,16,6,17,30,2,55,24,10,34,89
10/13/2017,YKM,WA,ANM,WE,Federal Contract Tower,6,11,3,0,20,0,6,29,0,35,6,17,32,0,55,78,0,78,133
10/14/2017,YKM,WA,ANM,WE,Federal Contract Tower,4,9,1,0,14,0,1,49,2,52,4,10,50,2,66,24,0,24,90
10/15/2017,YKM,WA,ANM,WE,Federal Contract Tower,6,1,4,0,11,0,1,48,0,49,6,2,52,0,60,60,0,60,120
10/16/2017,YKM,WA,ANM,WE,Federal Contract Tower,4,5,8,0,17,0,0,36,0,36,4,5,44,0,53,20,0,20,73
10/17/2017,YKM,WA,ANM,WE,Federal Contract Tower,4,11,8,0,23,0,2,13,0,15,4,13,21,0,38,8,0,8,46
10/18/2017,YKM,WA,ANM,WE,Federal Contract Tower,2,10,11,0,23,0,6,15,0,21,2,16,26,0,44,20,0,20,64
10/19/2017,YKM,WA,ANM,WE,Federal Contract Tower,7,15,7,0,29,0,5,8,0,13,7,20,15,0,42,0,0,0,42
10/20/2017,YKM,WA,ANM,WE,Federal Contract Tower,6,18,4,0,28,0,11,16,0,27,6,29,20,0,55,16,0,16,71
10/21/2017,YKM,WA,ANM,WE,Federal Contract Tower,2,7,7,0,16,0,0,3,0,3,2,7,10,0,19,0,0,0,19
10/22/2017,YKM,WA,ANM,WE,Federal Contract Tower,6,0,20,1,27,0,4,10,1,15,6,4,30,2,42,8,0,8,50
10/23/2017,YKM,WA,ANM,WE,Federal Contract Tower,6,6,3,2,17,0,5,36,0,41,6,11,39,2,58,50,0,50,108
10/24/2017,YKM,WA,ANM,WE,Federal Contract Tower,4,10,11,3,28,0,4,67,5,76,4,14,78,8,104,78,10,88,192
10/25/2017,YKM,WA,ANM,WE,Federal Contract Tower,4,10,3,0,17,0,2,44,2,48,4,12,47,2,65,28,16,44,109
10/26/2017,YKM,WA,ANM,WE,Federal Contract Tower,4,10,14,0,28,0,3,70,0,73,4,13,84,0,101,60,0,60,161
10/27/2017,YKM,WA,ANM,WE,Federal Contract Tower,6,8,8,6,28,0,2,45,0,47,6,10,53,6,75,42,0,42,117
10/28/2017,YKM,WA,ANM,WE,Federal Contract Tower,4,6,3,0,13,0,0,68,2,70,4,6,71,2,83,24,10,34,117
10/29/2017,YKM,WA,ANM,WE,Federal Contract Tower,7,3,8,0,18,0,5,27,0,32,7,8,35,0,50,4,0,4,54
10/30/2017,YKM,WA,ANM,WE,Federal Contract Tower,6,5,5,0,16,0,5,28,0,33,6,10,33,0,49,18,0,18,67
10/31/2017,YKM,WA,ANM,WE,Federal Contract Tower,4,7,11,0,22,0,5,37,0,42,4,12,48,0,64,18,0,18,82
11/01/2017,YKM,WA,ANM,WE,Federal Contract Tower,4,11,3,3,21,0,2,34,2,38,4,13,37,5,59,38,0,38,97
11/02/2017,YKM,WA,ANM,WE,Federal Contract Tower,5,11,8,13,37,0,2,32,1,35,5,13,40,14,72,64,8,72,144
11/03/2017,YKM,WA,ANM,WE,Federal Contract Tower,4,14,19,0,37,0,4,23,0,27,4,18,42,0,64,40,0,40,104
11/04/2017,YKM,WA,ANM,WE,Federal Contract Tower,5,7,20,0,32,0,0,28,0,28,5,7,48,0,60,16,0,16,76
11/05/2017,YKM,WA,ANM,WE,Federal Contract Tower,6,7,14,0,27,0,0,0,0,0,6,7,14,0,27,0,0,0,27
11/06/2017,YKM,WA,ANM,WE,Federal Contract Tower,8,6,5,0,19,0,1,19,2,22,8,7,24,2,41,28,10,38,79
11/07/2017,YKM,WA,ANM,WE,Federal Contract Tower,6,10,23,0,39,0,2,24,0,26,6,12,47,0,65,22,0,22,87
11/08/2017,YKM,WA,ANM,WE,Federal Contract Tower,6,12,20,4,42,0,1,32,2,35,6,13,52,6,77,46,4,50,127
11/09/2017,YKM,WA,ANM,WE,Federal Contract Tower,6,12,11,0,29,0,0,7,0,7,6,12,18,0,36,10,0,10,46
11/10/2017,YKM,WA,ANM,WE,Federal Contract Tower,6,11,10,0,27,0,0,1,0,1,6,11,11,0,28,22,0,22,50
11/11/2017,YKM,WA,ANM,WE,Federal Contract Tower,4,8,5,0,17,0,0,0,0,0,4,8,5,0,17,0,0,0,17
11/12/2017,YKM,WA,ANM,WE,Federal Contract Tower,6,1,14,0,21,0,0,10,0,10,6,1,24,0,31,56,0,56,87
11/13/2017,YKM,WA,ANM,WE,Federal Contract Tower,8,7,5,0,20,0,1,9,0,10,8,8,14,0,30,6,0,6,36
11/14/2017,YKM,WA,ANM,WE,Federal Contract Tower,6,15,6,0,27,0,1,17,3,21,6,16,23,3,48,18,0,18,66
11/15/2017,YKM,WA,ANM,WE,Federal Contract Tower,6,10,8,1,25,0,5,21,5,31,6,15,29,6,56,22,14,36,92
11/16/2017,YKM,WA,ANM,WE,Federal Contract Tower,6,12,11,3,32,0,3,20,2,25,6,15,31,5,57,24,8,32,89
11/17/2017,YKM,WA,ANM,WE,Federal Contract Tower,6,11,12,1,30,0,0,29,6,35,6,11,41,7,65,46,0,46,111
11/18/2017,YKM,WA,ANM,WE,Federal Contract Tower,4,9,4,0,17,0,0,79,0,79,4,9,83,0,96,76,0,76,172
11/19/2017,YKM,WA,ANM,WE,Federal Contract Tower,6,0,14,0,20,0,0,24,2,26,6,0,38,2,46,70,2,72,118
11/20/2017,YKM,WA,ANM,WE,Federal Contract Tower,6,6,18,4,34,0,0,11,0,11,6,6,29,4,45,52,0,52,97
11/21/2017,YKM,WA,ANM,WE,Federal Contract Tower,6,9,11,2,28,0,1,1,2,4,6,10,12,4,32,46,0,46,78
11/22/2017,YKM,WA,ANM,WE,Federal Contract Tower,6,13,3,11,33,0,0,24,4,28,6,13,27,15,61,62,0,62,123
11/23/2017,YKM,WA,ANM,WE,Federal Contract Tower,2,1,2,0,5,0,0,4,0,4,2,1,6,0,9,0,0,0,9
11/24/2017,YKM,WA,ANM,WE,Federal Contract Tower,4,8,8,0,20,0,4,23,0,27,4,12,31,0,47,14,0,14,61
11/25/2017,YKM,WA,ANM,WE,Federal Contract Tower,4,12,11,0,27,0,3,34,0,37,4,15,45,0,64,28,0,28,92
11/26/2017,YKM,WA,ANM,WE,Federal Contract Tower,6,0,9,0,15,0,0,6,0,6,6,0,15,0,21,0,0,0,21
11/27/2017,YKM,WA,ANM,WE,Federal Contract Tower,6,8,12,0,26,0,12,21,2,35,6,20,33,2,61,16,8,24,85
11/28/2017,YKM,WA,ANM,WE,Federal Contract Tower,6,10,3,0,19,0,6,15,2,23,6,16,18,2,42,16,6,22,64
11/29/2017,YKM,WA,ANM,WE,Federal Contract Tower,6,18,9,0,33,0,16,47,0,63,6,34,56,0,96,18,0,18,114
11/30/2017,YKM,WA,ANM,WE,Federal Contract Tower,6,20,3,0,29,0,4,12,4,20,6,24,15,4,49,20,4,24,73
12/01/2017,YKM,WA,ANM,WE,Federal Contract Tower,4,16,11,0,31,0,0,0,0,0,4,16,11,0,31,0,0,0,31
12/02/2017,YKM,WA,ANM,WE,Federal Contract Tower,4,11,2,0,17,0,0,6,0,6,4,11,8,0,23,8,0,8,31
12/03/2017,YKM,WA,ANM,WE,Federal Contract Tower,4,0,7,0,11,0,2,14,2,18,4,2,21,2,29,6,0,6,35
12/04/2017,YKM,WA,ANM,WE,Federal Contract Tower,4,8,2,0,14,0,0,26,0,26,4,8,28,0,40,20,0,20,60
12/05/2017,YKM,WA,ANM,WE,Federal Contract Tower,8,10,8,4,30,0,3,57,2,62,8,13,65,6,92,50,10,60,152
12/06/2017,YKM,WA,ANM,WE,Federal Contract Tower,4,8,6,0,18,0,3,42,0,45,4,11,48,0,63,18,0,18,81
12/07/2017,YKM,WA,ANM,WE,Federal Contract Tower,4,10,8,1,23,0,4,24,0,28,4,14,32,1,51,40,0,40,91
12/08/2017,YKM,WA,ANM,WE,Federal Contract Tower,4,16,15,0,35,0,0,8,0,8,4,16,23,0,43,10,0,10,53
12/09/2017,YKM,WA,ANM,WE,Federal Contract Tower,4,8,1,0,13,0,3,2,0,5,4,11,3,0,18,0,0,0,18
12/10/2017,YKM,WA,ANM,WE,Federal Contract Tower,4,1,5,0,10,0,0,13,0,13,4,1,18,0,23,22,0,22,45
12/11/2017,YKM,WA,ANM,WE,Federal Contract Tower,4,8,13,0,25,0,0,7,2,9,4,8,20,2,34,20,2,22,56
12/12/2017,YKM,WA,ANM,WE,Federal Contract Tower,4,11,9,1,25,0,9,17,1,27,4,20,26,2,52,8,0,8,60
12/13/2017,YKM,WA,ANM,WE,Federal Contract Tower,12,17,13,2,44,0,0,8,4,12,12,17,21,6,56,10,10,20,76
12/14/2017,YKM,WA,ANM,WE,Federal Contract Tower,4,13,15,0,32,0,0,5,0,5,4,13,20,0,37,14,0,14,51
12/15/2017,YKM,WA,ANM,WE,Federal Contract Tower,6,19,22,0,47,0,0,1,0,1,6,19,23,0,48,6,0,6,54
12/16/2017,YKM,WA,ANM,WE,Federal Contract Tower,22,8,9,0,39,0,0,36,0,36,22,8,45,0,75,46,0,46,121
12/17/2017,YKM,WA,ANM,WE,Federal Contract Tower,4,2,10,0,16,0,0,4,0,4,4,2,14,0,20,4,0,4,24
12/18/2017,YKM,WA,ANM,WE,Federal Contract Tower,4,9,16,1,30,0,0,19,1,20,4,9,35,2,50,12,0,12,62
12/19/2017,YKM,WA,ANM,WE,Federal Contract Tower,4,14,4,0,22,0,1,15,0,16,4,15,19,0,38,20,0,20,58
12/20/2017,YKM,WA,ANM,WE,Federal Contract Tower,4,22,13,0,39,0,3,42,0,45,4,25,55,0,84,26,0,26,110
12/21/2017,YKM,WA,ANM,WE,Federal Contract Tower,4,8,12,0,24,0,5,44,0,49,4,13,56,0,73,62,0,62,135
12/22/2017,YKM,WA,ANM,WE,Federal Contract Tower,4,12,12,0,28,0,0,5,0,5,4,12,17,0,33,14,0,14,47
12/23/2017,YKM,WA,ANM,WE,Federal Contract Tower,6,7,12,0,25,0,0,47,0,47,6,7,59,0,72,26,0,26,98
12/24/2017,YKM,WA,ANM,WE,Federal Contract Tower,2,0,9,0,11,0,1,8,0,9,2,1,17,0,20,16,0,16,36
12/25/2017,YKM,WA,ANM,WE,Federal Contract Tower,2,2,3,0,7,0,3,1,0,4,2,5,4,0,11,12,0,12,23
12/26/2017,YKM,WA,ANM,WE,Federal Contract Tower,4,6,1,0,11,0,0,2,0,2,4,6,3,0,13,0,0,0,13
12/27/2017,YKM,WA,ANM,WE,Federal Contract Tower,4,14,6,2,26,0,0,3,0,3,4,14,9,2,29,0,0,0,29
12/28/2017,YKM,WA,ANM,WE,Federal Contract Tower,2,15,7,0,24,0,0,0,0,0,2,15,7,0,24,0,0,0,24
12/29/2017,YKM,WA,ANM,WE,Federal Contract Tower,2,8,3,0,13,0,0,0,0,0,2,8,3,0,13,0,0,0,13
12/30/2017,YKM,WA,ANM,WE,Federal Contract Tower,4,10,8,0,22,0,2,21,0,23,4,12,29,0,45,42,0,42,87
12/31/2017,YKM,WA,ANM,WE,Federal Contract Tower,2,2,7,0,11,0,0,31,0,31,2,2,38,0,42,14,0,14,56
01/01/2018,YKM,WA,ANM,WE,Federal Contract Tower,1,0,10,0,11,0,2,7,0,9,1,2,17,0,20,10,0,10,30
01/02/2018,YKM,WA,ANM,WE,Federal Contract Tower,4,8,4,0,16,0,0,7,0,7,4,8,11,0,23,22,0,22,45
01/03/2018,YKM,WA,ANM,WE,Federal Contract Tower,7,8,4,0,19,0,4,14,0,18,7,12,18,0,37,12,0,12,49
01/04/2018,YKM,WA,ANM,WE,Federal Contract Tower,6,12,5,2,25,0,1,7,2,10,6,13,12,4,35,8,0,8,43
01/05/2018,YKM,WA,ANM,WE,Federal Contract Tower,6,12,8,2,28,0,0,2,0,2,6,12,10,2,30,0,0,0,30
01/06/2018,YKM,WA,ANM,WE,Federal Contract Tower,4,10,10,0,24,0,0,0,0,0,4,10,10,0,24,0,0,0,24
01/07/2018,YKM,WA,ANM,WE,Federal Contract Tower,6,0,9,0,15,0,0,0,0,0,6,0,9,0,15,0,0,0,15
01/08/2018,YKM,WA,ANM,WE,Federal Contract Tower,6,9,8,0,23,0,0,0,0,0,6,9,8,0,23,12,0,12,35
01/09/2018,YKM,WA,ANM,WE,Federal Contract Tower,6,13,13,0,32,0,0,0,0,0,6,13,13,0,32,0,0,0,32
01/10/2018,YKM,WA,ANM,WE,Federal Contract Tower,8,15,12,3,38,0,0,49,3,52,8,15,61,6,90,24,10,34,124
01/11/2018,YKM,WA,ANM,WE,Federal Contract Tower,6,17,8,8,39,0,0,0,0,0,6,17,8,8,39,0,0,0,39
01/12/2018,YKM,WA,ANM,WE,Federal Contract Tower,6,11,13,1,31,0,2,25,1,28,6,13,38,2,59,2,0,2,61
01/13/2018,YKM,WA,ANM,WE,Federal Contract Tower,4,6,7,0,17,0,1,49,0,50,4,7,56,0,67,22,0,22,89
01/14/2018,YKM,WA,ANM,WE,Federal Contract Tower,6,5,9,0,20,0,0,25,2,27,6,5,34,2,47,62,4,66,113
01/15/2018,YKM,WA,ANM,WE,Federal Contract Tower,6,10,8,0,24,0,2,25,0,27,6,12,33,0,51,40,0,40,91
01/16/2018,YKM,WA,ANM,WE,Federal Contract Tower,6,13,8,5,32,0,0,12,5,17,6,13,20,10,49,8,16,24,73
01/17/2018,YKM,WA,ANM,WE,Federal Contract Tower,6,15,20,0,41,0,0,18,0,18,6,15,38,0,59,6,0,6,65
01/18/2018,YKM,WA,ANM,WE,Federal Contract Tower,6,13,7,2,28,0,4,27,2,33,6,17,34,4,61,12,2,14,75
01/19/2018,YKM,WA,ANM,WE,Federal Contract Tower,6,13,9,0,28,0,2,28,2,32,6,15,37,2,60,24,4,28,88
01/20/2018,YKM,WA,ANM,WE,Federal Contract Tower,4,6,16,0,26,0,1,49,0,50,4,7,65,0,76,76,0,76,152
01/21/2018,YKM,WA,ANM,WE,Federal Contract Tower,6,0,7,0,13,0,0,8,2,10,6,0,15,2,23,4,4,8,31
01/22/2018,YKM,WA,ANM,WE,Federal Contract Tower,6,5,6,0,17,0,2,31,0,33,6,7,37,0,50,16,6,22,72
01/23/2018,YKM,WA,ANM,WE,Federal Contract Tower,6,11,9,0,26,0,0,0,0,0,6,11,9,0,26,0,0,0,26
01/24/2018,YKM,WA,ANM,WE,Federal Contract Tower,6,6,8,0,20,0,0,15,2,17,6,6,23,2,37,4,12,16,53
01/25/2018,YKM,WA,ANM,WE,Federal Contract Tower,6,11,7,2,26,0,0,9,2,11,6,11,16,4,37,40,0,40,77
01/26/2018,YKM,WA,ANM,WE,Federal Contract Tower,6,10,11,0,27,0,0,33,2,35,6,10,44,2,62,12,6,18,80
01/27/2018,YKM,WA,ANM,WE,Federal Contract Tower,5,9,12,0,26,0,2,3,0,5,5,11,15,0,31,6,0,6,37
01/28/2018,YKM,WA,ANM,WE,Federal Contract Tower,9,3,11,3,26,0,2,14,0,16,9,5,25,3,42,18,0,18,60
01/29/2018,YKM,WA,ANM,WE,Federal Contract Tower,8,7,8,0,23,0,0,5,0,5,8,7,13,0,28,4,0,4,32
01/30/2018,YKM,WA,ANM,WE,Federal Contract Tower,6,8,14,3,31,0,0,36,3,39,6,8,50,6,70,74,0,74,144
01/31/2018,YKM,WA,ANM,WE,Federal Contract Tower,8,13,12,2,35,0,0,46,0,46,8,13,58,2,81,36,0,36,117
02/01/2018,YKM,WA,ANM,WE,Federal Contract Tower,4,10,17,0,31,0,1,15,0,16,4,11,32,0,47,12,0,12,59
02/02/2018,YKM,WA,ANM,WE,Federal Contract Tower,6,10,10,2,28,0,4,12,0,16,6,14,22,2,44,18,0,18,62
02/03/2018,YKM,WA,ANM,WE,Federal Contract Tower,4,11,21,0,36,0,4,43,0,47,4,15,64,0,83,50,0,50,133
02/04/2018,YKM,WA,ANM,WE,Federal Contract Tower,4,2,8,0,14,0,2,13,0,15,4,4,21,0,29,17,0,17,46
02/05/2018,YKM,WA,ANM,WE,Federal Contract Tower,4,7,14,0,25,0,3,25,0,28,4,10,39,0,53,44,0,44,97
02/06/2018,YKM,WA,ANM,WE,Federal Contract Tower,4,7,14,4,29,0,0,38,0,38,4,7,52,4,67,37,0,37,104
02/07/2018,YKM,WA,ANM,WE,Federal Contract Tower,4,7,9,4,24,0,1,51,0,52,4,8,60,4,76,56,0,56,132
02/08/2018,YKM,WA,ANM,WE,Federal Contract Tower,4,12,14,0,30,0,0,9,0,9,4,12,23,0,39,4,0,4,43
02/09/2018,YKM,WA,ANM,WE,Federal Contract Tower,4,7,18,0,29,0,2,55,0,57,4,9,73,0,86,32,0,32,118
02/10/2018,YKM,WA,ANM,WE,Federal Contract Tower,8,6,13,0,27,0,1,65,0,66,8,7,78,0,93,40,0,40,133
02/11/2018,YKM,WA,ANM,WE,Federal Contract Tower,4,0,4,0,8,0,2,29,0,31,4,2,33,0,39,2,0,2,41
02/12/2018,YKM,WA,ANM,WE,Federal Contract Tower,4,6,14,0,24,0,0,30,0,30,4,6,44,0,54,62,0,62,116
02/13/2018,YKM,WA,ANM,WE,Federal Contract Tower,4,14,8,1,27,0,3,47,1,51,4,17,55,2,78,60,0,60,138
02/14/2018,YKM,WA,ANM,WE,Federal Contract Tower,4,12,22,9,47,0,0,30,2,32,4,12,52,11,79,30,0,30,109
02/15/2018,YKM,WA,ANM,WE,Federal Contract Tower,4,12,30,3,49,0,0,41,5,46,4,12,71,8,95,36,6,42,137
02/16/2018,YKM,WA,ANM,WE,Federal Contract Tower,4,10,26,2,42,0,2,15,0,17,4,12,41,2,59,0,0,0,59
02/17/2018,YKM,WA,ANM,WE,Federal Contract Tower,4,12,9,0,25,0,0,8,0,8,4,12,17,0,33,12,0,12,45
02/18/2018,YKM,WA,ANM,WE,Federal Contract Tower,7,5,3,0,15,1,1,8,0,10,8,6,11,0,25,20,0,20,45
02/19/2018,YKM,WA,ANM,WE,Federal Contract Tower,4,8,20,0,32,0,0,39,0,39,4,8,59,0,71,116,0,116,187
02/20/2018,YKM,WA,ANM,WE,Federal Contract Tower,4,14,13,14,45,0,0,21,3,24,4,14,34,17,69,52,0,52,121
02/21/2018,YKM,WA,ANM,WE,Federal Contract Tower,4,11,9,0,24,0,2,21,0,23,4,13,30,0,47,28,0,28,75
02/22/2018,YKM,WA,ANM,WE,Federal Contract Tower,4,10,13,6,33,0,0,50,1,51,4,10,63,7,84,72,6,78,162
02/23/2018,YKM,WA,ANM,WE,Federal Contract Tower,4,8,14,1,27,0,3,30,2,35,4,11,44,3,62,0,14,14,76
02/24/2018,YKM,WA,ANM,WE,Federal Contract Tower,4,10,8,0,22,0,1,12,0,13,4,11,20,0,35,10,0,10,45
02/25/2018,YKM,WA,ANM,WE,Federal Contract Tower,8,2,4,0,14,0,3,13,0,16,8,5,17,0,30,10,0,10,40
02/26/2018,YKM,WA,ANM,WE,Federal Contract Tower,4,5,18,0,27,0,2,32,0,34,4,7,50,0,61,40,0,40,101
02/27/2018,YKM,WA,ANM,WE,Federal Contract Tower,4,11,11,0,26,0,3,14,0,17,4,14,25,0,43,54,0,54,97
02/28/2018,YKM,WA,ANM,WE,Federal Contract Tower,4,13,6,1,24,0,4,5,1,10,4,17,11,2,34,24,0,24,58
03/01/2018,YKM,WA,ANM,WE,Federal Contract Tower,6,12,15,6,39,0,4,24,4,32,6,16,39,10,71,46,10,56,127
03/02/2018,YKM,WA,ANM,WE,Federal Contract Tower,6,10,14,3,33,0,2,32,1,35,6,12,46,4,68,14,0,14,82
03/03/2018,YKM,WA,ANM,WE,Federal Contract Tower,4,11,10,0,25,0,2,51,0,53,4,13,61,0,78,74,0,74,152
03/04/2018,YKM,WA,ANM,WE,Federal Contract Tower,6,5,12,0,23,0,1,36,0,37,6,6,48,0,60,46,0,46,106
03/05/2018,YKM,WA,ANM,WE,Federal Contract Tower,8,5,22,0,35,0,4,31,0,35,8,9,53,0,70,24,0,24,94
03/06/2018,YKM,WA,ANM,WE,Federal Contract Tower,6,14,13,12,45,0,8,43,0,51,6,22,56,12,96,68,0,68,164
03/07/2018,YKM,WA,ANM,WE,Federal Contract Tower,6,11,11,3,31,0,5,43,1,49,6,16,54,4,80,80,0,80,160
03/08/2018,YKM,WA,ANM,WE,Federal Contract Tower,6,11,13,0,30,0,3,23,0,26,6,14,36,0,56,60,0,60,116
03/09/2018,YKM,WA,ANM,WE,Federal Contract Tower,8,8,1,0,17,0,3,24,0,27,8,11,25,0,44,24,0,24,68
03/10/2018,YKM,WA,ANM,WE,Federal Contract Tower,4,7,12,0,23,0,4,59,0,63,4,11,71,0,86,44,0,44,130
03/11/2018,YKM,WA,ANM,WE,Federal Contract Tower,6,0,11,0,17,0,0,32,0,32,6,0,43,0,49,56,0,56,105
03/12/2018,YKM,WA,ANM,WE,Federal Contract Tower,6,10,3,1,20,0,1,24,3,28,6,11,27,4,48,34,16,50,98
03/13/2018,YKM,WA,ANM,WE,Federal Contract Tower,4,12,19,0,35,0,1,21,4,26,4,13,40,4,61,60,26,86,147
03/14/2018,YKM,WA,ANM,WE,Federal Contract Tower,4,14,15,0,33,0,2,28,4,34,4,16,43,4,67,30,20,50,117
03/15/2018,YKM,WA,ANM,WE,Federal Contract Tower,6,6,15,0,27,0,4,77,6,87,6,10,92,6,114,104,6,110,224
03/16/2018,YKM,WA,ANM,WE,Federal Contract Tower,10,12,5,0,27,0,1,37,0,38,10,13,42,0,65,8,0,8,73
03/17/2018,YKM,WA,ANM,WE,Federal Contract Tower,4,10,2,0,16,0,2,36,0,38,4,12,38,0,54,16,0,16,70
03/18/2018,YKM,WA,ANM,WE,Federal Contract Tower,6,3,8,0,17,0,3,45,2,50,6,6,53,2,67,68,22,90,157
03/19/2018,YKM,WA,ANM,WE,Federal Contract Tower,6,5,5,0,16,0,5,36,4,45,6,10,41,4,61,42,22,64,125
03/20/2018,YKM,WA,ANM,WE,Federal Contract Tower,4,15,7,2,28,0,4,55,5,64,4,19,62,7,92,78,18,96,188
03/21/2018,YKM,WA,ANM,WE,Federal Contract Tower,4,12,26,8,50,0,3,26,0,29,4,15,52,8,79,62,0,62,141
03/22/2018,YKM,WA,ANM,WE,Federal Contract Tower,6,15,10,0,31,0,0,7,0,7,6,15,17,0,38,80,0,80,118
03/23/2018,YKM,WA,ANM,WE,Federal Contract Tower,6,11,15,0,32,0,1,11,0,12,6,12,26,0,44,10,0,10,54
03/24/2018,YKM,WA,ANM,WE,Federal Contract Tower,4,9,10,3,26,0,2,16,1,19,4,11,26,4,45,4,0,4,49
03/25/2018,YKM,WA,ANM,WE,Federal Contract Tower,6,0,12,0,18,0,4,37,0,41,6,4,49,0,59,32,0,32,91
03/26/2018,YKM,WA,ANM,WE,Federal Contract Tower,6,6,3,0,15,0,5,7,0,12,6,11,10,0,27,22,0,22,49
03/27/2018,YKM,WA,ANM,WE,Federal Contract Tower,4,13,9,0,26,0,1,10,0,11,4,14,19,0,37,2,0,2,39
03/28/2018,YKM,WA,ANM,WE,Federal Contract Tower,8,11,13,0,32,0,3,44,0,47,8,14,57,0,79,32,0,32,111
03/29/2018,YKM,WA,ANM,WE,Federal Contract Tower,6,14,9,3,32,0,2,52,0,54,6,16,61,3,86,46,0,46,132
03/30/2018,YKM,WA,ANM,WE,Federal Contract Tower,8,9,32,0,49,0,2,92,1,95,8,11,124,1,144,106,0,106,250
03/31/2018,YKM,WA,ANM,WE,Federal Contract Tower,4,10,6,0,20,0,0,42,4,46,4,10,48,4,66,50,0,50,116
04/01/2018,YKM,WA,ANM,WE,Federal Contract Tower,6,5,3,0,14,0,5,9,0,14,6,10,12,0,28,16,0,16,44
04/02/2018,YKM,WA,ANM,WE,Federal Contract Tower,10,9,29,0,48,0,6,19,0,25,10,15,48,0,73,38,0,38,111
04/03/2018,YKM,WA,ANM,WE,Federal Contract Tower,4,11,15,4,34,0,1,54,0,55,4,12,69,4,89,70,0,70,159
04/04/2018,YKM,WA,ANM,WE,Federal Contract Tower,4,13,22,4,43,0,1,44,0,45,4,14,66,4,88,44,2,46,134
04/05/2018,YKM,WA,ANM,WE,Federal Contract Tower,8,12,6,4,30,0,3,6,5,14,8,15,12,9,44,32,0,32,76
04/06/2018,YKM,WA,ANM,WE,Federal Contract Tower,8,14,12,3,37,0,0,18,3,21,8,14,30,6,58,62,0,62,120
04/07/2018,YKM,WA,ANM,WE,Federal Contract Tower,4,7,4,0,15,0,2,1,0,3,4,9,5,0,18,0,0,0,18
04/08/2018,YKM,WA,ANM,WE,Federal Contract Tower,6,2,3,2,13,0,4,9,1,14,6,6,12,3,27,22,0,22,49
04/09/2018,YKM,WA,ANM,WE,Federal Contract Tower,6,5,33,2,46,0,3,63,3,69,6,8,96,5,115,114,0,114,229
04/10/2018,YKM,WA,ANM,WE,Federal Contract Tower,4,12,15,1,32,0,1,39,10,50,4,13,54,11,82,20,2,22,104
04/11/2018,YKM,WA,ANM,WE,Federal Contract Tower,4,12,14,0,30,0,1,34,4,39,4,13,48,4,69,50,0,50,119
04/12/2018,YKM,WA,ANM,WE,Federal Contract Tower,6,10,18,22,56,0,3,26,9,38,6,13,44,31,94,10,10,20,114
04/13/2018,YKM,WA,ANM,WE,Federal Contract Tower,6,9,35,0,50,0,4,28,0,32,6,13,63,0,82,0,0,0,82
04/14/2018,YKM,WA,ANM,WE,Federal Contract Tower,7,6,6,0,19,0,4,31,2,37,7,10,37,2,56,20,8,28,84
04/15/2018,YKM,WA,ANM,WE,Federal Contract Tower,6,0,6,0,12,0,2,18,0,20,6,2,24,0,32,66,0,66,98
04/16/2018,YKM,WA,ANM,WE,Federal Contract Tower,6,6,18,0,30,0,4,29,1,34,6,10,47,1,64,22,0,22,86
04/17/2018,YKM,WA,ANM,WE,Federal Contract Tower,4,9,3,3,19,0,1,17,1,19,4,10,20,4,38,8,6,14,52
04/18/2018,YKM,WA,ANM,WE,Federal Contract Tower,4,12,23,0,39,0,5,79,4,88,4,17,102,4,127,50,8,58,185
04/19/2018,YKM,WA,ANM,WE,Federal Contract Tower,6,12,21,2,41,0,9,89,2,100,6,21,110,4,141,98,2,100,241
04/20/2018,YKM,WA,ANM,WE,Federal Contract Tower,6,13,17,2,38,0,4,62,2,68,6,17,79,4,106,82,0,82,188
04/21/2018,YKM,WA,ANM,WE,Federal Contract Tower,4,10,10,0,24,0,8,8,0,16,4,18,18,0,40,4,0,4,44
04/22/2018,YKM,WA,ANM,WE,Federal Contract Tower,6,0,13,0,19,0,0,35,0,35,6,0,48,0,54,26,0,26,80
04/23/2018,YKM,WA,ANM,WE,Federal Contract Tower,6,5,31,0,42,0,1,38,0,39,6,6,69,0,81,18,0,18,99
04/24/2018,YKM,WA,ANM,WE,Federal Contract Tower,5,10,20,0,35,0,5,66,0,71,5,15,86,0,106,132,0,132,238
04/25/2018,YKM,WA,ANM,WE,Federal Contract Tower,4,11,30,0,45,0,2,63,4,69,4,13,93,4,114,76,12,88,202
04/26/2018,YKM,WA,ANM,WE,Federal Contract Tower,6,10,20,4,40,0,0,47,3,50,6,10,67,7,90,84,0,84,174
04/27/2018,YKM,WA,ANM,WE,Federal Contract Tower,6,13,12,0,31,0,6,56,0,62,6,19,68,0,93,34,0,34,127
04/28/2018,YKM,WA,ANM,WE,Federal Contract Tower,4,8,11,0,23,0,0,27,2,29,4,8,38,2,52,56,4,60,112
04/29/2018,YKM,WA,ANM,WE,Federal Contract Tower,6,1,3,0,10,0,0,34,0,34,6,1,37,0,44,34,0,34,78
04/30/2018,YKM,WA,ANM,WE,Federal Contract Tower,6,4,18,11,39,0,1,38,1,40,6,5,56,12,79,46,0,46,125
05/01/2018,YKM,WA,ANM,WE,Federal Contract Tower,4,8,32,1,45,0,6,34,1,41,4,14,66,2,86,48,0,48,134
05/02/2018,YKM,WA,ANM,WE,Federal Contract Tower,4,7,24,0,35,0,3,49,2,54,4,10,73,2,89,24,0,24,113
05/03/2018,YKM,WA,ANM,WE,Federal Contract Tower,6,9,17,3,35,0,6,61,4,71,6,15,78,7,106,36,2,38,144
05/04/2018,YKM,WA,ANM,WE,Federal Contract Tower,6,8,19,2,35,0,5,60,0,65,6,13,79,2,100,16,0,16,116
05/05/2018,YKM,WA,ANM,WE,Federal Contract Tower,10,7,5,0,22,0,3,29,0,32,10,10,34,0,54,22,0,22,76
05/06/2018,YKM,WA,ANM,WE,Federal Contract Tower,7,3,11,0,21,0,3,24,0,27,7,6,35,0,48,10,0,10,58
05/07/2018,YKM,WA,ANM,WE,Federal Contract Tower,7,5,21,0,33,0,2,45,0,47,7,7,66,0,80,20,0,20,100
05/08/2018,YKM,WA,ANM,WE,Federal Contract Tower,4,6,18,1,29,0,9,50,3,62,4,15,68,4,91,68,0,68,159
05/09/2018,YKM,WA,ANM,WE,Federal Contract Tower,4,8,11,1,24,0,3,30,3,36,4,11,41,4,60,46,2,48,108
05/10/2018,YKM,WA,ANM,WE,Federal Contract Tower,6,8,13,2,29,0,3,39,4,46,6,11,52,6,75,46,6,52,127
05/11/2018,YKM,WA,ANM,WE,Federal Contract Tower,6,11,18,0,35,0,3,41,1,45,6,14,59,1,80,46,0,46,126
05/12/2018,YKM,WA,ANM,WE,Federal Contract Tower,4,8,14,0,26,0,2,46,0,48,4,10,60,0,74,48,0,48,122
05/13/2018,YKM,WA,ANM,WE,Federal Contract Tower,6,1,3,1,11,0,2,39,1,42,6,3,42,2,53,22,4,26,79
05/14/2018,YKM,WA,ANM,WE,Federal Contract Tower,6,7,31,0,44,0,9,55,0,64,6,16,86,0,108,80,0,80,188
05/15/2018,YKM,WA,ANM,WE,Federal Contract Tower,4,8,14,2,28,0,2,62,0,64,4,10,76,2,92,68,0,68,160
05/16/2018,YKM,WA,ANM,WE,Federal Contract Tower,4,10,25,2,41,0,4,44,2,50,4,14,69,4,91,20,0,20,111
05/17/2018,YKM,WA,ANM,WE,Federal Contract Tower,6,14,20,4,44,0,4,43,0,47,6,18,63,4,91,42,0,42,133
05/18/2018,YKM,WA,ANM,WE,Federal Contract Tower,6,10,34,0,50,0,0,31,0,31,6,10,65,0,81,22,0,22,103
05/19/2018,YKM,WA,ANM,WE,Federal Contract Tower,4,11,15,0,30,0,2,45,0,47,4,13,60,0,77,90,0,90,167
05/20/2018,YKM,WA,ANM,WE,Federal Contract Tower,6,2,10,0,18,0,5,23,0,28,6,7,33,0,46,22,0,22,68
05/21/2018,YKM,WA,ANM,WE,Federal Contract Tower,6,7,22,0,35,0,0,57,0,57,6,7,79,0,92,8,0,8,100
05/22/2018,YKM,WA,ANM,WE,Federal Contract Tower,4,11,9,0,24,0,4,51,2,57,4,15,60,2,81,120,2,122,203
05/23/2018,YKM,WA,ANM,WE,Federal Contract Tower,4,13,11,0,28,0,8,50,0,58,4,21,61,0,86,70,0,70,156
05/24/2018,YKM,WA,ANM,WE,Federal Contract Tower,6,11,28,0,45,0,2,46,0,48,6,13,74,0,93,44,0,44,137
05/25/2018,YKM,WA,ANM,WE,Federal Contract Tower,6,8,28,4,46,0,5,35,0,40,6,13,63,4,86,40,0,40,126
05/26/2018,YKM,WA,ANM,WE,Federal Contract Tower,4,8,6,0,18,0,7,37,0,44,4,15,43,0,62,14,0,14,76
05/27/2018,YKM,WA,ANM,WE,Federal Contract Tower,8,4,3,0,15,0,1,52,0,53,8,5,55,0,68,48,0,48,116
05/28/2018,YKM,WA,ANM,WE,Federal Contract Tower,6,1,20,0,27,0,4,41,0,45,6,5,61,0,72,24,0,24,96
05/29/2018,YKM,WA,ANM,WE,Federal Contract Tower,4,6,19,2,31,0,2,38,0,40,4,8,57,2,71,60,0,60,131
05/30/2018,YKM,WA,ANM,WE,Federal Contract Tower,6,12,18,2,38,0,5,42,1,48,6,17,60,3,86,40,0,40,126
05/31/2018,YKM,WA,ANM,WE,Federal Contract Tower,6,15,22,10,53,0,1,45,0,46,6,16,67,10,99,34,0,34,133
06/01/2018,YKM,WA,ANM,WE,Federal Contract Tower,6,11,14,0,31,0,1,50,0,51,6,12,64,0,82,26,0,26,108
06/02/2018,YKM,WA,ANM,WE,Federal Contract Tower,4,9,14,0,27,0,1,53,0,54,4,10,67,0,81,8,0,8,89
06/03/2018,YKM,WA,ANM,WE,Federal Contract Tower,6,2,8,1,17,0,1,26,1,28,6,3,34,2,45,20,0,20,65
06/04/2018,YKM,WA,ANM,WE,Federal Contract Tower,6,7,14,9,36,0,0,43,1,44,6,7,57,10,80,44,0,44,124
06/05/2018,YKM,WA,ANM,WE,Federal Contract Tower,6,11,12,0,29,0,3,57,0,60,6,14,69,0,89,36,0,36,125
06/06/2018,YKM,WA,ANM,WE,Federal Contract Tower,4,11,9,4,28,0,5,39,2,46,4,16,48,6,74,18,0,18,92
06/07/2018,YKM,WA,ANM,WE,Federal Contract Tower,6,10,12,0,28,0,2,47,0,49,6,12,59,0,77,78,0,78,155
06/08/2018,YKM,WA,ANM,WE,Federal Contract Tower,6,9,12,0,27,0,2,43,0,45,6,11,55,0,72,60,0,60,132
06/09/2018,YKM,WA,ANM,WE,Federal Contract Tower,4,11,14,0,29,0,29,0,0,29,4,40,14,0,58,42,0,42,100
06/10/2018,YKM,WA,ANM,WE,Federal Contract Tower,6,4,4,0,14,0,2,18,0,20,6,6,22,0,34,30,0,30,64
06/11/2018,YKM,WA,ANM,WE,Federal Contract Tower,6,4,13,0,23,0,1,32,0,33,6,5,45,0,56,54,0,54,110
06/12/2018,YKM,WA,ANM,WE,Federal Contract Tower,6,9,24,1,40,0,2,45,2,49,6,11,69,3,89,44,0,44,133
06/13/2018,YKM,WA,ANM,WE,Federal Contract Tower,6,10,17,2,35,0,2,24,0,26,6,12,41,2,61,16,0,16,77
06/14/2018,YKM,WA,ANM,WE,Federal Contract Tower,6,10,15,2,33,0,1,55,0,56,6,11,70,2,89,54,0,54,143
06/15/2018,YKM,WA,ANM,WE,Federal Contract Tower,6,14,6,0,26,0,4,51,0,55,6,18,57,0,81,38,0,38,119
06/16/2018,YKM,WA,ANM,WE,Federal Contract Tower,4,7,8,0,19,0,1,50,0,51,4,8,58,0,70,14,0,14,84
06/17/2018,YKM,WA,ANM,WE,Federal Contract Tower,6,2,5,0,13,2,1,22,0,25,8,3,27,0,38,20,0,20,58
06/18/2018,YKM,WA,ANM,WE,Federal Contract Tower,6,5,18,0,29,0,1,50,0,51,6,6,68,0,80,28,0,28,108
06/19/2018,YKM,WA,ANM,WE,Federal Contract Tower,8,9,12,0,29,0,2,51,2,55,8,11,63,2,84,13,0,13,97
06/20/2018,YKM,WA,ANM,WE,Federal Contract Tower,4,12,19,0,35,0,4,42,0,46,4,16,61,0,81,36,0,36,117
06/21/2018,YKM,WA,ANM,WE,Federal Contract Tower,6,10,10,3,29,0,1,60,1,62,6,11,70,4,91,60,0,60,151
06/22/2018,YKM,WA,ANM,WE,Federal Contract Tower,6,9,21,0,36,0,4,45,0,49,6,13,66,0,85,56,0,56,141
06/23/2018,YKM,WA,ANM,WE,Federal Contract Tower,4,6,10,2,22,0,5,37,2,44,4,11,47,4,66,24,0,24,90
06/24/2018,YKM,WA,ANM,WE,Federal Contract Tower,6,0,14,0,20,0,2,34,0,36,6,2,48,0,56,58,0,58,114
06/25/2018,YKM,WA,ANM,WE,Federal Contract Tower,6,7,6,3,22,0,1,17,3,21,6,8,23,6,43,30,6,36,79
06/26/2018,YKM,WA,ANM,WE,Federal Contract Tower,4,11,20,2,37,0,12,69,0,81,4,23,89,2,118,90,0,90,208
06/27/2018,YKM,WA,ANM,WE,Federal Contract Tower,4,12,28,14,58,0,0,58,2,60,4,12,86,16,118,42,0,42,160
06/28/2018,YKM,WA,ANM,WE,Federal Contract Tower,6,12,12,0,30,0,2,34,4,40,6,14,46,4,70,50,12,62,132
06/29/2018,YKM,WA,ANM,WE,Federal Contract Tower,6,6,14,0,26,0,3,55,0,58,6,9,69,0,84,40,0,40,124
06/30/2018,YKM,WA,ANM,WE,Federal Contract Tower,2,7,14,0,23,0,4,60,0,64,2,11,74,0,87,51,0,51,138
07/01/2018,YKM,WA,ANM,WE,Federal Contract Tower,6,2,11,0,19,0,1,52,0,53,6,3,63,0,72,26,0,26,98
07/02/2018,YKM,WA,ANM,WE,Federal Contract Tower,6,5,9,0,20,0,0,25,0,25,6,5,34,0,45,29,0,29,74
07/03/2018,YKM,WA,ANM,WE,Federal Contract Tower,4,13,9,0,26,0,0,54,0,54,4,13,63,0,80,62,0,62,142
07/04/2018,YKM,WA,ANM,WE,Federal Contract Tower,4,2,5,0,11,0,4,28,0,32,4,6,33,0,43,26,0,26,69
07/05/2018,YKM,WA,ANM,WE,Federal Contract Tower,6,12,15,1,34,0,5,48,1,54,6,17,63,2,88,34,0,34,122
07/06/2018,YKM,WA,ANM,WE,Federal Contract Tower,6,9,15,0,30,0,2,46,0,48,6,11,61,0,78,12,0,12,90
07/07/2018,YKM,WA,ANM,WE,Federal Contract Tower,8,8,9,0,25,0,9,60,0,69,8,17,69,0,94,46,0,46,140
07/08/2018,YKM,WA,ANM,WE,Federal Contract Tower,6,3,10,0,19,0,5,22,0,27,6,8,32,0,46,8,0,8,54
07/09/2018,YKM,WA,ANM,WE,Federal Contract Tower,6,6,5,5,22,0,2,25,1,28,6,8,30,6,50,10,0,10,60
07/10/2018,YKM,WA,ANM,WE,Federal Contract Tower,4,11,15,0,30,0,1,20,0,21,4,12,35,0,51,22,0,22,73
07/11/2018,YKM,WA,ANM,WE,Federal Contract Tower,4,12,23,5,44,0,2,44,0,46,4,14,67,5,90,12,0,12,102
07/12/2018,YKM,WA,ANM,WE,Federal Contract Tower,6,10,10,3,29,0,2,50,2,54,6,12,60,5,83,24,0,24,107
07/13/2018,YKM,WA,ANM,WE,Federal Contract Tower,6,8,14,0,28,0,7,47,0,54,6,15,61,0,82,28,0,28,110
07/14/2018,YKM,WA,ANM,WE,Federal Contract Tower,4,5,17,2,28,0,4,69,0,73,4,9,86,2,101,36,0,36,137
07/15/2018,YKM,WA,ANM,WE,Federal Contract Tower,7,0,11,0,18,2,3,51,0,56,9,3,62,0,74,44,0,44,118
07/16/2018,YKM,WA,ANM,WE,Federal Contract Tower,8,10,16,1,35,0,5,32,1,38,8,15,48,2,73,6,0,6,79
07/17/2018,YKM,WA,ANM,WE,Federal Contract Tower,4,10,7,2,23,0,2,40,0,42,4,12,47,2,65,36,8,44,109
07/18/2018,YKM,WA,ANM,WE,Federal Contract Tower,4,15,11,0,30,0,6,47,0,53,4,21,58,0,83,64,0,64,147
07/19/2018,YKM,WA,ANM,WE,Federal Contract Tower,8,14,9,0,31,0,17,64,0,81,8,31,73,0,112,46,0,46,158
07/20/2018,YKM,WA,ANM,WE,Federal Contract Tower,8,9,8,0,25,0,7,70,0,77,8,16,78,0,102,52,0,52,154
07/21/2018,YKM,WA,ANM,WE,Federal Contract Tower,8,7,12,0,27,0,2,58,0,60,8,9,70,0,87,28,0,28,115
07/22/2018,YKM,WA,ANM,WE,Federal Contract Tower,16,0,7,0,23,0,1,42,2,45,16,1,49,2,68,64,0,64,132
07/23/2018,YKM,WA,ANM,WE,Federal Contract Tower,8,7,9,0,24,0,2,47,2,51,8,9,56,2,75,22,0,22,97
07/24/2018,YKM,WA,ANM,WE,Federal Contract Tower,4,12,8,0,24,0,3,63,0,66,4,15,71,0,90,52,0,52,142
07/25/2018,YKM,WA,ANM,WE,Federal Contract Tower,4,14,11,1,30,0,0,39,1,40,4,14,50,2,70,44,12,56,126
07/26/2018,YKM,WA,ANM,WE,Federal Contract Tower,6,7,33,0,46,0,7,32,0,39,6,14,65,0,85,24,0,24,109
07/27/2018,YKM,WA,ANM,WE,Federal Contract Tower,6,12,15,0,33,0,14,42,0,56,6,26,57,0,89,22,0,22,111
07/28/2018,YKM,WA,ANM,WE,Federal Contract Tower,4,7,15,0,26,0,3,47,0,50,4,10,62,0,76,82,0,82,158
07/29/2018,YKM,WA,ANM,WE,Federal Contract Tower,6,3,18,0,27,0,3,57,0,60,6,6,75,0,87,94,0,94,181
07/30/2018,YKM,WA,ANM,WE,Federal Contract Tower,6,5,29,0,40,0,2,59,2,63,6,7,88,2,103,28,8,36,139
07/31/2018,YKM,WA,ANM,WE,Federal Contract Tower,4,9,15,4,32,0,9,52,2,63,4,18,67,6,95,38,0,38,133
08/01/2018,YKM,WA,ANM,WE,Federal Contract Tower,4,9,16,0,29,0,4,53,0,57,4,13,69,0,86,48,0,48,134
08/02/2018,YKM,WA,ANM,WE,Federal Contract Tower,6,9,12,6,33,0,4,45,2,51,6,13,57,8,84,42,0,42,126
08/03/2018,YKM,WA,ANM,WE,Federal Contract Tower,6,13,29,1,49,0,5,75,1,81,6,18,104,2,130,62,0,62,192
08/04/2018,YKM,WA,ANM,WE,Federal Contract Tower,4,7,12,0,23,0,2,69,0,71,4,9,81,0,94,54,0,54,148
08/05/2018,YKM,WA,ANM,WE,Federal Contract Tower,8,2,10,0,20,0,2,60,0,62,8,4,70,0,82,34,0,34,116
08/06/2018,YKM,WA,ANM,WE,Federal Contract Tower,10,5,4,0,19,0,2,59,0,61,10,7,63,0,80,20,0,20,100
08/07/2018,YKM,WA,ANM,WE,Federal Contract Tower,4,10,20,5,39,0,2,48,1,51,4,12,68,6,90,28,0,28,118
08/08/2018,YKM,WA,ANM,WE,Federal Contract Tower,4,10,13,0,27,0,16,33,0,49,4,26,46,0,76,14,0,14,90
08/09/2018,YKM,WA,ANM,WE,Federal Contract Tower,6,15,23,2,46,0,2,55,0,57,6,17,78,2,103,36,0,36,139
08/10/2018,YKM,WA,ANM,WE,Federal Contract Tower,5,14,29,0,48,0,4,42,2,48,5,18,71,2,96,24,0,24,120
08/11/2018,YKM,WA,ANM,WE,Federal Contract Tower,4,7,8,0,19,0,5,53,1,59,4,12,61,1,78,46,0,46,124
08/12/2018,YKM,WA,ANM,WE,Federal Contract Tower,5,2,15,0,22,0,3,55,1,59,5,5,70,1,81,90,0,90,171
08/13/2018,YKM,WA,ANM,WE,Federal Contract Tower,6,8,20,0,34,0,1,28,0,29,6,9,48,0,63,64,0,64,127
08/14/2018,YKM,WA,ANM,WE,Federal Contract Tower,4,12,25,0,41,0,0,9,1,10,4,12,34,1,51,22,4,26,77
08/15/2018,YKM,WA,ANM,WE,Federal Contract Tower,4,11,9,1,25,0,1,15,2,18,4,12,24,3,43,56,0,56,99
08/16/2018,YKM,WA,ANM,WE,Federal Contract Tower,6,10,15,2,33,0,0,31,1,32,6,10,46,3,65,48,0,48,113
08/17/2018,YKM,WA,ANM,WE,Federal Contract Tower,6,16,25,0,47,0,3,41,0,44,6,19,66,0,91,10,0,10,101
08/18/2018,YKM,WA,ANM,WE,Federal Contract Tower,4,5,9,2,20,0,4,38,0,42,4,9,47,2,62,54,0,54,116
08/19/2018,YKM,WA,ANM,WE,Federal Contract Tower,5,2,17,0,24,0,0,4,0,4,5,2,21,0,28,2,0,2,30
08/20/2018,YKM,WA,ANM,WE,Federal Contract Tower,5,7,14,3,29,0,0,0,0,0,5,7,14,3,29,0,0,0,29
08/21/2018,YKM,WA,ANM,WE,Federal Contract Tower,4,14,21,0,39,0,1,26,0,27,4,15,47,0,66,18,0,18,84
08/22/2018,YKM,WA,ANM,WE,Federal Contract Tower,4,14,17,6,41,0,0,0,0,0,4,14,17,6,41,34,0,34,75
08/23/2018,YKM,WA,ANM,WE,Federal Contract Tower,4,12,31,0,47,0,0,20,0,20,4,12,51,0,67,4,0,4,71
08/24/2018,YKM,WA,ANM,WE,Federal Contract Tower,6,10,19,0,35,0,4,58,0,62,6,14,77,0,97,40,0,40,137
08/25/2018,YKM,WA,ANM,WE,Federal Contract Tower,4,7,11,0,22,0,1,39,0,40,4,8,50,0,62,24,0,24,86
08/26/2018,YKM,WA,ANM,WE,Federal Contract Tower,4,4,18,0,26,0,2,40,3,45,4,6,58,3,71,26,0,26,97
08/27/2018,YKM,WA,ANM,WE,Federal Contract Tower,2,6,17,1,26,0,5,41,2,48,2,11,58,3,74,102,34,136,210
08/28/2018,YKM,WA,ANM,WE,Federal Contract Tower,8,11,12,0,31,0,4,42,0,46,8,15,54,0,77,104,0,104,181
08/29/2018,YKM,WA,ANM,WE,Federal Contract Tower,4,7,8,0,19,0,3,68,0,71,4,10,76,0,90,58,0,58,148
08/30/2018,YKM,WA,ANM,WE,Federal Contract Tower,5,9,23,0,37,0,1,50,0,51,5,10,73,0,88,8,0,8,96
08/31/2018,YKM,WA,ANM,WE,Federal Contract Tower,4,12,12,0,28,0,3,74,0,77,4,15,86,0,105,50,0,50,155
09/01/2018,YKM,WA,ANM,WE,Federal Contract Tower,4,9,8,0,21,0,7,61,0,68,4,16,69,0,89,18,0,18,107
09/02/2018,YKM,WA,ANM,WE,Federal Contract Tower,3,2,8,0,13,0,16,24,0,40,3,18,32,0,53,18,0,18,71
09/03/2018,YKM,WA,ANM,WE,Federal Contract Tower,4,1,8,1,14,0,1,43,1,45,4,2,51,2,59,15,0,15,74
09/04/2018,YKM,WA,ANM,WE,Federal Contract Tower,4,7,23,5,39,0,2,38,1,41,4,9,61,6,80,10,0,10,90
09/05/2018,YKM,WA,ANM,WE,Federal Contract Tower,4,9,14,0,27,0,4,41,2,47,4,13,55,2,74,44,2,46,120
09/06/2018,YKM,WA,ANM,WE,Federal Contract Tower,4,8,11,6,29,0,0,50,5,55,4,8,61,11,84,72,0,72,156
09/07/2018,YKM,WA,ANM,WE,Federal Contract Tower,4,11,30,0,45,0,4,67,0,71,4,15,97,0,116,74,0,74,190
09/08/2018,YKM,WA,ANM,WE,Federal Contract Tower,4,5,15,0,24,0,7,58,0,65,4,12,73,0,89,14,0,14,103
09/09/2018,YKM,WA,ANM,WE,Federal Contract Tower,4,1,10,0,15,0,1,40,0,41,4,2,50,0,56,66,0,66,122
09/10/2018,YKM,WA,ANM,WE,Federal Contract Tower,4,4,14,0,22,0,3,30,0,33,4,7,44,0,55,22,0,22,77
09/11/2018,YKM,WA,ANM,WE,Federal Contract Tower,4,9,7,0,20,0,2,44,4,50,4,11,51,4,70,72,26,98,168
09/12/2018,YKM,WA,ANM,WE,Federal Contract Tower,4,11,7,3,25,0,2,55,9,66,4,13,62,12,91,58,50,108,199
09/13/2018,YKM,WA,ANM,WE,Federal Contract Tower,4,12,12,11,39,0,4,50,3,57,4,16,62,14,96,34,40,74,170
09/14/2018,YKM,WA,ANM,WE,Federal Contract Tower,4,15,22,1,42,0,6,56,2,64,4,21,78,3,106,42,0,42,148
09/15/2018,YKM,WA,ANM,WE,Federal Contract Tower,4,8,6,1,19,0,7,41,7,55,4,15,47,8,74,8,42,50,124
09/16/2018,YKM,WA,ANM,WE,Federal Contract Tower,4,1,9,2,16,0,0,24,2,26,4,1,33,4,42,18,0,18,60
09/17/2018,YKM,WA,ANM,WE,Federal Contract Tower,4,5,11,1,21,0,1,49,1,51,4,6,60,2,72,44,14,58,130
09/18/2018,YKM,WA,ANM,WE,Federal Contract Tower,4,12,24,1,41,0,2,52,2,56,4,14,76,3,97,36,0,36,133
09/19/2018,YKM,WA,ANM,WE,Federal Contract Tower,4,13,22,3,42,0,1,63,1,65,4,14,85,4,107,44,0,44,151
09/20/2018,YKM,WA,ANM,WE,Federal Contract Tower,6,10,19,2,37,0,1,49,1,51,6,11,68,3,88,58,6,64,152
09/21/2018,YKM,WA,ANM,WE,Federal Contract Tower,4,11,15,0,30,0,2,38,0,40,4,13,53,0,70,40,0,40,110
09/22/2018,YKM,WA,ANM,WE,Federal Contract Tower,4,6,13,1,24,0,1,19,1,21,4,7,32,2,45,14,0,14,59
09/23/2018,YKM,WA,ANM,WE,Federal Contract Tower,6,0,8,0,14,0,1,28,0,29,6,1,36,0,43,24,0,24,67
09/24/2018,YKM,WA,ANM,WE,Federal Contract Tower,4,6,7,0,17,0,1,39,0,40,4,7,46,0,57,8,0,8,65
09/25/2018,YKM,WA,ANM,WE,Federal Contract Tower,4,14,12,1,31,0,0,35,3,38,4,14,47,4,69,60,0,60,129
09/26/2018,YKM,WA,ANM,WE,Federal Contract Tower,4,10,13,2,29,0,3,44,4,51,4,13,57,6,80,48,22,70,150
09/27/2018,YKM,WA,ANM,WE,Federal Contract Tower,4,9,14,2,29,0,7,65,7,79,4,16,79,9,108,82,40,122,230
09/28/2018,YKM,WA,ANM,WE,Federal Contract Tower,7,10,16,3,36,0,2,65,4,71,7,12,81,7,107,20,36,56,163
09/29/2018,YKM,WA,ANM,WE,Federal Contract Tower,6,8,10,0,24,0,1,54,0,55,6,9,64,0,79,10,0,10,89
09/30/2018,YKM,WA,ANM,WE,Federal Contract Tower,4,1,13,0,18,0,0,55,0,55,4,1,68,0,73,66,0,66,139
10/01/2018,YKM,WA,ANM,WE,Federal Contract Tower,4,8,15,3,30,0,1,24,5,30,4,9,39,8,60,4,14,18,78
10/02/2018,YKM,WA,ANM,WE,Federal Contract Tower,9,13,17,0,39,1,4,21,0,26,10,17,38,0,65,34,0,34,99
10/03/2018,YKM,WA,ANM,WE,Federal Contract Tower,4,8,24,1,37,0,1,61,3,65,4,9,85,4,102,87,16,103,205
10/04/2018,YKM,WA,ANM,WE,Federal Contract Tower,4,13,14,4,35,0,1,54,4,59,4,14,68,8,94,68,32,100,194
10/05/2018,YKM,WA,ANM,WE,Federal Contract Tower,6,20,19,0,45,2,7,27,0,36,8,27,46,0,81,48,0,48,129
10/06/2018,YKM,WA,ANM,WE,Federal Contract Tower,6,7,10,0,23,2,3,34,2,41,8,10,44,2,64,60,28,88,152
10/07/2018,YKM,WA,ANM,WE,Federal Contract Tower,4,4,15,0,23,0,2,32,0,34,4,6,47,0,57,60,0,60,117
10/08/2018,YKM,WA,ANM,WE,Federal Contract Tower,4,7,21,0,32,0,0,8,0,8,4,7,29,0,40,6,0,6,46
10/09/2018,YKM,WA,ANM,WE,Federal Contract Tower,2,4,11,3,20,0,0,30,2,32,2,4,41,5,52,68,14,82,134
10/10/2018,YKM,WA,ANM,WE,Federal Contract Tower,8,12,15,1,36,0,2,54,1,57,8,14,69,2,93,52,0,52,145
10/11/2018,YKM,WA,ANM,WE,Federal Contract Tower,6,7,11,0,24,0,2,51,0,53,6,9,62,0,77,86,0,86,163
10/12/2018,YKM,WA,ANM,WE,Federal Contract Tower,8,12,13,5,38,0,6,85,7,98,8,18,98,12,136,149,0,149,285
10/13/2018,YKM,WA,ANM,WE,Federal Contract Tower,5,9,12,0,26,0,2,54,0,56,5,11,66,0,82,70,0,70,152
10/14/2018,YKM,WA,ANM,WE,Federal Contract Tower,14,2,20,0,36,2,4,43,0,49,16,6,63,0,85,114,0,114,199
10/15/2018,YKM,WA,ANM,WE,Federal Contract Tower,8,4,12,0,24,2,1,32,2,37,10,5,44,2,61,54,16,70,131
10/16/2018,YKM,WA,ANM,WE,Federal Contract Tower,4,12,21,2,39,0,3,54,2,59,4,15,75,4,98,44,2,46,144
10/17/2018,YKM,WA,ANM,WE,Federal Contract Tower,13,7,11,2,33,1,2,38,0,41,14,9,49,2,74,34,0,34,108
10/18/2018,YKM,WA,ANM,WE,Federal Contract Tower,4,6,21,0,31,0,2,54,4,60,4,8,75,4,91,142,8,150,241
10/19/2018,YKM,WA,ANM,WE,Federal Contract Tower,17,8,12,0,37,0,3,62,0,65,17,11,74,0,102,50,0,50,152
10/20/2018,YKM,WA,ANM,WE,Federal Contract Tower,4,9,15,1,29,0,5,34,1,40,4,14,49,2,69,24,0,24,93
10/21/2018,YKM,WA,ANM,WE,Federal Contract Tower,8,0,12,0,20,0,1,42,0,43,8,1,54,0,63,86,0,86,149
10/22/2018,YKM,WA,ANM,WE,Federal Contract Tower,13,8,19,0,40,0,1,44,0,45,13,9,63,0,85,20,0,20,105
10/23/2018,YKM,WA,ANM,WE,Federal Contract Tower,6,10,15,0,31,0,1,45,0,46,6,11,60,0,77,92,0,92,169
10/24/2018,YKM,WA,ANM,WE,Federal Contract Tower,4,8,16,2,30,0,2,42,0,44,4,10,58,2,74,38,0,38,112
10/25/2018,YKM,WA,ANM,WE,Federal Contract Tower,6,11,23,2,42,0,2,23,0,25,6,13,46,2,67,42,0,42,109
10/26/2018,YKM,WA,ANM,WE,Federal Contract Tower,4,9,20,0,33,0,0,21,0,21,4,9,41,0,54,40,0,40,94
10/27/2018,YKM,WA,ANM,WE,Federal Contract Tower,4,10,16,2,32,0,0,54,4,58,4,10,70,6,90,36,6,42,132
10/28/2018,YKM,WA,ANM,WE,Federal Contract Tower,6,0,0,0,6,0,6,7,0,13,6,6,7,0,19,44,0,44,63
10/29/2018,YKM,WA,ANM,WE,Federal Contract Tower,4,7,6,4,21,0,1,35,2,38,4,8,41,6,59,34,18,52,111
10/30/2018,YKM,WA,ANM,WE,Federal Contract Tower,4,8,10,1,23,0,2,85,1,88,4,10,95,2,111,26,0,26,137
10/31/2018,YKM,WA,ANM,WE,Federal Contract Tower,3,11,15,3,32,0,3,35,2,40,3,14,50,5,72,34,0,34,106
11/01/2018,YKM,WA,ANM,WE,Federal Contract Tower,4,10,17,0,31,0,2,34,4,40,4,12,51,4,71,30,10,40,111
11/02/2018,YKM,WA,ANM,WE,Federal Contract Tower,4,9,3,0,16,0,1,8,0,9,4,10,11,0,25,6,0,6,31
11/03/2018,YKM,WA,ANM,WE,Federal Contract Tower,4,7,18,3,32,0,3,31,1,35,4,10,49,4,67,32,0,32,99
11/04/2018,YKM,WA,ANM,WE,Federal Contract Tower,6,0,1,0,7,0,0,9,0,9,6,0,10,0,16,0,0,0,16
11/05/2018,YKM,WA,ANM,WE,Federal Contract Tower,6,7,28,2,43,0,1,25,0,26,6,8,53,2,69,44,0,44,113
11/06/2018,YKM,WA,ANM,WE,Federal Contract Tower,6,11,17,0,34,0,1,44,5,50,6,12,61,5,84,52,10,62,146
11/07/2018,YKM,WA,ANM,WE,Federal Contract Tower,6,13,12,4,35,0,1,26,8,35,6,14,38,12,70,35,68,103,173
11/08/2018,YKM,WA,ANM,WE,Federal Contract Tower,6,11,11,4,32,0,4,42,0,46,6,15,53,4,78,32,0,32,110
11/09/2018,YKM,WA,ANM,WE,Federal Contract Tower,6,10,7,0,23,0,1,28,0,29,6,11,35,0,52,42,0,42,94
11/10/2018,YKM,WA,ANM,WE,Federal Contract Tower,8,6,10,0,24,0,1,79,0,80,8,7,89,0,104,86,0,86,190
11/11/2018,YKM,WA,ANM,WE,Federal Contract Tower,8,0,6,0,14,0,2,32,0,34,8,2,38,0,48,30,0,30,78
11/12/2018,YKM,WA,ANM,WE,Federal Contract Tower,6,6,4,0,16,0,0,9,0,9,6,6,13,0,25,34,0,34,59
11/13/2018,YKM,WA,ANM,WE,Federal Contract Tower,5,36,18,0,59,0,0,0,0,0,5,36,18,0,59,0,0,0,59
11/14/2018,YKM,WA,ANM,WE,Federal Contract Tower,6,12,17,0,35,0,0,10,0,10,6,12,27,0,45,18,0,18,63
11/15/2018,YKM,WA,ANM,WE,Federal Contract Tower,6,13,21,0,40,0,0,35,0,35,6,13,56,0,75,54,0,54,129
11/16/2018,YKM,WA,ANM,WE,Federal Contract Tower,4,12,8,0,24,0,2,39,0,41,4,14,47,0,65,22,0,22,87
11/17/2018,YKM,WA,ANM,WE,Federal Contract Tower,4,5,19,0,28,0,8,78,0,86,4,13,97,0,114,40,0,40,154
11/18/2018,YKM,WA,ANM,WE,Federal Contract Tower,6,3,10,0,19,0,3,32,0,35,6,6,42,0,54,28,0,28,82
11/19/2018,YKM,WA,ANM,WE,Federal Contract Tower,6,5,29,0,40,0,1,37,0,38,6,6,66,0,78,22,0,22,100
11/20/2018,YKM,WA,ANM,WE,Federal Contract Tower,17,17,14,1,49,0,2,23,1,26,17,19,37,2,75,32,0,32,107
11/21/2018,YKM,WA,ANM,WE,Federal Contract Tower,6,15,12,0,33,0,3,13,0,16,6,18,25,0,49,38,0,38,87
11/22/2018,YKM,WA,ANM,WE,Federal Contract Tower,4,1,0,0,5,0,0,0,0,0,4,1,0,0,5,0,0,0,5
11/23/2018,YKM,WA,ANM,WE,Federal Contract Tower,2,14,10,0,26,0,0,1,0,1,2,14,11,0,27,0,0,0,27
11/24/2018,YKM,WA,ANM,WE,Federal Contract Tower,4,10,15,0,29,0,2,58,0,60,4,12,73,0,89,18,0,18,107
11/25/2018,YKM,WA,ANM,WE,Federal Contract Tower,8,3,12,0,23,0,1,23,2,26,8,4,35,2,49,8,0,8,57
11/26/2018,YKM,WA,ANM,WE,Federal Contract Tower,6,8,17,4,35,0,2,9,0,11,6,10,26,4,46,24,0,24,70
11/27/2018,YKM,WA,ANM,WE,Federal Contract Tower,5,14,7,9,35,0,0,19,6,25,5,14,26,15,60,38,2,40,100
11/28/2018,YKM,WA,ANM,WE,Federal Contract Tower,6,17,13,0,36,0,0,0,0,0,6,17,13,0,36,32,0,32,68
11/29/2018,YKM,WA,ANM,WE,Federal Contract Tower,6,16,5,8,35,0,6,20,0,26,6,22,25,8,61,46,0,46,107
11/30/2018,YKM,WA,ANM,WE,Federal Contract Tower,6,9,16,2,33,0,3,6,0,9,6,12,22,2,42,2,0,2,44
12/01/2018,YKM,WA,ANM,WE,Federal Contract Tower,4,12,2,0,18,0,0,10,0,10,4,12,12,0,28,42,0,42,70
12/02/2018,YKM,WA,ANM,WE,Federal Contract Tower,6,0,6,0,12,0,0,23,0,23,6,0,29,0,35,26,0,26,61
12/03/2018,YKM,WA,ANM,WE,Federal Contract Tower,12,6,4,0,22,0,0,7,0,7,12,6,11,0,29,28,0,28,57
12/04/2018,YKM,WA,ANM,WE,Federal Contract Tower,10,10,18,0,38,0,2,24,2,28,10,12,42,2,66,50,16,66,132
12/05/2018,YKM,WA,ANM,WE,Federal Contract Tower,12,11,11,0,34,0,3,19,0,22,12,14,30,0,56,20,0,20,76
12/06/2018,YKM,WA,ANM,WE,Federal Contract Tower,6,11,10,0,27,0,2,31,0,33,6,13,41,0,60,24,0,24,84
12/07/2018,YKM,WA,ANM,WE,Federal Contract Tower,6,10,11,0,27,0,0,24,0,24,6,10,35,0,51,43,0,43,94
12/08/2018,YKM,WA,ANM,WE,Federal Contract Tower,6,9,12,1,28,0,0,27,1,28,6,9,39,2,56,94,0,94,150
12/09/2018,YKM,WA,ANM,WE,Federal Contract Tower,6,0,8,0,14,0,0,10,0,10,6,0,18,0,24,12,0,12,36
12/10/2018,YKM,WA,ANM,WE,Federal Contract Tower,7,8,19,0,34,0,0,0,0,0,7,8,19,0,34,20,0,20,54
12/11/2018,YKM,WA,ANM,WE,Federal Contract Tower,4,10,12,0,26,0,0,0,0,0,4,10,12,0,26,0,0,0,26
12/12/2018,YKM,WA,ANM,WE,Federal Contract Tower,6,8,15,3,32,0,2,36,0,38,6,10,51,3,70,40,20,60,130
12/13/2018,YKM,WA,ANM,WE,Federal Contract Tower,6,14,23,3,46,0,3,34,3,40,6,17,57,6,86,72,52,124,210
12/14/2018,YKM,WA,ANM,WE,Federal Contract Tower,6,13,19,3,41,0,2,24,1,27,6,15,43,4,68,118,5,123,191
12/15/2018,YKM,WA,ANM,WE,Federal Contract Tower,4,7,12,0,23,0,0,44,0,44,4,7,56,0,67,84,0,84,151
12/16/2018,YKM,WA,ANM,WE,Federal Contract Tower,6,6,11,0,23,0,8,4,0,12,6,14,15,0,35,40,0,40,75
12/17/2018,YKM,WA,ANM,WE,Federal Contract Tower,6,9,4,0,19,0,0,0,0,0,6,9,4,0,19,0,0,0,19
12/18/2018,YKM,WA,ANM,WE,Federal Contract Tower,6,19,7,1,33,0,1,10,5,16,6,20,17,6,49,46,0,46,95
12/19/2018,YKM,WA,ANM,WE,Federal Contract Tower,6,13,19,2,40,0,4,51,0,55,6,17,70,2,95,82,0,82,177
12/20/2018,YKM,WA,ANM,WE,Federal Contract Tower,8,17,9,0,34,0,2,10,0,12,8,19,19,0,46,8,0,8,54
12/21/2018,YKM,WA,ANM,WE,Federal Contract Tower,6,11,12,0,29,0,4,29,0,33,6,15,41,0,62,58,0,58,120
12/22/2018,YKM,WA,ANM,WE,Federal Contract Tower,4,7,15,0,26,0,10,42,0,52,4,17,57,0,78,42,0,42,120
12/23/2018,YKM,WA,ANM,WE,Federal Contract Tower,6,3,2,0,11,0,0,0,0,0,6,3,2,0,11,4,0,4,15
12/24/2018,YKM,WA,ANM,WE,Federal Contract Tower,6,6,4,0,16,0,0,0,0,0,6,6,4,0,16,0,0,0,16
12/25/2018,YKM,WA,ANM,WE,Federal Contract Tower,6,0,0,0,6,0,0,14,0,14,6,0,14,0,20,2,0,2,22
12/26/2018,YKM,WA,ANM,WE,Federal Contract Tower,6,8,8,0,22,0,0,0,0,0,6,8,8,0,22,0,0,0,22
12/27/2018,YKM,WA,ANM,WE,Federal Contract Tower,4,14,19,0,37,0,0,12,0,12,4,14,31,0,49,12,0,12,61
12/28/2018,YKM,WA,ANM,WE,Federal Contract Tower,5,14,3,0,22,0,0,0,0,0,5,14,3,0,22,0,0,0,22
12/29/2018,YKM,WA,ANM,WE,Federal Contract Tower,5,8,3,0,16,0,2,4,0,6,5,10,7,0,22,4,0,4,26
12/30/2018,YKM,WA,ANM,WE,Federal Contract Tower,6,1,10,0,17,0,0,20,0,20,6,1,30,0,37,20,0,20,57
12/31/2018,YKM,WA,ANM,WE,Federal Contract Tower,12,4,14,0,30,0,12,29,0,41,12,16,43,0,71,46,0,46,117
01/01/2019,YKM,WA,ANM,WE,Federal Contract Tower,6,1,5,0,12,0,3,19,0,22,6,4,24,0,34,62,0,62,96
01/02/2019,YKM,WA,ANM,WE,Federal Contract Tower,6,7,24,0,37,0,1,6,0,7,6,8,30,0,44,36,0,36,80
01/03/2019,YKM,WA,ANM,WE,Federal Contract Tower,6,11,11,0,28,0,8,18,0,26,6,19,29,0,54,26,0,26,80
01/04/2019,YKM,WA,ANM,WE,Federal Contract Tower,6,7,18,0,31,0,1,15,2,18,6,8,33,2,49,28,0,28,77
01/05/2019,YKM,WA,ANM,WE,Federal Contract Tower,4,6,8,0,18,0,0,33,0,33,4,6,41,0,51,88,0,88,139
01/06/2019,YKM,WA,ANM,WE,Federal Contract Tower,4,1,3,0,8,0,0,15,0,15,4,1,18,0,23,10,0,10,33
01/07/2019,YKM,WA,ANM,WE,Federal Contract Tower,6,7,8,0,21,0,0,30,0,30,6,7,38,0,51,63,0,63,114
01/08/2019,YKM,WA,ANM,WE,Federal Contract Tower,6,5,2,0,13,0,0,0,0,0,6,5,2,0,13,0,0,0,13
01/09/2019,YKM,WA,ANM,WE,Federal Contract Tower,6,14,9,4,33,0,0,2,6,8,6,14,11,10,41,0,20,20,61
01/10/2019,YKM,WA,ANM,WE,Federal Contract Tower,6,10,10,0,26,0,0,0,0,0,6,10,10,0,26,0,0,0,26
01/11/2019,YKM,WA,ANM,WE,Federal Contract Tower,6,5,14,0,25,0,14,7,0,21,6,19,21,0,46,30,0,30,76
01/12/2019,YKM,WA,ANM,WE,Federal Contract Tower,4,7,9,0,20,0,2,17,0,19,4,9,26,0,39,50,0,50,89
01/13/2019,YKM,WA,ANM,WE,Federal Contract Tower,6,3,8,0,17,0,0,0,0,0,6,3,8,0,17,0,0,0,17
01/14/2019,YKM,WA,ANM,WE,Federal Contract Tower,6,9,4,3,22,0,0,0,3,3,6,9,4,6,25,52,0,52,77
01/15/2019,YKM,WA,ANM,WE,Federal Contract Tower,8,8,9,6,31,0,0,1,4,5,8,8,10,10,36,43,38,81,117
01/16/2019,YKM,WA,ANM,WE,Federal Contract Tower,6,6,11,2,25,0,0,20,6,26,6,6,31,8,51,30,34,64,115
01/17/2019,YKM,WA,ANM,WE,Federal Contract Tower,6,9,6,2,23,0,0,3,0,3,6,9,9,2,26,0,0,0,26
01/18/2019,YKM,WA,ANM,WE,Federal Contract Tower,4,7,6,8,25,0,0,2,0,2,4,7,8,8,27,22,14,36,63
01/19/2019,YKM,WA,ANM,WE,Federal Contract Tower,4,8,12,0,24,0,0,0,0,0,4,8,12,0,24,26,0,26,50
01/20/2019,YKM,WA,ANM,WE,Federal Contract Tower,6,2,6,0,14,0,12,3,0,15,6,14,9,0,29,38,0,38,67
01/21/2019,YKM,WA,ANM,WE,Federal Contract Tower,13,6,11,0,30,1,0,28,0,29,14,6,39,0,59,114,0,114,173
01/22/2019,YKM,WA,ANM,WE,Federal Contract Tower,5,9,10,2,26,0,11,11,0,22,5,20,21,2,48,56,24,80,128
01/23/2019,YKM,WA,ANM,WE,Federal Contract Tower,10,8,13,6,37,0,1,27,5,33,10,9,40,11,70,26,34,60,130
01/24/2019,YKM,WA,ANM,WE,Federal Contract Tower,6,8,16,0,30,0,0,56,6,62,6,8,72,6,92,70,8,78,170
01/25/2019,YKM,WA,ANM,WE,Federal Contract Tower,6,7,13,0,26,0,7,35,2,44,6,14,48,2,70,64,6,70,140
01/26/2019,YKM,WA,ANM,WE,Federal Contract Tower,4,2,3,0,9,0,0,0,0,0,4,2,3,0,9,0,0,0,9
01/27/2019,YKM,WA,ANM,WE,Federal Contract Tower,8,3,11,0,22,0,1,6,0,7,8,4,17,0,29,85,0,85,114
01/28/2019,YKM,WA,ANM,WE,Federal Contract Tower,6,4,11,0,21,0,2,22,2,26,6,6,33,2,47,53,8,61,108
01/29/2019,YKM,WA,ANM,WE,Federal Contract Tower,8,14,23,6,51,0,2,23,2,27,8,16,46,8,78,20,26,46,124
01/30/2019,YKM,WA,ANM,WE,Federal Contract Tower,6,8,4,0,18,0,0,0,0,0,6,8,4,0,18,0,0,0,18
01/31/2019,YKM,WA,ANM,WE,Federal Contract Tower,6,7,9,3,25,0,0,4,1,5,6,7,13,4,30,20,0,20,50
02/01/2019,YKM,WA,ANM,WE,Federal Contract Tower,6,6,9,0,21,0,0,0,0,0,6,6,9,0,21,0,0,0,21
02/02/2019,YKM,WA,ANM,WE,Federal Contract Tower,4,2,13,0,19,0,0,24,2,26,4,2,37,2,45,128,8,136,181
02/03/2019,YKM,WA,ANM,WE,Federal Contract Tower,7,0,6,0,13,0,0,0,0,0,7,0,6,0,13,0,0,0,13
02/04/2019,YKM,WA,ANM,WE,Federal Contract Tower,4,5,12,0,21,0,0,0,0,0,4,5,12,0,21,0,0,0,21
02/05/2019,YKM,WA,ANM,WE,Federal Contract Tower,5,11,7,0,23,0,0,3,0,3,5,11,10,0,26,14,0,14,40
02/06/2019,YKM,WA,ANM,WE,Federal Contract Tower,6,9,21,2,38,0,3,42,3,48,6,12,63,5,86,57,6,63,149
02/07/2019,YKM,WA,ANM,WE,Federal Contract Tower,7,11,13,1,32,0,1,34,2,37,7,12,47,3,69,24,0,24,93
02/08/2019,YKM,WA,ANM,WE,Federal Contract Tower,5,7,10,0,22,0,1,9,0,10,5,8,19,0,32,4,0,4,36
02/09/2019,YKM,WA,ANM,WE,Federal Contract Tower,4,3,0,0,7,0,0,0,0,0,4,3,0,0,7,0,0,0,7
02/10/2019,YKM,WA,ANM,WE,Federal Contract Tower,4,1,3,0,8,0,0,0,0,0,4,1,3,0,8,12,0,12,20
02/11/2019,YKM,WA,ANM,WE,Federal Contract Tower,3,8,13,0,24,0,0,0,0,0,3,8,13,0,24,0,0,0,24
02/12/2019,YKM,WA,ANM,WE,Federal Contract Tower,4,14,18,0,36,0,0,2,0,2,4,14,20,0,38,0,0,0,38
02/13/2019,YKM,WA,ANM,WE,Federal Contract Tower,6,7,13,0,26,0,4,0,0,4,6,11,13,0,30,0,0,0,30
02/14/2019,YKM,WA,ANM,WE,Federal Contract Tower,4,5,9,0,18,0,0,0,0,0,4,5,9,0,18,0,0,0,18
02/15/2019,YKM,WA,ANM,WE,Federal Contract Tower,6,8,10,0,24,0,0,12,0,12,6,8,22,0,36,74,0,74,110
02/16/2019,YKM,WA,ANM,WE,Federal Contract Tower,4,6,2,0,12,0,0,0,0,0,4,6,2,0,12,24,0,24,36
02/17/2019,YKM,WA,ANM,WE,Federal Contract Tower,6,1,4,0,11,0,0,10,0,10,6,1,14,0,21,36,0,36,57
02/18/2019,YKM,WA,ANM,WE,Federal Contract Tower,6,10,10,0,26,0,4,21,0,25,6,14,31,0,51,46,0,46,97
02/19/2019,YKM,WA,ANM,WE,Federal Contract Tower,6,8,12,0,26,0,0,22,2,24,6,8,34,2,50,34,10,44,94
02/20/2019,YKM,WA,ANM,WE,Federal Contract Tower,6,8,7,13,34,0,2,11,1,14,6,10,18,14,48,8,0,8,56
02/21/2019,YKM,WA,ANM,WE,Federal Contract Tower,6,10,24,17,57,0,5,61,3,69,6,15,85,20,126,90,14,104,230
02/22/2019,YKM,WA,ANM,WE,Federal Contract Tower,6,10,16,6,38,0,10,29,2,41,6,20,45,8,79,28,2,30,109
02/23/2019,YKM,WA,ANM,WE,Federal Contract Tower,4,8,12,1,25,0,0,36,1,37,4,8,48,2,62,42,0,42,104
02/24/2019,YKM,WA,ANM,WE,Federal Contract Tower,4,3,4,0,11,0,0,0,0,0,4,3,4,0,11,0,0,0,11
02/25/2019,YKM,WA,ANM,WE,Federal Contract Tower,6,7,7,6,26,0,0,2,0,2,6,7,9,6,28,2,0,2,30
02/26/2019,YKM,WA,ANM,WE,Federal Contract Tower,5,13,13,0,31,0,0,15,4,19,5,13,28,4,50,24,32,56,106
02/27/2019,YKM,WA,ANM,WE,Federal Contract Tower,6,8,15,0,29,0,0,0,0,0,6,8,15,0,29,2,0,2,31
02/28/2019,YKM,WA,ANM,WE,Federal Contract Tower,6,8,22,0,36,0,2,15,0,17,6,10,37,0,53,22,0,22,75
03/01/2019,YKM,WA,ANM,WE,Federal Contract Tower,6,7,3,0,16,0,0,4,2,6,6,7,7,2,22,10,0,10,32
03/02/2019,YKM,WA,ANM,WE,Federal Contract Tower,2,9,7,2,20,0,0,4,0,4,2,9,11,2,24,26,0,26,50
03/03/2019,YKM,WA,ANM,WE,Federal Contract Tower,6,3,15,3,27,0,1,40,10,51,6,4,55,13,78,30,0,30,108
03/04/2019,YKM,WA,ANM,WE,Federal Contract Tower,6,8,23,0,37,0,2,39,0,41,6,10,62,0,78,22,0,22,100
03/05/2019,YKM,WA,ANM,WE,Federal Contract Tower,7,6,14,0,27,0,1,18,6,25,7,7,32,6,52,48,18,66,118
03/06/2019,YKM,WA,ANM,WE,Federal Contract Tower,6,10,4,0,20,0,0,0,0,0,6,10,4,0,20,0,0,0,20
03/07/2019,YKM,WA,ANM,WE,Federal Contract Tower,7,8,13,12,40,0,0,19,0,19,7,8,32,12,59,2,25,27,86
03/08/2019,YKM,WA,ANM,WE,Federal Contract Tower,4,9,11,0,24,0,3,33,0,36,4,12,44,0,60,84,0,84,144
03/09/2019,YKM,WA,ANM,WE,Federal Contract Tower,4,10,6,0,20,0,4,51,0,55,4,14,57,0,75,98,0,98,173
03/10/2019,YKM,WA,ANM,WE,Federal Contract Tower,5,1,12,3,21,0,2,57,1,60,5,3,69,4,81,93,0,93,174
03/11/2019,YKM,WA,ANM,WE,Federal Contract Tower,5,6,19,0,30,0,0,10,0,10,5,6,29,0,40,42,0,42,82
03/12/2019,YKM,WA,ANM,WE,Federal Contract Tower,4,6,11,0,21,0,2,26,0,28,4,8,37,0,49,68,0,68,117
03/13/2019,YKM,WA,ANM,WE,Federal Contract Tower,5,7,24,0,36,0,2,67,0,69,5,9,91,0,105,60,0,60,165
03/14/2019,YKM,WA,ANM,WE,Federal Contract Tower,7,7,20,0,34,0,1,64,4,69,7,8,84,4,103,72,8,80,183
03/15/2019,YKM,WA,ANM,WE,Federal Contract Tower,5,8,17,0,30,0,2,51,1,54,5,10,68,1,84,46,0,46,130
03/16/2019,YKM,WA,ANM,WE,Federal Contract Tower,5,15,12,0,32,0,3,53,0,56,5,18,65,0,88,58,0,58,146
03/17/2019,YKM,WA,ANM,WE,Federal Contract Tower,7,4,9,0,20,0,4,37,0,41,7,8,46,0,61,38,0,38,99
03/18/2019,YKM,WA,ANM,WE,Federal Contract Tower,4,6,20,9,39,0,2,42,8,52,4,8,62,17,91,66,8,74,165
03/19/2019,YKM,WA,ANM,WE,Federal Contract Tower,5,9,17,0,31,0,5,44,0,49,5,14,61,0,80,40,0,40,120
03/20/2019,YKM,WA,ANM,WE,Federal Contract Tower,5,6,30,2,43,0,1,53,1,55,5,7,83,3,98,49,28,77,175
03/21/2019,YKM,WA,ANM,WE,Federal Contract Tower,5,11,22,2,40,0,4,60,3,67,5,15,82,5,107,50,0,50,157
03/22/2019,YKM,WA,ANM,WE,Federal Contract Tower,9,7,23,6,45,0,2,46,0,48,9,9,69,6,93,18,6,24,117
03/23/2019,YKM,WA,ANM,WE,Federal Contract Tower,5,5,24,0,34,0,7,88,6,101,5,12,112,6,135,71,0,71,206
03/24/2019,YKM,WA,ANM,WE,Federal Contract Tower,4,0,12,1,17,0,0,6,0,6,4,0,18,1,23,18,0,18,41
03/25/2019,YKM,WA,ANM,WE,Federal Contract Tower,5,4,14,2,25,0,2,33,0,35,5,6,47,2,60,34,0,34,94
03/26/2019,YKM,WA,ANM,WE,Federal Contract Tower,5,10,25,1,41,0,2,38,3,43,5,12,63,4,84,68,8,76,160
03/27/2019,YKM,WA,ANM,WE,Federal Contract Tower,4,3,14,0,21,0,1,21,0,22,4,4,35,0,43,76,0,76,119
03/28/2019,YKM,WA,ANM,WE,Federal Contract Tower,9,7,19,0,35,0,3,51,1,55,9,10,70,1,90,46,0,46,136
03/29/2019,YKM,WA,ANM,WE,Federal Contract Tower,5,10,24,2,41,0,3,44,0,47,5,13,68,2,88,30,0,30,118
03/30/2019,YKM,WA,ANM,WE,Federal Contract Tower,5,4,15,0,24,0,4,84,0,88,5,8,99,0,112,48,0,48,160
03/31/2019,YKM,WA,ANM,WE,Federal Contract Tower,7,0,17,0,24,0,1,51,0,52,7,1,68,0,76,42,0,42,118
04/01/2019,YKM,WA,ANM,WE,Federal Contract Tower,5,9,22,0,36,0,2,42,2,46,5,11,64,2,82,44,0,44,126
04/03/2019,YKM,WA,ANM,WE,Federal Contract Tower,7,8,21,7,43,0,1,25,5,31,7,9,46,12,74,34,6,40,114
04/04/2019,YKM,WA,ANM,WE,Federal Contract Tower,5,12,32,11,60,0,6,47,3,56,5,18,79,14,116,60,0,60,176
04/05/2019,YKM,WA,ANM,WE,Federal Contract Tower,5,12,17,10,44,0,1,27,0,28,5,13,44,10,72,16,4,20,92
04/06/2019,YKM,WA,ANM,WE,Federal Contract Tower,5,8,6,1,20,0,2,15,2,19,5,10,21,3,39,42,0,42,81
04/07/2019,YKM,WA,ANM,WE,Federal Contract Tower,4,4,13,0,21,0,2,10,0,12,4,6,23,0,33,34,0,34,67
04/08/2019,YKM,WA,ANM,WE,Federal Contract Tower,5,11,17,0,33,0,0,8,0,8,5,11,25,0,41,54,0,54,95
04/09/2019,YKM,WA,ANM,WE,Federal Contract Tower,6,6,15,0,27,0,1,21,0,22,6,7,36,0,49,14,0,14,63
04/10/2019,YKM,WA,ANM,WE,Federal Contract Tower,6,6,26,1,39,0,2,28,3,33,6,8,54,4,72,44,0,44,116
04/11/2019,YKM,WA,ANM,WE,Federal Contract Tower,6,8,22,0,36,0,1,50,4,55,6,9,72,4,91,34,0,34,125
04/12/2019,YKM,WA,ANM,WE,Federal Contract Tower,9,6,34,6,55,0,5,55,0,60,9,11,89,6,115,56,0,56,171
04/13/2019,YKM,WA,ANM,WE,Federal Contract Tower,5,7,9,0,21,0,3,41,0,44,5,10,50,0,65,38,0,38,103
04/14/2019,YKM,WA,ANM,WE,Federal Contract Tower,7,1,17,2,27,0,2,42,0,44,7,3,59,2,71,52,0,52,123
04/15/2019,YKM,WA,ANM,WE,Federal Contract Tower,5,5,25,0,35,0,3,46,0,49,5,8,71,0,84,64,0,64,148
04/17/2019,YKM,WA,ANM,WE,Federal Contract Tower,5,6,35,2,48,0,3,50,8,61,5,9,85,10,109,14,0,14,123
04/18/2019,YKM,WA,ANM,WE,Federal Contract Tower,5,8,28,1,42,0,2,49,0,51,5,10,77,1,93,30,10,40,133
04/19/2019,YKM,WA,ANM,WE,Federal Contract Tower,5,7,14,0,26,0,1,49,0,50,5,8,63,0,76,54,0,54,130
04/20/2019,YKM,WA,ANM,WE,Federal Contract Tower,5,6,30,0,41,0,4,48,0,52,5,10,78,0,93,30,0,30,123
04/21/2019,YKM,WA,ANM,WE,Federal Contract Tower,5,3,11,2,21,0,0,40,0,40,5,3,51,2,61,20,0,20,81
04/22/2019,YKM,WA,ANM,WE,Federal Contract Tower,5,7,36,0,48,0,2,38,0,40,5,9,74,0,88,64,0,64,152
04/23/2019,YKM,WA,ANM,WE,Federal Contract Tower,4,8,9,15,36,0,3,23,4,30,4,11,32,19,66,4,0,4,70
04/24/2019,YKM,WA,ANM,WE,Federal Contract Tower,3,7,26,2,38,0,1,58,0,59,3,8,84,2,97,86,0,86,183
04/25/2019,YKM,WA,ANM,WE,Federal Contract Tower,6,8,33,0,47,1,2,55,0,58,7,10,88,0,105,56,0,56,161
04/26/2019,YKM,WA,ANM,WE,Federal Contract Tower,5,6,17,0,28,0,0,41,0,41,5,6,58,0,69,8,0,8,77
04/27/2019,YKM,WA,ANM,WE,Federal Contract Tower,5,4,7,0,16,0,2,35,1,38,5,6,42,1,54,0,0,0,54
04/28/2019,YKM,WA,ANM,WE,Federal Contract Tower,6,0,13,1,20,0,2,40,1,43,6,2,53,2,63,28,0,28,91
04/29/2019,YKM,WA,ANM,WE,Federal Contract Tower,5,4,21,0,30,0,4,35,1,40,5,8,56,1,70,22,1,23,93
04/30/2019,YKM,WA,ANM,WE,Federal Contract Tower,5,9,14,0,28,0,2,53,4,59,5,11,67,4,87,36,6,42,129
05/01/2019,YKM,WA,ANM,WE,Federal Contract Tower,5,9,24,0,38,0,6,51,0,57,5,15,75,0,95,50,8,58,153
05/02/2019,YKM,WA,ANM,WE,Federal Contract Tower,5,8,16,2,31,0,1,60,4,65,5,9,76,6,96,56,0,56,152
05/03/2019,YKM,WA,ANM,WE,Federal Contract Tower,5,6,24,3,38,0,4,61,1,66,5,10,85,4,104,74,0,74,178
05/04/2019,YKM,WA,ANM,WE,Federal Contract Tower,5,3,34,1,43,0,8,61,4,73,5,11,95,5,116,62,0,62,178
05/05/2019,YKM,WA,ANM,WE,Federal Contract Tower,5,1,12,2,20,0,5,42,2,49,5,6,54,4,69,18,2,20,89
05/06/2019,YKM,WA,ANM,WE,Federal Contract Tower,5,5,20,0,30,0,2,27,4,33,5,7,47,4,63,46,0,46,109
05/07/2019,YKM,WA,ANM,WE,Federal Contract Tower,7,7,24,2,40,0,3,59,4,66,7,10,83,6,106,76,0,76,182
05/08/2019,YKM,WA,ANM,WE,Federal Contract Tower,4,11,27,0,42,0,2,48,1,51,4,13,75,1,93,66,0,66,159
05/09/2019,YKM,WA,ANM,WE,Federal Contract Tower,5,7,20,8,40,0,1,55,2,58,5,8,75,10,98,44,0,44,142
05/10/2019,YKM,WA,ANM,WE,Federal Contract Tower,5,9,23,0,37,0,1,89,0,90,5,10,112,0,127,24,0,24,151
05/11/2019,YKM,WA,ANM,WE,Federal Contract Tower,5,6,5,1,17,0,5,79,1,85,5,11,84,2,102,66,0,66,168
05/12/2019,YKM,WA,ANM,WE,Federal Contract Tower,7,0,13,0,20,0,4,47,0,51,7,4,60,0,71,42,0,42,113
05/13/2019,YKM,WA,ANM,WE,Federal Contract Tower,5,8,26,0,39,0,4,55,0,59,5,12,81,0,98,89,0,89,187
05/14/2019,YKM,WA,ANM,WE,Federal Contract Tower,7,12,21,4,44,0,3,31,3,37,7,15,52,7,81,38,0,38,119
05/15/2019,YKM,WA,ANM,WE,Federal Contract Tower,5,8,11,0,24,0,4,36,0,40,5,12,47,0,64,100,0,100,164
05/16/2019,YKM,WA,ANM,WE,Federal Contract Tower,5,9,9,0,23,0,1,38,0,39,5,10,47,0,62,78,0,78,140
05/17/2019,YKM,WA,ANM,WE,Federal Contract Tower,5,6,6,0,17,0,2,26,0,28,5,8,32,0,45,54,0,54,99
05/18/2019,YKM,WA,ANM,WE,Federal Contract Tower,7,4,20,0,31,0,5,49,2,56,7,9,69,2,87,32,6,38,125
05/19/2019,YKM,WA,ANM,WE,Federal Contract Tower,5,2,4,0,11,0,2,16,2,20,5,4,20,2,31,8,0,8,39
05/20/2019,YKM,WA,ANM,WE,Federal Contract Tower,5,6,22,0,33,0,4,41,2,47,5,10,63,2,80,38,8,46,126
05/21/2019,YKM,WA,ANM,WE,Federal Contract Tower,7,7,21,0,35,0,2,22,0,24,7,9,43,0,59,22,0,22,81
05/22/2019,YKM,WA,ANM,WE,Federal Contract Tower,5,7,17,9,38,0,5,52,3,60,5,12,69,12,98,32,16,48,146
05/23/2019,YKM,WA,ANM,WE,Federal Contract Tower,7,9,19,4,39,0,2,54,2,58,7,11,73,6,97,52,0,52,149
05/24/2019,YKM,WA,ANM,WE,Federal Contract Tower,6,8,15,0,29,0,2,42,0,44,6,10,57,0,73,66,0,66,139
05/25/2019,YKM,WA,ANM,WE,Federal Contract Tower,5,5,24,0,34,0,10,65,0,75,5,15,89,0,109,87,0,87,196
05/26/2019,YKM,WA,ANM,WE,Federal Contract Tower,7,1,6,0,14,0,1,19,0,20,7,2,25,0,34,24,0,24,58
05/27/2019,YKM,WA,ANM,WE,Federal Contract Tower,5,0,13,0,18,0,4,57,0,61,5,4,70,0,79,26,0,26,105
05/29/2019,YKM,WA,ANM,WE,Federal Contract Tower,5,6,15,0,26,0,1,61,0,62,5,7,76,0,88,40,0,40,128
05/30/2019,YKM,WA,ANM,WE,Federal Contract Tower,5,8,22,1,36,0,2,55,1,58,5,10,77,2,94,8,0,8,102
05/31/2019,YKM,WA,ANM,WE,Federal Contract Tower,7,4,12,1,24,0,0,51,1,52,7,4,63,2,76,54,0,54,130
06/01/2019,YKM,WA,ANM,WE,Federal Contract Tower,7,9,16,1,33,2,4,64,1,71,9,13,80,2,104,30,0,30,134
06/02/2019,YKM,WA,ANM,WE,Federal Contract Tower,5,1,11,0,17,0,2,45,0,47,5,3,56,0,64,54,0,54,118
06/03/2019,YKM,WA,ANM,WE,Federal Contract Tower,7,4,13,0,24,0,3,45,0,48,7,7,58,0,72,28,0,28,100
06/04/2019,YKM,WA,ANM,WE,Federal Contract Tower,7,8,18,4,37,0,2,68,0,70,7,10,86,4,107,39,0,39,146
06/05/2019,YKM,WA,ANM,WE,Federal Contract Tower,5,9,24,0,38,0,2,52,0,54,5,11,76,0,92,84,0,84,176
06/06/2019,YKM,WA,ANM,WE,Federal Contract Tower,8,6,10,0,24,0,3,49,0,52,8,9,59,0,76,80,0,80,156
06/07/2019,YKM,WA,ANM,WE,Federal Contract Tower,8,7,20,5,40,0,0,58,1,59,8,7,78,6,99,62,0,62,161
06/08/2019,YKM,WA,ANM,WE,Federal Contract Tower,4,4,8,1,17,0,5,55,1,61,4,9,63,2,78,46,0,46,124
06/09/2019,YKM,WA,ANM,WE,Federal Contract Tower,12,1,1,1,15,0,2,57,1,60,12,3,58,2,75,22,0,22,97
06/10/2019,YKM,WA,ANM,WE,Federal Contract Tower,6,4,16,1,27,0,1,57,1,59,6,5,73,2,86,30,4,34,120
06/11/2019,YKM,WA,ANM,WE,Federal Contract Tower,7,7,8,0,22,0,1,82,1,84,7,8,90,1,106,72,0,72,178
06/12/2019,YKM,WA,ANM,WE,Federal Contract Tower,4,6,12,4,26,0,1,57,2,60,4,7,69,6,86,58,2,60,146
06/13/2019,YKM,WA,ANM,WE,Federal Contract Tower,5,7,23,9,44,0,1,49,1,51,5,8,72,10,95,26,0,26,121
06/14/2019,YKM,WA,ANM,WE,Federal Contract Tower,12,5,14,0,31,2,3,51,2,58,14,8,65,2,89,40,0,40,129
06/15/2019,YKM,WA,ANM,WE,Federal Contract Tower,4,7,7,0,18,0,5,63,0,68,4,12,70,0,86,94,0,94,180
06/16/2019,YKM,WA,ANM,WE,Federal Contract Tower,8,0,19,1,28,0,2,35,4,41,8,2,54,5,69,24,42,66,135
06/17/2019,YKM,WA,ANM,WE,Federal Contract Tower,6,6,17,0,29,0,4,41,0,45,6,10,58,0,74,44,0,44,118
06/18/2019,YKM,WA,ANM,WE,Federal Contract Tower,12,5,29,9,55,0,3,45,5,53,12,8,74,14,108,85,0,85,193
06/19/2019,YKM,WA,ANM,WE,Federal Contract Tower,6,3,5,4,18,0,5,26,0,31,6,8,31,4,49,2,0,2,51
06/20/2019,YKM,WA,ANM,WE,Federal Contract Tower,8,4,20,2,34,0,2,25,0,27,8,6,45,2,61,22,0,22,83
06/21/2019,YKM,WA,ANM,WE,Federal Contract Tower,7,7,29,2,45,0,6,59,0,65,7,13,88,2,110,24,0,24,134
06/22/2019,YKM,WA,ANM,WE,Federal Contract Tower,6,5,23,2,36,0,5,63,2,70,6,10,86,4,106,62,0,62,168
06/23/2019,YKM,WA,ANM,WE,Federal Contract Tower,6,2,9,0,17,0,4,32,0,36,6,6,41,0,53,12,0,12,65
06/25/2019,YKM,WA,ANM,WE,Federal Contract Tower,8,10,15,0,33,0,4,57,0,61,8,14,72,0,94,28,0,28,122
06/26/2019,YKM,WA,ANM,WE,Federal Contract Tower,6,3,15,2,26,0,2,65,0,67,6,5,80,2,93,38,0,38,131
06/27/2019,YKM,WA,ANM,WE,Federal Contract Tower,8,7,5,7,27,0,1,50,3,54,8,8,55,10,81,36,4,40,121
06/28/2019,YKM,WA,ANM,WE,Federal Contract Tower,15,8,16,4,43,0,5,42,0,47,15,13,58,4,90,54,0,54,144
06/29/2019,YKM,WA,ANM,WE,Federal Contract Tower,4,6,15,1,26,0,1,59,1,61,4,7,74,2,87,62,0,62,149
06/30/2019,YKM,WA,ANM,WE,Federal Contract Tower,6,0,6,0,12,0,2,38,0,40,6,2,44,0,52,30,0,30,82
07/01/2019,YKM,WA,ANM,WE,Federal Contract Tower,7,6,3,0,16,0,4,38,0,42,7,10,41,0,58,146,0,146,204
07/02/2019,YKM,WA,ANM,WE,Federal Contract Tower,9,6,14,0,29,0,4,41,0,45,9,10,55,0,74,24,0,24,98
07/03/2019,YKM,WA,ANM,WE,Federal Contract Tower,6,6,26,0,38,0,3,75,2,80,6,9,101,2,118,94,0,94,212
07/04/2019,YKM,WA,ANM,WE,Federal Contract Tower,4,2,14,0,20,0,4,52,0,56,4,6,66,0,76,54,0,54,130
07/05/2019,YKM,WA,ANM,WE,Federal Contract Tower,8,8,11,0,27,0,4,81,0,85,8,12,92,0,112,116,0,116,228
07/06/2019,YKM,WA,ANM,WE,Federal Contract Tower,4,7,13,3,27,0,3,54,1,58,4,10,67,4,85,88,0,88,173
07/07/2019,YKM,WA,ANM,WE,Federal Contract Tower,6,1,21,0,28,0,3,64,0,67,6,4,85,0,95,66,0,66,161
07/08/2019,YKM,WA,ANM,WE,Federal Contract Tower,7,8,30,0,45,0,7,65,4,76,7,15,95,4,121,128,18,146,267
07/09/2019,YKM,WA,ANM,WE,Federal Contract Tower,8,7,30,0,45,0,5,39,0,44,8,12,69,0,89,120,0,120,209
07/10/2019,YKM,WA,ANM,WE,Federal Contract Tower,6,6,23,0,35,0,2,63,2,67,6,8,86,2,102,140,0,140,242
07/11/2019,YKM,WA,ANM,WE,Federal Contract Tower,10,9,23,1,43,0,4,50,4,58,10,13,73,5,101,138,0,138,239
07/12/2019,YKM,WA,ANM,WE,Federal Contract Tower,8,4,30,0,42,0,6,60,0,66,8,10,90,0,108,128,0,128,236
07/13/2019,YKM,WA,ANM,WE,Federal Contract Tower,4,4,21,0,29,0,7,47,0,54,4,11,68,0,83,68,0,68,151
07/14/2019,YKM,WA,ANM,WE,Federal Contract Tower,6,0,1,0,7,0,3,42,7,52,6,3,43,7,59,34,0,34,93
07/15/2019,YKM,WA,ANM,WE,Federal Contract Tower,6,5,27,1,39,0,3,51,4,58,6,8,78,5,97,132,6,138,235
07/17/2019,YKM,WA,ANM,WE,Federal Contract Tower,6,8,27,3,44,0,4,47,1,52,6,12,74,4,96,98,0,98,194
07/18/2019,YKM,WA,ANM,WE,Federal Contract Tower,12,7,23,2,44,0,10,48,4,62,12,17,71,6,106,80,0,80,186
07/19/2019,YKM,WA,ANM,WE,Federal Contract Tower,8,5,18,2,33,0,7,80,0,87,8,12,98,2,120,160,0,160,280
07/20/2019,YKM,WA,ANM,WE,Federal Contract Tower,4,6,18,0,28,0,3,51,0,54,4,9,69,0,82,50,0,50,132
07/21/2019,YKM,WA,ANM,WE,Federal Contract Tower,8,2,9,0,19,0,4,41,0,45,8,6,50,0,64,26,0,26,90
07/22/2019,YKM,WA,ANM,WE,Federal Contract Tower,6,10,20,0,36,0,3,55,0,58,6,13,75,0,94,96,0,96,190
07/23/2019,YKM,WA,ANM,WE,Federal Contract Tower,8,4,18,0,30,0,1,59,0,60,8,5,77,0,90,48,0,48,138
07/24/2019,YKM,WA,ANM,WE,Federal Contract Tower,5,6,4,0,15,0,1,65,0,66,5,7,69,0,81,104,0,104,185
07/25/2019,YKM,WA,ANM,WE,Federal Contract Tower,8,4,8,0,20,0,3,76,0,79,8,7,84,0,99,96,0,96,195
07/26/2019,YKM,WA,ANM,WE,Federal Contract Tower,8,4,18,1,31,0,4,51,1,56,8,8,69,2,87,30,0,30,117
07/27/2019,YKM,WA,ANM,WE,Federal Contract Tower,4,8,8,0,20,0,4,34,0,38,4,12,42,0,58,68,0,68,126
07/28/2019,YKM,WA,ANM,WE,Federal Contract Tower,6,3,12,0,21,0,7,47,0,54,6,10,59,0,75,60,0,60,135
07/29/2019,YKM,WA,ANM,WE,Federal Contract Tower,6,5,16,1,28,0,3,53,1,57,6,8,69,2,85,70,0,70,155
07/30/2019,YKM,WA,ANM,WE,Federal Contract Tower,8,4,23,0,35,0,2,50,0,52,8,6,73,0,87,68,0,68,155
07/31/2019,YKM,WA,ANM,WE,Federal Contract Tower,5,2,10,2,19,0,0,52,0,52,5,2,62,2,71,84,0,84,155
08/01/2019,YKM,WA,ANM,WE,Federal Contract Tower,6,5,13,8,32,0,1,83,0,84,6,6,96,8,116,117,0,117,233
08/02/2019,YKM,WA,ANM,WE,Federal Contract Tower,4,9,17,0,30,0,1,65,1,67,4,10,82,1,97,87,2,89,186
08/03/2019,YKM,WA,ANM,WE,Federal Contract Tower,0,4,6,13,23,0,2,62,0,64,0,6,68,13,87,32,0,32,119
08/04/2019,YKM,WA,ANM,WE,Federal Contract Tower,6,6,3,0,15,0,0,54,0,54,6,6,57,0,69,14,0,14,83
08/05/2019,YKM,WA,ANM,WE,Federal Contract Tower,6,6,5,0,17,0,0,46,0,46,6,6,51,0,63,72,0,72,135
08/06/2019,YKM,WA,ANM,WE,Federal Contract Tower,10,6,16,0,32,0,1,46,0,47,10,7,62,0,79,34,0,34,113
08/07/2019,YKM,WA,ANM,WE,Federal Contract Tower,8,4,18,0,30,0,0,34,0,34,8,4,52,0,64,48,0,48,112
08/08/2019,YKM,WA,ANM,WE,Federal Contract Tower,8,5,21,8,42,0,0,42,0,42,8,5,63,8,84,95,0,95,179
08/09/2019,YKM,WA,ANM,WE,Federal Contract Tower,10,11,22,3,46,0,1,53,0,54,10,12,75,3,100,42,0,42,142
08/10/2019,YKM,WA,ANM,WE,Federal Contract Tower,4,9,8,0,21,0,0,25,0,25,4,9,33,0,46,22,0,22,68
08/11/2019,YKM,WA,ANM,WE,Federal Contract Tower,6,2,12,4,24,0,0,23,0,23,6,2,35,4,47,40,0,40,87
08/12/2019,YKM,WA,ANM,WE,Federal Contract Tower,8,7,15,0,30,0,0,48,0,48,8,7,63,0,78,66,0,66,144
08/13/2019,YKM,WA,ANM,WE,Federal Contract Tower,6,6,24,0,36,0,1,66,0,67,6,7,90,0,103,42,0,42,145
08/14/2019,YKM,WA,ANM,WE,Federal Contract Tower,4,7,21,4,36,0,0,68,0,68,4,7,89,4,104,104,0,104,208
08/15/2019,YKM,WA,ANM,WE,Federal Contract Tower,6,7,14,6,33,0,1,73,1,75,6,8,87,7,108,46,10,56,164
08/16/2019,YKM,WA,ANM,WE,Federal Contract Tower,6,8,13,0,27,0,1,39,0,40,6,9,52,0,67,66,0,66,133
08/17/2019,YKM,WA,ANM,WE,Federal Contract Tower,4,5,17,0,26,0,7,57,0,64,4,12,74,0,90,92,0,92,182
08/18/2019,YKM,WA,ANM,WE,Federal Contract Tower,6,3,4,0,13,2,1,42,0,45,8,4,46,0,58,78,0,78,136
08/19/2019,YKM,WA,ANM,WE,Federal Contract Tower,6,5,13,0,24,0,1,43,0,44,6,6,56,0,68,72,0,72,140
08/20/2019,YKM,WA,ANM,WE,Federal Contract Tower,6,6,18,10,40,0,2,57,6,65,6,8,75,16,105,60,0,60,165
08/21/2019,YKM,WA,ANM,WE,Federal Contract Tower,4,6,12,8,30,0,2,27,0,29,4,8,39,8,59,48,0,48,107
08/22/2019,YKM,WA,ANM,WE,Federal Contract Tower,8,6,28,6,48,0,0,35,0,35,8,6,63,6,83,48,0,48,131
08/23/2019,YKM,WA,ANM,WE,Federal Contract Tower,6,8,31,4,49,0,0,73,0,73,6,8,104,4,122,36,0,36,158
08/24/2019,YKM,WA,ANM,WE,Federal Contract Tower,4,3,12,0,19,3,36,2,0,41,7,39,14,0,60,16,0,16,76
08/25/2019,YKM,WA,ANM,WE,Federal Contract Tower,6,2,8,0,16,0,1,43,0,44,6,3,51,0,60,28,0,28,88
08/26/2019,YKM,WA,ANM,WE,Federal Contract Tower,6,8,17,1,32,0,1,49,1,51,6,9,66,2,83,80,12,92,175
08/27/2019,YKM,WA,ANM,WE,Federal Contract Tower,6,7,12,0,25,0,2,58,2,62,6,9,70,2,87,56,4,60,147
08/28/2019,YKM,WA,ANM,WE,Federal Contract Tower,4,6,14,0,24,0,0,62,0,62,4,6,76,0,86,80,0,80,166
08/29/2019,YKM,WA,ANM,WE,Federal Contract Tower,4,6,9,3,22,0,1,40,1,42,4,7,49,4,64,172,0,172,236
08/30/2019,YKM,WA,ANM,WE,Federal Contract Tower,6,6,13,0,25,0,1,56,0,57,6,7,69,0,82,72,0,72,154
08/31/2019,YKM,WA,ANM,WE,Federal Contract Tower,4,5,20,1,30,0,3,70,3,76,4,8,90,4,106,84,0,84,190
09/01/2019,YKM,WA,ANM,WE,Federal Contract Tower,2,2,5,0,9,0,3,43,0,46,2,5,48,0,55,46,0,46,101
09/02/2019,YKM,WA,ANM,WE,Federal Contract Tower,2,1,8,0,11,0,0,35,0,35,2,1,43,0,46,84,0,84,130
09/03/2019,YKM,WA,ANM,WE,Federal Contract Tower,6,9,12,1,28,0,1,27,3,31,6,10,39,4,59,22,0,22,81
09/04/2019,YKM,WA,ANM,WE,Federal Contract Tower,4,6,14,0,24,0,0,47,12,59,4,6,61,12,83,108,0,108,191
09/05/2019,YKM,WA,ANM,WE,Federal Contract Tower,4,6,12,0,22,0,1,49,6,56,4,7,61,6,78,52,20,72,150
09/06/2019,YKM,WA,ANM,WE,Federal Contract Tower,4,9,20,0,33,0,0,37,0,37,4,9,57,0,70,52,0,52,122
09/07/2019,YKM,WA,ANM,WE,Federal Contract Tower,7,6,9,0,22,0,2,42,0,44,7,8,51,0,66,58,0,58,124
09/08/2019,YKM,WA,ANM,WE,Federal Contract Tower,4,6,7,0,17,0,3,32,0,35,4,9,39,0,52,124,0,124,176
09/09/2019,YKM,WA,ANM,WE,Federal Contract Tower,4,9,19,0,32,0,0,31,0,31,4,9,50,0,63,56,9,65,128
09/10/2019,YKM,WA,ANM,WE,Federal Contract Tower,4,5,12,2,23,0,1,38,2,41,4,6,50,4,64,100,8,108,172
09/11/2019,YKM,WA,ANM,WE,Federal Contract Tower,4,6,10,0,20,0,2,52,0,54,4,8,62,0,74,80,0,80,154
09/12/2019,YKM,WA,ANM,WE,Federal Contract Tower,4,11,17,0,32,0,5,46,2,53,4,16,63,2,85,72,22,94,179
09/13/2019,YKM,WA,ANM,WE,Federal Contract Tower,4,5,11,4,24,0,1,31,0,32,4,6,42,4,56,38,0,38,94
09/14/2019,YKM,WA,ANM,WE,Federal Contract Tower,4,3,15,0,22,0,4,47,0,51,4,7,62,0,73,84,0,84,157
09/15/2019,YKM,WA,ANM,WE,Federal Contract Tower,6,2,5,0,13,0,0,16,0,16,6,2,21,0,29,50,0,50,79
09/16/2019,YKM,WA,ANM,WE,Federal Contract Tower,4,9,18,0,31,0,2,31,0,33,4,11,49,0,64,58,0,58,122
09/17/2019,YKM,WA,ANM,WE,Federal Contract Tower,6,10,9,24,49,0,2,23,4,29,6,12,32,28,78,58,30,88,166
09/18/2019,YKM,WA,ANM,WE,Federal Contract Tower,4,5,13,7,29,0,0,15,1,16,4,5,28,8,45,44,0,44,89
09/19/2019,YKM,WA,ANM,WE,Federal Contract Tower,8,2,19,3,32,0,0,46,1,47,8,2,65,4,79,80,10,90,169
09/20/2019,YKM,WA,ANM,WE,Federal Contract Tower,7,2,15,0,24,0,1,68,2,71,7,3,83,2,95,98,0,98,193
09/21/2019,YKM,WA,ANM,WE,Federal Contract Tower,4,5,21,1,31,0,3,58,2,63,4,8,79,3,94,82,0,82,176
09/22/2019,YKM,WA,ANM,WE,Federal Contract Tower,4,3,11,0,18,0,1,25,0,26,4,4,36,0,44,116,0,116,160
09/23/2019,YKM,WA,ANM,WE,Federal Contract Tower,6,8,9,0,23,0,0,29,2,31,6,8,38,2,54,28,0,28,82
09/24/2019,YKM,WA,ANM,WE,Federal Contract Tower,8,0,18,1,27,0,4,33,2,39,8,4,51,3,66,140,0,140,206
09/25/2019,YKM,WA,ANM,WE,Federal Contract Tower,9,5,10,1,25,0,0,40,1,41,9,5,50,2,66,34,0,34,100
09/26/2019,YKM,WA,ANM,WE,Federal Contract Tower,8,7,14,0,29,0,0,37,2,39,8,7,51,2,68,34,6,40,108
09/27/2019,YKM,WA,ANM,WE,Federal Contract Tower,6,2,17,0,25,0,0,27,0,27,6,2,44,0,52,24,0,24,76
09/28/2019,YKM,WA,ANM,WE,Federal Contract Tower,6,4,5,0,15,0,3,24,0,27,6,7,29,0,42,20,0,20,62
09/29/2019,YKM,WA,ANM,WE,Federal Contract Tower,4,0,9,0,13,0,0,0,0,0,4,0,9,0,13,26,0,26,39
09/30/2019,YKM,WA,ANM,WE,Federal Contract Tower,6,10,7,0,23,0,3,18,0,21,6,13,25,0,44,108,0,108,152
10/01/2019,YKM,WA,ANM,WE,Federal Contract Tower,6,3,17,0,26,0,0,65,0,65,6,3,82,0,91,88,0,88,179
10/02/2019,YKM,WA,ANM,WE,Federal Contract Tower,6,2,5,0,13,0,1,53,0,54,6,3,58,0,67,82,0,82,149
10/03/2019,YKM,WA,ANM,WE,Federal Contract Tower,8,4,14,0,26,0,0,47,0,47,8,4,61,0,73,104,0,104,177
10/04/2019,YKM,WA,ANM,WE,Federal Contract Tower,4,6,9,0,19,0,0,31,0,31,4,6,40,0,50,126,0,126,176
10/05/2019,YKM,WA,ANM,WE,Federal Contract Tower,4,6,13,0,23,0,1,50,0,51,4,7,63,0,74,134,0,134,208
10/06/2019,YKM,WA,ANM,WE,Federal Contract Tower,6,3,8,0,17,0,0,49,0,49,6,3,57,0,66,88,0,88,154
10/07/2019,YKM,WA,ANM,WE,Federal Contract Tower,4,11,9,0,24,0,0,31,0,31,4,11,40,0,55,48,0,48,103
10/08/2019,YKM,WA,ANM,WE,Federal Contract Tower,8,8,5,0,21,1,2,15,0,18,9,10,20,0,39,36,0,36,75
10/09/2019,YKM,WA,ANM,WE,Federal Contract Tower,7,3,10,0,20,0,0,35,0,35,7,3,45,0,55,146,0,146,201
10/10/2019,YKM,WA,ANM,WE,Federal Contract Tower,8,4,18,1,31,0,0,50,3,53,8,4,68,4,84,86,0,86,170
10/11/2019,YKM,WA,ANM,WE,Federal Contract Tower,6,4,12,0,22,0,0,86,0,86,6,4,98,0,108,68,0,68,176
10/12/2019,YKM,WA,ANM,WE,Federal Contract Tower,4,5,8,0,17,0,1,171,0,172,4,6,179,0,189,68,0,68,257
10/13/2019,YKM,WA,ANM,WE,Federal Contract Tower,4,1,21,0,26,0,3,58,0,61,4,4,79,0,87,48,0,48,135
10/14/2019,YKM,WA,ANM,WE,Federal Contract Tower,4,6,18,0,28,0,1,28,0,29,4,7,46,0,57,86,0,86,143
10/15/2019,YKM,WA,ANM,WE,Federal Contract Tower,8,6,9,0,23,0,2,29,1,32,8,8,38,1,55,110,6,116,171
10/16/2019,YKM,WA,ANM,WE,Federal Contract Tower,6,2,6,6,20,0,1,16,0,17,6,3,22,6,37,14,0,14,51
10/17/2019,YKM,WA,ANM,WE,Federal Contract Tower,8,2,17,0,27,0,1,18,2,21,8,3,35,2,48,12,12,24,72
10/18/2019,YKM,WA,ANM,WE,Federal Contract Tower,6,4,8,2,20,0,0,23,0,23,6,4,31,2,43,60,0,60,103
10/19/2019,YKM,WA,ANM,WE,Federal Contract Tower,4,9,10,0,23,0,4,20,0,24,4,13,30,0,47,56,0,56,103
10/20/2019,YKM,WA,ANM,WE,Federal Contract Tower,6,2,8,2,18,0,1,16,0,17,6,3,24,2,35,36,0,36,71
10/21/2019,YKM,WA,ANM,WE,Federal Contract Tower,4,9,16,3,32,0,0,11,1,12,4,9,27,4,44,68,0,68,112
10/22/2019,YKM,WA,ANM,WE,Federal Contract Tower,8,7,5,1,21,0,0,15,1,16,8,7,20,2,37,74,0,74,111
10/23/2019,YKM,WA,ANM,WE,Federal Contract Tower,10,8,8,0,26,0,2,61,7,70,10,10,69,7,96,106,8,114,210
10/24/2019,YKM,WA,ANM,WE,Federal Contract Tower,4,6,18,2,30,0,1,70,2,73,4,7,88,4,103,104,4,108,211
10/25/2019,YKM,WA,ANM,WE,Federal Contract Tower,4,7,9,0,20,0,0,26,0,26,4,7,35,0,46,46,0,46,92
10/26/2019,YKM,WA,ANM,WE,Federal Contract Tower,6,7,6,0,19,0,1,34,0,35,6,8,40,0,54,34,0,34,88
10/27/2019,YKM,WA,ANM,WE,Federal Contract Tower,4,3,4,0,11,0,2,34,0,36,4,5,38,0,47,42,0,42,89
10/28/2019,YKM,WA,ANM,WE,Federal Contract Tower,6,6,14,8,34,0,0,26,0,26,6,6,40,8,60,14,6,20,80
10/29/2019,YKM,WA,ANM,WE,Federal Contract Tower,6,4,26,1,37,0,0,31,1,32,6,4,57,2,69,54,26,80,149
10/30/2019,YKM,WA,ANM,WE,Federal Contract Tower,9,3,11,4,27,1,0,49,0,50,10,3,60,4,77,42,0,42,119
10/31/2019,YKM,WA,ANM,WE,Federal Contract Tower,4,3,8,0,15,0,0,36,0,36,4,3,44,0,51,56,0,56,107
11/01/2019,YKM,WA,ANM,WE,Federal Contract Tower,4,7,18,1,30,0,2,52,3,57,4,9,70,4,87,50,0,50,137
11/02/2019,YKM,WA,ANM,WE,Federal Contract Tower,4,6,11,0,21,0,0,54,2,56,4,6,65,2,77,54,0,54,131
11/03/2019,YKM,WA,ANM,WE,Federal Contract Tower,4,3,9,0,16,0,0,33,0,33,4,3,42,0,49,80,0,80,129
11/04/2019,YKM,WA,ANM,WE,Federal Contract Tower,4,9,5,0,18,0,0,25,0,25,4,9,30,0,43,44,22,66,109
11/05/2019,YKM,WA,ANM,WE,Federal Contract Tower,8,8,7,1,24,0,1,26,1,28,8,9,33,2,52,56,0,56,108
11/06/2019,YKM,WA,ANM,WE,Federal Contract Tower,16,6,15,0,37,0,1,40,2,43,16,7,55,2,80,40,6,46,126
11/07/2019,YKM,WA,ANM,WE,Federal Contract Tower,6,4,15,2,27,0,1,41,2,44,6,5,56,4,71,42,18,60,131
11/08/2019,YKM,WA,ANM,WE,Federal Contract Tower,10,5,19,0,34,0,0,50,0,50,10,5,69,0,84,48,0,48,132
11/09/2019,YKM,WA,ANM,WE,Federal Contract Tower,6,6,9,0,21,0,2,35,2,39,6,8,44,2,60,70,8,78,138
11/10/2019,YKM,WA,ANM,WE,Federal Contract Tower,9,2,15,0,26,2,1,20,4,27,11,3,35,4,53,58,0,58,111
11/11/2019,YKM,WA,ANM,WE,Federal Contract Tower,8,11,11,0,30,0,1,29,0,30,8,12,40,0,60,72,0,72,132
11/12/2019,YKM,WA,ANM,WE,Federal Contract Tower,10,6,13,8,37,0,0,25,0,25,10,6,38,8,62,94,0,94,156
11/13/2019,YKM,WA,ANM,WE,Federal Contract Tower,10,6,10,2,28,0,0,10,0,10,10,6,20,2,38,92,18,110,148
11/14/2019,YKM,WA,ANM,WE,Federal Contract Tower,6,7,17,2,32,0,0,5,1,6,6,7,22,3,38,6,0,6,44
11/15/2019,YKM,WA,ANM,WE,Federal Contract Tower,6,6,11,1,24,0,0,11,1,12,6,6,22,2,36,32,0,32,68
11/16/2019,YKM,WA,ANM,WE,Federal Contract Tower,8,10,21,2,41,0,0,84,0,84,8,10,105,2,125,78,0,78,203
11/17/2019,YKM,WA,ANM,WE,Federal Contract Tower,11,0,15,0,26,0,0,78,0,78,11,0,93,0,104,84,0,84,188
11/18/2019,YKM,WA,ANM,WE,Federal Contract Tower,7,6,8,0,21,0,0,24,0,24,7,6,32,0,45,83,0,83,128
11/19/2019,YKM,WA,ANM,WE,Federal Contract Tower,10,10,14,4,38,0,1,40,2,43,10,11,54,6,81,26,10,36,117
11/20/2019,YKM,WA,ANM,WE,Federal Contract Tower,6,4,24,0,34,0,0,48,2,50,6,4,72,2,84,80,8,88,172
11/21/2019,YKM,WA,ANM,WE,Federal Contract Tower,10,5,18,1,34,0,0,57,1,58,10,5,75,2,92,70,0,70,162
11/22/2019,YKM,WA,ANM,WE,Federal Contract Tower,10,5,29,0,44,0,0,43,2,45,10,5,72,2,89,126,0,126,215
11/23/2019,YKM,WA,ANM,WE,Federal Contract Tower,6,6,16,0,28,0,1,41,0,42,6,7,57,0,70,84,0,84,154
11/24/2019,YKM,WA,ANM,WE,Federal Contract Tower,6,1,9,0,16,0,0,31,0,31,6,1,40,0,47,6,0,6,53
11/25/2019,YKM,WA,ANM,WE,Federal Contract Tower,9,7,11,4,31,1,1,34,2,38,10,8,45,6,69,48,0,48,117
11/26/2019,YKM,WA,ANM,WE,Federal Contract Tower,10,9,12,0,31,0,3,11,0,14,10,12,23,0,45,50,0,50,95
11/27/2019,YKM,WA,ANM,WE,Federal Contract Tower,6,7,8,0,21,0,0,2,0,2,6,7,10,0,23,0,0,0,23
11/28/2019,YKM,WA,ANM,WE,Federal Contract Tower,3,1,4,0,8,0,0,4,0,4,3,1,8,0,12,4,0,4,16
11/29/2019,YKM,WA,ANM,WE,Federal Contract Tower,6,5,7,0,18,0,0,37,0,37,6,5,44,0,55,26,0,26,81
11/30/2019,YKM,WA,ANM,WE,Federal Contract Tower,6,5,3,0,14,0,1,31,0,32,6,6,34,0,46,24,0,24,70
12/01/2019,YKM,WA,ANM,WE,Federal Contract Tower,6,2,12,0,20,0,0,0,0,0,6,2,12,0,20,0,0,0,20
12/02/2019,YKM,WA,ANM,WE,Federal Contract Tower,5,8,8,0,21,0,0,0,0,0,5,8,8,0,21,0,0,0,21
12/03/2019,YKM,WA,ANM,WE,Federal Contract Tower,8,6,9,0,23,0,0,0,0,0,8,6,9,0,23,26,0,26,49
12/04/2019,YKM,WA,ANM,WE,Federal Contract Tower,6,9,8,8,31,0,0,15,0,15,6,9,23,8,46,26,0,26,72
12/05/2019,YKM,WA,ANM,WE,Federal Contract Tower,6,6,11,0,23,0,0,8,0,8,6,6,19,0,31,84,0,84,115
12/06/2019,YKM,WA,ANM,WE,Federal Contract Tower,12,8,9,0,29,0,0,4,0,4,12,8,13,0,33,22,0,22,55
12/07/2019,YKM,WA,ANM,WE,Federal Contract Tower,6,10,11,0,27,0,0,0,0,0,6,10,11,0,27,26,0,26,53
12/08/2019,YKM,WA,ANM,WE,Federal Contract Tower,8,3,11,0,22,0,0,0,0,0,8,3,11,0,22,0,0,0,22
12/09/2019,YKM,WA,ANM,WE,Federal Contract Tower,5,8,5,0,18,0,0,0,0,0,5,8,5,0,18,0,0,0,18
12/10/2019,YKM,WA,ANM,WE,Federal Contract Tower,8,9,14,0,31,0,0,4,0,4,8,9,18,0,35,20,0,20,55
12/11/2019,YKM,WA,ANM,WE,Federal Contract Tower,6,10,11,0,27,0,0,0,0,0,6,10,11,0,27,0,0,0,27
12/12/2019,YKM,WA,ANM,WE,Federal Contract Tower,8,10,14,0,32,0,0,0,0,0,8,10,14,0,32,0,0,0,32
12/13/2019,YKM,WA,ANM,WE,Federal Contract Tower,6,7,14,0,27,0,0,44,0,44,6,7,58,0,71,64,0,64,135
12/14/2019,YKM,WA,ANM,WE,Federal Contract Tower,14,6,20,0,40,0,1,33,0,34,14,7,53,0,74,136,0,136,210
12/15/2019,YKM,WA,ANM,WE,Federal Contract Tower,6,0,1,0,7,0,0,0,0,0,6,0,1,0,7,0,0,0,7
12/16/2019,YKM,WA,ANM,WE,Federal Contract Tower,6,6,1,0,13,0,0,0,0,0,6,6,1,0,13,0,0,0,13
12/17/2019,YKM,WA,ANM,WE,Federal Contract Tower,8,10,5,0,23,0,0,1,0,1,8,10,6,0,24,0,0,0,24
12/18/2019,YKM,WA,ANM,WE,Federal Contract Tower,6,8,14,0,28,0,0,10,0,10,6,8,24,0,38,10,0,10,48
12/19/2019,YKM,WA,ANM,WE,Federal Contract Tower,6,10,9,0,25,0,0,0,0,0,6,10,9,0,25,0,0,0,25
12/20/2019,YKM,WA,ANM,WE,Federal Contract Tower,7,15,5,0,27,0,0,3,0,3,7,15,8,0,30,10,0,10,40
12/21/2019,YKM,WA,ANM,WE,Federal Contract Tower,6,6,3,0,15,0,2,23,0,25,6,8,26,0,40,37,0,37,77
12/22/2019,YKM,WA,ANM,WE,Federal Contract Tower,6,6,4,0,16,0,0,24,0,24,6,6,28,0,40,56,0,56,96
12/24/2019,YKM,WA,ANM,WE,Federal Contract Tower,4,3,4,1,12,0,0,13,0,13,4,3,17,1,25,30,0,30,55
12/25/2019,YKM,WA,ANM,WE,Federal Contract Tower,6,1,1,0,8,0,4,0,0,4,6,5,1,0,12,10,0,10,22
12/26/2019,YKM,WA,ANM,WE,Federal Contract Tower,4,8,10,0,22,0,0,18,0,18,4,8,28,0,40,24,0,24,64
12/27/2019,YKM,WA,ANM,WE,Federal Contract Tower,6,7,6,0,19,0,0,27,0,27,6,7,33,0,46,104,0,104,150
12/28/2019,YKM,WA,ANM,WE,Federal Contract Tower,6,9,9,0,24,0,0,0,0,0,6,9,9,0,24,70,0,70,94
12/29/2019,YKM,WA,ANM,WE,Federal Contract Tower,5,5,5,0,15,0,0,7,0,7,5,5,12,0,22,10,0,10,32
12/30/2019,YKM,WA,ANM,WE,Federal Contract Tower,8,8,5,0,21,0,0,19,0,19,8,8,24,0,40,50,0,50,90
12/31/2019,YKM,WA,ANM,WE,Federal Contract Tower,6,6,15,0,27,0,0,14,0,14,6,6,29,0,41,36,0,36,77
01/01/2020,YKM,WA,ANM,WE,Federal Contract Tower,6,2,20,0,28,0,1,10,0,11,6,3,30,0,39,2,0,2,41
01/02/2020,YKM,WA,ANM,WE,Federal Contract Tower,6,3,5,0,14,0,1,29,0,30,6,4,34,0,44,70,0,70,114
01/03/2020,YKM,WA,ANM,WE,Federal Contract Tower,6,6,15,0,27,0,0,32,0,32,6,6,47,0,59,24,0,24,83
01/04/2020,YKM,WA,ANM,WE,Federal Contract Tower,6,6,12,0,24,0,2,38,0,40,6,8,50,0,64,78,0,78,142
01/05/2020,YKM,WA,ANM,WE,Federal Contract Tower,6,6,3,0,15,0,0,25,0,25,6,6,28,0,40,40,0,40,80
01/06/2020,YKM,WA,ANM,WE,Federal Contract Tower,8,8,8,0,24,0,0,17,0,17,8,8,25,0,41,24,0,24,65
01/07/2020,YKM,WA,ANM,WE,Federal Contract Tower,10,2,4,2,18,0,0,13,2,15,10,2,17,4,33,30,0,30,63
01/08/2020,YKM,WA,ANM,WE,Federal Contract Tower,8,6,16,0,30,0,0,26,2,28,8,6,42,2,58,46,6,52,110
01/09/2020,YKM,WA,ANM,WE,Federal Contract Tower,6,5,23,2,36,0,0,55,2,57,6,5,78,4,93,106,10,116,209
01/10/2020,YKM,WA,ANM,WE,Federal Contract Tower,8,16,8,0,32,0,0,2,0,2,8,16,10,0,34,24,0,24,58
01/11/2020,YKM,WA,ANM,WE,Federal Contract Tower,4,6,9,0,19,0,1,13,0,14,4,7,22,0,33,46,0,46,79
01/12/2020,YKM,WA,ANM,WE,Federal Contract Tower,6,1,5,0,12,0,0,5,0,5,6,1,10,0,17,16,8,24,41
01/13/2020,YKM,WA,ANM,WE,Federal Contract Tower,5,10,15,2,32,0,0,12,0,12,5,10,27,2,44,32,0,32,76
01/14/2020,YKM,WA,ANM,WE,Federal Contract Tower,4,7,8,0,19,0,0,3,0,3,4,7,11,0,22,18,0,18,40
01/15/2020,YKM,WA,ANM,WE,Federal Contract Tower,5,6,10,0,21,0,0,10,0,10,5,6,20,0,31,0,0,0,31
01/16/2020,YKM,WA,ANM,WE,Federal Contract Tower,7,9,27,0,43,0,0,17,2,19,7,9,44,2,62,28,6,34,96
01/17/2020,YKM,WA,ANM,WE,Federal Contract Tower,6,8,20,0,34,0,0,26,0,26,6,8,46,0,60,70,0,70,130
01/18/2020,YKM,WA,ANM,WE,Federal Contract Tower,4,12,7,0,23,0,0,0,0,0,4,12,7,0,23,0,0,0,23
01/19/2020,YKM,WA,ANM,WE,Federal Contract Tower,6,0,5,0,11,0,0,12,0,12,6,0,17,0,23,10,14,24,47
01/20/2020,YKM,WA,ANM,WE,Federal Contract Tower,6,9,10,0,25,0,0,24,0,24,6,9,34,0,49,48,0,48,97
01/21/2020,YKM,WA,ANM,WE,Federal Contract Tower,8,11,11,0,30,0,0,12,0,12,8,11,23,0,42,46,0,46,88
01/22/2020,YKM,WA,ANM,WE,Federal Contract Tower,6,9,19,0,34,0,0,6,0,6,6,9,25,0,40,14,0,14,54
01/23/2020,YKM,WA,ANM,WE,Federal Contract Tower,6,5,8,0,19,0,0,14,0,14,6,5,22,0,33,32,0,32,65
01/24/2020,YKM,WA,ANM,WE,Federal Contract Tower,6,7,18,0,31,0,0,18,0,18,6,7,36,0,49,24,0,24,73
01/25/2020,YKM,WA,ANM,WE,Federal Contract Tower,6,10,1,0,17,0,0,23,0,23,6,10,24,0,40,104,0,104,144
01/26/2020,YKM,WA,ANM,WE,Federal Contract Tower,6,4,9,0,19,0,0,19,0,19,6,4,28,0,38,52,0,52,90
01/27/2020,YKM,WA,ANM,WE,Federal Contract Tower,16,11,31,0,58,0,1,21,2,24,16,12,52,2,82,32,0,32,114
01/28/2020,YKM,WA,ANM,WE,Federal Contract Tower,8,8,5,2,23,0,0,15,0,15,8,8,20,2,38,6,0,6,44
01/29/2020,YKM,WA,ANM,WE,Federal Contract Tower,6,6,5,3,20,0,0,12,3,15,6,6,17,6,35,50,10,60,95
01/30/2020,YKM,WA,ANM,WE,Federal Contract Tower,6,10,24,4,44,0,3,44,1,48,6,13,68,5,92,58,4,62,154
01/31/2020,YKM,WA,ANM,WE,Federal Contract Tower,2,6,14,0,22,0,0,8,2,10,2,6,22,2,32,14,8,22,54
02/01/2020,YKM,WA,ANM,WE,Federal Contract Tower,4,8,2,0,14,0,0,1,0,1,4,8,3,0,15,6,0,6,21
02/02/2020,YKM,WA,ANM,WE,Federal Contract Tower,6,2,9,0,17,0,0,63,0,63,6,2,72,0,80,60,0,60,140
02/03/2020,YKM,WA,ANM,WE,Federal Contract Tower,6,7,20,0,33,0,5,50,0,55,6,12,70,0,88,122,0,122,210
02/04/2020,YKM,WA,ANM,WE,Federal Contract Tower,8,10,9,0,27,0,2,22,0,24,8,12,31,0,51,58,0,58,109
02/05/2020,YKM,WA,ANM,WE,Federal Contract Tower,6,6,11,0,23,0,0,17,2,19,6,6,28,2,42,38,18,56,98
02/06/2020,YKM,WA,ANM,WE,Federal Contract Tower,8,4,10,4,26,0,1,17,7,25,8,5,27,11,51,10,32,42,93
02/07/2020,YKM,WA,ANM,WE,Federal Contract Tower,12,7,10,0,29,0,0,29,0,29,12,7,39,0,58,114,0,114,172
02/08/2020,YKM,WA,ANM,WE,Federal Contract Tower,4,6,10,0,20,0,1,23,0,24,4,7,33,0,44,82,0,82,126
02/09/2020,YKM,WA,ANM,WE,Federal Contract Tower,7,0,19,0,26,0,0,51,0,51,7,0,70,0,77,68,0,68,145
02/10/2020,YKM,WA,ANM,WE,Federal Contract Tower,6,6,7,0,19,0,1,43,10,54,6,7,50,10,73,72,0,72,145
02/11/2020,YKM,WA,ANM,WE,Federal Contract Tower,8,10,6,8,32,0,0,38,9,47,8,10,44,17,79,48,20,68,147
02/12/2020,YKM,WA,ANM,WE,Federal Contract Tower,6,7,40,0,53,0,1,78,7,86,6,8,118,7,139,126,0,126,265
02/13/2020,YKM,WA,ANM,WE,Federal Contract Tower,6,5,30,0,41,0,0,40,2,42,6,5,70,2,83,126,0,126,209
02/14/2020,YKM,WA,ANM,WE,Federal Contract Tower,8,7,14,0,29,0,1,26,0,27,8,8,40,0,56,24,0,24,80
02/15/2020,YKM,WA,ANM,WE,Federal Contract Tower,4,10,0,0,14,0,0,36,0,36,4,10,36,0,50,72,0,72,122
02/17/2020,YKM,WA,ANM,WE,Federal Contract Tower,7,8,15,0,30,0,3,37,0,40,7,11,52,0,70,18,0,18,88
02/18/2020,YKM,WA,ANM,WE,Federal Contract Tower,8,10,17,5,40,0,2,64,10,76,8,12,81,15,116,120,12,132,248
02/19/2020,YKM,WA,ANM,WE,Federal Contract Tower,6,5,27,0,38,0,1,64,6,71,6,6,91,6,109,118,0,118,227
02/20/2020,YKM,WA,ANM,WE,Federal Contract Tower,8,6,28,0,42,0,0,40,2,42,8,6,68,2,84,14,2,16,100
02/21/2020,YKM,WA,ANM,WE,Federal Contract Tower,6,8,21,3,38,0,2,56,1,59,6,10,77,4,97,92,0,92,189
02/22/2020,YKM,WA,ANM,WE,Federal Contract Tower,4,6,10,0,20,0,1,61,2,64,4,7,71,2,84,74,6,80,164
02/23/2020,YKM,WA,ANM,WE,Federal Contract Tower,6,0,8,0,14,0,0,1,0,1,6,0,9,0,15,0,0,0,15
02/24/2020,YKM,WA,ANM,WE,Federal Contract Tower,6,6,8,2,22,0,3,25,0,28,6,9,33,2,50,62,0,62,112
02/25/2020,YKM,WA,ANM,WE,Federal Contract Tower,8,7,20,2,37,0,2,33,2,37,8,9,53,4,74,22,2,24,98
02/26/2020,YKM,WA,ANM,WE,Federal Contract Tower,6,5,22,6,39,0,0,49,2,51,6,5,71,8,90,136,6,142,232
02/27/2020,YKM,WA,ANM,WE,Federal Contract Tower,6,4,18,5,33,0,0,63,1,64,6,4,81,6,97,68,0,68,165
02/28/2020,YKM,WA,ANM,WE,Federal Contract Tower,10,9,11,0,30,0,0,42,8,50,10,9,53,8,80,12,6,18,98
02/29/2020,YKM,WA,ANM,WE,Federal Contract Tower,4,6,18,4,32,0,0,29,11,40,4,6,47,15,72,38,82,120,192
03/01/2020,YKM,WA,ANM,WE,Federal Contract Tower,8,1,8,3,20,0,1,37,7,45,8,2,45,10,65,46,46,92,157
03/02/2020,YKM,WA,ANM,WE,Federal Contract Tower,5,8,13,1,27,0,1,22,2,25,5,9,35,3,52,38,8,46,98
03/03/2020,YKM,WA,ANM,WE,Federal Contract Tower,8,4,13,0,25,0,0,35,2,37,8,4,48,2,62,80,0,80,142
03/04/2020,YKM,WA,ANM,WE,Federal Contract Tower,11,4,10,0,25,4,1,39,0,44,15,5,49,0,69,68,0,68,137
03/05/2020,YKM,WA,ANM,WE,Federal Contract Tower,6,4,20,5,35,0,0,50,3,53,6,4,70,8,88,40,18,58,146
03/06/2020,YKM,WA,ANM,WE,Federal Contract Tower,6,10,16,3,35,0,0,35,1,36,6,10,51,4,71,18,0,18,89
03/07/2020,YKM,WA,ANM,WE,Federal Contract Tower,4,7,6,0,17,0,0,32,0,32,4,7,38,0,49,34,0,34,83
03/08/2020,YKM,WA,ANM,WE,Federal Contract Tower,6,1,12,0,19,0,3,37,0,40,6,4,49,0,59,38,0,38,97
03/09/2020,YKM,WA,ANM,WE,Federal Contract Tower,6,6,10,0,22,0,0,35,0,35,6,6,45,0,57,60,0,60,117
03/10/2020,YKM,WA,ANM,WE,Federal Contract Tower,8,5,23,0,36,0,2,54,0,56,8,7,77,0,92,78,18,96,188
03/11/2020,YKM,WA,ANM,WE,Federal Contract Tower,6,6,6,0,18,0,1,48,0,49,6,7,54,0,67,76,0,76,143
03/12/2020,YKM,WA,ANM,WE,Federal Contract Tower,6,4,32,3,45,0,1,46,5,52,6,5,78,8,97,68,32,100,197
03/13/2020,YKM,WA,ANM,WE,Federal Contract Tower,6,6,7,0,19,0,0,0,0,0,6,6,7,0,19,0,0,0,19
03/14/2020,YKM,WA,ANM,WE,Federal Contract Tower,4,7,3,2,16,0,0,0,0,0,4,7,3,2,16,0,0,0,16
03/15/2020,YKM,WA,ANM,WE,Federal Contract Tower,10,1,7,0,18,0,1,12,0,13,10,2,19,0,31,24,0,24,55
03/16/2020,YKM,WA,ANM,WE,Federal Contract Tower,8,8,10,0,26,0,2,24,0,26,8,10,34,0,52,102,0,102,154
03/17/2020,YKM,WA,ANM,WE,Federal Contract Tower,8,4,24,0,36,0,3,40,2,45,8,7,64,2,81,68,4,72,153
03/18/2020,YKM,WA,ANM,WE,Federal Contract Tower,4,7,10,0,21,0,3,57,0,60,4,10,67,0,81,48,0,48,129
03/19/2020,YKM,WA,ANM,WE,Federal Contract Tower,6,6,26,0,38,0,0,60,0,60,6,6,86,0,98,50,0,50,148
03/20/2020,YKM,WA,ANM,WE,Federal Contract Tower,4,5,12,0,21,0,0,38,0,38,4,5,50,0,59,52,0,52,111
03/21/2020,YKM,WA,ANM,WE,Federal Contract Tower,4,7,6,0,17,0,1,46,0,47,4,8,52,0,64,62,0,62,126
03/22/2020,YKM,WA,ANM,WE,Federal Contract Tower,2,1,11,0,14,0,3,28,0,31,2,4,39,0,45,2,0,2,47
03/23/2020,YKM,WA,ANM,WE,Federal Contract Tower,2,7,3,0,12,0,0,17,2,19,2,7,20,2,31,18,0,18,49
03/24/2020,YKM,WA,ANM,WE,Federal Contract Tower,4,5,3,0,12,0,0,20,0,20,4,5,23,0,32,38,0,38,70
03/25/2020,YKM,WA,ANM,WE,Federal Contract Tower,2,4,6,0,12,0,0,15,0,15,2,4,21,0,27,0,0,0,27
03/26/2020,YKM,WA,ANM,WE,Federal Contract Tower,2,5,2,0,9,0,0,35,0,35,2,5,37,0,44,20,0,20,64
03/27/2020,YKM,WA,ANM,WE,Federal Contract Tower,2,9,7,0,18,0,0,21,0,21,2,9,28,0,39,36,0,36,75
03/28/2020,YKM,WA,ANM,WE,Federal Contract Tower,2,6,6,0,14,0,0,19,0,19,2,6,25,0,33,12,0,12,45
03/29/2020,YKM,WA,ANM,WE,Federal Contract Tower,2,1,10,0,13,0,1,10,0,11,2,2,20,0,24,34,0,34,58
03/30/2020,YKM,WA,ANM,WE,Federal Contract Tower,2,7,3,0,12,0,2,4,0,6,2,9,7,0,18,4,0,4,22
03/31/2020,YKM,WA,ANM,WE,Federal Contract Tower,4,5,3,0,12,0,1,17,0,18,4,6,20,0,30,18,0,18,48
04/01/2020,YKM,WA,ANM,WE,Federal Contract Tower,4,2,3,0,9,0,0,15,0,15,4,2,18,0,24,8,0,8,32
04/02/2020,YKM,WA,ANM,WE,Federal Contract Tower,4,8,10,2,24,0,0,11,0,11,4,8,21,2,35,0,0,0,35
04/03/2020,YKM,WA,ANM,WE,Federal Contract Tower,4,4,6,0,14,0,0,21,0,21,4,4,27,0,35,28,0,28,63
04/04/2020,YKM,WA,ANM,WE,Federal Contract Tower,2,6,4,0,12,0,0,31,0,31,2,6,35,0,43,108,0,108,151
04/05/2020,YKM,WA,ANM,WE,Federal Contract Tower,0,5,5,0,10,0,0,17,0,17,0,5,22,0,27,26,0,26,53
04/06/2020,YKM,WA,ANM,WE,Federal Contract Tower,2,6,5,0,13,0,0,18,0,18,2,6,23,0,31,32,0,32,63
04/07/2020,YKM,WA,ANM,WE,Federal Contract Tower,2,4,2,0,8,0,0,33,0,33,2,4,35,0,41,50,0,50,91
04/08/2020,YKM,WA,ANM,WE,Federal Contract Tower,2,5,3,0,10,0,0,42,2,44,2,5,45,2,54,16,0,16,70
04/09/2020,YKM,WA,ANM,WE,Federal Contract Tower,2,4,13,0,19,0,0,37,0,37,2,4,50,0,56,46,0,46,102
04/10/2020,YKM,WA,ANM,WE,Federal Contract Tower,2,5,3,0,10,0,0,11,0,11,2,5,14,0,21,2,0,2,23
04/11/2020,YKM,WA,ANM,WE,Federal Contract Tower,2,11,4,0,17,0,0,11,2,13,2,11,15,2,30,20,4,24,54
04/12/2020,YKM,WA,ANM,WE,Federal Contract Tower,2,3,8,0,13,0,0,28,0,28,2,3,36,0,41,12,0,12,53
04/13/2020,YKM,WA,ANM,WE,Federal Contract Tower,2,7,6,0,15,0,2,23,0,25,2,9,29,0,40,40,0,40,80
04/14/2020,YKM,WA,ANM,WE,Federal Contract Tower,4,5,3,0,12,0,0,20,0,20,4,5,23,0,32,32,0,32,64
04/15/2020,YKM,WA,ANM,WE,Federal Contract Tower,2,7,5,0,14,0,0,10,0,10,2,7,15,0,24,2,0,2,26
04/16/2020,YKM,WA,ANM,WE,Federal Contract Tower,2,6,4,0,12,0,0,42,0,42,2,6,46,0,54,30,0,30,84
04/17/2020,YKM,WA,ANM,WE,Federal Contract Tower,0,5,7,0,12,0,0,35,0,35,0,5,42,0,47,20,0,20,67
04/18/2020,YKM,WA,ANM,WE,Federal Contract Tower,2,6,1,0,9,0,0,14,2,16,2,6,15,2,25,38,6,44,69
04/19/2020,YKM,WA,ANM,WE,Federal Contract Tower,2,2,14,0,18,0,2,37,0,39,2,4,51,0,57,38,0,38,95
04/20/2020,YKM,WA,ANM,WE,Federal Contract Tower,2,8,6,0,16,0,1,25,0,26,2,9,31,0,42,16,0,16,58
04/21/2020,YKM,WA,ANM,WE,Federal Contract Tower,4,4,6,0,14,0,1,25,0,26,4,5,31,0,40,10,0,10,50
04/22/2020,YKM,WA,ANM,WE,Federal Contract Tower,8,5,3,0,16,0,0,7,0,7,8,5,10,0,23,0,0,0,23
04/23/2020,YKM,WA,ANM,WE,Federal Contract Tower,2,4,1,0,7,0,0,12,0,12,2,4,13,0,19,8,0,8,27
04/24/2020,YKM,WA,ANM,WE,Federal Contract Tower,2,5,4,0,11,0,2,35,0,37,2,7,39,0,48,26,0,26,74
04/25/2020,YKM,WA,ANM,WE,Federal Contract Tower,2,8,10,0,20,0,0,21,0,21,2,8,31,0,41,38,0,38,79
04/26/2020,YKM,WA,ANM,WE,Federal Contract Tower,0,1,9,0,10,0,0,48,0,48,0,1,57,0,58,40,0,40,98
04/27/2020,YKM,WA,ANM,WE,Federal Contract Tower,2,10,8,0,20,0,0,8,0,8,2,10,16,0,28,2,0,2,30
04/28/2020,YKM,WA,ANM,WE,Federal Contract Tower,2,5,7,4,18,0,0,33,2,35,2,5,40,6,53,30,0,30,83
04/29/2020,YKM,WA,ANM,WE,Federal Contract Tower,2,6,2,2,12,0,0,25,4,29,2,6,27,6,41,22,0,22,63
04/30/2020,YKM,WA,ANM,WE,Federal Contract Tower,2,6,13,6,27,0,3,6,0,9,2,9,19,6,36,0,0,0,36
05/01/2020,YKM,WA,ANM,WE,Federal Contract Tower,2,3,8,2,15,0,1,37,1,39,2,4,45,3,54,26,8,34,88
05/02/2020,YKM,WA,ANM,WE,Federal Contract Tower,0,7,4,0,11,0,1,6,0,7,0,8,10,0,18,18,0,18,36
05/03/2020,YKM,WA,ANM,WE,Federal Contract Tower,1,4,5,0,10,0,0,19,0,19,1,4,24,0,29,28,0,28,57
05/04/2020,YKM,WA,ANM,WE,Federal Contract Tower,2,9,17,0,28,0,2,22,5,29,2,11,39,5,57,6,4,10,67
05/05/2020,YKM,WA,ANM,WE,Federal Contract Tower,6,9,10,0,25,0,1,34,8,43,6,10,44,8,68,50,0,50,118
05/06/2020,YKM,WA,ANM,WE,Federal Contract Tower,2,5,6,3,16,0,0,4,5,9,2,5,10,8,25,4,0,4,29
05/07/2020,YKM,WA,ANM,WE,Federal Contract Tower,2,5,13,0,20,0,2,55,7,64,2,7,68,7,84,70,0,70,154
05/08/2020,YKM,WA,ANM,WE,Federal Contract Tower,4,8,21,0,33,0,0,48,1,49,4,8,69,1,82,6,0,6,88
05/09/2020,YKM,WA,ANM,WE,Federal Contract Tower,1,9,11,0,21,0,2,50,0,52,1,11,61,0,73,26,0,26,99
05/10/2020,YKM,WA,ANM,WE,Federal Contract Tower,1,3,4,0,8,0,0,19,0,19,1,3,23,0,27,18,0,18,45
05/11/2020,YKM,WA,ANM,WE,Federal Contract Tower,2,5,15,1,23,0,3,53,1,57,2,8,68,2,80,16,0,16,96
05/12/2020,YKM,WA,ANM,WE,Federal Contract Tower,6,8,3,0,17,2,0,20,2,24,8,8,23,2,41,18,2,20,61
05/13/2020,YKM,WA,ANM,WE,Federal Contract Tower,4,4,12,14,34,0,2,27,2,31,4,6,39,16,65,16,36,52,117
05/14/2020,YKM,WA,ANM,WE,Federal Contract Tower,4,4,23,3,34,0,1,21,1,23,4,5,44,4,57,58,0,58,115
05/15/2020,YKM,WA,ANM,WE,Federal Contract Tower,1,5,23,0,29,0,0,37,0,37,1,5,60,0,66,82,0,82,148
05/16/2020,YKM,WA,ANM,WE,Federal Contract Tower,1,6,4,0,11,0,1,42,0,43,1,7,46,0,54,66,0,66,120
05/17/2020,YKM,WA,ANM,WE,Federal Contract Tower,2,4,16,0,22,0,0,26,0,26,2,4,42,0,48,76,0,76,124
05/18/2020,YKM,WA,ANM,WE,Federal Contract Tower,2,6,10,0,18,0,3,22,0,25,2,9,32,0,43,92,0,92,135
05/19/2020,YKM,WA,ANM,WE,Federal Contract Tower,4,5,10,1,20,0,2,35,2,39,4,7,45,3,59,28,0,28,87
05/20/2020,YKM,WA,ANM,WE,Federal Contract Tower,2,7,6,4,19,0,0,5,0,5,2,7,11,4,24,0,0,0,24
05/21/2020,YKM,WA,ANM,WE,Federal Contract Tower,1,9,14,1,25,0,0,18,1,19,1,9,32,2,44,58,0,58,102
05/22/2020,YKM,WA,ANM,WE,Federal Contract Tower,1,5,7,1,14,0,1,24,1,26,1,6,31,2,40,54,0,54,94
05/23/2020,YKM,WA,ANM,WE,Federal Contract Tower,2,8,6,0,16,0,1,49,0,50,2,9,55,0,66,88,0,88,154
05/24/2020,YKM,WA,ANM,WE,Federal Contract Tower,2,1,9,0,12,0,0,40,0,40,2,1,49,0,52,76,0,76,128
05/25/2020,YKM,WA,ANM,WE,Federal Contract Tower,2,1,15,0,18,0,0,22,0,22,2,1,37,0,40,18,0,18,58
05/26/2020,YKM,WA,ANM,WE,Federal Contract Tower,4,6,21,2,33,0,2,50,2,54,4,8,71,4,87,58,4,62,149
05/27/2020,YKM,WA,ANM,WE,Federal Contract Tower,2,9,11,0,22,0,0,59,0,59,2,9,70,0,81,66,0,66,147
05/28/2020,YKM,WA,ANM,WE,Federal Contract Tower,2,8,31,1,42,0,1,49,3,53,2,9,80,4,95,62,0,62,157
05/29/2020,YKM,WA,ANM,WE,Federal Contract Tower,2,4,18,1,25,0,0,51,3,54,2,4,69,4,79,52,0,52,131
05/30/2020,YKM,WA,ANM,WE,Federal Contract Tower,1,8,2,0,11,0,0,29,0,29,1,8,31,0,40,30,0,30,70
05/31/2020,YKM,WA,ANM,WE,Federal Contract Tower,1,2,4,0,7,0,0,35,0,35,1,2,39,0,42,0,68,68,110
06/01/2020,YKM,WA,ANM,WE,Federal Contract Tower,2,5,26,1,34,0,1,46,1,48,2,6,72,2,82,18,0,18,100
06/02/2020,YKM,WA,ANM,WE,Federal Contract Tower,4,6,11,2,23,0,0,32,2,34,4,6,43,4,57,104,0,104,161
06/03/2020,YKM,WA,ANM,WE,Federal Contract Tower,2,6,14,5,27,0,0,36,0,36,2,6,50,5,63,62,14,76,139
06/04/2020,YKM,WA,ANM,WE,Federal Contract Tower,2,5,28,0,35,0,0,30,4,34,2,5,58,4,69,36,10,46,115
06/05/2020,YKM,WA,ANM,WE,Federal Contract Tower,4,3,18,0,25,0,0,38,0,38,4,3,56,0,63,126,0,126,189
06/06/2020,YKM,WA,ANM,WE,Federal Contract Tower,2,5,11,0,18,0,1,30,0,31,2,6,41,0,49,52,0,52,101
06/07/2020,YKM,WA,ANM,WE,Federal Contract Tower,2,0,7,0,9,0,0,14,0,14,2,0,21,0,23,16,0,16,39
06/08/2020,YKM,WA,ANM,WE,Federal Contract Tower,2,8,23,1,34,0,1,24,1,26,2,9,47,2,60,20,0,20,80
06/09/2020,YKM,WA,ANM,WE,Federal Contract Tower,6,2,13,0,21,0,1,31,6,38,6,3,44,6,59,148,0,148,207
06/10/2020,YKM,WA,ANM,WE,Federal Contract Tower,4,4,27,0,35,0,0,43,4,47,4,4,70,4,82,48,0,48,130
06/11/2020,YKM,WA,ANM,WE,Federal Contract Tower,4,5,21,2,32,0,0,48,4,52,4,5,69,6,84,44,0,44,128
06/12/2020,YKM,WA,ANM,WE,Federal Contract Tower,12,3,30,0,45,0,0,52,0,52,12,3,82,0,97,82,0,82,179
06/13/2020,YKM,WA,ANM,WE,Federal Contract Tower,2,6,12,0,20,0,3,26,0,29,2,9,38,0,49,28,0,28,77
06/14/2020,YKM,WA,ANM,WE,Federal Contract Tower,2,2,10,0,14,0,2,36,0,38,2,4,46,0,52,114,0,114,166
06/15/2020,YKM,WA,ANM,WE,Federal Contract Tower,2,5,25,0,32,0,0,23,0,23,2,5,48,0,55,102,0,102,157
06/16/2020,YKM,WA,ANM,WE,Federal Contract Tower,6,5,16,3,30,0,0,27,1,28,6,5,43,4,58,122,0,122,180
06/17/2020,YKM,WA,ANM,WE,Federal Contract Tower,4,2,25,0,31,0,0,41,10,51,4,2,66,10,82,110,0,110,192
06/18/2020,YKM,WA,ANM,WE,Federal Contract Tower,4,7,16,2,29,0,2,65,0,67,4,9,81,2,96,128,0,128,224
06/19/2020,YKM,WA,ANM,WE,Federal Contract Tower,4,4,27,0,35,0,0,74,0,74,4,4,101,0,109,160,0,160,269
06/20/2020,YKM,WA,ANM,WE,Federal Contract Tower,1,9,13,0,23,0,1,53,0,54,1,10,66,0,77,82,0,82,159
06/21/2020,YKM,WA,ANM,WE,Federal Contract Tower,1,3,11,0,15,0,0,30,0,30,1,3,41,0,45,42,0,42,87
06/22/2020,YKM,WA,ANM,WE,Federal Contract Tower,2,6,14,4,26,0,2,44,4,50,2,8,58,8,76,90,0,90,166
06/23/2020,YKM,WA,ANM,WE,Federal Contract Tower,6,3,13,4,26,0,0,49,0,49,6,3,62,4,75,142,0,142,217
06/24/2020,YKM,WA,ANM,WE,Federal Contract Tower,4,4,26,3,37,0,2,34,1,37,4,6,60,4,74,24,0,24,98
06/25/2020,YKM,WA,ANM,WE,Federal Contract Tower,6,4,44,1,55,0,2,70,1,73,6,6,114,2,128,52,0,52,180
06/26/2020,YKM,WA,ANM,WE,Federal Contract Tower,6,3,27,1,37,0,0,50,5,55,6,3,77,6,92,76,0,76,168
06/27/2020,YKM,WA,ANM,WE,Federal Contract Tower,2,9,12,0,23,0,2,22,0,24,2,11,34,0,47,16,0,16,63
06/28/2020,YKM,WA,ANM,WE,Federal Contract Tower,2,3,10,0,15,0,2,19,0,21,2,5,29,0,36,34,0,34,70
06/29/2020,YKM,WA,ANM,WE,Federal Contract Tower,2,9,19,3,33,0,2,45,2,49,2,11,64,5,82,18,0,18,100
06/30/2020,YKM,WA,ANM,WE,Federal Contract Tower,6,2,19,0,27,0,0,40,0,40,6,2,59,0,67,50,0,50,117
07/01/2020,YKM,WA,ANM,WE,Federal Contract Tower,4,6,20,2,32,0,2,40,2,44,4,8,60,4,76,56,0,56,132
07/02/2020,YKM,WA,ANM,WE,Federal Contract Tower,4,5,12,0,21,0,0,31,0,31,4,5,43,0,52,122,0,122,174
07/03/2020,YKM,WA,ANM,WE,Federal Contract Tower,4,6,9,1,20,0,2,34,1,37,4,8,43,2,57,54,0,54,111
07/04/2020,YKM,WA,ANM,WE,Federal Contract Tower,2,2,8,0,12,0,0,31,0,31,2,2,39,0,43,32,0,32,75
07/05/2020,YKM,WA,ANM,WE,Federal Contract Tower,2,0,16,0,18,0,0,36,0,36,2,0,52,0,54,6,0,6,60
07/06/2020,YKM,WA,ANM,WE,Federal Contract Tower,2,7,29,0,38,0,0,34,0,34,2,7,63,0,72,28,0,28,100
07/07/2020,YKM,WA,ANM,WE,Federal Contract Tower,4,8,7,3,22,0,0,23,1,24,4,8,30,4,46,80,0,80,126
07/08/2020,YKM,WA,ANM,WE,Federal Contract Tower,2,8,27,0,37,0,0,60,2,62,2,8,87,2,99,62,0,62,161
07/09/2020,YKM,WA,ANM,WE,Federal Contract Tower,2,7,33,2,44,0,0,53,4,57,2,7,86,6,101,112,0,112,213
07/10/2020,YKM,WA,ANM,WE,Federal Contract Tower,4,7,22,0,33,0,0,51,0,51,4,7,73,0,84,62,0,62,146
07/11/2020,YKM,WA,ANM,WE,Federal Contract Tower,2,6,13,0,21,0,2,42,0,44,2,8,55,0,65,2,0,2,67
07/12/2020,YKM,WA,ANM,WE,Federal Contract Tower,2,2,8,1,13,0,0,42,4,46,2,2,50,5,59,28,0,28,87
07/13/2020,YKM,WA,ANM,WE,Federal Contract Tower,4,9,18,5,36,0,0,44,1,45,4,9,62,6,81,66,14,80,161
07/14/2020,YKM,WA,ANM,WE,Federal Contract Tower,2,10,26,0,38,0,0,53,0,53,2,10,79,0,91,128,0,128,219
07/15/2020,YKM,WA,ANM,WE,Federal Contract Tower,2,6,18,0,26,0,1,48,0,49,2,7,66,0,75,76,0,76,151
07/16/2020,YKM,WA,ANM,WE,Federal Contract Tower,2,9,21,0,32,0,0,37,1,38,2,9,58,1,70,96,0,96,166
07/17/2020,YKM,WA,ANM,WE,Federal Contract Tower,2,6,13,1,22,0,0,62,1,63,2,6,75,2,85,84,0,84,169
07/18/2020,YKM,WA,ANM,WE,Federal Contract Tower,2,10,21,0,33,0,0,44,2,46,2,10,65,2,79,66,8,74,153
07/19/2020,YKM,WA,ANM,WE,Federal Contract Tower,1,3,15,0,19,0,0,48,0,48,1,3,63,0,67,54,0,54,121
07/20/2020,YKM,WA,ANM,WE,Federal Contract Tower,3,7,17,4,31,0,0,33,2,35,3,7,50,6,66,86,0,86,152
07/21/2020,YKM,WA,ANM,WE,Federal Contract Tower,2,6,18,0,26,0,0,40,0,40,2,6,58,0,66,146,0,146,212
07/22/2020,YKM,WA,ANM,WE,Federal Contract Tower,2,7,9,0,18,0,0,41,10,51,2,7,50,10,69,96,0,96,165
07/23/2020,YKM,WA,ANM,WE,Federal Contract Tower,2,6,20,0,28,0,1,44,0,45,2,7,64,0,73,56,0,56,129
07/24/2020,YKM,WA,ANM,WE,Federal Contract Tower,2,8,17,0,27,0,0,53,0,53,2,8,70,0,80,90,0,90,170
07/25/2020,YKM,WA,ANM,WE,Federal Contract Tower,2,7,15,0,24,0,1,76,0,77,2,8,91,0,101,84,0,84,185
07/26/2020,YKM,WA,ANM,WE,Federal Contract Tower,2,2,16,0,20,0,1,43,0,44,2,3,59,0,64,2,0,2,66
07/27/2020,YKM,WA,ANM,WE,Federal Contract Tower,4,8,20,1,33,0,1,34,1,36,4,9,54,2,69,62,0,62,131
07/28/2020,YKM,WA,ANM,WE,Federal Contract Tower,2,6,25,0,33,0,0,54,0,54,2,6,79,0,87,58,0,58,145
07/29/2020,YKM,WA,ANM,WE,Federal Contract Tower,2,5,19,0,26,0,0,63,5,68,2,5,82,5,94,66,0,66,160
07/30/2020,YKM,WA,ANM,WE,Federal Contract Tower,1,3,17,1,22,0,0,32,0,32,1,3,49,1,54,54,0,54,108
07/31/2020,YKM,WA,ANM,WE,Federal Contract Tower,2,6,26,0,34,0,0,40,2,42,2,6,66,2,76,32,0,32,108
08/01/2020,YKM,WA,ANM,WE,Federal Contract Tower,2,6,9,0,17,0,1,50,0,51,2,7,59,0,68,50,0,50,118
08/02/2020,YKM,WA,ANM,WE,Federal Contract Tower,2,1,7,0,10,0,2,51,0,53,2,3,58,0,63,80,0,80,143
08/03/2020,YKM,WA,ANM,WE,Federal Contract Tower,4,7,16,0,27,0,0,52,0,52,4,7,68,0,79,44,0,44,123
08/04/2020,YKM,WA,ANM,WE,Federal Contract Tower,3,4,11,0,18,0,0,48,4,52,3,4,59,4,70,66,0,66,136
08/05/2020,YKM,WA,ANM,WE,Federal Contract Tower,2,5,8,0,15,0,0,59,6,65,2,5,67,6,80,6,0,6,86
08/06/2020,YKM,WA,ANM,WE,Federal Contract Tower,2,6,25,0,33,0,0,45,0,45,2,6,70,0,78,20,0,20,98
08/07/2020,YKM,WA,ANM,WE,Federal Contract Tower,3,4,17,4,28,0,0,54,2,56,3,4,71,6,84,114,0,114,198
08/08/2020,YKM,WA,ANM,WE,Federal Contract Tower,2,5,9,0,16,0,2,39,2,43,2,7,48,2,59,106,4,110,169
08/09/2020,YKM,WA,ANM,WE,Federal Contract Tower,2,2,25,0,29,0,0,52,2,54,2,2,77,2,83,72,4,76,159
08/10/2020,YKM,WA,ANM,WE,Federal Contract Tower,4,7,13,0,24,0,2,53,0,55,4,9,66,0,79,70,0,70,149
08/11/2020,YKM,WA,ANM,WE,Federal Contract Tower,2,6,23,0,31,0,0,45,2,47,2,6,68,2,78,104,4,108,186
08/12/2020,YKM,WA,ANM,WE,Federal Contract Tower,2,5,24,0,31,0,0,75,2,77,2,5,99,2,108,112,0,112,220
08/13/2020,YKM,WA,ANM,WE,Federal Contract Tower,2,6,15,0,23,0,0,57,2,59,2,6,72,2,82,132,0,132,214
08/14/2020,YKM,WA,ANM,WE,Federal Contract Tower,3,4,26,0,33,0,2,74,2,78,3,6,100,2,111,100,0,100,211
08/15/2020,YKM,WA,ANM,WE,Federal Contract Tower,3,5,8,0,16,0,1,45,2,48,3,6,53,2,64,76,6,82,146
08/16/2020,YKM,WA,ANM,WE,Federal Contract Tower,2,0,7,0,9,0,0,47,0,47,2,0,54,0,56,54,0,54,110
08/17/2020,YKM,WA,ANM,WE,Federal Contract Tower,2,6,18,0,26,0,1,37,4,42,2,7,55,4,68,4,0,4,72
08/18/2020,YKM,WA,ANM,WE,Federal Contract Tower,4,4,18,6,32,0,2,44,3,49,4,6,62,9,81,68,2,70,151
08/19/2020,YKM,WA,ANM,WE,Federal Contract Tower,2,5,14,3,24,0,2,40,0,42,2,7,54,3,66,96,22,118,184
08/20/2020,YKM,WA,ANM,WE,Federal Contract Tower,2,6,19,4,31,0,0,59,3,62,2,6,78,7,93,144,8,152,245
08/21/2020,YKM,WA,ANM,WE,Federal Contract Tower,2,4,15,1,22,0,1,39,2,42,2,5,54,3,64,20,4,24,88
08/22/2020,YKM,WA,ANM,WE,Federal Contract Tower,2,7,12,1,22,0,3,50,1,54,2,10,62,2,76,58,0,58,134
08/23/2020,YKM,WA,ANM,WE,Federal Contract Tower,2,2,11,0,15,0,0,58,2,60,2,2,69,2,75,18,14,32,107
08/24/2020,YKM,WA,ANM,WE,Federal Contract Tower,0,10,12,4,26,0,2,33,2,37,0,12,45,6,63,50,0,50,113
08/25/2020,YKM,WA,ANM,WE,Federal Contract Tower,0,5,11,0,16,0,0,48,4,52,0,5,59,4,68,120,0,120,188
08/26/2020,YKM,WA,ANM,WE,Federal Contract Tower,0,5,8,0,13,0,1,64,0,65,0,6,72,0,78,34,0,34,112
08/27/2020,YKM,WA,ANM,WE,Federal Contract Tower,0,2,6,0,8,0,4,52,2,58,0,6,58,2,66,52,0,52,118
08/28/2020,YKM,WA,ANM,WE,Federal Contract Tower,0,4,9,0,13,0,0,69,4,73,0,4,78,4,86,120,0,120,206
08/29/2020,YKM,WA,ANM,WE,Federal Contract Tower,0,9,6,0,15,0,1,31,0,32,0,10,37,0,47,14,0,14,61
08/30/2020,YKM,WA,ANM,WE,Federal Contract Tower,0,2,14,4,20,0,1,74,0,75,0,3,88,4,95,78,0,78,173
08/31/2020,YKM,WA,ANM,WE,Federal Contract Tower,2,4,6,2,14,0,4,43,0,47,2,8,49,2,61,16,0,16,77
09/01/2020,YKM,WA,ANM,WE,Federal Contract Tower,5,5,18,8,36,0,2,69,2,73,5,7,87,10,109,26,0,26,135
09/02/2020,YKM,WA,ANM,WE,Federal Contract Tower,2,9,4,1,16,0,0,61,5,66,2,9,65,6,82,58,24,82,164
09/03/2020,YKM,WA,ANM,WE,Federal Contract Tower,2,7,5,0,14,0,0,73,0,73,2,7,78,0,87,46,0,46,133
09/04/2020,YKM,WA,ANM,WE,Federal Contract Tower,4,2,17,0,23,0,0,57,0,57,4,2,74,0,80,72,0,72,152
09/05/2020,YKM,WA,ANM,WE,Federal Contract Tower,2,8,5,0,15,0,1,49,0,50,2,9,54,0,65,10,0,10,75
09/06/2020,YKM,WA,ANM,WE,Federal Contract Tower,2,2,6,1,11,0,0,43,3,46,2,2,49,4,57,26,8,34,91
09/07/2020,YKM,WA,ANM,WE,Federal Contract Tower,2,1,15,0,18,0,0,29,0,29,2,1,44,0,47,44,0,44,91
09/08/2020,YKM,WA,ANM,WE,Federal Contract Tower,5,6,10,1,22,0,0,42,3,45,5,6,52,4,67,8,10,18,85
09/09/2020,YKM,WA,ANM,WE,Federal Contract Tower,2,7,16,2,27,0,3,20,4,27,2,10,36,6,54,46,2,48,102
09/10/2020,YKM,WA,ANM,WE,Federal Contract Tower,2,5,12,0,19,0,0,59,0,59,2,5,71,0,78,80,0,80,158
09/11/2020,YKM,WA,ANM,WE,Federal Contract Tower,2,7,36,2,47,0,1,56,0,57,2,8,92,2,104,86,0,86,190
09/12/2020,YKM,WA,ANM,WE,Federal Contract Tower,2,6,23,2,33,0,0,3,0,3,2,6,26,2,36,16,0,16,52
09/13/2020,YKM,WA,ANM,WE,Federal Contract Tower,2,2,10,2,16,0,0,0,0,0,2,2,10,2,16,0,0,0,16
09/14/2020,YKM,WA,ANM,WE,Federal Contract Tower,0,5,11,0,16,0,0,0,0,0,0,5,11,0,16,0,0,0,16
09/15/2020,YKM,WA,ANM,WE,Federal Contract Tower,2,3,5,0,10,0,0,0,0,0,2,3,5,0,10,0,0,0,10
09/16/2020,YKM,WA,ANM,WE,Federal Contract Tower,2,7,18,0,27,0,0,0,0,0,2,7,18,0,27,0,0,0,27
09/17/2020,YKM,WA,ANM,WE,Federal Contract Tower,2,8,26,0,36,0,0,0,0,0,2,8,26,0,36,0,0,0,36
09/18/2020,YKM,WA,ANM,WE,Federal Contract Tower,2,6,25,0,33,0,0,1,0,1,2,6,26,0,34,0,0,0,34
09/19/2020,YKM,WA,ANM,WE,Federal Contract Tower,2,8,8,3,21,0,0,61,7,68,2,8,69,10,89,44,22,66,155
09/20/2020,YKM,WA,ANM,WE,Federal Contract Tower,2,3,16,2,23,0,0,71,6,77,2,3,87,8,100,80,12,92,192
09/21/2020,YKM,WA,ANM,WE,Federal Contract Tower,2,6,13,0,21,0,0,61,0,61,2,6,74,0,82,156,0,156,238
09/22/2020,YKM,WA,ANM,WE,Federal Contract Tower,4,9,17,1,31,0,0,59,1,60,4,9,76,2,91,82,16,98,189
09/23/2020,YKM,WA,ANM,WE,Federal Contract Tower,4,4,18,0,26,0,0,43,0,43,4,4,61,0,69,96,0,96,165
09/24/2020,YKM,WA,ANM,WE,Federal Contract Tower,4,6,8,1,19,0,0,41,3,44,4,6,49,4,63,56,10,66,129
09/25/2020,YKM,WA,ANM,WE,Federal Contract Tower,4,3,19,0,26,0,0,10,2,12,4,3,29,2,38,0,10,10,48
09/26/2020,YKM,WA,ANM,WE,Federal Contract Tower,2,6,8,1,17,0,1,46,3,50,2,7,54,4,67,22,10,32,99
09/27/2020,YKM,WA,ANM,WE,Federal Contract Tower,2,2,15,0,19,0,0,50,0,50,2,2,65,0,69,58,0,58,127
09/28/2020,YKM,WA,ANM,WE,Federal Contract Tower,2,7,6,2,17,0,0,53,2,55,2,7,59,4,72,42,0,42,114
09/29/2020,YKM,WA,ANM,WE,Federal Contract Tower,4,4,14,1,23,0,0,50,1,51,4,4,64,2,74,22,0,22,96
09/30/2020,YKM,WA,ANM,WE,Federal Contract Tower,2,6,11,0,19,0,2,64,0,66,2,8,75,0,85,98,0,98,183
10/01/2020,YKM,WA,ANM,WE,Federal Contract Tower,8,6,23,0,37,2,0,49,0,51,10,6,72,0,88,118,0,118,206
10/02/2020,YKM,WA,ANM,WE,Federal Contract Tower,4,2,20,0,26,0,0,49,0,49,4,2,69,0,75,76,0,76,151
10/03/2020,YKM,WA,ANM,WE,Federal Contract Tower,2,9,13,0,24,0,0,66,0,66,2,9,79,0,90,82,0,82,172
10/04/2020,YKM,WA,ANM,WE,Federal Contract Tower,2,1,16,0,19,0,1,38,0,39,2,2,54,0,58,22,0,22,80
10/05/2020,YKM,WA,ANM,WE,Federal Contract Tower,2,7,12,0,21,0,0,38,0,38,2,7,50,0,59,24,0,24,83
10/06/2020,YKM,WA,ANM,WE,Federal Contract Tower,8,4,13,0,25,0,0,46,0,46,8,4,59,0,71,104,0,104,175
10/07/2020,YKM,WA,ANM,WE,Federal Contract Tower,4,4,26,0,34,0,0,42,2,44,4,4,68,2,78,64,0,64,142
10/08/2020,YKM,WA,ANM,WE,Federal Contract Tower,4,5,10,1,20,0,0,42,8,50,4,5,52,9,70,82,10,92,162
10/09/2020,YKM,WA,ANM,WE,Federal Contract Tower,4,4,11,0,19,0,0,56,0,56,4,4,67,0,75,74,0,74,149
10/10/2020,YKM,WA,ANM,WE,Federal Contract Tower,2,10,12,0,24,0,0,5,2,7,2,10,17,2,31,26,10,36,67
10/11/2020,YKM,WA,ANM,WE,Federal Contract Tower,2,1,14,0,17,0,0,30,0,30,2,1,44,0,47,46,0,46,93
10/12/2020,YKM,WA,ANM,WE,Federal Contract Tower,2,5,11,0,18,0,0,1,19,20,2,5,12,19,38,32,12,44,82
10/13/2020,YKM,WA,ANM,WE,Federal Contract Tower,6,4,12,0,22,0,0,8,0,8,6,4,20,0,30,2,0,2,32
10/14/2020,YKM,WA,ANM,WE,Federal Contract Tower,4,4,10,0,18,0,0,36,6,42,4,4,46,6,60,58,12,70,130
10/15/2020,YKM,WA,ANM,WE,Federal Contract Tower,4,2,14,1,21,0,0,77,7,84,4,2,91,8,105,100,30,130,235
10/16/2020,YKM,WA,ANM,WE,Federal Contract Tower,4,3,15,0,22,0,0,43,0,43,4,3,58,0,65,42,0,42,107
10/17/2020,YKM,WA,ANM,WE,Federal Contract Tower,2,6,12,0,20,0,2,52,2,56,2,8,64,2,76,54,30,84,160
10/18/2020,YKM,WA,ANM,WE,Federal Contract Tower,2,1,11,0,14,0,0,26,1,27,2,1,37,1,41,10,0,10,51
10/19/2020,YKM,WA,ANM,WE,Federal Contract Tower,2,7,8,5,22,0,2,32,3,37,2,9,40,8,59,38,8,46,105
10/20/2020,YKM,WA,ANM,WE,Federal Contract Tower,6,4,13,2,25,0,1,65,0,66,6,5,78,2,91,64,22,86,177
10/21/2020,YKM,WA,ANM,WE,Federal Contract Tower,4,3,20,6,33,0,2,38,2,42,4,5,58,8,75,96,0,96,171
10/22/2020,YKM,WA,ANM,WE,Federal Contract Tower,6,5,20,0,31,0,0,58,2,60,6,5,78,2,91,64,6,70,161
10/23/2020,YKM,WA,ANM,WE,Federal Contract Tower,8,5,13,1,27,0,1,31,3,35,8,6,44,4,62,52,6,58,120
10/24/2020,YKM,WA,ANM,WE,Federal Contract Tower,2,7,6,0,15,0,0,23,0,23,2,7,29,0,38,50,0,50,88
10/25/2020,YKM,WA,ANM,WE,Federal Contract Tower,2,1,14,4,21,0,0,29,5,34,2,1,43,9,55,60,32,92,147
10/26/2020,YKM,WA,ANM,WE,Federal Contract Tower,2,6,8,2,18,0,0,39,14,53,2,6,47,16,71,28,38,66,137
10/28/2020,YKM,WA,ANM,WE,Federal Contract Tower,2,5,22,0,29,0,0,42,0,42,2,5,64,0,71,2,0,2,73
10/29/2020,YKM,WA,ANM,WE,Federal Contract Tower,2,6,24,1,33,0,0,57,1,58,2,6,81,2,91,154,0,154,245
10/30/2020,YKM,WA,ANM,WE,Federal Contract Tower,2,7,3,0,12,0,0,16,0,16,2,7,19,0,28,8,0,8,36
10/31/2020,YKM,WA,ANM,WE,Federal Contract Tower,2,7,32,0,41,0,2,60,0,62,2,9,92,0,103,50,0,50,153
11/01/2020,YKM,WA,ANM,WE,Federal Contract Tower,2,0,11,3,16,0,0,48,1,49,2,0,59,4,65,32,10,42,107
11/02/2020,YKM,WA,ANM,WE,Federal Contract Tower,2,5,13,0,20,0,0,35,0,35,2,5,48,0,55,42,0,42,97
11/03/2020,YKM,WA,ANM,WE,Federal Contract Tower,4,6,11,4,25,0,0,34,0,34,4,6,45,4,59,78,0,78,137
11/04/2020,YKM,WA,ANM,WE,Federal Contract Tower,2,6,10,0,18,0,0,22,0,22,2,6,32,0,40,2,0,2,42
11/05/2020,YKM,WA,ANM,WE,Federal Contract Tower,2,7,9,1,19,0,0,15,1,16,2,7,24,2,35,32,2,34,69
11/06/2020,YKM,WA,ANM,WE,Federal Contract Tower,2,5,19,3,29,0,0,43,3,46,2,5,62,6,75,74,0,74,149
11/07/2020,YKM,WA,ANM,WE,Federal Contract Tower,2,8,12,0,22,0,0,56,0,56,2,8,68,0,78,56,0,56,134
11/08/2020,YKM,WA,ANM,WE,Federal Contract Tower,2,2,10,0,14,0,0,29,0,29,2,2,39,0,43,70,2,72,115
11/09/2020,YKM,WA,ANM,WE,Federal Contract Tower,2,9,21,2,34,0,0,29,0,29,2,9,50,2,63,34,0,34,97
11/10/2020,YKM,WA,ANM,WE,Federal Contract Tower,2,6,10,0,18,0,3,22,0,25,2,9,32,0,43,30,0,30,73
11/11/2020,YKM,WA,ANM,WE,Federal Contract Tower,2,6,20,0,28,0,0,48,0,48,2,6,68,0,76,42,0,42,118
11/12/2020,YKM,WA,ANM,WE,Federal Contract Tower,2,4,17,1,24,0,0,43,2,45,2,4,60,3,69,60,0,60,129
11/13/2020,YKM,WA,ANM,WE,Federal Contract Tower,2,6,10,1,19,0,0,8,1,9,2,6,18,2,28,2,0,2,30
11/14/2020,YKM,WA,ANM,WE,Federal Contract Tower,2,5,4,0,11,0,3,40,0,43,2,8,44,0,54,16,0,16,70
11/15/2020,YKM,WA,ANM,WE,Federal Contract Tower,2,2,18,0,22,0,1,28,0,29,2,3,46,0,51,32,0,32,83
11/16/2020,YKM,WA,ANM,WE,Federal Contract Tower,2,6,2,0,10,0,0,0,0,0,2,6,2,0,10,0,0,0,10
11/17/2020,YKM,WA,ANM,WE,Federal Contract Tower,4,11,0,0,15,0,0,20,2,22,4,11,20,2,37,40,6,46,83
11/18/2020,YKM,WA,ANM,WE,Federal Contract Tower,2,11,6,3,22,0,0,15,1,16,2,11,21,4,38,0,0,0,38
11/19/2020,YKM,WA,ANM,WE,Federal Contract Tower,2,8,11,0,21,0,1,52,6,59,2,9,63,6,80,118,30,148,228
11/20/2020,YKM,WA,ANM,WE,Federal Contract Tower,2,8,10,5,25,0,0,32,1,33,2,8,42,6,58,68,22,90,148
11/21/2020,YKM,WA,ANM,WE,Federal Contract Tower,2,8,18,0,28,0,1,61,0,62,2,9,79,0,90,52,0,52,142
11/22/2020,YKM,WA,ANM,WE,Federal Contract Tower,2,6,17,0,25,0,0,20,0,20,2,6,37,0,45,38,0,38,83
11/23/2020,YKM,WA,ANM,WE,Federal Contract Tower,2,9,7,0,18,0,0,1,0,1,2,9,8,0,19,0,0,0,19
11/24/2020,YKM,WA,ANM,WE,Federal Contract Tower,5,9,8,0,22,0,0,0,0,0,5,9,8,0,22,0,0,0,22
11/25/2020,YKM,WA,ANM,WE,Federal Contract Tower,3,9,13,0,25,0,1,33,0,34,3,10,46,0,59,24,0,24,83
11/26/2020,YKM,WA,ANM,WE,Federal Contract Tower,0,0,9,0,9,0,1,7,0,8,0,1,16,0,17,2,0,2,19
11/27/2020,YKM,WA,ANM,WE,Federal Contract Tower,2,7,10,0,19,0,0,37,0,37,2,7,47,0,56,90,0,90,146
11/28/2020,YKM,WA,ANM,WE,Federal Contract Tower,2,8,12,0,22,0,0,48,0,48,2,8,60,0,70,14,0,14,84
11/29/2020,YKM,WA,ANM,WE,Federal Contract Tower,4,5,22,0,31,0,0,30,0,30,4,5,52,0,61,4,0,4,65
11/30/2020,YKM,WA,ANM,WE,Federal Contract Tower,2,9,15,0,26,0,0,7,0,7,2,9,22,0,33,6,0,6,39
12/01/2020,YKM,WA,ANM,WE,Federal Contract Tower,4,7,14,3,28,0,1,55,3,59,4,8,69,6,87,38,0,38,125
12/02/2020,YKM,WA,ANM,WE,Federal Contract Tower,2,6,22,0,30,0,0,49,0,49,2,6,71,0,79,16,0,16,95
12/03/2020,YKM,WA,ANM,WE,Federal Contract Tower,2,8,14,0,24,0,0,43,0,43,2,8,57,0,67,76,0,76,143
12/04/2020,YKM,WA,ANM,WE,Federal Contract Tower,4,7,16,4,31,2,0,51,0,53,6,7,67,4,84,82,0,82,166
12/05/2020,YKM,WA,ANM,WE,Federal Contract Tower,2,10,3,0,15,0,0,0,0,0,2,10,3,0,15,0,0,0,15
12/06/2020,YKM,WA,ANM,WE,Federal Contract Tower,2,2,8,0,12,0,0,6,0,6,2,2,14,0,18,26,0,26,44
12/07/2020,YKM,WA,ANM,WE,Federal Contract Tower,2,10,7,0,19,0,0,0,0,0,2,10,7,0,19,0,0,0,19
12/08/2020,YKM,WA,ANM,WE,Federal Contract Tower,4,10,12,4,30,0,0,6,4,10,4,10,18,8,40,0,0,0,40
12/09/2020,YKM,WA,ANM,WE,Federal Contract Tower,2,5,19,1,27,0,3,18,1,22,2,8,37,2,49,26,0,26,75
12/10/2020,YKM,WA,ANM,WE,Federal Contract Tower,2,10,9,0,21,0,0,3,0,3,2,10,12,0,24,4,0,4,28
12/11/2020,YKM,WA,ANM,WE,Federal Contract Tower,2,7,6,0,15,0,0,19,0,19,2,7,25,0,34,60,0,60,94
12/12/2020,YKM,WA,ANM,WE,Federal Contract Tower,2,7,14,0,23,0,0,54,2,56,2,7,68,2,79,100,12,112,191
12/13/2020,YKM,WA,ANM,WE,Federal Contract Tower,2,2,7,0,11,0,0,0,2,2,2,2,7,2,13,20,16,36,49
12/14/2020,YKM,WA,ANM,WE,Federal Contract Tower,2,13,5,2,22,0,0,0,0,0,2,13,5,2,22,0,0,0,22
12/15/2020,YKM,WA,ANM,WE,Federal Contract Tower,6,8,9,0,23,0,1,2,0,3,6,9,11,0,26,0,0,0,26
12/16/2020,YKM,WA,ANM,WE,Federal Contract Tower,4,11,4,0,19,0,0,11,0,11,4,11,15,0,30,6,0,6,36
12/17/2020,YKM,WA,ANM,WE,Federal Contract Tower,4,5,15,0,24,0,0,31,2,33,4,5,46,2,57,42,6,48,105
12/18/2020,YKM,WA,ANM,WE,Federal Contract Tower,4,8,10,0,22,0,0,36,0,36,4,8,46,0,58,80,0,80,138
12/19/2020,YKM,WA,ANM,WE,Federal Contract Tower,4,4,18,0,26,0,0,34,0,34,4,4,52,0,60,70,0,70,130
12/20/2020,YKM,WA,ANM,WE,Federal Contract Tower,2,1,15,0,18,0,0,0,0,0,2,1,15,0,18,0,0,0,18
12/21/2020,YKM,WA,ANM,WE,Federal Contract Tower,2,8,6,0,16,0,0,0,0,0,2,8,6,0,16,0,0,0,16
12/22/2020,YKM,WA,ANM,WE,Federal Contract Tower,4,7,12,0,23,0,0,29,0,29,4,7,41,0,52,34,0,34,86
12/23/2020,YKM,WA,ANM,WE,Federal Contract Tower,6,4,18,0,28,0,2,41,0,43,6,6,59,0,71,40,0,40,111
12/24/2020,YKM,WA,ANM,WE,Federal Contract Tower,4,4,15,0,23,0,3,44,0,47,4,7,59,0,70,56,0,56,126
12/25/2020,YKM,WA,ANM,WE,Federal Contract Tower,2,1,3,0,6,0,1,2,0,3,2,2,5,0,9,0,0,0,9
12/26/2020,YKM,WA,ANM,WE,Federal Contract Tower,2,8,6,0,16,0,0,0,0,0,2,8,6,0,16,0,0,0,16
12/27/2020,YKM,WA,ANM,WE,Federal Contract Tower,2,7,9,0,18,0,0,3,0,3,2,7,12,0,21,40,0,40,61
12/28/2020,YKM,WA,ANM,WE,Federal Contract Tower,2,6,11,0,19,0,0,7,0,7,2,6,18,0,26,36,0,36,62
12/29/2020,YKM,WA,ANM,WE,Federal Contract Tower,6,10,7,0,23,0,0,9,0,9,6,10,16,0,32,36,0,36,68
12/30/2020,YKM,WA,ANM,WE,Federal Contract Tower,4,7,5,0,16,0,0,0,0,0,4,7,5,0,16,0,0,0,16
12/31/2020,YKM,WA,ANM,WE,Federal Contract Tower,4,8,14,0,26,0,0,30,0,30,4,8,44,0,56,62,0,62,118
01/01/2021,YKM,WA,ANM,WE,Federal Contract Tower,2,4,12,0,18,0,0,5,0,5,2,4,17,0,23,18,0,18,41
01/02/2021,YKM,WA,ANM,WE,Federal Contract Tower,2,10,0,0,12,0,0,3,0,3,2,10,3,0,15,0,0,0,15
01/03/2021,YKM,WA,ANM,WE,Federal Contract Tower,2,2,19,0,23,0,1,24,0,25,2,3,43,0,48,22,0,22,70
01/04/2021,YKM,WA,ANM,WE,Federal Contract Tower,2,11,5,0,18,0,1,3,0,4,2,12,8,0,22,12,0,12,34
01/05/2021,YKM,WA,ANM,WE,Federal Contract Tower,4,9,10,0,23,0,0,16,0,16,4,9,26,0,39,42,0,42,81
01/06/2021,YKM,WA,ANM,WE,Federal Contract Tower,4,6,12,0,22,0,1,17,0,18,4,7,29,0,40,60,0,60,100
01/07/2021,YKM,WA,ANM,WE,Federal Contract Tower,2,12,11,0,25,0,0,28,0,28,2,12,39,0,53,48,0,48,101
01/08/2021,YKM,WA,ANM,WE,Federal Contract Tower,2,5,2,0,9,0,0,8,0,8,2,5,10,0,17,108,0,108,125
01/09/2021,YKM,WA,ANM,WE,Federal Contract Tower,2,11,9,0,22,0,0,4,0,4,2,11,13,0,26,42,0,42,68
01/10/2021,YKM,WA,ANM,WE,Federal Contract Tower,2,2,6,1,11,0,0,7,0,7,2,2,13,1,18,6,0,6,24
01/11/2021,YKM,WA,ANM,WE,Federal Contract Tower,3,13,3,0,19,0,0,1,2,3,3,13,4,2,22,46,0,46,68
01/12/2021,YKM,WA,ANM,WE,Federal Contract Tower,4,9,8,1,22,0,0,13,1,14,4,9,21,2,36,18,0,18,54
01/13/2021,YKM,WA,ANM,WE,Federal Contract Tower,2,3,6,0,11,0,1,14,3,18,2,4,20,3,29,48,0,48,77
01/14/2021,YKM,WA,ANM,WE,Federal Contract Tower,2,5,11,1,19,0,0,38,7,45,2,5,49,8,64,22,18,40,104
01/15/2021,YKM,WA,ANM,WE,Federal Contract Tower,3,4,8,0,15,0,0,30,6,36,3,4,38,6,51,68,8,76,127
01/16/2021,YKM,WA,ANM,WE,Federal Contract Tower,2,12,9,2,25,0,0,34,1,35,2,12,43,3,60,60,0,60,120
01/17/2021,YKM,WA,ANM,WE,Federal Contract Tower,2,1,4,0,7,0,0,27,0,27,2,1,31,0,34,52,0,52,86
01/18/2021,YKM,WA,ANM,WE,Federal Contract Tower,2,8,16,0,26,0,2,30,0,32,2,10,46,0,58,8,0,8,66
01/19/2021,YKM,WA,ANM,WE,Federal Contract Tower,4,6,22,0,32,0,0,17,4,21,4,6,39,4,53,66,2,68,121
01/20/2021,YKM,WA,ANM,WE,Federal Contract Tower,2,6,6,3,17,0,0,28,1,29,2,6,34,4,46,46,4,50,96
01/21/2021,YKM,WA,ANM,WE,Federal Contract Tower,2,9,10,0,21,0,0,1,2,3,2,9,11,2,24,22,6,28,52
01/22/2021,YKM,WA,ANM,WE,Federal Contract Tower,2,9,14,0,25,0,0,42,0,42,2,9,56,0,67,38,0,38,105
01/23/2021,YKM,WA,ANM,WE,Federal Contract Tower,2,8,14,2,26,0,1,40,2,43,2,9,54,4,69,10,14,24,93
01/24/2021,YKM,WA,ANM,WE,Federal Contract Tower,2,5,1,0,8,0,0,8,0,8,2,5,9,0,16,30,0,30,46
01/25/2021,YKM,WA,ANM,WE,Federal Contract Tower,2,5,12,0,19,0,0,4,0,4,2,5,16,0,23,36,0,36,59
01/26/2021,YKM,WA,ANM,WE,Federal Contract Tower,2,5,2,0,9,0,0,4,0,4,2,5,6,0,13,56,0,56,69
01/27/2021,YKM,WA,ANM,WE,Federal Contract Tower,2,10,4,0,16,0,0,0,0,0,2,10,4,0,16,0,0,0,16
01/28/2021,YKM,WA,ANM,WE,Federal Contract Tower,2,8,9,0,19,0,1,20,0,21,2,9,29,0,40,46,0,46,86
01/29/2021,YKM,WA,ANM,WE,Federal Contract Tower,2,5,8,0,15,0,0,36,0,36,2,5,44,0,51,37,0,37,88
01/30/2021,YKM,WA,ANM,WE,Federal Contract Tower,2,8,7,0,17,0,1,19,2,22,2,9,26,2,39,64,4,68,107
01/31/2021,YKM,WA,ANM,WE,Federal Contract Tower,2,5,4,0,11,0,0,6,0,6,2,5,10,0,17,30,0,30,47
02/01/2021,YKM,WA,ANM,WE,Federal Contract Tower,2,8,9,0,19,0,3,19,0,22,2,11,28,0,41,26,0,26,67
02/02/2021,YKM,WA,ANM,WE,Federal Contract Tower,4,5,21,0,30,0,0,25,0,25,4,5,46,0,55,26,0,26,81
02/03/2021,YKM,WA,ANM,WE,Federal Contract Tower,2,7,21,2,32,0,0,43,1,44,2,7,64,3,76,22,0,22,98
02/04/2021,YKM,WA,ANM,WE,Federal Contract Tower,2,5,26,1,34,0,0,54,3,57,2,5,80,4,91,92,0,92,183
02/05/2021,YKM,WA,ANM,WE,Federal Contract Tower,2,4,24,1,31,0,0,51,1,52,2,4,75,2,83,72,4,76,159
02/06/2021,YKM,WA,ANM,WE,Federal Contract Tower,2,6,9,0,17,0,0,9,2,11,2,6,18,2,28,10,0,10,38
02/07/2021,YKM,WA,ANM,WE,Federal Contract Tower,2,5,8,0,15,0,1,20,0,21,2,6,28,0,36,22,0,22,58
02/08/2021,YKM,WA,ANM,WE,Federal Contract Tower,2,10,18,0,30,0,0,44,0,44,2,10,62,0,74,34,0,34,108
02/09/2021,YKM,WA,ANM,WE,Federal Contract Tower,4,6,22,0,32,0,0,43,0,43,4,6,65,0,75,64,0,64,139
02/10/2021,YKM,WA,ANM,WE,Federal Contract Tower,2,5,22,1,30,0,0,33,3,36,2,5,55,4,66,34,4,38,104
02/11/2021,YKM,WA,ANM,WE,Federal Contract Tower,2,6,6,0,14,0,0,1,0,1,2,6,7,0,15,0,0,0,15
02/12/2021,YKM,WA,ANM,WE,Federal Contract Tower,3,5,4,0,12,0,0,0,0,0,3,5,4,0,12,0,0,0,12
02/13/2021,YKM,WA,ANM,WE,Federal Contract Tower,1,12,2,0,15,0,0,0,0,0,1,12,2,0,15,0,0,0,15
02/14/2021,YKM,WA,ANM,WE,Federal Contract Tower,3,2,4,0,9,0,0,0,0,0,3,2,4,0,9,0,0,0,9
02/15/2021,YKM,WA,ANM,WE,Federal Contract Tower,2,9,5,0,16,0,0,7,2,9,2,9,12,2,25,4,12,16,41
02/16/2021,YKM,WA,ANM,WE,Federal Contract Tower,2,6,28,0,36,0,0,26,2,28,2,6,54,2,64,12,8,20,84
02/17/2021,YKM,WA,ANM,WE,Federal Contract Tower,2,5,21,0,28,0,1,51,0,52,2,6,72,0,80,74,0,74,154
02/18/2021,YKM,WA,ANM,WE,Federal Contract Tower,4,3,14,0,21,0,0,7,0,7,4,3,21,0,28,34,0,34,62
02/19/2021,YKM,WA,ANM,WE,Federal Contract Tower,4,6,14,0,24,0,0,14,2,16,4,6,28,2,40,88,2,90,130
02/20/2021,YKM,WA,ANM,WE,Federal Contract Tower,2,4,10,0,16,0,0,20,0,20,2,4,30,0,36,10,0,10,46
02/21/2021,YKM,WA,ANM,WE,Federal Contract Tower,2,3,14,0,19,0,0,18,0,18,2,3,32,0,37,32,0,32,69
02/22/2021,YKM,WA,ANM,WE,Federal Contract Tower,2,6,21,0,29,0,1,21,2,24,2,7,42,2,53,2,0,2,55
02/23/2021,YKM,WA,ANM,WE,Federal Contract Tower,2,8,12,0,22,0,1,25,0,26,2,9,37,0,48,44,22,66,114
02/24/2021,YKM,WA,ANM,WE,Federal Contract Tower,2,5,30,3,40,0,0,55,3,58,2,5,85,6,98,40,14,54,152
02/25/2021,YKM,WA,ANM,WE,Federal Contract Tower,2,10,23,1,36,0,2,11,1,14,2,12,34,2,50,12,2,14,64
02/26/2021,YKM,WA,ANM,WE,Federal Contract Tower,2,10,11,3,26,0,0,19,1,20,2,10,30,4,46,20,0,20,66
02/27/2021,YKM,WA,ANM,WE,Federal Contract Tower,2,8,18,3,31,0,0,66,4,70,2,8,84,7,101,24,0,24,125
02/28/2021,YKM,WA,ANM,WE,Federal Contract Tower,2,2,18,4,26,0,0,57,0,57,2,2,75,4,83,88,0,88,171
03/01/2021,YKM,WA,ANM,WE,Federal Contract Tower,2,8,19,0,29,0,0,62,0,62,2,8,81,0,91,98,0,98,189
03/02/2021,YKM,WA,ANM,WE,Federal Contract Tower,4,4,30,2,40,0,0,59,0,59,4,4,89,2,99,92,0,92,191
03/03/2021,YKM,WA,ANM,WE,Federal Contract Tower,2,6,19,1,28,0,1,59,1,61,2,7,78,2,89,106,10,116,205
03/04/2021,YKM,WA,ANM,WE,Federal Contract Tower,2,6,9,2,19,0,0,35,0,35,2,6,44,2,54,46,0,46,100
03/05/2021,YKM,WA,ANM,WE,Federal Contract Tower,2,8,17,0,27,0,0,42,2,44,2,8,59,2,71,68,2,70,141
03/06/2021,YKM,WA,ANM,WE,Federal Contract Tower,2,9,17,0,28,0,0,34,2,36,2,9,51,2,64,20,0,20,84
03/07/2021,YKM,WA,ANM,WE,Federal Contract Tower,2,5,12,0,19,0,0,22,0,22,2,5,34,0,41,42,0,42,83
03/08/2021,YKM,WA,ANM,WE,Federal Contract Tower,2,6,16,4,28,0,2,27,0,29,2,8,43,4,57,62,0,62,119
03/09/2021,YKM,WA,ANM,WE,Federal Contract Tower,4,5,24,1,34,0,0,42,1,43,4,5,66,2,77,36,0,36,113
03/10/2021,YKM,WA,ANM,WE,Federal Contract Tower,4,10,18,0,32,0,1,39,2,42,4,11,57,2,74,82,2,84,158
03/11/2021,YKM,WA,ANM,WE,Federal Contract Tower,4,7,30,1,42,0,1,85,1,87,4,8,115,2,129,46,2,48,177
03/12/2021,YKM,WA,ANM,WE,Federal Contract Tower,2,8,28,1,39,0,0,63,3,66,2,8,91,4,105,100,10,110,215
03/13/2021,YKM,WA,ANM,WE,Federal Contract Tower,2,8,22,0,32,0,0,71,0,71,2,8,93,0,103,64,0,64,167
03/14/2021,YKM,WA,ANM,WE,Federal Contract Tower,2,0,14,0,16,0,0,24,0,24,2,0,38,0,40,80,0,80,120
03/15/2021,YKM,WA,ANM,WE,Federal Contract Tower,2,6,10,0,18,0,2,24,0,26,2,8,34,0,44,80,6,86,130
03/16/2021,YKM,WA,ANM,WE,Federal Contract Tower,2,5,16,1,24,0,0,55,0,55,2,5,71,1,79,74,0,74,153
03/17/2021,YKM,WA,ANM,WE,Federal Contract Tower,2,6,15,4,27,0,0,34,2,36,2,6,49,6,63,118,0,118,181
03/18/2021,YKM,WA,ANM,WE,Federal Contract Tower,2,4,16,3,25,0,0,32,7,39,2,4,48,10,64,136,20,156,220
03/19/2021,YKM,WA,ANM,WE,Federal Contract Tower,2,10,21,1,34,0,1,11,3,15,2,11,32,4,49,28,0,28,77
03/20/2021,YKM,WA,ANM,WE,Federal Contract Tower,2,7,18,3,30,0,0,32,2,34,2,7,50,5,64,8,2,10,74
03/21/2021,YKM,WA,ANM,WE,Federal Contract Tower,2,0,17,0,19,0,0,23,1,24,2,0,40,1,43,92,0,92,135
03/22/2021,YKM,WA,ANM,WE,Federal Contract Tower,2,7,4,4,17,0,1,20,1,22,2,8,24,5,39,34,0,34,73
03/23/2021,YKM,WA,ANM,WE,Federal Contract Tower,4,4,11,4,23,0,1,34,7,42,4,5,45,11,65,38,24,62,127
03/24/2021,YKM,WA,ANM,WE,Federal Contract Tower,2,8,15,3,28,0,0,12,6,18,2,8,27,9,46,16,0,16,62
03/25/2021,YKM,WA,ANM,WE,Federal Contract Tower,2,9,5,3,19,0,3,42,4,49,2,12,47,7,68,76,2,78,146
03/26/2021,YKM,WA,ANM,WE,Federal Contract Tower,2,7,19,1,29,0,0,58,2,60,2,7,77,3,89,36,0,36,125
03/27/2021,YKM,WA,ANM,WE,Federal Contract Tower,2,9,14,5,30,0,0,64,3,67,2,9,78,8,97,110,0,110,207
03/28/2021,YKM,WA,ANM,WE,Federal Contract Tower,2,6,13,1,22,0,1,4,0,5,2,7,17,1,27,18,0,18,45
03/29/2021,YKM,WA,ANM,WE,Federal Contract Tower,2,13,6,4,25,0,0,14,4,18,2,13,20,8,43,32,0,32,75
03/30/2021,YKM,WA,ANM,WE,Federal Contract Tower,2,6,28,4,40,0,1,65,7,73,2,7,93,11,113,126,8,134,247
03/31/2021,YKM,WA,ANM,WE,Federal Contract Tower,4,4,26,2,36,2,0,48,1,51,6,4,74,3,87,152,0,152,239
04/01/2021,YKM,WA,ANM,WE,Federal Contract Tower,2,9,16,3,30,0,2,43,1,46,2,11,59,4,76,114,0,114,190
04/02/2021,YKM,WA,ANM,WE,Federal Contract Tower,2,7,14,6,29,0,0,46,2,48,2,7,60,8,77,48,6,54,131
04/03/2021,YKM,WA,ANM,WE,Federal Contract Tower,2,9,11,0,22,0,0,36,0,36,2,9,47,0,58,38,0,38,96
04/04/2021,YKM,WA,ANM,WE,Federal Contract Tower,2,1,4,0,7,0,0,9,0,9,2,1,13,0,16,6,0,6,22
04/05/2021,YKM,WA,ANM,WE,Federal Contract Tower,5,14,12,0,31,1,0,28,0,29,6,14,40,0,60,70,6,76,136
04/06/2021,YKM,WA,ANM,WE,Federal Contract Tower,4,7,23,4,38,0,0,52,4,56,4,7,75,8,94,46,14,60,154
04/07/2021,YKM,WA,ANM,WE,Federal Contract Tower,2,7,19,2,30,0,0,30,0,30,2,7,49,2,60,58,0,58,118
04/08/2021,YKM,WA,ANM,WE,Federal Contract Tower,4,7,14,1,26,0,0,41,1,42,4,7,55,2,68,36,0,36,104
04/09/2021,YKM,WA,ANM,WE,Federal Contract Tower,4,2,18,2,26,0,0,44,0,44,4,2,62,2,70,92,0,92,162
04/10/2021,YKM,WA,ANM,WE,Federal Contract Tower,2,5,8,0,15,0,0,9,1,10,2,5,17,1,25,0,10,10,35
04/11/2021,YKM,WA,ANM,WE,Federal Contract Tower,2,0,15,1,18,0,0,58,3,61,2,0,73,4,79,80,0,80,159
04/12/2021,YKM,WA,ANM,WE,Federal Contract Tower,3,5,8,1,17,0,4,25,4,33,3,9,33,5,50,20,4,24,74
04/13/2021,YKM,WA,ANM,WE,Federal Contract Tower,8,4,6,0,18,0,0,9,3,12,8,4,15,3,30,2,12,14,44
04/14/2021,YKM,WA,ANM,WE,Federal Contract Tower,2,4,14,0,20,0,2,24,2,28,2,6,38,2,48,14,10,24,72
04/15/2021,YKM,WA,ANM,WE,Federal Contract Tower,2,6,9,3,20,0,0,41,5,46,2,6,50,8,66,32,0,32,98
04/16/2021,YKM,WA,ANM,WE,Federal Contract Tower,2,4,11,6,23,0,0,27,4,31,2,4,38,10,54,6,22,28,82
04/17/2021,YKM,WA,ANM,WE,Federal Contract Tower,2,7,12,0,21,0,2,53,0,55,2,9,65,0,76,84,0,84,160
04/18/2021,YKM,WA,ANM,WE,Federal Contract Tower,2,2,12,0,16,0,0,39,0,39,2,2,51,0,55,8,0,8,63
04/19/2021,YKM,WA,ANM,WE,Federal Contract Tower,2,9,19,1,31,0,0,32,3,35,2,9,51,4,66,80,6,86,152
04/20/2021,YKM,WA,ANM,WE,Federal Contract Tower,2,7,3,0,12,0,1,49,0,50,2,8,52,0,62,18,0,18,80
04/21/2021,YKM,WA,ANM,WE,Federal Contract Tower,2,4,18,1,25,0,0,60,1,61,2,4,78,2,86,60,0,60,146
04/22/2021,YKM,WA,ANM,WE,Federal Contract Tower,2,4,12,0,18,0,1,44,0,45,2,5,56,0,63,0,0,0,63
04/23/2021,YKM,WA,ANM,WE,Federal Contract Tower,2,4,19,1,26,0,1,49,1,51,2,5,68,2,77,58,0,58,135
04/24/2021,YKM,WA,ANM,WE,Federal Contract Tower,2,8,9,0,19,0,0,20,0,20,2,8,29,0,39,52,0,52,91
04/25/2021,YKM,WA,ANM,WE,Federal Contract Tower,2,5,9,0,16,0,2,49,0,51,2,7,58,0,67,42,0,42,109
04/26/2021,YKM,WA,ANM,WE,Federal Contract Tower,2,8,10,2,22,0,0,50,0,50,2,8,60,2,72,88,0,88,160
04/27/2021,YKM,WA,ANM,WE,Federal Contract Tower,6,6,15,4,31,0,0,47,2,49,6,6,62,6,80,2,0,2,82
04/28/2021,YKM,WA,ANM,WE,Federal Contract Tower,2,7,16,2,27,0,0,44,2,46,2,7,60,4,73,32,0,32,105
04/29/2021,YKM,WA,ANM,WE,Federal Contract Tower,2,7,22,1,32,0,0,60,3,63,2,7,82,4,95,44,4,48,143
04/30/2021,YKM,WA,ANM,WE,Federal Contract Tower,2,7,19,0,28,0,0,65,0,65,2,7,84,0,93,32,0,32,125
05/01/2021,YKM,WA,ANM,WE,Federal Contract Tower,2,7,11,0,20,0,0,53,0,53,2,7,64,0,73,26,0,26,99
05/03/2021,YKM,WA,ANM,WE,Federal Contract Tower,2,8,15,1,26,0,1,31,1,33,2,9,46,2,59,64,18,82,141
05/04/2021,YKM,WA,ANM,WE,Federal Contract Tower,4,7,21,1,33,0,0,38,6,44,4,7,59,7,77,28,20,48,125
05/05/2021,YKM,WA,ANM,WE,Federal Contract Tower,4,5,22,4,35,0,2,63,3,68,4,7,85,7,103,50,0,50,153
05/06/2021,YKM,WA,ANM,WE,Federal Contract Tower,2,4,20,1,27,0,0,37,1,38,2,4,57,2,65,62,0,62,127
05/07/2021,YKM,WA,ANM,WE,Federal Contract Tower,2,7,10,7,26,0,2,28,1,31,2,9,38,8,57,62,0,62,119
05/08/2021,YKM,WA,ANM,WE,Federal Contract Tower,2,11,8,0,21,0,0,27,5,32,2,11,35,5,53,8,4,12,65
05/09/2021,YKM,WA,ANM,WE,Federal Contract Tower,2,6,8,0,16,0,3,34,0,37,2,9,42,0,53,38,0,38,91
05/10/2021,YKM,WA,ANM,WE,Federal Contract Tower,3,7,28,0,38,0,2,34,1,37,3,9,62,1,75,54,4,58,133
05/11/2021,YKM,WA,ANM,WE,Federal Contract Tower,2,4,18,10,34,0,0,47,4,51,2,4,65,14,85,44,0,44,129
05/12/2021,YKM,WA,ANM,WE,Federal Contract Tower,2,9,25,0,36,0,1,38,0,39,2,10,63,0,75,46,0,46,121
05/13/2021,YKM,WA,ANM,WE,Federal Contract Tower,2,5,14,3,24,0,1,70,1,72,2,6,84,4,96,82,0,82,178
05/14/2021,YKM,WA,ANM,WE,Federal Contract Tower,2,5,10,0,17,0,2,48,2,52,2,7,58,2,69,8,0,8,77
05/15/2021,YKM,WA,ANM,WE,Federal Contract Tower,2,6,13,0,21,0,1,44,1,46,2,7,57,1,67,12,12,24,91
05/16/2021,YKM,WA,ANM,WE,Federal Contract Tower,2,1,9,0,12,0,0,46,0,46,2,1,55,0,58,32,20,52,110
05/17/2021,YKM,WA,ANM,WE,Federal Contract Tower,2,7,11,2,22,0,0,26,2,28,2,7,37,4,50,48,0,48,98
05/18/2021,YKM,WA,ANM,WE,Federal Contract Tower,7,5,10,0,22,0,1,31,0,32,7,6,41,0,54,36,18,54,108
05/19/2021,YKM,WA,ANM,WE,Federal Contract Tower,2,4,25,2,33,0,0,35,2,37,2,4,60,4,70,18,0,18,88
05/20/2021,YKM,WA,ANM,WE,Federal Contract Tower,2,8,13,0,23,0,0,23,0,23,2,8,36,0,46,2,0,2,48
05/21/2021,YKM,WA,ANM,WE,Federal Contract Tower,6,7,14,0,27,0,3,54,0,57,6,10,68,0,84,40,0,40,124
05/22/2021,YKM,WA,ANM,WE,Federal Contract Tower,2,9,4,0,15,0,2,32,0,34,2,11,36,0,49,48,0,48,97
05/23/2021,YKM,WA,ANM,WE,Federal Contract Tower,2,0,16,0,18,0,0,36,0,36,2,0,52,0,54,20,0,20,74
05/24/2021,YKM,WA,ANM,WE,Federal Contract Tower,2,10,19,3,34,0,1,29,3,33,2,11,48,6,67,42,12,54,121
05/25/2021,YKM,WA,ANM,WE,Federal Contract Tower,2,5,14,0,21,0,0,35,0,35,2,5,49,0,56,10,4,14,70
05/26/2021,YKM,WA,ANM,WE,Federal Contract Tower,2,4,19,1,26,0,0,57,1,58,2,4,76,2,84,92,0,92,176
05/27/2021,YKM,WA,ANM,WE,Federal Contract Tower,2,6,20,0,28,0,0,17,3,20,2,6,37,3,48,2,12,14,62
05/28/2021,YKM,WA,ANM,WE,Federal Contract Tower,2,7,22,0,31,0,0,51,0,51,2,7,73,0,82,62,0,62,144
05/29/2021,YKM,WA,ANM,WE,Federal Contract Tower,2,6,15,0,23,0,0,59,0,59,2,6,74,0,82,60,0,60,142
05/30/2021,YKM,WA,ANM,WE,Federal Contract Tower,2,2,24,0,28,0,1,41,0,42,2,3,65,0,70,14,0,14,84
05/31/2021,YKM,WA,ANM,WE,Federal Contract Tower,2,4,20,0,26,0,0,39,0,39,2,4,59,0,65,50,0,50,115
06/01/2021,YKM,WA,ANM,WE,Federal Contract Tower,4,4,18,3,29,0,2,44,1,47,4,6,62,4,76,28,0,28,104
06/02/2021,YKM,WA,ANM,WE,Federal Contract Tower,2,4,9,5,20,0,0,42,1,43,2,4,51,6,63,70,0,70,133
06/03/2021,YKM,WA,ANM,WE,Federal Contract Tower,2,9,22,0,33,0,1,57,0,58,2,10,79,0,91,22,0,22,113
06/04/2021,YKM,WA,ANM,WE,Federal Contract Tower,2,5,18,0,25,0,1,39,0,40,2,6,57,0,65,74,0,74,139
06/05/2021,YKM,WA,ANM,WE,Federal Contract Tower,2,8,11,0,21,0,0,30,0,30,2,8,41,0,51,110,0,110,161
06/06/2021,YKM,WA,ANM,WE,Federal Contract Tower,2,3,10,0,15,0,0,38,0,38,2,3,48,0,53,26,0,26,79
06/07/2021,YKM,WA,ANM,WE,Federal Contract Tower,2,8,10,3,23,0,3,43,2,48,2,11,53,5,71,66,0,66,137
06/08/2021,YKM,WA,ANM,WE,Federal Contract Tower,6,6,14,2,28,0,2,56,1,59,6,8,70,3,87,102,0,102,189
06/09/2021,YKM,WA,ANM,WE,Federal Contract Tower,4,10,15,0,29,0,0,58,2,60,4,10,73,2,89,58,0,58,147
06/10/2021,YKM,WA,ANM,WE,Federal Contract Tower,3,8,17,1,29,0,4,38,1,43,3,12,55,2,72,88,0,88,160
06/11/2021,YKM,WA,ANM,WE,Federal Contract Tower,4,7,18,0,29,0,0,45,0,45,4,7,63,0,74,42,0,42,116
06/12/2021,YKM,WA,ANM,WE,Federal Contract Tower,2,8,21,0,31,0,0,72,0,72,2,8,93,0,103,6,0,6,109
06/13/2021,YKM,WA,ANM,WE,Federal Contract Tower,2,1,12,0,15,0,1,43,0,44,2,2,55,0,59,6,0,6,65
06/14/2021,YKM,WA,ANM,WE,Federal Contract Tower,2,5,14,0,21,0,2,34,0,36,2,7,48,0,57,70,0,70,127
06/15/2021,YKM,WA,ANM,WE,Federal Contract Tower,4,7,7,0,18,0,0,32,0,32,4,7,39,0,50,120,0,120,170
06/16/2021,YKM,WA,ANM,WE,Federal Contract Tower,2,5,19,0,26,0,1,58,0,59,2,6,77,0,85,84,0,84,169
06/17/2021,YKM,WA,ANM,WE,Federal Contract Tower,2,8,16,1,27,0,2,62,1,65,2,10,78,2,92,70,0,70,162
06/18/2021,YKM,WA,ANM,WE,Federal Contract Tower,2,6,13,0,21,0,0,73,0,73,2,6,86,0,94,74,0,74,168
06/19/2021,YKM,WA,ANM,WE,Federal Contract Tower,2,7,4,0,13,0,1,47,0,48,2,8,51,0,61,12,0,12,73
06/20/2021,YKM,WA,ANM,WE,Federal Contract Tower,2,1,6,0,9,0,3,74,2,79,2,4,80,2,88,42,8,50,138
06/21/2021,YKM,WA,ANM,WE,Federal Contract Tower,2,6,9,0,17,0,1,50,0,51,2,7,59,0,68,86,0,86,154
06/22/2021,YKM,WA,ANM,WE,Federal Contract Tower,4,4,15,3,26,0,0,51,3,54,4,4,66,6,80,142,0,142,222
06/23/2021,YKM,WA,ANM,WE,Federal Contract Tower,2,4,21,1,28,0,0,43,3,46,2,4,64,4,74,100,0,100,174
06/24/2021,YKM,WA,ANM,WE,Federal Contract Tower,2,5,16,2,25,0,0,60,0,60,2,5,76,2,85,70,0,70,155
06/25/2021,YKM,WA,ANM,WE,Federal Contract Tower,4,7,12,3,26,0,0,38,0,38,4,7,50,3,64,72,8,80,144
06/26/2021,YKM,WA,ANM,WE,Federal Contract Tower,2,5,19,0,26,0,2,35,0,37,2,7,54,0,63,24,0,24,87
06/27/2021,YKM,WA,ANM,WE,Federal Contract Tower,2,2,7,0,11,0,0,23,0,23,2,2,30,0,34,0,0,0,34
06/28/2021,YKM,WA,ANM,WE,Federal Contract Tower,3,6,10,0,19,0,2,33,0,35,3,8,43,0,54,14,0,14,68
06/29/2021,YKM,WA,ANM,WE,Federal Contract Tower,6,4,13,0,23,0,1,37,0,38,6,5,50,0,61,20,0,20,81
06/30/2021,YKM,WA,ANM,WE,Federal Contract Tower,2,11,17,0,30,0,0,36,2,38,2,11,53,2,68,26,24,50,118
07/01/2021,YKM,WA,ANM,WE,Federal Contract Tower,2,5,16,0,23,0,0,67,0,67,2,5,83,0,90,14,0,14,104
07/02/2021,YKM,WA,ANM,WE,Federal Contract Tower,2,5,16,0,23,0,0,34,0,34,2,5,50,0,57,38,0,38,95
07/03/2021,YKM,WA,ANM,WE,Federal Contract Tower,2,6,14,0,22,0,0,37,0,37,2,6,51,0,59,36,0,36,95
07/04/2021,YKM,WA,ANM,WE,Federal Contract Tower,2,2,10,0,14,0,1,26,0,27,2,3,36,0,41,8,0,8,49
07/05/2021,YKM,WA,ANM,WE,Federal Contract Tower,2,2,24,0,28,0,2,53,0,55,2,4,77,0,83,36,0,36,119
07/06/2021,YKM,WA,ANM,WE,Federal Contract Tower,6,7,13,1,27,0,2,61,1,64,6,9,74,2,91,12,0,12,103
07/07/2021,YKM,WA,ANM,WE,Federal Contract Tower,2,10,19,9,40,0,0,54,0,54,2,10,73,9,94,76,0,76,170
07/08/2021,YKM,WA,ANM,WE,Federal Contract Tower,4,12,16,0,32,0,1,75,0,76,4,13,91,0,108,84,0,84,192
07/09/2021,YKM,WA,ANM,WE,Federal Contract Tower,2,6,24,0,32,0,2,48,2,52,2,8,72,2,84,64,0,64,148
07/10/2021,YKM,WA,ANM,WE,Federal Contract Tower,2,10,8,1,21,0,2,46,1,49,2,12,54,2,70,36,0,36,106
07/11/2021,YKM,WA,ANM,WE,Federal Contract Tower,2,1,15,2,20,0,1,40,2,43,2,2,55,4,63,10,20,30,93
07/12/2021,YKM,WA,ANM,WE,Federal Contract Tower,2,6,18,6,32,0,0,44,0,44,2,6,62,6,76,72,12,84,160
07/13/2021,YKM,WA,ANM,WE,Federal Contract Tower,4,6,9,0,19,0,8,43,0,51,4,14,52,0,70,34,0,34,104
07/14/2021,YKM,WA,ANM,WE,Federal Contract Tower,4,6,11,0,21,0,2,44,2,48,4,8,55,2,69,56,10,66,135
07/15/2021,YKM,WA,ANM,WE,Federal Contract Tower,2,12,18,5,37,0,5,58,3,66,2,17,76,8,103,38,22,60,163
07/16/2021,YKM,WA,ANM,WE,Federal Contract Tower,2,6,23,0,31,0,0,89,0,89,2,6,112,0,120,42,0,42,162
07/17/2021,YKM,WA,ANM,WE,Federal Contract Tower,2,8,21,1,32,0,5,65,1,71,2,13,86,2,103,38,0,38,141
07/18/2021,YKM,WA,ANM,WE,Federal Contract Tower,4,4,14,0,22,0,1,49,0,50,4,5,63,0,72,14,0,14,86
07/19/2021,YKM,WA,ANM,WE,Federal Contract Tower,2,6,11,1,20,0,0,45,1,46,2,6,56,2,66,44,0,44,110
07/20/2021,YKM,WA,ANM,WE,Federal Contract Tower,4,7,33,6,50,0,1,57,0,58,4,8,90,6,108,40,0,40,148
07/21/2021,YKM,WA,ANM,WE,Federal Contract Tower,2,7,15,1,25,0,1,37,1,39,2,8,52,2,64,42,0,42,106
07/22/2021,YKM,WA,ANM,WE,Federal Contract Tower,2,6,15,0,23,0,0,67,0,67,2,6,82,0,90,80,0,80,170
07/23/2021,YKM,WA,ANM,WE,Federal Contract Tower,2,6,19,0,27,0,1,71,0,72,2,7,90,0,99,16,0,16,115
07/24/2021,YKM,WA,ANM,WE,Federal Contract Tower,2,6,13,0,21,0,4,46,0,50,2,10,59,0,71,6,0,6,77
07/25/2021,YKM,WA,ANM,WE,Federal Contract Tower,2,2,16,0,20,0,2,69,0,71,2,4,85,0,91,34,0,34,125
07/26/2021,YKM,WA,ANM,WE,Federal Contract Tower,2,8,21,0,31,0,0,44,0,44,2,8,65,0,75,10,0,10,85
07/27/2021,YKM,WA,ANM,WE,Federal Contract Tower,4,7,18,2,31,0,2,42,6,50,4,9,60,8,81,34,0,34,115
07/28/2021,YKM,WA,ANM,WE,Federal Contract Tower,4,6,11,3,24,0,2,55,1,58,4,8,66,4,82,16,22,38,120
07/29/2021,YKM,WA,ANM,WE,Federal Contract Tower,2,7,2,0,11,0,3,59,0,62,2,10,61,0,73,34,0,34,107
07/30/2021,YKM,WA,ANM,WE,Federal Contract Tower,2,5,13,0,20,0,2,47,0,49,2,7,60,0,69,44,0,44,113
08/01/2021,YKM,WA,ANM,WE,Federal Contract Tower,2,5,8,1,16,0,1,14,1,16,2,6,22,2,32,22,0,22,54
08/02/2021,YKM,WA,ANM,WE,Federal Contract Tower,5,9,17,1,32,0,2,17,3,22,5,11,34,4,54,20,22,42,96
08/03/2021,YKM,WA,ANM,WE,Federal Contract Tower,4,8,24,5,41,0,0,23,3,26,4,8,47,8,67,32,0,32,99
08/04/2021,YKM,WA,ANM,WE,Federal Contract Tower,2,4,14,5,25,0,0,69,3,72,2,4,83,8,97,20,8,28,125
08/05/2021,YKM,WA,ANM,WE,Federal Contract Tower,3,8,19,0,30,0,0,57,1,58,3,8,76,1,88,22,0,22,110
08/06/2021,YKM,WA,ANM,WE,Federal Contract Tower,4,5,25,2,36,0,0,68,4,72,4,5,93,6,108,58,0,58,166
08/07/2021,YKM,WA,ANM,WE,Federal Contract Tower,2,9,14,2,27,0,1,58,0,59,2,10,72,2,86,30,0,30,116
08/08/2021,YKM,WA,ANM,WE,Federal Contract Tower,2,3,22,0,27,0,3,55,0,58,2,6,77,0,85,22,0,22,107
08/09/2021,YKM,WA,ANM,WE,Federal Contract Tower,2,8,8,6,24,0,0,55,4,59,2,8,63,10,83,72,14,86,169
08/10/2021,YKM,WA,ANM,WE,Federal Contract Tower,4,6,15,0,25,0,0,75,0,75,4,6,90,0,100,60,0,60,160
08/11/2021,YKM,WA,ANM,WE,Federal Contract Tower,4,3,9,2,18,0,2,51,0,53,4,5,60,2,71,4,0,4,75
08/12/2021,YKM,WA,ANM,WE,Federal Contract Tower,2,13,17,1,33,0,0,24,1,25,2,13,41,2,58,24,0,24,82
08/13/2021,YKM,WA,ANM,WE,Federal Contract Tower,4,10,20,2,36,0,0,3,1,4,4,10,23,3,40,0,0,0,40
08/14/2021,YKM,WA,ANM,WE,Federal Contract Tower,2,11,16,0,29,0,1,14,0,15,2,12,30,0,44,0,2,2,46
08/15/2021,YKM,WA,ANM,WE,Federal Contract Tower,2,2,23,0,27,0,1,36,0,37,2,3,59,0,64,38,0,38,102
08/16/2021,YKM,WA,ANM,WE,Federal Contract Tower,2,8,18,0,28,0,0,46,0,46,2,8,64,0,74,4,0,4,78
08/17/2021,YKM,WA,ANM,WE,Federal Contract Tower,2,9,21,5,37,0,0,32,3,35,2,9,53,8,72,6,0,6,78
08/18/2021,YKM,WA,ANM,WE,Federal Contract Tower,2,7,14,1,24,0,0,74,1,75,2,7,88,2,99,82,0,82,181
08/19/2021,YKM,WA,ANM,WE,Federal Contract Tower,2,12,39,4,57,0,1,6,0,7,2,13,45,4,64,0,0,0,64
08/20/2021,YKM,WA,ANM,WE,Federal Contract Tower,2,8,36,0,46,0,0,5,0,5,2,8,41,0,51,14,0,14,65
08/21/2021,YKM,WA,ANM,WE,Federal Contract Tower,2,13,18,0,33,0,5,32,0,37,2,18,50,0,70,24,0,24,94
08/23/2021,YKM,WA,ANM,WE,Federal Contract Tower,2,9,17,3,31,0,0,47,1,48,2,9,64,4,79,20,0,20,99
08/24/2021,YKM,WA,ANM,WE,Federal Contract Tower,2,7,20,4,33,0,2,58,7,67,2,9,78,11,100,30,0,30,130
08/25/2021,YKM,WA,ANM,WE,Federal Contract Tower,2,6,20,2,30,0,0,34,2,36,2,6,54,4,66,46,0,46,112
08/26/2021,YKM,WA,ANM,WE,Federal Contract Tower,2,12,21,0,35,0,2,52,0,54,2,14,73,0,89,50,0,50,139
08/27/2021,YKM,WA,ANM,WE,Federal Contract Tower,2,5,26,1,34,0,3,40,2,45,2,8,66,3,79,32,0,32,111
08/28/2021,YKM,WA,ANM,WE,Federal Contract Tower,2,7,21,0,30,0,0,26,0,26,2,7,47,0,56,30,0,30,86
08/29/2021,YKM,WA,ANM,WE,Federal Contract Tower,2,5,20,1,28,0,1,24,1,26,2,6,44,2,54,0,0,0,54
08/30/2021,YKM,WA,ANM,WE,Federal Contract Tower,2,9,25,0,36,0,1,55,1,57,2,10,80,1,93,20,10,30,123
08/31/2021,YKM,WA,ANM,WE,Federal Contract Tower,2,8,15,0,25,0,1,39,2,42,2,9,54,2,67,88,0,88,155
09/01/2021,YKM,WA,ANM,WE,Federal Contract Tower,4,9,8,3,24,0,1,47,1,49,4,10,55,4,73,76,8,84,157
09/02/2021,YKM,WA,ANM,WE,Federal Contract Tower,2,4,18,0,24,0,2,28,0,30,2,6,46,0,54,6,0,6,60
09/03/2021,YKM,WA,ANM,WE,Federal Contract Tower,2,9,28,0,39,0,1,19,0,20,2,10,47,0,59,4,0,4,63
09/04/2021,YKM,WA,ANM,WE,Federal Contract Tower,2,7,16,0,25,0,0,13,0,13,2,7,29,0,38,20,0,20,58
09/05/2021,YKM,WA,ANM,WE,Federal Contract Tower,2,1,9,0,12,0,0,39,0,39,2,1,48,0,51,22,0,22,73
09/06/2021,YKM,WA,ANM,WE,Federal Contract Tower,2,0,10,0,12,0,2,42,0,44,2,2,52,0,56,18,0,18,74
09/07/2021,YKM,WA,ANM,WE,Federal Contract Tower,2,7,19,0,28,0,0,12,1,13,2,7,31,1,41,24,0,24,65
09/08/2021,YKM,WA,ANM,WE,Federal Contract Tower,4,7,16,1,28,0,0,39,1,40,4,7,55,2,68,0,8,8,76
09/09/2021,YKM,WA,ANM,WE,Federal Contract Tower,5,5,16,0,26,0,0,28,0,28,5,5,44,0,54,20,0,20,74
09/10/2021,YKM,WA,ANM,WE,Federal Contract Tower,4,13,15,2,34,0,0,0,1,1,4,13,15,3,35,0,0,0,35
09/11/2021,YKM,WA,ANM,WE,Federal Contract Tower,5,8,14,0,27,0,1,35,2,38,5,9,49,2,65,32,0,32,97
09/13/2021,YKM,WA,ANM,WE,Federal Contract Tower,4,7,9,1,21,0,1,51,3,55,4,8,60,4,76,10,0,10,86
09/14/2021,YKM,WA,ANM,WE,Federal Contract Tower,7,5,29,0,41,0,1,26,2,29,7,6,55,2,70,11,0,11,81
09/15/2021,YKM,WA,ANM,WE,Federal Contract Tower,5,4,9,0,18,0,0,31,0,31,5,4,40,0,49,20,0,20,69
09/16/2021,YKM,WA,ANM,WE,Federal Contract Tower,5,11,9,0,25,0,1,50,2,53,5,12,59,2,78,24,0,24,102
09/17/2021,YKM,WA,ANM,WE,Federal Contract Tower,5,8,12,0,25,0,0,30,1,31,5,8,42,1,56,34,0,34,90
09/18/2021,YKM,WA,ANM,WE,Federal Contract Tower,5,7,17,0,29,0,0,30,0,30,5,7,47,0,59,80,0,80,139
09/19/2021,YKM,WA,ANM,WE,Federal Contract Tower,5,6,8,0,19,0,0,22,0,22,5,6,30,0,41,16,0,16,57
09/20/2021,YKM,WA,ANM,WE,Federal Contract Tower,7,16,13,3,39,0,1,43,1,45,7,17,56,4,84,54,4,58,142
09/21/2021,YKM,WA,ANM,WE,Federal Contract Tower,7,6,11,4,28,0,7,53,4,64,7,13,64,8,92,18,4,22,114
09/22/2021,YKM,WA,ANM,WE,Federal Contract Tower,4,6,11,0,21,0,3,42,1,46,4,9,53,1,67,58,10,68,135
09/23/2021,YKM,WA,ANM,WE,Federal Contract Tower,5,11,9,0,25,0,0,68,4,72,5,11,77,4,97,44,8,52,149
09/24/2021,YKM,WA,ANM,WE,Federal Contract Tower,9,3,13,0,25,0,1,65,0,66,9,4,78,0,91,34,0,34,125
09/25/2021,YKM,WA,ANM,WE,Federal Contract Tower,5,8,4,0,17,0,0,51,0,51,5,8,55,0,68,22,0,22,90
09/26/2021,YKM,WA,ANM,WE,Federal Contract Tower,4,3,12,0,19,0,0,27,0,27,4,3,39,0,46,22,0,22,68
09/27/2021,YKM,WA,ANM,WE,Federal Contract Tower,5,7,4,1,17,0,0,8,3,11,5,7,12,4,28,0,30,30,58
09/28/2021,YKM,WA,ANM,WE,Federal Contract Tower,8,5,5,6,24,0,1,31,0,32,8,6,36,6,56,16,0,16,72
09/29/2021,YKM,WA,ANM,WE,Federal Contract Tower,6,6,13,0,25,0,1,33,0,34,6,7,46,0,59,54,0,54,113
09/30/2021,YKM,WA,ANM,WE,Federal Contract Tower,7,3,12,2,24,0,1,40,2,43,7,4,52,4,67,56,18,74,141
10/01/2021,YKM,WA,ANM,WE,Federal Contract Tower,9,4,19,3,35,2,1,62,3,68,11,5,81,6,103,18,10,28,131
10/02/2021,YKM,WA,ANM,WE,Federal Contract Tower,5,7,13,2,27,0,1,52,0,53,5,8,65,2,80,62,0,62,142
10/03/2021,YKM,WA,ANM,WE,Federal Contract Tower,4,0,9,0,13,0,2,24,0,26,4,2,33,0,39,4,0,4,43
10/04/2021,YKM,WA,ANM,WE,Federal Contract Tower,7,6,5,3,21,0,0,35,1,36,7,6,40,4,57,24,4,28,85
10/05/2021,YKM,WA,ANM,WE,Federal Contract Tower,8,6,5,2,21,0,2,31,5,38,8,8,36,7,59,34,26,60,119
10/06/2021,YKM,WA,ANM,WE,Federal Contract Tower,7,6,10,4,27,0,5,35,1,41,7,11,45,5,68,20,0,20,88
10/07/2021,YKM,WA,ANM,WE,Federal Contract Tower,2,4,5,1,12,0,0,43,3,46,2,4,48,4,58,22,8,30,88
10/08/2021,YKM,WA,ANM,WE,Federal Contract Tower,2,8,9,0,19,0,3,36,2,41,2,11,45,2,60,56,4,60,120
10/09/2021,YKM,WA,ANM,WE,Federal Contract Tower,2,8,22,0,32,0,2,46,0,48,2,10,68,0,80,24,0,24,104
10/10/2021,YKM,WA,ANM,WE,Federal Contract Tower,2,3,5,0,10,0,1,18,0,19,2,4,23,0,29,0,12,12,41
10/11/2021,YKM,WA,ANM,WE,Federal Contract Tower,2,7,7,0,16,0,0,35,0,35,2,7,42,0,51,30,0,30,81
10/12/2021,YKM,WA,ANM,WE,Federal Contract Tower,4,8,8,2,22,0,0,52,0,52,4,8,60,2,74,30,10,40,114
10/13/2021,YKM,WA,ANM,WE,Federal Contract Tower,2,8,13,3,26,0,0,44,5,49,2,8,57,8,75,62,0,62,137
10/14/2021,YKM,WA,ANM,WE,Federal Contract Tower,2,8,17,4,31,0,0,52,1,53,2,8,69,5,84,34,0,34,118
10/15/2021,YKM,WA,ANM,WE,Federal Contract Tower,2,7,13,0,22,0,0,47,0,47,2,7,60,0,69,24,0,24,93
10/16/2021,YKM,WA,ANM,WE,Federal Contract Tower,2,6,21,0,29,0,1,53,0,54,2,7,74,0,83,28,0,28,111
10/17/2021,YKM,WA,ANM,WE,Federal Contract Tower,2,2,7,0,11,0,0,36,0,36,2,2,43,0,47,64,0,64,111
10/18/2021,YKM,WA,ANM,WE,Federal Contract Tower,6,10,14,1,31,0,5,30,1,36,6,15,44,2,67,50,0,50,117
10/19/2021,YKM,WA,ANM,WE,Federal Contract Tower,2,5,13,0,20,0,0,43,0,43,2,5,56,0,63,88,0,88,151
10/20/2021,YKM,WA,ANM,WE,Federal Contract Tower,4,4,5,0,13,0,0,25,0,25,4,4,30,0,38,32,0,32,70
10/21/2021,YKM,WA,ANM,WE,Federal Contract Tower,2,7,7,0,16,0,0,46,0,46,2,7,53,0,62,48,0,48,110
10/22/2021,YKM,WA,ANM,WE,Federal Contract Tower,2,5,11,0,18,0,0,27,0,27,2,5,38,0,45,28,0,28,73
10/23/2021,YKM,WA,ANM,WE,Federal Contract Tower,2,9,11,0,22,0,0,25,0,25,2,9,36,0,47,68,0,68,115
10/24/2021,YKM,WA,ANM,WE,Federal Contract Tower,6,2,13,0,21,0,0,5,0,5,6,2,18,0,26,12,0,12,38
10/25/2021,YKM,WA,ANM,WE,Federal Contract Tower,4,7,1,1,13,0,2,17,0,19,4,9,18,1,32,32,4,36,68
10/26/2021,YKM,WA,ANM,WE,Federal Contract Tower,6,10,16,2,34,0,2,19,0,21,6,12,35,2,55,56,0,56,111
10/27/2021,YKM,WA,ANM,WE,Federal Contract Tower,2,8,10,11,31,0,2,33,3,38,2,10,43,14,69,30,2,32,101
10/28/2021,YKM,WA,ANM,WE,Federal Contract Tower,2,10,10,3,25,0,1,30,0,31,2,11,40,3,56,100,0,100,156
10/29/2021,YKM,WA,ANM,WE,Federal Contract Tower,2,13,19,0,34,0,2,29,0,31,2,15,48,0,65,40,0,40,105
10/30/2021,YKM,WA,ANM,WE,Federal Contract Tower,2,7,21,0,30,0,2,42,0,44,2,9,63,0,74,22,0,22,96
10/31/2021,YKM,WA,ANM,WE,Federal Contract Tower,2,0,19,0,21,0,2,37,0,39,2,2,56,0,60,26,0,26,86
11/01/2021,YKM,WA,ANM,WE,Federal Contract Tower,2,8,17,0,27,0,1,21,0,22,2,9,38,0,49,88,0,88,137
11/02/2021,YKM,WA,ANM,WE,Federal Contract Tower,4,11,8,5,28,0,0,32,1,33,4,11,40,6,61,40,0,40,101
11/03/2021,YKM,WA,ANM,WE,Federal Contract Tower,2,7,18,0,27,0,0,14,0,14,2,7,32,0,41,66,0,66,107
11/04/2021,YKM,WA,ANM,WE,Federal Contract Tower,2,7,10,2,21,0,0,13,1,14,2,7,23,3,35,6,0,6,41
11/05/2021,YKM,WA,ANM,WE,Federal Contract Tower,2,6,20,1,29,0,0,19,1,20,2,6,39,2,49,40,4,44,93
11/06/2021,YKM,WA,ANM,WE,Federal Contract Tower,2,11,11,0,24,0,1,29,0,30,2,12,40,0,54,0,0,0,54
11/07/2021,YKM,WA,ANM,WE,Federal Contract Tower,2,5,13,1,21,0,0,17,1,18,2,5,30,2,39,0,0,0,39
11/08/2021,YKM,WA,ANM,WE,Federal Contract Tower,2,6,10,0,18,0,0,31,0,31,2,6,41,0,49,64,0,64,113
11/09/2021,YKM,WA,ANM,WE,Federal Contract Tower,4,4,10,4,22,0,0,21,1,22,4,4,31,5,44,42,8,50,94
11/10/2021,YKM,WA,ANM,WE,Federal Contract Tower,2,5,9,2,18,0,0,41,2,43,2,5,50,4,61,52,0,52,113
11/11/2021,YKM,WA,ANM,WE,Federal Contract Tower,2,9,12,0,23,0,0,3,0,3,2,9,15,0,26,16,0,16,42
11/12/2021,YKM,WA,ANM,WE,Federal Contract Tower,2,7,17,0,26,0,0,11,0,11,2,7,28,0,37,6,0,6,43
11/13/2021,YKM,WA,ANM,WE,Federal Contract Tower,6,7,20,0,33,0,0,41,2,43,6,7,61,2,76,40,10,50,126
11/14/2021,YKM,WA,ANM,WE,Federal Contract Tower,2,2,17,0,21,0,0,5,0,5,2,2,22,0,26,10,0,10,36
11/15/2021,YKM,WA,ANM,WE,Federal Contract Tower,9,2,16,0,27,0,0,8,0,8,9,2,24,0,35,2,0,2,37
11/16/2021,YKM,WA,ANM,WE,Federal Contract Tower,3,6,16,1,26,0,0,38,1,39,3,6,54,2,65,54,0,54,119
11/17/2021,YKM,WA,ANM,WE,Federal Contract Tower,2,7,17,1,27,0,0,38,1,39,2,7,55,2,66,26,10,36,102
11/18/2021,YKM,WA,ANM,WE,Federal Contract Tower,4,7,21,0,32,0,1,30,0,31,4,8,51,0,63,56,0,56,119
11/19/2021,YKM,WA,ANM,WE,Federal Contract Tower,5,6,23,2,36,0,1,20,0,21,5,7,43,2,57,58,0,58,115
11/20/2021,YKM,WA,ANM,WE,Federal Contract Tower,2,10,10,0,22,0,3,18,0,21,2,13,28,0,43,30,0,30,73
11/21/2021,YKM,WA,ANM,WE,Federal Contract Tower,2,1,6,0,9,0,0,0,0,0,2,1,6,0,9,0,0,0,9
11/22/2021,YKM,WA,ANM,WE,Federal Contract Tower,2,5,16,2,25,0,0,0,0,0,2,5,16,2,25,0,0,0,25
11/23/2021,YKM,WA,ANM,WE,Federal Contract Tower,4,9,14,8,35,0,0,14,3,17,4,9,28,11,52,4,8,12,64
11/24/2021,YKM,WA,ANM,WE,Federal Contract Tower,2,8,19,0,29,0,0,52,0,52,2,8,71,0,81,30,0,30,111
11/25/2021,YKM,WA,ANM,WE,Federal Contract Tower,0,4,1,0,5,0,0,8,0,8,0,4,9,0,13,2,0,2,15
11/26/2021,YKM,WA,ANM,WE,Federal Contract Tower,2,9,7,1,19,0,0,33,1,34,2,9,40,2,53,12,0,12,65
11/27/2021,YKM,WA,ANM,WE,Federal Contract Tower,2,9,5,0,16,0,0,22,0,22,2,9,27,0,38,28,0,28,66
11/28/2021,YKM,WA,ANM,WE,Federal Contract Tower,2,3,23,0,28,0,0,18,2,20,2,3,41,2,48,12,8,20,68
11/29/2021,YKM,WA,ANM,WE,Federal Contract Tower,2,13,18,3,36,0,3,27,4,34,2,16,45,7,70,28,2,30,100
11/30/2021,YKM,WA,ANM,WE,Federal Contract Tower,4,8,14,1,27,0,0,25,1,26,4,8,39,2,53,2,0,2,55
12/01/2021,YKM,WA,ANM,WE,Federal Contract Tower,2,6,16,1,25,0,0,38,2,40,2,6,54,3,65,20,0,20,85
12/02/2021,YKM,WA,ANM,WE,Federal Contract Tower,2,10,20,2,34,0,0,43,2,45,2,10,63,4,79,86,0,86,165
12/03/2021,YKM,WA,ANM,WE,Federal Contract Tower,2,6,14,0,22,0,0,40,2,42,2,6,54,2,64,46,2,48,112
12/04/2021,YKM,WA,ANM,WE,Federal Contract Tower,2,10,15,0,27,0,1,19,0,20,2,11,34,0,47,43,0,43,90
12/05/2021,YKM,WA,ANM,WE,Federal Contract Tower,4,0,16,0,20,0,2,25,0,27,4,2,41,0,47,52,0,52,99
12/06/2021,YKM,WA,ANM,WE,Federal Contract Tower,2,8,11,0,21,0,0,24,4,28,2,8,35,4,49,6,16,22,71
12/07/2021,YKM,WA,ANM,WE,Federal Contract Tower,4,7,9,2,22,0,0,15,2,17,4,7,24,4,39,31,0,31,70
12/08/2021,YKM,WA,ANM,WE,Federal Contract Tower,4,12,11,4,31,0,2,9,0,11,4,14,20,4,42,10,0,10,52
12/09/2021,YKM,WA,ANM,WE,Federal Contract Tower,4,5,22,3,34,0,0,43,1,44,4,5,65,4,78,72,0,72,150
12/10/2021,YKM,WA,ANM,WE,Federal Contract Tower,2,9,7,0,18,0,2,33,0,35,2,11,40,0,53,50,0,50,103
12/11/2021,YKM,WA,ANM,WE,Federal Contract Tower,4,6,8,0,18,0,1,4,0,5,4,7,12,0,23,14,0,14,37
12/12/2021,YKM,WA,ANM,WE,Federal Contract Tower,2,3,16,2,23,0,0,15,3,18,2,3,31,5,41,4,4,8,49
12/13/2021,YKM,WA,ANM,WE,Federal Contract Tower,2,6,8,0,16,0,0,4,0,4,2,6,12,0,20,38,0,38,58
12/14/2021,YKM,WA,ANM,WE,Federal Contract Tower,4,4,32,0,40,0,0,41,1,42,4,4,73,1,82,24,0,24,106
12/15/2021,YKM,WA,ANM,WE,Federal Contract Tower,2,10,16,1,29,0,0,15,1,16,2,10,31,2,45,24,0,24,69
12/16/2021,YKM,WA,ANM,WE,Federal Contract Tower,2,6,10,4,22,0,0,29,0,29,2,6,39,4,51,22,0,22,73
12/17/2021,YKM,WA,ANM,WE,Federal Contract Tower,2,5,26,0,33,0,0,23,0,23,2,5,49,0,56,10,0,10,66
12/18/2021,YKM,WA,ANM,WE,Federal Contract Tower,2,10,9,0,21,0,0,9,0,9,2,10,18,0,30,4,0,4,34
12/19/2021,YKM,WA,ANM,WE,Federal Contract Tower,2,3,26,0,31,0,1,3,0,4,2,4,29,0,35,10,0,10,45
12/20/2021,YKM,WA,ANM,WE,Federal Contract Tower,2,8,4,0,14,0,0,0,0,0,2,8,4,0,14,0,0,0,14
12/21/2021,YKM,WA,ANM,WE,Federal Contract Tower,2,10,12,0,24,0,0,0,0,0,2,10,12,0,24,24,0,24,48
12/22/2021,YKM,WA,ANM,WE,Federal Contract Tower,2,8,8,0,18,0,0,0,0,0,2,8,8,0,18,0,0,0,18
12/23/2021,YKM,WA,ANM,WE,Federal Contract Tower,2,8,10,0,20,0,0,23,0,23,2,8,33,0,43,12,0,12,55
12/24/2021,YKM,WA,ANM,WE,Federal Contract Tower,2,8,12,0,22,0,0,7,0,7,2,8,19,0,29,4,0,4,33
12/25/2021,YKM,WA,ANM,WE,Federal Contract Tower,2,5,2,0,9,0,0,2,0,2,2,5,4,0,11,0,0,0,11
12/26/2021,YKM,WA,ANM,WE,Federal Contract Tower,4,8,27,0,39,0,0,9,0,9,4,8,36,0,48,64,0,64,112
12/27/2021,YKM,WA,ANM,WE,Federal Contract Tower,3,9,10,0,22,0,0,15,0,15,3,9,25,0,37,0,0,0,37
12/28/2021,YKM,WA,ANM,WE,Federal Contract Tower,2,13,18,0,33,0,0,2,0,2,2,13,20,0,35,18,0,18,53
12/29/2021,YKM,WA,ANM,WE,Federal Contract Tower,2,6,18,1,27,0,0,28,5,33,2,6,46,6,60,8,0,8,68
12/30/2021,YKM,WA,ANM,WE,Federal Contract Tower,1,10,9,0,20,0,0,7,0,7,1,10,16,0,27,0,0,0,27
12/31/2021,YKM,WA,ANM,WE,Federal Contract Tower,3,10,12,0,25,0,0,17,0,17,3,10,29,0,42,32,0,32,74
01/01/2022,YKM,WA,ANM,WE,Federal Contract Tower,2,5,11,0,18,0,1,13,0,14,2,6,24,0,32,38,0,38,70
01/02/2022,YKM,WA,ANM,WE,Federal Contract Tower,2,2,8,0,12,0,0,11,0,11,2,2,19,0,23,10,0,10,33
01/03/2022,YKM,WA,ANM,WE,Federal Contract Tower,3,9,5,0,17,0,0,0,0,0,3,9,5,0,17,0,0,0,17
01/04/2022,YKM,WA,ANM,WE,Federal Contract Tower,2,11,2,0,15,0,0,6,0,6,2,11,8,0,21,16,0,16,37
01/05/2022,YKM,WA,ANM,WE,Federal Contract Tower,3,7,5,0,15,0,0,0,0,0,3,7,5,0,15,0,0,0,15
01/06/2022,YKM,WA,ANM,WE,Federal Contract Tower,2,6,6,0,14,0,0,0,0,0,2,6,6,0,14,0,0,0,14
01/07/2022,YKM,WA,ANM,WE,Federal Contract Tower,2,11,11,0,24,0,0,6,0,6,2,11,17,0,30,2,0,2,32
01/08/2022,YKM,WA,ANM,WE,Federal Contract Tower,3,14,17,0,34,0,2,45,0,47,3,16,62,0,81,26,0,26,107
01/09/2022,YKM,WA,ANM,WE,Federal Contract Tower,3,3,13,0,19,0,3,39,0,42,3,6,52,0,61,20,0,20,81
01/10/2022,YKM,WA,ANM,WE,Federal Contract Tower,3,10,15,0,28,0,0,17,0,17,3,10,32,0,45,26,0,26,71
01/11/2022,YKM,WA,ANM,WE,Federal Contract Tower,5,9,10,2,26,0,0,21,0,21,5,9,31,2,47,18,2,20,67
01/12/2022,YKM,WA,ANM,WE,Federal Contract Tower,2,4,11,4,21,0,0,21,2,23,2,4,32,6,44,16,14,30,74
01/13/2022,YKM,WA,ANM,WE,Federal Contract Tower,3,4,11,0,18,0,0,7,2,9,3,4,18,2,27,10,0,10,37
01/14/2022,YKM,WA,ANM,WE,Federal Contract Tower,1,2,1,0,4,0,0,0,0,0,1,2,1,0,4,0,0,0,4
01/15/2022,YKM,WA,ANM,WE,Federal Contract Tower,2,5,3,0,10,0,0,0,0,0,2,5,3,0,10,0,0,0,10
01/16/2022,YKM,WA,ANM,WE,Federal Contract Tower,3,4,3,0,10,0,0,0,0,0,3,4,3,0,10,0,0,0,10
01/17/2022,YKM,WA,ANM,WE,Federal Contract Tower,3,10,7,0,20,0,0,0,0,0,3,10,7,0,20,0,0,0,20
01/18/2022,YKM,WA,ANM,WE,Federal Contract Tower,5,7,7,0,19,0,0,0,0,0,5,7,7,0,19,0,0,0,19
01/19/2022,YKM,WA,ANM,WE,Federal Contract Tower,2,5,15,0,22,0,0,12,0,12,2,5,27,0,34,42,0,42,76
01/20/2022,YKM,WA,ANM,WE,Federal Contract Tower,2,8,12,1,23,0,0,18,1,19,2,8,30,2,42,40,0,40,82
01/21/2022,YKM,WA,ANM,WE,Federal Contract Tower,3,8,13,1,25,0,0,36,3,39,3,8,49,4,64,48,0,48,112
01/22/2022,YKM,WA,ANM,WE,Federal Contract Tower,4,7,15,0,26,0,0,56,2,58,4,7,71,2,84,34,0,34,118
01/23/2022,YKM,WA,ANM,WE,Federal Contract Tower,1,7,8,0,16,0,0,0,0,0,1,7,8,0,16,0,0,0,16
01/24/2022,YKM,WA,ANM,WE,Federal Contract Tower,2,10,7,0,19,0,0,0,0,0,2,10,7,0,19,0,0,0,19
01/25/2022,YKM,WA,ANM,WE,Federal Contract Tower,5,11,7,0,23,0,0,0,0,0,5,11,7,0,23,0,0,0,23
01/26/2022,YKM,WA,ANM,WE,Federal Contract Tower,3,10,10,0,23,0,0,0,0,0,3,10,10,0,23,28,0,28,51
01/27/2022,YKM,WA,ANM,WE,Federal Contract Tower,3,11,15,1,30,0,0,2,0,2,3,11,17,1,32,48,0,48,80
01/28/2022,YKM,WA,ANM,WE,Federal Contract Tower,3,4,10,0,17,0,0,3,0,3,3,4,13,0,20,34,0,34,54
01/29/2022,YKM,WA,ANM,WE,Federal Contract Tower,3,18,14,0,35,0,0,0,0,0,3,18,14,0,35,12,0,12,47
01/30/2022,YKM,WA,ANM,WE,Federal Contract Tower,3,1,9,0,13,0,0,1,0,1,3,1,10,0,14,30,0,30,44
01/31/2022,YKM,WA,ANM,WE,Federal Contract Tower,3,7,13,0,23,0,0,47,0,47,3,7,60,0,70,28,0,28,98
02/01/2022,YKM,WA,ANM,WE,Federal Contract Tower,5,4,15,1,25,0,0,41,1,42,5,4,56,2,67,26,0,26,93
02/02/2022,YKM,WA,ANM,WE,Federal Contract Tower,2,9,10,2,23,0,1,34,0,35,2,10,44,2,58,20,0,20,78
02/03/2022,YKM,WA,ANM,WE,Federal Contract Tower,3,6,16,1,26,0,0,48,1,49,3,6,64,2,75,60,16,76,151
02/04/2022,YKM,WA,ANM,WE,Federal Contract Tower,2,6,12,3,23,0,2,35,1,38,2,8,47,4,61,60,0,60,121
02/05/2022,YKM,WA,ANM,WE,Federal Contract Tower,3,7,28,1,39,0,1,63,1,65,3,8,91,2,104,24,0,24,128
02/06/2022,YKM,WA,ANM,WE,Federal Contract Tower,3,2,14,2,21,0,1,33,0,34,3,3,47,2,55,8,0,8,63
02/07/2022,YKM,WA,ANM,WE,Federal Contract Tower,2,6,15,3,26,0,1,22,2,25,2,7,37,5,51,2,0,2,53
02/08/2022,YKM,WA,ANM,WE,Federal Contract Tower,5,5,22,0,32,0,0,59,0,59,5,5,81,0,91,18,0,18,109
02/09/2022,YKM,WA,ANM,WE,Federal Contract Tower,4,6,29,0,39,0,0,38,0,38,4,6,67,0,77,28,0,28,105
02/10/2022,YKM,WA,ANM,WE,Federal Contract Tower,6,4,17,0,27,0,0,52,4,56,6,4,69,4,83,78,12,90,173
02/11/2022,YKM,WA,ANM,WE,Federal Contract Tower,4,3,30,0,37,0,0,49,0,49,4,3,79,0,86,44,0,44,130
02/12/2022,YKM,WA,ANM,WE,Federal Contract Tower,3,5,12,0,20,0,1,60,0,61,3,6,72,0,81,56,0,56,137
02/13/2022,YKM,WA,ANM,WE,Federal Contract Tower,7,1,5,0,13,0,0,30,0,30,7,1,35,0,43,36,0,36,79
02/14/2022,YKM,WA,ANM,WE,Federal Contract Tower,2,6,19,0,27,0,0,26,4,30,2,6,45,4,57,28,12,40,97
02/15/2022,YKM,WA,ANM,WE,Federal Contract Tower,7,2,9,0,18,0,0,52,0,52,7,2,61,0,70,90,0,90,160
02/16/2022,YKM,WA,ANM,WE,Federal Contract Tower,2,5,28,2,37,0,0,50,7,57,2,5,78,9,94,82,6,88,182
02/17/2022,YKM,WA,ANM,WE,Federal Contract Tower,2,5,5,0,12,0,0,57,2,59,2,5,62,2,71,90,6,96,167
02/18/2022,YKM,WA,ANM,WE,Federal Contract Tower,3,5,16,0,24,0,0,70,0,70,3,5,86,0,94,108,0,108,202
02/19/2022,YKM,WA,ANM,WE,Federal Contract Tower,3,7,21,1,32,0,2,31,1,34,3,9,52,2,66,60,2,62,128
02/20/2022,YKM,WA,ANM,WE,Federal Contract Tower,3,2,15,0,20,0,2,22,0,24,3,4,37,0,44,22,0,22,66
02/21/2022,YKM,WA,ANM,WE,Federal Contract Tower,2,6,12,0,20,0,0,10,0,10,2,6,22,0,30,28,0,28,58
02/22/2022,YKM,WA,ANM,WE,Federal Contract Tower,5,6,14,0,25,0,0,34,2,36,5,6,48,2,61,64,8,72,133
02/23/2022,YKM,WA,ANM,WE,Federal Contract Tower,2,7,13,1,23,0,2,70,3,75,2,9,83,4,98,44,10,54,152
02/24/2022,YKM,WA,ANM,WE,Federal Contract Tower,3,5,15,1,24,0,0,33,1,34,3,5,48,2,58,72,0,72,130
02/25/2022,YKM,WA,ANM,WE,Federal Contract Tower,3,7,21,0,31,0,1,44,0,45,3,8,65,0,76,48,0,48,124
02/26/2022,YKM,WA,ANM,WE,Federal Contract Tower,2,7,26,4,39,0,0,34,0,34,2,7,60,4,73,36,0,36,109
02/27/2022,YKM,WA,ANM,WE,Federal Contract Tower,3,8,14,0,25,0,1,9,0,10,3,9,23,0,35,0,0,0,35
02/28/2022,YKM,WA,ANM,WE,Federal Contract Tower,9,14,18,0,41,0,0,5,0,5,9,14,23,0,46,2,0,2,48
03/01/2022,YKM,WA,ANM,WE,Federal Contract Tower,5,8,28,2,43,0,0,21,0,21,5,8,49,2,64,12,2,14,78
03/02/2022,YKM,WA,ANM,WE,Federal Contract Tower,3,5,21,8,37,0,0,36,0,36,3,5,57,8,73,66,8,74,147
03/03/2022,YKM,WA,ANM,WE,Federal Contract Tower,2,7,23,4,36,0,0,44,2,46,2,7,67,6,82,102,0,102,184
03/04/2022,YKM,WA,ANM,WE,Federal Contract Tower,3,6,24,0,33,0,0,47,0,47,3,6,71,0,80,94,0,94,174
03/05/2022,YKM,WA,ANM,WE,Federal Contract Tower,3,6,23,3,35,0,2,50,1,53,3,8,73,4,88,48,6,54,142
03/06/2022,YKM,WA,ANM,WE,Federal Contract Tower,5,4,28,0,37,0,0,50,0,50,5,4,78,0,87,18,0,18,105
03/07/2022,YKM,WA,ANM,WE,Federal Contract Tower,5,8,15,0,28,0,2,19,0,21,5,10,34,0,49,20,8,28,77
03/08/2022,YKM,WA,ANM,WE,Federal Contract Tower,4,7,8,0,19,0,0,13,0,13,4,7,21,0,32,78,0,78,110
03/09/2022,YKM,WA,ANM,WE,Federal Contract Tower,5,5,36,0,46,0,0,28,0,28,5,5,64,0,74,32,0,32,106
03/10/2022,YKM,WA,ANM,WE,Federal Contract Tower,3,4,10,0,17,0,0,54,4,58,3,4,64,4,75,78,14,92,167
03/11/2022,YKM,WA,ANM,WE,Federal Contract Tower,2,4,11,0,17,0,1,55,0,56,2,5,66,0,73,196,0,196,269
03/12/2022,YKM,WA,ANM,WE,Federal Contract Tower,2,6,21,0,29,0,0,42,0,42,2,6,63,0,71,52,0,52,123
03/13/2022,YKM,WA,ANM,WE,Federal Contract Tower,3,3,13,0,19,0,0,7,0,7,3,3,20,0,26,4,0,4,30
03/14/2022,YKM,WA,ANM,WE,Federal Contract Tower,3,7,3,0,13,0,0,8,0,8,3,7,11,0,21,22,0,22,43
03/15/2022,YKM,WA,ANM,WE,Federal Contract Tower,5,6,13,7,31,0,7,16,4,27,5,13,29,11,58,40,6,46,104
03/16/2022,YKM,WA,ANM,WE,Federal Contract Tower,2,5,25,0,32,0,1,56,0,57,2,6,81,0,89,74,0,74,163
03/17/2022,YKM,WA,ANM,WE,Federal Contract Tower,3,8,32,6,49,0,2,42,3,47,3,10,74,9,96,44,24,68,164
03/18/2022,YKM,WA,ANM,WE,Federal Contract Tower,3,7,19,0,29,0,0,56,0,56,3,7,75,0,85,56,0,56,141
03/19/2022,YKM,WA,ANM,WE,Federal Contract Tower,2,6,4,0,12,0,0,29,0,29,2,6,33,0,41,14,0,14,55
03/20/2022,YKM,WA,ANM,WE,Federal Contract Tower,2,5,13,0,20,0,0,39,0,39,2,5,52,0,59,4,0,4,63
03/21/2022,YKM,WA,ANM,WE,Federal Contract Tower,2,7,13,3,25,0,0,33,3,36,2,7,46,6,61,32,42,74,135
03/22/2022,YKM,WA,ANM,WE,Federal Contract Tower,3,7,13,0,23,0,1,68,0,69,3,8,81,0,92,94,0,94,186
03/23/2022,YKM,WA,ANM,WE,Federal Contract Tower,3,8,16,7,34,0,1,29,1,31,3,9,45,8,65,22,16,38,103
03/24/2022,YKM,WA,ANM,WE,Federal Contract Tower,5,5,22,4,36,0,0,54,2,56,5,5,76,6,92,76,0,76,168
03/25/2022,YKM,WA,ANM,WE,Federal Contract Tower,5,2,24,0,31,0,0,39,0,39,5,2,63,0,70,78,0,78,148
03/26/2022,YKM,WA,ANM,WE,Federal Contract Tower,2,6,11,0,19,0,1,35,0,36,2,7,46,0,55,50,0,50,105
03/27/2022,YKM,WA,ANM,WE,Federal Contract Tower,2,4,11,0,17,0,0,16,0,16,2,4,27,0,33,18,0,18,51
03/28/2022,YKM,WA,ANM,WE,Federal Contract Tower,3,11,7,0,21,0,0,24,2,26,3,11,31,2,47,34,0,34,81
03/29/2022,YKM,WA,ANM,WE,Federal Contract Tower,7,8,19,2,36,0,1,34,0,35,7,9,53,2,71,36,0,36,107
03/30/2022,YKM,WA,ANM,WE,Federal Contract Tower,4,3,19,0,26,0,0,21,0,21,4,3,40,0,47,54,0,54,101
03/31/2022,YKM,WA,ANM,WE,Federal Contract Tower,4,4,9,0,17,0,0,54,0,54,4,4,63,0,71,26,0,26,97
04/01/2022,YKM,WA,ANM,WE,Federal Contract Tower,2,6,10,3,21,0,0,66,1,67,2,6,76,4,88,72,0,72,160
04/02/2022,YKM,WA,ANM,WE,Federal Contract Tower,3,6,18,0,27,0,2,37,0,39,3,8,55,0,66,38,0,38,104
04/03/2022,YKM,WA,ANM,WE,Federal Contract Tower,3,5,10,0,18,0,0,31,2,33,3,5,41,2,51,36,0,36,87
04/04/2022,YKM,WA,ANM,WE,Federal Contract Tower,3,4,4,0,11,0,0,3,0,3,3,4,7,0,14,0,0,0,14
04/05/2022,YKM,WA,ANM,WE,Federal Contract Tower,5,6,4,0,15,0,0,1,0,1,5,6,5,0,16,0,0,0,16
04/06/2022,YKM,WA,ANM,WE,Federal Contract Tower,2,9,10,1,22,0,1,52,1,54,2,10,62,2,76,82,0,82,158
04/07/2022,YKM,WA,ANM,WE,Federal Contract Tower,3,6,13,4,26,0,0,59,0,59,3,6,72,4,85,100,2,102,187
04/08/2022,YKM,WA,ANM,WE,Federal Contract Tower,5,8,5,0,18,0,0,11,0,11,5,8,16,0,29,4,0,4,33
04/09/2022,YKM,WA,ANM,WE,Federal Contract Tower,2,7,21,0,30,0,1,20,0,21,2,8,41,0,51,4,0,4,55
04/10/2022,YKM,WA,ANM,WE,Federal Contract Tower,2,5,9,0,16,0,0,0,0,0,2,5,9,0,16,24,0,24,40
04/11/2022,YKM,WA,ANM,WE,Federal Contract Tower,4,11,7,0,22,0,0,0,0,0,4,11,7,0,22,0,0,0,22
04/12/2022,YKM,WA,ANM,WE,Federal Contract Tower,3,10,14,0,27,0,0,1,0,1,3,10,15,0,28,10,0,10,38
04/13/2022,YKM,WA,ANM,WE,Federal Contract Tower,2,6,6,0,14,0,0,1,0,1,2,6,7,0,15,0,0,0,15
04/14/2022,YKM,WA,ANM,WE,Federal Contract Tower,3,4,12,0,19,0,0,26,0,26,3,4,38,0,45,76,0,76,121
04/15/2022,YKM,WA,ANM,WE,Federal Contract Tower,3,8,15,4,30,0,2,44,0,46,3,10,59,4,76,72,0,72,148
04/16/2022,YKM,WA,ANM,WE,Federal Contract Tower,2,10,12,0,24,0,0,8,0,8,2,10,20,0,32,22,0,22,54
04/17/2022,YKM,WA,ANM,WE,Federal Contract Tower,2,1,5,0,8,0,3,30,0,33,2,4,35,0,41,22,0,22,63
04/18/2022,YKM,WA,ANM,WE,Federal Contract Tower,2,5,17,0,24,0,1,19,0,20,2,6,36,0,44,8,0,8,52
04/19/2022,YKM,WA,ANM,WE,Federal Contract Tower,4,5,20,4,33,0,0,37,2,39,4,5,57,6,72,36,0,36,108
04/20/2022,YKM,WA,ANM,WE,Federal Contract Tower,3,7,11,2,23,0,0,41,0,41,3,7,52,2,64,64,0,64,128
04/21/2022,YKM,WA,ANM,WE,Federal Contract Tower,3,9,19,0,31,0,0,38,0,38,3,9,57,0,69,50,0,50,119
04/22/2022,YKM,WA,ANM,WE,Federal Contract Tower,3,8,13,0,24,0,0,50,0,50,3,8,63,0,74,110,0,110,184
04/23/2022,YKM,WA,ANM,WE,Federal Contract Tower,3,8,15,0,26,0,0,57,0,57,3,8,72,0,83,90,0,90,173
04/24/2022,YKM,WA,ANM,WE,Federal Contract Tower,3,3,21,0,27,0,0,59,2,61,3,3,80,2,88,30,0,30,118
04/25/2022,YKM,WA,ANM,WE,Federal Contract Tower,2,7,27,0,36,0,0,41,0,41,2,7,68,0,77,106,0,106,183
04/26/2022,YKM,WA,ANM,WE,Federal Contract Tower,5,8,17,0,30,0,0,24,1,25,5,8,41,1,55,36,10,46,101
04/27/2022,YKM,WA,ANM,WE,Federal Contract Tower,2,6,17,0,25,0,0,52,0,52,2,6,69,0,77,60,0,60,137
04/28/2022,YKM,WA,ANM,WE,Federal Contract Tower,3,11,15,6,35,0,0,29,4,33,3,11,44,10,68,86,0,86,154
04/29/2022,YKM,WA,ANM,WE,Federal Contract Tower,3,4,19,0,26,0,0,58,0,58,3,4,77,0,84,106,0,106,190
04/30/2022,YKM,WA,ANM,WE,Federal Contract Tower,2,7,14,0,23,0,0,24,0,24,2,7,38,0,47,76,0,76,123
05/01/2022,YKM,WA,ANM,WE,Federal Contract Tower,3,5,8,0,16,0,0,51,0,51,3,5,59,0,67,38,0,38,105
05/02/2022,YKM,WA,ANM,WE,Federal Contract Tower,2,7,11,0,20,0,0,8,0,8,2,7,19,0,28,0,0,0,28
05/03/2022,YKM,WA,ANM,WE,Federal Contract Tower,6,3,20,5,34,0,0,39,1,40,6,3,59,6,74,80,0,80,154
05/04/2022,YKM,WA,ANM,WE,Federal Contract Tower,2,4,19,1,26,0,0,73,3,76,2,4,92,4,102,66,0,66,168
05/05/2022,YKM,WA,ANM,WE,Federal Contract Tower,3,9,14,2,28,0,1,22,2,25,3,10,36,4,53,70,6,76,129
05/06/2022,YKM,WA,ANM,WE,Federal Contract Tower,2,5,11,3,21,0,2,21,3,26,2,7,32,6,47,54,0,54,101
05/07/2022,YKM,WA,ANM,WE,Federal Contract Tower,3,9,10,0,22,0,1,9,0,10,3,10,19,0,32,36,0,36,68
05/08/2022,YKM,WA,ANM,WE,Federal Contract Tower,2,10,11,0,23,0,2,21,0,23,2,12,32,0,46,4,0,4,50
05/09/2022,YKM,WA,ANM,WE,Federal Contract Tower,3,6,15,1,25,0,0,29,1,30,3,6,44,2,55,38,18,56,111
05/10/2022,YKM,WA,ANM,WE,Federal Contract Tower,5,4,26,0,35,0,0,52,2,54,5,4,78,2,89,68,2,70,159
05/11/2022,YKM,WA,ANM,WE,Federal Contract Tower,2,4,20,0,26,0,0,59,2,61,2,4,79,2,87,46,6,52,139
05/12/2022,YKM,WA,ANM,WE,Federal Contract Tower,3,8,14,0,25,0,1,23,2,26,3,9,37,2,51,10,8,18,69
05/13/2022,YKM,WA,ANM,WE,Federal Contract Tower,2,5,19,10,36,0,0,53,5,58,2,5,72,15,94,30,10,40,134
05/14/2022,YKM,WA,ANM,WE,Federal Contract Tower,3,13,7,0,23,0,0,23,0,23,3,13,30,0,46,52,0,52,98
05/15/2022,YKM,WA,ANM,WE,Federal Contract Tower,3,2,15,0,20,0,0,27,0,27,3,2,42,0,47,10,0,10,57
05/16/2022,YKM,WA,ANM,WE,Federal Contract Tower,4,8,14,0,26,0,0,37,0,37,4,8,51,0,63,54,0,54,117
05/17/2022,YKM,WA,ANM,WE,Federal Contract Tower,3,9,23,3,38,0,0,59,3,62,3,9,82,6,100,58,0,58,158
05/18/2022,YKM,WA,ANM,WE,Federal Contract Tower,2,6,21,0,29,0,0,6,0,6,2,6,27,0,35,60,0,60,95
05/19/2022,YKM,WA,ANM,WE,Federal Contract Tower,3,5,14,0,22,0,1,14,0,15,3,6,28,0,37,42,0,42,79
05/20/2022,YKM,WA,ANM,WE,Federal Contract Tower,0,0,1,0,1,0,0,0,0,0,0,0,1,0,1,0,0,0,1
05/21/2022,YKM,WA,ANM,WE,Federal Contract Tower,0,0,0,0,0,0,0,0,0,0,0,0,0,0,0,0,0,0,0
05/22/2022,YKM,WA,ANM,WE,Federal Contract Tower,0,0,0,0,0,0,0,0,0,0,0,0,0,0,0,0,0,0,0
05/23/2022,YKM,WA,ANM,WE,Federal Contract Tower,0,0,0,0,0,0,0,0,0,0,0,0,0,0,0,0,0,0,0
05/24/2022,YKM,WA,ANM,WE,Federal Contract Tower,0,5,1,1,7,0,0,7,1,8,0,5,8,2,15,10,0,10,25
05/25/2022,YKM,WA,ANM,WE,Federal Contract Tower,2,10,13,0,25,0,0,24,0,24,2,10,37,0,49,38,6,44,93
05/26/2022,YKM,WA,ANM,WE,Federal Contract Tower,3,3,8,2,16,0,3,26,3,32,3,6,34,5,48,30,2,32,80
05/27/2022,YKM,WA,ANM,WE,Federal Contract Tower,2,7,17,0,26,0,0,29,0,29,2,7,46,0,55,38,0,38,93
05/28/2022,YKM,WA,ANM,WE,Federal Contract Tower,2,8,6,0,16,0,0,43,0,43,2,8,49,0,59,20,0,20,79
05/29/2022,YKM,WA,ANM,WE,Federal Contract Tower,2,3,3,0,8,0,5,10,0,15,2,8,13,0,23,0,0,0,23
05/30/2022,YKM,WA,ANM,WE,Federal Contract Tower,2,1,13,0,16,0,1,39,0,40,2,2,52,0,56,10,0,10,66
05/31/2022,YKM,WA,ANM,WE,Federal Contract Tower,4,8,15,0,27,0,1,41,0,42,4,9,56,0,69,40,0,40,109
06/01/2022,YKM,WA,ANM,WE,Federal Contract Tower,3,8,10,0,21,0,0,44,0,44,3,8,54,0,65,34,0,34,99
06/02/2022,YKM,WA,ANM,WE,Federal Contract Tower,2,5,20,0,27,0,0,32,7,39,2,5,52,7,66,48,0,48,114
06/03/2022,YKM,WA,ANM,WE,Federal Contract Tower,3,8,7,0,18,0,0,21,0,21,3,8,28,0,39,16,0,16,55
06/04/2022,YKM,WA,ANM,WE,Federal Contract Tower,3,6,23,0,32,0,0,41,0,41,3,6,64,0,73,44,0,44,117
06/05/2022,YKM,WA,ANM,WE,Federal Contract Tower,3,6,5,0,14,0,0,7,0,7,3,6,12,0,21,0,0,0,21
06/06/2022,YKM,WA,ANM,WE,Federal Contract Tower,3,7,7,0,17,0,1,26,0,27,3,8,33,0,44,36,0,36,80
06/07/2022,YKM,WA,ANM,WE,Federal Contract Tower,5,4,12,1,22,0,0,49,1,50,5,4,61,2,72,90,0,90,162
06/08/2022,YKM,WA,ANM,WE,Federal Contract Tower,2,7,18,2,29,0,0,54,0,54,2,7,72,2,83,56,0,56,139
06/09/2022,YKM,WA,ANM,WE,Federal Contract Tower,3,7,10,1,21,0,0,47,2,49,3,7,57,3,70,16,0,16,86
06/10/2022,YKM,WA,ANM,WE,Federal Contract Tower,3,8,23,0,34,0,1,38,0,39,3,9,61,0,73,34,0,34,107
06/11/2022,YKM,WA,ANM,WE,Federal Contract Tower,3,5,22,0,30,0,0,27,0,27,3,5,49,0,57,26,0,26,83
06/12/2022,YKM,WA,ANM,WE,Federal Contract Tower,3,2,15,0,20,0,0,9,0,9,3,2,24,0,29,19,0,19,48
06/13/2022,YKM,WA,ANM,WE,Federal Contract Tower,3,7,7,0,17,0,1,8,0,9,3,8,15,0,26,0,0,0,26
06/14/2022,YKM,WA,ANM,WE,Federal Contract Tower,5,5,11,0,21,0,3,32,2,37,5,8,43,2,58,24,6,30,88
06/15/2022,YKM,WA,ANM,WE,Federal Contract Tower,3,7,17,2,29,0,0,54,2,56,3,7,71,4,85,74,0,74,159
06/16/2022,YKM,WA,ANM,WE,Federal Contract Tower,2,6,27,1,36,0,0,42,1,43,2,6,69,2,79,50,4,54,133
06/17/2022,YKM,WA,ANM,WE,Federal Contract Tower,4,8,25,2,39,2,0,38,0,40,6,8,63,2,79,52,0,52,131
06/18/2022,YKM,WA,ANM,WE,Federal Contract Tower,2,3,7,0,12,0,4,44,0,48,2,7,51,0,60,90,0,90,150
06/19/2022,YKM,WA,ANM,WE,Federal Contract Tower,2,4,15,0,21,0,0,12,0,12,2,4,27,0,33,12,0,12,45
06/20/2022,YKM,WA,ANM,WE,Federal Contract Tower,2,8,11,0,21,0,0,37,0,37,2,8,48,0,58,56,0,56,114
06/21/2022,YKM,WA,ANM,WE,Federal Contract Tower,4,5,14,0,23,0,0,51,0,51,4,5,65,0,74,78,0,78,152
06/22/2022,YKM,WA,ANM,WE,Federal Contract Tower,2,7,10,0,19,0,0,40,0,40,2,7,50,0,59,52,0,52,111
06/23/2022,YKM,WA,ANM,WE,Federal Contract Tower,4,4,19,0,27,0,0,42,0,42,4,4,61,0,69,50,0,50,119
06/24/2022,YKM,WA,ANM,WE,Federal Contract Tower,4,2,15,0,21,0,0,0,0,0,4,2,15,0,21,76,0,76,97
06/25/2022,YKM,WA,ANM,WE,Federal Contract Tower,2,6,14,0,22,0,1,44,0,45,2,7,58,0,67,44,0,44,111
06/26/2022,YKM,WA,ANM,WE,Federal Contract Tower,2,2,21,0,25,0,0,35,0,35,2,2,56,0,60,6,0,6,66
06/27/2022,YKM,WA,ANM,WE,Federal Contract Tower,2,9,20,0,31,0,3,30,0,33,2,12,50,0,64,24,0,24,88
06/28/2022,YKM,WA,ANM,WE,Federal Contract Tower,6,3,31,0,40,0,0,32,2,34,6,3,63,2,74,18,8,26,100
06/29/2022,YKM,WA,ANM,WE,Federal Contract Tower,6,6,5,1,18,0,0,50,1,51,6,6,55,2,69,88,0,88,157
06/30/2022,YKM,WA,ANM,WE,Federal Contract Tower,4,3,11,0,18,0,0,59,0,59,4,3,70,0,77,42,0,42,119
07/01/2022,YKM,WA,ANM,WE,Federal Contract Tower,4,3,17,0,24,0,0,57,0,57,4,3,74,0,81,36,0,36,117
07/02/2022,YKM,WA,ANM,WE,Federal Contract Tower,2,3,2,0,7,0,3,29,0,32,2,6,31,0,39,44,0,44,83
07/03/2022,YKM,WA,ANM,WE,Federal Contract Tower,2,2,5,0,9,0,0,8,0,8,2,2,13,0,17,16,0,16,33
07/04/2022,YKM,WA,ANM,WE,Federal Contract Tower,2,0,4,0,6,0,0,19,0,19,2,0,23,0,25,0,0,0,25
07/05/2022,YKM,WA,ANM,WE,Federal Contract Tower,4,6,11,1,22,0,2,45,1,48,4,8,56,2,70,46,0,46,116
07/06/2022,YKM,WA,ANM,WE,Federal Contract Tower,4,9,22,4,39,0,0,47,2,49,4,9,69,6,88,50,0,50,138
07/07/2022,YKM,WA,ANM,WE,Federal Contract Tower,4,2,13,7,26,0,0,58,7,65,4,2,71,14,91,78,0,78,169
07/08/2022,YKM,WA,ANM,WE,Federal Contract Tower,4,5,19,0,28,0,3,50,2,55,4,8,69,2,83,72,0,72,155
07/09/2022,YKM,WA,ANM,WE,Federal Contract Tower,2,2,28,4,36,0,3,38,0,41,2,5,66,4,77,30,0,30,107
07/10/2022,YKM,WA,ANM,WE,Federal Contract Tower,2,2,18,0,22,0,0,35,0,35,2,2,53,0,57,16,0,16,73
07/11/2022,YKM,WA,ANM,WE,Federal Contract Tower,2,5,7,2,16,0,2,61,0,63,2,7,68,2,79,56,0,56,135
07/12/2022,YKM,WA,ANM,WE,Federal Contract Tower,2,6,18,0,26,0,0,41,2,43,2,6,59,2,69,66,0,66,135
07/13/2022,YKM,WA,ANM,WE,Federal Contract Tower,2,5,17,3,27,0,4,43,3,50,2,9,60,6,77,98,0,98,175
07/14/2022,YKM,WA,ANM,WE,Federal Contract Tower,2,6,13,0,21,0,0,64,6,70,2,6,77,6,91,62,0,62,153
07/15/2022,YKM,WA,ANM,WE,Federal Contract Tower,2,4,18,5,29,0,1,68,10,79,2,5,86,15,108,34,18,52,160
07/16/2022,YKM,WA,ANM,WE,Federal Contract Tower,2,3,27,2,34,0,2,61,2,65,2,5,88,4,99,50,14,64,163
07/17/2022,YKM,WA,ANM,WE,Federal Contract Tower,2,2,13,0,17,0,1,45,0,46,2,3,58,0,63,8,0,8,71
07/18/2022,YKM,WA,ANM,WE,Federal Contract Tower,2,7,15,2,26,0,5,41,3,49,2,12,56,5,75,40,0,40,115
07/19/2022,YKM,WA,ANM,WE,Federal Contract Tower,4,6,9,0,19,0,0,42,2,44,4,6,51,2,63,60,2,62,125
07/20/2022,YKM,WA,ANM,WE,Federal Contract Tower,2,6,6,0,14,0,0,46,0,46,2,6,52,0,60,28,0,28,88
07/21/2022,YKM,WA,ANM,WE,Federal Contract Tower,2,5,18,6,31,0,1,57,2,60,2,6,75,8,91,34,12,46,137
07/22/2022,YKM,WA,ANM,WE,Federal Contract Tower,2,5,18,5,30,0,2,53,1,56,2,7,71,6,86,22,2,24,110
07/23/2022,YKM,WA,ANM,WE,Federal Contract Tower,2,5,18,0,25,0,3,36,0,39,2,8,54,0,64,62,0,62,126
07/24/2022,YKM,WA,ANM,WE,Federal Contract Tower,2,3,15,0,20,0,0,33,0,33,2,3,48,0,53,42,0,42,95
07/25/2022,YKM,WA,ANM,WE,Federal Contract Tower,2,8,8,0,18,0,0,46,0,46,2,8,54,0,64,26,0,26,90
07/26/2022,YKM,WA,ANM,WE,Federal Contract Tower,4,8,12,0,24,0,0,35,0,35,4,8,47,0,59,42,0,42,101
07/27/2022,YKM,WA,ANM,WE,Federal Contract Tower,2,6,16,0,24,0,1,40,0,41,2,7,56,0,65,44,0,44,109
07/28/2022,YKM,WA,ANM,WE,Federal Contract Tower,2,4,10,0,16,0,3,24,0,27,2,7,34,0,43,78,0,78,121
07/29/2022,YKM,WA,ANM,WE,Federal Contract Tower,2,4,12,1,19,0,1,37,1,39,2,5,49,2,58,58,0,58,116
07/30/2022,YKM,WA,ANM,WE,Federal Contract Tower,2,4,11,0,17,0,5,37,0,42,2,9,48,0,59,66,8,74,133
07/31/2022,YKM,WA,ANM,WE,Federal Contract Tower,2,3,14,0,19,0,1,36,0,37,2,4,50,0,56,6,0,6,62
08/01/2022,YKM,WA,ANM,WE,Federal Contract Tower,2,5,13,1,21,0,6,36,1,43,2,11,49,2,64,27,0,27,91
08/02/2022,YKM,WA,ANM,WE,Federal Contract Tower,4,4,26,1,35,0,4,48,3,55,4,8,74,4,90,50,0,50,140
08/03/2022,YKM,WA,ANM,WE,Federal Contract Tower,2,8,18,0,28,0,0,48,2,50,2,8,66,2,78,74,0,74,152
08/04/2022,YKM,WA,ANM,WE,Federal Contract Tower,2,4,8,1,15,0,0,62,1,63,2,4,70,2,78,36,0,36,114
08/05/2022,YKM,WA,ANM,WE,Federal Contract Tower,2,5,6,0,13,0,0,66,0,66,2,5,72,0,79,76,0,76,155
08/06/2022,YKM,WA,ANM,WE,Federal Contract Tower,2,4,2,0,8,0,2,36,0,38,2,6,38,0,46,38,0,38,84
08/07/2022,YKM,WA,ANM,WE,Federal Contract Tower,2,1,7,0,10,0,0,43,0,43,2,1,50,0,53,0,0,0,53
08/08/2022,YKM,WA,ANM,WE,Federal Contract Tower,2,10,14,0,26,0,4,52,0,56,2,14,66,0,82,30,0,30,112
08/09/2022,YKM,WA,ANM,WE,Federal Contract Tower,4,6,8,0,18,0,1,50,0,51,4,7,58,0,69,58,0,58,127
08/10/2022,YKM,WA,ANM,WE,Federal Contract Tower,4,5,19,0,28,0,0,52,0,52,4,5,71,0,80,44,0,44,124
08/11/2022,YKM,WA,ANM,WE,Federal Contract Tower,4,2,19,1,26,0,4,81,1,86,4,6,100,2,112,84,0,84,196
08/12/2022,YKM,WA,ANM,WE,Federal Contract Tower,2,10,17,2,31,0,0,46,0,46,2,10,63,2,77,60,0,60,137
08/13/2022,YKM,WA,ANM,WE,Federal Contract Tower,2,7,19,0,28,0,3,61,0,64,2,10,80,0,92,8,0,8,100
08/14/2022,YKM,WA,ANM,WE,Federal Contract Tower,3,3,12,0,18,0,1,38,0,39,3,4,50,0,57,12,0,12,69
08/15/2022,YKM,WA,ANM,WE,Federal Contract Tower,3,5,7,1,16,0,1,45,2,48,3,6,52,3,64,84,0,84,148
08/16/2022,YKM,WA,ANM,WE,Federal Contract Tower,4,4,3,0,11,0,1,71,1,73,4,5,74,1,84,58,2,60,144
08/17/2022,YKM,WA,ANM,WE,Federal Contract Tower,4,4,27,1,36,0,0,53,1,54,4,4,80,2,90,64,0,64,154
08/18/2022,YKM,WA,ANM,WE,Federal Contract Tower,2,7,17,2,28,0,2,29,0,31,2,9,46,2,59,74,0,74,133
08/19/2022,YKM,WA,ANM,WE,Federal Contract Tower,2,8,15,0,25,0,2,54,2,58,2,10,69,2,83,50,0,50,133
08/20/2022,YKM,WA,ANM,WE,Federal Contract Tower,2,3,6,0,11,0,6,33,0,39,2,9,39,0,50,12,0,12,62
08/21/2022,YKM,WA,ANM,WE,Federal Contract Tower,2,2,7,2,13,0,2,27,2,31,2,4,34,4,44,12,0,12,56
08/22/2022,YKM,WA,ANM,WE,Federal Contract Tower,2,5,15,0,22,0,1,48,0,49,2,6,63,0,71,52,0,52,123
08/23/2022,YKM,WA,ANM,WE,Federal Contract Tower,6,4,10,0,20,0,0,83,2,85,6,4,93,2,105,96,0,96,201
08/24/2022,YKM,WA,ANM,WE,Federal Contract Tower,4,2,11,0,17,0,0,63,2,65,4,2,74,2,82,70,6,76,158
08/25/2022,YKM,WA,ANM,WE,Federal Contract Tower,4,5,16,0,25,0,0,54,0,54,4,5,70,0,79,73,0,73,152
08/26/2022,YKM,WA,ANM,WE,Federal Contract Tower,4,7,12,0,23,0,2,58,2,62,4,9,70,2,85,50,4,54,139
08/27/2022,YKM,WA,ANM,WE,Federal Contract Tower,2,2,15,0,19,0,1,37,0,38,2,3,52,0,57,18,0,18,75
08/28/2022,YKM,WA,ANM,WE,Federal Contract Tower,2,1,15,0,18,0,0,44,0,44,2,1,59,0,62,14,0,14,76
08/29/2022,YKM,WA,ANM,WE,Federal Contract Tower,2,6,9,7,24,0,1,41,5,47,2,7,50,12,71,42,0,42,113
08/30/2022,YKM,WA,ANM,WE,Federal Contract Tower,6,4,8,1,19,0,2,46,1,49,6,6,54,2,68,78,4,82,150
08/31/2022,YKM,WA,ANM,WE,Federal Contract Tower,4,2,14,0,20,0,1,47,0,48,4,3,61,0,68,78,0,78,146
09/01/2022,YKM,WA,ANM,WE,Federal Contract Tower,2,6,7,0,15,0,3,42,0,45,2,9,49,0,60,90,0,90,150
09/02/2022,YKM,WA,ANM,WE,Federal Contract Tower,4,4,21,0,29,0,2,51,0,53,4,6,72,0,82,36,0,36,118
09/03/2022,YKM,WA,ANM,WE,Federal Contract Tower,2,6,7,0,15,0,1,38,0,39,2,7,45,0,54,36,0,36,90
09/04/2022,YKM,WA,ANM,WE,Federal Contract Tower,2,3,11,0,16,0,0,35,0,35,2,3,46,0,51,22,18,40,91
09/05/2022,YKM,WA,ANM,WE,Federal Contract Tower,2,1,6,1,10,0,2,35,3,40,2,3,41,4,50,38,0,38,88
09/06/2022,YKM,WA,ANM,WE,Federal Contract Tower,4,8,8,0,20,0,1,35,0,36,4,9,43,0,56,62,0,62,118
09/07/2022,YKM,WA,ANM,WE,Federal Contract Tower,2,4,10,2,18,0,1,49,4,54,2,5,59,6,72,38,0,38,110
09/08/2022,YKM,WA,ANM,WE,Federal Contract Tower,2,8,12,4,26,0,0,77,2,79,2,8,89,6,105,28,0,28,133
09/09/2022,YKM,WA,ANM,WE,Federal Contract Tower,2,11,13,3,29,0,1,42,1,44,2,12,55,4,73,56,0,56,129
09/10/2022,YKM,WA,ANM,WE,Federal Contract Tower,2,6,7,1,16,0,2,51,1,54,2,8,58,2,70,20,0,20,90
09/11/2022,YKM,WA,ANM,WE,Federal Contract Tower,2,0,11,0,13,0,1,42,0,43,2,1,53,0,56,24,0,24,80
09/12/2022,YKM,WA,ANM,WE,Federal Contract Tower,2,10,7,0,19,0,0,8,0,8,2,10,15,0,27,2,0,2,29
09/13/2022,YKM,WA,ANM,WE,Federal Contract Tower,4,15,11,1,31,0,0,16,3,19,4,15,27,4,50,44,18,62,112
09/14/2022,YKM,WA,ANM,WE,Federal Contract Tower,2,6,14,0,22,0,4,28,0,32,2,10,42,0,54,40,0,40,94
09/15/2022,YKM,WA,ANM,WE,Federal Contract Tower,2,8,12,2,24,0,0,36,2,38,2,8,48,4,62,46,0,46,108
09/16/2022,YKM,WA,ANM,WE,Federal Contract Tower,2,6,20,3,31,0,4,36,1,41,2,10,56,4,72,58,0,58,130
09/17/2022,YKM,WA,ANM,WE,Federal Contract Tower,2,10,7,0,19,0,2,50,0,52,2,12,57,0,71,36,0,36,107
09/18/2022,YKM,WA,ANM,WE,Federal Contract Tower,2,4,7,0,13,0,0,43,0,43,2,4,50,0,56,22,0,22,78
09/19/2022,YKM,WA,ANM,WE,Federal Contract Tower,2,7,21,4,34,0,2,39,0,41,2,9,60,4,75,170,0,170,245
09/20/2022,YKM,WA,ANM,WE,Federal Contract Tower,2,7,18,0,27,0,0,31,0,31,2,7,49,0,58,34,16,50,108
09/21/2022,YKM,WA,ANM,WE,Federal Contract Tower,2,8,19,0,29,0,0,49,0,49,2,8,68,0,78,106,0,106,184
09/22/2022,YKM,WA,ANM,WE,Federal Contract Tower,2,4,3,0,9,0,3,36,2,41,2,7,39,2,50,44,8,52,102
09/23/2022,YKM,WA,ANM,WE,Federal Contract Tower,2,4,24,1,31,0,0,66,1,67,2,4,90,2,98,56,0,56,154
09/24/2022,YKM,WA,ANM,WE,Federal Contract Tower,2,5,27,0,34,0,3,53,1,57,2,8,80,1,91,14,0,14,105
09/25/2022,YKM,WA,ANM,WE,Federal Contract Tower,2,1,13,1,17,0,1,38,1,40,2,2,51,2,57,18,2,20,77
09/26/2022,YKM,WA,ANM,WE,Federal Contract Tower,2,7,12,0,21,0,2,59,0,61,2,9,71,0,82,108,0,108,190
09/27/2022,YKM,WA,ANM,WE,Federal Contract Tower,4,7,17,3,31,0,0,44,1,45,4,7,61,4,76,50,0,50,126
09/28/2022,YKM,WA,ANM,WE,Federal Contract Tower,2,5,29,5,41,0,6,38,1,45,2,11,67,6,86,34,0,34,120
09/29/2022,YKM,WA,ANM,WE,Federal Contract Tower,2,5,23,3,33,0,3,44,1,48,2,8,67,4,81,48,12,60,141
09/30/2022,YKM,WA,ANM,WE,Federal Contract Tower,2,6,16,0,24,0,0,49,0,49,2,6,65,0,73,56,0,56,129
10/01/2022,YKM,WA,ANM,WE,Federal Contract Tower,2,10,10,0,22,0,1,34,0,35,2,11,44,0,57,224,0,224,281
10/02/2022,YKM,WA,ANM,WE,Federal Contract Tower,2,3,9,0,14,0,0,54,0,54,2,3,63,0,68,40,8,48,116
10/03/2022,YKM,WA,ANM,WE,Federal Contract Tower,2,7,15,0,24,0,2,41,0,43,2,9,56,0,67,42,0,42,109
10/04/2022,YKM,WA,ANM,WE,Federal Contract Tower,4,8,21,6,39,0,3,56,2,61,4,11,77,8,100,20,0,20,120
10/05/2022,YKM,WA,ANM,WE,Federal Contract Tower,4,7,12,1,24,0,0,46,2,48,4,7,58,3,72,36,8,44,116
10/06/2022,YKM,WA,ANM,WE,Federal Contract Tower,2,6,16,2,26,0,0,48,2,50,2,6,64,4,76,52,0,52,128
10/07/2022,YKM,WA,ANM,WE,Federal Contract Tower,4,5,17,0,26,0,0,49,0,49,4,5,66,0,75,38,0,38,113
10/08/2022,YKM,WA,ANM,WE,Federal Contract Tower,2,6,15,0,23,0,2,48,0,50,2,8,63,0,73,18,0,18,91
10/09/2022,YKM,WA,ANM,WE,Federal Contract Tower,2,0,9,0,11,0,1,38,0,39,2,1,47,0,50,0,0,0,50
10/10/2022,YKM,WA,ANM,WE,Federal Contract Tower,2,10,16,1,29,0,0,49,1,50,2,10,65,2,79,36,0,36,115
10/11/2022,YKM,WA,ANM,WE,Federal Contract Tower,3,5,24,3,35,0,0,64,5,69,3,5,88,8,104,56,12,68,172
10/12/2022,YKM,WA,ANM,WE,Federal Contract Tower,4,3,15,0,22,0,0,57,0,57,4,3,72,0,79,14,0,14,93
10/13/2022,YKM,WA,ANM,WE,Federal Contract Tower,4,3,13,1,21,0,1,49,4,54,4,4,62,5,75,64,5,69,144
10/14/2022,YKM,WA,ANM,WE,Federal Contract Tower,4,3,15,0,22,0,0,62,0,62,4,3,77,0,84,90,0,90,174
10/15/2022,YKM,WA,ANM,WE,Federal Contract Tower,2,4,8,1,15,0,1,64,0,65,2,5,72,1,80,16,0,16,96
10/16/2022,YKM,WA,ANM,WE,Federal Contract Tower,2,1,12,0,15,0,0,58,0,58,2,1,70,0,73,16,0,16,89
10/17/2022,YKM,WA,ANM,WE,Federal Contract Tower,2,9,16,0,27,0,2,33,0,35,2,11,49,0,62,74,10,84,146
10/18/2022,YKM,WA,ANM,WE,Federal Contract Tower,4,15,17,8,44,0,3,62,3,68,4,18,79,11,112,62,0,62,174
10/19/2022,YKM,WA,ANM,WE,Federal Contract Tower,2,6,18,0,26,0,0,53,0,53,2,6,71,0,79,32,0,32,111
10/20/2022,YKM,WA,ANM,WE,Federal Contract Tower,2,7,18,2,29,0,0,74,1,75,2,7,92,3,104,44,0,44,148
10/21/2022,YKM,WA,ANM,WE,Federal Contract Tower,2,7,14,0,23,0,0,38,0,38,2,7,52,0,61,48,0,48,109
10/22/2022,YKM,WA,ANM,WE,Federal Contract Tower,2,5,5,2,14,0,2,45,0,47,2,7,50,2,61,52,0,52,113
10/23/2022,YKM,WA,ANM,WE,Federal Contract Tower,2,1,20,0,23,0,0,39,2,41,2,1,59,2,64,18,0,18,82
10/24/2022,YKM,WA,ANM,WE,Federal Contract Tower,2,9,6,2,19,0,2,10,0,12,2,11,16,2,31,33,0,33,64
10/25/2022,YKM,WA,ANM,WE,Federal Contract Tower,4,5,11,6,26,0,0,35,0,35,4,5,46,6,61,46,0,46,107
10/26/2022,YKM,WA,ANM,WE,Federal Contract Tower,2,5,14,2,23,0,2,40,4,46,2,7,54,6,69,74,12,86,155
10/27/2022,YKM,WA,ANM,WE,Federal Contract Tower,2,8,20,5,35,0,1,47,12,60,2,9,67,17,95,20,2,22,117
10/28/2022,YKM,WA,ANM,WE,Federal Contract Tower,3,4,11,3,21,0,0,39,3,42,3,4,50,6,63,58,0,58,121
10/29/2022,YKM,WA,ANM,WE,Federal Contract Tower,2,2,14,0,18,0,3,28,2,33,2,5,42,2,51,12,0,12,63
10/30/2022,YKM,WA,ANM,WE,Federal Contract Tower,2,2,10,2,16,0,2,18,2,22,2,4,28,4,38,24,0,24,62
10/31/2022,YKM,WA,ANM,WE,Federal Contract Tower,2,8,2,0,12,0,0,31,1,32,2,8,33,1,44,58,0,58,102
11/01/2022,YKM,WA,ANM,WE,Federal Contract Tower,6,5,22,0,33,0,0,24,0,24,6,5,46,0,57,12,2,14,71
11/02/2022,YKM,WA,ANM,WE,Federal Contract Tower,4,3,15,4,26,0,2,27,0,29,4,5,42,4,55,26,0,26,81
11/03/2022,YKM,WA,ANM,WE,Federal Contract Tower,2,9,22,1,34,0,0,40,1,41,2,9,62,2,75,32,0,32,107
11/04/2022,YKM,WA,ANM,WE,Federal Contract Tower,3,14,10,0,27,0,0,7,0,7,3,14,17,0,34,28,0,28,62
11/05/2022,YKM,WA,ANM,WE,Federal Contract Tower,5,4,10,2,21,0,1,9,0,10,5,5,19,2,31,0,2,2,33
11/06/2022,YKM,WA,ANM,WE,Federal Contract Tower,2,3,16,0,21,0,0,3,0,3,2,3,19,0,24,2,0,2,26
11/07/2022,YKM,WA,ANM,WE,Federal Contract Tower,2,10,12,0,24,0,0,6,2,8,2,10,18,2,32,2,14,16,48
11/08/2022,YKM,WA,ANM,WE,Federal Contract Tower,4,14,17,0,35,0,2,13,0,15,4,16,30,0,50,4,0,4,54
11/09/2022,YKM,WA,ANM,WE,Federal Contract Tower,2,6,22,0,30,0,0,44,0,44,2,6,66,0,74,12,0,12,86
11/10/2022,YKM,WA,ANM,WE,Federal Contract Tower,2,12,13,6,33,0,2,49,4,55,2,14,62,10,88,32,4,36,124
11/11/2022,YKM,WA,ANM,WE,Federal Contract Tower,3,12,11,0,26,0,0,22,0,22,3,12,33,0,48,36,0,36,84
11/12/2022,YKM,WA,ANM,WE,Federal Contract Tower,3,6,14,0,23,0,2,45,0,47,3,8,59,0,70,24,0,24,94
11/13/2022,YKM,WA,ANM,WE,Federal Contract Tower,2,3,10,0,15,0,0,28,0,28,2,3,38,0,43,4,0,4,47
11/14/2022,YKM,WA,ANM,WE,Federal Contract Tower,2,9,10,0,21,0,2,38,0,40,2,11,48,0,61,54,0,54,115
11/15/2022,YKM,WA,ANM,WE,Federal Contract Tower,4,7,30,5,46,0,1,24,5,30,4,8,54,10,76,24,12,36,112
11/16/2022,YKM,WA,ANM,WE,Federal Contract Tower,2,11,12,0,25,0,0,5,0,5,2,11,17,0,30,16,0,16,46
11/17/2022,YKM,WA,ANM,WE,Federal Contract Tower,2,12,15,2,31,0,0,40,5,45,2,12,55,7,76,64,10,74,150
11/18/2022,YKM,WA,ANM,WE,Federal Contract Tower,2,4,20,1,27,0,2,58,3,63,2,6,78,4,90,40,0,40,130
11/19/2022,YKM,WA,ANM,WE,Federal Contract Tower,2,8,19,0,29,0,4,41,0,45,2,12,60,0,74,28,0,28,102
11/20/2022,YKM,WA,ANM,WE,Federal Contract Tower,1,3,12,0,16,0,0,23,0,23,1,3,35,0,39,6,0,6,45
11/21/2022,YKM,WA,ANM,WE,Federal Contract Tower,10,10,14,0,34,0,0,15,0,15,10,10,29,0,49,8,0,8,57
11/22/2022,YKM,WA,ANM,WE,Federal Contract Tower,4,12,5,0,21,0,0,4,0,4,4,12,9,0,25,20,0,20,45
11/23/2022,YKM,WA,ANM,WE,Federal Contract Tower,2,13,14,0,29,0,0,22,0,22,2,13,36,0,51,30,0,30,81
11/24/2022,YKM,WA,ANM,WE,Federal Contract Tower,0,4,4,0,8,0,0,0,0,0,0,4,4,0,8,0,0,0,8
11/25/2022,YKM,WA,ANM,WE,Federal Contract Tower,2,9,3,0,14,0,0,0,0,0,2,9,3,0,14,0,0,0,14
11/26/2022,YKM,WA,ANM,WE,Federal Contract Tower,6,7,11,0,24,6,2,48,0,56,12,9,59,0,80,26,0,26,106
11/27/2022,YKM,WA,ANM,WE,Federal Contract Tower,2,6,7,0,15,0,3,1,0,4,2,9,8,0,19,0,0,0,19
11/28/2022,YKM,WA,ANM,WE,Federal Contract Tower,2,19,20,0,41,0,1,11,0,12,2,20,31,0,53,0,0,0,53
11/29/2022,YKM,WA,ANM,WE,Federal Contract Tower,2,18,4,0,24,0,0,2,0,2,2,18,6,0,26,0,0,0,26
11/30/2022,YKM,WA,ANM,WE,Federal Contract Tower,2,9,5,2,18,0,3,10,2,15,2,12,15,4,33,20,0,20,53
12/01/2022,YKM,WA,ANM,WE,Federal Contract Tower,2,10,17,0,29,0,0,25,4,29,2,10,42,4,58,22,12,34,92
12/02/2022,YKM,WA,ANM,WE,Federal Contract Tower,2,12,12,2,28,0,6,2,0,8,2,18,14,2,36,14,0,14,50
12/03/2022,YKM,WA,ANM,WE,Federal Contract Tower,2,8,17,0,27,0,3,27,0,30,2,11,44,0,57,12,0,12,69
12/04/2022,YKM,WA,ANM,WE,Federal Contract Tower,2,1,5,0,8,0,0,0,0,0,2,1,5,0,8,0,0,0,8
12/05/2022,YKM,WA,ANM,WE,Federal Contract Tower,2,11,7,12,32,0,0,0,0,0,2,11,7,12,32,0,0,0,32
12/06/2022,YKM,WA,ANM,WE,Federal Contract Tower,2,12,20,0,34,0,0,0,0,0,2,12,20,0,34,0,0,0,34
12/07/2022,YKM,WA,ANM,WE,Federal Contract Tower,2,12,12,0,26,0,0,0,0,0,2,12,12,0,26,0,0,0,26
12/08/2022,YKM,WA,ANM,WE,Federal Contract Tower,2,17,7,0,26,0,0,0,0,0,2,17,7,0,26,0,0,0,26
12/09/2022,YKM,WA,ANM,WE,Federal Contract Tower,2,14,3,0,19,0,0,8,0,8,2,14,11,0,27,16,0,16,43
12/10/2022,YKM,WA,ANM,WE,Federal Contract Tower,2,4,5,0,11,0,0,2,0,2,2,4,7,0,13,0,0,0,13
12/11/2022,YKM,WA,ANM,WE,Federal Contract Tower,2,5,7,0,14,0,0,0,0,0,2,5,7,0,14,0,0,0,14
12/12/2022,YKM,WA,ANM,WE,Federal Contract Tower,2,8,17,0,27,0,3,43,0,46,2,11,60,0,73,54,0,54,127
12/13/2022,YKM,WA,ANM,WE,Federal Contract Tower,4,15,18,0,37,0,1,57,0,58,4,16,75,0,95,66,0,66,161
12/14/2022,YKM,WA,ANM,WE,Federal Contract Tower,2,14,19,3,38,0,1,31,1,33,2,15,50,4,71,76,0,76,147
12/15/2022,YKM,WA,ANM,WE,Federal Contract Tower,5,16,8,1,30,1,3,36,1,41,6,19,44,2,71,52,0,52,123
12/16/2022,YKM,WA,ANM,WE,Federal Contract Tower,2,15,23,0,40,0,0,0,0,0,2,15,23,0,40,0,0,0,40
12/17/2022,YKM,WA,ANM,WE,Federal Contract Tower,2,11,12,0,25,0,0,0,0,0,2,11,12,0,25,0,0,0,25
12/18/2022,YKM,WA,ANM,WE,Federal Contract Tower,2,6,9,0,17,0,0,0,0,0,2,6,9,0,17,0,0,0,17
12/19/2022,YKM,WA,ANM,WE,Federal Contract Tower,2,10,13,0,25,0,0,8,0,8,2,10,21,0,33,0,0,0,33
12/20/2022,YKM,WA,ANM,WE,Federal Contract Tower,4,16,6,0,26,0,0,2,0,2,4,16,8,0,28,0,0,0,28
12/21/2022,YKM,WA,ANM,WE,Federal Contract Tower,2,18,6,0,26,0,0,4,0,4,2,18,10,0,30,10,0,10,40
12/22/2022,YKM,WA,ANM,WE,Federal Contract Tower,2,14,12,0,28,0,0,0,0,0,2,14,12,0,28,16,0,16,44
12/23/2022,YKM,WA,ANM,WE,Federal Contract Tower,1,9,7,0,17,0,0,4,0,4,1,9,11,0,21,12,0,12,33
12/24/2022,YKM,WA,ANM,WE,Federal Contract Tower,1,5,3,0,9,0,0,0,0,0,1,5,3,0,9,0,0,0,9
12/25/2022,YKM,WA,ANM,WE,Federal Contract Tower,2,2,0,0,4,0,0,0,0,0,2,2,0,0,4,4,0,4,8
12/26/2022,YKM,WA,ANM,WE,Federal Contract Tower,2,4,7,0,13,0,0,0,0,0,2,4,7,0,13,0,0,0,13
12/27/2022,YKM,WA,ANM,WE,Federal Contract Tower,4,11,9,0,24,0,1,2,0,3,4,12,11,0,27,0,0,0,27
12/28/2022,YKM,WA,ANM,WE,Federal Contract Tower,2,8,19,4,33,0,2,48,0,50,2,10,67,4,83,50,40,90,173
12/29/2022,YKM,WA,ANM,WE,Federal Contract Tower,2,8,12,0,22,0,1,10,0,11,2,9,22,0,33,12,0,12,45
12/30/2022,YKM,WA,ANM,WE,Federal Contract Tower,2,6,9,0,17,0,0,0,0,0,2,6,9,0,17,0,0,0,17
12/31/2022,YKM,WA,ANM,WE,Federal Contract Tower,2,7,15,0,24,0,0,8,0,8,2,7,23,0,32,10,0,10,42
01/01/2023,YKM,WA,ANM,WE,Federal Contract Tower,2,1,12,0,15,0,0,5,0,5,2,1,17,0,20,60,0,60,80
01/02/2023,YKM,WA,ANM,WE,Federal Contract Tower,2,3,17,0,22,0,0,0,0,0,2,3,17,0,22,18,0,18,40
01/03/2023,YKM,WA,ANM,WE,Federal Contract Tower,2,9,8,0,19,0,0,6,0,6,2,9,14,0,25,34,0,34,59
01/04/2023,YKM,WA,ANM,WE,Federal Contract Tower,4,11,19,0,34,0,2,5,0,7,4,13,24,0,41,20,0,20,61
01/05/2023,YKM,WA,ANM,WE,Federal Contract Tower,2,7,14,0,23,0,0,27,0,27,2,7,41,0,50,30,0,30,80
01/06/2023,YKM,WA,ANM,WE,Federal Contract Tower,2,9,19,2,32,0,2,42,0,44,2,11,61,2,76,20,0,20,96
01/07/2023,YKM,WA,ANM,WE,Federal Contract Tower,2,6,1,0,9,0,0,0,0,0,2,6,1,0,9,0,0,0,9
01/08/2023,YKM,WA,ANM,WE,Federal Contract Tower,2,3,8,0,13,0,0,0,0,0,2,3,8,0,13,0,0,0,13
01/09/2023,YKM,WA,ANM,WE,Federal Contract Tower,2,10,10,0,22,0,0,0,0,0,2,10,10,0,22,0,0,0,22
01/10/2023,YKM,WA,ANM,WE,Federal Contract Tower,4,8,6,0,18,0,0,6,2,8,4,8,12,2,26,16,12,28,54
01/11/2023,YKM,WA,ANM,WE,Federal Contract Tower,2,8,18,0,28,0,0,11,4,15,2,8,29,4,43,48,18,66,109
01/12/2023,YKM,WA,ANM,WE,Federal Contract Tower,2,6,10,0,18,0,0,0,0,0,2,6,10,0,18,0,0,0,18
01/13/2023,YKM,WA,ANM,WE,Federal Contract Tower,2,6,12,0,20,0,0,7,0,7,2,6,19,0,27,20,0,20,47
01/14/2023,YKM,WA,ANM,WE,Federal Contract Tower,2,11,13,0,26,0,0,8,0,8,2,11,21,0,34,6,0,6,40
01/15/2023,YKM,WA,ANM,WE,Federal Contract Tower,2,6,6,0,14,0,0,4,0,4,2,6,10,0,18,0,0,0,18
01/16/2023,YKM,WA,ANM,WE,Federal Contract Tower,2,6,21,2,31,0,0,36,4,40,2,6,57,6,71,36,8,44,115
01/17/2023,YKM,WA,ANM,WE,Federal Contract Tower,4,21,12,0,37,0,2,43,0,45,4,23,55,0,82,18,0,18,100
01/18/2023,YKM,WA,ANM,WE,Federal Contract Tower,2,11,10,1,24,0,0,11,3,14,2,11,21,4,38,22,10,32,70
01/19/2023,YKM,WA,ANM,WE,Federal Contract Tower,2,7,30,2,41,0,1,78,2,81,2,8,108,4,122,72,0,72,194
01/20/2023,YKM,WA,ANM,WE,Federal Contract Tower,2,8,18,0,28,0,0,50,0,50,2,8,68,0,78,50,0,50,128
01/21/2023,YKM,WA,ANM,WE,Federal Contract Tower,4,8,13,0,25,2,0,5,2,9,6,8,18,2,34,22,4,26,60
01/22/2023,YKM,WA,ANM,WE,Federal Contract Tower,2,7,11,0,20,0,0,17,0,17,2,7,28,0,37,58,0,58,95
01/23/2023,YKM,WA,ANM,WE,Federal Contract Tower,2,7,15,3,27,0,0,25,2,27,2,7,40,5,54,76,0,76,130
01/24/2023,YKM,WA,ANM,WE,Federal Contract Tower,4,9,20,3,36,0,0,32,1,33,4,9,52,4,69,30,0,30,99
01/25/2023,YKM,WA,ANM,WE,Federal Contract Tower,4,7,15,0,26,0,1,22,4,27,4,8,37,4,53,32,6,38,91
01/26/2023,YKM,WA,ANM,WE,Federal Contract Tower,2,10,24,0,36,0,0,21,0,21,2,10,45,0,57,14,0,14,71
01/27/2023,YKM,WA,ANM,WE,Federal Contract Tower,2,10,20,1,33,0,0,25,0,25,2,10,45,1,58,33,0,33,91
01/28/2023,YKM,WA,ANM,WE,Federal Contract Tower,2,8,12,0,22,0,1,4,0,5,2,9,16,0,27,4,0,4,31
01/29/2023,YKM,WA,ANM,WE,Federal Contract Tower,2,2,7,2,13,0,0,28,0,28,2,2,35,2,41,36,0,36,77
01/30/2023,YKM,WA,ANM,WE,Federal Contract Tower,2,9,11,3,25,0,0,39,3,42,2,9,50,6,67,24,4,28,95
01/31/2023,YKM,WA,ANM,WE,Federal Contract Tower,6,5,7,6,24,0,0,29,5,34,6,5,36,11,58,16,6,22,80
02/01/2023,YKM,WA,ANM,WE,Federal Contract Tower,3,7,19,3,32,1,0,40,2,43,4,7,59,5,75,42,0,42,117
02/02/2023,YKM,WA,ANM,WE,Federal Contract Tower,3,4,18,2,27,0,0,59,2,61,3,4,77,4,88,22,12,34,122
02/03/2023,YKM,WA,ANM,WE,Federal Contract Tower,4,2,19,0,25,0,0,33,2,35,4,2,52,2,60,20,22,42,102
02/04/2023,YKM,WA,ANM,WE,Federal Contract Tower,2,6,8,0,16,0,1,26,2,29,2,7,34,2,45,8,14,22,67
02/05/2023,YKM,WA,ANM,WE,Federal Contract Tower,2,5,7,0,14,0,0,6,0,6,2,5,13,0,20,42,12,54,74
02/06/2023,YKM,WA,ANM,WE,Federal Contract Tower,2,10,19,0,31,0,2,40,0,42,2,12,59,0,73,34,0,34,107
02/07/2023,YKM,WA,ANM,WE,Federal Contract Tower,4,5,7,2,18,0,0,28,3,31,4,5,35,5,49,36,0,36,85
02/08/2023,YKM,WA,ANM,WE,Federal Contract Tower,2,5,12,0,19,0,0,47,4,51,2,5,59,4,70,80,22,102,172
02/09/2023,YKM,WA,ANM,WE,Federal Contract Tower,2,6,17,0,25,0,0,52,0,52,2,6,69,0,77,52,0,52,129
02/10/2023,YKM,WA,ANM,WE,Federal Contract Tower,2,7,10,1,20,0,0,49,1,50,2,7,59,2,70,28,0,28,98
02/11/2023,YKM,WA,ANM,WE,Federal Contract Tower,2,6,8,0,16,0,1,62,0,63,2,7,70,0,79,36,0,36,115
02/12/2023,YKM,WA,ANM,WE,Federal Contract Tower,2,1,9,0,12,0,1,25,0,26,2,2,34,0,38,10,0,10,48
02/13/2023,YKM,WA,ANM,WE,Federal Contract Tower,2,8,11,0,21,0,2,14,2,18,2,10,25,2,39,16,6,22,61
02/14/2023,YKM,WA,ANM,WE,Federal Contract Tower,2,6,16,5,29,0,0,40,1,41,2,6,56,6,70,28,0,28,98
02/15/2023,YKM,WA,ANM,WE,Federal Contract Tower,2,5,10,0,17,0,1,46,0,47,2,6,56,0,64,58,0,58,122
02/16/2023,YKM,WA,ANM,WE,Federal Contract Tower,2,6,35,0,43,0,2,48,0,50,2,8,83,0,93,58,0,58,151
02/17/2023,YKM,WA,ANM,WE,Federal Contract Tower,2,7,18,0,27,0,1,48,0,49,2,8,66,0,76,52,0,52,128
02/18/2023,YKM,WA,ANM,WE,Federal Contract Tower,4,4,10,0,18,0,1,35,0,36,4,5,45,0,54,32,0,32,86
02/19/2023,YKM,WA,ANM,WE,Federal Contract Tower,2,3,6,1,12,0,0,11,1,12,2,3,17,2,24,18,0,18,42
02/20/2023,YKM,WA,ANM,WE,Federal Contract Tower,2,7,24,0,33,0,1,10,0,11,2,8,34,0,44,8,0,8,52
02/21/2023,YKM,WA,ANM,WE,Federal Contract Tower,2,7,11,1,21,0,0,5,1,6,2,7,16,2,27,0,0,0,27
02/22/2023,YKM,WA,ANM,WE,Federal Contract Tower,2,10,9,4,25,0,2,4,2,8,2,12,13,6,33,28,8,36,69
02/23/2023,YKM,WA,ANM,WE,Federal Contract Tower,2,6,17,0,25,0,0,11,0,11,2,6,28,0,36,10,0,10,46
02/24/2023,YKM,WA,ANM,WE,Federal Contract Tower,2,6,13,0,21,0,0,54,0,54,2,6,67,0,75,70,0,70,145
02/25/2023,YKM,WA,ANM,WE,Federal Contract Tower,2,6,13,0,21,0,0,61,0,61,2,6,74,0,82,30,0,30,112
02/26/2023,YKM,WA,ANM,WE,Federal Contract Tower,2,4,5,0,11,0,0,8,0,8,2,4,13,0,19,8,0,8,27
02/27/2023,YKM,WA,ANM,WE,Federal Contract Tower,4,8,6,2,20,0,0,11,2,13,4,8,17,4,33,0,0,0,33
02/28/2023,YKM,WA,ANM,WE,Federal Contract Tower,6,3,16,1,26,0,0,16,1,17,6,3,32,2,43,30,0,30,73
03/01/2023,YKM,WA,ANM,WE,Federal Contract Tower,2,6,22,0,30,0,2,48,0,50,2,8,70,0,80,64,0,64,144
03/02/2023,YKM,WA,ANM,WE,Federal Contract Tower,4,7,3,5,19,0,0,8,1,9,4,7,11,6,28,0,0,0,28
03/03/2023,YKM,WA,ANM,WE,Federal Contract Tower,2,17,12,0,31,0,0,42,0,42,2,17,54,0,73,44,0,44,117
03/04/2023,YKM,WA,ANM,WE,Federal Contract Tower,2,6,6,0,14,0,1,27,0,28,2,7,33,0,42,40,0,40,82
03/05/2023,YKM,WA,ANM,WE,Federal Contract Tower,2,1,8,0,11,0,0,26,0,26,2,1,34,0,37,26,0,26,63
03/06/2023,YKM,WA,ANM,WE,Federal Contract Tower,4,9,14,0,27,0,0,10,0,10,4,9,24,0,37,38,0,38,75
03/07/2023,YKM,WA,ANM,WE,Federal Contract Tower,7,12,9,1,29,0,0,28,3,31,7,12,37,4,60,50,6,56,116
03/08/2023,YKM,WA,ANM,WE,Federal Contract Tower,4,3,4,4,15,0,0,7,0,7,4,3,11,4,22,26,6,32,54
03/09/2023,YKM,WA,ANM,WE,Federal Contract Tower,4,6,16,7,33,0,2,12,5,19,4,8,28,12,52,102,0,102,154
03/10/2023,YKM,WA,ANM,WE,Federal Contract Tower,4,4,11,4,23,0,1,9,2,12,4,5,20,6,35,26,8,34,69
03/11/2023,YKM,WA,ANM,WE,Federal Contract Tower,2,10,13,0,25,0,3,56,4,63,2,13,69,4,88,52,14,66,154
03/12/2023,YKM,WA,ANM,WE,Federal Contract Tower,2,1,16,0,19,0,1,21,0,22,2,2,37,0,41,32,0,32,73
03/13/2023,YKM,WA,ANM,WE,Federal Contract Tower,2,6,7,0,15,0,1,14,2,17,2,7,21,2,32,18,2,20,52
03/14/2023,YKM,WA,ANM,WE,Federal Contract Tower,7,4,25,0,36,3,0,47,2,52,10,4,72,2,88,68,0,68,156
03/15/2023,YKM,WA,ANM,WE,Federal Contract Tower,4,3,31,1,39,0,0,50,2,52,4,3,81,3,91,86,6,92,183
03/16/2023,YKM,WA,ANM,WE,Federal Contract Tower,4,10,19,0,33,0,2,60,2,64,4,12,79,2,97,104,0,104,201
03/17/2023,YKM,WA,ANM,WE,Federal Contract Tower,4,2,7,0,13,0,2,50,0,52,4,4,57,0,65,88,0,88,153
03/18/2023,YKM,WA,ANM,WE,Federal Contract Tower,2,4,8,0,14,0,1,43,0,44,2,5,51,0,58,34,0,34,92
03/19/2023,YKM,WA,ANM,WE,Federal Contract Tower,2,2,11,0,15,0,0,34,0,34,2,2,45,0,49,54,0,54,103
03/20/2023,YKM,WA,ANM,WE,Federal Contract Tower,2,6,7,4,19,0,0,16,2,18,2,6,23,6,37,20,0,20,57
03/21/2023,YKM,WA,ANM,WE,Federal Contract Tower,4,7,7,0,18,0,0,24,0,24,4,7,31,0,42,64,0,64,106
03/22/2023,YKM,WA,ANM,WE,Federal Contract Tower,2,6,13,3,24,0,0,41,1,42,2,6,54,4,66,98,4,102,168
03/23/2023,YKM,WA,ANM,WE,Federal Contract Tower,4,5,11,2,22,0,0,27,4,31,4,5,38,6,53,68,10,78,131
03/24/2023,YKM,WA,ANM,WE,Federal Contract Tower,2,7,9,0,18,0,0,29,0,29,2,7,38,0,47,68,0,68,115
03/25/2023,YKM,WA,ANM,WE,Federal Contract Tower,2,7,8,1,18,0,1,36,1,38,2,8,44,2,56,78,0,78,134
03/26/2023,YKM,WA,ANM,WE,Federal Contract Tower,2,3,9,0,14,0,0,17,0,17,2,3,26,0,31,0,0,0,31
03/27/2023,YKM,WA,ANM,WE,Federal Contract Tower,2,6,19,0,27,0,1,27,2,30,2,7,46,2,57,50,8,58,115
03/28/2023,YKM,WA,ANM,WE,Federal Contract Tower,4,6,23,0,33,0,1,29,0,30,4,7,52,0,63,28,0,28,91
03/29/2023,YKM,WA,ANM,WE,Federal Contract Tower,2,5,19,0,26,0,0,22,0,22,2,5,41,0,48,76,0,76,124
03/30/2023,YKM,WA,ANM,WE,Federal Contract Tower,2,9,25,0,36,0,0,41,0,41,2,9,66,0,77,90,0,90,167
03/31/2023,YKM,WA,ANM,WE,Federal Contract Tower,2,14,20,2,38,0,0,40,0,40,2,14,60,2,78,18,0,18,96
04/01/2023,YKM,WA,ANM,WE,Federal Contract Tower,2,10,17,0,29,0,2,23,0,25,2,12,40,0,54,38,0,38,92
04/02/2023,YKM,WA,ANM,WE,Federal Contract Tower,2,5,12,0,19,0,2,23,0,25,2,7,35,0,44,36,0,36,80
04/03/2023,YKM,WA,ANM,WE,Federal Contract Tower,2,11,25,1,39,0,1,36,3,40,2,12,61,4,79,42,0,42,121
04/04/2023,YKM,WA,ANM,WE,Federal Contract Tower,4,6,23,0,33,0,0,41,0,41,4,6,64,0,74,140,0,140,214
04/05/2023,YKM,WA,ANM,WE,Federal Contract Tower,2,8,24,1,35,0,1,60,1,62,2,9,84,2,97,58,0,58,155
04/06/2023,YKM,WA,ANM,WE,Federal Contract Tower,2,8,11,0,21,0,0,17,0,17,2,8,28,0,38,82,0,82,120
04/07/2023,YKM,WA,ANM,WE,Federal Contract Tower,2,10,13,0,25,0,0,18,0,18,2,10,31,0,43,86,0,86,129
04/08/2023,YKM,WA,ANM,WE,Federal Contract Tower,2,4,15,0,21,0,2,36,0,38,2,6,51,0,59,62,0,62,121
04/09/2023,YKM,WA,ANM,WE,Federal Contract Tower,2,5,8,0,15,0,0,10,0,10,2,5,18,0,25,32,0,32,57
04/10/2023,YKM,WA,ANM,WE,Federal Contract Tower,2,9,22,0,33,0,0,4,0,4,2,9,26,0,37,4,0,4,41
04/11/2023,YKM,WA,ANM,WE,Federal Contract Tower,4,5,22,0,31,0,1,20,2,23,4,6,42,2,54,10,8,18,72
04/12/2023,YKM,WA,ANM,WE,Federal Contract Tower,2,8,17,2,29,0,0,48,2,50,2,8,65,4,79,82,2,84,163
04/13/2023,YKM,WA,ANM,WE,Federal Contract Tower,2,6,32,2,42,0,0,51,0,51,2,6,83,2,93,84,0,84,177
04/14/2023,YKM,WA,ANM,WE,Federal Contract Tower,2,10,28,0,40,0,0,69,0,69,2,10,97,0,109,64,0,64,173
04/15/2023,YKM,WA,ANM,WE,Federal Contract Tower,2,7,16,0,25,0,1,50,0,51,2,8,66,0,76,88,0,88,164
04/16/2023,YKM,WA,ANM,WE,Federal Contract Tower,2,6,21,0,29,0,0,23,0,23,2,6,44,0,52,26,0,26,78
04/17/2023,YKM,WA,ANM,WE,Federal Contract Tower,2,8,28,2,40,0,2,35,0,37,2,10,63,2,77,44,14,58,135
04/18/2023,YKM,WA,ANM,WE,Federal Contract Tower,4,5,13,0,22,0,1,28,0,29,4,6,41,0,51,62,0,62,113
04/19/2023,YKM,WA,ANM,WE,Federal Contract Tower,2,7,7,0,16,0,0,35,0,35,2,7,42,0,51,60,0,60,111
04/20/2023,YKM,WA,ANM,WE,Federal Contract Tower,2,9,21,0,32,0,4,42,0,46,2,13,63,0,78,40,0,40,118
04/21/2023,YKM,WA,ANM,WE,Federal Contract Tower,4,5,39,0,48,0,2,51,0,53,4,7,90,0,101,130,0,130,231
04/22/2023,YKM,WA,ANM,WE,Federal Contract Tower,2,4,16,0,22,0,2,29,0,31,2,6,45,0,53,118,0,118,171
04/23/2023,YKM,WA,ANM,WE,Federal Contract Tower,2,2,16,0,20,0,0,23,0,23,2,2,39,0,43,50,0,50,93
04/24/2023,YKM,WA,ANM,WE,Federal Contract Tower,2,7,13,1,23,0,2,26,1,29,2,9,39,2,52,52,0,52,104
04/25/2023,YKM,WA,ANM,WE,Federal Contract Tower,4,5,19,0,28,0,1,42,0,43,4,6,61,0,71,64,0,64,135
04/26/2023,YKM,WA,ANM,WE,Federal Contract Tower,2,7,23,0,32,0,2,53,2,57,2,9,76,2,89,34,4,38,127
04/27/2023,YKM,WA,ANM,WE,Federal Contract Tower,2,10,17,2,31,0,1,51,3,55,2,11,68,5,86,58,0,58,144
04/28/2023,YKM,WA,ANM,WE,Federal Contract Tower,2,8,22,0,32,0,0,70,0,70,2,8,92,0,102,118,0,118,220
04/29/2023,YKM,WA,ANM,WE,Federal Contract Tower,2,3,10,0,15,0,1,62,0,63,2,4,72,0,78,46,0,46,124
04/30/2023,YKM,WA,ANM,WE,Federal Contract Tower,2,2,7,0,11,0,0,38,0,38,2,2,45,0,49,20,0,20,69
05/01/2023,YKM,WA,ANM,WE,Federal Contract Tower,2,9,20,0,31,0,0,40,0,40,2,9,60,0,71,46,0,46,117
05/02/2023,YKM,WA,ANM,WE,Federal Contract Tower,2,12,11,13,38,0,0,68,0,68,2,12,79,13,106,76,22,98,204
05/03/2023,YKM,WA,ANM,WE,Federal Contract Tower,2,7,14,0,23,0,3,71,0,74,2,10,85,0,97,76,0,76,173
05/04/2023,YKM,WA,ANM,WE,Federal Contract Tower,2,13,19,0,34,0,1,25,2,28,2,14,44,2,62,40,10,50,112
05/05/2023,YKM,WA,ANM,WE,Federal Contract Tower,2,11,14,2,29,0,0,26,2,28,2,11,40,4,57,16,4,20,77
05/06/2023,YKM,WA,ANM,WE,Federal Contract Tower,2,6,15,0,23,0,1,45,0,46,2,7,60,0,69,130,0,130,199
05/07/2023,YKM,WA,ANM,WE,Federal Contract Tower,2,6,13,0,21,0,1,29,7,37,2,7,42,7,58,36,0,36,94
05/08/2023,YKM,WA,ANM,WE,Federal Contract Tower,2,9,6,0,17,0,2,30,0,32,2,11,36,0,49,66,0,66,115
05/09/2023,YKM,WA,ANM,WE,Federal Contract Tower,2,8,4,2,16,0,2,35,2,39,2,10,39,4,55,30,0,30,85
05/10/2023,YKM,WA,ANM,WE,Federal Contract Tower,2,6,15,0,23,0,1,73,0,74,2,7,88,0,97,104,0,104,201
05/11/2023,YKM,WA,ANM,WE,Federal Contract Tower,2,7,28,0,37,0,1,59,0,60,2,8,87,0,97,76,0,76,173
05/12/2023,YKM,WA,ANM,WE,Federal Contract Tower,2,7,26,0,35,0,1,69,2,72,2,8,95,2,107,68,0,68,175
05/13/2023,YKM,WA,ANM,WE,Federal Contract Tower,2,3,16,0,21,0,1,45,2,48,2,4,61,2,69,92,6,98,167
05/14/2023,YKM,WA,ANM,WE,Federal Contract Tower,2,1,11,0,14,0,0,30,0,30,2,1,41,0,44,2,0,2,46
05/15/2023,YKM,WA,ANM,WE,Federal Contract Tower,2,11,18,0,31,0,3,34,0,37,2,14,52,0,68,66,0,66,134
05/16/2023,YKM,WA,ANM,WE,Federal Contract Tower,2,7,15,2,26,0,1,23,0,24,2,8,38,2,50,64,0,64,114
05/17/2023,YKM,WA,ANM,WE,Federal Contract Tower,2,5,22,2,31,0,2,68,2,72,2,7,90,4,103,50,6,56,159
05/18/2023,YKM,WA,ANM,WE,Federal Contract Tower,2,9,11,0,22,0,41,0,0,41,2,50,11,0,63,52,0,52,115
05/19/2023,YKM,WA,ANM,WE,Federal Contract Tower,2,5,16,2,25,0,2,48,1,51,2,7,64,3,76,54,0,54,130
05/20/2023,YKM,WA,ANM,WE,Federal Contract Tower,2,7,14,0,23,0,3,51,0,54,2,10,65,0,77,18,0,18,95
05/21/2023,YKM,WA,ANM,WE,Federal Contract Tower,2,4,15,0,21,0,0,34,0,34,2,4,49,0,55,2,0,2,57
05/22/2023,YKM,WA,ANM,WE,Federal Contract Tower,2,6,6,2,16,0,2,28,2,32,2,8,34,4,48,26,14,40,88
05/23/2023,YKM,WA,ANM,WE,Federal Contract Tower,2,6,29,1,38,0,0,71,3,74,2,6,100,4,112,74,6,80,192
05/24/2023,YKM,WA,ANM,WE,Federal Contract Tower,2,7,17,4,30,0,1,74,0,75,2,8,91,4,105,36,0,36,141
05/25/2023,YKM,WA,ANM,WE,Federal Contract Tower,2,9,26,0,37,0,0,61,2,63,2,9,87,2,100,78,0,78,178
05/26/2023,YKM,WA,ANM,WE,Federal Contract Tower,2,10,25,0,37,0,2,71,1,74,2,12,96,1,111,78,0,78,189
05/27/2023,YKM,WA,ANM,WE,Federal Contract Tower,2,5,3,0,10,0,2,44,2,48,2,7,47,2,58,50,0,50,108
05/28/2023,YKM,WA,ANM,WE,Federal Contract Tower,2,5,8,0,15,0,1,29,0,30,2,6,37,0,45,18,0,18,63
05/29/2023,YKM,WA,ANM,WE,Federal Contract Tower,2,2,15,1,20,0,3,37,1,41,2,5,52,2,61,26,0,26,87
05/30/2023,YKM,WA,ANM,WE,Federal Contract Tower,2,8,20,0,30,0,1,46,2,49,2,9,66,2,79,56,0,56,135
05/31/2023,YKM,WA,ANM,WE,Federal Contract Tower,2,11,15,0,28,0,2,33,0,35,2,13,48,0,63,20,0,20,83
06/01/2023,YKM,WA,ANM,WE,Federal Contract Tower,2,8,29,0,39,0,0,81,0,81,2,8,110,0,120,32,0,32,152
06/02/2023,YKM,WA,ANM,WE,Federal Contract Tower,2,9,36,0,47,0,0,59,0,59,2,9,95,0,106,42,0,42,148
06/03/2023,YKM,WA,ANM,WE,Federal Contract Tower,2,4,18,0,24,0,8,59,0,67,2,12,77,0,91,90,0,90,181
06/04/2023,YKM,WA,ANM,WE,Federal Contract Tower,2,4,15,0,21,0,0,44,0,44,2,4,59,0,65,24,0,24,89
06/05/2023,YKM,WA,ANM,WE,Federal Contract Tower,2,6,7,2,17,0,3,52,0,55,2,9,59,2,72,62,0,62,134
06/06/2023,YKM,WA,ANM,WE,Federal Contract Tower,2,11,22,0,35,0,1,75,2,78,2,12,97,2,113,78,0,78,191
06/07/2023,YKM,WA,ANM,WE,Federal Contract Tower,2,9,29,3,43,0,0,56,1,57,2,9,85,4,100,52,0,52,152
06/08/2023,YKM,WA,ANM,WE,Federal Contract Tower,2,6,14,0,22,0,1,41,0,42,2,7,55,0,64,68,0,68,132
06/09/2023,YKM,WA,ANM,WE,Federal Contract Tower,2,11,16,2,31,0,0,24,0,24,2,11,40,2,55,52,0,52,107
06/10/2023,YKM,WA,ANM,WE,Federal Contract Tower,2,5,11,1,19,0,0,39,1,40,2,5,50,2,59,40,0,40,99
06/11/2023,YKM,WA,ANM,WE,Federal Contract Tower,2,3,14,0,19,0,2,34,0,36,2,5,48,0,55,2,0,2,57
06/12/2023,YKM,WA,ANM,WE,Federal Contract Tower,2,7,18,3,30,0,0,64,3,67,2,7,82,6,97,60,0,60,157
06/13/2023,YKM,WA,ANM,WE,Federal Contract Tower,2,7,7,0,16,0,1,30,0,31,2,8,37,0,47,40,0,40,87
06/14/2023,YKM,WA,ANM,WE,Federal Contract Tower,2,10,9,0,21,1,30,3,0,34,3,40,12,0,55,24,0,24,79
06/15/2023,YKM,WA,ANM,WE,Federal Contract Tower,2,9,16,0,27,0,4,60,0,64,2,13,76,0,91,78,0,78,169
06/16/2023,YKM,WA,ANM,WE,Federal Contract Tower,2,13,17,0,32,0,2,54,0,56,2,15,71,0,88,30,0,30,118
06/17/2023,YKM,WA,ANM,WE,Federal Contract Tower,2,6,22,0,30,0,1,63,0,64,2,7,85,0,94,20,0,20,114
06/18/2023,YKM,WA,ANM,WE,Federal Contract Tower,2,8,6,0,16,0,5,18,0,23,2,13,24,0,39,10,0,10,49
06/19/2023,YKM,WA,ANM,WE,Federal Contract Tower,2,6,9,1,18,0,2,31,1,34,2,8,40,2,52,34,0,34,86
06/20/2023,YKM,WA,ANM,WE,Federal Contract Tower,2,12,5,1,20,0,4,54,1,59,2,16,59,2,79,106,0,106,185
06/21/2023,YKM,WA,ANM,WE,Federal Contract Tower,2,9,12,2,25,0,1,82,2,85,2,10,94,4,110,117,0,117,227
06/22/2023,YKM,WA,ANM,WE,Federal Contract Tower,2,7,17,2,28,0,1,75,1,77,2,8,92,3,105,64,6,70,175
06/23/2023,YKM,WA,ANM,WE,Federal Contract Tower,2,7,12,0,21,0,2,54,0,56,2,9,66,0,77,52,0,52,129
06/24/2023,YKM,WA,ANM,WE,Federal Contract Tower,2,2,12,0,16,0,7,48,0,55,2,9,60,0,71,44,0,44,115
06/25/2023,YKM,WA,ANM,WE,Federal Contract Tower,2,1,13,0,16,0,1,54,0,55,2,2,67,0,71,40,0,40,111
06/26/2023,YKM,WA,ANM,WE,Federal Contract Tower,2,7,12,0,21,0,1,29,0,30,2,8,41,0,51,44,0,44,95
06/27/2023,YKM,WA,ANM,WE,Federal Contract Tower,2,13,12,2,29,0,0,72,0,72,2,13,84,2,101,108,2,110,211
06/28/2023,YKM,WA,ANM,WE,Federal Contract Tower,2,7,19,0,28,0,3,77,0,80,2,10,96,0,108,66,0,66,174
06/29/2023,YKM,WA,ANM,WE,Federal Contract Tower,2,8,18,0,28,0,3,71,2,76,2,11,89,2,104,60,0,60,164
06/30/2023,YKM,WA,ANM,WE,Federal Contract Tower,2,8,11,0,21,0,0,81,2,83,2,8,92,2,104,122,0,122,226
07/01/2023,YKM,WA,ANM,WE,Federal Contract Tower,2,4,15,0,21,0,4,51,0,55,2,8,66,0,76,62,0,62,138
07/02/2023,YKM,WA,ANM,WE,Federal Contract Tower,2,0,9,0,11,0,1,57,0,58,2,1,66,0,69,20,0,20,89
07/03/2023,YKM,WA,ANM,WE,Federal Contract Tower,2,10,17,1,30,0,0,45,1,46,2,10,62,2,76,6,0,6,82
07/04/2023,YKM,WA,ANM,WE,Federal Contract Tower,2,1,10,0,13,0,0,29,0,29,2,1,39,0,42,6,0,6,48
07/05/2023,YKM,WA,ANM,WE,Federal Contract Tower,2,8,23,11,44,0,4,45,1,50,2,12,68,12,94,32,12,44,138
07/06/2023,YKM,WA,ANM,WE,Federal Contract Tower,2,9,12,1,24,0,0,50,1,51,2,9,62,2,75,38,0,38,113
07/07/2023,YKM,WA,ANM,WE,Federal Contract Tower,2,12,13,0,27,0,2,44,0,46,2,14,57,0,73,48,0,48,121
07/08/2023,YKM,WA,ANM,WE,Federal Contract Tower,2,7,16,0,25,0,1,68,0,69,2,8,84,0,94,44,0,44,138
07/09/2023,YKM,WA,ANM,WE,Federal Contract Tower,2,2,12,0,16,0,0,25,0,25,2,2,37,0,41,8,0,8,49
07/10/2023,YKM,WA,ANM,WE,Federal Contract Tower,2,11,13,1,27,0,1,55,1,57,2,12,68,2,84,34,0,34,118
07/11/2023,YKM,WA,ANM,WE,Federal Contract Tower,4,8,19,0,31,0,0,61,0,61,4,8,80,0,92,38,0,38,130
07/12/2023,YKM,WA,ANM,WE,Federal Contract Tower,2,6,15,0,23,0,2,55,0,57,2,8,70,0,80,64,0,64,144
07/13/2023,YKM,WA,ANM,WE,Federal Contract Tower,2,6,26,6,40,0,2,68,3,73,2,8,94,9,113,70,14,84,197
07/14/2023,YKM,WA,ANM,WE,Federal Contract Tower,2,6,23,2,33,0,3,81,0,84,2,9,104,2,117,74,0,74,191
07/15/2023,YKM,WA,ANM,WE,Federal Contract Tower,2,9,10,0,21,0,1,40,0,41,2,10,50,0,62,6,0,6,68
07/16/2023,YKM,WA,ANM,WE,Federal Contract Tower,2,2,10,0,14,0,0,43,0,43,2,2,53,0,57,14,0,14,71
07/17/2023,YKM,WA,ANM,WE,Federal Contract Tower,3,11,11,0,25,0,0,54,0,54,3,11,65,0,79,24,0,24,103
07/18/2023,YKM,WA,ANM,WE,Federal Contract Tower,3,9,19,0,31,0,0,72,2,74,3,9,91,2,105,70,0,70,175
07/19/2023,YKM,WA,ANM,WE,Federal Contract Tower,2,9,10,7,28,0,1,48,2,51,2,10,58,9,79,82,32,114,193
07/20/2023,YKM,WA,ANM,WE,Federal Contract Tower,2,5,11,0,18,0,2,54,2,58,2,7,65,2,76,52,0,52,128
07/21/2023,YKM,WA,ANM,WE,Federal Contract Tower,2,8,14,0,24,0,2,48,0,50,2,10,62,0,74,48,0,48,122
07/22/2023,YKM,WA,ANM,WE,Federal Contract Tower,2,7,12,0,21,0,1,55,0,56,2,8,67,0,77,52,0,52,129
07/23/2023,YKM,WA,ANM,WE,Federal Contract Tower,2,3,5,0,10,0,5,59,0,64,2,8,64,0,74,14,0,14,88
07/24/2023,YKM,WA,ANM,WE,Federal Contract Tower,2,9,10,0,21,0,1,25,0,26,2,10,35,0,47,0,0,0,47
07/25/2023,YKM,WA,ANM,WE,Federal Contract Tower,2,7,17,0,26,0,0,57,0,57,2,7,74,0,83,70,0,70,153
07/26/2023,YKM,WA,ANM,WE,Federal Contract Tower,2,9,34,2,47,0,0,47,2,49,2,9,81,4,96,48,0,48,144
07/27/2023,YKM,WA,ANM,WE,Federal Contract Tower,2,7,22,4,35,0,0,46,0,46,2,7,68,4,81,30,16,46,127
07/28/2023,YKM,WA,ANM,WE,Federal Contract Tower,2,7,22,0,31,0,4,82,0,86,2,11,104,0,117,60,0,60,177
07/29/2023,YKM,WA,ANM,WE,Federal Contract Tower,2,9,21,0,32,0,0,60,2,62,2,9,81,2,94,36,2,38,132
07/30/2023,YKM,WA,ANM,WE,Federal Contract Tower,2,3,15,5,25,0,0,38,1,39,2,3,53,6,64,22,0,22,86
07/31/2023,YKM,WA,ANM,WE,Federal Contract Tower,2,9,11,0,22,0,0,38,2,40,2,9,49,2,62,60,0,60,122
08/01/2023,YKM,WA,ANM,WE,Federal Contract Tower,4,6,17,2,29,0,1,35,0,36,4,7,52,2,65,120,28,148,213
08/02/2023,YKM,WA,ANM,WE,Federal Contract Tower,2,6,9,0,17,0,0,53,0,53,2,6,62,0,70,114,0,114,184
08/03/2023,YKM,WA,ANM,WE,Federal Contract Tower,2,10,15,0,27,0,0,53,2,55,2,10,68,2,82,54,0,54,136
08/04/2023,YKM,WA,ANM,WE,Federal Contract Tower,2,12,26,0,40,0,3,36,0,39,2,15,62,0,79,20,0,20,99
08/05/2023,YKM,WA,ANM,WE,Federal Contract Tower,2,4,16,0,22,0,0,40,0,40,2,4,56,0,62,100,0,100,162
08/06/2023,YKM,WA,ANM,WE,Federal Contract Tower,2,1,20,2,25,0,0,16,0,16,2,1,36,2,41,58,0,58,99
08/07/2023,YKM,WA,ANM,WE,Federal Contract Tower,2,14,14,2,32,0,2,30,2,34,2,16,44,4,66,42,0,42,108
08/08/2023,YKM,WA,ANM,WE,Federal Contract Tower,2,9,27,0,38,0,2,58,0,60,2,11,85,0,98,68,0,68,166
08/09/2023,YKM,WA,ANM,WE,Federal Contract Tower,2,11,30,3,46,0,5,38,1,44,2,16,68,4,90,48,0,48,138
08/10/2023,YKM,WA,ANM,WE,Federal Contract Tower,2,10,4,2,18,0,1,56,0,57,2,11,60,2,75,106,0,106,181
08/11/2023,YKM,WA,ANM,WE,Federal Contract Tower,2,7,19,0,28,0,1,47,0,48,2,8,66,0,76,62,0,62,138
08/12/2023,YKM,WA,ANM,WE,Federal Contract Tower,3,9,9,0,21,1,0,40,0,41,4,9,49,0,62,78,0,78,140
08/13/2023,YKM,WA,ANM,WE,Federal Contract Tower,2,3,14,0,19,0,0,47,0,47,2,3,61,0,66,46,0,46,112
08/14/2023,YKM,WA,ANM,WE,Federal Contract Tower,2,10,18,0,30,0,0,52,0,52,2,10,70,0,82,32,0,32,114
08/15/2023,YKM,WA,ANM,WE,Federal Contract Tower,2,10,12,2,26,0,9,54,2,65,2,19,66,4,91,88,0,88,179
08/16/2023,YKM,WA,ANM,WE,Federal Contract Tower,4,7,17,0,28,0,0,52,2,54,4,7,69,2,82,46,0,46,128
08/17/2023,YKM,WA,ANM,WE,Federal Contract Tower,2,7,11,0,20,0,2,49,0,51,2,9,60,0,71,58,0,58,129
08/18/2023,YKM,WA,ANM,WE,Federal Contract Tower,2,5,18,2,27,0,2,39,2,43,2,7,57,4,70,66,2,68,138
08/19/2023,YKM,WA,ANM,WE,Federal Contract Tower,2,8,28,0,38,0,1,15,0,16,2,9,43,0,54,60,0,60,114
08/20/2023,YKM,WA,ANM,WE,Federal Contract Tower,2,1,22,2,27,0,0,0,0,0,2,1,22,2,27,0,0,0,27
08/21/2023,YKM,WA,ANM,WE,Federal Contract Tower,2,12,24,4,42,0,0,0,0,0,2,12,24,4,42,0,0,0,42
08/22/2023,YKM,WA,ANM,WE,Federal Contract Tower,2,10,17,2,31,0,1,36,0,37,2,11,53,2,68,114,4,118,186
08/23/2023,YKM,WA,ANM,WE,Federal Contract Tower,2,9,24,1,36,0,1,48,1,50,2,10,72,2,86,82,0,82,168
08/24/2023,YKM,WA,ANM,WE,Federal Contract Tower,2,13,15,2,32,0,0,50,9,59,2,13,65,11,91,46,8,54,145
08/25/2023,YKM,WA,ANM,WE,Federal Contract Tower,2,7,9,0,18,0,0,65,2,67,2,7,74,2,85,16,4,20,105
08/26/2023,YKM,WA,ANM,WE,Federal Contract Tower,2,3,18,0,23,0,1,69,0,70,2,4,87,0,93,26,0,26,119
08/27/2023,YKM,WA,ANM,WE,Federal Contract Tower,2,6,14,0,22,0,0,54,0,54,2,6,68,0,76,34,0,34,110
08/28/2023,YKM,WA,ANM,WE,Federal Contract Tower,2,10,10,1,23,0,1,43,1,45,2,11,53,2,68,50,0,50,118
08/29/2023,YKM,WA,ANM,WE,Federal Contract Tower,4,12,17,1,34,0,0,14,1,15,4,12,31,2,49,24,0,24,73
08/30/2023,YKM,WA,ANM,WE,Federal Contract Tower,2,8,22,6,38,0,0,52,1,53,2,8,74,7,91,62,24,86,177
08/31/2023,YKM,WA,ANM,WE,Federal Contract Tower,2,10,23,1,36,0,0,45,1,46,2,10,68,2,82,44,8,52,134
