01/01/2000,YNG,OH,AGL,CE,Towers with Radar,0,15,22,0,37,0,4,30,0,34,0,19,52,0,71,46,0,46,117
01/02/2000,YNG,OH,AGL,CE,Towers with Radar,1,15,26,0,42,0,5,6,0,11,1,20,32,0,53,22,0,22,75
01/03/2000,YNG,OH,AGL,CE,Towers with Radar,2,18,22,6,48,0,1,2,0,3,2,19,24,6,51,0,0,0,51
01/04/2000,YNG,OH,AGL,CE,Towers with Radar,1,22,20,21,64,0,0,0,31,31,1,22,20,52,95,0,54,54,149
01/05/2000,YNG,OH,AGL,CE,Towers with Radar,5,26,47,24,102,3,0,10,22,35,8,26,57,46,137,86,136,222,359
01/06/2000,YNG,OH,AGL,CE,Towers with Radar,0,20,45,22,87,0,1,27,1,29,0,21,72,23,116,88,30,118,234
01/07/2000,YNG,OH,AGL,CE,Towers with Radar,0,25,6,12,43,0,1,0,0,1,0,26,6,12,44,34,22,56,100
01/08/2000,YNG,OH,AGL,CE,Towers with Radar,0,16,46,0,62,0,1,37,0,38,0,17,83,0,100,76,0,76,176
01/09/2000,YNG,OH,AGL,CE,Towers with Radar,3,8,30,12,53,7,0,18,0,25,10,8,48,12,78,50,16,66,144
01/10/2000,YNG,OH,AGL,CE,Towers with Radar,4,10,15,6,35,5,0,0,0,5,9,10,15,6,40,0,2,2,42
01/11/2000,YNG,OH,AGL,CE,Towers with Radar,4,26,25,0,55,0,3,3,0,6,4,29,28,0,61,6,2,8,69
01/12/2000,YNG,OH,AGL,CE,Towers with Radar,0,22,43,0,65,0,0,71,0,71,0,22,114,0,136,158,184,342,478
01/13/2000,YNG,OH,AGL,CE,Towers with Radar,0,19,47,2,68,0,2,1,0,3,0,21,48,2,71,8,0,8,79
01/14/2000,YNG,OH,AGL,CE,Towers with Radar,0,26,45,23,94,0,2,6,8,16,0,28,51,31,110,32,44,76,186
01/15/2000,YNG,OH,AGL,CE,Towers with Radar,1,11,19,0,31,0,5,27,0,32,1,16,46,0,63,92,0,92,155
01/16/2000,YNG,OH,AGL,CE,Towers with Radar,1,10,15,2,28,0,10,0,0,10,1,20,15,2,38,16,0,16,54
01/17/2000,YNG,OH,AGL,CE,Towers with Radar,3,17,29,0,49,2,1,57,0,60,5,18,86,0,109,146,0,146,255
01/18/2000,YNG,OH,AGL,CE,Towers with Radar,6,15,38,29,88,0,1,12,5,18,6,16,50,34,106,32,30,62,168
01/19/2000,YNG,OH,AGL,CE,Towers with Radar,0,19,41,21,81,0,0,6,21,27,0,19,47,42,108,38,108,146,254
01/20/2000,YNG,OH,AGL,CE,Towers with Radar,0,10,10,0,20,0,8,0,0,8,0,18,10,0,28,0,0,0,28
01/21/2000,YNG,OH,AGL,CE,Towers with Radar,0,20,19,5,44,0,3,3,0,6,0,23,22,5,50,0,0,0,50
01/22/2000,YNG,OH,AGL,CE,Towers with Radar,3,15,27,6,51,0,8,28,0,36,3,23,55,6,87,64,6,70,157
01/23/2000,YNG,OH,AGL,CE,Towers with Radar,1,12,11,2,26,3,5,0,0,8,4,17,11,2,34,0,0,0,34
01/24/2000,YNG,OH,AGL,CE,Towers with Radar,3,20,42,22,87,0,0,28,29,57,3,20,70,51,144,108,102,210,354
01/25/2000,YNG,OH,AGL,CE,Towers with Radar,3,13,19,17,52,8,0,0,0,8,11,13,19,17,60,0,0,0,60
01/26/2000,YNG,OH,AGL,CE,Towers with Radar,3,17,38,21,79,9,0,0,20,29,12,17,38,41,108,22,70,92,200
01/27/2000,YNG,OH,AGL,CE,Towers with Radar,0,20,46,24,90,0,0,10,29,39,0,20,56,53,129,96,48,144,273
01/28/2000,YNG,OH,AGL,CE,Towers with Radar,3,21,34,19,77,1,1,25,2,29,4,22,59,21,106,22,36,58,164
01/29/2000,YNG,OH,AGL,CE,Towers with Radar,2,17,26,0,45,0,3,67,0,70,2,20,93,0,115,82,0,82,197
01/30/2000,YNG,OH,AGL,CE,Towers with Radar,1,10,5,6,22,3,7,0,0,10,4,17,5,6,32,0,0,0,32
01/31/2000,YNG,OH,AGL,CE,Towers with Radar,2,18,26,15,61,6,0,0,0,6,8,18,26,15,67,2,30,32,99
02/01/2000,YNG,OH,AGL,CE,Towers with Radar,4,16,31,12,63,2,3,1,0,6,6,19,32,12,69,8,8,16,85
02/02/2000,YNG,OH,AGL,CE,Towers with Radar,1,22,41,32,96,0,2,43,14,59,1,24,84,46,155,72,66,138,293
02/03/2000,YNG,OH,AGL,CE,Towers with Radar,1,11,13,0,25,0,11,0,0,11,1,22,13,0,36,0,0,0,36
02/04/2000,YNG,OH,AGL,CE,Towers with Radar,1,16,19,17,53,0,1,0,1,2,1,17,19,18,55,6,24,30,85
02/05/2000,YNG,OH,AGL,CE,Towers with Radar,3,9,22,16,50,5,0,14,2,21,8,9,36,18,71,18,42,60,131
02/06/2000,YNG,OH,AGL,CE,Towers with Radar,3,9,25,19,56,6,0,35,8,49,9,9,60,27,105,68,86,154,259
02/07/2000,YNG,OH,AGL,CE,Towers with Radar,0,18,42,33,93,0,0,7,1,8,0,18,49,34,101,62,64,126,227
02/08/2000,YNG,OH,AGL,CE,Towers with Radar,5,14,42,33,94,8,0,23,13,44,13,14,65,46,138,114,192,306,444
02/09/2000,YNG,OH,AGL,CE,Towers with Radar,8,15,65,51,139,6,0,23,15,44,14,15,88,66,183,40,196,236,419
02/10/2000,YNG,OH,AGL,CE,Towers with Radar,2,17,44,34,97,0,0,22,51,73,2,17,66,85,170,66,168,234,404
02/11/2000,YNG,OH,AGL,CE,Towers with Radar,0,20,17,13,50,0,1,0,0,1,0,21,17,13,51,0,0,0,51
02/12/2000,YNG,OH,AGL,CE,Towers with Radar,0,13,27,20,60,0,4,44,2,50,0,17,71,22,110,76,46,122,232
02/13/2000,YNG,OH,AGL,CE,Towers with Radar,0,13,9,14,36,0,1,0,0,1,0,14,9,14,37,0,0,0,37
02/14/2000,YNG,OH,AGL,CE,Towers with Radar,1,10,14,0,25,0,10,0,0,10,1,20,14,0,35,0,0,0,35
02/15/2000,YNG,OH,AGL,CE,Towers with Radar,0,24,47,35,106,0,0,10,9,19,0,24,57,44,125,86,94,180,305
02/16/2000,YNG,OH,AGL,CE,Towers with Radar,0,23,20,40,83,0,1,0,0,1,0,24,20,40,84,0,70,70,154
02/17/2000,YNG,OH,AGL,CE,Towers with Radar,3,20,39,30,92,0,0,36,5,41,3,20,75,35,133,162,90,252,385
02/18/2000,YNG,OH,AGL,CE,Towers with Radar,1,7,11,0,19,9,5,0,0,14,10,12,11,0,33,2,0,2,35
02/19/2000,YNG,OH,AGL,CE,Towers with Radar,1,9,12,15,37,0,7,0,4,11,1,16,12,19,48,2,12,14,62
02/20/2000,YNG,OH,AGL,CE,Towers with Radar,2,13,14,3,32,11,4,0,0,15,13,17,14,3,47,16,0,16,63
02/21/2000,YNG,OH,AGL,CE,Towers with Radar,0,19,37,2,58,0,4,56,0,60,0,23,93,2,118,148,0,148,266
02/22/2000,YNG,OH,AGL,CE,Towers with Radar,4,16,42,31,93,4,0,46,0,50,8,16,88,31,143,64,50,114,257
02/23/2000,YNG,OH,AGL,CE,Towers with Radar,0,22,49,38,109,0,0,44,9,53,0,22,93,47,162,76,96,172,334
02/24/2000,YNG,OH,AGL,CE,Towers with Radar,0,25,47,36,108,0,4,2,18,24,0,29,49,54,132,8,128,136,268
02/25/2000,YNG,OH,AGL,CE,Towers with Radar,2,20,40,29,91,0,0,31,0,31,2,20,71,29,122,60,36,96,218
02/26/2000,YNG,OH,AGL,CE,Towers with Radar,0,12,24,0,36,0,4,46,0,50,0,16,70,0,86,104,2,106,192
02/27/2000,YNG,OH,AGL,CE,Towers with Radar,12,11,10,5,38,0,0,0,2,2,12,11,10,7,40,0,0,0,40
02/28/2000,YNG,OH,AGL,CE,Towers with Radar,2,18,34,14,68,0,6,22,0,28,2,24,56,14,96,34,14,48,144
02/29/2000,YNG,OH,AGL,CE,Towers with Radar,0,20,49,38,107,0,0,90,13,103,0,20,139,51,210,120,116,236,446
03/01/2000,YNG,OH,AGL,CE,Towers with Radar,0,17,29,23,69,0,7,0,0,7,0,24,29,23,76,2,16,18,94
03/02/2000,YNG,OH,AGL,CE,Towers with Radar,12,13,26,45,96,0,1,9,3,13,12,14,35,48,109,32,108,140,249
03/03/2000,YNG,OH,AGL,CE,Towers with Radar,2,18,43,19,82,0,3,30,0,33,2,21,73,19,115,92,58,150,265
03/04/2000,YNG,OH,AGL,CE,Towers with Radar,11,8,58,11,88,0,11,64,2,77,11,19,122,13,165,106,88,194,359
03/05/2000,YNG,OH,AGL,CE,Towers with Radar,3,13,32,19,67,0,8,52,5,65,3,21,84,24,132,68,36,104,236
03/06/2000,YNG,OH,AGL,CE,Towers with Radar,1,19,42,10,72,0,1,62,0,63,1,20,104,10,135,122,16,138,273
03/07/2000,YNG,OH,AGL,CE,Towers with Radar,0,22,49,31,102,0,0,12,34,46,0,22,61,65,148,86,110,196,344
03/08/2000,YNG,OH,AGL,CE,Towers with Radar,2,22,47,29,100,0,1,31,11,43,2,23,78,40,143,86,188,274,417
03/09/2000,YNG,OH,AGL,CE,Towers with Radar,0,25,20,0,45,0,1,3,1,5,0,26,23,1,50,10,0,10,60
03/10/2000,YNG,OH,AGL,CE,Towers with Radar,2,16,34,8,60,0,4,9,0,13,2,20,43,8,73,12,6,18,91
03/11/2000,YNG,OH,AGL,CE,Towers with Radar,0,13,12,2,27,0,0,9,0,9,0,13,21,2,36,10,0,10,46
03/12/2000,YNG,OH,AGL,CE,Towers with Radar,3,10,21,4,38,1,6,14,0,21,4,16,35,4,59,20,4,24,83
03/13/2000,YNG,OH,AGL,CE,Towers with Radar,3,20,46,29,98,0,0,43,1,44,3,20,89,30,142,46,78,124,266
03/14/2000,YNG,OH,AGL,CE,Towers with Radar,0,23,63,65,151,0,0,33,1,34,0,23,96,66,185,108,172,280,465
03/15/2000,YNG,OH,AGL,CE,Towers with Radar,6,11,59,38,114,9,0,38,13,60,15,11,97,51,174,76,112,188,362
03/16/2000,YNG,OH,AGL,CE,Towers with Radar,4,21,45,0,70,1,3,10,0,14,5,24,55,0,84,26,0,26,110
03/17/2000,YNG,OH,AGL,CE,Towers with Radar,4,22,48,31,105,2,0,17,9,28,6,22,65,40,133,56,42,98,231
03/18/2000,YNG,OH,AGL,CE,Towers with Radar,0,17,39,4,60,0,0,107,0,107,0,17,146,4,167,112,0,112,279
03/19/2000,YNG,OH,AGL,CE,Towers with Radar,3,14,27,19,63,1,9,0,6,16,4,23,27,25,79,38,22,60,139
03/20/2000,YNG,OH,AGL,CE,Towers with Radar,0,20,41,14,75,0,2,0,0,2,0,22,41,14,77,32,40,72,149
03/21/2000,YNG,OH,AGL,CE,Towers with Radar,0,21,47,21,89,0,4,15,0,19,0,25,62,21,108,40,32,72,180
03/22/2000,YNG,OH,AGL,CE,Towers with Radar,2,19,66,41,128,0,0,13,32,45,2,19,79,73,173,50,146,196,369
03/23/2000,YNG,OH,AGL,CE,Towers with Radar,2,23,57,23,105,0,0,65,0,65,2,23,122,23,170,120,94,214,384
03/24/2000,YNG,OH,AGL,CE,Towers with Radar,2,23,51,30,106,0,2,59,0,61,2,25,110,30,167,136,46,182,349
03/25/2000,YNG,OH,AGL,CE,Towers with Radar,2,10,26,4,42,5,0,9,0,14,7,10,35,4,56,94,0,94,150
03/26/2000,YNG,OH,AGL,CE,Towers with Radar,3,14,34,6,57,5,12,9,0,26,8,26,43,6,83,82,0,82,165
03/27/2000,YNG,OH,AGL,CE,Towers with Radar,3,21,11,28,63,0,3,0,51,54,3,24,11,79,117,48,116,164,281
03/28/2000,YNG,OH,AGL,CE,Towers with Radar,3,20,45,28,96,0,3,5,40,48,3,23,50,68,144,42,132,174,318
03/29/2000,YNG,OH,AGL,CE,Towers with Radar,4,11,47,28,90,7,0,12,17,36,11,11,59,45,126,18,76,94,220
03/30/2000,YNG,OH,AGL,CE,Towers with Radar,0,33,85,56,174,0,1,46,7,54,0,34,131,63,228,92,134,226,454
03/31/2000,YNG,OH,AGL,CE,Towers with Radar,5,13,53,19,90,8,0,56,0,64,13,13,109,19,154,94,30,124,278
04/01/2000,YNG,OH,AGL,CE,Towers with Radar,0,13,32,2,47,0,1,67,0,68,0,14,99,2,115,100,0,100,215
04/02/2000,YNG,OH,AGL,CE,Towers with Radar,3,15,16,7,41,0,0,0,0,0,3,15,16,7,41,6,0,6,47
04/03/2000,YNG,OH,AGL,CE,Towers with Radar,0,18,24,18,60,0,7,0,0,7,0,25,24,18,67,16,20,36,103
04/04/2000,YNG,OH,AGL,CE,Towers with Radar,1,17,34,9,61,0,7,4,0,11,1,24,38,9,72,30,0,30,102
04/05/2000,YNG,OH,AGL,CE,Towers with Radar,0,27,51,27,105,0,4,0,38,42,0,31,51,65,147,38,96,134,281
04/06/2000,YNG,OH,AGL,CE,Towers with Radar,2,20,41,13,76,0,1,16,0,17,2,21,57,13,93,64,32,96,189
04/07/2000,YNG,OH,AGL,CE,Towers with Radar,2,22,46,21,91,0,3,1,0,4,2,25,47,21,95,54,34,88,183
04/08/2000,YNG,OH,AGL,CE,Towers with Radar,1,7,5,8,21,1,8,0,0,9,2,15,5,8,30,0,0,0,30
04/09/2000,YNG,OH,AGL,CE,Towers with Radar,1,14,21,14,50,0,1,0,0,1,1,15,21,14,51,12,14,26,77
04/10/2000,YNG,OH,AGL,CE,Towers with Radar,2,22,44,23,91,0,7,37,9,53,2,29,81,32,144,64,56,120,264
04/11/2000,YNG,OH,AGL,CE,Towers with Radar,0,23,52,32,107,0,0,0,43,43,0,23,52,75,150,42,78,120,270
04/12/2000,YNG,OH,AGL,CE,Towers with Radar,0,25,60,32,117,0,0,34,19,53,0,25,94,51,170,42,142,184,354
04/13/2000,YNG,OH,AGL,CE,Towers with Radar,0,25,49,26,100,0,2,68,31,101,0,27,117,57,201,102,176,278,479
04/14/2000,YNG,OH,AGL,CE,Towers with Radar,2,22,42,22,88,3,9,66,13,91,5,31,108,35,179,98,56,154,333
04/15/2000,YNG,OH,AGL,CE,Towers with Radar,1,16,31,13,61,5,2,50,0,57,6,18,81,13,118,118,16,134,252
04/16/2000,YNG,OH,AGL,CE,Towers with Radar,1,17,36,8,62,2,0,56,0,58,3,17,92,8,120,104,6,110,230
04/17/2000,YNG,OH,AGL,CE,Towers with Radar,1,18,28,16,63,0,0,0,0,0,1,18,28,16,63,20,32,52,115
04/18/2000,YNG,OH,AGL,CE,Towers with Radar,0,26,49,26,101,0,15,27,2,44,0,41,76,28,145,52,86,138,283
04/19/2000,YNG,OH,AGL,CE,Towers with Radar,2,21,74,39,136,2,0,57,9,68,4,21,131,48,204,80,136,216,420
04/20/2000,YNG,OH,AGL,CE,Towers with Radar,0,16,38,25,79,0,0,0,17,17,0,16,38,42,96,32,66,98,194
04/21/2000,YNG,OH,AGL,CE,Towers with Radar,1,20,38,13,72,2,6,17,0,25,3,26,55,13,97,80,44,124,221
04/22/2000,YNG,OH,AGL,CE,Towers with Radar,0,12,23,2,37,0,1,11,0,12,0,13,34,2,49,28,0,28,77
04/23/2000,YNG,OH,AGL,CE,Towers with Radar,0,11,20,2,33,0,4,2,0,6,0,15,22,2,39,24,0,24,63
04/24/2000,YNG,OH,AGL,CE,Towers with Radar,1,19,39,21,80,2,0,42,8,52,3,19,81,29,132,52,112,164,296
04/25/2000,YNG,OH,AGL,CE,Towers with Radar,1,22,47,25,95,0,0,38,18,56,1,22,85,43,151,62,88,150,301
04/26/2000,YNG,OH,AGL,CE,Towers with Radar,1,19,38,10,68,1,12,45,0,58,2,31,83,10,126,52,34,86,212
04/27/2000,YNG,OH,AGL,CE,Towers with Radar,0,28,54,26,108,0,8,46,0,54,0,36,100,26,162,144,50,194,356
04/28/2000,YNG,OH,AGL,CE,Towers with Radar,0,25,49,9,83,0,5,75,0,80,0,30,124,9,163,112,14,126,289
04/29/2000,YNG,OH,AGL,CE,Towers with Radar,0,18,35,12,65,0,6,98,0,104,0,24,133,12,169,126,0,126,295
04/30/2000,YNG,OH,AGL,CE,Towers with Radar,0,14,27,7,48,6,4,42,0,52,6,18,69,7,100,102,6,108,208
05/01/2000,YNG,OH,AGL,CE,Towers with Radar,1,14,39,7,61,0,4,20,0,24,1,18,59,7,85,46,0,46,131
05/02/2000,YNG,OH,AGL,CE,Towers with Radar,3,17,45,14,79,0,7,41,0,48,3,24,86,14,127,112,30,142,269
05/03/2000,YNG,OH,AGL,CE,Towers with Radar,7,15,59,30,111,5,0,65,9,79,12,15,124,39,190,106,178,284,474
05/04/2000,YNG,OH,AGL,CE,Towers with Radar,6,9,54,28,97,2,0,38,9,49,8,9,92,37,146,136,80,216,362
05/05/2000,YNG,OH,AGL,CE,Towers with Radar,1,17,48,24,90,0,0,22,0,22,1,17,70,24,112,114,48,162,274
05/06/2000,YNG,OH,AGL,CE,Towers with Radar,0,10,30,14,54,0,0,26,3,29,0,10,56,17,83,42,16,58,141
05/07/2000,YNG,OH,AGL,CE,Towers with Radar,2,12,34,17,65,0,6,17,10,33,2,18,51,27,98,58,58,116,214
05/08/2000,YNG,OH,AGL,CE,Towers with Radar,6,14,51,25,96,1,0,11,0,12,7,14,62,25,108,48,72,120,228
05/09/2000,YNG,OH,AGL,CE,Towers with Radar,6,8,53,28,95,5,0,1,19,25,11,8,54,47,120,30,140,170,290
05/10/2000,YNG,OH,AGL,CE,Towers with Radar,2,17,48,25,92,0,4,12,38,54,2,21,60,63,146,28,146,174,320
05/11/2000,YNG,OH,AGL,CE,Towers with Radar,0,22,36,47,105,0,2,94,5,101,0,24,130,52,206,40,132,172,378
05/12/2000,YNG,OH,AGL,CE,Towers with Radar,5,11,38,11,65,8,0,0,0,8,13,11,38,11,73,92,32,124,197
05/13/2000,YNG,OH,AGL,CE,Towers with Radar,0,9,23,3,35,0,4,0,0,4,0,13,23,3,39,16,16,32,71
05/14/2000,YNG,OH,AGL,CE,Towers with Radar,0,9,27,3,39,0,6,27,0,33,0,15,54,3,72,40,0,40,112
05/15/2000,YNG,OH,AGL,CE,Towers with Radar,2,12,34,4,52,0,8,26,0,34,2,20,60,4,86,84,0,84,170
05/16/2000,YNG,OH,AGL,CE,Towers with Radar,0,18,59,31,108,0,0,17,49,66,0,18,76,80,174,54,150,204,378
05/17/2000,YNG,OH,AGL,CE,Towers with Radar,3,17,46,15,81,0,4,61,0,65,3,21,107,15,146,110,42,152,298
05/18/2000,YNG,OH,AGL,CE,Towers with Radar,6,13,44,3,66,4,0,0,0,4,10,13,44,3,70,38,14,52,122
05/19/2000,YNG,OH,AGL,CE,Towers with Radar,2,16,57,30,105,0,0,10,4,14,2,16,67,34,119,22,22,44,163
05/20/2000,YNG,OH,AGL,CE,Towers with Radar,0,13,36,17,66,0,0,16,0,16,0,13,52,17,82,62,8,70,152
05/21/2000,YNG,OH,AGL,CE,Towers with Radar,5,11,49,15,80,3,0,43,0,46,8,11,92,15,126,90,30,120,246
05/22/2000,YNG,OH,AGL,CE,Towers with Radar,6,8,60,32,106,6,0,36,7,49,12,8,96,39,155,128,142,270,425
05/23/2000,YNG,OH,AGL,CE,Towers with Radar,4,8,44,20,76,5,0,0,0,5,9,8,44,20,81,32,22,54,135
05/24/2000,YNG,OH,AGL,CE,Towers with Radar,1,21,60,32,114,0,22,41,0,63,1,43,101,32,177,124,120,244,421
05/25/2000,YNG,OH,AGL,CE,Towers with Radar,5,18,62,33,118,0,0,30,40,70,5,18,92,73,188,100,112,212,400
05/26/2000,YNG,OH,AGL,CE,Towers with Radar,4,14,47,8,73,3,0,41,0,44,7,14,88,8,117,68,42,110,227
05/27/2000,YNG,OH,AGL,CE,Towers with Radar,0,11,30,2,43,0,18,11,0,29,0,29,41,2,72,44,0,44,116
05/28/2000,YNG,OH,AGL,CE,Towers with Radar,2,10,14,0,26,0,20,0,0,20,2,30,14,0,46,10,0,10,56
05/29/2000,YNG,OH,AGL,CE,Towers with Radar,5,22,58,0,85,3,34,33,0,70,8,56,91,0,155,118,8,126,281
05/30/2000,YNG,OH,AGL,CE,Towers with Radar,6,12,62,33,113,3,0,44,39,86,9,12,106,72,199,140,206,346,545
05/31/2000,YNG,OH,AGL,CE,Towers with Radar,4,11,48,25,88,3,0,30,0,33,7,11,78,25,121,146,72,218,339
06/01/2000,YNG,OH,AGL,CE,Towers with Radar,0,15,54,29,98,0,0,0,28,28,0,15,54,57,126,68,110,178,304
06/02/2000,YNG,OH,AGL,CE,Towers with Radar,0,16,50,22,88,0,0,0,0,0,0,16,50,22,88,50,34,84,172
06/03/2000,YNG,OH,AGL,CE,Towers with Radar,4,11,46,18,79,0,0,74,0,74,4,11,120,18,153,150,10,160,313
06/04/2000,YNG,OH,AGL,CE,Towers with Radar,0,15,50,23,88,0,11,26,0,37,0,26,76,23,125,115,24,139,264
06/05/2000,YNG,OH,AGL,CE,Towers with Radar,2,16,44,6,68,0,5,0,0,5,2,21,44,6,73,38,2,40,113
06/06/2000,YNG,OH,AGL,CE,Towers with Radar,1,19,50,26,96,0,7,0,26,33,1,26,50,52,129,18,98,116,245
06/07/2000,YNG,OH,AGL,CE,Towers with Radar,1,21,68,31,121,0,1,99,24,124,1,22,167,55,245,120,142,262,507
06/08/2000,YNG,OH,AGL,CE,Towers with Radar,0,22,38,39,99,0,4,31,10,45,0,26,69,49,144,88,106,194,338
06/09/2000,YNG,OH,AGL,CE,Towers with Radar,3,19,63,13,98,0,5,40,0,45,3,24,103,13,143,104,16,120,263
06/10/2000,YNG,OH,AGL,CE,Towers with Radar,4,6,36,9,55,0,0,53,0,53,4,6,89,9,108,112,4,116,224
06/11/2000,YNG,OH,AGL,CE,Towers with Radar,1,14,49,4,68,0,0,17,0,17,1,14,66,4,85,70,0,70,155
06/12/2000,YNG,OH,AGL,CE,Towers with Radar,6,15,44,12,77,3,0,0,0,3,9,15,44,12,80,30,14,44,124
06/13/2000,YNG,OH,AGL,CE,Towers with Radar,5,10,32,25,72,2,0,0,18,20,7,10,32,43,92,80,68,148,240
06/14/2000,YNG,OH,AGL,CE,Towers with Radar,1,17,52,25,95,0,5,17,4,26,1,22,69,29,121,84,48,132,253
06/15/2000,YNG,OH,AGL,CE,Towers with Radar,2,21,66,31,120,0,1,28,0,29,2,22,94,31,149,36,92,128,277
06/16/2000,YNG,OH,AGL,CE,Towers with Radar,2,18,41,12,73,0,0,7,0,7,2,18,48,12,80,22,32,54,134
06/17/2000,YNG,OH,AGL,CE,Towers with Radar,2,13,42,15,72,0,17,43,0,60,2,30,85,15,132,102,62,164,296
06/18/2000,YNG,OH,AGL,CE,Towers with Radar,2,15,48,6,71,0,9,6,0,15,2,24,54,6,86,74,0,74,160
06/19/2000,YNG,OH,AGL,CE,Towers with Radar,7,13,68,22,110,1,0,112,0,113,8,13,180,22,223,166,28,194,417
06/20/2000,YNG,OH,AGL,CE,Towers with Radar,7,7,67,32,113,7,0,111,24,142,14,7,178,56,255,142,114,256,511
06/21/2000,YNG,OH,AGL,CE,Towers with Radar,4,16,47,23,90,0,11,6,2,19,4,27,53,25,109,48,94,142,251
06/22/2000,YNG,OH,AGL,CE,Towers with Radar,3,21,68,33,125,0,3,5,6,14,3,24,73,39,139,86,102,188,327
06/23/2000,YNG,OH,AGL,CE,Towers with Radar,1,10,34,0,45,0,15,107,0,122,1,25,141,0,167,126,18,144,311
06/24/2000,YNG,OH,AGL,CE,Towers with Radar,5,7,47,0,59,6,0,28,0,34,11,7,75,0,93,90,0,90,183
06/25/2000,YNG,OH,AGL,CE,Towers with Radar,4,11,43,1,59,8,0,21,0,29,12,11,64,1,88,108,0,108,196
06/26/2000,YNG,OH,AGL,CE,Towers with Radar,5,16,62,30,113,3,0,39,19,61,8,16,101,49,174,100,106,206,380
06/27/2000,YNG,OH,AGL,CE,Towers with Radar,7,23,78,38,146,37,0,79,9,125,44,23,157,47,271,202,122,324,595
06/28/2000,YNG,OH,AGL,CE,Towers with Radar,2,23,70,34,129,0,12,68,28,108,2,35,138,62,237,96,140,236,473
06/29/2000,YNG,OH,AGL,CE,Towers with Radar,0,18,65,31,114,0,0,5,57,62,0,18,70,88,176,56,115,171,347
06/30/2000,YNG,OH,AGL,CE,Towers with Radar,0,16,54,5,75,0,0,95,0,95,0,16,149,5,170,128,2,130,300
07/01/2000,YNG,OH,AGL,CE,Towers with Radar,11,4,52,0,67,0,0,56,0,56,11,4,108,0,123,98,0,98,221
07/02/2000,YNG,OH,AGL,CE,Towers with Radar,4,6,28,3,41,13,0,21,0,34,17,6,49,3,75,46,0,46,121
07/03/2000,YNG,OH,AGL,CE,Towers with Radar,4,9,32,15,60,2,0,0,0,2,6,9,32,15,62,58,74,132,194
07/04/2000,YNG,OH,AGL,CE,Towers with Radar,0,7,24,0,31,0,8,21,0,29,0,15,45,0,60,40,0,40,100
07/05/2000,YNG,OH,AGL,CE,Towers with Radar,1,19,76,46,142,0,0,31,69,100,1,19,107,115,242,104,238,342,584
07/06/2000,YNG,OH,AGL,CE,Towers with Radar,7,11,63,38,119,7,0,40,23,70,14,11,103,61,189,112,112,224,413
07/07/2000,YNG,OH,AGL,CE,Towers with Radar,2,13,45,28,88,0,4,38,3,45,2,17,83,31,133,116,62,178,311
07/08/2000,YNG,OH,AGL,CE,Towers with Radar,0,7,24,0,31,0,6,89,0,95,0,13,113,0,126,146,0,146,272
07/09/2000,YNG,OH,AGL,CE,Towers with Radar,5,7,42,24,78,6,0,30,0,36,11,7,72,24,114,106,32,138,252
07/10/2000,YNG,OH,AGL,CE,Towers with Radar,5,11,36,14,66,3,5,0,0,8,8,16,36,14,74,24,4,28,102
07/11/2000,YNG,OH,AGL,CE,Towers with Radar,0,20,69,42,131,0,0,51,25,76,0,20,120,67,207,116,136,252,459
07/12/2000,YNG,OH,AGL,CE,Towers with Radar,0,16,56,34,106,0,1,68,13,82,0,17,124,47,188,120,72,192,380
07/13/2000,YNG,OH,AGL,CE,Towers with Radar,2,15,52,32,101,0,7,93,2,102,2,22,145,34,203,122,40,162,365
07/14/2000,YNG,OH,AGL,CE,Towers with Radar,6,11,40,18,75,7,0,0,0,7,13,11,40,18,82,34,20,54,136
07/15/2000,YNG,OH,AGL,CE,Towers with Radar,3,8,28,2,41,0,7,13,0,20,3,15,41,2,61,88,0,88,149
07/16/2000,YNG,OH,AGL,CE,Towers with Radar,2,8,29,6,45,0,3,25,0,28,2,11,54,6,73,86,0,86,159
07/17/2000,YNG,OH,AGL,CE,Towers with Radar,6,4,62,38,110,12,0,65,6,83,18,4,127,44,193,128,134,262,455
07/18/2000,YNG,OH,AGL,CE,Towers with Radar,6,12,63,39,120,11,0,52,22,85,17,12,115,61,205,136,170,306,511
07/19/2000,YNG,OH,AGL,CE,Towers with Radar,2,19,92,56,169,0,0,54,44,98,2,19,146,100,267,162,168,330,597
07/20/2000,YNG,OH,AGL,CE,Towers with Radar,0,14,44,27,85,0,2,36,8,46,0,16,80,35,131,92,90,182,313
07/21/2000,YNG,OH,AGL,CE,Towers with Radar,2,14,44,24,84,0,7,2,0,9,2,21,46,24,93,54,90,144,237
07/22/2000,YNG,OH,AGL,CE,Towers with Radar,5,6,49,2,62,8,0,64,0,72,13,6,113,2,134,0,168,168,302
07/23/2000,YNG,OH,AGL,CE,Towers with Radar,5,9,48,5,67,5,0,75,0,80,10,9,123,5,147,106,6,112,259
07/24/2000,YNG,OH,AGL,CE,Towers with Radar,0,19,60,35,114,0,0,78,2,80,0,19,138,37,194,126,66,192,386
07/25/2000,YNG,OH,AGL,CE,Towers with Radar,0,25,65,49,139,0,0,91,5,96,0,25,156,54,235,152,130,282,517
07/26/2000,YNG,OH,AGL,CE,Towers with Radar,0,18,62,36,116,0,33,60,10,103,0,51,122,46,219,160,164,324,543
07/27/2000,YNG,OH,AGL,CE,Towers with Radar,0,17,61,36,114,0,6,29,26,61,0,23,90,62,175,110,98,208,383
07/28/2000,YNG,OH,AGL,CE,Towers with Radar,1,13,40,21,75,0,4,0,0,4,1,17,40,21,79,16,68,84,163
07/29/2000,YNG,OH,AGL,CE,Towers with Radar,0,10,37,1,48,0,0,26,0,26,0,10,63,1,74,10,0,10,84
07/30/2000,YNG,OH,AGL,CE,Towers with Radar,4,12,44,4,64,2,1,17,0,20,6,13,61,4,84,56,0,56,140
07/31/2000,YNG,OH,AGL,CE,Towers with Radar,2,17,62,29,110,0,0,10,0,10,2,17,72,29,120,102,119,221,341
08/01/2000,YNG,OH,AGL,CE,Towers with Radar,0,20,57,42,119,0,1,23,17,41,0,21,80,59,160,78,92,170,330
08/02/2000,YNG,OH,AGL,CE,Towers with Radar,1,16,46,34,97,0,4,9,14,27,1,20,55,48,124,30,112,142,266
08/03/2000,YNG,OH,AGL,CE,Towers with Radar,2,22,60,41,125,0,2,4,0,6,2,24,64,41,131,42,46,88,219
08/04/2000,YNG,OH,AGL,CE,Towers with Radar,5,15,59,30,109,4,0,28,0,32,9,15,87,30,141,122,64,186,327
08/05/2000,YNG,OH,AGL,CE,Towers with Radar,0,13,37,4,54,0,1,77,0,78,0,14,114,4,132,200,2,202,334
08/06/2000,YNG,OH,AGL,CE,Towers with Radar,6,4,22,3,35,0,0,2,0,2,6,4,24,3,37,0,0,0,37
08/07/2000,YNG,OH,AGL,CE,Towers with Radar,0,19,51,38,108,0,7,39,29,75,0,26,90,67,183,98,148,246,429
08/08/2000,YNG,OH,AGL,CE,Towers with Radar,0,15,59,42,116,0,0,21,29,50,0,15,80,71,166,74,124,198,364
08/09/2000,YNG,OH,AGL,CE,Towers with Radar,0,20,53,39,112,0,4,0,17,21,0,24,53,56,133,64,134,198,331
08/10/2000,YNG,OH,AGL,CE,Towers with Radar,0,19,57,41,117,0,0,60,13,73,0,19,117,54,190,130,114,244,434
08/11/2000,YNG,OH,AGL,CE,Towers with Radar,5,25,67,30,127,16,17,49,0,82,21,42,116,30,209,102,58,160,369
08/12/2000,YNG,OH,AGL,CE,Towers with Radar,2,11,41,0,54,0,0,60,0,60,2,11,101,0,114,162,0,162,276
08/13/2000,YNG,OH,AGL,CE,Towers with Radar,3,17,45,18,83,5,5,50,0,60,8,22,95,18,143,80,76,156,299
08/14/2000,YNG,OH,AGL,CE,Towers with Radar,1,18,65,32,116,0,0,92,0,92,1,18,157,32,208,132,42,174,382
08/15/2000,YNG,OH,AGL,CE,Towers with Radar,4,10,60,44,118,8,0,22,50,80,12,10,82,94,198,62,178,240,438
08/16/2000,YNG,OH,AGL,CE,Towers with Radar,2,21,57,42,122,0,0,54,18,72,2,21,111,60,194,78,130,208,402
08/17/2000,YNG,OH,AGL,CE,Towers with Radar,4,17,64,28,113,4,0,3,0,7,8,17,67,28,120,72,44,116,236
08/18/2000,YNG,OH,AGL,CE,Towers with Radar,13,20,60,25,118,0,0,25,0,25,13,20,85,25,143,62,36,98,241
08/19/2000,YNG,OH,AGL,CE,Towers with Radar,2,11,37,3,53,8,0,86,0,94,10,11,123,3,147,142,0,142,289
08/20/2000,YNG,OH,AGL,CE,Towers with Radar,1,16,45,23,85,0,3,87,0,90,1,19,132,23,175,114,46,160,335
08/21/2000,YNG,OH,AGL,CE,Towers with Radar,2,19,67,49,137,0,0,87,1,88,2,19,154,50,225,124,98,222,447
08/22/2000,YNG,OH,AGL,CE,Towers with Radar,1,21,43,73,138,0,21,67,0,88,1,42,110,73,226,120,136,256,482
08/23/2000,YNG,OH,AGL,CE,Towers with Radar,3,17,44,23,87,1,33,0,0,34,4,50,44,23,121,34,92,126,247
08/24/2000,YNG,OH,AGL,CE,Towers with Radar,0,18,49,31,98,0,7,36,0,43,0,25,85,31,141,108,110,218,359
08/25/2000,YNG,OH,AGL,CE,Towers with Radar,7,18,60,22,107,0,0,45,0,45,7,18,105,22,152,114,70,184,336
08/26/2000,YNG,OH,AGL,CE,Towers with Radar,2,11,32,6,51,2,46,53,0,101,4,57,85,6,152,132,0,132,284
08/27/2000,YNG,OH,AGL,CE,Towers with Radar,3,17,50,27,97,4,3,1,0,8,7,20,51,27,105,18,8,26,131
08/28/2000,YNG,OH,AGL,CE,Towers with Radar,3,14,50,37,104,1,0,43,5,49,4,14,93,42,153,110,120,230,383
08/29/2000,YNG,OH,AGL,CE,Towers with Radar,2,18,70,57,147,0,2,38,5,45,2,20,108,62,192,142,162,304,496
08/30/2000,YNG,OH,AGL,CE,Towers with Radar,0,21,63,46,130,0,0,43,21,64,0,21,106,67,194,80,144,224,418
08/31/2000,YNG,OH,AGL,CE,Towers with Radar,4,15,62,46,127,2,0,38,38,78,6,15,100,84,205,94,194,288,493
09/01/2000,YNG,OH,AGL,CE,Towers with Radar,4,10,54,1,69,9,0,16,0,25,13,10,70,1,94,74,0,74,168
09/02/2000,YNG,OH,AGL,CE,Towers with Radar,3,12,50,0,65,9,0,14,0,23,12,12,64,0,88,88,0,88,176
09/03/2000,YNG,OH,AGL,CE,Towers with Radar,2,12,38,0,52,0,1,23,0,24,2,13,61,0,76,74,0,74,150
09/04/2000,YNG,OH,AGL,CE,Towers with Radar,3,11,24,0,38,1,1,0,0,2,4,12,24,0,40,10,0,10,50
09/05/2000,YNG,OH,AGL,CE,Towers with Radar,4,13,54,25,96,10,0,6,1,17,14,13,60,26,113,72,90,162,275
09/06/2000,YNG,OH,AGL,CE,Towers with Radar,0,22,67,26,115,0,1,115,0,116,0,23,182,26,231,156,52,208,439
09/07/2000,YNG,OH,AGL,CE,Towers with Radar,2,20,60,27,109,0,14,56,1,71,2,34,116,28,180,166,70,236,416
09/08/2000,YNG,OH,AGL,CE,Towers with Radar,1,16,56,16,89,0,0,49,0,49,1,16,105,16,138,82,20,102,240
09/09/2000,YNG,OH,AGL,CE,Towers with Radar,1,10,45,6,62,0,0,4,0,4,1,10,49,6,66,44,10,54,120
09/10/2000,YNG,OH,AGL,CE,Towers with Radar,1,11,45,7,64,0,0,8,0,8,1,11,53,7,72,54,10,64,136
09/11/2000,YNG,OH,AGL,CE,Towers with Radar,0,21,38,31,90,0,0,0,54,54,0,21,38,85,144,28,130,158,302
09/12/2000,YNG,OH,AGL,CE,Towers with Radar,0,17,47,24,88,0,1,0,8,9,0,18,47,32,97,20,54,74,171
09/13/2000,YNG,OH,AGL,CE,Towers with Radar,1,16,69,34,120,0,0,70,50,120,1,16,139,84,240,108,146,254,494
09/14/2000,YNG,OH,AGL,CE,Towers with Radar,0,20,69,34,123,0,0,1,15,16,0,20,70,49,139,96,62,158,297
09/15/2000,YNG,OH,AGL,CE,Towers with Radar,2,20,61,8,91,0,0,12,0,12,2,20,73,8,103,20,6,26,129
09/16/2000,YNG,OH,AGL,CE,Towers with Radar,6,11,28,5,50,0,0,34,1,35,6,11,62,6,85,84,12,96,181
09/17/2000,YNG,OH,AGL,CE,Towers with Radar,5,16,16,1,38,0,0,47,1,48,5,16,63,2,86,108,0,108,194
09/18/2000,YNG,OH,AGL,CE,Towers with Radar,0,17,51,25,93,0,5,29,2,36,0,22,80,27,129,64,80,144,273
09/19/2000,YNG,OH,AGL,CE,Towers with Radar,2,19,57,28,106,0,2,46,17,65,2,21,103,45,171,102,160,262,433
09/20/2000,YNG,OH,AGL,CE,Towers with Radar,3,20,80,39,142,0,0,18,27,45,3,20,98,66,187,84,162,246,433
09/21/2000,YNG,OH,AGL,CE,Towers with Radar,1,23,42,72,138,0,0,16,3,19,1,23,58,75,157,28,154,182,339
09/22/2000,YNG,OH,AGL,CE,Towers with Radar,0,20,59,17,96,0,5,77,0,82,0,25,136,17,178,130,40,170,348
09/23/2000,YNG,OH,AGL,CE,Towers with Radar,0,13,40,1,54,0,4,1,0,5,0,17,41,1,59,38,2,40,99
09/24/2000,YNG,OH,AGL,CE,Towers with Radar,3,14,57,19,93,1,0,24,0,25,4,14,81,19,118,48,4,52,170
09/25/2000,YNG,OH,AGL,CE,Towers with Radar,3,23,67,33,126,1,18,1,23,43,4,41,68,56,169,68,132,200,369
09/26/2000,YNG,OH,AGL,CE,Towers with Radar,0,24,72,34,130,0,5,60,7,72,0,29,132,41,202,122,78,200,402
09/27/2000,YNG,OH,AGL,CE,Towers with Radar,2,22,67,33,124,0,0,47,40,87,2,22,114,73,211,118,146,264,475
09/28/2000,YNG,OH,AGL,CE,Towers with Radar,4,18,83,30,135,8,0,50,0,58,12,18,133,30,193,118,48,166,359
09/29/2000,YNG,OH,AGL,CE,Towers with Radar,2,23,68,18,111,0,12,73,0,85,2,35,141,18,196,148,12,160,356
09/30/2000,YNG,OH,AGL,CE,Towers with Radar,2,17,52,0,71,0,7,102,0,109,2,24,154,0,180,160,0,160,340
10/01/2000,YNG,OH,AGL,CE,Towers with Radar,1,12,31,0,44,0,4,43,0,47,1,16,74,0,91,80,0,80,171
10/02/2000,YNG,OH,AGL,CE,Towers with Radar,4,11,38,10,63,5,0,58,0,63,9,11,96,10,126,94,32,126,252
10/03/2000,YNG,OH,AGL,CE,Towers with Radar,0,18,63,39,120,0,0,50,59,109,0,18,113,98,229,140,206,346,575
10/04/2000,YNG,OH,AGL,CE,Towers with Radar,2,20,41,31,94,0,0,0,21,21,2,20,41,52,115,74,166,240,355
10/05/2000,YNG,OH,AGL,CE,Towers with Radar,0,20,33,0,53,0,7,0,0,7,0,27,33,0,60,12,0,12,72
10/06/2000,YNG,OH,AGL,CE,Towers with Radar,4,17,41,3,65,1,8,7,0,16,5,25,48,3,81,62,0,62,143
10/07/2000,YNG,OH,AGL,CE,Towers with Radar,3,9,22,1,35,2,4,1,0,7,5,13,23,1,42,28,0,28,70
10/08/2000,YNG,OH,AGL,CE,Towers with Radar,4,12,14,4,34,0,0,3,0,3,4,12,17,4,37,12,0,12,49
10/09/2000,YNG,OH,AGL,CE,Towers with Radar,4,17,42,0,63,2,11,2,0,15,6,28,44,0,78,40,0,40,118
10/10/2000,YNG,OH,AGL,CE,Towers with Radar,1,19,46,30,96,0,7,42,22,71,1,26,88,52,167,50,108,158,325
10/11/2000,YNG,OH,AGL,CE,Towers with Radar,7,9,73,47,136,6,0,92,19,117,13,9,165,66,253,248,156,404,657
10/12/2000,YNG,OH,AGL,CE,Towers with Radar,5,10,47,31,93,10,0,86,7,103,15,10,133,38,196,184,102,286,482
10/13/2000,YNG,OH,AGL,CE,Towers with Radar,5,18,48,30,101,2,0,34,0,36,7,18,82,30,137,110,78,188,325
10/14/2000,YNG,OH,AGL,CE,Towers with Radar,3,14,33,22,72,0,18,50,2,70,3,32,83,24,142,130,58,188,330
10/15/2000,YNG,OH,AGL,CE,Towers with Radar,4,10,28,20,62,3,0,0,0,3,7,10,28,20,65,22,16,38,103
10/16/2000,YNG,OH,AGL,CE,Towers with Radar,2,18,44,9,73,0,2,9,0,11,2,20,53,9,84,52,22,74,158
10/17/2000,YNG,OH,AGL,CE,Towers with Radar,5,16,30,33,84,1,0,0,29,30,6,16,30,62,114,12,108,120,234
10/18/2000,YNG,OH,AGL,CE,Towers with Radar,0,21,49,32,102,0,6,38,7,51,0,27,87,39,153,142,86,228,381
10/19/2000,YNG,OH,AGL,CE,Towers with Radar,0,34,87,50,171,0,0,39,2,41,0,34,126,52,212,148,100,248,460
10/20/2000,YNG,OH,AGL,CE,Towers with Radar,2,19,49,15,85,0,0,42,0,42,2,19,91,15,127,120,2,122,249
10/21/2000,YNG,OH,AGL,CE,Towers with Radar,1,8,19,6,34,1,4,40,0,45,2,12,59,6,79,88,10,98,177
10/22/2000,YNG,OH,AGL,CE,Towers with Radar,2,15,35,23,75,0,2,66,4,72,2,17,101,27,147,110,70,180,327
10/23/2000,YNG,OH,AGL,CE,Towers with Radar,4,20,47,31,102,0,0,32,9,41,4,20,79,40,143,114,56,170,313
10/24/2000,YNG,OH,AGL,CE,Towers with Radar,3,17,41,8,69,8,0,10,0,18,11,17,51,8,87,16,0,16,103
10/25/2000,YNG,OH,AGL,CE,Towers with Radar,2,27,54,43,126,0,0,0,69,69,2,27,54,112,195,32,150,182,377
10/26/2000,YNG,OH,AGL,CE,Towers with Radar,1,21,49,32,103,0,2,9,6,17,1,23,58,38,120,66,60,126,246
10/27/2000,YNG,OH,AGL,CE,Towers with Radar,2,21,21,15,59,0,3,0,0,3,2,24,21,15,62,24,20,44,106
10/28/2000,YNG,OH,AGL,CE,Towers with Radar,0,10,25,0,35,0,12,19,0,31,0,22,44,0,66,40,0,40,106
10/29/2000,YNG,OH,AGL,CE,Towers with Radar,2,10,32,2,46,4,0,40,0,44,6,10,72,2,90,72,0,72,162
10/30/2000,YNG,OH,AGL,CE,Towers with Radar,4,11,49,12,76,2,0,42,0,44,6,11,91,12,120,74,48,122,242
10/31/2000,YNG,OH,AGL,CE,Towers with Radar,3,17,42,25,87,0,0,36,23,59,3,17,78,48,146,110,76,186,332
11/01/2000,YNG,OH,AGL,CE,Towers with Radar,4,15,39,25,83,18,0,54,0,72,22,15,93,25,155,92,58,150,305
11/02/2000,YNG,OH,AGL,CE,Towers with Radar,1,16,41,36,94,0,0,42,43,85,1,16,83,79,179,76,154,230,409
11/03/2000,YNG,OH,AGL,CE,Towers with Radar,3,26,40,40,109,0,0,14,0,14,3,26,54,40,123,48,70,118,241
11/04/2000,YNG,OH,AGL,CE,Towers with Radar,3,14,27,1,45,0,0,43,0,43,3,14,70,1,88,38,4,42,130
11/05/2000,YNG,OH,AGL,CE,Towers with Radar,4,13,39,27,83,0,0,44,0,44,4,13,83,27,127,104,26,130,257
11/06/2000,YNG,OH,AGL,CE,Towers with Radar,2,26,59,51,138,0,0,32,42,74,2,26,91,93,212,142,100,242,454
11/07/2000,YNG,OH,AGL,CE,Towers with Radar,0,28,52,45,125,0,2,5,25,32,0,30,57,70,157,68,58,126,283
11/08/2000,YNG,OH,AGL,CE,Towers with Radar,0,18,52,37,107,0,0,1,0,1,0,18,53,37,108,24,76,100,208
11/09/2000,YNG,OH,AGL,CE,Towers with Radar,3,16,35,38,92,0,0,0,8,8,3,16,35,46,100,34,50,84,184
11/10/2000,YNG,OH,AGL,CE,Towers with Radar,3,13,25,0,41,2,0,0,0,2,5,13,25,0,43,2,0,2,45
11/11/2000,YNG,OH,AGL,CE,Towers with Radar,2,11,22,9,44,1,1,20,0,22,3,12,42,9,66,104,0,104,170
11/12/2000,YNG,OH,AGL,CE,Towers with Radar,1,13,43,5,62,0,0,25,0,25,1,13,68,5,87,54,0,54,141
11/13/2000,YNG,OH,AGL,CE,Towers with Radar,0,19,41,21,81,0,0,4,0,4,0,19,45,21,85,76,24,100,185
11/14/2000,YNG,OH,AGL,CE,Towers with Radar,1,19,57,49,126,0,0,4,62,66,1,19,61,111,192,88,220,308,500
11/15/2000,YNG,OH,AGL,CE,Towers with Radar,0,19,37,25,81,0,1,29,0,30,0,20,66,25,111,62,52,114,225
11/16/2000,YNG,OH,AGL,CE,Towers with Radar,0,22,42,37,101,0,9,30,8,47,0,31,72,45,148,76,82,158,306
11/17/2000,YNG,OH,AGL,CE,Towers with Radar,3,13,26,20,62,5,14,1,0,20,8,27,27,20,82,28,17,45,127
11/18/2000,YNG,OH,AGL,CE,Towers with Radar,2,9,18,15,44,0,3,17,3,23,2,12,35,18,67,70,34,104,171
11/19/2000,YNG,OH,AGL,CE,Towers with Radar,2,12,25,16,55,0,13,24,0,37,2,25,49,16,92,44,20,64,156
11/20/2000,YNG,OH,AGL,CE,Towers with Radar,1,13,14,0,28,2,15,0,0,17,3,28,14,0,45,10,0,10,55
11/21/2000,YNG,OH,AGL,CE,Towers with Radar,2,17,27,10,56,3,18,0,0,21,5,35,27,10,77,12,6,18,95
11/22/2000,YNG,OH,AGL,CE,Towers with Radar,2,17,33,25,77,11,2,26,0,39,13,19,59,25,116,12,36,48,164
11/23/2000,YNG,OH,AGL,CE,Towers with Radar,0,14,3,0,17,0,0,10,0,10,0,14,13,0,27,0,0,0,27
11/24/2000,YNG,OH,AGL,CE,Towers with Radar,2,8,27,3,40,0,0,97,0,97,2,8,124,3,137,134,0,134,271
11/25/2000,YNG,OH,AGL,CE,Towers with Radar,2,12,24,1,39,8,0,26,0,34,10,12,50,1,73,52,0,52,125
11/26/2000,YNG,OH,AGL,CE,Towers with Radar,1,14,23,1,39,0,0,0,0,0,1,14,23,1,39,8,0,8,47
11/27/2000,YNG,OH,AGL,CE,Towers with Radar,2,16,23,27,68,0,1,0,5,6,2,17,23,32,74,0,52,52,126
11/28/2000,YNG,OH,AGL,CE,Towers with Radar,1,13,22,10,46,0,0,0,0,0,1,13,22,10,46,0,6,6,52
11/29/2000,YNG,OH,AGL,CE,Towers with Radar,0,16,32,28,76,0,3,1,15,19,0,19,33,43,95,58,54,112,207
11/30/2000,YNG,OH,AGL,CE,Towers with Radar,1,18,33,38,90,0,0,0,57,57,1,18,33,95,147,30,126,156,303
12/01/2000,YNG,OH,AGL,CE,Towers with Radar,4,17,36,28,85,0,0,0,2,2,4,17,36,30,87,6,86,92,179
12/02/2000,YNG,OH,AGL,CE,Towers with Radar,3,13,36,15,67,0,0,51,0,51,3,13,87,15,118,140,30,170,288
12/03/2000,YNG,OH,AGL,CE,Towers with Radar,5,11,51,20,87,4,0,118,0,122,9,11,169,20,209,158,54,212,421
12/04/2000,YNG,OH,AGL,CE,Towers with Radar,0,17,45,34,96,0,0,45,5,50,0,17,90,39,146,64,94,158,304
12/05/2000,YNG,OH,AGL,CE,Towers with Radar,1,15,36,33,85,0,0,0,46,46,1,15,36,79,131,0,64,64,195
12/06/2000,YNG,OH,AGL,CE,Towers with Radar,0,19,50,37,106,0,0,1,46,47,0,19,51,83,153,40,146,186,339
12/07/2000,YNG,OH,AGL,CE,Towers with Radar,7,11,12,0,30,0,1,2,0,3,7,12,14,0,33,6,0,6,39
12/08/2000,YNG,OH,AGL,CE,Towers with Radar,5,15,16,31,67,3,0,0,7,10,8,15,16,38,77,16,42,58,135
12/09/2000,YNG,OH,AGL,CE,Towers with Radar,4,9,38,15,66,3,0,69,0,72,7,9,107,15,138,106,42,148,286
12/10/2000,YNG,OH,AGL,CE,Towers with Radar,3,10,14,10,37,0,0,11,0,11,3,10,25,10,48,8,0,8,56
12/11/2000,YNG,OH,AGL,CE,Towers with Radar,0,10,11,0,21,0,0,0,0,0,0,10,11,0,21,0,0,0,21
12/12/2000,YNG,OH,AGL,CE,Towers with Radar,0,12,20,18,50,0,1,0,6,7,0,13,20,24,57,2,38,40,97
12/13/2000,YNG,OH,AGL,CE,Towers with Radar,0,20,44,17,81,0,9,33,0,42,0,29,77,17,123,58,18,76,199
12/14/2000,YNG,OH,AGL,CE,Towers with Radar,3,14,32,5,54,0,21,10,0,31,3,35,42,5,85,30,0,30,115
12/15/2000,YNG,OH,AGL,CE,Towers with Radar,0,19,26,15,60,0,6,0,0,6,0,25,26,15,66,22,24,46,112
12/16/2000,YNG,OH,AGL,CE,Towers with Radar,1,8,13,2,24,1,3,0,0,4,2,11,13,2,28,0,0,0,28
12/17/2000,YNG,OH,AGL,CE,Towers with Radar,0,8,9,3,20,0,7,0,0,7,0,15,9,3,27,0,0,0,27
12/18/2000,YNG,OH,AGL,CE,Towers with Radar,4,21,46,24,95,0,1,34,0,35,4,22,80,24,130,80,44,124,254
12/19/2000,YNG,OH,AGL,CE,Towers with Radar,0,14,31,19,64,0,0,0,0,0,0,14,31,19,64,2,8,10,74
12/20/2000,YNG,OH,AGL,CE,Towers with Radar,8,14,66,41,129,0,0,4,3,7,8,14,70,44,136,40,94,134,270
12/21/2000,YNG,OH,AGL,CE,Towers with Radar,6,13,36,43,98,6,0,0,91,97,12,13,36,134,195,40,166,206,401
12/22/2000,YNG,OH,AGL,CE,Towers with Radar,2,10,24,0,36,2,0,0,0,2,4,10,24,0,38,15,0,15,53
12/23/2000,YNG,OH,AGL,CE,Towers with Radar,2,6,31,0,39,1,0,42,0,43,3,6,73,0,82,76,0,76,158
12/24/2000,YNG,OH,AGL,CE,Towers with Radar,0,4,1,0,5,0,7,0,0,7,0,11,1,0,12,0,0,0,12
12/25/2000,YNG,OH,AGL,CE,Towers with Radar,0,13,8,0,21,0,0,0,0,0,0,13,8,0,21,0,0,0,21
12/26/2000,YNG,OH,AGL,CE,Towers with Radar,0,19,41,24,84,0,8,35,0,43,0,27,76,24,127,58,36,94,221
12/27/2000,YNG,OH,AGL,CE,Towers with Radar,3,16,17,25,61,9,7,0,12,28,12,23,17,37,89,0,34,34,123
12/28/2000,YNG,OH,AGL,CE,Towers with Radar,4,13,42,31,90,3,0,0,2,5,7,13,42,33,95,46,52,98,193
12/29/2000,YNG,OH,AGL,CE,Towers with Radar,1,16,38,17,72,0,0,4,0,4,1,16,42,17,76,46,30,76,152
12/30/2000,YNG,OH,AGL,CE,Towers with Radar,1,7,12,1,21,3,9,0,0,12,4,16,12,1,33,22,0,22,55
12/31/2000,YNG,OH,AGL,CE,Towers with Radar,0,12,3,2,17,0,2,0,0,2,0,14,3,2,19,0,0,0,19
01/01/2001,YNG,OH,AGL,CE,Towers with Radar,0,6,8,0,14,0,9,0,0,9,0,15,8,0,23,2,0,2,25
01/02/2001,YNG,OH,AGL,CE,Towers with Radar,1,15,42,35,93,0,0,11,24,35,1,15,53,59,128,48,96,144,272
01/03/2001,YNG,OH,AGL,CE,Towers with Radar,5,6,42,25,78,4,0,30,0,34,9,6,72,25,112,64,82,146,258
01/04/2001,YNG,OH,AGL,CE,Towers with Radar,5,7,32,37,81,5,0,0,13,18,10,7,32,50,99,12,54,66,165
01/05/2001,YNG,OH,AGL,CE,Towers with Radar,1,10,15,1,27,0,5,0,0,5,1,15,15,1,32,0,0,0,32
01/06/2001,YNG,OH,AGL,CE,Towers with Radar,1,9,19,9,38,0,4,15,0,19,1,13,34,9,57,48,30,78,135
01/07/2001,YNG,OH,AGL,CE,Towers with Radar,4,8,32,6,50,1,0,36,0,37,5,8,68,6,87,100,4,104,191
01/08/2001,YNG,OH,AGL,CE,Towers with Radar,2,16,14,29,61,0,1,0,24,25,2,17,14,53,86,0,64,64,150
01/09/2001,YNG,OH,AGL,CE,Towers with Radar,0,21,44,39,104,0,3,0,24,27,0,24,44,63,131,36,88,124,255
01/10/2001,YNG,OH,AGL,CE,Towers with Radar,0,20,59,49,128,0,0,6,34,40,0,20,65,83,168,94,194,288,456
01/11/2001,YNG,OH,AGL,CE,Towers with Radar,11,22,82,65,180,0,0,52,2,54,11,22,134,67,234,120,110,230,464
01/12/2001,YNG,OH,AGL,CE,Towers with Radar,5,16,53,0,74,3,0,70,0,73,8,16,123,0,147,132,46,178,325
01/13/2001,YNG,OH,AGL,CE,Towers with Radar,0,20,46,6,72,0,0,58,0,58,0,20,104,6,130,118,16,134,264
01/14/2001,YNG,OH,AGL,CE,Towers with Radar,2,12,27,1,42,0,3,17,0,20,2,15,44,1,62,62,0,62,124
01/15/2001,YNG,OH,AGL,CE,Towers with Radar,3,13,23,0,39,0,18,0,0,18,3,31,23,0,57,15,0,15,72
01/16/2001,YNG,OH,AGL,CE,Towers with Radar,0,17,40,0,57,0,1,24,0,25,0,18,64,0,82,0,0,0,82
01/17/2001,YNG,OH,AGL,CE,Towers with Radar,5,11,31,48,95,4,0,0,29,33,9,11,31,77,128,4,108,112,240
01/18/2001,YNG,OH,AGL,CE,Towers with Radar,0,19,46,38,103,0,0,18,4,22,0,19,64,42,125,184,134,318,443
01/19/2001,YNG,OH,AGL,CE,Towers with Radar,3,16,16,30,65,9,0,0,3,12,12,16,16,33,77,10,42,52,129
01/20/2001,YNG,OH,AGL,CE,Towers with Radar,4,12,42,2,60,0,0,42,0,42,4,12,84,2,102,96,0,96,198
01/21/2001,YNG,OH,AGL,CE,Towers with Radar,3,15,34,8,60,1,2,46,0,49,4,17,80,8,109,102,0,102,211
01/22/2001,YNG,OH,AGL,CE,Towers with Radar,5,13,55,45,118,20,0,32,15,67,25,13,87,60,185,114,128,242,427
01/23/2001,YNG,OH,AGL,CE,Towers with Radar,0,23,54,45,122,0,28,12,50,90,0,51,66,95,212,68,164,232,444
01/24/2001,YNG,OH,AGL,CE,Towers with Radar,0,26,24,48,98,0,41,0,27,68,0,67,24,75,166,56,104,160,326
01/25/2001,YNG,OH,AGL,CE,Towers with Radar,1,16,30,32,79,0,9,0,10,19,1,25,30,42,98,18,50,68,166
01/26/2001,YNG,OH,AGL,CE,Towers with Radar,4,20,46,39,109,1,0,36,5,42,5,20,82,44,151,58,0,58,209
01/27/2001,YNG,OH,AGL,CE,Towers with Radar,2,13,28,0,43,2,4,46,0,52,4,17,74,0,95,6,0,6,101
01/28/2001,YNG,OH,AGL,CE,Towers with Radar,3,14,32,6,55,0,2,36,0,38,3,16,68,6,93,74,0,74,167
01/29/2001,YNG,OH,AGL,CE,Towers with Radar,5,15,51,18,89,6,0,3,0,9,11,15,54,18,98,20,50,70,168
01/30/2001,YNG,OH,AGL,CE,Towers with Radar,7,13,42,61,123,1,0,0,76,77,8,13,42,137,200,6,68,74,274
01/31/2001,YNG,OH,AGL,CE,Towers with Radar,5,7,36,42,90,5,0,0,16,21,10,7,36,58,111,8,100,108,219
02/01/2001,YNG,OH,AGL,CE,Towers with Radar,4,12,12,31,59,3,0,0,31,34,7,12,12,62,93,32,128,160,253
02/02/2001,YNG,OH,AGL,CE,Towers with Radar,1,8,12,10,31,0,7,0,0,7,1,15,12,10,38,4,14,18,56
02/03/2001,YNG,OH,AGL,CE,Towers with Radar,2,13,39,10,64,0,3,94,0,97,2,16,133,10,161,172,22,194,355
02/04/2001,YNG,OH,AGL,CE,Towers with Radar,2,15,43,26,86,0,5,32,0,37,2,20,75,26,123,90,64,154,277
02/05/2001,YNG,OH,AGL,CE,Towers with Radar,3,12,33,26,74,0,4,0,11,15,3,16,33,37,89,0,30,30,119
02/06/2001,YNG,OH,AGL,CE,Towers with Radar,2,16,14,13,45,0,23,0,0,23,2,39,14,13,68,0,8,8,76
02/07/2001,YNG,OH,AGL,CE,Towers with Radar,2,13,79,55,149,0,0,49,29,78,2,13,128,84,227,160,162,322,549
02/08/2001,YNG,OH,AGL,CE,Towers with Radar,5,19,54,37,115,4,1,57,3,65,9,20,111,40,180,120,146,266,446
02/09/2001,YNG,OH,AGL,CE,Towers with Radar,4,15,32,21,72,1,8,0,0,9,5,23,32,21,81,2,24,26,107
02/10/2001,YNG,OH,AGL,CE,Towers with Radar,0,7,18,12,37,0,4,8,0,12,0,11,26,12,49,22,4,26,75
02/11/2001,YNG,OH,AGL,CE,Towers with Radar,4,13,58,6,81,32,0,63,0,95,36,13,121,6,176,276,0,276,452
02/12/2001,YNG,OH,AGL,CE,Towers with Radar,1,20,63,43,127,0,0,35,8,43,1,20,98,51,170,58,70,128,298
02/13/2001,YNG,OH,AGL,CE,Towers with Radar,5,16,73,50,144,0,0,22,10,32,5,16,95,60,176,116,118,234,410
02/14/2001,YNG,OH,AGL,CE,Towers with Radar,1,16,45,10,72,0,0,18,0,18,1,16,63,10,90,26,14,40,130
02/15/2001,YNG,OH,AGL,CE,Towers with Radar,0,15,41,48,104,0,0,0,40,40,0,15,41,88,144,42,182,224,368
02/16/2001,YNG,OH,AGL,CE,Towers with Radar,4,19,32,4,59,0,0,1,1,2,4,19,33,5,61,10,10,20,81
02/17/2001,YNG,OH,AGL,CE,Towers with Radar,2,9,26,0,37,0,26,0,0,26,2,35,26,0,63,16,0,16,79
02/18/2001,YNG,OH,AGL,CE,Towers with Radar,3,15,54,2,74,0,0,45,1,46,3,15,99,3,120,116,0,116,236
02/19/2001,YNG,OH,AGL,CE,Towers with Radar,2,14,40,0,56,0,4,38,0,42,2,18,78,0,98,66,0,66,164
02/20/2001,YNG,OH,AGL,CE,Towers with Radar,1,18,76,73,168,0,3,45,5,53,1,21,121,78,221,120,114,234,455
02/21/2001,YNG,OH,AGL,CE,Towers with Radar,5,17,69,47,138,1,0,29,38,68,6,17,98,85,206,114,120,234,440
02/22/2001,YNG,OH,AGL,CE,Towers with Radar,2,16,24,27,69,0,3,0,0,3,2,19,24,27,72,20,16,36,108
02/23/2001,YNG,OH,AGL,CE,Towers with Radar,3,15,47,32,97,2,0,11,10,23,5,15,58,42,120,28,42,70,190
02/24/2001,YNG,OH,AGL,CE,Towers with Radar,0,11,38,7,56,0,0,47,0,47,0,11,85,7,103,58,0,58,161
02/25/2001,YNG,OH,AGL,CE,Towers with Radar,9,12,21,1,43,0,0,0,1,1,9,12,21,2,44,0,0,0,44
02/26/2001,YNG,OH,AGL,CE,Towers with Radar,4,12,57,39,112,7,0,5,8,20,11,12,62,47,132,52,130,182,314
02/27/2001,YNG,OH,AGL,CE,Towers with Radar,6,9,77,53,145,0,0,99,10,109,6,9,176,63,254,147,138,285,539
02/28/2001,YNG,OH,AGL,CE,Towers with Radar,9,11,83,117,220,0,1,55,31,87,9,12,138,148,307,180,168,348,655
03/01/2001,YNG,OH,AGL,CE,Towers with Radar,5,16,57,37,115,0,2,46,1,49,5,18,103,38,164,76,56,132,296
03/02/2001,YNG,OH,AGL,CE,Towers with Radar,4,13,35,26,78,0,4,0,0,4,4,17,35,26,82,20,24,44,126
03/03/2001,YNG,OH,AGL,CE,Towers with Radar,1,9,34,24,68,0,1,47,8,56,1,10,81,32,124,166,46,212,336
03/04/2001,YNG,OH,AGL,CE,Towers with Radar,2,8,25,20,55,0,4,0,8,12,2,12,25,28,67,20,32,52,119
03/05/2001,YNG,OH,AGL,CE,Towers with Radar,3,17,5,0,25,0,2,3,0,5,3,19,8,0,30,0,0,0,30
03/06/2001,YNG,OH,AGL,CE,Towers with Radar,3,8,26,0,37,0,14,0,0,14,3,22,26,0,51,6,0,6,57
03/07/2001,YNG,OH,AGL,CE,Towers with Radar,4,16,53,37,110,6,0,4,16,26,10,16,57,53,136,2,106,108,244
03/08/2001,YNG,OH,AGL,CE,Towers with Radar,1,15,49,34,99,0,1,13,9,23,1,16,62,43,122,62,70,132,254
03/09/2001,YNG,OH,AGL,CE,Towers with Radar,0,8,18,8,34,0,6,0,0,6,0,14,18,8,40,0,8,8,48
03/10/2001,YNG,OH,AGL,CE,Towers with Radar,1,12,49,2,64,0,0,105,0,105,1,12,154,2,169,130,0,130,299
03/11/2001,YNG,OH,AGL,CE,Towers with Radar,2,5,22,2,31,1,12,4,0,17,3,17,26,2,48,46,0,46,94
03/12/2001,YNG,OH,AGL,CE,Towers with Radar,5,18,59,40,122,4,0,34,7,45,9,18,93,47,167,58,110,168,335
03/13/2001,YNG,OH,AGL,CE,Towers with Radar,1,16,11,19,47,0,0,0,0,0,1,16,11,19,47,4,36,40,87
03/14/2001,YNG,OH,AGL,CE,Towers with Radar,0,13,36,25,74,0,4,0,9,13,0,17,36,34,87,52,76,128,215
03/15/2001,YNG,OH,AGL,CE,Towers with Radar,0,18,58,38,114,0,3,19,3,25,0,21,77,41,139,80,72,152,291
03/16/2001,YNG,OH,AGL,CE,Towers with Radar,2,9,25,4,40,1,6,0,0,7,3,15,25,4,47,26,0,26,73
03/17/2001,YNG,OH,AGL,CE,Towers with Radar,1,6,12,1,20,0,0,0,0,0,1,6,12,1,20,4,0,4,24
03/18/2001,YNG,OH,AGL,CE,Towers with Radar,3,13,46,3,65,1,0,85,0,86,4,13,131,3,151,118,10,128,279
03/19/2001,YNG,OH,AGL,CE,Towers with Radar,0,16,56,32,104,0,0,97,0,97,0,16,153,32,201,134,102,236,437
03/20/2001,YNG,OH,AGL,CE,Towers with Radar,4,12,64,42,122,7,0,10,53,70,11,12,74,95,192,88,178,266,458
03/21/2001,YNG,OH,AGL,CE,Towers with Radar,3,13,52,34,102,0,0,7,4,11,3,13,59,38,113,40,74,114,227
03/22/2001,YNG,OH,AGL,CE,Towers with Radar,2,17,71,47,137,0,0,23,38,61,2,17,94,85,198,82,150,232,430
03/23/2001,YNG,OH,AGL,CE,Towers with Radar,1,11,60,39,111,0,0,19,19,38,1,11,79,58,149,64,58,122,271
03/24/2001,YNG,OH,AGL,CE,Towers with Radar,1,8,21,6,36,4,0,0,0,4,5,8,21,6,40,4,2,6,46
03/25/2001,YNG,OH,AGL,CE,Towers with Radar,2,12,34,5,53,4,0,0,0,4,6,12,34,5,57,16,0,16,73
03/26/2001,YNG,OH,AGL,CE,Towers with Radar,3,10,49,32,94,5,0,0,9,14,8,10,49,41,108,32,98,130,238
03/27/2001,YNG,OH,AGL,CE,Towers with Radar,1,15,56,36,108,0,0,0,22,22,1,15,56,58,130,92,82,174,304
03/28/2001,YNG,OH,AGL,CE,Towers with Radar,0,17,57,37,111,0,0,53,10,63,0,17,110,47,174,244,175,419,593
03/29/2001,YNG,OH,AGL,CE,Towers with Radar,1,19,67,44,131,0,0,7,1,8,1,19,74,45,139,118,90,208,347
03/30/2001,YNG,OH,AGL,CE,Towers with Radar,2,12,25,26,65,3,3,0,10,16,5,15,25,36,81,8,26,34,115
03/31/2001,YNG,OH,AGL,CE,Towers with Radar,3,9,52,0,64,1,0,47,0,48,4,9,99,0,112,100,0,100,212
04/01/2001,YNG,OH,AGL,CE,Towers with Radar,2,15,56,3,76,0,0,12,1,13,2,15,68,4,89,68,2,70,159
04/02/2001,YNG,OH,AGL,CE,Towers with Radar,5,23,66,26,120,0,1,71,0,72,5,24,137,26,192,140,86,226,418
04/03/2001,YNG,OH,AGL,CE,Towers with Radar,1,19,57,39,116,0,0,0,52,52,1,19,57,91,168,70,204,274,442
04/04/2001,YNG,OH,AGL,CE,Towers with Radar,5,16,67,43,131,4,0,98,38,140,9,16,165,81,271,166,162,328,599
04/05/2001,YNG,OH,AGL,CE,Towers with Radar,3,18,55,34,110,0,16,87,21,124,3,34,142,55,234,188,114,302,536
04/06/2001,YNG,OH,AGL,CE,Towers with Radar,3,15,35,30,83,0,0,0,3,3,3,15,35,33,86,0,34,34,120
04/07/2001,YNG,OH,AGL,CE,Towers with Radar,2,9,34,4,49,0,0,23,0,23,2,9,57,4,72,6,6,12,84
04/08/2001,YNG,OH,AGL,CE,Towers with Radar,1,10,31,17,59,0,1,19,0,20,1,11,50,17,79,78,18,96,175
04/09/2001,YNG,OH,AGL,CE,Towers with Radar,3,7,39,0,49,0,0,24,0,24,3,7,63,0,73,74,88,162,235
04/10/2001,YNG,OH,AGL,CE,Towers with Radar,2,14,41,19,76,0,1,2,0,3,2,15,43,19,79,36,24,60,139
04/11/2001,YNG,OH,AGL,CE,Towers with Radar,0,16,49,30,95,0,0,4,11,15,0,16,53,41,110,28,68,96,206
04/12/2001,YNG,OH,AGL,CE,Towers with Radar,0,14,20,25,59,0,34,0,63,97,0,48,20,88,156,20,8,28,184
04/13/2001,YNG,OH,AGL,CE,Towers with Radar,0,14,44,28,86,0,20,48,24,92,0,34,92,52,178,96,86,182,360
04/14/2001,YNG,OH,AGL,CE,Towers with Radar,0,9,31,2,42,0,0,45,0,45,0,9,76,2,87,126,0,126,213
04/15/2001,YNG,OH,AGL,CE,Towers with Radar,0,15,13,0,28,0,0,3,0,3,0,15,16,0,31,0,0,0,31
04/16/2001,YNG,OH,AGL,CE,Towers with Radar,1,13,56,32,102,0,0,15,0,15,1,13,71,32,117,44,40,84,201
04/17/2001,YNG,OH,AGL,CE,Towers with Radar,5,17,32,44,98,8,54,0,0,62,13,71,32,44,160,40,0,40,200
04/18/2001,YNG,OH,AGL,CE,Towers with Radar,4,17,42,35,98,0,0,0,23,23,4,17,42,58,121,18,110,128,249
04/19/2001,YNG,OH,AGL,CE,Towers with Radar,0,15,56,48,119,1,6,0,0,7,1,21,56,48,126,46,112,158,284
04/20/2001,YNG,OH,AGL,CE,Towers with Radar,3,18,52,23,96,9,0,0,0,9,12,18,52,23,105,28,4,32,137
04/21/2001,YNG,OH,AGL,CE,Towers with Radar,2,9,39,11,61,3,0,21,0,24,5,9,60,11,85,58,2,60,145
04/22/2001,YNG,OH,AGL,CE,Towers with Radar,2,12,40,12,66,5,0,31,0,36,7,12,71,12,102,116,14,130,232
04/23/2001,YNG,OH,AGL,CE,Towers with Radar,4,15,69,43,131,5,0,9,43,57,9,15,78,86,188,74,166,240,428
04/24/2001,YNG,OH,AGL,CE,Towers with Radar,2,14,42,27,85,0,0,5,4,9,2,14,47,31,94,30,50,80,174
04/25/2001,YNG,OH,AGL,CE,Towers with Radar,0,19,108,69,196,0,0,39,79,118,0,19,147,148,314,126,206,332,646
04/26/2001,YNG,OH,AGL,CE,Towers with Radar,4,16,63,37,120,0,0,102,0,102,4,16,165,37,222,112,38,150,372
04/27/2001,YNG,OH,AGL,CE,Towers with Radar,1,17,51,29,98,0,1,24,0,25,1,18,75,29,123,80,48,128,251
04/28/2001,YNG,OH,AGL,CE,Towers with Radar,1,11,33,2,47,0,0,50,0,50,1,11,83,2,97,52,2,54,151
04/29/2001,YNG,OH,AGL,CE,Towers with Radar,2,13,42,2,59,4,0,57,0,61,6,13,99,2,120,92,0,92,212
04/30/2001,YNG,OH,AGL,CE,Towers with Radar,3,18,52,20,93,0,1,19,0,20,3,19,71,20,113,44,38,82,195
05/01/2001,YNG,OH,AGL,CE,Towers with Radar,1,17,42,31,91,0,7,0,52,59,1,24,42,83,150,64,114,178,328
05/02/2001,YNG,OH,AGL,CE,Towers with Radar,0,21,68,39,128,0,0,72,10,82,0,21,140,49,210,108,124,232,442
05/03/2001,YNG,OH,AGL,CE,Towers with Radar,5,19,70,35,129,0,4,54,0,58,5,23,124,35,187,139,90,229,416
05/04/2001,YNG,OH,AGL,CE,Towers with Radar,4,11,64,36,115,7,0,19,28,54,11,11,83,64,169,180,84,264,433
05/05/2001,YNG,OH,AGL,CE,Towers with Radar,4,16,58,21,99,19,0,35,0,54,23,16,93,21,153,110,44,154,307
05/06/2001,YNG,OH,AGL,CE,Towers with Radar,3,13,43,5,64,5,2,67,0,74,8,15,110,5,138,116,2,118,256
05/07/2001,YNG,OH,AGL,CE,Towers with Radar,2,18,60,34,114,0,13,22,12,47,2,31,82,46,161,52,122,174,335
05/08/2001,YNG,OH,AGL,CE,Towers with Radar,3,19,55,36,113,0,0,0,37,37,3,19,55,73,150,48,138,186,336
05/09/2001,YNG,OH,AGL,CE,Towers with Radar,0,23,72,41,136,0,6,36,10,52,0,29,108,51,188,256,170,426,614
05/10/2001,YNG,OH,AGL,CE,Towers with Radar,3,19,71,41,134,0,0,44,40,84,3,19,115,81,218,146,124,270,488
05/11/2001,YNG,OH,AGL,CE,Towers with Radar,2,15,48,19,84,0,1,10,0,11,2,16,58,19,95,88,48,136,231
05/12/2001,YNG,OH,AGL,CE,Towers with Radar,2,9,20,2,33,3,14,0,0,17,5,23,20,2,50,26,0,26,76
05/13/2001,YNG,OH,AGL,CE,Towers with Radar,0,11,35,3,49,0,4,49,0,53,0,15,84,3,102,140,0,140,242
05/14/2001,YNG,OH,AGL,CE,Towers with Radar,0,14,60,26,100,0,0,56,0,56,0,14,116,26,156,144,46,190,346
05/15/2001,YNG,OH,AGL,CE,Towers with Radar,0,16,58,33,107,0,0,33,0,33,0,16,91,33,140,70,86,156,296
05/16/2001,YNG,OH,AGL,CE,Towers with Radar,3,17,63,36,119,0,0,18,8,26,3,17,81,44,145,62,96,158,303
05/17/2001,YNG,OH,AGL,CE,Towers with Radar,1,20,59,45,125,0,0,0,19,19,1,20,59,64,144,36,56,92,236
05/18/2001,YNG,OH,AGL,CE,Towers with Radar,3,16,44,35,98,1,0,0,10,11,4,16,44,45,109,28,64,92,201
05/19/2001,YNG,OH,AGL,CE,Towers with Radar,2,15,47,14,78,0,1,63,0,64,2,16,110,14,142,118,14,132,274
05/20/2001,YNG,OH,AGL,CE,Towers with Radar,2,14,58,10,84,0,0,76,0,76,2,14,134,10,160,156,12,168,328
05/21/2001,YNG,OH,AGL,CE,Towers with Radar,0,14,38,16,68,0,3,0,0,3,0,17,38,16,71,45,46,91,162
05/22/2001,YNG,OH,AGL,CE,Towers with Radar,2,18,59,33,112,0,0,4,27,31,2,18,63,60,143,28,88,116,259
05/23/2001,YNG,OH,AGL,CE,Towers with Radar,1,25,80,45,151,0,2,67,7,76,1,27,147,52,227,138,106,244,471
05/24/2001,YNG,OH,AGL,CE,Towers with Radar,2,13,51,18,84,0,0,16,0,16,2,13,67,18,100,68,18,86,186
05/25/2001,YNG,OH,AGL,CE,Towers with Radar,1,13,68,20,102,0,0,20,0,20,1,13,88,20,122,50,28,78,200
05/26/2001,YNG,OH,AGL,CE,Towers with Radar,1,7,25,6,39,1,4,11,0,16,2,11,36,6,55,74,0,74,129
05/27/2001,YNG,OH,AGL,CE,Towers with Radar,0,11,6,0,17,0,0,1,0,1,0,11,7,0,18,0,0,0,18
05/28/2001,YNG,OH,AGL,CE,Towers with Radar,0,12,40,2,54,0,1,12,0,13,0,13,52,2,67,36,0,36,103
05/29/2001,YNG,OH,AGL,CE,Towers with Radar,0,22,69,21,112,0,13,0,0,13,0,35,69,21,125,86,26,112,237
05/30/2001,YNG,OH,AGL,CE,Towers with Radar,4,20,90,51,165,1,0,96,0,97,5,20,186,51,262,148,140,288,550
05/31/2001,YNG,OH,AGL,CE,Towers with Radar,4,23,75,43,145,3,11,94,1,109,7,34,169,44,254,218,84,302,556
06/01/2001,YNG,OH,AGL,CE,Towers with Radar,0,0,0,0,0,0,17,106,36,159,0,17,106,36,159,54,48,102,261
06/02/2001,YNG,OH,AGL,CE,Towers with Radar,2,8,15,8,33,1,4,0,0,5,3,12,15,8,38,10,2,12,50
06/03/2001,YNG,OH,AGL,CE,Towers with Radar,0,21,57,25,103,0,8,21,1,30,0,29,78,26,133,106,30,136,269
06/04/2001,YNG,OH,AGL,CE,Towers with Radar,1,20,97,37,155,0,0,46,0,46,1,20,143,37,201,126,78,204,405
06/05/2001,YNG,OH,AGL,CE,Towers with Radar,0,18,61,28,107,0,0,29,50,79,0,18,90,78,186,112,122,234,420
06/06/2001,YNG,OH,AGL,CE,Towers with Radar,0,19,74,35,128,0,0,10,39,49,0,19,84,74,177,78,82,160,337
06/07/2001,YNG,OH,AGL,CE,Towers with Radar,2,14,60,29,105,0,0,70,23,93,2,14,130,52,198,96,94,190,388
06/08/2001,YNG,OH,AGL,CE,Towers with Radar,2,16,53,18,89,0,14,17,0,31,2,30,70,18,120,136,40,176,296
06/09/2001,YNG,OH,AGL,CE,Towers with Radar,0,9,45,16,70,0,0,141,0,141,0,9,186,16,211,132,40,172,383
06/10/2001,YNG,OH,AGL,CE,Towers with Radar,1,11,39,4,55,0,4,42,0,46,1,15,81,4,101,112,0,112,213
06/11/2001,YNG,OH,AGL,CE,Towers with Radar,0,14,26,18,58,0,0,0,0,0,0,14,26,18,58,26,74,100,158
06/12/2001,YNG,OH,AGL,CE,Towers with Radar,1,22,73,34,130,0,4,25,30,59,1,26,98,64,189,96,114,210,399
06/13/2001,YNG,OH,AGL,CE,Towers with Radar,2,12,57,27,98,0,0,44,5,49,2,12,101,32,147,114,70,184,331
06/14/2001,YNG,OH,AGL,CE,Towers with Radar,3,11,60,28,102,2,0,13,17,32,5,11,73,45,134,78,94,172,306
06/15/2001,YNG,OH,AGL,CE,Towers with Radar,2,14,50,17,83,1,0,11,0,12,3,14,61,17,95,114,52,166,261
06/16/2001,YNG,OH,AGL,CE,Towers with Radar,1,8,36,9,54,0,0,50,0,50,1,8,86,9,104,90,0,90,194
06/17/2001,YNG,OH,AGL,CE,Towers with Radar,1,11,35,2,49,3,6,37,0,46,4,17,72,2,95,84,0,84,179
06/18/2001,YNG,OH,AGL,CE,Towers with Radar,1,13,44,18,76,2,0,87,0,89,3,13,131,18,165,170,56,226,391
06/19/2001,YNG,OH,AGL,CE,Towers with Radar,0,17,58,27,102,0,2,46,18,66,0,19,104,45,168,116,76,192,360
06/20/2001,YNG,OH,AGL,CE,Towers with Radar,1,17,56,23,97,0,7,17,0,24,1,24,73,23,121,72,44,116,237
06/21/2001,YNG,OH,AGL,CE,Towers with Radar,1,15,47,4,67,0,8,11,0,19,1,23,58,4,86,22,0,22,108
06/22/2001,YNG,OH,AGL,CE,Towers with Radar,2,17,58,20,97,1,8,5,0,14,3,25,63,20,111,52,22,74,185
06/23/2001,YNG,OH,AGL,CE,Towers with Radar,1,11,37,3,52,1,9,26,0,36,2,20,63,3,88,76,0,76,164
06/24/2001,YNG,OH,AGL,CE,Towers with Radar,1,15,51,3,70,4,1,50,0,55,5,16,101,3,125,106,0,106,231
06/25/2001,YNG,OH,AGL,CE,Towers with Radar,1,14,46,13,74,4,18,58,0,80,5,32,104,13,154,128,66,194,348
06/26/2001,YNG,OH,AGL,CE,Towers with Radar,0,15,48,21,84,0,13,58,9,80,0,28,106,30,164,226,58,284,448
06/27/2001,YNG,OH,AGL,CE,Towers with Radar,2,22,71,32,127,5,11,53,19,88,7,33,124,51,215,144,102,246,461
06/28/2001,YNG,OH,AGL,CE,Towers with Radar,2,17,57,25,101,1,0,47,10,58,3,17,104,35,159,136,34,170,329
06/29/2001,YNG,OH,AGL,CE,Towers with Radar,2,13,71,16,102,0,0,64,0,64,2,13,135,16,166,116,80,196,362
06/30/2001,YNG,OH,AGL,CE,Towers with Radar,0,10,41,1,52,0,0,54,0,54,0,10,95,1,106,114,0,114,220
07/01/2001,YNG,OH,AGL,CE,Towers with Radar,1,9,33,1,44,1,0,15,0,16,2,9,48,1,60,50,0,50,110
07/02/2001,YNG,OH,AGL,CE,Towers with Radar,0,15,67,25,107,0,0,89,0,89,0,15,156,25,196,152,42,194,390
07/03/2001,YNG,OH,AGL,CE,Towers with Radar,0,13,48,24,85,0,4,30,10,44,0,17,78,34,129,94,122,216,345
07/04/2001,YNG,OH,AGL,CE,Towers with Radar,0,6,13,0,19,0,7,0,0,7,0,13,13,0,26,4,0,4,30
07/05/2001,YNG,OH,AGL,CE,Towers with Radar,2,15,52,27,96,1,8,25,1,35,3,23,77,28,131,80,42,122,253
07/06/2001,YNG,OH,AGL,CE,Towers with Radar,2,12,74,40,128,2,0,101,8,111,4,12,175,48,239,170,118,288,527
07/07/2001,YNG,OH,AGL,CE,Towers with Radar,1,12,39,0,52,1,2,41,0,44,2,14,80,0,96,74,0,74,170
07/08/2001,YNG,OH,AGL,CE,Towers with Radar,1,18,60,6,85,0,3,34,0,37,1,21,94,6,122,74,0,74,196
07/09/2001,YNG,OH,AGL,CE,Towers with Radar,0,17,71,38,126,0,0,80,6,86,0,17,151,44,212,192,86,278,490
07/10/2001,YNG,OH,AGL,CE,Towers with Radar,1,13,59,32,105,0,0,31,18,49,1,13,90,50,154,100,94,194,348
07/11/2001,YNG,OH,AGL,CE,Towers with Radar,2,15,70,39,126,0,0,20,32,52,2,15,90,71,178,88,108,196,374
07/12/2001,YNG,OH,AGL,CE,Towers with Radar,2,16,63,35,116,0,0,61,32,93,2,16,124,67,209,128,97,225,434
07/13/2001,YNG,OH,AGL,CE,Towers with Radar,0,22,69,38,129,0,4,72,14,90,0,26,141,52,219,162,94,256,475
07/14/2001,YNG,OH,AGL,CE,Towers with Radar,0,9,31,2,42,0,2,67,0,69,0,11,98,2,111,118,4,122,233
07/15/2001,YNG,OH,AGL,CE,Towers with Radar,2,18,59,10,89,2,0,73,0,75,4,18,132,10,164,116,0,116,280
07/16/2001,YNG,OH,AGL,CE,Towers with Radar,1,14,49,27,91,0,0,57,18,75,1,14,106,45,166,70,100,170,336
07/17/2001,YNG,OH,AGL,CE,Towers with Radar,1,17,66,36,120,0,0,26,27,53,1,17,92,63,173,80,148,228,401
07/18/2001,YNG,OH,AGL,CE,Towers with Radar,0,20,69,39,128,0,0,0,29,29,0,20,69,68,157,106,98,204,361
07/19/2001,YNG,OH,AGL,CE,Towers with Radar,1,20,65,36,122,0,4,58,20,82,1,24,123,56,204,38,82,120,324
07/20/2001,YNG,OH,AGL,CE,Towers with Radar,1,17,58,28,104,1,9,76,0,86,2,26,134,28,190,102,58,160,350
07/21/2001,YNG,OH,AGL,CE,Towers with Radar,1,11,40,1,53,0,0,41,0,41,1,11,81,1,94,108,0,108,202
07/22/2001,YNG,OH,AGL,CE,Towers with Radar,1,13,51,0,65,2,0,52,0,54,3,13,103,0,119,106,0,106,225
07/23/2001,YNG,OH,AGL,CE,Towers with Radar,2,25,83,32,142,0,1,36,0,37,2,26,119,32,179,92,70,162,341
07/24/2001,YNG,OH,AGL,CE,Towers with Radar,1,12,59,33,105,2,0,8,44,54,3,12,67,77,159,62,190,252,411
07/25/2001,YNG,OH,AGL,CE,Towers with Radar,0,16,48,11,75,0,6,0,0,6,0,22,48,11,81,28,16,44,125
07/26/2001,YNG,OH,AGL,CE,Towers with Radar,0,16,77,37,130,0,0,54,0,54,0,16,131,37,184,132,88,220,404
07/27/2001,YNG,OH,AGL,CE,Towers with Radar,1,19,63,35,118,2,12,59,18,91,3,31,122,53,209,140,116,256,465
07/28/2001,YNG,OH,AGL,CE,Towers with Radar,0,9,31,0,40,0,11,20,0,31,0,20,51,0,71,134,0,134,205
07/29/2001,YNG,OH,AGL,CE,Towers with Radar,1,12,47,14,74,3,0,36,0,39,4,12,83,14,113,100,12,112,225
07/30/2001,YNG,OH,AGL,CE,Towers with Radar,2,20,57,39,118,0,1,51,4,56,2,21,108,43,174,104,96,200,374
07/31/2001,YNG,OH,AGL,CE,Towers with Radar,0,18,59,33,110,0,0,14,21,35,0,18,73,54,145,76,88,164,309
08/01/2001,YNG,OH,AGL,CE,Towers with Radar,2,12,60,39,113,1,0,15,26,42,3,12,75,65,155,58,110,168,323
08/02/2001,YNG,OH,AGL,CE,Towers with Radar,2,15,59,38,114,0,0,32,28,60,2,15,91,66,174,62,94,156,330
08/03/2001,YNG,OH,AGL,CE,Towers with Radar,2,19,37,25,83,0,1,0,0,1,2,20,37,25,84,10,8,18,102
08/04/2001,YNG,OH,AGL,CE,Towers with Radar,2,13,41,2,58,5,5,46,0,56,7,18,87,2,114,52,14,66,180
08/05/2001,YNG,OH,AGL,CE,Towers with Radar,1,9,28,17,55,1,4,27,0,32,2,13,55,17,87,40,18,58,145
08/06/2001,YNG,OH,AGL,CE,Towers with Radar,0,16,48,20,84,0,1,63,0,64,0,17,111,20,148,202,46,248,396
08/07/2001,YNG,OH,AGL,CE,Towers with Radar,0,21,76,54,151,0,4,61,9,74,0,25,137,63,225,124,128,252,477
08/08/2001,YNG,OH,AGL,CE,Towers with Radar,1,20,78,51,150,0,0,70,16,86,1,20,148,67,236,134,130,264,500
08/09/2001,YNG,OH,AGL,CE,Towers with Radar,0,15,54,32,101,0,0,20,0,20,0,15,74,32,121,24,46,70,191
08/10/2001,YNG,OH,AGL,CE,Towers with Radar,2,22,73,25,122,0,0,29,0,29,2,22,102,25,151,84,32,116,267
08/11/2001,YNG,OH,AGL,CE,Towers with Radar,1,12,36,5,54,0,2,42,0,44,1,14,78,5,98,74,4,78,176
08/12/2001,YNG,OH,AGL,CE,Towers with Radar,2,15,54,16,87,2,0,32,0,34,4,15,86,16,121,38,22,60,181
08/13/2001,YNG,OH,AGL,CE,Towers with Radar,3,23,69,34,129,0,3,38,0,41,3,26,107,34,170,64,82,146,316
08/14/2001,YNG,OH,AGL,CE,Towers with Radar,1,23,67,43,134,0,2,81,41,124,1,25,148,84,258,142,164,306,564
08/15/2001,YNG,OH,AGL,CE,Towers with Radar,1,18,54,35,108,0,4,68,2,74,1,22,122,37,182,170,92,262,444
08/16/2001,YNG,OH,AGL,CE,Towers with Radar,0,21,64,42,127,0,4,11,36,51,0,25,75,78,178,40,154,194,372
08/17/2001,YNG,OH,AGL,CE,Towers with Radar,2,19,56,36,113,0,9,13,7,29,2,28,69,43,142,66,74,140,282
08/18/2001,YNG,OH,AGL,CE,Towers with Radar,1,11,35,2,49,0,1,49,0,50,1,12,84,2,99,86,0,86,185
08/19/2001,YNG,OH,AGL,CE,Towers with Radar,1,11,27,19,58,0,4,0,24,28,1,15,27,43,86,18,42,60,146
08/20/2001,YNG,OH,AGL,CE,Towers with Radar,1,16,61,39,117,3,0,7,6,16,4,16,68,45,133,24,24,48,181
08/21/2001,YNG,OH,AGL,CE,Towers with Radar,0,14,49,76,139,0,0,56,8,64,0,14,105,84,203,120,166,286,489
08/22/2001,YNG,OH,AGL,CE,Towers with Radar,1,17,56,35,109,0,0,36,19,55,1,17,92,54,164,70,84,154,318
08/23/2001,YNG,OH,AGL,CE,Towers with Radar,0,18,69,47,134,0,0,0,27,27,0,18,69,74,161,48,136,184,345
08/24/2001,YNG,OH,AGL,CE,Towers with Radar,0,17,48,5,70,0,9,25,0,34,0,26,73,5,104,80,4,84,188
08/25/2001,YNG,OH,AGL,CE,Towers with Radar,1,12,39,10,62,0,0,65,0,65,1,12,104,10,127,148,20,168,295
08/26/2001,YNG,OH,AGL,CE,Towers with Radar,1,12,32,19,64,7,1,0,0,8,8,13,32,19,72,26,26,52,124
08/27/2001,YNG,OH,AGL,CE,Towers with Radar,1,17,53,32,103,2,0,54,11,67,3,17,107,43,170,116,78,194,364
08/28/2001,YNG,OH,AGL,CE,Towers with Radar,1,22,64,41,128,1,1,36,2,40,2,23,100,43,168,109,72,181,349
08/29/2001,YNG,OH,AGL,CE,Towers with Radar,1,18,55,28,102,0,5,94,0,99,1,23,149,28,201,130,65,195,396
08/30/2001,YNG,OH,AGL,CE,Towers with Radar,0,21,63,40,124,0,8,50,16,74,0,29,113,56,198,172,118,290,488
08/31/2001,YNG,OH,AGL,CE,Towers with Radar,0,15,40,0,55,0,2,0,0,2,0,17,40,0,57,4,0,4,61
09/01/2001,YNG,OH,AGL,CE,Towers with Radar,0,8,63,0,71,0,1,48,0,49,0,9,111,0,120,140,0,140,260
09/02/2001,YNG,OH,AGL,CE,Towers with Radar,0,10,30,0,40,0,3,36,0,39,0,13,66,0,79,88,0,88,167
09/03/2001,YNG,OH,AGL,CE,Towers with Radar,2,14,44,1,61,4,7,38,0,49,6,21,82,1,110,82,0,82,192
09/04/2001,YNG,OH,AGL,CE,Towers with Radar,0,18,65,34,117,0,0,28,15,43,0,18,93,49,160,100,164,264,424
09/05/2001,YNG,OH,AGL,CE,Towers with Radar,0,18,62,32,112,0,0,53,20,73,0,18,115,52,185,118,106,224,409
09/06/2001,YNG,OH,AGL,CE,Towers with Radar,0,14,65,34,113,0,0,50,37,87,0,14,115,71,200,168,164,332,532
09/07/2001,YNG,OH,AGL,CE,Towers with Radar,0,21,50,55,126,0,2,39,9,50,0,23,89,64,176,112,128,240,416
09/08/2001,YNG,OH,AGL,CE,Towers with Radar,1,12,52,9,74,0,0,43,0,43,1,12,95,9,117,148,24,172,289
09/09/2001,YNG,OH,AGL,CE,Towers with Radar,1,18,53,8,80,0,0,66,0,66,1,18,119,8,146,92,4,96,242
09/10/2001,YNG,OH,AGL,CE,Towers with Radar,1,18,47,55,121,0,1,20,1,22,1,19,67,56,143,70,136,206,349
09/11/2001,YNG,OH,AGL,CE,Towers with Radar,1,4,13,1,19,5,0,0,0,5,6,4,13,1,24,2,0,2,26
09/12/2001,YNG,OH,AGL,CE,Towers with Radar,0,0,0,0,0,0,1,0,0,1,0,1,0,0,1,0,0,0,1
09/13/2001,YNG,OH,AGL,CE,Towers with Radar,4,12,0,0,16,0,1,0,1,2,4,13,0,1,18,0,0,0,18
09/14/2001,YNG,OH,AGL,CE,Towers with Radar,2,22,9,4,37,0,1,5,1,7,2,23,14,5,44,0,0,0,44
09/15/2001,YNG,OH,AGL,CE,Towers with Radar,0,10,13,10,33,1,5,0,0,6,1,15,13,10,39,0,16,16,55
09/16/2001,YNG,OH,AGL,CE,Towers with Radar,0,13,30,4,47,0,23,0,0,23,0,36,30,4,70,42,0,42,112
09/17/2001,YNG,OH,AGL,CE,Towers with Radar,0,15,34,21,70,0,3,0,32,35,0,18,34,53,105,32,120,152,257
09/18/2001,YNG,OH,AGL,CE,Towers with Radar,0,25,67,34,126,0,2,0,4,6,0,27,67,38,132,36,102,138,270
09/19/2001,YNG,OH,AGL,CE,Towers with Radar,1,22,45,35,103,1,0,0,15,16,2,22,45,50,119,44,76,120,239
09/20/2001,YNG,OH,AGL,CE,Towers with Radar,0,26,75,38,139,0,0,21,0,21,0,26,96,38,160,88,86,174,334
09/21/2001,YNG,OH,AGL,CE,Towers with Radar,1,18,50,12,81,2,5,18,0,25,3,23,68,12,106,36,6,42,148
09/22/2001,YNG,OH,AGL,CE,Towers with Radar,1,8,33,17,59,2,0,0,0,2,3,8,33,17,61,40,26,66,127
09/23/2001,YNG,OH,AGL,CE,Towers with Radar,1,7,43,22,73,0,0,40,0,40,1,7,83,22,113,112,20,132,245
09/24/2001,YNG,OH,AGL,CE,Towers with Radar,1,18,31,27,77,0,4,0,18,22,1,22,31,45,99,20,74,94,193
09/25/2001,YNG,OH,AGL,CE,Towers with Radar,0,22,61,33,116,0,11,0,27,38,0,33,61,60,154,50,66,116,270
09/26/2001,YNG,OH,AGL,CE,Towers with Radar,1,24,59,34,118,0,10,0,10,20,1,34,59,44,138,86,52,138,276
09/27/2001,YNG,OH,AGL,CE,Towers with Radar,0,25,74,43,142,0,0,0,44,44,0,25,74,87,186,104,106,210,396
09/28/2001,YNG,OH,AGL,CE,Towers with Radar,1,19,61,3,84,1,0,28,0,29,2,19,89,3,113,80,2,82,195
09/29/2001,YNG,OH,AGL,CE,Towers with Radar,1,6,57,3,67,3,0,62,0,65,4,6,119,3,132,124,4,128,260
09/30/2001,YNG,OH,AGL,CE,Towers with Radar,1,15,48,1,65,2,0,62,0,64,3,15,110,1,129,138,8,146,275
10/01/2001,YNG,OH,AGL,CE,Towers with Radar,2,14,70,25,111,2,3,0,0,5,4,17,70,25,116,92,64,156,272
10/02/2001,YNG,OH,AGL,CE,Towers with Radar,1,15,70,55,141,0,0,53,8,61,1,15,123,63,202,164,130,294,496
10/03/2001,YNG,OH,AGL,CE,Towers with Radar,0,15,77,35,127,0,16,12,30,58,0,31,89,65,185,98,160,258,443
10/04/2001,YNG,OH,AGL,CE,Towers with Radar,0,19,87,70,176,0,1,35,8,44,0,20,122,78,220,96,156,252,472
10/05/2001,YNG,OH,AGL,CE,Towers with Radar,2,11,50,23,86,0,4,0,1,5,2,15,50,24,91,46,44,90,181
10/06/2001,YNG,OH,AGL,CE,Towers with Radar,2,12,61,3,78,2,10,25,0,37,4,22,86,3,115,104,0,104,219
10/07/2001,YNG,OH,AGL,CE,Towers with Radar,0,7,39,1,47,0,0,25,0,25,0,7,64,1,72,46,0,46,118
10/08/2001,YNG,OH,AGL,CE,Towers with Radar,1,9,60,0,70,0,0,103,0,103,1,9,163,0,173,256,0,256,429
10/09/2001,YNG,OH,AGL,CE,Towers with Radar,0,17,84,22,123,0,4,97,0,101,0,21,181,22,224,166,24,190,414
10/10/2001,YNG,OH,AGL,CE,Towers with Radar,0,13,67,31,111,0,3,22,17,42,0,16,89,48,153,104,74,178,331
10/11/2001,YNG,OH,AGL,CE,Towers with Radar,0,14,65,29,108,0,6,8,21,35,0,20,73,50,143,100,112,212,355
10/12/2001,YNG,OH,AGL,CE,Towers with Radar,0,16,60,36,112,0,4,0,5,9,0,20,60,41,121,16,50,66,187
10/13/2001,YNG,OH,AGL,CE,Towers with Radar,0,9,41,14,64,0,5,40,0,45,0,14,81,14,109,108,6,114,223
10/14/2001,YNG,OH,AGL,CE,Towers with Radar,0,7,37,12,56,2,0,0,0,2,2,7,37,12,58,6,8,14,72
10/15/2001,YNG,OH,AGL,CE,Towers with Radar,1,10,53,23,87,0,0,55,14,69,1,10,108,37,156,132,120,252,408
10/16/2001,YNG,OH,AGL,CE,Towers with Radar,0,10,29,10,49,1,7,0,0,8,1,17,29,10,57,2,10,12,69
10/17/2001,YNG,OH,AGL,CE,Towers with Radar,1,8,38,19,66,0,0,6,5,11,1,8,44,24,77,22,44,66,143
10/18/2001,YNG,OH,AGL,CE,Towers with Radar,1,12,76,34,123,1,0,60,7,68,2,12,136,41,191,136,50,186,377
10/19/2001,YNG,OH,AGL,CE,Towers with Radar,1,14,75,34,124,2,1,30,10,43,3,15,105,44,167,72,106,178,345
10/20/2001,YNG,OH,AGL,CE,Towers with Radar,3,19,85,21,128,0,0,66,8,74,3,19,151,29,202,194,48,242,444
10/21/2001,YNG,OH,AGL,CE,Towers with Radar,1,8,57,7,73,0,0,44,0,44,1,8,101,7,117,96,0,96,213
10/22/2001,YNG,OH,AGL,CE,Towers with Radar,0,6,64,28,98,0,0,15,31,46,0,6,79,59,144,106,120,226,370
10/23/2001,YNG,OH,AGL,CE,Towers with Radar,0,8,42,2,52,2,0,0,0,2,2,8,42,2,54,36,0,36,90
10/24/2001,YNG,OH,AGL,CE,Towers with Radar,0,9,52,1,62,0,0,0,0,0,0,9,52,1,62,48,106,154,216
10/25/2001,YNG,OH,AGL,CE,Towers with Radar,0,6,22,0,28,0,0,5,2,7,0,6,27,2,35,0,0,0,35
10/26/2001,YNG,OH,AGL,CE,Towers with Radar,3,10,13,1,27,0,0,0,4,4,3,10,13,5,31,0,0,0,31
10/27/2001,YNG,OH,AGL,CE,Towers with Radar,0,2,16,3,21,1,9,3,0,13,1,11,19,3,34,8,2,10,44
10/28/2001,YNG,OH,AGL,CE,Towers with Radar,1,6,58,5,70,2,0,92,0,94,3,6,150,5,164,138,6,144,308
10/29/2001,YNG,OH,AGL,CE,Towers with Radar,1,10,88,41,140,1,0,80,32,113,2,10,168,73,253,174,160,334,587
10/30/2001,YNG,OH,AGL,CE,Towers with Radar,0,11,62,146,219,0,3,23,11,37,0,14,85,157,256,124,232,356,612
10/31/2001,YNG,OH,AGL,CE,Towers with Radar,0,16,79,36,131,0,3,18,44,65,0,19,97,80,196,100,134,234,430
11/01/2001,YNG,OH,AGL,CE,Towers with Radar,0,12,55,34,101,0,9,14,4,27,0,21,69,38,128,46,72,118,246
11/02/2001,YNG,OH,AGL,CE,Towers with Radar,2,7,42,34,85,2,0,0,30,32,4,7,42,64,117,12,98,110,227
11/03/2001,YNG,OH,AGL,CE,Towers with Radar,2,8,48,5,63,1,0,79,0,80,3,8,127,5,143,164,14,178,321
11/04/2001,YNG,OH,AGL,CE,Towers with Radar,0,7,37,24,68,0,1,24,3,28,0,8,61,27,96,78,38,116,212
11/05/2001,YNG,OH,AGL,CE,Towers with Radar,2,8,46,29,85,2,0,36,17,55,4,8,82,46,140,88,94,182,322
11/06/2001,YNG,OH,AGL,CE,Towers with Radar,0,10,67,41,118,0,0,46,27,73,0,10,113,68,191,124,106,230,421
11/07/2001,YNG,OH,AGL,CE,Towers with Radar,0,12,60,36,108,0,0,25,20,45,0,12,85,56,153,116,150,266,419
11/08/2001,YNG,OH,AGL,CE,Towers with Radar,0,8,44,16,68,0,3,21,0,24,0,11,65,16,92,52,50,102,194
11/09/2001,YNG,OH,AGL,CE,Towers with Radar,1,6,55,30,92,0,0,46,0,46,1,6,101,30,138,96,96,192,330
11/10/2001,YNG,OH,AGL,CE,Towers with Radar,0,5,24,1,30,0,1,68,0,69,0,6,92,1,99,104,12,116,215
11/11/2001,YNG,OH,AGL,CE,Towers with Radar,1,8,39,2,50,3,1,52,0,56,4,9,91,2,106,90,0,90,196
11/12/2001,YNG,OH,AGL,CE,Towers with Radar,1,7,35,0,43,0,3,78,0,81,1,10,113,0,124,100,0,100,224
11/13/2001,YNG,OH,AGL,CE,Towers with Radar,0,6,87,42,135,0,0,40,8,48,0,6,127,50,183,136,186,322,505
11/14/2001,YNG,OH,AGL,CE,Towers with Radar,0,12,65,39,116,0,0,19,4,23,0,12,84,43,139,142,94,236,375
11/15/2001,YNG,OH,AGL,CE,Towers with Radar,0,13,69,41,123,0,23,32,25,80,0,36,101,66,203,86,102,188,391
11/16/2001,YNG,OH,AGL,CE,Towers with Radar,1,8,49,36,94,1,0,0,16,17,2,8,49,52,111,42,70,112,223
11/17/2001,YNG,OH,AGL,CE,Towers with Radar,0,7,39,14,60,4,0,48,0,52,4,7,87,14,112,106,34,140,252
11/18/2001,YNG,OH,AGL,CE,Towers with Radar,1,6,43,9,59,0,0,92,0,92,1,6,135,9,151,100,4,104,255
11/19/2001,YNG,OH,AGL,CE,Towers with Radar,0,12,56,31,99,0,0,24,0,24,0,12,80,31,123,86,46,132,255
11/20/2001,YNG,OH,AGL,CE,Towers with Radar,0,11,48,28,87,0,3,11,15,29,0,14,59,43,116,26,96,122,238
11/21/2001,YNG,OH,AGL,CE,Towers with Radar,0,8,69,41,118,0,0,22,31,53,0,8,91,72,171,56,196,252,423
11/22/2001,YNG,OH,AGL,CE,Towers with Radar,0,3,13,0,16,0,6,17,0,23,0,9,30,0,39,28,0,28,67
11/23/2001,YNG,OH,AGL,CE,Towers with Radar,0,4,41,2,47,0,0,73,0,73,0,4,114,2,120,80,0,80,200
11/24/2001,YNG,OH,AGL,CE,Towers with Radar,0,5,22,1,28,0,0,12,0,12,0,5,34,1,40,30,0,30,70
11/25/2001,YNG,OH,AGL,CE,Towers with Radar,1,4,51,0,56,4,0,21,0,25,5,4,72,0,81,44,0,44,125
11/26/2001,YNG,OH,AGL,CE,Towers with Radar,2,8,55,16,81,0,0,33,0,33,2,8,88,16,114,80,8,88,202
11/27/2001,YNG,OH,AGL,CE,Towers with Radar,0,12,49,16,77,0,0,3,0,3,0,12,52,16,80,30,14,44,124
11/28/2001,YNG,OH,AGL,CE,Towers with Radar,0,11,49,30,90,0,5,0,12,17,0,16,49,42,107,46,62,108,215
11/29/2001,YNG,OH,AGL,CE,Towers with Radar,0,8,35,33,76,0,0,0,37,37,0,8,35,70,113,16,74,90,203
11/30/2001,YNG,OH,AGL,CE,Towers with Radar,0,6,16,17,39,4,0,0,0,4,4,6,16,17,43,0,28,28,71
12/01/2001,YNG,OH,AGL,CE,Towers with Radar,0,4,42,8,54,0,0,42,0,42,0,4,84,8,96,94,2,96,192
12/02/2001,YNG,OH,AGL,CE,Towers with Radar,1,5,51,31,88,1,0,90,0,91,2,5,141,31,179,172,54,226,405
12/03/2001,YNG,OH,AGL,CE,Towers with Radar,0,11,61,37,109,0,6,70,2,78,0,17,131,39,187,136,64,200,387
12/04/2001,YNG,OH,AGL,CE,Towers with Radar,0,11,59,36,106,0,6,35,9,50,0,17,94,45,156,86,100,186,342
12/05/2001,YNG,OH,AGL,CE,Towers with Radar,0,8,50,30,88,0,2,3,10,15,0,10,53,40,103,64,88,152,255
12/06/2001,YNG,OH,AGL,CE,Towers with Radar,0,13,40,38,91,0,8,0,27,35,0,21,40,65,126,30,56,86,212
12/07/2001,YNG,OH,AGL,CE,Towers with Radar,1,9,45,8,63,2,0,24,0,26,3,9,69,8,89,90,24,114,203
12/08/2001,YNG,OH,AGL,CE,Towers with Radar,1,6,32,3,42,0,2,29,0,31,1,8,61,3,73,82,0,82,155
12/09/2001,YNG,OH,AGL,CE,Towers with Radar,0,5,57,3,65,0,0,11,0,11,0,5,68,3,76,108,0,108,184
12/10/2001,YNG,OH,AGL,CE,Towers with Radar,0,0,47,29,76,0,0,41,17,58,0,0,88,46,134,136,86,222,356
12/11/2001,YNG,OH,AGL,CE,Towers with Radar,0,11,57,35,103,0,2,38,49,89,0,13,95,84,192,66,170,236,428
12/12/2001,YNG,OH,AGL,CE,Towers with Radar,0,13,58,39,110,0,0,0,11,11,0,13,58,50,121,108,120,228,349
12/13/2001,YNG,OH,AGL,CE,Towers with Radar,1,9,17,28,55,0,0,0,21,21,1,9,17,49,76,6,62,68,144
12/14/2001,YNG,OH,AGL,CE,Towers with Radar,0,6,28,4,38,0,0,0,0,0,0,6,28,4,38,0,2,2,40
12/15/2001,YNG,OH,AGL,CE,Towers with Radar,1,7,51,14,73,1,0,82,0,83,2,7,133,14,156,150,34,184,340
12/16/2001,YNG,OH,AGL,CE,Towers with Radar,0,5,40,1,46,0,0,74,0,74,0,5,114,1,120,84,0,84,204
12/17/2001,YNG,OH,AGL,CE,Towers with Radar,0,11,39,0,50,0,0,0,0,0,0,11,39,0,50,0,0,0,50
12/18/2001,YNG,OH,AGL,CE,Towers with Radar,0,7,53,33,93,0,0,16,19,35,0,7,69,52,128,74,82,156,284
12/19/2001,YNG,OH,AGL,CE,Towers with Radar,0,11,54,34,99,0,4,17,16,37,0,15,71,50,136,80,124,204,340
12/20/2001,YNG,OH,AGL,CE,Towers with Radar,0,6,26,9,41,0,2,6,0,8,0,8,32,9,49,50,12,62,111
12/21/2001,YNG,OH,AGL,CE,Towers with Radar,0,7,53,22,82,0,0,55,0,55,0,7,108,22,137,94,32,126,263
12/22/2001,YNG,OH,AGL,CE,Towers with Radar,0,4,37,5,46,0,0,81,0,81,0,4,118,5,127,116,0,116,243
12/23/2001,YNG,OH,AGL,CE,Towers with Radar,0,4,12,1,17,0,1,0,0,1,0,5,12,1,18,4,0,4,22
12/24/2001,YNG,OH,AGL,CE,Towers with Radar,0,5,9,0,14,0,0,0,0,0,0,5,9,0,14,0,0,0,14
12/25/2001,YNG,OH,AGL,CE,Towers with Radar,0,5,8,0,13,0,0,2,0,2,0,5,10,0,15,14,0,14,29
12/26/2001,YNG,OH,AGL,CE,Towers with Radar,0,8,25,24,57,1,0,0,10,11,1,8,25,34,68,0,54,54,122
12/27/2001,YNG,OH,AGL,CE,Towers with Radar,0,7,18,25,50,1,1,0,11,13,1,8,18,36,63,2,60,62,125
12/28/2001,YNG,OH,AGL,CE,Towers with Radar,0,6,21,17,44,2,6,0,8,16,2,12,21,25,60,0,20,20,80
12/29/2001,YNG,OH,AGL,CE,Towers with Radar,0,4,19,1,24,2,2,4,0,8,2,6,23,1,32,20,0,20,52
12/30/2001,YNG,OH,AGL,CE,Towers with Radar,0,3,17,2,22,0,4,0,0,4,0,7,17,2,26,20,0,20,46
12/31/2001,YNG,OH,AGL,CE,Towers with Radar,0,6,17,1,24,0,0,12,0,12,0,6,29,1,36,32,0,32,68
01/01/2002,YNG,OH,AGL,CE,Towers with Radar,0,2,14,0,16,0,5,6,0,11,0,7,20,0,27,12,0,12,39
01/02/2002,YNG,OH,AGL,CE,Towers with Radar,0,7,53,38,98,0,0,27,24,51,0,7,80,62,149,88,104,192,341
01/03/2002,YNG,OH,AGL,CE,Towers with Radar,0,8,40,29,77,0,2,40,10,52,0,10,80,39,129,110,86,196,325
01/04/2002,YNG,OH,AGL,CE,Towers with Radar,0,9,44,31,84,0,9,28,14,51,0,18,72,45,135,64,116,180,315
01/05/2002,YNG,OH,AGL,CE,Towers with Radar,0,7,53,25,85,0,0,49,4,53,0,7,102,29,138,108,50,158,296
01/06/2002,YNG,OH,AGL,CE,Towers with Radar,0,7,9,0,16,0,0,0,0,0,0,7,9,0,16,10,0,10,26
01/07/2002,YNG,OH,AGL,CE,Towers with Radar,0,4,15,2,21,0,2,0,0,2,0,6,15,2,23,0,0,0,23
01/08/2002,YNG,OH,AGL,CE,Towers with Radar,0,5,29,53,87,0,2,14,3,19,0,7,43,56,106,30,84,114,220
01/09/2002,YNG,OH,AGL,CE,Towers with Radar,0,7,38,30,75,0,0,0,13,13,0,7,38,43,88,24,68,92,180
01/10/2002,YNG,OH,AGL,CE,Towers with Radar,0,7,83,57,147,0,0,39,34,73,0,7,122,91,220,132,224,356,576
01/11/2002,YNG,OH,AGL,CE,Towers with Radar,1,6,31,13,51,1,5,0,0,6,2,11,31,13,57,2,18,20,77
01/12/2002,YNG,OH,AGL,CE,Towers with Radar,0,6,32,1,39,0,4,35,0,39,0,10,67,1,78,40,0,40,118
01/13/2002,YNG,OH,AGL,CE,Towers with Radar,1,7,33,5,46,1,3,27,0,31,2,10,60,5,77,66,0,66,143
01/14/2002,YNG,OH,AGL,CE,Towers with Radar,0,9,48,33,90,0,4,4,13,21,0,13,52,46,111,50,112,162,273
01/15/2002,YNG,OH,AGL,CE,Towers with Radar,0,6,19,0,25,0,7,0,0,7,0,13,19,0,32,6,40,46,78
01/16/2002,YNG,OH,AGL,CE,Towers with Radar,0,8,50,34,92,0,0,14,11,25,0,8,64,45,117,84,140,224,341
01/17/2002,YNG,OH,AGL,CE,Towers with Radar,0,8,61,42,111,1,0,4,31,36,1,8,65,73,147,64,130,194,341
01/18/2002,YNG,OH,AGL,CE,Towers with Radar,0,9,43,19,71,0,0,36,0,36,0,9,79,19,107,60,36,96,203
01/19/2002,YNG,OH,AGL,CE,Towers with Radar,0,4,8,1,13,2,1,0,0,3,2,5,8,1,16,0,6,6,22
01/20/2002,YNG,OH,AGL,CE,Towers with Radar,0,7,30,2,39,3,5,39,0,47,3,12,69,2,86,74,0,74,160
01/21/2002,YNG,OH,AGL,CE,Towers with Radar,0,4,25,1,30,0,0,3,0,3,0,4,28,1,33,4,0,4,37
01/22/2002,YNG,OH,AGL,CE,Towers with Radar,0,9,55,15,79,1,0,95,0,96,1,9,150,15,175,108,42,150,325
01/23/2002,YNG,OH,AGL,CE,Towers with Radar,0,9,32,32,73,0,2,0,14,16,0,11,32,46,89,16,52,68,157
01/24/2002,YNG,OH,AGL,CE,Towers with Radar,0,8,15,28,51,0,1,0,30,31,0,9,15,58,82,0,64,64,146
01/25/2002,YNG,OH,AGL,CE,Towers with Radar,0,10,65,45,120,1,0,26,19,46,1,10,91,64,166,78,84,162,328
01/26/2002,YNG,OH,AGL,CE,Towers with Radar,0,11,52,2,65,0,2,86,0,88,0,13,138,2,153,136,0,136,289
01/27/2002,YNG,OH,AGL,CE,Towers with Radar,0,8,39,16,63,2,3,40,0,45,2,11,79,16,108,78,0,78,186
01/28/2002,YNG,OH,AGL,CE,Towers with Radar,0,6,83,57,146,0,0,23,38,61,0,6,106,95,207,82,238,320,527
01/29/2002,YNG,OH,AGL,CE,Towers with Radar,0,6,55,37,98,0,0,13,31,44,0,6,68,68,142,46,104,150,292
01/30/2002,YNG,OH,AGL,CE,Towers with Radar,0,6,35,0,41,0,0,3,0,3,0,6,38,0,44,0,0,0,44
01/31/2002,YNG,OH,AGL,CE,Towers with Radar,0,7,37,5,49,1,4,3,0,8,1,11,40,5,57,6,0,6,63
02/01/2002,YNG,OH,AGL,CE,Towers with Radar,5,6,10,5,26,0,2,0,0,2,5,8,10,5,28,0,0,0,28
02/02/2002,YNG,OH,AGL,CE,Towers with Radar,1,7,43,12,63,4,0,38,0,42,5,7,81,12,105,88,18,106,211
02/03/2002,YNG,OH,AGL,CE,Towers with Radar,0,6,42,5,53,4,0,33,0,37,4,6,75,5,90,64,0,64,154
02/04/2002,YNG,OH,AGL,CE,Towers with Radar,4,6,9,1,20,0,0,0,0,0,4,6,9,1,20,0,0,0,20
02/05/2002,YNG,OH,AGL,CE,Towers with Radar,0,9,51,33,93,0,0,9,0,9,0,9,60,33,102,74,40,114,216
02/06/2002,YNG,OH,AGL,CE,Towers with Radar,0,10,66,46,122,0,0,41,40,81,0,10,107,86,203,84,98,182,385
02/07/2002,YNG,OH,AGL,CE,Towers with Radar,0,10,61,43,114,0,0,36,29,65,0,10,97,72,179,116,134,250,429
02/08/2002,YNG,OH,AGL,CE,Towers with Radar,0,9,51,35,95,0,0,38,6,44,0,9,89,41,139,86,78,164,303
02/09/2002,YNG,OH,AGL,CE,Towers with Radar,0,6,41,5,52,0,0,58,0,58,0,6,99,5,110,76,2,78,188
02/10/2002,YNG,OH,AGL,CE,Towers with Radar,0,6,27,19,52,0,11,0,2,13,0,17,27,21,65,36,16,52,117
02/11/2002,YNG,OH,AGL,CE,Towers with Radar,0,10,44,31,85,0,7,11,3,21,0,17,55,34,106,56,100,156,262
02/12/2002,YNG,OH,AGL,CE,Towers with Radar,0,10,34,31,75,0,2,0,13,15,0,12,34,44,90,10,82,92,182
02/13/2002,YNG,OH,AGL,CE,Towers with Radar,0,10,90,63,163,0,0,21,48,69,0,10,111,111,232,90,184,274,506
02/14/2002,YNG,OH,AGL,CE,Towers with Radar,0,9,47,66,122,0,0,23,3,26,0,9,70,69,148,88,152,240,388
02/15/2002,YNG,OH,AGL,CE,Towers with Radar,1,10,43,24,78,2,2,12,0,16,3,12,55,24,94,28,60,88,182
02/16/2002,YNG,OH,AGL,CE,Towers with Radar,0,7,29,3,39,0,5,17,0,22,0,12,46,3,61,34,0,34,95
02/17/2002,YNG,OH,AGL,CE,Towers with Radar,0,5,16,4,25,4,4,0,0,8,4,9,16,4,33,10,0,10,43
02/18/2002,YNG,OH,AGL,CE,Towers with Radar,0,12,54,0,66,0,14,85,0,99,0,26,139,0,165,144,0,144,309
02/19/2002,YNG,OH,AGL,CE,Towers with Radar,0,12,55,39,106,0,2,43,9,54,0,14,98,48,160,100,134,234,394
02/20/2002,YNG,OH,AGL,CE,Towers with Radar,0,12,32,31,75,0,8,0,0,8,0,20,32,31,83,8,74,82,165
02/21/2002,YNG,OH,AGL,CE,Towers with Radar,0,11,47,38,96,0,0,0,29,29,0,11,47,67,125,34,48,82,207
02/22/2002,YNG,OH,AGL,CE,Towers with Radar,0,10,30,31,71,0,1,0,2,3,0,11,30,33,74,38,44,82,156
02/23/2002,YNG,OH,AGL,CE,Towers with Radar,1,6,60,6,73,0,0,86,0,86,1,6,146,6,159,120,0,120,279
02/24/2002,YNG,OH,AGL,CE,Towers with Radar,1,12,57,14,84,0,0,156,0,156,1,12,213,14,240,228,6,234,474
02/25/2002,YNG,OH,AGL,CE,Towers with Radar,0,9,59,43,111,0,0,6,34,40,0,9,65,77,151,54,186,240,391
02/26/2002,YNG,OH,AGL,CE,Towers with Radar,1,11,23,34,69,0,0,0,16,16,1,11,23,50,85,4,62,66,151
02/27/2002,YNG,OH,AGL,CE,Towers with Radar,2,7,21,2,32,0,0,0,0,0,2,7,21,2,32,0,0,0,32
02/28/2002,YNG,OH,AGL,CE,Towers with Radar,0,10,50,37,97,0,0,18,9,27,0,10,68,46,124,68,88,156,280
03/01/2002,YNG,OH,AGL,CE,Towers with Radar,2,12,61,46,121,0,3,58,4,65,2,15,119,50,186,82,82,164,350
03/02/2002,YNG,OH,AGL,CE,Towers with Radar,1,5,26,19,51,0,7,31,0,38,1,12,57,19,89,46,40,86,175
03/03/2002,YNG,OH,AGL,CE,Towers with Radar,3,5,6,5,19,0,0,0,0,0,3,5,6,5,19,0,0,0,19
03/04/2002,YNG,OH,AGL,CE,Towers with Radar,0,10,44,34,88,0,0,11,30,41,0,10,55,64,129,44,120,164,293
03/05/2002,YNG,OH,AGL,CE,Towers with Radar,0,9,45,34,88,0,0,3,3,6,0,9,48,37,94,20,36,56,150
03/06/2002,YNG,OH,AGL,CE,Towers with Radar,0,8,52,40,100,0,0,27,29,56,0,8,79,69,156,84,216,300,456
03/07/2002,YNG,OH,AGL,CE,Towers with Radar,0,12,50,30,92,0,4,24,0,28,0,16,74,30,120,68,64,132,252
03/08/2002,YNG,OH,AGL,CE,Towers with Radar,2,9,48,37,96,0,0,19,21,40,2,9,67,58,136,80,82,162,298
03/09/2002,YNG,OH,AGL,CE,Towers with Radar,1,4,17,3,25,0,4,0,0,4,1,8,17,3,29,4,0,4,33
03/10/2002,YNG,OH,AGL,CE,Towers with Radar,0,3,11,6,20,0,0,0,0,0,0,3,11,6,20,0,0,0,20
03/11/2002,YNG,OH,AGL,CE,Towers with Radar,0,5,47,35,87,0,0,26,0,26,0,5,73,35,113,124,102,226,339
03/12/2002,YNG,OH,AGL,CE,Towers with Radar,0,11,67,51,129,0,0,12,28,40,0,11,79,79,169,88,238,326,495
03/13/2002,YNG,OH,AGL,CE,Towers with Radar,0,12,53,40,105,0,1,52,14,67,0,13,105,54,172,94,142,236,408
03/14/2002,YNG,OH,AGL,CE,Towers with Radar,0,10,65,49,124,0,0,76,13,89,0,10,141,62,213,90,108,198,411
03/15/2002,YNG,OH,AGL,CE,Towers with Radar,0,8,31,25,64,2,0,0,22,24,2,8,31,47,88,0,42,42,130
03/16/2002,YNG,OH,AGL,CE,Towers with Radar,1,6,39,7,53,3,0,47,0,50,4,6,86,7,103,94,2,96,199
03/17/2002,YNG,OH,AGL,CE,Towers with Radar,0,5,32,11,48,2,0,17,0,19,2,5,49,11,67,34,8,42,109
03/18/2002,YNG,OH,AGL,CE,Towers with Radar,0,12,52,39,103,0,1,5,14,20,0,13,57,53,123,84,158,242,365
03/19/2002,YNG,OH,AGL,CE,Towers with Radar,1,15,62,47,125,1,0,29,25,55,2,15,91,72,180,116,150,266,446
03/20/2002,YNG,OH,AGL,CE,Towers with Radar,0,11,42,42,95,0,0,0,43,43,0,11,42,85,138,18,122,140,278
03/21/2002,YNG,OH,AGL,CE,Towers with Radar,0,8,34,20,62,0,3,0,0,3,0,11,34,20,65,26,24,50,115
03/22/2002,YNG,OH,AGL,CE,Towers with Radar,1,10,24,34,69,2,2,0,15,19,3,12,24,49,88,6,38,44,132
03/23/2002,YNG,OH,AGL,CE,Towers with Radar,0,3,18,1,22,0,6,0,0,6,0,9,18,1,28,38,0,38,66
03/24/2002,YNG,OH,AGL,CE,Towers with Radar,1,8,38,6,53,6,13,8,0,27,7,21,46,6,80,104,0,104,184
03/25/2002,YNG,OH,AGL,CE,Towers with Radar,3,10,8,0,21,0,1,0,0,1,3,11,8,0,22,0,0,0,22
03/26/2002,YNG,OH,AGL,CE,Towers with Radar,2,4,9,0,15,0,0,0,0,0,2,4,9,0,15,0,0,0,15
03/27/2002,YNG,OH,AGL,CE,Towers with Radar,0,11,52,39,102,0,0,33,5,38,0,11,85,44,140,106,120,226,366
03/28/2002,YNG,OH,AGL,CE,Towers with Radar,0,16,70,25,111,0,1,57,0,58,0,17,127,25,169,142,60,202,371
03/29/2002,YNG,OH,AGL,CE,Towers with Radar,1,8,37,26,72,0,4,14,0,18,1,12,51,26,90,24,78,102,192
03/30/2002,YNG,OH,AGL,CE,Towers with Radar,0,6,35,4,45,3,0,59,0,62,3,6,94,4,107,68,0,68,175
03/31/2002,YNG,OH,AGL,CE,Towers with Radar,0,5,23,0,28,0,6,6,0,12,0,11,29,0,40,36,0,36,76
04/01/2002,YNG,OH,AGL,CE,Towers with Radar,0,10,43,22,75,0,3,0,0,3,0,13,43,22,78,52,64,116,194
04/02/2002,YNG,OH,AGL,CE,Towers with Radar,0,8,46,23,77,0,0,13,0,13,0,8,59,23,90,58,60,118,208
04/03/2002,YNG,OH,AGL,CE,Towers with Radar,0,10,21,29,60,0,0,0,26,26,0,10,21,55,86,18,114,132,218
04/04/2002,YNG,OH,AGL,CE,Towers with Radar,0,8,42,20,70,0,5,72,0,77,0,13,114,20,147,113,32,145,292
04/05/2002,YNG,OH,AGL,CE,Towers with Radar,0,9,44,25,78,0,5,6,0,11,0,14,50,25,89,26,30,56,145
04/06/2002,YNG,OH,AGL,CE,Towers with Radar,0,8,45,29,82,0,0,73,5,78,0,8,118,34,160,140,42,182,342
04/07/2002,YNG,OH,AGL,CE,Towers with Radar,0,9,46,21,76,0,5,74,0,79,0,14,120,21,155,131,74,205,360
04/08/2002,YNG,OH,AGL,CE,Towers with Radar,1,10,52,33,96,0,0,11,17,28,1,10,63,50,124,94,104,198,322
04/09/2002,YNG,OH,AGL,CE,Towers with Radar,1,11,32,43,87,0,0,0,32,32,1,11,32,75,119,10,78,88,207
04/10/2002,YNG,OH,AGL,CE,Towers with Radar,0,9,69,44,122,0,0,63,20,83,0,9,132,64,205,126,160,286,491
04/11/2002,YNG,OH,AGL,CE,Towers with Radar,2,13,79,37,131,0,0,77,0,77,2,13,156,37,208,140,58,198,406
04/12/2002,YNG,OH,AGL,CE,Towers with Radar,1,9,53,34,97,2,0,21,6,29,3,9,74,40,126,54,102,156,282
04/13/2002,YNG,OH,AGL,CE,Towers with Radar,0,6,9,2,17,0,4,0,0,4,0,10,9,2,21,6,0,6,27
04/14/2002,YNG,OH,AGL,CE,Towers with Radar,0,6,27,3,36,2,8,12,0,22,2,14,39,3,58,14,0,14,72
04/15/2002,YNG,OH,AGL,CE,Towers with Radar,0,11,49,16,76,0,8,15,0,23,0,19,64,16,99,56,54,110,209
04/16/2002,YNG,OH,AGL,CE,Towers with Radar,0,9,69,44,122,0,0,78,8,86,0,9,147,52,208,186,154,340,548
04/17/2002,YNG,OH,AGL,CE,Towers with Radar,0,13,40,39,92,0,5,0,27,32,0,18,40,66,124,34,114,148,272
04/18/2002,YNG,OH,AGL,CE,Towers with Radar,0,14,69,44,127,0,9,70,11,90,0,23,139,55,217,140,92,232,449
04/19/2002,YNG,OH,AGL,CE,Towers with Radar,1,8,54,34,97,3,0,1,21,25,4,8,55,55,122,82,148,230,352
04/20/2002,YNG,OH,AGL,CE,Towers with Radar,3,8,65,27,103,0,0,28,1,29,3,8,93,28,132,88,16,104,236
04/21/2002,YNG,OH,AGL,CE,Towers with Radar,1,7,53,15,76,5,0,18,0,23,6,7,71,15,99,54,18,72,171
04/22/2002,YNG,OH,AGL,CE,Towers with Radar,0,8,34,36,78,0,0,0,37,37,0,8,34,73,115,28,120,148,263
04/23/2002,YNG,OH,AGL,CE,Towers with Radar,0,10,73,46,129,0,0,73,15,88,0,10,146,61,217,156,142,298,515
04/24/2002,YNG,OH,AGL,CE,Towers with Radar,0,7,70,44,121,0,0,70,2,72,0,7,140,46,193,113,104,217,410
04/25/2002,YNG,OH,AGL,CE,Towers with Radar,0,9,42,15,66,0,4,3,0,7,0,13,45,15,73,22,4,26,99
04/26/2002,YNG,OH,AGL,CE,Towers with Radar,1,10,59,19,89,7,0,95,0,102,8,10,154,19,191,140,44,184,375
04/27/2002,YNG,OH,AGL,CE,Towers with Radar,0,8,44,2,54,1,7,47,0,55,1,15,91,2,109,132,0,132,241
04/28/2002,YNG,OH,AGL,CE,Towers with Radar,0,7,33,0,40,1,3,2,0,6,1,10,35,0,46,38,0,38,84
04/29/2002,YNG,OH,AGL,CE,Towers with Radar,1,11,37,25,74,1,0,0,0,1,2,11,37,25,75,18,64,82,157
04/30/2002,YNG,OH,AGL,CE,Towers with Radar,1,14,70,40,125,1,1,12,0,14,2,15,82,40,139,64,62,126,265
05/01/2002,YNG,OH,AGL,CE,Towers with Radar,0,5,62,45,112,0,0,19,37,56,0,5,81,82,168,60,204,264,432
05/02/2002,YNG,OH,AGL,CE,Towers with Radar,0,5,29,26,60,0,0,0,11,11,0,5,29,37,71,22,48,70,141
05/03/2002,YNG,OH,AGL,CE,Towers with Radar,1,5,33,56,95,4,74,29,0,107,5,79,62,56,202,94,0,94,296
05/04/2002,YNG,OH,AGL,CE,Towers with Radar,0,6,36,26,68,0,0,81,0,81,0,6,117,26,149,156,52,208,357
05/05/2002,YNG,OH,AGL,CE,Towers with Radar,0,6,36,15,57,0,0,71,0,71,0,6,107,15,128,74,16,90,218
05/06/2002,YNG,OH,AGL,CE,Towers with Radar,0,5,59,30,94,0,0,10,0,10,0,5,69,30,104,70,38,108,212
05/07/2002,YNG,OH,AGL,CE,Towers with Radar,2,8,33,40,83,0,9,0,8,17,2,17,33,48,100,20,62,82,182
05/08/2002,YNG,OH,AGL,CE,Towers with Radar,0,8,36,34,78,0,2,0,8,10,0,10,36,42,88,22,28,50,138
05/09/2002,YNG,OH,AGL,CE,Towers with Radar,1,6,22,27,56,1,1,0,7,9,2,7,22,34,65,10,12,22,87
05/10/2002,YNG,OH,AGL,CE,Towers with Radar,1,7,44,33,85,1,4,46,11,62,2,11,90,44,147,122,74,196,343
05/11/2002,YNG,OH,AGL,CE,Towers with Radar,0,5,34,2,41,0,2,59,0,61,0,7,93,2,102,126,0,126,228
05/12/2002,YNG,OH,AGL,CE,Towers with Radar,0,3,16,4,23,0,3,0,0,3,0,6,16,4,26,10,0,10,36
05/13/2002,YNG,OH,AGL,CE,Towers with Radar,0,5,31,18,54,0,0,0,0,0,0,5,31,18,54,14,28,42,96
05/14/2002,YNG,OH,AGL,CE,Towers with Radar,2,10,36,42,90,1,2,0,11,14,3,12,36,53,104,12,78,90,194
05/15/2002,YNG,OH,AGL,CE,Towers with Radar,0,8,47,31,86,0,4,196,0,200,0,12,243,31,286,213,78,291,577
05/16/2002,YNG,OH,AGL,CE,Towers with Radar,0,10,62,47,119,0,0,0,27,27,0,10,62,74,146,78,110,188,334
05/17/2002,YNG,OH,AGL,CE,Towers with Radar,1,5,42,33,81,3,0,0,0,3,4,5,42,33,84,26,26,52,136
05/18/2002,YNG,OH,AGL,CE,Towers with Radar,0,4,36,23,63,0,0,7,0,7,0,4,43,23,70,60,52,112,182
05/19/2002,YNG,OH,AGL,CE,Towers with Radar,1,6,49,19,75,2,0,82,0,84,3,6,131,19,159,146,32,178,337
05/20/2002,YNG,OH,AGL,CE,Towers with Radar,0,11,68,51,130,0,6,49,48,103,0,17,117,99,233,156,218,374,607
05/21/2002,YNG,OH,AGL,CE,Towers with Radar,0,12,70,53,135,0,0,62,28,90,0,12,132,81,225,144,82,226,451
05/22/2002,YNG,OH,AGL,CE,Towers with Radar,0,7,79,59,145,0,0,110,1,111,0,7,189,60,256,144,82,226,482
05/23/2002,YNG,OH,AGL,CE,Towers with Radar,0,9,50,37,96,2,0,75,0,77,2,9,125,37,173,138,46,184,357
05/24/2002,YNG,OH,AGL,CE,Towers with Radar,0,10,27,37,74,0,0,0,9,9,0,10,27,46,83,48,78,126,209
05/25/2002,YNG,OH,AGL,CE,Towers with Radar,0,5,36,2,43,0,0,33,0,33,0,5,69,2,76,90,0,90,166
05/26/2002,YNG,OH,AGL,CE,Towers with Radar,0,6,41,2,49,6,0,58,0,64,6,6,99,2,113,138,2,140,253
05/27/2002,YNG,OH,AGL,CE,Towers with Radar,0,5,37,12,54,2,4,26,0,32,2,9,63,12,86,152,6,158,244
05/28/2002,YNG,OH,AGL,CE,Towers with Radar,0,8,40,15,63,1,4,0,0,5,1,12,40,15,68,50,8,58,126
05/29/2002,YNG,OH,AGL,CE,Towers with Radar,0,9,59,43,111,0,0,54,1,55,0,9,113,44,166,116,102,218,384
05/30/2002,YNG,OH,AGL,CE,Towers with Radar,0,9,48,36,93,1,6,7,0,14,1,15,55,36,107,92,128,220,327
05/31/2002,YNG,OH,AGL,CE,Towers with Radar,0,7,32,23,62,1,0,0,0,1,1,7,32,23,63,36,40,76,139
06/01/2002,YNG,OH,AGL,CE,Towers with Radar,1,6,36,5,48,1,4,83,0,88,2,10,119,5,136,128,0,128,264
06/02/2002,YNG,OH,AGL,CE,Towers with Radar,0,5,53,12,70,0,0,71,0,71,0,5,124,12,141,168,12,180,321
06/03/2002,YNG,OH,AGL,CE,Towers with Radar,2,8,52,20,82,1,1,7,0,9,3,9,59,20,91,50,32,82,173
06/04/2002,YNG,OH,AGL,CE,Towers with Radar,0,9,55,28,92,0,1,23,12,36,0,10,78,40,128,56,84,140,268
06/05/2002,YNG,OH,AGL,CE,Towers with Radar,0,6,39,12,57,0,0,7,0,7,0,6,46,12,64,0,44,44,108
06/06/2002,YNG,OH,AGL,CE,Towers with Radar,0,11,80,37,128,0,0,8,0,8,0,11,88,37,136,66,48,114,250
06/07/2002,YNG,OH,AGL,CE,Towers with Radar,2,7,71,36,116,0,0,40,7,47,2,7,111,43,163,96,70,166,329
06/08/2002,YNG,OH,AGL,CE,Towers with Radar,2,7,47,24,80,0,8,69,7,84,2,15,116,31,164,164,54,218,382
06/09/2002,YNG,OH,AGL,CE,Towers with Radar,2,3,51,26,82,3,0,60,20,83,5,3,111,46,165,98,52,150,315
06/10/2002,YNG,OH,AGL,CE,Towers with Radar,1,9,54,18,82,0,2,60,0,62,1,11,114,18,144,104,22,126,270
06/11/2002,YNG,OH,AGL,CE,Towers with Radar,2,12,78,39,131,0,0,15,51,66,2,12,93,90,197,104,146,250,447
06/12/2002,YNG,OH,AGL,CE,Towers with Radar,0,7,50,27,84,0,0,0,13,13,0,7,50,40,97,82,120,202,299
06/13/2002,YNG,OH,AGL,CE,Towers with Radar,2,12,70,35,119,2,1,40,37,80,4,13,110,72,199,154,160,314,513
06/14/2002,YNG,OH,AGL,CE,Towers with Radar,0,7,28,7,42,0,3,0,0,3,0,10,28,7,45,50,22,72,117
06/15/2002,YNG,OH,AGL,CE,Towers with Radar,0,6,35,8,49,0,0,6,0,6,0,6,41,8,55,38,0,38,93
06/16/2002,YNG,OH,AGL,CE,Towers with Radar,0,6,38,1,45,0,0,18,0,18,0,6,56,1,63,88,0,88,151
06/17/2002,YNG,OH,AGL,CE,Towers with Radar,0,9,61,28,98,0,0,67,0,67,0,9,128,28,165,128,90,218,383
06/18/2002,YNG,OH,AGL,CE,Towers with Radar,0,16,84,42,142,0,6,64,24,94,0,22,148,66,236,126,142,268,504
06/19/2002,YNG,OH,AGL,CE,Towers with Radar,1,10,59,28,98,0,4,73,31,108,1,14,132,59,206,108,166,274,480
06/20/2002,YNG,OH,AGL,CE,Towers with Radar,1,8,56,27,92,1,0,65,3,69,2,8,121,30,161,132,50,182,343
06/21/2002,YNG,OH,AGL,CE,Towers with Radar,0,8,41,19,68,7,2,57,12,78,7,10,98,31,146,158,76,234,380
06/22/2002,YNG,OH,AGL,CE,Towers with Radar,1,8,53,5,67,1,0,42,0,43,2,8,95,5,110,78,4,82,192
06/23/2002,YNG,OH,AGL,CE,Towers with Radar,0,4,47,7,58,0,0,45,0,45,0,4,92,7,103,168,0,168,271
06/24/2002,YNG,OH,AGL,CE,Towers with Radar,0,9,54,26,89,0,2,14,10,26,0,11,68,36,115,60,150,210,325
06/25/2002,YNG,OH,AGL,CE,Towers with Radar,0,8,52,25,85,0,5,20,2,27,0,13,72,27,112,74,74,148,260
06/26/2002,YNG,OH,AGL,CE,Towers with Radar,0,8,40,23,71,0,1,0,1,2,0,9,40,24,73,36,82,118,191
06/27/2002,YNG,OH,AGL,CE,Towers with Radar,0,8,54,31,93,0,0,0,4,4,0,8,54,35,97,18,40,58,155
06/28/2002,YNG,OH,AGL,CE,Towers with Radar,1,10,58,9,78,1,1,18,0,20,2,11,76,9,98,60,30,90,188
06/29/2002,YNG,OH,AGL,CE,Towers with Radar,0,6,41,0,47,2,0,78,0,80,2,6,119,0,127,134,0,134,261
06/30/2002,YNG,OH,AGL,CE,Towers with Radar,0,7,45,3,55,2,3,81,0,86,2,10,126,3,141,146,14,160,301
07/01/2002,YNG,OH,AGL,CE,Towers with Radar,1,12,89,53,155,0,3,42,32,77,1,15,131,85,232,160,116,276,508
07/02/2002,YNG,OH,AGL,CE,Towers with Radar,0,8,49,35,92,0,0,0,6,6,0,8,49,41,98,34,38,72,170
07/03/2002,YNG,OH,AGL,CE,Towers with Radar,0,4,69,41,114,0,0,44,18,62,0,4,113,59,176,118,122,240,416
07/04/2002,YNG,OH,AGL,CE,Towers with Radar,1,3,30,2,36,1,0,4,0,5,2,3,34,2,41,54,0,54,95
07/05/2002,YNG,OH,AGL,CE,Towers with Radar,0,5,50,8,63,0,0,95,0,95,0,5,145,8,158,178,4,182,340
07/06/2002,YNG,OH,AGL,CE,Towers with Radar,0,5,33,2,40,0,0,50,0,50,0,5,83,2,90,104,0,104,194
07/07/2002,YNG,OH,AGL,CE,Towers with Radar,2,9,66,1,78,3,0,48,0,51,5,9,114,1,129,98,0,98,227
07/08/2002,YNG,OH,AGL,CE,Towers with Radar,1,8,63,30,102,0,4,60,0,64,1,12,123,30,166,106,90,196,362
07/09/2002,YNG,OH,AGL,CE,Towers with Radar,2,11,47,27,87,0,0,9,1,10,2,11,56,28,97,30,28,58,155
07/10/2002,YNG,OH,AGL,CE,Towers with Radar,0,10,98,58,166,0,0,73,14,87,0,10,171,72,253,124,172,296,549
07/11/2002,YNG,OH,AGL,CE,Towers with Radar,0,7,81,48,136,0,0,70,14,84,0,7,151,62,220,170,104,274,494
07/12/2002,YNG,OH,AGL,CE,Towers with Radar,0,11,74,44,129,0,4,86,8,98,0,15,160,52,227,114,108,222,449
07/13/2002,YNG,OH,AGL,CE,Towers with Radar,0,6,48,19,73,0,0,90,0,90,0,6,138,19,163,152,50,202,365
07/14/2002,YNG,OH,AGL,CE,Towers with Radar,0,6,47,0,53,0,1,18,0,19,0,7,65,0,72,54,2,56,128
07/15/2002,YNG,OH,AGL,CE,Towers with Radar,0,7,77,46,130,0,0,57,40,97,0,7,134,86,227,151,178,329,556
07/16/2002,YNG,OH,AGL,CE,Towers with Radar,0,11,87,51,149,0,6,79,55,140,0,17,166,106,289,176,274,450,739
07/17/2002,YNG,OH,AGL,CE,Towers with Radar,0,13,90,53,156,0,1,48,16,65,0,14,138,69,221,116,112,228,449
07/18/2002,YNG,OH,AGL,CE,Towers with Radar,0,12,53,52,117,0,1,0,44,45,0,13,53,96,162,38,122,160,322
07/19/2002,YNG,OH,AGL,CE,Towers with Radar,1,7,58,27,93,2,8,0,0,10,3,15,58,27,103,28,32,60,163
07/20/2002,YNG,OH,AGL,CE,Towers with Radar,1,8,58,0,67,3,0,62,0,65,4,8,120,0,132,114,0,114,246
07/21/2002,YNG,OH,AGL,CE,Towers with Radar,0,8,61,5,74,0,1,61,0,62,0,9,122,5,136,98,2,100,236
07/22/2002,YNG,OH,AGL,CE,Towers with Radar,1,4,62,27,94,1,0,15,0,16,2,4,77,27,110,50,74,124,234
07/23/2002,YNG,OH,AGL,CE,Towers with Radar,1,4,60,36,101,0,0,22,7,29,1,4,82,43,130,68,32,100,230
07/24/2002,YNG,OH,AGL,CE,Towers with Radar,0,10,85,47,142,0,0,36,0,36,0,10,121,47,178,128,78,206,384
07/25/2002,YNG,OH,AGL,CE,Towers with Radar,0,10,75,33,118,0,2,67,9,78,0,12,142,42,196,150,78,228,424
07/26/2002,YNG,OH,AGL,CE,Towers with Radar,1,10,56,40,107,6,2,0,4,12,7,12,56,44,119,42,54,96,215
07/27/2002,YNG,OH,AGL,CE,Towers with Radar,0,6,31,1,38,4,3,0,0,7,4,9,31,1,45,9,0,9,54
07/28/2002,YNG,OH,AGL,CE,Towers with Radar,0,1,10,4,15,4,5,30,0,39,4,6,40,4,54,32,0,32,86
07/29/2002,YNG,OH,AGL,CE,Towers with Radar,1,7,57,35,100,0,4,0,10,14,1,11,57,45,114,24,42,66,180
07/30/2002,YNG,OH,AGL,CE,Towers with Radar,0,10,79,47,136,0,0,36,2,38,0,10,115,49,174,112,86,198,372
07/31/2002,YNG,OH,AGL,CE,Towers with Radar,1,10,77,46,134,1,0,68,12,81,2,10,145,58,215,97,188,285,500
08/01/2002,YNG,OH,AGL,CE,Towers with Radar,0,12,68,34,114,0,4,60,37,101,0,16,128,71,215,136,120,256,471
08/02/2002,YNG,OH,AGL,CE,Towers with Radar,0,10,59,29,98,0,8,7,21,36,0,18,66,50,134,64,80,144,278
08/03/2002,YNG,OH,AGL,CE,Towers with Radar,0,7,44,5,56,0,0,58,0,58,0,7,102,5,114,62,0,62,176
08/04/2002,YNG,OH,AGL,CE,Towers with Radar,1,6,42,9,58,0,0,27,0,27,1,6,69,9,85,72,12,84,169
08/05/2002,YNG,OH,AGL,CE,Towers with Radar,0,9,53,28,90,0,8,0,39,47,0,17,53,67,137,36,126,162,299
08/06/2002,YNG,OH,AGL,CE,Towers with Radar,2,12,70,35,119,2,3,24,31,60,4,15,94,66,179,56,98,154,333
08/07/2002,YNG,OH,AGL,CE,Towers with Radar,0,10,53,27,90,0,4,58,10,72,0,14,111,37,162,74,84,158,320
08/08/2002,YNG,OH,AGL,CE,Towers with Radar,0,7,61,31,99,0,0,86,16,102,0,7,147,47,201,104,60,164,365
08/09/2002,YNG,OH,AGL,CE,Towers with Radar,0,11,60,13,84,0,10,60,0,70,0,21,120,13,154,104,46,150,304
08/10/2002,YNG,OH,AGL,CE,Towers with Radar,0,5,35,2,42,0,0,66,0,66,0,5,101,2,108,130,4,134,242
08/11/2002,YNG,OH,AGL,CE,Towers with Radar,1,7,39,4,51,0,2,38,0,40,1,9,77,4,91,114,6,120,211
08/12/2002,YNG,OH,AGL,CE,Towers with Radar,2,9,59,30,100,0,0,16,4,20,2,9,75,34,120,60,88,148,268
08/13/2002,YNG,OH,AGL,CE,Towers with Radar,2,10,74,37,123,0,0,30,42,72,2,10,104,79,195,90,116,206,401
08/14/2002,YNG,OH,AGL,CE,Towers with Radar,0,5,68,24,97,0,0,22,0,22,0,5,90,24,119,72,22,94,213
08/15/2002,YNG,OH,AGL,CE,Towers with Radar,1,13,71,36,121,1,0,30,12,43,2,13,101,48,164,98,84,182,346
08/16/2002,YNG,OH,AGL,CE,Towers with Radar,1,11,49,16,77,1,0,0,0,1,2,11,49,16,78,86,16,102,180
08/17/2002,YNG,OH,AGL,CE,Towers with Radar,0,8,37,6,51,1,0,37,0,38,1,8,74,6,89,58,2,60,149
08/18/2002,YNG,OH,AGL,CE,Towers with Radar,0,8,41,2,51,0,0,40,0,40,0,8,81,2,91,108,0,108,199
08/19/2002,YNG,OH,AGL,CE,Towers with Radar,0,10,59,30,99,0,0,0,9,9,0,10,59,39,108,44,82,126,234
08/20/2002,YNG,OH,AGL,CE,Towers with Radar,0,9,58,5,72,0,0,73,0,73,0,9,131,5,145,138,76,214,359
08/21/2002,YNG,OH,AGL,CE,Towers with Radar,1,12,62,30,105,1,0,93,17,111,2,12,155,47,216,122,70,192,408
08/22/2002,YNG,OH,AGL,CE,Towers with Radar,0,11,41,31,83,0,1,0,2,3,0,12,41,33,86,62,44,106,192
08/23/2002,YNG,OH,AGL,CE,Towers with Radar,0,10,48,24,82,0,0,0,0,0,0,10,48,24,82,42,34,76,158
08/24/2002,YNG,OH,AGL,CE,Towers with Radar,0,6,45,1,52,1,0,0,0,1,1,6,45,1,53,38,6,44,97
08/25/2002,YNG,OH,AGL,CE,Towers with Radar,0,3,48,5,56,3,0,56,0,59,3,3,104,5,115,130,0,130,245
08/26/2002,YNG,OH,AGL,CE,Towers with Radar,0,8,49,23,80,2,13,60,15,90,2,21,109,38,170,152,88,240,410
08/27/2002,YNG,OH,AGL,CE,Towers with Radar,0,13,74,30,117,0,2,62,0,64,0,15,136,30,181,144,66,210,391
08/28/2002,YNG,OH,AGL,CE,Towers with Radar,0,10,57,27,94,1,3,47,23,74,1,13,104,50,168,88,112,200,368
08/29/2002,YNG,OH,AGL,CE,Towers with Radar,1,10,77,37,125,1,0,49,8,58,2,10,126,45,183,124,52,176,359
08/30/2002,YNG,OH,AGL,CE,Towers with Radar,1,12,70,33,116,2,13,22,8,45,3,25,92,41,161,94,82,176,337
08/31/2002,YNG,OH,AGL,CE,Towers with Radar,0,5,34,11,50,2,0,49,0,51,2,5,83,11,101,98,10,108,209
09/01/2002,YNG,OH,AGL,CE,Towers with Radar,0,4,26,0,30,0,2,21,0,23,0,6,47,0,53,100,0,100,153
09/02/2002,YNG,OH,AGL,CE,Towers with Radar,0,4,37,0,41,0,0,9,0,9,0,4,46,0,50,104,0,104,154
09/03/2002,YNG,OH,AGL,CE,Towers with Radar,0,6,52,24,82,0,4,0,29,33,0,10,52,53,115,52,38,90,205
09/04/2002,YNG,OH,AGL,CE,Towers with Radar,2,10,85,39,136,7,130,19,91,247,9,140,104,130,383,180,0,180,563
09/05/2002,YNG,OH,AGL,CE,Towers with Radar,0,9,78,60,147,0,1,35,3,39,0,10,113,63,186,128,118,246,432
09/06/2002,YNG,OH,AGL,CE,Towers with Radar,0,8,71,33,112,0,8,22,20,50,0,16,93,53,162,116,74,190,352
09/07/2002,YNG,OH,AGL,CE,Towers with Radar,1,4,35,8,48,1,3,53,0,57,2,7,88,8,105,74,0,74,179
09/08/2002,YNG,OH,AGL,CE,Towers with Radar,1,4,48,7,60,0,0,72,0,72,1,4,120,7,132,156,4,160,292
09/09/2002,YNG,OH,AGL,CE,Towers with Radar,1,5,61,28,95,0,0,39,26,65,1,5,100,54,160,106,188,294,454
09/10/2002,YNG,OH,AGL,CE,Towers with Radar,0,6,73,34,113,0,0,40,18,58,0,6,113,52,171,128,108,236,407
09/11/2002,YNG,OH,AGL,CE,Towers with Radar,0,4,58,27,89,0,0,24,43,67,0,4,82,70,156,54,94,148,304
09/12/2002,YNG,OH,AGL,CE,Towers with Radar,0,0,65,28,93,0,0,64,0,64,0,0,129,28,157,164,32,196,353
09/13/2002,YNG,OH,AGL,CE,Towers with Radar,0,2,60,28,90,0,0,58,13,71,0,2,118,41,161,116,80,196,357
09/14/2002,YNG,OH,AGL,CE,Towers with Radar,0,2,30,2,34,0,0,8,0,8,0,2,38,2,42,24,0,24,66
09/15/2002,YNG,OH,AGL,CE,Towers with Radar,0,4,23,2,29,0,0,0,0,0,0,4,23,2,29,0,0,0,29
09/16/2002,YNG,OH,AGL,CE,Towers with Radar,0,1,51,5,57,0,0,28,0,28,0,1,79,5,85,80,4,84,169
09/17/2002,YNG,OH,AGL,CE,Towers with Radar,1,9,70,32,112,1,0,17,60,78,2,9,87,92,190,94,134,228,418
09/18/2002,YNG,OH,AGL,CE,Towers with Radar,0,8,62,29,99,0,0,24,14,38,0,8,86,43,137,55,60,115,252
09/19/2002,YNG,OH,AGL,CE,Towers with Radar,0,6,76,36,118,0,0,21,10,31,0,6,97,46,149,56,98,154,303
09/20/2002,YNG,OH,AGL,CE,Towers with Radar,0,3,47,7,57,2,0,27,0,29,2,3,74,7,86,89,4,93,179
09/21/2002,YNG,OH,AGL,CE,Towers with Radar,0,2,42,5,49,1,0,26,0,27,1,2,68,5,76,74,6,80,156
09/22/2002,YNG,OH,AGL,CE,Towers with Radar,1,3,57,4,65,4,0,62,0,66,5,3,119,4,131,114,2,116,247
09/23/2002,YNG,OH,AGL,CE,Towers with Radar,0,3,47,11,61,2,0,71,0,73,2,3,118,11,134,102,20,122,256
09/24/2002,YNG,OH,AGL,CE,Towers with Radar,0,1,67,32,100,0,0,39,0,39,0,1,106,32,139,90,38,128,267
09/25/2002,YNG,OH,AGL,CE,Towers with Radar,0,0,67,26,93,0,0,52,0,52,0,0,119,26,145,62,40,102,247
09/26/2002,YNG,OH,AGL,CE,Towers with Radar,0,6,66,25,97,0,0,15,0,15,0,6,81,25,112,84,26,110,222
09/27/2002,YNG,OH,AGL,CE,Towers with Radar,3,1,13,9,26,0,0,0,0,0,3,1,13,9,26,0,0,0,26
09/28/2002,YNG,OH,AGL,CE,Towers with Radar,0,6,54,8,68,2,0,21,0,23,2,6,75,8,91,78,4,82,173
09/29/2002,YNG,OH,AGL,CE,Towers with Radar,0,1,49,0,50,5,0,56,0,61,5,1,105,0,111,130,0,130,241
09/30/2002,YNG,OH,AGL,CE,Towers with Radar,1,8,62,30,101,1,2,94,4,101,2,10,156,34,202,154,74,228,430
10/01/2002,YNG,OH,AGL,CE,Towers with Radar,0,7,70,40,117,0,4,62,11,77,0,11,132,51,194,132,98,230,424
10/02/2002,YNG,OH,AGL,CE,Towers with Radar,1,4,65,37,107,0,0,20,9,29,1,4,85,46,136,72,130,202,338
10/03/2002,YNG,OH,AGL,CE,Towers with Radar,0,6,88,50,144,0,0,7,23,30,0,6,95,73,174,44,72,116,290
10/04/2002,YNG,OH,AGL,CE,Towers with Radar,0,3,26,10,39,0,1,0,0,1,0,4,26,10,40,20,22,42,82
10/05/2002,YNG,OH,AGL,CE,Towers with Radar,0,2,43,21,66,0,0,12,0,12,0,2,55,21,78,70,40,110,188
10/06/2002,YNG,OH,AGL,CE,Towers with Radar,0,1,44,5,50,0,0,25,0,25,0,1,69,5,75,38,0,38,113
10/07/2002,YNG,OH,AGL,CE,Towers with Radar,1,2,28,17,48,0,1,14,14,29,1,3,42,31,77,40,58,98,175
10/08/2002,YNG,OH,AGL,CE,Towers with Radar,0,3,73,42,118,0,0,25,19,44,0,3,98,61,162,76,122,198,360
10/09/2002,YNG,OH,AGL,CE,Towers with Radar,0,5,58,23,86,0,0,27,0,27,0,5,85,23,113,44,58,102,215
10/10/2002,YNG,OH,AGL,CE,Towers with Radar,0,7,69,13,89,0,3,30,0,33,0,10,99,13,122,84,22,106,228
10/11/2002,YNG,OH,AGL,CE,Towers with Radar,0,5,51,14,70,0,0,0,0,0,0,5,51,14,70,54,18,72,142
10/12/2002,YNG,OH,AGL,CE,Towers with Radar,0,2,46,0,48,0,0,17,0,17,0,2,63,0,65,48,0,48,113
10/13/2002,YNG,OH,AGL,CE,Towers with Radar,1,3,42,2,48,2,0,8,0,10,3,3,50,2,58,44,0,44,102
10/14/2002,YNG,OH,AGL,CE,Towers with Radar,2,0,47,0,49,0,0,98,0,98,2,0,145,0,147,146,0,146,293
10/15/2002,YNG,OH,AGL,CE,Towers with Radar,0,2,75,43,120,0,0,46,38,84,0,2,121,81,204,100,150,250,454
10/16/2002,YNG,OH,AGL,CE,Towers with Radar,0,6,43,28,77,0,3,0,14,17,0,9,43,42,94,18,44,62,156
10/17/2002,YNG,OH,AGL,CE,Towers with Radar,0,3,73,40,116,0,0,30,25,55,0,3,103,65,171,134,136,270,441
10/18/2002,YNG,OH,AGL,CE,Towers with Radar,1,6,52,27,86,0,6,21,0,27,1,12,73,27,113,52,64,116,229
10/19/2002,YNG,OH,AGL,CE,Towers with Radar,0,0,30,0,30,6,0,0,0,6,6,0,30,0,36,20,30,50,86
10/20/2002,YNG,OH,AGL,CE,Towers with Radar,0,5,48,20,73,0,2,62,0,64,0,7,110,20,137,112,18,130,267
10/21/2002,YNG,OH,AGL,CE,Towers with Radar,0,4,52,28,84,0,0,70,16,86,0,4,122,44,170,102,90,192,362
10/22/2002,YNG,OH,AGL,CE,Towers with Radar,0,1,55,30,86,0,0,84,20,104,0,1,139,50,190,174,106,280,470
10/23/2002,YNG,OH,AGL,CE,Towers with Radar,1,4,60,33,98,0,0,3,36,39,1,4,63,69,137,32,146,178,315
10/24/2002,YNG,OH,AGL,CE,Towers with Radar,1,3,54,30,88,0,0,41,0,41,1,3,95,30,129,78,78,156,285
10/25/2002,YNG,OH,AGL,CE,Towers with Radar,1,7,54,24,86,1,7,0,0,8,2,14,54,24,94,58,42,100,194
10/26/2002,YNG,OH,AGL,CE,Towers with Radar,0,4,27,0,31,5,3,0,0,8,5,7,27,0,39,32,0,32,71
10/27/2002,YNG,OH,AGL,CE,Towers with Radar,1,1,55,4,61,5,0,67,0,72,6,1,122,4,133,14,0,14,147
10/28/2002,YNG,OH,AGL,CE,Towers with Radar,1,6,64,22,93,3,8,64,0,75,4,14,128,22,168,140,68,208,376
10/29/2002,YNG,OH,AGL,CE,Towers with Radar,1,5,65,36,107,1,0,0,34,35,2,5,65,70,142,18,116,134,276
10/30/2002,YNG,OH,AGL,CE,Towers with Radar,1,5,48,31,85,0,23,0,39,62,1,28,48,70,147,48,134,182,329
10/31/2002,YNG,OH,AGL,CE,Towers with Radar,0,3,42,24,69,1,0,37,18,56,1,3,79,42,125,100,38,138,263
11/01/2002,YNG,OH,AGL,CE,Towers with Radar,1,2,22,25,50,0,0,0,15,15,1,2,22,40,65,0,46,46,111
11/02/2002,YNG,OH,AGL,CE,Towers with Radar,1,0,29,20,50,0,0,18,1,19,1,0,47,21,69,50,14,64,133
11/03/2002,YNG,OH,AGL,CE,Towers with Radar,0,1,41,24,66,0,0,56,0,56,0,1,97,24,122,92,14,106,228
11/04/2002,YNG,OH,AGL,CE,Towers with Radar,0,3,33,35,71,0,1,0,23,24,0,4,33,58,95,38,80,118,213
11/05/2002,YNG,OH,AGL,CE,Towers with Radar,0,2,58,38,98,0,0,1,15,16,0,2,59,53,114,34,142,176,290
11/06/2002,YNG,OH,AGL,CE,Towers with Radar,0,2,35,23,60,0,0,0,0,0,0,2,35,23,60,44,14,58,118
11/07/2002,YNG,OH,AGL,CE,Towers with Radar,0,2,66,43,111,0,0,14,0,14,0,2,80,43,125,102,168,270,395
11/08/2002,YNG,OH,AGL,CE,Towers with Radar,1,2,45,17,65,1,4,7,0,12,2,6,52,17,77,38,48,86,163
11/09/2002,YNG,OH,AGL,CE,Towers with Radar,1,0,30,0,31,2,0,5,0,7,3,0,35,0,38,70,0,70,108
11/10/2002,YNG,OH,AGL,CE,Towers with Radar,1,2,17,2,22,0,0,0,0,0,1,2,17,2,22,0,0,0,22
11/11/2002,YNG,OH,AGL,CE,Towers with Radar,1,0,47,0,48,4,0,26,0,30,5,0,73,0,78,80,0,80,158
11/12/2002,YNG,OH,AGL,CE,Towers with Radar,0,4,63,41,108,0,1,8,14,23,0,5,71,55,131,168,106,274,405
11/13/2002,YNG,OH,AGL,CE,Towers with Radar,0,4,62,40,106,0,0,40,12,52,0,4,102,52,158,134,180,314,472
11/14/2002,YNG,OH,AGL,CE,Towers with Radar,0,5,76,25,106,0,1,63,0,64,0,6,139,25,170,132,40,172,342
11/15/2002,YNG,OH,AGL,CE,Towers with Radar,1,1,53,36,91,3,0,14,27,44,4,1,67,63,135,23,128,151,286
11/16/2002,YNG,OH,AGL,CE,Towers with Radar,0,0,18,14,32,1,0,0,2,3,1,0,18,16,35,16,10,26,61
11/17/2002,YNG,OH,AGL,CE,Towers with Radar,3,1,12,9,25,0,0,0,0,0,3,1,12,9,25,0,0,0,25
11/18/2002,YNG,OH,AGL,CE,Towers with Radar,1,4,56,38,99,0,0,30,28,58,1,4,86,66,157,82,128,210,367
11/19/2002,YNG,OH,AGL,CE,Towers with Radar,0,3,46,32,81,0,1,6,3,10,0,4,52,35,91,22,44,66,157
11/20/2002,YNG,OH,AGL,CE,Towers with Radar,0,4,58,39,101,0,3,47,3,53,0,7,105,42,154,102,82,184,338
11/21/2002,YNG,OH,AGL,CE,Towers with Radar,0,5,68,46,119,0,11,29,33,73,0,16,97,79,192,116,138,254,446
11/22/2002,YNG,OH,AGL,CE,Towers with Radar,0,1,19,23,43,2,0,0,3,5,2,1,19,26,48,0,14,14,62
11/23/2002,YNG,OH,AGL,CE,Towers with Radar,0,0,25,0,25,0,0,15,0,15,0,0,40,0,40,38,0,38,78
11/24/2002,YNG,OH,AGL,CE,Towers with Radar,1,4,54,3,62,4,4,78,0,86,5,8,132,3,148,100,0,100,248
11/25/2002,YNG,OH,AGL,CE,Towers with Radar,0,2,25,22,49,0,0,0,1,1,0,2,25,23,50,40,30,70,120
11/26/2002,YNG,OH,AGL,CE,Towers with Radar,0,3,62,41,106,0,0,23,11,34,0,3,85,52,140,74,38,112,252
11/27/2002,YNG,OH,AGL,CE,Towers with Radar,0,3,41,32,76,0,0,0,6,6,0,3,41,38,82,2,86,88,170
11/28/2002,YNG,OH,AGL,CE,Towers with Radar,0,2,4,0,6,0,2,0,0,2,0,4,4,0,8,0,0,0,8
11/29/2002,YNG,OH,AGL,CE,Towers with Radar,0,1,14,0,15,2,3,0,0,5,2,4,14,0,20,0,0,0,20
11/30/2002,YNG,OH,AGL,CE,Towers with Radar,0,1,20,2,23,0,0,0,0,0,0,1,20,2,23,10,0,10,33
12/01/2002,YNG,OH,AGL,CE,Towers with Radar,0,3,28,0,31,0,4,0,0,4,0,7,28,0,35,14,2,16,51
12/02/2002,YNG,OH,AGL,CE,Towers with Radar,0,4,41,16,61,0,0,32,0,32,0,4,73,16,93,24,32,56,149
12/03/2002,YNG,OH,AGL,CE,Towers with Radar,0,4,38,24,66,0,15,22,0,37,0,19,60,24,103,42,60,102,205
12/04/2002,YNG,OH,AGL,CE,Towers with Radar,0,2,55,43,100,0,0,17,47,64,0,2,72,90,164,74,198,272,436
12/05/2002,YNG,OH,AGL,CE,Towers with Radar,0,3,26,26,55,0,2,0,2,4,0,5,26,28,59,22,40,62,121
12/06/2002,YNG,OH,AGL,CE,Towers with Radar,1,4,37,27,69,1,10,8,0,19,2,14,45,27,88,54,42,96,184
12/07/2002,YNG,OH,AGL,CE,Towers with Radar,0,0,21,0,21,0,0,30,0,30,0,0,51,0,51,52,0,52,103
12/08/2002,YNG,OH,AGL,CE,Towers with Radar,1,2,22,10,35,1,2,5,0,8,2,4,27,10,43,16,0,16,59
12/09/2002,YNG,OH,AGL,CE,Towers with Radar,0,0,40,24,64,0,0,61,0,61,0,0,101,24,125,90,44,134,259
12/10/2002,YNG,OH,AGL,CE,Towers with Radar,0,6,57,44,107,0,13,56,29,98,0,19,113,73,205,140,162,302,507
12/11/2002,YNG,OH,AGL,CE,Towers with Radar,0,2,18,2,22,0,1,0,0,1,0,3,18,2,23,0,0,0,23
12/12/2002,YNG,OH,AGL,CE,Towers with Radar,1,1,44,33,79,0,0,9,14,23,1,1,53,47,102,36,58,94,196
12/13/2002,YNG,OH,AGL,CE,Towers with Radar,1,0,42,35,78,2,0,0,13,15,3,0,42,48,93,22,30,52,145
12/14/2002,YNG,OH,AGL,CE,Towers with Radar,1,0,12,3,16,0,0,1,0,1,1,0,13,3,17,6,0,6,23
12/15/2002,YNG,OH,AGL,CE,Towers with Radar,0,0,25,1,26,2,0,30,0,32,2,0,55,1,58,62,0,62,120
12/16/2002,YNG,OH,AGL,CE,Towers with Radar,0,5,42,33,80,0,1,15,10,26,0,6,57,43,106,22,94,116,222
12/17/2002,YNG,OH,AGL,CE,Towers with Radar,0,7,55,43,105,0,2,94,3,99,0,9,149,46,204,148,138,286,490
12/18/2002,YNG,OH,AGL,CE,Towers with Radar,0,7,55,43,105,1,3,9,16,29,1,10,64,59,134,58,150,208,342
12/19/2002,YNG,OH,AGL,CE,Towers with Radar,0,2,54,40,96,0,0,14,26,40,0,2,68,66,136,94,90,184,320
12/20/2002,YNG,OH,AGL,CE,Towers with Radar,0,4,32,24,60,0,0,1,4,5,0,4,33,28,65,32,24,56,121
12/21/2002,YNG,OH,AGL,CE,Towers with Radar,0,0,17,0,17,0,0,5,0,5,0,0,22,0,22,6,0,6,28
12/22/2002,YNG,OH,AGL,CE,Towers with Radar,0,2,20,2,24,0,0,0,0,0,0,2,20,2,24,0,0,0,24
12/23/2002,YNG,OH,AGL,CE,Towers with Radar,0,2,17,13,32,0,0,0,1,1,0,2,17,14,33,16,48,64,97
12/24/2002,YNG,OH,AGL,CE,Towers with Radar,0,2,12,0,14,0,1,13,0,14,0,3,25,0,28,32,0,32,60
12/25/2002,YNG,OH,AGL,CE,Towers with Radar,0,0,0,0,0,0,0,0,0,0,0,0,0,0,0,0,0,0,0
12/26/2002,YNG,OH,AGL,CE,Towers with Radar,0,4,33,28,65,0,0,0,12,12,0,4,33,40,77,18,48,66,143
12/27/2002,YNG,OH,AGL,CE,Towers with Radar,0,2,35,27,64,2,0,3,15,20,2,2,38,42,84,28,86,114,198
12/28/2002,YNG,OH,AGL,CE,Towers with Radar,0,3,19,0,22,0,0,1,0,1,0,3,20,0,23,4,0,4,27
12/29/2002,YNG,OH,AGL,CE,Towers with Radar,0,3,16,2,21,0,2,0,0,2,0,5,16,2,23,4,0,4,27
12/30/2002,YNG,OH,AGL,CE,Towers with Radar,0,5,30,30,65,0,2,0,17,19,0,7,30,47,84,22,56,78,162
12/31/2002,YNG,OH,AGL,CE,Towers with Radar,0,0,35,16,51,0,0,4,0,4,0,0,39,16,55,24,27,51,106
01/01/2003,YNG,OH,AGL,CE,Towers with Radar,0,1,14,0,15,0,0,0,0,0,0,1,14,0,15,0,0,0,15
01/02/2003,YNG,OH,AGL,CE,Towers with Radar,0,1,10,0,11,0,0,0,0,0,0,1,10,0,11,0,0,0,11
01/03/2003,YNG,OH,AGL,CE,Towers with Radar,0,1,8,7,16,0,1,0,0,1,0,2,8,7,17,0,0,0,17
01/04/2003,YNG,OH,AGL,CE,Towers with Radar,0,1,9,0,10,0,1,0,0,1,0,2,9,0,11,2,0,2,13
01/05/2003,YNG,OH,AGL,CE,Towers with Radar,0,0,5,1,6,0,0,0,0,0,0,0,5,1,6,0,0,0,6
01/06/2003,YNG,OH,AGL,CE,Towers with Radar,0,1,19,0,20,0,2,5,0,7,0,3,24,0,27,0,0,0,27
01/07/2003,YNG,OH,AGL,CE,Towers with Radar,0,4,30,38,72,0,7,0,14,21,0,11,30,52,93,20,68,88,181
01/08/2003,YNG,OH,AGL,CE,Towers with Radar,0,4,47,41,92,0,19,21,0,40,0,23,68,41,132,78,68,146,278
01/09/2003,YNG,OH,AGL,CE,Towers with Radar,0,1,54,47,102,0,0,16,41,57,0,1,70,88,159,62,124,186,345
01/10/2003,YNG,OH,AGL,CE,Towers with Radar,0,3,25,29,57,0,0,0,16,16,0,3,25,45,73,18,60,78,151
01/11/2003,YNG,OH,AGL,CE,Towers with Radar,0,0,12,0,12,0,0,18,0,18,0,0,30,0,30,22,0,22,52
01/12/2003,YNG,OH,AGL,CE,Towers with Radar,0,1,20,7,28,2,0,37,0,39,2,1,57,7,67,60,0,60,127
01/13/2003,YNG,OH,AGL,CE,Towers with Radar,0,2,23,19,44,0,0,24,0,24,0,2,47,19,68,42,20,62,130
01/14/2003,YNG,OH,AGL,CE,Towers with Radar,0,5,37,37,79,0,2,0,37,39,0,7,37,74,118,30,126,156,274
01/15/2003,YNG,OH,AGL,CE,Towers with Radar,0,2,50,44,96,0,0,13,7,20,0,2,63,51,116,38,124,162,278
01/16/2003,YNG,OH,AGL,CE,Towers with Radar,0,3,38,33,74,0,0,14,4,18,0,3,52,37,92,24,82,106,198
01/17/2003,YNG,OH,AGL,CE,Towers with Radar,0,2,27,18,47,2,0,1,0,3,2,2,28,18,50,14,26,40,90
01/18/2003,YNG,OH,AGL,CE,Towers with Radar,0,0,25,6,31,1,0,32,0,33,1,0,57,6,64,35,4,39,103
01/19/2003,YNG,OH,AGL,CE,Towers with Radar,0,0,9,1,10,1,0,0,0,1,1,0,9,1,11,4,4,8,19
01/20/2003,YNG,OH,AGL,CE,Towers with Radar,0,1,33,0,34,0,0,10,0,10,0,1,43,0,44,46,0,46,90
01/21/2003,YNG,OH,AGL,CE,Towers with Radar,0,5,48,42,95,0,0,35,4,39,0,5,83,46,134,80,84,164,298
01/22/2003,YNG,OH,AGL,CE,Towers with Radar,0,1,29,35,65,0,0,0,30,30,0,1,29,65,95,10,132,142,237
01/23/2003,YNG,OH,AGL,CE,Towers with Radar,0,1,31,26,58,0,0,0,0,0,0,1,31,26,58,38,62,100,158
01/24/2003,YNG,OH,AGL,CE,Towers with Radar,0,3,28,29,60,2,0,0,13,15,2,3,28,42,75,12,76,88,163
01/25/2003,YNG,OH,AGL,CE,Towers with Radar,0,0,13,2,15,1,0,38,0,39,1,0,51,2,54,44,0,44,98
01/26/2003,YNG,OH,AGL,CE,Towers with Radar,3,0,4,6,13,0,0,0,0,0,3,0,4,6,13,0,0,0,13
01/27/2003,YNG,OH,AGL,CE,Towers with Radar,1,2,52,44,99,4,0,4,40,48,5,2,56,84,147,52,164,216,363
01/28/2003,YNG,OH,AGL,CE,Towers with Radar,1,4,30,20,55,0,0,4,0,4,1,4,34,20,59,18,20,38,97
01/29/2003,YNG,OH,AGL,CE,Towers with Radar,0,3,26,13,42,0,3,0,0,3,0,6,26,13,45,0,36,36,81
01/30/2003,YNG,OH,AGL,CE,Towers with Radar,0,4,50,24,78,0,0,59,0,59,0,4,109,24,137,104,30,134,271
01/31/2003,YNG,OH,AGL,CE,Towers with Radar,0,3,37,19,59,0,1,21,0,22,0,4,58,19,81,78,68,146,227
02/01/2003,YNG,OH,AGL,CE,Towers with Radar,0,0,10,0,10,0,0,1,0,1,0,0,11,0,11,0,0,0,11
02/02/2003,YNG,OH,AGL,CE,Towers with Radar,0,0,25,2,27,0,0,23,0,23,0,0,48,2,50,40,2,42,92
02/03/2003,YNG,OH,AGL,CE,Towers with Radar,0,1,35,21,57,0,0,12,0,12,0,1,47,21,69,52,22,74,143
02/04/2003,YNG,OH,AGL,CE,Towers with Radar,0,3,22,0,25,0,2,0,0,2,0,5,22,0,27,0,0,0,27
02/05/2003,YNG,OH,AGL,CE,Towers with Radar,0,5,56,36,97,0,0,0,9,9,0,5,56,45,106,54,74,128,234
02/06/2003,YNG,OH,AGL,CE,Towers with Radar,0,2,39,8,49,0,0,10,0,10,0,2,49,8,59,24,18,42,101
02/07/2003,YNG,OH,AGL,CE,Towers with Radar,0,1,43,25,69,0,0,20,11,31,0,1,63,36,100,50,50,100,200
02/08/2003,YNG,OH,AGL,CE,Towers with Radar,0,1,23,5,29,0,1,36,0,37,0,2,59,5,66,46,4,50,116
02/09/2003,YNG,OH,AGL,CE,Towers with Radar,0,0,32,7,39,0,0,19,0,19,0,0,51,7,58,52,0,52,110
02/10/2003,YNG,OH,AGL,CE,Towers with Radar,0,1,15,7,23,0,2,0,0,2,0,3,15,7,25,0,0,0,25
02/11/2003,YNG,OH,AGL,CE,Towers with Radar,0,2,32,0,34,0,1,7,0,8,0,3,39,0,42,14,0,14,56
02/12/2003,YNG,OH,AGL,CE,Towers with Radar,0,3,27,27,57,0,1,0,33,34,0,4,27,60,91,6,68,74,165
02/13/2003,YNG,OH,AGL,CE,Towers with Radar,0,2,27,22,51,0,4,0,23,27,0,6,27,45,78,2,58,60,138
02/14/2003,YNG,OH,AGL,CE,Towers with Radar,1,2,51,20,74,3,0,62,0,65,4,2,113,20,139,100,62,162,301
02/15/2003,YNG,OH,AGL,CE,Towers with Radar,1,0,20,0,21,1,0,12,0,13,2,0,32,0,34,42,0,42,76
02/16/2003,YNG,OH,AGL,CE,Towers with Radar,0,0,3,2,5,2,0,0,0,2,2,0,3,2,7,0,0,0,7
02/17/2003,YNG,OH,AGL,CE,Towers with Radar,0,0,7,0,7,0,0,0,0,0,0,0,7,0,7,0,0,0,7
02/18/2003,YNG,OH,AGL,CE,Towers with Radar,0,4,32,25,61,0,0,0,24,24,0,4,32,49,85,16,112,128,213
02/19/2003,YNG,OH,AGL,CE,Towers with Radar,0,5,33,30,68,0,3,0,30,33,0,8,33,60,101,12,56,68,169
02/20/2003,YNG,OH,AGL,CE,Towers with Radar,0,2,69,24,95,0,0,95,0,95,0,2,164,24,190,140,52,192,382
02/21/2003,YNG,OH,AGL,CE,Towers with Radar,0,2,38,21,61,2,0,7,7,16,2,2,45,28,77,34,58,92,169
02/22/2003,YNG,OH,AGL,CE,Towers with Radar,0,1,10,4,15,0,0,0,0,0,0,1,10,4,15,6,0,6,21
02/23/2003,YNG,OH,AGL,CE,Towers with Radar,0,1,12,4,17,2,0,4,0,6,2,1,16,4,23,10,0,10,33
02/24/2003,YNG,OH,AGL,CE,Towers with Radar,0,1,22,5,28,0,0,1,0,1,0,1,23,5,29,2,0,2,31
02/25/2003,YNG,OH,AGL,CE,Towers with Radar,0,0,51,23,74,0,0,32,0,32,0,0,83,23,106,114,38,152,258
02/26/2003,YNG,OH,AGL,CE,Towers with Radar,0,5,63,36,104,2,3,38,15,58,2,8,101,51,162,80,70,150,312
02/27/2003,YNG,OH,AGL,CE,Towers with Radar,0,5,62,35,102,0,4,8,30,42,0,9,70,65,144,118,116,234,378
02/28/2003,YNG,OH,AGL,CE,Towers with Radar,0,4,49,27,80,2,4,36,20,62,2,8,85,47,142,78,124,202,344
03/01/2003,YNG,OH,AGL,CE,Towers with Radar,0,1,12,1,14,0,1,0,0,1,0,2,12,1,15,22,4,26,41
03/02/2003,YNG,OH,AGL,CE,Towers with Radar,2,2,10,1,15,0,0,1,1,2,2,2,11,2,17,0,0,0,17
03/03/2003,YNG,OH,AGL,CE,Towers with Radar,0,3,34,14,51,0,0,41,0,41,0,3,75,14,92,66,38,104,196
03/04/2003,YNG,OH,AGL,CE,Towers with Radar,0,5,77,28,110,0,1,28,7,36,0,6,105,35,146,52,46,98,244
03/05/2003,YNG,OH,AGL,CE,Towers with Radar,0,2,14,12,28,0,0,0,21,21,0,2,14,33,49,0,34,34,83
03/06/2003,YNG,OH,AGL,CE,Towers with Radar,0,0,29,12,41,0,0,2,11,13,0,0,31,23,54,8,22,30,84
03/07/2003,YNG,OH,AGL,CE,Towers with Radar,0,4,51,21,76,0,4,42,1,47,0,8,93,22,123,94,68,162,285
03/08/2003,YNG,OH,AGL,CE,Towers with Radar,0,2,28,8,38,0,0,74,0,74,0,2,102,8,112,114,8,122,234
03/09/2003,YNG,OH,AGL,CE,Towers with Radar,0,0,19,5,24,0,0,26,0,26,0,0,45,5,50,56,0,56,106
03/10/2003,YNG,OH,AGL,CE,Towers with Radar,0,3,38,11,52,0,4,16,0,20,0,7,54,11,72,44,40,84,156
03/11/2003,YNG,OH,AGL,CE,Towers with Radar,0,0,46,21,67,0,0,16,27,43,0,0,62,48,110,42,76,118,228
03/12/2003,YNG,OH,AGL,CE,Towers with Radar,0,4,34,22,60,0,4,0,25,29,0,8,34,47,89,40,104,144,233
03/13/2003,YNG,OH,AGL,CE,Towers with Radar,0,3,25,18,46,0,1,0,18,19,0,4,25,36,65,0,24,24,89
03/14/2003,YNG,OH,AGL,CE,Towers with Radar,1,4,49,17,71,3,1,24,0,28,4,5,73,17,99,74,34,108,207
03/15/2003,YNG,OH,AGL,CE,Towers with Radar,1,3,44,0,48,0,2,127,0,129,1,5,171,0,177,174,0,174,351
03/16/2003,YNG,OH,AGL,CE,Towers with Radar,1,3,36,1,41,2,5,57,0,64,3,8,93,1,105,102,0,102,207
03/17/2003,YNG,OH,AGL,CE,Towers with Radar,0,4,53,9,66,0,0,18,0,18,0,4,71,9,84,48,40,88,172
03/18/2003,YNG,OH,AGL,CE,Towers with Radar,0,4,30,21,55,0,0,0,20,20,0,4,30,41,75,50,126,176,251
03/19/2003,YNG,OH,AGL,CE,Towers with Radar,0,2,29,17,48,0,0,0,20,20,0,2,29,37,68,20,74,94,162
03/20/2003,YNG,OH,AGL,CE,Towers with Radar,0,4,35,19,58,0,4,0,11,15,0,8,35,30,73,22,86,108,181
03/21/2003,YNG,OH,AGL,CE,Towers with Radar,0,2,52,2,56,0,0,42,0,42,0,2,94,2,98,122,0,122,220
03/22/2003,YNG,OH,AGL,CE,Towers with Radar,0,0,46,0,46,0,0,29,0,29,0,0,75,0,75,74,0,74,149
03/23/2003,YNG,OH,AGL,CE,Towers with Radar,0,0,33,2,35,3,0,61,0,64,3,0,94,2,99,82,0,82,181
03/24/2003,YNG,OH,AGL,CE,Towers with Radar,1,4,67,25,97,0,0,73,0,73,1,4,140,25,170,158,42,200,370
03/25/2003,YNG,OH,AGL,CE,Towers with Radar,0,4,57,25,86,0,0,25,21,46,0,4,82,46,132,92,50,142,274
03/26/2003,YNG,OH,AGL,CE,Towers with Radar,0,5,59,20,84,0,0,51,0,51,0,5,110,20,135,86,62,148,283
03/27/2003,YNG,OH,AGL,CE,Towers with Radar,1,5,56,23,85,1,7,65,15,88,2,12,121,38,173,150,94,244,417
03/28/2003,YNG,OH,AGL,CE,Towers with Radar,0,3,30,10,43,3,0,5,0,8,3,3,35,10,51,32,70,102,153
03/29/2003,YNG,OH,AGL,CE,Towers with Radar,0,1,20,0,21,1,0,6,0,7,1,1,26,0,28,36,0,36,64
03/30/2003,YNG,OH,AGL,CE,Towers with Radar,0,2,17,1,20,2,6,0,0,8,2,8,17,1,28,14,0,14,42
03/31/2003,YNG,OH,AGL,CE,Towers with Radar,0,2,45,0,47,2,0,3,0,5,2,2,48,0,52,28,0,28,80
04/01/2003,YNG,OH,AGL,CE,Towers with Radar,0,3,38,20,61,0,2,0,19,21,0,5,38,39,82,30,78,108,190
04/02/2003,YNG,OH,AGL,CE,Towers with Radar,0,1,40,7,48,0,0,66,0,66,0,1,106,7,114,82,14,96,210
04/03/2003,YNG,OH,AGL,CE,Towers with Radar,0,2,46,24,72,0,0,40,4,44,0,2,86,28,116,58,60,118,234
04/04/2003,YNG,OH,AGL,CE,Towers with Radar,1,2,37,21,61,3,0,0,3,6,4,2,37,24,67,26,48,74,141
04/05/2003,YNG,OH,AGL,CE,Towers with Radar,1,2,14,13,30,1,2,0,0,3,2,4,14,13,33,22,16,38,71
04/06/2003,YNG,OH,AGL,CE,Towers with Radar,0,2,39,12,53,0,0,54,0,54,0,2,93,12,107,106,8,114,221
04/07/2003,YNG,OH,AGL,CE,Towers with Radar,0,2,17,0,19,0,1,0,0,1,0,3,17,0,20,2,0,2,22
04/08/2003,YNG,OH,AGL,CE,Towers with Radar,1,1,0,0,2,8,17,0,0,25,9,18,0,0,27,0,0,0,27
04/09/2003,YNG,OH,AGL,CE,Towers with Radar,0,6,49,37,92,0,11,0,74,85,0,17,49,111,177,50,134,184,361
04/10/2003,YNG,OH,AGL,CE,Towers with Radar,0,2,57,24,83,0,0,60,0,60,0,2,117,24,143,120,94,214,357
04/11/2003,YNG,OH,AGL,CE,Towers with Radar,1,3,46,0,50,1,7,24,0,32,2,10,70,0,82,100,2,102,184
04/12/2003,YNG,OH,AGL,CE,Towers with Radar,1,0,29,1,31,0,0,50,0,50,1,0,79,1,81,90,0,90,171
04/13/2003,YNG,OH,AGL,CE,Towers with Radar,0,1,40,21,62,0,0,68,4,72,0,1,108,25,134,110,52,162,296
04/14/2003,YNG,OH,AGL,CE,Towers with Radar,0,1,28,7,36,0,0,30,0,30,0,1,58,7,66,106,14,120,186
04/15/2003,YNG,OH,AGL,CE,Towers with Radar,0,4,47,24,75,0,2,21,14,37,0,6,68,38,112,98,50,148,260
04/16/2003,YNG,OH,AGL,CE,Towers with Radar,0,4,42,22,68,0,0,14,22,36,0,4,56,44,104,40,108,148,252
04/17/2003,YNG,OH,AGL,CE,Towers with Radar,0,5,44,24,73,0,2,0,24,26,0,7,44,48,99,50,136,186,285
04/18/2003,YNG,OH,AGL,CE,Towers with Radar,0,4,45,3,52,0,0,1,0,1,0,4,46,3,53,12,0,12,65
04/19/2003,YNG,OH,AGL,CE,Towers with Radar,0,0,48,1,49,0,0,97,0,97,0,0,145,1,146,168,2,170,316
04/20/2003,YNG,OH,AGL,CE,Towers with Radar,0,3,19,0,22,0,7,0,0,7,0,10,19,0,29,22,0,22,51
04/21/2003,YNG,OH,AGL,CE,Towers with Radar,0,3,48,23,74,0,0,11,9,20,0,3,59,32,94,70,58,128,222
04/22/2003,YNG,OH,AGL,CE,Towers with Radar,0,3,35,22,60,0,0,0,0,0,0,3,35,22,60,22,28,50,110
04/23/2003,YNG,OH,AGL,CE,Towers with Radar,0,3,52,25,80,1,0,57,25,83,1,3,109,50,163,100,134,234,397
04/24/2003,YNG,OH,AGL,CE,Towers with Radar,0,3,60,29,92,0,0,82,11,93,0,3,142,40,185,158,118,276,461
04/25/2003,YNG,OH,AGL,CE,Towers with Radar,0,3,51,19,73,0,0,14,0,14,0,3,65,19,87,90,58,148,235
04/26/2003,YNG,OH,AGL,CE,Towers with Radar,0,0,31,7,38,1,0,19,0,20,1,0,50,7,58,86,40,126,184
04/27/2003,YNG,OH,AGL,CE,Towers with Radar,0,0,60,4,64,3,0,86,0,89,3,0,146,4,153,188,0,188,341
04/28/2003,YNG,OH,AGL,CE,Towers with Radar,0,4,46,23,73,1,2,49,4,56,1,6,95,27,129,108,58,166,295
04/29/2003,YNG,OH,AGL,CE,Towers with Radar,0,7,71,35,113,2,2,52,17,73,2,9,123,52,186,144,128,272,458
04/30/2003,YNG,OH,AGL,CE,Towers with Radar,0,3,42,15,60,0,1,32,0,33,0,4,74,15,93,88,80,168,261
05/01/2003,YNG,OH,AGL,CE,Towers with Radar,0,0,34,15,49,0,0,0,0,0,0,0,34,15,49,48,48,96,145
05/02/2003,YNG,OH,AGL,CE,Towers with Radar,0,2,51,2,55,0,0,0,0,0,0,2,51,2,55,118,12,130,185
05/03/2003,YNG,OH,AGL,CE,Towers with Radar,0,0,24,2,26,0,0,70,0,70,0,0,94,2,96,126,12,138,234
05/04/2003,YNG,OH,AGL,CE,Towers with Radar,0,3,50,18,71,0,1,53,10,64,0,4,103,28,135,126,50,176,311
05/05/2003,YNG,OH,AGL,CE,Towers with Radar,1,1,28,0,30,0,5,5,0,10,1,6,33,0,40,28,0,28,68
05/06/2003,YNG,OH,AGL,CE,Towers with Radar,1,2,52,19,74,1,0,17,25,43,2,2,69,44,117,54,106,160,277
05/07/2003,YNG,OH,AGL,CE,Towers with Radar,1,3,54,21,79,0,0,0,35,35,1,3,54,56,114,56,128,184,298
05/08/2003,YNG,OH,AGL,CE,Towers with Radar,1,3,42,20,66,4,7,0,15,26,5,10,42,35,92,74,94,168,260
05/09/2003,YNG,OH,AGL,CE,Towers with Radar,1,2,29,4,36,0,8,0,0,8,1,10,29,4,44,30,0,30,74
05/10/2003,YNG,OH,AGL,CE,Towers with Radar,2,2,23,3,30,0,0,3,0,3,2,2,26,3,33,22,0,22,55
05/11/2003,YNG,OH,AGL,CE,Towers with Radar,1,0,11,0,12,2,0,0,0,2,3,0,11,0,14,0,0,0,14
05/12/2003,YNG,OH,AGL,CE,Towers with Radar,1,2,30,0,33,0,3,0,0,3,1,5,30,0,36,0,2,2,38
05/13/2003,YNG,OH,AGL,CE,Towers with Radar,0,4,68,23,95,0,4,18,18,40,0,8,86,41,135,74,80,154,289
05/14/2003,YNG,OH,AGL,CE,Towers with Radar,0,2,55,18,75,0,0,82,0,82,0,2,137,18,157,132,70,202,359
05/15/2003,YNG,OH,AGL,CE,Towers with Radar,0,4,63,11,78,0,9,0,0,9,0,13,63,11,87,68,52,120,207
05/16/2003,YNG,OH,AGL,CE,Towers with Radar,0,7,51,0,58,0,2,2,0,4,0,9,53,0,62,90,12,102,164
05/17/2003,YNG,OH,AGL,CE,Towers with Radar,0,1,50,0,51,2,0,53,0,55,2,1,103,0,106,124,0,124,230
05/18/2003,YNG,OH,AGL,CE,Towers with Radar,0,4,48,4,56,0,3,12,0,15,0,7,60,4,71,54,0,54,125
05/19/2003,YNG,OH,AGL,CE,Towers with Radar,0,5,64,9,78,0,0,68,0,68,0,5,132,9,146,160,30,190,336
05/20/2003,YNG,OH,AGL,CE,Towers with Radar,0,4,49,11,64,0,7,0,0,7,0,11,49,11,71,20,10,30,101
05/21/2003,YNG,OH,AGL,CE,Towers with Radar,0,5,65,23,93,0,2,9,25,36,0,7,74,48,129,146,168,314,443
05/22/2003,YNG,OH,AGL,CE,Towers with Radar,0,0,73,25,98,0,0,60,25,85,0,0,133,50,183,118,104,222,405
05/23/2003,YNG,OH,AGL,CE,Towers with Radar,0,3,54,2,59,0,0,0,0,0,0,3,54,2,59,48,0,48,107
05/24/2003,YNG,OH,AGL,CE,Towers with Radar,0,3,35,8,46,0,2,19,0,21,0,5,54,8,67,64,18,82,149
05/25/2003,YNG,OH,AGL,CE,Towers with Radar,0,0,36,0,36,3,0,47,0,50,3,0,83,0,86,116,0,116,202
05/26/2003,YNG,OH,AGL,CE,Towers with Radar,0,0,48,4,52,1,0,65,0,66,1,0,113,4,118,110,2,112,230
05/27/2003,YNG,OH,AGL,CE,Towers with Radar,0,0,46,18,64,1,0,5,5,11,1,0,51,23,75,34,20,54,129
05/28/2003,YNG,OH,AGL,CE,Towers with Radar,0,1,91,34,126,0,0,3,21,24,0,1,94,55,150,116,194,310,460
05/29/2003,YNG,OH,AGL,CE,Towers with Radar,0,4,59,22,85,0,2,21,28,51,0,6,80,50,136,64,108,172,308
05/30/2003,YNG,OH,AGL,CE,Towers with Radar,1,0,65,23,89,1,0,67,0,68,2,0,132,23,157,114,40,154,311
05/31/2003,YNG,OH,AGL,CE,Towers with Radar,0,1,19,0,20,0,0,0,0,0,0,1,19,0,20,6,0,6,26
06/01/2003,YNG,OH,AGL,CE,Towers with Radar,1,4,40,6,51,1,0,39,0,40,2,4,79,6,91,114,6,120,211
06/02/2003,YNG,OH,AGL,CE,Towers with Radar,0,0,46,13,59,0,0,46,0,46,0,0,92,13,105,84,62,146,251
06/03/2003,YNG,OH,AGL,CE,Towers with Radar,0,4,39,23,66,0,3,0,32,35,0,7,39,55,101,62,102,164,265
06/04/2003,YNG,OH,AGL,CE,Towers with Radar,0,4,63,27,94,0,0,4,7,11,0,4,67,34,105,38,86,124,229
06/05/2003,YNG,OH,AGL,CE,Towers with Radar,0,7,61,34,102,0,0,0,12,12,0,7,61,46,114,70,42,112,226
06/06/2003,YNG,OH,AGL,CE,Towers with Radar,0,1,49,13,63,0,0,29,0,29,0,1,78,13,92,80,48,128,220
06/07/2003,YNG,OH,AGL,CE,Towers with Radar,0,3,41,13,57,0,3,24,0,27,0,6,65,13,84,72,32,104,188
06/08/2003,YNG,OH,AGL,CE,Towers with Radar,0,3,42,2,47,0,1,11,0,12,0,4,53,2,59,18,0,18,77
06/09/2003,YNG,OH,AGL,CE,Towers with Radar,1,4,49,10,64,1,2,11,0,14,2,6,60,10,78,42,40,82,160
06/10/2003,YNG,OH,AGL,CE,Towers with Radar,1,4,49,20,74,1,0,44,12,57,2,4,93,32,131,108,72,180,311
06/11/2003,YNG,OH,AGL,CE,Towers with Radar,0,4,50,8,62,0,4,2,0,6,0,8,52,8,68,54,0,54,122
06/12/2003,YNG,OH,AGL,CE,Towers with Radar,0,3,45,24,72,0,0,0,17,17,0,3,45,41,89,18,108,126,215
06/13/2003,YNG,OH,AGL,CE,Towers with Radar,0,4,40,0,44,0,1,0,0,1,0,5,40,0,45,38,22,60,105
06/14/2003,YNG,OH,AGL,CE,Towers with Radar,0,4,49,1,54,0,3,31,0,34,0,7,80,1,88,84,0,84,172
06/15/2003,YNG,OH,AGL,CE,Towers with Radar,0,4,49,0,53,0,5,40,0,45,0,9,89,0,98,64,0,64,162
06/16/2003,YNG,OH,AGL,CE,Towers with Radar,0,6,73,32,111,0,0,43,47,90,0,6,116,79,201,126,137,263,464
06/17/2003,YNG,OH,AGL,CE,Towers with Radar,0,6,74,31,111,0,6,2,27,35,0,12,76,58,146,46,82,128,274
06/18/2003,YNG,OH,AGL,CE,Towers with Radar,0,3,62,27,92,0,0,9,12,21,0,3,71,39,113,78,126,204,317
06/19/2003,YNG,OH,AGL,CE,Towers with Radar,0,1,50,19,70,0,0,5,0,5,0,1,55,19,75,54,30,84,159
06/20/2003,YNG,OH,AGL,CE,Towers with Radar,1,5,57,25,88,5,8,23,18,54,6,13,80,43,142,78,140,218,360
06/21/2003,YNG,OH,AGL,CE,Towers with Radar,1,4,45,1,51,2,3,42,0,47,3,7,87,1,98,78,0,78,176
06/22/2003,YNG,OH,AGL,CE,Towers with Radar,0,5,43,3,51,0,3,56,0,59,0,8,99,3,110,110,0,110,220
06/23/2003,YNG,OH,AGL,CE,Towers with Radar,0,11,24,16,51,0,0,48,4,52,0,11,72,20,103,98,10,108,211
06/24/2003,YNG,OH,AGL,CE,Towers with Radar,0,3,63,28,94,3,0,45,3,51,3,3,108,31,145,150,66,216,361
06/25/2003,YNG,OH,AGL,CE,Towers with Radar,0,5,55,2,62,0,0,1267,0,1267,0,5,1322,2,1329,124,8,132,1461
06/26/2003,YNG,OH,AGL,CE,Towers with Radar,0,1,6,21,28,0,0,0,34,34,0,1,6,55,62,59,56,115,177
06/27/2003,YNG,OH,AGL,CE,Towers with Radar,0,5,53,17,75,3,1,45,0,49,3,6,98,17,124,104,38,142,266
06/28/2003,YNG,OH,AGL,CE,Towers with Radar,0,1,34,2,37,1,0,68,0,69,1,1,102,2,106,108,0,108,214
06/29/2003,YNG,OH,AGL,CE,Towers with Radar,0,3,31,3,37,1,2,4,0,7,1,5,35,3,44,14,0,14,58
06/30/2003,YNG,OH,AGL,CE,Towers with Radar,0,5,48,21,74,0,1,50,10,61,0,6,98,31,135,114,70,184,319
07/01/2003,YNG,OH,AGL,CE,Towers with Radar,0,5,64,24,93,0,0,59,18,77,0,5,123,42,170,152,88,240,410
07/02/2003,YNG,OH,AGL,CE,Towers with Radar,0,6,54,22,82,0,1,0,10,11,0,7,54,32,93,64,62,126,219
07/03/2003,YNG,OH,AGL,CE,Towers with Radar,0,3,48,18,69,0,0,12,11,23,0,3,60,29,92,126,60,186,278
07/04/2003,YNG,OH,AGL,CE,Towers with Radar,0,0,20,6,26,0,0,0,0,0,0,0,20,6,26,24,4,28,54
07/05/2003,YNG,OH,AGL,CE,Towers with Radar,0,2,20,0,22,0,2,30,0,32,0,4,50,0,54,24,0,24,78
07/06/2003,YNG,OH,AGL,CE,Towers with Radar,0,4,46,0,50,0,5,25,0,30,0,9,71,0,80,80,0,80,160
07/07/2003,YNG,OH,AGL,CE,Towers with Radar,0,4,36,17,57,0,2,0,12,14,0,6,36,29,71,18,50,68,139
07/08/2003,YNG,OH,AGL,CE,Towers with Radar,1,4,49,17,71,1,2,25,0,28,2,6,74,17,99,68,40,108,207
07/09/2003,YNG,OH,AGL,CE,Towers with Radar,1,6,61,18,86,0,3,6,0,9,1,9,67,18,95,64,32,96,191
07/10/2003,YNG,OH,AGL,CE,Towers with Radar,0,4,33,17,54,0,4,0,11,15,0,8,33,28,69,56,48,104,173
07/11/2003,YNG,OH,AGL,CE,Towers with Radar,1,4,41,15,61,2,5,11,0,18,3,9,52,15,79,10,16,26,105
07/12/2003,YNG,OH,AGL,CE,Towers with Radar,1,0,42,6,49,0,0,64,0,64,1,0,106,6,113,110,16,126,239
07/13/2003,YNG,OH,AGL,CE,Towers with Radar,0,6,64,22,92,0,3,74,0,77,0,9,138,22,169,138,16,154,323
07/14/2003,YNG,OH,AGL,CE,Towers with Radar,0,5,59,23,87,0,12,16,13,41,0,17,75,36,128,146,108,254,382
07/15/2003,YNG,OH,AGL,CE,Towers with Radar,1,0,49,19,69,1,0,46,0,47,2,0,95,19,116,88,64,152,268
07/16/2003,YNG,OH,AGL,CE,Towers with Radar,0,6,64,25,95,0,5,58,28,91,0,11,122,53,186,98,86,184,370
07/17/2003,YNG,OH,AGL,CE,Towers with Radar,0,2,54,19,75,0,0,101,0,101,0,2,155,19,176,130,24,154,330
07/18/2003,YNG,OH,AGL,CE,Towers with Radar,2,3,43,17,65,0,0,12,0,12,2,3,55,17,77,46,22,68,145
07/19/2003,YNG,OH,AGL,CE,Towers with Radar,0,0,37,0,37,0,0,70,0,70,0,0,107,0,107,120,0,120,227
07/20/2003,YNG,OH,AGL,CE,Towers with Radar,0,0,46,0,46,2,0,49,0,51,2,0,95,0,97,72,0,72,169
07/21/2003,YNG,OH,AGL,CE,Towers with Radar,0,4,16,1,21,0,0,0,0,0,0,4,16,1,21,2,0,2,23
07/22/2003,YNG,OH,AGL,CE,Towers with Radar,0,5,38,9,52,0,1,0,0,1,0,6,38,9,53,12,60,72,125
07/23/2003,YNG,OH,AGL,CE,Towers with Radar,0,4,44,3,51,0,0,12,1,13,0,4,56,4,64,28,0,28,92
07/24/2003,YNG,OH,AGL,CE,Towers with Radar,1,6,81,51,139,0,0,41,4,45,1,6,122,55,184,168,92,260,444
07/25/2003,YNG,OH,AGL,CE,Towers with Radar,0,0,57,17,74,1,0,72,0,73,1,0,129,17,147,118,44,162,309
07/26/2003,YNG,OH,AGL,CE,Towers with Radar,0,3,41,2,46,0,0,68,0,68,0,3,109,2,114,46,0,46,160
07/27/2003,YNG,OH,AGL,CE,Towers with Radar,0,2,34,5,41,2,0,0,0,2,2,2,34,5,43,52,0,52,95
07/28/2003,YNG,OH,AGL,CE,Towers with Radar,0,4,71,26,101,2,0,1,21,24,2,4,72,47,125,104,56,160,285
07/29/2003,YNG,OH,AGL,CE,Towers with Radar,0,7,69,25,101,0,2,65,13,80,0,9,134,38,181,176,68,244,425
07/30/2003,YNG,OH,AGL,CE,Towers with Radar,0,0,0,0,0,1,7,130,46,184,1,7,130,46,184,168,90,258,442
07/31/2003,YNG,OH,AGL,CE,Towers with Radar,0,0,0,0,0,1,0,123,18,142,1,0,123,18,142,88,46,134,276
08/01/2003,YNG,OH,AGL,CE,Towers with Radar,1,3,69,35,108,0,0,36,6,42,1,3,105,41,150,92,68,160,310
08/02/2003,YNG,OH,AGL,CE,Towers with Radar,1,1,45,13,60,1,0,35,0,36,2,1,80,13,96,64,16,80,176
08/03/2003,YNG,OH,AGL,CE,Towers with Radar,1,5,32,24,62,0,3,0,8,11,1,8,32,32,73,12,22,34,107
08/04/2003,YNG,OH,AGL,CE,Towers with Radar,0,5,45,18,68,0,2,0,0,2,0,7,45,18,70,4,38,42,112
08/05/2003,YNG,OH,AGL,CE,Towers with Radar,0,4,32,24,60,0,2,0,1,3,0,6,32,25,63,16,58,74,137
08/06/2003,YNG,OH,AGL,CE,Towers with Radar,0,2,67,34,103,0,0,17,2,19,0,2,84,36,122,44,54,98,220
08/07/2003,YNG,OH,AGL,CE,Towers with Radar,0,6,61,31,98,0,3,28,20,51,0,9,89,51,149,76,144,220,369
08/08/2003,YNG,OH,AGL,CE,Towers with Radar,0,2,39,3,44,0,0,5,0,5,0,2,44,3,49,82,0,82,131
08/09/2003,YNG,OH,AGL,CE,Towers with Radar,1,3,36,7,47,0,6,1,0,7,1,9,37,7,54,48,2,50,104
08/10/2003,YNG,OH,AGL,CE,Towers with Radar,1,2,47,2,52,0,0,19,0,19,1,2,66,2,71,98,0,98,169
08/11/2003,YNG,OH,AGL,CE,Towers with Radar,2,5,65,32,104,0,0,24,42,66,2,5,89,74,170,58,138,196,366
08/12/2003,YNG,OH,AGL,CE,Towers with Radar,0,15,60,70,145,0,1,43,2,46,0,16,103,72,191,134,148,282,473
08/13/2003,YNG,OH,AGL,CE,Towers with Radar,1,6,66,32,105,0,5,31,48,84,1,11,97,80,189,128,42,170,359
08/14/2003,YNG,OH,AGL,CE,Towers with Radar,1,5,52,26,84,0,13,38,10,61,1,18,90,36,145,124,90,214,359
08/15/2003,YNG,OH,AGL,CE,Towers with Radar,1,1,46,23,71,1,0,18,11,30,2,1,64,34,101,70,42,112,213
08/16/2003,YNG,OH,AGL,CE,Towers with Radar,1,1,17,4,23,0,0,0,0,0,1,1,17,4,23,12,0,12,35
08/17/2003,YNG,OH,AGL,CE,Towers with Radar,0,4,46,0,50,0,3,37,0,40,0,7,83,0,90,86,0,86,176
08/18/2003,YNG,OH,AGL,CE,Towers with Radar,1,0,41,20,62,1,0,68,11,80,2,0,109,31,142,120,62,182,324
08/19/2003,YNG,OH,AGL,CE,Towers with Radar,0,37,52,53,142,0,1,53,2,56,0,38,105,55,198,112,114,226,424
08/20/2003,YNG,OH,AGL,CE,Towers with Radar,0,5,57,28,90,0,8,67,15,90,0,13,124,43,180,128,104,232,412
08/21/2003,YNG,OH,AGL,CE,Towers with Radar,0,7,70,35,112,0,0,14,15,29,0,7,84,50,141,80,70,150,291
08/22/2003,YNG,OH,AGL,CE,Towers with Radar,0,8,59,7,74,0,0,17,2,19,0,8,76,9,93,80,10,90,183
08/23/2003,YNG,OH,AGL,CE,Towers with Radar,0,3,39,2,44,0,0,64,0,64,0,3,103,2,108,149,0,149,257
08/24/2003,YNG,OH,AGL,CE,Towers with Radar,0,0,45,5,50,2,0,82,0,84,2,0,127,5,134,134,0,134,268
08/25/2003,YNG,OH,AGL,CE,Towers with Radar,0,6,53,26,85,0,1,21,30,52,0,7,74,56,137,94,94,188,325
08/26/2003,YNG,OH,AGL,CE,Towers with Radar,0,4,41,17,62,0,0,6,0,6,0,4,47,17,68,26,42,68,136
08/27/2003,YNG,OH,AGL,CE,Towers with Radar,0,3,42,17,62,0,0,50,0,50,0,3,92,17,112,92,40,132,244
08/28/2003,YNG,OH,AGL,CE,Towers with Radar,0,2,91,5,98,0,0,79,0,79,0,2,170,5,177,162,62,224,401
08/29/2003,YNG,OH,AGL,CE,Towers with Radar,0,2,26,4,32,1,0,0,0,1,1,2,26,4,33,18,0,18,51
08/30/2003,YNG,OH,AGL,CE,Towers with Radar,0,0,58,1,59,0,0,42,0,42,0,0,100,1,101,126,0,126,227
08/31/2003,YNG,OH,AGL,CE,Towers with Radar,0,1,34,3,38,2,0,40,0,42,2,1,74,3,80,54,0,54,134
09/01/2003,YNG,OH,AGL,CE,Towers with Radar,1,1,25,0,27,1,0,0,0,1,2,1,25,0,28,12,0,12,40
09/02/2003,YNG,OH,AGL,CE,Towers with Radar,0,3,33,74,110,0,0,0,2,2,0,3,33,76,112,2,102,104,216
09/03/2003,YNG,OH,AGL,CE,Towers with Radar,0,4,48,15,67,0,1,5,0,6,0,5,53,15,73,48,42,90,163
09/04/2003,YNG,OH,AGL,CE,Towers with Radar,0,0,63,25,88,0,0,2,24,26,0,0,65,49,114,86,128,214,328
09/05/2003,YNG,OH,AGL,CE,Towers with Radar,0,4,60,16,80,0,0,31,0,31,0,4,91,16,111,166,28,194,305
09/06/2003,YNG,OH,AGL,CE,Towers with Radar,1,0,41,2,44,0,0,87,0,87,1,0,128,2,131,256,0,256,387
09/07/2003,YNG,OH,AGL,CE,Towers with Radar,1,1,41,4,47,0,0,29,0,29,1,1,70,4,76,60,0,60,136
09/08/2003,YNG,OH,AGL,CE,Towers with Radar,2,3,50,20,75,0,0,44,18,62,2,3,94,38,137,130,96,226,363
09/09/2003,YNG,OH,AGL,CE,Towers with Radar,0,5,59,23,87,0,4,5,13,22,0,9,64,36,109,46,82,128,237
09/10/2003,YNG,OH,AGL,CE,Towers with Radar,0,5,65,26,96,0,3,27,23,53,0,8,92,49,149,54,100,154,303
09/11/2003,YNG,OH,AGL,CE,Towers with Radar,0,6,58,20,84,0,3,60,0,63,0,9,118,20,147,74,48,122,269
09/12/2003,YNG,OH,AGL,CE,Towers with Radar,0,2,56,6,64,0,0,33,0,33,0,2,89,6,97,74,36,110,207
09/13/2003,YNG,OH,AGL,CE,Towers with Radar,0,0,38,0,38,0,0,30,0,30,0,0,68,0,68,80,0,80,148
09/14/2003,YNG,OH,AGL,CE,Towers with Radar,0,1,32,1,34,1,0,0,0,1,1,1,32,1,35,18,0,18,53
09/15/2003,YNG,OH,AGL,CE,Towers with Radar,0,9,62,30,101,0,0,9,1,10,0,9,71,31,111,38,50,88,199
09/16/2003,YNG,OH,AGL,CE,Towers with Radar,0,5,75,32,112,0,0,48,35,83,0,5,123,67,195,82,114,196,391
09/17/2003,YNG,OH,AGL,CE,Towers with Radar,0,7,71,27,105,0,3,68,0,71,0,10,139,27,176,104,92,196,372
09/18/2003,YNG,OH,AGL,CE,Towers with Radar,1,5,65,27,98,2,15,14,12,43,3,20,79,39,141,70,88,158,299
09/19/2003,YNG,OH,AGL,CE,Towers with Radar,0,2,15,3,20,5,3,0,0,8,5,5,15,3,28,10,0,10,38
09/20/2003,YNG,OH,AGL,CE,Towers with Radar,1,4,56,4,65,3,3,39,0,45,4,7,95,4,110,112,2,114,224
09/21/2003,YNG,OH,AGL,CE,Towers with Radar,0,2,42,2,46,3,0,65,0,68,3,2,107,2,114,98,0,98,212
09/22/2003,YNG,OH,AGL,CE,Towers with Radar,0,1,14,12,27,0,0,0,0,0,0,1,14,12,27,0,14,14,41
09/23/2003,YNG,OH,AGL,CE,Towers with Radar,0,0,39,16,55,0,0,19,0,19,0,0,58,16,74,66,28,94,168
09/24/2003,YNG,OH,AGL,CE,Towers with Radar,0,4,54,23,81,0,0,49,13,62,0,4,103,36,143,104,56,160,303
09/25/2003,YNG,OH,AGL,CE,Towers with Radar,0,2,64,25,91,0,0,74,0,74,0,2,138,25,165,110,40,150,315
09/26/2003,YNG,OH,AGL,CE,Towers with Radar,4,9,52,19,84,0,1,48,2,51,4,10,100,21,135,120,70,190,325
09/27/2003,YNG,OH,AGL,CE,Towers with Radar,0,2,32,0,34,1,0,3,0,4,1,2,35,0,38,22,0,22,60
09/28/2003,YNG,OH,AGL,CE,Towers with Radar,2,7,63,2,74,0,0,20,1,21,2,7,83,3,95,96,0,96,191
09/29/2003,YNG,OH,AGL,CE,Towers with Radar,1,4,47,24,76,1,0,0,12,13,2,4,47,36,89,110,88,198,287
09/30/2003,YNG,OH,AGL,CE,Towers with Radar,0,5,59,24,88,0,8,1,24,33,0,13,60,48,121,84,96,180,301
10/01/2003,YNG,OH,AGL,CE,Towers with Radar,0,4,59,38,101,0,0,6,36,42,0,4,65,74,143,74,116,190,333
10/02/2003,YNG,OH,AGL,CE,Towers with Radar,0,6,68,43,117,0,5,8,7,20,0,11,76,50,137,56,112,168,305
10/03/2003,YNG,OH,AGL,CE,Towers with Radar,2,4,34,32,72,0,3,0,8,11,2,7,34,40,83,18,50,68,151
10/04/2003,YNG,OH,AGL,CE,Towers with Radar,1,1,20,5,27,1,4,10,0,15,2,5,30,5,42,16,6,22,64
10/05/2003,YNG,OH,AGL,CE,Towers with Radar,1,1,35,19,56,1,0,39,0,40,2,1,74,19,96,42,24,66,162
10/06/2003,YNG,OH,AGL,CE,Towers with Radar,0,4,46,31,81,0,2,52,10,64,0,6,98,41,145,128,64,192,337
10/07/2003,YNG,OH,AGL,CE,Towers with Radar,0,2,43,18,63,0,0,20,0,20,0,2,63,18,83,108,82,190,273
10/08/2003,YNG,OH,AGL,CE,Towers with Radar,0,4,56,37,97,0,0,66,35,101,0,4,122,72,198,118,204,322,520
10/09/2003,YNG,OH,AGL,CE,Towers with Radar,0,6,71,47,124,0,0,61,9,70,0,6,132,56,194,174,178,352,546
10/10/2003,YNG,OH,AGL,CE,Towers with Radar,2,4,52,22,80,2,1,25,0,28,4,5,77,22,108,148,94,242,350
10/11/2003,YNG,OH,AGL,CE,Towers with Radar,0,0,36,0,36,0,0,42,0,42,0,0,78,0,78,140,0,140,218
10/12/2003,YNG,OH,AGL,CE,Towers with Radar,1,3,33,1,38,5,2,24,0,31,6,5,57,1,69,42,0,42,111
10/13/2003,YNG,OH,AGL,CE,Towers with Radar,1,3,41,0,45,0,1,48,0,49,1,4,89,0,94,172,0,172,266
10/14/2003,YNG,OH,AGL,CE,Towers with Radar,0,2,22,19,43,0,0,0,0,0,0,2,22,19,43,2,46,48,91
10/15/2003,YNG,OH,AGL,CE,Towers with Radar,1,3,29,26,59,0,6,0,4,10,1,9,29,30,69,14,52,66,135
10/16/2003,YNG,OH,AGL,CE,Towers with Radar,0,6,55,36,97,0,1,33,6,40,0,7,88,42,137,108,78,186,323
10/17/2003,YNG,OH,AGL,CE,Towers with Radar,1,2,48,14,65,1,0,38,0,39,2,2,86,14,104,74,36,110,214
10/18/2003,YNG,OH,AGL,CE,Towers with Radar,0,3,40,6,49,2,0,65,0,67,2,3,105,6,116,70,2,72,188
10/19/2003,YNG,OH,AGL,CE,Towers with Radar,0,4,37,9,50,0,1,41,0,42,0,5,78,9,92,64,4,68,160
10/20/2003,YNG,OH,AGL,CE,Towers with Radar,0,4,37,23,64,0,3,36,1,40,0,7,73,24,104,80,80,160,264
10/21/2003,YNG,OH,AGL,CE,Towers with Radar,0,5,52,32,89,0,5,2,10,17,0,10,54,42,106,70,62,132,238
10/22/2003,YNG,OH,AGL,CE,Towers with Radar,0,4,32,27,63,0,4,0,14,18,0,8,32,41,81,20,88,108,189
10/23/2003,YNG,OH,AGL,CE,Towers with Radar,1,0,50,31,82,0,0,15,38,53,1,0,65,69,135,88,210,298,433
10/24/2003,YNG,OH,AGL,CE,Towers with Radar,1,0,51,3,55,0,0,90,0,90,1,0,141,3,145,146,2,148,293
10/25/2003,YNG,OH,AGL,CE,Towers with Radar,0,1,23,4,28,1,0,27,0,28,1,1,50,4,56,46,0,46,102
10/26/2003,YNG,OH,AGL,CE,Towers with Radar,0,3,37,5,45,1,0,4,0,5,1,3,41,5,50,12,0,12,62
10/27/2003,YNG,OH,AGL,CE,Towers with Radar,1,0,47,29,77,1,0,4,12,17,2,0,51,41,94,38,62,100,194
10/28/2003,YNG,OH,AGL,CE,Towers with Radar,0,6,58,36,100,0,0,11,16,27,0,6,69,52,127,82,100,182,309
10/29/2003,YNG,OH,AGL,CE,Towers with Radar,0,0,54,34,88,0,0,1,34,35,0,0,55,68,123,120,176,296,419
10/30/2003,YNG,OH,AGL,CE,Towers with Radar,1,6,58,36,101,0,0,47,0,47,1,6,105,36,148,110,120,230,378
10/31/2003,YNG,OH,AGL,CE,Towers with Radar,1,4,46,27,78,2,4,31,0,37,3,8,77,27,115,70,44,114,229
11/01/2003,YNG,OH,AGL,CE,Towers with Radar,2,3,31,0,36,0,2,0,0,2,2,5,31,0,38,14,0,14,52
11/02/2003,YNG,OH,AGL,CE,Towers with Radar,1,4,54,12,71,0,2,41,0,43,1,6,95,12,114,72,10,82,196
11/03/2003,YNG,OH,AGL,CE,Towers with Radar,1,0,56,23,80,0,0,29,20,49,1,0,85,43,129,80,112,192,321
11/04/2003,YNG,OH,AGL,CE,Towers with Radar,0,1,43,18,62,0,0,34,10,44,0,1,77,28,106,22,32,54,160
11/05/2003,YNG,OH,AGL,CE,Towers with Radar,2,1,54,22,79,0,0,6,19,25,2,1,60,41,104,18,144,162,266
11/06/2003,YNG,OH,AGL,CE,Towers with Radar,0,2,15,29,46,0,0,0,29,29,0,2,15,58,75,38,170,208,283
11/07/2003,YNG,OH,AGL,CE,Towers with Radar,2,1,55,23,81,0,0,62,11,73,2,1,117,34,154,94,100,194,348
11/08/2003,YNG,OH,AGL,CE,Towers with Radar,1,2,31,2,36,0,0,34,0,34,1,2,65,2,70,72,0,72,142
11/09/2003,YNG,OH,AGL,CE,Towers with Radar,1,3,35,2,41,2,2,31,0,35,3,5,66,2,76,72,10,82,158
11/10/2003,YNG,OH,AGL,CE,Towers with Radar,0,4,48,20,72,0,2,39,4,45,0,6,87,24,117,116,72,188,305
11/11/2003,YNG,OH,AGL,CE,Towers with Radar,0,4,43,1,48,0,7,0,0,7,0,11,43,1,55,14,0,14,69
11/12/2003,YNG,OH,AGL,CE,Towers with Radar,0,4,56,15,75,0,2,6,0,8,0,6,62,15,83,40,50,90,173
11/13/2003,YNG,OH,AGL,CE,Towers with Radar,0,1,11,3,15,0,2,0,0,2,0,3,11,3,17,0,0,0,17
11/14/2003,YNG,OH,AGL,CE,Towers with Radar,1,2,31,0,34,3,6,27,0,36,4,8,58,0,70,44,14,58,128
11/15/2003,YNG,OH,AGL,CE,Towers with Radar,0,4,42,0,46,3,1,63,0,67,3,5,105,0,113,96,0,96,209
11/16/2003,YNG,OH,AGL,CE,Towers with Radar,0,3,33,4,40,1,1,6,0,8,1,4,39,4,48,30,0,30,78
11/17/2003,YNG,OH,AGL,CE,Towers with Radar,1,5,57,22,85,2,3,31,27,63,3,8,88,49,148,86,184,270,418
11/18/2003,YNG,OH,AGL,CE,Towers with Radar,0,6,37,24,67,0,7,0,21,28,0,13,37,45,95,8,6,14,109
11/19/2003,YNG,OH,AGL,CE,Towers with Radar,0,4,61,24,89,0,0,6,6,12,0,4,67,30,101,38,56,94,195
11/20/2003,YNG,OH,AGL,CE,Towers with Radar,0,5,59,23,87,0,0,49,15,64,0,5,108,38,151,126,90,216,367
11/21/2003,YNG,OH,AGL,CE,Towers with Radar,1,6,61,24,92,3,3,49,6,61,4,9,110,30,153,78,36,114,267
11/22/2003,YNG,OH,AGL,CE,Towers with Radar,0,3,42,2,47,1,0,66,0,67,1,3,108,2,114,94,8,102,216
11/23/2003,YNG,OH,AGL,CE,Towers with Radar,0,1,35,1,37,2,0,52,0,54,2,1,87,1,91,64,0,64,155
11/24/2003,YNG,OH,AGL,CE,Towers with Radar,0,4,27,16,47,1,1,0,8,10,1,5,27,24,57,4,42,46,103
11/25/2003,YNG,OH,AGL,CE,Towers with Radar,0,2,67,27,96,0,0,18,23,41,0,2,85,50,137,89,98,187,324
11/26/2003,YNG,OH,AGL,CE,Towers with Radar,0,2,58,20,80,0,0,39,0,39,0,2,97,20,119,66,10,76,195
11/27/2003,YNG,OH,AGL,CE,Towers with Radar,0,0,6,0,6,0,0,0,0,0,0,0,6,0,6,0,0,0,6
11/28/2003,YNG,OH,AGL,CE,Towers with Radar,0,2,17,3,22,0,3,0,0,3,0,5,17,3,25,6,0,6,31
11/29/2003,YNG,OH,AGL,CE,Towers with Radar,0,0,13,0,13,0,0,0,0,0,0,0,13,0,13,0,0,0,13
11/30/2003,YNG,OH,AGL,CE,Towers with Radar,0,1,45,0,46,0,0,15,0,15,0,1,60,0,61,54,0,54,115
12/01/2003,YNG,OH,AGL,CE,Towers with Radar,0,6,21,20,47,0,0,0,2,2,0,6,21,22,49,10,14,24,73
12/02/2003,YNG,OH,AGL,CE,Towers with Radar,0,4,22,18,44,0,0,0,20,20,0,4,22,38,64,0,80,80,144
12/03/2003,YNG,OH,AGL,CE,Towers with Radar,0,6,47,24,77,0,0,54,8,62,0,6,101,32,139,162,94,256,395
12/04/2003,YNG,OH,AGL,CE,Towers with Radar,0,6,62,30,98,0,0,30,26,56,0,6,92,56,154,96,104,200,354
12/05/2003,YNG,OH,AGL,CE,Towers with Radar,1,2,12,5,20,6,0,0,0,6,7,2,12,5,26,0,0,0,26
12/06/2003,YNG,OH,AGL,CE,Towers with Radar,1,3,25,13,42,2,4,12,8,26,3,7,37,21,68,22,22,44,112
12/07/2003,YNG,OH,AGL,CE,Towers with Radar,1,4,35,14,54,3,0,57,0,60,4,4,92,14,114,74,32,106,220
12/08/2003,YNG,OH,AGL,CE,Towers with Radar,0,3,55,27,85,0,0,22,6,28,0,3,77,33,113,40,112,152,265
12/09/2003,YNG,OH,AGL,CE,Towers with Radar,2,2,26,24,54,0,0,0,14,14,2,2,26,38,68,6,40,46,114
12/10/2003,YNG,OH,AGL,CE,Towers with Radar,0,8,52,26,86,0,4,0,2,6,0,12,52,28,92,38,12,50,142
12/11/2003,YNG,OH,AGL,CE,Towers with Radar,1,4,45,23,73,0,0,1,18,19,1,4,46,41,92,6,40,46,138
12/12/2003,YNG,OH,AGL,CE,Towers with Radar,0,4,30,11,45,0,2,0,0,2,0,6,30,11,47,26,6,32,79
12/13/2003,YNG,OH,AGL,CE,Towers with Radar,2,8,53,6,69,0,4,90,0,94,2,12,143,6,163,132,4,136,299
12/14/2003,YNG,OH,AGL,CE,Towers with Radar,1,2,14,3,20,0,3,4,0,7,1,5,18,3,27,0,0,0,27
12/15/2003,YNG,OH,AGL,CE,Towers with Radar,2,5,36,1,44,0,15,0,0,15,2,20,36,1,59,20,0,20,79
12/16/2003,YNG,OH,AGL,CE,Towers with Radar,1,8,56,22,87,0,12,25,0,37,1,20,81,22,124,66,56,122,246
12/17/2003,YNG,OH,AGL,CE,Towers with Radar,0,4,13,15,32,0,1,0,58,59,0,5,13,73,91,10,166,176,267
12/18/2003,YNG,OH,AGL,CE,Towers with Radar,0,4,24,20,48,0,0,0,6,6,0,4,24,26,54,2,54,56,110
12/19/2003,YNG,OH,AGL,CE,Towers with Radar,0,3,32,5,40,0,0,0,0,0,0,3,32,5,40,6,6,12,52
12/20/2003,YNG,OH,AGL,CE,Towers with Radar,0,2,24,1,27,0,0,24,0,24,0,2,48,1,51,36,0,36,87
12/21/2003,YNG,OH,AGL,CE,Towers with Radar,0,6,39,6,51,0,2,26,0,28,0,8,65,6,79,52,10,62,141
12/22/2003,YNG,OH,AGL,CE,Towers with Radar,0,7,44,17,68,0,1,12,0,13,0,8,56,17,81,56,102,158,239
12/23/2003,YNG,OH,AGL,CE,Towers with Radar,0,7,66,31,104,0,0,8,25,33,0,7,74,56,137,38,70,108,245
12/24/2003,YNG,OH,AGL,CE,Towers with Radar,0,4,5,9,18,0,1,0,5,6,0,5,5,14,24,4,24,28,52
12/25/2003,YNG,OH,AGL,CE,Towers with Radar,0,0,2,0,2,0,0,0,0,0,0,0,2,0,2,0,0,0,2
12/26/2003,YNG,OH,AGL,CE,Towers with Radar,0,5,30,0,35,0,1,36,0,37,0,6,66,0,72,66,0,66,138
12/27/2003,YNG,OH,AGL,CE,Towers with Radar,1,6,42,0,49,1,0,98,0,99,2,6,140,0,148,142,0,142,290
12/28/2003,YNG,OH,AGL,CE,Towers with Radar,0,0,37,0,37,3,0,87,0,90,3,0,124,0,127,116,0,116,243
12/29/2003,YNG,OH,AGL,CE,Towers with Radar,0,6,29,15,50,4,2,0,4,10,4,8,29,19,60,20,50,70,130
12/30/2003,YNG,OH,AGL,CE,Towers with Radar,0,0,32,17,49,0,0,0,25,25,0,0,32,42,74,32,56,88,162
12/31/2003,YNG,OH,AGL,CE,Towers with Radar,0,3,21,3,27,0,1,18,0,19,0,4,39,3,46,56,0,56,102
01/01/2004,YNG,OH,AGL,CE,Towers with Radar,0,0,17,0,17,0,0,32,0,32,0,0,49,0,49,58,0,58,107
01/02/2004,YNG,OH,AGL,CE,Towers with Radar,0,0,28,16,44,0,0,2,0,2,0,0,30,16,46,14,26,40,86
01/03/2004,YNG,OH,AGL,CE,Towers with Radar,0,1,34,6,41,0,0,21,0,21,0,1,55,6,62,52,2,54,116
01/04/2004,YNG,OH,AGL,CE,Towers with Radar,1,0,12,0,13,0,0,0,0,0,1,0,12,0,13,0,0,0,13
01/05/2004,YNG,OH,AGL,CE,Towers with Radar,0,3,10,14,27,0,0,0,0,0,0,3,10,14,27,0,22,22,49
01/06/2004,YNG,OH,AGL,CE,Towers with Radar,0,4,28,12,44,0,3,0,0,3,0,7,28,12,47,6,10,16,63
01/07/2004,YNG,OH,AGL,CE,Towers with Radar,0,2,20,20,42,0,0,0,15,15,0,2,20,35,57,0,48,48,105
01/08/2004,YNG,OH,AGL,CE,Towers with Radar,0,5,34,20,59,0,2,19,2,23,0,7,53,22,82,60,47,107,189
01/09/2004,YNG,OH,AGL,CE,Towers with Radar,0,4,30,18,52,0,2,10,26,38,0,6,40,44,90,76,0,76,166
01/10/2004,YNG,OH,AGL,CE,Towers with Radar,0,3,29,1,33,0,0,57,0,57,0,3,86,1,90,12,0,12,102
01/11/2004,YNG,OH,AGL,CE,Towers with Radar,0,2,30,4,36,0,0,31,0,31,0,2,61,4,67,12,44,56,123
01/12/2004,YNG,OH,AGL,CE,Towers with Radar,0,3,20,12,35,0,0,0,5,5,0,3,20,17,40,8,8,16,56
01/13/2004,YNG,OH,AGL,CE,Towers with Radar,0,1,18,20,39,0,0,0,28,28,0,1,18,48,67,0,62,62,129
01/14/2004,YNG,OH,AGL,CE,Towers with Radar,0,0,19,13,32,0,0,0,0,0,0,0,19,13,32,0,20,20,52
01/15/2004,YNG,OH,AGL,CE,Towers with Radar,0,1,19,14,34,0,0,0,0,0,0,1,19,14,34,16,12,28,62
01/16/2004,YNG,OH,AGL,CE,Towers with Radar,0,4,40,22,66,1,0,2,13,16,1,4,42,35,82,20,84,104,186
01/17/2004,YNG,OH,AGL,CE,Towers with Radar,0,0,18,2,20,1,0,0,0,1,1,0,18,2,21,18,0,18,39
01/18/2004,YNG,OH,AGL,CE,Towers with Radar,0,1,10,0,11,2,0,0,0,2,2,1,10,0,13,0,0,0,13
01/19/2004,YNG,OH,AGL,CE,Towers with Radar,0,0,18,0,18,0,0,1,0,1,0,0,19,0,19,0,0,0,19
01/20/2004,YNG,OH,AGL,CE,Towers with Radar,0,2,28,14,44,0,0,15,10,25,0,2,43,24,69,20,40,60,129
01/21/2004,YNG,OH,AGL,CE,Towers with Radar,0,4,42,22,68,0,0,33,18,51,0,4,75,40,119,90,122,212,331
01/22/2004,YNG,OH,AGL,CE,Towers with Radar,0,4,22,14,40,0,1,0,13,14,0,5,22,27,54,6,10,16,70
01/23/2004,YNG,OH,AGL,CE,Towers with Radar,0,2,35,21,58,0,0,0,16,16,0,2,35,37,74,16,52,68,142
01/24/2004,YNG,OH,AGL,CE,Towers with Radar,0,3,19,1,23,0,10,20,0,30,0,13,39,1,53,40,0,40,93
01/25/2004,YNG,OH,AGL,CE,Towers with Radar,0,2,20,10,32,4,0,21,6,31,4,2,41,16,63,28,4,32,95
01/26/2004,YNG,OH,AGL,CE,Towers with Radar,0,0,5,0,5,1,0,0,0,1,1,0,5,0,6,0,0,0,6
01/27/2004,YNG,OH,AGL,CE,Towers with Radar,0,0,6,0,6,0,0,0,0,0,0,0,6,0,6,0,0,0,6
01/28/2004,YNG,OH,AGL,CE,Towers with Radar,0,2,17,3,22,0,0,6,0,6,0,2,23,3,28,0,0,0,28
01/29/2004,YNG,OH,AGL,CE,Towers with Radar,0,4,30,18,52,0,13,0,9,22,0,17,30,27,74,2,28,30,104
01/30/2004,YNG,OH,AGL,CE,Towers with Radar,0,5,39,18,62,1,11,5,0,17,1,16,44,18,79,26,12,38,117
01/31/2004,YNG,OH,AGL,CE,Towers with Radar,0,1,27,2,30,2,0,6,0,8,2,1,33,2,38,30,0,30,68
02/01/2004,YNG,OH,AGL,CE,Towers with Radar,0,1,16,0,17,0,0,36,0,36,0,1,52,0,53,36,0,36,89
02/02/2004,YNG,OH,AGL,CE,Towers with Radar,0,4,40,10,54,0,5,11,0,16,0,9,51,10,70,52,56,108,178
02/03/2004,YNG,OH,AGL,CE,Towers with Radar,0,1,6,0,7,0,1,0,0,1,0,2,6,0,8,4,0,4,12
02/04/2004,YNG,OH,AGL,CE,Towers with Radar,0,3,43,21,67,0,0,16,5,21,0,3,59,26,88,76,82,158,246
02/05/2004,YNG,OH,AGL,CE,Towers with Radar,0,0,43,21,64,0,0,17,5,22,0,0,60,26,86,56,34,90,176
02/06/2004,YNG,OH,AGL,CE,Towers with Radar,0,1,11,10,22,0,0,0,0,0,0,1,11,10,22,0,0,0,22
02/07/2004,YNG,OH,AGL,CE,Towers with Radar,0,0,12,1,13,0,0,0,0,0,0,0,12,1,13,2,0,2,15
02/08/2004,YNG,OH,AGL,CE,Towers with Radar,0,3,64,18,85,0,0,92,0,92,0,3,156,18,177,112,20,132,309
02/09/2004,YNG,OH,AGL,CE,Towers with Radar,0,4,27,22,53,0,4,0,6,10,0,8,27,28,63,14,38,52,115
02/10/2004,YNG,OH,AGL,CE,Towers with Radar,0,5,53,36,94,0,0,0,68,68,0,5,53,104,162,32,138,170,332
02/11/2004,YNG,OH,AGL,CE,Towers with Radar,1,6,65,32,104,1,9,9,26,45,2,15,74,58,149,56,130,186,335
02/12/2004,YNG,OH,AGL,CE,Towers with Radar,0,3,38,19,60,0,0,3,8,11,0,3,41,27,71,20,18,38,109
02/13/2004,YNG,OH,AGL,CE,Towers with Radar,1,4,38,4,47,1,6,8,0,15,2,10,46,4,62,58,0,58,120
02/14/2004,YNG,OH,AGL,CE,Towers with Radar,0,2,21,1,24,0,1,17,0,18,0,3,38,1,42,76,0,76,118
02/15/2004,YNG,OH,AGL,CE,Towers with Radar,0,4,40,1,45,0,7,13,0,20,0,11,53,1,65,56,0,56,121
02/16/2004,YNG,OH,AGL,CE,Towers with Radar,0,4,35,0,39,0,10,29,0,39,0,14,64,0,78,66,0,66,144
02/17/2004,YNG,OH,AGL,CE,Towers with Radar,0,0,40,14,54,0,0,44,0,44,0,0,84,14,98,64,40,104,202
02/18/2004,YNG,OH,AGL,CE,Towers with Radar,0,6,64,30,100,0,0,36,26,62,0,6,100,56,162,86,104,190,352
02/19/2004,YNG,OH,AGL,CE,Towers with Radar,0,0,59,22,81,0,0,29,0,29,0,0,88,22,110,42,76,118,228
02/20/2004,YNG,OH,AGL,CE,Towers with Radar,0,7,58,27,92,0,8,0,2,10,0,15,58,29,102,38,60,98,200
02/21/2004,YNG,OH,AGL,CE,Towers with Radar,0,2,7,0,9,0,0,0,0,0,0,2,7,0,9,0,0,0,9
02/22/2004,YNG,OH,AGL,CE,Towers with Radar,0,2,40,11,53,3,0,19,0,22,3,2,59,11,75,54,0,54,129
02/23/2004,YNG,OH,AGL,CE,Towers with Radar,0,3,48,17,68,1,0,54,0,55,1,3,102,17,123,92,64,156,279
02/24/2004,YNG,OH,AGL,CE,Towers with Radar,0,3,28,25,56,3,0,0,32,35,3,3,28,57,91,18,138,156,247
02/25/2004,YNG,OH,AGL,CE,Towers with Radar,0,5,63,23,91,1,0,68,0,69,1,5,131,23,160,136,72,208,368
02/26/2004,YNG,OH,AGL,CE,Towers with Radar,1,7,84,40,132,0,0,48,6,54,1,7,132,46,186,130,64,194,380
02/27/2004,YNG,OH,AGL,CE,Towers with Radar,0,4,74,36,114,3,0,47,17,67,3,4,121,53,181,140,94,234,415
02/28/2004,YNG,OH,AGL,CE,Towers with Radar,0,6,54,0,60,0,3,106,0,109,0,9,160,0,169,142,0,142,311
02/29/2004,YNG,OH,AGL,CE,Towers with Radar,0,0,45,4,49,2,0,69,0,71,2,0,114,4,120,120,0,120,240
03/01/2004,YNG,OH,AGL,CE,Towers with Radar,2,6,48,10,66,1,1,13,0,15,3,7,61,10,81,42,12,54,135
03/02/2004,YNG,OH,AGL,CE,Towers with Radar,0,8,65,22,95,0,10,14,30,54,0,18,79,52,149,86,126,212,361
03/03/2004,YNG,OH,AGL,CE,Towers with Radar,0,1,57,22,80,0,0,0,19,19,0,1,57,41,99,72,92,164,263
03/04/2004,YNG,OH,AGL,CE,Towers with Radar,0,2,48,17,67,0,0,0,0,0,0,2,48,17,67,50,26,76,143
03/05/2004,YNG,OH,AGL,CE,Towers with Radar,0,3,22,4,29,0,0,0,0,0,0,3,22,4,29,4,0,4,33
03/06/2004,YNG,OH,AGL,CE,Towers with Radar,0,1,13,6,20,0,1,0,0,1,0,2,13,6,21,0,0,0,21
03/07/2004,YNG,OH,AGL,CE,Towers with Radar,1,0,23,2,26,0,0,12,0,12,1,0,35,2,38,30,0,30,68
03/08/2004,YNG,OH,AGL,CE,Towers with Radar,0,1,27,13,41,0,0,0,20,20,0,1,27,33,61,8,104,112,173
03/09/2004,YNG,OH,AGL,CE,Towers with Radar,0,7,56,21,84,0,4,43,4,51,0,11,99,25,135,130,56,186,321
03/10/2004,YNG,OH,AGL,CE,Towers with Radar,1,6,77,28,112,0,0,82,34,116,1,6,159,62,228,150,132,282,510
03/11/2004,YNG,OH,AGL,CE,Towers with Radar,2,1,26,19,48,0,0,0,43,43,2,1,26,62,91,10,152,162,253
03/12/2004,YNG,OH,AGL,CE,Towers with Radar,0,4,19,14,37,0,0,0,5,5,0,4,19,19,42,0,8,8,50
03/13/2004,YNG,OH,AGL,CE,Towers with Radar,0,0,57,10,67,0,0,88,0,88,0,0,145,10,155,138,14,152,307
03/14/2004,YNG,OH,AGL,CE,Towers with Radar,1,0,17,3,21,1,0,0,0,1,2,0,17,3,22,16,0,16,38
03/15/2004,YNG,OH,AGL,CE,Towers with Radar,0,7,57,6,70,0,11,72,0,83,0,18,129,6,153,100,22,122,275
03/16/2004,YNG,OH,AGL,CE,Towers with Radar,1,1,9,0,11,1,1,0,0,2,2,2,9,0,13,0,0,0,13
03/17/2004,YNG,OH,AGL,CE,Towers with Radar,0,4,37,18,59,0,0,0,11,11,0,4,37,29,70,12,48,60,130
03/18/2004,YNG,OH,AGL,CE,Towers with Radar,0,2,41,4,47,0,0,23,0,23,0,2,64,4,70,56,0,56,126
03/19/2004,YNG,OH,AGL,CE,Towers with Radar,1,0,62,22,85,5,0,51,19,75,6,0,113,41,160,92,48,140,300
03/20/2004,YNG,OH,AGL,CE,Towers with Radar,0,0,0,2,2,2,0,0,0,2,2,0,0,2,4,0,0,0,4
03/21/2004,YNG,OH,AGL,CE,Towers with Radar,0,1,8,5,14,2,0,0,2,4,2,1,8,7,18,2,0,2,20
03/22/2004,YNG,OH,AGL,CE,Towers with Radar,0,1,46,2,49,0,0,4,0,4,0,1,50,2,53,72,0,72,125
03/23/2004,YNG,OH,AGL,CE,Towers with Radar,0,7,53,18,78,0,0,38,3,41,0,7,91,21,119,118,44,162,281
03/24/2004,YNG,OH,AGL,CE,Towers with Radar,0,5,47,6,58,0,0,0,0,0,0,5,47,6,58,40,48,88,146
03/25/2004,YNG,OH,AGL,CE,Towers with Radar,0,5,53,18,76,0,0,18,6,24,0,5,71,24,100,98,70,168,268
03/26/2004,YNG,OH,AGL,CE,Towers with Radar,1,6,26,17,50,1,4,0,4,9,2,10,26,21,59,12,54,66,125
03/27/2004,YNG,OH,AGL,CE,Towers with Radar,0,9,68,5,82,0,1,44,0,45,0,10,112,5,127,126,2,128,255
03/28/2004,YNG,OH,AGL,CE,Towers with Radar,2,6,70,0,78,2,0,102,0,104,4,6,172,0,182,204,0,204,386
03/29/2004,YNG,OH,AGL,CE,Towers with Radar,0,6,55,14,75,0,6,45,0,51,0,12,100,14,126,96,54,150,276
03/30/2004,YNG,OH,AGL,CE,Towers with Radar,0,1,41,11,53,0,0,0,0,0,0,1,41,11,53,36,12,48,101
03/31/2004,YNG,OH,AGL,CE,Towers with Radar,0,4,46,20,70,0,0,0,32,32,0,4,46,52,102,38,60,98,200
04/01/2004,YNG,OH,AGL,CE,Towers with Radar,2,5,27,0,34,0,2,0,0,2,2,7,27,0,36,0,0,0,36
04/02/2004,YNG,OH,AGL,CE,Towers with Radar,2,2,29,14,47,0,0,0,0,0,2,2,29,14,47,6,20,26,73
04/03/2004,YNG,OH,AGL,CE,Towers with Radar,2,5,42,16,65,0,0,56,2,58,2,5,98,18,123,76,34,110,233
04/04/2004,YNG,OH,AGL,CE,Towers with Radar,0,2,11,2,15,0,1,0,0,1,0,3,11,2,16,0,0,0,16
04/05/2004,YNG,OH,AGL,CE,Towers with Radar,1,5,41,12,59,0,8,41,0,49,1,13,82,12,108,82,22,104,212
04/06/2004,YNG,OH,AGL,CE,Towers with Radar,1,6,69,19,95,0,0,96,0,96,1,6,165,19,191,204,82,286,477
04/07/2004,YNG,OH,AGL,CE,Towers with Radar,3,10,75,28,116,0,9,2,20,31,3,19,77,48,147,78,158,236,383
04/08/2004,YNG,OH,AGL,CE,Towers with Radar,3,7,53,22,85,1,0,0,17,18,4,7,53,39,103,82,46,128,231
04/09/2004,YNG,OH,AGL,CE,Towers with Radar,2,12,84,28,126,0,4,0,0,4,2,16,84,28,130,120,54,174,304
04/10/2004,YNG,OH,AGL,CE,Towers with Radar,1,1,32,2,36,0,0,82,0,82,1,1,114,2,118,120,0,120,238
04/11/2004,YNG,OH,AGL,CE,Towers with Radar,1,2,18,0,21,0,0,3,0,3,1,2,21,0,24,30,0,30,54
04/12/2004,YNG,OH,AGL,CE,Towers with Radar,2,7,51,3,63,0,2,29,0,31,2,9,80,3,94,14,0,14,108
04/13/2004,YNG,OH,AGL,CE,Towers with Radar,2,2,32,0,36,0,0,0,0,0,2,2,32,0,36,2,0,2,38
04/14/2004,YNG,OH,AGL,CE,Towers with Radar,2,7,59,23,91,0,0,13,15,28,2,7,72,38,119,88,48,136,255
04/15/2004,YNG,OH,AGL,CE,Towers with Radar,2,5,53,21,81,0,0,44,19,63,2,5,97,40,144,118,76,194,338
04/16/2004,YNG,OH,AGL,CE,Towers with Radar,3,7,53,19,82,2,4,33,3,42,5,11,86,22,124,60,44,104,228
04/17/2004,YNG,OH,AGL,CE,Towers with Radar,2,5,43,0,50,1,0,23,0,24,3,5,66,0,74,74,0,74,148
04/18/2004,YNG,OH,AGL,CE,Towers with Radar,1,7,43,6,57,2,4,35,0,41,3,11,78,6,98,90,4,94,192
04/19/2004,YNG,OH,AGL,CE,Towers with Radar,1,5,26,4,36,3,3,0,0,6,4,8,26,4,42,8,0,8,50
04/20/2004,YNG,OH,AGL,CE,Towers with Radar,1,5,63,23,92,0,0,25,17,42,1,5,88,40,134,136,102,238,372
04/21/2004,YNG,OH,AGL,CE,Towers with Radar,1,3,37,13,54,0,0,0,0,0,1,3,37,13,54,18,14,32,86
04/22/2004,YNG,OH,AGL,CE,Towers with Radar,2,7,94,34,137,0,0,16,54,70,2,7,110,88,207,110,102,212,419
04/23/2004,YNG,OH,AGL,CE,Towers with Radar,2,2,52,3,59,0,0,11,0,11,2,2,63,3,70,40,20,60,130
04/24/2004,YNG,OH,AGL,CE,Towers with Radar,0,6,41,2,49,0,0,137,0,137,0,6,178,2,186,160,0,160,346
04/25/2004,YNG,OH,AGL,CE,Towers with Radar,1,2,27,0,30,3,0,8,0,11,4,2,35,0,41,10,0,10,51
04/26/2004,YNG,OH,AGL,CE,Towers with Radar,2,3,46,17,68,1,0,12,1,14,3,3,58,18,82,98,32,130,212
04/27/2004,YNG,OH,AGL,CE,Towers with Radar,0,7,44,16,67,0,22,0,1,23,0,29,44,17,90,28,54,82,172
04/28/2004,YNG,OH,AGL,CE,Towers with Radar,2,7,54,20,83,4,0,44,22,70,6,7,98,42,153,118,164,282,435
04/29/2004,YNG,OH,AGL,CE,Towers with Radar,2,7,52,19,80,0,0,34,0,34,2,7,86,19,114,50,36,86,200
04/30/2004,YNG,OH,AGL,CE,Towers with Radar,2,8,53,14,77,2,3,6,0,11,4,11,59,14,88,38,16,54,142
05/01/2004,YNG,OH,AGL,CE,Towers with Radar,2,2,19,3,26,0,0,0,0,0,2,2,19,3,26,28,2,30,56
05/02/2004,YNG,OH,AGL,CE,Towers with Radar,2,2,17,3,24,6,0,0,0,6,8,2,17,3,30,22,0,22,52
05/03/2004,YNG,OH,AGL,CE,Towers with Radar,2,5,65,29,101,0,5,22,10,37,2,10,87,39,138,60,54,114,252
05/04/2004,YNG,OH,AGL,CE,Towers with Radar,0,3,55,25,83,0,0,36,26,62,0,3,91,51,145,116,116,232,377
05/05/2004,YNG,OH,AGL,CE,Towers with Radar,0,0,49,15,64,0,0,49,0,49,0,0,98,15,113,108,32,140,253
05/06/2004,YNG,OH,AGL,CE,Towers with Radar,2,4,57,26,89,0,2,2,13,17,2,6,59,39,106,72,82,154,260
05/07/2004,YNG,OH,AGL,CE,Towers with Radar,1,2,29,4,36,0,1,0,0,1,1,3,29,4,37,22,24,46,83
05/08/2004,YNG,OH,AGL,CE,Towers with Radar,2,0,38,5,45,0,0,57,0,57,2,0,95,5,102,78,0,78,180
05/09/2004,YNG,OH,AGL,CE,Towers with Radar,2,2,23,0,27,0,5,38,0,43,2,7,61,0,70,66,0,66,136
05/10/2004,YNG,OH,AGL,CE,Towers with Radar,2,2,52,24,80,0,0,1,13,14,2,2,53,37,94,26,126,152,246
05/11/2004,YNG,OH,AGL,CE,Towers with Radar,2,4,57,26,89,0,3,39,19,61,2,7,96,45,150,100,118,218,368
05/12/2004,YNG,OH,AGL,CE,Towers with Radar,2,5,64,29,100,0,2,34,7,43,2,7,98,36,143,92,132,224,367
05/13/2004,YNG,OH,AGL,CE,Towers with Radar,3,4,47,22,76,0,6,36,11,53,3,10,83,33,129,76,52,128,257
05/14/2004,YNG,OH,AGL,CE,Towers with Radar,3,4,38,23,68,1,4,0,6,11,4,8,38,29,79,38,62,100,179
05/15/2004,YNG,OH,AGL,CE,Towers with Radar,2,2,25,1,30,0,2,4,0,6,2,4,29,1,36,10,0,10,46
05/16/2004,YNG,OH,AGL,CE,Towers with Radar,4,0,50,3,57,0,0,51,0,51,4,0,101,3,108,122,4,126,234
05/17/2004,YNG,OH,AGL,CE,Towers with Radar,2,4,33,20,59,0,3,0,0,3,2,7,33,20,62,24,34,58,120
05/18/2004,YNG,OH,AGL,CE,Towers with Radar,3,3,44,22,72,0,0,0,0,0,3,3,44,22,72,54,36,90,162
05/19/2004,YNG,OH,AGL,CE,Towers with Radar,0,4,75,33,112,0,0,49,31,80,0,4,124,64,192,110,108,218,410
05/20/2004,YNG,OH,AGL,CE,Towers with Radar,2,4,46,20,72,0,5,0,14,19,2,9,46,34,91,46,62,108,199
05/21/2004,YNG,OH,AGL,CE,Towers with Radar,2,1,39,17,59,1,0,4,1,6,3,1,43,18,65,16,38,54,119
05/22/2004,YNG,OH,AGL,CE,Towers with Radar,2,4,36,12,54,3,2,16,0,21,5,6,52,12,75,54,0,54,129
05/23/2004,YNG,OH,AGL,CE,Towers with Radar,2,2,39,4,47,3,0,16,0,19,5,2,55,4,66,74,0,74,140
05/24/2004,YNG,OH,AGL,CE,Towers with Radar,2,4,35,18,59,1,9,0,0,10,3,13,35,18,69,50,44,94,163
05/25/2004,YNG,OH,AGL,CE,Towers with Radar,2,3,32,19,56,0,0,0,1,1,2,3,32,20,57,18,52,70,127
05/26/2004,YNG,OH,AGL,CE,Towers with Radar,2,5,59,26,92,0,0,20,27,47,2,5,79,53,139,80,104,184,323
05/27/2004,YNG,OH,AGL,CE,Towers with Radar,3,3,58,25,89,1,0,2,0,3,4,3,60,25,92,86,50,136,228
05/28/2004,YNG,OH,AGL,CE,Towers with Radar,2,2,57,21,82,0,0,29,0,29,2,2,86,21,111,104,8,112,223
05/29/2004,YNG,OH,AGL,CE,Towers with Radar,2,2,42,3,49,2,0,85,0,87,4,2,127,3,136,206,0,206,342
05/30/2004,YNG,OH,AGL,CE,Towers with Radar,2,0,37,2,41,2,0,41,0,43,4,0,78,2,84,88,0,88,172
05/31/2004,YNG,OH,AGL,CE,Towers with Radar,1,3,31,0,35,1,7,0,0,8,2,10,31,0,43,38,6,44,87
06/01/2004,YNG,OH,AGL,CE,Towers with Radar,0,1,47,11,59,0,0,32,0,32,0,1,79,11,91,94,8,102,193
06/02/2004,YNG,OH,AGL,CE,Towers with Radar,1,4,52,15,72,0,3,5,2,10,1,7,57,17,82,46,30,76,158
06/03/2004,YNG,OH,AGL,CE,Towers with Radar,3,5,74,23,105,2,0,59,16,77,5,5,133,39,182,158,90,248,430
06/04/2004,YNG,OH,AGL,CE,Towers with Radar,1,5,59,18,83,0,8,75,2,85,1,13,134,20,168,114,44,158,326
06/05/2004,YNG,OH,AGL,CE,Towers with Radar,2,2,31,9,44,0,0,0,0,0,2,2,31,9,44,20,2,22,66
06/06/2004,YNG,OH,AGL,CE,Towers with Radar,3,4,55,3,65,1,1,39,0,41,4,5,94,3,106,150,2,152,258
06/07/2004,YNG,OH,AGL,CE,Towers with Radar,2,4,45,14,65,0,2,40,11,53,2,6,85,25,118,90,36,126,244
06/08/2004,YNG,OH,AGL,CE,Towers with Radar,0,7,83,24,114,0,6,48,32,86,0,13,131,56,200,176,118,294,494
06/09/2004,YNG,OH,AGL,CE,Towers with Radar,2,5,57,17,81,0,1,14,6,21,2,6,71,23,102,56,32,88,190
06/10/2004,YNG,OH,AGL,CE,Towers with Radar,2,4,33,6,45,0,2,0,0,2,2,6,33,6,47,18,0,18,65
06/11/2004,YNG,OH,AGL,CE,Towers with Radar,2,0,40,0,42,0,0,2,0,2,2,0,42,0,44,28,0,28,72
06/12/2004,YNG,OH,AGL,CE,Towers with Radar,2,2,41,2,47,0,0,62,0,62,2,2,103,2,109,106,0,106,215
06/13/2004,YNG,OH,AGL,CE,Towers with Radar,2,0,59,1,62,0,0,0,0,0,2,0,59,1,62,78,0,78,140
06/14/2004,YNG,OH,AGL,CE,Towers with Radar,2,4,47,15,68,0,1,7,2,10,2,5,54,17,78,46,32,78,156
06/15/2004,YNG,OH,AGL,CE,Towers with Radar,0,7,81,24,112,0,3,12,4,19,0,10,93,28,131,82,30,112,243
06/16/2004,YNG,OH,AGL,CE,Towers with Radar,1,4,55,17,77,0,3,29,16,48,1,7,84,33,125,62,86,148,273
06/17/2004,YNG,OH,AGL,CE,Towers with Radar,1,5,50,17,73,0,4,0,4,8,1,9,50,21,81,30,20,50,131
06/18/2004,YNG,OH,AGL,CE,Towers with Radar,2,6,73,11,92,2,0,32,0,34,4,6,105,11,126,74,34,108,234
06/19/2004,YNG,OH,AGL,CE,Towers with Radar,2,5,56,10,73,2,5,34,0,41,4,10,90,10,114,122,12,134,248
06/20/2004,YNG,OH,AGL,CE,Towers with Radar,1,2,49,4,56,2,0,66,0,68,3,2,115,4,124,70,0,70,194
06/21/2004,YNG,OH,AGL,CE,Towers with Radar,1,5,51,14,71,1,1,55,0,57,2,6,106,14,128,106,64,170,298
06/22/2004,YNG,OH,AGL,CE,Towers with Radar,0,0,57,16,73,0,0,34,18,52,0,0,91,34,125,70,94,164,289
06/23/2004,YNG,OH,AGL,CE,Towers with Radar,0,5,52,14,71,0,0,47,0,47,0,5,99,14,118,140,12,152,270
06/24/2004,YNG,OH,AGL,CE,Towers with Radar,1,4,52,5,62,1,0,14,0,15,2,4,66,5,77,64,0,64,141
06/25/2004,YNG,OH,AGL,CE,Towers with Radar,1,5,35,13,54,3,7,0,0,10,4,12,35,13,64,40,8,48,112
06/26/2004,YNG,OH,AGL,CE,Towers with Radar,1,3,47,0,51,1,0,16,0,17,2,3,63,0,68,74,0,74,142
06/27/2004,YNG,OH,AGL,CE,Towers with Radar,1,5,47,2,55,2,0,45,0,47,3,5,92,2,102,132,0,132,234
06/28/2004,YNG,OH,AGL,CE,Towers with Radar,1,5,49,15,70,6,1,0,7,14,7,6,49,22,84,34,42,76,160
06/29/2004,YNG,OH,AGL,CE,Towers with Radar,0,2,62,18,82,0,0,42,19,61,0,2,104,37,143,120,72,192,335
06/30/2004,YNG,OH,AGL,CE,Towers with Radar,2,5,69,20,96,0,0,90,25,115,2,5,159,45,211,210,76,286,497
07/01/2004,YNG,OH,AGL,CE,Towers with Radar,2,4,61,23,90,0,0,61,6,67,2,4,122,29,157,104,70,174,331
07/02/2004,YNG,OH,AGL,CE,Towers with Radar,2,2,55,8,67,0,0,23,0,23,2,2,78,8,90,98,16,114,204
07/03/2004,YNG,OH,AGL,CE,Towers with Radar,2,2,41,1,46,0,0,57,0,57,2,2,98,1,103,110,0,110,213
07/04/2004,YNG,OH,AGL,CE,Towers with Radar,2,1,22,0,25,0,1,5,0,6,2,2,27,0,31,48,0,48,79
07/05/2004,YNG,OH,AGL,CE,Towers with Radar,2,2,49,0,53,0,0,20,0,20,2,2,69,0,73,94,0,94,167
07/06/2004,YNG,OH,AGL,CE,Towers with Radar,0,4,62,23,89,0,1,35,2,38,0,5,97,25,127,106,48,154,281
07/07/2004,YNG,OH,AGL,CE,Towers with Radar,3,2,36,17,58,1,0,0,12,13,4,2,36,29,71,50,78,128,199
07/08/2004,YNG,OH,AGL,CE,Towers with Radar,3,4,71,27,105,0,2,49,14,65,3,6,120,41,170,140,88,228,398
07/09/2004,YNG,OH,AGL,CE,Towers with Radar,4,2,68,26,100,0,0,36,16,52,4,2,104,42,152,96,84,180,332
07/10/2004,YNG,OH,AGL,CE,Towers with Radar,2,2,43,2,49,0,0,39,0,39,2,2,82,2,88,124,0,124,212
07/11/2004,YNG,OH,AGL,CE,Towers with Radar,2,3,49,0,54,0,8,42,0,50,2,11,91,0,104,106,0,106,210
07/12/2004,YNG,OH,AGL,CE,Towers with Radar,0,2,45,12,59,0,7,20,0,27,0,9,65,12,86,34,12,46,132
07/13/2004,YNG,OH,AGL,CE,Towers with Radar,2,3,58,21,84,0,1,19,29,49,2,4,77,50,133,44,140,184,317
07/14/2004,YNG,OH,AGL,CE,Towers with Radar,2,2,43,16,63,0,3,8,19,30,2,5,51,35,93,42,92,134,227
07/15/2004,YNG,OH,AGL,CE,Towers with Radar,3,5,70,26,104,1,1,8,22,32,4,6,78,48,136,70,94,164,300
07/16/2004,YNG,OH,AGL,CE,Towers with Radar,3,0,67,25,95,4,0,46,13,63,7,0,113,38,158,112,62,174,332
07/17/2004,YNG,OH,AGL,CE,Towers with Radar,1,2,34,12,49,3,0,2,8,13,4,2,36,20,62,68,4,72,134
07/18/2004,YNG,OH,AGL,CE,Towers with Radar,1,2,31,1,35,2,2,1,0,5,3,4,32,1,40,18,0,18,58
07/19/2004,YNG,OH,AGL,CE,Towers with Radar,2,3,40,2,47,1,1,0,0,2,3,4,40,2,49,52,56,108,157
07/20/2004,YNG,OH,AGL,CE,Towers with Radar,0,3,53,19,75,0,0,40,10,50,0,3,93,29,125,96,64,160,285
07/21/2004,YNG,OH,AGL,CE,Towers with Radar,2,1,61,22,86,0,0,22,24,46,2,1,83,46,132,92,78,170,302
07/22/2004,YNG,OH,AGL,CE,Towers with Radar,3,3,75,28,109,1,0,0,33,34,4,3,75,61,143,76,132,208,351
07/23/2004,YNG,OH,AGL,CE,Towers with Radar,3,2,71,18,94,1,0,63,0,64,4,2,134,18,158,134,40,174,332
07/24/2004,YNG,OH,AGL,CE,Towers with Radar,1,1,34,6,42,1,0,70,0,71,2,1,104,6,113,92,0,92,205
07/25/2004,YNG,OH,AGL,CE,Towers with Radar,2,0,47,2,51,1,0,144,0,145,3,0,191,2,196,56,0,56,252
07/26/2004,YNG,OH,AGL,CE,Towers with Radar,2,3,36,10,51,2,4,0,0,6,4,7,36,10,57,8,0,8,65
07/27/2004,YNG,OH,AGL,CE,Towers with Radar,1,1,58,22,82,0,0,5,13,18,1,1,63,35,100,80,44,124,224
07/28/2004,YNG,OH,AGL,CE,Towers with Radar,2,3,60,16,81,0,0,40,0,40,2,3,100,16,121,152,54,206,327
07/29/2004,YNG,OH,AGL,CE,Towers with Radar,3,5,69,11,88,2,0,57,0,59,5,5,126,11,147,116,22,138,285
07/30/2004,YNG,OH,AGL,CE,Towers with Radar,2,3,48,2,55,1,0,0,0,1,3,3,48,2,56,34,0,34,90
07/31/2004,YNG,OH,AGL,CE,Towers with Radar,1,2,28,0,31,1,3,0,0,4,2,5,28,0,35,6,0,6,41
08/01/2004,YNG,OH,AGL,CE,Towers with Radar,3,5,49,2,59,0,0,66,0,66,3,5,115,2,125,116,0,116,241
08/02/2004,YNG,OH,AGL,CE,Towers with Radar,3,6,34,0,43,0,1,47,0,48,3,7,81,0,91,116,0,116,207
08/03/2004,YNG,OH,AGL,CE,Towers with Radar,0,11,65,22,98,0,6,47,19,72,0,17,112,41,170,118,74,192,362
08/04/2004,YNG,OH,AGL,CE,Towers with Radar,2,3,33,15,53,0,0,0,4,4,2,3,33,19,57,24,14,38,95
08/05/2004,YNG,OH,AGL,CE,Towers with Radar,3,4,51,17,75,0,0,29,12,41,3,4,80,29,116,90,72,162,278
08/06/2004,YNG,OH,AGL,CE,Towers with Radar,3,2,58,20,83,0,0,51,1,52,3,2,109,21,135,88,54,142,277
08/07/2004,YNG,OH,AGL,CE,Towers with Radar,3,1,36,6,46,0,0,68,0,68,3,1,104,6,114,156,2,158,272
08/08/2004,YNG,OH,AGL,CE,Towers with Radar,0,6,44,7,57,0,0,75,0,75,0,6,119,7,132,106,4,110,242
08/09/2004,YNG,OH,AGL,CE,Towers with Radar,0,6,39,8,53,0,3,46,0,49,0,9,85,8,102,106,18,124,226
08/10/2004,YNG,OH,AGL,CE,Towers with Radar,0,5,44,15,64,0,0,16,14,30,0,5,60,29,94,38,46,84,178
08/11/2004,YNG,OH,AGL,CE,Towers with Radar,2,8,48,16,74,0,4,49,6,59,2,12,97,22,133,104,24,128,261
08/12/2004,YNG,OH,AGL,CE,Towers with Radar,2,11,67,23,103,0,8,4,6,18,2,19,71,29,121,104,56,160,281
08/13/2004,YNG,OH,AGL,CE,Towers with Radar,3,5,32,3,43,0,0,0,0,0,3,5,32,3,43,34,0,34,77
08/14/2004,YNG,OH,AGL,CE,Towers with Radar,2,1,32,0,35,0,0,52,0,52,2,1,84,0,87,100,0,100,187
08/15/2004,YNG,OH,AGL,CE,Towers with Radar,3,2,44,0,49,10,0,52,0,62,13,2,96,0,111,96,0,96,207
08/16/2004,YNG,OH,AGL,CE,Towers with Radar,2,1,46,0,49,3,0,86,0,89,5,1,132,0,138,148,0,148,286
08/17/2004,YNG,OH,AGL,CE,Towers with Radar,0,4,63,20,87,0,0,89,7,96,0,4,152,27,183,96,52,148,331
08/18/2004,YNG,OH,AGL,CE,Towers with Radar,1,5,59,19,84,0,0,9,3,12,1,5,68,22,96,20,46,66,162
08/19/2004,YNG,OH,AGL,CE,Towers with Radar,2,10,40,17,69,0,6,0,0,6,2,16,40,17,75,8,8,16,91
08/20/2004,YNG,OH,AGL,CE,Towers with Radar,2,7,24,13,46,4,2,0,0,6,6,9,24,13,52,12,22,34,86
08/21/2004,YNG,OH,AGL,CE,Towers with Radar,2,2,45,5,54,1,0,58,0,59,3,2,103,5,113,114,0,114,227
08/22/2004,YNG,OH,AGL,CE,Towers with Radar,2,6,40,4,52,2,0,86,0,88,4,6,126,4,140,120,6,126,266
08/23/2004,YNG,OH,AGL,CE,Towers with Radar,3,4,55,18,80,1,0,57,18,76,4,4,112,36,156,98,38,136,292
08/24/2004,YNG,OH,AGL,CE,Towers with Radar,0,7,59,14,80,0,0,72,0,72,0,7,131,14,152,146,20,166,318
08/25/2004,YNG,OH,AGL,CE,Towers with Radar,3,1,56,19,79,0,0,34,8,42,3,1,90,27,121,94,64,158,279
08/26/2004,YNG,OH,AGL,CE,Towers with Radar,0,3,69,23,95,0,0,23,8,31,0,3,92,31,126,78,42,120,246
08/27/2004,YNG,OH,AGL,CE,Towers with Radar,4,7,45,28,84,0,0,0,68,68,4,7,45,96,152,22,122,144,296
08/28/2004,YNG,OH,AGL,CE,Towers with Radar,1,3,16,1,21,2,0,0,0,2,3,3,16,1,23,8,0,8,31
08/29/2004,YNG,OH,AGL,CE,Towers with Radar,2,4,34,1,41,2,0,0,0,2,4,4,34,1,43,46,16,62,105
08/30/2004,YNG,OH,AGL,CE,Towers with Radar,2,7,31,7,47,4,9,0,0,13,6,16,31,7,60,16,12,28,88
08/31/2004,YNG,OH,AGL,CE,Towers with Radar,2,1,62,16,81,0,0,72,0,72,2,1,134,16,153,108,54,162,315
09/01/2004,YNG,OH,AGL,CE,Towers with Radar,0,4,60,24,88,0,0,44,12,56,0,4,104,36,144,132,120,252,396
09/02/2004,YNG,OH,AGL,CE,Towers with Radar,2,6,62,25,95,1,6,65,0,72,3,12,127,25,167,136,88,224,391
09/03/2004,YNG,OH,AGL,CE,Towers with Radar,1,1,51,21,74,0,0,27,7,34,1,1,78,28,108,156,46,202,310
09/04/2004,YNG,OH,AGL,CE,Towers with Radar,1,3,30,0,34,2,0,25,0,27,3,3,55,0,61,46,0,46,107
09/05/2004,YNG,OH,AGL,CE,Towers with Radar,1,2,28,0,31,0,6,32,0,38,1,8,60,0,69,74,0,74,143
09/06/2004,YNG,OH,AGL,CE,Towers with Radar,0,3,39,0,42,0,8,19,0,27,0,11,58,0,69,44,2,46,115
09/07/2004,YNG,OH,AGL,CE,Towers with Radar,2,5,60,25,92,2,2,5,27,36,4,7,65,52,128,44,122,166,294
09/08/2004,YNG,OH,AGL,CE,Towers with Radar,0,2,3,9,14,0,8,0,0,8,0,10,3,9,22,2,4,6,28
09/09/2004,YNG,OH,AGL,CE,Towers with Radar,0,5,56,23,84,0,2,7,23,32,0,7,63,46,116,28,62,90,206
09/10/2004,YNG,OH,AGL,CE,Towers with Radar,1,6,65,23,95,0,5,63,0,68,1,11,128,23,163,104,122,226,389
09/11/2004,YNG,OH,AGL,CE,Towers with Radar,1,2,31,0,34,1,0,82,0,83,2,2,113,0,117,86,0,86,203
09/12/2004,YNG,OH,AGL,CE,Towers with Radar,1,1,39,16,57,0,0,61,1,62,1,1,100,17,119,148,18,166,285
09/13/2004,YNG,OH,AGL,CE,Towers with Radar,2,5,54,22,83,0,6,11,1,18,2,11,65,23,101,90,64,154,255
09/14/2004,YNG,OH,AGL,CE,Towers with Radar,1,2,55,22,80,0,0,48,3,51,1,2,103,25,131,78,76,154,285
09/15/2004,YNG,OH,AGL,CE,Towers with Radar,0,4,56,23,83,0,0,39,10,49,0,4,95,33,132,78,150,228,360
09/16/2004,YNG,OH,AGL,CE,Towers with Radar,0,6,60,21,87,0,1,16,0,17,0,7,76,21,104,90,52,142,246
09/17/2004,YNG,OH,AGL,CE,Towers with Radar,0,4,18,15,37,1,1,0,6,8,1,5,18,21,45,0,34,34,79
09/18/2004,YNG,OH,AGL,CE,Towers with Radar,0,1,28,1,30,0,0,28,0,28,0,1,56,1,58,62,0,62,120
09/19/2004,YNG,OH,AGL,CE,Towers with Radar,1,0,43,3,47,1,0,62,0,63,2,0,105,3,110,80,0,80,190
09/20/2004,YNG,OH,AGL,CE,Towers with Radar,0,3,50,12,65,0,0,60,0,60,0,3,110,12,125,130,54,184,309
09/21/2004,YNG,OH,AGL,CE,Towers with Radar,0,0,53,14,67,0,0,52,0,52,0,0,105,14,119,140,30,170,289
09/22/2004,YNG,OH,AGL,CE,Towers with Radar,0,7,65,16,88,0,11,39,0,50,0,18,104,16,138,110,64,174,312
09/23/2004,YNG,OH,AGL,CE,Towers with Radar,0,5,87,34,126,0,0,53,43,96,0,5,140,77,222,132,172,304,526
09/24/2004,YNG,OH,AGL,CE,Towers with Radar,1,0,58,22,81,2,0,27,10,39,3,0,85,32,120,100,80,180,300
09/25/2004,YNG,OH,AGL,CE,Towers with Radar,0,2,37,0,39,2,0,29,0,31,2,2,66,0,70,64,0,64,134
09/26/2004,YNG,OH,AGL,CE,Towers with Radar,1,3,43,2,49,1,0,6,0,7,2,3,49,2,56,62,0,62,118
09/27/2004,YNG,OH,AGL,CE,Towers with Radar,1,5,56,21,83,2,0,26,4,32,3,5,82,25,115,120,76,196,311
09/28/2004,YNG,OH,AGL,CE,Towers with Radar,1,3,43,17,64,0,0,11,0,11,1,3,54,17,75,42,54,96,171
09/29/2004,YNG,OH,AGL,CE,Towers with Radar,0,6,59,24,89,0,13,2,0,15,0,19,61,24,104,110,46,156,260
09/30/2004,YNG,OH,AGL,CE,Towers with Radar,1,2,58,20,81,2,0,82,0,84,3,2,140,20,165,122,94,216,381
10/01/2004,YNG,OH,AGL,CE,Towers with Radar,0,0,60,40,100,0,0,46,38,84,0,0,106,78,184,68,78,146,330
10/02/2004,YNG,OH,AGL,CE,Towers with Radar,0,0,38,0,38,0,0,14,0,14,0,0,52,0,52,48,0,48,100
10/03/2004,YNG,OH,AGL,CE,Towers with Radar,0,0,66,4,70,0,0,137,0,137,0,0,203,4,207,134,4,138,345
10/04/2004,YNG,OH,AGL,CE,Towers with Radar,0,1,51,21,73,0,0,51,29,80,0,1,102,50,153,74,50,124,277
10/05/2004,YNG,OH,AGL,CE,Towers with Radar,0,0,51,49,100,0,0,105,89,194,0,0,156,138,294,110,138,248,542
10/06/2004,YNG,OH,AGL,CE,Towers with Radar,0,0,60,29,89,0,0,59,51,110,0,0,119,80,199,68,78,146,345
10/07/2004,YNG,OH,AGL,CE,Towers with Radar,0,0,44,31,75,0,2,106,108,216,0,2,150,139,291,106,139,245,536
10/08/2004,YNG,OH,AGL,CE,Towers with Radar,0,0,34,11,45,0,0,98,15,113,0,0,132,26,158,68,26,94,252
10/09/2004,YNG,OH,AGL,CE,Towers with Radar,0,1,33,0,34,0,0,38,0,38,0,1,71,0,72,52,0,52,124
10/10/2004,YNG,OH,AGL,CE,Towers with Radar,0,0,28,0,28,0,2,69,0,71,0,2,97,0,99,78,0,78,177
10/11/2004,YNG,OH,AGL,CE,Towers with Radar,0,0,43,0,43,0,0,15,0,15,0,0,58,0,58,36,0,36,94
10/12/2004,YNG,OH,AGL,CE,Towers with Radar,0,0,22,3,25,0,0,0,0,0,0,0,22,3,25,134,72,206,231
10/13/2004,YNG,OH,AGL,CE,Towers with Radar,0,0,28,32,60,0,0,14,26,40,0,0,42,58,100,32,58,90,190
10/14/2004,YNG,OH,AGL,CE,Towers with Radar,0,1,40,37,78,0,0,0,3,3,0,1,40,40,81,36,40,76,157
10/15/2004,YNG,OH,AGL,CE,Towers with Radar,0,0,27,21,48,0,0,0,33,33,0,0,27,54,81,26,54,80,161
10/16/2004,YNG,OH,AGL,CE,Towers with Radar,4,0,16,2,22,0,0,0,0,0,4,0,16,2,22,2,0,2,24
10/17/2004,YNG,OH,AGL,CE,Towers with Radar,0,0,32,0,32,0,0,0,0,0,0,0,32,0,32,26,0,26,58
10/18/2004,YNG,OH,AGL,CE,Towers with Radar,0,0,27,17,44,0,0,28,17,45,0,0,55,34,89,36,34,70,159
10/19/2004,YNG,OH,AGL,CE,Towers with Radar,0,0,4,12,16,0,0,0,0,0,0,0,4,12,16,4,12,16,32
10/20/2004,YNG,OH,AGL,CE,Towers with Radar,2,5,55,38,100,0,0,0,0,0,2,5,55,38,100,40,42,82,182
10/21/2004,YNG,OH,AGL,CE,Towers with Radar,4,9,59,43,115,0,0,0,0,0,4,9,59,43,115,36,65,101,216
10/22/2004,YNG,OH,AGL,CE,Towers with Radar,0,0,31,8,39,0,0,0,2,2,0,0,31,10,41,26,10,36,77
10/23/2004,YNG,OH,AGL,CE,Towers with Radar,0,0,30,0,30,0,0,0,0,0,0,0,30,0,30,118,0,118,148
10/24/2004,YNG,OH,AGL,CE,Towers with Radar,0,0,39,0,39,0,0,16,0,16,0,0,55,0,55,36,0,36,91
10/25/2004,YNG,OH,AGL,CE,Towers with Radar,0,3,61,18,82,0,1,57,30,88,0,4,118,48,170,94,48,142,312
10/26/2004,YNG,OH,AGL,CE,Towers with Radar,0,2,62,2,66,0,0,0,0,0,0,2,62,2,66,110,30,140,206
10/27/2004,YNG,OH,AGL,CE,Towers with Radar,1,3,44,21,69,0,0,11,1,12,1,3,55,22,81,92,72,164,245
10/28/2004,YNG,OH,AGL,CE,Towers with Radar,0,0,57,31,88,0,0,55,38,93,0,0,112,69,181,80,66,146,327
10/29/2004,YNG,OH,AGL,CE,Towers with Radar,0,0,20,8,28,0,0,0,0,0,0,0,20,8,28,20,8,28,56
10/30/2004,YNG,OH,AGL,CE,Towers with Radar,4,0,17,0,21,0,0,0,0,0,4,0,17,0,21,11,1,12,33
10/31/2004,YNG,OH,AGL,CE,Towers with Radar,0,0,50,0,50,0,0,53,0,53,0,0,103,0,103,90,0,90,193
11/01/2004,YNG,OH,AGL,CE,Combined TRACON& Tower with Radar,0,0,42,21,63,0,0,26,36,62,0,0,68,57,125,52,54,106,231
11/02/2004,YNG,OH,AGL,CE,Combined TRACON& Tower with Radar,0,1,8,0,9,0,0,3,0,3,0,1,11,0,12,0,10,10,22
11/03/2004,YNG,OH,AGL,CE,Combined TRACON& Tower with Radar,0,21,62,59,142,0,0,0,0,0,0,21,62,59,142,194,120,314,456
11/04/2004,YNG,OH,AGL,CE,Combined TRACON& Tower with Radar,0,0,3,0,3,0,0,0,0,0,0,0,3,0,3,2,0,2,5
11/05/2004,YNG,OH,AGL,CE,Combined TRACON& Tower with Radar,2,6,30,21,59,0,0,0,0,0,2,6,30,21,59,68,28,96,155
11/06/2004,YNG,OH,AGL,CE,Combined TRACON& Tower with Radar,0,0,50,12,62,0,0,139,24,163,0,0,189,36,225,152,36,188,413
11/07/2004,YNG,OH,AGL,CE,Combined TRACON& Tower with Radar,0,0,56,14,70,0,1,86,1,88,0,1,142,15,158,112,15,127,285
11/08/2004,YNG,OH,AGL,CE,Combined TRACON& Tower with Radar,0,5,41,37,83,0,0,0,0,0,0,5,41,37,83,62,54,116,199
11/09/2004,YNG,OH,AGL,CE,Combined TRACON& Tower with Radar,0,7,88,16,111,0,0,89,26,115,0,7,177,42,226,146,42,188,414
11/10/2004,YNG,OH,AGL,CE,Combined TRACON& Tower with Radar,0,0,55,0,55,0,0,0,0,0,0,0,55,0,55,103,94,197,252
11/11/2004,YNG,OH,AGL,CE,Combined TRACON& Tower with Radar,0,0,30,0,30,0,0,0,2,2,0,0,30,2,32,24,2,26,58
11/12/2004,YNG,OH,AGL,CE,Combined TRACON& Tower with Radar,0,5,26,25,56,0,0,0,0,0,0,5,26,25,56,72,86,158,214
11/13/2004,YNG,OH,AGL,CE,Combined TRACON& Tower with Radar,1,0,62,2,65,0,0,157,2,159,1,0,219,4,224,168,4,172,396
11/14/2004,YNG,OH,AGL,CE,Combined TRACON& Tower with Radar,0,0,84,0,84,0,0,146,0,146,0,0,230,0,230,164,0,164,394
11/15/2004,YNG,OH,AGL,CE,Combined TRACON& Tower with Radar,0,1,42,18,61,0,0,53,65,118,0,1,95,83,179,46,80,126,305
11/16/2004,YNG,OH,AGL,CE,Combined TRACON& Tower with Radar,0,0,79,32,111,0,0,71,38,109,0,0,150,70,220,128,69,197,417
11/17/2004,YNG,OH,AGL,CE,Combined TRACON& Tower with Radar,0,5,110,15,130,0,1,0,0,1,0,6,110,15,131,62,44,106,237
11/18/2004,YNG,OH,AGL,CE,Combined TRACON& Tower with Radar,0,6,31,16,53,0,0,0,0,0,0,6,31,16,53,6,28,34,87
11/19/2004,YNG,OH,AGL,CE,Combined TRACON& Tower with Radar,0,0,0,0,0,0,0,0,0,0,0,0,0,0,0,0,0,0,0
11/20/2004,YNG,OH,AGL,CE,Combined TRACON& Tower with Radar,0,0,2,0,2,0,0,0,0,0,0,0,2,0,2,92,0,92,94
11/21/2004,YNG,OH,AGL,CE,Combined TRACON& Tower with Radar,0,0,4,0,4,0,0,0,0,0,0,0,4,0,4,46,8,54,58
11/22/2004,YNG,OH,AGL,CE,Combined TRACON& Tower with Radar,0,0,40,30,70,0,0,41,37,78,0,0,81,67,148,58,64,122,270
11/23/2004,YNG,OH,AGL,CE,Combined TRACON& Tower with Radar,0,1,91,47,139,0,0,4,23,27,0,1,95,70,166,84,70,154,320
11/24/2004,YNG,OH,AGL,CE,Combined TRACON& Tower with Radar,0,0,0,24,24,0,0,0,22,22,0,0,0,46,46,0,46,46,92
11/25/2004,YNG,OH,AGL,CE,Combined TRACON& Tower with Radar,0,0,0,0,0,0,0,0,0,0,0,0,0,0,0,0,0,0,0
11/26/2004,YNG,OH,AGL,CE,Combined TRACON& Tower with Radar,0,0,50,0,50,0,0,9,0,9,0,0,59,0,59,54,0,54,113
11/27/2004,YNG,OH,AGL,CE,Combined TRACON& Tower with Radar,0,0,50,0,50,0,0,91,0,91,0,0,141,0,141,132,0,132,273
11/28/2004,YNG,OH,AGL,CE,Combined TRACON& Tower with Radar,0,0,39,0,39,0,0,2,0,2,0,0,41,0,41,36,0,36,77
11/29/2004,YNG,OH,AGL,CE,Combined TRACON& Tower with Radar,0,0,66,25,91,0,0,1,41,42,0,0,67,66,133,72,66,138,271
11/30/2004,YNG,OH,AGL,CE,Combined TRACON& Tower with Radar,1,4,32,41,78,0,0,0,0,0,1,4,32,41,78,100,84,184,262
12/01/2004,YNG,OH,AGL,CE,Combined TRACON& Tower with Radar,0,11,30,23,64,0,0,0,0,0,0,11,30,23,64,0,60,60,124
12/02/2004,YNG,OH,AGL,CE,Combined TRACON& Tower with Radar,0,9,80,14,103,0,0,0,0,0,0,9,80,14,103,167,35,202,305
12/03/2004,YNG,OH,AGL,CE,Combined TRACON& Tower with Radar,0,0,39,13,52,0,0,38,33,71,0,0,77,46,123,56,46,102,225
12/04/2004,YNG,OH,AGL,CE,Combined TRACON& Tower with Radar,0,0,18,0,18,0,0,33,0,33,0,0,51,0,51,36,0,36,87
12/05/2004,YNG,OH,AGL,CE,Combined TRACON& Tower with Radar,0,0,45,0,45,0,0,0,0,0,0,0,45,0,45,132,14,146,191
12/06/2004,YNG,OH,AGL,CE,Combined TRACON& Tower with Radar,0,0,10,0,10,0,0,0,0,0,0,0,10,0,10,10,0,10,20
12/07/2004,YNG,OH,AGL,CE,Combined TRACON& Tower with Radar,0,0,6,0,6,0,0,0,0,0,0,0,6,0,6,6,0,6,12
12/08/2004,YNG,OH,AGL,CE,Combined TRACON& Tower with Radar,0,0,78,52,130,0,0,40,84,124,0,0,118,136,254,98,134,232,486
12/09/2004,YNG,OH,AGL,CE,Combined TRACON& Tower with Radar,0,1,66,49,116,0,0,80,32,112,0,1,146,81,228,94,81,175,403
12/10/2004,YNG,OH,AGL,CE,Combined TRACON& Tower with Radar,0,0,0,0,0,0,0,0,0,0,0,0,0,0,0,0,0,0,0
12/11/2004,YNG,OH,AGL,CE,Combined TRACON& Tower with Radar,0,0,0,0,0,0,0,0,0,0,0,0,0,0,0,0,0,0,0
12/12/2004,YNG,OH,AGL,CE,Combined TRACON& Tower with Radar,0,0,0,0,0,0,0,0,0,0,0,0,0,0,0,0,0,0,0
12/13/2004,YNG,OH,AGL,CE,Combined TRACON& Tower with Radar,0,0,15,26,41,0,0,0,0,0,0,0,15,26,41,0,20,20,61
12/14/2004,YNG,OH,AGL,CE,Combined TRACON& Tower with Radar,0,10,36,14,60,0,0,0,0,0,0,10,36,14,60,6,20,26,86
12/15/2004,YNG,OH,AGL,CE,Combined TRACON& Tower with Radar,0,0,73,51,124,0,0,30,89,119,0,0,103,140,243,81,134,215,458
12/16/2004,YNG,OH,AGL,CE,Combined TRACON& Tower with Radar,0,0,49,49,98,0,0,44,11,55,0,0,93,60,153,70,60,130,283
12/17/2004,YNG,OH,AGL,CE,Combined TRACON& Tower with Radar,0,2,39,10,51,0,0,1,58,59,0,2,40,68,110,32,68,100,210
12/18/2004,YNG,OH,AGL,CE,Combined TRACON& Tower with Radar,0,0,16,0,16,0,0,0,0,0,0,0,16,0,16,64,0,64,80
12/19/2004,YNG,OH,AGL,CE,Combined TRACON& Tower with Radar,0,0,0,0,0,0,0,0,0,0,0,0,0,0,0,0,0,0,0
12/20/2004,YNG,OH,AGL,CE,Combined TRACON& Tower with Radar,0,4,25,8,37,0,0,0,0,0,0,4,25,8,37,14,8,22,59
12/21/2004,YNG,OH,AGL,CE,Combined TRACON& Tower with Radar,0,0,36,11,47,0,0,58,17,75,0,0,94,28,122,66,24,90,212
12/22/2004,YNG,OH,AGL,CE,Combined TRACON& Tower with Radar,0,0,4,28,32,0,0,0,0,0,0,0,4,28,32,4,28,32,64
12/23/2004,YNG,OH,AGL,CE,Combined TRACON& Tower with Radar,0,1,0,0,1,0,0,0,0,0,0,1,0,0,1,0,0,0,1
12/24/2004,YNG,OH,AGL,CE,Combined TRACON& Tower with Radar,0,0,1,0,1,0,0,0,0,0,0,0,1,0,1,0,0,0,1
12/25/2004,YNG,OH,AGL,CE,Combined TRACON& Tower with Radar,0,0,3,0,3,0,0,0,0,0,0,0,3,0,3,0,0,0,3
12/26/2004,YNG,OH,AGL,CE,Combined TRACON& Tower with Radar,0,0,0,0,0,0,0,0,0,0,0,0,0,0,0,0,0,0,0
12/27/2004,YNG,OH,AGL,CE,Combined TRACON& Tower with Radar,0,4,61,19,84,0,0,0,0,0,0,4,61,19,84,58,26,84,168
12/28/2004,YNG,OH,AGL,CE,Combined TRACON& Tower with Radar,0,0,21,29,50,0,0,43,26,69,0,0,64,55,119,48,54,102,221
12/29/2004,YNG,OH,AGL,CE,Combined TRACON& Tower with Radar,0,1,35,27,63,0,0,37,51,88,0,1,72,78,151,62,76,138,289
12/30/2004,YNG,OH,AGL,CE,Combined TRACON& Tower with Radar,0,0,62,18,80,0,0,29,2,31,0,0,91,20,111,82,20,102,213
12/31/2004,YNG,OH,AGL,CE,Combined TRACON& Tower with Radar,0,0,4,0,4,0,0,0,0,0,0,0,4,0,4,0,0,0,4
01/01/2005,YNG,OH,AGL,CE,Combined TRACON& Tower with Radar,0,0,19,0,19,0,0,19,0,19,0,0,38,0,38,46,0,46,84
01/02/2005,YNG,OH,AGL,CE,Combined TRACON& Tower with Radar,0,0,27,0,27,0,0,22,0,22,0,0,49,0,49,42,0,42,91
01/03/2005,YNG,OH,AGL,CE,Combined TRACON& Tower with Radar,0,0,0,0,0,0,0,0,0,0,0,0,0,0,0,0,0,0,0
01/04/2005,YNG,OH,AGL,CE,Combined TRACON& Tower with Radar,0,0,12,20,32,0,0,16,0,16,0,0,28,20,48,28,20,48,96
01/05/2005,YNG,OH,AGL,CE,Combined TRACON& Tower with Radar,0,0,0,0,0,0,0,0,0,0,0,0,0,0,0,0,0,0,0
01/06/2005,YNG,OH,AGL,CE,Combined TRACON& Tower with Radar,0,0,9,12,21,0,0,15,18,33,0,0,24,30,54,24,30,54,108
01/07/2005,YNG,OH,AGL,CE,Combined TRACON& Tower with Radar,0,0,73,25,98,0,0,48,67,115,0,0,121,92,213,91,90,181,394
01/08/2005,YNG,OH,AGL,CE,Combined TRACON& Tower with Radar,0,0,0,0,0,0,0,0,0,0,0,0,0,0,0,0,10,10,10
01/09/2005,YNG,OH,AGL,CE,Combined TRACON& Tower with Radar,2,7,29,8,46,0,0,0,0,0,2,7,29,8,46,38,4,42,88
01/10/2005,YNG,OH,AGL,CE,Combined TRACON& Tower with Radar,2,1,21,35,59,0,0,0,0,0,2,1,21,35,59,12,100,112,171
01/11/2005,YNG,OH,AGL,CE,Combined TRACON& Tower with Radar,0,5,17,1,23,0,0,0,0,0,0,5,17,1,23,0,0,0,23
01/12/2005,YNG,OH,AGL,CE,Combined TRACON& Tower with Radar,0,0,33,65,98,0,0,0,37,37,0,0,33,102,135,32,102,134,269
01/13/2005,YNG,OH,AGL,CE,Combined TRACON& Tower with Radar,0,0,9,0,9,0,0,0,0,0,0,0,9,0,9,6,0,6,15
01/14/2005,YNG,OH,AGL,CE,Combined TRACON& Tower with Radar,0,2,34,10,46,0,0,0,0,0,0,2,34,10,46,46,32,78,124
01/15/2005,YNG,OH,AGL,CE,Combined TRACON& Tower with Radar,0,5,38,4,47,0,0,0,0,0,0,5,38,4,47,122,0,122,169
01/16/2005,YNG,OH,AGL,CE,Combined TRACON& Tower with Radar,0,0,4,2,6,0,0,0,0,0,0,0,4,2,6,4,2,6,12
01/17/2005,YNG,OH,AGL,CE,Combined TRACON& Tower with Radar,0,0,0,0,0,0,0,0,0,0,0,0,0,0,0,0,0,0,0
01/18/2005,YNG,OH,AGL,CE,Combined TRACON& Tower with Radar,0,6,37,26,69,0,0,0,0,0,0,6,37,26,69,71,81,152,221
01/19/2005,YNG,OH,AGL,CE,Combined TRACON& Tower with Radar,0,0,0,0,0,0,0,0,0,0,0,0,0,0,0,0,0,0,0
01/20/2005,YNG,OH,AGL,CE,Combined TRACON& Tower with Radar,0,0,22,23,45,0,0,0,50,50,0,0,22,73,95,14,70,84,179
01/21/2005,YNG,OH,AGL,CE,Combined TRACON& Tower with Radar,0,0,56,3,59,0,0,38,15,53,0,0,94,18,112,70,18,88,200
01/22/2005,YNG,OH,AGL,CE,Combined TRACON& Tower with Radar,0,0,3,1,4,0,0,0,0,0,0,0,3,1,4,0,0,0,4
01/23/2005,YNG,OH,AGL,CE,Combined TRACON& Tower with Radar,0,0,31,0,31,0,0,16,0,16,0,0,47,0,47,44,0,44,91
01/24/2005,YNG,OH,AGL,CE,Combined TRACON& Tower with Radar,0,0,7,0,7,0,0,0,0,0,0,0,7,0,7,6,0,6,13
01/25/2005,YNG,OH,AGL,CE,Combined TRACON& Tower with Radar,0,0,15,70,85,0,0,32,66,98,0,0,47,136,183,42,132,174,357
01/26/2005,YNG,OH,AGL,CE,Combined TRACON& Tower with Radar,0,0,13,45,58,0,0,13,33,46,0,0,26,78,104,24,78,102,206
01/27/2005,YNG,OH,AGL,CE,Combined TRACON& Tower with Radar,0,22,25,7,54,0,0,0,0,0,0,22,25,7,54,100,32,132,186
01/28/2005,YNG,OH,AGL,CE,Combined TRACON& Tower with Radar,0,0,36,0,36,0,3,1,0,4,0,3,37,0,40,92,48,140,180
01/29/2005,YNG,OH,AGL,CE,Combined TRACON& Tower with Radar,0,0,32,2,34,0,0,64,13,77,0,0,96,15,111,68,12,80,191
01/30/2005,YNG,OH,AGL,CE,Combined TRACON& Tower with Radar,0,0,64,0,64,0,0,83,0,83,0,0,147,0,147,90,0,90,237
01/31/2005,YNG,OH,AGL,CE,Combined TRACON& Tower with Radar,0,2,35,58,95,0,0,0,1,1,0,2,35,59,96,131,88,219,315
02/01/2005,YNG,OH,AGL,CE,Combined TRACON& Tower with Radar,0,13,53,44,110,0,0,0,0,0,0,13,53,44,110,64,114,178,288
02/02/2005,YNG,OH,AGL,CE,Combined TRACON& Tower with Radar,0,0,35,62,97,0,0,47,70,117,0,0,82,132,214,58,132,190,404
02/03/2005,YNG,OH,AGL,CE,Combined TRACON& Tower with Radar,0,4,32,34,70,0,0,0,8,8,0,4,32,42,78,30,76,106,184
02/04/2005,YNG,OH,AGL,CE,Combined TRACON& Tower with Radar,0,9,53,17,79,0,0,0,0,0,0,9,53,17,79,54,58,112,191
02/05/2005,YNG,OH,AGL,CE,Combined TRACON& Tower with Radar,2,11,89,5,107,0,0,0,0,0,2,11,89,5,107,166,6,172,279
02/06/2005,YNG,OH,AGL,CE,Combined TRACON& Tower with Radar,0,0,61,11,72,0,0,48,45,93,0,0,109,56,165,124,56,180,345
02/07/2005,YNG,OH,AGL,CE,Combined TRACON& Tower with Radar,4,8,39,28,79,0,0,0,0,0,4,8,39,28,79,44,46,90,169
02/08/2005,YNG,OH,AGL,CE,Combined TRACON& Tower with Radar,0,0,10,0,10,0,0,0,0,0,0,0,10,0,10,10,0,10,20
02/09/2005,YNG,OH,AGL,CE,Combined TRACON& Tower with Radar,0,0,0,0,0,0,0,0,0,0,0,0,0,0,0,0,0,0,0
02/10/2005,YNG,OH,AGL,CE,Combined TRACON& Tower with Radar,0,0,0,0,0,0,0,0,0,0,0,0,0,0,0,0,12,12,12
02/11/2005,YNG,OH,AGL,CE,Combined TRACON& Tower with Radar,0,0,0,0,0,0,0,0,0,0,0,0,0,0,0,8,6,14,14
02/12/2005,YNG,OH,AGL,CE,Combined TRACON& Tower with Radar,0,0,50,0,50,0,0,62,0,62,0,0,112,0,112,90,0,90,202
02/13/2005,YNG,OH,AGL,CE,Combined TRACON& Tower with Radar,0,0,70,0,70,0,0,0,3,3,0,0,70,3,73,136,0,136,209
02/14/2005,YNG,OH,AGL,CE,Combined TRACON& Tower with Radar,0,0,24,27,51,0,0,0,23,23,0,0,24,50,74,24,50,74,148
02/15/2005,YNG,OH,AGL,CE,Combined TRACON& Tower with Radar,0,0,77,16,93,0,0,70,37,107,0,0,147,53,200,126,52,178,378
02/16/2005,YNG,OH,AGL,CE,Combined TRACON& Tower with Radar,0,0,3,60,63,0,0,0,32,32,0,0,3,92,95,2,92,94,189
02/17/2005,YNG,OH,AGL,CE,Combined TRACON& Tower with Radar,0,1,31,27,59,0,0,0,3,3,0,1,31,30,62,30,30,60,122
02/18/2005,YNG,OH,AGL,CE,Combined TRACON& Tower with Radar,6,4,29,19,58,0,0,0,0,0,6,4,29,19,58,24,50,74,132
02/19/2005,YNG,OH,AGL,CE,Combined TRACON& Tower with Radar,0,0,45,0,45,0,0,61,0,61,0,0,106,0,106,70,0,70,176
02/20/2005,YNG,OH,AGL,CE,Combined TRACON& Tower with Radar,1,2,30,0,33,0,18,0,0,18,1,20,30,0,51,16,2,18,69
02/21/2005,YNG,OH,AGL,CE,Combined TRACON& Tower with Radar,0,0,2,0,2,0,0,0,0,0,0,0,2,0,2,1,0,1,3
02/22/2005,YNG,OH,AGL,CE,Combined TRACON& Tower with Radar,0,0,27,2,29,0,0,23,0,23,0,0,50,2,52,40,18,58,110
02/23/2005,YNG,OH,AGL,CE,Combined TRACON& Tower with Radar,0,0,5,4,9,0,0,0,0,0,0,0,5,4,9,33,114,147,156
02/24/2005,YNG,OH,AGL,CE,Combined TRACON& Tower with Radar,0,0,6,0,6,0,0,0,0,0,0,0,6,0,6,26,18,44,50
02/25/2005,YNG,OH,AGL,CE,Combined TRACON& Tower with Radar,0,0,61,17,78,0,0,33,23,56,0,0,94,40,134,66,40,106,240
02/26/2005,YNG,OH,AGL,CE,Combined TRACON& Tower with Radar,0,0,30,0,30,0,0,79,0,79,0,0,109,0,109,90,0,90,199
02/27/2005,YNG,OH,AGL,CE,Combined TRACON& Tower with Radar,3,2,51,4,60,0,0,105,0,105,3,2,156,4,165,96,0,96,261
02/28/2005,YNG,OH,AGL,CE,Combined TRACON& Tower with Radar,2,6,12,1,21,0,0,0,0,0,2,6,12,1,21,0,0,0,21
03/01/2005,YNG,OH,AGL,CE,Combined TRACON& Tower with Radar,0,0,16,0,16,0,0,0,0,0,0,0,16,0,16,4,0,4,20
03/02/2005,YNG,OH,AGL,CE,Combined TRACON& Tower with Radar,0,0,10,21,31,0,0,0,5,5,0,0,10,26,36,10,26,36,72
03/03/2005,YNG,OH,AGL,CE,Combined TRACON& Tower with Radar,0,6,65,64,135,0,0,0,0,0,0,6,65,64,135,107,87,194,329
03/04/2005,YNG,OH,AGL,CE,Combined TRACON& Tower with Radar,0,0,59,0,59,0,0,85,0,85,0,0,144,0,144,108,0,108,252
03/05/2005,YNG,OH,AGL,CE,Combined TRACON& Tower with Radar,1,1,76,9,87,0,0,0,0,0,1,1,76,9,87,120,24,144,231
03/06/2005,YNG,OH,AGL,CE,Combined TRACON& Tower with Radar,3,1,12,5,21,0,0,16,0,16,3,1,28,5,37,12,0,12,49
03/07/2005,YNG,OH,AGL,CE,Combined TRACON& Tower with Radar,0,1,40,21,62,0,0,2,17,19,0,1,42,38,81,32,38,70,151
03/08/2005,YNG,OH,AGL,CE,Combined TRACON& Tower with Radar,0,0,6,0,6,0,0,0,0,0,0,0,6,0,6,14,124,138,144
03/09/2005,YNG,OH,AGL,CE,Combined TRACON& Tower with Radar,0,0,74,69,143,0,0,6,37,43,0,0,80,106,186,76,106,182,368
03/10/2005,YNG,OH,AGL,CE,Combined TRACON& Tower with Radar,0,0,21,0,21,0,0,0,0,0,0,0,21,0,21,80,116,196,217
03/11/2005,YNG,OH,AGL,CE,Combined TRACON& Tower with Radar,0,0,10,14,24,0,0,0,20,20,0,0,10,34,44,10,34,44,88
03/12/2005,YNG,OH,AGL,CE,Combined TRACON& Tower with Radar,0,0,0,0,0,0,0,0,0,0,0,0,0,0,0,0,0,0,0
03/13/2005,YNG,OH,AGL,CE,Combined TRACON& Tower with Radar,0,0,66,0,66,0,0,15,0,15,0,0,81,0,81,74,0,74,155
03/14/2005,YNG,OH,AGL,CE,Combined TRACON& Tower with Radar,0,0,45,29,74,0,0,38,73,111,0,0,83,102,185,52,102,154,339
03/15/2005,YNG,OH,AGL,CE,Combined TRACON& Tower with Radar,0,2,75,80,157,0,0,0,0,0,0,2,75,80,157,132,124,256,413
03/16/2005,YNG,OH,AGL,CE,Combined TRACON& Tower with Radar,0,0,80,68,148,0,0,33,74,107,0,0,113,142,255,78,142,220,475
03/17/2005,YNG,OH,AGL,CE,Combined TRACON& Tower with Radar,0,10,57,25,92,0,0,0,0,0,0,10,57,25,92,88,82,170,262
03/18/2005,YNG,OH,AGL,CE,Combined TRACON& Tower with Radar,2,3,61,24,90,0,0,0,0,0,2,3,61,24,90,86,26,112,202
03/19/2005,YNG,OH,AGL,CE,Combined TRACON& Tower with Radar,0,0,45,0,45,0,1,96,0,97,0,1,141,0,142,122,0,122,264
03/20/2005,YNG,OH,AGL,CE,Combined TRACON& Tower with Radar,0,0,0,3,3,0,0,0,3,3,0,0,0,6,6,0,6,6,12
03/21/2005,YNG,OH,AGL,CE,Combined TRACON& Tower with Radar,0,0,12,31,43,0,0,0,59,59,0,0,12,90,102,12,90,102,204
03/22/2005,YNG,OH,AGL,CE,Combined TRACON& Tower with Radar,0,2,31,14,47,0,0,0,0,0,0,2,31,14,47,116,188,304,351
03/23/2005,YNG,OH,AGL,CE,Combined TRACON& Tower with Radar,0,2,1,0,3,0,0,0,0,0,0,2,1,0,3,0,98,98,101
03/24/2005,YNG,OH,AGL,CE,Combined TRACON& Tower with Radar,0,0,22,55,77,0,0,0,39,39,0,0,22,94,116,18,94,112,228
03/25/2005,YNG,OH,AGL,CE,Combined TRACON& Tower with Radar,0,0,7,19,26,0,0,0,3,3,0,0,7,22,29,6,22,28,57
03/26/2005,YNG,OH,AGL,CE,Combined TRACON& Tower with Radar,0,2,86,0,88,0,0,0,0,0,0,2,86,0,88,131,0,131,219
03/27/2005,YNG,OH,AGL,CE,Combined TRACON& Tower with Radar,0,2,22,0,24,0,0,51,0,51,0,2,73,0,75,66,0,66,141
03/28/2005,YNG,OH,AGL,CE,Combined TRACON& Tower with Radar,0,0,0,0,0,0,0,0,0,0,0,0,0,0,0,22,22,44,44
03/29/2005,YNG,OH,AGL,CE,Combined TRACON& Tower with Radar,0,0,39,57,96,0,0,96,61,157,0,0,135,118,253,94,114,208,461
03/30/2005,YNG,OH,AGL,CE,Combined TRACON& Tower with Radar,0,1,55,42,98,0,1,143,61,205,0,2,198,103,303,140,102,242,545
03/31/2005,YNG,OH,AGL,CE,Combined TRACON& Tower with Radar,0,2,37,30,69,0,0,27,48,75,0,2,64,78,144,56,78,134,278
04/01/2005,YNG,OH,AGL,CE,Combined TRACON& Tower with Radar,0,6,58,15,79,0,0,0,0,0,0,6,58,15,79,114,48,162,241
04/02/2005,YNG,OH,AGL,CE,Combined TRACON& Tower with Radar,0,0,0,0,0,0,0,0,0,0,0,0,0,0,0,0,0,0,0
04/03/2005,YNG,OH,AGL,CE,Combined TRACON& Tower with Radar,0,0,6,0,6,0,0,0,0,0,0,0,6,0,6,4,0,4,10
04/04/2005,YNG,OH,AGL,CE,Combined TRACON& Tower with Radar,0,0,48,0,48,0,0,0,0,0,0,0,48,0,48,98,94,192,240
04/05/2005,YNG,OH,AGL,CE,Combined TRACON& Tower with Radar,0,0,49,51,100,0,0,150,107,257,0,0,199,158,357,142,158,300,657
04/06/2005,YNG,OH,AGL,CE,Combined TRACON& Tower with Radar,0,0,83,24,107,0,0,110,45,155,0,0,193,69,262,114,68,182,444
04/07/2005,YNG,OH,AGL,CE,Combined TRACON& Tower with Radar,0,0,36,53,89,0,0,31,32,63,0,0,67,85,152,56,84,140,292
04/08/2005,YNG,OH,AGL,CE,Combined TRACON& Tower with Radar,0,1,62,26,89,0,0,52,84,136,0,1,114,110,225,76,92,168,393
04/09/2005,YNG,OH,AGL,CE,Combined TRACON& Tower with Radar,0,0,58,9,67,0,0,195,17,212,0,0,253,26,279,172,22,194,473
04/10/2005,YNG,OH,AGL,CE,Combined TRACON& Tower with Radar,0,0,78,0,78,0,0,154,0,154,0,0,232,0,232,158,0,158,390
04/11/2005,YNG,OH,AGL,CE,Combined TRACON& Tower with Radar,0,0,74,0,74,0,0,5,0,5,0,0,79,0,79,128,134,262,341
04/12/2005,YNG,OH,AGL,CE,Combined TRACON& Tower with Radar,0,0,56,52,108,0,0,89,21,110,0,0,145,73,218,112,72,184,402
04/13/2005,YNG,OH,AGL,CE,Combined TRACON& Tower with Radar,0,8,91,83,182,0,0,0,0,0,0,8,91,83,182,114,168,282,464
04/14/2005,YNG,OH,AGL,CE,Combined TRACON& Tower with Radar,0,4,39,46,89,0,0,66,90,156,0,4,105,136,245,66,116,182,427
04/15/2005,YNG,OH,AGL,CE,Combined TRACON& Tower with Radar,0,2,49,28,79,0,0,94,66,160,0,2,143,94,239,116,94,210,449
04/16/2005,YNG,OH,AGL,CE,Combined TRACON& Tower with Radar,0,0,66,0,66,0,0,130,0,130,0,0,196,0,196,142,0,142,338
04/17/2005,YNG,OH,AGL,CE,Combined TRACON& Tower with Radar,0,1,47,0,48,0,0,0,0,0,0,1,47,0,48,96,0,96,144
04/18/2005,YNG,OH,AGL,CE,Combined TRACON& Tower with Radar,0,3,76,28,107,0,0,86,106,192,0,3,162,134,299,100,134,234,533
04/19/2005,YNG,OH,AGL,CE,Combined TRACON& Tower with Radar,0,0,58,45,103,0,0,74,38,112,0,0,132,83,215,84,74,158,373
04/20/2005,YNG,OH,AGL,CE,Combined TRACON& Tower with Radar,0,0,15,10,25,0,0,0,12,12,0,0,15,22,37,10,22,32,69
04/21/2005,YNG,OH,AGL,CE,Combined TRACON& Tower with Radar,0,0,86,36,122,0,0,35,11,46,0,0,121,47,168,96,42,138,306
04/22/2005,YNG,OH,AGL,CE,Combined TRACON& Tower with Radar,2,5,32,22,61,0,0,0,0,0,2,5,32,22,61,52,62,114,175
04/23/2005,YNG,OH,AGL,CE,Combined TRACON& Tower with Radar,0,0,0,0,0,0,0,0,0,0,0,0,0,0,0,0,0,0,0
04/24/2005,YNG,OH,AGL,CE,Combined TRACON& Tower with Radar,0,0,0,0,0,0,0,0,0,0,0,0,0,0,0,0,0,0,0
04/25/2005,YNG,OH,AGL,CE,Combined TRACON& Tower with Radar,0,14,29,48,91,0,0,0,0,0,0,14,29,48,91,42,192,234,325
04/26/2005,YNG,OH,AGL,CE,Combined TRACON& Tower with Radar,0,0,26,32,58,0,0,31,9,40,0,0,57,41,98,44,40,84,182
04/27/2005,YNG,OH,AGL,CE,Combined TRACON& Tower with Radar,0,0,47,42,89,0,0,12,66,78,0,0,59,108,167,48,108,156,323
04/28/2005,YNG,OH,AGL,CE,Combined TRACON& Tower with Radar,0,0,41,57,98,0,0,62,20,82,0,0,103,77,180,88,72,160,340
04/29/2005,YNG,OH,AGL,CE,Combined TRACON& Tower with Radar,0,0,66,27,93,0,0,27,22,49,0,0,93,49,142,78,48,126,268
04/30/2005,YNG,OH,AGL,CE,Combined TRACON& Tower with Radar,0,0,56,0,56,0,0,0,0,0,0,0,56,0,56,56,0,56,112
05/01/2005,YNG,OH,AGL,CE,Combined TRACON& Tower with Radar,0,0,5,0,5,0,0,0,0,0,0,0,5,0,5,34,0,34,39
05/02/2005,YNG,OH,AGL,CE,Combined TRACON& Tower with Radar,0,0,42,38,80,0,0,9,28,37,0,0,51,66,117,42,66,108,225
05/03/2005,YNG,OH,AGL,CE,Combined TRACON& Tower with Radar,0,0,52,33,85,0,0,15,34,49,0,0,67,67,134,56,56,112,246
05/04/2005,YNG,OH,AGL,CE,Combined TRACON& Tower with Radar,0,8,46,13,67,0,0,0,0,0,0,8,46,13,67,89,53,142,209
05/05/2005,YNG,OH,AGL,CE,Combined TRACON& Tower with Radar,0,0,67,47,114,0,0,86,64,150,0,0,153,111,264,114,103,217,481
05/06/2005,YNG,OH,AGL,CE,Combined TRACON& Tower with Radar,0,0,29,17,46,0,0,116,23,139,0,0,145,40,185,98,30,128,313
05/07/2005,YNG,OH,AGL,CE,Combined TRACON& Tower with Radar,0,0,41,0,41,0,0,56,0,56,0,0,97,0,97,80,0,80,177
05/08/2005,YNG,OH,AGL,CE,Combined TRACON& Tower with Radar,0,0,49,0,49,0,0,65,0,65,0,0,114,0,114,78,0,78,192
05/09/2005,YNG,OH,AGL,CE,Combined TRACON& Tower with Radar,0,0,50,32,82,0,0,81,64,145,0,0,131,96,227,92,96,188,415
05/10/2005,YNG,OH,AGL,CE,Combined TRACON& Tower with Radar,0,0,49,39,88,0,0,35,32,67,0,0,84,71,155,52,62,114,269
05/11/2005,YNG,OH,AGL,CE,Combined TRACON& Tower with Radar,0,2,66,34,102,0,0,56,30,86,0,2,122,64,188,98,64,162,350
05/12/2005,YNG,OH,AGL,CE,Combined TRACON& Tower with Radar,0,0,29,52,81,0,0,76,54,130,0,0,105,106,211,84,106,190,401
05/13/2005,YNG,OH,AGL,CE,Combined TRACON& Tower with Radar,0,0,36,15,51,0,0,103,29,132,0,0,139,44,183,103,44,147,330
05/14/2005,YNG,OH,AGL,CE,Combined TRACON& Tower with Radar,0,0,3,0,3,0,0,0,0,0,0,0,3,0,3,22,0,22,25
05/15/2005,YNG,OH,AGL,CE,Combined TRACON& Tower with Radar,0,0,30,2,32,0,0,49,0,49,0,0,79,2,81,54,2,56,137
05/16/2005,YNG,OH,AGL,CE,Combined TRACON& Tower with Radar,0,1,25,24,50,0,0,38,60,98,0,1,63,84,148,44,82,126,274
05/17/2005,YNG,OH,AGL,CE,Combined TRACON& Tower with Radar,0,0,82,16,98,0,0,77,21,98,0,0,159,37,196,110,36,146,342
05/18/2005,YNG,OH,AGL,CE,Combined TRACON& Tower with Radar,0,2,66,30,98,0,0,39,52,91,0,2,105,82,189,84,76,160,349
05/19/2005,YNG,OH,AGL,CE,Combined TRACON& Tower with Radar,0,0,52,30,82,0,0,49,84,133,0,0,101,114,215,86,106,192,407
05/20/2005,YNG,OH,AGL,CE,Combined TRACON& Tower with Radar,0,0,37,31,68,0,0,13,15,28,0,0,50,46,96,42,46,88,184
05/21/2005,YNG,OH,AGL,CE,Combined TRACON& Tower with Radar,0,0,67,1,68,0,0,183,1,184,0,0,250,2,252,144,0,144,396
05/22/2005,YNG,OH,AGL,CE,Combined TRACON& Tower with Radar,0,0,39,0,39,0,0,103,0,103,0,0,142,0,142,98,0,98,240
05/23/2005,YNG,OH,AGL,CE,Combined TRACON& Tower with Radar,0,0,5,0,5,0,0,0,0,0,0,0,5,0,5,4,0,4,9
05/24/2005,YNG,OH,AGL,CE,Combined TRACON& Tower with Radar,0,0,54,52,106,0,0,0,31,31,0,0,54,83,137,46,74,120,257
05/25/2005,YNG,OH,AGL,CE,Combined TRACON& Tower with Radar,0,0,55,12,67,0,0,24,56,80,0,0,79,68,147,48,60,108,255
05/26/2005,YNG,OH,AGL,CE,Combined TRACON& Tower with Radar,0,3,58,30,91,0,0,133,54,187,0,3,191,84,278,138,76,214,492
05/27/2005,YNG,OH,AGL,CE,Combined TRACON& Tower with Radar,0,0,33,29,62,0,0,59,55,114,0,0,92,84,176,72,82,154,330
05/28/2005,YNG,OH,AGL,CE,Combined TRACON& Tower with Radar,0,0,1,2,3,0,0,0,4,4,0,0,1,6,7,14,0,14,21
05/29/2005,YNG,OH,AGL,CE,Combined TRACON& Tower with Radar,0,0,47,0,47,0,0,35,0,35,0,0,82,0,82,60,0,60,142
05/30/2005,YNG,OH,AGL,CE,Combined TRACON& Tower with Radar,0,10,39,0,49,0,0,35,0,35,0,10,74,0,84,60,0,60,144
05/31/2005,YNG,OH,AGL,CE,Combined TRACON& Tower with Radar,0,1,46,40,87,0,0,56,16,72,0,1,102,56,159,62,54,116,275
06/01/2005,YNG,OH,AGL,CE,Combined TRACON& Tower with Radar,0,0,96,30,126,0,0,149,156,305,0,0,245,186,431,180,178,358,789
06/02/2005,YNG,OH,AGL,CE,Combined TRACON& Tower with Radar,0,0,59,30,89,0,0,77,39,116,0,0,136,69,205,102,58,160,365
06/03/2005,YNG,OH,AGL,CE,Combined TRACON& Tower with Radar,0,0,58,24,82,0,0,0,18,18,0,0,58,42,100,54,42,96,196
06/04/2005,YNG,OH,AGL,CE,Combined TRACON& Tower with Radar,0,0,48,0,48,0,0,0,0,0,0,0,48,0,48,118,2,120,168
06/05/2005,YNG,OH,AGL,CE,Combined TRACON& Tower with Radar,0,0,43,2,45,0,0,47,0,47,0,0,90,2,92,78,2,80,172
06/06/2005,YNG,OH,AGL,CE,Combined TRACON& Tower with Radar,0,2,42,25,69,0,0,21,27,48,0,2,63,52,117,44,52,96,213
06/07/2005,YNG,OH,AGL,CE,Combined TRACON& Tower with Radar,0,0,39,30,69,0,0,116,70,186,0,0,155,100,255,110,98,208,463
06/08/2005,YNG,OH,AGL,CE,Combined TRACON& Tower with Radar,0,0,75,21,96,0,0,32,55,87,0,0,107,76,183,80,76,156,339
06/09/2005,YNG,OH,AGL,CE,Combined TRACON& Tower with Radar,0,1,61,43,105,0,0,62,8,70,0,1,123,51,175,82,50,132,307
06/10/2005,YNG,OH,AGL,CE,Combined TRACON& Tower with Radar,0,1,8,0,9,0,2,0,0,2,0,3,8,0,11,26,8,34,45
06/11/2005,YNG,OH,AGL,CE,Combined TRACON& Tower with Radar,0,0,47,0,47,0,0,35,0,35,0,0,82,0,82,58,0,58,140
06/12/2005,YNG,OH,AGL,CE,Combined TRACON& Tower with Radar,0,0,50,0,50,0,0,27,0,27,0,0,77,0,77,56,0,56,133
06/13/2005,YNG,OH,AGL,CE,Combined TRACON& Tower with Radar,0,0,27,8,35,0,0,43,69,112,0,0,70,77,147,54,64,118,265
06/14/2005,YNG,OH,AGL,CE,Combined TRACON& Tower with Radar,0,0,38,32,70,0,0,0,57,57,0,0,38,89,127,20,76,96,223
06/15/2005,YNG,OH,AGL,CE,Combined TRACON& Tower with Radar,0,0,53,32,85,0,0,43,68,111,0,0,96,100,196,74,100,174,370
06/16/2005,YNG,OH,AGL,CE,Combined TRACON& Tower with Radar,0,0,69,42,111,0,0,43,9,52,0,0,112,51,163,98,50,148,311
06/17/2005,YNG,OH,AGL,CE,Combined TRACON& Tower with Radar,0,0,50,10,60,0,0,41,36,77,0,0,91,46,137,62,42,104,241
06/18/2005,YNG,OH,AGL,CE,Combined TRACON& Tower with Radar,0,0,64,0,64,0,0,25,0,25,0,0,89,0,89,58,0,58,147
06/19/2005,YNG,OH,AGL,CE,Combined TRACON& Tower with Radar,0,0,30,1,31,0,0,103,0,103,0,0,133,1,134,88,0,88,222
06/20/2005,YNG,OH,AGL,CE,Combined TRACON& Tower with Radar,0,0,61,4,65,0,0,50,32,82,0,0,111,36,147,76,36,112,259
06/21/2005,YNG,OH,AGL,CE,Combined TRACON& Tower with Radar,1,14,75,27,117,0,0,0,0,0,1,14,75,27,117,136,72,208,325
06/22/2005,YNG,OH,AGL,CE,Combined TRACON& Tower with Radar,0,2,101,28,131,0,0,102,34,136,0,2,203,62,267,160,62,222,489
06/23/2005,YNG,OH,AGL,CE,Combined TRACON& Tower with Radar,0,1,56,4,61,0,0,0,0,0,0,1,56,4,61,182,74,256,317
06/24/2005,YNG,OH,AGL,CE,Combined TRACON& Tower with Radar,0,4,29,16,49,0,0,115,13,128,0,4,144,29,177,112,28,140,317
06/25/2005,YNG,OH,AGL,CE,Combined TRACON& Tower with Radar,0,0,27,0,27,0,0,75,0,75,0,0,102,0,102,76,0,76,178
06/26/2005,YNG,OH,AGL,CE,Combined TRACON& Tower with Radar,0,0,46,7,53,0,0,71,0,71,0,0,117,7,124,88,0,88,212
06/27/2005,YNG,OH,AGL,CE,Combined TRACON& Tower with Radar,0,2,48,35,85,0,0,52,25,77,0,2,100,60,162,76,44,120,282
06/28/2005,YNG,OH,AGL,CE,Combined TRACON& Tower with Radar,0,0,63,8,71,0,0,34,18,52,0,0,97,26,123,70,26,96,219
06/29/2005,YNG,OH,AGL,CE,Combined TRACON& Tower with Radar,0,0,76,43,119,0,0,68,18,86,0,0,144,61,205,114,52,166,371
06/30/2005,YNG,OH,AGL,CE,Combined TRACON& Tower with Radar,0,0,49,0,49,0,0,11,0,11,0,0,60,0,60,60,0,60,120
07/01/2005,YNG,OH,AGL,CE,Combined TRACON& Tower with Radar,0,1,60,0,61,0,0,63,0,63,0,1,123,0,124,100,0,100,224
07/02/2005,YNG,OH,AGL,CE,Combined TRACON& Tower with Radar,0,0,59,0,59,0,0,132,0,132,0,0,191,0,191,110,0,110,301
07/03/2005,YNG,OH,AGL,CE,Combined TRACON& Tower with Radar,0,0,31,0,31,0,0,73,0,73,0,0,104,0,104,74,0,74,178
07/04/2005,YNG,OH,AGL,CE,Combined TRACON& Tower with Radar,0,0,30,0,30,0,0,143,0,143,0,0,173,0,173,143,0,143,316
07/05/2005,YNG,OH,AGL,CE,Combined TRACON& Tower with Radar,0,1,30,40,71,0,0,10,44,54,0,1,40,84,125,32,84,116,241
07/06/2005,YNG,OH,AGL,CE,Combined TRACON& Tower with Radar,0,0,97,71,168,0,0,89,39,128,0,0,186,110,296,151,110,261,557
07/07/2005,YNG,OH,AGL,CE,Combined TRACON& Tower with Radar,0,0,51,27,78,0,0,113,46,159,0,0,164,73,237,118,72,190,427
07/08/2005,YNG,OH,AGL,CE,Combined TRACON& Tower with Radar,0,0,77,25,102,0,0,44,39,83,0,0,121,64,185,80,64,144,329
07/09/2005,YNG,OH,AGL,CE,Combined TRACON& Tower with Radar,0,0,31,7,38,0,0,60,9,69,0,0,91,16,107,56,14,70,177
07/10/2005,YNG,OH,AGL,CE,Combined TRACON& Tower with Radar,0,0,35,0,35,0,0,73,0,73,0,0,108,0,108,0,0,0,108
07/11/2005,YNG,OH,AGL,CE,Combined TRACON& Tower with Radar,0,0,74,2,76,0,0,125,0,125,0,0,199,2,201,170,2,172,373
07/12/2005,YNG,OH,AGL,CE,Combined TRACON& Tower with Radar,0,0,57,17,74,0,0,41,1,42,0,0,98,18,116,78,16,94,210
07/13/2005,YNG,OH,AGL,CE,Combined TRACON& Tower with Radar,0,0,36,30,66,0,0,56,58,114,0,0,92,88,180,80,88,168,348
07/14/2005,YNG,OH,AGL,CE,Combined TRACON& Tower with Radar,0,1,51,64,116,0,0,91,41,132,0,1,142,105,248,126,104,230,478
07/15/2005,YNG,OH,AGL,CE,Combined TRACON& Tower with Radar,0,2,27,10,39,0,0,65,28,93,0,2,92,38,132,84,38,122,254
07/16/2005,YNG,OH,AGL,CE,Combined TRACON& Tower with Radar,0,0,28,1,29,0,0,0,0,0,0,0,28,1,29,28,0,28,57
07/17/2005,YNG,OH,AGL,CE,Combined TRACON& Tower with Radar,0,0,44,0,44,0,0,6,0,6,0,0,50,0,50,44,0,44,94
07/18/2005,YNG,OH,AGL,CE,Combined TRACON& Tower with Radar,0,0,81,13,94,0,0,9,37,46,0,0,90,50,140,80,48,128,268
07/19/2005,YNG,OH,AGL,CE,Combined TRACON& Tower with Radar,0,0,57,68,125,0,0,21,112,133,0,0,78,180,258,58,174,232,490
07/20/2005,YNG,OH,AGL,CE,Combined TRACON& Tower with Radar,0,0,56,31,87,0,2,133,57,192,0,2,189,88,279,128,86,214,493
07/21/2005,YNG,OH,AGL,CE,Combined TRACON& Tower with Radar,0,0,62,30,92,0,0,49,11,60,0,0,111,41,152,92,38,130,282
07/22/2005,YNG,OH,AGL,CE,Combined TRACON& Tower with Radar,0,0,42,35,77,0,0,34,25,59,0,0,76,60,136,50,60,110,246
07/23/2005,YNG,OH,AGL,CE,Combined TRACON& Tower with Radar,0,0,47,0,47,0,0,141,0,141,0,0,188,0,188,114,0,114,302
07/24/2005,YNG,OH,AGL,CE,Combined TRACON& Tower with Radar,0,0,19,0,19,0,0,5,0,5,0,0,24,0,24,14,0,14,38
07/25/2005,YNG,OH,AGL,CE,Combined TRACON& Tower with Radar,0,0,58,10,68,0,0,32,14,46,0,0,90,24,114,68,24,92,206
07/26/2005,YNG,OH,AGL,CE,Combined TRACON& Tower with Radar,0,0,30,16,46,0,0,32,6,38,0,0,62,22,84,48,22,70,154
07/27/2005,YNG,OH,AGL,CE,Combined TRACON& Tower with Radar,0,0,12,26,38,0,0,0,0,0,0,0,12,26,38,12,26,38,76
07/28/2005,YNG,OH,AGL,CE,Combined TRACON& Tower with Radar,0,0,80,36,116,0,0,88,65,153,0,0,168,101,269,108,100,208,477
07/29/2005,YNG,OH,AGL,CE,Combined TRACON& Tower with Radar,0,0,46,19,65,0,0,92,17,109,0,0,138,36,174,130,36,166,340
07/30/2005,YNG,OH,AGL,CE,Combined TRACON& Tower with Radar,0,1,32,2,35,0,0,118,0,118,0,1,150,2,153,94,0,94,247
07/31/2005,YNG,OH,AGL,CE,Combined TRACON& Tower with Radar,0,0,46,0,46,0,0,164,0,164,0,0,210,0,210,156,0,156,366
08/01/2005,YNG,OH,AGL,CE,Combined TRACON& Tower with Radar,0,0,32,13,45,0,0,161,15,176,0,0,193,28,221,158,28,186,407
08/02/2005,YNG,OH,AGL,CE,Combined TRACON& Tower with Radar,0,2,48,3,53,0,0,0,0,0,0,2,48,3,53,114,108,222,275
08/03/2005,YNG,OH,AGL,CE,Combined TRACON& Tower with Radar,0,0,70,32,102,0,0,93,83,176,0,0,163,115,278,138,112,250,528
08/04/2005,YNG,OH,AGL,CE,Combined TRACON& Tower with Radar,0,1,62,40,103,0,0,73,12,85,0,1,135,52,188,92,46,138,326
08/05/2005,YNG,OH,AGL,CE,Combined TRACON& Tower with Radar,0,0,28,6,34,0,0,0,0,0,0,0,28,6,34,20,6,26,60
08/06/2005,YNG,OH,AGL,CE,Combined TRACON& Tower with Radar,0,0,57,7,64,0,0,159,9,168,0,0,216,16,232,172,16,188,420
08/07/2005,YNG,OH,AGL,CE,Combined TRACON& Tower with Radar,0,0,53,10,63,0,0,114,9,123,0,0,167,19,186,114,16,130,316
08/08/2005,YNG,OH,AGL,CE,Combined TRACON& Tower with Radar,0,0,66,12,78,0,0,90,38,128,0,0,156,50,206,114,46,160,366
08/09/2005,YNG,OH,AGL,CE,Combined TRACON& Tower with Radar,0,0,41,65,106,0,0,75,45,120,0,0,116,110,226,80,110,190,416
08/10/2005,YNG,OH,AGL,CE,Combined TRACON& Tower with Radar,0,0,64,28,92,0,0,81,57,138,0,0,145,85,230,114,80,194,424
08/11/2005,YNG,OH,AGL,CE,Combined TRACON& Tower with Radar,0,0,47,61,108,0,0,58,55,113,0,0,105,116,221,78,114,192,413
08/12/2005,YNG,OH,AGL,CE,Combined TRACON& Tower with Radar,0,1,33,13,47,0,0,45,21,66,0,1,78,34,113,60,34,94,207
08/13/2005,YNG,OH,AGL,CE,Combined TRACON& Tower with Radar,0,2,32,0,34,0,1,83,0,84,0,3,115,0,118,100,0,100,218
08/14/2005,YNG,OH,AGL,CE,Combined TRACON& Tower with Radar,0,0,33,0,33,0,0,8,0,8,0,0,41,0,41,38,0,38,79
08/15/2005,YNG,OH,AGL,CE,Combined TRACON& Tower with Radar,0,0,43,0,43,0,0,0,0,0,0,0,43,0,43,114,48,162,205
08/16/2005,YNG,OH,AGL,CE,Combined TRACON& Tower with Radar,0,2,90,38,130,0,0,89,100,189,0,2,179,138,319,148,136,284,603
08/17/2005,YNG,OH,AGL,CE,Combined TRACON& Tower with Radar,0,0,79,28,107,0,0,63,74,137,0,0,142,102,244,104,102,206,450
08/18/2005,YNG,OH,AGL,CE,Combined TRACON& Tower with Radar,0,0,44,34,78,0,0,87,66,153,0,0,131,100,231,90,84,174,405
08/19/2005,YNG,OH,AGL,CE,Combined TRACON& Tower with Radar,0,0,27,21,48,0,0,21,5,26,0,0,48,26,74,38,26,64,138
08/20/2005,YNG,OH,AGL,CE,Combined TRACON& Tower with Radar,0,0,27,0,27,0,0,41,0,41,0,0,68,0,68,46,0,46,114
08/21/2005,YNG,OH,AGL,CE,Combined TRACON& Tower with Radar,0,0,16,2,18,0,0,104,0,104,0,0,120,2,122,88,2,90,212
08/22/2005,YNG,OH,AGL,CE,Combined TRACON& Tower with Radar,0,0,38,18,56,0,0,112,38,150,0,0,150,56,206,124,56,180,386
08/23/2005,YNG,OH,AGL,CE,Combined TRACON& Tower with Radar,0,0,71,64,135,0,0,47,7,54,0,0,118,71,189,82,70,152,341
08/24/2005,YNG,OH,AGL,CE,Combined TRACON& Tower with Radar,0,2,51,53,106,0,0,148,79,227,0,2,199,132,333,150,132,282,615
08/25/2005,YNG,OH,AGL,CE,Combined TRACON& Tower with Radar,0,0,65,29,94,0,0,100,103,203,0,0,165,132,297,126,122,248,545
08/26/2005,YNG,OH,AGL,CE,Combined TRACON& Tower with Radar,0,0,38,22,60,0,0,50,34,84,0,0,88,56,144,60,56,116,260
08/27/2005,YNG,OH,AGL,CE,Combined TRACON& Tower with Radar,0,0,30,0,30,0,0,0,0,0,0,0,30,0,30,30,0,30,60
08/28/2005,YNG,OH,AGL,CE,Combined TRACON& Tower with Radar,0,0,56,1,57,0,0,136,9,145,0,0,192,10,202,156,10,166,368
08/29/2005,YNG,OH,AGL,CE,Combined TRACON& Tower with Radar,0,0,56,30,86,0,0,73,74,147,0,0,129,104,233,114,98,212,445
08/30/2005,YNG,OH,AGL,CE,Combined TRACON& Tower with Radar,0,0,8,14,22,0,0,0,0,0,0,0,8,14,22,8,14,22,44
08/31/2005,YNG,OH,AGL,CE,Combined TRACON& Tower with Radar,0,0,35,10,45,0,0,0,28,28,0,0,35,38,73,34,38,72,145
09/01/2005,YNG,OH,AGL,CE,Combined TRACON& Tower with Radar,0,2,42,18,62,0,0,64,14,78,0,2,106,32,140,68,30,98,238
09/02/2005,YNG,OH,AGL,CE,Combined TRACON& Tower with Radar,0,2,39,8,49,0,0,54,6,60,0,2,93,14,109,74,14,88,197
09/03/2005,YNG,OH,AGL,CE,Combined TRACON& Tower with Radar,0,0,33,0,33,0,0,65,1,66,0,0,98,1,99,78,0,78,177
09/04/2005,YNG,OH,AGL,CE,Combined TRACON& Tower with Radar,0,0,24,0,24,0,0,59,0,59,0,0,83,0,83,62,0,62,145
09/05/2005,YNG,OH,AGL,CE,Combined TRACON& Tower with Radar,0,0,28,2,30,0,0,96,2,98,0,0,124,4,128,78,4,82,210
09/06/2005,YNG,OH,AGL,CE,Combined TRACON& Tower with Radar,0,0,46,3,49,0,0,41,3,44,0,0,87,6,93,66,6,72,165
09/07/2005,YNG,OH,AGL,CE,Combined TRACON& Tower with Radar,0,0,47,6,53,0,0,92,10,102,0,0,139,16,155,86,16,102,257
09/08/2005,YNG,OH,AGL,CE,Combined TRACON& Tower with Radar,0,2,36,0,38,0,0,69,0,69,0,2,105,0,107,76,0,76,183
09/09/2005,YNG,OH,AGL,CE,Combined TRACON& Tower with Radar,0,0,62,0,62,0,0,30,0,30,0,0,92,0,92,76,102,178,270
09/10/2005,YNG,OH,AGL,CE,Combined TRACON& Tower with Radar,0,0,40,7,47,0,0,100,1,101,0,0,140,8,148,114,8,122,270
09/11/2005,YNG,OH,AGL,CE,Combined TRACON& Tower with Radar,0,0,23,20,43,0,0,108,42,150,0,0,131,62,193,98,62,160,353
09/12/2005,YNG,OH,AGL,CE,Combined TRACON& Tower with Radar,0,0,29,20,49,0,0,5,64,69,0,0,34,84,118,20,80,100,218
09/13/2005,YNG,OH,AGL,CE,Combined TRACON& Tower with Radar,0,1,46,10,57,0,0,27,18,45,0,1,73,28,102,50,26,76,178
09/14/2005,YNG,OH,AGL,CE,Combined TRACON& Tower with Radar,0,1,40,24,65,0,0,60,34,94,0,1,100,58,159,78,58,136,295
09/15/2005,YNG,OH,AGL,CE,Combined TRACON& Tower with Radar,0,0,43,11,54,0,0,36,0,36,0,0,79,11,90,66,10,76,166
09/16/2005,YNG,OH,AGL,CE,Combined TRACON& Tower with Radar,0,0,41,0,41,0,0,47,0,47,0,0,88,0,88,78,0,78,166
09/17/2005,YNG,OH,AGL,CE,Combined TRACON& Tower with Radar,0,0,36,0,36,0,0,16,0,16,0,0,52,0,52,46,6,52,104
09/18/2005,YNG,OH,AGL,CE,Combined TRACON& Tower with Radar,0,0,45,0,45,0,0,85,2,87,0,0,130,2,132,104,2,106,238
09/19/2005,YNG,OH,AGL,CE,Combined TRACON& Tower with Radar,0,0,59,18,77,0,0,0,0,0,0,0,59,18,77,40,18,58,135
09/20/2005,YNG,OH,AGL,CE,Combined TRACON& Tower with Radar,0,0,40,0,40,0,0,46,15,61,0,0,86,15,101,60,14,74,175
09/21/2005,YNG,OH,AGL,CE,Combined TRACON& Tower with Radar,0,0,72,0,72,0,0,103,0,103,0,0,175,0,175,128,0,128,303
09/22/2005,YNG,OH,AGL,CE,Combined TRACON& Tower with Radar,0,0,40,17,57,0,0,32,17,49,0,0,72,34,106,54,34,88,194
09/23/2005,YNG,OH,AGL,CE,Combined TRACON& Tower with Radar,0,0,42,0,42,0,0,43,0,43,0,0,85,0,85,80,0,80,165
09/24/2005,YNG,OH,AGL,CE,Combined TRACON& Tower with Radar,0,0,35,0,35,0,0,313,0,313,0,0,348,0,348,208,0,208,556
09/25/2005,YNG,OH,AGL,CE,Combined TRACON& Tower with Radar,0,0,41,0,41,0,0,11,0,11,0,0,52,0,52,40,0,40,92
09/26/2005,YNG,OH,AGL,CE,Combined TRACON& Tower with Radar,1,3,26,1,31,0,0,0,0,0,1,3,26,1,31,4,0,4,35
09/27/2005,YNG,OH,AGL,CE,Combined TRACON& Tower with Radar,0,0,36,0,36,0,0,4,0,4,0,0,40,0,40,94,4,98,138
09/28/2005,YNG,OH,AGL,CE,Combined TRACON& Tower with Radar,0,0,51,12,63,0,0,52,2,54,0,0,103,14,117,64,14,78,195
09/29/2005,YNG,OH,AGL,CE,Combined TRACON& Tower with Radar,0,0,17,2,19,0,0,0,0,0,0,0,17,2,19,8,2,10,29
09/30/2005,YNG,OH,AGL,CE,Combined TRACON& Tower with Radar,0,0,25,20,45,0,0,85,0,85,0,0,110,20,130,72,20,92,222
10/01/2005,YNG,OH,AGL,CE,Combined TRACON& Tower with Radar,0,0,23,0,23,0,0,92,0,92,0,0,115,0,115,78,0,78,193
10/02/2005,YNG,OH,AGL,CE,Combined TRACON& Tower with Radar,0,0,38,4,42,0,0,69,0,69,0,0,107,4,111,72,2,74,185
10/03/2005,YNG,OH,AGL,CE,Combined TRACON& Tower with Radar,0,0,37,21,58,0,0,43,11,54,0,0,80,32,112,66,32,98,210
10/04/2005,YNG,OH,AGL,CE,Combined TRACON& Tower with Radar,0,2,49,35,86,0,0,64,20,84,0,2,113,55,170,72,54,126,296
10/05/2005,YNG,OH,AGL,CE,Combined TRACON& Tower with Radar,0,0,66,50,116,0,0,118,102,220,0,0,184,152,336,137,140,277,613
10/06/2005,YNG,OH,AGL,CE,Combined TRACON& Tower with Radar,0,0,59,44,103,0,0,98,102,200,0,0,157,146,303,114,138,252,555
10/07/2005,YNG,OH,AGL,CE,Combined TRACON& Tower with Radar,0,0,0,0,0,0,0,0,0,0,0,0,0,0,0,2,0,2,2
10/08/2005,YNG,OH,AGL,CE,Combined TRACON& Tower with Radar,0,4,51,1,56,0,0,0,0,0,0,4,51,1,56,36,0,36,92
10/09/2005,YNG,OH,AGL,CE,Combined TRACON& Tower with Radar,0,0,27,0,27,0,0,15,0,15,0,0,42,0,42,34,0,34,76
10/10/2005,YNG,OH,AGL,CE,Combined TRACON& Tower with Radar,0,0,27,0,27,0,0,0,0,0,0,0,27,0,27,18,0,18,45
10/11/2005,YNG,OH,AGL,CE,Combined TRACON& Tower with Radar,0,3,40,40,83,0,0,0,58,58,0,3,40,98,141,34,98,132,273
10/12/2005,YNG,OH,AGL,CE,Combined TRACON& Tower with Radar,0,0,41,44,85,0,0,1,70,71,0,0,42,114,156,42,114,156,312
10/13/2005,YNG,OH,AGL,CE,Combined TRACON& Tower with Radar,0,0,61,99,160,0,0,57,40,97,0,0,118,139,257,104,136,240,497
10/14/2005,YNG,OH,AGL,CE,Combined TRACON& Tower with Radar,0,0,77,17,94,0,0,18,27,45,0,0,95,44,139,80,44,124,263
10/15/2005,YNG,OH,AGL,CE,Combined TRACON& Tower with Radar,0,0,20,0,20,0,0,48,0,48,0,0,68,0,68,54,0,54,122
10/16/2005,YNG,OH,AGL,CE,Combined TRACON& Tower with Radar,0,0,55,0,55,0,0,62,0,62,0,0,117,0,117,102,0,102,219
10/17/2005,YNG,OH,AGL,CE,Combined TRACON& Tower with Radar,0,0,43,0,43,0,0,0,0,0,0,0,43,0,43,90,0,90,133
10/18/2005,YNG,OH,AGL,CE,Combined TRACON& Tower with Radar,0,1,43,24,68,0,0,35,4,39,0,1,78,28,107,62,26,88,195
10/19/2005,YNG,OH,AGL,CE,Combined TRACON& Tower with Radar,0,0,46,16,62,0,0,12,58,70,0,0,58,74,132,46,74,120,252
10/20/2005,YNG,OH,AGL,CE,Combined TRACON& Tower with Radar,0,0,47,41,88,0,0,47,23,70,0,0,94,64,158,72,62,134,292
10/21/2005,YNG,OH,AGL,CE,Combined TRACON& Tower with Radar,0,0,35,0,35,0,0,0,0,0,0,0,35,0,35,26,0,26,61
10/22/2005,YNG,OH,AGL,CE,Combined TRACON& Tower with Radar,0,0,29,0,29,0,0,1,0,1,0,0,30,0,30,30,0,30,60
10/23/2005,YNG,OH,AGL,CE,Combined TRACON& Tower with Radar,0,2,28,0,30,0,0,27,0,27,0,2,55,0,57,42,0,42,99
10/24/2005,YNG,OH,AGL,CE,Combined TRACON& Tower with Radar,0,0,0,8,8,0,0,0,14,14,0,0,0,22,22,0,22,22,44
10/25/2005,YNG,OH,AGL,CE,Combined TRACON& Tower with Radar,0,0,2,58,60,0,0,0,18,18,0,0,2,76,78,2,76,78,156
10/26/2005,YNG,OH,AGL,CE,Combined TRACON& Tower with Radar,0,0,32,43,75,0,0,9,57,66,0,0,41,100,141,32,98,130,271
10/27/2005,YNG,OH,AGL,CE,Combined TRACON& Tower with Radar,0,1,41,16,58,0,0,29,48,77,0,1,70,64,135,56,64,120,255
10/28/2005,YNG,OH,AGL,CE,Combined TRACON& Tower with Radar,0,0,42,9,51,0,0,31,0,31,0,0,73,9,82,40,8,48,130
10/29/2005,YNG,OH,AGL,CE,Combined TRACON& Tower with Radar,0,0,42,0,42,0,0,115,0,115,0,0,157,0,157,122,0,122,279
10/30/2005,YNG,OH,AGL,CE,Combined TRACON& Tower with Radar,0,0,68,0,68,0,0,131,0,131,0,0,199,0,199,138,0,138,337
10/31/2005,YNG,OH,AGL,CE,Combined TRACON& Tower with Radar,0,0,41,34,75,0,0,43,12,55,0,0,84,46,130,56,46,102,232
11/01/2005,YNG,OH,AGL,CE,Combined TRACON& Tower with Radar,0,0,40,31,71,0,0,3,33,36,0,0,43,64,107,38,64,102,209
11/02/2005,YNG,OH,AGL,CE,Combined TRACON& Tower with Radar,0,2,66,19,87,0,0,54,50,104,0,2,120,69,191,108,68,176,367
11/03/2005,YNG,OH,AGL,CE,Combined TRACON& Tower with Radar,0,0,58,28,86,0,0,24,84,108,0,0,82,112,194,64,108,172,366
11/04/2005,YNG,OH,AGL,CE,Combined TRACON& Tower with Radar,0,2,15,0,17,0,0,0,0,0,0,2,15,0,17,38,18,56,73
11/05/2005,YNG,OH,AGL,CE,Combined TRACON& Tower with Radar,0,0,48,2,50,0,0,22,0,22,0,0,70,2,72,60,2,62,134
11/06/2005,YNG,OH,AGL,CE,Combined TRACON& Tower with Radar,0,0,8,1,9,0,0,2,0,2,0,0,10,1,11,0,10,10,21
11/07/2005,YNG,OH,AGL,CE,Combined TRACON& Tower with Radar,0,0,73,23,96,0,0,61,33,94,0,0,134,56,190,108,56,164,354
11/08/2005,YNG,OH,AGL,CE,Combined TRACON& Tower with Radar,0,0,60,0,60,0,0,31,62,93,0,0,91,62,153,82,62,144,297
11/09/2005,YNG,OH,AGL,CE,Combined TRACON& Tower with Radar,0,0,19,13,32,0,0,0,17,17,0,0,19,30,49,18,30,48,97
11/10/2005,YNG,OH,AGL,CE,Combined TRACON& Tower with Radar,0,0,24,52,76,0,0,0,56,56,0,0,24,108,132,12,108,120,252
11/11/2005,YNG,OH,AGL,CE,Combined TRACON& Tower with Radar,0,0,80,0,80,0,0,72,0,72,0,0,152,0,152,107,0,107,259
11/12/2005,YNG,OH,AGL,CE,Combined TRACON& Tower with Radar,0,0,31,0,31,0,0,116,0,116,0,0,147,0,147,102,0,102,249
11/13/2005,YNG,OH,AGL,CE,Combined TRACON& Tower with Radar,0,0,5,0,5,0,0,0,0,0,0,0,5,0,5,4,0,4,9
11/14/2005,YNG,OH,AGL,CE,Combined TRACON& Tower with Radar,0,0,39,12,51,0,0,81,64,145,0,0,120,76,196,90,68,158,354
11/15/2005,YNG,OH,AGL,CE,Combined TRACON& Tower with Radar,0,1,10,51,62,0,0,0,25,25,0,1,10,76,87,10,76,86,173
11/16/2005,YNG,OH,AGL,CE,Combined TRACON& Tower with Radar,0,0,6,35,41,0,0,0,35,35,0,0,6,70,76,4,70,74,150
11/17/2005,YNG,OH,AGL,CE,Combined TRACON& Tower with Radar,0,0,15,2,17,0,0,0,0,0,0,0,15,2,17,22,64,86,103
11/18/2005,YNG,OH,AGL,CE,Combined TRACON& Tower with Radar,0,2,44,15,61,0,0,0,57,57,0,2,44,72,118,30,72,102,220
11/19/2005,YNG,OH,AGL,CE,Combined TRACON& Tower with Radar,0,0,33,0,33,0,0,61,0,61,0,0,94,0,94,66,0,66,160
11/20/2005,YNG,OH,AGL,CE,Combined TRACON& Tower with Radar,0,0,48,0,48,0,0,64,0,64,0,0,112,0,112,70,0,70,182
11/21/2005,YNG,OH,AGL,CE,Combined TRACON& Tower with Radar,0,0,23,21,44,0,0,0,23,23,0,0,23,44,67,68,44,112,179
11/22/2005,YNG,OH,AGL,CE,Combined TRACON& Tower with Radar,0,0,0,35,35,0,0,0,0,0,0,0,0,35,35,0,35,35,70
11/23/2005,YNG,OH,AGL,CE,Combined TRACON& Tower with Radar,0,0,0,27,27,0,0,0,29,29,0,0,0,56,56,0,56,56,112
11/24/2005,YNG,OH,AGL,CE,Combined TRACON& Tower with Radar,0,0,0,0,0,0,0,0,0,0,0,0,0,0,0,0,0,0,0
11/25/2005,YNG,OH,AGL,CE,Combined TRACON& Tower with Radar,0,0,4,0,4,0,0,11,0,11,0,0,15,0,15,8,0,8,23
11/26/2005,YNG,OH,AGL,CE,Combined TRACON& Tower with Radar,0,0,17,0,17,0,0,52,0,52,0,0,69,0,69,0,54,54,123
11/27/2005,YNG,OH,AGL,CE,Combined TRACON& Tower with Radar,0,0,33,0,33,0,0,49,0,49,0,0,82,0,82,54,0,54,136
11/28/2005,YNG,OH,AGL,CE,Combined TRACON& Tower with Radar,0,0,21,30,51,0,0,2,56,58,0,0,23,86,109,10,86,96,205
11/29/2005,YNG,OH,AGL,CE,Combined TRACON& Tower with Radar,0,1,14,31,46,0,0,0,79,79,0,1,14,110,125,14,110,124,249
11/30/2005,YNG,OH,AGL,CE,Combined TRACON& Tower with Radar,0,0,3,26,29,0,0,0,40,40,0,0,3,66,69,0,64,64,133
12/01/2005,YNG,OH,AGL,CE,Combined TRACON& Tower with Radar,0,0,20,43,63,0,0,14,31,45,0,0,34,74,108,26,74,100,208
12/02/2005,YNG,OH,AGL,CE,Combined TRACON& Tower with Radar,0,1,14,8,23,0,0,0,0,0,0,1,14,8,23,14,8,22,45
12/03/2005,YNG,OH,AGL,CE,Combined TRACON& Tower with Radar,0,0,34,0,34,0,0,100,0,100,0,0,134,0,134,114,0,114,248
12/04/2005,YNG,OH,AGL,CE,Combined TRACON& Tower with Radar,0,0,3,22,25,0,0,1,0,1,0,0,4,22,26,4,22,26,52
12/05/2005,YNG,OH,AGL,CE,Combined TRACON& Tower with Radar,0,0,0,41,41,0,0,0,25,25,0,0,0,66,66,0,66,66,132
12/06/2005,YNG,OH,AGL,CE,Combined TRACON& Tower with Radar,0,0,40,84,124,0,0,39,44,83,0,0,79,128,207,64,122,186,393
12/07/2005,YNG,OH,AGL,CE,Combined TRACON& Tower with Radar,0,0,47,68,115,0,0,0,140,140,0,0,47,208,255,40,208,248,503
12/08/2005,YNG,OH,AGL,CE,Combined TRACON& Tower with Radar,0,0,14,0,14,0,0,0,0,0,0,0,14,0,14,26,48,74,88
12/09/2005,YNG,OH,AGL,CE,Combined TRACON& Tower with Radar,0,0,0,0,0,0,0,0,0,0,0,0,0,0,0,0,0,0,0
12/10/2005,YNG,OH,AGL,CE,Combined TRACON& Tower with Radar,0,0,23,0,23,0,0,60,0,60,0,0,83,0,83,64,0,64,147
12/11/2005,YNG,OH,AGL,CE,Combined TRACON& Tower with Radar,0,0,0,0,0,0,0,0,0,0,0,0,0,0,0,0,0,0,0
12/12/2005,YNG,OH,AGL,CE,Combined TRACON& Tower with Radar,0,0,23,26,49,0,0,0,58,58,0,0,23,84,107,18,84,102,209
12/13/2005,YNG,OH,AGL,CE,Combined TRACON& Tower with Radar,0,1,81,48,130,0,0,42,36,78,0,1,123,84,208,94,76,170,378
12/14/2005,YNG,OH,AGL,CE,Combined TRACON& Tower with Radar,0,0,43,43,86,0,0,8,93,101,0,0,51,136,187,36,130,166,353
12/15/2005,YNG,OH,AGL,CE,Combined TRACON& Tower with Radar,0,0,2,0,2,0,0,0,0,0,0,0,2,0,2,0,0,0,2
12/16/2005,YNG,OH,AGL,CE,Combined TRACON& Tower with Radar,0,0,10,8,18,0,0,0,0,0,0,0,10,8,18,10,8,18,36
12/17/2005,YNG,OH,AGL,CE,Combined TRACON& Tower with Radar,0,0,48,0,48,0,0,54,0,54,0,0,102,0,102,74,0,74,176
12/18/2005,YNG,OH,AGL,CE,Combined TRACON& Tower with Radar,0,0,41,0,41,0,0,37,0,37,0,0,78,0,78,66,0,66,144
12/19/2005,YNG,OH,AGL,CE,Combined TRACON& Tower with Radar,0,1,9,57,67,0,0,0,75,75,0,1,9,132,142,4,124,128,270
12/20/2005,YNG,OH,AGL,CE,Combined TRACON& Tower with Radar,0,0,19,25,44,0,0,5,0,5,0,0,24,25,49,16,24,40,89
12/21/2005,YNG,OH,AGL,CE,Combined TRACON& Tower with Radar,0,0,22,38,60,0,0,6,74,80,0,0,28,112,140,24,112,136,276
12/22/2005,YNG,OH,AGL,CE,Combined TRACON& Tower with Radar,0,0,33,36,69,0,0,25,102,127,0,0,58,138,196,40,136,176,372
12/23/2005,YNG,OH,AGL,CE,Combined TRACON& Tower with Radar,0,0,35,12,47,0,0,30,4,34,0,0,65,16,81,42,16,58,139
12/24/2005,YNG,OH,AGL,CE,Combined TRACON& Tower with Radar,0,0,14,0,14,0,0,41,0,41,0,0,55,0,55,34,0,34,89
12/25/2005,YNG,OH,AGL,CE,Combined TRACON& Tower with Radar,0,0,0,0,0,0,0,0,0,0,0,0,0,0,0,0,0,0,0
12/26/2005,YNG,OH,AGL,CE,Combined TRACON& Tower with Radar,0,0,0,0,0,0,0,0,0,0,0,0,0,0,0,0,0,0,0
12/27/2005,YNG,OH,AGL,CE,Combined TRACON& Tower with Radar,0,1,58,61,120,0,0,0,29,29,0,1,58,90,149,50,84,134,283
12/28/2005,YNG,OH,AGL,CE,Combined TRACON& Tower with Radar,0,0,42,39,81,0,0,7,99,106,0,0,49,138,187,42,132,174,361
12/29/2005,YNG,OH,AGL,CE,Combined TRACON& Tower with Radar,0,0,6,8,14,0,0,0,2,2,0,0,6,10,16,6,10,16,32
12/30/2005,YNG,OH,AGL,CE,Combined TRACON& Tower with Radar,0,0,13,20,33,0,0,36,0,36,0,0,49,20,69,46,20,66,135
12/31/2005,YNG,OH,AGL,CE,Combined TRACON& Tower with Radar,0,0,2,0,2,0,0,0,0,0,0,0,2,0,2,12,0,12,14
01/01/2006,YNG,OH,AGL,CE,Combined TRACON& Tower with Radar,0,4,5,0,9,0,0,3,0,3,0,4,8,0,12,2,0,2,14
01/02/2006,YNG,OH,AGL,CE,Combined TRACON& Tower with Radar,0,0,0,0,0,0,0,0,0,0,0,0,0,0,0,0,0,0,0
01/03/2006,YNG,OH,AGL,CE,Combined TRACON& Tower with Radar,0,0,6,72,78,0,0,0,36,36,0,0,6,108,114,6,108,114,228
01/04/2006,YNG,OH,AGL,CE,Combined TRACON& Tower with Radar,0,0,0,0,0,0,0,0,0,0,0,0,0,0,0,30,78,108,108
01/05/2006,YNG,OH,AGL,CE,Combined TRACON& Tower with Radar,0,6,9,23,38,0,0,0,0,0,0,6,9,23,38,4,26,30,68
01/06/2006,YNG,OH,AGL,CE,Combined TRACON& Tower with Radar,0,3,10,38,51,0,0,0,0,0,0,3,10,38,51,10,38,48,99
01/07/2006,YNG,OH,AGL,CE,Combined TRACON& Tower with Radar,0,0,2,0,2,0,0,0,0,0,0,0,2,0,2,0,0,0,2
01/08/2006,YNG,OH,AGL,CE,Combined TRACON& Tower with Radar,0,0,55,0,55,0,0,15,0,15,0,0,70,0,70,58,0,58,128
01/09/2006,YNG,OH,AGL,CE,Combined TRACON& Tower with Radar,0,1,24,64,89,0,0,0,0,0,0,1,24,64,89,18,64,82,171
01/10/2006,YNG,OH,AGL,CE,Combined TRACON& Tower with Radar,0,0,31,31,62,0,0,29,39,68,0,0,60,70,130,32,66,98,228
01/11/2006,YNG,OH,AGL,CE,Combined TRACON& Tower with Radar,0,0,16,41,57,0,0,0,73,73,0,0,16,114,130,10,112,122,252
01/12/2006,YNG,OH,AGL,CE,Combined TRACON& Tower with Radar,0,3,59,49,111,0,0,113,35,148,0,3,172,84,259,120,74,194,453
01/13/2006,YNG,OH,AGL,CE,Combined TRACON& Tower with Radar,0,0,48,13,61,0,0,15,21,36,0,0,63,34,97,50,34,84,181
01/14/2006,YNG,OH,AGL,CE,Combined TRACON& Tower with Radar,0,0,0,0,0,0,0,0,0,0,0,0,0,0,0,0,0,0,0
01/15/2006,YNG,OH,AGL,CE,Combined TRACON& Tower with Radar,0,0,48,0,48,0,0,47,0,47,0,0,95,0,95,74,0,74,169
01/16/2006,YNG,OH,AGL,CE,Combined TRACON& Tower with Radar,0,0,46,0,46,0,0,56,0,56,0,0,102,0,102,62,0,62,164
01/17/2006,YNG,OH,AGL,CE,Combined TRACON& Tower with Radar,0,0,12,45,57,0,0,0,29,29,0,0,12,74,86,12,74,86,172
01/18/2006,YNG,OH,AGL,CE,Combined TRACON& Tower with Radar,0,0,0,21,21,0,0,0,17,17,0,0,0,38,38,0,38,38,76
01/19/2006,YNG,OH,AGL,CE,Combined TRACON& Tower with Radar,0,0,42,25,67,0,0,29,27,56,0,0,71,52,123,40,50,90,213
01/20/2006,YNG,OH,AGL,CE,Combined TRACON& Tower with Radar,0,1,24,6,31,0,0,20,0,20,0,1,44,6,51,26,6,32,83
01/21/2006,YNG,OH,AGL,CE,Combined TRACON& Tower with Radar,0,0,0,0,0,0,0,0,0,0,0,0,0,0,0,0,0,0,0
01/22/2006,YNG,OH,AGL,CE,Combined TRACON& Tower with Radar,0,0,86,0,86,0,0,84,0,84,0,0,170,0,170,106,0,106,276
01/23/2006,YNG,OH,AGL,CE,Combined TRACON& Tower with Radar,0,0,36,30,66,0,0,21,46,67,0,0,57,76,133,40,76,116,249
01/24/2006,YNG,OH,AGL,CE,Combined TRACON& Tower with Radar,0,0,16,24,40,0,0,16,22,38,0,0,32,46,78,12,44,56,134
01/25/2006,YNG,OH,AGL,CE,Combined TRACON& Tower with Radar,0,0,22,1,23,0,0,10,18,28,0,0,32,19,51,0,0,0,51
01/26/2006,YNG,OH,AGL,CE,Combined TRACON& Tower with Radar,0,0,21,51,72,0,0,44,38,82,0,0,65,89,154,46,88,134,288
01/27/2006,YNG,OH,AGL,CE,Combined TRACON& Tower with Radar,0,0,47,22,69,0,0,39,34,73,0,0,86,56,142,58,50,108,250
01/28/2006,YNG,OH,AGL,CE,Combined TRACON& Tower with Radar,0,1,39,0,40,0,0,84,0,84,0,1,123,0,124,80,0,80,204
01/29/2006,YNG,OH,AGL,CE,Combined TRACON& Tower with Radar,0,0,0,0,0,0,0,0,0,0,0,0,0,0,0,2,0,2,2
01/30/2006,YNG,OH,AGL,CE,Combined TRACON& Tower with Radar,0,0,38,31,69,0,0,0,23,23,0,0,38,54,92,24,54,78,170
01/31/2006,YNG,OH,AGL,CE,Combined TRACON& Tower with Radar,0,0,2,47,49,0,0,0,69,69,0,0,2,116,118,2,116,118,236
02/01/2006,YNG,OH,AGL,CE,Combined TRACON& Tower with Radar,0,0,48,55,103,0,0,12,101,113,0,0,60,156,216,42,139,181,397
02/02/2006,YNG,OH,AGL,CE,Combined TRACON& Tower with Radar,0,0,35,65,100,0,0,12,18,30,0,0,47,83,130,36,80,116,246
02/03/2006,YNG,OH,AGL,CE,Combined TRACON& Tower with Radar,0,0,0,0,0,0,0,0,0,0,0,0,0,0,0,12,10,22,22
02/04/2006,YNG,OH,AGL,CE,Combined TRACON& Tower with Radar,0,0,0,0,0,0,0,0,0,0,0,0,0,0,0,0,0,0,0
02/05/2006,YNG,OH,AGL,CE,Combined TRACON& Tower with Radar,0,0,0,0,0,0,0,0,0,0,0,0,0,0,0,0,0,0,0
02/06/2006,YNG,OH,AGL,CE,Combined TRACON& Tower with Radar,2,15,31,26,74,0,0,0,0,0,2,15,31,26,74,7,96,103,177
02/07/2006,YNG,OH,AGL,CE,Combined TRACON& Tower with Radar,0,0,28,31,59,0,0,0,18,18,0,0,28,49,77,26,48,74,151
02/08/2006,YNG,OH,AGL,CE,Combined TRACON& Tower with Radar,0,0,14,32,46,0,0,0,2,2,0,0,14,34,48,14,34,48,96
02/09/2006,YNG,OH,AGL,CE,Combined TRACON& Tower with Radar,0,0,55,35,90,0,0,3,22,25,0,0,58,57,115,44,54,98,213
02/10/2006,YNG,OH,AGL,CE,Combined TRACON& Tower with Radar,0,2,28,28,58,0,0,0,22,22,0,2,28,50,80,22,50,72,152
02/11/2006,YNG,OH,AGL,CE,Combined TRACON& Tower with Radar,0,0,29,0,29,0,0,34,0,34,0,0,63,0,63,56,0,56,119
02/12/2006,YNG,OH,AGL,CE,Combined TRACON& Tower with Radar,0,0,9,0,9,0,0,0,0,0,0,0,9,0,9,8,0,8,17
02/13/2006,YNG,OH,AGL,CE,Combined TRACON& Tower with Radar,0,0,21,0,21,0,0,0,0,0,0,0,21,0,21,18,0,18,39
02/14/2006,YNG,OH,AGL,CE,Combined TRACON& Tower with Radar,0,1,47,71,119,0,0,56,84,140,0,1,103,155,259,76,148,224,483
02/15/2006,YNG,OH,AGL,CE,Combined TRACON& Tower with Radar,0,0,59,49,108,0,0,13,113,126,0,0,72,162,234,50,156,206,440
02/16/2006,YNG,OH,AGL,CE,Combined TRACON& Tower with Radar,0,0,15,54,69,0,0,0,30,30,0,0,15,84,99,12,82,94,193
02/17/2006,YNG,OH,AGL,CE,Combined TRACON& Tower with Radar,0,0,10,0,10,0,0,0,0,0,0,0,10,0,10,8,0,8,18
02/18/2006,YNG,OH,AGL,CE,Combined TRACON& Tower with Radar,0,0,4,0,4,0,0,0,0,0,0,0,4,0,4,4,0,4,8
02/19/2006,YNG,OH,AGL,CE,Combined TRACON& Tower with Radar,0,0,48,0,48,0,0,38,0,38,0,0,86,0,86,70,0,70,156
02/20/2006,YNG,OH,AGL,CE,Combined TRACON& Tower with Radar,0,1,56,0,57,0,0,34,0,34,0,1,90,0,91,68,0,68,159
02/21/2006,YNG,OH,AGL,CE,Combined TRACON& Tower with Radar,0,0,20,43,63,0,0,11,61,72,0,0,31,104,135,26,102,128,263
02/22/2006,YNG,OH,AGL,CE,Combined TRACON& Tower with Radar,0,0,50,52,102,0,0,82,108,190,0,0,132,160,292,100,158,258,550
02/23/2006,YNG,OH,AGL,CE,Combined TRACON& Tower with Radar,0,1,14,29,44,0,0,0,15,15,0,1,14,44,59,8,42,50,109
02/24/2006,YNG,OH,AGL,CE,Combined TRACON& Tower with Radar,0,1,44,21,66,0,0,67,20,87,0,1,111,41,153,74,38,112,265
02/25/2006,YNG,OH,AGL,CE,Combined TRACON& Tower with Radar,0,0,8,0,8,0,0,0,0,0,0,0,8,0,8,0,0,0,8
02/26/2006,YNG,OH,AGL,CE,Combined TRACON& Tower with Radar,0,1,6,0,7,0,0,15,0,15,0,1,21,0,22,18,0,18,40
02/27/2006,YNG,OH,AGL,CE,Combined TRACON& Tower with Radar,0,0,0,0,0,0,0,0,0,0,0,0,0,0,0,0,0,0,0
02/28/2006,YNG,OH,AGL,CE,Combined TRACON& Tower with Radar,0,0,28,55,83,0,0,62,70,132,0,0,90,125,215,72,122,194,409
03/01/2006,YNG,OH,AGL,CE,Combined TRACON& Tower with Radar,0,2,17,59,78,0,0,67,93,160,0,2,84,152,238,68,152,220,458
03/02/2006,YNG,OH,AGL,CE,Combined TRACON& Tower with Radar,0,0,0,0,0,0,0,0,0,0,0,0,0,0,0,0,0,0,0
03/03/2006,YNG,OH,AGL,CE,Combined TRACON& Tower with Radar,0,0,23,19,42,0,0,6,6,12,0,0,29,25,54,22,25,47,101
03/04/2006,YNG,OH,AGL,CE,Combined TRACON& Tower with Radar,0,0,26,14,40,0,0,25,8,33,0,0,51,22,73,34,20,54,127
03/05/2006,YNG,OH,AGL,CE,Combined TRACON& Tower with Radar,0,0,78,10,88,0,0,80,0,80,0,0,158,10,168,114,10,124,292
03/06/2006,YNG,OH,AGL,CE,Combined TRACON& Tower with Radar,0,0,26,47,73,0,0,45,57,102,0,0,71,104,175,60,104,164,339
03/07/2006,YNG,OH,AGL,CE,Combined TRACON& Tower with Radar,0,2,64,23,89,0,0,78,3,81,0,2,142,26,170,110,22,132,302
03/08/2006,YNG,OH,AGL,CE,Combined TRACON& Tower with Radar,0,0,42,56,98,0,0,0,74,74,0,0,42,130,172,34,122,156,328
03/09/2006,YNG,OH,AGL,CE,Combined TRACON& Tower with Radar,0,0,8,27,35,0,0,8,68,76,0,0,16,95,111,10,92,102,213
03/10/2006,YNG,OH,AGL,CE,Combined TRACON& Tower with Radar,0,0,12,0,12,0,0,21,0,21,0,0,33,0,33,30,0,30,63
03/11/2006,YNG,OH,AGL,CE,Combined TRACON& Tower with Radar,0,0,56,0,56,0,0,69,0,69,0,0,125,0,125,102,0,102,227
03/12/2006,YNG,OH,AGL,CE,Combined TRACON& Tower with Radar,0,0,19,0,19,0,0,1,0,1,0,0,20,0,20,20,0,20,40
03/13/2006,YNG,OH,AGL,CE,Combined TRACON& Tower with Radar,0,0,2,0,2,0,0,0,0,0,0,0,2,0,2,0,0,0,2
03/14/2006,YNG,OH,AGL,CE,Combined TRACON& Tower with Radar,0,1,15,44,60,0,0,4,42,46,0,1,19,86,106,16,86,102,208
03/15/2006,YNG,OH,AGL,CE,Combined TRACON& Tower with Radar,0,0,29,60,89,0,0,23,52,75,0,0,52,112,164,34,112,146,310
03/16/2006,YNG,OH,AGL,CE,Combined TRACON& Tower with Radar,3,3,49,52,107,0,0,0,0,0,3,3,49,52,107,90,78,168,275
03/17/2006,YNG,OH,AGL,CE,Combined TRACON& Tower with Radar,0,0,31,21,52,0,0,24,14,38,0,0,55,35,90,38,32,70,160
03/18/2006,YNG,OH,AGL,CE,Combined TRACON& Tower with Radar,0,0,32,4,36,0,0,60,4,64,0,0,92,8,100,68,8,76,176
03/19/2006,YNG,OH,AGL,CE,Combined TRACON& Tower with Radar,0,0,37,0,37,0,0,76,0,76,0,0,113,0,113,92,0,92,205
03/20/2006,YNG,OH,AGL,CE,Combined TRACON& Tower with Radar,0,4,15,20,39,0,0,67,100,167,0,4,82,120,206,64,112,176,382
03/21/2006,YNG,OH,AGL,CE,Combined TRACON& Tower with Radar,0,0,55,16,71,0,0,31,16,47,0,0,86,32,118,70,26,96,214
03/22/2006,YNG,OH,AGL,CE,Combined TRACON& Tower with Radar,0,0,9,51,60,0,0,0,67,67,0,0,9,118,127,2,118,120,247
03/23/2006,YNG,OH,AGL,CE,Combined TRACON& Tower with Radar,0,0,58,35,93,0,0,27,24,51,0,0,85,59,144,66,56,122,266
03/24/2006,YNG,OH,AGL,CE,Combined TRACON& Tower with Radar,0,0,20,14,34,0,0,2,48,50,0,0,22,62,84,16,60,76,160
03/25/2006,YNG,OH,AGL,CE,Combined TRACON& Tower with Radar,0,0,7,0,7,0,0,0,0,0,0,0,7,0,7,6,0,6,13
03/26/2006,YNG,OH,AGL,CE,Combined TRACON& Tower with Radar,0,0,25,0,25,0,0,24,0,24,0,0,49,0,49,36,0,36,85
03/27/2006,YNG,OH,AGL,CE,Combined TRACON& Tower with Radar,0,2,87,34,123,0,0,84,72,156,0,2,171,106,279,134,92,226,505
03/28/2006,YNG,OH,AGL,CE,Combined TRACON& Tower with Radar,0,0,13,4,17,0,0,0,0,0,0,0,13,4,17,74,52,126,143
03/29/2006,YNG,OH,AGL,CE,Combined TRACON& Tower with Radar,0,0,30,9,39,0,0,0,0,0,0,0,30,9,39,58,42,100,139
03/30/2006,YNG,OH,AGL,CE,Combined TRACON& Tower with Radar,0,4,61,50,115,0,0,0,0,0,0,4,61,50,115,114,114,228,343
03/31/2006,YNG,OH,AGL,CE,Combined TRACON& Tower with Radar,0,0,18,27,45,0,0,0,1,1,0,0,18,28,46,18,28,46,92
04/01/2006,YNG,OH,AGL,CE,Combined TRACON& Tower with Radar,0,0,38,5,43,0,0,4,0,4,0,0,42,5,47,36,4,40,87
04/02/2006,YNG,OH,AGL,CE,Combined TRACON& Tower with Radar,0,0,48,0,48,0,0,69,0,69,0,0,117,0,117,84,0,84,201
04/03/2006,YNG,OH,AGL,CE,Combined TRACON& Tower with Radar,0,0,21,2,23,0,0,0,0,0,0,0,21,2,23,18,2,20,43
04/04/2006,YNG,OH,AGL,CE,Combined TRACON& Tower with Radar,0,0,33,24,57,0,0,5,0,5,0,0,38,24,62,30,22,52,114
04/05/2006,YNG,OH,AGL,CE,Combined TRACON& Tower with Radar,0,0,20,49,69,0,0,0,103,103,0,0,20,152,172,20,152,172,344
04/06/2006,YNG,OH,AGL,CE,Combined TRACON& Tower with Radar,0,0,50,36,86,0,0,56,63,119,0,0,106,99,205,52,98,150,355
04/07/2006,YNG,OH,AGL,CE,Combined TRACON& Tower with Radar,0,0,16,0,16,0,0,0,0,0,0,0,16,0,16,16,0,16,32
04/08/2006,YNG,OH,AGL,CE,Combined TRACON& Tower with Radar,0,0,15,0,15,0,0,47,0,47,0,0,62,0,62,54,0,54,116
04/09/2006,YNG,OH,AGL,CE,Combined TRACON& Tower with Radar,0,0,62,0,62,0,0,81,0,81,0,0,143,0,143,0,0,0,143
04/10/2006,YNG,OH,AGL,CE,Combined TRACON& Tower with Radar,0,4,49,39,92,0,0,111,97,208,0,4,160,136,300,124,120,244,544
04/11/2006,YNG,OH,AGL,CE,Combined TRACON& Tower with Radar,0,0,47,35,82,0,0,77,122,199,0,0,124,157,281,90,152,242,523
04/12/2006,YNG,OH,AGL,CE,Combined TRACON& Tower with Radar,0,0,1,0,1,0,0,0,0,0,0,0,1,0,1,1,20,21,22
04/13/2006,YNG,OH,AGL,CE,Combined TRACON& Tower with Radar,0,0,36,58,94,0,0,73,78,151,0,0,109,136,245,90,128,218,463
04/14/2006,YNG,OH,AGL,CE,Combined TRACON& Tower with Radar,0,0,15,6,21,0,0,16,28,44,0,0,31,34,65,12,34,46,111
04/15/2006,YNG,OH,AGL,CE,Combined TRACON& Tower with Radar,0,0,37,0,37,0,0,48,0,48,0,0,85,0,85,54,0,54,139
04/16/2006,YNG,OH,AGL,CE,Combined TRACON& Tower with Radar,0,0,8,0,8,0,0,18,0,18,0,0,26,0,26,18,0,18,44
04/17/2006,YNG,OH,AGL,CE,Combined TRACON& Tower with Radar,0,0,32,48,80,0,0,38,42,80,0,0,70,90,160,52,90,142,302
04/18/2006,YNG,OH,AGL,CE,Combined TRACON& Tower with Radar,0,7,48,38,93,0,0,0,0,0,0,7,48,38,93,78,92,170,263
04/19/2006,YNG,OH,AGL,CE,Combined TRACON& Tower with Radar,0,0,48,45,93,0,0,116,47,163,0,0,164,92,256,102,90,192,448
04/20/2006,YNG,OH,AGL,CE,Combined TRACON& Tower with Radar,0,1,64,33,98,0,0,119,66,185,0,1,183,99,283,143,96,239,522
04/21/2006,YNG,OH,AGL,CE,Combined TRACON& Tower with Radar,0,2,6,16,24,0,0,52,16,68,0,2,58,32,92,38,32,70,162
04/22/2006,YNG,OH,AGL,CE,Combined TRACON& Tower with Radar,0,0,42,15,57,0,0,0,5,5,0,0,42,20,62,34,20,54,116
04/23/2006,YNG,OH,AGL,CE,Combined TRACON& Tower with Radar,0,0,6,0,6,0,0,0,0,0,0,0,6,0,6,28,0,28,34
04/24/2006,YNG,OH,AGL,CE,Combined TRACON& Tower with Radar,0,1,10,18,29,0,0,0,0,0,0,1,10,18,29,50,96,146,175
04/25/2006,YNG,OH,AGL,CE,Combined TRACON& Tower with Radar,1,6,45,25,77,0,0,0,0,0,1,6,45,25,77,42,66,108,185
04/26/2006,YNG,OH,AGL,CE,Combined TRACON& Tower with Radar,0,1,52,31,84,0,0,53,62,115,0,1,105,93,199,70,87,157,356
04/27/2006,YNG,OH,AGL,CE,Combined TRACON& Tower with Radar,0,0,42,55,97,0,0,76,50,126,0,0,118,105,223,64,100,164,387
04/28/2006,YNG,OH,AGL,CE,Combined TRACON& Tower with Radar,0,0,24,15,39,0,0,87,21,108,0,0,111,36,147,74,34,108,255
04/29/2006,YNG,OH,AGL,CE,Combined TRACON& Tower with Radar,0,1,29,2,32,0,0,0,0,0,0,1,29,2,32,90,0,90,122
04/30/2006,YNG,OH,AGL,CE,Combined TRACON& Tower with Radar,2,11,24,8,45,0,1,24,0,25,2,12,48,8,70,50,0,50,120
05/01/2006,YNG,OH,AGL,CE,Combined TRACON& Tower with Radar,0,9,31,5,45,0,3,25,0,28,0,12,56,5,73,62,0,62,135
05/02/2006,YNG,OH,AGL,CE,Combined TRACON& Tower with Radar,0,0,27,34,61,0,0,29,63,92,0,0,56,97,153,34,96,130,283
05/03/2006,YNG,OH,AGL,CE,Combined TRACON& Tower with Radar,0,0,30,49,79,0,0,38,73,111,0,0,68,122,190,56,120,176,366
05/04/2006,YNG,OH,AGL,CE,Combined TRACON& Tower with Radar,0,1,43,36,80,0,0,9,45,54,0,1,52,81,134,40,74,114,248
05/05/2006,YNG,OH,AGL,CE,Combined TRACON& Tower with Radar,0,0,42,36,78,0,0,105,36,141,0,0,147,72,219,114,68,182,401
05/06/2006,YNG,OH,AGL,CE,Combined TRACON& Tower with Radar,0,0,41,9,50,0,0,3,20,23,0,0,44,29,73,28,26,54,127
05/07/2006,YNG,OH,AGL,CE,Combined TRACON& Tower with Radar,0,0,43,12,55,0,0,61,0,61,0,0,104,12,116,70,12,82,198
05/08/2006,YNG,OH,AGL,CE,Combined TRACON& Tower with Radar,0,0,51,11,62,0,0,24,15,39,0,0,75,26,101,66,26,92,193
05/09/2006,YNG,OH,AGL,CE,Combined TRACON& Tower with Radar,0,0,31,32,63,0,0,79,62,141,0,0,110,94,204,84,90,174,378
05/10/2006,YNG,OH,AGL,CE,Combined TRACON& Tower with Radar,0,1,48,37,86,0,0,53,77,130,0,1,101,114,216,82,96,178,394
05/11/2006,YNG,OH,AGL,CE,Combined TRACON& Tower with Radar,0,0,10,18,28,0,0,0,14,14,0,0,10,32,42,8,32,40,82
05/12/2006,YNG,OH,AGL,CE,Combined TRACON& Tower with Radar,0,0,37,4,41,0,0,3,0,3,0,0,40,4,44,38,4,42,86
05/13/2006,YNG,OH,AGL,CE,Combined TRACON& Tower with Radar,0,0,27,0,27,0,0,33,0,33,0,0,60,0,60,54,0,54,114
05/14/2006,YNG,OH,AGL,CE,Combined TRACON& Tower with Radar,0,0,28,0,28,0,0,0,0,0,0,0,28,0,28,28,0,28,56
05/15/2006,YNG,OH,AGL,CE,Combined TRACON& Tower with Radar,0,0,2,0,2,0,0,0,0,0,0,0,2,0,2,2,0,2,4
05/16/2006,YNG,OH,AGL,CE,Combined TRACON& Tower with Radar,0,0,0,0,0,0,0,0,0,0,0,0,0,0,0,14,46,60,60
05/17/2006,YNG,OH,AGL,CE,Combined TRACON& Tower with Radar,0,4,48,43,95,0,0,0,41,41,0,4,48,84,136,46,84,130,266
05/18/2006,YNG,OH,AGL,CE,Combined TRACON& Tower with Radar,0,0,11,32,43,0,0,0,50,50,0,0,11,82,93,8,82,90,183
05/19/2006,YNG,OH,AGL,CE,Combined TRACON& Tower with Radar,4,5,71,0,80,0,0,0,0,0,4,5,71,0,80,42,0,42,122
05/20/2006,YNG,OH,AGL,CE,Combined TRACON& Tower with Radar,0,0,17,0,17,0,0,0,0,0,0,0,17,0,17,54,0,54,71
05/21/2006,YNG,OH,AGL,CE,Combined TRACON& Tower with Radar,0,0,1,0,1,0,0,0,0,0,0,0,1,0,1,63,0,63,64
05/22/2006,YNG,OH,AGL,CE,Combined TRACON& Tower with Radar,0,0,42,0,42,0,0,9,0,9,0,0,51,0,51,26,0,26,77
05/23/2006,YNG,OH,AGL,CE,Combined TRACON& Tower with Radar,0,0,37,29,66,0,0,171,94,265,0,0,208,123,331,156,94,250,581
05/24/2006,YNG,OH,AGL,CE,Combined TRACON& Tower with Radar,0,0,78,28,106,0,0,88,54,142,0,0,166,82,248,120,74,194,442
05/25/2006,YNG,OH,AGL,CE,Combined TRACON& Tower with Radar,0,2,44,14,60,0,0,3,0,3,0,2,47,14,63,34,14,48,111
05/26/2006,YNG,OH,AGL,CE,Combined TRACON& Tower with Radar,0,0,16,0,16,0,0,0,0,0,0,0,16,0,16,14,0,14,30
05/27/2006,YNG,OH,AGL,CE,Combined TRACON& Tower with Radar,0,0,62,0,62,0,0,65,0,65,0,0,127,0,127,100,0,100,227
05/28/2006,YNG,OH,AGL,CE,Combined TRACON& Tower with Radar,0,0,50,0,50,0,0,56,0,56,0,0,106,0,106,72,0,72,178
05/29/2006,YNG,OH,AGL,CE,Combined TRACON& Tower with Radar,0,0,36,5,41,0,0,55,22,77,0,0,91,27,118,66,22,88,206
05/30/2006,YNG,OH,AGL,CE,Combined TRACON& Tower with Radar,0,0,30,14,44,0,0,35,8,43,0,0,65,22,87,44,20,64,151
05/31/2006,YNG,OH,AGL,CE,Combined TRACON& Tower with Radar,0,0,40,45,85,0,0,3,113,116,0,0,43,158,201,34,156,190,391
06/01/2006,YNG,OH,AGL,CE,Combined TRACON& Tower with Radar,1,7,55,21,84,0,0,0,0,0,1,7,55,21,84,28,26,54,138
06/02/2006,YNG,OH,AGL,CE,Combined TRACON& Tower with Radar,0,0,10,21,31,0,0,0,5,5,0,0,10,26,36,10,26,36,72
06/03/2006,YNG,OH,AGL,CE,Combined TRACON& Tower with Radar,0,0,24,4,28,0,0,47,4,51,0,0,71,8,79,60,6,66,145
06/04/2006,YNG,OH,AGL,CE,Combined TRACON& Tower with Radar,0,0,51,12,63,0,0,3,0,3,0,0,54,12,66,52,12,64,130
06/05/2006,YNG,OH,AGL,CE,Combined TRACON& Tower with Radar,0,2,48,12,62,0,0,40,60,100,0,2,88,72,162,74,72,146,308
06/06/2006,YNG,OH,AGL,CE,Combined TRACON& Tower with Radar,0,0,43,17,60,0,0,73,39,112,0,0,116,56,172,92,56,148,320
06/07/2006,YNG,OH,AGL,CE,Combined TRACON& Tower with Radar,0,1,48,46,95,0,0,57,70,127,0,1,105,116,222,74,116,190,412
06/08/2006,YNG,OH,AGL,CE,Combined TRACON& Tower with Radar,0,0,42,33,75,0,0,28,58,86,0,0,70,91,161,48,88,136,297
06/09/2006,YNG,OH,AGL,CE,Combined TRACON& Tower with Radar,0,0,21,17,38,0,0,11,23,34,0,0,32,40,72,22,40,62,134
06/10/2006,YNG,OH,AGL,CE,Combined TRACON& Tower with Radar,0,0,37,0,37,0,0,55,0,55,0,0,92,0,92,56,0,56,148
06/11/2006,YNG,OH,AGL,CE,Combined TRACON& Tower with Radar,0,0,43,1,44,0,0,81,0,81,0,0,124,1,125,88,1,89,214
06/12/2006,YNG,OH,AGL,CE,Combined TRACON& Tower with Radar,0,0,42,50,92,0,0,50,84,134,0,0,92,134,226,76,128,204,430
06/13/2006,YNG,OH,AGL,CE,Combined TRACON& Tower with Radar,0,2,48,15,65,0,0,116,40,156,0,2,164,55,221,112,54,166,387
06/14/2006,YNG,OH,AGL,CE,Combined TRACON& Tower with Radar,0,0,56,29,85,0,0,103,65,168,0,0,159,94,253,107,90,197,450
06/15/2006,YNG,OH,AGL,CE,Combined TRACON& Tower with Radar,0,0,74,14,88,0,0,121,21,142,0,0,195,35,230,156,30,186,416
06/16/2006,YNG,OH,AGL,CE,Combined TRACON& Tower with Radar,0,0,48,14,62,0,0,50,31,81,0,0,98,45,143,52,42,94,237
06/17/2006,YNG,OH,AGL,CE,Combined TRACON& Tower with Radar,0,0,28,0,28,0,0,7,0,7,0,0,35,0,35,102,0,102,137
06/18/2006,YNG,OH,AGL,CE,Combined TRACON& Tower with Radar,0,0,19,1,20,0,0,36,0,36,0,0,55,1,56,38,0,38,94
06/19/2006,YNG,OH,AGL,CE,Combined TRACON& Tower with Radar,0,0,13,16,29,0,0,0,25,25,0,0,13,41,54,10,38,48,102
06/20/2006,YNG,OH,AGL,CE,Combined TRACON& Tower with Radar,0,0,27,27,54,0,0,26,22,48,0,0,53,49,102,32,46,78,180
06/21/2006,YNG,OH,AGL,CE,Combined TRACON& Tower with Radar,0,0,23,63,86,0,0,0,79,79,0,0,23,142,165,18,136,154,319
06/22/2006,YNG,OH,AGL,CE,Combined TRACON& Tower with Radar,0,0,33,4,37,0,0,0,0,0,0,0,33,4,37,26,4,30,67
06/23/2006,YNG,OH,AGL,CE,Combined TRACON& Tower with Radar,0,0,7,0,7,0,0,0,0,0,0,0,7,0,7,6,0,6,13
06/24/2006,YNG,OH,AGL,CE,Combined TRACON& Tower with Radar,0,0,55,4,59,0,0,69,6,75,0,0,124,10,134,92,10,102,236
06/25/2006,YNG,OH,AGL,CE,Combined TRACON& Tower with Radar,0,1,52,0,53,0,0,35,0,35,0,1,87,0,88,60,0,60,148
06/26/2006,YNG,OH,AGL,CE,Combined TRACON& Tower with Radar,0,0,16,44,60,0,0,0,46,46,0,0,16,90,106,16,84,100,206
06/27/2006,YNG,OH,AGL,CE,Combined TRACON& Tower with Radar,0,0,43,37,80,0,0,5,9,14,0,0,48,46,94,40,46,86,180
06/28/2006,YNG,OH,AGL,CE,Combined TRACON& Tower with Radar,0,0,54,22,76,0,0,45,47,92,0,0,99,69,168,76,68,144,312
06/29/2006,YNG,OH,AGL,CE,Combined TRACON& Tower with Radar,2,9,54,16,81,0,0,0,0,0,2,9,54,16,81,62,50,112,193
06/30/2006,YNG,OH,AGL,CE,Combined TRACON& Tower with Radar,3,5,64,28,100,0,0,0,0,0,3,5,64,28,100,114,34,148,248
07/01/2006,YNG,OH,AGL,CE,Combined TRACON& Tower with Radar,0,1,50,1,52,0,0,0,0,0,0,1,50,1,52,116,0,116,168
07/02/2006,YNG,OH,AGL,CE,Combined TRACON& Tower with Radar,0,0,34,0,34,0,0,12,0,12,0,0,46,0,46,28,0,28,74
07/03/2006,YNG,OH,AGL,CE,Combined TRACON& Tower with Radar,2,2,63,0,67,0,0,0,0,0,2,2,63,0,67,97,0,97,164
07/04/2006,YNG,OH,AGL,CE,Combined TRACON& Tower with Radar,0,0,2,0,2,0,0,0,0,0,0,0,2,0,2,2,0,2,4
07/05/2006,YNG,OH,AGL,CE,Combined TRACON& Tower with Radar,0,0,57,64,121,0,0,85,107,192,0,0,142,171,313,92,166,258,571
07/06/2006,YNG,OH,AGL,CE,Combined TRACON& Tower with Radar,0,0,38,27,65,0,0,113,42,155,0,0,151,69,220,106,64,170,390
07/07/2006,YNG,OH,AGL,CE,Combined TRACON& Tower with Radar,0,0,25,60,85,0,0,107,30,137,0,0,132,90,222,98,82,180,402
07/08/2006,YNG,OH,AGL,CE,Combined TRACON& Tower with Radar,0,0,58,0,58,0,0,146,0,146,0,0,204,0,204,138,0,138,342
07/09/2006,YNG,OH,AGL,CE,Combined TRACON& Tower with Radar,0,0,52,2,54,0,0,132,0,132,0,0,184,2,186,140,2,142,328
07/10/2006,YNG,OH,AGL,CE,Combined TRACON& Tower with Radar,0,0,5,24,29,0,3,0,0,3,0,3,5,24,32,4,24,28,60
07/11/2006,YNG,OH,AGL,CE,Combined TRACON& Tower with Radar,0,5,36,58,99,0,0,24,42,66,0,5,60,100,165,48,96,144,309
07/12/2006,YNG,OH,AGL,CE,Combined TRACON& Tower with Radar,0,1,29,0,30,0,0,9,0,9,0,1,38,0,39,36,0,36,75
07/13/2006,YNG,OH,AGL,CE,Combined TRACON& Tower with Radar,0,0,21,8,29,0,0,0,0,0,0,0,21,8,29,132,88,220,249
07/14/2006,YNG,OH,AGL,CE,Combined TRACON& Tower with Radar,2,3,60,23,88,0,0,0,0,0,2,3,60,23,88,122,78,200,288
07/15/2006,YNG,OH,AGL,CE,Combined TRACON& Tower with Radar,0,5,60,5,70,0,0,0,0,0,0,5,60,5,70,82,30,112,182
07/16/2006,YNG,OH,AGL,CE,Combined TRACON& Tower with Radar,0,2,56,12,70,0,0,120,19,139,0,2,176,31,209,118,24,142,351
07/17/2006,YNG,OH,AGL,CE,Combined TRACON& Tower with Radar,0,0,36,38,74,0,0,29,50,79,0,0,65,88,153,42,86,128,281
07/18/2006,YNG,OH,AGL,CE,Combined TRACON& Tower with Radar,0,2,39,40,81,0,0,92,44,136,0,2,131,84,217,102,84,186,403
07/19/2006,YNG,OH,AGL,CE,Combined TRACON& Tower with Radar,0,0,68,28,96,0,0,136,104,240,0,0,204,132,336,159,132,291,627
07/20/2006,YNG,OH,AGL,CE,Combined TRACON& Tower with Radar,0,0,32,48,80,0,0,6,0,6,0,0,38,48,86,30,46,76,162
07/21/2006,YNG,OH,AGL,CE,Combined TRACON& Tower with Radar,0,0,40,18,58,0,0,7,27,34,0,0,47,45,92,40,44,84,176
07/22/2006,YNG,OH,AGL,CE,Combined TRACON& Tower with Radar,0,1,30,0,31,0,0,0,0,0,0,1,30,0,31,28,0,28,59
07/23/2006,YNG,OH,AGL,CE,Combined TRACON& Tower with Radar,0,0,40,0,40,0,0,93,0,93,0,0,133,0,133,92,0,92,225
07/24/2006,YNG,OH,AGL,CE,Combined TRACON& Tower with Radar,1,1,61,26,89,0,0,68,52,120,1,1,129,78,209,90,76,166,375
07/25/2006,YNG,OH,AGL,CE,Combined TRACON& Tower with Radar,0,1,47,19,67,0,0,88,29,117,0,1,135,48,184,108,44,152,336
07/26/2006,YNG,OH,AGL,CE,Combined TRACON& Tower with Radar,0,8,59,56,123,0,0,0,0,0,0,8,59,56,123,70,126,196,319
07/27/2006,YNG,OH,AGL,CE,Combined TRACON& Tower with Radar,0,0,16,10,26,0,0,0,14,14,0,0,16,24,40,14,20,34,74
07/28/2006,YNG,OH,AGL,CE,Combined TRACON& Tower with Radar,0,3,61,40,104,0,0,55,35,90,0,3,116,75,194,90,74,164,358
07/29/2006,YNG,OH,AGL,CE,Combined TRACON& Tower with Radar,0,2,11,0,13,0,0,0,0,0,0,2,11,0,13,88,0,88,101
07/30/2006,YNG,OH,AGL,CE,Combined TRACON& Tower with Radar,2,8,56,2,68,0,0,43,0,43,2,8,99,2,111,90,0,90,201
07/31/2006,YNG,OH,AGL,CE,Combined TRACON& Tower with Radar,0,0,44,20,64,0,0,24,34,58,0,0,68,54,122,54,52,106,228
08/01/2006,YNG,OH,AGL,CE,Combined TRACON& Tower with Radar,0,0,43,52,95,0,0,11,88,99,0,0,54,140,194,36,124,160,354
08/02/2006,YNG,OH,AGL,CE,Combined TRACON& Tower with Radar,0,0,63,57,120,0,0,0,127,127,0,0,63,184,247,28,180,208,455
08/03/2006,YNG,OH,AGL,CE,Combined TRACON& Tower with Radar,0,0,40,16,56,0,0,17,23,40,0,0,57,39,96,48,38,86,182
08/04/2006,YNG,OH,AGL,CE,Combined TRACON& Tower with Radar,0,0,61,48,109,0,0,65,34,99,0,0,126,82,208,94,78,172,380
08/05/2006,YNG,OH,AGL,CE,Combined TRACON& Tower with Radar,0,0,38,11,49,0,0,171,2,173,0,0,209,13,222,154,12,166,388
08/06/2006,YNG,OH,AGL,CE,Combined TRACON& Tower with Radar,0,4,38,12,54,0,0,243,16,259,0,4,281,28,313,186,28,214,527
08/07/2006,YNG,OH,AGL,CE,Combined TRACON& Tower with Radar,0,0,38,60,98,0,0,8,38,46,0,0,46,98,144,26,98,124,268
08/08/2006,YNG,OH,AGL,CE,Combined TRACON& Tower with Radar,0,2,45,4,51,0,0,0,0,0,0,2,45,4,51,170,140,310,361
08/09/2006,YNG,OH,AGL,CE,Combined TRACON& Tower with Radar,0,0,52,16,68,0,0,8,0,8,0,0,60,16,76,118,144,262,338
08/10/2006,YNG,OH,AGL,CE,Combined TRACON& Tower with Radar,0,8,46,71,125,0,0,38,3,41,0,8,84,74,166,82,112,194,360
08/11/2006,YNG,OH,AGL,CE,Combined TRACON& Tower with Radar,0,0,40,22,62,0,0,104,0,104,0,0,144,22,166,112,22,134,300
08/12/2006,YNG,OH,AGL,CE,Combined TRACON& Tower with Radar,0,10,33,0,43,0,0,0,0,0,0,10,33,0,43,118,0,118,161
08/13/2006,YNG,OH,AGL,CE,Combined TRACON& Tower with Radar,0,0,33,0,33,0,0,144,0,144,0,0,177,0,177,132,0,132,309
08/14/2006,YNG,OH,AGL,CE,Combined TRACON& Tower with Radar,0,2,20,47,69,0,0,44,44,88,0,2,64,91,157,58,86,144,301
08/15/2006,YNG,OH,AGL,CE,Combined TRACON& Tower with Radar,0,0,28,29,57,0,0,92,29,121,0,0,120,58,178,94,52,146,324
08/16/2006,YNG,OH,AGL,CE,Combined TRACON& Tower with Radar,0,0,68,67,135,0,0,73,60,133,0,0,141,127,268,118,5,123,391
08/17/2006,YNG,OH,AGL,CE,Combined TRACON& Tower with Radar,0,0,50,50,100,0,0,55,48,103,0,0,105,98,203,72,94,166,369
08/18/2006,YNG,OH,AGL,CE,Combined TRACON& Tower with Radar,0,1,30,21,52,0,0,15,11,26,0,1,45,32,78,36,32,68,146
08/19/2006,YNG,OH,AGL,CE,Combined TRACON& Tower with Radar,0,0,11,0,11,0,0,0,0,0,0,0,11,0,11,8,0,8,19
08/20/2006,YNG,OH,AGL,CE,Combined TRACON& Tower with Radar,0,0,29,0,29,0,4,23,0,27,0,4,52,0,56,36,0,36,92
08/21/2006,YNG,OH,AGL,CE,Combined TRACON& Tower with Radar,0,0,32,51,83,0,0,3,112,115,0,0,35,163,198,22,150,172,370
08/22/2006,YNG,OH,AGL,CE,Combined TRACON& Tower with Radar,0,0,39,37,76,0,0,94,129,223,0,0,133,166,299,94,142,236,535
08/23/2006,YNG,OH,AGL,CE,Combined TRACON& Tower with Radar,0,0,47,41,88,0,0,84,101,185,0,0,131,142,273,94,132,226,499
08/24/2006,YNG,OH,AGL,CE,Combined TRACON& Tower with Radar,1,7,45,42,95,0,0,0,0,0,1,7,45,42,95,40,74,114,209
08/25/2006,YNG,OH,AGL,CE,Combined TRACON& Tower with Radar,5,2,56,21,84,0,0,0,0,0,5,2,56,21,84,106,30,136,220
08/26/2006,YNG,OH,AGL,CE,Combined TRACON& Tower with Radar,0,0,35,0,35,0,0,32,0,32,0,0,67,0,67,56,0,56,123
08/27/2006,YNG,OH,AGL,CE,Combined TRACON& Tower with Radar,0,0,8,6,14,0,0,0,0,0,0,0,8,6,14,8,6,14,28
08/28/2006,YNG,OH,AGL,CE,Combined TRACON& Tower with Radar,0,0,47,62,109,0,0,3,0,3,0,0,50,62,112,48,62,110,222
08/29/2006,YNG,OH,AGL,CE,Combined TRACON& Tower with Radar,0,0,40,23,63,0,0,0,1,1,0,0,40,24,64,40,24,64,128
08/30/2006,YNG,OH,AGL,CE,Combined TRACON& Tower with Radar,0,0,53,59,112,0,0,0,107,107,0,0,53,166,219,42,164,206,425
08/31/2006,YNG,OH,AGL,CE,Combined TRACON& Tower with Radar,0,4,46,25,75,0,0,53,9,62,0,4,99,34,137,54,24,78,215
09/01/2006,YNG,OH,AGL,CE,Combined TRACON& Tower with Radar,0,0,26,20,46,0,0,58,18,76,0,0,84,38,122,48,38,86,208
09/02/2006,YNG,OH,AGL,CE,Combined TRACON& Tower with Radar,0,0,0,0,0,0,0,0,0,0,0,0,0,0,0,8,0,8,8
09/03/2006,YNG,OH,AGL,CE,Combined TRACON& Tower with Radar,0,0,35,0,35,0,0,0,0,0,0,0,35,0,35,28,0,28,63
09/04/2006,YNG,OH,AGL,CE,Combined TRACON& Tower with Radar,0,0,15,0,15,0,0,6,0,6,0,0,21,0,21,78,0,78,99
09/05/2006,YNG,OH,AGL,CE,Combined TRACON& Tower with Radar,0,0,6,4,10,0,0,0,0,0,0,0,6,4,10,16,86,102,112
09/06/2006,YNG,OH,AGL,CE,Combined TRACON& Tower with Radar,0,0,25,21,46,0,0,0,37,37,0,0,25,58,83,18,54,72,155
09/07/2006,YNG,OH,AGL,CE,Combined TRACON& Tower with Radar,0,1,46,25,72,0,0,73,15,88,0,1,119,40,160,96,38,134,294
09/08/2006,YNG,OH,AGL,CE,Combined TRACON& Tower with Radar,0,0,44,22,66,0,0,76,0,76,0,0,120,22,142,96,22,118,260
09/09/2006,YNG,OH,AGL,CE,Combined TRACON& Tower with Radar,0,0,19,0,19,0,0,0,0,0,0,0,19,0,19,36,0,36,55
09/10/2006,YNG,OH,AGL,CE,Combined TRACON& Tower with Radar,0,0,39,0,39,0,0,0,0,0,0,0,39,0,39,32,0,32,71
09/11/2006,YNG,OH,AGL,CE,Combined TRACON& Tower with Radar,0,2,32,21,55,0,0,32,25,57,0,2,64,46,112,56,46,102,214
09/12/2006,YNG,OH,AGL,CE,Combined TRACON& Tower with Radar,0,0,12,14,26,0,0,0,0,0,0,0,12,14,26,12,14,26,52
09/13/2006,YNG,OH,AGL,CE,Combined TRACON& Tower with Radar,0,0,8,30,38,0,0,0,0,0,0,0,8,30,38,8,30,38,76
09/14/2006,YNG,OH,AGL,CE,Combined TRACON& Tower with Radar,0,0,25,44,69,0,0,0,0,0,0,0,25,44,69,22,44,66,135
09/15/2006,YNG,OH,AGL,CE,Combined TRACON& Tower with Radar,0,0,77,22,99,0,0,5,0,5,0,0,82,22,104,74,22,96,200
09/16/2006,YNG,OH,AGL,CE,Combined TRACON& Tower with Radar,0,1,47,0,48,0,8,0,0,8,0,9,47,0,56,132,0,132,188
09/17/2006,YNG,OH,AGL,CE,Combined TRACON& Tower with Radar,0,0,19,0,19,0,0,0,0,0,0,0,19,0,19,42,22,64,83
09/18/2006,YNG,OH,AGL,CE,Combined TRACON& Tower with Radar,0,2,2,8,12,0,0,0,0,0,0,2,2,8,12,28,60,88,100
09/19/2006,YNG,OH,AGL,CE,Combined TRACON& Tower with Radar,0,1,45,29,75,0,0,14,66,80,0,1,59,95,155,45,92,137,292
09/20/2006,YNG,OH,AGL,CE,Combined TRACON& Tower with Radar,0,0,30,38,68,0,0,6,58,64,0,0,36,96,132,28,88,116,248
09/21/2006,YNG,OH,AGL,CE,Combined TRACON& Tower with Radar,0,0,36,46,82,0,0,64,16,80,0,0,100,62,162,66,62,128,290
09/22/2006,YNG,OH,AGL,CE,Combined TRACON& Tower with Radar,0,0,41,29,70,0,0,14,71,85,0,0,55,100,155,46,100,146,301
09/23/2006,YNG,OH,AGL,CE,Combined TRACON& Tower with Radar,0,0,34,10,44,0,0,22,2,24,0,0,56,12,68,54,12,66,134
09/24/2006,YNG,OH,AGL,CE,Combined TRACON& Tower with Radar,0,0,20,0,20,0,0,16,0,16,0,0,36,0,36,28,0,28,64
09/25/2006,YNG,OH,AGL,CE,Combined TRACON& Tower with Radar,0,0,27,10,37,0,0,13,20,33,0,0,40,30,70,22,30,52,122
09/26/2006,YNG,OH,AGL,CE,Combined TRACON& Tower with Radar,0,0,44,17,61,0,0,103,0,103,0,0,147,17,164,104,138,242,406
09/27/2006,YNG,OH,AGL,CE,Combined TRACON& Tower with Radar,0,1,38,41,80,0,0,34,81,115,0,1,72,122,195,50,108,158,353
09/28/2006,YNG,OH,AGL,CE,Combined TRACON& Tower with Radar,0,0,10,0,10,0,0,0,0,0,0,0,10,0,10,10,0,10,20
09/29/2006,YNG,OH,AGL,CE,Combined TRACON& Tower with Radar,0,0,28,0,28,0,0,0,0,0,0,0,28,0,28,66,0,66,94
09/30/2006,YNG,OH,AGL,CE,Combined TRACON& Tower with Radar,2,11,31,3,47,0,0,0,0,0,2,11,31,3,47,124,0,124,171
10/01/2006,YNG,OH,AGL,CE,Combined TRACON& Tower with Radar,4,7,25,3,39,0,0,0,0,0,4,7,25,3,39,62,0,62,101
10/02/2006,YNG,OH,AGL,CE,Combined TRACON& Tower with Radar,0,0,18,0,18,0,0,0,0,0,0,0,18,0,18,50,48,98,116
10/03/2006,YNG,OH,AGL,CE,Combined TRACON& Tower with Radar,0,0,17,30,47,0,0,49,79,128,0,0,66,109,175,50,108,158,333
10/04/2006,YNG,OH,AGL,CE,Combined TRACON& Tower with Radar,0,0,18,20,38,0,0,0,0,0,0,0,18,20,38,18,20,38,76
10/05/2006,YNG,OH,AGL,CE,Combined TRACON& Tower with Radar,0,4,77,38,119,0,0,98,52,150,0,4,175,90,269,128,88,216,485
10/06/2006,YNG,OH,AGL,CE,Combined TRACON& Tower with Radar,0,1,47,38,86,0,0,84,27,111,0,1,131,65,197,76,64,140,337
10/07/2006,YNG,OH,AGL,CE,Combined TRACON& Tower with Radar,0,2,38,0,40,0,0,270,0,270,0,2,308,0,310,178,0,178,488
10/08/2006,YNG,OH,AGL,CE,Combined TRACON& Tower with Radar,0,0,51,0,51,0,0,85,0,85,0,0,136,0,136,82,0,82,218
10/09/2006,YNG,OH,AGL,CE,Combined TRACON& Tower with Radar,0,3,34,0,37,0,0,136,0,136,0,3,170,0,173,114,0,114,287
10/10/2006,YNG,OH,AGL,CE,Combined TRACON& Tower with Radar,0,0,27,52,79,0,0,24,35,59,0,0,51,87,138,34,80,114,252
10/11/2006,YNG,OH,AGL,CE,Combined TRACON& Tower with Radar,0,0,6,21,27,0,0,0,5,5,0,0,6,26,32,6,26,32,64
10/12/2006,YNG,OH,AGL,CE,Combined TRACON& Tower with Radar,0,0,15,69,84,0,0,9,24,33,0,0,24,93,117,24,93,117,234
10/13/2006,YNG,OH,AGL,CE,Combined TRACON& Tower with Radar,0,0,18,4,22,0,0,0,0,0,0,0,18,4,22,4,0,4,26
10/14/2006,YNG,OH,AGL,CE,Combined TRACON& Tower with Radar,0,0,12,0,12,0,0,0,0,0,0,0,12,0,12,46,22,68,80
10/15/2006,YNG,OH,AGL,CE,Combined TRACON& Tower with Radar,0,0,30,0,30,0,0,11,0,11,0,0,41,0,41,88,4,92,133
10/16/2006,YNG,OH,AGL,CE,Combined TRACON& Tower with Radar,0,0,21,12,33,0,0,0,0,0,0,0,21,12,33,102,140,242,275
10/17/2006,YNG,OH,AGL,CE,Combined TRACON& Tower with Radar,0,0,2,16,18,0,0,0,0,0,0,0,2,16,18,2,16,18,36
10/18/2006,YNG,OH,AGL,CE,Combined TRACON& Tower with Radar,0,0,52,59,111,0,0,38,127,165,0,0,90,186,276,82,186,268,544
10/19/2006,YNG,OH,AGL,CE,Combined TRACON& Tower with Radar,0,0,8,12,20,0,0,0,0,0,0,0,8,12,20,8,12,20,40
10/20/2006,YNG,OH,AGL,CE,Combined TRACON& Tower with Radar,0,0,12,14,26,0,0,0,26,26,0,0,12,40,52,10,40,50,102
10/21/2006,YNG,OH,AGL,CE,Combined TRACON& Tower with Radar,0,0,68,0,68,0,0,124,0,124,0,0,192,0,192,154,0,154,346
10/22/2006,YNG,OH,AGL,CE,Combined TRACON& Tower with Radar,0,0,6,0,6,0,0,0,0,0,0,0,6,0,6,4,0,4,10
10/23/2006,YNG,OH,AGL,CE,Combined TRACON& Tower with Radar,0,0,26,33,59,0,0,5,53,58,0,0,31,86,117,30,82,112,229
10/24/2006,YNG,OH,AGL,CE,Combined TRACON& Tower with Radar,0,0,19,24,43,0,0,0,35,35,0,0,19,59,78,18,54,72,150
10/25/2006,YNG,OH,AGL,CE,Combined TRACON& Tower with Radar,0,0,51,57,108,0,0,55,43,98,0,0,106,100,206,98,100,198,404
10/26/2006,YNG,OH,AGL,CE,Combined TRACON& Tower with Radar,0,0,67,18,85,0,0,109,0,109,0,0,176,18,194,148,14,162,356
10/27/2006,YNG,OH,AGL,CE,Combined TRACON& Tower with Radar,0,0,23,0,23,0,0,5,0,5,0,0,28,0,28,28,0,28,56
10/28/2006,YNG,OH,AGL,CE,Combined TRACON& Tower with Radar,0,0,0,0,0,0,0,0,0,0,0,0,0,0,0,0,0,0,0
10/29/2006,YNG,OH,AGL,CE,Combined TRACON& Tower with Radar,0,0,13,0,13,0,0,0,0,0,0,0,13,0,13,8,0,8,21
10/30/2006,YNG,OH,AGL,CE,Combined TRACON& Tower with Radar,0,2,60,29,91,0,0,101,3,104,0,2,161,32,195,130,32,162,357
10/31/2006,YNG,OH,AGL,CE,Combined TRACON& Tower with Radar,0,0,29,39,68,0,0,38,17,55,0,0,67,56,123,24,56,80,203
11/01/2006,YNG,OH,AGL,CE,Combined TRACON& Tower with Radar,0,0,52,42,94,0,0,60,74,134,0,0,112,116,228,82,116,198,426
11/02/2006,YNG,OH,AGL,CE,Combined TRACON& Tower with Radar,0,2,43,33,78,0,0,27,112,139,0,2,70,145,217,56,139,195,412
11/03/2006,YNG,OH,AGL,CE,Combined TRACON& Tower with Radar,0,0,41,10,51,0,0,0,0,0,0,0,41,10,51,32,10,42,93
11/04/2006,YNG,OH,AGL,CE,Combined TRACON& Tower with Radar,0,0,34,1,35,0,0,115,0,115,0,0,149,1,150,106,0,106,256
11/05/2006,YNG,OH,AGL,CE,Combined TRACON& Tower with Radar,0,0,59,0,59,0,0,131,0,131,0,0,190,0,190,162,0,162,352
11/06/2006,YNG,OH,AGL,CE,Combined TRACON& Tower with Radar,0,0,64,35,99,0,0,75,37,112,0,0,139,72,211,84,72,156,367
11/07/2006,YNG,OH,AGL,CE,Combined TRACON& Tower with Radar,0,0,28,128,156,0,0,1,63,64,0,0,29,191,220,26,182,208,428
11/08/2006,YNG,OH,AGL,CE,Combined TRACON& Tower with Radar,0,0,35,74,109,0,0,0,8,8,0,0,35,82,117,32,82,114,231
11/09/2006,YNG,OH,AGL,CE,Combined TRACON& Tower with Radar,0,0,59,31,90,0,0,20,81,101,0,0,79,112,191,60,80,140,331
11/10/2006,YNG,OH,AGL,CE,Combined TRACON& Tower with Radar,0,2,34,0,36,0,0,0,0,0,0,2,34,0,36,72,0,72,108
11/11/2006,YNG,OH,AGL,CE,Combined TRACON& Tower with Radar,0,0,0,0,0,0,0,0,0,0,0,0,0,0,0,16,0,16,16
11/12/2006,YNG,OH,AGL,CE,Combined TRACON& Tower with Radar,0,0,9,0,9,0,0,6,0,6,0,0,15,0,15,12,0,12,27
11/13/2006,YNG,OH,AGL,CE,Combined TRACON& Tower with Radar,0,0,16,31,47,0,0,0,3,3,0,0,16,34,50,16,34,50,100
11/14/2006,YNG,OH,AGL,CE,Combined TRACON& Tower with Radar,0,10,22,0,32,0,0,12,0,12,0,10,34,0,44,10,34,44,88
11/15/2006,YNG,OH,AGL,CE,Combined TRACON& Tower with Radar,0,0,36,28,64,0,0,40,56,96,0,0,76,84,160,62,82,144,304
11/16/2006,YNG,OH,AGL,CE,Combined TRACON& Tower with Radar,0,0,5,49,54,0,0,0,17,17,0,0,5,66,71,2,66,68,139
11/17/2006,YNG,OH,AGL,CE,Combined TRACON& Tower with Radar,0,0,22,8,30,0,0,0,0,0,0,0,22,8,30,18,8,26,56
11/18/2006,YNG,OH,AGL,CE,Combined TRACON& Tower with Radar,0,0,51,0,51,0,0,17,0,17,0,0,68,0,68,52,0,52,120
11/19/2006,YNG,OH,AGL,CE,Combined TRACON& Tower with Radar,0,0,6,0,6,0,0,0,0,0,0,0,6,0,6,4,0,4,10
11/20/2006,YNG,OH,AGL,CE,Combined TRACON& Tower with Radar,0,0,19,71,90,0,0,14,21,35,0,0,33,92,125,18,90,108,233
11/21/2006,YNG,OH,AGL,CE,Combined TRACON& Tower with Radar,0,0,75,17,92,0,0,96,0,96,0,0,171,17,188,124,32,156,344
11/22/2006,YNG,OH,AGL,CE,Combined TRACON& Tower with Radar,0,0,71,38,109,0,0,140,92,232,0,0,211,130,341,156,118,274,615
11/23/2006,YNG,OH,AGL,CE,Combined TRACON& Tower with Radar,0,0,3,0,3,0,0,57,0,57,0,0,60,0,60,48,0,48,108
11/24/2006,YNG,OH,AGL,CE,Combined TRACON& Tower with Radar,0,0,54,2,56,0,0,61,42,103,0,0,115,44,159,84,38,122,281
11/25/2006,YNG,OH,AGL,CE,Combined TRACON& Tower with Radar,0,0,52,0,52,0,0,75,1,76,0,0,127,1,128,68,1,69,197
11/26/2006,YNG,OH,AGL,CE,Combined TRACON& Tower with Radar,0,0,50,0,50,0,0,146,6,152,0,0,196,6,202,124,6,130,332
11/27/2006,YNG,OH,AGL,CE,Combined TRACON& Tower with Radar,0,0,47,34,81,0,0,47,56,103,0,0,94,90,184,74,90,164,348
11/28/2006,YNG,OH,AGL,CE,Combined TRACON& Tower with Radar,0,0,70,34,104,0,0,136,23,159,0,0,206,57,263,134,56,190,453
11/29/2006,YNG,OH,AGL,CE,Combined TRACON& Tower with Radar,0,0,54,52,106,0,0,22,56,78,0,0,76,108,184,64,108,172,356
11/30/2006,YNG,OH,AGL,CE,Combined TRACON& Tower with Radar,0,0,12,28,40,0,0,0,0,0,0,0,12,28,40,12,28,40,80
12/01/2006,YNG,OH,AGL,CE,Combined TRACON& Tower with Radar,0,0,10,2,12,0,0,0,0,0,0,0,10,2,12,0,0,0,12
12/02/2006,YNG,OH,AGL,CE,Combined TRACON& Tower with Radar,0,0,16,2,18,0,0,48,0,48,0,0,64,2,66,58,0,58,124
12/03/2006,YNG,OH,AGL,CE,Combined TRACON& Tower with Radar,0,0,31,4,35,0,0,55,0,55,0,0,86,4,90,56,4,60,150
12/04/2006,YNG,OH,AGL,CE,Combined TRACON& Tower with Radar,0,0,20,31,51,0,0,58,55,113,0,0,78,86,164,62,72,134,298
12/05/2006,YNG,OH,AGL,CE,Combined TRACON& Tower with Radar,0,2,13,35,50,0,0,0,0,0,0,2,13,35,50,8,54,62,112
12/06/2006,YNG,OH,AGL,CE,Combined TRACON& Tower with Radar,0,0,26,39,65,0,0,7,35,42,0,0,33,74,107,26,72,98,205
12/07/2006,YNG,OH,AGL,CE,Combined TRACON& Tower with Radar,0,0,5,0,5,0,0,0,0,0,0,0,5,0,5,4,0,4,9
12/08/2006,YNG,OH,AGL,CE,Combined TRACON& Tower with Radar,0,0,11,24,35,0,0,13,9,22,0,0,24,33,57,22,32,54,111
12/09/2006,YNG,OH,AGL,CE,Combined TRACON& Tower with Radar,0,0,44,0,44,0,0,78,0,78,0,0,122,0,122,86,0,86,208
12/10/2006,YNG,OH,AGL,CE,Combined TRACON& Tower with Radar,0,3,33,0,36,0,0,70,0,70,0,3,103,0,106,58,0,58,164
12/11/2006,YNG,OH,AGL,CE,Combined TRACON& Tower with Radar,0,0,56,36,92,0,0,90,56,146,0,0,146,92,238,104,92,196,434
12/12/2006,YNG,OH,AGL,CE,Combined TRACON& Tower with Radar,0,0,41,35,76,0,0,82,34,116,0,0,123,69,192,104,66,170,362
12/13/2006,YNG,OH,AGL,CE,Combined TRACON& Tower with Radar,0,0,39,17,56,0,0,13,12,25,0,0,52,29,81,44,28,72,153
12/14/2006,YNG,OH,AGL,CE,Combined TRACON& Tower with Radar,0,0,24,52,76,0,0,96,44,140,0,0,120,96,216,94,96,190,406
12/15/2006,YNG,OH,AGL,CE,Combined TRACON& Tower with Radar,0,0,19,0,19,0,0,4,0,4,0,0,23,0,23,16,0,16,39
12/16/2006,YNG,OH,AGL,CE,Combined TRACON& Tower with Radar,0,0,76,0,76,0,0,152,0,152,0,0,228,0,228,148,0,148,376
12/17/2006,YNG,OH,AGL,CE,Combined TRACON& Tower with Radar,0,0,23,0,23,0,0,23,0,23,0,0,46,0,46,36,0,36,82
12/18/2006,YNG,OH,AGL,CE,Combined TRACON& Tower with Radar,0,0,23,34,57,0,0,22,74,96,0,0,45,108,153,38,106,144,297
12/19/2006,YNG,OH,AGL,CE,Combined TRACON& Tower with Radar,0,2,13,6,21,0,0,0,0,0,0,2,13,6,21,66,76,142,163
12/20/2006,YNG,OH,AGL,CE,Combined TRACON& Tower with Radar,0,3,55,28,86,0,0,108,68,176,0,3,163,96,262,114,92,206,468
12/21/2006,YNG,OH,AGL,CE,Combined TRACON& Tower with Radar,0,0,44,54,98,0,0,12,72,84,0,0,56,126,182,52,116,168,350
12/22/2006,YNG,OH,AGL,CE,Combined TRACON& Tower with Radar,2,0,11,0,13,0,0,0,0,0,2,0,11,0,13,10,0,10,23
12/23/2006,YNG,OH,AGL,CE,Combined TRACON& Tower with Radar,0,0,51,0,51,0,0,0,0,0,0,0,51,0,51,56,0,56,107
12/24/2006,YNG,OH,AGL,CE,Combined TRACON& Tower with Radar,0,0,8,0,8,0,0,17,0,17,0,0,25,0,25,22,0,22,47
12/25/2006,YNG,OH,AGL,CE,Combined TRACON& Tower with Radar,0,0,0,0,0,0,0,0,0,0,0,0,0,0,0,0,0,0,0
12/26/2006,YNG,OH,AGL,CE,Combined TRACON& Tower with Radar,0,0,0,14,14,0,0,0,20,20,0,0,0,34,34,0,28,28,62
12/27/2006,YNG,OH,AGL,CE,Combined TRACON& Tower with Radar,0,4,23,26,53,0,0,102,122,224,0,4,125,148,277,94,146,240,517
12/28/2006,YNG,OH,AGL,CE,Combined TRACON& Tower with Radar,0,0,48,39,87,0,0,98,52,150,0,0,146,91,237,114,86,200,437
12/29/2006,YNG,OH,AGL,CE,Combined TRACON& Tower with Radar,0,0,40,6,46,0,0,98,22,120,0,0,138,28,166,86,28,114,280
12/30/2006,YNG,OH,AGL,CE,Combined TRACON& Tower with Radar,0,0,44,0,44,0,0,139,0,139,0,0,183,0,183,132,0,132,315
12/31/2006,YNG,OH,AGL,CE,Combined TRACON& Tower with Radar,0,0,16,0,16,0,0,17,0,17,0,0,33,0,33,27,0,27,60
01/01/2007,YNG,OH,AGL,CE,Combined TRACON& Tower with Radar,0,0,14,0,14,0,0,19,0,19,0,0,33,0,33,28,0,28,61
01/02/2007,YNG,OH,AGL,CE,Combined TRACON& Tower with Radar,0,0,38,0,38,0,0,49,0,49,0,0,87,0,87,62,0,62,149
01/03/2007,YNG,OH,AGL,CE,Combined TRACON& Tower with Radar,0,0,41,46,87,1,0,80,40,121,1,0,121,86,208,84,84,168,376
01/04/2007,YNG,OH,AGL,CE,Combined TRACON& Tower with Radar,0,0,41,51,92,0,0,53,80,133,0,0,94,131,225,66,122,188,413
01/05/2007,YNG,OH,AGL,CE,Combined TRACON& Tower with Radar,0,0,2,15,17,0,0,0,3,3,0,0,2,18,20,2,18,20,40
01/06/2007,YNG,OH,AGL,CE,Combined TRACON& Tower with Radar,0,0,12,0,12,0,0,0,0,0,0,0,12,0,12,12,0,12,24
01/07/2007,YNG,OH,AGL,CE,Combined TRACON& Tower with Radar,0,0,25,7,32,0,0,78,3,81,0,0,103,10,113,70,10,80,193
01/08/2007,YNG,OH,AGL,CE,Combined TRACON& Tower with Radar,0,0,0,25,25,0,0,0,7,7,0,0,0,32,32,0,32,32,64
01/09/2007,YNG,OH,AGL,CE,Combined TRACON& Tower with Radar,0,0,7,21,28,0,0,0,13,13,0,0,7,34,41,4,32,36,77
01/10/2007,YNG,OH,AGL,CE,Combined TRACON& Tower with Radar,0,6,33,46,85,0,0,0,0,0,0,6,33,46,85,32,104,136,221
01/11/2007,YNG,OH,AGL,CE,Combined TRACON& Tower with Radar,0,1,48,27,76,0,0,49,63,112,0,1,97,90,188,60,82,142,330
01/12/2007,YNG,OH,AGL,CE,Combined TRACON& Tower with Radar,0,0,27,7,34,0,0,0,3,3,0,0,27,10,37,24,10,34,71
01/13/2007,YNG,OH,AGL,CE,Combined TRACON& Tower with Radar,0,0,7,0,7,0,0,0,0,0,0,0,7,0,7,8,0,8,15
01/14/2007,YNG,OH,AGL,CE,Combined TRACON& Tower with Radar,0,0,3,3,6,0,0,0,0,0,0,0,3,3,6,0,0,0,6
01/15/2007,YNG,OH,AGL,CE,Combined TRACON& Tower with Radar,0,0,1,0,1,0,0,0,0,0,0,0,1,0,1,6,0,6,7
01/16/2007,YNG,OH,AGL,CE,Combined TRACON& Tower with Radar,0,0,0,0,0,0,0,0,0,0,0,0,0,0,0,2,46,48,48
01/17/2007,YNG,OH,AGL,CE,Combined TRACON& Tower with Radar,0,0,53,44,97,0,0,40,70,110,0,0,93,114,207,68,112,180,387
01/18/2007,YNG,OH,AGL,CE,Combined TRACON& Tower with Radar,0,0,39,15,54,0,0,20,0,20,0,0,59,15,74,42,14,56,130
01/19/2007,YNG,OH,AGL,CE,Combined TRACON& Tower with Radar,0,0,0,0,0,0,0,0,0,0,0,0,0,0,0,0,0,0,0
01/20/2007,YNG,OH,AGL,CE,Combined TRACON& Tower with Radar,0,0,26,0,26,0,0,2,0,2,0,0,28,0,28,26,0,26,54
01/21/2007,YNG,OH,AGL,CE,Combined TRACON& Tower with Radar,0,0,23,0,23,0,0,9,0,9,0,0,32,0,32,24,0,24,56
01/22/2007,YNG,OH,AGL,CE,Combined TRACON& Tower with Radar,0,0,0,0,0,0,0,0,0,0,0,0,0,0,0,0,0,0,0
01/23/2007,YNG,OH,AGL,CE,Combined TRACON& Tower with Radar,0,1,16,20,37,0,0,0,13,13,0,1,16,33,50,12,30,42,92
01/24/2007,YNG,OH,AGL,CE,Combined TRACON& Tower with Radar,0,0,30,32,62,0,0,0,0,0,0,0,30,32,62,30,32,62,124
01/25/2007,YNG,OH,AGL,CE,Combined TRACON& Tower with Radar,0,0,0,0,0,0,0,0,0,0,0,0,0,0,0,0,0,0,0
01/26/2007,YNG,OH,AGL,CE,Combined TRACON& Tower with Radar,4,3,11,2,20,0,0,0,0,0,4,3,11,2,20,8,0,8,28
01/27/2007,YNG,OH,AGL,CE,Combined TRACON& Tower with Radar,1,0,22,0,23,0,0,0,2,2,1,0,22,2,25,36,0,36,61
01/28/2007,YNG,OH,AGL,CE,Combined TRACON& Tower with Radar,0,0,7,0,7,0,0,0,0,0,0,0,7,0,7,18,0,18,25
01/29/2007,YNG,OH,AGL,CE,Combined TRACON& Tower with Radar,0,0,3,0,3,0,0,0,0,0,0,0,3,0,3,16,94,110,113
01/30/2007,YNG,OH,AGL,CE,Combined TRACON& Tower with Radar,0,0,0,0,0,0,0,0,0,0,0,0,0,0,0,0,0,0,0
01/31/2007,YNG,OH,AGL,CE,Combined TRACON& Tower with Radar,0,0,19,54,73,0,0,81,68,149,0,0,100,122,222,95,116,211,433
02/01/2007,YNG,OH,AGL,CE,Combined TRACON& Tower with Radar,0,0,34,25,59,0,0,25,19,44,0,0,59,44,103,48,44,92,195
02/02/2007,YNG,OH,AGL,CE,Combined TRACON& Tower with Radar,3,6,8,5,22,0,0,0,0,0,3,6,8,5,22,0,0,0,22
02/03/2007,YNG,OH,AGL,CE,Combined TRACON& Tower with Radar,0,0,5,1,6,0,0,0,0,0,0,0,5,1,6,0,0,0,6
02/04/2007,YNG,OH,AGL,CE,Combined TRACON& Tower with Radar,0,0,17,0,17,0,0,12,0,12,0,0,29,0,29,24,0,24,53
02/05/2007,YNG,OH,AGL,CE,Combined TRACON& Tower with Radar,0,0,22,40,62,0,0,0,68,68,0,0,22,108,130,16,108,124,254
02/06/2007,YNG,OH,AGL,CE,Combined TRACON& Tower with Radar,0,0,16,15,31,0,0,37,35,72,0,0,53,50,103,39,46,85,188
02/07/2007,YNG,OH,AGL,CE,Combined TRACON& Tower with Radar,0,0,15,0,15,0,0,0,0,0,0,0,15,0,15,64,70,134,149
02/08/2007,YNG,OH,AGL,CE,Combined TRACON& Tower with Radar,0,0,21,9,30,0,0,24,19,43,0,0,45,28,73,28,24,52,125
02/09/2007,YNG,OH,AGL,CE,Combined TRACON& Tower with Radar,0,0,32,8,40,0,0,14,23,37,0,0,46,31,77,46,26,72,149
02/10/2007,YNG,OH,AGL,CE,Combined TRACON& Tower with Radar,0,0,9,0,9,0,0,0,0,0,0,0,9,0,9,40,0,40,49
02/11/2007,YNG,OH,AGL,CE,Combined TRACON& Tower with Radar,0,1,7,0,8,0,0,0,0,0,0,1,7,0,8,36,0,36,44
02/12/2007,YNG,OH,AGL,CE,Combined TRACON& Tower with Radar,0,0,23,39,62,0,0,0,21,21,0,0,23,60,83,20,60,80,163
02/13/2007,YNG,OH,AGL,CE,Combined TRACON& Tower with Radar,0,0,0,0,0,0,0,0,0,0,0,0,0,0,0,0,0,0,0
02/14/2007,YNG,OH,AGL,CE,Combined TRACON& Tower with Radar,0,0,0,0,0,0,0,0,0,0,0,0,0,0,0,0,0,0,0
02/15/2007,YNG,OH,AGL,CE,Combined TRACON& Tower with Radar,0,0,40,2,42,0,0,12,0,12,0,0,52,2,54,24,0,24,78
02/16/2007,YNG,OH,AGL,CE,Combined TRACON& Tower with Radar,0,0,35,20,55,0,0,0,4,4,0,0,35,24,59,24,24,48,107
02/17/2007,YNG,OH,AGL,CE,Combined TRACON& Tower with Radar,0,0,6,0,6,0,0,2,0,2,0,0,8,0,8,8,0,8,16
02/18/2007,YNG,OH,AGL,CE,Combined TRACON& Tower with Radar,0,0,1,0,1,0,0,0,0,0,0,0,1,0,1,0,0,0,1
02/19/2007,YNG,OH,AGL,CE,Combined TRACON& Tower with Radar,0,0,31,0,31,0,0,65,0,65,0,0,96,0,96,64,0,64,160
02/20/2007,YNG,OH,AGL,CE,Combined TRACON& Tower with Radar,0,6,37,10,53,0,0,0,0,0,0,6,37,10,53,54,2,56,109
02/21/2007,YNG,OH,AGL,CE,Combined TRACON& Tower with Radar,0,6,48,53,107,0,0,0,0,0,0,6,48,53,107,56,146,202,309
02/22/2007,YNG,OH,AGL,CE,Combined TRACON& Tower with Radar,0,0,23,9,32,0,0,0,0,0,0,0,23,9,32,0,2,2,34
02/23/2007,YNG,OH,AGL,CE,Combined TRACON& Tower with Radar,0,0,8,2,10,0,0,0,0,0,0,0,8,2,10,20,48,68,78
02/24/2007,YNG,OH,AGL,CE,Combined TRACON& Tower with Radar,0,0,33,0,33,0,0,41,0,41,0,0,74,0,74,100,0,100,174
02/25/2007,YNG,OH,AGL,CE,Combined TRACON& Tower with Radar,0,0,0,0,0,0,0,0,0,0,0,0,0,0,0,0,0,0,0
02/26/2007,YNG,OH,AGL,CE,Combined TRACON& Tower with Radar,0,0,0,37,37,0,0,0,79,79,0,0,0,116,116,0,116,116,232
02/27/2007,YNG,OH,AGL,CE,Combined TRACON& Tower with Radar,0,0,2,26,28,0,0,0,16,16,0,0,2,42,44,2,38,40,84
02/28/2007,YNG,OH,AGL,CE,Combined TRACON& Tower with Radar,0,0,49,57,106,0,0,17,125,142,0,0,66,182,248,56,170,226,474
03/01/2007,YNG,OH,AGL,CE,Combined TRACON& Tower with Radar,0,4,25,0,29,0,41,17,0,58,0,45,42,0,87,18,42,60,147
03/02/2007,YNG,OH,AGL,CE,Combined TRACON& Tower with Radar,0,0,16,15,31,0,0,0,3,3,0,0,16,18,34,12,18,30,64
03/03/2007,YNG,OH,AGL,CE,Combined TRACON& Tower with Radar,0,0,15,7,22,0,0,3,5,8,0,0,18,12,30,14,10,24,54
03/04/2007,YNG,OH,AGL,CE,Combined TRACON& Tower with Radar,0,0,0,0,0,0,0,0,0,0,0,0,0,0,0,0,0,0,0
03/05/2007,YNG,OH,AGL,CE,Combined TRACON& Tower with Radar,0,0,14,27,41,0,0,0,33,33,0,0,14,60,74,10,58,68,142
03/06/2007,YNG,OH,AGL,CE,Combined TRACON& Tower with Radar,0,0,35,53,88,0,0,83,11,94,0,0,118,64,182,68,58,126,308
03/07/2007,YNG,OH,AGL,CE,Combined TRACON& Tower with Radar,0,0,31,82,113,0,0,31,107,138,0,0,62,189,251,44,184,228,479
03/08/2007,YNG,OH,AGL,CE,Combined TRACON& Tower with Radar,0,0,44,18,62,0,0,36,73,109,0,0,80,91,171,64,72,136,307
03/09/2007,YNG,OH,AGL,CE,Combined TRACON& Tower with Radar,0,2,22,4,28,0,0,0,0,0,0,2,22,4,28,74,80,154,182
03/10/2007,YNG,OH,AGL,CE,Combined TRACON& Tower with Radar,0,0,25,0,25,0,0,1,0,1,0,0,26,0,26,26,0,26,52
03/11/2007,YNG,OH,AGL,CE,Combined TRACON& Tower with Radar,0,0,40,0,40,0,0,67,0,67,0,0,107,0,107,62,0,62,169
03/12/2007,YNG,OH,AGL,CE,Combined TRACON& Tower with Radar,0,0,25,41,66,0,0,22,175,197,0,0,47,216,263,32,190,222,485
03/13/2007,YNG,OH,AGL,CE,Combined TRACON& Tower with Radar,0,0,74,39,113,0,0,38,15,53,0,0,112,54,166,80,54,134,300
03/14/2007,YNG,OH,AGL,CE,Combined TRACON& Tower with Radar,0,0,54,92,146,0,0,0,36,36,0,0,54,128,182,54,124,178,360
03/15/2007,YNG,OH,AGL,CE,Combined TRACON& Tower with Radar,0,0,15,51,66,0,0,4,73,77,0,0,19,124,143,14,124,138,281
03/16/2007,YNG,OH,AGL,CE,Combined TRACON& Tower with Radar,0,0,21,18,39,0,0,0,0,0,0,0,21,18,39,20,18,38,77
03/17/2007,YNG,OH,AGL,CE,Combined TRACON& Tower with Radar,0,0,22,0,22,0,1,2,0,3,0,1,24,0,25,22,0,22,47
03/18/2007,YNG,OH,AGL,CE,Combined TRACON& Tower with Radar,0,0,26,0,26,0,0,29,0,29,0,0,55,0,55,36,0,36,91
03/19/2007,YNG,OH,AGL,CE,Combined TRACON& Tower with Radar,0,4,0,4,8,0,2,0,0,2,0,6,0,4,10,0,4,4,14
03/20/2007,YNG,OH,AGL,CE,Combined TRACON& Tower with Radar,0,0,41,28,69,0,0,116,62,178,0,0,157,90,247,112,82,194,441
03/21/2007,YNG,OH,AGL,CE,Combined TRACON& Tower with Radar,0,2,29,46,77,0,0,87,112,199,0,2,116,158,276,92,148,240,516
03/22/2007,YNG,OH,AGL,CE,Combined TRACON& Tower with Radar,0,0,0,0,0,0,0,0,0,0,0,0,0,0,0,12,18,30,30
03/23/2007,YNG,OH,AGL,CE,Combined TRACON& Tower with Radar,0,0,48,20,68,0,0,0,2,2,0,0,48,22,70,42,22,64,134
03/24/2007,YNG,OH,AGL,CE,Combined TRACON& Tower with Radar,0,0,29,0,29,0,0,1,0,1,0,0,30,0,30,30,0,30,60
03/25/2007,YNG,OH,AGL,CE,Combined TRACON& Tower with Radar,0,0,56,3,59,0,0,101,5,106,0,0,157,8,165,100,8,108,273
03/26/2007,YNG,OH,AGL,CE,Combined TRACON& Tower with Radar,0,0,27,26,53,0,0,13,69,82,0,0,40,95,135,26,84,110,245
03/27/2007,YNG,OH,AGL,CE,Combined TRACON& Tower with Radar,0,2,33,0,35,0,48,40,0,88,0,50,73,0,123,46,64,110,233
03/28/2007,YNG,OH,AGL,CE,Combined TRACON& Tower with Radar,0,0,54,55,109,0,0,0,95,95,0,0,54,150,204,48,150,198,402
03/29/2007,YNG,OH,AGL,CE,Combined TRACON& Tower with Radar,0,0,86,45,131,0,0,100,84,184,0,0,186,129,315,146,108,254,569
03/30/2007,YNG,OH,AGL,CE,Combined TRACON& Tower with Radar,0,0,53,0,53,0,0,81,44,125,0,0,134,44,178,88,44,132,310
03/31/2007,YNG,OH,AGL,CE,Combined TRACON& Tower with Radar,0,0,32,0,32,0,0,27,0,27,0,0,59,0,59,44,0,44,103
04/01/2007,YNG,OH,AGL,CE,Combined TRACON& Tower with Radar,0,0,4,6,10,0,0,0,2,2,0,0,4,8,12,0,8,8,20
04/02/2007,YNG,OH,AGL,CE,Combined TRACON& Tower with Radar,0,0,22,46,68,0,0,3,54,57,0,0,25,100,125,20,100,120,245
04/03/2007,YNG,OH,AGL,CE,Combined TRACON& Tower with Radar,0,0,30,39,69,0,0,46,45,91,0,0,76,84,160,60,78,138,298
04/04/2007,YNG,OH,AGL,CE,Combined TRACON& Tower with Radar,0,0,2,0,2,0,0,0,0,0,0,0,2,0,2,10,48,58,60
04/05/2007,YNG,OH,AGL,CE,Combined TRACON& Tower with Radar,0,0,0,0,0,0,0,0,0,0,0,0,0,0,0,0,0,0,0
04/06/2007,YNG,OH,AGL,CE,Combined TRACON& Tower with Radar,0,0,5,0,5,0,0,0,0,0,0,0,5,0,5,4,0,4,9
04/07/2007,YNG,OH,AGL,CE,Combined TRACON& Tower with Radar,0,0,14,0,14,0,0,9,0,9,0,0,23,0,23,20,0,20,43
04/08/2007,YNG,OH,AGL,CE,Combined TRACON& Tower with Radar,0,0,1,0,1,0,0,0,0,0,0,0,1,0,1,0,0,0,1
04/09/2007,YNG,OH,AGL,CE,Combined TRACON& Tower with Radar,0,1,26,50,77,0,0,4,56,60,0,1,30,106,137,22,102,124,261
04/10/2007,YNG,OH,AGL,CE,Combined TRACON& Tower with Radar,0,0,27,21,48,0,0,51,52,103,0,0,78,73,151,58,66,124,275
04/11/2007,YNG,OH,AGL,CE,Combined TRACON& Tower with Radar,0,0,10,69,79,0,0,6,50,56,0,0,16,119,135,12,96,108,243
04/12/2007,YNG,OH,AGL,CE,Combined TRACON& Tower with Radar,0,0,6,14,20,0,0,0,2,2,0,0,6,16,22,6,16,22,44
04/13/2007,YNG,OH,AGL,CE,Combined TRACON& Tower with Radar,0,0,37,11,48,0,0,0,19,19,0,0,37,30,67,28,26,54,121
04/14/2007,YNG,OH,AGL,CE,Combined TRACON& Tower with Radar,0,0,47,10,57,0,0,26,41,67,0,0,73,51,124,60,48,108,232
04/15/2007,YNG,OH,AGL,CE,Combined TRACON& Tower with Radar,0,0,0,0,0,0,0,0,0,0,0,0,0,0,0,0,0,0,0
04/16/2007,YNG,OH,AGL,CE,Combined TRACON& Tower with Radar,0,0,4,0,4,0,0,0,0,0,0,0,4,0,4,4,0,4,8
04/17/2007,YNG,OH,AGL,CE,Combined TRACON& Tower with Radar,0,0,1,19,20,0,0,0,0,0,0,0,1,19,20,34,94,128,148
04/18/2007,YNG,OH,AGL,CE,Combined TRACON& Tower with Radar,0,0,11,8,19,0,0,0,0,0,0,0,11,8,19,80,154,234,253
04/19/2007,YNG,OH,AGL,CE,Combined TRACON& Tower with Radar,0,0,56,52,108,0,0,65,66,131,0,0,121,118,239,82,115,197,436
04/20/2007,YNG,OH,AGL,CE,Combined TRACON& Tower with Radar,0,2,44,20,66,0,0,58,54,112,0,2,102,74,178,62,73,135,313
04/21/2007,YNG,OH,AGL,CE,Combined TRACON& Tower with Radar,0,0,69,0,69,0,0,123,0,123,0,0,192,0,192,126,0,126,318
04/22/2007,YNG,OH,AGL,CE,Combined TRACON& Tower with Radar,0,0,49,2,51,0,0,187,12,199,0,0,236,14,250,142,14,156,406
04/23/2007,YNG,OH,AGL,CE,Combined TRACON& Tower with Radar,0,0,24,25,49,0,0,14,17,31,0,0,38,42,80,34,40,74,154
04/24/2007,YNG,OH,AGL,CE,Combined TRACON& Tower with Radar,0,0,45,45,90,0,0,53,68,121,0,0,98,113,211,64,108,172,383
04/25/2007,YNG,OH,AGL,CE,Combined TRACON& Tower with Radar,0,0,22,71,93,0,0,0,9,9,0,0,22,80,102,22,80,102,204
04/26/2007,YNG,OH,AGL,CE,Combined TRACON& Tower with Radar,0,0,19,29,48,0,0,6,28,34,0,0,25,57,82,20,56,76,158
04/27/2007,YNG,OH,AGL,CE,Combined TRACON& Tower with Radar,0,0,2,7,9,0,0,0,0,0,0,0,2,7,9,2,6,8,17
04/28/2007,YNG,OH,AGL,CE,Combined TRACON& Tower with Radar,0,0,0,0,0,0,0,0,0,0,0,0,0,0,0,6,0,6,6
04/29/2007,YNG,OH,AGL,CE,Combined TRACON& Tower with Radar,0,0,24,2,26,0,0,9,0,9,0,0,33,2,35,124,8,132,167
04/30/2007,YNG,OH,AGL,CE,Combined TRACON& Tower with Radar,0,0,26,14,40,0,0,0,0,0,0,0,26,14,40,72,96,168,208
05/01/2007,YNG,OH,AGL,CE,Combined TRACON& Tower with Radar,0,0,15,1,16,0,0,0,0,0,0,0,15,1,16,50,4,54,70
05/02/2007,YNG,OH,AGL,CE,Combined TRACON& Tower with Radar,0,0,46,34,80,0,0,1,108,109,0,0,47,142,189,32,124,156,345
05/03/2007,YNG,OH,AGL,CE,Combined TRACON& Tower with Radar,0,0,73,34,107,0,0,102,22,124,0,0,175,56,231,120,50,170,401
05/04/2007,YNG,OH,AGL,CE,Combined TRACON& Tower with Radar,0,0,19,16,35,0,0,25,10,35,0,0,44,26,70,28,26,54,124
05/05/2007,YNG,OH,AGL,CE,Combined TRACON& Tower with Radar,0,0,39,4,43,0,0,118,1,119,0,0,157,5,162,114,4,118,280
05/06/2007,YNG,OH,AGL,CE,Combined TRACON& Tower with Radar,0,0,10,9,19,0,0,50,3,53,0,0,60,12,72,40,12,52,124
05/07/2007,YNG,OH,AGL,CE,Combined TRACON& Tower with Radar,0,0,17,56,73,0,0,49,124,173,0,0,66,180,246,36,172,208,454
05/08/2007,YNG,OH,AGL,CE,Combined TRACON& Tower with Radar,1,2,32,88,123,0,0,0,0,0,1,2,32,88,123,102,152,254,377
05/09/2007,YNG,OH,AGL,CE,Combined TRACON& Tower with Radar,0,0,30,45,75,0,0,78,85,163,0,0,108,130,238,90,128,218,456
05/10/2007,YNG,OH,AGL,CE,Combined TRACON& Tower with Radar,0,0,38,19,57,0,0,5,15,20,0,0,43,34,77,32,32,64,141
05/11/2007,YNG,OH,AGL,CE,Combined TRACON& Tower with Radar,4,4,51,16,75,0,0,0,0,0,4,4,51,16,75,78,38,116,191
05/12/2007,YNG,OH,AGL,CE,Combined TRACON& Tower with Radar,0,0,22,0,22,0,0,58,0,58,0,0,80,0,80,66,0,66,146
05/13/2007,YNG,OH,AGL,CE,Combined TRACON& Tower with Radar,0,0,30,0,30,0,0,7,0,7,0,0,37,0,37,98,0,98,135
05/14/2007,YNG,OH,AGL,CE,Combined TRACON& Tower with Radar,0,0,13,0,13,0,0,0,0,0,0,0,13,0,13,44,118,162,175
05/15/2007,YNG,OH,AGL,CE,Combined TRACON& Tower with Radar,0,2,32,12,46,0,0,15,0,15,0,2,47,12,61,34,16,50,111
05/16/2007,YNG,OH,AGL,CE,Combined TRACON& Tower with Radar,0,0,10,8,18,0,0,0,0,0,0,0,10,8,18,10,8,18,36
05/17/2007,YNG,OH,AGL,CE,Combined TRACON& Tower with Radar,0,0,50,13,63,0,0,20,8,28,0,0,70,21,91,56,20,76,167
05/18/2007,YNG,OH,AGL,CE,Combined TRACON& Tower with Radar,0,1,52,0,53,0,0,0,0,0,0,1,52,0,53,148,46,194,247
05/19/2007,YNG,OH,AGL,CE,Combined TRACON& Tower with Radar,0,0,47,0,47,0,0,66,0,66,0,0,113,0,113,84,0,84,197
05/20/2007,YNG,OH,AGL,CE,Combined TRACON& Tower with Radar,0,0,22,4,26,0,0,0,0,0,0,0,22,4,26,16,4,20,46
05/21/2007,YNG,OH,AGL,CE,Combined TRACON& Tower with Radar,0,4,42,42,88,0,1,62,108,171,0,5,104,150,259,70,144,214,473
05/22/2007,YNG,OH,AGL,CE,Combined TRACON& Tower with Radar,0,0,72,48,120,0,0,127,142,269,0,0,199,190,389,140,165,305,694
05/23/2007,YNG,OH,AGL,CE,Combined TRACON& Tower with Radar,0,1,70,21,92,0,0,77,103,180,0,1,147,124,272,110,112,222,494
05/24/2007,YNG,OH,AGL,CE,Combined TRACON& Tower with Radar,0,0,52,9,61,0,0,0,0,0,0,0,52,9,61,106,114,220,281
05/25/2007,YNG,OH,AGL,CE,Combined TRACON& Tower with Radar,0,0,17,2,19,0,0,0,0,0,0,0,17,2,19,36,12,48,67
05/26/2007,YNG,OH,AGL,CE,Combined TRACON& Tower with Radar,0,0,6,0,6,0,0,0,0,0,0,0,6,0,6,24,0,24,30
05/27/2007,YNG,OH,AGL,CE,Combined TRACON& Tower with Radar,0,0,6,0,6,0,0,0,0,0,0,0,6,0,6,26,0,26,32
05/28/2007,YNG,OH,AGL,CE,Combined TRACON& Tower with Radar,0,0,56,1,57,0,0,39,50,89,0,0,95,51,146,62,44,106,252
05/29/2007,YNG,OH,AGL,CE,Combined TRACON& Tower with Radar,0,2,16,0,18,0,3,0,0,3,0,5,16,0,21,70,64,134,155
05/30/2007,YNG,OH,AGL,CE,Combined TRACON& Tower with Radar,0,0,44,49,93,0,0,91,112,203,0,0,135,161,296,90,160,250,546
05/31/2007,YNG,OH,AGL,CE,Combined TRACON& Tower with Radar,0,0,46,29,75,0,0,58,24,82,0,0,104,53,157,92,52,144,301
06/01/2007,YNG,OH,AGL,CE,Combined TRACON& Tower with Radar,0,0,32,8,40,0,0,11,5,16,0,0,43,13,56,38,12,50,106
06/02/2007,YNG,OH,AGL,CE,Combined TRACON& Tower with Radar,0,0,31,0,31,0,0,44,0,44,0,0,75,0,75,58,0,58,133
06/03/2007,YNG,OH,AGL,CE,Combined TRACON& Tower with Radar,0,0,1,0,1,0,0,0,0,0,0,0,1,0,1,0,0,0,1
06/04/2007,YNG,OH,AGL,CE,Combined TRACON& Tower with Radar,0,0,14,54,68,0,0,22,138,160,0,0,36,192,228,32,182,214,442
06/05/2007,YNG,OH,AGL,CE,Combined TRACON& Tower with Radar,0,6,29,48,83,0,0,0,0,0,0,6,29,48,83,48,122,170,253
06/06/2007,YNG,OH,AGL,CE,Combined TRACON& Tower with Radar,0,0,59,55,114,0,0,129,204,333,0,0,188,259,447,136,244,380,827
06/07/2007,YNG,OH,AGL,CE,Combined TRACON& Tower with Radar,0,1,49,44,94,0,0,53,63,116,0,1,102,107,210,72,90,162,372
06/08/2007,YNG,OH,AGL,CE,Combined TRACON& Tower with Radar,0,0,13,22,35,0,0,14,10,24,0,0,27,32,59,26,32,58,117
06/09/2007,YNG,OH,AGL,CE,Combined TRACON& Tower with Radar,0,0,28,2,30,0,0,16,0,16,0,0,44,2,46,90,4,94,140
06/10/2007,YNG,OH,AGL,CE,Combined TRACON& Tower with Radar,0,0,25,0,25,0,0,90,0,90,0,0,115,0,115,68,0,68,183
06/11/2007,YNG,OH,AGL,CE,Combined TRACON& Tower with Radar,0,1,27,55,83,0,0,100,117,217,0,1,127,172,300,84,168,252,552
06/12/2007,YNG,OH,AGL,CE,Combined TRACON& Tower with Radar,0,1,29,23,53,0,0,146,52,198,0,1,175,75,251,142,68,210,461
06/13/2007,YNG,OH,AGL,CE,Combined TRACON& Tower with Radar,0,0,58,21,79,0,0,20,39,59,0,0,78,60,138,54,60,114,252
06/14/2007,YNG,OH,AGL,CE,Combined TRACON& Tower with Radar,0,1,40,34,75,0,0,107,87,194,0,1,147,121,269,108,108,216,485
06/15/2007,YNG,OH,AGL,CE,Combined TRACON& Tower with Radar,0,0,42,11,53,0,0,83,17,100,0,0,125,28,153,104,22,126,279
06/16/2007,YNG,OH,AGL,CE,Combined TRACON& Tower with Radar,0,0,25,3,28,0,1,41,3,45,0,1,66,6,73,46,6,52,125
06/17/2007,YNG,OH,AGL,CE,Combined TRACON& Tower with Radar,0,0,32,0,32,0,2,76,0,78,0,2,108,0,110,92,0,92,202
06/18/2007,YNG,OH,AGL,CE,Combined TRACON& Tower with Radar,0,0,28,52,80,0,0,73,104,177,0,0,101,156,257,78,148,226,483
06/19/2007,YNG,OH,AGL,CE,Combined TRACON& Tower with Radar,0,0,9,25,34,0,0,25,0,25,0,0,34,25,59,30,24,54,113
06/20/2007,YNG,OH,AGL,CE,Combined TRACON& Tower with Radar,0,0,52,1,53,0,0,0,0,0,0,0,52,1,53,90,90,180,233
06/21/2007,YNG,OH,AGL,CE,Combined TRACON& Tower with Radar,0,1,50,22,73,0,0,61,88,149,0,1,111,110,222,86,106,192,414
06/22/2007,YNG,OH,AGL,CE,Combined TRACON& Tower with Radar,0,1,36,5,42,0,0,0,0,0,0,1,36,5,42,136,62,198,240
06/23/2007,YNG,OH,AGL,CE,Combined TRACON& Tower with Radar,0,2,36,0,38,0,0,26,0,26,0,2,62,0,64,106,0,106,170
06/24/2007,YNG,OH,AGL,CE,Combined TRACON& Tower with Radar,0,0,40,0,40,0,0,52,0,52,0,0,92,0,92,0,0,0,92
06/25/2007,YNG,OH,AGL,CE,Combined TRACON& Tower with Radar,0,0,70,15,85,0,6,97,35,138,0,6,167,50,223,120,50,170,393
06/26/2007,YNG,OH,AGL,CE,Combined TRACON& Tower with Radar,0,0,57,42,99,0,0,100,89,189,0,0,157,131,288,114,122,236,524
06/27/2007,YNG,OH,AGL,CE,Combined TRACON& Tower with Radar,0,0,35,35,70,0,0,56,101,157,0,0,91,136,227,64,122,186,413
06/28/2007,YNG,OH,AGL,CE,Combined TRACON& Tower with Radar,0,0,47,46,93,0,0,35,47,82,0,0,82,93,175,70,84,154,329
06/29/2007,YNG,OH,AGL,CE,Combined TRACON& Tower with Radar,0,0,62,0,62,0,0,107,22,129,0,0,169,22,191,138,20,158,349
06/30/2007,YNG,OH,AGL,CE,Combined TRACON& Tower with Radar,0,0,21,0,21,0,0,121,0,121,0,0,142,0,142,104,0,104,246
07/01/2007,YNG,OH,AGL,CE,Combined TRACON& Tower with Radar,0,0,28,0,28,0,0,91,0,91,0,0,119,0,119,82,0,82,201
07/02/2007,YNG,OH,AGL,CE,Combined TRACON& Tower with Radar,0,0,46,21,67,0,3,67,51,121,0,3,113,72,188,80,60,140,328
07/03/2007,YNG,OH,AGL,CE,Combined TRACON& Tower with Radar,0,0,20,14,34,0,0,49,47,96,0,0,69,61,130,50,44,94,224
07/04/2007,YNG,OH,AGL,CE,Combined TRACON& Tower with Radar,0,0,6,0,6,0,0,0,0,0,0,0,6,0,6,16,0,16,22
07/05/2007,YNG,OH,AGL,CE,Combined TRACON& Tower with Radar,0,0,5,14,19,0,0,0,0,0,0,0,5,14,19,30,72,102,121
07/06/2007,YNG,OH,AGL,CE,Combined TRACON& Tower with Radar,0,0,18,0,18,0,0,0,0,0,0,0,18,0,18,34,6,40,58
07/07/2007,YNG,OH,AGL,CE,Combined TRACON& Tower with Radar,0,8,30,0,38,0,0,60,0,60,0,8,90,0,98,74,0,74,172
07/08/2007,YNG,OH,AGL,CE,Combined TRACON& Tower with Radar,0,0,43,0,43,0,0,92,0,92,0,0,135,0,135,86,0,86,221
07/09/2007,YNG,OH,AGL,CE,Combined TRACON& Tower with Radar,0,0,46,16,62,0,0,48,86,134,0,0,94,102,196,70,86,156,352
07/10/2007,YNG,OH,AGL,CE,Combined TRACON& Tower with Radar,0,0,34,42,76,0,0,0,78,78,0,0,34,120,154,26,106,132,286
07/11/2007,YNG,OH,AGL,CE,Combined TRACON& Tower with Radar,0,0,20,26,46,0,0,40,80,120,0,0,60,106,166,48,100,148,314
07/12/2007,YNG,OH,AGL,CE,Combined TRACON& Tower with Radar,0,0,38,36,74,0,0,0,100,100,0,0,38,136,174,32,122,154,328
07/13/2007,YNG,OH,AGL,CE,Combined TRACON& Tower with Radar,0,1,11,0,12,0,0,0,0,0,0,1,11,0,12,36,30,66,78
07/14/2007,YNG,OH,AGL,CE,Combined TRACON& Tower with Radar,0,0,39,4,43,0,0,33,7,40,0,0,72,11,83,58,10,68,151
07/15/2007,YNG,OH,AGL,CE,Combined TRACON& Tower with Radar,0,0,37,0,37,0,0,95,0,95,0,0,132,0,132,88,0,88,220
07/16/2007,YNG,OH,AGL,CE,Combined TRACON& Tower with Radar,0,0,40,40,80,0,0,53,129,182,0,0,93,169,262,76,140,216,478
07/17/2007,YNG,OH,AGL,CE,Combined TRACON& Tower with Radar,0,0,14,15,29,0,0,66,8,74,0,0,80,23,103,76,16,92,195
07/18/2007,YNG,OH,AGL,CE,Combined TRACON& Tower with Radar,0,1,38,38,77,0,0,45,71,116,0,1,83,109,193,76,86,162,355
07/19/2007,YNG,OH,AGL,CE,Combined TRACON& Tower with Radar,0,0,35,44,79,0,0,1,10,11,0,0,36,54,90,34,54,88,178
07/20/2007,YNG,OH,AGL,CE,Combined TRACON& Tower with Radar,0,1,29,0,30,0,0,0,0,0,0,1,29,0,30,40,42,82,112
07/21/2007,YNG,OH,AGL,CE,Combined TRACON& Tower with Radar,0,0,37,0,37,0,0,113,0,113,0,0,150,0,150,104,0,104,254
07/22/2007,YNG,OH,AGL,CE,Combined TRACON& Tower with Radar,0,0,44,0,44,0,0,89,0,89,0,0,133,0,133,80,0,80,213
07/23/2007,YNG,OH,AGL,CE,Combined TRACON& Tower with Radar,0,0,35,40,75,0,0,78,28,106,0,0,113,68,181,76,66,142,323
07/24/2007,YNG,OH,AGL,CE,Combined TRACON& Tower with Radar,0,0,31,9,40,0,0,55,4,59,0,0,86,13,99,74,10,84,183
07/25/2007,YNG,OH,AGL,CE,Combined TRACON& Tower with Radar,0,0,47,45,92,0,0,20,39,59,0,0,67,84,151,56,84,140,291
07/26/2007,YNG,OH,AGL,CE,Combined TRACON& Tower with Radar,0,0,15,35,50,0,0,23,41,64,0,0,38,76,114,32,74,106,220
07/27/2007,YNG,OH,AGL,CE,Combined TRACON& Tower with Radar,0,0,10,20,30,0,0,3,14,17,0,0,13,34,47,10,30,40,87
07/28/2007,YNG,OH,AGL,CE,Combined TRACON& Tower with Radar,0,0,10,4,14,0,0,0,0,0,0,0,10,4,14,4,8,12,26
07/29/2007,YNG,OH,AGL,CE,Combined TRACON& Tower with Radar,1,4,37,0,42,0,0,10,0,10,1,4,47,0,52,24,0,24,76
07/30/2007,YNG,OH,AGL,CE,Combined TRACON& Tower with Radar,0,0,37,18,55,0,0,53,36,89,0,0,90,54,144,64,52,116,260
07/31/2007,YNG,OH,AGL,CE,Combined TRACON& Tower with Radar,0,0,48,18,66,0,0,112,34,146,0,0,160,52,212,126,48,174,386
08/01/2007,YNG,OH,AGL,CE,Combined TRACON& Tower with Radar,0,3,47,11,61,0,0,0,0,0,0,3,47,11,61,76,154,230,291
08/02/2007,YNG,OH,AGL,CE,Combined TRACON& Tower with Radar,0,1,26,3,30,0,0,0,0,0,0,1,26,3,30,58,116,174,204
08/03/2007,YNG,OH,AGL,CE,Combined TRACON& Tower with Radar,0,0,37,12,49,0,0,138,18,156,0,0,175,30,205,142,26,168,373
08/04/2007,YNG,OH,AGL,CE,Combined TRACON& Tower with Radar,0,0,28,13,41,0,0,93,4,97,0,0,121,17,138,84,16,100,238
08/05/2007,YNG,OH,AGL,CE,Combined TRACON& Tower with Radar,0,6,10,0,16,0,31,2,0,33,0,37,12,0,49,22,12,34,83
08/06/2007,YNG,OH,AGL,CE,Combined TRACON& Tower with Radar,0,0,8,24,32,0,0,0,47,47,0,0,8,71,79,4,68,72,151
08/07/2007,YNG,OH,AGL,CE,Combined TRACON& Tower with Radar,0,1,20,11,32,0,0,6,16,22,0,1,26,27,54,24,24,48,102
08/08/2007,YNG,OH,AGL,CE,Combined TRACON& Tower with Radar,0,7,54,50,111,0,0,42,118,160,0,7,96,168,271,74,164,238,509
08/09/2007,YNG,OH,AGL,CE,Combined TRACON& Tower with Radar,0,0,37,0,37,0,0,7,0,7,0,0,44,0,44,42,0,42,86
08/10/2007,YNG,OH,AGL,CE,Combined TRACON& Tower with Radar,0,0,47,30,77,0,0,36,2,38,0,0,83,32,115,68,32,100,215
08/11/2007,YNG,OH,AGL,CE,Combined TRACON& Tower with Radar,0,0,18,0,18,0,0,0,0,0,0,0,18,0,18,50,0,50,68
08/12/2007,YNG,OH,AGL,CE,Combined TRACON& Tower with Radar,0,0,40,0,40,0,0,123,0,123,0,0,163,0,163,122,0,122,285
08/13/2007,YNG,OH,AGL,CE,Combined TRACON& Tower with Radar,2,2,23,26,53,0,0,0,0,0,2,2,23,26,53,94,58,152,205
08/14/2007,YNG,OH,AGL,CE,Combined TRACON& Tower with Radar,0,0,30,15,45,0,0,10,0,10,0,0,40,15,55,76,68,144,199
08/15/2007,YNG,OH,AGL,CE,Combined TRACON& Tower with Radar,0,0,29,7,36,0,0,0,0,0,0,0,29,7,36,72,60,132,168
08/16/2007,YNG,OH,AGL,CE,Combined TRACON& Tower with Radar,0,0,32,60,92,0,0,12,15,27,0,0,44,75,119,28,66,94,213
08/17/2007,YNG,OH,AGL,CE,Combined TRACON& Tower with Radar,0,0,46,0,46,0,0,60,0,60,0,0,106,0,106,77,0,77,183
08/18/2007,YNG,OH,AGL,CE,Combined TRACON& Tower with Radar,0,0,45,0,45,0,0,50,0,50,0,0,95,0,95,64,0,64,159
08/19/2007,YNG,OH,AGL,CE,Combined TRACON& Tower with Radar,0,0,2,0,2,0,0,0,0,0,0,0,2,0,2,2,0,2,4
08/20/2007,YNG,OH,AGL,CE,Combined TRACON& Tower with Radar,0,0,0,0,0,0,0,0,0,0,0,0,0,0,0,0,0,0,0
08/21/2007,YNG,OH,AGL,CE,Combined TRACON& Tower with Radar,0,0,10,88,98,0,0,0,36,36,0,0,10,124,134,10,124,134,268
08/22/2007,YNG,OH,AGL,CE,Combined TRACON& Tower with Radar,0,0,26,34,60,0,0,18,69,87,0,0,44,103,147,44,102,146,293
08/23/2007,YNG,OH,AGL,CE,Combined TRACON& Tower with Radar,0,2,6,51,59,0,0,0,34,34,0,2,6,85,93,0,76,76,169
08/24/2007,YNG,OH,AGL,CE,Combined TRACON& Tower with Radar,0,0,25,0,25,0,0,0,0,0,0,0,25,0,25,100,26,126,151
08/25/2007,YNG,OH,AGL,CE,Combined TRACON& Tower with Radar,0,0,27,0,27,0,0,39,0,39,0,0,66,0,66,58,0,58,124
08/26/2007,YNG,OH,AGL,CE,Combined TRACON& Tower with Radar,0,0,55,6,61,0,0,134,8,142,0,0,189,14,203,150,12,162,365
08/27/2007,YNG,OH,AGL,CE,Combined TRACON& Tower with Radar,0,1,43,4,48,0,0,1,0,1,0,1,44,4,49,118,58,176,225
08/28/2007,YNG,OH,AGL,CE,Combined TRACON& Tower with Radar,3,7,40,21,71,0,0,0,0,0,3,7,40,21,71,106,46,152,223
08/29/2007,YNG,OH,AGL,CE,Combined TRACON& Tower with Radar,0,0,55,49,104,0,0,48,91,139,0,0,103,140,243,84,138,222,465
08/30/2007,YNG,OH,AGL,CE,Combined TRACON& Tower with Radar,0,0,38,33,71,0,0,0,21,21,0,0,38,54,92,34,54,88,180
08/31/2007,YNG,OH,AGL,CE,Combined TRACON& Tower with Radar,0,0,76,2,78,0,0,158,39,197,0,0,234,41,275,174,10,184,459
09/01/2007,YNG,OH,AGL,CE,Combined TRACON& Tower with Radar,0,0,49,0,49,0,0,69,0,69,0,0,118,0,118,78,0,78,196
09/02/2007,YNG,OH,AGL,CE,Combined TRACON& Tower with Radar,0,0,51,0,51,0,0,100,0,100,0,0,151,0,151,114,0,114,265
09/03/2007,YNG,OH,AGL,CE,Combined TRACON& Tower with Radar,0,1,22,0,23,0,0,0,0,0,0,1,22,0,23,20,0,20,43
09/04/2007,YNG,OH,AGL,CE,Combined TRACON& Tower with Radar,0,30,52,14,96,0,6,0,0,6,0,36,52,14,102,112,36,148,250
09/05/2007,YNG,OH,AGL,CE,Combined TRACON& Tower with Radar,0,0,40,31,71,0,0,78,99,177,0,0,118,130,248,88,92,180,428
09/06/2007,YNG,OH,AGL,CE,Combined TRACON& Tower with Radar,0,2,69,29,100,0,0,76,41,117,0,2,145,70,217,104,60,164,381
09/07/2007,YNG,OH,AGL,CE,Combined TRACON& Tower with Radar,0,2,27,23,52,0,0,88,87,175,0,2,115,110,227,98,96,194,421
09/08/2007,YNG,OH,AGL,CE,Combined TRACON& Tower with Radar,0,0,8,8,16,0,2,35,14,51,0,2,43,22,67,42,14,56,123
09/09/2007,YNG,OH,AGL,CE,Combined TRACON& Tower with Radar,0,0,0,0,0,0,0,0,0,0,0,0,0,0,0,0,0,0,0
09/10/2007,YNG,OH,AGL,CE,Combined TRACON& Tower with Radar,0,1,21,11,33,0,0,0,0,0,0,1,21,11,33,88,72,160,193
09/11/2007,YNG,OH,AGL,CE,Combined TRACON& Tower with Radar,0,0,11,8,19,0,0,0,0,0,0,0,11,8,19,54,80,134,153
09/12/2007,YNG,OH,AGL,CE,Combined TRACON& Tower with Radar,0,0,61,75,136,0,0,84,67,151,0,0,145,142,287,96,138,234,521
09/13/2007,YNG,OH,AGL,CE,Combined TRACON& Tower with Radar,0,1,75,43,119,0,0,112,46,158,0,1,187,89,277,130,78,208,485
09/14/2007,YNG,OH,AGL,CE,Combined TRACON& Tower with Radar,1,2,49,33,85,0,0,0,0,0,1,2,49,33,85,103,114,217,302
09/15/2007,YNG,OH,AGL,CE,Combined TRACON& Tower with Radar,3,1,24,9,37,0,0,0,0,0,3,1,24,9,37,76,0,76,113
09/16/2007,YNG,OH,AGL,CE,Combined TRACON& Tower with Radar,0,3,22,7,32,0,0,0,0,0,0,3,22,7,32,108,0,108,140
09/17/2007,YNG,OH,AGL,CE,Combined TRACON& Tower with Radar,2,4,33,23,62,0,0,0,0,0,2,4,33,23,62,96,88,184,246
09/18/2007,YNG,OH,AGL,CE,Combined TRACON& Tower with Radar,0,0,61,32,93,0,0,133,87,220,0,0,194,119,313,152,114,266,579
09/19/2007,YNG,OH,AGL,CE,Combined TRACON& Tower with Radar,0,0,40,54,94,0,0,102,133,235,0,0,142,187,329,108,164,272,601
09/20/2007,YNG,OH,AGL,CE,Combined TRACON& Tower with Radar,0,0,22,23,45,0,0,101,117,218,0,0,123,140,263,98,115,213,476
09/21/2007,YNG,OH,AGL,CE,Combined TRACON& Tower with Radar,0,0,2,7,9,0,0,184,71,255,0,0,186,78,264,154,72,226,490
09/22/2007,YNG,OH,AGL,CE,Combined TRACON& Tower with Radar,0,0,42,0,42,0,0,4,0,4,0,0,46,0,46,96,0,96,142
09/23/2007,YNG,OH,AGL,CE,Combined TRACON& Tower with Radar,0,0,20,0,20,0,0,9,0,9,0,0,29,0,29,90,2,92,121
09/24/2007,YNG,OH,AGL,CE,Combined TRACON& Tower with Radar,0,0,65,2,67,0,0,88,0,88,0,0,153,2,155,118,2,120,275
09/25/2007,YNG,OH,AGL,CE,Combined TRACON& Tower with Radar,0,0,41,16,57,0,0,94,0,94,0,0,135,16,151,104,14,118,269
09/26/2007,YNG,OH,AGL,CE,Combined TRACON& Tower with Radar,0,0,31,23,54,0,0,35,27,62,0,0,66,50,116,66,44,110,226
09/27/2007,YNG,OH,AGL,CE,Combined TRACON& Tower with Radar,0,0,8,0,8,0,0,0,0,0,0,0,8,0,8,6,0,6,14
09/28/2007,YNG,OH,AGL,CE,Combined TRACON& Tower with Radar,0,0,44,0,44,0,0,35,0,35,0,0,79,0,79,66,0,66,145
09/29/2007,YNG,OH,AGL,CE,Combined TRACON& Tower with Radar,4,2,46,2,54,0,0,0,0,0,4,2,46,2,54,98,0,98,152
09/30/2007,YNG,OH,AGL,CE,Combined TRACON& Tower with Radar,2,10,51,2,65,1,0,0,0,1,3,10,51,2,66,120,0,120,186
10/01/2007,YNG,OH,AGL,CE,Combined TRACON& Tower with Radar,3,1,21,13,38,0,33,0,0,33,3,34,21,13,71,50,36,86,157
10/02/2007,YNG,OH,AGL,CE,Combined TRACON& Tower with Radar,0,9,37,28,74,0,0,27,21,48,0,9,64,49,122,88,116,204,326
10/03/2007,YNG,OH,AGL,CE,Combined TRACON& Tower with Radar,0,2,7,69,78,0,2,23,0,25,0,4,30,69,103,60,198,258,361
10/04/2007,YNG,OH,AGL,CE,Combined TRACON& Tower with Radar,1,4,24,27,56,0,0,44,9,53,1,4,68,36,109,108,72,180,289
10/05/2007,YNG,OH,AGL,CE,Combined TRACON& Tower with Radar,5,0,26,6,37,0,3,39,8,50,5,3,65,14,87,52,56,108,195
10/06/2007,YNG,OH,AGL,CE,Combined TRACON& Tower with Radar,2,6,20,0,28,0,0,37,0,37,2,6,57,0,65,76,0,76,141
10/07/2007,YNG,OH,AGL,CE,Combined TRACON& Tower with Radar,3,5,13,1,22,0,0,24,0,24,3,5,37,1,46,30,0,30,76
10/08/2007,YNG,OH,AGL,CE,Combined TRACON& Tower with Radar,0,1,31,0,32,0,0,15,0,15,0,1,46,0,47,70,0,70,117
10/09/2007,YNG,OH,AGL,CE,Combined TRACON& Tower with Radar,0,4,26,14,44,0,1,22,3,26,0,5,48,17,70,46,50,96,166
10/10/2007,YNG,OH,AGL,CE,Combined TRACON& Tower with Radar,0,2,60,43,105,0,1,14,16,31,0,3,74,59,136,94,98,192,328
10/11/2007,YNG,OH,AGL,CE,Combined TRACON& Tower with Radar,0,0,26,31,57,0,0,5,0,5,0,0,31,31,62,2,44,46,108
10/12/2007,YNG,OH,AGL,CE,Combined TRACON& Tower with Radar,4,0,28,26,58,0,0,11,12,23,4,0,39,38,81,100,56,156,237
10/13/2007,YNG,OH,AGL,CE,Combined TRACON& Tower with Radar,4,4,13,6,27,0,0,0,0,0,4,4,13,6,27,74,6,80,107
10/14/2007,YNG,OH,AGL,CE,Combined TRACON& Tower with Radar,0,1,45,29,75,0,1,36,0,37,0,2,81,29,112,126,80,206,318
10/15/2007,YNG,OH,AGL,CE,Combined TRACON& Tower with Radar,0,0,31,30,61,0,0,28,5,33,0,0,59,35,94,54,90,144,238
10/16/2007,YNG,OH,AGL,CE,Combined TRACON& Tower with Radar,0,6,49,51,106,0,0,0,0,0,0,6,49,51,106,135,99,234,340
10/17/2007,YNG,OH,AGL,CE,Combined TRACON& Tower with Radar,0,3,27,42,72,0,0,5,0,5,0,3,32,42,77,24,52,76,153
10/18/2007,YNG,OH,AGL,CE,Combined TRACON& Tower with Radar,0,6,29,44,79,0,0,2,5,7,0,6,31,49,86,22,88,110,196
10/19/2007,YNG,OH,AGL,CE,Combined TRACON& Tower with Radar,2,6,32,12,52,0,1,0,0,1,2,7,32,12,53,16,16,32,85
10/20/2007,YNG,OH,AGL,CE,Combined TRACON& Tower with Radar,2,6,22,1,31,0,2,11,0,13,2,8,33,1,44,22,0,22,66
10/21/2007,YNG,OH,AGL,CE,Combined TRACON& Tower with Radar,0,1,46,2,49,0,0,35,0,35,0,1,81,2,84,100,0,100,184
10/22/2007,YNG,OH,AGL,CE,Combined TRACON& Tower with Radar,0,10,35,27,72,0,0,30,2,32,0,10,65,29,104,90,80,170,274
10/23/2007,YNG,OH,AGL,CE,Combined TRACON& Tower with Radar,0,1,26,34,61,0,0,0,0,0,0,1,26,34,61,12,78,90,151
10/24/2007,YNG,OH,AGL,CE,Combined TRACON& Tower with Radar,0,11,66,39,116,0,3,38,17,58,0,14,104,56,174,168,112,280,454
10/25/2007,YNG,OH,AGL,CE,Combined TRACON& Tower with Radar,0,6,42,26,74,0,0,15,11,26,0,6,57,37,100,42,38,80,180
10/26/2007,YNG,OH,AGL,CE,Combined TRACON& Tower with Radar,1,2,30,20,53,0,0,0,0,0,1,2,30,20,53,15,16,31,84
10/27/2007,YNG,OH,AGL,CE,Combined TRACON& Tower with Radar,2,1,17,3,23,0,0,0,0,0,2,1,17,3,23,0,2,2,25
10/28/2007,YNG,OH,AGL,CE,Combined TRACON& Tower with Radar,2,5,37,3,47,0,0,16,0,16,2,5,53,3,63,114,0,114,177
10/29/2007,YNG,OH,AGL,CE,Combined TRACON& Tower with Radar,0,7,46,30,83,0,2,38,18,58,0,9,84,48,141,60,128,188,329
10/30/2007,YNG,OH,AGL,CE,Combined TRACON& Tower with Radar,0,5,52,42,99,0,0,39,8,47,0,5,91,50,146,122,100,222,368
10/31/2007,YNG,OH,AGL,CE,Combined TRACON& Tower with Radar,0,0,34,20,54,0,0,20,18,38,0,0,54,38,92,88,76,164,256
11/01/2007,YNG,OH,AGL,CE,Combined TRACON& Tower with Radar,0,3,39,28,70,0,0,13,32,45,0,3,52,60,115,86,104,190,305
11/02/2007,YNG,OH,AGL,CE,Combined TRACON& Tower with Radar,0,2,31,17,50,0,0,44,12,56,0,2,75,29,106,77,46,123,229
11/03/2007,YNG,OH,AGL,CE,Combined TRACON& Tower with Radar,0,6,28,6,40,0,0,49,0,49,0,6,77,6,89,122,4,126,215
11/04/2007,YNG,OH,AGL,CE,Combined TRACON& Tower with Radar,1,2,40,8,51,0,0,13,0,13,1,2,53,8,64,74,0,74,138
11/05/2007,YNG,OH,AGL,CE,Combined TRACON& Tower with Radar,0,0,19,11,30,0,0,5,4,9,0,0,24,15,39,26,24,50,89
11/06/2007,YNG,OH,AGL,CE,Combined TRACON& Tower with Radar,1,0,9,0,10,0,0,3,0,3,1,0,12,0,13,0,0,0,13
11/07/2007,YNG,OH,AGL,CE,Combined TRACON& Tower with Radar,0,7,31,28,66,0,0,0,0,0,0,7,31,28,66,37,72,109,175
11/08/2007,YNG,OH,AGL,CE,Combined TRACON& Tower with Radar,0,15,42,27,84,0,0,0,0,0,0,15,42,27,84,58,56,114,198
11/09/2007,YNG,OH,AGL,CE,Combined TRACON& Tower with Radar,1,12,25,1,39,0,0,11,0,11,1,12,36,1,50,26,0,26,76
11/10/2007,YNG,OH,AGL,CE,Combined TRACON& Tower with Radar,0,0,30,0,30,0,0,4,0,4,0,0,34,0,34,24,0,24,58
11/11/2007,YNG,OH,AGL,CE,Combined TRACON& Tower with Radar,0,3,25,0,28,0,0,2,0,2,0,3,27,0,30,24,6,30,60
11/12/2007,YNG,OH,AGL,CE,Combined TRACON& Tower with Radar,2,3,17,0,22,0,2,0,0,2,2,5,17,0,24,34,0,34,58
11/13/2007,YNG,OH,AGL,CE,Combined TRACON& Tower with Radar,0,0,63,40,103,0,0,39,16,55,0,0,102,56,158,100,76,176,334
11/14/2007,YNG,OH,AGL,CE,Combined TRACON& Tower with Radar,0,6,23,14,43,0,0,1,0,1,0,6,24,14,44,8,0,8,52
11/15/2007,YNG,OH,AGL,CE,Combined TRACON& Tower with Radar,0,2,22,2,26,0,0,1,0,1,0,2,23,2,27,6,0,6,33
11/16/2007,YNG,OH,AGL,CE,Combined TRACON& Tower with Radar,2,5,18,1,26,0,0,0,0,0,2,5,18,1,26,0,0,0,26
11/17/2007,YNG,OH,AGL,CE,Combined TRACON& Tower with Radar,1,1,27,32,61,0,0,3,3,6,1,1,30,35,67,34,46,80,147
11/18/2007,YNG,OH,AGL,CE,Combined TRACON& Tower with Radar,1,4,36,22,63,0,0,0,0,0,1,4,36,22,63,46,14,60,123
11/19/2007,YNG,OH,AGL,CE,Combined TRACON& Tower with Radar,2,15,42,36,95,0,0,72,15,87,2,15,114,51,182,64,60,124,306
11/20/2007,YNG,OH,AGL,CE,Combined TRACON& Tower with Radar,1,3,71,62,137,0,0,0,6,6,1,3,71,68,143,58,116,174,317
11/21/2007,YNG,OH,AGL,CE,Combined TRACON& Tower with Radar,0,0,27,50,77,0,0,4,12,16,0,0,31,62,93,42,138,180,273
11/22/2007,YNG,OH,AGL,CE,Combined TRACON& Tower with Radar,1,4,0,0,5,0,0,0,0,0,1,4,0,0,5,0,0,0,5
11/23/2007,YNG,OH,AGL,CE,Combined TRACON& Tower with Radar,2,1,11,1,15,0,0,4,0,4,2,1,15,1,19,16,0,16,35
11/24/2007,YNG,OH,AGL,CE,Combined TRACON& Tower with Radar,3,7,46,0,56,0,0,18,0,18,3,7,64,0,74,54,0,54,128
11/25/2007,YNG,OH,AGL,CE,Combined TRACON& Tower with Radar,0,3,47,0,50,0,0,23,0,23,0,3,70,0,73,112,0,112,185
11/26/2007,YNG,OH,AGL,CE,Combined TRACON& Tower with Radar,2,2,12,2,18,0,0,0,0,0,2,2,12,2,18,0,0,0,18
11/27/2007,YNG,OH,AGL,CE,Combined TRACON& Tower with Radar,2,2,29,19,52,0,2,5,5,12,2,4,34,24,64,12,16,28,92
11/28/2007,YNG,OH,AGL,CE,Combined TRACON& Tower with Radar,0,4,70,36,110,0,1,17,21,39,0,5,87,57,149,112,118,230,379
11/29/2007,YNG,OH,AGL,CE,Combined TRACON& Tower with Radar,0,1,21,14,36,0,0,5,6,11,0,1,26,20,47,6,40,46,93
11/30/2007,YNG,OH,AGL,CE,Combined TRACON& Tower with Radar,3,29,23,13,68,0,2,11,0,13,3,31,34,13,81,38,22,60,141
12/01/2007,YNG,OH,AGL,CE,Combined TRACON& Tower with Radar,0,2,65,2,69,0,0,42,3,45,0,2,107,5,114,102,0,102,216
12/02/2007,YNG,OH,AGL,CE,Combined TRACON& Tower with Radar,6,4,4,6,20,0,0,0,0,0,6,4,4,6,20,0,0,0,20
12/03/2007,YNG,OH,AGL,CE,Combined TRACON& Tower with Radar,4,0,11,5,20,0,0,0,0,0,4,0,11,5,20,0,4,4,24
12/04/2007,YNG,OH,AGL,CE,Combined TRACON& Tower with Radar,0,2,16,19,37,0,0,0,8,8,0,2,16,27,45,0,32,32,77
12/05/2007,YNG,OH,AGL,CE,Combined TRACON& Tower with Radar,0,5,16,24,45,0,0,0,0,0,0,5,16,24,45,0,44,44,89
12/06/2007,YNG,OH,AGL,CE,Combined TRACON& Tower with Radar,0,1,46,32,79,0,0,25,6,31,0,1,71,38,110,64,30,94,204
12/07/2007,YNG,OH,AGL,CE,Combined TRACON& Tower with Radar,4,0,19,3,26,0,0,0,0,0,4,0,19,3,26,0,0,0,26
12/08/2007,YNG,OH,AGL,CE,Combined TRACON& Tower with Radar,0,6,46,6,58,0,0,26,0,26,0,6,72,6,84,82,0,82,166
12/09/2007,YNG,OH,AGL,CE,Combined TRACON& Tower with Radar,3,1,4,1,9,0,0,0,0,0,3,1,4,1,9,0,0,0,9
12/10/2007,YNG,OH,AGL,CE,Combined TRACON& Tower with Radar,3,1,9,4,17,0,0,0,0,0,3,1,9,4,17,0,18,18,35
12/11/2007,YNG,OH,AGL,CE,Combined TRACON& Tower with Radar,0,2,40,0,42,0,0,0,0,0,0,2,40,0,42,16,0,16,58
12/12/2007,YNG,OH,AGL,CE,Combined TRACON& Tower with Radar,0,3,32,33,68,0,0,10,1,11,0,3,42,34,79,40,84,124,203
12/13/2007,YNG,OH,AGL,CE,Combined TRACON& Tower with Radar,0,1,15,0,16,0,0,0,0,0,0,1,15,0,16,0,0,0,16
12/14/2007,YNG,OH,AGL,CE,Combined TRACON& Tower with Radar,4,0,27,12,43,0,0,3,13,16,4,0,30,25,59,30,46,76,135
12/15/2007,YNG,OH,AGL,CE,Combined TRACON& Tower with Radar,0,0,13,2,15,0,0,8,0,8,0,0,21,2,23,40,0,40,63
12/16/2007,YNG,OH,AGL,CE,Combined TRACON& Tower with Radar,0,0,9,1,10,0,0,0,0,0,0,0,9,1,10,0,0,0,10
12/17/2007,YNG,OH,AGL,CE,Combined TRACON& Tower with Radar,1,5,17,3,26,0,0,1,0,1,1,5,18,3,27,2,0,2,29
12/18/2007,YNG,OH,AGL,CE,Combined TRACON& Tower with Radar,0,4,28,9,41,0,2,45,3,50,0,6,73,12,91,85,2,87,178
12/19/2007,YNG,OH,AGL,CE,Combined TRACON& Tower with Radar,0,8,30,68,106,0,0,7,11,18,0,8,37,79,124,34,176,210,334
12/20/2007,YNG,OH,AGL,CE,Combined TRACON& Tower with Radar,0,3,17,22,42,0,0,0,7,7,0,3,17,29,49,100,74,174,223
12/21/2007,YNG,OH,AGL,CE,Combined TRACON& Tower with Radar,2,1,17,19,39,0,0,19,0,19,2,1,36,19,58,56,36,92,150
12/22/2007,YNG,OH,AGL,CE,Combined TRACON& Tower with Radar,0,0,36,0,36,0,0,21,0,21,0,0,57,0,57,54,0,54,111
12/23/2007,YNG,OH,AGL,CE,Combined TRACON& Tower with Radar,0,8,1,1,10,0,0,0,0,0,0,8,1,1,10,2,2,4,14
12/24/2007,YNG,OH,AGL,CE,Combined TRACON& Tower with Radar,2,7,5,0,14,0,0,5,0,5,2,7,10,0,19,18,0,18,37
12/25/2007,YNG,OH,AGL,CE,Combined TRACON& Tower with Radar,0,0,0,0,0,0,0,1,0,1,0,0,1,0,1,2,0,2,3
12/26/2007,YNG,OH,AGL,CE,Combined TRACON& Tower with Radar,0,2,24,23,49,0,0,23,6,29,0,2,47,29,78,62,54,116,194
12/27/2007,YNG,OH,AGL,CE,Combined TRACON& Tower with Radar,0,3,10,68,81,0,0,0,0,0,0,3,10,68,81,0,96,96,177
12/28/2007,YNG,OH,AGL,CE,Combined TRACON& Tower with Radar,0,2,26,9,37,0,0,11,0,11,0,2,37,9,48,14,42,56,104
12/29/2007,YNG,OH,AGL,CE,Combined TRACON& Tower with Radar,0,4,22,0,26,0,0,2,0,2,0,4,24,0,28,56,0,56,84
12/30/2007,YNG,OH,AGL,CE,Combined TRACON& Tower with Radar,0,5,44,1,50,0,0,15,0,15,0,5,59,1,65,60,0,60,125
12/31/2007,YNG,OH,AGL,CE,Combined TRACON& Tower with Radar,0,7,18,0,25,0,0,18,0,18,0,7,36,0,43,70,2,72,115
01/01/2008,YNG,OH,AGL,CE,Combined TRACON& Tower with Radar,0,0,2,0,2,0,0,0,0,0,0,0,2,0,2,0,0,0,2
01/02/2008,YNG,OH,AGL,CE,Combined TRACON& Tower with Radar,0,2,12,34,48,0,0,0,0,0,0,2,12,34,48,12,70,82,130
01/03/2008,YNG,OH,AGL,CE,Combined TRACON& Tower with Radar,0,0,4,10,14,0,0,8,3,11,0,0,12,13,25,12,18,30,55
01/04/2008,YNG,OH,AGL,CE,Combined TRACON& Tower with Radar,4,3,11,16,34,0,0,12,0,12,4,3,23,16,46,26,28,54,100
01/05/2008,YNG,OH,AGL,CE,Combined TRACON& Tower with Radar,0,7,24,3,34,0,3,2,0,5,0,10,26,3,39,33,0,33,72
01/06/2008,YNG,OH,AGL,CE,Combined TRACON& Tower with Radar,2,0,52,4,58,0,0,0,0,0,2,0,52,4,58,40,0,40,98
01/07/2008,YNG,OH,AGL,CE,Combined TRACON& Tower with Radar,0,2,34,26,62,0,1,4,1,6,0,3,38,27,68,40,76,116,184
01/08/2008,YNG,OH,AGL,CE,Combined TRACON& Tower with Radar,0,2,35,26,63,0,5,4,4,13,0,7,39,30,76,46,46,92,168
01/09/2008,YNG,OH,AGL,CE,Combined TRACON& Tower with Radar,0,8,12,64,84,0,8,0,0,8,0,16,12,64,92,24,234,258,350
01/10/2008,YNG,OH,AGL,CE,Combined TRACON& Tower with Radar,0,0,39,0,39,0,0,6,0,6,0,0,45,0,45,52,182,234,279
01/11/2008,YNG,OH,AGL,CE,Combined TRACON& Tower with Radar,4,1,16,28,49,0,0,3,2,5,4,1,19,30,54,2,54,56,110
01/12/2008,YNG,OH,AGL,CE,Combined TRACON& Tower with Radar,0,2,43,2,47,0,0,30,0,30,0,2,73,2,77,132,2,134,211
01/13/2008,YNG,OH,AGL,CE,Combined TRACON& Tower with Radar,2,0,15,2,19,0,0,10,0,10,2,0,25,2,29,30,0,30,59
01/14/2008,YNG,OH,AGL,CE,Combined TRACON& Tower with Radar,2,3,26,0,31,0,13,49,0,62,2,16,75,0,93,10,92,102,195
01/15/2008,YNG,OH,AGL,CE,Combined TRACON& Tower with Radar,0,2,26,0,28,0,0,0,0,0,0,2,26,0,28,12,0,12,40
01/16/2008,YNG,OH,AGL,CE,Combined TRACON& Tower with Radar,0,4,62,28,94,0,2,23,13,38,0,6,85,41,132,106,86,192,324
01/17/2008,YNG,OH,AGL,CE,Combined TRACON& Tower with Radar,0,2,42,12,56,0,0,1,0,1,0,2,43,12,57,30,10,40,97
01/18/2008,YNG,OH,AGL,CE,Combined TRACON& Tower with Radar,2,5,26,29,62,0,1,15,18,34,2,6,41,47,96,64,100,164,260
01/19/2008,YNG,OH,AGL,CE,Combined TRACON& Tower with Radar,0,0,11,0,11,0,0,1,0,1,0,0,12,0,12,4,0,4,16
01/20/2008,YNG,OH,AGL,CE,Combined TRACON& Tower with Radar,0,2,5,5,12,0,0,0,0,0,0,2,5,5,12,18,4,22,34
01/21/2008,YNG,OH,AGL,CE,Combined TRACON& Tower with Radar,4,1,68,0,73,0,0,38,0,38,4,1,106,0,111,128,0,128,239
01/22/2008,YNG,OH,AGL,CE,Combined TRACON& Tower with Radar,0,1,12,0,13,0,0,0,0,0,0,1,12,0,13,0,0,0,13
01/23/2008,YNG,OH,AGL,CE,Combined TRACON& Tower with Radar,0,5,33,41,79,0,3,15,3,21,0,8,48,44,100,56,76,132,232
01/24/2008,YNG,OH,AGL,CE,Combined TRACON& Tower with Radar,2,1,25,3,31,0,0,0,0,0,2,1,25,3,31,10,0,10,41
01/25/2008,YNG,OH,AGL,CE,Combined TRACON& Tower with Radar,2,2,39,12,55,0,0,24,1,25,2,2,63,13,80,28,32,60,140
01/26/2008,YNG,OH,AGL,CE,Combined TRACON& Tower with Radar,2,0,6,1,9,1,0,6,0,7,3,0,12,1,16,4,0,4,20
01/27/2008,YNG,OH,AGL,CE,Combined TRACON& Tower with Radar,3,0,4,0,7,0,0,0,0,0,3,0,4,0,7,0,0,0,7
01/28/2008,YNG,OH,AGL,CE,Combined TRACON& Tower with Radar,2,2,39,10,53,0,1,31,0,32,2,3,70,10,85,64,32,96,181
01/29/2008,YNG,OH,AGL,CE,Combined TRACON& Tower with Radar,0,1,18,11,30,0,0,1,4,5,0,1,19,15,35,8,22,30,65
01/30/2008,YNG,OH,AGL,CE,Combined TRACON& Tower with Radar,0,0,10,39,49,0,0,2,14,16,0,0,12,53,65,2,117,119,184
01/31/2008,YNG,OH,AGL,CE,Combined TRACON& Tower with Radar,0,4,26,48,78,0,0,6,22,28,0,4,32,70,106,120,102,222,328
02/01/2008,YNG,OH,AGL,CE,Combined TRACON& Tower with Radar,3,0,7,5,15,0,0,0,0,0,3,0,7,5,15,0,0,0,15
02/02/2008,YNG,OH,AGL,CE,Combined TRACON& Tower with Radar,2,1,6,1,10,0,0,0,0,0,2,1,6,1,10,0,0,0,10
02/03/2008,YNG,OH,AGL,CE,Combined TRACON& Tower with Radar,0,1,49,9,59,0,0,9,2,11,0,1,58,11,70,86,4,90,160
02/04/2008,YNG,OH,AGL,CE,Combined TRACON& Tower with Radar,5,3,9,7,24,0,0,0,0,0,5,3,9,7,24,4,14,18,42
02/05/2008,YNG,OH,AGL,CE,Combined TRACON& Tower with Radar,0,0,9,0,9,0,0,0,0,0,0,0,9,0,9,0,0,0,9
02/06/2008,YNG,OH,AGL,CE,Combined TRACON& Tower with Radar,0,2,12,0,14,0,0,0,0,0,0,2,12,0,14,0,0,0,14
02/07/2008,YNG,OH,AGL,CE,Combined TRACON& Tower with Radar,0,6,17,64,87,0,0,0,0,0,0,6,17,64,87,4,86,90,177
02/08/2008,YNG,OH,AGL,CE,Combined TRACON& Tower with Radar,4,5,43,20,72,0,0,2,0,2,4,5,45,20,74,102,46,148,222
02/09/2008,YNG,OH,AGL,CE,Combined TRACON& Tower with Radar,0,1,8,0,9,0,0,0,0,0,0,1,8,0,9,6,0,6,15
02/10/2008,YNG,OH,AGL,CE,Combined TRACON& Tower with Radar,2,0,3,0,5,0,0,0,0,0,2,0,3,0,5,0,0,0,5
02/11/2008,YNG,OH,AGL,CE,Combined TRACON& Tower with Radar,2,7,19,21,49,0,0,13,1,14,2,7,32,22,63,60,64,124,187
02/12/2008,YNG,OH,AGL,CE,Combined TRACON& Tower with Radar,0,0,5,0,5,0,0,0,0,0,0,0,5,0,5,0,0,0,5
02/13/2008,YNG,OH,AGL,CE,Combined TRACON& Tower with Radar,0,2,13,0,15,0,0,0,0,0,0,2,13,0,15,26,0,26,41
02/14/2008,YNG,OH,AGL,CE,Combined TRACON& Tower with Radar,4,6,32,5,47,0,0,21,0,21,4,6,53,5,68,84,2,86,154
02/15/2008,YNG,OH,AGL,CE,Combined TRACON& Tower with Radar,4,0,16,5,25,0,0,1,0,1,4,0,17,5,26,0,0,0,26
02/16/2008,YNG,OH,AGL,CE,Combined TRACON& Tower with Radar,0,0,44,0,44,0,0,47,0,47,0,0,91,0,91,118,1,119,210
02/17/2008,YNG,OH,AGL,CE,Combined TRACON& Tower with Radar,2,1,3,4,10,0,0,0,0,0,2,1,3,4,10,0,0,0,10
02/18/2008,YNG,OH,AGL,CE,Combined TRACON& Tower with Radar,5,1,11,3,20,0,0,0,0,0,5,1,11,3,20,0,0,0,20
02/19/2008,YNG,OH,AGL,CE,Combined TRACON& Tower with Radar,2,5,26,21,54,0,0,0,0,0,2,5,26,21,54,8,55,63,117
02/20/2008,YNG,OH,AGL,CE,Combined TRACON& Tower with Radar,1,3,25,20,49,0,0,0,0,0,1,3,25,20,49,18,54,72,121
02/21/2008,YNG,OH,AGL,CE,Combined TRACON& Tower with Radar,1,2,69,25,97,0,0,35,4,39,1,2,104,29,136,142,26,168,304
02/22/2008,YNG,OH,AGL,CE,Combined TRACON& Tower with Radar,4,2,7,2,15,0,0,0,0,0,4,2,7,2,15,0,0,0,15
02/23/2008,YNG,OH,AGL,CE,Combined TRACON& Tower with Radar,0,1,27,6,34,0,0,18,0,18,0,1,45,6,52,56,16,72,124
02/24/2008,YNG,OH,AGL,CE,Combined TRACON& Tower with Radar,4,0,43,3,50,0,0,60,0,60,4,0,103,3,110,156,2,158,268
02/25/2008,YNG,OH,AGL,CE,Combined TRACON& Tower with Radar,2,0,33,21,56,0,0,1,4,5,2,0,34,25,61,32,90,122,183
02/26/2008,YNG,OH,AGL,CE,Combined TRACON& Tower with Radar,2,2,4,0,8,0,0,0,0,0,2,2,4,0,8,0,0,0,8
02/27/2008,YNG,OH,AGL,CE,Combined TRACON& Tower with Radar,0,8,9,17,34,0,0,0,0,0,0,8,9,17,34,0,22,22,56
02/28/2008,YNG,OH,AGL,CE,Combined TRACON& Tower with Radar,0,0,34,31,65,0,0,10,4,14,0,0,44,35,79,32,40,72,151
02/29/2008,YNG,OH,AGL,CE,Combined TRACON& Tower with Radar,4,1,13,6,24,0,0,0,0,0,4,1,13,6,24,0,0,0,24
03/01/2008,YNG,OH,AGL,CE,Combined TRACON& Tower with Radar,0,2,3,0,5,0,0,1,0,1,0,2,4,0,6,0,0,0,6
03/02/2008,YNG,OH,AGL,CE,Combined TRACON& Tower with Radar,2,4,43,3,52,0,0,0,0,0,2,4,43,3,52,108,18,126,178
03/03/2008,YNG,OH,AGL,CE,Combined TRACON& Tower with Radar,1,5,10,9,25,0,0,0,15,15,1,5,10,24,40,20,66,86,126
03/04/2008,YNG,OH,AGL,CE,Combined TRACON& Tower with Radar,0,2,0,0,2,0,0,0,0,0,0,2,0,0,2,0,0,0,2
03/05/2008,YNG,OH,AGL,CE,Combined TRACON& Tower with Radar,0,1,1,16,18,0,0,0,6,6,0,1,1,22,24,2,92,94,118
03/06/2008,YNG,OH,AGL,CE,Combined TRACON& Tower with Radar,0,6,0,9,15,0,0,0,0,0,0,6,0,9,15,44,106,150,165
03/07/2008,YNG,OH,AGL,CE,Combined TRACON& Tower with Radar,3,0,0,0,3,0,0,0,0,0,3,0,0,0,3,6,0,6,9
03/08/2008,YNG,OH,AGL,CE,Combined TRACON& Tower with Radar,2,0,0,0,2,0,0,0,0,0,2,0,0,0,2,0,0,0,2
03/09/2008,YNG,OH,AGL,CE,Combined TRACON& Tower with Radar,2,1,5,0,8,0,0,0,0,0,2,1,5,0,8,4,2,6,14
03/10/2008,YNG,OH,AGL,CE,Combined TRACON& Tower with Radar,2,4,7,1,14,0,0,5,0,5,2,4,12,1,19,40,64,104,123
03/11/2008,YNG,OH,AGL,CE,Combined TRACON& Tower with Radar,2,11,8,8,29,0,1,0,0,1,2,12,8,8,30,64,74,138,168
03/12/2008,YNG,OH,AGL,CE,Combined TRACON& Tower with Radar,0,5,13,12,30,0,0,0,0,0,0,5,13,12,30,16,146,162,192
03/13/2008,YNG,OH,AGL,CE,Combined TRACON& Tower with Radar,0,10,16,14,40,0,0,0,0,0,0,10,16,14,40,86,102,188,228
03/14/2008,YNG,OH,AGL,CE,Combined TRACON& Tower with Radar,6,7,2,1,16,0,1,0,0,1,6,8,2,1,17,6,18,24,41
03/15/2008,YNG,OH,AGL,CE,Combined TRACON& Tower with Radar,0,2,2,0,4,0,1,0,0,1,0,3,2,0,5,27,0,27,32
03/16/2008,YNG,OH,AGL,CE,Combined TRACON& Tower with Radar,4,0,4,1,9,0,0,0,0,0,4,0,4,1,9,24,0,24,33
03/17/2008,YNG,OH,AGL,CE,Combined TRACON& Tower with Radar,2,6,34,12,54,0,2,0,0,2,2,8,34,12,56,114,116,230,286
03/18/2008,YNG,OH,AGL,CE,Combined TRACON& Tower with Radar,2,0,0,1,3,0,0,0,0,0,2,0,0,1,3,10,0,10,13
03/19/2008,YNG,OH,AGL,CE,Combined TRACON& Tower with Radar,0,1,0,0,1,0,0,0,0,0,0,1,0,0,1,0,20,20,21
03/20/2008,YNG,OH,AGL,CE,Combined TRACON& Tower with Radar,0,7,8,11,26,0,0,0,0,0,0,7,8,11,26,2,50,52,78
03/21/2008,YNG,OH,AGL,CE,Combined TRACON& Tower with Radar,2,1,27,1,31,0,0,0,0,0,2,1,27,1,31,70,46,116,147
03/22/2008,YNG,OH,AGL,CE,Combined TRACON& Tower with Radar,2,2,4,0,8,0,0,0,0,0,2,2,4,0,8,42,0,42,50
03/23/2008,YNG,OH,AGL,CE,Combined TRACON& Tower with Radar,0,2,10,0,12,0,0,0,0,0,0,2,10,0,12,26,0,26,38
03/24/2008,YNG,OH,AGL,CE,Combined TRACON& Tower with Radar,4,4,17,6,31,0,0,0,0,0,4,4,17,6,31,84,54,138,169
03/25/2008,YNG,OH,AGL,CE,Combined TRACON& Tower with Radar,0,0,10,9,19,0,0,0,0,0,0,0,10,9,19,32,30,62,81
03/26/2008,YNG,OH,AGL,CE,Combined TRACON& Tower with Radar,0,2,41,3,46,0,0,2,0,2,0,2,43,3,48,56,54,110,158
03/27/2008,YNG,OH,AGL,CE,Combined TRACON& Tower with Radar,0,4,0,0,4,0,0,0,0,0,0,4,0,0,4,8,36,44,48
03/28/2008,YNG,OH,AGL,CE,Combined TRACON& Tower with Radar,4,5,1,0,10,0,0,0,0,0,4,5,1,0,10,6,0,6,16
03/29/2008,YNG,OH,AGL,CE,Combined TRACON& Tower with Radar,0,0,50,0,50,0,0,0,0,0,0,0,50,0,50,106,0,106,156
03/30/2008,YNG,OH,AGL,CE,Combined TRACON& Tower with Radar,2,9,8,0,19,0,0,0,0,0,2,9,8,0,19,32,0,32,51
03/31/2008,YNG,OH,AGL,CE,Combined TRACON& Tower with Radar,2,7,1,0,10,0,1,0,0,1,2,8,1,0,11,16,26,42,53
04/01/2008,YNG,OH,AGL,CE,Combined TRACON& Tower with Radar,0,5,9,10,24,0,0,4,3,7,0,5,13,13,31,4,2,6,37
04/02/2008,YNG,OH,AGL,CE,Combined TRACON& Tower with Radar,0,10,40,42,92,0,1,26,8,35,0,11,66,50,127,38,106,144,271
04/03/2008,YNG,OH,AGL,CE,Combined TRACON& Tower with Radar,2,2,25,25,54,0,0,17,4,21,2,2,42,29,75,18,59,77,152
04/04/2008,YNG,OH,AGL,CE,Combined TRACON& Tower with Radar,2,1,20,22,45,0,0,0,0,0,2,1,20,22,45,12,20,32,77
04/05/2008,YNG,OH,AGL,CE,Combined TRACON& Tower with Radar,0,3,55,5,63,0,0,27,5,32,0,3,82,10,95,85,0,85,180
04/06/2008,YNG,OH,AGL,CE,Combined TRACON& Tower with Radar,0,2,51,4,57,0,0,40,6,46,0,2,91,10,103,108,0,108,211
04/07/2008,YNG,OH,AGL,CE,Combined TRACON& Tower with Radar,0,2,11,0,13,0,0,0,0,0,0,2,11,0,13,44,106,150,163
04/08/2008,YNG,OH,AGL,CE,Combined TRACON& Tower with Radar,0,1,47,28,76,1,0,12,0,13,1,1,59,28,89,76,32,108,197
04/09/2008,YNG,OH,AGL,CE,Combined TRACON& Tower with Radar,0,2,49,67,118,0,0,2,27,29,0,2,51,94,147,50,210,260,407
04/10/2008,YNG,OH,AGL,CE,Combined TRACON& Tower with Radar,0,0,35,32,67,0,0,29,8,37,0,0,64,40,104,54,58,112,216
04/11/2008,YNG,OH,AGL,CE,Combined TRACON& Tower with Radar,5,4,12,14,35,0,0,0,0,0,5,4,12,14,35,0,26,26,61
04/12/2008,YNG,OH,AGL,CE,Combined TRACON& Tower with Radar,1,1,23,0,25,0,0,0,0,0,1,1,23,0,25,14,0,14,39
04/13/2008,YNG,OH,AGL,CE,Combined TRACON& Tower with Radar,2,1,12,4,19,0,0,0,0,0,2,1,12,4,19,22,0,22,41
04/14/2008,YNG,OH,AGL,CE,Combined TRACON& Tower with Radar,5,1,22,14,42,0,0,0,0,0,5,1,22,14,42,52,58,110,152
04/15/2008,YNG,OH,AGL,CE,Combined TRACON& Tower with Radar,4,6,58,59,127,1,0,34,7,42,5,6,92,66,169,74,106,180,349
04/16/2008,YNG,OH,AGL,CE,Combined TRACON& Tower with Radar,0,0,37,37,74,0,0,24,2,26,0,0,61,39,100,62,92,154,254
04/17/2008,YNG,OH,AGL,CE,Combined TRACON& Tower with Radar,0,4,9,0,13,0,0,0,0,0,0,4,9,0,13,72,96,168,181
04/18/2008,YNG,OH,AGL,CE,Combined TRACON& Tower with Radar,7,3,49,17,76,0,0,27,3,30,7,3,76,20,106,64,56,120,226
04/19/2008,YNG,OH,AGL,CE,Combined TRACON& Tower with Radar,0,1,18,0,19,0,1,17,0,18,0,2,35,0,37,32,0,32,69
04/20/2008,YNG,OH,AGL,CE,Combined TRACON& Tower with Radar,0,2,31,4,37,0,0,5,0,5,0,2,36,4,42,20,0,20,62
04/21/2008,YNG,OH,AGL,CE,Combined TRACON& Tower with Radar,2,1,39,92,134,0,0,23,18,41,2,1,62,110,175,56,187,243,418
04/22/2008,YNG,OH,AGL,CE,Combined TRACON& Tower with Radar,1,13,67,27,108,0,2,37,4,43,1,15,104,31,151,136,57,193,344
04/23/2008,YNG,OH,AGL,CE,Combined TRACON& Tower with Radar,0,2,29,42,73,0,0,13,54,67,0,2,42,96,140,26,140,166,306
04/24/2008,YNG,OH,AGL,CE,Combined TRACON& Tower with Radar,1,16,46,24,87,0,0,16,11,27,1,16,62,35,114,84,68,152,266
04/25/2008,YNG,OH,AGL,CE,Combined TRACON& Tower with Radar,8,4,20,15,47,0,0,0,0,0,8,4,20,15,47,35,39,74,121
04/26/2008,YNG,OH,AGL,CE,Combined TRACON& Tower with Radar,3,1,12,0,16,0,0,0,0,0,3,1,12,0,16,12,0,12,28
04/27/2008,YNG,OH,AGL,CE,Combined TRACON& Tower with Radar,3,1,61,2,67,0,0,0,0,0,3,1,61,2,67,62,0,62,129
04/28/2008,YNG,OH,AGL,CE,Combined TRACON& Tower with Radar,2,4,12,51,69,0,0,0,0,0,2,4,12,51,69,0,128,128,197
04/29/2008,YNG,OH,AGL,CE,Combined TRACON& Tower with Radar,0,1,9,33,43,0,0,13,10,23,0,1,22,43,66,36,66,102,168
04/30/2008,YNG,OH,AGL,CE,Combined TRACON& Tower with Radar,1,6,17,43,67,0,0,34,1,35,1,6,51,44,102,44,134,178,280
05/01/2008,YNG,OH,AGL,CE,Combined TRACON& Tower with Radar,2,3,26,21,52,0,0,0,0,0,2,3,26,21,52,46,22,68,120
05/02/2008,YNG,OH,AGL,CE,Combined TRACON& Tower with Radar,2,1,11,10,24,0,0,15,6,21,2,1,26,16,45,12,4,16,61
05/03/2008,YNG,OH,AGL,CE,Combined TRACON& Tower with Radar,0,4,7,17,28,0,0,2,3,5,0,4,9,20,33,6,20,26,59
05/04/2008,YNG,OH,AGL,CE,Combined TRACON& Tower with Radar,0,3,33,14,50,0,0,20,5,25,0,3,53,19,75,66,18,84,159
05/05/2008,YNG,OH,AGL,CE,Combined TRACON& Tower with Radar,2,3,34,33,72,0,2,15,1,18,2,5,49,34,90,36,104,140,230
05/06/2008,YNG,OH,AGL,CE,Combined TRACON& Tower with Radar,0,3,37,55,95,0,0,27,3,30,0,3,64,58,125,88,102,190,315
05/07/2008,YNG,OH,AGL,CE,Combined TRACON& Tower with Radar,0,0,26,49,75,0,15,4,6,25,0,15,30,55,100,16,54,70,170
05/08/2008,YNG,OH,AGL,CE,Combined TRACON& Tower with Radar,0,4,25,68,97,0,2,4,10,16,0,6,29,78,113,14,107,121,234
05/09/2008,YNG,OH,AGL,CE,Combined TRACON& Tower with Radar,0,4,33,35,72,0,0,0,0,0,0,4,33,35,72,46,74,120,192
05/10/2008,YNG,OH,AGL,CE,Combined TRACON& Tower with Radar,0,0,47,0,47,0,0,125,0,125,0,0,172,0,172,114,0,114,286
05/11/2008,YNG,OH,AGL,CE,Combined TRACON& Tower with Radar,2,2,9,2,15,0,0,0,0,0,2,2,9,2,15,0,0,0,15
05/12/2008,YNG,OH,AGL,CE,Combined TRACON& Tower with Radar,2,0,28,42,72,0,0,6,23,29,2,0,34,65,101,14,144,158,259
05/13/2008,YNG,OH,AGL,CE,Combined TRACON& Tower with Radar,0,14,66,25,105,0,0,60,13,73,0,14,126,38,178,126,60,186,364
05/14/2008,YNG,OH,AGL,CE,Combined TRACON& Tower with Radar,0,2,21,54,77,0,0,6,4,10,0,2,27,58,87,10,114,124,211
05/15/2008,YNG,OH,AGL,CE,Combined TRACON& Tower with Radar,2,4,54,16,76,0,1,36,6,43,2,5,90,22,119,88,24,112,231
05/16/2008,YNG,OH,AGL,CE,Combined TRACON& Tower with Radar,2,2,26,14,44,0,0,4,2,6,2,2,30,16,50,20,10,30,80
05/17/2008,YNG,OH,AGL,CE,Combined TRACON& Tower with Radar,1,0,15,5,21,0,0,10,0,10,1,0,25,5,31,12,0,12,43
05/18/2008,YNG,OH,AGL,CE,Combined TRACON& Tower with Radar,1,0,18,2,21,0,0,0,0,0,1,0,18,2,21,6,0,6,27
05/19/2008,YNG,OH,AGL,CE,Combined TRACON& Tower with Radar,3,4,34,49,90,0,0,19,22,41,3,4,53,71,131,30,150,180,311
05/20/2008,YNG,OH,AGL,CE,Combined TRACON& Tower with Radar,0,6,46,22,74,0,0,9,33,42,0,6,55,55,116,62,66,128,244
05/21/2008,YNG,OH,AGL,CE,Combined TRACON& Tower with Radar,0,2,30,41,73,0,0,15,6,21,0,2,45,47,94,14,116,130,224
05/22/2008,YNG,OH,AGL,CE,Combined TRACON& Tower with Radar,0,1,38,21,60,0,0,0,0,0,0,1,38,21,60,18,156,174,234
05/23/2008,YNG,OH,AGL,CE,Combined TRACON& Tower with Radar,1,4,80,13,98,0,0,0,0,0,1,4,80,13,98,76,34,110,208
05/24/2008,YNG,OH,AGL,CE,Combined TRACON& Tower with Radar,0,2,43,0,45,0,0,0,0,0,0,2,43,0,45,154,8,162,207
05/25/2008,YNG,OH,AGL,CE,Combined TRACON& Tower with Radar,0,6,18,0,24,0,4,49,0,53,0,10,67,0,77,92,0,92,169
05/26/2008,YNG,OH,AGL,CE,Combined TRACON& Tower with Radar,3,3,7,6,19,0,0,4,9,13,3,3,11,15,32,24,32,56,88
05/27/2008,YNG,OH,AGL,CE,Combined TRACON& Tower with Radar,0,0,44,47,91,0,0,2,5,7,0,0,46,52,98,20,100,120,218
05/28/2008,YNG,OH,AGL,CE,Combined TRACON& Tower with Radar,0,6,58,23,87,0,0,34,27,61,0,6,92,50,148,118,88,206,354
05/29/2008,YNG,OH,AGL,CE,Combined TRACON& Tower with Radar,7,8,62,30,107,0,0,48,2,50,7,8,110,32,157,74,62,136,293
05/30/2008,YNG,OH,AGL,CE,Combined TRACON& Tower with Radar,4,1,24,15,44,0,0,15,0,15,4,1,39,15,59,92,24,116,175
05/31/2008,YNG,OH,AGL,CE,Combined TRACON& Tower with Radar,0,0,14,0,14,0,0,0,0,0,0,0,14,0,14,12,0,12,26
06/01/2008,YNG,OH,AGL,CE,Combined TRACON& Tower with Radar,0,1,36,3,40,0,1,37,1,39,0,2,73,4,79,140,0,140,219
06/02/2008,YNG,OH,AGL,CE,Combined TRACON& Tower with Radar,2,11,75,53,141,0,0,55,22,77,2,11,130,75,218,200,134,334,552
06/03/2008,YNG,OH,AGL,CE,Combined TRACON& Tower with Radar,1,5,18,1,25,0,0,0,0,0,1,5,18,1,25,6,0,6,31
06/04/2008,YNG,OH,AGL,CE,Combined TRACON& Tower with Radar,1,2,26,38,67,0,0,0,0,0,1,2,26,38,67,20,114,134,201
06/05/2008,YNG,OH,AGL,CE,Combined TRACON& Tower with Radar,1,2,37,0,40,0,0,0,36,36,1,2,37,36,76,64,144,208,284
06/06/2008,YNG,OH,AGL,CE,Combined TRACON& Tower with Radar,4,4,19,14,41,0,0,0,0,0,4,4,19,14,41,44,14,58,99
06/07/2008,YNG,OH,AGL,CE,Combined TRACON& Tower with Radar,0,6,20,9,35,0,0,21,0,21,0,6,41,9,56,30,2,32,88
06/08/2008,YNG,OH,AGL,CE,Combined TRACON& Tower with Radar,3,1,14,8,26,0,0,14,2,16,3,1,28,10,42,42,4,46,88
06/09/2008,YNG,OH,AGL,CE,Combined TRACON& Tower with Radar,3,5,65,44,117,0,0,34,4,38,3,5,99,48,155,105,116,221,376
06/10/2008,YNG,OH,AGL,CE,Combined TRACON& Tower with Radar,0,1,36,13,50,0,0,27,17,44,0,1,63,30,94,52,54,106,200
06/11/2008,YNG,OH,AGL,CE,Combined TRACON& Tower with Radar,0,1,93,22,116,0,2,49,12,63,0,3,142,34,179,134,54,188,367
06/12/2008,YNG,OH,AGL,CE,Combined TRACON& Tower with Radar,0,0,57,27,84,0,0,23,5,28,0,0,80,32,112,110,64,174,286
06/13/2008,YNG,OH,AGL,CE,Combined TRACON& Tower with Radar,4,1,11,10,26,0,0,12,1,13,4,1,23,11,39,46,30,76,115
06/14/2008,YNG,OH,AGL,CE,Combined TRACON& Tower with Radar,0,0,34,1,35,0,0,35,0,35,0,0,69,1,70,54,0,54,124
06/15/2008,YNG,OH,AGL,CE,Combined TRACON& Tower with Radar,2,4,27,2,35,0,4,37,0,41,2,8,64,2,76,116,0,116,192
06/16/2008,YNG,OH,AGL,CE,Combined TRACON& Tower with Radar,2,3,47,22,74,0,0,10,10,20,2,3,57,32,94,80,76,156,250
06/17/2008,YNG,OH,AGL,CE,Combined TRACON& Tower with Radar,0,9,59,35,103,0,0,17,9,26,0,9,76,44,129,50,76,126,255
06/18/2008,YNG,OH,AGL,CE,Combined TRACON& Tower with Radar,0,2,41,27,70,0,0,0,0,0,0,2,41,27,70,28,114,142,212
06/19/2008,YNG,OH,AGL,CE,Combined TRACON& Tower with Radar,0,13,77,12,102,0,0,0,0,0,0,13,77,12,102,120,50,170,272
06/20/2008,YNG,OH,AGL,CE,Combined TRACON& Tower with Radar,2,0,38,2,42,0,0,0,0,0,2,0,38,2,42,64,0,64,106
06/21/2008,YNG,OH,AGL,CE,Combined TRACON& Tower with Radar,0,0,15,3,18,0,0,24,0,24,0,0,39,3,42,86,0,86,128
06/22/2008,YNG,OH,AGL,CE,Combined TRACON& Tower with Radar,0,0,13,1,14,0,0,9,0,9,0,0,22,1,23,32,0,32,55
06/23/2008,YNG,OH,AGL,CE,Combined TRACON& Tower with Radar,1,8,29,38,76,0,0,16,2,18,1,8,45,40,94,36,76,112,206
06/24/2008,YNG,OH,AGL,CE,Combined TRACON& Tower with Radar,3,4,85,15,107,0,0,40,4,44,3,4,125,19,151,104,64,168,319
06/25/2008,YNG,OH,AGL,CE,Combined TRACON& Tower with Radar,1,4,32,37,74,0,2,16,18,36,1,6,48,55,110,82,140,222,332
06/26/2008,YNG,OH,AGL,CE,Combined TRACON& Tower with Radar,3,11,40,17,71,0,0,3,0,3,3,11,43,17,74,16,20,36,110
06/27/2008,YNG,OH,AGL,CE,Combined TRACON& Tower with Radar,8,2,28,25,63,0,0,14,0,14,8,2,42,25,77,48,58,106,183
06/28/2008,YNG,OH,AGL,CE,Combined TRACON& Tower with Radar,0,2,23,5,30,0,0,6,0,6,0,2,29,5,36,16,0,16,52
06/29/2008,YNG,OH,AGL,CE,Combined TRACON& Tower with Radar,2,0,11,3,16,0,0,2,0,2,2,0,13,3,18,6,2,8,26
06/30/2008,YNG,OH,AGL,CE,Combined TRACON& Tower with Radar,2,0,42,54,98,0,0,0,0,0,2,0,42,54,98,72,110,182,280
07/01/2008,YNG,OH,AGL,CE,Combined TRACON& Tower with Radar,0,7,58,13,78,0,2,54,5,61,0,9,112,18,139,162,14,176,315
07/02/2008,YNG,OH,AGL,CE,Combined TRACON& Tower with Radar,0,0,50,32,82,0,0,35,7,42,0,0,85,39,124,86,84,170,294
07/03/2008,YNG,OH,AGL,CE,Combined TRACON& Tower with Radar,0,1,23,24,48,0,1,2,2,5,0,2,25,26,53,22,74,96,149
07/04/2008,YNG,OH,AGL,CE,Combined TRACON& Tower with Radar,4,2,13,0,19,0,0,21,0,21,4,2,34,0,40,41,0,41,81
07/05/2008,YNG,OH,AGL,CE,Combined TRACON& Tower with Radar,4,0,29,7,40,0,0,19,0,19,4,0,48,7,59,28,6,34,93
07/06/2008,YNG,OH,AGL,CE,Combined TRACON& Tower with Radar,1,0,68,0,69,0,0,47,0,47,1,0,115,0,116,92,0,92,208
07/07/2008,YNG,OH,AGL,CE,Combined TRACON& Tower with Radar,2,2,32,39,75,0,0,21,6,27,2,2,53,45,102,66,80,146,248
07/08/2008,YNG,OH,AGL,CE,Combined TRACON& Tower with Radar,0,2,30,8,40,0,0,19,1,20,0,2,49,9,60,34,16,50,110
07/09/2008,YNG,OH,AGL,CE,Combined TRACON& Tower with Radar,0,18,43,15,76,0,0,8,13,21,0,18,51,28,97,62,36,98,195
07/10/2008,YNG,OH,AGL,CE,Combined TRACON& Tower with Radar,0,6,90,32,128,0,0,48,29,77,0,6,138,61,205,152,94,246,451
07/11/2008,YNG,OH,AGL,CE,Combined TRACON& Tower with Radar,2,8,49,47,106,0,2,41,8,51,2,10,90,55,157,118,114,232,389
07/12/2008,YNG,OH,AGL,CE,Combined TRACON& Tower with Radar,1,3,11,1,16,0,0,19,0,19,1,3,30,1,35,18,0,18,53
07/13/2008,YNG,OH,AGL,CE,Combined TRACON& Tower with Radar,1,2,9,8,20,0,0,20,0,20,1,2,29,8,40,46,0,46,86
07/14/2008,YNG,OH,AGL,CE,Combined TRACON& Tower with Radar,5,1,45,52,103,0,0,27,9,36,5,1,72,61,139,81,166,247,386
07/15/2008,YNG,OH,AGL,CE,Combined TRACON& Tower with Radar,0,1,55,39,95,0,0,35,21,56,0,1,90,60,151,80,52,132,283
07/16/2008,YNG,OH,AGL,CE,Combined TRACON& Tower with Radar,0,3,58,58,119,0,2,32,20,54,0,5,90,78,173,116,128,244,417
07/17/2008,YNG,OH,AGL,CE,Combined TRACON& Tower with Radar,0,2,50,19,71,0,0,46,2,48,0,2,96,21,119,102,72,174,293
07/18/2008,YNG,OH,AGL,CE,Combined TRACON& Tower with Radar,2,3,50,38,93,0,0,16,0,16,2,3,66,38,109,44,82,126,235
07/19/2008,YNG,OH,AGL,CE,Combined TRACON& Tower with Radar,0,14,58,2,74,0,0,16,0,16,0,14,74,2,90,76,0,76,166
07/20/2008,YNG,OH,AGL,CE,Combined TRACON& Tower with Radar,0,5,18,1,24,0,1,1,0,2,0,6,19,1,26,10,0,10,36
07/21/2008,YNG,OH,AGL,CE,Combined TRACON& Tower with Radar,2,9,38,15,64,0,1,16,4,21,2,10,54,19,85,54,42,96,181
07/22/2008,YNG,OH,AGL,CE,Combined TRACON& Tower with Radar,0,1,42,5,48,0,0,7,7,14,0,1,49,12,62,62,28,90,152
07/23/2008,YNG,OH,AGL,CE,Combined TRACON& Tower with Radar,0,9,22,7,38,0,0,14,0,14,0,9,36,7,52,26,0,26,78
07/24/2008,YNG,OH,AGL,CE,Combined TRACON& Tower with Radar,0,4,49,14,67,0,0,39,3,42,0,4,88,17,109,86,22,108,217
07/25/2008,YNG,OH,AGL,CE,Combined TRACON& Tower with Radar,7,6,30,32,75,0,0,41,0,41,7,6,71,32,116,90,80,170,286
07/26/2008,YNG,OH,AGL,CE,Combined TRACON& Tower with Radar,1,1,27,4,33,0,0,27,1,28,1,1,54,5,61,54,0,54,115
07/27/2008,YNG,OH,AGL,CE,Combined TRACON& Tower with Radar,2,3,16,3,24,0,0,32,0,32,2,3,48,3,56,82,0,82,138
07/28/2008,YNG,OH,AGL,CE,Combined TRACON& Tower with Radar,1,1,46,46,94,0,0,25,35,60,1,1,71,81,154,64,118,182,336
07/29/2008,YNG,OH,AGL,CE,Combined TRACON& Tower with Radar,0,2,48,19,69,0,0,8,6,14,0,2,56,25,83,66,52,118,201
07/30/2008,YNG,OH,AGL,CE,Combined TRACON& Tower with Radar,2,2,46,26,76,0,0,14,12,26,2,2,60,38,102,72,70,142,244
07/31/2008,YNG,OH,AGL,CE,Combined TRACON& Tower with Radar,0,0,64,22,86,0,0,28,4,32,0,0,92,26,118,156,26,182,300
08/01/2008,YNG,OH,AGL,CE,Combined TRACON& Tower with Radar,2,2,60,14,78,0,2,27,1,30,2,4,87,15,108,98,8,106,214
08/02/2008,YNG,OH,AGL,CE,Combined TRACON& Tower with Radar,0,5,46,6,57,0,0,30,0,30,0,5,76,6,87,78,0,78,165
08/03/2008,YNG,OH,AGL,CE,Combined TRACON& Tower with Radar,0,6,27,7,40,0,0,31,2,33,0,6,58,9,73,62,0,62,135
08/04/2008,YNG,OH,AGL,CE,Combined TRACON& Tower with Radar,3,2,30,15,50,0,1,18,19,38,3,3,48,34,88,46,94,140,228
08/05/2008,YNG,OH,AGL,CE,Combined TRACON& Tower with Radar,0,9,29,16,54,0,0,16,4,20,0,9,45,20,74,38,44,82,156
08/06/2008,YNG,OH,AGL,CE,Combined TRACON& Tower with Radar,0,1,64,34,99,0,0,46,1,47,0,1,110,35,146,150,72,222,368
08/07/2008,YNG,OH,AGL,CE,Combined TRACON& Tower with Radar,0,7,38,45,90,0,19,2,21,42,0,26,40,66,132,48,60,108,240
08/08/2008,YNG,OH,AGL,CE,Combined TRACON& Tower with Radar,3,6,33,1,43,0,0,7,0,7,3,6,40,1,50,26,0,26,76
08/09/2008,YNG,OH,AGL,CE,Combined TRACON& Tower with Radar,2,1,19,3,25,0,0,43,0,43,2,1,62,3,68,68,0,68,136
08/10/2008,YNG,OH,AGL,CE,Combined TRACON& Tower with Radar,1,4,31,11,47,0,0,8,0,8,1,4,39,11,55,56,12,68,123
08/11/2008,YNG,OH,AGL,CE,Combined TRACON& Tower with Radar,2,1,40,34,77,0,0,22,29,51,2,1,62,63,128,62,108,170,298
08/12/2008,YNG,OH,AGL,CE,Combined TRACON& Tower with Radar,0,2,50,28,80,0,0,17,6,23,0,2,67,34,103,40,52,92,195
08/13/2008,YNG,OH,AGL,CE,Combined TRACON& Tower with Radar,0,6,31,20,57,0,0,20,3,23,0,6,51,23,80,22,44,66,146
08/14/2008,YNG,OH,AGL,CE,Combined TRACON& Tower with Radar,0,5,34,36,75,0,0,11,4,15,0,5,45,40,90,40,38,78,168
08/15/2008,YNG,OH,AGL,CE,Combined TRACON& Tower with Radar,3,6,58,10,77,0,38,0,0,38,3,44,58,10,115,88,40,128,243
08/16/2008,YNG,OH,AGL,CE,Combined TRACON& Tower with Radar,0,4,74,1,79,0,1,39,0,40,0,5,113,1,119,106,0,106,225
08/17/2008,YNG,OH,AGL,CE,Combined TRACON& Tower with Radar,0,6,51,4,61,0,0,51,1,52,0,6,102,5,113,142,2,144,257
08/18/2008,YNG,OH,AGL,CE,Combined TRACON& Tower with Radar,1,3,32,35,71,0,0,23,7,30,1,3,55,42,101,90,120,210,311
08/19/2008,YNG,OH,AGL,CE,Combined TRACON& Tower with Radar,1,0,53,12,66,0,0,13,4,17,1,0,66,16,83,92,24,116,199
08/20/2008,YNG,OH,AGL,CE,Combined TRACON& Tower with Radar,0,15,49,28,92,0,0,47,5,52,0,15,96,33,144,102,100,202,346
08/21/2008,YNG,OH,AGL,CE,Combined TRACON& Tower with Radar,0,4,49,33,86,0,0,50,11,61,0,4,99,44,147,152,88,240,387
08/22/2008,YNG,OH,AGL,CE,Combined TRACON& Tower with Radar,1,3,58,21,83,0,0,47,2,49,1,3,105,23,132,120,52,172,304
08/23/2008,YNG,OH,AGL,CE,Combined TRACON& Tower with Radar,0,0,47,1,48,0,34,0,0,34,0,34,47,1,82,115,0,115,197
08/24/2008,YNG,OH,AGL,CE,Combined TRACON& Tower with Radar,0,3,37,1,41,0,0,20,0,20,0,3,57,1,61,50,2,52,113
08/25/2008,YNG,OH,AGL,CE,Combined TRACON& Tower with Radar,0,0,62,31,93,0,0,21,14,35,0,0,83,45,128,84,96,180,308
08/26/2008,YNG,OH,AGL,CE,Combined TRACON& Tower with Radar,0,13,86,15,114,0,0,58,6,64,0,13,144,21,178,98,26,124,302
08/27/2008,YNG,OH,AGL,CE,Combined TRACON& Tower with Radar,0,1,52,24,77,0,0,15,3,18,0,1,67,27,95,56,110,166,261
08/28/2008,YNG,OH,AGL,CE,Combined TRACON& Tower with Radar,0,5,42,29,76,0,0,0,0,0,0,5,42,29,76,8,30,38,114
08/29/2008,YNG,OH,AGL,CE,Combined TRACON& Tower with Radar,7,5,48,8,68,0,0,40,0,40,7,5,88,8,108,70,22,92,200
08/30/2008,YNG,OH,AGL,CE,Combined TRACON& Tower with Radar,0,1,33,0,34,0,0,26,0,26,0,1,59,0,60,60,0,60,120
08/31/2008,YNG,OH,AGL,CE,Combined TRACON& Tower with Radar,2,1,40,0,43,0,1,49,0,50,2,2,89,0,93,112,0,112,205
09/01/2008,YNG,OH,AGL,CE,Combined TRACON& Tower with Radar,0,1,23,0,24,0,0,30,0,30,0,1,53,0,54,76,0,76,130
09/02/2008,YNG,OH,AGL,CE,Combined TRACON& Tower with Radar,0,0,33,26,59,0,0,25,11,36,0,0,58,37,95,60,42,102,197
09/03/2008,YNG,OH,AGL,CE,Combined TRACON& Tower with Radar,0,2,57,44,103,0,0,51,41,92,0,2,108,85,195,160,144,304,499
09/04/2008,YNG,OH,AGL,CE,Combined TRACON& Tower with Radar,0,9,50,25,84,0,1,33,5,39,0,10,83,30,123,88,54,142,265
09/05/2008,YNG,OH,AGL,CE,Combined TRACON& Tower with Radar,5,4,23,20,52,0,0,5,3,8,5,4,28,23,60,50,18,68,128
09/06/2008,YNG,OH,AGL,CE,Combined TRACON& Tower with Radar,0,0,29,1,30,0,0,0,1,1,0,0,29,2,31,34,0,34,65
09/07/2008,YNG,OH,AGL,CE,Combined TRACON& Tower with Radar,3,15,71,0,89,0,7,22,0,29,3,22,93,0,118,140,0,140,258
09/08/2008,YNG,OH,AGL,CE,Combined TRACON& Tower with Radar,0,14,51,39,104,0,0,39,7,46,0,14,90,46,150,84,54,138,288
09/09/2008,YNG,OH,AGL,CE,Combined TRACON& Tower with Radar,0,15,33,65,113,0,1,3,3,7,0,16,36,68,120,50,95,145,265
09/10/2008,YNG,OH,AGL,CE,Combined TRACON& Tower with Radar,0,3,69,45,117,0,1,77,9,87,0,4,146,54,204,112,102,214,418
09/11/2008,YNG,OH,AGL,CE,Combined TRACON& Tower with Radar,0,8,55,4,67,0,0,38,0,38,0,8,93,4,105,64,56,120,225
09/12/2008,YNG,OH,AGL,CE,Combined TRACON& Tower with Radar,2,4,21,24,51,0,0,0,0,0,2,4,21,24,51,0,4,4,55
09/13/2008,YNG,OH,AGL,CE,Combined TRACON& Tower with Radar,0,2,9,0,11,0,0,0,0,0,0,2,9,0,11,0,0,0,11
09/14/2008,YNG,OH,AGL,CE,Combined TRACON& Tower with Radar,4,4,19,2,29,0,0,12,1,13,4,4,31,3,42,26,0,26,68
09/15/2008,YNG,OH,AGL,CE,Combined TRACON& Tower with Radar,1,18,44,13,76,0,0,8,4,12,1,18,52,17,88,74,10,84,172
09/16/2008,YNG,OH,AGL,CE,Combined TRACON& Tower with Radar,2,3,41,6,52,0,0,27,0,27,2,3,68,6,79,36,6,42,121
09/17/2008,YNG,OH,AGL,CE,Combined TRACON& Tower with Radar,1,0,59,35,95,0,0,53,12,65,1,0,112,47,160,138,124,262,422
09/18/2008,YNG,OH,AGL,CE,Combined TRACON& Tower with Radar,1,3,57,21,82,0,0,35,7,42,1,3,92,28,124,98,14,112,236
09/19/2008,YNG,OH,AGL,CE,Combined TRACON& Tower with Radar,1,9,76,13,99,0,1,41,0,42,1,10,117,13,141,168,14,182,323
09/20/2008,YNG,OH,AGL,CE,Combined TRACON& Tower with Radar,1,3,35,0,39,0,2,28,0,30,1,5,63,0,69,150,0,150,219
09/21/2008,YNG,OH,AGL,CE,Combined TRACON& Tower with Radar,0,6,50,3,59,0,0,49,0,49,0,6,99,3,108,142,6,148,256
09/22/2008,YNG,OH,AGL,CE,Combined TRACON& Tower with Radar,0,4,41,18,63,0,4,31,10,45,0,8,72,28,108,100,88,188,296
09/23/2008,YNG,OH,AGL,CE,Combined TRACON& Tower with Radar,0,3,54,50,107,0,0,38,1,39,0,3,92,51,146,200,116,316,462
09/24/2008,YNG,OH,AGL,CE,Combined TRACON& Tower with Radar,0,2,78,32,112,0,0,40,0,40,0,2,118,32,152,150,82,232,384
09/25/2008,YNG,OH,AGL,CE,Combined TRACON& Tower with Radar,1,3,54,21,79,0,1,28,1,30,1,4,82,22,109,118,58,176,285
09/26/2008,YNG,OH,AGL,CE,Combined TRACON& Tower with Radar,2,1,34,22,59,0,0,17,2,19,2,1,51,24,78,82,66,148,226
09/27/2008,YNG,OH,AGL,CE,Combined TRACON& Tower with Radar,0,2,19,0,21,0,0,5,0,5,0,2,24,0,26,56,0,56,82
09/28/2008,YNG,OH,AGL,CE,Combined TRACON& Tower with Radar,4,11,48,0,63,0,0,1,0,1,4,11,49,0,64,48,0,48,112
09/29/2008,YNG,OH,AGL,CE,Combined TRACON& Tower with Radar,0,11,42,27,80,0,0,18,8,26,0,11,60,35,106,57,42,99,205
09/30/2008,YNG,OH,AGL,CE,Combined TRACON& Tower with Radar,0,0,39,10,49,0,0,2,1,3,0,0,41,11,52,26,10,36,88
10/01/2008,YNG,OH,AGL,CE,Combined TRACON& Tower with Radar,0,2,18,37,57,0,0,0,2,2,0,2,18,39,59,6,120,126,185
10/02/2008,YNG,OH,AGL,CE,Combined TRACON& Tower with Radar,2,6,39,23,70,0,1,5,3,9,2,7,44,26,79,52,48,100,179
10/03/2008,YNG,OH,AGL,CE,Combined TRACON& Tower with Radar,1,4,16,18,39,0,0,15,0,15,1,4,31,18,54,50,36,86,140
10/04/2008,YNG,OH,AGL,CE,Combined TRACON& Tower with Radar,0,2,48,6,56,0,2,48,2,52,0,4,96,8,108,136,4,140,248
10/05/2008,YNG,OH,AGL,CE,Combined TRACON& Tower with Radar,0,5,7,5,17,0,1,32,0,33,0,6,39,5,50,82,2,84,134
10/06/2008,YNG,OH,AGL,CE,Combined TRACON& Tower with Radar,0,3,20,16,39,0,0,15,0,15,0,3,35,16,54,50,82,132,186
10/07/2008,YNG,OH,AGL,CE,Combined TRACON& Tower with Radar,2,3,34,35,74,0,0,4,0,4,2,3,38,35,78,72,58,130,208
10/08/2008,YNG,OH,AGL,CE,Combined TRACON& Tower with Radar,0,2,44,29,75,0,0,1,0,1,0,2,45,29,76,18,36,54,130
10/09/2008,YNG,OH,AGL,CE,Combined TRACON& Tower with Radar,0,2,70,12,84,0,0,16,9,25,0,2,86,21,109,83,75,158,267
10/10/2008,YNG,OH,AGL,CE,Combined TRACON& Tower with Radar,0,6,44,24,74,0,0,16,4,20,0,6,60,28,94,108,62,170,264
10/11/2008,YNG,OH,AGL,CE,Combined TRACON& Tower with Radar,2,0,21,0,23,0,0,41,0,41,2,0,62,0,64,54,5,59,123
10/12/2008,YNG,OH,AGL,CE,Combined TRACON& Tower with Radar,0,2,33,2,37,0,0,39,0,39,0,2,72,2,76,52,0,52,128
10/13/2008,YNG,OH,AGL,CE,Combined TRACON& Tower with Radar,0,0,19,1,20,0,2,20,0,22,0,2,39,1,42,57,0,57,99
10/14/2008,YNG,OH,AGL,CE,Combined TRACON& Tower with Radar,2,9,45,48,104,0,0,25,7,32,2,9,70,55,136,92,128,220,356
10/15/2008,YNG,OH,AGL,CE,Combined TRACON& Tower with Radar,0,2,32,21,55,0,0,13,1,14,0,2,45,22,69,38,64,102,171
10/16/2008,YNG,OH,AGL,CE,Combined TRACON& Tower with Radar,0,1,31,38,70,0,0,8,0,8,0,1,39,38,78,18,84,102,180
10/17/2008,YNG,OH,AGL,CE,Combined TRACON& Tower with Radar,5,4,37,15,61,0,1,18,0,19,5,5,55,15,80,68,20,88,168
10/18/2008,YNG,OH,AGL,CE,Combined TRACON& Tower with Radar,2,2,26,1,31,0,0,46,0,46,2,2,72,1,77,110,2,112,189
10/19/2008,YNG,OH,AGL,CE,Combined TRACON& Tower with Radar,2,4,16,3,25,0,0,61,0,61,2,4,77,3,86,72,0,72,158
10/20/2008,YNG,OH,AGL,CE,Combined TRACON& Tower with Radar,1,4,24,28,57,0,0,14,2,16,1,4,38,30,73,76,74,150,223
10/21/2008,YNG,OH,AGL,CE,Combined TRACON& Tower with Radar,0,2,19,9,30,0,0,1,4,5,0,2,20,13,35,6,8,14,49
10/22/2008,YNG,OH,AGL,CE,Combined TRACON& Tower with Radar,0,5,52,48,105,0,0,32,34,66,0,5,84,82,171,134,140,274,445
10/23/2008,YNG,OH,AGL,CE,Combined TRACON& Tower with Radar,0,21,31,53,105,0,10,36,12,58,0,31,67,65,163,146,57,203,366
10/24/2008,YNG,OH,AGL,CE,Combined TRACON& Tower with Radar,4,10,18,30,62,0,3,14,2,19,4,13,32,32,81,74,72,146,227
10/25/2008,YNG,OH,AGL,CE,Combined TRACON& Tower with Radar,1,5,16,1,23,0,0,3,0,3,1,5,19,1,26,10,0,10,36
10/26/2008,YNG,OH,AGL,CE,Combined TRACON& Tower with Radar,2,3,10,6,21,0,0,6,0,6,2,3,16,6,27,6,6,12,39
10/27/2008,YNG,OH,AGL,CE,Combined TRACON& Tower with Radar,0,1,32,47,80,0,0,4,0,4,0,1,36,47,84,20,112,132,216
10/28/2008,YNG,OH,AGL,CE,Combined TRACON& Tower with Radar,4,5,11,8,28,0,0,0,0,0,4,5,11,8,28,0,28,28,56
10/29/2008,YNG,OH,AGL,CE,Combined TRACON& Tower with Radar,0,2,15,36,53,0,0,0,22,22,0,2,15,58,75,12,50,62,137
10/30/2008,YNG,OH,AGL,CE,Combined TRACON& Tower with Radar,0,0,74,21,95,0,0,43,3,46,0,0,117,24,141,170,20,190,331
10/31/2008,YNG,OH,AGL,CE,Combined TRACON& Tower with Radar,0,7,42,10,59,0,0,24,0,24,0,7,66,10,83,116,38,154,237
11/01/2008,YNG,OH,AGL,CE,Combined TRACON& Tower with Radar,1,1,31,5,38,0,2,30,0,32,1,3,61,5,70,50,0,50,120
11/02/2008,YNG,OH,AGL,CE,Combined TRACON& Tower with Radar,0,2,28,11,41,0,0,34,2,36,0,2,62,13,77,88,8,96,173
11/03/2008,YNG,OH,AGL,CE,Combined TRACON& Tower with Radar,0,0,39,82,121,0,0,34,6,40,0,0,73,88,161,86,66,152,313
11/04/2008,YNG,OH,AGL,CE,Combined TRACON& Tower with Radar,0,4,51,21,76,0,2,44,12,58,0,6,95,33,134,104,42,146,280
11/05/2008,YNG,OH,AGL,CE,Combined TRACON& Tower with Radar,8,5,48,43,104,0,0,25,16,41,8,5,73,59,145,65,84,149,294
11/06/2008,YNG,OH,AGL,CE,Combined TRACON& Tower with Radar,0,3,56,50,109,0,0,61,28,89,0,3,117,78,198,84,70,154,352
11/07/2008,YNG,OH,AGL,CE,Combined TRACON& Tower with Radar,0,5,26,16,47,0,0,18,0,18,0,5,44,16,65,56,18,74,139
11/08/2008,YNG,OH,AGL,CE,Combined TRACON& Tower with Radar,2,9,26,9,46,0,0,3,0,3,2,9,29,9,49,24,6,30,79
11/09/2008,YNG,OH,AGL,CE,Combined TRACON& Tower with Radar,0,4,2,2,8,0,0,0,0,0,0,4,2,2,8,0,0,0,8
11/10/2008,YNG,OH,AGL,CE,Combined TRACON& Tower with Radar,1,4,15,57,77,0,0,0,4,4,1,4,15,61,81,24,118,142,223
11/11/2008,YNG,OH,AGL,CE,Combined TRACON& Tower with Radar,1,0,38,0,39,0,0,7,0,7,1,0,45,0,46,54,0,54,100
11/12/2008,YNG,OH,AGL,CE,Combined TRACON& Tower with Radar,0,0,39,67,106,0,0,13,51,64,0,0,52,118,170,64,196,260,430
11/13/2008,YNG,OH,AGL,CE,Combined TRACON& Tower with Radar,0,6,49,29,84,0,1,5,8,14,0,7,54,37,98,40,60,100,198
11/14/2008,YNG,OH,AGL,CE,Combined TRACON& Tower with Radar,1,4,30,20,55,0,0,15,21,36,1,4,45,41,91,61,47,108,199
11/15/2008,YNG,OH,AGL,CE,Combined TRACON& Tower with Radar,1,0,28,3,32,0,0,0,0,0,1,0,28,3,32,16,0,16,48
11/16/2008,YNG,OH,AGL,CE,Combined TRACON& Tower with Radar,2,0,2,1,5,0,0,4,0,4,2,0,6,1,9,2,0,2,11
11/17/2008,YNG,OH,AGL,CE,Combined TRACON& Tower with Radar,2,6,9,14,31,0,0,0,0,0,2,6,9,14,31,4,10,14,45
11/18/2008,YNG,OH,AGL,CE,Combined TRACON& Tower with Radar,0,0,17,9,26,0,0,0,2,2,0,0,17,11,28,12,4,16,44
11/19/2008,YNG,OH,AGL,CE,Combined TRACON& Tower with Radar,0,1,47,27,75,0,2,37,0,39,0,3,84,27,114,42,34,76,190
11/20/2008,YNG,OH,AGL,CE,Combined TRACON& Tower with Radar,0,0,12,1,13,0,0,0,0,0,0,0,12,1,13,0,0,0,13
11/21/2008,YNG,OH,AGL,CE,Combined TRACON& Tower with Radar,4,0,6,3,13,0,0,0,0,0,4,0,6,3,13,0,0,0,13
11/22/2008,YNG,OH,AGL,CE,Combined TRACON& Tower with Radar,2,0,13,1,16,0,0,2,0,2,2,0,15,1,18,2,0,2,20
11/23/2008,YNG,OH,AGL,CE,Combined TRACON& Tower with Radar,1,1,38,17,57,0,1,63,0,64,1,2,101,17,121,62,0,62,183
11/24/2008,YNG,OH,AGL,CE,Combined TRACON& Tower with Radar,2,7,24,11,44,0,24,4,0,28,2,31,28,11,72,38,0,38,110
11/25/2008,YNG,OH,AGL,CE,Combined TRACON& Tower with Radar,0,5,13,3,21,0,0,0,0,0,0,5,13,3,21,0,0,0,21
11/26/2008,YNG,OH,AGL,CE,Combined TRACON& Tower with Radar,0,1,7,54,62,0,0,1,0,1,0,1,8,54,63,2,78,80,143
11/27/2008,YNG,OH,AGL,CE,Combined TRACON& Tower with Radar,0,5,22,0,27,0,0,13,0,13,0,5,35,0,40,22,0,22,62
11/28/2008,YNG,OH,AGL,CE,Combined TRACON& Tower with Radar,2,0,12,1,15,0,0,7,0,7,2,0,19,1,22,14,2,16,38
11/29/2008,YNG,OH,AGL,CE,Combined TRACON& Tower with Radar,1,3,57,0,61,0,4,36,3,43,1,7,93,3,104,82,10,92,196
11/30/2008,YNG,OH,AGL,CE,Combined TRACON& Tower with Radar,0,3,8,1,12,0,0,2,0,2,0,3,10,1,14,8,0,8,22
12/01/2008,YNG,OH,AGL,CE,Combined TRACON& Tower with Radar,2,0,7,14,23,0,0,0,0,0,2,0,7,14,23,0,16,16,39
12/02/2008,YNG,OH,AGL,CE,Combined TRACON& Tower with Radar,0,4,19,48,71,0,0,1,5,6,0,4,20,53,77,14,70,84,161
12/03/2008,YNG,OH,AGL,CE,Combined TRACON& Tower with Radar,0,14,53,70,137,0,0,26,10,36,0,14,79,80,173,70,166,236,409
12/04/2008,YNG,OH,AGL,CE,Combined TRACON& Tower with Radar,0,1,18,48,67,0,0,3,1,4,0,1,21,49,71,32,122,154,225
12/05/2008,YNG,OH,AGL,CE,Combined TRACON& Tower with Radar,5,7,42,13,67,0,0,17,1,18,5,7,59,14,85,58,36,94,179
12/06/2008,YNG,OH,AGL,CE,Combined TRACON& Tower with Radar,0,2,30,0,32,0,0,7,0,7,0,2,37,0,39,40,0,40,79
12/07/2008,YNG,OH,AGL,CE,Combined TRACON& Tower with Radar,1,3,29,8,41,0,0,5,0,5,1,3,34,8,46,20,0,20,66
12/08/2008,YNG,OH,AGL,CE,Combined TRACON& Tower with Radar,2,0,27,14,43,0,0,18,0,18,2,0,45,14,61,56,14,70,131
12/09/2008,YNG,OH,AGL,CE,Combined TRACON& Tower with Radar,0,2,21,21,44,0,0,4,6,10,0,2,25,27,54,16,18,34,88
12/10/2008,YNG,OH,AGL,CE,Combined TRACON& Tower with Radar,0,3,10,27,40,0,0,0,0,0,0,3,10,27,40,12,24,36,76
12/11/2008,YNG,OH,AGL,CE,Combined TRACON& Tower with Radar,0,2,30,25,57,0,6,14,3,23,0,8,44,28,80,56,50,106,186
12/12/2008,YNG,OH,AGL,CE,Combined TRACON& Tower with Radar,4,4,28,5,41,0,0,0,0,0,4,4,28,5,41,18,0,18,59
12/13/2008,YNG,OH,AGL,CE,Combined TRACON& Tower with Radar,0,2,30,1,33,0,0,31,0,31,0,2,61,1,64,104,0,104,168
12/14/2008,YNG,OH,AGL,CE,Combined TRACON& Tower with Radar,0,7,17,3,27,0,0,3,0,3,0,7,20,3,30,10,26,36,66
12/15/2008,YNG,OH,AGL,CE,Combined TRACON& Tower with Radar,2,12,21,6,41,0,0,5,0,5,2,12,26,6,46,12,14,26,72
12/16/2008,YNG,OH,AGL,CE,Combined TRACON& Tower with Radar,0,12,23,20,55,0,0,3,9,12,0,12,26,29,67,26,48,74,141
12/17/2008,YNG,OH,AGL,CE,Combined TRACON& Tower with Radar,0,1,10,29,40,0,0,0,0,0,0,1,10,29,40,2,44,46,86
12/18/2008,YNG,OH,AGL,CE,Combined TRACON& Tower with Radar,0,8,34,39,81,0,0,0,2,2,0,8,34,41,83,12,132,144,227
12/19/2008,YNG,OH,AGL,CE,Combined TRACON& Tower with Radar,2,2,2,2,8,0,0,0,0,0,2,2,2,2,8,0,0,0,8
12/20/2008,YNG,OH,AGL,CE,Combined TRACON& Tower with Radar,0,0,10,14,24,0,0,0,0,0,0,0,10,14,24,0,50,50,74
12/21/2008,YNG,OH,AGL,CE,Combined TRACON& Tower with Radar,0,0,1,4,5,0,0,0,0,0,0,0,1,4,5,0,0,0,5
12/22/2008,YNG,OH,AGL,CE,Combined TRACON& Tower with Radar,0,4,6,44,54,0,0,0,0,0,0,4,6,44,54,20,42,62,116
12/23/2008,YNG,OH,AGL,CE,Combined TRACON& Tower with Radar,0,10,43,9,62,0,0,16,0,16,0,10,59,9,78,52,20,72,150
12/24/2008,YNG,OH,AGL,CE,Combined TRACON& Tower with Radar,0,6,2,1,9,0,1,1,0,2,0,7,3,1,11,0,0,0,11
12/25/2008,YNG,OH,AGL,CE,Combined TRACON& Tower with Radar,0,18,0,0,18,0,2,3,0,5,0,20,3,0,23,10,0,10,33
12/26/2008,YNG,OH,AGL,CE,Combined TRACON& Tower with Radar,2,5,30,0,37,0,0,3,0,3,2,5,33,0,40,38,0,38,78
12/27/2008,YNG,OH,AGL,CE,Combined TRACON& Tower with Radar,0,1,13,0,14,0,0,0,0,0,0,1,13,0,14,32,0,32,46
12/28/2008,YNG,OH,AGL,CE,Combined TRACON& Tower with Radar,0,7,2,0,9,0,0,0,0,0,0,7,2,0,9,2,0,2,11
12/29/2008,YNG,OH,AGL,CE,Combined TRACON& Tower with Radar,2,5,33,40,80,0,10,26,5,41,2,15,59,45,121,40,90,130,251
12/30/2008,YNG,OH,AGL,CE,Combined TRACON& Tower with Radar,0,7,61,21,89,0,2,43,5,50,0,9,104,26,139,78,60,138,277
12/31/2008,YNG,OH,AGL,CE,Combined TRACON& Tower with Radar,0,0,2,0,2,0,0,0,0,0,0,0,2,0,2,0,0,0,2
01/01/2009,YNG,OH,AGL,CE,Combined TRACON& Tower with Radar,0,1,10,0,11,0,0,10,0,10,0,1,20,0,21,10,0,10,31
01/02/2009,YNG,OH,AGL,CE,Combined TRACON& Tower with Radar,4,3,21,8,36,0,0,6,0,6,4,3,27,8,42,56,14,70,112
01/03/2009,YNG,OH,AGL,CE,Combined TRACON& Tower with Radar,0,0,85,0,85,0,1,31,0,32,0,1,116,0,117,134,0,134,251
01/04/2009,YNG,OH,AGL,CE,Combined TRACON& Tower with Radar,2,2,8,0,12,0,0,0,0,0,2,2,8,0,12,0,0,0,12
01/05/2009,YNG,OH,AGL,CE,Combined TRACON& Tower with Radar,0,2,47,48,97,0,1,32,11,44,0,3,79,59,141,86,158,244,385
01/06/2009,YNG,OH,AGL,CE,Combined TRACON& Tower with Radar,0,1,9,4,14,0,0,0,0,0,0,1,9,4,14,0,0,0,14
01/07/2009,YNG,OH,AGL,CE,Combined TRACON& Tower with Radar,0,0,11,22,33,0,0,0,0,0,0,0,11,22,33,2,18,20,53
01/08/2009,YNG,OH,AGL,CE,Combined TRACON& Tower with Radar,1,0,27,7,35,0,0,0,0,0,1,0,27,7,35,16,20,36,71
01/09/2009,YNG,OH,AGL,CE,Combined TRACON& Tower with Radar,0,5,22,21,48,0,0,0,0,0,0,5,22,21,48,8,28,36,84
01/10/2009,YNG,OH,AGL,CE,Combined TRACON& Tower with Radar,0,0,5,0,5,0,0,0,0,0,0,0,5,0,5,0,0,0,5
01/11/2009,YNG,OH,AGL,CE,Combined TRACON& Tower with Radar,0,0,0,4,4,0,0,6,0,6,0,0,6,4,10,0,0,0,10
01/12/2009,YNG,OH,AGL,CE,Combined TRACON& Tower with Radar,2,2,19,0,23,0,0,0,0,0,2,2,19,0,23,6,0,6,29
01/13/2009,YNG,OH,AGL,CE,Combined TRACON& Tower with Radar,0,1,11,0,12,0,2,0,0,2,0,3,11,0,14,0,0,0,14
01/14/2009,YNG,OH,AGL,CE,Combined TRACON& Tower with Radar,0,4,9,24,37,0,0,1,0,1,0,4,10,24,38,0,24,24,62
01/15/2009,YNG,OH,AGL,CE,Combined TRACON& Tower with Radar,0,11,16,16,43,0,12,0,0,12,0,23,16,16,55,20,12,32,87
01/16/2009,YNG,OH,AGL,CE,Combined TRACON& Tower with Radar,0,2,32,15,49,0,0,1,0,1,0,2,33,15,50,8,54,62,112
01/17/2009,YNG,OH,AGL,CE,Combined TRACON& Tower with Radar,0,2,6,0,8,0,0,1,0,1,0,2,7,0,9,2,0,2,11
01/18/2009,YNG,OH,AGL,CE,Combined TRACON& Tower with Radar,0,2,3,1,6,0,0,0,0,0,0,2,3,1,6,0,0,0,6
01/19/2009,YNG,OH,AGL,CE,Combined TRACON& Tower with Radar,2,0,19,0,21,0,0,3,0,3,2,0,22,0,24,20,0,20,44
01/20/2009,YNG,OH,AGL,CE,Combined TRACON& Tower with Radar,0,3,23,12,38,0,1,1,6,8,0,4,24,18,46,18,46,64,110
01/21/2009,YNG,OH,AGL,CE,Combined TRACON& Tower with Radar,0,4,24,32,60,0,0,2,10,12,0,4,26,42,72,50,50,100,172
01/22/2009,YNG,OH,AGL,CE,Combined TRACON& Tower with Radar,0,4,28,33,65,0,0,20,7,27,0,4,48,40,92,46,70,116,208
01/23/2009,YNG,OH,AGL,CE,Combined TRACON& Tower with Radar,3,5,32,39,79,0,0,11,1,12,3,5,43,40,91,30,94,124,215
01/24/2009,YNG,OH,AGL,CE,Combined TRACON& Tower with Radar,1,1,14,0,16,0,0,14,0,14,1,1,28,0,30,42,0,42,72
01/25/2009,YNG,OH,AGL,CE,Combined TRACON& Tower with Radar,1,2,19,0,22,0,0,1,0,1,1,2,20,0,23,16,0,16,39
01/26/2009,YNG,OH,AGL,CE,Combined TRACON& Tower with Radar,3,0,25,38,66,0,0,8,14,22,3,0,33,52,88,56,90,146,234
01/27/2009,YNG,OH,AGL,CE,Combined TRACON& Tower with Radar,0,9,42,15,66,0,1,7,6,14,0,10,49,21,80,65,18,83,163
01/28/2009,YNG,OH,AGL,CE,Combined TRACON& Tower with Radar,0,0,1,0,1,0,0,0,0,0,0,0,1,0,1,0,0,0,1
01/29/2009,YNG,OH,AGL,CE,Combined TRACON& Tower with Radar,0,2,12,0,14,0,0,5,0,5,0,2,17,0,19,0,0,0,19
01/30/2009,YNG,OH,AGL,CE,Combined TRACON& Tower with Radar,2,0,5,12,19,0,0,0,0,0,2,0,5,12,19,0,14,14,33
01/31/2009,YNG,OH,AGL,CE,Combined TRACON& Tower with Radar,2,1,17,0,20,0,0,11,0,11,2,1,28,0,31,25,0,25,56
02/01/2009,YNG,OH,AGL,CE,Combined TRACON& Tower with Radar,0,0,10,3,13,0,0,6,0,6,0,0,16,3,19,12,6,18,37
02/02/2009,YNG,OH,AGL,CE,Combined TRACON& Tower with Radar,4,0,32,37,73,0,0,38,8,46,4,0,70,45,119,76,72,148,267
02/03/2009,YNG,OH,AGL,CE,Combined TRACON& Tower with Radar,0,2,12,2,16,0,0,0,0,0,0,2,12,2,16,0,0,0,16
02/04/2009,YNG,OH,AGL,CE,Combined TRACON& Tower with Radar,0,0,10,37,47,0,0,0,12,12,0,0,10,49,59,0,84,84,143
02/05/2009,YNG,OH,AGL,CE,Combined TRACON& Tower with Radar,0,2,31,16,49,0,0,3,4,7,0,2,34,20,56,38,10,48,104
02/06/2009,YNG,OH,AGL,CE,Combined TRACON& Tower with Radar,2,1,42,24,69,0,0,16,5,21,2,1,58,29,90,58,60,118,208
02/07/2009,YNG,OH,AGL,CE,Combined TRACON& Tower with Radar,0,0,15,0,15,0,4,6,0,10,0,4,21,0,25,12,0,12,37
02/08/2009,YNG,OH,AGL,CE,Combined TRACON& Tower with Radar,1,6,57,14,78,0,0,5,11,16,1,6,62,25,94,62,8,70,164
02/09/2009,YNG,OH,AGL,CE,Combined TRACON& Tower with Radar,2,7,41,23,73,0,0,12,10,22,2,7,53,33,95,53,78,131,226
02/10/2009,YNG,OH,AGL,CE,Combined TRACON& Tower with Radar,0,0,22,56,78,0,0,5,1,6,0,0,27,57,84,10,92,102,186
02/11/2009,YNG,OH,AGL,CE,Combined TRACON& Tower with Radar,0,16,15,4,35,0,0,0,2,2,0,16,15,6,37,36,14,50,87
02/12/2009,YNG,OH,AGL,CE,Combined TRACON& Tower with Radar,0,1,13,0,14,0,0,1,0,1,0,1,14,0,15,1,0,1,16
02/13/2009,YNG,OH,AGL,CE,Combined TRACON& Tower with Radar,4,1,25,24,54,0,4,22,6,32,4,5,47,30,86,32,100,132,218
02/14/2009,YNG,OH,AGL,CE,Combined TRACON& Tower with Radar,0,2,6,1,9,0,0,8,1,9,0,2,14,2,18,0,0,0,18
02/15/2009,YNG,OH,AGL,CE,Combined TRACON& Tower with Radar,1,4,26,3,34,0,5,1,0,6,1,9,27,3,40,12,0,12,52
02/16/2009,YNG,OH,AGL,CE,Combined TRACON& Tower with Radar,3,1,66,0,70,0,0,20,0,20,3,1,86,0,90,76,0,76,166
02/17/2009,YNG,OH,AGL,CE,Combined TRACON& Tower with Radar,0,4,35,30,69,0,0,24,16,40,0,4,59,46,109,88,99,187,296
02/18/2009,YNG,OH,AGL,CE,Combined TRACON& Tower with Radar,2,1,10,77,90,0,0,0,0,0,2,1,10,77,90,6,92,98,188
02/19/2009,YNG,OH,AGL,CE,Combined TRACON& Tower with Radar,0,3,11,3,17,0,0,0,0,0,0,3,11,3,17,0,0,0,17
02/20/2009,YNG,OH,AGL,CE,Combined TRACON& Tower with Radar,5,1,8,9,23,0,3,4,4,11,5,4,12,13,34,0,6,6,40
02/21/2009,YNG,OH,AGL,CE,Combined TRACON& Tower with Radar,0,0,9,0,9,0,0,14,1,15,0,0,23,1,24,30,0,30,54
02/22/2009,YNG,OH,AGL,CE,Combined TRACON& Tower with Radar,1,0,14,3,18,0,0,0,0,0,1,0,14,3,18,8,0,8,26
02/23/2009,YNG,OH,AGL,CE,Combined TRACON& Tower with Radar,2,1,12,8,23,0,0,2,0,2,2,1,14,8,25,4,16,20,45
02/24/2009,YNG,OH,AGL,CE,Combined TRACON& Tower with Radar,0,2,44,22,68,0,0,25,5,30,0,2,69,27,98,68,20,88,186
02/25/2009,YNG,OH,AGL,CE,Combined TRACON& Tower with Radar,0,3,47,51,101,0,0,40,0,40,0,3,87,51,141,104,149,253,394
02/26/2009,YNG,OH,AGL,CE,Combined TRACON& Tower with Radar,0,10,25,24,59,0,0,5,5,10,0,10,30,29,69,42,38,80,149
02/27/2009,YNG,OH,AGL,CE,Combined TRACON& Tower with Radar,4,5,18,17,44,0,0,0,0,0,4,5,18,17,44,8,24,32,76
02/28/2009,YNG,OH,AGL,CE,Combined TRACON& Tower with Radar,0,0,50,0,50,0,2,18,0,20,0,2,68,0,70,52,0,52,122
03/01/2009,YNG,OH,AGL,CE,Combined TRACON& Tower with Radar,1,1,48,1,51,0,0,5,0,5,1,1,53,1,56,48,0,48,104
03/02/2009,YNG,OH,AGL,CE,Combined TRACON& Tower with Radar,4,0,14,44,62,0,0,0,23,23,4,0,14,67,85,10,142,152,237
03/03/2009,YNG,OH,AGL,CE,Combined TRACON& Tower with Radar,0,5,37,16,58,0,4,23,1,28,0,9,60,17,86,58,30,88,174
03/04/2009,YNG,OH,AGL,CE,Combined TRACON& Tower with Radar,0,7,48,73,128,0,1,37,13,51,0,8,85,86,179,78,194,272,451
03/05/2009,YNG,OH,AGL,CE,Combined TRACON& Tower with Radar,0,0,24,13,37,0,0,40,0,40,0,0,64,13,77,34,24,58,135
03/06/2009,YNG,OH,AGL,CE,Combined TRACON& Tower with Radar,2,4,29,23,58,0,0,10,0,10,2,4,39,23,68,50,22,72,140
03/07/2009,YNG,OH,AGL,CE,Combined TRACON& Tower with Radar,0,1,3,4,8,0,0,4,1,5,0,1,7,5,13,0,0,0,13
03/08/2009,YNG,OH,AGL,CE,Combined TRACON& Tower with Radar,2,0,0,4,6,0,0,0,0,0,2,0,0,4,6,0,0,0,6
03/09/2009,YNG,OH,AGL,CE,Combined TRACON& Tower with Radar,2,0,35,44,81,0,0,17,6,23,2,0,52,50,104,48,128,176,280
03/10/2009,YNG,OH,AGL,CE,Combined TRACON& Tower with Radar,0,1,29,59,89,0,0,5,1,6,0,1,34,60,95,42,92,134,229
03/11/2009,YNG,OH,AGL,CE,Combined TRACON& Tower with Radar,0,0,24,29,53,0,0,2,20,22,0,0,26,49,75,34,122,156,231
03/12/2009,YNG,OH,AGL,CE,Combined TRACON& Tower with Radar,0,1,48,29,78,0,1,14,3,18,0,2,62,32,96,118,68,186,282
03/13/2009,YNG,OH,AGL,CE,Combined TRACON& Tower with Radar,3,2,26,25,56,0,0,17,12,29,3,2,43,37,85,48,108,156,241
03/14/2009,YNG,OH,AGL,CE,Combined TRACON& Tower with Radar,1,0,87,3,91,0,0,69,0,69,1,0,156,3,160,218,2,220,380
03/15/2009,YNG,OH,AGL,CE,Combined TRACON& Tower with Radar,2,0,60,2,64,0,0,43,0,43,2,0,103,2,107,90,2,92,199
03/16/2009,YNG,OH,AGL,CE,Combined TRACON& Tower with Radar,2,0,25,48,75,0,0,15,17,32,2,0,40,65,107,38,110,148,255
03/17/2009,YNG,OH,AGL,CE,Combined TRACON& Tower with Radar,0,6,32,6,44,0,0,25,3,28,0,6,57,9,72,84,6,90,162
03/18/2009,YNG,OH,AGL,CE,Combined TRACON& Tower with Radar,0,5,24,8,37,0,0,8,0,8,0,5,32,8,45,48,48,96,141
03/19/2009,YNG,OH,AGL,CE,Combined TRACON& Tower with Radar,0,0,16,16,32,0,0,15,6,21,0,0,31,22,53,74,38,112,165
03/20/2009,YNG,OH,AGL,CE,Combined TRACON& Tower with Radar,5,2,13,23,43,0,3,19,9,31,5,5,32,32,74,73,110,183,257
03/21/2009,YNG,OH,AGL,CE,Combined TRACON& Tower with Radar,0,0,28,0,28,0,1,45,0,46,0,1,73,0,74,74,0,74,148
03/22/2009,YNG,OH,AGL,CE,Combined TRACON& Tower with Radar,2,1,37,1,41,0,0,29,0,29,2,1,66,1,70,60,0,60,130
03/23/2009,YNG,OH,AGL,CE,Combined TRACON& Tower with Radar,2,2,15,29,48,0,0,25,28,53,2,2,40,57,101,56,70,126,227
03/24/2009,YNG,OH,AGL,CE,Combined TRACON& Tower with Radar,0,0,72,13,85,0,0,35,3,38,0,0,107,16,123,148,20,168,291
03/25/2009,YNG,OH,AGL,CE,Combined TRACON& Tower with Radar,0,2,48,58,108,0,2,0,2,4,0,4,48,60,112,42,100,142,254
03/26/2009,YNG,OH,AGL,CE,Combined TRACON& Tower with Radar,0,3,14,31,48,0,0,0,1,1,0,3,14,32,49,8,66,74,123
03/27/2009,YNG,OH,AGL,CE,Combined TRACON& Tower with Radar,4,8,48,33,93,0,6,43,4,53,4,14,91,37,146,188,86,274,420
03/28/2009,YNG,OH,AGL,CE,Combined TRACON& Tower with Radar,0,2,17,1,20,0,2,22,0,24,0,4,39,1,44,88,6,94,138
03/29/2009,YNG,OH,AGL,CE,Combined TRACON& Tower with Radar,2,3,4,1,10,0,0,2,0,2,2,3,6,1,12,8,0,8,20
03/30/2009,YNG,OH,AGL,CE,Combined TRACON& Tower with Radar,2,3,8,30,43,0,0,3,14,17,2,3,11,44,60,2,156,158,218
03/31/2009,YNG,OH,AGL,CE,Combined TRACON& Tower with Radar,0,1,45,27,73,0,0,32,4,36,0,1,77,31,109,62,44,106,215
04/01/2009,YNG,OH,AGL,CE,Combined TRACON& Tower with Radar,0,0,23,56,79,0,2,10,20,32,0,2,33,76,111,66,192,258,369
04/02/2009,YNG,OH,AGL,CE,Combined TRACON& Tower with Radar,2,0,25,23,50,0,0,39,4,43,2,0,64,27,93,144,78,222,315
04/03/2009,YNG,OH,AGL,CE,Combined TRACON& Tower with Radar,4,2,7,29,42,0,0,0,0,0,4,2,7,29,42,0,30,30,72
04/04/2009,YNG,OH,AGL,CE,Combined TRACON& Tower with Radar,0,1,13,2,16,0,0,9,1,10,0,1,22,3,26,26,2,28,54
04/05/2009,YNG,OH,AGL,CE,Combined TRACON& Tower with Radar,4,0,51,0,55,0,0,41,1,42,4,0,92,1,97,118,0,118,215
04/06/2009,YNG,OH,AGL,CE,Combined TRACON& Tower with Radar,2,1,3,32,38,0,0,0,0,0,2,1,3,32,38,0,44,44,82
04/07/2009,YNG,OH,AGL,CE,Combined TRACON& Tower with Radar,0,9,9,22,40,0,0,0,0,0,0,9,9,22,40,0,24,24,64
04/08/2009,YNG,OH,AGL,CE,Combined TRACON& Tower with Radar,0,4,12,20,36,0,0,17,11,28,0,4,29,31,64,22,104,126,190
04/09/2009,YNG,OH,AGL,CE,Combined TRACON& Tower with Radar,1,6,73,19,99,0,0,61,0,61,1,6,134,19,160,170,46,216,376
04/10/2009,YNG,OH,AGL,CE,Combined TRACON& Tower with Radar,2,3,31,21,57,0,0,4,4,8,2,3,35,25,65,38,56,94,159
04/11/2009,YNG,OH,AGL,CE,Combined TRACON& Tower with Radar,0,0,20,2,22,0,0,22,0,22,0,0,42,2,44,16,8,24,68
04/12/2009,YNG,OH,AGL,CE,Combined TRACON& Tower with Radar,2,0,27,0,29,0,0,16,0,16,2,0,43,0,45,30,0,30,75
04/13/2009,YNG,OH,AGL,CE,Combined TRACON& Tower with Radar,2,0,17,41,60,0,0,12,10,22,2,0,29,51,82,42,146,188,270
04/14/2009,YNG,OH,AGL,CE,Combined TRACON& Tower with Radar,0,2,37,20,59,0,0,1,0,1,0,2,38,20,60,62,54,116,176
04/15/2009,YNG,OH,AGL,CE,Combined TRACON& Tower with Radar,0,5,48,40,93,0,0,0,2,2,0,5,48,42,95,48,142,190,285
04/16/2009,YNG,OH,AGL,CE,Combined TRACON& Tower with Radar,2,7,42,28,79,0,2,48,3,53,2,9,90,31,132,152,62,214,346
04/17/2009,YNG,OH,AGL,CE,Combined TRACON& Tower with Radar,2,4,18,7,31,0,1,39,2,42,2,5,57,9,73,78,0,78,151
04/18/2009,YNG,OH,AGL,CE,Combined TRACON& Tower with Radar,1,4,28,6,39,0,1,16,0,17,1,5,44,6,56,28,6,34,90
04/19/2009,YNG,OH,AGL,CE,Combined TRACON& Tower with Radar,0,2,17,11,30,0,0,14,0,14,0,2,31,11,44,48,12,60,104
04/20/2009,YNG,OH,AGL,CE,Combined TRACON& Tower with Radar,2,2,20,19,43,0,0,0,0,0,2,2,20,19,43,4,38,42,85
04/21/2009,YNG,OH,AGL,CE,Combined TRACON& Tower with Radar,0,1,22,28,51,0,0,0,10,10,0,1,22,38,61,16,32,48,109
04/22/2009,YNG,OH,AGL,CE,Combined TRACON& Tower with Radar,0,1,24,44,69,0,0,4,12,16,0,1,28,56,85,16,180,196,281
04/23/2009,YNG,OH,AGL,CE,Combined TRACON& Tower with Radar,0,0,44,18,62,0,0,32,5,37,0,0,76,23,99,92,28,120,219
04/24/2009,YNG,OH,AGL,CE,Combined TRACON& Tower with Radar,4,2,25,27,58,0,0,6,2,8,4,2,31,29,66,18,46,64,130
04/25/2009,YNG,OH,AGL,CE,Combined TRACON& Tower with Radar,0,4,17,2,23,0,2,3,0,5,0,6,20,2,28,34,0,34,62
04/26/2009,YNG,OH,AGL,CE,Combined TRACON& Tower with Radar,3,2,7,2,14,0,6,20,0,26,3,8,27,2,40,30,0,30,70
04/27/2009,YNG,OH,AGL,CE,Combined TRACON& Tower with Radar,0,19,20,9,48,0,0,27,7,34,0,19,47,16,82,72,30,102,184
04/28/2009,YNG,OH,AGL,CE,Combined TRACON& Tower with Radar,0,2,8,13,23,0,0,1,0,1,0,2,9,13,24,6,8,14,38
04/29/2009,YNG,OH,AGL,CE,Combined TRACON& Tower with Radar,2,3,41,24,70,0,0,26,0,26,2,3,67,24,96,50,64,114,210
04/30/2009,YNG,OH,AGL,CE,Combined TRACON& Tower with Radar,0,3,16,6,25,0,0,11,10,21,0,3,27,16,46,10,22,32,78
05/01/2009,YNG,OH,AGL,CE,Combined TRACON& Tower with Radar,3,4,29,6,42,0,0,0,0,0,3,4,29,6,42,14,2,16,58
05/02/2009,YNG,OH,AGL,CE,Combined TRACON& Tower with Radar,0,2,21,0,23,0,0,21,2,23,0,2,42,2,46,76,33,109,155
05/03/2009,YNG,OH,AGL,CE,Combined TRACON& Tower with Radar,3,1,26,8,38,0,0,35,2,37,3,1,61,10,75,70,6,76,151
05/04/2009,YNG,OH,AGL,CE,Combined TRACON& Tower with Radar,2,0,11,51,64,0,0,24,8,32,2,0,35,59,96,80,126,206,302
05/05/2009,YNG,OH,AGL,CE,Combined TRACON& Tower with Radar,0,5,27,32,64,0,0,23,7,30,0,5,50,39,94,44,52,96,190
05/06/2009,YNG,OH,AGL,CE,Combined TRACON& Tower with Radar,0,0,19,29,48,0,0,2,0,2,0,0,21,29,50,42,68,110,160
05/07/2009,YNG,OH,AGL,CE,Combined TRACON& Tower with Radar,0,0,24,36,60,0,0,9,4,13,0,0,33,40,73,46,26,72,145
05/08/2009,YNG,OH,AGL,CE,Combined TRACON& Tower with Radar,2,2,11,13,28,0,2,2,4,8,2,4,13,17,36,8,50,58,94
05/09/2009,YNG,OH,AGL,CE,Combined TRACON& Tower with Radar,0,1,9,3,13,0,0,0,0,0,0,1,9,3,13,14,0,14,27
05/10/2009,YNG,OH,AGL,CE,Combined TRACON& Tower with Radar,0,1,25,1,27,0,0,5,0,5,0,1,30,1,32,20,0,20,52
05/11/2009,YNG,OH,AGL,CE,Combined TRACON& Tower with Radar,2,0,48,65,115,0,0,35,0,35,2,0,83,65,150,84,148,232,382
05/12/2009,YNG,OH,AGL,CE,Combined TRACON& Tower with Radar,0,0,68,32,100,0,1,55,6,62,0,1,123,38,162,150,66,216,378
05/13/2009,YNG,OH,AGL,CE,Combined TRACON& Tower with Radar,0,0,30,48,78,0,0,22,1,23,0,0,52,49,101,58,142,200,301
05/14/2009,YNG,OH,AGL,CE,Combined TRACON& Tower with Radar,0,7,14,44,65,0,2,6,8,16,0,9,20,52,81,8,56,64,145
05/15/2009,YNG,OH,AGL,CE,Combined TRACON& Tower with Radar,2,6,40,5,53,0,0,50,0,50,2,6,90,5,103,139,6,145,248
05/16/2009,YNG,OH,AGL,CE,Combined TRACON& Tower with Radar,0,1,4,0,5,0,0,4,0,4,0,1,8,0,9,4,0,4,13
05/17/2009,YNG,OH,AGL,CE,Combined TRACON& Tower with Radar,0,2,38,0,40,0,0,56,0,56,0,2,94,0,96,104,0,104,200
05/18/2009,YNG,OH,AGL,CE,Combined TRACON& Tower with Radar,3,4,25,32,64,0,4,33,3,40,3,8,58,35,104,126,128,254,358
05/19/2009,YNG,OH,AGL,CE,Combined TRACON& Tower with Radar,0,6,24,18,48,0,1,23,6,30,0,7,47,24,78,74,46,120,198
05/20/2009,YNG,OH,AGL,CE,Combined TRACON& Tower with Radar,0,3,47,52,102,0,0,35,4,39,0,3,82,56,141,92,142,234,375
05/21/2009,YNG,OH,AGL,CE,Combined TRACON& Tower with Radar,0,2,21,33,56,0,0,37,11,48,0,2,58,44,104,62,96,158,262
05/22/2009,YNG,OH,AGL,CE,Combined TRACON& Tower with Radar,3,2,25,16,46,0,0,18,1,19,3,2,43,17,65,76,28,104,169
05/23/2009,YNG,OH,AGL,CE,Combined TRACON& Tower with Radar,0,2,29,0,31,0,0,27,0,27,0,2,56,0,58,64,0,64,122
05/24/2009,YNG,OH,AGL,CE,Combined TRACON& Tower with Radar,1,3,21,0,25,0,0,30,0,30,1,3,51,0,55,45,0,45,100
05/25/2009,YNG,OH,AGL,CE,Combined TRACON& Tower with Radar,2,0,20,0,22,0,1,30,7,38,2,1,50,7,60,62,4,66,126
05/26/2009,YNG,OH,AGL,CE,Combined TRACON& Tower with Radar,1,0,10,17,28,0,0,5,0,5,1,0,15,17,33,22,44,66,99
05/27/2009,YNG,OH,AGL,CE,Combined TRACON& Tower with Radar,0,7,40,33,80,0,0,2,4,6,0,7,42,37,86,46,72,118,204
05/28/2009,YNG,OH,AGL,CE,Combined TRACON& Tower with Radar,0,3,28,7,38,0,0,0,0,0,0,3,28,7,38,16,18,34,72
05/29/2009,YNG,OH,AGL,CE,Combined TRACON& Tower with Radar,3,0,39,1,43,0,0,11,0,11,3,0,50,1,54,62,0,62,116
05/30/2009,YNG,OH,AGL,CE,Combined TRACON& Tower with Radar,0,0,39,1,40,0,0,34,0,34,0,0,73,1,74,116,4,120,194
05/31/2009,YNG,OH,AGL,CE,Combined TRACON& Tower with Radar,2,1,25,1,29,0,0,37,0,37,2,1,62,1,66,36,0,36,102
06/01/2009,YNG,OH,AGL,CE,Combined TRACON& Tower with Radar,2,3,24,36,65,0,0,9,0,9,2,3,33,36,74,50,96,146,220
06/02/2009,YNG,OH,AGL,CE,Combined TRACON& Tower with Radar,0,1,31,13,45,0,0,2,4,6,0,1,33,17,51,50,56,106,157
06/03/2009,YNG,OH,AGL,CE,Combined TRACON& Tower with Radar,0,0,13,49,62,0,0,0,8,8,0,0,13,57,70,2,130,132,202
06/04/2009,YNG,OH,AGL,CE,Combined TRACON& Tower with Radar,0,0,41,10,51,0,0,28,2,30,0,0,69,12,81,116,2,118,199
06/05/2009,YNG,OH,AGL,CE,Combined TRACON& Tower with Radar,2,0,41,55,98,0,0,29,5,34,2,0,70,60,132,118,76,194,326
06/06/2009,YNG,OH,AGL,CE,Combined TRACON& Tower with Radar,0,0,9,2,11,0,0,83,0,83,0,0,92,2,94,58,0,58,152
06/07/2009,YNG,OH,AGL,CE,Combined TRACON& Tower with Radar,0,0,18,7,25,0,0,15,5,20,0,0,33,12,45,24,2,26,71
06/08/2009,YNG,OH,AGL,CE,Combined TRACON& Tower with Radar,2,0,17,26,45,0,0,4,0,4,2,0,21,26,49,32,84,116,165
06/09/2009,YNG,OH,AGL,CE,Combined TRACON& Tower with Radar,0,2,43,28,73,0,0,10,10,20,0,2,53,38,93,50,52,102,195
06/10/2009,YNG,OH,AGL,CE,Combined TRACON& Tower with Radar,2,4,38,33,77,0,0,18,7,25,2,4,56,40,102,66,100,166,268
06/11/2009,YNG,OH,AGL,CE,Combined TRACON& Tower with Radar,0,3,36,33,72,0,0,1,0,1,0,3,37,33,73,22,14,36,109
06/12/2009,YNG,OH,AGL,CE,Combined TRACON& Tower with Radar,0,3,34,26,63,0,0,10,8,18,0,3,44,34,81,82,128,210,291
06/13/2009,YNG,OH,AGL,CE,Combined TRACON& Tower with Radar,0,2,17,6,25,0,0,68,0,68,0,2,85,6,93,104,10,114,207
06/14/2009,YNG,OH,AGL,CE,Combined TRACON& Tower with Radar,0,2,42,2,46,0,0,38,0,38,0,2,80,2,84,86,0,86,170
06/15/2009,YNG,OH,AGL,CE,Combined TRACON& Tower with Radar,2,0,34,34,70,0,1,34,6,41,2,1,68,40,111,90,94,184,295
06/16/2009,YNG,OH,AGL,CE,Combined TRACON& Tower with Radar,0,6,43,31,80,0,2,29,10,41,0,8,72,41,121,88,110,198,319
06/17/2009,YNG,OH,AGL,CE,Combined TRACON& Tower with Radar,0,4,25,2,31,0,0,1,0,1,0,4,26,2,32,14,0,14,46
06/18/2009,YNG,OH,AGL,CE,Combined TRACON& Tower with Radar,0,0,40,37,77,0,0,3,4,7,0,0,43,41,84,36,104,140,224
06/19/2009,YNG,OH,AGL,CE,Combined TRACON& Tower with Radar,3,3,14,9,29,0,2,15,0,17,3,5,29,9,46,14,20,34,80
06/20/2009,YNG,OH,AGL,CE,Combined TRACON& Tower with Radar,0,1,11,0,12,0,0,4,0,4,0,1,15,0,16,10,0,10,26
06/21/2009,YNG,OH,AGL,CE,Combined TRACON& Tower with Radar,2,4,44,0,50,0,0,1,22,23,2,4,45,22,73,68,0,68,141
06/22/2009,YNG,OH,AGL,CE,Combined TRACON& Tower with Radar,2,0,28,31,61,0,0,29,2,31,2,0,57,33,92,20,62,82,174
06/23/2009,YNG,OH,AGL,CE,Combined TRACON& Tower with Radar,0,0,34,24,58,0,0,21,8,29,0,0,55,32,87,38,48,86,173
06/24/2009,YNG,OH,AGL,CE,Combined TRACON& Tower with Radar,0,2,38,35,75,0,0,26,6,32,0,2,64,41,107,54,68,122,229
06/25/2009,YNG,OH,AGL,CE,Combined TRACON& Tower with Radar,0,3,8,7,18,0,0,16,4,20,0,3,24,11,38,52,6,58,96
06/26/2009,YNG,OH,AGL,CE,Combined TRACON& Tower with Radar,5,4,20,16,45,0,0,12,8,20,5,4,32,24,65,66,68,134,199
06/27/2009,YNG,OH,AGL,CE,Combined TRACON& Tower with Radar,0,2,43,2,47,0,0,38,0,38,0,2,81,2,85,54,2,56,141
06/28/2009,YNG,OH,AGL,CE,Combined TRACON& Tower with Radar,4,0,25,0,29,0,0,6,0,6,4,0,31,0,35,26,0,26,61
06/29/2009,YNG,OH,AGL,CE,Combined TRACON& Tower with Radar,2,0,22,41,65,0,3,23,8,34,2,3,45,49,99,40,106,146,245
06/30/2009,YNG,OH,AGL,CE,Combined TRACON& Tower with Radar,1,6,35,19,61,0,4,6,3,13,1,10,41,22,74,36,14,50,124
07/01/2009,YNG,OH,AGL,CE,Combined TRACON& Tower with Radar,0,0,32,63,95,0,0,0,3,3,0,0,32,66,98,24,122,146,244
07/02/2009,YNG,OH,AGL,CE,Combined TRACON& Tower with Radar,0,4,37,12,53,0,0,3,2,5,0,4,40,14,58,24,40,64,122
07/03/2009,YNG,OH,AGL,CE,Combined TRACON& Tower with Radar,0,0,34,0,34,0,0,8,0,8,0,0,42,0,42,78,0,78,120
07/04/2009,YNG,OH,AGL,CE,Combined TRACON& Tower with Radar,2,0,38,3,43,0,0,19,0,19,2,0,57,3,62,56,0,56,118
07/05/2009,YNG,OH,AGL,CE,Combined TRACON& Tower with Radar,0,0,23,0,23,0,0,26,0,26,0,0,49,0,49,46,0,46,95
07/06/2009,YNG,OH,AGL,CE,Combined TRACON& Tower with Radar,2,0,40,38,80,0,0,32,0,32,2,0,72,38,112,94,88,182,294
07/07/2009,YNG,OH,AGL,CE,Combined TRACON& Tower with Radar,0,2,35,18,55,0,0,22,14,36,0,2,57,32,91,96,88,184,275
07/08/2009,YNG,OH,AGL,CE,Combined TRACON& Tower with Radar,0,0,58,21,79,0,0,17,14,31,0,0,75,35,110,96,134,230,340
07/09/2009,YNG,OH,AGL,CE,Combined TRACON& Tower with Radar,0,0,24,16,40,0,0,47,10,57,0,0,71,26,97,110,106,216,313
07/10/2009,YNG,OH,AGL,CE,Combined TRACON& Tower with Radar,2,6,23,16,47,0,2,22,0,24,2,8,45,16,71,36,34,70,141
07/11/2009,YNG,OH,AGL,CE,Combined TRACON& Tower with Radar,0,0,8,5,13,0,0,0,0,0,0,0,8,5,13,4,2,6,19
07/12/2009,YNG,OH,AGL,CE,Combined TRACON& Tower with Radar,1,6,30,10,47,0,0,39,3,42,1,6,69,13,89,66,24,90,179
07/13/2009,YNG,OH,AGL,CE,Combined TRACON& Tower with Radar,2,1,19,34,56,0,0,42,12,54,2,1,61,46,110,70,88,158,268
07/14/2009,YNG,OH,AGL,CE,Combined TRACON& Tower with Radar,0,3,22,10,35,0,0,23,2,25,0,3,45,12,60,64,28,92,152
07/15/2009,YNG,OH,AGL,CE,Combined TRACON& Tower with Radar,0,1,27,40,68,0,0,10,8,18,0,1,37,48,86,102,142,244,330
07/16/2009,YNG,OH,AGL,CE,Combined TRACON& Tower with Radar,1,2,24,18,45,0,2,8,3,13,1,4,32,21,58,26,34,60,118
07/17/2009,YNG,OH,AGL,CE,Combined TRACON& Tower with Radar,2,2,20,15,39,0,0,5,0,5,2,2,25,15,44,8,48,56,100
07/18/2009,YNG,OH,AGL,CE,Combined TRACON& Tower with Radar,0,0,13,0,13,0,0,4,0,4,0,0,17,0,17,14,0,14,31
07/19/2009,YNG,OH,AGL,CE,Combined TRACON& Tower with Radar,2,6,13,1,22,0,1,6,0,7,2,7,19,1,29,22,0,22,51
07/20/2009,YNG,OH,AGL,CE,Combined TRACON& Tower with Radar,2,1,21,33,57,0,0,38,9,47,2,1,59,42,104,50,122,172,276
07/21/2009,YNG,OH,AGL,CE,Combined TRACON& Tower with Radar,0,7,12,4,23,0,0,9,2,11,0,7,21,6,34,12,0,12,46
07/22/2009,YNG,OH,AGL,CE,Combined TRACON& Tower with Radar,2,3,35,27,67,0,0,14,7,21,2,3,49,34,88,68,72,140,228
07/23/2009,YNG,OH,AGL,CE,Combined TRACON& Tower with Radar,0,0,28,30,58,0,0,0,9,9,0,0,28,39,67,10,64,74,141
07/24/2009,YNG,OH,AGL,CE,Combined TRACON& Tower with Radar,3,3,20,15,41,0,1,9,0,10,3,4,29,15,51,74,38,112,163
07/25/2009,YNG,OH,AGL,CE,Combined TRACON& Tower with Radar,0,1,14,2,17,0,0,7,0,7,0,1,21,2,24,0,0,0,24
07/26/2009,YNG,OH,AGL,CE,Combined TRACON& Tower with Radar,2,2,24,4,32,0,0,7,0,7,2,2,31,4,39,12,0,12,51
07/27/2009,YNG,OH,AGL,CE,Combined TRACON& Tower with Radar,2,12,36,26,76,0,0,36,0,36,2,12,72,26,112,106,52,158,270
07/28/2009,YNG,OH,AGL,CE,Combined TRACON& Tower with Radar,0,3,28,13,44,0,0,29,5,34,0,3,57,18,78,40,28,68,146
07/29/2009,YNG,OH,AGL,CE,Combined TRACON& Tower with Radar,0,0,27,39,66,0,0,0,2,2,0,0,27,41,68,32,66,98,166
07/30/2009,YNG,OH,AGL,CE,Combined TRACON& Tower with Radar,0,0,48,41,89,0,0,8,5,13,0,0,56,46,102,34,116,150,252
07/31/2009,YNG,OH,AGL,CE,Combined TRACON& Tower with Radar,4,2,13,6,25,0,0,13,0,13,4,2,26,6,38,26,6,32,70
08/01/2009,YNG,OH,AGL,CE,Combined TRACON& Tower with Radar,0,2,17,0,19,0,0,34,0,34,0,2,51,0,53,58,0,58,111
08/02/2009,YNG,OH,AGL,CE,Combined TRACON& Tower with Radar,2,2,20,2,26,0,0,18,0,18,2,2,38,2,44,18,0,18,62
08/03/2009,YNG,OH,AGL,CE,Combined TRACON& Tower with Radar,2,0,35,39,76,0,0,28,1,29,2,0,63,40,105,56,74,130,235
08/04/2009,YNG,OH,AGL,CE,Combined TRACON& Tower with Radar,0,2,39,21,62,0,0,15,8,23,0,2,54,29,85,18,18,36,121
08/05/2009,YNG,OH,AGL,CE,Combined TRACON& Tower with Radar,0,1,39,32,72,0,0,39,12,51,0,1,78,44,123,54,62,116,239
08/06/2009,YNG,OH,AGL,CE,Combined TRACON& Tower with Radar,0,2,46,26,74,0,0,23,13,36,0,2,69,39,110,70,46,116,226
08/07/2009,YNG,OH,AGL,CE,Combined TRACON& Tower with Radar,2,4,17,13,36,0,0,36,3,39,2,4,53,16,75,30,142,172,247
08/08/2009,YNG,OH,AGL,CE,Combined TRACON& Tower with Radar,0,1,3,0,4,0,3,5,0,8,0,4,8,0,12,0,200,200,212
08/09/2009,YNG,OH,AGL,CE,Combined TRACON& Tower with Radar,0,1,3,2,6,0,0,25,0,25,0,1,28,2,31,56,8,64,95
08/10/2009,YNG,OH,AGL,CE,Combined TRACON& Tower with Radar,0,5,35,22,62,0,0,23,5,28,0,5,58,27,90,24,10,34,124
08/11/2009,YNG,OH,AGL,CE,Combined TRACON& Tower with Radar,0,0,17,43,60,0,0,9,1,10,0,0,26,44,70,16,79,95,165
08/12/2009,YNG,OH,AGL,CE,Combined TRACON& Tower with Radar,0,2,31,35,68,0,0,15,0,15,0,2,46,35,83,34,62,96,179
08/13/2009,YNG,OH,AGL,CE,Combined TRACON& Tower with Radar,0,2,50,20,72,0,0,25,3,28,0,2,75,23,100,50,24,74,174
08/14/2009,YNG,OH,AGL,CE,Combined TRACON& Tower with Radar,2,8,27,24,61,0,0,27,2,29,2,8,54,26,90,52,75,127,217
08/15/2009,YNG,OH,AGL,CE,Combined TRACON& Tower with Radar,0,4,12,0,16,0,0,19,0,19,0,4,31,0,35,54,0,54,89
08/16/2009,YNG,OH,AGL,CE,Combined TRACON& Tower with Radar,0,1,22,1,24,0,0,23,0,23,0,1,45,1,47,56,0,56,103
08/17/2009,YNG,OH,AGL,CE,Combined TRACON& Tower with Radar,3,0,31,16,50,0,1,40,0,41,3,1,71,16,91,74,50,124,215
08/18/2009,YNG,OH,AGL,CE,Combined TRACON& Tower with Radar,1,2,14,44,61,0,0,11,5,16,1,2,25,49,77,38,48,86,163
08/19/2009,YNG,OH,AGL,CE,Combined TRACON& Tower with Radar,0,0,35,33,68,0,0,17,1,18,0,0,52,34,86,20,76,96,182
08/20/2009,YNG,OH,AGL,CE,Combined TRACON& Tower with Radar,1,2,30,9,42,0,1,5,1,7,1,3,35,10,49,28,14,42,91
08/21/2009,YNG,OH,AGL,CE,Combined TRACON& Tower with Radar,3,0,16,21,40,0,0,1,2,3,3,0,17,23,43,38,40,78,121
08/22/2009,YNG,OH,AGL,CE,Combined TRACON& Tower with Radar,0,3,13,0,16,0,0,17,0,17,0,3,30,0,33,26,0,26,59
08/23/2009,YNG,OH,AGL,CE,Combined TRACON& Tower with Radar,0,0,59,7,66,0,0,13,0,13,0,0,72,7,79,58,0,58,137
08/24/2009,YNG,OH,AGL,CE,Combined TRACON& Tower with Radar,2,0,40,45,87,0,1,32,8,41,2,1,72,53,128,96,144,240,368
08/25/2009,YNG,OH,AGL,CE,Combined TRACON& Tower with Radar,0,13,51,14,78,0,0,41,3,44,0,13,92,17,122,92,34,126,248
08/26/2009,YNG,OH,AGL,CE,Combined TRACON& Tower with Radar,0,2,37,57,96,0,0,16,15,31,0,2,53,72,127,78,106,184,311
08/27/2009,YNG,OH,AGL,CE,Combined TRACON& Tower with Radar,0,0,50,23,73,0,0,1,3,4,0,0,51,26,77,36,28,64,141
08/28/2009,YNG,OH,AGL,CE,Combined TRACON& Tower with Radar,6,0,5,24,35,0,0,4,0,4,6,0,9,24,39,2,32,34,73
08/29/2009,YNG,OH,AGL,CE,Combined TRACON& Tower with Radar,1,0,22,2,25,0,0,16,0,16,1,0,38,2,41,46,2,48,89
08/30/2009,YNG,OH,AGL,CE,Combined TRACON& Tower with Radar,2,0,26,3,31,0,0,6,0,6,2,0,32,3,37,2,0,2,39
08/31/2009,YNG,OH,AGL,CE,Combined TRACON& Tower with Radar,4,0,22,56,82,0,0,16,22,38,4,0,38,78,120,22,172,194,314
09/01/2009,YNG,OH,AGL,CE,Combined TRACON& Tower with Radar,0,9,23,35,67,0,2,22,5,29,0,11,45,40,96,108,76,184,280
09/02/2009,YNG,OH,AGL,CE,Combined TRACON& Tower with Radar,0,2,24,38,64,0,4,34,4,42,0,6,58,42,106,70,134,204,310
09/03/2009,YNG,OH,AGL,CE,Combined TRACON& Tower with Radar,0,2,27,39,68,0,0,35,19,54,0,2,62,58,122,108,92,200,322
09/04/2009,YNG,OH,AGL,CE,Combined TRACON& Tower with Radar,0,8,19,6,33,0,2,31,1,34,0,10,50,7,67,92,14,106,173
09/05/2009,YNG,OH,AGL,CE,Combined TRACON& Tower with Radar,0,0,34,1,35,0,0,32,0,32,0,0,66,1,67,34,0,34,101
09/06/2009,YNG,OH,AGL,CE,Combined TRACON& Tower with Radar,0,0,31,0,31,0,3,36,0,39,0,3,67,0,70,42,0,42,112
09/07/2009,YNG,OH,AGL,CE,Combined TRACON& Tower with Radar,0,1,29,0,30,0,0,3,0,3,0,1,32,0,33,20,0,20,53
09/08/2009,YNG,OH,AGL,CE,Combined TRACON& Tower with Radar,0,8,26,14,48,0,0,0,3,3,0,8,26,17,51,48,16,64,115
09/09/2009,YNG,OH,AGL,CE,Combined TRACON& Tower with Radar,0,14,25,37,76,0,2,15,6,23,0,16,40,43,99,84,150,234,333
09/10/2009,YNG,OH,AGL,CE,Combined TRACON& Tower with Radar,2,0,29,18,49,0,0,27,3,30,2,0,56,21,79,62,34,96,175
09/11/2009,YNG,OH,AGL,CE,Combined TRACON& Tower with Radar,2,0,15,37,54,0,0,15,3,18,2,0,30,40,72,30,56,86,158
09/12/2009,YNG,OH,AGL,CE,Combined TRACON& Tower with Radar,1,5,47,6,59,0,0,11,5,16,1,5,58,11,75,30,4,34,109
09/13/2009,YNG,OH,AGL,CE,Combined TRACON& Tower with Radar,1,0,26,7,34,0,0,26,0,26,1,0,52,7,60,26,14,40,100
09/14/2009,YNG,OH,AGL,CE,Combined TRACON& Tower with Radar,0,0,36,6,42,0,0,18,0,18,0,0,54,6,60,52,0,52,112
09/15/2009,YNG,OH,AGL,CE,Combined TRACON& Tower with Radar,2,5,8,33,48,0,0,14,8,22,2,5,22,41,70,58,48,106,176
09/16/2009,YNG,OH,AGL,CE,Combined TRACON& Tower with Radar,0,5,10,27,42,0,0,10,14,24,0,5,20,41,66,36,80,116,182
09/17/2009,YNG,OH,AGL,CE,Combined TRACON& Tower with Radar,0,9,22,27,58,0,1,17,8,26,0,10,39,35,84,32,40,72,156
09/18/2009,YNG,OH,AGL,CE,Combined TRACON& Tower with Radar,0,4,13,8,25,0,0,15,0,15,0,4,28,8,40,18,0,18,58
09/19/2009,YNG,OH,AGL,CE,Combined TRACON& Tower with Radar,4,0,29,0,33,0,0,26,0,26,4,0,55,0,59,80,5,85,144
09/20/2009,YNG,OH,AGL,CE,Combined TRACON& Tower with Radar,0,0,39,11,50,0,1,27,0,28,0,1,66,11,78,78,2,80,158
09/21/2009,YNG,OH,AGL,CE,Combined TRACON& Tower with Radar,2,1,11,13,27,0,0,0,4,4,2,1,11,17,31,4,44,48,79
09/22/2009,YNG,OH,AGL,CE,Combined TRACON& Tower with Radar,0,0,24,31,55,0,0,6,2,8,0,0,30,33,63,22,46,68,131
09/23/2009,YNG,OH,AGL,CE,Combined TRACON& Tower with Radar,0,7,23,19,49,0,3,5,0,8,0,10,28,19,57,10,12,22,79
09/24/2009,YNG,OH,AGL,CE,Combined TRACON& Tower with Radar,0,5,29,3,37,0,0,9,0,9,0,5,38,3,46,63,0,63,109
09/25/2009,YNG,OH,AGL,CE,Combined TRACON& Tower with Radar,2,18,29,17,66,0,2,21,0,23,2,20,50,17,89,28,26,54,143
09/26/2009,YNG,OH,AGL,CE,Combined TRACON& Tower with Radar,0,7,16,7,30,0,0,0,0,0,0,7,16,7,30,14,0,14,44
09/27/2009,YNG,OH,AGL,CE,Combined TRACON& Tower with Radar,2,5,46,2,55,0,0,2,0,2,2,5,48,2,57,28,0,28,85
09/28/2009,YNG,OH,AGL,CE,Combined TRACON& Tower with Radar,0,0,8,13,21,0,0,0,0,0,0,0,8,13,21,0,0,0,21
09/29/2009,YNG,OH,AGL,CE,Combined TRACON& Tower with Radar,2,2,18,34,56,0,0,0,4,4,2,2,18,38,60,14,40,54,114
09/30/2009,YNG,OH,AGL,CE,Combined TRACON& Tower with Radar,0,0,44,40,84,0,0,3,14,17,0,0,47,54,101,35,87,122,223
10/01/2009,YNG,OH,AGL,CE,Combined TRACON& Tower with Radar,0,1,39,27,67,0,0,43,4,47,0,1,82,31,114,60,34,94,208
10/02/2009,YNG,OH,AGL,CE,Combined TRACON& Tower with Radar,2,5,28,24,59,0,1,0,0,1,2,6,28,24,60,16,30,46,106
10/03/2009,YNG,OH,AGL,CE,Combined TRACON& Tower with Radar,2,0,8,0,10,0,0,4,0,4,2,0,12,0,14,2,0,2,16
10/04/2009,YNG,OH,AGL,CE,Combined TRACON& Tower with Radar,0,2,39,21,62,0,0,9,0,9,0,2,48,21,71,40,8,48,119
10/05/2009,YNG,OH,AGL,CE,Combined TRACON& Tower with Radar,0,1,28,57,86,0,0,16,2,18,0,1,44,59,104,62,140,202,306
10/06/2009,YNG,OH,AGL,CE,Combined TRACON& Tower with Radar,0,4,37,15,56,0,2,21,5,28,0,6,58,20,84,88,44,132,216
10/07/2009,YNG,OH,AGL,CE,Combined TRACON& Tower with Radar,0,9,2,14,25,0,0,1,0,1,0,9,3,14,26,0,18,18,44
10/08/2009,YNG,OH,AGL,CE,Combined TRACON& Tower with Radar,0,4,33,25,62,0,0,21,1,22,0,4,54,26,84,60,60,120,204
10/09/2009,YNG,OH,AGL,CE,Combined TRACON& Tower with Radar,2,6,14,12,34,0,0,0,0,0,2,6,14,12,34,10,2,12,46
10/10/2009,YNG,OH,AGL,CE,Combined TRACON& Tower with Radar,2,5,23,0,30,0,1,20,0,21,2,6,43,0,51,32,0,32,83
10/11/2009,YNG,OH,AGL,CE,Combined TRACON& Tower with Radar,0,3,21,0,24,0,0,18,0,18,0,3,39,0,42,62,0,62,104
10/12/2009,YNG,OH,AGL,CE,Combined TRACON& Tower with Radar,0,7,26,2,35,0,4,25,0,29,0,11,51,2,64,36,0,36,100
10/13/2009,YNG,OH,AGL,CE,Combined TRACON& Tower with Radar,0,0,26,36,62,0,0,12,19,31,0,0,38,55,93,46,110,156,249
10/14/2009,YNG,OH,AGL,CE,Combined TRACON& Tower with Radar,0,6,21,12,39,0,0,15,0,15,0,6,36,12,54,22,24,46,100
10/15/2009,YNG,OH,AGL,CE,Combined TRACON& Tower with Radar,0,2,6,5,13,0,4,0,0,4,0,6,6,5,17,4,4,8,25
10/16/2009,YNG,OH,AGL,CE,Combined TRACON& Tower with Radar,0,0,7,3,10,0,0,0,0,0,0,0,7,3,10,0,2,2,12
10/17/2009,YNG,OH,AGL,CE,Combined TRACON& Tower with Radar,1,5,3,1,10,0,0,0,0,0,1,5,3,1,10,0,0,0,10
10/18/2009,YNG,OH,AGL,CE,Combined TRACON& Tower with Radar,0,1,10,1,12,0,0,49,0,49,0,1,59,1,61,26,0,26,87
10/19/2009,YNG,OH,AGL,CE,Combined TRACON& Tower with Radar,0,0,11,19,30,0,0,37,10,47,0,0,48,29,77,52,46,98,175
10/20/2009,YNG,OH,AGL,CE,Combined TRACON& Tower with Radar,0,0,14,25,39,0,0,25,3,28,0,0,39,28,67,36,24,60,127
10/21/2009,YNG,OH,AGL,CE,Combined TRACON& Tower with Radar,0,2,25,37,64,0,0,24,1,25,0,2,49,38,89,60,84,144,233
10/22/2009,YNG,OH,AGL,CE,Combined TRACON& Tower with Radar,0,0,28,12,40,0,0,27,5,32,0,0,55,17,72,36,30,66,138
10/23/2009,YNG,OH,AGL,CE,Combined TRACON& Tower with Radar,5,0,14,27,46,0,0,4,14,18,5,0,18,41,64,2,46,48,112
10/24/2009,YNG,OH,AGL,CE,Combined TRACON& Tower with Radar,2,4,13,0,19,0,0,2,0,2,2,4,15,0,21,14,0,14,35
10/25/2009,YNG,OH,AGL,CE,Combined TRACON& Tower with Radar,4,4,31,13,52,0,0,28,0,28,4,4,59,13,80,58,10,68,148
10/26/2009,YNG,OH,AGL,CE,Combined TRACON& Tower with Radar,0,6,23,28,57,0,0,33,20,53,0,6,56,48,110,90,92,182,292
10/27/2009,YNG,OH,AGL,CE,Combined TRACON& Tower with Radar,0,3,33,25,61,0,0,35,9,44,0,3,68,34,105,78,134,212,317
10/28/2009,YNG,OH,AGL,CE,Combined TRACON& Tower with Radar,0,8,29,64,101,0,0,0,4,4,0,8,29,68,105,10,68,78,183
10/29/2009,YNG,OH,AGL,CE,Combined TRACON& Tower with Radar,0,2,46,51,99,0,0,0,10,10,0,2,46,61,109,20,82,102,211
10/30/2009,YNG,OH,AGL,CE,Combined TRACON& Tower with Radar,1,1,34,28,64,0,0,3,12,15,1,1,37,40,79,44,84,128,207
10/31/2009,YNG,OH,AGL,CE,Combined TRACON& Tower with Radar,3,4,11,5,23,0,0,3,0,3,3,4,14,5,26,0,0,0,26
11/01/2009,YNG,OH,AGL,CE,Combined TRACON& Tower with Radar,0,0,35,3,38,0,0,36,0,36,0,0,71,3,74,72,0,72,146
11/02/2009,YNG,OH,AGL,CE,Combined TRACON& Tower with Radar,0,8,39,34,81,0,1,22,6,29,0,9,61,40,110,68,106,174,284
11/03/2009,YNG,OH,AGL,CE,Combined TRACON& Tower with Radar,0,3,30,26,59,0,0,4,4,8,0,3,34,30,67,34,52,86,153
11/04/2009,YNG,OH,AGL,CE,Combined TRACON& Tower with Radar,0,7,23,53,83,0,2,19,4,25,0,9,42,57,108,50,76,126,234
11/05/2009,YNG,OH,AGL,CE,Combined TRACON& Tower with Radar,0,0,14,19,33,0,0,3,1,4,0,0,17,20,37,2,12,14,51
11/06/2009,YNG,OH,AGL,CE,Combined TRACON& Tower with Radar,4,2,32,8,46,0,2,37,0,39,4,4,69,8,85,80,35,115,200
11/07/2009,YNG,OH,AGL,CE,Combined TRACON& Tower with Radar,3,6,33,2,44,0,0,24,0,24,3,6,57,2,68,58,2,60,128
11/08/2009,YNG,OH,AGL,CE,Combined TRACON& Tower with Radar,0,3,38,7,48,0,0,41,0,41,0,3,79,7,89,100,0,100,189
11/09/2009,YNG,OH,AGL,CE,Combined TRACON& Tower with Radar,0,1,74,23,98,0,0,16,7,23,0,1,90,30,121,58,66,124,245
11/10/2009,YNG,OH,AGL,CE,Combined TRACON& Tower with Radar,0,10,29,11,50,0,0,8,6,14,0,10,37,17,64,26,10,36,100
11/11/2009,YNG,OH,AGL,CE,Combined TRACON& Tower with Radar,0,5,15,3,23,0,0,18,0,18,0,5,33,3,41,14,2,16,57
11/12/2009,YNG,OH,AGL,CE,Combined TRACON& Tower with Radar,0,0,50,22,72,0,0,40,9,49,0,0,90,31,121,62,18,80,201
11/13/2009,YNG,OH,AGL,CE,Combined TRACON& Tower with Radar,5,1,22,14,42,0,0,37,20,57,5,1,59,34,99,68,40,108,207
11/14/2009,YNG,OH,AGL,CE,Combined TRACON& Tower with Radar,1,1,19,1,22,0,0,41,0,41,1,1,60,1,63,62,0,62,125
11/15/2009,YNG,OH,AGL,CE,Combined TRACON& Tower with Radar,2,3,36,1,42,0,0,15,0,15,2,3,51,1,57,108,0,108,165
11/16/2009,YNG,OH,AGL,CE,Combined TRACON& Tower with Radar,2,2,25,29,58,0,0,20,9,29,2,2,45,38,87,60,114,174,261
11/17/2009,YNG,OH,AGL,CE,Combined TRACON& Tower with Radar,0,2,16,20,38,0,0,17,2,19,0,2,33,22,57,28,40,68,125
11/18/2009,YNG,OH,AGL,CE,Combined TRACON& Tower with Radar,0,1,34,52,87,0,9,6,0,15,0,10,40,52,102,36,144,180,282
11/19/2009,YNG,OH,AGL,CE,Combined TRACON& Tower with Radar,0,2,27,49,78,0,0,0,6,6,0,2,27,55,84,22,88,110,194
11/20/2009,YNG,OH,AGL,CE,Combined TRACON& Tower with Radar,6,0,25,22,53,0,0,10,1,11,6,0,35,23,64,38,72,110,174
11/21/2009,YNG,OH,AGL,CE,Combined TRACON& Tower with Radar,4,3,34,0,41,0,0,6,0,6,4,3,40,0,47,22,0,22,69
11/22/2009,YNG,OH,AGL,CE,Combined TRACON& Tower with Radar,2,1,26,2,31,0,0,32,0,32,2,1,58,2,63,64,0,64,127
11/23/2009,YNG,OH,AGL,CE,Combined TRACON& Tower with Radar,0,3,22,38,63,0,0,15,8,23,0,3,37,46,86,34,98,132,218
11/24/2009,YNG,OH,AGL,CE,Combined TRACON& Tower with Radar,0,4,35,35,74,0,3,2,0,5,0,7,37,35,79,14,40,54,133
11/25/2009,YNG,OH,AGL,CE,Combined TRACON& Tower with Radar,2,2,23,28,55,0,7,8,0,15,2,9,31,28,70,18,22,40,110
11/26/2009,YNG,OH,AGL,CE,Combined TRACON& Tower with Radar,0,1,4,0,5,0,0,2,0,2,0,1,6,0,7,0,0,0,7
11/27/2009,YNG,OH,AGL,CE,Combined TRACON& Tower with Radar,2,2,10,2,16,0,0,2,0,2,2,2,12,2,18,6,0,6,24
11/28/2009,YNG,OH,AGL,CE,Combined TRACON& Tower with Radar,2,3,34,1,40,0,0,20,0,20,2,3,54,1,60,94,0,94,154
11/29/2009,YNG,OH,AGL,CE,Combined TRACON& Tower with Radar,0,1,22,0,23,0,0,17,0,17,0,1,39,0,40,26,0,26,66
11/30/2009,YNG,OH,AGL,CE,Combined TRACON& Tower with Radar,2,1,12,23,38,0,0,6,4,10,2,1,18,27,48,8,50,58,106
12/01/2009,YNG,OH,AGL,CE,Combined TRACON& Tower with Radar,2,0,20,15,37,0,16,3,0,19,2,16,23,15,56,10,7,17,73
12/02/2009,YNG,OH,AGL,CE,Combined TRACON& Tower with Radar,0,1,25,33,59,0,0,8,1,9,0,1,33,34,68,8,60,68,136
12/03/2009,YNG,OH,AGL,CE,Combined TRACON& Tower with Radar,0,0,16,14,30,0,0,0,1,1,0,0,16,15,31,4,22,26,57
12/04/2009,YNG,OH,AGL,CE,Combined TRACON& Tower with Radar,3,3,14,23,43,0,0,20,6,26,3,3,34,29,69,28,48,76,145
12/05/2009,YNG,OH,AGL,CE,Combined TRACON& Tower with Radar,3,0,8,0,11,0,0,13,0,13,3,0,21,0,24,78,2,80,104
12/06/2009,YNG,OH,AGL,CE,Combined TRACON& Tower with Radar,2,4,26,13,45,0,2,32,0,34,2,6,58,13,79,40,0,40,119
12/07/2009,YNG,OH,AGL,CE,Combined TRACON& Tower with Radar,2,0,8,7,17,0,0,4,0,4,2,0,12,7,21,0,10,10,31
12/08/2009,YNG,OH,AGL,CE,Combined TRACON& Tower with Radar,0,0,29,4,33,0,2,8,2,12,0,2,37,6,45,54,38,92,137
12/09/2009,YNG,OH,AGL,CE,Combined TRACON& Tower with Radar,0,1,4,3,8,0,0,0,0,0,0,1,4,3,8,0,0,0,8
12/10/2009,YNG,OH,AGL,CE,Combined TRACON& Tower with Radar,0,2,10,16,28,0,0,0,0,0,0,2,10,16,28,0,0,0,28
12/11/2009,YNG,OH,AGL,CE,Combined TRACON& Tower with Radar,3,1,18,3,25,0,0,2,0,2,3,1,20,3,27,2,0,2,29
12/12/2009,YNG,OH,AGL,CE,Combined TRACON& Tower with Radar,0,0,47,2,49,0,0,31,0,31,0,0,78,2,80,82,0,82,162
12/13/2009,YNG,OH,AGL,CE,Combined TRACON& Tower with Radar,2,0,5,1,8,0,0,0,0,0,2,0,5,1,8,0,0,0,8
12/14/2009,YNG,OH,AGL,CE,Combined TRACON& Tower with Radar,2,5,20,40,67,0,0,13,9,22,2,5,33,49,89,18,72,90,179
12/15/2009,YNG,OH,AGL,CE,Combined TRACON& Tower with Radar,0,3,13,19,35,0,0,0,0,0,0,3,13,19,35,0,18,18,53
12/16/2009,YNG,OH,AGL,CE,Combined TRACON& Tower with Radar,0,3,19,35,57,0,2,7,4,13,0,5,26,39,70,40,58,98,168
12/17/2009,YNG,OH,AGL,CE,Combined TRACON& Tower with Radar,1,2,24,21,48,0,0,29,4,33,1,2,53,25,81,120,62,182,263
12/18/2009,YNG,OH,AGL,CE,Combined TRACON& Tower with Radar,2,1,30,16,49,0,0,14,1,15,2,1,44,17,64,24,32,56,120
12/19/2009,YNG,OH,AGL,CE,Combined TRACON& Tower with Radar,0,1,4,2,7,0,0,0,0,0,0,1,4,2,7,0,0,0,7
12/20/2009,YNG,OH,AGL,CE,Combined TRACON& Tower with Radar,0,1,8,2,11,0,0,6,0,6,0,1,14,2,17,26,0,26,43
12/21/2009,YNG,OH,AGL,CE,Combined TRACON& Tower with Radar,2,3,20,0,25,0,0,2,0,2,2,3,22,0,27,4,0,4,31
12/22/2009,YNG,OH,AGL,CE,Combined TRACON& Tower with Radar,0,6,10,7,23,0,0,1,3,4,0,6,11,10,27,0,4,4,31
12/23/2009,YNG,OH,AGL,CE,Combined TRACON& Tower with Radar,0,0,20,16,36,0,0,11,5,16,0,0,31,21,52,22,30,52,104
12/24/2009,YNG,OH,AGL,CE,Combined TRACON& Tower with Radar,0,8,14,0,22,0,0,4,0,4,0,8,18,0,26,26,0,26,52
12/25/2009,YNG,OH,AGL,CE,Combined TRACON& Tower with Radar,2,0,0,0,2,0,0,0,0,0,2,0,0,0,2,0,0,0,2
12/26/2009,YNG,OH,AGL,CE,Combined TRACON& Tower with Radar,0,0,22,0,22,0,0,17,0,17,0,0,39,0,39,38,0,38,77
12/27/2009,YNG,OH,AGL,CE,Combined TRACON& Tower with Radar,0,0,8,0,8,0,0,10,0,10,0,0,18,0,18,26,0,26,44
12/28/2009,YNG,OH,AGL,CE,Combined TRACON& Tower with Radar,2,0,5,0,7,0,0,0,0,0,2,0,5,0,7,0,0,0,7
12/29/2009,YNG,OH,AGL,CE,Combined TRACON& Tower with Radar,0,0,13,16,29,0,0,1,8,9,0,0,14,24,38,0,18,18,56
12/30/2009,YNG,OH,AGL,CE,Combined TRACON& Tower with Radar,0,2,19,18,39,0,0,6,16,22,0,2,25,34,61,18,76,94,155
12/31/2009,YNG,OH,AGL,CE,Combined TRACON& Tower with Radar,1,3,4,1,9,0,0,0,0,0,1,3,4,1,9,2,2,4,13
01/01/2010,YNG,OH,AGL,CE,Combined TRACON& Tower with Radar,3,0,7,0,10,0,0,0,0,0,3,0,7,0,10,0,0,0,10
01/02/2010,YNG,OH,AGL,CE,Combined TRACON& Tower with Radar,0,0,5,0,5,0,0,0,0,0,0,0,5,0,5,0,0,0,5
01/03/2010,YNG,OH,AGL,CE,Combined TRACON& Tower with Radar,2,0,15,1,18,0,0,0,0,0,2,0,15,1,18,0,0,0,18
01/04/2010,YNG,OH,AGL,CE,Combined TRACON& Tower with Radar,3,1,11,8,23,0,0,0,0,0,3,1,11,8,23,0,4,4,27
01/05/2010,YNG,OH,AGL,CE,Combined TRACON& Tower with Radar,0,2,5,0,7,0,0,0,0,0,0,2,5,0,7,0,0,0,7
01/06/2010,YNG,OH,AGL,CE,Combined TRACON& Tower with Radar,0,0,9,0,9,0,0,0,0,0,0,0,9,0,9,0,0,0,9
01/07/2010,YNG,OH,AGL,CE,Combined TRACON& Tower with Radar,0,9,12,0,21,0,0,0,0,0,0,9,12,0,21,0,0,0,21
01/08/2010,YNG,OH,AGL,CE,Combined TRACON& Tower with Radar,3,0,6,5,14,0,0,0,0,0,3,0,6,5,14,0,0,0,14
01/09/2010,YNG,OH,AGL,CE,Combined TRACON& Tower with Radar,0,1,13,5,19,0,0,4,0,4,0,1,17,5,23,28,8,36,59
01/10/2010,YNG,OH,AGL,CE,Combined TRACON& Tower with Radar,0,1,11,3,15,0,2,9,1,12,0,3,20,4,27,33,2,35,62
01/11/2010,YNG,OH,AGL,CE,Combined TRACON& Tower with Radar,2,2,19,0,23,0,0,0,0,0,2,2,19,0,23,0,0,0,23
01/12/2010,YNG,OH,AGL,CE,Combined TRACON& Tower with Radar,0,1,10,14,25,0,0,0,2,2,0,1,10,16,27,0,0,0,27
01/13/2010,YNG,OH,AGL,CE,Combined TRACON& Tower with Radar,0,5,22,40,67,0,0,10,0,10,0,5,32,40,77,22,64,86,163
01/14/2010,YNG,OH,AGL,CE,Combined TRACON& Tower with Radar,0,4,26,19,49,0,0,35,2,37,0,4,61,21,86,72,72,144,230
01/15/2010,YNG,OH,AGL,CE,Combined TRACON& Tower with Radar,2,1,5,18,26,0,0,0,0,0,2,1,5,18,26,4,4,8,34
01/16/2010,YNG,OH,AGL,CE,Combined TRACON& Tower with Radar,0,2,1,0,3,0,0,0,0,0,0,2,1,0,3,0,0,0,3
01/17/2010,YNG,OH,AGL,CE,Combined TRACON& Tower with Radar,0,4,4,4,12,0,0,0,0,0,0,4,4,4,12,0,0,0,12
01/18/2010,YNG,OH,AGL,CE,Combined TRACON& Tower with Radar,2,6,8,5,21,0,0,4,0,4,2,6,12,5,25,14,0,14,39
01/19/2010,YNG,OH,AGL,CE,Combined TRACON& Tower with Radar,0,2,5,0,7,0,0,8,0,8,0,2,13,0,15,2,0,2,17
01/20/2010,YNG,OH,AGL,CE,Combined TRACON& Tower with Radar,0,10,22,26,58,0,0,17,8,25,0,10,39,34,83,44,46,90,173
01/21/2010,YNG,OH,AGL,CE,Combined TRACON& Tower with Radar,0,0,33,28,61,0,0,16,7,23,0,0,49,35,84,44,98,142,226
01/22/2010,YNG,OH,AGL,CE,Combined TRACON& Tower with Radar,4,1,10,23,38,0,0,0,0,0,4,1,10,23,38,26,36,62,100
01/23/2010,YNG,OH,AGL,CE,Combined TRACON& Tower with Radar,0,2,35,1,38,0,3,29,3,35,0,5,64,4,73,66,0,66,139
01/24/2010,YNG,OH,AGL,CE,Combined TRACON& Tower with Radar,1,0,3,0,4,0,0,0,0,0,1,0,3,0,4,0,0,0,4
01/25/2010,YNG,OH,AGL,CE,Combined TRACON& Tower with Radar,2,1,26,11,40,0,0,0,0,0,2,1,26,11,40,2,24,26,66
01/26/2010,YNG,OH,AGL,CE,Combined TRACON& Tower with Radar,0,0,16,18,34,0,0,0,2,2,0,0,16,20,36,4,38,42,78
01/27/2010,YNG,OH,AGL,CE,Combined TRACON& Tower with Radar,0,0,17,13,30,0,0,8,2,10,0,0,25,15,40,6,62,68,108
01/28/2010,YNG,OH,AGL,CE,Combined TRACON& Tower with Radar,0,2,10,11,23,0,0,0,7,7,0,2,10,18,30,0,0,0,30
01/29/2010,YNG,OH,AGL,CE,Combined TRACON& Tower with Radar,2,0,25,20,47,0,0,6,0,6,2,0,31,20,53,16,32,48,101
01/30/2010,YNG,OH,AGL,CE,Combined TRACON& Tower with Radar,2,0,15,0,17,0,0,18,0,18,2,0,33,0,35,38,0,38,73
01/31/2010,YNG,OH,AGL,CE,Combined TRACON& Tower with Radar,2,3,17,3,25,0,2,17,0,19,2,5,34,3,44,50,0,50,94
02/01/2010,YNG,OH,AGL,CE,Combined TRACON& Tower with Radar,2,1,16,39,58,0,0,9,2,11,2,1,25,41,69,56,124,180,249
02/02/2010,YNG,OH,AGL,CE,Combined TRACON& Tower with Radar,0,0,5,21,26,0,6,4,0,10,0,6,9,21,36,2,46,48,84
02/03/2010,YNG,OH,AGL,CE,Combined TRACON& Tower with Radar,0,0,6,31,37,0,0,0,0,0,0,0,6,31,37,0,72,72,109
02/04/2010,YNG,OH,AGL,CE,Combined TRACON& Tower with Radar,4,2,34,44,84,0,0,34,5,39,4,2,68,49,123,104,56,160,283
02/05/2010,YNG,OH,AGL,CE,Combined TRACON& Tower with Radar,0,5,18,15,38,0,0,1,0,1,0,5,19,15,39,16,24,40,79
02/06/2010,YNG,OH,AGL,CE,Combined TRACON& Tower with Radar,0,0,5,0,5,0,0,0,0,0,0,0,5,0,5,0,0,0,5
02/07/2010,YNG,OH,AGL,CE,Combined TRACON& Tower with Radar,3,2,16,1,22,0,0,10,0,10,3,2,26,1,32,32,0,32,64
02/08/2010,YNG,OH,AGL,CE,Combined TRACON& Tower with Radar,0,0,24,23,47,0,0,10,12,22,0,0,34,35,69,46,82,128,197
02/09/2010,YNG,OH,AGL,CE,Combined TRACON& Tower with Radar,2,1,9,1,13,0,0,0,0,0,2,1,9,1,13,0,0,0,13
02/10/2010,YNG,OH,AGL,CE,Combined TRACON& Tower with Radar,0,1,5,1,7,0,0,0,0,0,0,1,5,1,7,0,0,0,7
02/11/2010,YNG,OH,AGL,CE,Combined TRACON& Tower with Radar,2,3,20,3,28,0,0,1,0,1,2,3,21,3,29,0,0,0,29
02/12/2010,YNG,OH,AGL,CE,Combined TRACON& Tower with Radar,0,2,4,16,22,0,0,0,2,2,0,2,4,18,24,0,20,20,44
02/13/2010,YNG,OH,AGL,CE,Combined TRACON& Tower with Radar,0,0,0,1,1,0,0,0,0,0,0,0,0,1,1,0,0,0,1
02/14/2010,YNG,OH,AGL,CE,Combined TRACON& Tower with Radar,2,6,3,0,11,0,0,3,0,3,2,6,6,0,14,4,0,4,18
02/15/2010,YNG,OH,AGL,CE,Combined TRACON& Tower with Radar,0,0,9,0,9,0,0,5,0,5,0,0,14,0,14,4,0,4,18
02/16/2010,YNG,OH,AGL,CE,Combined TRACON& Tower with Radar,0,0,8,0,8,0,0,0,0,0,0,0,8,0,8,0,0,0,8
02/17/2010,YNG,OH,AGL,CE,Combined TRACON& Tower with Radar,0,16,15,0,31,0,3,3,0,6,0,19,18,0,37,0,0,0,37
02/18/2010,YNG,OH,AGL,CE,Combined TRACON& Tower with Radar,2,2,17,16,37,0,0,0,4,4,2,2,17,20,41,16,30,46,87
02/19/2010,YNG,OH,AGL,CE,Combined TRACON& Tower with Radar,0,4,22,19,45,0,0,14,0,14,0,4,36,19,59,28,12,40,99
02/20/2010,YNG,OH,AGL,CE,Combined TRACON& Tower with Radar,0,0,28,0,28,0,0,48,0,48,0,0,76,0,76,125,0,125,201
02/21/2010,YNG,OH,AGL,CE,Combined TRACON& Tower with Radar,2,4,24,2,32,0,2,11,1,14,2,6,35,3,46,62,0,62,108
02/22/2010,YNG,OH,AGL,CE,Combined TRACON& Tower with Radar,0,0,13,23,36,0,0,0,0,0,0,0,13,23,36,0,22,22,58
02/23/2010,YNG,OH,AGL,CE,Combined TRACON& Tower with Radar,0,2,10,2,14,0,0,0,0,0,0,2,10,2,14,0,0,0,14
02/24/2010,YNG,OH,AGL,CE,Combined TRACON& Tower with Radar,0,2,12,31,45,0,0,2,0,2,0,2,14,31,47,0,34,34,81
02/25/2010,YNG,OH,AGL,CE,Combined TRACON& Tower with Radar,2,11,8,5,26,0,2,0,0,2,2,13,8,5,28,2,2,4,32
02/26/2010,YNG,OH,AGL,CE,Combined TRACON& Tower with Radar,3,6,3,2,14,0,0,0,0,0,3,6,3,2,14,0,0,0,14
02/27/2010,YNG,OH,AGL,CE,Combined TRACON& Tower with Radar,0,0,2,0,2,0,0,0,0,0,0,0,2,0,2,0,0,0,2
02/28/2010,YNG,OH,AGL,CE,Combined TRACON& Tower with Radar,9,1,10,4,24,0,0,0,0,0,9,1,10,4,24,0,0,0,24
03/01/2010,YNG,OH,AGL,CE,Combined TRACON& Tower with Radar,0,2,9,16,27,0,0,4,1,5,0,2,13,17,32,0,40,40,72
03/02/2010,YNG,OH,AGL,CE,Combined TRACON& Tower with Radar,0,0,7,44,51,0,0,3,1,4,0,0,10,45,55,2,64,66,121
03/03/2010,YNG,OH,AGL,CE,Combined TRACON& Tower with Radar,2,3,33,41,79,0,0,13,2,15,2,3,46,43,94,54,88,142,236
03/04/2010,YNG,OH,AGL,CE,Combined TRACON& Tower with Radar,2,6,34,41,83,0,0,24,5,29,2,6,58,46,112,96,76,172,284
03/05/2010,YNG,OH,AGL,CE,Combined TRACON& Tower with Radar,0,3,29,13,45,0,2,23,1,26,0,5,52,14,71,62,30,92,163
03/06/2010,YNG,OH,AGL,CE,Combined TRACON& Tower with Radar,0,0,47,0,47,0,0,37,0,37,0,0,84,0,84,96,0,96,180
03/07/2010,YNG,OH,AGL,CE,Combined TRACON& Tower with Radar,2,1,24,13,40,0,1,26,3,30,2,2,50,16,70,52,12,64,134
03/08/2010,YNG,OH,AGL,CE,Combined TRACON& Tower with Radar,0,5,17,24,46,0,0,12,2,14,0,5,29,26,60,42,74,116,176
03/09/2010,YNG,OH,AGL,CE,Combined TRACON& Tower with Radar,0,3,43,14,60,0,0,24,3,27,0,3,67,17,87,74,16,90,177
03/10/2010,YNG,OH,AGL,CE,Combined TRACON& Tower with Radar,0,2,20,32,54,0,0,15,9,24,0,2,35,41,78,24,68,92,170
03/11/2010,YNG,OH,AGL,CE,Combined TRACON& Tower with Radar,3,8,33,44,88,0,0,8,12,20,3,8,41,56,108,10,34,44,152
03/12/2010,YNG,OH,AGL,CE,Combined TRACON& Tower with Radar,2,0,16,10,28,0,0,1,3,4,2,0,17,13,32,16,34,50,82
03/13/2010,YNG,OH,AGL,CE,Combined TRACON& Tower with Radar,1,1,8,5,15,0,0,0,0,0,1,1,8,5,15,8,4,12,27
03/14/2010,YNG,OH,AGL,CE,Combined TRACON& Tower with Radar,3,0,23,0,26,0,0,0,0,0,3,0,23,0,26,14,0,14,40
03/15/2010,YNG,OH,AGL,CE,Combined TRACON& Tower with Radar,0,0,2,48,50,0,0,0,0,0,0,0,2,48,50,0,98,98,148
03/16/2010,YNG,OH,AGL,CE,Combined TRACON& Tower with Radar,0,3,24,31,58,0,2,39,6,47,0,5,63,37,105,82,38,120,225
03/17/2010,YNG,OH,AGL,CE,Combined TRACON& Tower with Radar,0,0,35,40,75,0,0,32,13,45,0,0,67,53,120,86,84,170,290
03/18/2010,YNG,OH,AGL,CE,Combined TRACON& Tower with Radar,2,1,51,29,83,0,0,31,6,37,2,1,82,35,120,74,52,126,246
03/19/2010,YNG,OH,AGL,CE,Combined TRACON& Tower with Radar,1,6,30,8,45,0,0,14,4,18,1,6,44,12,63,40,22,62,125
03/20/2010,YNG,OH,AGL,CE,Combined TRACON& Tower with Radar,1,5,23,6,35,0,4,18,1,23,1,9,41,7,58,42,10,52,110
03/21/2010,YNG,OH,AGL,CE,Combined TRACON& Tower with Radar,2,1,27,4,34,0,0,0,0,0,2,1,27,4,34,18,8,26,60
03/22/2010,YNG,OH,AGL,CE,Combined TRACON& Tower with Radar,2,1,9,20,32,0,0,0,0,0,2,1,9,20,32,0,40,40,72
03/23/2010,YNG,OH,AGL,CE,Combined TRACON& Tower with Radar,0,2,27,28,57,0,0,4,2,6,0,2,31,30,63,20,10,30,93
03/24/2010,YNG,OH,AGL,CE,Combined TRACON& Tower with Radar,0,4,34,15,53,0,0,38,8,46,0,4,72,23,99,70,94,164,263
03/25/2010,YNG,OH,AGL,CE,Combined TRACON& Tower with Radar,2,8,19,17,46,0,0,4,1,5,2,8,23,18,51,0,26,26,77
03/26/2010,YNG,OH,AGL,CE,Combined TRACON& Tower with Radar,2,2,23,7,34,0,0,10,0,10,2,2,33,7,44,38,36,74,118
03/27/2010,YNG,OH,AGL,CE,Combined TRACON& Tower with Radar,0,0,32,0,32,0,10,39,0,49,0,10,71,0,81,96,0,96,177
03/28/2010,YNG,OH,AGL,CE,Combined TRACON& Tower with Radar,4,7,18,0,29,0,0,0,0,0,4,7,18,0,29,6,0,6,35
03/29/2010,YNG,OH,AGL,CE,Combined TRACON& Tower with Radar,0,2,5,13,20,0,0,0,0,0,0,2,5,13,20,0,10,10,30
03/30/2010,YNG,OH,AGL,CE,Combined TRACON& Tower with Radar,3,8,30,38,79,0,0,8,4,12,3,8,38,42,91,40,50,90,181
03/31/2010,YNG,OH,AGL,CE,Combined TRACON& Tower with Radar,0,2,40,33,75,0,1,37,9,47,0,3,77,42,122,52,54,106,228
04/01/2010,YNG,OH,AGL,CE,Combined TRACON& Tower with Radar,2,2,26,25,55,0,4,19,7,30,2,6,45,32,85,32,36,68,153
04/02/2010,YNG,OH,AGL,CE,Combined TRACON& Tower with Radar,0,0,47,29,76,0,4,29,0,33,0,4,76,29,109,80,46,126,235
04/03/2010,YNG,OH,AGL,CE,Combined TRACON& Tower with Radar,0,1,12,3,16,0,0,8,0,8,0,1,20,3,24,14,0,14,38
04/04/2010,YNG,OH,AGL,CE,Combined TRACON& Tower with Radar,2,2,12,0,16,0,0,10,0,10,2,2,22,0,26,6,0,6,32
04/05/2010,YNG,OH,AGL,CE,Combined TRACON& Tower with Radar,0,1,24,39,64,0,3,11,14,28,0,4,35,53,92,36,78,114,206
04/06/2010,YNG,OH,AGL,CE,Combined TRACON& Tower with Radar,2,1,16,8,27,0,3,9,6,18,2,4,25,14,45,4,12,16,61
04/07/2010,YNG,OH,AGL,CE,Combined TRACON& Tower with Radar,0,6,11,17,34,0,2,5,0,7,0,8,16,17,41,14,48,62,103
04/08/2010,YNG,OH,AGL,CE,Combined TRACON& Tower with Radar,2,0,13,20,35,0,0,0,3,3,2,0,13,23,38,8,16,24,62
04/09/2010,YNG,OH,AGL,CE,Combined TRACON& Tower with Radar,0,0,14,12,26,0,0,0,0,0,0,0,14,12,26,0,14,14,40
04/10/2010,YNG,OH,AGL,CE,Combined TRACON& Tower with Radar,0,0,32,3,35,0,0,47,0,47,0,0,79,3,82,80,4,84,166
04/11/2010,YNG,OH,AGL,CE,Combined TRACON& Tower with Radar,2,1,21,5,29,0,0,17,0,17,2,1,38,5,46,36,0,36,82
04/12/2010,YNG,OH,AGL,CE,Combined TRACON& Tower with Radar,0,0,30,28,58,0,0,11,11,22,0,0,41,39,80,20,58,78,158
04/13/2010,YNG,OH,AGL,CE,Combined TRACON& Tower with Radar,0,2,27,28,57,0,0,9,10,19,0,2,36,38,76,18,44,62,138
04/14/2010,YNG,OH,AGL,CE,Combined TRACON& Tower with Radar,0,5,42,30,77,0,0,24,21,45,0,5,66,51,122,64,128,192,314
04/15/2010,YNG,OH,AGL,CE,Combined TRACON& Tower with Radar,1,3,24,29,57,0,28,16,0,44,1,31,40,29,101,82,150,232,333
04/16/2010,YNG,OH,AGL,CE,Combined TRACON& Tower with Radar,4,4,17,15,40,0,0,9,0,9,4,4,26,15,49,14,18,32,81
04/17/2010,YNG,OH,AGL,CE,Combined TRACON& Tower with Radar,0,2,11,2,15,0,0,11,0,11,0,2,22,2,26,16,0,16,42
04/18/2010,YNG,OH,AGL,CE,Combined TRACON& Tower with Radar,5,2,10,1,18,0,0,2,0,2,5,2,12,1,20,6,0,6,26
04/19/2010,YNG,OH,AGL,CE,Combined TRACON& Tower with Radar,1,0,49,4,54,0,0,31,14,45,1,0,80,18,99,74,44,118,217
04/20/2010,YNG,OH,AGL,CE,Combined TRACON& Tower with Radar,0,0,42,27,69,0,1,30,2,33,0,1,72,29,102,48,54,102,204
04/21/2010,YNG,OH,AGL,CE,Combined TRACON& Tower with Radar,0,3,18,48,69,0,0,28,13,41,0,3,46,61,110,26,176,202,312
04/22/2010,YNG,OH,AGL,CE,Combined TRACON& Tower with Radar,4,0,35,14,53,0,0,27,6,33,4,0,62,20,86,78,18,96,182
04/23/2010,YNG,OH,AGL,CE,Combined TRACON& Tower with Radar,2,2,15,14,33,0,0,25,1,26,2,2,40,15,59,32,26,58,117
04/24/2010,YNG,OH,AGL,CE,Combined TRACON& Tower with Radar,0,3,7,18,28,0,0,1,3,4,0,3,8,21,32,18,22,40,72
04/25/2010,YNG,OH,AGL,CE,Combined TRACON& Tower with Radar,4,0,24,4,32,0,0,5,2,7,4,0,29,6,39,16,8,24,63
04/26/2010,YNG,OH,AGL,CE,Combined TRACON& Tower with Radar,2,1,31,2,36,0,0,2,0,2,2,1,33,2,38,4,0,4,42
04/27/2010,YNG,OH,AGL,CE,Combined TRACON& Tower with Radar,0,0,24,29,53,0,0,14,5,19,0,0,38,34,72,40,46,86,158
04/28/2010,YNG,OH,AGL,CE,Combined TRACON& Tower with Radar,0,9,20,32,61,0,6,35,8,49,0,15,55,40,110,54,88,142,252
04/29/2010,YNG,OH,AGL,CE,Combined TRACON& Tower with Radar,4,1,43,20,68,0,5,13,8,26,4,6,56,28,94,62,46,108,202
04/30/2010,YNG,OH,AGL,CE,Combined TRACON& Tower with Radar,2,9,24,26,61,0,0,20,0,20,2,9,44,26,81,20,50,70,151
05/01/2010,YNG,OH,AGL,CE,Combined TRACON& Tower with Radar,0,2,12,0,14,0,0,8,0,8,0,2,20,0,22,24,0,24,46
05/02/2010,YNG,OH,AGL,CE,Combined TRACON& Tower with Radar,6,0,8,3,17,0,0,0,0,0,6,0,8,3,17,0,0,0,17
05/03/2010,YNG,OH,AGL,CE,Combined TRACON& Tower with Radar,0,2,46,15,63,0,0,8,6,14,0,2,54,21,77,40,42,82,159
05/04/2010,YNG,OH,AGL,CE,Combined TRACON& Tower with Radar,0,8,18,26,52,0,0,13,5,18,0,8,31,31,70,24,64,88,158
05/05/2010,YNG,OH,AGL,CE,Combined TRACON& Tower with Radar,0,2,11,13,26,0,0,8,2,10,0,2,19,15,36,6,48,54,90
05/06/2010,YNG,OH,AGL,CE,Combined TRACON& Tower with Radar,4,10,46,3,63,0,0,5,0,5,4,10,51,3,68,56,12,68,136
05/07/2010,YNG,OH,AGL,CE,Combined TRACON& Tower with Radar,2,2,17,1,22,0,0,10,0,10,2,2,27,1,32,10,0,10,42
05/08/2010,YNG,OH,AGL,CE,Combined TRACON& Tower with Radar,2,0,2,0,4,0,0,0,0,0,2,0,2,0,4,0,0,0,4
05/09/2010,YNG,OH,AGL,CE,Combined TRACON& Tower with Radar,4,1,18,1,24,0,0,11,0,11,4,1,29,1,35,24,0,24,59
05/10/2010,YNG,OH,AGL,CE,Combined TRACON& Tower with Radar,0,1,46,21,68,0,1,30,4,35,0,2,76,25,103,64,52,116,219
05/11/2010,YNG,OH,AGL,CE,Combined TRACON& Tower with Radar,0,0,16,13,29,0,0,0,0,0,0,0,16,13,29,14,10,24,53
05/12/2010,YNG,OH,AGL,CE,Combined TRACON& Tower with Radar,0,9,33,44,86,0,0,0,0,0,0,9,33,44,86,16,52,68,154
05/13/2010,YNG,OH,AGL,CE,Combined TRACON& Tower with Radar,3,5,17,8,33,0,4,0,1,5,3,9,17,9,38,0,18,18,56
05/14/2010,YNG,OH,AGL,CE,Combined TRACON& Tower with Radar,0,5,7,7,19,0,2,11,0,13,0,7,18,7,32,18,0,18,50
05/15/2010,YNG,OH,AGL,CE,Combined TRACON& Tower with Radar,0,0,26,2,28,0,1,28,3,32,0,1,54,5,60,64,0,64,124
05/16/2010,YNG,OH,AGL,CE,Combined TRACON& Tower with Radar,4,0,51,8,63,0,0,53,1,54,4,0,104,9,117,96,16,112,229
05/17/2010,YNG,OH,AGL,CE,Combined TRACON& Tower with Radar,0,0,20,16,36,0,0,13,0,13,0,0,33,16,49,14,16,30,79
05/18/2010,YNG,OH,AGL,CE,Combined TRACON& Tower with Radar,2,1,16,20,39,0,0,0,0,0,2,1,16,20,39,4,14,18,57
05/19/2010,YNG,OH,AGL,CE,Combined TRACON& Tower with Radar,1,2,40,41,84,0,2,11,14,27,1,4,51,55,111,22,82,104,215
05/20/2010,YNG,OH,AGL,CE,Combined TRACON& Tower with Radar,5,5,39,10,59,0,0,47,4,51,5,5,86,14,110,110,12,122,232
05/21/2010,YNG,OH,AGL,CE,Combined TRACON& Tower with Radar,1,1,49,12,63,0,0,20,2,22,1,1,69,14,85,54,30,84,169
05/22/2010,YNG,OH,AGL,CE,Combined TRACON& Tower with Radar,1,15,26,0,42,0,0,0,0,0,1,15,26,0,42,4,0,4,46
05/23/2010,YNG,OH,AGL,CE,Combined TRACON& Tower with Radar,5,3,57,2,67,0,0,16,0,16,5,3,73,2,83,64,9,73,156
05/24/2010,YNG,OH,AGL,CE,Combined TRACON& Tower with Radar,0,2,29,44,75,0,0,28,11,39,0,2,57,55,114,72,100,172,286
05/25/2010,YNG,OH,AGL,CE,Combined TRACON& Tower with Radar,0,9,25,17,51,0,3,33,6,42,0,12,58,23,93,72,36,108,201
05/26/2010,YNG,OH,AGL,CE,Combined TRACON& Tower with Radar,0,0,29,38,67,0,0,20,15,35,0,0,49,53,102,38,66,104,206
05/27/2010,YNG,OH,AGL,CE,Combined TRACON& Tower with Radar,4,5,32,11,52,0,0,13,1,14,4,5,45,12,66,42,4,46,112
05/28/2010,YNG,OH,AGL,CE,Combined TRACON& Tower with Radar,2,4,9,21,36,0,0,13,0,13,2,4,22,21,49,40,42,82,131
05/29/2010,YNG,OH,AGL,CE,Combined TRACON& Tower with Radar,0,2,18,0,20,0,0,37,0,37,0,2,55,0,57,38,0,38,95
05/30/2010,YNG,OH,AGL,CE,Combined TRACON& Tower with Radar,6,0,35,0,41,0,1,21,0,22,6,1,56,0,63,34,0,34,97
05/31/2010,YNG,OH,AGL,CE,Combined TRACON& Tower with Radar,0,0,12,2,14,0,0,3,12,15,0,0,15,14,29,12,2,14,43
06/01/2010,YNG,OH,AGL,CE,Combined TRACON& Tower with Radar,0,0,16,11,27,0,0,1,0,1,0,0,17,11,28,8,22,30,58
06/02/2010,YNG,OH,AGL,CE,Combined TRACON& Tower with Radar,0,2,6,26,34,0,0,6,4,10,0,2,12,30,44,6,92,98,142
06/03/2010,YNG,OH,AGL,CE,Combined TRACON& Tower with Radar,5,7,39,6,57,0,0,2,4,6,5,7,41,10,63,40,14,54,117
06/04/2010,YNG,OH,AGL,CE,Combined TRACON& Tower with Radar,3,3,37,37,80,0,0,15,2,17,3,3,52,39,97,66,50,116,213
06/05/2010,YNG,OH,AGL,CE,Combined TRACON& Tower with Radar,0,0,7,2,9,0,0,10,0,10,0,0,17,2,19,0,0,0,19
06/06/2010,YNG,OH,AGL,CE,Combined TRACON& Tower with Radar,4,2,4,3,13,0,0,0,0,0,4,2,4,3,13,0,6,6,19
06/07/2010,YNG,OH,AGL,CE,Combined TRACON& Tower with Radar,2,5,39,5,51,0,0,36,0,36,2,5,75,5,87,60,0,60,147
06/08/2010,YNG,OH,AGL,CE,Combined TRACON& Tower with Radar,0,1,32,19,52,0,19,11,0,30,0,20,43,19,82,64,32,96,178
06/09/2010,YNG,OH,AGL,CE,Combined TRACON& Tower with Radar,0,4,19,13,36,0,0,0,0,0,0,4,19,13,36,4,14,18,54
06/10/2010,YNG,OH,AGL,CE,Combined TRACON& Tower with Radar,5,3,52,21,81,0,2,30,2,34,5,5,82,23,115,60,68,128,243
06/11/2010,YNG,OH,AGL,CE,Combined TRACON& Tower with Radar,2,1,31,28,62,0,1,21,6,28,2,2,52,34,90,42,68,110,200
06/12/2010,YNG,OH,AGL,CE,Combined TRACON& Tower with Radar,0,2,23,2,27,0,0,8,0,8,0,2,31,2,35,26,0,26,61
06/13/2010,YNG,OH,AGL,CE,Combined TRACON& Tower with Radar,6,1,39,1,47,0,0,11,0,11,6,1,50,1,58,82,6,88,146
06/14/2010,YNG,OH,AGL,CE,Combined TRACON& Tower with Radar,0,11,13,19,43,0,0,5,0,5,0,11,18,19,48,0,18,18,66
06/15/2010,YNG,OH,AGL,CE,Combined TRACON& Tower with Radar,0,3,20,24,47,0,4,14,7,25,0,7,34,31,72,10,36,46,118
06/16/2010,YNG,OH,AGL,CE,Combined TRACON& Tower with Radar,0,1,23,11,35,0,0,5,7,12,0,1,28,18,47,8,34,42,89
06/17/2010,YNG,OH,AGL,CE,Combined TRACON& Tower with Radar,6,6,51,9,72,0,0,22,3,25,6,6,73,12,97,64,4,68,165
06/18/2010,YNG,OH,AGL,CE,Combined TRACON& Tower with Radar,0,3,18,16,37,0,0,33,0,33,0,3,51,16,70,62,63,125,195
06/19/2010,YNG,OH,AGL,CE,Combined TRACON& Tower with Radar,0,3,13,5,21,0,1,25,0,26,0,4,38,5,47,20,2,22,69
06/20/2010,YNG,OH,AGL,CE,Combined TRACON& Tower with Radar,3,6,14,2,25,0,0,39,0,39,3,6,53,2,64,46,0,46,110
06/21/2010,YNG,OH,AGL,CE,Combined TRACON& Tower with Radar,0,2,30,42,74,0,0,14,9,23,0,2,44,51,97,26,126,152,249
06/22/2010,YNG,OH,AGL,CE,Combined TRACON& Tower with Radar,1,7,20,11,39,0,0,13,4,17,1,7,33,15,56,28,0,28,84
06/23/2010,YNG,OH,AGL,CE,Combined TRACON& Tower with Radar,0,8,20,25,53,0,0,14,8,22,0,8,34,33,75,16,32,48,123
06/24/2010,YNG,OH,AGL,CE,Combined TRACON& Tower with Radar,4,2,31,22,59,0,0,10,11,21,4,2,41,33,80,34,30,64,144
06/25/2010,YNG,OH,AGL,CE,Combined TRACON& Tower with Radar,1,5,45,13,64,0,1,53,0,54,1,6,98,13,118,122,50,172,290
06/26/2010,YNG,OH,AGL,CE,Combined TRACON& Tower with Radar,0,3,54,0,57,0,0,34,0,34,0,3,88,0,91,68,0,68,159
06/27/2010,YNG,OH,AGL,CE,Combined TRACON& Tower with Radar,6,4,18,0,28,0,0,14,1,15,6,4,32,1,43,42,0,42,85
06/28/2010,YNG,OH,AGL,CE,Combined TRACON& Tower with Radar,0,6,30,45,81,0,2,3,10,15,0,8,33,55,96,18,68,86,182
06/29/2010,YNG,OH,AGL,CE,Combined TRACON& Tower with Radar,0,8,44,10,62,0,0,24,8,32,0,8,68,18,94,102,22,124,218
06/30/2010,YNG,OH,AGL,CE,Combined TRACON& Tower with Radar,2,7,53,16,78,0,1,24,0,25,2,8,77,16,103,40,34,74,177
07/01/2010,YNG,OH,AGL,CE,Combined TRACON& Tower with Radar,4,0,47,11,62,0,0,39,6,45,4,0,86,17,107,47,56,103,210
07/02/2010,YNG,OH,AGL,CE,Combined TRACON& Tower with Radar,0,8,56,1,65,0,1,17,0,18,0,9,73,1,83,42,0,42,125
07/03/2010,YNG,OH,AGL,CE,Combined TRACON& Tower with Radar,2,0,21,0,23,0,0,33,0,33,2,0,54,0,56,32,0,32,88
07/04/2010,YNG,OH,AGL,CE,Combined TRACON& Tower with Radar,4,0,23,0,27,0,1,21,0,22,4,1,44,0,49,36,0,36,85
07/05/2010,YNG,OH,AGL,CE,Combined TRACON& Tower with Radar,0,0,21,0,21,0,0,15,0,15,0,0,36,0,36,12,0,12,48
07/06/2010,YNG,OH,AGL,CE,Combined TRACON& Tower with Radar,0,0,13,33,46,0,15,13,0,28,0,15,26,33,74,18,96,114,188
07/07/2010,YNG,OH,AGL,CE,Combined TRACON& Tower with Radar,0,2,34,28,64,0,1,24,19,44,0,3,58,47,108,76,92,168,276
07/08/2010,YNG,OH,AGL,CE,Combined TRACON& Tower with Radar,6,2,25,13,46,0,25,9,0,34,6,27,34,13,80,22,34,56,136
07/09/2010,YNG,OH,AGL,CE,Combined TRACON& Tower with Radar,4,6,18,5,33,0,0,0,0,0,4,6,18,5,33,4,0,4,37
07/10/2010,YNG,OH,AGL,CE,Combined TRACON& Tower with Radar,1,4,21,4,30,0,0,25,0,25,1,4,46,4,55,114,14,128,183
07/11/2010,YNG,OH,AGL,CE,Combined TRACON& Tower with Radar,7,3,27,2,39,0,0,20,0,20,7,3,47,2,59,24,0,24,83
07/12/2010,YNG,OH,AGL,CE,Combined TRACON& Tower with Radar,2,0,41,41,84,0,3,4,6,13,2,3,45,47,97,40,90,130,227
07/13/2010,YNG,OH,AGL,CE,Combined TRACON& Tower with Radar,7,4,31,26,68,0,0,8,6,14,7,4,39,32,82,32,86,118,200
07/14/2010,YNG,OH,AGL,CE,Combined TRACON& Tower with Radar,2,2,38,41,83,0,3,27,3,33,2,5,65,44,116,56,58,114,230
07/15/2010,YNG,OH,AGL,CE,Combined TRACON& Tower with Radar,5,3,56,10,74,0,0,28,5,33,5,3,84,15,107,66,10,76,183
07/16/2010,YNG,OH,AGL,CE,Combined TRACON& Tower with Radar,2,1,30,18,51,0,0,10,0,10,2,1,40,18,61,14,24,38,99
07/17/2010,YNG,OH,AGL,CE,Combined TRACON& Tower with Radar,0,1,17,4,22,0,0,8,0,8,0,1,25,4,30,48,0,48,78
07/18/2010,YNG,OH,AGL,CE,Combined TRACON& Tower with Radar,7,4,39,1,51,0,0,25,0,25,7,4,64,1,76,52,0,52,128
07/19/2010,YNG,OH,AGL,CE,Combined TRACON& Tower with Radar,0,0,26,32,58,0,0,3,9,12,0,0,29,41,70,18,84,102,172
07/20/2010,YNG,OH,AGL,CE,Combined TRACON& Tower with Radar,4,0,28,10,42,0,0,2,1,3,4,0,30,11,45,4,12,16,61
07/21/2010,YNG,OH,AGL,CE,Combined TRACON& Tower with Radar,2,6,53,42,103,0,0,5,10,15,2,6,58,52,118,56,166,222,340
07/22/2010,YNG,OH,AGL,CE,Combined TRACON& Tower with Radar,8,4,40,28,80,0,0,22,2,24,8,4,62,30,104,86,50,136,240
07/23/2010,YNG,OH,AGL,CE,Combined TRACON& Tower with Radar,2,9,21,5,37,0,0,5,0,5,2,9,26,5,42,28,18,46,88
07/24/2010,YNG,OH,AGL,CE,Combined TRACON& Tower with Radar,0,0,19,0,19,0,0,8,0,8,0,0,27,0,27,0,0,0,27
07/25/2010,YNG,OH,AGL,CE,Combined TRACON& Tower with Radar,8,0,21,1,30,0,0,11,0,11,8,0,32,1,41,34,0,34,75
07/26/2010,YNG,OH,AGL,CE,Combined TRACON& Tower with Radar,1,1,32,18,52,0,0,37,2,39,1,1,69,20,91,74,40,114,205
07/27/2010,YNG,OH,AGL,CE,Combined TRACON& Tower with Radar,0,4,36,54,94,0,2,44,10,56,0,6,80,64,150,106,112,218,368
07/28/2010,YNG,OH,AGL,CE,Combined TRACON& Tower with Radar,0,7,29,5,41,0,0,12,1,13,0,7,41,6,54,46,0,46,100
07/29/2010,YNG,OH,AGL,CE,Combined TRACON& Tower with Radar,40,3,58,22,123,0,1,39,12,52,40,4,97,34,175,140,52,192,367
07/30/2010,YNG,OH,AGL,CE,Combined TRACON& Tower with Radar,0,0,0,0,0,0,0,0,0,0,0,0,0,0,0,72,98,170,170
07/31/2010,YNG,OH,AGL,CE,Combined TRACON& Tower with Radar,0,1,24,0,25,0,0,17,0,17,0,1,41,0,42,60,0,60,102
08/01/2010,YNG,OH,AGL,CE,Combined TRACON& Tower with Radar,4,0,20,2,26,0,0,13,1,14,4,0,33,3,40,8,0,8,48
08/02/2010,YNG,OH,AGL,CE,Combined TRACON& Tower with Radar,0,8,19,55,82,0,1,22,0,23,0,9,41,55,105,48,148,196,301
08/03/2010,YNG,OH,AGL,CE,Combined TRACON& Tower with Radar,0,4,29,23,56,0,0,2,0,2,0,4,31,23,58,16,20,36,94
08/04/2010,YNG,OH,AGL,CE,Combined TRACON& Tower with Radar,0,9,12,48,69,0,0,2,0,2,0,9,14,48,71,6,138,144,215
08/05/2010,YNG,OH,AGL,CE,Combined TRACON& Tower with Radar,4,4,45,14,67,0,4,19,4,27,4,8,64,18,94,64,26,90,184
08/06/2010,YNG,OH,AGL,CE,Combined TRACON& Tower with Radar,0,3,34,19,56,0,0,25,0,25,0,3,59,19,81,26,38,64,145
08/07/2010,YNG,OH,AGL,CE,Combined TRACON& Tower with Radar,0,11,33,4,48,0,2,47,0,49,0,13,80,4,97,30,0,30,127
08/08/2010,YNG,OH,AGL,CE,Combined TRACON& Tower with Radar,4,4,27,15,50,0,0,33,3,36,4,4,60,18,86,54,16,70,156
08/09/2010,YNG,OH,AGL,CE,Combined TRACON& Tower with Radar,0,1,20,44,65,0,2,28,6,36,0,3,48,50,101,70,138,208,309
08/10/2010,YNG,OH,AGL,CE,Combined TRACON& Tower with Radar,0,4,33,14,51,0,7,25,9,41,0,11,58,23,92,28,16,44,136
08/11/2010,YNG,OH,AGL,CE,Combined TRACON& Tower with Radar,0,2,30,38,70,0,0,39,12,51,0,2,69,50,121,54,102,156,277
08/12/2010,YNG,OH,AGL,CE,Combined TRACON& Tower with Radar,4,3,20,18,45,0,1,15,9,25,4,4,35,27,70,34,38,72,142
08/13/2010,YNG,OH,AGL,CE,Combined TRACON& Tower with Radar,2,12,37,7,58,0,0,15,0,15,2,12,52,7,73,46,12,58,131
08/14/2010,YNG,OH,AGL,CE,Combined TRACON& Tower with Radar,0,6,10,1,17,0,9,4,0,13,0,15,14,1,30,32,4,36,66
08/15/2010,YNG,OH,AGL,CE,Combined TRACON& Tower with Radar,5,1,11,2,19,0,0,0,0,0,5,1,11,2,19,2,0,2,21
08/16/2010,YNG,OH,AGL,CE,Combined TRACON& Tower with Radar,1,6,27,34,68,0,0,16,3,19,1,6,43,37,87,64,42,106,193
08/17/2010,YNG,OH,AGL,CE,Combined TRACON& Tower with Radar,0,10,36,10,56,0,0,35,6,41,0,10,71,16,97,108,4,112,209
08/18/2010,YNG,OH,AGL,CE,Combined TRACON& Tower with Radar,0,13,45,22,80,0,2,52,16,70,0,15,97,38,150,92,100,192,342
08/19/2010,YNG,OH,AGL,CE,Combined TRACON& Tower with Radar,4,6,40,11,61,0,1,31,4,36,4,7,71,15,97,99,2,101,198
08/20/2010,YNG,OH,AGL,CE,Combined TRACON& Tower with Radar,1,3,19,1,24,0,0,17,0,17,1,3,36,1,41,22,0,22,63
08/21/2010,YNG,OH,AGL,CE,Combined TRACON& Tower with Radar,0,2,41,0,43,0,0,28,0,28,0,2,69,0,71,86,0,86,157
08/22/2010,YNG,OH,AGL,CE,Combined TRACON& Tower with Radar,5,0,52,0,57,0,0,5,0,5,5,0,57,0,62,62,2,64,126
08/23/2010,YNG,OH,AGL,CE,Combined TRACON& Tower with Radar,0,6,34,32,72,0,1,4,0,5,0,7,38,32,77,36,54,90,167
08/24/2010,YNG,OH,AGL,CE,Combined TRACON& Tower with Radar,4,7,29,10,50,0,0,9,1,10,4,7,38,11,60,68,0,68,128
08/25/2010,YNG,OH,AGL,CE,Combined TRACON& Tower with Radar,0,1,18,57,76,0,0,26,4,30,0,1,44,61,106,40,106,146,252
08/26/2010,YNG,OH,AGL,CE,Combined TRACON& Tower with Radar,6,12,58,17,93,0,0,45,4,49,6,12,103,21,142,88,30,118,260
08/27/2010,YNG,OH,AGL,CE,Combined TRACON& Tower with Radar,2,4,42,2,50,0,0,40,0,40,2,4,82,2,90,93,0,93,183
08/28/2010,YNG,OH,AGL,CE,Combined TRACON& Tower with Radar,2,0,22,1,25,0,0,47,0,47,2,0,69,1,72,58,0,58,130
08/29/2010,YNG,OH,AGL,CE,Combined TRACON& Tower with Radar,6,0,15,1,22,0,0,34,0,34,6,0,49,1,56,56,24,80,136
08/30/2010,YNG,OH,AGL,CE,Combined TRACON& Tower with Radar,0,0,16,19,35,0,0,47,0,47,0,0,63,19,82,90,48,138,220
08/31/2010,YNG,OH,AGL,CE,Combined TRACON& Tower with Radar,2,0,33,15,50,0,0,52,5,57,2,0,85,20,107,46,14,60,167
09/01/2010,YNG,OH,AGL,CE,Combined TRACON& Tower with Radar,1,6,25,33,65,0,0,20,4,24,1,6,45,37,89,42,32,74,163
09/02/2010,YNG,OH,AGL,CE,Combined TRACON& Tower with Radar,4,6,34,12,56,0,0,24,4,28,4,6,58,16,84,28,56,84,168
09/03/2010,YNG,OH,AGL,CE,Combined TRACON& Tower with Radar,0,20,19,1,40,0,0,7,0,7,0,20,26,1,47,38,0,38,85
09/04/2010,YNG,OH,AGL,CE,Combined TRACON& Tower with Radar,0,2,11,0,13,0,2,3,0,5,0,4,14,0,18,0,0,0,18
09/05/2010,YNG,OH,AGL,CE,Combined TRACON& Tower with Radar,4,5,25,3,37,0,2,20,0,22,4,7,45,3,59,24,0,24,83
09/06/2010,YNG,OH,AGL,CE,Combined TRACON& Tower with Radar,0,0,26,0,26,0,0,33,0,33,0,0,59,0,59,54,0,54,113
09/07/2010,YNG,OH,AGL,CE,Combined TRACON& Tower with Radar,0,0,26,4,30,0,0,2,3,5,0,0,28,7,35,16,0,16,51
09/08/2010,YNG,OH,AGL,CE,Combined TRACON& Tower with Radar,0,7,15,18,40,0,0,11,5,16,0,7,26,23,56,72,76,148,204
09/09/2010,YNG,OH,AGL,CE,Combined TRACON& Tower with Radar,4,2,30,25,61,0,0,21,2,23,4,2,51,27,84,38,62,100,184
09/10/2010,YNG,OH,AGL,CE,Combined TRACON& Tower with Radar,4,3,20,13,40,0,0,16,0,16,4,3,36,13,56,60,12,72,128
09/11/2010,YNG,OH,AGL,CE,Combined TRACON& Tower with Radar,0,5,32,7,44,0,0,20,2,22,0,5,52,9,66,48,14,62,128
09/12/2010,YNG,OH,AGL,CE,Combined TRACON& Tower with Radar,3,7,38,3,51,0,0,13,2,15,3,7,51,5,66,48,0,48,114
09/13/2010,YNG,OH,AGL,CE,Combined TRACON& Tower with Radar,0,1,12,9,22,0,0,17,1,18,0,1,29,10,40,16,12,28,68
09/14/2010,YNG,OH,AGL,CE,Combined TRACON& Tower with Radar,0,9,37,11,57,0,0,28,0,28,0,9,65,11,85,72,16,88,173
09/15/2010,YNG,OH,AGL,CE,Combined TRACON& Tower with Radar,0,4,47,14,65,0,0,44,1,45,0,4,91,15,110,78,34,112,222
09/16/2010,YNG,OH,AGL,CE,Combined TRACON& Tower with Radar,4,6,19,11,40,0,0,0,0,0,4,6,19,11,40,6,18,24,64
09/17/2010,YNG,OH,AGL,CE,Combined TRACON& Tower with Radar,2,7,38,24,71,0,0,6,3,9,2,7,44,27,80,72,40,112,192
09/18/2010,YNG,OH,AGL,CE,Combined TRACON& Tower with Radar,2,3,26,0,31,0,0,43,2,45,2,3,69,2,76,80,0,80,156
09/19/2010,YNG,OH,AGL,CE,Combined TRACON& Tower with Radar,4,16,18,2,40,0,0,3,0,3,4,16,21,2,43,0,0,0,43
09/20/2010,YNG,OH,AGL,CE,Combined TRACON& Tower with Radar,2,3,33,44,82,0,0,24,10,34,2,3,57,54,116,78,168,246,362
09/21/2010,YNG,OH,AGL,CE,Combined TRACON& Tower with Radar,0,2,24,34,60,0,2,20,6,28,0,4,44,40,88,38,76,114,202
09/22/2010,YNG,OH,AGL,CE,Combined TRACON& Tower with Radar,0,4,13,7,24,0,1,9,0,10,0,5,22,7,34,14,36,50,84
09/23/2010,YNG,OH,AGL,CE,Combined TRACON& Tower with Radar,2,4,21,7,34,0,0,24,3,27,2,4,45,10,61,60,2,62,123
09/24/2010,YNG,OH,AGL,CE,Combined TRACON& Tower with Radar,4,1,11,4,20,0,5,6,0,11,4,6,17,4,31,2,0,2,33
09/25/2010,YNG,OH,AGL,CE,Combined TRACON& Tower with Radar,2,4,32,0,38,0,0,13,3,16,2,4,45,3,54,24,0,24,78
09/26/2010,YNG,OH,AGL,CE,Combined TRACON& Tower with Radar,4,4,17,2,27,0,0,11,0,11,4,4,28,2,38,20,0,20,58
09/27/2010,YNG,OH,AGL,CE,Combined TRACON& Tower with Radar,2,5,22,43,72,0,1,3,0,4,2,6,25,43,76,14,60,74,150
09/28/2010,YNG,OH,AGL,CE,Combined TRACON& Tower with Radar,0,3,27,21,51,0,0,1,0,1,0,3,28,21,52,8,20,28,80
09/29/2010,YNG,OH,AGL,CE,Combined TRACON& Tower with Radar,0,2,43,39,84,0,0,18,3,21,0,2,61,42,105,62,126,188,293
09/30/2010,YNG,OH,AGL,CE,Combined TRACON& Tower with Radar,4,3,47,29,83,0,2,22,4,28,4,5,69,33,111,90,54,144,255
10/01/2010,YNG,OH,AGL,CE,Combined TRACON& Tower with Radar,6,3,25,22,56,0,1,21,4,26,6,4,46,26,82,24,20,44,126
10/02/2010,YNG,OH,AGL,CE,Combined TRACON& Tower with Radar,2,2,13,0,17,0,0,7,0,7,2,2,20,0,24,8,0,8,32
10/03/2010,YNG,OH,AGL,CE,Combined TRACON& Tower with Radar,4,3,16,5,28,0,0,1,0,1,4,3,17,5,29,12,14,26,55
10/04/2010,YNG,OH,AGL,CE,Combined TRACON& Tower with Radar,0,2,12,7,21,0,0,9,0,9,0,2,21,7,30,0,4,4,34
10/05/2010,YNG,OH,AGL,CE,Combined TRACON& Tower with Radar,0,8,31,33,72,0,0,8,0,8,0,8,39,33,80,48,88,136,216
10/06/2010,YNG,OH,AGL,CE,Combined TRACON& Tower with Radar,0,8,21,8,37,0,0,0,0,0,0,8,21,8,37,6,8,14,51
10/07/2010,YNG,OH,AGL,CE,Combined TRACON& Tower with Radar,2,1,41,25,69,0,0,17,2,19,2,1,58,27,88,38,50,88,176
10/08/2010,YNG,OH,AGL,CE,Combined TRACON& Tower with Radar,2,3,38,7,50,0,0,19,0,19,2,3,57,7,69,38,20,58,127
10/09/2010,YNG,OH,AGL,CE,Combined TRACON& Tower with Radar,2,1,34,1,38,0,2,43,0,45,2,3,77,1,83,54,0,54,137
10/10/2010,YNG,OH,AGL,CE,Combined TRACON& Tower with Radar,1,2,23,0,26,0,6,52,0,58,1,8,75,0,84,54,0,54,138
10/11/2010,YNG,OH,AGL,CE,Combined TRACON& Tower with Radar,2,7,38,0,47,0,0,24,0,24,2,7,62,0,71,52,6,58,129
10/12/2010,YNG,OH,AGL,CE,Combined TRACON& Tower with Radar,0,8,33,11,52,0,6,5,4,15,0,14,38,15,67,18,2,20,87
10/13/2010,YNG,OH,AGL,CE,Combined TRACON& Tower with Radar,0,4,19,43,66,0,1,39,19,59,0,5,58,62,125,82,118,200,325
10/14/2010,YNG,OH,AGL,CE,Combined TRACON& Tower with Radar,2,2,34,23,61,0,0,2,6,8,2,2,36,29,69,6,32,38,107
10/15/2010,YNG,OH,AGL,CE,Combined TRACON& Tower with Radar,2,2,27,2,33,0,2,4,0,6,2,4,31,2,39,12,0,12,51
10/16/2010,YNG,OH,AGL,CE,Combined TRACON& Tower with Radar,2,5,25,1,33,0,1,28,5,34,2,6,53,6,67,44,0,44,111
10/17/2010,YNG,OH,AGL,CE,Combined TRACON& Tower with Radar,6,2,20,2,30,0,0,28,0,28,6,2,48,2,58,58,0,58,116
10/18/2010,YNG,OH,AGL,CE,Combined TRACON& Tower with Radar,0,7,20,27,54,0,0,10,0,10,0,7,30,27,64,24,68,92,156
10/19/2010,YNG,OH,AGL,CE,Combined TRACON& Tower with Radar,0,1,30,45,76,0,2,21,7,30,0,3,51,52,106,66,150,216,322
10/20/2010,YNG,OH,AGL,CE,Combined TRACON& Tower with Radar,0,4,35,27,66,0,0,20,7,27,0,4,55,34,93,62,76,138,231
10/21/2010,YNG,OH,AGL,CE,Combined TRACON& Tower with Radar,2,7,24,30,63,0,0,7,2,9,2,7,31,32,72,28,34,62,134
10/22/2010,YNG,OH,AGL,CE,Combined TRACON& Tower with Radar,2,6,30,15,53,0,0,16,3,19,2,6,46,18,72,30,30,60,132
10/23/2010,YNG,OH,AGL,CE,Combined TRACON& Tower with Radar,2,1,22,1,26,0,0,21,0,21,2,1,43,1,47,64,0,64,111
10/24/2010,YNG,OH,AGL,CE,Combined TRACON& Tower with Radar,6,5,23,2,36,0,0,35,0,35,6,5,58,2,71,68,0,68,139
10/25/2010,YNG,OH,AGL,CE,Combined TRACON& Tower with Radar,0,4,10,89,103,0,0,6,0,6,0,4,16,89,109,10,153,163,272
10/26/2010,YNG,OH,AGL,CE,Combined TRACON& Tower with Radar,0,1,12,9,22,0,0,2,2,4,0,1,14,11,26,4,10,14,40
10/27/2010,YNG,OH,AGL,CE,Combined TRACON& Tower with Radar,2,0,16,29,47,0,0,8,36,44,2,0,24,65,91,14,62,76,167
10/28/2010,YNG,OH,AGL,CE,Combined TRACON& Tower with Radar,2,7,13,22,44,0,0,2,5,7,2,7,15,27,51,6,26,32,83
10/29/2010,YNG,OH,AGL,CE,Combined TRACON& Tower with Radar,1,1,29,3,34,0,0,9,0,9,1,1,38,3,43,22,0,22,65
10/30/2010,YNG,OH,AGL,CE,Combined TRACON& Tower with Radar,1,1,19,0,21,0,2,19,0,21,1,3,38,0,42,54,0,54,96
10/31/2010,YNG,OH,AGL,CE,Combined TRACON& Tower with Radar,2,1,41,3,47,0,0,23,0,23,2,1,64,3,70,44,0,44,114
11/01/2010,YNG,OH,AGL,CE,Combined TRACON& Tower with Radar,0,4,39,45,88,0,2,23,1,26,0,6,62,46,114,40,154,194,308
11/02/2010,YNG,OH,AGL,CE,Combined TRACON& Tower with Radar,0,4,27,29,60,0,0,47,9,56,0,4,74,38,116,104,82,186,302
11/03/2010,YNG,OH,AGL,CE,Combined TRACON& Tower with Radar,0,6,34,29,69,0,0,30,2,32,0,6,64,31,101,66,76,142,243
11/04/2010,YNG,OH,AGL,CE,Combined TRACON& Tower with Radar,2,5,40,52,99,0,0,5,2,7,2,5,45,54,106,28,104,132,238
11/05/2010,YNG,OH,AGL,CE,Combined TRACON& Tower with Radar,0,3,8,13,24,0,0,1,0,1,0,3,9,13,25,6,14,20,45
11/06/2010,YNG,OH,AGL,CE,Combined TRACON& Tower with Radar,2,0,10,2,14,0,0,2,0,2,2,0,12,2,16,6,0,6,22
11/07/2010,YNG,OH,AGL,CE,Combined TRACON& Tower with Radar,2,9,44,9,64,0,0,35,0,35,2,9,79,9,99,88,8,96,195
11/08/2010,YNG,OH,AGL,CE,Combined TRACON& Tower with Radar,2,1,29,32,64,0,0,41,4,45,2,1,70,36,109,114,100,214,323
11/09/2010,YNG,OH,AGL,CE,Combined TRACON& Tower with Radar,0,6,36,15,57,0,34,11,0,45,0,40,47,15,102,42,30,72,174
11/10/2010,YNG,OH,AGL,CE,Combined TRACON& Tower with Radar,0,0,40,48,88,0,0,24,5,29,0,0,64,53,117,24,84,108,225
11/11/2010,YNG,OH,AGL,CE,Combined TRACON& Tower with Radar,2,2,39,0,43,0,0,27,0,27,2,2,66,0,70,96,0,96,166
11/12/2010,YNG,OH,AGL,CE,Combined TRACON& Tower with Radar,2,2,47,2,53,0,0,36,0,36,2,2,83,2,89,64,0,64,153
11/13/2010,YNG,OH,AGL,CE,Combined TRACON& Tower with Radar,1,3,40,1,45,0,0,33,1,34,1,3,73,2,79,64,0,64,143
11/14/2010,YNG,OH,AGL,CE,Combined TRACON& Tower with Radar,3,2,25,2,32,0,0,2,0,2,3,2,27,2,34,16,0,16,50
11/15/2010,YNG,OH,AGL,CE,Combined TRACON& Tower with Radar,0,4,21,44,69,0,0,30,9,39,0,4,51,53,108,70,140,210,318
11/16/2010,YNG,OH,AGL,CE,Combined TRACON& Tower with Radar,0,19,14,6,39,0,2,6,0,8,0,21,20,6,47,34,0,34,81
11/17/2010,YNG,OH,AGL,CE,Combined TRACON& Tower with Radar,2,2,12,23,39,0,0,2,2,4,2,2,14,25,43,4,64,68,111
11/18/2010,YNG,OH,AGL,CE,Combined TRACON& Tower with Radar,2,1,12,13,28,0,0,0,2,2,2,1,12,15,30,0,18,18,48
11/19/2010,YNG,OH,AGL,CE,Combined TRACON& Tower with Radar,2,1,22,13,38,0,2,42,0,44,2,3,64,13,82,94,20,114,196
11/20/2010,YNG,OH,AGL,CE,Combined TRACON& Tower with Radar,2,1,32,0,35,0,0,10,0,10,2,1,42,0,45,48,0,48,93
11/21/2010,YNG,OH,AGL,CE,Combined TRACON& Tower with Radar,3,2,19,2,26,0,0,29,0,29,3,2,48,2,55,30,0,30,85
11/22/2010,YNG,OH,AGL,CE,Combined TRACON& Tower with Radar,0,0,13,21,34,0,0,1,7,8,0,0,14,28,42,4,72,76,118
11/23/2010,YNG,OH,AGL,CE,Combined TRACON& Tower with Radar,2,6,16,16,40,0,0,7,4,11,2,6,23,20,51,8,26,34,85
11/24/2010,YNG,OH,AGL,CE,Combined TRACON& Tower with Radar,4,0,15,17,36,0,0,19,0,19,4,0,34,17,55,32,40,72,127
11/25/2010,YNG,OH,AGL,CE,Combined TRACON& Tower with Radar,0,0,2,0,2,0,0,0,0,0,0,0,2,0,2,0,0,0,2
11/26/2010,YNG,OH,AGL,CE,Combined TRACON& Tower with Radar,0,4,5,0,9,0,0,7,0,7,0,4,12,0,16,4,0,4,20
11/27/2010,YNG,OH,AGL,CE,Combined TRACON& Tower with Radar,4,2,15,0,21,0,0,3,0,3,4,2,18,0,24,6,0,6,30
11/28/2010,YNG,OH,AGL,CE,Combined TRACON& Tower with Radar,2,2,37,0,41,0,0,33,0,33,2,2,70,0,74,76,0,76,150
11/29/2010,YNG,OH,AGL,CE,Combined TRACON& Tower with Radar,0,3,42,34,79,0,0,17,4,21,0,3,59,38,100,92,64,156,256
11/30/2010,YNG,OH,AGL,CE,Combined TRACON& Tower with Radar,0,6,24,2,32,0,0,0,0,0,0,6,24,2,32,10,0,10,42
12/01/2010,YNG,OH,AGL,CE,Combined TRACON& Tower with Radar,2,6,11,1,20,0,0,0,0,0,2,6,11,1,20,2,0,2,22
12/02/2010,YNG,OH,AGL,CE,Combined TRACON& Tower with Radar,2,3,16,25,46,0,0,2,4,6,2,3,18,29,52,0,12,12,64
12/03/2010,YNG,OH,AGL,CE,Combined TRACON& Tower with Radar,2,4,15,20,41,0,0,0,0,0,2,4,15,20,41,4,10,14,55
12/04/2010,YNG,OH,AGL,CE,Combined TRACON& Tower with Radar,4,3,27,4,38,0,0,7,0,7,4,3,34,4,45,16,0,16,61
12/05/2010,YNG,OH,AGL,CE,Combined TRACON& Tower with Radar,4,6,7,2,19,0,0,0,0,0,4,6,7,2,19,0,0,0,19
12/06/2010,YNG,OH,AGL,CE,Combined TRACON& Tower with Radar,0,6,10,2,18,0,0,0,0,0,0,6,10,2,18,0,0,0,18
12/07/2010,YNG,OH,AGL,CE,Combined TRACON& Tower with Radar,2,0,6,1,9,0,0,0,0,0,2,0,6,1,9,0,0,0,9
12/08/2010,YNG,OH,AGL,CE,Combined TRACON& Tower with Radar,2,3,24,0,29,0,0,0,0,0,2,3,24,0,29,0,0,0,29
12/09/2010,YNG,OH,AGL,CE,Combined TRACON& Tower with Radar,2,3,35,14,54,0,2,19,0,21,2,5,54,14,75,22,10,32,107
12/10/2010,YNG,OH,AGL,CE,Combined TRACON& Tower with Radar,2,1,8,3,14,0,0,1,0,1,2,1,9,3,15,2,0,2,17
12/11/2010,YNG,OH,AGL,CE,Combined TRACON& Tower with Radar,5,3,14,2,24,0,0,33,0,33,5,3,47,2,57,24,0,24,81
12/12/2010,YNG,OH,AGL,CE,Combined TRACON& Tower with Radar,5,0,4,0,9,0,0,0,0,0,5,0,4,0,9,0,0,0,9
12/13/2010,YNG,OH,AGL,CE,Combined TRACON& Tower with Radar,0,1,7,0,8,0,0,1,0,1,0,1,8,0,9,0,0,0,9
12/14/2010,YNG,OH,AGL,CE,Combined TRACON& Tower with Radar,3,4,4,0,11,0,0,0,0,0,3,4,4,0,11,0,0,0,11
12/15/2010,YNG,OH,AGL,CE,Combined TRACON& Tower with Radar,2,2,22,0,26,0,0,2,0,2,2,2,24,0,28,0,0,0,28
12/16/2010,YNG,OH,AGL,CE,Combined TRACON& Tower with Radar,2,0,41,11,54,0,0,11,7,18,2,0,52,18,72,54,16,70,142
12/17/2010,YNG,OH,AGL,CE,Combined TRACON& Tower with Radar,0,1,21,4,26,0,0,1,0,1,0,1,22,4,27,6,5,11,38
12/18/2010,YNG,OH,AGL,CE,Combined TRACON& Tower with Radar,2,4,27,0,33,0,0,21,0,21,2,4,48,0,54,46,0,46,100
12/19/2010,YNG,OH,AGL,CE,Combined TRACON& Tower with Radar,2,0,10,1,13,0,0,4,0,4,2,0,14,1,17,14,0,14,31
12/20/2010,YNG,OH,AGL,CE,Combined TRACON& Tower with Radar,0,2,11,18,31,0,0,0,0,0,0,2,11,18,31,2,34,36,67
12/21/2010,YNG,OH,AGL,CE,Combined TRACON& Tower with Radar,2,0,26,25,53,0,0,7,8,15,2,0,33,33,68,38,54,92,160
12/22/2010,YNG,OH,AGL,CE,Combined TRACON& Tower with Radar,2,0,23,9,34,0,0,0,3,3,2,0,23,12,37,8,14,22,59
12/23/2010,YNG,OH,AGL,CE,Combined TRACON& Tower with Radar,2,12,13,0,27,0,0,0,0,0,2,12,13,0,27,12,0,12,39
12/24/2010,YNG,OH,AGL,CE,Combined TRACON& Tower with Radar,0,1,2,0,3,0,0,0,0,0,0,1,2,0,3,2,0,2,5
12/25/2010,YNG,OH,AGL,CE,Combined TRACON& Tower with Radar,0,0,1,0,1,0,0,0,0,0,0,0,1,0,1,0,0,0,1
12/26/2010,YNG,OH,AGL,CE,Combined TRACON& Tower with Radar,3,1,7,0,11,0,0,2,0,2,3,1,9,0,13,1,0,1,14
12/27/2010,YNG,OH,AGL,CE,Combined TRACON& Tower with Radar,0,4,7,5,16,0,0,3,0,3,0,4,10,5,19,6,4,10,29
12/28/2010,YNG,OH,AGL,CE,Combined TRACON& Tower with Radar,2,5,18,31,56,0,2,7,3,12,2,7,25,34,68,12,48,60,128
12/29/2010,YNG,OH,AGL,CE,Combined TRACON& Tower with Radar,2,4,31,25,62,0,0,22,3,25,2,4,53,28,87,56,66,122,209
12/30/2010,YNG,OH,AGL,CE,Combined TRACON& Tower with Radar,3,0,1,0,4,0,0,0,0,0,3,0,1,0,4,0,0,0,4
12/31/2010,YNG,OH,AGL,CE,Combined TRACON& Tower with Radar,1,0,47,0,48,0,0,14,0,14,1,0,61,0,62,44,0,44,106
01/01/2011,YNG,OH,AGL,CE,Combined TRACON& Tower with Radar,2,0,6,0,8,0,0,0,0,0,2,0,6,0,8,4,0,4,12
01/02/2011,YNG,OH,AGL,CE,Combined TRACON& Tower with Radar,4,0,18,0,22,0,0,10,0,10,4,0,28,0,32,8,0,8,40
01/03/2011,YNG,OH,AGL,CE,Combined TRACON& Tower with Radar,0,6,35,22,63,0,1,33,2,36,0,7,68,24,99,38,92,130,229
01/04/2011,YNG,OH,AGL,CE,Combined TRACON& Tower with Radar,2,9,17,27,55,0,0,9,1,10,2,9,26,28,65,30,44,74,139
01/05/2011,YNG,OH,AGL,CE,Combined TRACON& Tower with Radar,2,13,24,51,90,0,0,7,0,7,2,13,31,51,97,16,104,120,217
01/06/2011,YNG,OH,AGL,CE,Combined TRACON& Tower with Radar,2,4,15,17,38,0,0,0,0,0,2,4,15,17,38,6,14,20,58
01/07/2011,YNG,OH,AGL,CE,Combined TRACON& Tower with Radar,0,4,21,4,29,0,0,1,0,1,0,4,22,4,30,8,6,14,44
01/08/2011,YNG,OH,AGL,CE,Combined TRACON& Tower with Radar,0,1,5,0,6,0,0,0,0,0,0,1,5,0,6,2,0,2,8
01/09/2011,YNG,OH,AGL,CE,Combined TRACON& Tower with Radar,2,3,3,2,10,0,0,0,0,0,2,3,3,2,10,0,0,0,10
01/10/2011,YNG,OH,AGL,CE,Combined TRACON& Tower with Radar,0,3,24,39,66,0,1,3,3,7,0,4,27,42,73,14,82,96,169
01/11/2011,YNG,OH,AGL,CE,Combined TRACON& Tower with Radar,0,2,5,6,13,0,0,0,0,0,0,2,5,6,13,0,16,16,29
01/12/2011,YNG,OH,AGL,CE,Combined TRACON& Tower with Radar,2,2,10,0,14,0,0,0,0,0,2,2,10,0,14,0,0,0,14
01/13/2011,YNG,OH,AGL,CE,Combined TRACON& Tower with Radar,2,2,19,3,26,0,0,2,0,2,2,2,21,3,28,16,2,18,46
01/14/2011,YNG,OH,AGL,CE,Combined TRACON& Tower with Radar,2,4,13,3,22,0,0,0,0,0,2,4,13,3,22,2,0,2,24
01/15/2011,YNG,OH,AGL,CE,Combined TRACON& Tower with Radar,2,1,4,1,8,0,0,0,0,0,2,1,4,1,8,0,0,0,8
01/16/2011,YNG,OH,AGL,CE,Combined TRACON& Tower with Radar,4,0,6,2,12,0,1,7,0,8,4,1,13,2,20,20,0,20,40
01/17/2011,YNG,OH,AGL,CE,Combined TRACON& Tower with Radar,1,2,52,0,55,0,0,25,0,25,1,2,77,0,80,74,0,74,154
01/18/2011,YNG,OH,AGL,CE,Combined TRACON& Tower with Radar,0,1,3,1,5,0,0,0,0,0,0,1,3,1,5,0,0,0,5
01/19/2011,YNG,OH,AGL,CE,Combined TRACON& Tower with Radar,2,2,15,1,20,0,0,0,0,0,2,2,15,1,20,0,0,0,20
01/20/2011,YNG,OH,AGL,CE,Combined TRACON& Tower with Radar,2,1,22,24,49,0,2,0,0,2,2,3,22,24,51,6,18,24,75
01/21/2011,YNG,OH,AGL,CE,Combined TRACON& Tower with Radar,2,2,8,1,13,0,0,0,0,0,2,2,8,1,13,0,0,0,13
01/22/2011,YNG,OH,AGL,CE,Combined TRACON& Tower with Radar,2,3,18,0,23,0,0,12,0,12,2,3,30,0,35,22,0,22,57
01/23/2011,YNG,OH,AGL,CE,Combined TRACON& Tower with Radar,4,4,15,0,23,0,0,3,0,3,4,4,18,0,26,12,0,12,38
01/24/2011,YNG,OH,AGL,CE,Combined TRACON& Tower with Radar,0,1,7,49,57,0,0,3,0,3,0,1,10,49,60,4,80,84,144
01/25/2011,YNG,OH,AGL,CE,Combined TRACON& Tower with Radar,0,0,7,11,18,0,0,1,0,1,0,0,8,11,19,2,10,12,31
01/26/2011,YNG,OH,AGL,CE,Combined TRACON& Tower with Radar,2,2,15,15,34,0,0,0,0,0,2,2,15,15,34,2,26,28,62
01/27/2011,YNG,OH,AGL,CE,Combined TRACON& Tower with Radar,2,0,11,13,26,0,0,3,0,3,2,0,14,13,29,0,14,14,43
01/28/2011,YNG,OH,AGL,CE,Combined TRACON& Tower with Radar,2,1,13,3,19,0,0,0,0,0,2,1,13,3,19,0,0,0,19
01/29/2011,YNG,OH,AGL,CE,Combined TRACON& Tower with Radar,3,1,2,1,7,0,0,0,0,0,3,1,2,1,7,0,0,0,7
01/30/2011,YNG,OH,AGL,CE,Combined TRACON& Tower with Radar,2,0,12,1,15,0,0,7,0,7,2,0,19,1,22,6,0,6,28
01/31/2011,YNG,OH,AGL,CE,Combined TRACON& Tower with Radar,0,1,40,25,66,0,1,16,4,21,0,2,56,29,87,34,74,108,195
02/01/2011,YNG,OH,AGL,CE,Combined TRACON& Tower with Radar,0,0,2,0,2,0,0,0,0,0,0,0,2,0,2,0,0,0,2
02/02/2011,YNG,OH,AGL,CE,Combined TRACON& Tower with Radar,4,2,0,0,6,0,0,0,0,0,4,2,0,0,6,0,0,0,6
02/03/2011,YNG,OH,AGL,CE,Combined TRACON& Tower with Radar,0,20,9,10,39,0,0,11,2,13,0,20,20,12,52,34,4,38,90
02/04/2011,YNG,OH,AGL,CE,Combined TRACON& Tower with Radar,0,10,18,15,43,0,1,8,0,9,0,11,26,15,52,0,28,28,80
02/05/2011,YNG,OH,AGL,CE,Combined TRACON& Tower with Radar,6,0,11,0,17,0,0,2,0,2,6,0,13,0,19,4,0,4,23
02/06/2011,YNG,OH,AGL,CE,Combined TRACON& Tower with Radar,0,1,7,2,10,0,0,1,0,1,0,1,8,2,11,4,0,4,15
02/07/2011,YNG,OH,AGL,CE,Combined TRACON& Tower with Radar,1,4,18,19,42,0,0,0,0,0,1,4,18,19,42,0,16,16,58
02/08/2011,YNG,OH,AGL,CE,Combined TRACON& Tower with Radar,1,3,17,12,33,0,4,2,3,9,1,7,19,15,42,0,32,32,74
02/09/2011,YNG,OH,AGL,CE,Combined TRACON& Tower with Radar,4,2,15,49,70,0,0,4,0,4,4,2,19,49,74,32,70,102,176
02/10/2011,YNG,OH,AGL,CE,Combined TRACON& Tower with Radar,0,9,25,26,60,0,1,7,3,11,0,10,32,29,71,50,26,76,147
02/11/2011,YNG,OH,AGL,CE,Combined TRACON& Tower with Radar,0,11,22,3,36,0,2,8,0,10,0,13,30,3,46,42,0,42,88
02/12/2011,YNG,OH,AGL,CE,Combined TRACON& Tower with Radar,4,0,4,2,10,0,2,1,0,3,4,2,5,2,13,0,0,0,13
02/13/2011,YNG,OH,AGL,CE,Combined TRACON& Tower with Radar,1,0,7,0,8,0,0,2,0,2,1,0,9,0,10,0,0,0,10
02/14/2011,YNG,OH,AGL,CE,Combined TRACON& Tower with Radar,0,2,13,26,41,0,0,0,0,0,0,2,13,26,41,0,76,76,117
02/15/2011,YNG,OH,AGL,CE,Combined TRACON& Tower with Radar,2,2,40,24,68,0,0,34,9,43,2,2,74,33,111,70,54,124,235
02/16/2011,YNG,OH,AGL,CE,Combined TRACON& Tower with Radar,3,0,50,37,90,0,4,15,9,28,3,4,65,46,118,44,96,140,258
02/17/2011,YNG,OH,AGL,CE,Combined TRACON& Tower with Radar,0,4,28,10,42,0,1,12,3,16,0,5,40,13,58,16,10,26,84
02/18/2011,YNG,OH,AGL,CE,Combined TRACON& Tower with Radar,0,2,5,5,12,0,1,0,0,1,0,3,5,5,13,4,0,4,17
02/19/2011,YNG,OH,AGL,CE,Combined TRACON& Tower with Radar,4,2,4,0,10,0,0,4,0,4,4,2,8,0,14,2,0,2,16
02/20/2011,YNG,OH,AGL,CE,Combined TRACON& Tower with Radar,0,0,25,1,26,0,0,14,0,14,0,0,39,1,40,30,0,30,70
02/21/2011,YNG,OH,AGL,CE,Combined TRACON& Tower with Radar,0,6,18,0,24,0,0,0,0,0,0,6,18,0,24,0,0,0,24
02/22/2011,YNG,OH,AGL,CE,Combined TRACON& Tower with Radar,0,2,6,8,16,0,0,12,3,15,0,2,18,11,31,20,2,22,53
02/23/2011,YNG,OH,AGL,CE,Combined TRACON& Tower with Radar,4,3,50,47,104,0,0,31,0,31,4,3,81,47,135,110,90,200,335
02/24/2011,YNG,OH,AGL,CE,Combined TRACON& Tower with Radar,0,6,12,12,30,0,0,0,0,0,0,6,12,12,30,0,10,10,40
02/25/2011,YNG,OH,AGL,CE,Combined TRACON& Tower with Radar,0,0,0,0,0,0,0,0,0,0,0,0,0,0,0,0,0,0,0
02/26/2011,YNG,OH,AGL,CE,Combined TRACON& Tower with Radar,6,1,15,0,22,0,0,9,0,9,6,1,24,0,31,38,0,38,69
02/27/2011,YNG,OH,AGL,CE,Combined TRACON& Tower with Radar,3,0,22,0,25,0,0,7,0,7,3,0,29,0,32,12,0,12,44
02/28/2011,YNG,OH,AGL,CE,Combined TRACON& Tower with Radar,0,11,9,44,64,0,0,0,0,0,0,11,9,44,64,0,42,42,106
03/01/2011,YNG,OH,AGL,CE,Combined TRACON& Tower with Radar,0,3,27,39,69,0,0,25,4,29,0,3,52,43,98,38,82,120,218
03/02/2011,YNG,OH,AGL,CE,Combined TRACON& Tower with Radar,4,2,36,31,73,0,10,4,0,14,4,12,40,31,87,58,140,198,285
03/03/2011,YNG,OH,AGL,CE,Combined TRACON& Tower with Radar,1,4,22,47,74,0,0,14,3,17,1,4,36,50,91,14,52,66,157
03/04/2011,YNG,OH,AGL,CE,Combined TRACON& Tower with Radar,1,3,16,27,47,0,0,0,0,0,1,3,16,27,47,6,24,30,77
03/05/2011,YNG,OH,AGL,CE,Combined TRACON& Tower with Radar,6,2,0,0,8,0,0,0,0,0,6,2,0,0,8,0,0,0,8
03/06/2011,YNG,OH,AGL,CE,Combined TRACON& Tower with Radar,0,0,5,22,27,0,0,0,0,0,0,0,5,22,27,0,0,0,27
03/07/2011,YNG,OH,AGL,CE,Combined TRACON& Tower with Radar,2,11,44,38,95,0,0,23,0,23,2,11,67,38,118,82,80,162,280
03/08/2011,YNG,OH,AGL,CE,Combined TRACON& Tower with Radar,0,0,6,17,23,0,2,21,12,35,0,2,27,29,58,36,48,84,142
03/09/2011,YNG,OH,AGL,CE,Combined TRACON& Tower with Radar,0,1,11,41,53,0,0,2,0,2,0,1,13,41,55,0,46,46,101
03/10/2011,YNG,OH,AGL,CE,Combined TRACON& Tower with Radar,2,4,12,8,26,0,0,0,0,0,2,4,12,8,26,0,0,0,26
03/11/2011,YNG,OH,AGL,CE,Combined TRACON& Tower with Radar,0,0,5,0,5,0,0,0,0,0,0,0,5,0,5,0,0,0,5
03/12/2011,YNG,OH,AGL,CE,Combined TRACON& Tower with Radar,4,6,43,1,54,0,2,6,0,8,4,8,49,1,62,20,0,20,82
03/13/2011,YNG,OH,AGL,CE,Combined TRACON& Tower with Radar,0,2,15,0,17,0,0,2,0,2,0,2,17,0,19,0,0,0,19
03/14/2011,YNG,OH,AGL,CE,Combined TRACON& Tower with Radar,0,2,25,41,68,0,0,12,1,13,0,2,37,42,81,80,150,230,311
03/15/2011,YNG,OH,AGL,CE,Combined TRACON& Tower with Radar,0,4,19,38,61,0,0,12,5,17,0,4,31,43,78,28,52,80,158
03/16/2011,YNG,OH,AGL,CE,Combined TRACON& Tower with Radar,4,0,26,43,73,0,0,1,0,1,4,0,27,43,74,15,55,70,144
03/17/2011,YNG,OH,AGL,CE,Combined TRACON& Tower with Radar,0,0,42,26,68,0,2,8,2,12,0,2,50,28,80,46,54,100,180
03/18/2011,YNG,OH,AGL,CE,Combined TRACON& Tower with Radar,2,1,37,11,51,0,2,32,0,34,2,3,69,11,85,30,18,48,133
03/19/2011,YNG,OH,AGL,CE,Combined TRACON& Tower with Radar,4,3,14,1,22,0,0,24,0,24,4,3,38,1,46,60,2,62,108
03/20/2011,YNG,OH,AGL,CE,Combined TRACON& Tower with Radar,2,3,36,0,41,0,0,34,0,34,2,3,70,0,75,60,0,60,135
03/21/2011,YNG,OH,AGL,CE,Combined TRACON& Tower with Radar,0,2,5,38,45,0,2,16,0,18,0,4,21,38,63,16,84,100,163
03/22/2011,YNG,OH,AGL,CE,Combined TRACON& Tower with Radar,0,8,22,20,50,0,0,8,0,8,0,8,30,20,58,54,24,78,136
03/23/2011,YNG,OH,AGL,CE,Combined TRACON& Tower with Radar,2,7,14,56,79,0,0,4,0,4,2,7,18,56,83,4,22,26,109
03/24/2011,YNG,OH,AGL,CE,Combined TRACON& Tower with Radar,0,5,33,5,43,0,0,0,0,0,0,5,33,5,43,34,22,56,99
03/25/2011,YNG,OH,AGL,CE,Combined TRACON& Tower with Radar,2,7,34,8,51,0,0,12,2,14,2,7,46,10,65,50,46,96,161
03/26/2011,YNG,OH,AGL,CE,Combined TRACON& Tower with Radar,4,0,24,0,28,0,0,33,0,33,4,0,57,0,61,50,0,50,111
03/27/2011,YNG,OH,AGL,CE,Combined TRACON& Tower with Radar,2,0,40,1,43,0,0,10,1,11,2,0,50,2,54,20,0,20,74
03/28/2011,YNG,OH,AGL,CE,Combined TRACON& Tower with Radar,0,4,47,34,85,0,0,18,0,18,0,4,65,34,103,78,84,162,265
03/29/2011,YNG,OH,AGL,CE,Combined TRACON& Tower with Radar,0,2,32,28,62,0,0,28,1,29,0,2,60,29,91,120,96,216,307
03/30/2011,YNG,OH,AGL,CE,Combined TRACON& Tower with Radar,6,1,19,0,26,0,0,7,0,7,6,1,26,0,33,8,72,80,113
03/31/2011,YNG,OH,AGL,CE,Combined TRACON& Tower with Radar,0,11,7,17,35,0,0,1,0,1,0,11,8,17,36,0,16,16,52
04/01/2011,YNG,OH,AGL,CE,Combined TRACON& Tower with Radar,0,2,3,13,18,0,0,1,1,2,0,2,4,14,20,2,22,24,44
04/02/2011,YNG,OH,AGL,CE,Combined TRACON& Tower with Radar,6,0,8,3,17,0,0,4,0,4,6,0,12,3,21,0,0,0,21
04/03/2011,YNG,OH,AGL,CE,Combined TRACON& Tower with Radar,0,0,28,19,47,0,0,18,2,20,0,0,46,21,67,34,16,50,117
04/04/2011,YNG,OH,AGL,CE,Combined TRACON& Tower with Radar,0,0,2,8,10,0,0,1,0,1,0,0,3,8,11,0,4,4,15
04/05/2011,YNG,OH,AGL,CE,Combined TRACON& Tower with Radar,2,1,12,17,32,0,0,6,4,10,2,1,18,21,42,8,22,30,72
04/06/2011,YNG,OH,AGL,CE,Combined TRACON& Tower with Radar,4,5,38,31,78,0,0,3,1,4,4,5,41,32,82,36,62,98,180
04/07/2011,YNG,OH,AGL,CE,Combined TRACON& Tower with Radar,0,0,55,35,90,0,0,18,4,22,0,0,73,39,112,76,34,110,222
04/08/2011,YNG,OH,AGL,CE,Combined TRACON& Tower with Radar,2,2,5,6,15,0,0,0,0,0,2,2,5,6,15,0,0,0,15
04/09/2011,YNG,OH,AGL,CE,Combined TRACON& Tower with Radar,4,0,46,0,50,0,0,11,0,11,4,0,57,0,61,22,2,24,85
04/10/2011,YNG,OH,AGL,CE,Combined TRACON& Tower with Radar,1,3,17,0,21,0,0,14,0,14,1,3,31,0,35,28,0,28,63
04/11/2011,YNG,OH,AGL,CE,Combined TRACON& Tower with Radar,1,1,18,13,33,0,0,0,1,1,1,1,18,14,34,6,62,68,102
04/12/2011,YNG,OH,AGL,CE,Combined TRACON& Tower with Radar,0,7,21,17,45,0,0,3,2,5,0,7,24,19,50,16,16,32,82
04/13/2011,YNG,OH,AGL,CE,Combined TRACON& Tower with Radar,2,2,42,34,80,0,0,5,4,9,2,2,47,38,89,8,112,120,209
04/14/2011,YNG,OH,AGL,CE,Combined TRACON& Tower with Radar,0,4,45,12,61,0,0,34,4,38,0,4,79,16,99,82,6,88,187
04/15/2011,YNG,OH,AGL,CE,Combined TRACON& Tower with Radar,0,1,9,1,11,0,0,10,2,12,0,1,19,3,23,22,0,22,45
04/16/2011,YNG,OH,AGL,CE,Combined TRACON& Tower with Radar,4,2,4,1,11,0,3,0,0,3,4,5,4,1,14,0,0,0,14
04/17/2011,YNG,OH,AGL,CE,Combined TRACON& Tower with Radar,0,1,3,2,6,0,0,5,0,5,0,1,8,2,11,10,0,10,21
04/18/2011,YNG,OH,AGL,CE,Combined TRACON& Tower with Radar,2,7,10,38,57,0,3,5,0,8,2,10,15,38,65,14,70,84,149
04/19/2011,YNG,OH,AGL,CE,Combined TRACON& Tower with Radar,0,2,15,5,22,0,0,0,0,0,0,2,15,5,22,0,0,0,22
04/20/2011,YNG,OH,AGL,CE,Combined TRACON& Tower with Radar,4,9,9,25,47,0,0,0,1,1,4,9,9,26,48,0,42,42,90
04/21/2011,YNG,OH,AGL,CE,Combined TRACON& Tower with Radar,0,5,27,13,45,0,0,32,3,35,0,5,59,16,80,34,28,62,142
04/22/2011,YNG,OH,AGL,CE,Combined TRACON& Tower with Radar,0,12,25,12,49,0,4,2,0,6,0,16,27,12,55,14,8,22,77
04/23/2011,YNG,OH,AGL,CE,Combined TRACON& Tower with Radar,4,0,2,0,6,0,2,0,0,2,4,2,2,0,8,0,0,0,8
04/24/2011,YNG,OH,AGL,CE,Combined TRACON& Tower with Radar,0,0,6,0,6,0,0,2,0,2,0,0,8,0,8,0,0,0,8
04/25/2011,YNG,OH,AGL,CE,Combined TRACON& Tower with Radar,1,3,34,22,60,0,0,0,0,0,1,3,34,22,60,20,28,48,108
04/26/2011,YNG,OH,AGL,CE,Combined TRACON& Tower with Radar,0,4,2,18,24,0,0,5,3,8,0,4,7,21,32,12,24,36,68
04/27/2011,YNG,OH,AGL,CE,Combined TRACON& Tower with Radar,4,3,18,18,43,0,0,4,0,4,4,3,22,18,47,8,78,86,133
04/28/2011,YNG,OH,AGL,CE,Combined TRACON& Tower with Radar,1,6,12,15,34,0,1,3,0,4,1,7,15,15,38,0,44,44,82
04/29/2011,YNG,OH,AGL,CE,Combined TRACON& Tower with Radar,1,11,24,24,60,0,0,12,0,12,1,11,36,24,72,72,44,116,188
04/30/2011,YNG,OH,AGL,CE,Combined TRACON& Tower with Radar,4,1,49,0,54,0,0,37,0,37,4,1,86,0,91,108,0,108,199
05/01/2011,YNG,OH,AGL,CE,Combined TRACON& Tower with Radar,2,11,44,1,58,0,0,3,0,3,2,11,47,1,61,18,0,18,79
05/02/2011,YNG,OH,AGL,CE,Combined TRACON& Tower with Radar,0,8,26,42,76,0,0,3,2,5,0,8,29,44,81,30,98,128,209
05/03/2011,YNG,OH,AGL,CE,Combined TRACON& Tower with Radar,0,9,12,12,33,0,0,0,0,0,0,9,12,12,33,4,0,4,37
05/04/2011,YNG,OH,AGL,CE,Combined TRACON& Tower with Radar,5,3,25,26,59,0,0,12,0,12,5,3,37,26,71,48,62,110,181
05/05/2011,YNG,OH,AGL,CE,Combined TRACON& Tower with Radar,0,3,27,60,90,0,0,24,9,33,0,3,51,69,123,74,116,190,313
05/06/2011,YNG,OH,AGL,CE,Combined TRACON& Tower with Radar,1,5,11,0,17,0,0,7,2,9,1,5,18,2,26,0,10,10,36
05/07/2011,YNG,OH,AGL,CE,Combined TRACON& Tower with Radar,4,1,23,0,28,0,0,7,0,7,4,1,30,0,35,24,0,24,59
05/08/2011,YNG,OH,AGL,CE,Combined TRACON& Tower with Radar,3,1,36,0,40,0,0,22,0,22,3,1,58,0,62,32,0,32,94
05/09/2011,YNG,OH,AGL,CE,Combined TRACON& Tower with Radar,0,1,36,27,64,0,0,33,0,33,0,1,69,27,97,72,78,150,247
05/10/2011,YNG,OH,AGL,CE,Combined TRACON& Tower with Radar,0,0,21,32,53,0,2,36,28,66,0,2,57,60,119,50,108,158,277
05/11/2011,YNG,OH,AGL,CE,Combined TRACON& Tower with Radar,5,6,32,39,82,0,0,22,22,44,5,6,54,61,126,66,140,206,332
05/12/2011,YNG,OH,AGL,CE,Combined TRACON& Tower with Radar,0,4,9,20,33,0,0,8,6,14,0,4,17,26,47,14,44,58,105
05/13/2011,YNG,OH,AGL,CE,Combined TRACON& Tower with Radar,0,2,19,18,39,4,0,5,3,12,4,2,24,21,51,12,32,44,95
05/14/2011,YNG,OH,AGL,CE,Combined TRACON& Tower with Radar,4,2,22,0,28,0,0,2,0,2,4,2,24,0,30,40,0,40,70
05/15/2011,YNG,OH,AGL,CE,Combined TRACON& Tower with Radar,0,1,9,10,20,0,0,0,0,0,0,1,9,10,20,0,0,0,20
05/16/2011,YNG,OH,AGL,CE,Combined TRACON& Tower with Radar,0,3,15,29,47,0,0,0,0,0,0,3,15,29,47,6,0,6,53
05/17/2011,YNG,OH,AGL,CE,Combined TRACON& Tower with Radar,0,4,19,9,32,0,0,0,0,0,0,4,19,9,32,0,0,0,32
05/18/2011,YNG,OH,AGL,CE,Combined TRACON& Tower with Radar,0,2,31,23,56,0,0,3,0,3,0,2,34,23,59,0,56,56,115
05/19/2011,YNG,OH,AGL,CE,Combined TRACON& Tower with Radar,6,2,30,8,46,0,0,5,0,5,6,2,35,8,51,6,16,22,73
05/20/2011,YNG,OH,AGL,CE,Combined TRACON& Tower with Radar,0,4,14,2,20,0,0,20,1,21,0,4,34,3,41,16,26,42,83
05/21/2011,YNG,OH,AGL,CE,Combined TRACON& Tower with Radar,0,2,18,0,20,0,0,0,0,0,0,2,18,0,20,88,0,88,108
05/22/2011,YNG,OH,AGL,CE,Combined TRACON& Tower with Radar,6,3,18,0,27,0,0,0,0,0,6,3,18,0,27,16,4,20,47
05/23/2011,YNG,OH,AGL,CE,Combined TRACON& Tower with Radar,2,0,10,15,27,0,0,12,0,12,2,0,22,15,39,18,0,18,57
05/24/2011,YNG,OH,AGL,CE,Combined TRACON& Tower with Radar,0,6,39,22,67,0,8,2,6,16,0,14,41,28,83,8,86,94,177
05/25/2011,YNG,OH,AGL,CE,Combined TRACON& Tower with Radar,0,6,16,21,43,0,2,8,2,12,0,8,24,23,55,34,24,58,113
05/26/2011,YNG,OH,AGL,CE,Combined TRACON& Tower with Radar,8,3,28,1,40,0,0,5,0,5,8,3,33,1,45,8,0,8,53
05/27/2011,YNG,OH,AGL,CE,Combined TRACON& Tower with Radar,2,0,22,6,30,0,9,7,0,16,2,9,29,6,46,4,0,4,50
05/28/2011,YNG,OH,AGL,CE,Combined TRACON& Tower with Radar,0,1,43,3,47,0,0,20,0,20,0,1,63,3,67,52,0,52,119
05/29/2011,YNG,OH,AGL,CE,Combined TRACON& Tower with Radar,8,2,22,0,32,0,0,15,0,15,8,2,37,0,47,18,0,18,65
05/30/2011,YNG,OH,AGL,CE,Combined TRACON& Tower with Radar,0,0,26,5,31,0,0,18,3,21,0,0,44,8,52,16,4,20,72
05/31/2011,YNG,OH,AGL,CE,Combined TRACON& Tower with Radar,0,6,26,14,46,0,3,18,7,28,0,9,44,21,74,30,76,106,180
06/01/2011,YNG,OH,AGL,CE,Combined TRACON& Tower with Radar,0,2,17,53,72,0,1,10,2,13,0,3,27,55,85,12,150,162,247
06/02/2011,YNG,OH,AGL,CE,Combined TRACON& Tower with Radar,6,4,40,27,77,0,2,29,1,32,6,6,69,28,109,72,70,142,251
06/03/2011,YNG,OH,AGL,CE,Combined TRACON& Tower with Radar,0,2,29,4,35,0,1,33,0,34,0,3,62,4,69,50,0,50,119
06/04/2011,YNG,OH,AGL,CE,Combined TRACON& Tower with Radar,2,3,20,0,25,0,0,37,0,37,2,3,57,0,62,18,0,18,80
06/05/2011,YNG,OH,AGL,CE,Combined TRACON& Tower with Radar,8,1,27,10,46,0,0,23,4,27,8,1,50,14,73,30,32,62,135
06/06/2011,YNG,OH,AGL,CE,Combined TRACON& Tower with Radar,0,4,21,45,70,0,0,25,2,27,0,4,46,47,97,36,88,124,221
06/07/2011,YNG,OH,AGL,CE,Combined TRACON& Tower with Radar,0,9,12,15,36,0,8,12,6,26,0,17,24,21,62,48,44,92,154
06/08/2011,YNG,OH,AGL,CE,Combined TRACON& Tower with Radar,0,5,10,21,36,0,0,23,1,24,0,5,33,22,60,38,76,114,174
06/09/2011,YNG,OH,AGL,CE,Combined TRACON& Tower with Radar,6,5,20,11,42,0,0,17,5,22,6,5,37,16,64,26,52,78,142
06/10/2011,YNG,OH,AGL,CE,Combined TRACON& Tower with Radar,0,1,18,3,22,0,0,4,0,4,0,1,22,3,26,5,0,5,31
06/11/2011,YNG,OH,AGL,CE,Combined TRACON& Tower with Radar,0,2,8,4,14,0,1,10,0,11,0,3,18,4,25,26,0,26,51
06/12/2011,YNG,OH,AGL,CE,Combined TRACON& Tower with Radar,6,0,30,1,37,0,0,2,0,2,6,0,32,1,39,16,0,16,55
06/13/2011,YNG,OH,AGL,CE,Combined TRACON& Tower with Radar,0,1,25,23,49,0,0,22,7,29,0,1,47,30,78,30,56,86,164
06/14/2011,YNG,OH,AGL,CE,Combined TRACON& Tower with Radar,2,3,43,15,63,0,0,26,12,38,2,3,69,27,101,46,92,138,239
06/15/2011,YNG,OH,AGL,CE,Combined TRACON& Tower with Radar,0,0,39,20,59,0,2,32,8,42,0,2,71,28,101,148,86,234,335
06/16/2011,YNG,OH,AGL,CE,Combined TRACON& Tower with Radar,6,4,20,6,36,0,0,2,0,2,6,4,22,6,38,0,20,20,58
06/17/2011,YNG,OH,AGL,CE,Combined TRACON& Tower with Radar,0,3,48,4,55,0,2,12,7,21,0,5,60,11,76,57,62,119,195
06/18/2011,YNG,OH,AGL,CE,Combined TRACON& Tower with Radar,0,1,24,0,25,0,1,34,0,35,0,2,58,0,60,60,0,60,120
06/19/2011,YNG,OH,AGL,CE,Combined TRACON& Tower with Radar,6,1,12,1,20,0,0,12,0,12,6,1,24,1,32,12,0,12,44
06/20/2011,YNG,OH,AGL,CE,Combined TRACON& Tower with Radar,0,4,11,17,32,0,0,5,4,9,0,4,16,21,41,20,88,108,149
06/21/2011,YNG,OH,AGL,CE,Combined TRACON& Tower with Radar,2,2,8,9,21,0,0,9,1,10,2,2,17,10,31,8,22,30,61
06/22/2011,YNG,OH,AGL,CE,Combined TRACON& Tower with Radar,0,7,36,16,59,0,0,2,2,4,0,7,38,18,63,44,102,146,209
06/23/2011,YNG,OH,AGL,CE,Combined TRACON& Tower with Radar,7,4,19,17,47,0,0,1,2,3,7,4,20,19,50,6,62,68,118
06/24/2011,YNG,OH,AGL,CE,Combined TRACON& Tower with Radar,3,4,22,2,31,0,0,1,0,1,3,4,23,2,32,12,0,12,44
06/25/2011,YNG,OH,AGL,CE,Combined TRACON& Tower with Radar,0,3,12,3,18,0,0,19,1,20,0,3,31,4,38,26,0,26,64
06/26/2011,YNG,OH,AGL,CE,Combined TRACON& Tower with Radar,10,1,36,0,47,0,0,40,0,40,10,1,76,0,87,28,0,28,115
06/27/2011,YNG,OH,AGL,CE,Combined TRACON& Tower with Radar,0,2,26,28,56,0,0,36,5,41,0,2,62,33,97,48,116,164,261
06/28/2011,YNG,OH,AGL,CE,Combined TRACON& Tower with Radar,2,0,31,18,51,0,0,13,10,23,2,0,44,28,74,48,78,126,200
06/29/2011,YNG,OH,AGL,CE,Combined TRACON& Tower with Radar,0,3,24,37,64,0,1,30,6,37,0,4,54,43,101,80,92,172,273
06/30/2011,YNG,OH,AGL,CE,Combined TRACON& Tower with Radar,4,3,39,19,65,0,0,39,14,53,4,3,78,33,118,92,58,150,268
07/01/2011,YNG,OH,AGL,CE,Combined TRACON& Tower with Radar,1,2,19,0,22,0,0,34,0,34,1,2,53,0,56,84,0,84,140
07/02/2011,YNG,OH,AGL,CE,Combined TRACON& Tower with Radar,0,0,9,0,9,0,0,7,0,7,0,0,16,0,16,6,0,6,22
07/03/2011,YNG,OH,AGL,CE,Combined TRACON& Tower with Radar,6,2,13,0,21,0,0,14,0,14,6,2,27,0,35,6,0,6,41
07/04/2011,YNG,OH,AGL,CE,Combined TRACON& Tower with Radar,0,0,22,0,22,0,4,23,0,27,0,4,45,0,49,68,0,68,117
07/05/2011,YNG,OH,AGL,CE,Combined TRACON& Tower with Radar,2,3,11,16,32,0,0,22,4,26,2,3,33,20,58,62,46,108,166
07/06/2011,YNG,OH,AGL,CE,Combined TRACON& Tower with Radar,0,2,19,44,65,0,1,19,1,21,0,3,38,45,86,48,140,188,274
07/07/2011,YNG,OH,AGL,CE,Combined TRACON& Tower with Radar,6,1,32,34,73,0,0,29,4,33,6,1,61,38,106,46,82,128,234
07/08/2011,YNG,OH,AGL,CE,Combined TRACON& Tower with Radar,2,0,18,29,49,0,2,18,1,21,2,2,36,30,70,124,72,196,266
07/09/2011,YNG,OH,AGL,CE,Combined TRACON& Tower with Radar,0,2,24,5,31,0,0,32,1,33,0,2,56,6,64,40,0,40,104
07/10/2011,YNG,OH,AGL,CE,Combined TRACON& Tower with Radar,7,0,15,8,30,0,0,25,0,25,7,0,40,8,55,42,1,43,98
07/11/2011,YNG,OH,AGL,CE,Combined TRACON& Tower with Radar,0,2,18,35,55,0,2,11,1,14,0,4,29,36,69,6,66,72,141
07/12/2011,YNG,OH,AGL,CE,Combined TRACON& Tower with Radar,1,10,15,24,50,0,0,18,6,24,1,10,33,30,74,12,44,56,130
07/13/2011,YNG,OH,AGL,CE,Combined TRACON& Tower with Radar,0,0,16,26,42,0,0,21,4,25,0,0,37,30,67,66,56,122,189
07/14/2011,YNG,OH,AGL,CE,Combined TRACON& Tower with Radar,6,8,24,16,54,0,0,30,5,35,6,8,54,21,89,32,20,52,141
07/15/2011,YNG,OH,AGL,CE,Combined TRACON& Tower with Radar,0,8,30,2,40,0,3,21,0,24,0,11,51,2,64,18,6,24,88
07/16/2011,YNG,OH,AGL,CE,Combined TRACON& Tower with Radar,0,2,9,0,11,0,0,16,1,17,0,2,25,1,28,10,0,10,38
07/17/2011,YNG,OH,AGL,CE,Combined TRACON& Tower with Radar,6,2,13,1,22,0,0,15,0,15,6,2,28,1,37,8,4,12,49
07/18/2011,YNG,OH,AGL,CE,Combined TRACON& Tower with Radar,0,4,18,26,48,0,0,5,0,5,0,4,23,26,53,10,42,52,105
07/19/2011,YNG,OH,AGL,CE,Combined TRACON& Tower with Radar,0,5,28,27,60,0,0,10,3,13,0,5,38,30,73,12,46,58,131
07/20/2011,YNG,OH,AGL,CE,Combined TRACON& Tower with Radar,0,0,44,40,84,0,0,20,7,27,0,0,64,47,111,58,64,122,233
07/21/2011,YNG,OH,AGL,CE,Combined TRACON& Tower with Radar,6,8,22,12,48,0,0,14,3,17,6,8,36,15,65,14,44,58,123
07/22/2011,YNG,OH,AGL,CE,Combined TRACON& Tower with Radar,0,1,15,3,19,0,0,10,0,10,0,1,25,3,29,12,0,12,41
07/23/2011,YNG,OH,AGL,CE,Combined TRACON& Tower with Radar,0,1,17,2,20,0,0,9,0,9,0,1,26,2,29,2,0,2,31
07/24/2011,YNG,OH,AGL,CE,Combined TRACON& Tower with Radar,6,3,21,1,31,0,1,6,0,7,6,4,27,1,38,6,0,6,44
07/25/2011,YNG,OH,AGL,CE,Combined TRACON& Tower with Radar,0,2,19,32,53,0,0,13,3,16,0,2,32,35,69,18,72,90,159
07/26/2011,YNG,OH,AGL,CE,Combined TRACON& Tower with Radar,0,7,35,13,55,0,3,22,10,35,0,10,57,23,90,44,64,108,198
07/27/2011,YNG,OH,AGL,CE,Combined TRACON& Tower with Radar,0,3,41,25,69,0,0,33,2,35,0,3,74,27,104,56,92,148,252
07/28/2011,YNG,OH,AGL,CE,Combined TRACON& Tower with Radar,6,0,21,13,40,0,1,10,1,12,6,1,31,14,52,4,44,48,100
07/29/2011,YNG,OH,AGL,CE,Combined TRACON& Tower with Radar,2,2,22,3,29,0,0,7,0,7,2,2,29,3,36,6,0,6,42
07/30/2011,YNG,OH,AGL,CE,Combined TRACON& Tower with Radar,0,3,23,1,27,0,0,28,0,28,0,3,51,1,55,64,0,64,119
07/31/2011,YNG,OH,AGL,CE,Combined TRACON& Tower with Radar,6,0,16,0,22,0,0,34,0,34,6,0,50,0,56,54,0,54,110
08/01/2011,YNG,OH,AGL,CE,Combined TRACON& Tower with Radar,0,7,11,46,64,0,0,13,0,13,0,7,24,46,77,28,110,138,215
08/02/2011,YNG,OH,AGL,CE,Combined TRACON& Tower with Radar,0,4,19,30,53,0,0,15,7,22,0,4,34,37,75,16,36,52,127
08/03/2011,YNG,OH,AGL,CE,Combined TRACON& Tower with Radar,0,10,26,54,90,0,0,2,0,2,0,10,28,54,92,9,18,27,119
08/04/2011,YNG,OH,AGL,CE,Combined TRACON& Tower with Radar,5,5,22,35,67,0,3,21,3,27,5,8,43,38,94,22,36,58,152
08/05/2011,YNG,OH,AGL,CE,Combined TRACON& Tower with Radar,2,7,35,42,86,0,4,26,0,30,2,11,61,42,116,64,82,146,262
08/06/2011,YNG,OH,AGL,CE,Combined TRACON& Tower with Radar,0,5,8,8,21,0,1,18,0,19,0,6,26,8,40,0,0,0,40
08/07/2011,YNG,OH,AGL,CE,Combined TRACON& Tower with Radar,8,1,15,10,34,0,1,16,1,18,8,2,31,11,52,32,2,34,86
08/08/2011,YNG,OH,AGL,CE,Combined TRACON& Tower with Radar,0,0,7,25,32,0,0,3,4,7,0,0,10,29,39,0,64,64,103
08/09/2011,YNG,OH,AGL,CE,Combined TRACON& Tower with Radar,0,2,18,15,35,0,0,2,2,4,0,2,20,17,39,6,34,40,79
08/10/2011,YNG,OH,AGL,CE,Combined TRACON& Tower with Radar,0,3,25,36,64,0,2,18,7,27,0,5,43,43,91,42,104,146,237
08/11/2011,YNG,OH,AGL,CE,Combined TRACON& Tower with Radar,6,5,32,39,82,0,0,55,13,68,6,5,87,52,150,88,140,228,378
08/12/2011,YNG,OH,AGL,CE,Combined TRACON& Tower with Radar,2,5,18,15,40,0,0,43,1,44,2,5,61,16,84,42,30,72,156
08/13/2011,YNG,OH,AGL,CE,Combined TRACON& Tower with Radar,0,2,14,2,18,0,2,26,0,28,0,4,40,2,46,50,0,50,96
08/14/2011,YNG,OH,AGL,CE,Combined TRACON& Tower with Radar,6,3,8,1,18,0,2,3,0,5,6,5,11,1,23,0,0,0,23
08/15/2011,YNG,OH,AGL,CE,Combined TRACON& Tower with Radar,2,3,13,33,51,0,0,3,0,3,2,3,16,33,54,4,76,80,134
08/16/2011,YNG,OH,AGL,CE,Combined TRACON& Tower with Radar,0,5,30,30,65,0,0,42,3,45,0,5,72,33,110,44,44,88,198
08/17/2011,YNG,OH,AGL,CE,Combined TRACON& Tower with Radar,0,1,26,42,69,0,0,32,1,33,0,1,58,43,102,16,128,144,246
08/18/2011,YNG,OH,AGL,CE,Combined TRACON& Tower with Radar,2,1,26,25,54,0,6,20,1,27,2,7,46,26,81,36,40,76,157
08/19/2011,YNG,OH,AGL,CE,Combined TRACON& Tower with Radar,0,1,17,23,41,0,0,14,2,16,0,1,31,25,57,26,60,86,143
08/20/2011,YNG,OH,AGL,CE,Combined TRACON& Tower with Radar,5,4,20,0,29,0,0,20,0,20,5,4,40,0,49,15,18,33,82
08/21/2011,YNG,OH,AGL,CE,Combined TRACON& Tower with Radar,2,2,8,0,12,0,0,0,0,0,2,2,8,0,12,0,0,0,12
08/22/2011,YNG,OH,AGL,CE,Combined TRACON& Tower with Radar,0,0,20,52,72,0,11,11,3,25,0,11,31,55,97,10,54,64,161
08/23/2011,YNG,OH,AGL,CE,Combined TRACON& Tower with Radar,0,5,23,13,41,0,1,47,6,54,0,6,70,19,95,22,22,44,139
08/24/2011,YNG,OH,AGL,CE,Combined TRACON& Tower with Radar,0,0,11,21,32,0,0,11,1,12,0,0,22,22,44,10,54,64,108
08/25/2011,YNG,OH,AGL,CE,Combined TRACON& Tower with Radar,2,8,49,38,97,0,0,28,11,39,2,8,77,49,136,18,102,120,256
08/26/2011,YNG,OH,AGL,CE,Combined TRACON& Tower with Radar,0,3,29,9,41,0,0,20,0,20,0,3,49,9,61,36,4,40,101
08/27/2011,YNG,OH,AGL,CE,Combined TRACON& Tower with Radar,0,1,14,15,30,0,0,31,0,31,0,1,45,15,61,26,0,26,87
08/28/2011,YNG,OH,AGL,CE,Combined TRACON& Tower with Radar,2,1,19,5,27,0,0,9,0,9,2,1,28,5,36,16,0,16,52
08/29/2011,YNG,OH,AGL,CE,Combined TRACON& Tower with Radar,0,3,41,19,63,0,0,38,2,40,0,3,79,21,103,60,52,112,215
08/30/2011,YNG,OH,AGL,CE,Combined TRACON& Tower with Radar,0,6,22,21,49,0,0,30,2,32,0,6,52,23,81,30,36,66,147
08/31/2011,YNG,OH,AGL,CE,Combined TRACON& Tower with Radar,0,4,19,25,48,0,0,16,0,16,0,4,35,25,64,22,38,60,124
09/01/2011,YNG,OH,AGL,CE,Combined TRACON& Tower with Radar,2,6,13,19,40,0,0,8,1,9,2,6,21,20,49,0,34,34,83
09/02/2011,YNG,OH,AGL,CE,Combined TRACON& Tower with Radar,2,0,15,1,18,0,0,19,0,19,2,0,34,1,37,2,0,2,39
09/03/2011,YNG,OH,AGL,CE,Combined TRACON& Tower with Radar,0,1,13,0,14,0,0,4,0,4,0,1,17,0,18,18,0,18,36
09/04/2011,YNG,OH,AGL,CE,Combined TRACON& Tower with Radar,2,0,19,0,21,0,0,12,0,12,2,0,31,0,33,22,36,58,91
09/05/2011,YNG,OH,AGL,CE,Combined TRACON& Tower with Radar,1,0,18,0,19,0,4,3,0,7,1,4,21,0,26,16,0,16,42
09/06/2011,YNG,OH,AGL,CE,Combined TRACON& Tower with Radar,1,5,17,40,63,0,0,8,1,9,1,5,25,41,72,83,116,199,271
09/07/2011,YNG,OH,AGL,CE,Combined TRACON& Tower with Radar,0,7,14,19,40,0,0,2,0,2,0,7,16,19,42,9,8,17,59
09/08/2011,YNG,OH,AGL,CE,Combined TRACON& Tower with Radar,2,3,19,11,35,0,0,1,0,1,2,3,20,11,36,10,26,36,72
09/09/2011,YNG,OH,AGL,CE,Combined TRACON& Tower with Radar,2,9,28,14,53,0,0,27,0,27,2,9,55,14,80,14,14,28,108
09/10/2011,YNG,OH,AGL,CE,Combined TRACON& Tower with Radar,0,4,4,1,9,0,0,0,0,0,0,4,4,1,9,26,0,26,35
09/11/2011,YNG,OH,AGL,CE,Combined TRACON& Tower with Radar,2,5,21,9,37,0,0,10,0,10,2,5,31,9,47,12,0,12,59
09/12/2011,YNG,OH,AGL,CE,Combined TRACON& Tower with Radar,0,5,24,20,49,0,0,18,0,18,0,5,42,20,67,29,46,75,142
09/13/2011,YNG,OH,AGL,CE,Combined TRACON& Tower with Radar,0,3,23,15,41,0,1,12,0,13,0,4,35,15,54,20,16,36,90
09/14/2011,YNG,OH,AGL,CE,Combined TRACON& Tower with Radar,0,6,24,24,54,0,0,21,4,25,0,6,45,28,79,32,58,90,169
09/15/2011,YNG,OH,AGL,CE,Combined TRACON& Tower with Radar,2,2,19,17,40,0,0,8,9,17,2,2,27,26,57,13,52,65,122
09/16/2011,YNG,OH,AGL,CE,Combined TRACON& Tower with Radar,2,7,19,0,28,0,0,24,1,25,2,7,43,1,53,29,0,29,82
09/17/2011,YNG,OH,AGL,CE,Combined TRACON& Tower with Radar,2,2,27,20,51,0,0,36,0,36,2,2,63,20,87,34,18,52,139
09/18/2011,YNG,OH,AGL,CE,Combined TRACON& Tower with Radar,2,5,19,0,26,0,0,17,1,18,2,5,36,1,44,18,0,18,62
09/19/2011,YNG,OH,AGL,CE,Combined TRACON& Tower with Radar,0,1,19,4,24,0,0,0,0,0,0,1,19,4,24,2,0,2,26
09/20/2011,YNG,OH,AGL,CE,Combined TRACON& Tower with Radar,0,2,19,21,42,0,0,9,5,14,0,2,28,26,56,0,0,0,56
09/21/2011,YNG,OH,AGL,CE,Combined TRACON& Tower with Radar,0,0,13,5,18,0,0,8,3,11,0,0,21,8,29,16,10,26,55
09/22/2011,YNG,OH,AGL,CE,Combined TRACON& Tower with Radar,2,2,20,6,30,0,0,19,1,20,2,2,39,7,50,52,16,68,118
09/23/2011,YNG,OH,AGL,CE,Combined TRACON& Tower with Radar,2,4,20,10,36,0,0,0,0,0,2,4,20,10,36,2,20,22,58
09/24/2011,YNG,OH,AGL,CE,Combined TRACON& Tower with Radar,0,3,20,0,23,0,0,15,0,15,0,3,35,0,38,7,4,11,49
09/25/2011,YNG,OH,AGL,CE,Combined TRACON& Tower with Radar,6,2,15,0,23,0,0,18,0,18,6,2,33,0,41,10,0,10,51
09/26/2011,YNG,OH,AGL,CE,Combined TRACON& Tower with Radar,0,6,14,21,41,0,3,3,0,6,0,9,17,21,47,26,28,54,101
09/27/2011,YNG,OH,AGL,CE,Combined TRACON& Tower with Radar,1,6,37,14,58,0,0,20,2,22,1,6,57,16,80,42,16,58,138
09/28/2011,YNG,OH,AGL,CE,Combined TRACON& Tower with Radar,0,4,32,19,55,0,0,17,0,17,0,4,49,19,72,15,62,77,149
09/29/2011,YNG,OH,AGL,CE,Combined TRACON& Tower with Radar,2,3,28,27,60,0,0,2,1,3,2,3,30,28,63,9,60,69,132
09/30/2011,YNG,OH,AGL,CE,Combined TRACON& Tower with Radar,3,3,18,21,45,0,0,0,0,0,3,3,18,21,45,0,0,0,45
10/01/2011,YNG,OH,AGL,CE,Combined TRACON& Tower with Radar,0,0,13,28,41,0,0,0,0,0,0,0,13,28,41,0,0,0,41
10/02/2011,YNG,OH,AGL,CE,Combined TRACON& Tower with Radar,4,2,9,7,22,0,0,3,0,3,4,2,12,7,25,0,0,0,25
10/03/2011,YNG,OH,AGL,CE,Combined TRACON& Tower with Radar,0,0,36,17,53,0,0,2,0,2,0,0,38,17,55,4,16,20,75
10/04/2011,YNG,OH,AGL,CE,Combined TRACON& Tower with Radar,0,16,38,39,93,0,2,17,5,24,0,18,55,44,117,16,78,94,211
10/05/2011,YNG,OH,AGL,CE,Combined TRACON& Tower with Radar,0,2,41,36,79,0,0,39,4,43,0,2,80,40,122,12,14,26,148
10/06/2011,YNG,OH,AGL,CE,Combined TRACON& Tower with Radar,4,4,46,9,63,0,0,46,1,47,4,4,92,10,110,18,0,18,128
10/07/2011,YNG,OH,AGL,CE,Combined TRACON& Tower with Radar,2,9,31,6,48,0,0,15,0,15,2,9,46,6,63,42,24,66,129
10/08/2011,YNG,OH,AGL,CE,Combined TRACON& Tower with Radar,2,1,13,0,16,0,0,26,0,26,2,1,39,0,42,50,0,50,92
10/09/2011,YNG,OH,AGL,CE,Combined TRACON& Tower with Radar,4,2,30,0,36,0,0,37,0,37,4,2,67,0,73,39,0,39,112
10/10/2011,YNG,OH,AGL,CE,Combined TRACON& Tower with Radar,0,0,20,0,20,0,0,21,0,21,0,0,41,0,41,34,0,34,75
10/11/2011,YNG,OH,AGL,CE,Combined TRACON& Tower with Radar,0,1,12,14,27,0,0,18,2,20,0,1,30,16,47,28,66,94,141
10/12/2011,YNG,OH,AGL,CE,Combined TRACON& Tower with Radar,0,3,14,27,44,0,0,0,0,0,0,3,14,27,44,0,0,0,44
10/13/2011,YNG,OH,AGL,CE,Combined TRACON& Tower with Radar,4,2,28,6,40,0,2,2,0,4,4,4,30,6,44,18,4,22,66
10/14/2011,YNG,OH,AGL,CE,Combined TRACON& Tower with Radar,0,2,10,4,16,0,0,2,0,2,0,2,12,4,18,0,28,28,46
10/15/2011,YNG,OH,AGL,CE,Combined TRACON& Tower with Radar,2,4,6,0,12,0,0,0,0,0,2,4,6,0,12,0,0,0,12
10/16/2011,YNG,OH,AGL,CE,Combined TRACON& Tower with Radar,4,4,13,1,22,0,0,6,0,6,4,4,19,1,28,2,0,2,30
10/17/2011,YNG,OH,AGL,CE,Combined TRACON& Tower with Radar,0,2,9,16,27,0,0,14,1,15,0,2,23,17,42,6,22,28,70
10/18/2011,YNG,OH,AGL,CE,Combined TRACON& Tower with Radar,0,6,12,30,48,0,1,12,2,15,0,7,24,32,63,9,88,97,160
10/19/2011,YNG,OH,AGL,CE,Combined TRACON& Tower with Radar,0,1,19,38,58,0,0,2,0,2,0,1,21,38,60,10,90,100,160
10/20/2011,YNG,OH,AGL,CE,Combined TRACON& Tower with Radar,4,2,9,5,20,0,0,0,0,0,4,2,9,5,20,0,0,0,20
10/21/2011,YNG,OH,AGL,CE,Combined TRACON& Tower with Radar,4,3,19,10,36,0,0,2,0,2,4,3,21,10,38,0,2,2,40
10/22/2011,YNG,OH,AGL,CE,Combined TRACON& Tower with Radar,0,1,10,0,11,0,0,21,0,21,0,1,31,0,32,36,0,36,68
10/23/2011,YNG,OH,AGL,CE,Combined TRACON& Tower with Radar,8,2,20,1,31,0,0,51,0,51,8,2,71,1,82,56,0,56,138
10/24/2011,YNG,OH,AGL,CE,Combined TRACON& Tower with Radar,0,0,14,47,61,0,0,4,0,4,0,0,18,47,65,2,60,62,127
10/25/2011,YNG,OH,AGL,CE,Combined TRACON& Tower with Radar,0,2,18,12,32,0,0,31,1,32,0,2,49,13,64,34,0,34,98
10/26/2011,YNG,OH,AGL,CE,Combined TRACON& Tower with Radar,0,4,18,41,63,0,0,2,0,2,0,4,20,41,65,4,62,66,131
10/27/2011,YNG,OH,AGL,CE,Combined TRACON& Tower with Radar,4,0,15,18,37,0,0,0,0,0,4,0,15,18,37,0,6,6,43
10/28/2011,YNG,OH,AGL,CE,Combined TRACON& Tower with Radar,2,1,41,20,64,0,0,11,0,11,2,1,52,20,75,26,52,78,153
10/29/2011,YNG,OH,AGL,CE,Combined TRACON& Tower with Radar,2,5,16,0,23,0,0,0,0,0,2,5,16,0,23,1,0,1,24
10/30/2011,YNG,OH,AGL,CE,Combined TRACON& Tower with Radar,4,1,14,1,20,0,0,17,0,17,4,1,31,1,37,38,0,38,75
10/31/2011,YNG,OH,AGL,CE,Combined TRACON& Tower with Radar,0,2,13,16,31,0,0,6,0,6,0,2,19,16,37,4,48,52,89
11/01/2011,YNG,OH,AGL,CE,Combined TRACON& Tower with Radar,0,4,30,17,51,0,0,27,5,32,0,4,57,22,83,58,118,176,259
11/02/2011,YNG,OH,AGL,CE,Combined TRACON& Tower with Radar,0,5,15,29,49,0,1,38,4,43,0,6,53,33,92,24,74,98,190
11/03/2011,YNG,OH,AGL,CE,Combined TRACON& Tower with Radar,4,3,31,12,50,0,0,25,4,29,4,3,56,16,79,38,38,76,155
11/04/2011,YNG,OH,AGL,CE,Combined TRACON& Tower with Radar,4,2,13,12,31,0,0,6,4,10,4,2,19,16,41,0,56,56,97
11/05/2011,YNG,OH,AGL,CE,Combined TRACON& Tower with Radar,1,9,26,4,40,0,0,40,0,40,1,9,66,4,80,24,20,44,124
11/06/2011,YNG,OH,AGL,CE,Combined TRACON& Tower with Radar,6,5,21,6,38,0,0,30,4,34,6,5,51,10,72,34,0,34,106
11/07/2011,YNG,OH,AGL,CE,Combined TRACON& Tower with Radar,0,4,14,4,22,0,0,11,0,11,0,4,25,4,33,1,8,9,42
11/08/2011,YNG,OH,AGL,CE,Combined TRACON& Tower with Radar,0,1,22,23,46,0,0,40,5,45,0,1,62,28,91,6,32,38,129
11/09/2011,YNG,OH,AGL,CE,Combined TRACON& Tower with Radar,0,4,26,26,56,0,0,5,2,7,0,4,31,28,63,8,44,52,115
11/10/2011,YNG,OH,AGL,CE,Combined TRACON& Tower with Radar,4,1,28,5,38,0,0,16,2,18,4,1,44,7,56,38,0,38,94
11/11/2011,YNG,OH,AGL,CE,Combined TRACON& Tower with Radar,2,1,14,0,17,0,0,2,0,2,2,1,16,0,19,0,0,0,19
11/12/2011,YNG,OH,AGL,CE,Combined TRACON& Tower with Radar,2,2,12,0,16,0,1,11,0,12,2,3,23,0,28,18,0,18,46
11/13/2011,YNG,OH,AGL,CE,Combined TRACON& Tower with Radar,4,5,5,0,14,0,0,0,0,0,4,5,5,0,14,0,0,0,14
11/14/2011,YNG,OH,AGL,CE,Combined TRACON& Tower with Radar,0,1,11,25,37,0,0,2,0,2,0,1,13,25,39,16,36,52,91
11/15/2011,YNG,OH,AGL,CE,Combined TRACON& Tower with Radar,0,4,23,7,34,0,0,1,1,2,0,4,24,8,36,0,10,10,46
11/16/2011,YNG,OH,AGL,CE,Combined TRACON& Tower with Radar,0,2,30,53,85,0,0,2,0,2,0,2,32,53,87,18,132,150,237
11/17/2011,YNG,OH,AGL,CE,Combined TRACON& Tower with Radar,4,5,15,34,58,0,0,5,0,5,4,5,20,34,63,0,34,34,97
11/18/2011,YNG,OH,AGL,CE,Combined TRACON& Tower with Radar,3,1,24,5,33,0,1,25,0,26,3,2,49,5,59,46,28,74,133
11/19/2011,YNG,OH,AGL,CE,Combined TRACON& Tower with Radar,1,2,15,2,20,0,0,18,0,18,1,2,33,2,38,194,0,194,232
11/20/2011,YNG,OH,AGL,CE,Combined TRACON& Tower with Radar,4,2,14,0,20,0,0,7,0,7,4,2,21,0,27,9,0,9,36
11/21/2011,YNG,OH,AGL,CE,Combined TRACON& Tower with Radar,2,5,16,14,37,0,0,4,4,8,2,5,20,18,45,12,36,48,93
11/22/2011,YNG,OH,AGL,CE,Combined TRACON& Tower with Radar,4,7,7,24,42,0,0,1,0,1,4,7,8,24,43,0,0,0,43
11/23/2011,YNG,OH,AGL,CE,Combined TRACON& Tower with Radar,4,6,12,17,39,0,2,5,0,7,4,8,17,17,46,6,34,40,86
11/24/2011,YNG,OH,AGL,CE,Combined TRACON& Tower with Radar,0,0,6,0,6,0,0,12,0,12,0,0,18,0,18,10,0,10,28
11/25/2011,YNG,OH,AGL,CE,Combined TRACON& Tower with Radar,4,1,19,0,24,0,0,29,0,29,4,1,48,0,53,39,0,39,92
11/26/2011,YNG,OH,AGL,CE,Combined TRACON& Tower with Radar,4,3,19,0,26,0,0,31,0,31,4,3,50,0,57,40,0,40,97
11/27/2011,YNG,OH,AGL,CE,Combined TRACON& Tower with Radar,4,5,8,0,17,0,0,3,0,3,4,5,11,0,20,2,0,2,22
11/28/2011,YNG,OH,AGL,CE,Combined TRACON& Tower with Radar,2,4,10,3,19,0,0,0,0,0,2,4,10,3,19,0,0,0,19
11/29/2011,YNG,OH,AGL,CE,Combined TRACON& Tower with Radar,0,6,13,6,25,0,0,0,5,5,0,6,13,11,30,0,18,18,48
11/30/2011,YNG,OH,AGL,CE,Combined TRACON& Tower with Radar,0,2,17,25,44,0,0,4,1,5,0,2,21,26,49,14,48,62,111
12/01/2011,YNG,OH,AGL,CE,Combined TRACON& Tower with Radar,2,1,27,21,51,0,0,15,3,18,2,1,42,24,69,20,74,94,163
12/02/2011,YNG,OH,AGL,CE,Combined TRACON& Tower with Radar,4,0,23,18,45,0,0,3,0,3,4,0,26,18,48,8,12,20,68
12/03/2011,YNG,OH,AGL,CE,Combined TRACON& Tower with Radar,0,0,47,0,47,0,0,70,0,70,0,0,117,0,117,100,0,100,217
12/04/2011,YNG,OH,AGL,CE,Combined TRACON& Tower with Radar,4,0,10,7,21,0,0,3,3,6,4,0,13,10,27,4,4,8,35
12/05/2011,YNG,OH,AGL,CE,Combined TRACON& Tower with Radar,2,1,13,21,37,0,0,0,0,0,2,1,13,21,37,0,16,16,53
12/06/2011,YNG,OH,AGL,CE,Combined TRACON& Tower with Radar,0,6,18,33,57,0,0,0,0,0,0,6,18,33,57,0,18,18,75
12/07/2011,YNG,OH,AGL,CE,Combined TRACON& Tower with Radar,0,4,26,6,36,0,1,2,0,3,0,5,28,6,39,6,4,10,49
12/08/2011,YNG,OH,AGL,CE,Combined TRACON& Tower with Radar,2,13,42,18,75,0,0,19,2,21,2,13,61,20,96,10,56,66,162
12/09/2011,YNG,OH,AGL,CE,Combined TRACON& Tower with Radar,2,4,23,29,58,0,0,8,2,10,2,4,31,31,68,34,52,86,154
12/10/2011,YNG,OH,AGL,CE,Combined TRACON& Tower with Radar,0,0,16,12,28,0,0,30,1,31,0,0,46,13,59,0,0,0,59
12/11/2011,YNG,OH,AGL,CE,Combined TRACON& Tower with Radar,2,5,23,0,30,0,0,44,0,44,2,5,67,0,74,54,8,62,136
12/12/2011,YNG,OH,AGL,CE,Combined TRACON& Tower with Radar,2,11,20,33,66,0,0,19,3,22,2,11,39,36,88,24,120,144,232
12/13/2011,YNG,OH,AGL,CE,Combined TRACON& Tower with Radar,0,9,30,35,74,0,1,22,8,31,0,10,52,43,105,62,82,144,249
12/14/2011,YNG,OH,AGL,CE,Combined TRACON& Tower with Radar,0,5,5,26,36,0,0,0,0,0,0,5,5,26,36,0,10,10,46
12/15/2011,YNG,OH,AGL,CE,Combined TRACON& Tower with Radar,2,4,13,2,21,0,0,0,0,0,2,4,13,2,21,0,0,0,21
12/16/2011,YNG,OH,AGL,CE,Combined TRACON& Tower with Radar,2,6,24,12,44,0,2,17,0,19,2,8,41,12,63,8,26,34,97
12/17/2011,YNG,OH,AGL,CE,Combined TRACON& Tower with Radar,0,0,5,0,5,0,0,2,0,2,0,0,7,0,7,0,0,0,7
12/18/2011,YNG,OH,AGL,CE,Combined TRACON& Tower with Radar,2,0,21,1,24,0,0,11,0,11,2,0,32,1,35,24,0,24,59
12/19/2011,YNG,OH,AGL,CE,Combined TRACON& Tower with Radar,2,1,6,23,32,0,0,6,3,9,2,1,12,26,41,22,38,60,101
12/20/2011,YNG,OH,AGL,CE,Combined TRACON& Tower with Radar,0,2,5,4,11,0,0,0,0,0,0,2,5,4,11,0,0,0,11
12/21/2011,YNG,OH,AGL,CE,Combined TRACON& Tower with Radar,0,5,16,28,49,0,0,0,0,0,0,5,16,28,49,4,14,18,67
12/22/2011,YNG,OH,AGL,CE,Combined TRACON& Tower with Radar,2,4,16,18,40,0,0,1,0,1,2,4,17,18,41,2,48,50,91
12/23/2011,YNG,OH,AGL,CE,Combined TRACON& Tower with Radar,2,1,17,0,20,0,0,0,0,0,2,1,17,0,20,24,0,24,44
12/24/2011,YNG,OH,AGL,CE,Combined TRACON& Tower with Radar,0,0,6,0,6,0,0,10,0,10,0,0,16,0,16,0,0,0,16
12/25/2011,YNG,OH,AGL,CE,Combined TRACON& Tower with Radar,2,0,1,0,3,0,0,9,0,9,2,0,10,0,12,10,0,10,22
12/26/2011,YNG,OH,AGL,CE,Combined TRACON& Tower with Radar,2,1,18,0,21,0,0,45,0,45,2,1,63,0,66,40,2,42,108
12/27/2011,YNG,OH,AGL,CE,Combined TRACON& Tower with Radar,2,3,9,0,14,0,0,1,0,1,2,3,10,0,15,0,0,0,15
12/28/2011,YNG,OH,AGL,CE,Combined TRACON& Tower with Radar,2,5,5,16,28,0,0,0,0,0,2,5,5,16,28,0,8,8,36
12/29/2011,YNG,OH,AGL,CE,Combined TRACON& Tower with Radar,2,0,9,19,30,0,0,14,1,15,2,0,23,20,45,14,6,20,65
12/30/2011,YNG,OH,AGL,CE,Combined TRACON& Tower with Radar,2,6,12,0,20,0,0,20,0,20,2,6,32,0,40,18,0,18,58
12/31/2011,YNG,OH,AGL,CE,Combined TRACON& Tower with Radar,0,2,9,0,11,0,0,0,0,0,0,2,9,0,11,0,0,0,11
01/01/2012,YNG,OH,AGL,CE,Combined TRACON& Tower with Radar,2,0,4,0,6,0,0,0,0,0,2,0,4,0,6,0,0,0,6
01/02/2012,YNG,OH,AGL,CE,Combined TRACON& Tower with Radar,1,0,1,0,2,0,0,0,0,0,1,0,1,0,2,0,0,0,2
01/03/2012,YNG,OH,AGL,CE,Combined TRACON& Tower with Radar,0,4,5,0,9,0,0,0,0,0,0,4,5,0,9,0,0,0,9
01/04/2012,YNG,OH,AGL,CE,Combined TRACON& Tower with Radar,0,4,26,54,84,0,0,11,0,11,0,4,37,54,95,16,84,100,195
01/05/2012,YNG,OH,AGL,CE,Combined TRACON& Tower with Radar,3,0,24,18,45,0,2,17,2,21,3,2,41,20,66,4,22,26,92
01/06/2012,YNG,OH,AGL,CE,Combined TRACON& Tower with Radar,4,2,11,8,25,0,0,18,0,18,4,2,29,8,43,44,8,52,95
01/07/2012,YNG,OH,AGL,CE,Combined TRACON& Tower with Radar,0,0,22,0,22,0,0,21,0,21,0,0,43,0,43,0,0,0,43
01/08/2012,YNG,OH,AGL,CE,Combined TRACON& Tower with Radar,3,2,14,6,25,0,0,25,4,29,3,2,39,10,54,18,30,48,102
01/09/2012,YNG,OH,AGL,CE,Combined TRACON& Tower with Radar,2,0,15,16,33,0,0,27,11,38,2,0,42,27,71,10,58,68,139
01/10/2012,YNG,OH,AGL,CE,Combined TRACON& Tower with Radar,5,0,30,8,43,0,0,33,6,39,5,0,63,14,82,44,42,86,168
01/11/2012,YNG,OH,AGL,CE,Combined TRACON& Tower with Radar,0,4,19,42,65,0,1,7,1,9,0,5,26,43,74,44,46,90,164
01/12/2012,YNG,OH,AGL,CE,Combined TRACON& Tower with Radar,2,4,8,8,22,0,0,0,0,0,2,4,8,8,22,0,0,0,22
01/13/2012,YNG,OH,AGL,CE,Combined TRACON& Tower with Radar,4,0,4,0,8,0,0,0,0,0,4,0,4,0,8,0,0,0,8
01/14/2012,YNG,OH,AGL,CE,Combined TRACON& Tower with Radar,0,2,1,1,4,0,0,0,0,0,0,2,1,1,4,0,0,0,4
01/15/2012,YNG,OH,AGL,CE,Combined TRACON& Tower with Radar,4,2,17,0,23,0,0,23,0,23,4,2,40,0,46,8,0,8,54
01/16/2012,YNG,OH,AGL,CE,Combined TRACON& Tower with Radar,2,0,14,0,16,0,0,15,0,15,2,0,29,0,31,6,0,6,37
01/17/2012,YNG,OH,AGL,CE,Combined TRACON& Tower with Radar,2,0,7,0,9,0,0,0,0,0,2,0,7,0,9,4,8,12,21
01/18/2012,YNG,OH,AGL,CE,Combined TRACON& Tower with Radar,0,4,21,3,28,0,0,6,0,6,0,4,27,3,34,0,0,0,34
01/19/2012,YNG,OH,AGL,CE,Combined TRACON& Tower with Radar,3,10,10,4,27,0,0,1,0,1,3,10,11,4,28,0,0,0,28
01/20/2012,YNG,OH,AGL,CE,Combined TRACON& Tower with Radar,4,4,7,1,16,0,0,6,0,6,4,4,13,1,22,14,0,14,36
01/21/2012,YNG,OH,AGL,CE,Combined TRACON& Tower with Radar,0,2,0,0,2,0,0,0,0,0,0,2,0,0,2,0,0,0,2
01/22/2012,YNG,OH,AGL,CE,Combined TRACON& Tower with Radar,4,6,37,1,48,0,0,14,0,14,4,6,51,1,62,32,0,32,94
01/23/2012,YNG,OH,AGL,CE,Combined TRACON& Tower with Radar,2,8,18,3,31,0,0,0,0,0,2,8,18,3,31,0,0,0,31
01/24/2012,YNG,OH,AGL,CE,Combined TRACON& Tower with Radar,0,10,9,12,31,0,0,0,1,1,0,10,9,13,32,0,48,48,80
01/25/2012,YNG,OH,AGL,CE,Combined TRACON& Tower with Radar,0,4,34,2,40,0,0,9,0,9,0,4,43,2,49,4,6,10,59
01/26/2012,YNG,OH,AGL,CE,Combined TRACON& Tower with Radar,2,3,12,2,19,0,0,0,0,0,2,3,12,2,19,0,0,0,19
01/27/2012,YNG,OH,AGL,CE,Combined TRACON& Tower with Radar,2,0,25,4,31,0,0,0,0,0,2,0,25,4,31,0,0,0,31
01/28/2012,YNG,OH,AGL,CE,Combined TRACON& Tower with Radar,0,1,1,0,2,0,4,2,0,6,0,5,3,0,8,0,0,0,8
01/29/2012,YNG,OH,AGL,CE,Combined TRACON& Tower with Radar,2,2,7,1,12,0,0,8,0,8,2,2,15,1,20,16,0,16,36
01/30/2012,YNG,OH,AGL,CE,Combined TRACON& Tower with Radar,2,3,24,42,71,0,0,4,1,5,2,3,28,43,76,0,36,36,112
01/31/2012,YNG,OH,AGL,CE,Combined TRACON& Tower with Radar,0,4,13,10,27,0,1,8,1,10,0,5,21,11,37,14,26,40,77
02/01/2012,YNG,OH,AGL,CE,Combined TRACON& Tower with Radar,0,1,18,38,57,0,0,12,4,16,0,1,30,42,73,14,74,88,161
02/02/2012,YNG,OH,AGL,CE,Combined TRACON& Tower with Radar,2,9,14,25,50,0,0,3,1,4,2,9,17,26,54,0,60,60,114
02/03/2012,YNG,OH,AGL,CE,Combined TRACON& Tower with Radar,2,2,49,16,69,0,0,47,0,47,2,2,96,16,116,44,56,100,216
02/04/2012,YNG,OH,AGL,CE,Combined TRACON& Tower with Radar,2,0,13,1,16,0,2,1,0,3,2,2,14,1,19,0,0,0,19
02/05/2012,YNG,OH,AGL,CE,Combined TRACON& Tower with Radar,2,1,25,16,44,0,1,35,2,38,2,2,60,18,82,40,22,62,144
02/06/2012,YNG,OH,AGL,CE,Combined TRACON& Tower with Radar,3,2,24,6,35,0,0,26,0,26,3,2,50,6,61,50,18,68,129
02/07/2012,YNG,OH,AGL,CE,Combined TRACON& Tower with Radar,1,3,10,19,33,0,4,0,0,4,1,7,10,19,37,2,2,4,41
02/08/2012,YNG,OH,AGL,CE,Combined TRACON& Tower with Radar,0,4,6,10,20,0,0,0,0,0,0,4,6,10,20,0,6,6,26
02/09/2012,YNG,OH,AGL,CE,Combined TRACON& Tower with Radar,4,2,29,14,49,0,0,24,4,28,4,2,53,18,77,30,60,90,167
02/10/2012,YNG,OH,AGL,CE,Combined TRACON& Tower with Radar,4,3,18,19,44,0,0,3,0,3,4,3,21,19,47,12,30,42,89
02/11/2012,YNG,OH,AGL,CE,Combined TRACON& Tower with Radar,0,4,3,0,7,0,0,0,0,0,0,4,3,0,7,0,0,0,7
02/12/2012,YNG,OH,AGL,CE,Combined TRACON& Tower with Radar,5,2,7,1,15,0,0,0,0,0,5,2,7,1,15,0,0,0,15
02/13/2012,YNG,OH,AGL,CE,Combined TRACON& Tower with Radar,3,2,22,47,74,0,0,11,1,12,3,2,33,48,86,10,58,68,154
02/14/2012,YNG,OH,AGL,CE,Combined TRACON& Tower with Radar,0,1,7,26,34,0,0,0,0,0,0,1,7,26,34,0,8,8,42
02/15/2012,YNG,OH,AGL,CE,Combined TRACON& Tower with Radar,2,1,28,43,74,0,0,7,3,10,2,1,35,46,84,6,48,54,138
02/16/2012,YNG,OH,AGL,CE,Combined TRACON& Tower with Radar,2,7,20,8,37,0,0,0,0,0,2,7,20,8,37,0,0,0,37
02/17/2012,YNG,OH,AGL,CE,Combined TRACON& Tower with Radar,0,7,17,5,29,0,1,18,0,19,0,8,35,5,48,52,24,76,124
02/18/2012,YNG,OH,AGL,CE,Combined TRACON& Tower with Radar,2,4,10,0,16,0,0,3,0,3,2,4,13,0,19,18,0,18,37
02/19/2012,YNG,OH,AGL,CE,Combined TRACON& Tower with Radar,2,0,16,0,18,0,0,11,0,11,2,0,27,0,29,12,0,12,41
02/20/2012,YNG,OH,AGL,CE,Combined TRACON& Tower with Radar,0,2,28,0,30,0,0,22,0,22,0,2,50,0,52,34,0,34,86
02/21/2012,YNG,OH,AGL,CE,Combined TRACON& Tower with Radar,0,6,11,6,23,0,1,1,3,5,0,7,12,9,28,0,4,4,32
02/22/2012,YNG,OH,AGL,CE,Combined TRACON& Tower with Radar,4,7,21,29,61,0,0,9,0,9,4,7,30,29,70,8,72,80,150
02/23/2012,YNG,OH,AGL,CE,Combined TRACON& Tower with Radar,1,9,14,15,39,0,0,2,1,3,1,9,16,16,42,16,36,52,94
02/24/2012,YNG,OH,AGL,CE,Combined TRACON& Tower with Radar,0,2,10,0,12,0,0,0,0,0,0,2,10,0,12,0,0,0,12
02/25/2012,YNG,OH,AGL,CE,Combined TRACON& Tower with Radar,2,1,2,0,5,0,0,0,0,0,2,1,2,0,5,0,0,0,5
02/26/2012,YNG,OH,AGL,CE,Combined TRACON& Tower with Radar,2,1,25,0,28,0,0,29,0,29,2,1,54,0,57,68,0,68,125
02/27/2012,YNG,OH,AGL,CE,Combined TRACON& Tower with Radar,0,2,20,22,44,0,0,4,4,8,0,2,24,26,52,30,26,56,108
02/28/2012,YNG,OH,AGL,CE,Combined TRACON& Tower with Radar,0,3,32,11,46,0,2,28,2,32,0,5,60,13,78,18,18,36,114
02/29/2012,YNG,OH,AGL,CE,Combined TRACON& Tower with Radar,2,5,5,6,18,0,0,0,0,0,2,5,5,6,18,0,0,0,18
03/01/2012,YNG,OH,AGL,CE,Combined TRACON& Tower with Radar,2,10,17,32,61,0,0,0,4,4,2,10,17,36,65,0,0,0,65
03/02/2012,YNG,OH,AGL,CE,Combined TRACON& Tower with Radar,2,1,23,19,45,0,0,7,3,10,2,1,30,22,55,4,42,46,101
03/03/2012,YNG,OH,AGL,CE,Combined TRACON& Tower with Radar,2,2,4,0,8,0,0,2,0,2,2,2,6,0,10,0,0,0,10
03/04/2012,YNG,OH,AGL,CE,Combined TRACON& Tower with Radar,3,1,2,3,9,0,0,0,0,0,3,1,2,3,9,0,0,0,9
03/05/2012,YNG,OH,AGL,CE,Combined TRACON& Tower with Radar,1,7,8,23,39,0,4,3,0,7,1,11,11,23,46,0,20,20,66
03/06/2012,YNG,OH,AGL,CE,Combined TRACON& Tower with Radar,0,3,11,8,22,0,0,17,4,21,0,3,28,12,43,6,2,8,51
03/07/2012,YNG,OH,AGL,CE,Combined TRACON& Tower with Radar,2,5,17,31,55,0,0,3,3,6,2,5,20,34,61,0,72,72,133
03/08/2012,YNG,OH,AGL,CE,Combined TRACON& Tower with Radar,3,3,21,23,50,0,4,0,1,5,3,7,21,24,55,0,0,0,55
03/09/2012,YNG,OH,AGL,CE,Combined TRACON& Tower with Radar,0,3,21,4,28,0,0,1,0,1,0,3,22,4,29,14,4,18,47
03/10/2012,YNG,OH,AGL,CE,Combined TRACON& Tower with Radar,2,2,14,0,18,0,0,39,0,39,2,2,53,0,57,40,0,40,97
03/11/2012,YNG,OH,AGL,CE,Combined TRACON& Tower with Radar,2,2,25,0,29,0,0,26,0,26,2,2,51,0,55,16,0,16,71
03/12/2012,YNG,OH,AGL,CE,Combined TRACON& Tower with Radar,0,5,22,29,56,0,0,1,0,1,0,5,23,29,57,0,8,8,65
03/13/2012,YNG,OH,AGL,CE,Combined TRACON& Tower with Radar,0,1,18,13,32,0,0,7,1,8,0,1,25,14,40,0,0,0,40
03/14/2012,YNG,OH,AGL,CE,Combined TRACON& Tower with Radar,2,5,27,22,56,0,0,33,4,37,2,5,60,26,93,62,50,112,205
03/15/2012,YNG,OH,AGL,CE,Combined TRACON& Tower with Radar,4,7,20,13,44,0,0,6,4,10,4,7,26,17,54,2,20,22,76
03/16/2012,YNG,OH,AGL,CE,Combined TRACON& Tower with Radar,0,4,18,9,31,0,2,17,0,19,0,6,35,9,50,14,8,22,72
03/17/2012,YNG,OH,AGL,CE,Combined TRACON& Tower with Radar,2,1,24,0,27,0,1,45,0,46,2,2,69,0,73,22,0,22,95
03/18/2012,YNG,OH,AGL,CE,Combined TRACON& Tower with Radar,2,3,7,0,12,0,0,13,0,13,2,3,20,0,25,24,0,24,49
03/19/2012,YNG,OH,AGL,CE,Combined TRACON& Tower with Radar,2,3,31,35,71,0,0,7,4,11,2,3,38,39,82,0,88,88,170
03/20/2012,YNG,OH,AGL,CE,Combined TRACON& Tower with Radar,0,3,26,33,62,0,1,33,2,36,0,4,59,35,98,16,62,78,176
03/21/2012,YNG,OH,AGL,CE,Combined TRACON& Tower with Radar,2,7,40,34,83,0,5,55,4,64,2,12,95,38,147,48,50,98,245
03/22/2012,YNG,OH,AGL,CE,Combined TRACON& Tower with Radar,2,7,38,21,68,0,1,38,10,49,2,8,76,31,117,14,50,64,181
03/23/2012,YNG,OH,AGL,CE,Combined TRACON& Tower with Radar,0,2,11,8,21,0,1,17,0,18,0,3,28,8,39,38,2,40,79
03/24/2012,YNG,OH,AGL,CE,Combined TRACON& Tower with Radar,2,0,13,0,15,0,0,0,0,0,2,0,13,0,15,8,0,8,23
03/25/2012,YNG,OH,AGL,CE,Combined TRACON& Tower with Radar,2,2,18,1,23,0,0,0,0,0,2,2,18,1,23,0,0,0,23
03/26/2012,YNG,OH,AGL,CE,Combined TRACON& Tower with Radar,0,3,11,32,46,0,0,9,5,14,0,3,20,37,60,0,54,54,114
03/27/2012,YNG,OH,AGL,CE,Combined TRACON& Tower with Radar,0,1,30,25,56,0,0,34,8,42,0,1,64,33,98,48,40,88,186
03/28/2012,YNG,OH,AGL,CE,Combined TRACON& Tower with Radar,2,0,10,19,31,0,0,5,0,5,2,0,15,19,36,0,50,50,86
03/29/2012,YNG,OH,AGL,CE,Combined TRACON& Tower with Radar,2,1,20,54,77,0,0,9,7,16,2,1,29,61,93,30,48,78,171
03/30/2012,YNG,OH,AGL,CE,Combined TRACON& Tower with Radar,4,8,29,8,49,0,0,14,0,14,4,8,43,8,63,4,26,30,93
03/31/2012,YNG,OH,AGL,CE,Combined TRACON& Tower with Radar,2,4,20,0,26,0,0,2,0,2,2,4,22,0,28,6,0,6,34
04/01/2012,YNG,OH,AGL,CE,Combined TRACON& Tower with Radar,6,3,18,1,28,0,0,22,0,22,6,3,40,1,50,10,0,10,60
04/02/2012,YNG,OH,AGL,CE,Combined TRACON& Tower with Radar,0,5,23,56,84,0,0,12,1,13,0,5,35,57,97,6,74,80,177
04/03/2012,YNG,OH,AGL,CE,Combined TRACON& Tower with Radar,0,2,25,10,37,0,0,16,7,23,0,2,41,17,60,14,10,24,84
04/04/2012,YNG,OH,AGL,CE,Combined TRACON& Tower with Radar,2,3,11,48,64,0,0,13,3,16,2,3,24,51,80,14,114,128,208
04/05/2012,YNG,OH,AGL,CE,Combined TRACON& Tower with Radar,2,6,16,23,47,0,0,17,9,26,2,6,33,32,73,8,42,50,123
04/06/2012,YNG,OH,AGL,CE,Combined TRACON& Tower with Radar,2,5,23,0,30,0,1,25,0,26,2,6,48,0,56,36,0,36,92
04/07/2012,YNG,OH,AGL,CE,Combined TRACON& Tower with Radar,2,2,21,0,25,0,0,39,0,39,2,2,60,0,64,38,0,38,102
04/08/2012,YNG,OH,AGL,CE,Combined TRACON& Tower with Radar,2,0,3,0,5,0,0,3,0,3,2,0,6,0,8,0,0,0,8
04/09/2012,YNG,OH,AGL,CE,Combined TRACON& Tower with Radar,0,10,21,35,66,0,0,6,1,7,0,10,27,36,73,0,90,90,163
04/10/2012,YNG,OH,AGL,CE,Combined TRACON& Tower with Radar,2,6,7,10,25,0,0,4,3,7,2,6,11,13,32,8,13,21,53
04/11/2012,YNG,OH,AGL,CE,Combined TRACON& Tower with Radar,2,11,7,25,45,0,0,2,0,2,2,11,9,25,47,0,28,28,75
04/12/2012,YNG,OH,AGL,CE,Combined TRACON& Tower with Radar,2,3,43,31,79,0,1,17,3,21,2,4,60,34,100,24,66,90,190
04/13/2012,YNG,OH,AGL,CE,Combined TRACON& Tower with Radar,0,8,27,24,59,0,1,32,2,35,0,9,59,26,94,14,34,48,142
04/14/2012,YNG,OH,AGL,CE,Combined TRACON& Tower with Radar,2,0,26,1,29,0,0,11,1,12,2,0,37,2,41,0,20,20,61
04/15/2012,YNG,OH,AGL,CE,Combined TRACON& Tower with Radar,2,1,15,19,37,0,2,6,2,10,2,3,21,21,47,0,0,0,47
04/16/2012,YNG,OH,AGL,CE,Combined TRACON& Tower with Radar,0,2,9,10,21,0,0,1,2,3,0,2,10,12,24,0,0,0,24
04/17/2012,YNG,OH,AGL,CE,Combined TRACON& Tower with Radar,2,4,12,9,27,0,0,27,5,32,2,4,39,14,59,16,2,18,77
04/18/2012,YNG,OH,AGL,CE,Combined TRACON& Tower with Radar,2,2,26,31,61,0,3,20,15,38,2,5,46,46,99,16,84,100,199
04/19/2012,YNG,OH,AGL,CE,Combined TRACON& Tower with Radar,2,0,28,30,60,0,2,28,11,41,2,2,56,41,101,12,52,64,165
04/20/2012,YNG,OH,AGL,CE,Combined TRACON& Tower with Radar,0,0,20,3,23,0,0,16,1,17,0,0,36,4,40,6,0,6,46
04/21/2012,YNG,OH,AGL,CE,Combined TRACON& Tower with Radar,2,2,6,0,10,0,0,0,0,0,2,2,6,0,10,0,0,0,10
04/22/2012,YNG,OH,AGL,CE,Combined TRACON& Tower with Radar,4,2,22,1,29,0,4,10,0,14,4,6,32,1,43,0,0,0,43
04/23/2012,YNG,OH,AGL,CE,Combined TRACON& Tower with Radar,0,2,7,38,47,0,0,0,0,0,0,2,7,38,47,0,54,54,101
04/24/2012,YNG,OH,AGL,CE,Combined TRACON& Tower with Radar,2,13,7,25,47,0,0,7,4,11,2,13,14,29,58,4,30,34,92
04/25/2012,YNG,OH,AGL,CE,Combined TRACON& Tower with Radar,2,6,17,37,62,0,0,28,1,29,2,6,45,38,91,14,42,56,147
04/26/2012,YNG,OH,AGL,CE,Combined TRACON& Tower with Radar,2,5,12,13,32,0,0,1,4,5,2,5,13,17,37,0,60,60,97
04/27/2012,YNG,OH,AGL,CE,Combined TRACON& Tower with Radar,4,0,18,6,28,0,0,15,0,15,4,0,33,6,43,4,10,14,57
04/28/2012,YNG,OH,AGL,CE,Combined TRACON& Tower with Radar,2,1,12,0,15,0,0,14,0,14,2,1,26,0,29,18,0,18,47
04/29/2012,YNG,OH,AGL,CE,Combined TRACON& Tower with Radar,6,6,19,2,33,0,0,44,0,44,6,6,63,2,77,66,0,66,143
04/30/2012,YNG,OH,AGL,CE,Combined TRACON& Tower with Radar,0,3,19,54,76,0,0,13,5,18,0,3,32,59,94,10,84,94,188
05/01/2012,YNG,OH,AGL,CE,Combined TRACON& Tower with Radar,0,0,29,32,61,0,0,3,2,5,0,0,32,34,66,14,18,32,98
05/02/2012,YNG,OH,AGL,CE,Combined TRACON& Tower with Radar,2,5,14,38,59,0,0,7,1,8,2,5,21,39,67,6,86,92,159
05/03/2012,YNG,OH,AGL,CE,Combined TRACON& Tower with Radar,2,3,26,13,44,0,3,19,8,30,2,6,45,21,74,36,58,94,168
05/04/2012,YNG,OH,AGL,CE,Combined TRACON& Tower with Radar,0,4,23,4,31,0,0,18,5,23,0,4,41,9,54,8,6,14,68
05/05/2012,YNG,OH,AGL,CE,Combined TRACON& Tower with Radar,2,1,23,0,26,0,0,11,0,11,2,1,34,0,37,8,0,8,45
05/06/2012,YNG,OH,AGL,CE,Combined TRACON& Tower with Radar,2,2,23,5,32,0,0,31,0,31,2,2,54,5,63,48,0,48,111
05/07/2012,YNG,OH,AGL,CE,Combined TRACON& Tower with Radar,0,0,22,16,38,0,0,5,0,5,0,0,27,16,43,2,6,8,51
05/08/2012,YNG,OH,AGL,CE,Combined TRACON& Tower with Radar,0,2,30,23,55,0,0,0,0,0,0,2,30,23,55,0,22,22,77
05/09/2012,YNG,OH,AGL,CE,Combined TRACON& Tower with Radar,2,5,30,10,47,0,0,21,0,21,2,5,51,10,68,2,26,28,96
05/10/2012,YNG,OH,AGL,CE,Combined TRACON& Tower with Radar,2,9,6,18,35,0,0,3,2,5,2,9,9,20,40,0,26,26,66
05/11/2012,YNG,OH,AGL,CE,Combined TRACON& Tower with Radar,0,5,10,7,22,0,4,11,0,15,0,9,21,7,37,4,0,4,41
05/12/2012,YNG,OH,AGL,CE,Combined TRACON& Tower with Radar,2,2,16,12,32,0,0,29,1,30,2,2,45,13,62,20,4,24,86
05/13/2012,YNG,OH,AGL,CE,Combined TRACON& Tower with Radar,2,2,7,2,13,0,0,3,0,3,2,2,10,2,16,0,0,0,16
05/14/2012,YNG,OH,AGL,CE,Combined TRACON& Tower with Radar,0,3,9,22,34,0,0,15,1,16,0,3,24,23,50,10,40,50,100
05/15/2012,YNG,OH,AGL,CE,Combined TRACON& Tower with Radar,0,0,18,19,37,0,0,21,5,26,0,0,39,24,63,44,48,92,155
05/16/2012,YNG,OH,AGL,CE,Combined TRACON& Tower with Radar,0,3,21,34,58,0,1,9,7,17,0,4,30,41,75,0,66,66,141
05/17/2012,YNG,OH,AGL,CE,Combined TRACON& Tower with Radar,6,2,24,9,41,0,0,25,6,31,6,2,49,15,72,52,78,130,202
05/18/2012,YNG,OH,AGL,CE,Combined TRACON& Tower with Radar,4,1,13,20,38,0,0,31,2,33,4,1,44,22,71,6,44,50,121
05/19/2012,YNG,OH,AGL,CE,Combined TRACON& Tower with Radar,3,0,8,0,11,0,0,26,2,28,3,0,34,2,39,4,0,4,43
05/20/2012,YNG,OH,AGL,CE,Combined TRACON& Tower with Radar,5,1,12,2,20,0,0,24,0,24,5,1,36,2,44,14,0,14,58
05/21/2012,YNG,OH,AGL,CE,Combined TRACON& Tower with Radar,3,5,21,35,64,0,0,5,3,8,3,5,26,38,72,12,34,46,118
05/22/2012,YNG,OH,AGL,CE,Combined TRACON& Tower with Radar,0,8,15,21,44,0,2,7,7,16,0,10,22,28,60,20,44,64,124
05/23/2012,YNG,OH,AGL,CE,Combined TRACON& Tower with Radar,0,2,34,28,64,0,0,26,6,32,0,2,60,34,96,34,32,66,162
05/24/2012,YNG,OH,AGL,CE,Combined TRACON& Tower with Radar,5,3,21,10,39,0,0,19,7,26,5,3,40,17,65,0,12,12,77
05/25/2012,YNG,OH,AGL,CE,Combined TRACON& Tower with Radar,3,1,14,10,28,0,0,11,0,11,3,1,25,10,39,0,10,10,49
05/26/2012,YNG,OH,AGL,CE,Combined TRACON& Tower with Radar,0,6,21,0,27,0,2,21,0,23,0,8,42,0,50,12,0,12,62
05/27/2012,YNG,OH,AGL,CE,Combined TRACON& Tower with Radar,6,4,4,0,14,0,0,12,0,12,6,4,16,0,26,26,0,26,52
05/28/2012,YNG,OH,AGL,CE,Combined TRACON& Tower with Radar,2,0,16,3,21,0,2,15,1,18,2,2,31,4,39,6,0,6,45
05/29/2012,YNG,OH,AGL,CE,Combined TRACON& Tower with Radar,0,2,13,5,20,0,0,4,1,5,0,2,17,6,25,0,0,0,25
05/30/2012,YNG,OH,AGL,CE,Combined TRACON& Tower with Radar,2,0,32,31,65,0,4,17,2,23,2,4,49,33,88,36,58,94,182
05/31/2012,YNG,OH,AGL,CE,Combined TRACON& Tower with Radar,4,7,17,20,48,0,2,35,5,42,4,9,52,25,90,20,58,78,168
06/01/2012,YNG,OH,AGL,CE,Combined TRACON& Tower with Radar,2,4,16,16,38,0,0,0,0,0,2,4,16,16,38,0,0,0,38
06/02/2012,YNG,OH,AGL,CE,Combined TRACON& Tower with Radar,2,1,10,0,13,0,0,8,0,8,2,1,18,0,21,10,0,10,31
06/03/2012,YNG,OH,AGL,CE,Combined TRACON& Tower with Radar,4,2,23,19,48,0,0,9,9,18,4,2,32,28,66,4,10,14,80
06/04/2012,YNG,OH,AGL,CE,Combined TRACON& Tower with Radar,2,5,16,36,59,0,0,14,3,17,2,5,30,39,76,24,62,86,162
06/05/2012,YNG,OH,AGL,CE,Combined TRACON& Tower with Radar,0,5,14,14,33,0,1,6,5,12,0,6,20,19,45,6,10,16,61
06/06/2012,YNG,OH,AGL,CE,Combined TRACON& Tower with Radar,0,6,26,14,46,0,1,21,2,24,0,7,47,16,70,10,22,32,102
06/07/2012,YNG,OH,AGL,CE,Combined TRACON& Tower with Radar,4,3,20,13,40,0,0,43,7,50,4,3,63,20,90,38,0,38,128
06/08/2012,YNG,OH,AGL,CE,Combined TRACON& Tower with Radar,4,3,25,4,36,0,2,29,0,31,4,5,54,4,67,14,0,14,81
06/09/2012,YNG,OH,AGL,CE,Combined TRACON& Tower with Radar,0,2,19,0,21,0,2,38,0,40,0,4,57,0,61,8,0,8,69
06/10/2012,YNG,OH,AGL,CE,Combined TRACON& Tower with Radar,5,0,14,2,21,0,0,25,0,25,5,0,39,2,46,18,0,18,64
06/11/2012,YNG,OH,AGL,CE,Combined TRACON& Tower with Radar,2,7,24,43,76,0,0,14,0,14,2,7,38,43,90,20,64,84,174
06/12/2012,YNG,OH,AGL,CE,Combined TRACON& Tower with Radar,1,0,21,8,30,0,0,6,3,9,1,0,27,11,39,0,4,4,43
06/13/2012,YNG,OH,AGL,CE,Combined TRACON& Tower with Radar,0,4,18,30,52,0,0,25,4,29,0,4,43,34,81,6,32,38,119
06/14/2012,YNG,OH,AGL,CE,Combined TRACON& Tower with Radar,4,3,21,37,65,0,0,17,6,23,4,3,38,43,88,8,60,68,156
06/15/2012,YNG,OH,AGL,CE,Combined TRACON& Tower with Radar,2,2,14,3,21,0,0,28,1,29,2,2,42,4,50,42,0,42,92
06/16/2012,YNG,OH,AGL,CE,Combined TRACON& Tower with Radar,0,0,21,0,21,0,0,27,0,27,0,0,48,0,48,22,0,22,70
06/17/2012,YNG,OH,AGL,CE,Combined TRACON& Tower with Radar,4,1,6,1,12,0,0,1,0,1,4,1,7,1,13,12,0,12,25
06/18/2012,YNG,OH,AGL,CE,Combined TRACON& Tower with Radar,2,8,31,35,76,0,0,3,0,3,2,8,34,35,79,20,36,56,135
06/19/2012,YNG,OH,AGL,CE,Combined TRACON& Tower with Radar,0,3,16,23,42,0,2,24,9,35,0,5,40,32,77,14,28,42,119
06/20/2012,YNG,OH,AGL,CE,Combined TRACON& Tower with Radar,0,3,32,24,59,0,0,22,2,24,0,3,54,26,83,44,48,92,175
06/21/2012,YNG,OH,AGL,CE,Combined TRACON& Tower with Radar,4,5,18,31,58,0,0,11,5,16,4,5,29,36,74,12,70,82,156
06/22/2012,YNG,OH,AGL,CE,Combined TRACON& Tower with Radar,4,6,20,8,38,0,4,33,0,37,4,10,53,8,75,20,0,20,95
06/23/2012,YNG,OH,AGL,CE,Combined TRACON& Tower with Radar,1,4,30,0,35,0,2,38,0,40,1,6,68,0,75,34,0,34,109
06/24/2012,YNG,OH,AGL,CE,Combined TRACON& Tower with Radar,1,8,14,3,26,0,2,26,0,28,1,10,40,3,54,44,0,44,98
06/25/2012,YNG,OH,AGL,CE,Combined TRACON& Tower with Radar,8,2,14,35,59,0,0,2,1,3,8,2,16,36,62,0,54,54,116
06/26/2012,YNG,OH,AGL,CE,Combined TRACON& Tower with Radar,2,3,8,18,31,0,0,22,7,29,2,3,30,25,60,40,30,70,130
06/27/2012,YNG,OH,AGL,CE,Combined TRACON& Tower with Radar,0,2,21,33,56,0,0,21,7,28,0,2,42,40,84,6,66,72,156
06/28/2012,YNG,OH,AGL,CE,Combined TRACON& Tower with Radar,4,2,33,17,56,0,0,12,14,26,4,2,45,31,82,6,58,64,146
06/29/2012,YNG,OH,AGL,CE,Combined TRACON& Tower with Radar,9,2,8,14,33,0,0,11,2,13,9,2,19,16,46,2,24,26,72
06/30/2012,YNG,OH,AGL,CE,Combined TRACON& Tower with Radar,1,4,6,0,11,0,2,8,0,10,1,6,14,0,21,24,0,24,45
07/01/2012,YNG,OH,AGL,CE,Combined TRACON& Tower with Radar,7,0,15,1,23,0,0,18,0,18,7,0,33,1,41,32,10,42,83
07/02/2012,YNG,OH,AGL,CE,Combined TRACON& Tower with Radar,4,11,12,45,72,0,0,17,3,20,4,11,29,48,92,18,112,130,222
07/03/2012,YNG,OH,AGL,CE,Combined TRACON& Tower with Radar,0,4,13,8,25,0,0,6,2,8,0,4,19,10,33,8,0,8,41
07/04/2012,YNG,OH,AGL,CE,Combined TRACON& Tower with Radar,0,1,7,0,8,0,0,3,0,3,0,1,10,0,11,18,0,18,29
07/05/2012,YNG,OH,AGL,CE,Combined TRACON& Tower with Radar,4,5,18,17,44,0,0,7,6,13,4,5,25,23,57,18,18,36,93
07/06/2012,YNG,OH,AGL,CE,Combined TRACON& Tower with Radar,4,3,11,5,23,0,0,10,3,13,4,3,21,8,36,12,0,12,48
07/07/2012,YNG,OH,AGL,CE,Combined TRACON& Tower with Radar,2,0,17,1,20,0,0,10,0,10,2,0,27,1,30,26,0,26,56
07/08/2012,YNG,OH,AGL,CE,Combined TRACON& Tower with Radar,4,1,24,7,36,0,0,15,1,16,4,1,39,8,52,38,0,38,90
07/09/2012,YNG,OH,AGL,CE,Combined TRACON& Tower with Radar,4,1,14,37,56,0,0,13,5,18,4,1,27,42,74,0,52,52,126
07/10/2012,YNG,OH,AGL,CE,Combined TRACON& Tower with Radar,2,6,13,5,26,0,0,17,4,21,2,6,30,9,47,40,0,40,87
07/11/2012,YNG,OH,AGL,CE,Combined TRACON& Tower with Radar,0,2,15,26,43,0,0,27,11,38,0,2,42,37,81,14,50,64,145
07/12/2012,YNG,OH,AGL,CE,Combined TRACON& Tower with Radar,4,0,30,26,60,0,2,27,4,33,4,2,57,30,93,16,42,58,151
07/13/2012,YNG,OH,AGL,CE,Combined TRACON& Tower with Radar,6,0,14,10,30,0,0,18,2,20,6,0,32,12,50,25,40,65,115
07/14/2012,YNG,OH,AGL,CE,Combined TRACON& Tower with Radar,0,0,9,0,9,0,0,5,2,7,0,0,14,2,16,18,0,18,34
07/15/2012,YNG,OH,AGL,CE,Combined TRACON& Tower with Radar,4,1,17,2,24,0,2,8,0,10,4,3,25,2,34,16,0,16,50
07/16/2012,YNG,OH,AGL,CE,Combined TRACON& Tower with Radar,5,0,15,50,70,0,0,17,3,20,5,0,32,53,90,34,58,92,182
07/17/2012,YNG,OH,AGL,CE,Combined TRACON& Tower with Radar,0,1,19,10,30,0,0,18,4,22,0,1,37,14,52,32,2,34,86
07/18/2012,YNG,OH,AGL,CE,Combined TRACON& Tower with Radar,0,10,12,25,47,0,3,9,5,17,0,13,21,30,64,32,52,84,148
07/19/2012,YNG,OH,AGL,CE,Combined TRACON& Tower with Radar,4,0,13,7,24,0,0,0,1,1,4,0,13,8,25,0,0,0,25
07/20/2012,YNG,OH,AGL,CE,Combined TRACON& Tower with Radar,4,10,17,14,45,0,0,1,0,1,4,10,18,14,46,0,2,2,48
07/21/2012,YNG,OH,AGL,CE,Combined TRACON& Tower with Radar,0,3,65,0,68,0,0,15,0,15,0,3,80,0,83,48,0,48,131
07/22/2012,YNG,OH,AGL,CE,Combined TRACON& Tower with Radar,4,0,18,2,24,0,0,30,0,30,4,0,48,2,54,34,0,34,88
07/23/2012,YNG,OH,AGL,CE,Combined TRACON& Tower with Radar,4,5,26,33,68,0,0,7,1,8,4,5,33,34,76,0,64,64,140
07/24/2012,YNG,OH,AGL,CE,Combined TRACON& Tower with Radar,1,1,15,19,36,0,0,8,3,11,1,1,23,22,47,16,14,30,77
07/25/2012,YNG,OH,AGL,CE,Combined TRACON& Tower with Radar,0,3,22,27,52,0,0,29,1,30,0,3,51,28,82,4,42,46,128
07/26/2012,YNG,OH,AGL,CE,Combined TRACON& Tower with Radar,5,2,18,6,31,0,0,7,1,8,5,2,25,7,39,0,0,0,39
07/27/2012,YNG,OH,AGL,CE,Combined TRACON& Tower with Radar,6,1,25,3,35,0,0,8,0,8,6,1,33,3,43,2,0,2,45
07/28/2012,YNG,OH,AGL,CE,Combined TRACON& Tower with Radar,2,2,11,0,15,0,0,0,0,0,2,2,11,0,15,2,8,10,25
07/29/2012,YNG,OH,AGL,CE,Combined TRACON& Tower with Radar,6,2,34,6,48,0,1,23,1,25,6,3,57,7,73,50,8,58,131
07/30/2012,YNG,OH,AGL,CE,Combined TRACON& Tower with Radar,4,8,25,24,61,0,0,23,2,25,4,8,48,26,86,38,44,82,168
07/31/2012,YNG,OH,AGL,CE,Combined TRACON& Tower with Radar,0,2,24,13,39,0,4,28,3,35,0,6,52,16,74,50,4,54,128
08/01/2012,YNG,OH,AGL,CE,Combined TRACON& Tower with Radar,0,3,16,13,32,0,0,21,7,28,0,3,37,20,60,4,42,46,106
08/02/2012,YNG,OH,AGL,CE,Combined TRACON& Tower with Radar,6,9,38,29,82,0,0,41,7,48,6,9,79,36,130,10,50,60,190
08/03/2012,YNG,OH,AGL,CE,Combined TRACON& Tower with Radar,6,6,27,18,57,0,0,26,0,26,6,6,53,18,83,26,28,54,137
08/04/2012,YNG,OH,AGL,CE,Combined TRACON& Tower with Radar,0,2,13,12,27,0,0,20,1,21,0,2,33,13,48,32,6,38,86
08/05/2012,YNG,OH,AGL,CE,Combined TRACON& Tower with Radar,8,0,11,6,25,0,0,4,0,4,8,0,15,6,29,4,0,4,33
08/06/2012,YNG,OH,AGL,CE,Combined TRACON& Tower with Radar,4,2,25,35,66,0,0,30,3,33,4,2,55,38,99,32,62,94,193
08/07/2012,YNG,OH,AGL,CE,Combined TRACON& Tower with Radar,0,1,23,25,49,0,1,27,7,35,0,2,50,32,84,66,28,94,178
08/08/2012,YNG,OH,AGL,CE,Combined TRACON& Tower with Radar,0,0,46,30,76,0,0,24,0,24,0,0,70,30,100,20,68,88,188
08/09/2012,YNG,OH,AGL,CE,Combined TRACON& Tower with Radar,4,2,16,10,32,0,0,2,1,3,4,2,18,11,35,0,6,6,41
08/10/2012,YNG,OH,AGL,CE,Combined TRACON& Tower with Radar,2,0,9,12,23,0,0,0,1,1,2,0,9,13,24,0,0,0,24
08/11/2012,YNG,OH,AGL,CE,Combined TRACON& Tower with Radar,0,1,17,0,18,0,0,0,0,0,0,1,17,0,18,0,2,2,20
08/12/2012,YNG,OH,AGL,CE,Combined TRACON& Tower with Radar,4,0,24,2,30,0,0,31,0,31,4,0,55,2,61,54,0,54,115
08/13/2012,YNG,OH,AGL,CE,Combined TRACON& Tower with Radar,2,0,17,28,47,0,0,25,1,26,2,0,42,29,73,10,16,26,99
08/14/2012,YNG,OH,AGL,CE,Combined TRACON& Tower with Radar,0,0,22,23,45,0,0,6,1,7,0,0,28,24,52,10,6,16,68
08/15/2012,YNG,OH,AGL,CE,Combined TRACON& Tower with Radar,1,7,22,46,76,0,0,21,2,23,1,7,43,48,99,8,82,90,189
08/16/2012,YNG,OH,AGL,CE,Combined TRACON& Tower with Radar,5,2,34,10,51,0,2,22,4,28,5,4,56,14,79,48,2,50,129
08/17/2012,YNG,OH,AGL,CE,Combined TRACON& Tower with Radar,0,2,8,21,31,0,0,9,0,9,0,2,17,21,40,10,16,26,66
08/18/2012,YNG,OH,AGL,CE,Combined TRACON& Tower with Radar,0,1,12,1,14,0,0,25,0,25,0,1,37,1,39,78,0,78,117
08/19/2012,YNG,OH,AGL,CE,Combined TRACON& Tower with Radar,4,6,28,1,39,0,0,26,0,26,4,6,54,1,65,22,0,22,87
08/20/2012,YNG,OH,AGL,CE,Combined TRACON& Tower with Radar,0,11,32,28,71,0,2,19,6,27,0,13,51,34,98,26,18,44,142
08/21/2012,YNG,OH,AGL,CE,Combined TRACON& Tower with Radar,0,4,20,19,43,0,0,9,3,12,0,4,29,22,55,0,10,10,65
08/22/2012,YNG,OH,AGL,CE,Combined TRACON& Tower with Radar,0,5,37,35,77,0,0,36,3,39,0,5,73,38,116,40,66,106,222
08/23/2012,YNG,OH,AGL,CE,Combined TRACON& Tower with Radar,6,2,21,25,54,0,0,28,3,31,6,2,49,28,85,10,14,24,109
08/24/2012,YNG,OH,AGL,CE,Combined TRACON& Tower with Radar,3,0,24,42,69,0,0,48,0,48,3,0,72,42,117,36,48,84,201
08/25/2012,YNG,OH,AGL,CE,Combined TRACON& Tower with Radar,3,2,27,0,32,0,0,25,0,25,3,2,52,0,57,2,0,2,59
08/26/2012,YNG,OH,AGL,CE,Combined TRACON& Tower with Radar,4,4,29,1,38,0,0,32,0,32,4,4,61,1,70,50,0,50,120
08/27/2012,YNG,OH,AGL,CE,Combined TRACON& Tower with Radar,3,1,9,24,37,0,0,0,0,0,3,1,9,24,37,0,0,0,37
08/28/2012,YNG,OH,AGL,CE,Combined TRACON& Tower with Radar,0,6,20,16,42,0,2,21,5,28,0,8,41,21,70,22,14,36,106
08/29/2012,YNG,OH,AGL,CE,Combined TRACON& Tower with Radar,0,5,14,34,53,0,1,27,1,29,0,6,41,35,82,26,80,106,188
08/30/2012,YNG,OH,AGL,CE,Combined TRACON& Tower with Radar,4,1,17,20,42,0,0,22,10,32,4,1,39,30,74,10,24,34,108
08/31/2012,YNG,OH,AGL,CE,Combined TRACON& Tower with Radar,0,3,13,5,21,0,0,17,1,18,0,3,30,6,39,8,0,8,47
09/01/2012,YNG,OH,AGL,CE,Combined TRACON& Tower with Radar,0,4,4,0,8,0,0,11,0,11,0,4,15,0,19,10,0,10,29
09/02/2012,YNG,OH,AGL,CE,Combined TRACON& Tower with Radar,4,4,8,0,16,0,0,1,0,1,4,4,9,0,17,0,0,0,17
09/03/2012,YNG,OH,AGL,CE,Combined TRACON& Tower with Radar,0,5,12,0,17,0,0,10,0,10,0,5,22,0,27,0,0,0,27
09/04/2012,YNG,OH,AGL,CE,Combined TRACON& Tower with Radar,2,3,22,3,30,0,0,0,0,0,2,3,22,3,30,0,0,0,30
09/05/2012,YNG,OH,AGL,CE,Combined TRACON& Tower with Radar,0,5,21,37,63,0,0,7,4,11,0,5,28,41,74,12,52,64,138
09/06/2012,YNG,OH,AGL,CE,Combined TRACON& Tower with Radar,4,2,20,11,37,0,0,7,1,8,4,2,27,12,45,4,8,12,57
09/07/2012,YNG,OH,AGL,CE,Combined TRACON& Tower with Radar,2,4,31,20,57,0,0,24,4,28,2,4,55,24,85,26,50,76,161
09/08/2012,YNG,OH,AGL,CE,Combined TRACON& Tower with Radar,0,0,15,0,15,0,0,0,0,0,0,0,15,0,15,14,12,26,41
09/09/2012,YNG,OH,AGL,CE,Combined TRACON& Tower with Radar,4,0,25,8,37,0,0,16,2,18,4,0,41,10,55,0,0,0,55
09/10/2012,YNG,OH,AGL,CE,Combined TRACON& Tower with Radar,0,0,34,10,44,0,2,15,3,20,0,2,49,13,64,0,0,0,64
09/11/2012,YNG,OH,AGL,CE,Combined TRACON& Tower with Radar,0,6,20,10,36,0,0,20,3,23,0,6,40,13,59,8,48,56,115
09/12/2012,YNG,OH,AGL,CE,Combined TRACON& Tower with Radar,0,2,35,45,82,0,0,29,1,30,0,2,64,46,112,20,52,72,184
09/13/2012,YNG,OH,AGL,CE,Combined TRACON& Tower with Radar,4,6,36,13,59,0,0,24,9,33,4,6,60,22,92,10,46,56,148
09/14/2012,YNG,OH,AGL,CE,Combined TRACON& Tower with Radar,0,5,20,10,35,0,0,4,0,4,0,5,24,10,39,0,14,14,53
09/15/2012,YNG,OH,AGL,CE,Combined TRACON& Tower with Radar,0,3,21,0,24,0,0,28,0,28,0,3,49,0,52,32,0,32,84
09/16/2012,YNG,OH,AGL,CE,Combined TRACON& Tower with Radar,4,3,15,1,23,0,1,45,0,46,4,4,60,1,69,28,0,28,97
09/17/2012,YNG,OH,AGL,CE,Combined TRACON& Tower with Radar,0,3,23,26,52,0,5,17,7,29,0,8,40,33,81,8,42,50,131
09/18/2012,YNG,OH,AGL,CE,Combined TRACON& Tower with Radar,0,1,28,10,39,0,0,0,2,2,0,1,28,12,41,0,2,2,43
09/19/2012,YNG,OH,AGL,CE,Combined TRACON& Tower with Radar,0,4,30,33,67,0,3,18,5,26,0,7,48,38,93,24,62,86,179
09/20/2012,YNG,OH,AGL,CE,Combined TRACON& Tower with Radar,2,6,28,11,47,0,3,18,4,25,2,9,46,15,72,34,32,66,138
09/21/2012,YNG,OH,AGL,CE,Combined TRACON& Tower with Radar,6,0,35,6,47,0,0,19,2,21,6,0,54,8,68,26,0,26,94
09/22/2012,YNG,OH,AGL,CE,Combined TRACON& Tower with Radar,1,4,19,0,24,0,0,0,0,0,1,4,19,0,24,0,0,0,24
09/23/2012,YNG,OH,AGL,CE,Combined TRACON& Tower with Radar,8,0,28,0,36,0,0,4,2,6,8,0,32,2,42,38,0,38,80
09/24/2012,YNG,OH,AGL,CE,Combined TRACON& Tower with Radar,0,5,27,20,52,0,3,22,4,29,0,8,49,24,81,22,46,68,149
09/25/2012,YNG,OH,AGL,CE,Combined TRACON& Tower with Radar,0,5,25,18,48,0,0,14,1,15,0,5,39,19,63,8,0,8,71
09/26/2012,YNG,OH,AGL,CE,Combined TRACON& Tower with Radar,0,3,19,20,42,0,0,0,0,0,0,3,19,20,42,0,2,2,44
09/27/2012,YNG,OH,AGL,CE,Combined TRACON& Tower with Radar,2,7,32,18,59,0,0,1,1,2,2,7,33,19,61,6,14,20,81
09/28/2012,YNG,OH,AGL,CE,Combined TRACON& Tower with Radar,2,6,21,0,29,0,0,17,2,19,2,6,38,2,48,22,0,22,70
09/29/2012,YNG,OH,AGL,CE,Combined TRACON& Tower with Radar,0,0,7,2,9,0,0,11,0,11,0,0,18,2,20,30,8,38,58
09/30/2012,YNG,OH,AGL,CE,Combined TRACON& Tower with Radar,2,6,33,0,41,0,0,26,0,26,2,6,59,0,67,14,0,14,81
10/01/2012,YNG,OH,AGL,CE,Combined TRACON& Tower with Radar,1,5,11,21,38,0,0,22,1,23,1,5,33,22,61,344,380,724,785
10/02/2012,YNG,OH,AGL,CE,Combined TRACON& Tower with Radar,3,4,21,12,40,0,0,0,2,2,3,4,21,14,42,314,352,666,708
10/03/2012,YNG,OH,AGL,CE,Combined TRACON& Tower with Radar,1,3,40,6,50,0,0,16,2,18,1,3,56,8,68,314,344,658,726
10/04/2012,YNG,OH,AGL,CE,Combined TRACON& Tower with Radar,3,10,17,13,43,0,0,20,2,22,3,10,37,15,65,300,336,636,701
10/05/2012,YNG,OH,AGL,CE,Combined TRACON& Tower with Radar,5,3,25,2,35,0,0,10,0,10,5,3,35,2,45,252,316,568,613
10/06/2012,YNG,OH,AGL,CE,Combined TRACON& Tower with Radar,2,2,15,0,19,0,0,6,0,6,2,2,21,0,25,0,0,0,25
10/07/2012,YNG,OH,AGL,CE,Combined TRACON& Tower with Radar,3,4,6,0,13,0,0,14,0,14,3,4,20,0,27,250,314,564,591
10/08/2012,YNG,OH,AGL,CE,Combined TRACON& Tower with Radar,1,5,28,0,34,0,1,20,0,21,1,6,48,0,55,240,314,554,609
10/09/2012,YNG,OH,AGL,CE,Combined TRACON& Tower with Radar,1,16,45,19,81,0,0,27,4,31,1,16,72,23,112,226,312,538,650
10/10/2012,YNG,OH,AGL,CE,Combined TRACON& Tower with Radar,1,2,19,24,46,0,0,4,4,8,1,2,23,28,54,190,292,482,536
10/11/2012,YNG,OH,AGL,CE,Combined TRACON& Tower with Radar,3,4,31,26,64,0,0,21,5,26,3,4,52,31,90,190,248,438,528
10/12/2012,YNG,OH,AGL,CE,Combined TRACON& Tower with Radar,5,2,22,21,50,0,0,17,1,18,5,2,39,22,68,158,174,332,400
10/13/2012,YNG,OH,AGL,CE,Combined TRACON& Tower with Radar,3,2,19,2,26,0,0,27,0,27,3,2,46,2,53,106,114,220,273
10/14/2012,YNG,OH,AGL,CE,Combined TRACON& Tower with Radar,4,1,12,4,21,0,0,4,1,5,4,1,16,5,26,74,114,188,214
10/15/2012,YNG,OH,AGL,CE,Combined TRACON& Tower with Radar,4,3,17,20,44,0,0,8,3,11,4,3,25,23,55,74,114,188,243
10/16/2012,YNG,OH,AGL,CE,Combined TRACON& Tower with Radar,1,6,47,33,87,0,0,23,1,24,1,6,70,34,111,74,70,144,255
10/17/2012,YNG,OH,AGL,CE,Combined TRACON& Tower with Radar,0,3,30,26,59,0,0,48,6,54,0,3,78,32,113,34,12,46,159
10/18/2012,YNG,OH,AGL,CE,Combined TRACON& Tower with Radar,2,1,19,13,35,0,0,3,6,9,2,1,22,19,44,0,0,0,44
10/19/2012,YNG,OH,AGL,CE,Combined TRACON& Tower with Radar,4,7,9,4,24,0,0,6,4,10,4,7,15,8,34,0,0,0,34
10/20/2012,YNG,OH,AGL,CE,Combined TRACON& Tower with Radar,2,0,24,0,26,0,0,2,0,2,2,0,26,0,28,14,0,14,42
10/21/2012,YNG,OH,AGL,CE,Combined TRACON& Tower with Radar,2,4,24,10,40,0,0,36,1,37,2,4,60,11,77,40,8,48,125
10/22/2012,YNG,OH,AGL,CE,Combined TRACON& Tower with Radar,2,4,22,27,55,0,0,42,2,44,2,4,64,29,99,58,30,88,187
10/23/2012,YNG,OH,AGL,CE,Combined TRACON& Tower with Radar,0,0,29,10,39,0,0,14,3,17,0,0,43,13,56,14,26,40,96
10/24/2012,YNG,OH,AGL,CE,Combined TRACON& Tower with Radar,0,3,28,24,55,0,0,29,0,29,0,3,57,24,84,58,66,124,208
10/25/2012,YNG,OH,AGL,CE,Combined TRACON& Tower with Radar,2,4,31,10,47,0,0,18,3,21,2,4,49,13,68,30,18,48,116
10/26/2012,YNG,OH,AGL,CE,Combined TRACON& Tower with Radar,4,6,18,25,53,0,0,10,2,12,4,6,28,27,65,0,0,0,65
10/27/2012,YNG,OH,AGL,CE,Combined TRACON& Tower with Radar,3,0,13,2,18,0,0,0,0,0,3,0,13,2,18,0,0,0,18
10/28/2012,YNG,OH,AGL,CE,Combined TRACON& Tower with Radar,3,1,9,2,15,0,0,0,0,0,3,1,9,2,15,6,0,6,21
10/29/2012,YNG,OH,AGL,CE,Combined TRACON& Tower with Radar,2,6,9,5,22,0,0,0,0,0,2,6,9,5,22,2,0,2,24
10/30/2012,YNG,OH,AGL,CE,Combined TRACON& Tower with Radar,0,3,5,2,10,0,1,0,0,1,0,4,5,2,11,0,0,0,11
10/31/2012,YNG,OH,AGL,CE,Combined TRACON& Tower with Radar,0,2,5,38,45,0,0,0,0,0,0,2,5,38,45,0,10,10,55
11/01/2012,YNG,OH,AGL,CE,Combined TRACON& Tower with Radar,3,0,24,27,54,0,0,0,0,0,3,0,24,27,54,0,14,14,68
11/02/2012,YNG,OH,AGL,CE,Combined TRACON& Tower with Radar,3,6,17,16,42,0,0,4,0,4,3,6,21,16,46,10,20,30,76
11/03/2012,YNG,OH,AGL,CE,Combined TRACON& Tower with Radar,1,0,5,2,8,0,0,1,0,1,1,0,6,2,9,0,0,0,9
11/04/2012,YNG,OH,AGL,CE,Combined TRACON& Tower with Radar,2,0,14,21,37,0,0,22,1,23,2,0,36,22,60,36,24,60,120
11/05/2012,YNG,OH,AGL,CE,Combined TRACON& Tower with Radar,2,8,16,32,58,0,0,13,2,15,2,8,29,34,73,6,50,56,129
11/06/2012,YNG,OH,AGL,CE,Combined TRACON& Tower with Radar,0,6,29,15,50,0,0,30,5,35,0,6,59,20,85,28,40,68,153
11/07/2012,YNG,OH,AGL,CE,Combined TRACON& Tower with Radar,0,3,21,28,52,0,0,15,4,19,0,3,36,32,71,32,58,90,161
11/08/2012,YNG,OH,AGL,CE,Combined TRACON& Tower with Radar,2,5,30,8,45,0,0,23,5,28,2,5,53,13,73,20,12,32,105
11/09/2012,YNG,OH,AGL,CE,Combined TRACON& Tower with Radar,4,0,35,8,47,0,0,13,0,13,4,0,48,8,60,32,0,32,92
11/10/2012,YNG,OH,AGL,CE,Combined TRACON& Tower with Radar,2,0,33,0,35,0,0,33,0,33,2,0,66,0,68,22,0,22,90
11/11/2012,YNG,OH,AGL,CE,Combined TRACON& Tower with Radar,2,5,20,1,28,0,0,37,0,37,2,5,57,1,65,152,0,152,217
11/12/2012,YNG,OH,AGL,CE,Combined TRACON& Tower with Radar,4,3,9,0,16,0,0,0,0,0,4,3,9,0,16,0,0,0,16
11/13/2012,YNG,OH,AGL,CE,Combined TRACON& Tower with Radar,0,7,49,9,65,0,1,14,4,19,0,8,63,13,84,38,0,38,122
11/14/2012,YNG,OH,AGL,CE,Combined TRACON& Tower with Radar,0,2,22,26,50,0,0,9,4,13,0,2,31,30,63,28,36,64,127
11/15/2012,YNG,OH,AGL,CE,Combined TRACON& Tower with Radar,4,3,29,24,60,0,0,17,6,23,4,3,46,30,83,10,26,36,119
11/16/2012,YNG,OH,AGL,CE,Combined TRACON& Tower with Radar,6,2,17,1,26,0,0,29,0,29,6,2,46,1,55,58,0,58,113
11/17/2012,YNG,OH,AGL,CE,Combined TRACON& Tower with Radar,0,0,25,13,38,0,1,37,1,39,0,1,62,14,77,18,8,26,103
11/18/2012,YNG,OH,AGL,CE,Combined TRACON& Tower with Radar,6,1,8,11,26,0,0,34,2,36,6,1,42,13,62,24,2,26,88
11/19/2012,YNG,OH,AGL,CE,Combined TRACON& Tower with Radar,2,5,26,31,64,0,4,30,3,37,2,9,56,34,101,30,46,76,177
11/20/2012,YNG,OH,AGL,CE,Combined TRACON& Tower with Radar,4,3,18,8,33,0,0,22,2,24,4,3,40,10,57,30,2,32,89
11/21/2012,YNG,OH,AGL,CE,Combined TRACON& Tower with Radar,0,3,21,8,32,0,0,22,4,26,0,3,43,12,58,24,8,32,90
11/22/2012,YNG,OH,AGL,CE,Combined TRACON& Tower with Radar,0,0,5,0,5,0,0,12,0,12,0,0,17,0,17,8,0,8,25
11/23/2012,YNG,OH,AGL,CE,Combined TRACON& Tower with Radar,0,0,2,0,2,0,0,0,0,0,0,0,2,0,2,0,0,0,2
11/24/2012,YNG,OH,AGL,CE,Combined TRACON& Tower with Radar,4,1,4,0,9,0,0,0,0,0,4,1,4,0,9,0,0,0,9
11/25/2012,YNG,OH,AGL,CE,Combined TRACON& Tower with Radar,2,3,20,0,25,0,0,8,0,8,2,3,28,0,33,12,0,12,45
11/26/2012,YNG,OH,AGL,CE,Combined TRACON& Tower with Radar,0,2,8,17,27,0,0,11,6,17,0,2,19,23,44,2,54,56,100
11/27/2012,YNG,OH,AGL,CE,Combined TRACON& Tower with Radar,0,3,10,15,28,0,2,6,5,13,0,5,16,20,41,20,32,52,93
11/28/2012,YNG,OH,AGL,CE,Combined TRACON& Tower with Radar,0,2,21,42,65,0,0,16,7,23,0,2,37,49,88,6,68,74,162
11/29/2012,YNG,OH,AGL,CE,Combined TRACON& Tower with Radar,2,2,20,10,34,0,0,10,3,13,2,2,30,13,47,14,6,20,67
11/30/2012,YNG,OH,AGL,CE,Combined TRACON& Tower with Radar,2,2,30,28,62,0,0,30,6,36,2,2,60,34,98,46,54,100,198
12/01/2012,YNG,OH,AGL,CE,Combined TRACON& Tower with Radar,2,0,22,1,25,0,0,37,0,37,2,0,59,1,62,30,0,30,92
12/02/2012,YNG,OH,AGL,CE,Combined TRACON& Tower with Radar,2,0,7,9,18,0,0,0,0,0,2,0,7,9,18,0,0,0,18
12/03/2012,YNG,OH,AGL,CE,Combined TRACON& Tower with Radar,4,7,19,33,63,0,1,2,2,5,4,8,21,35,68,2,62,64,132
12/04/2012,YNG,OH,AGL,CE,Combined TRACON& Tower with Radar,0,1,11,26,38,0,0,4,1,5,0,1,15,27,43,0,12,12,55
12/05/2012,YNG,OH,AGL,CE,Combined TRACON& Tower with Radar,0,4,9,32,45,0,3,2,4,9,0,7,11,36,54,8,60,68,122
12/06/2012,YNG,OH,AGL,CE,Combined TRACON& Tower with Radar,2,9,25,16,52,0,3,17,4,24,2,12,42,20,76,16,20,36,112
12/07/2012,YNG,OH,AGL,CE,Combined TRACON& Tower with Radar,2,8,5,1,16,0,0,0,0,0,2,8,5,1,16,4,0,4,20
12/08/2012,YNG,OH,AGL,CE,Combined TRACON& Tower with Radar,0,3,22,0,25,0,0,0,0,0,0,3,22,0,25,0,0,0,25
12/09/2012,YNG,OH,AGL,CE,Combined TRACON& Tower with Radar,2,7,21,0,30,0,0,4,0,4,2,7,25,0,34,2,12,14,48
12/10/2012,YNG,OH,AGL,CE,Combined TRACON& Tower with Radar,2,6,13,36,57,0,0,0,0,0,2,6,13,36,57,0,0,0,57
12/11/2012,YNG,OH,AGL,CE,Combined TRACON& Tower with Radar,0,3,22,18,43,0,0,11,3,14,0,3,33,21,57,14,16,30,87
12/12/2012,YNG,OH,AGL,CE,Combined TRACON& Tower with Radar,0,5,33,19,57,0,0,22,2,24,0,5,55,21,81,36,106,142,223
12/13/2012,YNG,OH,AGL,CE,Combined TRACON& Tower with Radar,2,3,25,26,56,0,2,26,7,35,2,5,51,33,91,40,24,64,155
12/14/2012,YNG,OH,AGL,CE,Combined TRACON& Tower with Radar,2,4,31,3,40,0,0,46,0,46,2,4,77,3,86,30,0,30,116
12/15/2012,YNG,OH,AGL,CE,Combined TRACON& Tower with Radar,0,2,21,1,24,0,0,23,0,23,0,2,44,1,47,30,0,30,77
12/16/2012,YNG,OH,AGL,CE,Combined TRACON& Tower with Radar,2,0,22,1,25,0,0,8,0,8,2,0,30,1,33,6,0,6,39
12/17/2012,YNG,OH,AGL,CE,Combined TRACON& Tower with Radar,2,8,19,65,94,0,0,0,0,0,2,8,19,65,94,8,16,24,118
12/18/2012,YNG,OH,AGL,CE,Combined TRACON& Tower with Radar,0,0,24,10,34,0,0,3,3,6,0,0,27,13,40,6,26,32,72
12/19/2012,YNG,OH,AGL,CE,Combined TRACON& Tower with Radar,0,6,20,38,64,0,0,0,0,0,0,6,20,38,64,0,34,34,98
12/20/2012,YNG,OH,AGL,CE,Combined TRACON& Tower with Radar,0,6,7,5,18,0,1,2,0,3,0,7,9,5,21,0,0,0,21
12/21/2012,YNG,OH,AGL,CE,Combined TRACON& Tower with Radar,2,0,2,0,4,0,0,0,0,0,2,0,2,0,4,0,0,0,4
12/22/2012,YNG,OH,AGL,CE,Combined TRACON& Tower with Radar,2,2,4,0,8,0,0,0,0,0,2,2,4,0,8,60,0,60,68
12/23/2012,YNG,OH,AGL,CE,Combined TRACON& Tower with Radar,2,5,22,0,29,0,0,36,0,36,2,5,58,0,65,0,0,0,65
12/24/2012,YNG,OH,AGL,CE,Combined TRACON& Tower with Radar,2,0,7,0,9,0,0,10,0,10,2,0,17,0,19,0,0,0,19
12/25/2012,YNG,OH,AGL,CE,Combined TRACON& Tower with Radar,0,0,0,0,0,0,0,4,0,4,0,0,4,0,4,0,0,0,4
12/26/2012,YNG,OH,AGL,CE,Combined TRACON& Tower with Radar,0,1,4,0,5,0,0,3,0,3,0,1,7,0,8,0,0,0,8
12/27/2012,YNG,OH,AGL,CE,Combined TRACON& Tower with Radar,2,1,7,0,10,0,0,0,0,0,2,1,7,0,10,0,0,0,10
12/28/2012,YNG,OH,AGL,CE,Combined TRACON& Tower with Radar,2,4,5,0,11,0,1,0,0,1,2,5,5,0,12,40,0,40,52
12/29/2012,YNG,OH,AGL,CE,Combined TRACON& Tower with Radar,0,3,1,0,4,0,0,0,0,0,0,3,1,0,4,0,0,0,4
12/30/2012,YNG,OH,AGL,CE,Combined TRACON& Tower with Radar,2,0,4,0,6,0,0,0,0,0,2,0,4,0,6,0,0,0,6
12/31/2012,YNG,OH,AGL,CE,Combined TRACON& Tower with Radar,2,0,6,0,8,0,0,11,0,11,2,0,17,0,19,0,0,0,19
01/01/2013,YNG,OH,AGL,CE,Combined TRACON& Tower with Radar,0,3,3,0,6,0,0,0,0,0,0,3,3,0,6,0,0,0,6
01/02/2013,YNG,OH,AGL,CE,Combined TRACON& Tower with Radar,0,0,16,36,52,0,0,3,0,3,0,0,19,36,55,0,28,28,83
01/03/2013,YNG,OH,AGL,CE,Combined TRACON& Tower with Radar,2,0,4,25,31,0,0,5,3,8,2,0,9,28,39,14,20,34,73
01/04/2013,YNG,OH,AGL,CE,Combined TRACON& Tower with Radar,3,1,20,5,29,0,0,6,0,6,3,1,26,5,35,0,2,2,37
01/05/2013,YNG,OH,AGL,CE,Combined TRACON& Tower with Radar,0,2,4,2,8,0,0,4,0,4,0,2,8,2,12,2,0,2,14
01/06/2013,YNG,OH,AGL,CE,Combined TRACON& Tower with Radar,4,3,17,1,25,0,0,5,0,5,4,3,22,1,30,0,12,12,42
01/07/2013,YNG,OH,AGL,CE,Combined TRACON& Tower with Radar,2,0,26,52,80,0,0,8,1,9,2,0,34,53,89,6,32,38,127
01/08/2013,YNG,OH,AGL,CE,Combined TRACON& Tower with Radar,0,2,18,8,28,0,0,18,7,25,0,2,36,15,53,2,4,6,59
01/09/2013,YNG,OH,AGL,CE,Combined TRACON& Tower with Radar,0,2,25,27,54,0,0,8,2,10,0,2,33,29,64,6,30,36,100
01/10/2013,YNG,OH,AGL,CE,Combined TRACON& Tower with Radar,2,0,20,21,43,0,0,17,15,32,2,0,37,36,75,10,90,100,175
01/11/2013,YNG,OH,AGL,CE,Combined TRACON& Tower with Radar,2,2,15,15,34,0,0,0,0,0,2,2,15,15,34,0,6,6,40
01/12/2013,YNG,OH,AGL,CE,Combined TRACON& Tower with Radar,0,1,31,4,36,0,0,5,2,7,0,1,36,6,43,10,0,10,53
01/13/2013,YNG,OH,AGL,CE,Combined TRACON& Tower with Radar,2,2,7,23,34,0,0,7,2,9,2,2,14,25,43,6,22,28,71
01/14/2013,YNG,OH,AGL,CE,Combined TRACON& Tower with Radar,2,2,24,34,62,0,0,6,2,8,2,2,30,36,70,4,76,80,150
01/15/2013,YNG,OH,AGL,CE,Combined TRACON& Tower with Radar,0,2,21,33,56,0,0,6,6,12,0,2,27,39,68,0,60,60,128
01/16/2013,YNG,OH,AGL,CE,Combined TRACON& Tower with Radar,0,0,14,16,30,0,0,6,1,7,0,0,20,17,37,0,30,30,67
01/17/2013,YNG,OH,AGL,CE,Combined TRACON& Tower with Radar,2,2,28,8,40,0,0,14,3,17,2,2,42,11,57,8,16,24,81
01/18/2013,YNG,OH,AGL,CE,Combined TRACON& Tower with Radar,2,5,17,0,24,0,2,14,2,18,2,7,31,2,42,24,0,24,66
01/19/2013,YNG,OH,AGL,CE,Combined TRACON& Tower with Radar,0,0,6,0,6,0,0,4,0,4,0,0,10,0,10,0,0,0,10
01/20/2013,YNG,OH,AGL,CE,Combined TRACON& Tower with Radar,2,3,1,0,6,0,0,0,0,0,2,3,1,0,6,0,0,0,6
01/21/2013,YNG,OH,AGL,CE,Combined TRACON& Tower with Radar,2,0,13,0,15,0,0,2,0,2,2,0,15,0,17,0,0,0,17
01/22/2013,YNG,OH,AGL,CE,Combined TRACON& Tower with Radar,0,0,7,11,18,0,0,0,2,2,0,0,7,13,20,0,6,6,26
01/23/2013,YNG,OH,AGL,CE,Combined TRACON& Tower with Radar,0,4,11,40,55,0,0,5,0,5,0,4,16,40,60,2,40,42,102
01/24/2013,YNG,OH,AGL,CE,Combined TRACON& Tower with Radar,4,3,21,12,40,0,0,5,5,10,4,3,26,17,50,0,0,0,50
01/25/2013,YNG,OH,AGL,CE,Combined TRACON& Tower with Radar,2,5,4,0,11,0,0,0,0,0,2,5,4,0,11,0,0,0,11
01/26/2013,YNG,OH,AGL,CE,Combined TRACON& Tower with Radar,0,1,2,13,16,0,0,0,0,0,0,1,2,13,16,0,24,24,40
01/27/2013,YNG,OH,AGL,CE,Combined TRACON& Tower with Radar,3,3,16,2,24,0,0,22,1,23,3,3,38,3,47,16,2,18,65
01/28/2013,YNG,OH,AGL,CE,Combined TRACON& Tower with Radar,2,1,6,0,9,0,0,0,0,0,2,1,6,0,9,0,0,0,9
01/29/2013,YNG,OH,AGL,CE,Combined TRACON& Tower with Radar,0,2,17,17,36,0,0,1,3,4,0,2,18,20,40,0,0,0,40
01/30/2013,YNG,OH,AGL,CE,Combined TRACON& Tower with Radar,0,6,8,24,38,0,0,1,0,1,0,6,9,24,39,0,30,30,69
01/31/2013,YNG,OH,AGL,CE,Combined TRACON& Tower with Radar,2,1,13,0,16,0,0,0,0,0,2,1,13,0,16,0,0,0,16
02/01/2013,YNG,OH,AGL,CE,Combined TRACON& Tower with Radar,4,2,8,9,23,0,0,0,0,0,4,2,8,9,23,0,26,26,49
02/02/2013,YNG,OH,AGL,CE,Combined TRACON& Tower with Radar,0,4,6,2,12,0,0,0,0,0,0,4,6,2,12,0,2,2,14
02/03/2013,YNG,OH,AGL,CE,Combined TRACON& Tower with Radar,4,0,12,8,24,0,0,1,3,4,4,0,13,11,28,2,4,6,34
02/04/2013,YNG,OH,AGL,CE,Combined TRACON& Tower with Radar,2,7,13,1,23,0,0,0,0,0,2,7,13,1,23,0,0,0,23
02/05/2013,YNG,OH,AGL,CE,Combined TRACON& Tower with Radar,0,8,16,19,43,0,0,1,3,4,0,8,17,22,47,2,28,30,77
02/06/2013,YNG,OH,AGL,CE,Combined TRACON& Tower with Radar,0,4,24,32,60,0,0,17,0,17,0,4,41,32,77,14,60,74,151
02/07/2013,YNG,OH,AGL,CE,Combined TRACON& Tower with Radar,2,5,24,24,55,0,0,12,3,15,2,5,36,27,70,2,26,28,98
02/08/2013,YNG,OH,AGL,CE,Combined TRACON& Tower with Radar,2,0,3,0,5,0,0,0,0,0,2,0,3,0,5,2,0,2,7
02/09/2013,YNG,OH,AGL,CE,Combined TRACON& Tower with Radar,0,1,18,0,19,0,0,24,0,24,0,1,42,0,43,24,0,24,67
02/10/2013,YNG,OH,AGL,CE,Combined TRACON& Tower with Radar,2,3,19,0,24,0,0,0,0,0,2,3,19,0,24,78,0,78,102
02/11/2013,YNG,OH,AGL,CE,Combined TRACON& Tower with Radar,2,2,33,23,60,0,0,18,2,20,2,2,51,25,80,0,0,0,80
02/12/2013,YNG,OH,AGL,CE,Combined TRACON& Tower with Radar,0,1,13,17,31,0,0,5,2,7,0,1,18,19,38,6,12,18,56
02/13/2013,YNG,OH,AGL,CE,Combined TRACON& Tower with Radar,2,2,20,19,43,0,1,25,1,27,2,3,45,20,70,20,44,64,134
02/14/2013,YNG,OH,AGL,CE,Combined TRACON& Tower with Radar,2,3,14,19,38,0,0,3,1,4,2,3,17,20,42,0,12,12,54
02/15/2013,YNG,OH,AGL,CE,Combined TRACON& Tower with Radar,2,1,3,0,6,0,0,0,0,0,2,1,3,0,6,1,2,3,9
02/16/2013,YNG,OH,AGL,CE,Combined TRACON& Tower with Radar,0,0,18,0,18,0,0,6,0,6,0,0,24,0,24,0,0,0,24
02/17/2013,YNG,OH,AGL,CE,Combined TRACON& Tower with Radar,2,3,19,0,24,0,0,0,0,0,2,3,19,0,24,0,0,0,24
02/18/2013,YNG,OH,AGL,CE,Combined TRACON& Tower with Radar,2,2,33,23,60,0,0,18,2,20,2,2,51,25,80,2,0,2,82
02/19/2013,YNG,OH,AGL,CE,Combined TRACON& Tower with Radar,0,1,9,7,17,0,0,1,0,1,0,1,10,7,18,0,0,0,18
02/20/2013,YNG,OH,AGL,CE,Combined TRACON& Tower with Radar,0,5,8,20,33,0,0,0,1,1,0,5,8,21,34,0,44,44,78
02/21/2013,YNG,OH,AGL,CE,Combined TRACON& Tower with Radar,2,2,14,19,37,0,0,3,1,4,2,2,17,20,41,18,2,20,61
02/22/2013,YNG,OH,AGL,CE,Combined TRACON& Tower with Radar,2,1,3,0,6,0,0,0,0,0,2,1,3,0,6,0,0,0,6
02/23/2013,YNG,OH,AGL,CE,Combined TRACON& Tower with Radar,0,0,18,0,18,0,0,6,0,6,0,0,24,0,24,8,0,8,32
02/24/2013,YNG,OH,AGL,CE,Combined TRACON& Tower with Radar,2,3,19,0,24,0,0,0,0,0,2,3,19,0,24,0,0,0,24
02/25/2013,YNG,OH,AGL,CE,Combined TRACON& Tower with Radar,2,2,33,23,60,0,0,18,2,20,2,2,51,25,80,14,30,44,124
02/26/2013,YNG,OH,AGL,CE,Combined TRACON& Tower with Radar,0,1,13,6,20,0,0,2,0,2,0,1,15,6,22,0,10,10,32
02/27/2013,YNG,OH,AGL,CE,Combined TRACON& Tower with Radar,0,2,13,12,27,0,0,0,1,1,0,2,13,13,28,0,10,10,38
02/28/2013,YNG,OH,AGL,CE,Combined TRACON& Tower with Radar,2,4,13,0,19,0,0,0,0,0,2,4,13,0,19,0,0,0,19
03/01/2013,YNG,OH,AGL,CE,Combined TRACON& Tower with Radar,4,2,6,3,15,0,0,3,0,3,4,2,9,3,18,0,0,0,18
03/02/2013,YNG,OH,AGL,CE,Combined TRACON& Tower with Radar,0,0,9,2,11,0,0,3,0,3,0,0,12,2,14,4,0,4,18
03/03/2013,YNG,OH,AGL,CE,Combined TRACON& Tower with Radar,4,0,4,2,10,0,0,0,0,0,4,0,4,2,10,0,0,0,10
03/04/2013,YNG,OH,AGL,CE,Combined TRACON& Tower with Radar,2,2,21,36,61,0,0,18,4,22,2,2,39,40,83,10,44,54,137
03/05/2013,YNG,OH,AGL,CE,Combined TRACON& Tower with Radar,0,5,12,4,21,0,2,4,0,6,0,7,16,4,27,0,0,0,27
03/06/2013,YNG,OH,AGL,CE,Combined TRACON& Tower with Radar,0,1,20,23,44,0,0,5,1,6,0,1,25,24,50,0,38,38,88
03/07/2013,YNG,OH,AGL,CE,Combined TRACON& Tower with Radar,2,0,8,20,30,0,0,0,0,0,2,0,8,20,30,0,2,2,32
03/08/2013,YNG,OH,AGL,CE,Combined TRACON& Tower with Radar,2,9,6,1,18,0,2,6,0,8,2,11,12,1,26,0,0,0,26
03/09/2013,YNG,OH,AGL,CE,Combined TRACON& Tower with Radar,0,0,39,0,39,0,0,57,0,57,0,0,96,0,96,26,0,26,122
03/10/2013,YNG,OH,AGL,CE,Combined TRACON& Tower with Radar,2,2,18,1,23,0,0,22,0,22,2,2,40,1,45,2,0,2,47
03/11/2013,YNG,OH,AGL,CE,Combined TRACON& Tower with Radar,2,4,10,18,34,0,0,5,1,6,2,4,15,19,40,2,0,2,42
03/12/2013,YNG,OH,AGL,CE,Combined TRACON& Tower with Radar,0,2,12,22,36,0,0,3,2,5,0,2,15,24,41,0,38,38,79
03/13/2013,YNG,OH,AGL,CE,Combined TRACON& Tower with Radar,0,3,6,16,25,0,0,0,0,0,0,3,6,16,25,0,8,8,33
03/14/2013,YNG,OH,AGL,CE,Combined TRACON& Tower with Radar,2,6,15,5,28,0,0,4,2,6,2,6,19,7,34,0,12,12,46
03/15/2013,YNG,OH,AGL,CE,Combined TRACON& Tower with Radar,2,1,16,4,23,0,0,7,2,9,2,1,23,6,32,6,18,24,56
03/16/2013,YNG,OH,AGL,CE,Combined TRACON& Tower with Radar,0,3,3,1,7,0,0,0,0,0,0,3,3,1,7,0,0,0,7
03/17/2013,YNG,OH,AGL,CE,Combined TRACON& Tower with Radar,2,2,11,19,34,0,0,12,1,13,2,2,23,20,47,10,28,38,85
03/18/2013,YNG,OH,AGL,CE,Combined TRACON& Tower with Radar,2,2,2,0,6,0,0,0,0,0,2,2,2,0,6,0,0,0,6
03/19/2013,YNG,OH,AGL,CE,Combined TRACON& Tower with Radar,0,1,8,16,25,0,0,0,0,0,0,1,8,16,25,0,0,0,25
03/20/2013,YNG,OH,AGL,CE,Combined TRACON& Tower with Radar,0,7,17,33,57,0,1,2,4,7,0,8,19,37,64,10,26,36,100
03/21/2013,YNG,OH,AGL,CE,Combined TRACON& Tower with Radar,2,5,22,13,42,0,0,0,0,0,2,5,22,13,42,2,0,2,44
03/22/2013,YNG,OH,AGL,CE,Combined TRACON& Tower with Radar,2,3,28,3,36,0,0,1,0,1,2,3,29,3,37,2,0,2,39
03/23/2013,YNG,OH,AGL,CE,Combined TRACON& Tower with Radar,0,6,40,0,46,0,4,44,0,48,0,10,84,0,94,82,0,82,176
03/24/2013,YNG,OH,AGL,CE,Combined TRACON& Tower with Radar,2,7,34,0,43,0,3,44,0,47,2,10,78,0,90,22,0,22,112
03/25/2013,YNG,OH,AGL,CE,Combined TRACON& Tower with Radar,2,4,3,0,9,0,0,0,0,0,2,4,3,0,9,0,0,0,9
03/26/2013,YNG,OH,AGL,CE,Combined TRACON& Tower with Radar,0,1,14,8,23,0,0,3,1,4,0,1,17,9,27,4,4,8,35
03/27/2013,YNG,OH,AGL,CE,Combined TRACON& Tower with Radar,2,6,20,39,67,0,0,0,3,3,2,6,20,42,70,0,70,70,140
03/28/2013,YNG,OH,AGL,CE,Combined TRACON& Tower with Radar,2,8,23,13,46,0,0,4,4,8,2,8,27,17,54,8,14,22,76
03/29/2013,YNG,OH,AGL,CE,Combined TRACON& Tower with Radar,2,3,15,0,20,0,0,33,0,33,2,3,48,0,53,34,0,34,87
03/30/2013,YNG,OH,AGL,CE,Combined TRACON& Tower with Radar,2,3,46,0,51,0,2,57,0,59,2,5,103,0,110,36,0,36,146
03/31/2013,YNG,OH,AGL,CE,Combined TRACON& Tower with Radar,2,0,6,0,8,0,0,0,0,0,2,0,6,0,8,2,0,2,10
04/01/2013,YNG,OH,AGL,CE,Combined TRACON& Tower with Radar,2,5,20,21,48,0,0,4,2,6,2,5,24,23,54,4,76,80,134
04/02/2013,YNG,OH,AGL,CE,Combined TRACON& Tower with Radar,0,4,23,13,40,0,0,3,2,5,0,4,26,15,45,0,0,0,45
04/03/2013,YNG,OH,AGL,CE,Combined TRACON& Tower with Radar,2,4,29,37,72,0,3,14,4,21,2,7,43,41,93,0,88,88,181
04/04/2013,YNG,OH,AGL,CE,Combined TRACON& Tower with Radar,2,4,21,13,40,0,0,21,9,30,2,4,42,22,70,8,30,38,108
04/05/2013,YNG,OH,AGL,CE,Combined TRACON& Tower with Radar,4,0,29,8,41,0,0,15,0,15,4,0,44,8,56,12,16,28,84
04/06/2013,YNG,OH,AGL,CE,Combined TRACON& Tower with Radar,1,2,10,10,23,0,2,29,2,33,1,4,39,12,56,28,6,34,90
04/07/2013,YNG,OH,AGL,CE,Combined TRACON& Tower with Radar,5,3,11,2,21,0,0,4,0,4,5,3,15,2,25,4,0,4,29
04/08/2013,YNG,OH,AGL,CE,Combined TRACON& Tower with Radar,2,4,10,33,49,0,0,8,4,12,2,4,18,37,61,4,54,58,119
04/09/2013,YNG,OH,AGL,CE,Combined TRACON& Tower with Radar,0,5,14,28,47,0,0,15,3,18,0,5,29,31,65,4,58,62,127
04/10/2013,YNG,OH,AGL,CE,Combined TRACON& Tower with Radar,0,4,7,4,15,0,0,0,0,0,0,4,7,4,15,0,0,0,15
04/11/2013,YNG,OH,AGL,CE,Combined TRACON& Tower with Radar,2,3,8,6,19,0,0,0,3,3,2,3,8,9,22,0,14,14,36
04/12/2013,YNG,OH,AGL,CE,Combined TRACON& Tower with Radar,2,6,11,1,20,0,0,0,0,0,2,6,11,1,20,20,0,20,40
04/13/2013,YNG,OH,AGL,CE,Combined TRACON& Tower with Radar,0,1,0,0,1,0,4,2,0,6,0,5,2,0,7,0,0,0,7
04/14/2013,YNG,OH,AGL,CE,Combined TRACON& Tower with Radar,4,1,10,0,15,0,0,22,0,22,4,1,32,0,37,20,0,20,57
04/15/2013,YNG,OH,AGL,CE,Combined TRACON& Tower with Radar,2,4,22,43,71,0,0,8,5,13,2,4,30,48,84,24,50,74,158
04/16/2013,YNG,OH,AGL,CE,Combined TRACON& Tower with Radar,0,1,9,23,33,0,0,0,0,0,0,1,9,23,33,0,44,44,77
04/17/2013,YNG,OH,AGL,CE,Combined TRACON& Tower with Radar,2,4,28,37,71,0,0,14,4,18,2,4,42,41,89,6,58,64,153
04/18/2013,YNG,OH,AGL,CE,Combined TRACON& Tower with Radar,2,4,11,5,22,0,0,1,9,10,2,4,12,14,32,8,18,26,58
04/19/2013,YNG,OH,AGL,CE,Combined TRACON& Tower with Radar,2,7,15,1,25,0,0,2,0,2,2,7,17,1,27,0,12,12,39
04/20/2013,YNG,OH,AGL,CE,Combined TRACON& Tower with Radar,0,1,14,11,26,0,0,6,1,7,0,1,20,12,33,0,10,10,43
04/21/2013,YNG,OH,AGL,CE,Combined TRACON& Tower with Radar,2,4,39,9,54,0,0,42,2,44,2,4,81,11,98,92,12,104,202
04/22/2013,YNG,OH,AGL,CE,Combined TRACON& Tower with Radar,2,4,9,18,33,0,0,11,8,19,2,4,20,26,52,36,94,130,182
04/23/2013,YNG,OH,AGL,CE,Combined TRACON& Tower with Radar,0,3,22,16,41,0,1,26,8,35,0,4,48,24,76,20,30,50,126
04/24/2013,YNG,OH,AGL,CE,Combined TRACON& Tower with Radar,0,7,22,38,67,0,0,0,0,0,0,7,22,38,67,0,16,16,83
04/25/2013,YNG,OH,AGL,CE,Combined TRACON& Tower with Radar,2,3,22,8,35,0,0,13,8,21,2,3,35,16,56,2,0,2,58
04/26/2013,YNG,OH,AGL,CE,Combined TRACON& Tower with Radar,4,11,23,12,50,0,0,26,2,28,4,11,49,14,78,72,14,86,164
04/27/2013,YNG,OH,AGL,CE,Combined TRACON& Tower with Radar,0,2,13,0,15,0,2,31,0,33,0,4,44,0,48,50,0,50,98
04/28/2013,YNG,OH,AGL,CE,Combined TRACON& Tower with Radar,4,2,18,0,24,0,0,2,0,2,4,2,20,0,26,0,12,12,38
04/29/2013,YNG,OH,AGL,CE,Combined TRACON& Tower with Radar,2,1,19,25,47,0,0,2,1,3,2,1,21,26,50,0,14,14,64
04/30/2013,YNG,OH,AGL,CE,Combined TRACON& Tower with Radar,0,2,32,8,42,0,1,19,4,24,0,3,51,12,66,24,4,28,94
05/01/2013,YNG,OH,AGL,CE,Combined TRACON& Tower with Radar,0,0,21,28,49,0,0,17,7,24,0,0,38,35,73,28,48,76,149
05/02/2013,YNG,OH,AGL,CE,Combined TRACON& Tower with Radar,2,3,18,8,31,0,0,24,4,28,2,3,42,12,59,56,14,70,129
05/03/2013,YNG,OH,AGL,CE,Combined TRACON& Tower with Radar,2,2,15,6,25,0,0,11,0,11,2,2,26,6,36,8,8,16,52
05/04/2013,YNG,OH,AGL,CE,Combined TRACON& Tower with Radar,0,3,15,0,18,0,0,18,0,18,0,3,33,0,36,4,0,4,40
05/05/2013,YNG,OH,AGL,CE,Combined TRACON& Tower with Radar,1,2,19,2,24,0,0,19,0,19,1,2,38,2,43,26,0,26,69
05/06/2013,YNG,OH,AGL,CE,Combined TRACON& Tower with Radar,2,0,14,22,38,0,0,16,5,21,2,0,30,27,59,6,88,94,153
05/07/2013,YNG,OH,AGL,CE,Combined TRACON& Tower with Radar,0,3,11,25,39,0,1,8,3,12,0,4,19,28,51,10,28,38,89
05/08/2013,YNG,OH,AGL,CE,Combined TRACON& Tower with Radar,0,2,19,23,44,0,0,5,1,6,0,2,24,24,50,8,44,52,102
05/09/2013,YNG,OH,AGL,CE,Combined TRACON& Tower with Radar,4,4,16,30,54,0,0,21,6,27,4,4,37,36,81,24,64,88,169
05/10/2013,YNG,OH,AGL,CE,Combined TRACON& Tower with Radar,2,4,12,11,29,0,0,10,0,10,2,4,22,11,39,4,28,32,71
05/11/2013,YNG,OH,AGL,CE,Combined TRACON& Tower with Radar,0,0,15,1,16,0,0,4,0,4,0,0,19,1,20,2,0,2,22
05/12/2013,YNG,OH,AGL,CE,Combined TRACON& Tower with Radar,4,4,6,0,14,0,0,0,0,0,4,4,6,0,14,0,0,0,14
05/13/2013,YNG,OH,AGL,CE,Combined TRACON& Tower with Radar,2,2,28,30,62,0,1,19,7,27,2,3,47,37,89,0,34,34,123
05/14/2013,YNG,OH,AGL,CE,Combined TRACON& Tower with Radar,0,3,28,28,59,0,0,18,5,23,0,3,46,33,82,28,40,68,150
05/15/2013,YNG,OH,AGL,CE,Combined TRACON& Tower with Radar,0,0,17,14,31,0,0,8,0,8,0,0,25,14,39,0,48,48,87
05/16/2013,YNG,OH,AGL,CE,Combined TRACON& Tower with Radar,4,3,30,3,40,0,0,33,1,34,4,3,63,4,74,70,2,72,146
05/17/2013,YNG,OH,AGL,CE,Combined TRACON& Tower with Radar,2,2,14,8,26,0,0,21,0,21,2,2,35,8,47,14,12,26,73
05/18/2013,YNG,OH,AGL,CE,Combined TRACON& Tower with Radar,0,1,6,0,7,0,0,18,0,18,0,1,24,0,25,38,0,38,63
05/19/2013,YNG,OH,AGL,CE,Combined TRACON& Tower with Radar,4,3,9,4,20,0,0,10,1,11,4,3,19,5,31,20,0,20,51
05/20/2013,YNG,OH,AGL,CE,Combined TRACON& Tower with Radar,2,2,12,21,37,0,1,19,18,38,2,3,31,39,75,36,88,124,199
05/21/2013,YNG,OH,AGL,CE,Combined TRACON& Tower with Radar,0,4,18,17,39,0,0,4,6,10,0,4,22,23,49,4,20,24,73
05/22/2013,YNG,OH,AGL,CE,Combined TRACON& Tower with Radar,0,1,15,40,56,0,0,12,4,16,0,1,27,44,72,4,99,103,175
05/23/2013,YNG,OH,AGL,CE,Combined TRACON& Tower with Radar,5,9,17,3,34,0,0,0,0,0,5,9,17,3,34,0,0,0,34
05/24/2013,YNG,OH,AGL,CE,Combined TRACON& Tower with Radar,3,9,22,2,36,0,1,4,0,5,3,10,26,2,41,0,0,0,41
05/25/2013,YNG,OH,AGL,CE,Combined TRACON& Tower with Radar,0,1,23,0,24,0,0,20,1,21,0,1,43,1,45,2,0,2,47
05/26/2013,YNG,OH,AGL,CE,Combined TRACON& Tower with Radar,6,0,19,0,25,0,0,36,0,36,6,0,55,0,61,14,0,14,75
05/27/2013,YNG,OH,AGL,CE,Combined TRACON& Tower with Radar,2,5,11,0,18,0,1,12,0,13,2,6,23,0,31,18,0,18,49
05/28/2013,YNG,OH,AGL,CE,Combined TRACON& Tower with Radar,0,0,5,19,24,0,0,4,5,9,0,0,9,24,33,0,48,48,81
05/29/2013,YNG,OH,AGL,CE,Combined TRACON& Tower with Radar,0,3,20,25,48,0,2,10,3,15,0,5,30,28,63,12,22,34,97
05/30/2013,YNG,OH,AGL,CE,Combined TRACON& Tower with Radar,4,2,18,41,65,0,0,21,0,21,4,2,39,41,86,28,90,118,204
05/31/2013,YNG,OH,AGL,CE,Combined TRACON& Tower with Radar,4,3,25,12,44,0,0,8,0,8,4,3,33,12,52,14,30,44,96
06/01/2013,YNG,OH,AGL,CE,Combined TRACON& Tower with Radar,1,0,6,0,7,0,0,3,0,3,1,0,9,0,10,6,0,6,16
06/02/2013,YNG,OH,AGL,CE,Combined TRACON& Tower with Radar,8,6,4,4,22,0,0,2,0,2,8,6,6,4,24,0,0,0,24
06/03/2013,YNG,OH,AGL,CE,Combined TRACON& Tower with Radar,2,7,28,45,82,0,1,22,8,31,2,8,50,53,113,30,48,78,191
06/04/2013,YNG,OH,AGL,CE,Combined TRACON& Tower with Radar,1,4,31,27,63,0,2,24,4,30,1,6,55,31,93,31,28,59,152
06/05/2013,YNG,OH,AGL,CE,Combined TRACON& Tower with Radar,4,0,16,16,36,0,0,34,2,36,4,0,50,18,72,22,44,66,138
06/06/2013,YNG,OH,AGL,CE,Combined TRACON& Tower with Radar,4,1,17,5,27,0,0,0,0,0,4,1,17,5,27,0,0,0,27
06/07/2013,YNG,OH,AGL,CE,Combined TRACON& Tower with Radar,2,6,20,12,40,0,0,0,0,0,2,6,20,12,40,2,0,2,42
06/08/2013,YNG,OH,AGL,CE,Combined TRACON& Tower with Radar,0,4,27,0,31,0,0,11,0,11,0,4,38,0,42,21,0,21,63
06/09/2013,YNG,OH,AGL,CE,Combined TRACON& Tower with Radar,4,3,17,0,24,0,0,28,0,28,4,3,45,0,52,38,0,38,90
06/10/2013,YNG,OH,AGL,CE,Combined TRACON& Tower with Radar,2,7,15,23,47,0,0,2,0,2,2,7,17,23,49,0,46,46,95
06/11/2013,YNG,OH,AGL,CE,Combined TRACON& Tower with Radar,2,5,19,21,47,0,0,4,5,9,2,5,23,26,56,20,20,40,96
06/12/2013,YNG,OH,AGL,CE,Combined TRACON& Tower with Radar,2,3,24,28,57,0,0,1,3,4,2,3,25,31,61,2,88,90,151
06/13/2013,YNG,OH,AGL,CE,Combined TRACON& Tower with Radar,4,6,11,49,70,0,0,2,3,5,4,6,13,52,75,0,50,50,125
06/14/2013,YNG,OH,AGL,CE,Combined TRACON& Tower with Radar,4,2,21,1,28,0,0,11,0,11,4,2,32,1,39,24,4,28,67
06/15/2013,YNG,OH,AGL,CE,Combined TRACON& Tower with Radar,0,1,16,0,17,0,1,33,0,34,0,2,49,0,51,32,0,32,83
06/16/2013,YNG,OH,AGL,CE,Combined TRACON& Tower with Radar,4,3,16,1,24,0,0,1,0,1,4,3,17,1,25,4,0,4,29
06/17/2013,YNG,OH,AGL,CE,Combined TRACON& Tower with Radar,4,2,14,35,55,0,1,11,1,13,4,3,25,36,68,11,46,57,125
06/18/2013,YNG,OH,AGL,CE,Combined TRACON& Tower with Radar,2,5,13,10,30,0,2,7,5,14,2,7,20,15,44,0,4,4,48
06/19/2013,YNG,OH,AGL,CE,Combined TRACON& Tower with Radar,2,3,20,0,25,0,0,38,0,38,2,3,58,0,63,12,0,12,75
06/20/2013,YNG,OH,AGL,CE,Combined TRACON& Tower with Radar,4,6,24,32,66,0,1,11,10,22,4,7,35,42,88,54,56,110,198
06/21/2013,YNG,OH,AGL,CE,Combined TRACON& Tower with Radar,4,8,13,12,37,0,1,24,2,27,4,9,37,14,64,44,0,44,108
06/22/2013,YNG,OH,AGL,CE,Combined TRACON& Tower with Radar,0,3,17,1,21,0,0,22,1,23,0,3,39,2,44,4,0,4,48
06/23/2013,YNG,OH,AGL,CE,Combined TRACON& Tower with Radar,4,3,7,2,16,0,0,7,0,7,4,3,14,2,23,4,0,4,27
06/24/2013,YNG,OH,AGL,CE,Combined TRACON& Tower with Radar,4,6,29,7,46,0,0,19,1,20,4,6,48,8,66,34,28,62,128
06/25/2013,YNG,OH,AGL,CE,Combined TRACON& Tower with Radar,2,1,9,6,18,0,0,5,1,6,2,1,14,7,24,0,22,22,46
06/26/2013,YNG,OH,AGL,CE,Combined TRACON& Tower with Radar,2,2,17,24,45,0,0,5,7,12,2,2,22,31,57,20,61,81,138
06/27/2013,YNG,OH,AGL,CE,Combined TRACON& Tower with Radar,5,0,15,11,31,0,0,2,2,4,5,0,17,13,35,3,24,27,62
06/28/2013,YNG,OH,AGL,CE,Combined TRACON& Tower with Radar,7,5,17,15,44,0,5,7,0,12,7,10,24,15,56,8,14,22,78
06/29/2013,YNG,OH,AGL,CE,Combined TRACON& Tower with Radar,0,1,27,0,28,0,0,8,0,8,0,1,35,0,36,19,0,19,55
06/30/2013,YNG,OH,AGL,CE,Combined TRACON& Tower with Radar,8,2,17,2,29,0,0,8,0,8,8,2,25,2,37,28,0,28,65
07/01/2013,YNG,OH,AGL,CE,Combined TRACON& Tower with Radar,4,4,32,54,94,0,0,0,0,0,4,4,32,54,94,2,54,56,150
07/02/2013,YNG,OH,AGL,CE,Combined TRACON& Tower with Radar,2,2,34,27,65,0,0,4,4,8,2,2,38,31,73,12,14,26,99
07/03/2013,YNG,OH,AGL,CE,Combined TRACON& Tower with Radar,0,0,26,31,57,0,0,10,0,10,0,0,36,31,67,4,16,20,87
07/04/2013,YNG,OH,AGL,CE,Combined TRACON& Tower with Radar,4,1,13,0,18,0,0,1,0,1,4,1,14,0,19,0,0,0,19
07/05/2013,YNG,OH,AGL,CE,Combined TRACON& Tower with Radar,6,2,12,0,20,0,0,1,0,1,6,2,13,0,21,0,0,0,21
07/06/2013,YNG,OH,AGL,CE,Combined TRACON& Tower with Radar,0,1,8,0,9,0,0,0,0,0,0,1,8,0,9,0,0,0,9
07/07/2013,YNG,OH,AGL,CE,Combined TRACON& Tower with Radar,6,1,21,0,28,0,0,8,0,8,6,1,29,0,36,53,0,53,89
07/08/2013,YNG,OH,AGL,CE,Combined TRACON& Tower with Radar,4,8,11,11,34,0,0,10,0,10,4,8,21,11,44,1,10,11,55
07/09/2013,YNG,OH,AGL,CE,Combined TRACON& Tower with Radar,0,0,15,19,34,0,0,0,0,0,0,0,15,19,34,0,0,0,34
07/10/2013,YNG,OH,AGL,CE,Combined TRACON& Tower with Radar,0,2,10,11,23,0,0,0,0,0,0,2,10,11,23,0,2,2,25
07/11/2013,YNG,OH,AGL,CE,Combined TRACON& Tower with Radar,4,1,28,22,55,0,0,29,13,42,4,1,57,35,97,24,8,32,129
07/12/2013,YNG,OH,AGL,CE,Combined TRACON& Tower with Radar,4,4,28,1,37,0,0,22,0,22,4,4,50,1,59,34,0,34,93
07/13/2013,YNG,OH,AGL,CE,Combined TRACON& Tower with Radar,0,3,21,2,26,0,2,30,0,32,0,5,51,2,58,26,0,26,84
07/14/2013,YNG,OH,AGL,CE,Combined TRACON& Tower with Radar,4,2,29,0,35,0,1,23,0,24,4,3,52,0,59,45,0,45,104
07/15/2013,YNG,OH,AGL,CE,Combined TRACON& Tower with Radar,4,3,18,5,30,0,5,28,6,39,4,8,46,11,69,6,12,18,87
07/16/2013,YNG,OH,AGL,CE,Combined TRACON& Tower with Radar,0,2,26,13,41,0,2,14,1,17,0,4,40,14,58,20,5,25,83
07/17/2013,YNG,OH,AGL,CE,Combined TRACON& Tower with Radar,0,1,21,15,37,0,0,14,0,14,0,1,35,15,51,2,28,30,81
07/18/2013,YNG,OH,AGL,CE,Combined TRACON& Tower with Radar,4,4,15,26,49,0,2,9,5,16,4,6,24,31,65,36,26,62,127
07/19/2013,YNG,OH,AGL,CE,Combined TRACON& Tower with Radar,4,5,18,6,33,0,1,21,3,25,4,6,39,9,58,26,2,28,86
07/20/2013,YNG,OH,AGL,CE,Combined TRACON& Tower with Radar,0,1,3,0,4,0,0,1,0,1,0,1,4,0,5,1,0,1,6
07/21/2013,YNG,OH,AGL,CE,Combined TRACON& Tower with Radar,4,3,25,1,33,0,1,21,0,22,4,4,46,1,55,41,0,41,96
07/22/2013,YNG,OH,AGL,CE,Combined TRACON& Tower with Radar,6,9,23,7,45,0,0,4,0,4,6,9,27,7,49,6,0,6,55
07/23/2013,YNG,OH,AGL,CE,Combined TRACON& Tower with Radar,0,7,20,15,42,0,0,8,0,8,0,7,28,15,50,0,2,2,52
07/24/2013,YNG,OH,AGL,CE,Combined TRACON& Tower with Radar,0,0,32,50,82,0,0,16,2,18,0,0,48,52,100,22,46,68,168
07/25/2013,YNG,OH,AGL,CE,Combined TRACON& Tower with Radar,6,3,27,16,52,0,4,32,3,39,6,7,59,19,91,10,10,20,111
07/26/2013,YNG,OH,AGL,CE,Combined TRACON& Tower with Radar,6,7,36,15,64,0,8,42,0,50,6,15,78,15,114,36,36,72,186
07/27/2013,YNG,OH,AGL,CE,Combined TRACON& Tower with Radar,2,4,23,0,29,0,0,4,0,4,2,4,27,0,33,14,0,14,47
07/28/2013,YNG,OH,AGL,CE,Combined TRACON& Tower with Radar,5,3,16,1,25,0,0,26,0,26,5,3,42,1,51,30,0,30,81
07/29/2013,YNG,OH,AGL,CE,Combined TRACON& Tower with Radar,5,7,38,8,58,0,0,21,0,21,5,7,59,8,79,4,18,22,101
07/30/2013,YNG,OH,AGL,CE,Combined TRACON& Tower with Radar,0,6,33,18,57,0,1,31,2,34,0,7,64,20,91,47,50,97,188
07/31/2013,YNG,OH,AGL,CE,Combined TRACON& Tower with Radar,2,9,29,39,79,0,0,13,1,14,2,9,42,40,93,0,44,44,137
08/01/2013,YNG,OH,AGL,CE,Combined TRACON& Tower with Radar,4,3,36,24,67,0,1,12,5,18,4,4,48,29,85,8,10,18,103
08/02/2013,YNG,OH,AGL,CE,Combined TRACON& Tower with Radar,4,5,15,9,33,0,0,17,1,18,4,5,32,10,51,22,8,30,81
08/03/2013,YNG,OH,AGL,CE,Combined TRACON& Tower with Radar,2,5,21,2,30,0,0,7,0,7,2,5,28,2,37,1,0,1,38
08/04/2013,YNG,OH,AGL,CE,Combined TRACON& Tower with Radar,6,5,21,0,32,0,0,30,0,30,6,5,51,0,62,2,0,2,64
08/05/2013,YNG,OH,AGL,CE,Combined TRACON& Tower with Radar,4,4,17,2,27,0,2,21,0,23,4,6,38,2,50,0,0,0,50
08/06/2013,YNG,OH,AGL,CE,Combined TRACON& Tower with Radar,0,6,12,14,32,0,3,17,10,30,0,9,29,24,62,0,10,10,72
08/07/2013,YNG,OH,AGL,CE,Combined TRACON& Tower with Radar,2,3,17,35,57,0,0,7,0,7,2,3,24,35,64,12,46,58,122
08/08/2013,YNG,OH,AGL,CE,Combined TRACON& Tower with Radar,4,9,16,12,41,0,0,1,0,1,4,9,17,12,42,0,0,0,42
08/09/2013,YNG,OH,AGL,CE,Combined TRACON& Tower with Radar,2,4,14,11,31,0,0,5,0,5,2,4,19,11,36,0,10,10,46
08/10/2013,YNG,OH,AGL,CE,Combined TRACON& Tower with Radar,0,1,25,0,26,0,0,32,0,32,0,1,57,0,58,36,0,36,94
08/11/2013,YNG,OH,AGL,CE,Combined TRACON& Tower with Radar,4,4,22,1,31,0,0,30,0,30,4,4,52,1,61,13,0,13,74
08/12/2013,YNG,OH,AGL,CE,Combined TRACON& Tower with Radar,2,3,12,0,17,0,0,15,0,15,2,3,27,0,32,6,0,6,38
08/13/2013,YNG,OH,AGL,CE,Combined TRACON& Tower with Radar,0,2,17,25,44,0,0,3,3,6,0,2,20,28,50,4,52,56,106
08/14/2013,YNG,OH,AGL,CE,Combined TRACON& Tower with Radar,0,5,23,59,87,0,0,12,8,20,0,5,35,67,107,50,125,175,282
08/15/2013,YNG,OH,AGL,CE,Combined TRACON& Tower with Radar,4,4,16,22,46,0,0,38,8,46,4,4,54,30,92,26,60,86,178
08/16/2013,YNG,OH,AGL,CE,Combined TRACON& Tower with Radar,2,3,20,13,38,0,2,41,1,44,2,5,61,14,82,14,26,40,122
08/17/2013,YNG,OH,AGL,CE,Combined TRACON& Tower with Radar,0,3,14,5,22,0,4,28,2,34,0,7,42,7,56,32,6,38,94
08/18/2013,YNG,OH,AGL,CE,Combined TRACON& Tower with Radar,6,4,21,2,33,0,2,20,6,28,6,6,41,8,61,64,38,102,163
08/19/2013,YNG,OH,AGL,CE,Combined TRACON& Tower with Radar,0,1,31,0,32,0,0,17,0,17,0,1,48,0,49,22,0,22,71
08/20/2013,YNG,OH,AGL,CE,Combined TRACON& Tower with Radar,0,3,21,41,65,0,1,15,4,20,0,4,36,45,85,26,32,58,143
08/21/2013,YNG,OH,AGL,CE,Combined TRACON& Tower with Radar,0,3,28,50,81,0,0,26,12,38,0,3,54,62,119,16,66,82,201
08/22/2013,YNG,OH,AGL,CE,Combined TRACON& Tower with Radar,6,2,39,17,64,0,0,14,4,18,6,2,53,21,82,14,6,20,102
08/23/2013,YNG,OH,AGL,CE,Combined TRACON& Tower with Radar,2,8,15,33,58,0,1,29,3,33,2,9,44,36,91,23,43,66,157
08/24/2013,YNG,OH,AGL,CE,Combined TRACON& Tower with Radar,0,0,17,0,17,0,0,39,0,39,0,0,56,0,56,38,0,38,94
08/25/2013,YNG,OH,AGL,CE,Combined TRACON& Tower with Radar,4,2,27,2,35,0,0,31,0,31,4,2,58,2,66,34,0,34,100
08/26/2013,YNG,OH,AGL,CE,Combined TRACON& Tower with Radar,2,2,23,14,41,0,2,21,1,24,2,4,44,15,65,16,0,16,81
08/27/2013,YNG,OH,AGL,CE,Combined TRACON& Tower with Radar,0,4,7,8,19,0,2,4,6,12,0,6,11,14,31,0,20,20,51
08/28/2013,YNG,OH,AGL,CE,Combined TRACON& Tower with Radar,0,2,10,52,64,0,0,0,0,0,0,2,10,52,64,0,48,48,112
08/29/2013,YNG,OH,AGL,CE,Combined TRACON& Tower with Radar,4,9,32,20,65,0,0,11,3,14,4,9,43,23,79,10,44,54,133
08/30/2013,YNG,OH,AGL,CE,Combined TRACON& Tower with Radar,0,1,22,8,31,0,0,18,4,22,0,1,40,12,53,16,12,28,81
08/31/2013,YNG,OH,AGL,CE,Combined TRACON& Tower with Radar,0,2,7,0,9,0,2,22,0,24,0,4,29,0,33,2,0,2,35
09/01/2013,YNG,OH,AGL,CE,Combined TRACON& Tower with Radar,4,3,22,0,29,0,0,4,0,4,4,3,26,0,33,0,0,0,33
09/02/2013,YNG,OH,AGL,CE,Combined TRACON& Tower with Radar,0,4,5,0,9,0,0,0,0,0,0,4,5,0,9,0,0,0,9
09/03/2013,YNG,OH,AGL,CE,Combined TRACON& Tower with Radar,0,4,18,1,23,0,1,2,0,3,0,5,20,1,26,0,0,0,26
09/04/2013,YNG,OH,AGL,CE,Combined TRACON& Tower with Radar,0,5,25,25,55,0,0,19,0,19,0,5,44,25,74,0,30,30,104
09/05/2013,YNG,OH,AGL,CE,Combined TRACON& Tower with Radar,6,6,17,44,73,0,3,13,4,20,6,9,30,48,93,4,36,40,133
09/06/2013,YNG,OH,AGL,CE,Combined TRACON& Tower with Radar,0,4,17,41,62,0,0,18,0,18,0,4,35,41,80,4,62,66,146
09/07/2013,YNG,OH,AGL,CE,Combined TRACON& Tower with Radar,0,2,22,0,24,0,0,24,0,24,0,2,46,0,48,10,0,10,58
09/08/2013,YNG,OH,AGL,CE,Combined TRACON& Tower with Radar,4,4,9,0,17,0,0,5,0,5,4,4,14,0,22,6,0,6,28
09/09/2013,YNG,OH,AGL,CE,Combined TRACON& Tower with Radar,0,4,13,13,30,0,0,4,0,4,0,4,17,13,34,10,26,36,70
09/10/2013,YNG,OH,AGL,CE,Combined TRACON& Tower with Radar,0,0,32,4,36,0,0,26,2,28,0,0,58,6,64,8,10,18,82
09/11/2013,YNG,OH,AGL,CE,Combined TRACON& Tower with Radar,0,9,18,31,58,0,2,17,3,22,0,11,35,34,80,2,32,34,114
09/12/2013,YNG,OH,AGL,CE,Combined TRACON& Tower with Radar,4,7,24,15,50,0,0,0,7,7,4,7,24,22,57,0,50,50,107
09/13/2013,YNG,OH,AGL,CE,Combined TRACON& Tower with Radar,0,3,25,29,57,0,0,0,0,0,0,3,25,29,57,1,22,23,80
09/14/2013,YNG,OH,AGL,CE,Combined TRACON& Tower with Radar,0,3,19,0,22,0,0,40,2,42,0,3,59,2,64,28,0,28,92
09/15/2013,YNG,OH,AGL,CE,Combined TRACON& Tower with Radar,4,6,24,1,35,0,2,32,0,34,4,8,56,1,69,6,2,8,77
09/16/2013,YNG,OH,AGL,CE,Combined TRACON& Tower with Radar,0,1,22,25,48,0,1,9,1,11,0,2,31,26,59,20,50,70,129
09/17/2013,YNG,OH,AGL,CE,Combined TRACON& Tower with Radar,0,4,16,21,41,0,0,28,4,32,0,4,44,25,73,30,30,60,133
09/18/2013,YNG,OH,AGL,CE,Combined TRACON& Tower with Radar,0,0,32,31,63,0,0,24,0,24,0,0,56,31,87,32,32,64,151
09/19/2013,YNG,OH,AGL,CE,Combined TRACON& Tower with Radar,2,3,19,19,43,0,0,1,5,6,2,3,20,24,49,0,20,20,69
09/20/2013,YNG,OH,AGL,CE,Combined TRACON& Tower with Radar,4,7,4,18,33,0,0,0,0,0,4,7,4,18,33,0,0,0,33
09/21/2013,YNG,OH,AGL,CE,Combined TRACON& Tower with Radar,0,3,16,32,51,0,4,0,0,4,0,7,16,32,55,14,0,14,69
09/22/2013,YNG,OH,AGL,CE,Combined TRACON& Tower with Radar,6,2,25,5,38,0,0,25,1,26,6,2,50,6,64,30,8,38,102
09/23/2013,YNG,OH,AGL,CE,Combined TRACON& Tower with Radar,0,2,36,34,72,0,2,18,6,26,0,4,54,40,98,8,50,58,156
09/24/2013,YNG,OH,AGL,CE,Combined TRACON& Tower with Radar,0,1,14,9,24,0,0,17,1,18,0,1,31,10,42,20,32,52,94
09/25/2013,YNG,OH,AGL,CE,Combined TRACON& Tower with Radar,0,2,13,21,36,0,0,20,1,21,0,2,33,22,57,28,48,76,133
09/26/2013,YNG,OH,AGL,CE,Combined TRACON& Tower with Radar,2,8,22,15,47,0,1,26,1,28,2,9,48,16,75,18,14,32,107
09/27/2013,YNG,OH,AGL,CE,Combined TRACON& Tower with Radar,2,2,24,4,32,0,0,23,1,24,2,2,47,5,56,0,0,0,56
09/28/2013,YNG,OH,AGL,CE,Combined TRACON& Tower with Radar,2,5,24,0,31,0,1,32,0,33,2,6,56,0,64,0,0,0,64
09/29/2013,YNG,OH,AGL,CE,Combined TRACON& Tower with Radar,2,2,14,1,19,0,1,15,0,16,2,3,29,1,35,0,0,0,35
09/30/2013,YNG,OH,AGL,CE,Combined TRACON& Tower with Radar,0,2,40,14,56,0,0,9,2,11,0,2,49,16,67,0,0,0,67
10/01/2013,YNG,OH,AGL,CE,Combined TRACON& Tower with Radar,2,2,12,0,16,0,0,9,0,9,2,2,21,0,25,6,0,6,31
10/02/2013,YNG,OH,AGL,CE,Combined TRACON& Tower with Radar,0,0,24,0,24,0,0,10,0,10,0,0,34,0,34,14,0,14,48
10/03/2013,YNG,OH,AGL,CE,Combined TRACON& Tower with Radar,2,9,15,0,26,0,0,0,0,0,2,9,15,0,26,0,0,0,26
10/04/2013,YNG,OH,AGL,CE,Combined TRACON& Tower with Radar,2,0,19,0,21,0,0,9,0,9,2,0,28,0,30,0,0,0,30
10/05/2013,YNG,OH,AGL,CE,Combined TRACON& Tower with Radar,0,3,9,0,12,0,0,9,0,9,0,3,18,0,21,16,0,16,37
10/06/2013,YNG,OH,AGL,CE,Combined TRACON& Tower with Radar,4,3,16,0,23,0,2,9,0,11,4,5,25,0,34,4,0,4,38
10/07/2013,YNG,OH,AGL,CE,Combined TRACON& Tower with Radar,0,3,17,2,22,0,0,0,0,0,0,3,17,2,22,0,0,0,22
10/08/2013,YNG,OH,AGL,CE,Combined TRACON& Tower with Radar,0,2,30,0,32,0,0,39,0,39,0,2,69,0,71,40,0,40,111
10/09/2013,YNG,OH,AGL,CE,Combined TRACON& Tower with Radar,0,3,20,0,23,0,0,23,0,23,0,3,43,0,46,12,0,12,58
10/10/2013,YNG,OH,AGL,CE,Combined TRACON& Tower with Radar,4,2,18,10,34,0,0,44,0,44,4,2,62,10,78,28,0,28,106
10/11/2013,YNG,OH,AGL,CE,Combined TRACON& Tower with Radar,2,0,15,0,17,0,4,6,0,10,2,4,21,0,27,0,0,0,27
10/12/2013,YNG,OH,AGL,CE,Combined TRACON& Tower with Radar,1,3,16,0,20,0,0,28,0,28,1,3,44,0,48,12,0,12,60
10/13/2013,YNG,OH,AGL,CE,Combined TRACON& Tower with Radar,4,2,18,0,24,0,0,10,0,10,4,2,28,0,34,8,0,8,42
10/14/2013,YNG,OH,AGL,CE,Combined TRACON& Tower with Radar,0,0,15,0,15,0,0,12,0,12,0,0,27,0,27,0,0,0,27
10/15/2013,YNG,OH,AGL,CE,Combined TRACON& Tower with Radar,0,2,17,8,27,0,0,11,0,11,0,2,28,8,38,3,28,31,69
10/16/2013,YNG,OH,AGL,CE,Combined TRACON& Tower with Radar,0,1,27,0,28,0,0,0,0,0,0,1,27,0,28,0,0,0,28
10/17/2013,YNG,OH,AGL,CE,Combined TRACON& Tower with Radar,7,7,16,22,52,0,1,5,2,8,7,8,21,24,60,0,22,22,82
10/18/2013,YNG,OH,AGL,CE,Combined TRACON& Tower with Radar,11,4,20,0,35,0,0,9,0,9,11,4,29,0,44,0,0,0,44
10/19/2013,YNG,OH,AGL,CE,Combined TRACON& Tower with Radar,2,1,6,0,9,0,0,8,0,8,2,1,14,0,17,0,0,0,17
10/20/2013,YNG,OH,AGL,CE,Combined TRACON& Tower with Radar,8,4,11,0,23,0,0,11,0,11,8,4,22,0,34,2,0,2,36
10/21/2013,YNG,OH,AGL,CE,Combined TRACON& Tower with Radar,0,3,9,23,35,0,1,4,0,5,0,4,13,23,40,10,2,12,52
10/22/2013,YNG,OH,AGL,CE,Combined TRACON& Tower with Radar,0,2,20,17,39,0,2,8,3,13,0,4,28,20,52,0,6,6,58
10/23/2013,YNG,OH,AGL,CE,Combined TRACON& Tower with Radar,0,1,28,42,71,0,0,0,0,0,0,1,28,42,71,0,36,36,107
10/24/2013,YNG,OH,AGL,CE,Combined TRACON& Tower with Radar,5,4,11,19,39,0,1,1,3,5,5,5,12,22,44,0,0,0,44
10/25/2013,YNG,OH,AGL,CE,Combined TRACON& Tower with Radar,0,10,15,24,49,0,3,3,1,7,0,13,18,25,56,6,52,58,114
10/26/2013,YNG,OH,AGL,CE,Combined TRACON& Tower with Radar,0,5,9,0,14,0,0,2,0,2,0,5,11,0,16,9,0,9,25
10/27/2013,YNG,OH,AGL,CE,Combined TRACON& Tower with Radar,4,2,21,0,27,0,0,26,0,26,4,2,47,0,53,48,0,48,101
10/28/2013,YNG,OH,AGL,CE,Combined TRACON& Tower with Radar,0,3,25,40,68,0,0,22,0,22,0,3,47,40,90,52,52,104,194
10/29/2013,YNG,OH,AGL,CE,Combined TRACON& Tower with Radar,0,3,19,20,42,0,0,23,7,30,0,3,42,27,72,7,2,9,81
10/30/2013,YNG,OH,AGL,CE,Combined TRACON& Tower with Radar,2,12,21,46,81,0,1,18,0,19,2,13,39,46,100,24,46,70,170
10/31/2013,YNG,OH,AGL,CE,Combined TRACON& Tower with Radar,2,3,16,25,46,0,0,2,2,4,2,3,18,27,50,12,38,50,100
11/01/2013,YNG,OH,AGL,CE,Combined TRACON& Tower with Radar,6,6,16,9,37,0,0,3,2,5,6,6,19,11,42,12,4,16,58
11/02/2013,YNG,OH,AGL,CE,Combined TRACON& Tower with Radar,6,2,15,0,23,0,0,0,0,0,6,2,15,0,23,0,0,0,23
11/03/2013,YNG,OH,AGL,CE,Combined TRACON& Tower with Radar,4,0,34,0,38,0,0,19,0,19,4,0,53,0,57,4,0,4,61
11/04/2013,YNG,OH,AGL,CE,Combined TRACON& Tower with Radar,2,1,15,34,52,0,0,12,0,12,2,1,27,34,64,28,64,92,156
11/05/2013,YNG,OH,AGL,CE,Combined TRACON& Tower with Radar,0,8,15,13,36,0,4,24,7,35,0,12,39,20,71,18,34,52,123
11/06/2013,YNG,OH,AGL,CE,Combined TRACON& Tower with Radar,2,2,8,22,34,0,0,2,0,2,2,2,10,22,36,3,36,39,75
11/07/2013,YNG,OH,AGL,CE,Combined TRACON& Tower with Radar,2,6,9,21,38,0,2,2,2,6,2,8,11,23,44,14,24,38,82
11/08/2013,YNG,OH,AGL,CE,Combined TRACON& Tower with Radar,5,7,19,13,44,0,2,6,0,8,5,9,25,13,52,2,32,34,86
11/09/2013,YNG,OH,AGL,CE,Combined TRACON& Tower with Radar,6,0,6,0,12,0,0,2,0,2,6,0,8,0,14,0,0,0,14
11/10/2013,YNG,OH,AGL,CE,Combined TRACON& Tower with Radar,4,5,7,1,17,0,0,2,0,2,4,5,9,1,19,0,0,0,19
11/11/2013,YNG,OH,AGL,CE,Combined TRACON& Tower with Radar,2,2,7,0,11,0,0,0,0,0,2,2,7,0,11,0,0,0,11
11/12/2013,YNG,OH,AGL,CE,Combined TRACON& Tower with Radar,0,4,4,14,22,0,1,0,1,2,0,5,4,15,24,0,0,0,24
11/13/2013,YNG,OH,AGL,CE,Combined TRACON& Tower with Radar,6,1,8,28,43,0,0,5,3,8,6,1,13,31,51,4,71,75,126
11/14/2013,YNG,OH,AGL,CE,Combined TRACON& Tower with Radar,9,5,19,22,55,0,1,9,9,19,9,6,28,31,74,4,40,44,118
11/15/2013,YNG,OH,AGL,CE,Combined TRACON& Tower with Radar,4,11,20,25,60,0,3,13,0,16,4,14,33,25,76,8,48,56,132
11/16/2013,YNG,OH,AGL,CE,Combined TRACON& Tower with Radar,4,0,24,5,33,0,0,31,1,32,4,0,55,6,65,28,0,28,93
11/17/2013,YNG,OH,AGL,CE,Combined TRACON& Tower with Radar,2,1,10,0,13,0,0,2,0,2,2,1,12,0,15,0,0,0,15
11/18/2013,YNG,OH,AGL,CE,Combined TRACON& Tower with Radar,2,0,5,9,16,0,0,0,1,1,2,0,5,10,17,0,8,8,25
11/19/2013,YNG,OH,AGL,CE,Combined TRACON& Tower with Radar,0,1,14,28,43,0,1,12,3,16,0,2,26,31,59,4,20,24,83
11/20/2013,YNG,OH,AGL,CE,Combined TRACON& Tower with Radar,2,1,30,36,69,0,0,15,3,18,2,1,45,39,87,32,44,76,163
11/21/2013,YNG,OH,AGL,CE,Combined TRACON& Tower with Radar,2,2,15,19,38,0,0,0,3,3,2,2,15,22,41,0,26,26,67
11/22/2013,YNG,OH,AGL,CE,Combined TRACON& Tower with Radar,2,1,14,2,19,0,0,0,0,0,2,1,14,2,19,0,0,0,19
11/23/2013,YNG,OH,AGL,CE,Combined TRACON& Tower with Radar,4,5,11,1,21,0,0,2,0,2,4,5,13,1,23,0,0,0,23
11/24/2013,YNG,OH,AGL,CE,Combined TRACON& Tower with Radar,4,2,17,1,24,0,0,0,0,0,4,2,17,1,24,0,0,0,24
11/25/2013,YNG,OH,AGL,CE,Combined TRACON& Tower with Radar,0,3,25,48,76,0,0,9,0,9,0,3,34,48,85,2,74,76,161
11/26/2013,YNG,OH,AGL,CE,Combined TRACON& Tower with Radar,4,9,7,1,21,0,0,1,0,1,4,9,8,1,22,4,0,4,26
11/27/2013,YNG,OH,AGL,CE,Combined TRACON& Tower with Radar,2,4,4,1,11,0,0,0,0,0,2,4,4,1,11,0,0,0,11
11/28/2013,YNG,OH,AGL,CE,Combined TRACON& Tower with Radar,0,1,4,0,5,0,0,6,0,6,0,1,10,0,11,0,0,0,11
11/29/2013,YNG,OH,AGL,CE,Combined TRACON& Tower with Radar,6,3,17,0,26,0,0,16,0,16,6,3,33,0,42,0,0,0,42
11/30/2013,YNG,OH,AGL,CE,Combined TRACON& Tower with Radar,2,5,13,0,20,0,0,37,0,37,2,5,50,0,57,40,0,40,97
12/01/2013,YNG,OH,AGL,CE,Combined TRACON& Tower with Radar,4,8,24,0,36,0,0,15,0,15,4,8,39,0,51,20,0,20,71
12/02/2013,YNG,OH,AGL,CE,Combined TRACON& Tower with Radar,2,16,12,51,81,0,0,3,4,7,2,16,15,55,88,4,130,134,222
12/03/2013,YNG,OH,AGL,CE,Combined TRACON& Tower with Radar,0,10,15,23,48,0,5,14,6,25,0,15,29,29,73,10,34,44,117
12/04/2013,YNG,OH,AGL,CE,Combined TRACON& Tower with Radar,2,3,20,18,43,0,0,6,0,6,2,3,26,18,49,22,38,60,109
12/05/2013,YNG,OH,AGL,CE,Combined TRACON& Tower with Radar,2,5,17,14,38,0,0,1,1,2,2,5,18,15,40,0,20,20,60
12/06/2013,YNG,OH,AGL,CE,Combined TRACON& Tower with Radar,2,3,10,19,34,0,0,0,1,1,2,3,10,20,35,0,20,20,55
12/07/2013,YNG,OH,AGL,CE,Combined TRACON& Tower with Radar,2,4,17,2,25,0,0,3,0,3,2,4,20,2,28,18,0,18,46
12/08/2013,YNG,OH,AGL,CE,Combined TRACON& Tower with Radar,4,9,10,1,24,0,0,3,0,3,4,9,13,1,27,2,0,2,29
12/09/2013,YNG,OH,AGL,CE,Combined TRACON& Tower with Radar,3,4,8,16,31,0,3,0,1,4,3,7,8,17,35,0,40,40,75
12/10/2013,YNG,OH,AGL,CE,Combined TRACON& Tower with Radar,2,2,13,14,31,0,0,2,2,4,2,2,15,16,35,12,24,36,71
12/11/2013,YNG,OH,AGL,CE,Combined TRACON& Tower with Radar,2,2,24,24,52,0,0,1,0,1,2,2,25,24,53,0,18,18,71
12/12/2013,YNG,OH,AGL,CE,Combined TRACON& Tower with Radar,2,4,14,15,35,0,0,8,3,11,2,4,22,18,46,0,4,4,50
12/13/2013,YNG,OH,AGL,CE,Combined TRACON& Tower with Radar,2,5,24,14,45,0,6,25,2,33,2,11,49,16,78,0,10,10,88
12/14/2013,YNG,OH,AGL,CE,Combined TRACON& Tower with Radar,2,2,1,0,5,0,0,0,0,0,2,2,1,0,5,0,0,0,5
12/15/2013,YNG,OH,AGL,CE,Combined TRACON& Tower with Radar,2,4,3,0,9,0,0,0,0,0,2,4,3,0,9,0,0,0,9
12/16/2013,YNG,OH,AGL,CE,Combined TRACON& Tower with Radar,2,2,8,19,31,0,0,6,0,6,2,2,14,19,37,0,24,24,61
12/17/2013,YNG,OH,AGL,CE,Combined TRACON& Tower with Radar,0,1,6,0,7,0,0,0,0,0,0,1,6,0,7,0,0,0,7
12/18/2013,YNG,OH,AGL,CE,Combined TRACON& Tower with Radar,0,6,14,12,32,0,1,1,0,2,0,7,15,12,34,0,14,14,48
12/19/2013,YNG,OH,AGL,CE,Combined TRACON& Tower with Radar,4,2,29,18,53,0,0,27,4,31,4,2,56,22,84,18,10,28,112
12/20/2013,YNG,OH,AGL,CE,Combined TRACON& Tower with Radar,2,8,16,17,43,0,0,6,1,7,2,8,22,18,50,26,14,40,90
12/21/2013,YNG,OH,AGL,CE,Combined TRACON& Tower with Radar,0,1,6,0,7,0,0,0,0,0,0,1,6,0,7,0,0,0,7
12/22/2013,YNG,OH,AGL,CE,Combined TRACON& Tower with Radar,4,4,3,0,11,0,0,0,0,0,4,4,3,0,11,0,0,0,11
12/23/2013,YNG,OH,AGL,CE,Combined TRACON& Tower with Radar,4,2,6,28,40,0,0,2,0,2,4,2,8,28,42,0,64,64,106
12/24/2013,YNG,OH,AGL,CE,Combined TRACON& Tower with Radar,2,0,3,0,5,0,0,0,0,0,2,0,3,0,5,0,0,0,5
12/25/2013,YNG,OH,AGL,CE,Combined TRACON& Tower with Radar,0,0,4,0,4,0,0,0,0,0,0,0,4,0,4,0,0,0,4
12/26/2013,YNG,OH,AGL,CE,Combined TRACON& Tower with Radar,4,6,7,0,17,0,0,0,0,0,4,6,7,0,17,0,0,0,17
12/27/2013,YNG,OH,AGL,CE,Combined TRACON& Tower with Radar,2,4,15,0,21,0,0,23,0,23,2,4,38,0,44,44,0,44,88
12/28/2013,YNG,OH,AGL,CE,Combined TRACON& Tower with Radar,0,1,23,0,24,0,0,28,0,28,0,1,51,0,52,82,0,82,134
12/29/2013,YNG,OH,AGL,CE,Combined TRACON& Tower with Radar,6,0,12,0,18,0,0,3,0,3,6,0,15,0,21,0,0,0,21
12/30/2013,YNG,OH,AGL,CE,Combined TRACON& Tower with Radar,2,0,11,26,39,0,0,4,4,8,2,0,15,30,47,1,62,63,110
12/31/2013,YNG,OH,AGL,CE,Combined TRACON& Tower with Radar,2,0,0,4,6,0,0,0,0,0,2,0,0,4,6,0,0,0,6
01/01/2014,YNG,OH,AGL,CE,Combined TRACON& Tower with Radar,0,1,2,0,3,0,0,0,0,0,0,1,2,0,3,0,0,0,3
01/02/2014,YNG,OH,AGL,CE,Combined TRACON& Tower with Radar,2,2,2,0,6,0,0,0,0,0,2,2,2,0,6,0,0,0,6
01/03/2014,YNG,OH,AGL,CE,Combined TRACON& Tower with Radar,4,4,2,16,26,0,0,0,0,0,4,4,2,16,26,2,12,14,40
01/04/2014,YNG,OH,AGL,CE,Combined TRACON& Tower with Radar,0,6,10,0,16,0,0,6,0,6,0,6,16,0,22,0,0,0,22
01/05/2014,YNG,OH,AGL,CE,Combined TRACON& Tower with Radar,4,0,8,0,12,0,0,7,0,7,4,0,15,0,19,14,0,14,33
01/06/2014,YNG,OH,AGL,CE,Combined TRACON& Tower with Radar,0,1,0,0,1,0,0,0,0,0,0,1,0,0,1,0,0,0,1
01/07/2014,YNG,OH,AGL,CE,Combined TRACON& Tower with Radar,0,3,5,0,8,0,0,3,0,3,0,3,8,0,11,0,0,0,11
01/08/2014,YNG,OH,AGL,CE,Combined TRACON& Tower with Radar,7,0,11,0,18,0,0,1,0,1,7,0,12,0,19,0,0,0,19
01/09/2014,YNG,OH,AGL,CE,Combined TRACON& Tower with Radar,4,2,14,33,53,0,0,12,1,13,4,2,26,34,66,2,44,46,112
01/10/2014,YNG,OH,AGL,CE,Combined TRACON& Tower with Radar,2,2,11,5,20,0,0,0,0,0,2,2,11,5,20,0,0,0,20
01/11/2014,YNG,OH,AGL,CE,Combined TRACON& Tower with Radar,0,2,0,1,3,0,0,0,0,0,0,2,0,1,3,0,0,0,3
01/12/2014,YNG,OH,AGL,CE,Combined TRACON& Tower with Radar,6,4,10,9,29,0,0,2,0,2,6,4,12,9,31,0,10,10,41
01/13/2014,YNG,OH,AGL,CE,Combined TRACON& Tower with Radar,0,1,9,66,76,0,0,4,1,5,0,1,13,67,81,2,42,44,125
01/14/2014,YNG,OH,AGL,CE,Combined TRACON& Tower with Radar,0,5,31,31,67,0,1,17,2,20,0,6,48,33,87,10,40,50,137
01/15/2014,YNG,OH,AGL,CE,Combined TRACON& Tower with Radar,0,4,14,1,19,0,0,2,0,2,0,4,16,1,21,0,0,0,21
01/16/2014,YNG,OH,AGL,CE,Combined TRACON& Tower with Radar,6,3,12,11,32,0,0,5,5,10,6,3,17,16,42,0,0,0,42
01/17/2014,YNG,OH,AGL,CE,Combined TRACON& Tower with Radar,0,4,20,1,25,0,0,3,0,3,0,4,23,1,28,2,0,2,30
01/18/2014,YNG,OH,AGL,CE,Combined TRACON& Tower with Radar,0,0,3,0,3,0,0,3,0,3,0,0,6,0,6,8,0,8,14
01/19/2014,YNG,OH,AGL,CE,Combined TRACON& Tower with Radar,6,2,7,0,15,0,2,3,0,5,6,4,10,0,20,0,0,0,20
01/20/2014,YNG,OH,AGL,CE,Combined TRACON& Tower with Radar,0,4,12,1,17,0,0,1,0,1,0,4,13,1,18,0,0,0,18
01/21/2014,YNG,OH,AGL,CE,Combined TRACON& Tower with Radar,0,2,16,8,26,0,1,0,2,3,0,3,16,10,29,0,0,0,29
01/22/2014,YNG,OH,AGL,CE,Combined TRACON& Tower with Radar,2,1,8,22,33,0,0,2,0,2,2,1,10,22,35,0,72,72,107
01/23/2014,YNG,OH,AGL,CE,Combined TRACON& Tower with Radar,5,9,12,0,26,0,0,0,0,0,5,9,12,0,26,4,30,34,60
01/24/2014,YNG,OH,AGL,CE,Combined TRACON& Tower with Radar,2,7,12,15,36,0,0,2,0,2,2,7,14,15,38,4,30,34,72
01/25/2014,YNG,OH,AGL,CE,Combined TRACON& Tower with Radar,2,0,2,0,4,0,0,0,0,0,2,0,2,0,4,0,0,0,4
01/26/2014,YNG,OH,AGL,CE,Combined TRACON& Tower with Radar,8,1,5,0,14,0,0,0,0,0,8,1,5,0,14,0,0,0,14
01/27/2014,YNG,OH,AGL,CE,Combined TRACON& Tower with Radar,0,0,15,0,15,0,2,0,0,2,0,2,15,0,17,0,0,0,17
01/28/2014,YNG,OH,AGL,CE,Combined TRACON& Tower with Radar,0,2,2,8,12,0,0,2,2,4,0,2,4,10,16,0,4,4,20
01/29/2014,YNG,OH,AGL,CE,Combined TRACON& Tower with Radar,0,10,7,28,45,0,0,6,0,6,0,10,13,28,51,0,50,50,101
01/30/2014,YNG,OH,AGL,CE,Combined TRACON& Tower with Radar,6,3,9,10,28,0,0,5,4,9,6,3,14,14,37,15,6,21,58
01/31/2014,YNG,OH,AGL,CE,Combined TRACON& Tower with Radar,2,2,11,16,31,0,0,1,2,3,2,2,12,18,34,0,0,0,34
02/01/2014,YNG,OH,AGL,CE,Combined TRACON& Tower with Radar,0,3,8,10,21,0,0,3,0,3,0,3,11,10,24,0,8,8,32
02/02/2014,YNG,OH,AGL,CE,Combined TRACON& Tower with Radar,4,1,3,3,11,0,0,0,0,0,4,1,3,3,11,0,0,0,11
02/03/2014,YNG,OH,AGL,CE,Combined TRACON& Tower with Radar,1,0,24,34,59,0,2,7,0,9,1,2,31,34,68,10,50,60,128
02/04/2014,YNG,OH,AGL,CE,Combined TRACON& Tower with Radar,0,3,13,15,31,0,0,10,4,14,0,3,23,19,45,6,35,41,86
02/05/2014,YNG,OH,AGL,CE,Combined TRACON& Tower with Radar,0,0,1,0,1,0,2,0,0,2,0,2,1,0,3,0,0,0,3
02/06/2014,YNG,OH,AGL,CE,Combined TRACON& Tower with Radar,6,7,22,17,52,0,1,0,3,4,6,8,22,20,56,2,12,14,70
02/07/2014,YNG,OH,AGL,CE,Combined TRACON& Tower with Radar,2,0,9,2,13,0,0,2,0,2,2,0,11,2,15,0,0,0,15
02/08/2014,YNG,OH,AGL,CE,Combined TRACON& Tower with Radar,0,4,25,2,31,0,0,22,0,22,0,4,47,2,53,20,0,20,73
02/09/2014,YNG,OH,AGL,CE,Combined TRACON& Tower with Radar,6,2,5,0,13,0,0,1,0,1,6,2,6,0,14,8,0,8,22
02/10/2014,YNG,OH,AGL,CE,Combined TRACON& Tower with Radar,0,6,11,22,39,0,0,1,1,2,0,6,12,23,41,0,24,24,65
02/11/2014,YNG,OH,AGL,CE,Combined TRACON& Tower with Radar,0,2,15,29,46,0,2,5,5,12,0,4,20,34,58,22,24,46,104
02/12/2014,YNG,OH,AGL,CE,Combined TRACON& Tower with Radar,1,4,22,16,43,0,2,23,16,41,1,6,45,32,84,46,58,104,188
02/13/2014,YNG,OH,AGL,CE,Combined TRACON& Tower with Radar,7,4,21,18,50,0,0,9,2,11,7,4,30,20,61,18,6,24,85
02/14/2014,YNG,OH,AGL,CE,Combined TRACON& Tower with Radar,6,4,3,5,18,0,0,0,0,0,6,4,3,5,18,2,0,2,20
02/15/2014,YNG,OH,AGL,CE,Combined TRACON& Tower with Radar,0,1,11,2,14,0,0,3,0,3,0,1,14,2,17,24,0,24,41
02/16/2014,YNG,OH,AGL,CE,Combined TRACON& Tower with Radar,6,0,2,0,8,0,0,0,0,0,6,0,2,0,8,0,0,0,8
02/17/2014,YNG,OH,AGL,CE,Combined TRACON& Tower with Radar,4,9,12,1,26,0,0,0,0,0,4,9,12,1,26,0,0,0,26
02/18/2014,YNG,OH,AGL,CE,Combined TRACON& Tower with Radar,0,4,11,13,28,0,0,0,2,2,0,4,11,15,30,0,4,4,34
02/19/2014,YNG,OH,AGL,CE,Combined TRACON& Tower with Radar,0,2,15,26,43,0,2,2,0,4,0,4,17,26,47,2,42,44,91
02/20/2014,YNG,OH,AGL,CE,Combined TRACON& Tower with Radar,6,4,4,5,19,0,0,1,2,3,6,4,5,7,22,0,2,2,24
02/21/2014,YNG,OH,AGL,CE,Combined TRACON& Tower with Radar,2,1,9,2,14,0,2,0,0,2,2,3,9,2,16,0,0,0,16
02/22/2014,YNG,OH,AGL,CE,Combined TRACON& Tower with Radar,0,0,11,0,11,0,0,9,0,9,0,0,20,0,20,8,0,8,28
02/23/2014,YNG,OH,AGL,CE,Combined TRACON& Tower with Radar,6,4,15,3,28,0,2,14,0,16,6,6,29,3,44,14,0,14,58
02/24/2014,YNG,OH,AGL,CE,Combined TRACON& Tower with Radar,2,4,17,48,71,0,0,5,2,7,2,4,22,50,78,11,42,53,131
02/25/2014,YNG,OH,AGL,CE,Combined TRACON& Tower with Radar,2,2,10,34,48,0,1,1,0,2,2,3,11,34,50,0,48,48,98
02/26/2014,YNG,OH,AGL,CE,Combined TRACON& Tower with Radar,0,6,16,19,41,0,2,3,7,12,0,8,19,26,53,0,54,54,107
02/27/2014,YNG,OH,AGL,CE,Combined TRACON& Tower with Radar,4,0,12,7,23,0,0,0,3,3,4,0,12,10,26,0,0,0,26
02/28/2014,YNG,OH,AGL,CE,Combined TRACON& Tower with Radar,4,5,9,10,28,0,2,20,4,26,4,7,29,14,54,28,0,28,82
03/01/2014,YNG,OH,AGL,CE,Combined TRACON& Tower with Radar,0,2,9,0,11,0,0,19,0,19,0,2,28,0,30,0,0,0,30
03/02/2014,YNG,OH,AGL,CE,Combined TRACON& Tower with Radar,4,0,7,0,11,0,0,0,0,0,4,0,7,0,11,0,0,0,11
03/03/2014,YNG,OH,AGL,CE,Combined TRACON& Tower with Radar,2,1,16,20,39,0,0,2,11,13,2,1,18,31,52,4,72,76,128
03/04/2014,YNG,OH,AGL,CE,Combined TRACON& Tower with Radar,0,3,19,8,30,0,0,8,4,12,0,3,27,12,42,6,16,22,64
03/05/2014,YNG,OH,AGL,CE,Combined TRACON& Tower with Radar,2,8,21,32,63,0,1,9,3,13,2,9,30,35,76,4,72,76,152
03/06/2014,YNG,OH,AGL,CE,Combined TRACON& Tower with Radar,4,7,15,19,45,0,1,14,14,29,4,8,29,33,74,12,46,58,132
03/07/2014,YNG,OH,AGL,CE,Combined TRACON& Tower with Radar,2,4,18,2,26,0,0,29,2,31,2,4,47,4,57,60,0,60,117
03/08/2014,YNG,OH,AGL,CE,Combined TRACON& Tower with Radar,2,2,6,2,12,0,0,3,0,3,2,2,9,2,15,0,0,0,15
03/09/2014,YNG,OH,AGL,CE,Combined TRACON& Tower with Radar,4,2,20,1,27,0,0,25,0,25,4,2,45,1,52,2,0,2,54
03/10/2014,YNG,OH,AGL,CE,Combined TRACON& Tower with Radar,2,5,3,27,37,0,1,4,1,6,2,6,7,28,43,2,28,30,73
03/11/2014,YNG,OH,AGL,CE,Combined TRACON& Tower with Radar,0,2,21,31,54,0,8,22,20,50,0,10,43,51,104,29,94,123,227
03/12/2014,YNG,OH,AGL,CE,Combined TRACON& Tower with Radar,0,0,6,0,6,0,0,0,0,0,0,0,6,0,6,0,0,0,6
03/13/2014,YNG,OH,AGL,CE,Combined TRACON& Tower with Radar,6,6,12,34,58,0,2,6,11,19,6,8,18,45,77,2,42,44,121
03/14/2014,YNG,OH,AGL,CE,Combined TRACON& Tower with Radar,5,10,7,11,33,0,0,1,2,3,5,10,8,13,36,0,10,10,46
03/15/2014,YNG,OH,AGL,CE,Combined TRACON& Tower with Radar,2,2,11,2,17,0,0,0,0,0,2,2,11,2,17,1,0,1,18
03/16/2014,YNG,OH,AGL,CE,Combined TRACON& Tower with Radar,6,0,15,3,24,0,0,12,1,13,6,0,27,4,37,20,2,22,59
03/17/2014,YNG,OH,AGL,CE,Combined TRACON& Tower with Radar,2,6,8,28,44,0,0,11,2,13,2,6,19,30,57,40,78,118,175
03/18/2014,YNG,OH,AGL,CE,Combined TRACON& Tower with Radar,2,9,21,23,55,0,0,23,7,30,2,9,44,30,85,16,18,34,119
03/19/2014,YNG,OH,AGL,CE,Combined TRACON& Tower with Radar,2,3,13,38,56,0,0,0,0,0,2,3,13,38,56,0,4,4,60
03/20/2014,YNG,OH,AGL,CE,Combined TRACON& Tower with Radar,4,1,9,15,29,0,0,0,2,2,4,1,9,17,31,0,30,30,61
03/21/2014,YNG,OH,AGL,CE,Combined TRACON& Tower with Radar,2,2,13,19,36,0,1,16,0,17,2,3,29,19,53,40,2,42,95
03/22/2014,YNG,OH,AGL,CE,Combined TRACON& Tower with Radar,0,0,11,0,11,0,0,3,0,3,0,0,14,0,14,0,0,0,14
03/23/2014,YNG,OH,AGL,CE,Combined TRACON& Tower with Radar,4,4,15,0,23,0,0,11,0,11,4,4,26,0,34,14,0,14,48
03/24/2014,YNG,OH,AGL,CE,Combined TRACON& Tower with Radar,2,7,18,34,61,0,0,8,1,9,2,7,26,35,70,9,52,61,131
03/25/2014,YNG,OH,AGL,CE,Combined TRACON& Tower with Radar,0,0,10,25,35,0,0,3,3,6,0,0,13,28,41,0,12,12,53
03/26/2014,YNG,OH,AGL,CE,Combined TRACON& Tower with Radar,2,6,17,25,50,0,0,13,1,14,2,6,30,26,64,8,40,48,112
03/27/2014,YNG,OH,AGL,CE,Combined TRACON& Tower with Radar,4,5,8,26,43,0,0,6,3,9,4,5,14,29,52,0,30,30,82
03/28/2014,YNG,OH,AGL,CE,Combined TRACON& Tower with Radar,2,2,7,13,24,0,0,0,0,0,2,2,7,13,24,0,16,16,40
03/29/2014,YNG,OH,AGL,CE,Combined TRACON& Tower with Radar,2,3,21,0,26,0,0,3,0,3,2,3,24,0,29,4,0,4,33
03/30/2014,YNG,OH,AGL,CE,Combined TRACON& Tower with Radar,4,5,14,4,27,0,0,8,1,9,4,5,22,5,36,6,0,6,42
03/31/2014,YNG,OH,AGL,CE,Combined TRACON& Tower with Radar,2,5,14,23,44,0,5,40,2,47,2,10,54,25,91,34,72,106,197
04/01/2014,YNG,OH,AGL,CE,Combined TRACON& Tower with Radar,0,3,7,16,26,0,0,6,7,13,0,3,13,23,39,0,4,4,43
04/02/2014,YNG,OH,AGL,CE,Combined TRACON& Tower with Radar,2,3,13,22,40,0,5,18,3,26,2,8,31,25,66,19,38,57,123
04/03/2014,YNG,OH,AGL,CE,Combined TRACON& Tower with Radar,4,2,25,28,59,0,2,7,2,11,4,4,32,30,70,2,4,6,76
04/04/2014,YNG,OH,AGL,CE,Combined TRACON& Tower with Radar,4,8,6,22,40,0,0,2,1,3,4,8,8,23,43,0,0,0,43
04/05/2014,YNG,OH,AGL,CE,Combined TRACON& Tower with Radar,0,3,7,0,10,0,0,3,0,3,0,3,10,0,13,0,0,0,13
04/06/2014,YNG,OH,AGL,CE,Combined TRACON& Tower with Radar,6,4,30,5,45,0,0,41,1,42,6,4,71,6,87,18,12,30,117
04/07/2014,YNG,OH,AGL,CE,Combined TRACON& Tower with Radar,2,13,15,4,34,0,0,6,0,6,2,13,21,4,40,0,29,29,69
04/08/2014,YNG,OH,AGL,CE,Combined TRACON& Tower with Radar,0,2,24,26,52,0,0,15,6,21,0,2,39,32,73,8,62,70,143
04/09/2014,YNG,OH,AGL,CE,Combined TRACON& Tower with Radar,0,4,26,35,65,0,0,16,11,27,0,4,42,46,92,16,88,104,196
04/10/2014,YNG,OH,AGL,CE,Combined TRACON& Tower with Radar,4,0,12,26,42,0,0,9,7,16,4,0,21,33,58,0,22,22,80
04/11/2014,YNG,OH,AGL,CE,Combined TRACON& Tower with Radar,3,4,38,10,55,0,0,0,0,0,3,4,38,10,55,6,4,10,65
04/12/2014,YNG,OH,AGL,CE,Combined TRACON& Tower with Radar,0,3,39,1,43,0,0,42,5,47,0,3,81,6,90,48,4,52,142
04/13/2014,YNG,OH,AGL,CE,Combined TRACON& Tower with Radar,6,2,9,2,19,0,0,4,2,6,6,2,13,4,25,0,0,0,25
04/14/2014,YNG,OH,AGL,CE,Combined TRACON& Tower with Radar,2,3,4,26,35,0,0,3,0,3,2,3,7,26,38,0,22,22,60
04/15/2014,YNG,OH,AGL,CE,Combined TRACON& Tower with Radar,0,4,12,7,23,0,0,0,0,0,0,4,12,7,23,0,16,16,39
04/16/2014,YNG,OH,AGL,CE,Combined TRACON& Tower with Radar,0,9,23,25,57,0,7,27,7,41,0,16,50,32,98,24,60,84,182
04/17/2014,YNG,OH,AGL,CE,Combined TRACON& Tower with Radar,4,15,16,16,51,0,0,14,17,31,4,15,30,33,82,29,44,73,155
04/18/2014,YNG,OH,AGL,CE,Combined TRACON& Tower with Radar,2,4,15,0,21,0,1,13,0,14,2,5,28,0,35,14,0,14,49
04/19/2014,YNG,OH,AGL,CE,Combined TRACON& Tower with Radar,0,3,6,0,9,0,0,27,0,27,0,3,33,0,36,24,0,24,60
04/20/2014,YNG,OH,AGL,CE,Combined TRACON& Tower with Radar,4,0,17,0,21,0,0,28,0,28,4,0,45,0,49,0,0,0,49
04/21/2014,YNG,OH,AGL,CE,Combined TRACON& Tower with Radar,2,3,25,23,53,0,0,14,3,17,2,3,39,26,70,0,0,0,70
04/22/2014,YNG,OH,AGL,CE,Combined TRACON& Tower with Radar,0,9,13,11,33,0,0,1,2,3,0,9,14,13,36,0,0,0,36
04/23/2014,YNG,OH,AGL,CE,Combined TRACON& Tower with Radar,0,1,19,28,48,0,0,8,0,8,0,1,27,28,56,0,0,0,56
04/24/2014,YNG,OH,AGL,CE,Combined TRACON& Tower with Radar,4,5,34,20,63,0,0,34,8,42,4,5,68,28,105,0,4,4,109
04/25/2014,YNG,OH,AGL,CE,Combined TRACON& Tower with Radar,2,3,15,2,22,0,0,2,0,2,2,3,17,2,24,1,0,1,25
04/26/2014,YNG,OH,AGL,CE,Combined TRACON& Tower with Radar,0,10,11,6,27,0,0,14,1,15,0,10,25,7,42,3,0,3,45
04/27/2014,YNG,OH,AGL,CE,Combined TRACON& Tower with Radar,4,1,18,3,26,0,0,17,5,22,4,1,35,8,48,22,2,24,72
04/28/2014,YNG,OH,AGL,CE,Combined TRACON& Tower with Radar,2,1,6,26,35,0,0,1,2,3,2,1,7,28,38,4,48,52,90
04/29/2014,YNG,OH,AGL,CE,Combined TRACON& Tower with Radar,0,4,3,9,16,0,0,0,2,2,0,4,3,11,18,0,16,16,34
04/30/2014,YNG,OH,AGL,CE,Combined TRACON& Tower with Radar,0,0,9,41,50,0,0,0,0,0,0,0,9,41,50,0,14,14,64
05/01/2014,YNG,OH,AGL,CE,Combined TRACON& Tower with Radar,4,4,17,16,41,0,1,1,2,4,4,5,18,18,45,0,32,32,77
05/02/2014,YNG,OH,AGL,CE,Combined TRACON& Tower with Radar,4,3,14,7,28,0,2,6,0,8,4,5,20,7,36,0,38,38,74
05/03/2014,YNG,OH,AGL,CE,Combined TRACON& Tower with Radar,0,0,11,2,13,0,0,6,0,6,0,0,17,2,19,30,20,50,69
05/04/2014,YNG,OH,AGL,CE,Combined TRACON& Tower with Radar,4,5,31,6,46,0,0,12,2,14,4,5,43,8,60,0,0,0,60
05/05/2014,YNG,OH,AGL,CE,Combined TRACON& Tower with Radar,4,8,28,38,78,0,0,25,2,27,4,8,53,40,105,10,88,98,203
05/06/2014,YNG,OH,AGL,CE,Combined TRACON& Tower with Radar,0,8,38,36,82,0,0,33,7,40,0,8,71,43,122,79,64,143,265
05/07/2014,YNG,OH,AGL,CE,Combined TRACON& Tower with Radar,0,4,22,30,56,0,0,12,4,16,0,4,34,34,72,0,62,62,134
05/08/2014,YNG,OH,AGL,CE,Combined TRACON& Tower with Radar,8,2,25,7,42,0,1,19,9,29,8,3,44,16,71,22,22,44,115
05/09/2014,YNG,OH,AGL,CE,Combined TRACON& Tower with Radar,2,7,6,9,24,0,0,3,0,3,2,7,9,9,27,0,10,10,37
05/10/2014,YNG,OH,AGL,CE,Combined TRACON& Tower with Radar,0,5,17,0,22,0,0,4,0,4,0,5,21,0,26,0,0,0,26
05/11/2014,YNG,OH,AGL,CE,Combined TRACON& Tower with Radar,8,3,23,0,34,0,0,14,0,14,8,3,37,0,48,14,0,14,62
05/12/2014,YNG,OH,AGL,CE,Combined TRACON& Tower with Radar,2,3,5,17,27,0,0,0,0,0,2,3,5,17,27,0,30,30,57
05/13/2014,YNG,OH,AGL,CE,Combined TRACON& Tower with Radar,0,3,5,27,35,0,1,6,17,24,0,4,11,44,59,26,40,66,125
05/14/2014,YNG,OH,AGL,CE,Combined TRACON& Tower with Radar,0,0,16,10,26,0,0,7,0,7,0,0,23,10,33,0,10,10,43
05/15/2014,YNG,OH,AGL,CE,Combined TRACON& Tower with Radar,6,4,19,24,53,0,0,2,0,2,6,4,21,24,55,0,6,6,61
05/16/2014,YNG,OH,AGL,CE,Combined TRACON& Tower with Radar,4,4,17,27,52,0,0,34,0,34,4,4,51,27,86,16,0,16,102
05/17/2014,YNG,OH,AGL,CE,Combined TRACON& Tower with Radar,0,3,17,1,21,0,2,5,0,7,0,5,22,1,28,4,0,4,32
05/18/2014,YNG,OH,AGL,CE,Combined TRACON& Tower with Radar,8,2,9,0,19,0,7,31,0,38,8,9,40,0,57,60,6,66,123
05/19/2014,YNG,OH,AGL,CE,Combined TRACON& Tower with Radar,2,7,27,24,60,0,0,38,4,42,2,7,65,28,102,0,0,0,102
05/20/2014,YNG,OH,AGL,CE,Combined TRACON& Tower with Radar,0,7,27,4,38,0,6,21,6,33,0,13,48,10,71,23,32,55,126
05/21/2014,YNG,OH,AGL,CE,Combined TRACON& Tower with Radar,0,2,33,4,39,0,1,7,0,8,0,3,40,4,47,6,2,8,55
05/22/2014,YNG,OH,AGL,CE,Combined TRACON& Tower with Radar,4,3,30,11,48,0,0,15,4,19,4,3,45,15,67,24,30,54,121
05/23/2014,YNG,OH,AGL,CE,Combined TRACON& Tower with Radar,4,6,19,18,47,0,2,14,0,16,4,8,33,18,63,10,6,16,79
05/24/2014,YNG,OH,AGL,CE,Combined TRACON& Tower with Radar,0,5,6,0,11,0,1,30,0,31,0,6,36,0,42,33,0,33,75
05/25/2014,YNG,OH,AGL,CE,Combined TRACON& Tower with Radar,6,1,12,0,19,0,0,18,0,18,6,1,30,0,37,67,0,67,104
05/26/2014,YNG,OH,AGL,CE,Combined TRACON& Tower with Radar,2,4,12,0,18,0,0,16,0,16,2,4,28,0,34,0,0,0,34
05/27/2014,YNG,OH,AGL,CE,Combined TRACON& Tower with Radar,0,4,7,7,18,0,0,6,1,7,0,4,13,8,25,0,0,0,25
05/28/2014,YNG,OH,AGL,CE,Combined TRACON& Tower with Radar,2,0,20,12,34,0,0,2,0,2,2,0,22,12,36,0,0,0,36
05/29/2014,YNG,OH,AGL,CE,Combined TRACON& Tower with Radar,6,5,28,15,54,0,0,22,6,28,6,5,50,21,82,0,0,0,82
05/30/2014,YNG,OH,AGL,CE,Combined TRACON& Tower with Radar,2,0,24,2,28,0,0,31,0,31,2,0,55,2,59,0,0,0,59
05/31/2014,YNG,OH,AGL,CE,Combined TRACON& Tower with Radar,4,1,17,1,23,0,0,32,0,32,4,1,49,1,55,0,0,0,55
06/01/2014,YNG,OH,AGL,CE,Combined TRACON& Tower with Radar,6,4,16,2,28,0,0,33,2,35,6,4,49,4,63,14,2,16,79
06/02/2014,YNG,OH,AGL,CE,Combined TRACON& Tower with Radar,2,4,9,2,17,0,4,10,0,14,2,8,19,2,31,16,0,16,47
06/03/2014,YNG,OH,AGL,CE,Combined TRACON& Tower with Radar,2,2,24,7,35,0,0,6,6,12,2,2,30,13,47,0,6,6,53
06/04/2014,YNG,OH,AGL,CE,Combined TRACON& Tower with Radar,4,6,23,14,47,0,2,16,0,18,4,8,39,14,65,8,52,60,125
06/05/2014,YNG,OH,AGL,CE,Combined TRACON& Tower with Radar,4,9,14,7,34,0,0,10,5,15,4,9,24,12,49,6,4,10,59
06/06/2014,YNG,OH,AGL,CE,Combined TRACON& Tower with Radar,6,7,25,7,45,0,4,39,0,43,6,11,64,7,88,40,10,50,138
06/07/2014,YNG,OH,AGL,CE,Combined TRACON& Tower with Radar,4,0,18,3,25,0,2,20,1,23,4,2,38,4,48,0,0,0,48
06/08/2014,YNG,OH,AGL,CE,Combined TRACON& Tower with Radar,10,1,3,4,18,0,0,0,0,0,10,1,3,4,18,0,0,0,18
06/09/2014,YNG,OH,AGL,CE,Combined TRACON& Tower with Radar,2,2,18,33,55,0,0,16,1,17,2,2,34,34,72,4,52,56,128
06/10/2014,YNG,OH,AGL,CE,Combined TRACON& Tower with Radar,1,4,24,18,47,0,0,5,5,10,1,4,29,23,57,0,10,10,67
06/11/2014,YNG,OH,AGL,CE,Combined TRACON& Tower with Radar,4,11,13,20,48,0,0,4,0,4,4,11,17,20,52,12,66,78,130
06/12/2014,YNG,OH,AGL,CE,Combined TRACON& Tower with Radar,4,11,33,8,56,0,0,7,4,11,4,11,40,12,67,6,32,38,105
06/13/2014,YNG,OH,AGL,CE,Combined TRACON& Tower with Radar,4,0,30,13,47,0,0,5,0,5,4,0,35,13,52,0,16,16,68
06/14/2014,YNG,OH,AGL,CE,Combined TRACON& Tower with Radar,6,0,18,2,26,0,0,22,0,22,6,0,40,2,48,0,0,0,48
06/15/2014,YNG,OH,AGL,CE,Combined TRACON& Tower with Radar,8,3,19,1,31,0,0,36,0,36,8,3,55,1,67,0,0,0,67
06/16/2014,YNG,OH,AGL,CE,Combined TRACON& Tower with Radar,2,2,19,12,35,0,0,3,0,3,2,2,22,12,38,0,24,24,62
06/17/2014,YNG,OH,AGL,CE,Combined TRACON& Tower with Radar,0,8,15,8,31,0,0,12,2,14,0,8,27,10,45,4,10,14,59
06/18/2014,YNG,OH,AGL,CE,Combined TRACON& Tower with Radar,4,7,7,16,34,0,0,1,0,1,4,7,8,16,35,0,18,18,53
06/19/2014,YNG,OH,AGL,CE,Combined TRACON& Tower with Radar,4,4,30,24,62,0,1,2,4,7,4,5,32,28,69,0,48,48,117
06/20/2014,YNG,OH,AGL,CE,Combined TRACON& Tower with Radar,5,4,36,16,61,0,0,17,1,18,5,4,53,17,79,4,12,16,95
06/21/2014,YNG,OH,AGL,CE,Combined TRACON& Tower with Radar,4,8,32,0,44,0,0,9,0,9,4,8,41,0,53,12,0,12,65
06/22/2014,YNG,OH,AGL,CE,Combined TRACON& Tower with Radar,10,5,26,0,41,0,0,37,0,37,10,5,63,0,78,34,6,40,118
06/23/2014,YNG,OH,AGL,CE,Combined TRACON& Tower with Radar,2,4,21,20,47,0,0,17,1,18,2,4,38,21,65,22,38,60,125
06/24/2014,YNG,OH,AGL,CE,Combined TRACON& Tower with Radar,0,5,15,4,24,0,0,9,1,10,0,5,24,5,34,6,14,20,54
06/25/2014,YNG,OH,AGL,CE,Combined TRACON& Tower with Radar,5,3,23,18,49,0,0,1,2,3,5,3,24,20,52,0,10,10,62
06/26/2014,YNG,OH,AGL,CE,Combined TRACON& Tower with Radar,4,1,22,13,40,0,0,16,8,24,4,1,38,21,64,4,8,12,76
06/27/2014,YNG,OH,AGL,CE,Combined TRACON& Tower with Radar,5,4,15,18,42,0,0,20,0,20,5,4,35,18,62,0,0,0,62
06/28/2014,YNG,OH,AGL,CE,Combined TRACON& Tower with Radar,4,2,14,0,20,0,3,21,0,24,4,5,35,0,44,0,0,0,44
06/29/2014,YNG,OH,AGL,CE,Combined TRACON& Tower with Radar,8,5,23,0,36,0,1,6,0,7,8,6,29,0,43,0,0,0,43
06/30/2014,YNG,OH,AGL,CE,Combined TRACON& Tower with Radar,2,1,19,32,54,0,0,9,8,17,2,1,28,40,71,0,0,0,71
07/01/2014,YNG,OH,AGL,CE,Combined TRACON& Tower with Radar,2,4,16,16,38,0,0,5,4,9,2,4,21,20,47,6,34,40,87
07/02/2014,YNG,OH,AGL,CE,Combined TRACON& Tower with Radar,4,3,19,32,58,0,3,12,8,23,4,6,31,40,81,19,44,63,144
07/03/2014,YNG,OH,AGL,CE,Combined TRACON& Tower with Radar,2,1,5,4,12,0,1,7,0,8,2,2,12,4,20,14,0,14,34
07/04/2014,YNG,OH,AGL,CE,Combined TRACON& Tower with Radar,4,1,12,0,17,0,0,19,0,19,4,1,31,0,36,11,0,11,47
07/05/2014,YNG,OH,AGL,CE,Combined TRACON& Tower with Radar,6,2,18,0,26,0,0,33,0,33,6,2,51,0,59,30,0,30,89
07/06/2014,YNG,OH,AGL,CE,Combined TRACON& Tower with Radar,10,6,4,0,20,0,1,17,0,18,10,7,21,0,38,24,0,24,62
07/07/2014,YNG,OH,AGL,CE,Combined TRACON& Tower with Radar,2,5,14,8,29,0,3,4,0,7,2,8,18,8,36,1,8,9,45
07/08/2014,YNG,OH,AGL,CE,Combined TRACON& Tower with Radar,0,5,12,12,29,0,0,0,3,3,0,5,12,15,32,0,8,8,40
07/09/2014,YNG,OH,AGL,CE,Combined TRACON& Tower with Radar,4,4,18,34,60,0,0,11,0,11,4,4,29,34,71,1,68,69,140
07/10/2014,YNG,OH,AGL,CE,Combined TRACON& Tower with Radar,4,1,17,20,42,0,0,26,3,29,4,1,43,23,71,52,30,82,153
07/11/2014,YNG,OH,AGL,CE,Combined TRACON& Tower with Radar,4,2,26,7,39,0,0,41,0,41,4,2,67,7,80,4,28,32,112
07/12/2014,YNG,OH,AGL,CE,Combined TRACON& Tower with Radar,4,1,17,3,25,0,0,17,0,17,4,1,34,3,42,6,0,6,48
07/13/2014,YNG,OH,AGL,CE,Combined TRACON& Tower with Radar,8,4,12,0,24,0,0,1,0,1,8,4,13,0,25,4,0,4,29
07/14/2014,YNG,OH,AGL,CE,Combined TRACON& Tower with Radar,2,13,29,12,56,0,0,2,0,2,2,13,31,12,58,10,0,10,68
07/15/2014,YNG,OH,AGL,CE,Combined TRACON& Tower with Radar,1,2,29,17,49,0,0,12,6,18,1,2,41,23,67,36,30,66,133
07/16/2014,YNG,OH,AGL,CE,Combined TRACON& Tower with Radar,5,8,31,46,90,0,3,6,0,9,5,11,37,46,99,0,28,28,127
07/17/2014,YNG,OH,AGL,CE,Combined TRACON& Tower with Radar,4,2,31,12,49,0,0,28,4,32,4,2,59,16,81,16,16,32,113
07/18/2014,YNG,OH,AGL,CE,Combined TRACON& Tower with Radar,4,4,19,4,31,0,2,37,2,41,4,6,56,6,72,40,24,64,136
07/19/2014,YNG,OH,AGL,CE,Combined TRACON& Tower with Radar,6,7,28,0,41,0,0,0,0,0,6,7,28,0,41,0,0,0,41
07/20/2014,YNG,OH,AGL,CE,Combined TRACON& Tower with Radar,8,4,35,0,47,0,0,0,0,0,8,4,35,0,47,0,0,0,47
07/21/2014,YNG,OH,AGL,CE,Combined TRACON& Tower with Radar,2,0,31,16,49,0,0,20,1,21,2,0,51,17,70,46,32,78,148
07/22/2014,YNG,OH,AGL,CE,Combined TRACON& Tower with Radar,0,2,23,11,36,0,0,14,7,21,0,2,37,18,57,18,6,24,81
07/23/2014,YNG,OH,AGL,CE,Combined TRACON& Tower with Radar,4,2,21,24,51,0,2,0,5,7,4,4,21,29,58,0,44,44,102
07/24/2014,YNG,OH,AGL,CE,Combined TRACON& Tower with Radar,4,5,23,10,42,0,0,18,2,20,4,5,41,12,62,9,26,35,97
07/25/2014,YNG,OH,AGL,CE,Combined TRACON& Tower with Radar,4,9,31,0,44,0,0,37,0,37,4,9,68,0,81,44,0,44,125
07/26/2014,YNG,OH,AGL,CE,Combined TRACON& Tower with Radar,4,0,18,0,22,0,2,18,0,20,4,2,36,0,42,6,0,6,48
07/27/2014,YNG,OH,AGL,CE,Combined TRACON& Tower with Radar,8,2,12,0,22,0,0,5,0,5,8,2,17,0,27,0,0,0,27
07/28/2014,YNG,OH,AGL,CE,Combined TRACON& Tower with Radar,2,5,16,5,28,0,0,2,0,2,2,5,18,5,30,0,0,0,30
07/29/2014,YNG,OH,AGL,CE,Combined TRACON& Tower with Radar,0,3,22,22,47,0,0,14,4,18,0,3,36,26,65,0,0,0,65
07/30/2014,YNG,OH,AGL,CE,Combined TRACON& Tower with Radar,0,3,18,45,66,0,0,17,1,18,0,3,35,46,84,0,0,0,84
07/31/2014,YNG,OH,AGL,CE,Combined TRACON& Tower with Radar,6,7,22,2,37,0,0,19,2,21,6,7,41,4,58,0,0,0,58
08/01/2014,YNG,OH,AGL,CE,Combined TRACON& Tower with Radar,8,8,29,6,51,0,2,32,0,34,8,10,61,6,85,0,0,0,85
08/02/2014,YNG,OH,AGL,CE,Combined TRACON& Tower with Radar,8,2,12,0,22,0,0,5,0,5,8,2,17,0,27,0,0,0,27
08/03/2014,YNG,OH,AGL,CE,Combined TRACON& Tower with Radar,2,5,16,5,28,0,0,2,0,2,2,5,18,5,30,0,0,0,30
08/04/2014,YNG,OH,AGL,CE,Combined TRACON& Tower with Radar,4,7,37,16,64,0,0,39,5,44,4,7,76,21,108,58,28,86,194
08/05/2014,YNG,OH,AGL,CE,Combined TRACON& Tower with Radar,2,0,13,12,27,0,0,2,0,2,2,0,15,12,29,14,10,24,53
08/06/2014,YNG,OH,AGL,CE,Combined TRACON& Tower with Radar,0,5,24,36,65,0,0,13,5,18,0,5,37,41,83,26,66,92,175
08/07/2014,YNG,OH,AGL,CE,Combined TRACON& Tower with Radar,6,2,30,14,52,0,4,25,7,36,6,6,55,21,88,20,46,66,154
08/08/2014,YNG,OH,AGL,CE,Combined TRACON& Tower with Radar,2,3,32,6,43,0,1,21,0,22,2,4,53,6,65,22,2,24,89
08/09/2014,YNG,OH,AGL,CE,Combined TRACON& Tower with Radar,2,4,20,0,26,0,1,18,0,19,2,5,38,0,45,26,0,26,71
08/10/2014,YNG,OH,AGL,CE,Combined TRACON& Tower with Radar,6,2,19,0,27,0,0,19,0,19,6,2,38,0,46,92,0,92,138
08/11/2014,YNG,OH,AGL,CE,Combined TRACON& Tower with Radar,2,6,6,26,40,0,2,0,0,2,2,8,6,26,42,0,6,6,48
08/12/2014,YNG,OH,AGL,CE,Combined TRACON& Tower with Radar,2,11,17,18,48,0,0,1,1,2,2,11,18,19,50,12,30,42,92
08/13/2014,YNG,OH,AGL,CE,Combined TRACON& Tower with Radar,0,7,20,11,38,0,0,8,1,9,0,7,28,12,47,26,22,48,95
08/14/2014,YNG,OH,AGL,CE,Combined TRACON& Tower with Radar,6,3,21,11,41,0,0,17,1,18,6,3,38,12,59,12,0,12,71
08/15/2014,YNG,OH,AGL,CE,Combined TRACON& Tower with Radar,2,6,12,4,24,0,2,19,3,24,2,8,31,7,48,10,0,10,58
08/16/2014,YNG,OH,AGL,CE,Combined TRACON& Tower with Radar,0,4,11,2,17,0,0,17,0,17,0,4,28,2,34,8,0,8,42
08/17/2014,YNG,OH,AGL,CE,Combined TRACON& Tower with Radar,8,2,11,1,22,0,0,10,0,10,8,2,21,1,32,10,0,10,42
08/18/2014,YNG,OH,AGL,CE,Combined TRACON& Tower with Radar,0,6,15,26,47,0,3,16,3,22,0,9,31,29,69,38,44,82,151
08/19/2014,YNG,OH,AGL,CE,Combined TRACON& Tower with Radar,0,3,20,8,31,0,0,18,5,23,0,3,38,13,54,8,12,20,74
08/20/2014,YNG,OH,AGL,CE,Combined TRACON& Tower with Radar,0,5,25,30,60,0,0,2,1,3,0,5,27,31,63,0,32,32,95
08/21/2014,YNG,OH,AGL,CE,Combined TRACON& Tower with Radar,6,3,11,1,21,0,0,10,1,11,6,3,21,2,32,16,0,16,48
08/22/2014,YNG,OH,AGL,CE,Combined TRACON& Tower with Radar,0,7,11,9,27,0,0,9,1,10,0,7,20,10,37,0,0,0,37
08/23/2014,YNG,OH,AGL,CE,Combined TRACON& Tower with Radar,0,1,21,0,22,0,0,35,0,35,0,1,56,0,57,10,0,10,67
08/24/2014,YNG,OH,AGL,CE,Combined TRACON& Tower with Radar,6,3,21,1,31,0,0,11,0,11,6,3,32,1,42,4,0,4,46
08/25/2014,YNG,OH,AGL,CE,Combined TRACON& Tower with Radar,0,1,17,15,33,0,0,11,2,13,0,1,28,17,46,14,32,46,92
08/26/2014,YNG,OH,AGL,CE,Combined TRACON& Tower with Radar,0,7,23,24,54,0,5,19,12,36,0,12,42,36,90,24,46,70,160
08/27/2014,YNG,OH,AGL,CE,Combined TRACON& Tower with Radar,0,10,33,30,73,0,3,7,2,12,0,13,40,32,85,2,14,16,101
08/28/2014,YNG,OH,AGL,CE,Combined TRACON& Tower with Radar,8,6,19,5,38,0,0,20,3,23,8,6,39,8,61,10,8,18,79
08/29/2014,YNG,OH,AGL,CE,Combined TRACON& Tower with Radar,0,1,35,1,37,0,0,34,0,34,0,1,69,1,71,6,0,6,77
08/30/2014,YNG,OH,AGL,CE,Combined TRACON& Tower with Radar,0,6,25,0,31,0,0,22,0,22,0,6,47,0,53,18,0,18,71
08/31/2014,YNG,OH,AGL,CE,Combined TRACON& Tower with Radar,6,0,6,2,14,0,0,0,0,0,6,0,6,2,14,0,0,0,14
09/01/2014,YNG,OH,AGL,CE,Combined TRACON& Tower with Radar,0,4,8,0,12,0,0,1,0,1,0,4,9,0,13,0,0,0,13
09/02/2014,YNG,OH,AGL,CE,Combined TRACON& Tower with Radar,0,3,9,8,20,0,0,1,5,6,0,3,10,13,26,0,6,6,32
09/03/2014,YNG,OH,AGL,CE,Combined TRACON& Tower with Radar,0,5,18,31,54,0,4,21,0,25,0,9,39,31,79,16,70,86,165
09/04/2014,YNG,OH,AGL,CE,Combined TRACON& Tower with Radar,6,7,14,8,35,0,0,22,1,23,6,7,36,9,58,28,12,40,98
09/05/2014,YNG,OH,AGL,CE,Combined TRACON& Tower with Radar,2,6,10,8,26,0,0,10,0,10,2,6,20,8,36,32,0,32,68
09/06/2014,YNG,OH,AGL,CE,Combined TRACON& Tower with Radar,0,3,17,3,23,0,0,0,0,0,0,3,17,3,23,1,0,1,24
09/07/2014,YNG,OH,AGL,CE,Combined TRACON& Tower with Radar,6,5,21,5,37,0,0,24,3,27,6,5,45,8,64,0,0,0,64
09/08/2014,YNG,OH,AGL,CE,Combined TRACON& Tower with Radar,2,0,18,12,32,0,0,25,0,25,2,0,43,12,57,34,12,46,103
09/09/2014,YNG,OH,AGL,CE,Combined TRACON& Tower with Radar,0,7,9,19,35,0,0,12,0,12,0,7,21,19,47,20,8,28,75
09/10/2014,YNG,OH,AGL,CE,Combined TRACON& Tower with Radar,0,5,15,18,38,0,0,7,0,7,0,5,22,18,45,2,12,14,59
09/11/2014,YNG,OH,AGL,CE,Combined TRACON& Tower with Radar,6,20,22,21,69,0,0,2,0,2,6,20,24,21,71,0,8,8,79
09/12/2014,YNG,OH,AGL,CE,Combined TRACON& Tower with Radar,0,8,20,11,39,0,1,2,1,4,0,9,22,12,43,6,10,16,59
09/13/2014,YNG,OH,AGL,CE,Combined TRACON& Tower with Radar,0,4,12,2,18,0,0,1,0,1,0,4,13,2,19,0,0,0,19
09/14/2014,YNG,OH,AGL,CE,Combined TRACON& Tower with Radar,6,2,19,2,29,0,0,42,0,42,6,2,61,2,71,2,0,2,73
09/15/2014,YNG,OH,AGL,CE,Combined TRACON& Tower with Radar,0,0,18,17,35,0,0,17,1,18,0,0,35,18,53,44,30,74,127
09/16/2014,YNG,OH,AGL,CE,Combined TRACON& Tower with Radar,0,6,27,21,54,0,0,12,2,14,0,6,39,23,68,0,30,30,98
09/17/2014,YNG,OH,AGL,CE,Combined TRACON& Tower with Radar,0,5,36,19,60,0,2,23,3,28,0,7,59,22,88,48,54,102,190
09/18/2014,YNG,OH,AGL,CE,Combined TRACON& Tower with Radar,4,9,22,5,40,0,0,20,0,20,4,9,42,5,60,4,0,4,64
09/19/2014,YNG,OH,AGL,CE,Combined TRACON& Tower with Radar,1,3,20,11,35,0,2,31,2,35,1,5,51,13,70,6,16,22,92
09/20/2014,YNG,OH,AGL,CE,Combined TRACON& Tower with Radar,0,1,8,2,11,0,0,18,0,18,0,1,26,2,29,8,0,8,37
09/21/2014,YNG,OH,AGL,CE,Combined TRACON& Tower with Radar,4,16,8,0,28,0,0,4,0,4,4,16,12,0,32,2,40,42,74
09/22/2014,YNG,OH,AGL,CE,Combined TRACON& Tower with Radar,0,8,23,22,53,0,0,9,2,11,0,8,32,24,64,0,0,0,64
09/23/2014,YNG,OH,AGL,CE,Combined TRACON& Tower with Radar,0,5,25,12,42,0,0,9,5,14,0,5,34,17,56,28,10,38,94
09/24/2014,YNG,OH,AGL,CE,Combined TRACON& Tower with Radar,0,5,13,27,45,0,0,18,5,23,0,5,31,32,68,7,0,7,75
09/25/2014,YNG,OH,AGL,CE,Combined TRACON& Tower with Radar,4,5,21,11,41,0,0,16,2,18,4,5,37,13,59,14,10,24,83
09/26/2014,YNG,OH,AGL,CE,Combined TRACON& Tower with Radar,2,4,24,6,36,0,0,23,0,23,2,4,47,6,59,8,16,24,83
09/27/2014,YNG,OH,AGL,CE,Combined TRACON& Tower with Radar,0,2,11,2,15,0,0,23,0,23,0,2,34,2,38,15,0,15,53
09/28/2014,YNG,OH,AGL,CE,Combined TRACON& Tower with Radar,6,8,19,1,34,0,0,36,1,37,6,8,55,2,71,54,0,54,125
09/29/2014,YNG,OH,AGL,CE,Combined TRACON& Tower with Radar,0,3,23,3,29,0,0,19,0,19,0,3,42,3,48,24,16,40,88
09/30/2014,YNG,OH,AGL,CE,Combined TRACON& Tower with Radar,0,6,28,9,43,0,0,2,1,3,0,6,30,10,46,0,0,0,46
10/01/2014,YNG,OH,AGL,CE,Combined TRACON& Tower with Radar,2,0,13,12,27,0,0,5,1,6,2,0,18,13,33,0,26,26,59
10/02/2014,YNG,OH,AGL,CE,Combined TRACON& Tower with Radar,4,10,24,14,52,0,3,27,1,31,4,13,51,15,83,64,34,98,181
10/03/2014,YNG,OH,AGL,CE,Combined TRACON& Tower with Radar,2,7,16,9,34,0,2,3,0,5,2,9,19,9,39,0,0,0,39
10/04/2014,YNG,OH,AGL,CE,Combined TRACON& Tower with Radar,2,2,21,0,25,0,0,4,0,4,2,2,25,0,29,0,0,0,29
10/05/2014,YNG,OH,AGL,CE,Combined TRACON& Tower with Radar,4,3,13,3,23,0,0,9,3,12,4,3,22,6,35,0,0,0,35
10/06/2014,YNG,OH,AGL,CE,Combined TRACON& Tower with Radar,0,4,5,53,62,0,0,0,1,1,0,4,5,54,63,0,28,28,91
10/07/2014,YNG,OH,AGL,CE,Combined TRACON& Tower with Radar,2,7,18,10,37,0,0,5,0,5,2,7,23,10,42,0,18,18,60
10/08/2014,YNG,OH,AGL,CE,Combined TRACON& Tower with Radar,0,0,14,20,34,0,0,2,8,10,0,0,16,28,44,1,48,49,93
10/09/2014,YNG,OH,AGL,CE,Combined TRACON& Tower with Radar,4,3,21,12,40,0,2,23,4,29,4,5,44,16,69,42,58,100,169
10/10/2014,YNG,OH,AGL,CE,Combined TRACON& Tower with Radar,3,3,15,5,26,0,0,12,0,12,3,3,27,5,38,6,6,12,50
10/11/2014,YNG,OH,AGL,CE,Combined TRACON& Tower with Radar,0,0,18,0,18,0,0,22,0,22,0,0,40,0,40,30,0,30,70
10/12/2014,YNG,OH,AGL,CE,Combined TRACON& Tower with Radar,4,2,17,0,23,0,0,28,0,28,4,2,45,0,51,22,0,22,73
10/13/2014,YNG,OH,AGL,CE,Combined TRACON& Tower with Radar,0,9,22,0,31,0,0,6,0,6,0,9,28,0,37,32,0,32,69
10/14/2014,YNG,OH,AGL,CE,Combined TRACON& Tower with Radar,0,3,6,22,31,0,0,1,2,3,0,3,7,24,34,0,14,14,48
10/15/2014,YNG,OH,AGL,CE,Combined TRACON& Tower with Radar,2,6,18,27,53,0,0,3,1,4,2,6,21,28,57,10,50,60,117
10/16/2014,YNG,OH,AGL,CE,Combined TRACON& Tower with Radar,5,7,37,19,68,0,0,2,2,4,5,7,39,21,72,8,38,46,118
10/17/2014,YNG,OH,AGL,CE,Combined TRACON& Tower with Radar,5,3,22,16,46,0,0,3,1,4,5,3,25,17,50,0,34,34,84
10/18/2014,YNG,OH,AGL,CE,Combined TRACON& Tower with Radar,4,1,7,11,23,0,0,1,0,1,4,1,8,11,24,0,16,16,40
10/19/2014,YNG,OH,AGL,CE,Combined TRACON& Tower with Radar,6,1,20,4,31,0,0,17,3,20,6,1,37,7,51,0,8,8,59
10/20/2014,YNG,OH,AGL,CE,Combined TRACON& Tower with Radar,0,6,20,22,48,0,0,4,0,4,0,6,24,22,52,12,40,52,104
10/21/2014,YNG,OH,AGL,CE,Combined TRACON& Tower with Radar,0,7,29,41,77,0,0,0,0,0,0,7,29,41,77,0,0,0,77
10/22/2014,YNG,OH,AGL,CE,Combined TRACON& Tower with Radar,0,8,18,30,56,0,0,1,0,1,0,8,19,30,57,2,64,66,123
10/23/2014,YNG,OH,AGL,CE,Combined TRACON& Tower with Radar,4,6,27,14,51,0,0,20,2,22,4,6,47,16,73,6,0,6,79
10/24/2014,YNG,OH,AGL,CE,Combined TRACON& Tower with Radar,2,0,31,0,33,0,0,28,2,30,2,0,59,2,63,28,0,28,91
10/25/2014,YNG,OH,AGL,CE,Combined TRACON& Tower with Radar,1,2,12,0,15,0,0,13,0,13,1,2,25,0,28,12,0,12,40
10/26/2014,YNG,OH,AGL,CE,Combined TRACON& Tower with Radar,4,1,21,0,26,0,0,23,0,23,4,1,44,0,49,30,0,30,79
10/27/2014,YNG,OH,AGL,CE,Combined TRACON& Tower with Radar,0,6,18,6,30,0,0,18,8,26,0,6,36,14,56,24,52,76,132
10/28/2014,YNG,OH,AGL,CE,Combined TRACON& Tower with Radar,0,3,15,10,28,0,0,3,2,5,0,3,18,12,33,0,8,8,41
10/29/2014,YNG,OH,AGL,CE,Combined TRACON& Tower with Radar,2,6,31,24,63,0,0,17,4,21,2,6,48,28,84,15,72,87,171
10/30/2014,YNG,OH,AGL,CE,Combined TRACON& Tower with Radar,4,0,23,19,46,0,0,17,4,21,4,0,40,23,67,3,22,25,92
10/31/2014,YNG,OH,AGL,CE,Combined TRACON& Tower with Radar,3,3,16,0,22,0,0,2,0,2,3,3,18,0,24,0,0,0,24
11/01/2014,YNG,OH,AGL,CE,Combined TRACON& Tower with Radar,5,3,6,0,14,0,0,0,0,0,5,3,6,0,14,0,0,0,14
11/02/2014,YNG,OH,AGL,CE,Combined TRACON& Tower with Radar,4,1,30,6,41,0,0,20,0,20,4,1,50,6,61,14,4,18,79
11/03/2014,YNG,OH,AGL,CE,Combined TRACON& Tower with Radar,2,6,27,13,48,0,1,7,2,10,2,7,34,15,58,0,50,50,108
11/04/2014,YNG,OH,AGL,CE,Combined TRACON& Tower with Radar,0,0,18,14,32,0,0,12,0,12,0,0,30,14,44,10,10,20,64
11/05/2014,YNG,OH,AGL,CE,Combined TRACON& Tower with Radar,0,1,21,37,59,0,0,16,1,17,0,1,37,38,76,6,66,72,148
11/06/2014,YNG,OH,AGL,CE,Combined TRACON& Tower with Radar,4,5,23,32,64,0,0,0,0,0,4,5,23,32,64,0,12,12,76
11/07/2014,YNG,OH,AGL,CE,Combined TRACON& Tower with Radar,3,10,12,0,25,0,4,2,0,6,3,14,14,0,31,0,0,0,31
11/08/2014,YNG,OH,AGL,CE,Combined TRACON& Tower with Radar,3,0,14,0,17,0,0,14,0,14,3,0,28,0,31,0,0,0,31
11/09/2014,YNG,OH,AGL,CE,Combined TRACON& Tower with Radar,6,2,21,0,29,0,0,17,0,17,6,2,38,0,46,4,0,4,50
11/10/2014,YNG,OH,AGL,CE,Combined TRACON& Tower with Radar,2,8,18,24,52,0,3,24,0,27,2,11,42,24,79,14,24,38,117
11/11/2014,YNG,OH,AGL,CE,Combined TRACON& Tower with Radar,0,5,8,0,13,0,0,11,0,11,0,5,19,0,24,6,0,6,30
11/12/2014,YNG,OH,AGL,CE,Combined TRACON& Tower with Radar,0,3,15,45,63,0,0,5,0,5,0,3,20,45,68,16,76,92,160
11/13/2014,YNG,OH,AGL,CE,Combined TRACON& Tower with Radar,4,4,16,7,31,0,0,0,0,0,4,4,16,7,31,0,0,0,31
11/14/2014,YNG,OH,AGL,CE,Combined TRACON& Tower with Radar,2,7,6,0,15,0,0,0,0,0,2,7,6,0,15,19,0,19,34
11/15/2014,YNG,OH,AGL,CE,Combined TRACON& Tower with Radar,0,2,18,2,22,0,0,28,0,28,0,2,46,2,50,0,0,0,50
11/16/2014,YNG,OH,AGL,CE,Combined TRACON& Tower with Radar,4,3,17,3,27,0,0,11,1,12,4,3,28,4,39,4,0,4,43
11/17/2014,YNG,OH,AGL,CE,Combined TRACON& Tower with Radar,2,3,5,0,10,0,0,0,0,0,2,3,5,0,10,0,0,0,10
11/18/2014,YNG,OH,AGL,CE,Combined TRACON& Tower with Radar,0,7,6,1,14,0,0,0,0,0,0,7,6,1,14,0,0,0,14
11/19/2014,YNG,OH,AGL,CE,Combined TRACON& Tower with Radar,3,2,8,20,33,0,0,0,0,0,3,2,8,20,33,1,8,9,42
11/20/2014,YNG,OH,AGL,CE,Combined TRACON& Tower with Radar,4,5,10,22,41,0,0,0,5,5,4,5,10,27,46,0,0,0,46
11/21/2014,YNG,OH,AGL,CE,Combined TRACON& Tower with Radar,4,5,13,9,31,0,0,8,0,8,4,5,21,9,39,2,8,10,49
11/22/2014,YNG,OH,AGL,CE,Combined TRACON& Tower with Radar,4,4,2,0,10,0,0,0,0,0,4,4,2,0,10,0,0,0,10
11/23/2014,YNG,OH,AGL,CE,Combined TRACON& Tower with Radar,4,5,18,0,27,0,0,17,0,17,4,5,35,0,44,14,0,14,58
11/24/2014,YNG,OH,AGL,CE,Combined TRACON& Tower with Radar,0,0,10,0,10,0,0,2,0,2,0,0,12,0,12,0,0,0,12
11/25/2014,YNG,OH,AGL,CE,Combined TRACON& Tower with Radar,6,11,14,12,43,0,0,4,4,8,6,11,18,16,51,0,0,0,51
11/26/2014,YNG,OH,AGL,CE,Combined TRACON& Tower with Radar,2,2,14,22,40,0,0,6,0,6,2,2,20,22,46,0,52,52,98
11/27/2014,YNG,OH,AGL,CE,Combined TRACON& Tower with Radar,0,1,2,0,3,0,0,0,0,0,0,1,2,0,3,0,0,0,3
11/28/2014,YNG,OH,AGL,CE,Combined TRACON& Tower with Radar,0,3,12,0,15,0,0,11,0,11,0,3,23,0,26,0,0,0,26
11/29/2014,YNG,OH,AGL,CE,Combined TRACON& Tower with Radar,4,1,10,0,15,0,0,16,0,16,4,1,26,0,31,18,0,18,49
11/30/2014,YNG,OH,AGL,CE,Combined TRACON& Tower with Radar,2,4,9,0,15,0,0,2,0,2,2,4,11,0,17,8,0,8,25
12/01/2014,YNG,OH,AGL,CE,Combined TRACON& Tower with Radar,4,2,7,22,35,0,0,1,2,3,4,2,8,24,38,0,38,38,76
12/02/2014,YNG,OH,AGL,CE,Combined TRACON& Tower with Radar,0,1,8,0,9,0,0,2,0,2,0,1,10,0,11,0,0,0,11
12/03/2014,YNG,OH,AGL,CE,Combined TRACON& Tower with Radar,0,0,9,38,47,0,0,2,4,6,0,0,11,42,53,0,62,62,115
12/04/2014,YNG,OH,AGL,CE,Combined TRACON& Tower with Radar,4,4,48,20,76,0,0,44,0,44,4,4,92,20,120,34,24,58,178
12/05/2014,YNG,OH,AGL,CE,Combined TRACON& Tower with Radar,4,6,16,18,44,0,0,0,0,0,4,6,16,18,44,0,0,0,44
12/06/2014,YNG,OH,AGL,CE,Combined TRACON& Tower with Radar,0,2,4,17,23,0,0,0,0,0,0,2,4,17,23,0,0,0,23
12/07/2014,YNG,OH,AGL,CE,Combined TRACON& Tower with Radar,6,3,29,11,49,0,0,60,4,64,6,3,89,15,113,24,34,58,171
12/08/2014,YNG,OH,AGL,CE,Combined TRACON& Tower with Radar,2,4,15,23,44,0,0,12,1,13,2,4,27,24,57,12,50,62,119
12/09/2014,YNG,OH,AGL,CE,Combined TRACON& Tower with Radar,0,6,18,23,47,0,0,4,1,5,0,6,22,24,52,4,0,4,56
12/10/2014,YNG,OH,AGL,CE,Combined TRACON& Tower with Radar,0,7,9,17,33,0,0,2,0,2,0,7,11,17,35,0,0,0,35
12/11/2014,YNG,OH,AGL,CE,Combined TRACON& Tower with Radar,4,9,14,10,37,0,0,4,9,13,4,9,18,19,50,0,0,0,50
12/12/2014,YNG,OH,AGL,CE,Combined TRACON& Tower with Radar,2,11,7,1,21,0,0,0,0,0,2,11,7,1,21,0,0,0,21
12/13/2014,YNG,OH,AGL,CE,Combined TRACON& Tower with Radar,0,1,8,0,9,0,0,0,0,0,0,1,8,0,9,0,0,0,9
12/14/2014,YNG,OH,AGL,CE,Combined TRACON& Tower with Radar,4,3,21,0,28,0,0,0,0,0,4,3,21,0,28,0,0,0,28
12/15/2014,YNG,OH,AGL,CE,Combined TRACON& Tower with Radar,2,1,11,21,35,0,0,0,0,0,2,1,11,21,35,0,10,10,45
12/16/2014,YNG,OH,AGL,CE,Combined TRACON& Tower with Radar,0,11,14,40,65,0,0,0,0,0,0,11,14,40,65,0,0,0,65
12/17/2014,YNG,OH,AGL,CE,Combined TRACON& Tower with Radar,2,6,23,25,56,0,0,0,0,0,2,6,23,25,56,2,50,52,108
12/18/2014,YNG,OH,AGL,CE,Combined TRACON& Tower with Radar,4,0,7,20,31,0,0,4,0,4,4,0,11,20,35,0,4,4,39
12/19/2014,YNG,OH,AGL,CE,Combined TRACON& Tower with Radar,2,3,16,1,22,0,0,5,0,5,2,3,21,1,27,0,0,0,27
12/20/2014,YNG,OH,AGL,CE,Combined TRACON& Tower with Radar,4,2,11,0,17,0,0,6,0,6,4,2,17,0,23,46,0,46,69
12/21/2014,YNG,OH,AGL,CE,Combined TRACON& Tower with Radar,4,3,27,1,35,0,0,16,0,16,4,3,43,1,51,8,0,8,59
12/22/2014,YNG,OH,AGL,CE,Combined TRACON& Tower with Radar,2,4,23,21,50,0,2,23,3,28,2,6,46,24,78,86,56,142,220
12/23/2014,YNG,OH,AGL,CE,Combined TRACON& Tower with Radar,4,6,23,32,65,0,0,0,2,2,4,6,23,34,67,0,26,26,93
12/24/2014,YNG,OH,AGL,CE,Combined TRACON& Tower with Radar,2,0,4,0,6,0,0,0,0,0,2,0,4,0,6,0,0,0,6
12/25/2014,YNG,OH,AGL,CE,Combined TRACON& Tower with Radar,4,2,0,0,6,0,0,0,0,0,4,2,0,0,6,0,0,0,6
12/26/2014,YNG,OH,AGL,CE,Combined TRACON& Tower with Radar,2,7,21,0,30,0,1,25,0,26,2,8,46,0,56,18,0,18,74
12/27/2014,YNG,OH,AGL,CE,Combined TRACON& Tower with Radar,4,3,13,0,20,0,0,15,0,15,4,3,28,0,35,8,0,8,43
12/28/2014,YNG,OH,AGL,CE,Combined TRACON& Tower with Radar,6,2,7,0,15,0,0,0,0,0,6,2,7,0,15,0,0,0,15
12/29/2014,YNG,OH,AGL,CE,Combined TRACON& Tower with Radar,4,2,5,35,46,0,0,10,1,11,4,2,15,36,57,26,0,26,83
12/30/2014,YNG,OH,AGL,CE,Combined TRACON& Tower with Radar,4,0,12,14,30,0,0,16,9,25,4,0,28,23,55,36,2,38,93
12/31/2014,YNG,OH,AGL,CE,Combined TRACON& Tower with Radar,2,6,4,0,12,0,0,3,0,3,2,6,7,0,15,0,0,0,15
01/01/2015,YNG,OH,AGL,CE,Combined TRACON& Tower with Radar,2,1,5,0,8,0,0,1,0,1,2,1,6,0,9,0,0,0,9
01/02/2015,YNG,OH,AGL,CE,Combined TRACON& Tower with Radar,4,10,9,0,23,0,0,20,0,20,4,10,29,0,43,32,0,32,75
01/03/2015,YNG,OH,AGL,CE,Combined TRACON& Tower with Radar,6,2,3,0,11,0,0,0,0,0,6,2,3,0,11,0,0,0,11
01/04/2015,YNG,OH,AGL,CE,Combined TRACON& Tower with Radar,4,6,7,0,17,0,0,0,0,0,4,6,7,0,17,0,0,0,17
01/05/2015,YNG,OH,AGL,CE,Combined TRACON& Tower with Radar,2,10,3,20,35,0,0,0,0,0,2,10,3,20,35,0,10,10,45
01/06/2015,YNG,OH,AGL,CE,Combined TRACON& Tower with Radar,0,1,8,4,13,0,0,1,2,3,0,1,9,6,16,0,0,0,16
01/07/2015,YNG,OH,AGL,CE,Combined TRACON& Tower with Radar,0,1,2,2,5,0,0,0,0,0,0,1,2,2,5,0,0,0,5
01/08/2015,YNG,OH,AGL,CE,Combined TRACON& Tower with Radar,4,1,26,16,47,0,0,6,2,8,4,1,32,18,55,0,12,12,67
01/09/2015,YNG,OH,AGL,CE,Combined TRACON& Tower with Radar,4,0,5,0,9,0,0,0,0,0,4,0,5,0,9,0,0,0,9
01/10/2015,YNG,OH,AGL,CE,Combined TRACON& Tower with Radar,0,1,7,1,9,0,0,5,0,5,0,1,12,1,14,4,0,4,18
01/11/2015,YNG,OH,AGL,CE,Combined TRACON& Tower with Radar,6,2,14,4,26,0,0,8,0,8,6,2,22,4,34,0,0,0,34
01/12/2015,YNG,OH,AGL,CE,Combined TRACON& Tower with Radar,2,3,3,1,9,0,0,0,0,0,2,3,3,1,9,0,0,0,9
01/13/2015,YNG,OH,AGL,CE,Combined TRACON& Tower with Radar,0,5,9,43,57,0,0,3,2,5,0,5,12,45,62,12,20,32,94
01/14/2015,YNG,OH,AGL,CE,Combined TRACON& Tower with Radar,0,3,14,18,35,0,0,5,2,7,0,3,19,20,42,20,16,36,78
01/15/2015,YNG,OH,AGL,CE,Combined TRACON& Tower with Radar,4,2,23,20,49,0,0,8,3,11,4,2,31,23,60,0,10,10,70
01/16/2015,YNG,OH,AGL,CE,Combined TRACON& Tower with Radar,2,5,10,11,28,0,0,0,0,0,2,5,10,11,28,0,10,10,38
01/17/2015,YNG,OH,AGL,CE,Combined TRACON& Tower with Radar,0,6,26,3,35,0,5,33,0,38,0,11,59,3,73,12,12,24,97
01/18/2015,YNG,OH,AGL,CE,Combined TRACON& Tower with Radar,4,2,4,0,10,0,0,0,0,0,4,2,4,0,10,0,0,0,10
01/19/2015,YNG,OH,AGL,CE,Combined TRACON& Tower with Radar,1,4,17,0,22,0,0,0,0,0,1,4,17,0,22,0,0,0,22
01/20/2015,YNG,OH,AGL,CE,Combined TRACON& Tower with Radar,0,9,11,16,36,0,0,0,0,0,0,9,11,16,36,0,0,0,36
01/21/2015,YNG,OH,AGL,CE,Combined TRACON& Tower with Radar,0,5,8,2,15,0,0,0,0,0,0,5,8,2,15,0,0,0,15
01/22/2015,YNG,OH,AGL,CE,Combined TRACON& Tower with Radar,4,11,11,16,42,0,0,2,0,2,4,11,13,16,44,0,10,10,54
01/23/2015,YNG,OH,AGL,CE,Combined TRACON& Tower with Radar,2,3,5,2,12,0,0,14,1,15,2,3,19,3,27,10,0,10,37
01/24/2015,YNG,OH,AGL,CE,Combined TRACON& Tower with Radar,0,1,2,9,12,0,0,0,0,0,0,1,2,9,12,0,0,0,12
01/25/2015,YNG,OH,AGL,CE,Combined TRACON& Tower with Radar,6,0,2,0,8,0,0,0,0,0,6,0,2,0,8,0,0,0,8
01/26/2015,YNG,OH,AGL,CE,Combined TRACON& Tower with Radar,2,6,5,13,26,0,0,1,1,2,2,6,6,14,28,0,7,7,35
01/27/2015,YNG,OH,AGL,CE,Combined TRACON& Tower with Radar,0,1,11,14,26,0,0,1,0,1,0,1,12,14,27,0,0,0,27
01/28/2015,YNG,OH,AGL,CE,Combined TRACON& Tower with Radar,6,6,16,19,47,0,2,20,11,33,6,8,36,30,80,10,52,62,142
01/29/2015,YNG,OH,AGL,CE,Combined TRACON& Tower with Radar,4,2,7,1,14,0,0,0,0,0,4,2,7,1,14,0,0,0,14
01/30/2015,YNG,OH,AGL,CE,Combined TRACON& Tower with Radar,2,6,10,1,19,0,2,0,0,2,2,8,10,1,21,0,0,0,21
01/31/2015,YNG,OH,AGL,CE,Combined TRACON& Tower with Radar,3,2,9,0,14,0,0,12,0,12,3,2,21,0,26,6,0,6,32
02/01/2015,YNG,OH,AGL,CE,Combined TRACON& Tower with Radar,5,2,2,0,9,0,0,0,0,0,5,2,2,0,9,0,0,0,9
02/02/2015,YNG,OH,AGL,CE,Combined TRACON& Tower with Radar,2,7,10,0,19,0,0,0,0,0,2,7,10,0,19,0,0,0,19
02/03/2015,YNG,OH,AGL,CE,Combined TRACON& Tower with Radar,0,2,7,12,21,0,0,7,1,8,0,2,14,13,29,0,18,18,47
02/04/2015,YNG,OH,AGL,CE,Combined TRACON& Tower with Radar,0,5,9,0,14,0,0,3,0,3,0,5,12,0,17,0,0,0,17
02/05/2015,YNG,OH,AGL,CE,Combined TRACON& Tower with Radar,4,1,20,22,47,0,0,8,2,10,4,1,28,24,57,0,12,12,69
02/06/2015,YNG,OH,AGL,CE,Combined TRACON& Tower with Radar,2,6,20,24,52,0,0,4,0,4,2,6,24,24,56,0,6,6,62
02/07/2015,YNG,OH,AGL,CE,Combined TRACON& Tower with Radar,0,0,10,12,22,0,0,18,2,20,0,0,28,14,42,0,10,10,52
02/08/2015,YNG,OH,AGL,CE,Combined TRACON& Tower with Radar,4,2,10,1,17,0,0,4,0,4,4,2,14,1,21,1,0,1,22
02/09/2015,YNG,OH,AGL,CE,Combined TRACON& Tower with Radar,2,1,19,30,52,0,0,0,0,0,2,1,19,30,52,0,0,0,52
02/10/2015,YNG,OH,AGL,CE,Combined TRACON& Tower with Radar,0,18,26,27,71,0,0,3,1,4,0,18,29,28,75,0,34,34,109
02/11/2015,YNG,OH,AGL,CE,Combined TRACON& Tower with Radar,0,5,18,22,45,0,0,5,2,7,0,5,23,24,52,12,18,30,82
02/12/2015,YNG,OH,AGL,CE,Combined TRACON& Tower with Radar,5,11,12,5,33,0,0,0,0,0,5,11,12,5,33,0,0,0,33
02/13/2015,YNG,OH,AGL,CE,Combined TRACON& Tower with Radar,3,7,13,2,25,0,0,6,0,6,3,7,19,2,31,0,0,0,31
02/14/2015,YNG,OH,AGL,CE,Combined TRACON& Tower with Radar,0,1,3,6,10,0,0,0,0,0,0,1,3,6,10,0,0,0,10
02/15/2015,YNG,OH,AGL,CE,Combined TRACON& Tower with Radar,6,0,6,0,12,0,0,2,0,2,6,0,8,0,14,0,0,0,14
02/16/2015,YNG,OH,AGL,CE,Combined TRACON& Tower with Radar,2,3,8,0,13,0,0,8,0,8,2,3,16,0,21,0,0,0,21
02/17/2015,YNG,OH,AGL,CE,Combined TRACON& Tower with Radar,0,4,11,15,30,0,0,5,0,5,0,4,16,15,35,17,0,17,52
02/18/2015,YNG,OH,AGL,CE,Combined TRACON& Tower with Radar,0,9,2,0,11,0,0,0,0,0,0,9,2,0,11,0,0,0,11
02/19/2015,YNG,OH,AGL,CE,Combined TRACON& Tower with Radar,4,5,13,22,44,0,0,0,0,0,4,5,13,22,44,0,32,32,76
02/20/2015,YNG,OH,AGL,CE,Combined TRACON& Tower with Radar,2,1,8,2,13,0,1,5,1,7,2,2,13,3,20,0,2,2,22
02/21/2015,YNG,OH,AGL,CE,Combined TRACON& Tower with Radar,0,0,5,0,5,0,0,0,0,0,0,0,5,0,5,0,0,0,5
02/22/2015,YNG,OH,AGL,CE,Combined TRACON& Tower with Radar,4,0,14,3,21,0,0,10,0,10,4,0,24,3,31,0,0,0,31
02/23/2015,YNG,OH,AGL,CE,Combined TRACON& Tower with Radar,2,7,20,17,46,0,4,7,0,11,2,11,27,17,57,0,22,22,79
02/24/2015,YNG,OH,AGL,CE,Combined TRACON& Tower with Radar,0,4,10,14,28,0,0,5,5,10,0,4,15,19,38,0,0,0,38
02/25/2015,YNG,OH,AGL,CE,Combined TRACON& Tower with Radar,0,8,17,49,74,0,0,6,3,9,0,8,23,52,83,4,116,120,203
02/26/2015,YNG,OH,AGL,CE,Combined TRACON& Tower with Radar,6,3,7,23,39,0,0,0,4,4,6,3,7,27,43,0,24,24,67
02/27/2015,YNG,OH,AGL,CE,Combined TRACON& Tower with Radar,2,2,11,2,17,0,0,12,0,12,2,2,23,2,29,0,8,8,37
02/28/2015,YNG,OH,AGL,CE,Combined TRACON& Tower with Radar,0,3,32,0,35,0,4,11,0,15,0,7,43,0,50,0,0,0,50
03/01/2015,YNG,OH,AGL,CE,Combined TRACON& Tower with Radar,5,1,2,0,8,0,0,0,0,0,5,1,2,0,8,0,0,0,8
03/02/2015,YNG,OH,AGL,CE,Combined TRACON& Tower with Radar,1,2,9,25,37,0,0,6,0,6,1,2,15,25,43,4,36,40,83
03/03/2015,YNG,OH,AGL,CE,Combined TRACON& Tower with Radar,0,2,2,0,4,0,0,1,0,1,0,2,3,0,5,1,0,1,6
03/04/2015,YNG,OH,AGL,CE,Combined TRACON& Tower with Radar,0,4,6,21,31,0,3,0,0,3,0,7,6,21,34,0,40,40,74
03/05/2015,YNG,OH,AGL,CE,Combined TRACON& Tower with Radar,4,2,21,11,38,0,0,7,3,10,4,2,28,14,48,0,4,4,52
03/06/2015,YNG,OH,AGL,CE,Combined TRACON& Tower with Radar,2,0,6,12,20,0,0,19,1,20,2,0,25,13,40,4,8,12,52
03/07/2015,YNG,OH,AGL,CE,Combined TRACON& Tower with Radar,2,2,16,1,21,0,0,4,0,4,2,2,20,1,25,0,0,0,25
03/08/2015,YNG,OH,AGL,CE,Combined TRACON& Tower with Radar,4,0,14,4,22,0,0,17,2,19,4,0,31,6,41,4,0,4,45
03/09/2015,YNG,OH,AGL,CE,Combined TRACON& Tower with Radar,2,1,24,24,51,0,0,30,0,30,2,1,54,24,81,8,14,22,103
03/10/2015,YNG,OH,AGL,CE,Combined TRACON& Tower with Radar,0,4,10,1,15,0,0,7,0,7,0,4,17,1,22,0,0,0,22
03/11/2015,YNG,OH,AGL,CE,Combined TRACON& Tower with Radar,2,2,12,11,27,0,0,14,2,16,2,2,26,13,43,36,16,52,95
03/12/2015,YNG,OH,AGL,CE,Combined TRACON& Tower with Radar,4,10,37,3,54,0,6,35,1,42,4,16,72,4,96,40,0,40,136
03/13/2015,YNG,OH,AGL,CE,Combined TRACON& Tower with Radar,2,4,9,3,18,0,0,8,0,8,2,4,17,3,26,2,0,2,28
03/14/2015,YNG,OH,AGL,CE,Combined TRACON& Tower with Radar,4,4,16,1,25,0,0,0,0,0,4,4,16,1,25,4,0,4,29
03/15/2015,YNG,OH,AGL,CE,Combined TRACON& Tower with Radar,4,2,16,1,23,0,0,12,0,12,4,2,28,1,35,20,0,20,55
03/16/2015,YNG,OH,AGL,CE,Combined TRACON& Tower with Radar,2,6,14,3,25,0,0,13,0,13,2,6,27,3,38,28,12,40,78
03/17/2015,YNG,OH,AGL,CE,Combined TRACON& Tower with Radar,0,0,24,25,49,0,0,9,3,12,0,0,33,28,61,20,0,20,81
03/18/2015,YNG,OH,AGL,CE,Combined TRACON& Tower with Radar,0,1,24,57,82,0,0,23,1,24,0,1,47,58,106,10,88,98,204
03/19/2015,YNG,OH,AGL,CE,Combined TRACON& Tower with Radar,4,3,19,12,38,0,0,17,1,18,4,3,36,13,56,5,14,19,75
03/20/2015,YNG,OH,AGL,CE,Combined TRACON& Tower with Radar,2,2,21,5,30,0,0,0,0,0,2,2,21,5,30,0,0,0,30
03/21/2015,YNG,OH,AGL,CE,Combined TRACON& Tower with Radar,2,5,13,0,20,0,0,2,0,2,2,5,15,0,22,0,0,0,22
03/22/2015,YNG,OH,AGL,CE,Combined TRACON& Tower with Radar,4,5,32,0,41,0,0,23,0,23,4,5,55,0,64,0,0,0,64
03/23/2015,YNG,OH,AGL,CE,Combined TRACON& Tower with Radar,2,7,18,30,57,0,0,17,1,18,2,7,35,31,75,2,64,66,141
03/24/2015,YNG,OH,AGL,CE,Combined TRACON& Tower with Radar,2,1,17,20,40,0,0,28,5,33,2,1,45,25,73,36,12,48,121
03/25/2015,YNG,OH,AGL,CE,Combined TRACON& Tower with Radar,2,1,19,20,42,0,0,2,0,2,2,1,21,20,44,0,46,46,90
03/26/2015,YNG,OH,AGL,CE,Combined TRACON& Tower with Radar,4,1,8,25,38,0,0,0,0,0,4,1,8,25,38,0,0,0,38
03/27/2015,YNG,OH,AGL,CE,Combined TRACON& Tower with Radar,2,0,9,1,12,0,0,0,0,0,2,0,9,1,12,0,0,0,12
03/28/2015,YNG,OH,AGL,CE,Combined TRACON& Tower with Radar,4,2,18,0,24,0,0,24,0,24,4,2,42,0,48,0,0,0,48
03/29/2015,YNG,OH,AGL,CE,Combined TRACON& Tower with Radar,4,4,28,1,37,0,0,22,0,22,4,4,50,1,59,22,0,22,81
03/30/2015,YNG,OH,AGL,CE,Combined TRACON& Tower with Radar,2,11,14,9,36,0,9,6,5,20,2,20,20,14,56,0,0,0,56
03/31/2015,YNG,OH,AGL,CE,Combined TRACON& Tower with Radar,2,3,18,33,56,0,0,1,2,3,2,3,19,35,59,0,0,0,59
04/01/2015,YNG,OH,AGL,CE,Combined TRACON& Tower with Radar,2,4,31,17,54,0,0,28,0,28,2,4,59,17,82,0,30,30,112
04/02/2015,YNG,OH,AGL,CE,Combined TRACON& Tower with Radar,6,10,17,9,42,0,0,0,1,1,6,10,17,10,43,40,50,90,133
04/03/2015,YNG,OH,AGL,CE,Combined TRACON& Tower with Radar,2,6,17,16,41,0,0,0,0,0,2,6,17,16,41,8,20,28,69
04/04/2015,YNG,OH,AGL,CE,Combined TRACON& Tower with Radar,4,10,27,0,41,0,0,23,0,23,4,10,50,0,64,12,0,12,76
04/05/2015,YNG,OH,AGL,CE,Combined TRACON& Tower with Radar,4,0,11,0,15,0,0,6,0,6,4,0,17,0,21,0,0,0,21
04/06/2015,YNG,OH,AGL,CE,Combined TRACON& Tower with Radar,4,10,22,10,46,0,0,7,3,10,4,10,29,13,56,16,58,74,130
04/07/2015,YNG,OH,AGL,CE,Combined TRACON& Tower with Radar,2,3,20,24,49,0,0,0,0,0,2,3,20,24,49,0,0,0,49
04/08/2015,YNG,OH,AGL,CE,Combined TRACON& Tower with Radar,2,4,14,21,41,0,0,2,0,2,2,4,16,21,43,10,30,40,83
04/09/2015,YNG,OH,AGL,CE,Combined TRACON& Tower with Radar,5,4,11,10,30,0,2,0,3,5,5,6,11,13,35,2,4,6,41
04/10/2015,YNG,OH,AGL,CE,Combined TRACON& Tower with Radar,3,2,20,13,38,0,0,0,2,2,3,2,20,15,40,0,8,8,48
04/11/2015,YNG,OH,AGL,CE,Combined TRACON& Tower with Radar,4,3,20,8,35,0,0,27,0,27,4,3,47,8,62,10,0,10,72
04/12/2015,YNG,OH,AGL,CE,Combined TRACON& Tower with Radar,6,3,22,8,39,0,0,32,6,38,6,3,54,14,77,35,4,39,116
04/13/2015,YNG,OH,AGL,CE,Combined TRACON& Tower with Radar,1,7,11,7,26,0,0,8,0,8,1,7,19,7,34,0,10,10,44
04/14/2015,YNG,OH,AGL,CE,Combined TRACON& Tower with Radar,3,1,23,15,42,0,0,10,8,18,3,1,33,23,60,0,18,18,78
04/15/2015,YNG,OH,AGL,CE,Combined TRACON& Tower with Radar,0,6,31,42,79,0,0,23,3,26,0,6,54,45,105,2,52,54,159
04/16/2015,YNG,OH,AGL,CE,Combined TRACON& Tower with Radar,4,0,22,9,35,0,0,6,1,7,4,0,28,10,42,1,4,5,47
04/17/2015,YNG,OH,AGL,CE,Combined TRACON& Tower with Radar,2,1,21,4,28,0,0,12,0,12,2,1,33,4,40,18,0,18,58
04/18/2015,YNG,OH,AGL,CE,Combined TRACON& Tower with Radar,0,2,16,2,20,0,0,29,0,29,0,2,45,2,49,4,0,4,53
04/19/2015,YNG,OH,AGL,CE,Combined TRACON& Tower with Radar,4,4,3,3,14,0,0,8,0,8,4,4,11,3,22,0,0,0,22
04/20/2015,YNG,OH,AGL,CE,Combined TRACON& Tower with Radar,1,5,6,11,23,0,0,0,0,0,1,5,6,11,23,0,18,18,41
04/21/2015,YNG,OH,AGL,CE,Combined TRACON& Tower with Radar,1,10,20,3,34,0,0,8,2,10,1,10,28,5,44,2,0,2,46
04/22/2015,YNG,OH,AGL,CE,Combined TRACON& Tower with Radar,0,0,17,15,32,0,0,5,0,5,0,0,22,15,37,10,10,20,57
04/23/2015,YNG,OH,AGL,CE,Combined TRACON& Tower with Radar,4,4,14,12,34,0,0,2,9,11,4,4,16,21,45,0,28,28,73
04/24/2015,YNG,OH,AGL,CE,Combined TRACON& Tower with Radar,2,6,17,0,25,0,3,13,2,18,2,9,30,2,43,0,0,0,43
04/25/2015,YNG,OH,AGL,CE,Combined TRACON& Tower with Radar,0,3,7,2,12,0,1,16,0,17,0,4,23,2,29,18,0,18,47
04/26/2015,YNG,OH,AGL,CE,Combined TRACON& Tower with Radar,4,3,7,0,14,0,0,12,0,12,4,3,19,0,26,3,0,3,29
04/27/2015,YNG,OH,AGL,CE,Combined TRACON& Tower with Radar,2,9,13,29,53,0,0,2,0,2,2,9,15,29,55,0,24,24,79
04/28/2015,YNG,OH,AGL,CE,Combined TRACON& Tower with Radar,0,5,21,13,39,0,1,34,6,41,0,6,55,19,80,0,22,22,102
04/29/2015,YNG,OH,AGL,CE,Combined TRACON& Tower with Radar,0,5,16,37,58,0,1,39,1,41,0,6,55,38,99,6,48,54,153
04/30/2015,YNG,OH,AGL,CE,Combined TRACON& Tower with Radar,4,1,18,43,66,0,0,8,2,10,4,1,26,45,76,0,0,0,76
05/01/2015,YNG,OH,AGL,CE,Combined TRACON& Tower with Radar,2,7,8,10,27,0,1,17,0,18,2,8,25,10,45,1,10,11,56
05/02/2015,YNG,OH,AGL,CE,Combined TRACON& Tower with Radar,0,2,7,0,9,0,0,37,0,37,0,2,44,0,46,16,0,16,62
05/03/2015,YNG,OH,AGL,CE,Combined TRACON& Tower with Radar,4,0,13,7,24,0,0,30,1,31,4,0,43,8,55,0,10,10,65
05/04/2015,YNG,OH,AGL,CE,Combined TRACON& Tower with Radar,2,3,9,32,46,0,0,6,0,6,2,3,15,32,52,0,56,56,108
05/05/2015,YNG,OH,AGL,CE,Combined TRACON& Tower with Radar,0,5,12,38,55,0,0,1,0,1,0,5,13,38,56,0,30,30,86
05/06/2015,YNG,OH,AGL,CE,Combined TRACON& Tower with Radar,0,8,22,15,45,0,0,10,6,16,0,8,32,21,61,14,70,84,145
05/07/2015,YNG,OH,AGL,CE,Combined TRACON& Tower with Radar,5,8,19,18,50,0,2,22,6,30,5,10,41,24,80,0,16,16,96
05/08/2015,YNG,OH,AGL,CE,Combined TRACON& Tower with Radar,5,2,16,10,33,0,0,25,0,25,5,2,41,10,58,6,38,44,102
05/09/2015,YNG,OH,AGL,CE,Combined TRACON& Tower with Radar,0,2,10,4,16,0,0,38,0,38,0,2,48,4,54,0,0,0,54
05/10/2015,YNG,OH,AGL,CE,Combined TRACON& Tower with Radar,8,2,9,1,20,0,0,10,0,10,8,2,19,1,30,26,26,52,82
05/11/2015,YNG,OH,AGL,CE,Combined TRACON& Tower with Radar,2,6,11,14,33,0,1,3,1,5,2,7,14,15,38,10,8,18,56
05/12/2015,YNG,OH,AGL,CE,Combined TRACON& Tower with Radar,0,6,17,18,41,0,0,8,3,11,0,6,25,21,52,0,0,0,52
05/13/2015,YNG,OH,AGL,CE,Combined TRACON& Tower with Radar,0,0,17,21,38,0,0,10,5,15,0,0,27,26,53,24,32,56,109
05/14/2015,YNG,OH,AGL,CE,Combined TRACON& Tower with Radar,6,4,25,19,54,0,0,41,10,51,6,4,66,29,105,20,34,54,159
05/15/2015,YNG,OH,AGL,CE,Combined TRACON& Tower with Radar,2,4,16,8,30,0,0,1,4,5,2,4,17,12,35,6,22,28,63
05/16/2015,YNG,OH,AGL,CE,Combined TRACON& Tower with Radar,0,2,14,4,20,0,0,10,0,10,0,2,24,4,30,0,22,22,52
05/17/2015,YNG,OH,AGL,CE,Combined TRACON& Tower with Radar,6,2,18,2,28,0,0,4,1,5,6,2,22,3,33,0,0,0,33
05/18/2015,YNG,OH,AGL,CE,Combined TRACON& Tower with Radar,2,8,20,29,59,0,0,2,2,4,2,8,22,31,63,4,48,52,115
05/19/2015,YNG,OH,AGL,CE,Combined TRACON& Tower with Radar,0,3,23,30,56,0,0,13,11,24,0,3,36,41,80,10,100,110,190
05/20/2015,YNG,OH,AGL,CE,Combined TRACON& Tower with Radar,2,2,29,31,64,0,0,18,4,22,2,2,47,35,86,24,40,64,150
05/21/2015,YNG,OH,AGL,CE,Combined TRACON& Tower with Radar,6,2,32,19,59,0,2,25,2,29,6,4,57,21,88,4,88,92,180
05/22/2015,YNG,OH,AGL,CE,Combined TRACON& Tower with Radar,2,2,11,8,23,0,0,19,0,19,2,2,30,8,42,8,2,10,52
05/23/2015,YNG,OH,AGL,CE,Combined TRACON& Tower with Radar,1,4,14,0,19,0,0,22,0,22,1,4,36,0,41,14,0,14,55
05/24/2015,YNG,OH,AGL,CE,Combined TRACON& Tower with Radar,7,0,16,0,23,0,0,16,0,16,7,0,32,0,39,18,0,18,57
05/25/2015,YNG,OH,AGL,CE,Combined TRACON& Tower with Radar,2,2,8,1,13,0,0,3,3,6,2,2,11,4,19,0,0,0,19
05/26/2015,YNG,OH,AGL,CE,Combined TRACON& Tower with Radar,0,3,14,7,24,0,0,5,0,5,0,3,19,7,29,4,0,4,33
05/27/2015,YNG,OH,AGL,CE,Combined TRACON& Tower with Radar,0,3,10,20,33,0,3,8,1,12,0,6,18,21,45,8,64,72,117
05/28/2015,YNG,OH,AGL,CE,Combined TRACON& Tower with Radar,6,4,26,20,56,0,0,44,4,48,6,4,70,24,104,32,12,44,148
05/29/2015,YNG,OH,AGL,CE,Combined TRACON& Tower with Radar,2,2,13,15,32,0,8,39,2,49,2,10,52,17,81,22,26,48,129
05/30/2015,YNG,OH,AGL,CE,Combined TRACON& Tower with Radar,0,1,6,2,9,0,0,24,2,26,0,1,30,4,35,12,0,12,47
05/31/2015,YNG,OH,AGL,CE,Combined TRACON& Tower with Radar,6,1,5,0,12,0,0,0,0,0,6,1,5,0,12,0,0,0,12
06/01/2015,YNG,OH,AGL,CE,Combined TRACON& Tower with Radar,2,3,21,38,64,0,0,1,0,1,2,3,22,38,65,0,0,0,65
06/02/2015,YNG,OH,AGL,CE,Combined TRACON& Tower with Radar,0,4,24,11,39,0,3,8,10,21,0,7,32,21,60,0,30,30,90
06/03/2015,YNG,OH,AGL,CE,Combined TRACON& Tower with Radar,2,1,19,42,64,0,0,16,4,20,2,1,35,46,84,20,32,52,136
06/04/2015,YNG,OH,AGL,CE,Combined TRACON& Tower with Radar,4,5,24,18,51,0,0,13,4,17,4,5,37,22,68,36,32,68,136
06/05/2015,YNG,OH,AGL,CE,Combined TRACON& Tower with Radar,6,9,25,11,51,0,0,13,2,15,6,9,38,13,66,0,8,8,74
06/06/2015,YNG,OH,AGL,CE,Combined TRACON& Tower with Radar,4,2,15,0,21,0,2,13,2,17,4,4,28,2,38,20,0,20,58
06/07/2015,YNG,OH,AGL,CE,Combined TRACON& Tower with Radar,8,4,13,4,29,0,0,16,6,22,8,4,29,10,51,8,8,16,67
06/08/2015,YNG,OH,AGL,CE,Combined TRACON& Tower with Radar,4,0,10,22,36,0,0,1,3,4,4,0,11,25,40,0,36,36,76
06/09/2015,YNG,OH,AGL,CE,Combined TRACON& Tower with Radar,0,7,39,45,91,0,0,15,3,18,0,7,54,48,109,2,18,20,129
06/10/2015,YNG,OH,AGL,CE,Combined TRACON& Tower with Radar,6,3,28,35,72,0,0,9,2,11,6,3,37,37,83,12,58,70,153
06/11/2015,YNG,OH,AGL,CE,Combined TRACON& Tower with Radar,2,9,22,12,45,0,0,18,10,28,2,9,40,22,73,18,20,38,111
06/12/2015,YNG,OH,AGL,CE,Combined TRACON& Tower with Radar,6,1,15,11,33,0,1,6,1,8,6,2,21,12,41,0,2,2,43
06/13/2015,YNG,OH,AGL,CE,Combined TRACON& Tower with Radar,4,3,11,1,19,0,1,0,0,1,4,4,11,1,20,10,0,10,30
06/14/2015,YNG,OH,AGL,CE,Combined TRACON& Tower with Radar,6,1,8,1,16,0,0,2,0,2,6,1,10,1,18,0,0,0,18
06/15/2015,YNG,OH,AGL,CE,Combined TRACON& Tower with Radar,2,9,15,24,50,0,4,2,0,6,2,13,17,24,56,0,28,28,84
06/16/2015,YNG,OH,AGL,CE,Combined TRACON& Tower with Radar,2,5,12,31,50,0,5,10,4,19,2,10,22,35,69,0,16,16,85
06/17/2015,YNG,OH,AGL,CE,Combined TRACON& Tower with Radar,6,2,21,12,41,0,0,19,0,19,6,2,40,12,60,19,18,37,97
06/18/2015,YNG,OH,AGL,CE,Combined TRACON& Tower with Radar,2,5,12,7,26,0,0,5,4,9,2,5,17,11,35,3,8,11,46
06/19/2015,YNG,OH,AGL,CE,Combined TRACON& Tower with Radar,5,5,8,9,27,0,0,5,0,5,5,5,13,9,32,22,10,32,64
06/20/2015,YNG,OH,AGL,CE,Combined TRACON& Tower with Radar,7,8,10,0,25,0,1,1,0,2,7,9,11,0,27,2,0,2,29
06/21/2015,YNG,OH,AGL,CE,Combined TRACON& Tower with Radar,6,8,18,1,33,0,3,4,0,7,6,11,22,1,40,6,0,6,46
06/22/2015,YNG,OH,AGL,CE,Combined TRACON& Tower with Radar,2,0,24,19,45,0,0,24,6,30,2,0,48,25,75,10,14,24,99
06/23/2015,YNG,OH,AGL,CE,Combined TRACON& Tower with Radar,2,7,12,1,22,0,0,14,1,15,2,7,26,2,37,4,0,4,41
06/24/2015,YNG,OH,AGL,CE,Combined TRACON& Tower with Radar,6,8,26,31,71,0,0,34,16,50,6,8,60,47,121,24,32,56,177
06/25/2015,YNG,OH,AGL,CE,Combined TRACON& Tower with Radar,2,9,17,18,46,0,1,4,4,9,2,10,21,22,55,6,58,64,119
06/26/2015,YNG,OH,AGL,CE,Combined TRACON& Tower with Radar,6,1,18,4,29,0,0,26,6,32,6,1,44,10,61,4,38,42,103
06/27/2015,YNG,OH,AGL,CE,Combined TRACON& Tower with Radar,4,6,1,1,12,0,0,0,0,0,4,6,1,1,12,0,0,0,12
06/28/2015,YNG,OH,AGL,CE,Combined TRACON& Tower with Radar,6,2,19,0,27,0,0,2,0,2,6,2,21,0,29,6,0,6,35
06/29/2015,YNG,OH,AGL,CE,Combined TRACON& Tower with Radar,4,4,24,15,47,0,0,17,5,22,4,4,41,20,69,0,44,44,113
06/30/2015,YNG,OH,AGL,CE,Combined TRACON& Tower with Radar,0,2,14,25,41,0,0,2,3,5,0,2,16,28,46,0,8,8,54
07/01/2015,YNG,OH,AGL,CE,Combined TRACON& Tower with Radar,6,4,13,25,48,0,0,14,6,20,6,4,27,31,68,12,56,68,136
07/02/2015,YNG,OH,AGL,CE,Combined TRACON& Tower with Radar,2,9,25,16,52,0,0,21,9,30,2,9,46,25,82,4,4,8,90
07/03/2015,YNG,OH,AGL,CE,Combined TRACON& Tower with Radar,8,7,29,0,44,0,0,38,0,38,8,7,67,0,82,2,0,2,84
07/04/2015,YNG,OH,AGL,CE,Combined TRACON& Tower with Radar,4,2,15,0,21,0,0,15,0,15,4,2,30,0,36,20,0,20,56
07/05/2015,YNG,OH,AGL,CE,Combined TRACON& Tower with Radar,8,10,18,0,36,0,0,17,0,17,8,10,35,0,53,10,0,10,63
07/06/2015,YNG,OH,AGL,CE,Combined TRACON& Tower with Radar,4,10,8,10,32,0,2,9,5,16,4,12,17,15,48,2,22,24,72
07/07/2015,YNG,OH,AGL,CE,Combined TRACON& Tower with Radar,0,1,12,28,41,0,0,5,1,6,0,1,17,29,47,6,4,10,57
07/08/2015,YNG,OH,AGL,CE,Combined TRACON& Tower with Radar,6,0,40,18,64,0,0,1,3,4,6,0,41,21,68,0,58,58,126
07/09/2015,YNG,OH,AGL,CE,Combined TRACON& Tower with Radar,2,2,10,12,26,0,0,1,2,3,2,2,11,14,29,0,6,6,35
07/10/2015,YNG,OH,AGL,CE,Combined TRACON& Tower with Radar,6,3,26,13,48,0,2,14,2,18,6,5,40,15,66,2,12,14,80
07/11/2015,YNG,OH,AGL,CE,Combined TRACON& Tower with Radar,4,0,19,1,24,0,1,40,0,41,4,1,59,1,65,0,0,0,65
07/12/2015,YNG,OH,AGL,CE,Combined TRACON& Tower with Radar,6,0,14,0,20,0,0,14,0,14,6,0,28,0,34,8,0,8,42
07/13/2015,YNG,OH,AGL,CE,Combined TRACON& Tower with Radar,4,0,22,16,42,0,0,4,0,4,4,0,26,16,46,0,8,8,54
07/14/2015,YNG,OH,AGL,CE,Combined TRACON& Tower with Radar,0,2,14,3,19,0,0,2,1,3,0,2,16,4,22,0,0,0,22
07/15/2015,YNG,OH,AGL,CE,Combined TRACON& Tower with Radar,6,2,19,33,60,0,0,11,2,13,6,2,30,35,73,10,22,32,105
07/16/2015,YNG,OH,AGL,CE,Combined TRACON& Tower with Radar,2,5,36,14,57,0,1,44,13,58,2,6,80,27,115,22,12,34,149
07/17/2015,YNG,OH,AGL,CE,Combined TRACON& Tower with Radar,6,7,18,3,34,0,0,10,0,10,6,7,28,3,44,6,0,6,50
07/18/2015,YNG,OH,AGL,CE,Combined TRACON& Tower with Radar,4,6,14,3,27,0,2,14,0,16,4,8,28,3,43,18,0,18,61
07/19/2015,YNG,OH,AGL,CE,Combined TRACON& Tower with Radar,6,5,21,9,41,0,0,6,0,6,6,5,27,9,47,0,26,26,73
07/20/2015,YNG,OH,AGL,CE,Combined TRACON& Tower with Radar,4,5,11,14,34,0,1,12,18,31,4,6,23,32,65,0,30,30,95
07/21/2015,YNG,OH,AGL,CE,Combined TRACON& Tower with Radar,0,1,23,17,41,0,0,21,10,31,0,1,44,27,72,22,36,58,130
07/22/2015,YNG,OH,AGL,CE,Combined TRACON& Tower with Radar,6,0,28,6,40,0,0,17,0,17,6,0,45,6,57,42,0,42,99
07/23/2015,YNG,OH,AGL,CE,Combined TRACON& Tower with Radar,2,2,25,32,61,0,0,29,2,31,2,2,54,34,92,22,24,46,138
07/24/2015,YNG,OH,AGL,CE,Combined TRACON& Tower with Radar,6,0,22,4,32,0,0,21,0,21,6,0,43,4,53,0,0,0,53
07/25/2015,YNG,OH,AGL,CE,Combined TRACON& Tower with Radar,4,4,23,1,32,0,0,20,0,20,4,4,43,1,52,6,0,6,58
07/26/2015,YNG,OH,AGL,CE,Combined TRACON& Tower with Radar,6,0,25,0,31,0,0,21,0,21,6,0,46,0,52,0,0,0,52
07/27/2015,YNG,OH,AGL,CE,Combined TRACON& Tower with Radar,4,10,16,10,40,0,0,14,0,14,4,10,30,10,54,10,0,10,64
07/28/2015,YNG,OH,AGL,CE,Combined TRACON& Tower with Radar,0,3,12,24,39,0,0,13,2,15,0,3,25,26,54,0,28,28,82
07/29/2015,YNG,OH,AGL,CE,Combined TRACON& Tower with Radar,6,6,21,29,62,0,0,15,1,16,6,6,36,30,78,6,18,24,102
07/30/2015,YNG,OH,AGL,CE,Combined TRACON& Tower with Radar,2,3,18,6,29,0,1,12,1,14,2,4,30,7,43,0,0,0,43
07/31/2015,YNG,OH,AGL,CE,Combined TRACON& Tower with Radar,8,6,28,4,46,0,2,25,1,28,8,8,53,5,74,14,0,14,88
08/01/2015,YNG,OH,AGL,CE,Combined TRACON& Tower with Radar,4,0,16,11,31,0,1,24,5,30,4,1,40,16,61,20,26,46,107
08/02/2015,YNG,OH,AGL,CE,Combined TRACON& Tower with Radar,7,3,13,2,25,0,0,16,0,16,7,3,29,2,41,24,0,24,65
08/03/2015,YNG,OH,AGL,CE,Combined TRACON& Tower with Radar,5,0,9,25,39,0,0,9,0,9,5,0,18,25,48,4,38,42,90
08/04/2015,YNG,OH,AGL,CE,Combined TRACON& Tower with Radar,0,2,14,16,32,0,0,24,3,27,0,2,38,19,59,4,0,4,63
08/05/2015,YNG,OH,AGL,CE,Combined TRACON& Tower with Radar,6,1,26,36,69,0,0,20,16,36,6,1,46,52,105,26,36,62,167
08/06/2015,YNG,OH,AGL,CE,Combined TRACON& Tower with Radar,2,3,19,29,53,0,0,19,7,26,2,3,38,36,79,26,0,26,105
08/07/2015,YNG,OH,AGL,CE,Combined TRACON& Tower with Radar,6,6,28,6,46,0,0,33,0,33,6,6,61,6,79,18,16,34,113
08/08/2015,YNG,OH,AGL,CE,Combined TRACON& Tower with Radar,4,1,23,0,28,0,2,29,0,31,4,3,52,0,59,44,0,44,103
08/09/2015,YNG,OH,AGL,CE,Combined TRACON& Tower with Radar,6,2,25,0,33,0,0,30,0,30,6,2,55,0,63,14,0,14,77
08/10/2015,YNG,OH,AGL,CE,Combined TRACON& Tower with Radar,4,5,13,16,38,0,3,0,0,3,4,8,13,16,41,4,0,4,45
08/11/2015,YNG,OH,AGL,CE,Combined TRACON& Tower with Radar,0,9,11,8,28,0,5,7,10,22,0,14,18,18,50,0,0,0,50
08/12/2015,YNG,OH,AGL,CE,Combined TRACON& Tower with Radar,3,6,23,22,54,0,1,12,1,14,3,7,35,23,68,0,0,0,68
08/13/2015,YNG,OH,AGL,CE,Combined TRACON& Tower with Radar,2,3,16,42,63,0,1,14,8,23,2,4,30,50,86,18,26,44,130
08/14/2015,YNG,OH,AGL,CE,Combined TRACON& Tower with Radar,6,7,34,13,60,0,4,34,1,39,6,11,68,14,99,20,0,20,119
08/15/2015,YNG,OH,AGL,CE,Combined TRACON& Tower with Radar,2,3,5,0,10,0,0,15,0,15,2,3,20,0,25,30,0,30,55
08/16/2015,YNG,OH,AGL,CE,Combined TRACON& Tower with Radar,6,0,37,1,44,0,0,36,0,36,6,0,73,1,80,64,0,64,144
08/17/2015,YNG,OH,AGL,CE,Combined TRACON& Tower with Radar,4,5,15,14,38,0,0,19,15,34,4,5,34,29,72,16,46,62,134
08/18/2015,YNG,OH,AGL,CE,Combined TRACON& Tower with Radar,1,0,16,9,26,0,0,14,8,22,1,0,30,17,48,20,26,46,94
08/19/2015,YNG,OH,AGL,CE,Combined TRACON& Tower with Radar,0,3,16,15,34,0,1,12,19,32,0,4,28,34,66,4,18,22,88
08/20/2015,YNG,OH,AGL,CE,Combined TRACON& Tower with Radar,4,0,16,16,36,0,2,14,17,33,4,2,30,33,69,36,52,88,157
08/21/2015,YNG,OH,AGL,CE,Combined TRACON& Tower with Radar,3,2,27,10,42,0,0,29,2,31,3,2,56,12,73,48,20,68,141
08/22/2015,YNG,OH,AGL,CE,Combined TRACON& Tower with Radar,0,0,8,2,10,0,0,76,0,76,0,0,84,2,86,20,0,20,106
08/23/2015,YNG,OH,AGL,CE,Combined TRACON& Tower with Radar,4,5,18,3,30,0,0,31,1,32,4,5,49,4,62,22,0,22,84
08/24/2015,YNG,OH,AGL,CE,Combined TRACON& Tower with Radar,2,0,29,18,49,0,0,13,3,16,2,0,42,21,65,24,20,44,109
08/25/2015,YNG,OH,AGL,CE,Combined TRACON& Tower with Radar,0,6,15,21,42,0,0,11,8,19,0,6,26,29,61,6,16,22,83
08/26/2015,YNG,OH,AGL,CE,Combined TRACON& Tower with Radar,0,7,35,13,55,0,2,4,2,8,0,9,39,15,63,0,0,0,63
08/27/2015,YNG,OH,AGL,CE,Combined TRACON& Tower with Radar,4,7,29,18,58,0,0,13,1,14,4,7,42,19,72,0,0,0,72
08/28/2015,YNG,OH,AGL,CE,Combined TRACON& Tower with Radar,4,1,15,5,25,0,0,32,0,32,4,1,47,5,57,22,0,22,79
08/29/2015,YNG,OH,AGL,CE,Combined TRACON& Tower with Radar,0,2,9,2,13,0,0,21,1,22,0,2,30,3,35,42,0,42,77
08/30/2015,YNG,OH,AGL,CE,Combined TRACON& Tower with Radar,6,6,21,0,33,0,0,3,0,3,6,6,24,0,36,8,0,8,44
08/31/2015,YNG,OH,AGL,CE,Combined TRACON& Tower with Radar,2,10,5,19,36,0,0,8,4,12,2,10,13,23,48,30,24,54,102
09/01/2015,YNG,OH,AGL,CE,Combined TRACON& Tower with Radar,0,0,23,20,43,0,0,10,4,14,0,0,33,24,57,0,16,16,73
09/02/2015,YNG,OH,AGL,CE,Combined TRACON& Tower with Radar,0,1,21,24,46,0,0,27,1,28,0,1,48,25,74,2,12,14,88
09/03/2015,YNG,OH,AGL,CE,Combined TRACON& Tower with Radar,4,6,23,11,44,0,0,8,1,9,4,6,31,12,53,0,14,14,67
09/04/2015,YNG,OH,AGL,CE,Combined TRACON& Tower with Radar,2,5,9,3,19,0,1,17,2,20,2,6,26,5,39,0,0,0,39
09/05/2015,YNG,OH,AGL,CE,Combined TRACON& Tower with Radar,0,0,4,0,4,0,0,10,0,10,0,0,14,0,14,14,0,14,28
09/06/2015,YNG,OH,AGL,CE,Combined TRACON& Tower with Radar,4,2,6,0,12,0,0,15,0,15,4,2,21,0,27,8,0,8,35
09/07/2015,YNG,OH,AGL,CE,Combined TRACON& Tower with Radar,2,0,12,0,14,0,0,11,0,11,2,0,23,0,25,22,0,22,47
09/08/2015,YNG,OH,AGL,CE,Combined TRACON& Tower with Radar,0,4,16,17,37,0,2,7,0,9,0,6,23,17,46,4,6,10,56
09/09/2015,YNG,OH,AGL,CE,Combined TRACON& Tower with Radar,0,7,24,23,54,0,0,5,4,9,0,7,29,27,63,0,42,42,105
09/10/2015,YNG,OH,AGL,CE,Combined TRACON& Tower with Radar,4,10,16,29,59,0,0,8,7,15,4,10,24,36,74,16,36,52,126
09/11/2015,YNG,OH,AGL,CE,Combined TRACON& Tower with Radar,4,3,8,11,26,0,0,9,0,9,4,3,17,11,35,2,20,22,57
09/12/2015,YNG,OH,AGL,CE,Combined TRACON& Tower with Radar,0,2,12,0,14,0,0,0,0,0,0,2,12,0,14,4,0,4,18
09/13/2015,YNG,OH,AGL,CE,Combined TRACON& Tower with Radar,6,7,3,10,26,0,0,0,0,0,6,7,3,10,26,28,70,98,124
09/14/2015,YNG,OH,AGL,CE,Combined TRACON& Tower with Radar,2,7,27,40,76,0,0,18,0,18,2,7,45,40,94,0,0,0,94
09/15/2015,YNG,OH,AGL,CE,Combined TRACON& Tower with Radar,0,0,38,42,80,0,2,10,1,13,0,2,48,43,93,16,50,66,159
09/16/2015,YNG,OH,AGL,CE,Combined TRACON& Tower with Radar,0,15,18,11,44,0,2,24,3,29,0,17,42,14,73,20,2,22,95
09/17/2015,YNG,OH,AGL,CE,Combined TRACON& Tower with Radar,4,7,9,24,44,0,0,15,12,27,4,7,24,36,71,14,22,36,107
09/18/2015,YNG,OH,AGL,CE,Combined TRACON& Tower with Radar,2,13,7,2,24,0,1,13,0,14,2,14,20,2,38,10,0,10,48
09/19/2015,YNG,OH,AGL,CE,Combined TRACON& Tower with Radar,0,8,9,1,18,0,1,2,1,4,0,9,11,2,22,0,0,0,22
09/20/2015,YNG,OH,AGL,CE,Combined TRACON& Tower with Radar,4,2,16,0,22,0,0,10,0,10,4,2,26,0,32,18,0,18,50
09/21/2015,YNG,OH,AGL,CE,Combined TRACON& Tower with Radar,2,6,26,18,52,0,0,9,4,13,2,6,35,22,65,10,42,52,117
09/22/2015,YNG,OH,AGL,CE,Combined TRACON& Tower with Radar,0,1,14,13,28,0,0,19,3,22,0,1,33,16,50,6,12,18,68
09/23/2015,YNG,OH,AGL,CE,Combined TRACON& Tower with Radar,0,2,14,26,42,0,0,19,6,25,0,2,33,32,67,14,38,52,119
09/24/2015,YNG,OH,AGL,CE,Combined TRACON& Tower with Radar,4,1,14,12,31,0,2,6,6,14,4,3,20,18,45,0,10,10,55
09/25/2015,YNG,OH,AGL,CE,Combined TRACON& Tower with Radar,2,5,17,3,27,0,0,7,0,7,2,5,24,3,34,4,0,4,38
09/26/2015,YNG,OH,AGL,CE,Combined TRACON& Tower with Radar,0,1,10,0,11,0,0,12,0,12,0,1,22,0,23,4,0,4,27
09/27/2015,YNG,OH,AGL,CE,Combined TRACON& Tower with Radar,4,4,31,1,40,0,0,23,0,23,4,4,54,1,63,10,0,10,73
09/28/2015,YNG,OH,AGL,CE,Combined TRACON& Tower with Radar,3,2,14,4,23,0,0,0,1,1,3,2,14,5,24,0,0,0,24
09/29/2015,YNG,OH,AGL,CE,Combined TRACON& Tower with Radar,1,12,20,18,51,0,0,0,0,0,1,12,20,18,51,0,4,4,55
09/30/2015,YNG,OH,AGL,CE,Combined TRACON& Tower with Radar,0,6,10,24,40,0,0,1,0,1,0,6,11,24,41,0,28,28,69
10/01/2015,YNG,OH,AGL,CE,Combined TRACON& Tower with Radar,2,5,14,24,45,0,0,7,8,15,2,5,21,32,60,0,8,8,68
10/02/2015,YNG,OH,AGL,CE,Combined TRACON& Tower with Radar,4,2,12,6,24,0,0,6,2,8,4,2,18,8,32,0,16,16,48
10/03/2015,YNG,OH,AGL,CE,Combined TRACON& Tower with Radar,1,1,3,0,5,0,0,0,0,0,1,1,3,0,5,0,0,0,5
10/04/2015,YNG,OH,AGL,CE,Combined TRACON& Tower with Radar,2,2,27,6,37,0,0,12,0,12,2,2,39,6,49,12,0,12,61
10/05/2015,YNG,OH,AGL,CE,Combined TRACON& Tower with Radar,2,2,16,14,34,0,3,21,1,25,2,5,37,15,59,22,8,30,89
10/06/2015,YNG,OH,AGL,CE,Combined TRACON& Tower with Radar,0,4,30,15,49,0,2,13,8,23,0,6,43,23,72,0,12,12,84
10/07/2015,YNG,OH,AGL,CE,Combined TRACON& Tower with Radar,0,1,30,14,45,0,0,8,6,14,0,1,38,20,59,0,62,62,121
10/08/2015,YNG,OH,AGL,CE,Combined TRACON& Tower with Radar,6,6,25,12,49,0,0,17,15,32,6,6,42,27,81,0,36,36,117
10/09/2015,YNG,OH,AGL,CE,Combined TRACON& Tower with Radar,4,6,29,0,39,0,0,3,0,3,4,6,32,0,42,0,0,0,42
10/10/2015,YNG,OH,AGL,CE,Combined TRACON& Tower with Radar,1,2,17,0,20,0,0,30,1,31,1,2,47,1,51,12,0,12,63
10/11/2015,YNG,OH,AGL,CE,Combined TRACON& Tower with Radar,4,3,12,0,19,0,1,28,0,29,4,4,40,0,48,20,0,20,68
10/12/2015,YNG,OH,AGL,CE,Combined TRACON& Tower with Radar,2,7,17,0,26,0,0,9,0,9,2,7,26,0,35,16,0,16,51
10/13/2015,YNG,OH,AGL,CE,Combined TRACON& Tower with Radar,0,4,14,6,24,0,0,2,1,3,0,4,16,7,27,0,20,20,47
10/14/2015,YNG,OH,AGL,CE,Combined TRACON& Tower with Radar,0,8,23,57,88,0,1,1,1,3,0,9,24,58,91,0,48,48,139
10/15/2015,YNG,OH,AGL,CE,Combined TRACON& Tower with Radar,4,2,34,16,56,0,0,20,2,22,4,2,54,18,78,4,10,14,92
10/16/2015,YNG,OH,AGL,CE,Combined TRACON& Tower with Radar,7,8,8,5,28,0,0,5,0,5,7,8,13,5,33,0,10,10,43
10/17/2015,YNG,OH,AGL,CE,Combined TRACON& Tower with Radar,5,8,8,2,23,0,0,9,3,12,5,8,17,5,35,0,4,4,39
10/18/2015,YNG,OH,AGL,CE,Combined TRACON& Tower with Radar,6,2,7,1,16,0,0,1,0,1,6,2,8,1,17,0,0,0,17
10/19/2015,YNG,OH,AGL,CE,Combined TRACON& Tower with Radar,2,5,19,22,48,0,0,21,2,23,2,5,40,24,71,44,62,106,177
10/20/2015,YNG,OH,AGL,CE,Combined TRACON& Tower with Radar,0,5,20,18,43,0,0,17,4,21,0,5,37,22,64,4,0,4,68
10/21/2015,YNG,OH,AGL,CE,Combined TRACON& Tower with Radar,0,5,15,26,46,0,2,10,16,28,0,7,25,42,74,4,50,54,128
10/22/2015,YNG,OH,AGL,CE,Combined TRACON& Tower with Radar,4,0,31,14,49,0,0,10,3,13,4,0,41,17,62,4,26,30,92
10/23/2015,YNG,OH,AGL,CE,Combined TRACON& Tower with Radar,4,0,23,17,44,0,0,30,1,31,4,0,53,18,75,32,10,42,117
10/24/2015,YNG,OH,AGL,CE,Combined TRACON& Tower with Radar,0,0,13,3,16,0,0,6,1,7,0,0,19,4,23,0,12,12,35
10/25/2015,YNG,OH,AGL,CE,Combined TRACON& Tower with Radar,5,9,22,3,39,0,0,14,3,17,5,9,36,6,56,26,12,38,94
10/26/2015,YNG,OH,AGL,CE,Combined TRACON& Tower with Radar,5,3,8,29,45,0,1,16,9,26,5,4,24,38,71,14,72,86,157
10/27/2015,YNG,OH,AGL,CE,Combined TRACON& Tower with Radar,2,3,19,14,38,0,0,6,1,7,2,3,25,15,45,6,26,32,77
10/28/2015,YNG,OH,AGL,CE,Combined TRACON& Tower with Radar,0,2,14,15,31,0,0,0,0,0,0,2,14,15,31,0,10,10,41
10/29/2015,YNG,OH,AGL,CE,Combined TRACON& Tower with Radar,5,3,9,10,27,0,0,0,0,0,5,3,9,10,27,0,10,10,37
10/30/2015,YNG,OH,AGL,CE,Combined TRACON& Tower with Radar,4,7,17,9,37,0,0,4,0,4,4,7,21,9,41,0,0,0,41
10/31/2015,YNG,OH,AGL,CE,Combined TRACON& Tower with Radar,2,1,6,0,9,0,0,12,0,12,2,1,18,0,21,0,0,0,21
11/01/2015,YNG,OH,AGL,CE,Combined TRACON& Tower with Radar,4,2,19,0,25,0,0,9,0,9,4,2,28,0,34,0,0,0,34
11/02/2015,YNG,OH,AGL,CE,Combined TRACON& Tower with Radar,4,5,28,8,45,0,2,19,2,23,4,7,47,10,68,2,12,14,82
11/03/2015,YNG,OH,AGL,CE,Combined TRACON& Tower with Radar,0,4,14,13,31,0,4,17,7,28,0,8,31,20,59,12,10,22,81
11/04/2015,YNG,OH,AGL,CE,Combined TRACON& Tower with Radar,0,1,23,11,35,0,0,33,2,35,0,1,56,13,70,4,18,22,92
11/05/2015,YNG,OH,AGL,CE,Combined TRACON& Tower with Radar,4,3,19,14,40,0,0,15,5,20,4,3,34,19,60,24,2,26,86
11/06/2015,YNG,OH,AGL,CE,Combined TRACON& Tower with Radar,4,2,6,1,13,0,0,0,0,0,4,2,6,1,13,0,0,0,13
11/07/2015,YNG,OH,AGL,CE,Combined TRACON& Tower with Radar,2,0,6,0,8,0,0,8,0,8,2,0,14,0,16,18,0,18,34
11/08/2015,YNG,OH,AGL,CE,Combined TRACON& Tower with Radar,4,1,27,5,37,0,2,25,3,30,4,3,52,8,67,16,46,62,129
11/09/2015,YNG,OH,AGL,CE,Combined TRACON& Tower with Radar,2,1,20,32,55,0,2,10,3,15,2,3,30,35,70,0,0,0,70
11/10/2015,YNG,OH,AGL,CE,Combined TRACON& Tower with Radar,1,2,10,3,16,0,0,0,0,0,1,2,10,3,16,2,0,2,18
11/11/2015,YNG,OH,AGL,CE,Combined TRACON& Tower with Radar,0,3,29,0,32,0,2,12,0,14,0,5,41,0,46,20,0,20,66
11/12/2015,YNG,OH,AGL,CE,Combined TRACON& Tower with Radar,6,11,11,0,28,0,0,0,0,0,6,11,11,0,28,2,8,10,38
11/13/2015,YNG,OH,AGL,CE,Combined TRACON& Tower with Radar,5,2,6,5,18,0,0,5,0,5,5,2,11,5,23,0,0,0,23
11/14/2015,YNG,OH,AGL,CE,Combined TRACON& Tower with Radar,4,1,11,2,18,0,1,8,0,9,4,2,19,2,27,7,0,7,34
11/15/2015,YNG,OH,AGL,CE,Combined TRACON& Tower with Radar,6,7,9,0,22,0,0,23,0,23,6,7,32,0,45,2,0,2,47
11/16/2015,YNG,OH,AGL,CE,Combined TRACON& Tower with Radar,4,3,22,36,65,0,2,21,2,25,4,5,43,38,90,4,52,56,146
11/17/2015,YNG,OH,AGL,CE,Combined TRACON& Tower with Radar,0,5,6,11,22,0,0,15,4,19,0,5,21,15,41,0,10,10,51
11/18/2015,YNG,OH,AGL,CE,Combined TRACON& Tower with Radar,0,12,19,1,32,0,0,2,9,11,0,12,21,10,43,0,12,12,55
11/19/2015,YNG,OH,AGL,CE,Combined TRACON& Tower with Radar,4,7,9,7,27,0,0,7,3,10,4,7,16,10,37,6,4,10,47
11/20/2015,YNG,OH,AGL,CE,Combined TRACON& Tower with Radar,2,8,16,14,40,0,0,15,0,15,2,8,31,14,55,12,8,20,75
11/21/2015,YNG,OH,AGL,CE,Combined TRACON& Tower with Radar,0,2,0,0,2,0,0,1,0,1,0,2,1,0,3,0,0,0,3
11/22/2015,YNG,OH,AGL,CE,Combined TRACON& Tower with Radar,4,1,12,0,17,0,0,3,0,3,4,1,15,0,20,0,0,0,20
11/23/2015,YNG,OH,AGL,CE,Combined TRACON& Tower with Radar,0,0,19,47,66,0,2,6,0,8,0,2,25,47,74,4,80,84,158
11/24/2015,YNG,OH,AGL,CE,Combined TRACON& Tower with Radar,4,12,45,31,92,0,3,16,3,22,4,15,61,34,114,22,14,36,150
11/25/2015,YNG,OH,AGL,CE,Combined TRACON& Tower with Radar,2,11,17,11,41,0,3,35,2,40,2,14,52,13,81,30,18,48,129
11/26/2015,YNG,OH,AGL,CE,Combined TRACON& Tower with Radar,0,0,7,0,7,0,0,2,0,2,0,0,9,0,9,0,0,0,9
11/27/2015,YNG,OH,AGL,CE,Combined TRACON& Tower with Radar,0,6,11,1,18,0,0,0,0,0,0,6,11,1,18,0,0,0,18
11/28/2015,YNG,OH,AGL,CE,Combined TRACON& Tower with Radar,4,4,4,0,12,0,0,0,0,0,4,4,4,0,12,0,0,0,12
11/29/2015,YNG,OH,AGL,CE,Combined TRACON& Tower with Radar,4,10,25,0,39,0,0,27,0,27,4,10,52,0,66,10,0,10,76
11/30/2015,YNG,OH,AGL,CE,Combined TRACON& Tower with Radar,4,4,15,21,44,0,0,11,0,11,4,4,26,21,55,6,42,48,103
12/01/2015,YNG,OH,AGL,CE,Combined TRACON& Tower with Radar,0,2,6,0,8,0,0,0,0,0,0,2,6,0,8,0,0,0,8
12/02/2015,YNG,OH,AGL,CE,Combined TRACON& Tower with Radar,1,8,12,54,75,0,3,1,0,4,1,11,13,54,79,2,40,42,121
12/03/2015,YNG,OH,AGL,CE,Combined TRACON& Tower with Radar,4,2,10,4,20,0,0,0,0,0,4,2,10,4,20,0,10,10,30
12/04/2015,YNG,OH,AGL,CE,Combined TRACON& Tower with Radar,2,5,8,26,41,0,4,5,0,9,2,9,13,26,50,6,46,52,102
12/05/2015,YNG,OH,AGL,CE,Combined TRACON& Tower with Radar,0,0,0,1,1,0,0,0,0,0,0,0,0,1,1,0,0,0,1
12/06/2015,YNG,OH,AGL,CE,Combined TRACON& Tower with Radar,4,1,24,7,36,0,0,26,3,29,4,1,50,10,65,8,0,8,73
12/07/2015,YNG,OH,AGL,CE,Combined TRACON& Tower with Radar,2,2,21,33,58,0,0,12,3,15,2,2,33,36,73,6,34,40,113
12/08/2015,YNG,OH,AGL,CE,Combined TRACON& Tower with Radar,0,8,6,11,25,0,0,1,2,3,0,8,7,13,28,0,6,6,34
12/09/2015,YNG,OH,AGL,CE,Combined TRACON& Tower with Radar,0,7,15,2,24,0,0,9,0,9,0,7,24,2,33,0,0,0,33
12/10/2015,YNG,OH,AGL,CE,Combined TRACON& Tower with Radar,4,3,14,10,31,0,0,5,10,15,4,3,19,20,46,10,0,10,56
12/11/2015,YNG,OH,AGL,CE,Combined TRACON& Tower with Radar,2,11,12,5,30,0,3,19,0,22,2,14,31,5,52,2,0,2,54
12/12/2015,YNG,OH,AGL,CE,Combined TRACON& Tower with Radar,0,2,45,0,47,0,0,4,0,4,0,2,49,0,51,8,0,8,59
12/13/2015,YNG,OH,AGL,CE,Combined TRACON& Tower with Radar,4,5,29,1,39,0,0,33,0,33,4,5,62,1,72,4,32,36,108
12/14/2015,YNG,OH,AGL,CE,Combined TRACON& Tower with Radar,2,2,9,14,27,0,0,2,0,2,2,2,11,14,29,0,0,0,29
12/15/2015,YNG,OH,AGL,CE,Combined TRACON& Tower with Radar,0,5,19,16,40,0,4,2,1,7,0,9,21,17,47,0,16,16,63
12/16/2015,YNG,OH,AGL,CE,Combined TRACON& Tower with Radar,0,6,42,26,74,0,0,9,2,11,0,6,51,28,85,18,44,62,147
12/17/2015,YNG,OH,AGL,CE,Combined TRACON& Tower with Radar,6,6,16,17,45,0,1,1,2,4,6,7,17,19,49,8,28,36,85
12/18/2015,YNG,OH,AGL,CE,Combined TRACON& Tower with Radar,2,3,19,2,26,0,0,6,0,6,2,3,25,2,32,0,6,6,38
12/19/2015,YNG,OH,AGL,CE,Combined TRACON& Tower with Radar,4,2,2,0,8,0,0,0,0,0,4,2,2,0,8,4,0,4,12
12/20/2015,YNG,OH,AGL,CE,Combined TRACON& Tower with Radar,4,6,29,1,40,0,1,21,0,22,4,7,50,1,62,8,0,8,70
12/21/2015,YNG,OH,AGL,CE,Combined TRACON& Tower with Radar,2,1,4,26,33,0,1,0,4,5,2,2,4,30,38,0,8,8,46
12/22/2015,YNG,OH,AGL,CE,Combined TRACON& Tower with Radar,2,8,12,41,63,0,0,6,1,7,2,8,18,42,70,14,8,22,92
12/23/2015,YNG,OH,AGL,CE,Combined TRACON& Tower with Radar,4,7,20,9,40,0,0,19,3,22,4,7,39,12,62,6,30,36,98
12/24/2015,YNG,OH,AGL,CE,Combined TRACON& Tower with Radar,3,0,10,0,13,0,0,10,0,10,3,0,20,0,23,0,0,0,23
12/25/2015,YNG,OH,AGL,CE,Combined TRACON& Tower with Radar,3,0,5,0,8,0,0,5,0,5,3,0,10,0,13,10,0,10,23
12/26/2015,YNG,OH,AGL,CE,Combined TRACON& Tower with Radar,4,6,30,0,40,0,0,4,0,4,4,6,34,0,44,24,0,24,68
12/27/2015,YNG,OH,AGL,CE,Combined TRACON& Tower with Radar,4,7,12,0,23,0,0,0,0,0,4,7,12,0,23,0,0,0,23
12/28/2015,YNG,OH,AGL,CE,Combined TRACON& Tower with Radar,4,3,2,1,10,0,0,0,0,0,4,3,2,1,10,0,0,0,10
12/29/2015,YNG,OH,AGL,CE,Combined TRACON& Tower with Radar,4,2,18,21,45,0,0,0,2,2,4,2,18,23,47,0,47,47,94
12/30/2015,YNG,OH,AGL,CE,Combined TRACON& Tower with Radar,4,1,12,15,32,0,0,2,1,3,4,1,14,16,35,0,0,0,35
12/31/2015,YNG,OH,AGL,CE,Combined TRACON& Tower with Radar,2,2,1,0,5,0,0,0,0,0,2,2,1,0,5,0,0,0,5
01/01/2016,YNG,OH,AGL,CE,Combined TRACON& Tower with Radar,0,3,0,0,3,0,0,0,0,0,0,3,0,0,3,0,0,0,3
01/02/2016,YNG,OH,AGL,CE,Combined TRACON& Tower with Radar,6,5,4,0,15,0,0,0,0,0,6,5,4,0,15,12,0,12,27
01/03/2016,YNG,OH,AGL,CE,Combined TRACON& Tower with Radar,3,6,3,0,12,0,0,0,0,0,3,6,3,0,12,0,0,0,12
01/04/2016,YNG,OH,AGL,CE,Combined TRACON& Tower with Radar,1,10,2,27,40,0,0,0,1,1,1,10,2,28,41,0,16,16,57
01/05/2016,YNG,OH,AGL,CE,Combined TRACON& Tower with Radar,1,3,32,7,43,0,0,16,5,21,1,3,48,12,64,0,0,0,64
01/06/2016,YNG,OH,AGL,CE,Combined TRACON& Tower with Radar,0,2,18,38,58,0,2,24,0,26,0,4,42,38,84,19,42,61,145
01/07/2016,YNG,OH,AGL,CE,Combined TRACON& Tower with Radar,4,6,13,21,44,0,0,17,12,29,4,6,30,33,73,2,6,8,81
01/08/2016,YNG,OH,AGL,CE,Combined TRACON& Tower with Radar,2,1,14,18,35,0,0,3,0,3,2,1,17,18,38,0,32,32,70
01/09/2016,YNG,OH,AGL,CE,Combined TRACON& Tower with Radar,0,4,33,0,37,0,0,0,0,0,0,4,33,0,37,19,0,19,56
01/10/2016,YNG,OH,AGL,CE,Combined TRACON& Tower with Radar,6,3,3,1,13,0,0,0,0,0,6,3,3,1,13,0,0,0,13
01/11/2016,YNG,OH,AGL,CE,Combined TRACON& Tower with Radar,2,0,3,6,11,0,0,6,4,10,2,0,9,10,21,0,0,0,21
01/12/2016,YNG,OH,AGL,CE,Combined TRACON& Tower with Radar,0,1,5,0,6,0,0,0,0,0,0,1,5,0,6,0,0,0,6
01/13/2016,YNG,OH,AGL,CE,Combined TRACON& Tower with Radar,2,0,14,44,60,0,2,4,1,7,2,2,18,45,67,0,64,64,131
01/14/2016,YNG,OH,AGL,CE,Combined TRACON& Tower with Radar,4,8,22,8,42,0,0,9,3,12,4,8,31,11,54,0,0,0,54
01/15/2016,YNG,OH,AGL,CE,Combined TRACON& Tower with Radar,2,7,16,4,29,0,0,23,0,23,2,7,39,4,52,0,0,0,52
01/16/2016,YNG,OH,AGL,CE,Combined TRACON& Tower with Radar,0,1,1,0,2,0,0,0,0,0,0,1,1,0,2,0,0,0,2
01/17/2016,YNG,OH,AGL,CE,Combined TRACON& Tower with Radar,4,3,1,0,8,0,0,2,0,2,4,3,3,0,10,4,0,4,14
01/18/2016,YNG,OH,AGL,CE,Combined TRACON& Tower with Radar,2,5,8,0,15,0,0,0,0,0,2,5,8,0,15,0,0,0,15
01/19/2016,YNG,OH,AGL,CE,Combined TRACON& Tower with Radar,0,4,16,7,27,0,0,1,2,3,0,4,17,9,30,0,2,2,32
01/20/2016,YNG,OH,AGL,CE,Combined TRACON& Tower with Radar,0,2,7,32,41,0,0,2,2,4,0,2,9,34,45,0,0,0,45
01/21/2016,YNG,OH,AGL,CE,Combined TRACON& Tower with Radar,4,8,14,16,42,0,0,0,4,4,4,8,14,20,46,22,34,56,102
01/22/2016,YNG,OH,AGL,CE,Combined TRACON& Tower with Radar,4,14,10,29,57,0,0,13,4,17,4,14,23,33,74,5,0,5,79
01/23/2016,YNG,OH,AGL,CE,Combined TRACON& Tower with Radar,0,0,6,1,7,0,0,4,0,4,0,0,10,1,11,0,0,0,11
01/24/2016,YNG,OH,AGL,CE,Combined TRACON& Tower with Radar,4,4,5,0,13,0,0,7,0,7,4,4,12,0,20,0,0,0,20
01/25/2016,YNG,OH,AGL,CE,Combined TRACON& Tower with Radar,2,4,24,10,40,0,0,22,2,24,2,4,46,12,64,16,6,22,86
01/26/2016,YNG,OH,AGL,CE,Combined TRACON& Tower with Radar,0,0,11,11,22,0,0,0,5,5,0,0,11,16,27,0,10,10,37
01/27/2016,YNG,OH,AGL,CE,Combined TRACON& Tower with Radar,0,0,13,57,70,0,0,3,7,10,0,0,16,64,80,4,78,82,162
01/28/2016,YNG,OH,AGL,CE,Combined TRACON& Tower with Radar,4,10,11,10,35,0,0,6,3,9,4,10,17,13,44,0,8,8,52
01/29/2016,YNG,OH,AGL,CE,Combined TRACON& Tower with Radar,3,3,11,26,43,0,0,0,0,0,3,3,11,26,43,6,10,16,59
01/30/2016,YNG,OH,AGL,CE,Combined TRACON& Tower with Radar,0,1,10,0,11,0,0,13,0,13,0,1,23,0,24,0,0,0,24
01/31/2016,YNG,OH,AGL,CE,Combined TRACON& Tower with Radar,4,6,18,0,28,0,0,12,0,12,4,6,30,0,40,0,40,40,80
02/01/2016,YNG,OH,AGL,CE,Combined TRACON& Tower with Radar,2,1,17,20,40,0,0,5,0,5,2,1,22,20,45,0,40,40,85
02/02/2016,YNG,OH,AGL,CE,Combined TRACON& Tower with Radar,0,3,17,17,37,0,0,18,1,19,0,3,35,18,56,20,14,34,90
02/03/2016,YNG,OH,AGL,CE,Combined TRACON& Tower with Radar,0,5,4,28,37,0,0,0,0,0,0,5,4,28,37,0,8,8,45
02/04/2016,YNG,OH,AGL,CE,Combined TRACON& Tower with Radar,4,4,15,27,50,0,0,3,1,4,4,4,18,28,54,0,6,6,60
02/05/2016,YNG,OH,AGL,CE,Combined TRACON& Tower with Radar,2,3,27,5,37,0,0,16,0,16,2,3,43,5,53,0,0,0,53
02/06/2016,YNG,OH,AGL,CE,Combined TRACON& Tower with Radar,0,3,16,0,19,0,0,20,0,20,0,3,36,0,39,4,0,4,43
02/07/2016,YNG,OH,AGL,CE,Combined TRACON& Tower with Radar,4,4,20,6,34,0,0,26,2,28,4,4,46,8,62,6,0,6,68
02/08/2016,YNG,OH,AGL,CE,Combined TRACON& Tower with Radar,4,5,10,1,20,0,0,0,0,0,4,5,10,1,20,0,0,0,20
02/09/2016,YNG,OH,AGL,CE,Combined TRACON& Tower with Radar,0,4,5,11,20,0,0,2,0,2,0,4,7,11,22,0,0,0,22
02/10/2016,YNG,OH,AGL,CE,Combined TRACON& Tower with Radar,0,5,8,2,15,0,0,0,0,0,0,5,8,2,15,0,0,0,15
02/11/2016,YNG,OH,AGL,CE,Combined TRACON& Tower with Radar,6,1,12,10,29,0,0,0,0,0,6,1,12,10,29,0,20,20,49
02/12/2016,YNG,OH,AGL,CE,Combined TRACON& Tower with Radar,2,2,14,4,22,0,0,5,0,5,2,2,19,4,27,0,0,0,27
02/13/2016,YNG,OH,AGL,CE,Combined TRACON& Tower with Radar,0,5,3,0,8,0,0,0,0,0,0,5,3,0,8,0,0,0,8
02/14/2016,YNG,OH,AGL,CE,Combined TRACON& Tower with Radar,4,0,6,1,11,0,0,2,0,2,4,0,8,1,13,0,0,0,13
02/15/2016,YNG,OH,AGL,CE,Combined TRACON& Tower with Radar,2,1,3,3,9,0,0,0,0,0,2,1,3,3,9,0,0,0,9
02/16/2016,YNG,OH,AGL,CE,Combined TRACON& Tower with Radar,0,2,5,0,7,0,0,0,0,0,0,2,5,0,7,0,0,0,7
02/17/2016,YNG,OH,AGL,CE,Combined TRACON& Tower with Radar,0,3,7,1,11,0,0,0,0,0,0,3,7,1,11,10,20,30,41
02/18/2016,YNG,OH,AGL,CE,Combined TRACON& Tower with Radar,2,0,31,35,68,0,0,26,3,29,2,0,57,38,97,14,48,62,159
02/19/2016,YNG,OH,AGL,CE,Combined TRACON& Tower with Radar,4,2,7,2,15,0,0,0,0,0,4,2,7,2,15,0,0,0,15
02/20/2016,YNG,OH,AGL,CE,Combined TRACON& Tower with Radar,0,1,6,0,7,0,0,12,0,12,0,1,18,0,19,0,0,0,19
02/21/2016,YNG,OH,AGL,CE,Combined TRACON& Tower with Radar,2,3,16,1,22,0,0,13,0,13,2,3,29,1,35,14,0,14,49
02/22/2016,YNG,OH,AGL,CE,Combined TRACON& Tower with Radar,4,13,15,13,45,0,0,5,8,13,4,13,20,21,58,12,16,28,86
02/23/2016,YNG,OH,AGL,CE,Combined TRACON& Tower with Radar,0,6,24,28,58,0,0,28,3,31,0,6,52,31,89,8,8,16,105
02/24/2016,YNG,OH,AGL,CE,Combined TRACON& Tower with Radar,0,3,6,24,33,0,0,0,0,0,0,3,6,24,33,0,14,14,47
02/25/2016,YNG,OH,AGL,CE,Combined TRACON& Tower with Radar,2,2,3,0,7,0,0,0,0,0,2,2,3,0,7,0,0,0,7
02/26/2016,YNG,OH,AGL,CE,Combined TRACON& Tower with Radar,4,3,12,8,27,0,0,10,0,10,4,3,22,8,37,18,0,18,55
02/27/2016,YNG,OH,AGL,CE,Combined TRACON& Tower with Radar,0,2,8,0,10,0,0,4,0,4,0,2,12,0,14,16,0,16,30
02/28/2016,YNG,OH,AGL,CE,Combined TRACON& Tower with Radar,2,2,9,0,13,0,0,7,0,7,2,2,16,0,20,0,0,0,20
02/29/2016,YNG,OH,AGL,CE,Combined TRACON& Tower with Radar,4,3,11,8,26,0,0,0,2,2,4,3,11,10,28,0,0,0,28
03/01/2016,YNG,OH,AGL,CE,Combined TRACON& Tower with Radar,0,0,2,25,27,0,0,7,3,10,0,0,9,28,37,2,10,12,49
03/02/2016,YNG,OH,AGL,CE,Combined TRACON& Tower with Radar,0,6,8,26,40,0,0,0,0,0,0,6,8,26,40,0,12,12,52
03/03/2016,YNG,OH,AGL,CE,Combined TRACON& Tower with Radar,4,0,10,33,47,0,0,3,3,6,4,0,13,36,53,0,26,26,79
03/04/2016,YNG,OH,AGL,CE,Combined TRACON& Tower with Radar,4,3,10,6,23,0,0,0,0,0,4,3,10,6,23,0,8,8,31
03/05/2016,YNG,OH,AGL,CE,Combined TRACON& Tower with Radar,3,0,5,2,10,0,0,0,0,0,3,0,5,2,10,0,0,0,10
03/06/2016,YNG,OH,AGL,CE,Combined TRACON& Tower with Radar,6,0,9,0,15,0,0,6,0,6,6,0,15,0,21,8,0,8,29
03/07/2016,YNG,OH,AGL,CE,Combined TRACON& Tower with Radar,8,3,20,37,68,0,1,18,0,19,8,4,38,37,87,6,18,24,111
03/08/2016,YNG,OH,AGL,CE,Combined TRACON& Tower with Radar,3,0,18,11,32,0,0,22,3,25,3,0,40,14,57,14,18,32,89
03/09/2016,YNG,OH,AGL,CE,Combined TRACON& Tower with Radar,10,4,20,26,60,0,0,9,4,13,10,4,29,30,73,0,50,50,123
03/10/2016,YNG,OH,AGL,CE,Combined TRACON& Tower with Radar,5,7,4,2,18,0,0,0,0,0,5,7,4,2,18,0,0,0,18
03/11/2016,YNG,OH,AGL,CE,Combined TRACON& Tower with Radar,8,2,33,10,53,0,0,8,0,8,8,2,41,10,61,0,0,0,61
03/12/2016,YNG,OH,AGL,CE,Combined TRACON& Tower with Radar,1,5,30,2,38,0,0,33,0,33,1,5,63,2,71,24,0,24,95
03/13/2016,YNG,OH,AGL,CE,Combined TRACON& Tower with Radar,7,1,8,0,16,0,0,2,0,2,7,1,10,0,18,4,0,4,22
03/14/2016,YNG,OH,AGL,CE,Combined TRACON& Tower with Radar,6,3,22,0,31,0,0,3,0,3,6,3,25,0,34,0,0,0,34
03/15/2016,YNG,OH,AGL,CE,Combined TRACON& Tower with Radar,8,1,18,15,42,0,0,1,0,1,8,1,19,15,43,0,12,12,55
03/16/2016,YNG,OH,AGL,CE,Combined TRACON& Tower with Radar,7,1,6,3,17,0,1,1,1,3,7,2,7,4,20,0,0,0,20
03/17/2016,YNG,OH,AGL,CE,Combined TRACON& Tower with Radar,4,2,11,2,19,0,0,10,0,10,4,2,21,2,29,6,0,6,35
03/18/2016,YNG,OH,AGL,CE,Combined TRACON& Tower with Radar,6,7,6,17,36,0,0,14,0,14,6,7,20,17,50,0,0,0,50
03/19/2016,YNG,OH,AGL,CE,Combined TRACON& Tower with Radar,0,0,15,1,16,0,0,20,0,20,0,0,35,1,36,8,0,8,44
03/20/2016,YNG,OH,AGL,CE,Combined TRACON& Tower with Radar,2,2,8,1,13,0,0,5,0,5,2,2,13,1,18,4,0,4,22
03/21/2016,YNG,OH,AGL,CE,Combined TRACON& Tower with Radar,4,16,14,19,53,0,2,7,0,9,4,18,21,19,62,0,14,14,76
03/22/2016,YNG,OH,AGL,CE,Combined TRACON& Tower with Radar,2,4,15,23,44,0,0,8,2,10,2,4,23,25,54,2,42,44,98
03/23/2016,YNG,OH,AGL,CE,Combined TRACON& Tower with Radar,2,6,25,27,60,0,0,10,1,11,2,6,35,28,71,20,46,66,137
03/24/2016,YNG,OH,AGL,CE,Combined TRACON& Tower with Radar,2,6,15,3,26,0,0,1,1,2,2,6,16,4,28,0,0,0,28
03/25/2016,YNG,OH,AGL,CE,Combined TRACON& Tower with Radar,4,5,11,0,20,0,0,3,0,3,4,5,14,0,23,0,0,0,23
03/26/2016,YNG,OH,AGL,CE,Combined TRACON& Tower with Radar,2,2,22,0,26,0,2,19,0,21,2,4,41,0,47,0,0,0,47
03/27/2016,YNG,OH,AGL,CE,Combined TRACON& Tower with Radar,2,7,8,0,17,0,0,14,0,14,2,7,22,0,31,2,0,2,33
03/28/2016,YNG,OH,AGL,CE,Combined TRACON& Tower with Radar,4,6,8,39,57,0,0,0,0,0,4,6,8,39,57,0,36,36,93
03/29/2016,YNG,OH,AGL,CE,Combined TRACON& Tower with Radar,2,10,22,15,49,0,0,14,6,20,2,10,36,21,69,20,20,40,109
03/30/2016,YNG,OH,AGL,CE,Combined TRACON& Tower with Radar,2,0,12,35,49,0,0,21,6,27,2,0,33,41,76,28,34,62,138
03/31/2016,YNG,OH,AGL,CE,Combined TRACON& Tower with Radar,2,2,11,3,18,0,0,1,1,2,2,2,12,4,20,0,0,0,20
04/01/2016,YNG,OH,AGL,CE,Combined TRACON& Tower with Radar,4,7,12,13,36,0,0,10,0,10,4,7,22,13,46,0,14,14,60
04/02/2016,YNG,OH,AGL,CE,Combined TRACON& Tower with Radar,2,4,6,0,12,0,0,1,0,1,2,4,7,0,13,4,0,4,17
04/03/2016,YNG,OH,AGL,CE,Combined TRACON& Tower with Radar,2,0,11,4,17,0,0,5,1,6,2,0,16,5,23,14,0,14,37
04/04/2016,YNG,OH,AGL,CE,Combined TRACON& Tower with Radar,4,6,10,16,36,0,0,0,0,0,4,6,10,16,36,0,10,10,46
04/05/2016,YNG,OH,AGL,CE,Combined TRACON& Tower with Radar,4,2,27,26,59,0,0,27,15,42,4,2,54,41,101,50,30,80,181
04/06/2016,YNG,OH,AGL,CE,Combined TRACON& Tower with Radar,2,0,9,22,33,0,0,10,0,10,2,0,19,22,43,0,16,16,59
04/07/2016,YNG,OH,AGL,CE,Combined TRACON& Tower with Radar,2,1,11,15,29,0,0,0,0,0,2,1,11,15,29,2,16,18,47
04/08/2016,YNG,OH,AGL,CE,Combined TRACON& Tower with Radar,4,3,6,10,23,0,0,3,0,3,4,3,9,10,26,0,16,16,42
04/09/2016,YNG,OH,AGL,CE,Combined TRACON& Tower with Radar,1,4,0,0,5,0,1,0,0,1,1,5,0,0,6,0,0,0,6
04/10/2016,YNG,OH,AGL,CE,Combined TRACON& Tower with Radar,2,1,8,4,15,0,0,9,0,9,2,1,17,4,24,20,0,20,44
04/11/2016,YNG,OH,AGL,CE,Combined TRACON& Tower with Radar,4,1,8,1,14,0,0,0,0,0,4,1,8,1,14,0,0,0,14
04/12/2016,YNG,OH,AGL,CE,Combined TRACON& Tower with Radar,2,14,23,28,67,0,0,12,2,14,2,14,35,30,81,22,24,46,127
04/13/2016,YNG,OH,AGL,CE,Combined TRACON& Tower with Radar,0,10,22,33,65,0,0,26,1,27,0,10,48,34,92,25,56,81,173
04/14/2016,YNG,OH,AGL,CE,Combined TRACON& Tower with Radar,2,8,21,19,50,0,1,42,1,44,2,9,63,20,94,20,28,48,142
04/15/2016,YNG,OH,AGL,CE,Combined TRACON& Tower with Radar,4,0,30,9,43,0,0,37,0,37,4,0,67,9,80,16,8,24,104
04/16/2016,YNG,OH,AGL,CE,Combined TRACON& Tower with Radar,0,2,14,2,18,0,0,27,0,27,0,2,41,2,45,32,0,32,77
04/17/2016,YNG,OH,AGL,CE,Combined TRACON& Tower with Radar,2,3,17,0,22,0,0,27,0,27,2,3,44,0,49,36,0,36,85
04/18/2016,YNG,OH,AGL,CE,Combined TRACON& Tower with Radar,4,8,25,20,57,0,0,29,2,31,4,8,54,22,88,40,36,76,164
04/19/2016,YNG,OH,AGL,CE,Combined TRACON& Tower with Radar,0,7,13,10,30,0,0,21,2,23,0,7,34,12,53,10,0,10,63
04/20/2016,YNG,OH,AGL,CE,Combined TRACON& Tower with Radar,0,8,27,20,55,0,1,13,2,16,0,9,40,22,71,10,30,40,111
04/21/2016,YNG,OH,AGL,CE,Combined TRACON& Tower with Radar,2,6,24,7,39,0,0,11,2,13,2,6,35,9,52,0,10,10,62
04/22/2016,YNG,OH,AGL,CE,Combined TRACON& Tower with Radar,3,14,21,4,42,0,0,1,0,1,3,14,22,4,43,0,0,0,43
04/23/2016,YNG,OH,AGL,CE,Combined TRACON& Tower with Radar,0,6,19,0,25,0,0,3,0,3,0,6,22,0,28,0,0,0,28
04/24/2016,YNG,OH,AGL,CE,Combined TRACON& Tower with Radar,2,4,12,1,19,0,0,24,0,24,2,4,36,1,43,18,0,18,61
04/25/2016,YNG,OH,AGL,CE,Combined TRACON& Tower with Radar,4,1,24,22,51,0,0,5,0,5,4,1,29,22,56,0,48,48,104
04/26/2016,YNG,OH,AGL,CE,Combined TRACON& Tower with Radar,0,7,26,8,41,0,1,0,1,2,0,8,26,9,43,0,0,0,43
04/27/2016,YNG,OH,AGL,CE,Combined TRACON& Tower with Radar,0,6,34,21,61,0,2,16,0,18,0,8,50,21,79,2,12,14,93
04/28/2016,YNG,OH,AGL,CE,Combined TRACON& Tower with Radar,2,2,22,37,63,0,0,0,0,0,2,2,22,37,63,0,0,0,63
04/29/2016,YNG,OH,AGL,CE,Combined TRACON& Tower with Radar,4,2,15,17,38,0,0,0,0,0,4,2,15,17,38,0,0,0,38
04/30/2016,YNG,OH,AGL,CE,Combined TRACON& Tower with Radar,0,0,21,0,21,0,0,8,0,8,0,0,29,0,29,0,0,0,29
05/01/2016,YNG,OH,AGL,CE,Combined TRACON& Tower with Radar,2,5,11,2,20,0,1,0,0,1,2,6,11,2,21,0,0,0,21
05/02/2016,YNG,OH,AGL,CE,Combined TRACON& Tower with Radar,4,7,34,36,81,0,0,2,4,6,4,7,36,40,87,0,14,14,101
05/03/2016,YNG,OH,AGL,CE,Combined TRACON& Tower with Radar,0,2,40,22,64,0,0,12,2,14,0,2,52,24,78,20,66,86,164
05/04/2016,YNG,OH,AGL,CE,Combined TRACON& Tower with Radar,0,10,18,17,45,0,0,10,6,16,0,10,28,23,61,2,20,22,83
05/05/2016,YNG,OH,AGL,CE,Combined TRACON& Tower with Radar,2,6,14,18,40,0,0,0,4,4,2,6,14,22,44,1,6,7,51
05/06/2016,YNG,OH,AGL,CE,Combined TRACON& Tower with Radar,3,3,15,21,42,0,0,15,3,18,3,3,30,24,60,16,34,50,110
05/07/2016,YNG,OH,AGL,CE,Combined TRACON& Tower with Radar,0,9,14,2,25,0,0,40,1,41,0,9,54,3,66,6,0,6,72
05/08/2016,YNG,OH,AGL,CE,Combined TRACON& Tower with Radar,2,4,16,0,22,0,0,15,0,15,2,4,31,0,37,2,0,2,39
05/09/2016,YNG,OH,AGL,CE,Combined TRACON& Tower with Radar,4,3,27,5,39,0,2,24,5,31,4,5,51,10,70,40,14,54,124
05/10/2016,YNG,OH,AGL,CE,Combined TRACON& Tower with Radar,0,8,19,12,39,0,0,6,3,9,0,8,25,15,48,6,28,34,82
05/11/2016,YNG,OH,AGL,CE,Combined TRACON& Tower with Radar,0,1,14,45,60,0,0,8,4,12,0,1,22,49,72,2,28,30,102
05/12/2016,YNG,OH,AGL,CE,Combined TRACON& Tower with Radar,2,11,16,9,38,0,0,10,0,10,2,11,26,9,48,0,2,2,50
05/13/2016,YNG,OH,AGL,CE,Combined TRACON& Tower with Radar,4,6,20,10,40,0,0,13,0,13,4,6,33,10,53,0,24,24,77
05/14/2016,YNG,OH,AGL,CE,Combined TRACON& Tower with Radar,2,4,7,10,23,0,0,0,0,0,2,4,7,10,23,0,0,0,23
05/15/2016,YNG,OH,AGL,CE,Combined TRACON& Tower with Radar,2,7,2,2,13,0,0,2,0,2,2,7,4,2,15,0,0,0,15
05/16/2016,YNG,OH,AGL,CE,Combined TRACON& Tower with Radar,4,1,34,4,43,0,0,28,5,33,4,1,62,9,76,0,36,36,112
05/17/2016,YNG,OH,AGL,CE,Combined TRACON& Tower with Radar,2,10,19,16,47,0,3,5,3,11,2,13,24,19,58,2,28,30,88
05/18/2016,YNG,OH,AGL,CE,Combined TRACON& Tower with Radar,0,11,23,19,53,0,0,25,6,31,0,11,48,25,84,34,40,74,158
05/19/2016,YNG,OH,AGL,CE,Combined TRACON& Tower with Radar,4,1,15,17,37,0,0,34,0,34,4,1,49,17,71,22,42,64,135
05/20/2016,YNG,OH,AGL,CE,Combined TRACON& Tower with Radar,4,4,11,10,29,0,0,24,0,24,4,4,35,10,53,12,14,26,79
05/21/2016,YNG,OH,AGL,CE,Combined TRACON& Tower with Radar,0,2,8,2,12,0,0,0,0,0,0,2,8,2,12,24,0,24,36
05/22/2016,YNG,OH,AGL,CE,Combined TRACON& Tower with Radar,4,2,16,0,22,0,0,20,0,20,4,2,36,0,42,0,0,0,42
05/23/2016,YNG,OH,AGL,CE,Combined TRACON& Tower with Radar,4,4,21,22,51,0,1,17,1,19,4,5,38,23,70,22,66,88,158
05/24/2016,YNG,OH,AGL,CE,Combined TRACON& Tower with Radar,0,8,18,20,46,0,0,19,16,35,0,8,37,36,81,32,20,52,133
05/25/2016,YNG,OH,AGL,CE,Combined TRACON& Tower with Radar,0,1,21,24,46,0,0,16,2,18,0,1,37,26,64,32,44,76,140
05/26/2016,YNG,OH,AGL,CE,Combined TRACON& Tower with Radar,4,0,14,11,29,0,0,7,3,10,4,0,21,14,39,2,0,2,41
05/27/2016,YNG,OH,AGL,CE,Combined TRACON& Tower with Radar,3,0,22,2,27,0,0,28,0,28,3,0,50,2,55,26,0,26,81
05/28/2016,YNG,OH,AGL,CE,Combined TRACON& Tower with Radar,3,1,5,0,9,0,0,4,0,4,3,1,9,0,13,12,0,12,25
05/29/2016,YNG,OH,AGL,CE,Combined TRACON& Tower with Radar,4,3,8,0,15,0,0,9,0,9,4,3,17,0,24,0,0,0,24
05/30/2016,YNG,OH,AGL,CE,Combined TRACON& Tower with Radar,4,1,5,3,13,0,0,8,1,9,4,1,13,4,22,0,0,0,22
05/31/2016,YNG,OH,AGL,CE,Combined TRACON& Tower with Radar,0,8,18,8,34,0,0,28,0,28,0,8,46,8,62,14,0,14,76
06/01/2016,YNG,OH,AGL,CE,Combined TRACON& Tower with Radar,0,1,17,5,23,0,1,30,1,32,0,2,47,6,55,10,0,10,65
06/02/2016,YNG,OH,AGL,CE,Combined TRACON& Tower with Radar,2,7,9,9,27,0,3,4,2,9,2,10,13,11,36,4,14,18,54
06/03/2016,YNG,OH,AGL,CE,Combined TRACON& Tower with Radar,6,2,31,1,40,0,0,15,3,18,6,2,46,4,58,20,0,20,78
06/04/2016,YNG,OH,AGL,CE,Combined TRACON& Tower with Radar,2,5,13,4,24,0,4,16,0,20,2,9,29,4,44,2,0,2,46
06/05/2016,YNG,OH,AGL,CE,Combined TRACON& Tower with Radar,2,2,19,7,30,0,0,0,1,1,2,2,19,8,31,0,0,0,31
06/06/2016,YNG,OH,AGL,CE,Combined TRACON& Tower with Radar,6,2,17,0,25,0,0,16,0,16,6,2,33,0,41,6,0,6,47
06/07/2016,YNG,OH,AGL,CE,Combined TRACON& Tower with Radar,0,6,16,19,41,0,3,5,3,11,0,9,21,22,52,0,52,52,104
06/08/2016,YNG,OH,AGL,CE,Combined TRACON& Tower with Radar,0,5,33,14,52,0,0,6,3,9,0,5,39,17,61,8,34,42,103
06/09/2016,YNG,OH,AGL,CE,Combined TRACON& Tower with Radar,2,2,33,12,49,0,0,33,4,37,2,2,66,16,86,56,24,80,166
06/10/2016,YNG,OH,AGL,CE,Combined TRACON& Tower with Radar,6,4,18,6,34,0,0,29,0,29,6,4,47,6,63,22,2,24,87
06/11/2016,YNG,OH,AGL,CE,Combined TRACON& Tower with Radar,2,4,5,1,12,0,0,4,0,4,2,4,9,1,16,0,0,0,16
06/12/2016,YNG,OH,AGL,CE,Combined TRACON& Tower with Radar,4,9,22,0,35,0,0,13,0,13,4,9,35,0,48,12,0,12,60
06/13/2016,YNG,OH,AGL,CE,Combined TRACON& Tower with Radar,4,3,11,16,34,0,0,23,2,25,4,3,34,18,59,34,48,82,141
06/14/2016,YNG,OH,AGL,CE,Combined TRACON& Tower with Radar,2,14,23,12,51,0,3,14,3,20,2,17,37,15,71,16,4,20,91
06/15/2016,YNG,OH,AGL,CE,Combined TRACON& Tower with Radar,2,3,25,27,57,0,0,4,21,25,2,3,29,48,82,6,68,74,156
06/16/2016,YNG,OH,AGL,CE,Combined TRACON& Tower with Radar,1,7,13,1,22,0,0,1,0,1,1,7,14,1,23,10,0,10,33
06/17/2016,YNG,OH,AGL,CE,Combined TRACON& Tower with Radar,10,4,12,6,32,0,0,18,2,20,10,4,30,8,52,0,0,0,52
06/18/2016,YNG,OH,AGL,CE,Combined TRACON& Tower with Radar,2,0,5,0,7,0,2,28,0,30,2,2,33,0,37,48,2,50,87
06/19/2016,YNG,OH,AGL,CE,Combined TRACON& Tower with Radar,2,6,14,1,23,0,0,27,0,27,2,6,41,1,50,10,0,10,60
06/20/2016,YNG,OH,AGL,CE,Combined TRACON& Tower with Radar,7,2,33,43,85,0,1,13,3,17,7,3,46,46,102,4,44,48,150
06/21/2016,YNG,OH,AGL,CE,Combined TRACON& Tower with Radar,0,1,30,14,45,0,0,30,5,35,0,1,60,19,80,0,12,12,92
06/22/2016,YNG,OH,AGL,CE,Combined TRACON& Tower with Radar,2,2,13,37,54,0,0,22,0,22,2,2,35,37,76,0,70,70,146
06/23/2016,YNG,OH,AGL,CE,Combined TRACON& Tower with Radar,2,10,23,35,70,0,0,0,2,2,2,10,23,37,72,0,18,18,90
06/24/2016,YNG,OH,AGL,CE,Combined TRACON& Tower with Radar,6,7,17,22,52,0,0,17,4,21,6,7,34,26,73,34,8,42,115
06/25/2016,YNG,OH,AGL,CE,Combined TRACON& Tower with Radar,2,5,20,0,27,0,0,21,0,21,2,5,41,0,48,18,0,18,66
06/26/2016,YNG,OH,AGL,CE,Combined TRACON& Tower with Radar,2,6,10,1,19,0,0,9,0,9,2,6,19,1,28,12,0,12,40
06/27/2016,YNG,OH,AGL,CE,Combined TRACON& Tower with Radar,6,6,21,21,54,0,6,6,6,18,6,12,27,27,72,0,30,30,102
06/28/2016,YNG,OH,AGL,CE,Combined TRACON& Tower with Radar,0,5,25,25,55,0,0,15,14,29,0,5,40,39,84,0,24,24,108
06/29/2016,YNG,OH,AGL,CE,Combined TRACON& Tower with Radar,2,8,12,58,80,0,0,19,7,26,2,8,31,65,106,12,86,98,204
06/30/2016,YNG,OH,AGL,CE,Combined TRACON& Tower with Radar,2,8,24,9,43,0,1,28,3,32,2,9,52,12,75,12,14,26,101
07/01/2016,YNG,OH,AGL,CE,Combined TRACON& Tower with Radar,6,4,14,9,33,0,0,10,0,10,6,4,24,9,43,4,0,4,47
07/02/2016,YNG,OH,AGL,CE,Combined TRACON& Tower with Radar,2,4,4,0,10,0,0,12,0,12,2,4,16,0,22,18,0,18,40
07/03/2016,YNG,OH,AGL,CE,Combined TRACON& Tower with Radar,2,2,9,0,13,0,0,18,0,18,2,2,27,0,31,6,0,6,37
07/04/2016,YNG,OH,AGL,CE,Combined TRACON& Tower with Radar,6,8,12,0,26,0,0,7,0,7,6,8,19,0,33,10,0,10,43
07/05/2016,YNG,OH,AGL,CE,Combined TRACON& Tower with Radar,0,7,21,23,51,0,0,7,2,9,0,7,28,25,60,0,32,32,92
07/06/2016,YNG,OH,AGL,CE,Combined TRACON& Tower with Radar,0,10,31,28,69,0,0,10,0,10,0,10,41,28,79,40,44,84,163
07/07/2016,YNG,OH,AGL,CE,Combined TRACON& Tower with Radar,0,7,17,21,45,0,0,9,11,20,0,7,26,32,65,0,38,38,103
07/08/2016,YNG,OH,AGL,CE,Combined TRACON& Tower with Radar,8,10,11,4,33,0,0,2,0,2,8,10,13,4,35,0,0,0,35
07/09/2016,YNG,OH,AGL,CE,Combined TRACON& Tower with Radar,2,7,12,0,21,0,0,11,0,11,2,7,23,0,32,12,0,12,44
07/10/2016,YNG,OH,AGL,CE,Combined TRACON& Tower with Radar,2,10,19,2,33,0,0,33,0,33,2,10,52,2,66,4,0,4,70
07/11/2016,YNG,OH,AGL,CE,Combined TRACON& Tower with Radar,6,12,17,20,55,0,1,17,1,19,6,13,34,21,74,16,66,82,156
07/12/2016,YNG,OH,AGL,CE,Combined TRACON& Tower with Radar,0,9,25,25,59,0,0,20,6,26,0,9,45,31,85,26,26,52,137
07/13/2016,YNG,OH,AGL,CE,Combined TRACON& Tower with Radar,0,23,42,19,84,0,0,3,7,10,0,23,45,26,94,0,50,50,144
07/14/2016,YNG,OH,AGL,CE,Combined TRACON& Tower with Radar,2,10,12,20,44,0,0,4,2,6,2,10,16,22,50,0,12,12,62
07/15/2016,YNG,OH,AGL,CE,Combined TRACON& Tower with Radar,7,5,10,7,29,0,0,13,3,16,7,5,23,10,45,0,22,22,67
07/16/2016,YNG,OH,AGL,CE,Combined TRACON& Tower with Radar,4,7,22,0,33,0,0,16,0,16,4,7,38,0,49,24,0,24,73
07/17/2016,YNG,OH,AGL,CE,Combined TRACON& Tower with Radar,2,5,15,3,25,0,0,29,0,29,2,5,44,3,54,20,0,20,74
07/18/2016,YNG,OH,AGL,CE,Combined TRACON& Tower with Radar,8,6,11,32,57,0,0,5,0,5,8,6,16,32,62,0,40,40,102
07/19/2016,YNG,OH,AGL,CE,Combined TRACON& Tower with Radar,0,8,25,33,66,0,0,11,9,20,0,8,36,42,86,0,94,94,180
07/20/2016,YNG,OH,AGL,CE,Combined TRACON& Tower with Radar,0,9,50,21,80,0,0,22,3,25,0,9,72,24,105,10,36,46,151
07/21/2016,YNG,OH,AGL,CE,Combined TRACON& Tower with Radar,4,8,20,15,47,0,0,10,8,18,4,8,30,23,65,2,34,36,101
07/22/2016,YNG,OH,AGL,CE,Combined TRACON& Tower with Radar,6,10,4,3,23,0,0,8,2,10,6,10,12,5,33,4,0,4,37
07/23/2016,YNG,OH,AGL,CE,Combined TRACON& Tower with Radar,2,3,12,0,17,0,0,14,0,14,2,3,26,0,31,0,0,0,31
07/24/2016,YNG,OH,AGL,CE,Combined TRACON& Tower with Radar,2,12,13,2,29,0,0,18,2,20,2,12,31,4,49,4,2,6,55
07/25/2016,YNG,OH,AGL,CE,Combined TRACON& Tower with Radar,6,8,15,4,33,0,0,10,0,10,6,8,25,4,43,8,10,18,61
07/26/2016,YNG,OH,AGL,CE,Combined TRACON& Tower with Radar,0,8,16,48,72,0,0,21,9,30,0,8,37,57,102,10,32,42,144
07/27/2016,YNG,OH,AGL,CE,Combined TRACON& Tower with Radar,0,5,13,35,53,0,0,32,1,33,0,5,45,36,86,24,12,36,122
07/28/2016,YNG,OH,AGL,CE,Combined TRACON& Tower with Radar,2,4,30,17,53,0,2,11,7,20,2,6,41,24,73,0,30,30,103
07/29/2016,YNG,OH,AGL,CE,Combined TRACON& Tower with Radar,6,9,10,6,31,0,0,3,0,3,6,9,13,6,34,0,0,0,34
07/30/2016,YNG,OH,AGL,CE,Combined TRACON& Tower with Radar,2,3,14,0,19,0,0,0,0,0,2,3,14,0,19,0,0,0,19
07/31/2016,YNG,OH,AGL,CE,Combined TRACON& Tower with Radar,2,5,20,0,27,0,0,12,0,12,2,5,32,0,39,0,0,0,39
08/01/2016,YNG,OH,AGL,CE,Combined TRACON& Tower with Radar,4,4,9,4,21,0,2,21,1,24,4,6,30,5,45,36,0,36,81
08/02/2016,YNG,OH,AGL,CE,Combined TRACON& Tower with Radar,2,15,26,24,67,0,0,31,7,38,2,15,57,31,105,0,46,46,151
08/03/2016,YNG,OH,AGL,CE,Combined TRACON& Tower with Radar,0,2,19,28,49,0,0,21,3,24,0,2,40,31,73,8,42,50,123
08/04/2016,YNG,OH,AGL,CE,Combined TRACON& Tower with Radar,2,6,8,17,33,0,1,5,4,10,2,7,13,21,43,0,12,12,55
08/05/2016,YNG,OH,AGL,CE,Combined TRACON& Tower with Radar,8,10,12,17,47,0,0,13,7,20,8,10,25,24,67,0,32,32,99
08/06/2016,YNG,OH,AGL,CE,Combined TRACON& Tower with Radar,2,2,16,0,20,0,0,19,0,19,2,2,35,0,39,0,0,0,39
08/07/2016,YNG,OH,AGL,CE,Combined TRACON& Tower with Radar,4,4,23,2,33,0,0,56,0,56,4,4,79,2,89,6,0,6,95
08/08/2016,YNG,OH,AGL,CE,Combined TRACON& Tower with Radar,6,7,18,35,66,0,0,11,5,16,6,7,29,40,82,22,16,38,120
08/09/2016,YNG,OH,AGL,CE,Combined TRACON& Tower with Radar,0,6,14,35,55,0,0,20,5,25,0,6,34,40,80,0,40,40,120
08/10/2016,YNG,OH,AGL,CE,Combined TRACON& Tower with Radar,0,8,7,10,25,0,3,4,0,7,0,11,11,10,32,0,6,6,38
08/11/2016,YNG,OH,AGL,CE,Combined TRACON& Tower with Radar,0,9,7,9,25,0,1,4,0,5,0,10,11,9,30,17,16,33,63
08/12/2016,YNG,OH,AGL,CE,Combined TRACON& Tower with Radar,8,11,12,4,35,0,4,10,0,14,8,15,22,4,49,6,0,6,55
08/13/2016,YNG,OH,AGL,CE,Combined TRACON& Tower with Radar,2,2,9,0,13,0,0,10,0,10,2,2,19,0,23,12,0,12,35
08/14/2016,YNG,OH,AGL,CE,Combined TRACON& Tower with Radar,2,5,13,1,21,0,0,0,0,0,2,5,13,1,21,0,0,0,21
08/15/2016,YNG,OH,AGL,CE,Combined TRACON& Tower with Radar,8,4,18,7,37,0,0,1,1,2,8,4,19,8,39,0,8,8,47
08/16/2016,YNG,OH,AGL,CE,Combined TRACON& Tower with Radar,0,6,7,20,33,0,0,5,2,7,0,6,12,22,40,0,32,32,72
08/17/2016,YNG,OH,AGL,CE,Combined TRACON& Tower with Radar,0,3,26,23,52,0,0,5,2,7,0,3,31,25,59,10,30,40,99
08/18/2016,YNG,OH,AGL,CE,Combined TRACON& Tower with Radar,2,11,18,29,60,0,0,25,2,27,2,11,43,31,87,32,58,90,177
08/19/2016,YNG,OH,AGL,CE,Combined TRACON& Tower with Radar,4,8,16,2,30,0,0,22,0,22,4,8,38,2,52,22,0,22,74
08/20/2016,YNG,OH,AGL,CE,Combined TRACON& Tower with Radar,0,2,5,0,7,0,0,6,0,6,0,2,11,0,13,10,0,10,23
08/21/2016,YNG,OH,AGL,CE,Combined TRACON& Tower with Radar,2,2,8,2,14,0,0,5,0,5,2,2,13,2,19,16,22,38,57
08/22/2016,YNG,OH,AGL,CE,Combined TRACON& Tower with Radar,4,9,17,15,45,0,4,15,5,24,4,13,32,20,69,0,0,0,69
08/23/2016,YNG,OH,AGL,CE,Combined TRACON& Tower with Radar,0,9,32,24,65,0,0,39,2,41,0,9,71,26,106,28,10,38,144
08/24/2016,YNG,OH,AGL,CE,Combined TRACON& Tower with Radar,0,5,14,29,48,0,6,43,5,54,0,11,57,34,102,38,52,90,192
08/25/2016,YNG,OH,AGL,CE,Combined TRACON& Tower with Radar,4,6,15,8,33,0,0,3,2,5,4,6,18,10,38,0,18,18,56
08/26/2016,YNG,OH,AGL,CE,Combined TRACON& Tower with Radar,4,5,18,1,28,0,0,25,0,25,4,5,43,1,53,14,0,14,67
08/27/2016,YNG,OH,AGL,CE,Combined TRACON& Tower with Radar,2,11,17,0,30,0,1,47,0,48,2,12,64,0,78,22,0,22,100
08/28/2016,YNG,OH,AGL,CE,Combined TRACON& Tower with Radar,2,6,7,2,17,0,0,12,0,12,2,6,19,2,29,8,0,8,37
08/29/2016,YNG,OH,AGL,CE,Combined TRACON& Tower with Radar,4,6,15,6,31,0,1,32,0,33,4,7,47,6,64,21,22,43,107
08/30/2016,YNG,OH,AGL,CE,Combined TRACON& Tower with Radar,0,4,19,15,38,0,0,27,0,27,0,4,46,15,65,46,6,52,117
08/31/2016,YNG,OH,AGL,CE,Combined TRACON& Tower with Radar,0,0,14,10,24,0,0,1,0,1,0,0,15,10,25,0,0,0,25
09/01/2016,YNG,OH,AGL,CE,Combined TRACON& Tower with Radar,2,2,24,3,31,0,0,23,0,23,2,2,47,3,54,16,0,16,70
09/02/2016,YNG,OH,AGL,CE,Combined TRACON& Tower with Radar,4,1,12,2,19,0,0,17,0,17,4,1,29,2,36,16,0,16,52
09/03/2016,YNG,OH,AGL,CE,Combined TRACON& Tower with Radar,0,5,11,0,16,0,0,19,0,19,0,5,30,0,35,12,0,12,47
09/04/2016,YNG,OH,AGL,CE,Combined TRACON& Tower with Radar,2,0,4,0,6,0,0,8,0,8,2,0,12,0,14,10,0,10,24
09/05/2016,YNG,OH,AGL,CE,Combined TRACON& Tower with Radar,7,6,19,0,32,0,0,15,0,15,7,6,34,0,47,0,0,0,47
09/06/2016,YNG,OH,AGL,CE,Combined TRACON& Tower with Radar,1,2,6,5,14,0,0,17,0,17,1,2,23,5,31,14,6,20,51
09/07/2016,YNG,OH,AGL,CE,Combined TRACON& Tower with Radar,0,7,19,12,38,0,0,6,0,6,0,7,25,12,44,12,20,32,76
09/08/2016,YNG,OH,AGL,CE,Combined TRACON& Tower with Radar,2,8,20,27,57,0,0,5,1,6,2,8,25,28,63,0,4,4,67
09/09/2016,YNG,OH,AGL,CE,Combined TRACON& Tower with Radar,4,8,22,1,35,0,0,5,2,7,4,8,27,3,42,4,0,4,46
09/10/2016,YNG,OH,AGL,CE,Combined TRACON& Tower with Radar,2,1,9,0,12,0,0,4,2,6,2,1,13,2,18,0,0,0,18
09/11/2016,YNG,OH,AGL,CE,Combined TRACON& Tower with Radar,2,4,28,0,34,0,2,24,0,26,2,6,52,0,60,22,0,22,82
09/12/2016,YNG,OH,AGL,CE,Combined TRACON& Tower with Radar,4,3,10,11,28,0,0,12,1,13,4,3,22,12,41,10,6,16,57
09/13/2016,YNG,OH,AGL,CE,Combined TRACON& Tower with Radar,0,6,16,24,46,0,0,6,5,11,0,6,22,29,57,22,34,56,113
09/14/2016,YNG,OH,AGL,CE,Combined TRACON& Tower with Radar,0,3,27,10,40,0,0,6,0,6,0,3,33,10,46,2,10,12,58
09/15/2016,YNG,OH,AGL,CE,Combined TRACON& Tower with Radar,2,8,16,32,58,0,0,20,4,24,2,8,36,36,82,0,28,28,110
09/16/2016,YNG,OH,AGL,CE,Combined TRACON& Tower with Radar,4,2,11,31,48,0,0,20,1,21,4,2,31,32,69,0,20,20,89
09/17/2016,YNG,OH,AGL,CE,Combined TRACON& Tower with Radar,2,3,5,1,11,0,0,0,0,0,2,3,5,1,11,0,0,0,11
09/18/2016,YNG,OH,AGL,CE,Combined TRACON& Tower with Radar,2,6,39,0,47,0,0,1,0,1,2,6,40,0,48,0,14,14,62
09/19/2016,YNG,OH,AGL,CE,Combined TRACON& Tower with Radar,5,2,22,21,50,0,0,20,3,23,5,2,42,24,73,0,16,16,89
09/20/2016,YNG,OH,AGL,CE,Combined TRACON& Tower with Radar,1,10,13,14,38,0,2,15,1,18,1,12,28,15,56,0,8,8,64
09/21/2016,YNG,OH,AGL,CE,Combined TRACON& Tower with Radar,0,3,11,27,41,0,0,13,4,17,0,3,24,31,58,24,32,56,114
09/22/2016,YNG,OH,AGL,CE,Combined TRACON& Tower with Radar,3,7,19,15,44,0,0,36,0,36,3,7,55,15,80,30,12,42,122
09/23/2016,YNG,OH,AGL,CE,Combined TRACON& Tower with Radar,4,3,11,12,30,0,0,18,2,20,4,3,29,14,50,6,4,10,60
09/24/2016,YNG,OH,AGL,CE,Combined TRACON& Tower with Radar,1,2,8,0,11,0,0,12,0,12,1,2,20,0,23,10,0,10,33
09/25/2016,YNG,OH,AGL,CE,Combined TRACON& Tower with Radar,2,7,21,0,30,0,4,37,0,41,2,11,58,0,71,30,0,30,101
09/26/2016,YNG,OH,AGL,CE,Combined TRACON& Tower with Radar,4,7,18,11,40,0,0,2,1,3,4,7,20,12,43,0,24,24,67
09/27/2016,YNG,OH,AGL,CE,Combined TRACON& Tower with Radar,0,3,18,2,23,0,0,11,0,11,0,3,29,2,34,2,0,2,36
09/28/2016,YNG,OH,AGL,CE,Combined TRACON& Tower with Radar,2,2,9,10,23,0,0,4,0,4,2,2,13,10,27,0,6,6,33
09/29/2016,YNG,OH,AGL,CE,Combined TRACON& Tower with Radar,4,3,24,1,32,0,0,1,0,1,4,3,25,1,33,4,0,4,37
09/30/2016,YNG,OH,AGL,CE,Combined TRACON& Tower with Radar,5,2,20,1,28,0,1,0,0,1,5,3,20,1,29,0,0,0,29
10/01/2016,YNG,OH,AGL,CE,Combined TRACON& Tower with Radar,3,0,27,0,30,0,0,3,0,3,3,0,30,0,33,0,0,0,33
10/02/2016,YNG,OH,AGL,CE,Combined TRACON& Tower with Radar,2,2,10,13,27,0,0,4,2,6,2,2,14,15,33,0,16,16,49
10/03/2016,YNG,OH,AGL,CE,Combined TRACON& Tower with Radar,7,3,22,38,70,0,0,9,0,9,7,3,31,38,79,54,32,86,165
10/04/2016,YNG,OH,AGL,CE,Combined TRACON& Tower with Radar,1,9,26,8,44,0,1,17,0,18,1,10,43,8,62,32,0,32,94
10/05/2016,YNG,OH,AGL,CE,Combined TRACON& Tower with Radar,0,3,14,36,53,0,0,29,1,30,0,3,43,37,83,28,64,92,175
10/06/2016,YNG,OH,AGL,CE,Combined TRACON& Tower with Radar,4,5,18,15,42,0,0,24,3,27,4,5,42,18,69,18,6,24,93
10/07/2016,YNG,OH,AGL,CE,Combined TRACON& Tower with Radar,0,5,13,0,18,0,2,21,0,23,0,7,34,0,41,24,0,24,65
10/08/2016,YNG,OH,AGL,CE,Combined TRACON& Tower with Radar,2,1,25,0,28,0,0,7,0,7,2,1,32,0,35,8,0,8,43
10/09/2016,YNG,OH,AGL,CE,Combined TRACON& Tower with Radar,2,2,14,0,18,0,0,15,0,15,2,2,29,0,33,0,0,0,33
10/10/2016,YNG,OH,AGL,CE,Combined TRACON& Tower with Radar,2,9,14,0,25,0,0,24,0,24,2,9,38,0,49,58,0,58,107
10/11/2016,YNG,OH,AGL,CE,Combined TRACON& Tower with Radar,2,12,22,34,70,0,3,22,2,27,2,15,44,36,97,12,18,30,127
10/12/2016,YNG,OH,AGL,CE,Combined TRACON& Tower with Radar,4,3,27,13,47,0,0,23,4,27,4,3,50,17,74,14,0,14,88
10/13/2016,YNG,OH,AGL,CE,Combined TRACON& Tower with Radar,6,8,33,0,47,0,2,3,0,5,6,10,36,0,52,8,0,8,60
10/14/2016,YNG,OH,AGL,CE,Combined TRACON& Tower with Radar,6,9,17,8,40,0,0,25,0,25,6,9,42,8,65,12,0,12,77
10/15/2016,YNG,OH,AGL,CE,Combined TRACON& Tower with Radar,1,3,7,0,11,0,0,21,0,21,1,3,28,0,32,0,0,0,32
10/16/2016,YNG,OH,AGL,CE,Combined TRACON& Tower with Radar,2,5,12,0,19,0,0,5,0,5,2,5,17,0,24,8,0,8,32
10/17/2016,YNG,OH,AGL,CE,Combined TRACON& Tower with Radar,2,2,13,13,30,0,0,12,1,13,2,2,25,14,43,0,6,6,49
10/18/2016,YNG,OH,AGL,CE,Combined TRACON& Tower with Radar,1,0,15,4,20,0,0,3,0,3,1,0,18,4,23,0,0,0,23
10/19/2016,YNG,OH,AGL,CE,Combined TRACON& Tower with Radar,4,10,30,35,79,0,1,26,0,27,4,11,56,35,106,34,60,94,200
10/20/2016,YNG,OH,AGL,CE,Combined TRACON& Tower with Radar,5,3,19,2,29,0,0,0,0,0,5,3,19,2,29,0,0,0,29
10/21/2016,YNG,OH,AGL,CE,Combined TRACON& Tower with Radar,7,5,9,1,22,0,0,0,0,0,7,5,9,1,22,0,0,0,22
10/22/2016,YNG,OH,AGL,CE,Combined TRACON& Tower with Radar,4,6,9,1,20,0,0,1,0,1,4,6,10,1,21,0,0,0,21
10/23/2016,YNG,OH,AGL,CE,Combined TRACON& Tower with Radar,3,0,15,0,18,0,0,22,0,22,3,0,37,0,40,16,0,16,56
10/24/2016,YNG,OH,AGL,CE,Combined TRACON& Tower with Radar,7,1,26,27,61,0,0,11,2,13,7,1,37,29,74,12,12,24,98
10/25/2016,YNG,OH,AGL,CE,Combined TRACON& Tower with Radar,6,5,28,4,43,0,2,15,3,20,6,7,43,7,63,41,10,51,114
10/26/2016,YNG,OH,AGL,CE,Combined TRACON& Tower with Radar,4,6,8,14,32,0,0,8,2,10,4,6,16,16,42,22,0,22,64
10/27/2016,YNG,OH,AGL,CE,Combined TRACON& Tower with Radar,7,7,16,20,50,0,0,0,0,0,7,7,16,20,50,0,0,0,50
10/28/2016,YNG,OH,AGL,CE,Combined TRACON& Tower with Radar,4,6,14,1,25,0,0,11,0,11,4,6,25,1,36,20,0,20,56
10/29/2016,YNG,OH,AGL,CE,Combined TRACON& Tower with Radar,0,2,13,2,17,0,2,15,2,19,0,4,28,4,36,0,0,0,36
10/30/2016,YNG,OH,AGL,CE,Combined TRACON& Tower with Radar,2,4,16,0,22,0,0,0,0,0,2,4,16,0,22,0,0,0,22
10/31/2016,YNG,OH,AGL,CE,Combined TRACON& Tower with Radar,2,3,13,26,44,0,1,24,6,31,2,4,37,32,75,0,58,58,133
11/01/2016,YNG,OH,AGL,CE,Combined TRACON& Tower with Radar,3,5,20,15,43,0,0,15,7,22,3,5,35,22,65,2,38,40,105
11/02/2016,YNG,OH,AGL,CE,Combined TRACON& Tower with Radar,1,6,18,3,28,0,0,27,1,28,1,6,45,4,56,4,18,22,78
11/03/2016,YNG,OH,AGL,CE,Combined TRACON& Tower with Radar,6,3,21,4,34,0,0,2,0,2,6,3,23,4,36,14,0,14,50
11/04/2016,YNG,OH,AGL,CE,Combined TRACON& Tower with Radar,4,4,35,0,43,0,0,18,0,18,4,4,53,0,61,68,0,68,129
11/05/2016,YNG,OH,AGL,CE,Combined TRACON& Tower with Radar,2,2,20,2,26,0,1,30,2,33,2,3,50,4,59,0,6,6,65
11/06/2016,YNG,OH,AGL,CE,Combined TRACON& Tower with Radar,2,2,25,11,40,0,0,16,5,21,2,2,41,16,61,0,0,0,61
11/07/2016,YNG,OH,AGL,CE,Combined TRACON& Tower with Radar,2,2,10,4,18,0,1,10,0,11,2,3,20,4,29,22,20,42,71
11/08/2016,YNG,OH,AGL,CE,Combined TRACON& Tower with Radar,0,3,20,35,58,0,0,16,9,25,0,3,36,44,83,24,20,44,127
11/09/2016,YNG,OH,AGL,CE,Combined TRACON& Tower with Radar,0,3,14,2,19,0,0,0,0,0,0,3,14,2,19,0,0,0,19
11/10/2016,YNG,OH,AGL,CE,Combined TRACON& Tower with Radar,2,21,19,8,50,0,2,17,0,19,2,23,36,8,69,0,0,0,69
11/11/2016,YNG,OH,AGL,CE,Combined TRACON& Tower with Radar,3,5,19,1,28,0,2,6,0,8,3,7,25,1,36,0,0,0,36
11/12/2016,YNG,OH,AGL,CE,Combined TRACON& Tower with Radar,1,1,13,0,15,0,0,27,0,27,1,1,40,0,42,38,0,38,80
11/13/2016,YNG,OH,AGL,CE,Combined TRACON& Tower with Radar,2,5,20,0,27,0,0,20,0,20,2,5,40,0,47,16,0,16,63
11/14/2016,YNG,OH,AGL,CE,Combined TRACON& Tower with Radar,2,4,16,16,38,0,0,20,0,20,2,4,36,16,58,32,30,62,120
11/15/2016,YNG,OH,AGL,CE,Combined TRACON& Tower with Radar,0,2,21,12,35,0,0,17,2,19,0,2,38,14,54,44,12,56,110
11/16/2016,YNG,OH,AGL,CE,Combined TRACON& Tower with Radar,0,3,20,29,52,0,0,0,3,3,0,3,20,32,55,4,132,136,191
11/17/2016,YNG,OH,AGL,CE,Combined TRACON& Tower with Radar,2,11,21,6,40,0,0,24,0,24,2,11,45,6,64,34,8,42,106
11/18/2016,YNG,OH,AGL,CE,Combined TRACON& Tower with Radar,6,0,27,1,34,0,0,22,0,22,6,0,49,1,56,0,0,0,56
11/19/2016,YNG,OH,AGL,CE,Combined TRACON& Tower with Radar,2,4,4,0,10,0,0,0,0,0,2,4,4,0,10,0,0,0,10
11/20/2016,YNG,OH,AGL,CE,Combined TRACON& Tower with Radar,4,4,2,0,10,0,0,0,0,0,4,4,2,0,10,0,0,0,10
11/21/2016,YNG,OH,AGL,CE,Combined TRACON& Tower with Radar,2,2,15,4,23,0,0,3,0,3,2,2,18,4,26,4,18,22,48
11/22/2016,YNG,OH,AGL,CE,Combined TRACON& Tower with Radar,0,5,35,32,72,0,2,18,2,22,0,7,53,34,94,30,58,88,182
11/23/2016,YNG,OH,AGL,CE,Combined TRACON& Tower with Radar,2,2,18,3,25,0,0,6,0,6,2,2,24,3,31,6,0,6,37
11/24/2016,YNG,OH,AGL,CE,Combined TRACON& Tower with Radar,4,1,2,0,7,0,0,0,0,0,4,1,2,0,7,0,0,0,7
11/25/2016,YNG,OH,AGL,CE,Combined TRACON& Tower with Radar,2,0,2,0,4,0,0,1,0,1,2,0,3,0,5,0,0,0,5
11/26/2016,YNG,OH,AGL,CE,Combined TRACON& Tower with Radar,2,3,7,0,12,0,0,0,0,0,2,3,7,0,12,0,0,0,12
11/27/2016,YNG,OH,AGL,CE,Combined TRACON& Tower with Radar,2,5,24,1,32,0,1,39,2,42,2,6,63,3,74,38,0,38,112
11/28/2016,YNG,OH,AGL,CE,Combined TRACON& Tower with Radar,2,3,10,0,15,0,0,10,1,11,2,3,20,1,26,12,0,12,38
11/29/2016,YNG,OH,AGL,CE,Combined TRACON& Tower with Radar,0,15,16,23,54,0,0,3,3,6,0,15,19,26,60,0,58,58,118
11/30/2016,YNG,OH,AGL,CE,Combined TRACON& Tower with Radar,0,9,13,6,28,0,2,0,0,2,0,11,13,6,30,0,0,0,30
12/01/2016,YNG,OH,AGL,CE,Combined TRACON& Tower with Radar,2,6,10,17,35,0,0,0,2,2,2,6,10,19,37,0,64,64,101
12/02/2016,YNG,OH,AGL,CE,Combined TRACON& Tower with Radar,4,4,15,11,34,0,0,7,0,7,4,4,22,11,41,0,20,20,61
12/03/2016,YNG,OH,AGL,CE,Combined TRACON& Tower with Radar,2,0,6,1,9,0,0,7,0,7,2,0,13,1,16,0,0,0,16
12/04/2016,YNG,OH,AGL,CE,Combined TRACON& Tower with Radar,2,6,19,15,42,0,0,27,1,28,2,6,46,16,70,50,20,70,140
12/05/2016,YNG,OH,AGL,CE,Combined TRACON& Tower with Radar,2,3,14,28,47,0,0,3,4,7,2,3,17,32,54,0,54,54,108
12/06/2016,YNG,OH,AGL,CE,Combined TRACON& Tower with Radar,0,8,9,3,20,0,0,1,0,1,0,8,10,3,21,0,0,0,21
12/07/2016,YNG,OH,AGL,CE,Combined TRACON& Tower with Radar,0,5,12,1,18,0,0,10,0,10,0,5,22,1,28,10,0,10,38
12/08/2016,YNG,OH,AGL,CE,Combined TRACON& Tower with Radar,3,1,14,5,23,0,0,0,0,0,3,1,14,5,23,0,24,24,47
12/09/2016,YNG,OH,AGL,CE,Combined TRACON& Tower with Radar,2,1,5,0,8,0,0,1,0,1,2,1,6,0,9,0,0,0,9
12/10/2016,YNG,OH,AGL,CE,Combined TRACON& Tower with Radar,1,0,12,1,14,0,0,1,0,1,1,0,13,1,15,0,0,0,15
12/11/2016,YNG,OH,AGL,CE,Combined TRACON& Tower with Radar,1,3,2,0,6,0,0,0,0,0,1,3,2,0,6,0,0,0,6
12/12/2016,YNG,OH,AGL,CE,Combined TRACON& Tower with Radar,3,1,6,0,10,0,0,2,0,2,3,1,8,0,12,0,0,0,12
12/13/2016,YNG,OH,AGL,CE,Combined TRACON& Tower with Radar,0,4,6,0,10,0,0,2,0,2,0,4,8,0,12,0,0,0,12
12/14/2016,YNG,OH,AGL,CE,Combined TRACON& Tower with Radar,1,7,14,2,24,0,5,2,0,7,1,12,16,2,31,0,0,0,31
12/15/2016,YNG,OH,AGL,CE,Combined TRACON& Tower with Radar,3,5,15,0,23,0,0,0,0,0,3,5,15,0,23,0,0,0,23
12/16/2016,YNG,OH,AGL,CE,Combined TRACON& Tower with Radar,2,8,10,0,20,0,0,9,0,9,2,8,19,0,29,21,0,21,50
12/17/2016,YNG,OH,AGL,CE,Combined TRACON& Tower with Radar,0,2,1,0,3,0,0,0,0,0,0,2,1,0,3,0,0,0,3
12/18/2016,YNG,OH,AGL,CE,Combined TRACON& Tower with Radar,4,2,4,0,10,0,0,1,0,1,4,2,5,0,11,0,0,0,11
12/19/2016,YNG,OH,AGL,CE,Combined TRACON& Tower with Radar,2,2,17,7,28,0,0,6,1,7,2,2,23,8,35,0,8,8,43
12/20/2016,YNG,OH,AGL,CE,Combined TRACON& Tower with Radar,0,6,14,17,37,0,0,7,3,10,0,6,21,20,47,0,28,28,75
12/21/2016,YNG,OH,AGL,CE,Combined TRACON& Tower with Radar,4,4,12,1,21,0,0,12,1,13,4,4,24,2,34,10,0,10,44
12/22/2016,YNG,OH,AGL,CE,Combined TRACON& Tower with Radar,5,12,7,27,51,0,0,5,2,7,5,12,12,29,58,18,32,50,108
12/23/2016,YNG,OH,AGL,CE,Combined TRACON& Tower with Radar,3,8,10,0,21,0,3,13,0,16,3,11,23,0,37,22,0,22,59
12/24/2016,YNG,OH,AGL,CE,Combined TRACON& Tower with Radar,0,0,1,0,1,0,0,0,0,0,0,0,1,0,1,0,0,0,1
12/25/2016,YNG,OH,AGL,CE,Combined TRACON& Tower with Radar,3,0,0,0,3,0,0,0,0,0,3,0,0,0,3,0,0,0,3
12/26/2016,YNG,OH,AGL,CE,Combined TRACON& Tower with Radar,3,7,5,0,15,0,0,0,0,0,3,7,5,0,15,0,0,0,15
12/27/2016,YNG,OH,AGL,CE,Combined TRACON& Tower with Radar,2,0,9,23,34,0,0,5,1,6,2,0,14,24,40,0,40,40,80
12/28/2016,YNG,OH,AGL,CE,Combined TRACON& Tower with Radar,0,9,12,8,29,0,1,16,0,17,0,10,28,8,46,4,66,70,116
12/29/2016,YNG,OH,AGL,CE,Combined TRACON& Tower with Radar,2,3,8,12,25,0,1,0,0,1,2,4,8,12,26,0,4,4,30
12/30/2016,YNG,OH,AGL,CE,Combined TRACON& Tower with Radar,2,5,2,0,9,0,1,0,0,1,2,6,2,0,10,0,0,0,10
12/31/2016,YNG,OH,AGL,CE,Combined TRACON& Tower with Radar,0,2,6,0,8,0,0,2,0,2,0,2,8,0,10,18,0,18,28
01/01/2017,YNG,OH,AGL,CE,Combined TRACON& Tower with Radar,2,4,12,0,18,0,0,31,0,31,2,4,43,0,49,0,0,0,49
01/02/2017,YNG,OH,AGL,CE,Combined TRACON& Tower with Radar,2,4,9,0,15,0,0,0,0,0,2,4,9,0,15,0,0,0,15
01/03/2017,YNG,OH,AGL,CE,Combined TRACON& Tower with Radar,0,3,10,0,13,0,0,0,0,0,0,3,10,0,13,0,0,0,13
01/04/2017,YNG,OH,AGL,CE,Combined TRACON& Tower with Radar,3,2,5,0,10,0,0,3,0,3,3,2,8,0,13,0,0,0,13
01/05/2017,YNG,OH,AGL,CE,Combined TRACON& Tower with Radar,2,7,6,0,15,0,0,0,0,0,2,7,6,0,15,0,0,0,15
01/06/2017,YNG,OH,AGL,CE,Combined TRACON& Tower with Radar,5,4,11,0,20,0,0,3,0,3,5,4,14,0,23,0,0,0,23
01/07/2017,YNG,OH,AGL,CE,Combined TRACON& Tower with Radar,0,4,11,0,15,0,0,4,0,4,0,4,15,0,19,0,0,0,19
01/08/2017,YNG,OH,AGL,CE,Combined TRACON& Tower with Radar,3,0,1,14,18,0,0,0,0,0,3,0,1,14,18,8,18,26,44
01/09/2017,YNG,OH,AGL,CE,Combined TRACON& Tower with Radar,2,2,11,30,45,0,0,6,0,6,2,2,17,30,51,0,30,30,81
01/10/2017,YNG,OH,AGL,CE,Combined TRACON& Tower with Radar,0,0,3,0,3,0,0,0,0,0,0,0,3,0,3,0,0,0,3
01/11/2017,YNG,OH,AGL,CE,Combined TRACON& Tower with Radar,0,5,11,20,36,0,0,9,1,10,0,5,20,21,46,16,22,38,84
01/12/2017,YNG,OH,AGL,CE,Combined TRACON& Tower with Radar,2,5,12,0,19,0,0,0,0,0,2,5,12,0,19,0,0,0,19
01/13/2017,YNG,OH,AGL,CE,Combined TRACON& Tower with Radar,2,2,23,1,28,0,0,12,0,12,2,2,35,1,40,34,0,34,74
01/14/2017,YNG,OH,AGL,CE,Combined TRACON& Tower with Radar,0,6,6,0,12,0,0,11,0,11,0,6,17,0,23,12,0,12,35
01/15/2017,YNG,OH,AGL,CE,Combined TRACON& Tower with Radar,2,1,28,0,31,0,0,19,0,19,2,1,47,0,50,40,0,40,90
01/16/2017,YNG,OH,AGL,CE,Combined TRACON& Tower with Radar,2,0,10,0,12,0,0,3,0,3,2,0,13,0,15,0,0,0,15
01/17/2017,YNG,OH,AGL,CE,Combined TRACON& Tower with Radar,0,2,14,19,35,0,0,0,1,1,0,2,14,20,36,0,0,0,36
01/18/2017,YNG,OH,AGL,CE,Combined TRACON& Tower with Radar,0,18,8,5,31,0,0,0,0,0,0,18,8,5,31,0,0,0,31
01/19/2017,YNG,OH,AGL,CE,Combined TRACON& Tower with Radar,2,3,29,16,50,0,0,1,0,1,2,3,30,16,51,20,4,24,75
01/20/2017,YNG,OH,AGL,CE,Combined TRACON& Tower with Radar,4,6,9,1,20,0,0,0,0,0,4,6,9,1,20,36,0,36,56
01/21/2017,YNG,OH,AGL,CE,Combined TRACON& Tower with Radar,0,0,12,1,13,0,0,21,0,21,0,0,33,1,34,16,0,16,50
01/22/2017,YNG,OH,AGL,CE,Combined TRACON& Tower with Radar,4,0,10,0,14,0,0,14,0,14,4,0,24,0,28,2,0,2,30
01/23/2017,YNG,OH,AGL,CE,Combined TRACON& Tower with Radar,4,6,13,31,54,0,0,0,0,0,4,6,13,31,54,4,0,4,58
01/24/2017,YNG,OH,AGL,CE,Combined TRACON& Tower with Radar,0,5,7,14,26,0,0,0,0,0,0,5,7,14,26,0,0,0,26
01/25/2017,YNG,OH,AGL,CE,Combined TRACON& Tower with Radar,0,4,12,10,26,0,0,2,1,3,0,4,14,11,29,0,6,6,35
01/26/2017,YNG,OH,AGL,CE,Combined TRACON& Tower with Radar,2,8,7,1,18,0,0,0,0,0,2,8,7,1,18,0,0,0,18
01/27/2017,YNG,OH,AGL,CE,Combined TRACON& Tower with Radar,2,5,2,1,10,0,0,2,0,2,2,5,4,1,12,6,0,6,18
01/28/2017,YNG,OH,AGL,CE,Combined TRACON& Tower with Radar,0,0,8,0,8,0,0,1,0,1,0,0,9,0,9,0,0,0,9
01/29/2017,YNG,OH,AGL,CE,Combined TRACON& Tower with Radar,2,3,3,0,8,0,0,0,0,0,2,3,3,0,8,0,0,0,8
01/30/2017,YNG,OH,AGL,CE,Combined TRACON& Tower with Radar,2,4,5,2,13,0,0,6,0,6,2,4,11,2,19,2,0,2,21
01/31/2017,YNG,OH,AGL,CE,Combined TRACON& Tower with Radar,0,5,3,5,13,0,0,0,0,0,0,5,3,5,13,0,0,0,13
02/01/2017,YNG,OH,AGL,CE,Combined TRACON& Tower with Radar,0,1,3,0,4,0,0,3,0,3,0,1,6,0,7,0,0,0,7
02/02/2017,YNG,OH,AGL,CE,Combined TRACON& Tower with Radar,2,1,12,17,32,0,0,9,3,12,2,1,21,20,44,6,44,50,94
02/03/2017,YNG,OH,AGL,CE,Combined TRACON& Tower with Radar,2,3,20,2,27,0,0,18,0,18,2,3,38,2,45,8,0,8,53
02/04/2017,YNG,OH,AGL,CE,Combined TRACON& Tower with Radar,0,0,11,0,11,0,0,35,0,35,0,0,46,0,46,14,0,14,60
02/05/2017,YNG,OH,AGL,CE,Combined TRACON& Tower with Radar,2,0,1,9,12,0,0,3,4,7,2,0,4,13,19,0,0,0,19
02/06/2017,YNG,OH,AGL,CE,Combined TRACON& Tower with Radar,2,2,16,27,47,0,0,19,7,26,2,2,35,34,73,10,48,58,131
02/07/2017,YNG,OH,AGL,CE,Combined TRACON& Tower with Radar,1,5,6,6,18,0,0,0,0,0,1,5,6,6,18,2,0,2,20
02/08/2017,YNG,OH,AGL,CE,Combined TRACON& Tower with Radar,3,0,18,2,23,0,0,0,0,0,3,0,18,2,23,0,0,0,23
02/09/2017,YNG,OH,AGL,CE,Combined TRACON& Tower with Radar,2,2,16,11,31,0,0,0,0,0,2,2,16,11,31,0,0,0,31
02/10/2017,YNG,OH,AGL,CE,Combined TRACON& Tower with Radar,2,5,14,0,21,0,0,5,0,5,2,5,19,0,26,22,0,22,48
02/11/2017,YNG,OH,AGL,CE,Combined TRACON& Tower with Radar,2,0,22,1,25,0,0,23,0,23,2,0,45,1,48,18,0,18,66
02/12/2017,YNG,OH,AGL,CE,Combined TRACON& Tower with Radar,2,0,4,0,6,0,0,0,0,0,2,0,4,0,6,0,0,0,6
02/13/2017,YNG,OH,AGL,CE,Combined TRACON& Tower with Radar,2,5,11,4,22,0,0,7,0,7,2,5,18,4,29,0,0,0,29
02/14/2017,YNG,OH,AGL,CE,Combined TRACON& Tower with Radar,0,6,6,19,31,0,0,17,11,28,0,6,23,30,59,4,34,38,97
02/15/2017,YNG,OH,AGL,CE,Combined TRACON& Tower with Radar,0,6,8,0,14,0,0,1,0,1,0,6,9,0,15,0,0,0,15
02/16/2017,YNG,OH,AGL,CE,Combined TRACON& Tower with Radar,2,5,17,6,30,0,0,8,2,10,2,5,25,8,40,0,10,10,50
02/17/2017,YNG,OH,AGL,CE,Combined TRACON& Tower with Radar,2,7,30,0,39,0,0,32,0,32,2,7,62,0,71,48,0,48,119
02/18/2017,YNG,OH,AGL,CE,Combined TRACON& Tower with Radar,0,0,16,0,16,0,2,17,0,19,0,2,33,0,35,0,0,0,35
02/19/2017,YNG,OH,AGL,CE,Combined TRACON& Tower with Radar,2,7,29,0,38,0,3,38,0,41,2,10,67,0,79,42,0,42,121
02/20/2017,YNG,OH,AGL,CE,Combined TRACON& Tower with Radar,0,5,18,0,23,0,0,19,0,19,0,5,37,0,42,64,0,64,106
02/21/2017,YNG,OH,AGL,CE,Combined TRACON& Tower with Radar,2,9,15,9,35,0,0,28,4,32,2,9,43,13,67,10,20,30,97
02/22/2017,YNG,OH,AGL,CE,Combined TRACON& Tower with Radar,0,4,25,20,49,0,0,5,0,5,0,4,30,20,54,0,20,20,74
02/23/2017,YNG,OH,AGL,CE,Combined TRACON& Tower with Radar,2,0,18,5,25,0,0,3,0,3,2,0,21,5,28,0,48,48,76
02/24/2017,YNG,OH,AGL,CE,Combined TRACON& Tower with Radar,2,5,11,10,28,0,4,5,3,12,2,9,16,13,40,0,4,4,44
02/25/2017,YNG,OH,AGL,CE,Combined TRACON& Tower with Radar,0,2,1,1,4,0,0,0,0,0,0,2,1,1,4,0,0,0,4
02/26/2017,YNG,OH,AGL,CE,Combined TRACON& Tower with Radar,2,3,15,0,20,0,0,19,0,19,2,3,34,0,39,0,0,0,39
02/27/2017,YNG,OH,AGL,CE,Combined TRACON& Tower with Radar,2,1,16,49,68,0,0,10,2,12,2,1,26,51,80,4,50,54,134
02/28/2017,YNG,OH,AGL,CE,Combined TRACON& Tower with Radar,0,5,11,35,51,0,2,2,0,4,0,7,13,35,55,6,32,38,93
03/01/2017,YNG,OH,AGL,CE,Combined TRACON& Tower with Radar,0,1,10,8,19,0,0,0,1,1,0,1,10,9,20,2,14,16,36
03/02/2017,YNG,OH,AGL,CE,Combined TRACON& Tower with Radar,2,9,14,3,28,0,0,4,1,5,2,9,18,4,33,0,0,0,33
03/03/2017,YNG,OH,AGL,CE,Combined TRACON& Tower with Radar,2,0,2,2,6,0,0,0,0,0,2,0,2,2,6,0,2,2,8
03/04/2017,YNG,OH,AGL,CE,Combined TRACON& Tower with Radar,0,0,9,0,9,0,0,27,0,27,0,0,36,0,36,42,0,42,78
03/05/2017,YNG,OH,AGL,CE,Combined TRACON& Tower with Radar,2,3,5,0,10,0,0,22,0,22,2,3,27,0,32,0,0,0,32
03/06/2017,YNG,OH,AGL,CE,Combined TRACON& Tower with Radar,2,6,14,3,25,0,0,5,0,5,2,6,19,3,30,0,0,0,30
03/07/2017,YNG,OH,AGL,CE,Combined TRACON& Tower with Radar,0,11,8,4,23,0,0,0,0,0,0,11,8,4,23,0,0,0,23
03/08/2017,YNG,OH,AGL,CE,Combined TRACON& Tower with Radar,0,2,9,0,11,0,0,0,0,0,0,2,9,0,11,0,0,0,11
03/09/2017,YNG,OH,AGL,CE,Combined TRACON& Tower with Radar,2,6,11,0,19,0,2,15,0,17,2,8,26,0,36,0,0,0,36
03/10/2017,YNG,OH,AGL,CE,Combined TRACON& Tower with Radar,2,3,10,1,16,0,0,1,0,1,2,3,11,1,17,0,2,2,19
03/11/2017,YNG,OH,AGL,CE,Combined TRACON& Tower with Radar,0,4,8,1,13,0,0,7,0,7,0,4,15,1,20,10,0,10,30
03/12/2017,YNG,OH,AGL,CE,Combined TRACON& Tower with Radar,2,4,17,0,23,0,2,11,0,13,2,6,28,0,36,18,0,18,54
03/13/2017,YNG,OH,AGL,CE,Combined TRACON& Tower with Radar,2,2,12,0,16,0,0,21,0,21,2,2,33,0,37,10,0,10,47
03/14/2017,YNG,OH,AGL,CE,Combined TRACON& Tower with Radar,0,0,6,0,6,0,0,0,0,0,0,0,6,0,6,0,0,0,6
03/15/2017,YNG,OH,AGL,CE,Combined TRACON& Tower with Radar,0,1,14,9,24,0,0,2,0,2,0,1,16,9,26,0,6,6,32
03/16/2017,YNG,OH,AGL,CE,Combined TRACON& Tower with Radar,2,2,30,12,46,0,0,15,3,18,2,2,45,15,64,4,10,14,78
03/17/2017,YNG,OH,AGL,CE,Combined TRACON& Tower with Radar,2,5,15,12,34,0,0,7,0,7,2,5,22,12,41,6,22,28,69
03/18/2017,YNG,OH,AGL,CE,Combined TRACON& Tower with Radar,0,1,1,1,3,0,0,0,0,0,0,1,1,1,3,0,0,0,3
03/19/2017,YNG,OH,AGL,CE,Combined TRACON& Tower with Radar,2,6,5,0,13,0,0,0,0,0,2,6,5,0,13,0,0,0,13
03/20/2017,YNG,OH,AGL,CE,Combined TRACON& Tower with Radar,2,6,10,46,64,0,0,8,2,10,2,6,18,48,74,28,40,68,142
03/21/2017,YNG,OH,AGL,CE,Combined TRACON& Tower with Radar,0,2,16,20,38,0,0,7,3,10,0,2,23,23,48,2,32,34,82
03/22/2017,YNG,OH,AGL,CE,Combined TRACON& Tower with Radar,0,1,12,32,45,0,0,1,2,3,0,1,13,34,48,0,22,22,70
03/23/2017,YNG,OH,AGL,CE,Combined TRACON& Tower with Radar,2,9,34,41,86,0,1,38,3,42,2,10,72,44,128,24,50,74,202
03/24/2017,YNG,OH,AGL,CE,Combined TRACON& Tower with Radar,4,0,22,4,30,0,0,8,0,8,4,0,30,4,38,0,0,0,38
03/25/2017,YNG,OH,AGL,CE,Combined TRACON& Tower with Radar,0,2,27,1,30,0,1,23,0,24,0,3,50,1,54,70,0,70,124
03/26/2017,YNG,OH,AGL,CE,Combined TRACON& Tower with Radar,4,3,4,1,12,0,0,6,0,6,4,3,10,1,18,14,0,14,32
03/27/2017,YNG,OH,AGL,CE,Combined TRACON& Tower with Radar,2,5,32,19,58,0,3,8,0,11,2,8,40,19,69,0,30,30,99
03/28/2017,YNG,OH,AGL,CE,Combined TRACON& Tower with Radar,0,5,24,43,72,0,0,0,0,0,0,5,24,43,72,0,0,0,72
03/29/2017,YNG,OH,AGL,CE,Combined TRACON& Tower with Radar,1,10,16,30,57,0,0,17,6,23,1,10,33,36,80,14,60,74,154
03/30/2017,YNG,OH,AGL,CE,Combined TRACON& Tower with Radar,3,2,20,9,34,0,0,9,1,10,3,2,29,10,44,0,6,6,50
03/31/2017,YNG,OH,AGL,CE,Combined TRACON& Tower with Radar,2,2,11,2,17,0,0,0,0,0,2,2,11,2,17,0,0,0,17
04/01/2017,YNG,OH,AGL,CE,Combined TRACON& Tower with Radar,0,4,11,0,15,0,0,0,0,0,0,4,11,0,15,14,24,38,53
04/02/2017,YNG,OH,AGL,CE,Combined TRACON& Tower with Radar,2,0,29,9,40,0,0,38,5,43,2,0,67,14,83,0,0,0,83
04/03/2017,YNG,OH,AGL,CE,Combined TRACON& Tower with Radar,4,4,19,15,42,0,0,10,4,14,4,4,29,19,56,10,16,26,82
04/04/2017,YNG,OH,AGL,CE,Combined TRACON& Tower with Radar,0,3,13,17,33,0,0,0,3,3,0,3,13,20,36,0,2,2,38
04/05/2017,YNG,OH,AGL,CE,Combined TRACON& Tower with Radar,0,3,9,23,35,0,0,14,2,16,0,3,23,25,51,0,74,74,125
04/06/2017,YNG,OH,AGL,CE,Combined TRACON& Tower with Radar,2,1,18,26,47,0,0,0,1,1,2,1,18,27,48,0,6,6,54
04/07/2017,YNG,OH,AGL,CE,Combined TRACON& Tower with Radar,2,1,5,4,12,0,0,0,0,0,2,1,5,4,12,0,0,0,12
04/08/2017,YNG,OH,AGL,CE,Combined TRACON& Tower with Radar,0,6,18,3,27,0,2,54,1,57,0,8,72,4,84,48,6,54,138
04/09/2017,YNG,OH,AGL,CE,Combined TRACON& Tower with Radar,2,3,8,0,13,0,0,8,0,8,2,3,16,0,21,36,0,36,57
04/10/2017,YNG,OH,AGL,CE,Combined TRACON& Tower with Radar,2,7,13,15,37,0,0,2,1,3,2,7,15,16,40,4,44,48,88
04/11/2017,YNG,OH,AGL,CE,Combined TRACON& Tower with Radar,2,5,24,10,41,0,0,5,2,7,2,5,29,12,48,6,6,12,60
04/12/2017,YNG,OH,AGL,CE,Combined TRACON& Tower with Radar,0,8,25,33,66,0,0,25,3,28,0,8,50,36,94,40,96,136,230
04/13/2017,YNG,OH,AGL,CE,Combined TRACON& Tower with Radar,2,4,24,26,56,0,0,18,11,29,2,4,42,37,85,18,34,52,137
04/14/2017,YNG,OH,AGL,CE,Combined TRACON& Tower with Radar,4,0,22,0,26,0,0,38,0,38,4,0,60,0,64,14,0,14,78
04/15/2017,YNG,OH,AGL,CE,Combined TRACON& Tower with Radar,0,0,5,0,5,0,0,11,0,11,0,0,16,0,16,8,0,8,24
04/16/2017,YNG,OH,AGL,CE,Combined TRACON& Tower with Radar,2,0,2,0,4,0,0,2,0,2,2,0,4,0,6,0,0,0,6
04/17/2017,YNG,OH,AGL,CE,Combined TRACON& Tower with Radar,4,5,31,23,63,0,3,26,1,30,4,8,57,24,93,34,56,90,183
04/18/2017,YNG,OH,AGL,CE,Combined TRACON& Tower with Radar,2,0,20,16,38,0,0,28,11,39,2,0,48,27,77,14,54,68,145
04/19/2017,YNG,OH,AGL,CE,Combined TRACON& Tower with Radar,0,10,13,14,37,0,0,4,1,5,0,10,17,15,42,0,40,40,82
04/20/2017,YNG,OH,AGL,CE,Combined TRACON& Tower with Radar,2,8,16,6,32,0,2,1,5,8,2,10,17,11,40,18,76,94,134
04/21/2017,YNG,OH,AGL,CE,Combined TRACON& Tower with Radar,2,8,11,6,27,0,0,8,0,8,2,8,19,6,35,12,32,44,79
04/22/2017,YNG,OH,AGL,CE,Combined TRACON& Tower with Radar,0,1,7,0,8,0,0,10,0,10,0,1,17,0,18,0,0,0,18
04/23/2017,YNG,OH,AGL,CE,Combined TRACON& Tower with Radar,2,0,5,1,8,0,0,32,0,32,2,0,37,1,40,22,0,22,62
04/24/2017,YNG,OH,AGL,CE,Combined TRACON& Tower with Radar,2,7,18,13,40,0,1,14,5,20,2,8,32,18,60,0,44,44,104
04/25/2017,YNG,OH,AGL,CE,Combined TRACON& Tower with Radar,0,8,20,39,67,0,0,15,12,27,0,8,35,51,94,2,28,30,124
04/26/2017,YNG,OH,AGL,CE,Combined TRACON& Tower with Radar,0,4,19,59,82,0,2,28,1,31,0,6,47,60,113,34,86,120,233
04/27/2017,YNG,OH,AGL,CE,Combined TRACON& Tower with Radar,2,10,7,5,24,0,1,7,2,10,2,11,14,7,34,0,0,0,34
04/28/2017,YNG,OH,AGL,CE,Combined TRACON& Tower with Radar,2,1,12,32,47,0,0,18,0,18,2,1,30,32,65,18,14,32,97
04/29/2017,YNG,OH,AGL,CE,Combined TRACON& Tower with Radar,0,0,26,3,29,0,0,0,0,0,0,0,26,3,29,0,0,0,29
04/30/2017,YNG,OH,AGL,CE,Combined TRACON& Tower with Radar,2,3,16,0,21,0,0,9,0,9,2,3,25,0,30,12,0,12,42
05/01/2017,YNG,OH,AGL,CE,Combined TRACON& Tower with Radar,4,4,16,13,37,0,1,0,5,6,4,5,16,18,43,2,8,10,53
05/02/2017,YNG,OH,AGL,CE,Combined TRACON& Tower with Radar,0,3,7,3,13,0,0,0,0,0,0,3,7,3,13,0,0,0,13
05/03/2017,YNG,OH,AGL,CE,Combined TRACON& Tower with Radar,0,5,24,39,68,0,0,12,4,16,0,5,36,43,84,0,4,4,88
05/04/2017,YNG,OH,AGL,CE,Combined TRACON& Tower with Radar,2,4,17,18,41,0,0,3,2,5,2,4,20,20,46,0,32,32,78
05/05/2017,YNG,OH,AGL,CE,Combined TRACON& Tower with Radar,2,3,6,7,18,0,0,0,0,0,2,3,6,7,18,0,0,0,18
05/06/2017,YNG,OH,AGL,CE,Combined TRACON& Tower with Radar,0,5,1,0,6,0,0,0,0,0,0,5,1,0,6,0,0,0,6
05/07/2017,YNG,OH,AGL,CE,Combined TRACON& Tower with Radar,2,1,4,19,26,0,0,15,2,17,2,1,19,21,43,8,10,18,61
05/08/2017,YNG,OH,AGL,CE,Combined TRACON& Tower with Radar,2,4,19,23,48,0,0,33,10,43,2,4,52,33,91,16,68,84,175
05/09/2017,YNG,OH,AGL,CE,Combined TRACON& Tower with Radar,0,7,22,28,57,0,0,26,2,28,0,7,48,30,85,12,62,74,159
05/10/2017,YNG,OH,AGL,CE,Combined TRACON& Tower with Radar,2,3,27,22,54,0,0,26,17,43,2,3,53,39,97,12,44,56,153
05/11/2017,YNG,OH,AGL,CE,Combined TRACON& Tower with Radar,3,8,7,12,30,0,1,7,2,10,3,9,14,14,40,2,18,20,60
05/12/2017,YNG,OH,AGL,CE,Combined TRACON& Tower with Radar,6,5,15,11,37,0,1,0,0,1,6,6,15,11,38,12,10,22,60
05/13/2017,YNG,OH,AGL,CE,Combined TRACON& Tower with Radar,1,1,6,2,10,0,0,17,0,17,1,1,23,2,27,16,0,16,43
05/14/2017,YNG,OH,AGL,CE,Combined TRACON& Tower with Radar,5,1,11,0,17,0,0,21,0,21,5,1,32,0,38,14,0,14,52
05/15/2017,YNG,OH,AGL,CE,Combined TRACON& Tower with Radar,5,6,27,13,51,0,0,33,2,35,5,6,60,15,86,6,36,42,128
05/16/2017,YNG,OH,AGL,CE,Combined TRACON& Tower with Radar,0,1,25,10,36,0,2,22,5,29,0,3,47,15,65,24,76,100,165
05/17/2017,YNG,OH,AGL,CE,Combined TRACON& Tower with Radar,2,13,13,9,37,0,1,12,0,13,2,14,25,9,50,48,0,48,98
05/18/2017,YNG,OH,AGL,CE,Combined TRACON& Tower with Radar,4,4,10,16,34,0,0,4,4,8,4,4,14,20,42,0,0,0,42
05/19/2017,YNG,OH,AGL,CE,Combined TRACON& Tower with Radar,2,7,26,7,42,0,0,14,0,14,2,7,40,7,56,10,2,12,68
05/20/2017,YNG,OH,AGL,CE,Combined TRACON& Tower with Radar,0,0,16,3,19,0,0,5,0,5,0,0,21,3,24,22,8,30,54
05/21/2017,YNG,OH,AGL,CE,Combined TRACON& Tower with Radar,4,3,10,0,17,0,0,3,0,3,4,3,13,0,20,18,46,64,84
05/22/2017,YNG,OH,AGL,CE,Combined TRACON& Tower with Radar,2,3,17,33,55,0,0,17,5,22,2,3,34,38,77,18,54,72,149
05/23/2017,YNG,OH,AGL,CE,Combined TRACON& Tower with Radar,0,4,27,24,55,0,1,26,0,27,0,5,53,24,82,40,32,72,154
05/24/2017,YNG,OH,AGL,CE,Combined TRACON& Tower with Radar,0,6,16,17,39,0,0,10,0,10,0,6,26,17,49,0,16,16,65
05/25/2017,YNG,OH,AGL,CE,Combined TRACON& Tower with Radar,6,4,7,2,19,0,0,0,0,0,6,4,7,2,19,0,0,0,19
05/26/2017,YNG,OH,AGL,CE,Combined TRACON& Tower with Radar,4,1,28,1,34,0,0,9,0,9,4,1,37,1,43,0,0,0,43
05/27/2017,YNG,OH,AGL,CE,Combined TRACON& Tower with Radar,0,2,16,0,18,0,0,16,0,16,0,2,32,0,34,4,0,4,38
05/28/2017,YNG,OH,AGL,CE,Combined TRACON& Tower with Radar,3,0,4,0,7,0,0,8,0,8,3,0,12,0,15,10,0,10,25
05/29/2017,YNG,OH,AGL,CE,Combined TRACON& Tower with Radar,3,0,15,1,19,0,0,16,4,20,3,0,31,5,39,2,0,2,41
05/30/2017,YNG,OH,AGL,CE,Combined TRACON& Tower with Radar,0,3,38,12,53,0,2,37,4,43,0,5,75,16,96,32,48,80,176
05/31/2017,YNG,OH,AGL,CE,Combined TRACON& Tower with Radar,0,2,19,2,23,0,0,18,1,19,0,2,37,3,42,6,0,6,48
06/01/2017,YNG,OH,AGL,CE,Combined TRACON& Tower with Radar,4,5,25,1,35,0,0,25,0,25,4,5,50,1,60,34,0,34,94
06/02/2017,YNG,OH,AGL,CE,Combined TRACON& Tower with Radar,2,5,20,5,32,0,1,22,0,23,2,6,42,5,55,22,12,34,89
06/03/2017,YNG,OH,AGL,CE,Combined TRACON& Tower with Radar,0,0,9,4,13,0,0,35,4,39,0,0,44,8,52,28,10,38,90
06/04/2017,YNG,OH,AGL,CE,Combined TRACON& Tower with Radar,3,1,6,1,11,0,0,1,7,8,3,1,7,8,19,2,4,6,25
06/05/2017,YNG,OH,AGL,CE,Combined TRACON& Tower with Radar,3,5,25,36,69,0,1,8,0,9,3,6,33,36,78,4,92,96,174
06/06/2017,YNG,OH,AGL,CE,Combined TRACON& Tower with Radar,0,4,16,18,38,0,1,6,4,11,0,5,22,22,49,28,40,68,117
06/07/2017,YNG,OH,AGL,CE,Combined TRACON& Tower with Radar,0,1,31,18,50,0,1,15,4,20,0,2,46,22,70,22,16,38,108
06/08/2017,YNG,OH,AGL,CE,Combined TRACON& Tower with Radar,4,1,22,20,47,0,0,33,13,46,4,1,55,33,93,50,42,92,185
06/09/2017,YNG,OH,AGL,CE,Combined TRACON& Tower with Radar,2,2,17,7,28,0,0,38,6,44,2,2,55,13,72,6,14,20,92
06/10/2017,YNG,OH,AGL,CE,Combined TRACON& Tower with Radar,0,0,10,0,10,0,1,44,0,45,0,1,54,0,55,16,0,16,71
06/11/2017,YNG,OH,AGL,CE,Combined TRACON& Tower with Radar,2,2,16,8,28,0,0,31,0,31,2,2,47,8,59,14,0,14,73
06/12/2017,YNG,OH,AGL,CE,Combined TRACON& Tower with Radar,3,2,27,15,47,0,0,27,9,36,3,2,54,24,83,12,14,26,109
06/13/2017,YNG,OH,AGL,CE,Combined TRACON& Tower with Radar,0,6,14,12,32,0,2,19,2,23,0,8,33,14,55,12,42,54,109
06/14/2017,YNG,OH,AGL,CE,Combined TRACON& Tower with Radar,4,11,26,7,48,0,0,7,0,7,4,11,33,7,55,0,0,0,55
06/15/2017,YNG,OH,AGL,CE,Combined TRACON& Tower with Radar,4,2,16,16,38,0,0,9,5,14,4,2,25,21,52,0,0,0,52
06/16/2017,YNG,OH,AGL,CE,Combined TRACON& Tower with Radar,2,3,22,3,30,0,4,32,14,50,2,7,54,17,80,6,24,30,110
06/17/2017,YNG,OH,AGL,CE,Combined TRACON& Tower with Radar,0,3,15,0,18,0,4,31,14,49,0,7,46,14,67,8,6,14,81
06/18/2017,YNG,OH,AGL,CE,Combined TRACON& Tower with Radar,4,8,7,6,25,0,1,15,7,23,4,9,22,13,48,0,0,0,48
06/19/2017,YNG,OH,AGL,CE,Combined TRACON& Tower with Radar,2,9,12,10,33,0,2,9,0,11,2,11,21,10,44,0,0,0,44
06/20/2017,YNG,OH,AGL,CE,Combined TRACON& Tower with Radar,0,8,29,20,57,0,0,32,3,35,0,8,61,23,92,10,14,24,116
06/21/2017,YNG,OH,AGL,CE,Combined TRACON& Tower with Radar,0,2,17,30,49,0,1,22,7,30,0,3,39,37,79,2,72,74,153
06/22/2017,YNG,OH,AGL,CE,Combined TRACON& Tower with Radar,6,9,17,19,51,0,2,10,11,23,6,11,27,30,74,18,40,58,132
06/23/2017,YNG,OH,AGL,CE,Combined TRACON& Tower with Radar,2,10,13,5,30,0,0,0,0,0,2,10,13,5,30,0,0,0,30
06/24/2017,YNG,OH,AGL,CE,Combined TRACON& Tower with Radar,2,2,11,0,15,0,0,40,0,40,2,2,51,0,55,94,0,94,149
06/25/2017,YNG,OH,AGL,CE,Combined TRACON& Tower with Radar,5,3,12,2,22,0,0,15,0,15,5,3,27,2,37,40,0,40,77
06/26/2017,YNG,OH,AGL,CE,Combined TRACON& Tower with Radar,4,6,8,33,51,0,1,16,0,17,4,7,24,33,68,16,38,54,122
06/27/2017,YNG,OH,AGL,CE,Combined TRACON& Tower with Radar,2,8,23,22,55,0,0,13,9,22,2,8,36,31,77,14,28,42,119
06/28/2017,YNG,OH,AGL,CE,Combined TRACON& Tower with Radar,1,4,17,42,64,0,0,31,2,33,1,4,48,44,97,90,44,134,231
06/29/2017,YNG,OH,AGL,CE,Combined TRACON& Tower with Radar,2,2,21,13,38,0,0,7,3,10,2,2,28,16,48,12,2,14,62
06/30/2017,YNG,OH,AGL,CE,Combined TRACON& Tower with Radar,2,8,7,4,21,0,0,7,0,7,2,8,14,4,28,0,4,4,32
07/01/2017,YNG,OH,AGL,CE,Combined TRACON& Tower with Radar,0,2,32,0,34,0,0,7,0,7,0,2,39,0,41,28,0,28,69
07/02/2017,YNG,OH,AGL,CE,Combined TRACON& Tower with Radar,4,2,6,0,12,0,3,82,0,85,4,5,88,0,97,59,0,59,156
07/03/2017,YNG,OH,AGL,CE,Combined TRACON& Tower with Radar,2,3,12,4,21,0,0,27,1,28,2,3,39,5,49,78,0,78,127
07/04/2017,YNG,OH,AGL,CE,Combined TRACON& Tower with Radar,0,3,14,0,17,0,0,31,0,31,0,3,45,0,48,24,0,24,72
07/05/2017,YNG,OH,AGL,CE,Combined TRACON& Tower with Radar,0,1,14,20,35,0,3,18,7,28,0,4,32,27,63,10,34,44,107
07/06/2017,YNG,OH,AGL,CE,Combined TRACON& Tower with Radar,4,1,16,23,44,0,1,7,3,11,4,2,23,26,55,0,22,22,77
07/07/2017,YNG,OH,AGL,CE,Combined TRACON& Tower with Radar,2,3,10,5,20,0,2,3,0,5,2,5,13,5,25,16,2,18,43
07/08/2017,YNG,OH,AGL,CE,Combined TRACON& Tower with Radar,0,2,19,1,22,0,0,18,0,18,0,2,37,1,40,36,0,36,76
07/09/2017,YNG,OH,AGL,CE,Combined TRACON& Tower with Radar,3,0,24,3,30,0,0,47,0,47,3,0,71,3,77,114,14,128,205
07/10/2017,YNG,OH,AGL,CE,Combined TRACON& Tower with Radar,3,9,14,19,45,0,0,8,5,13,3,9,22,24,58,4,14,18,76
07/11/2017,YNG,OH,AGL,CE,Combined TRACON& Tower with Radar,0,4,26,11,41,0,1,3,9,13,0,5,29,20,54,6,30,36,90
07/12/2017,YNG,OH,AGL,CE,Combined TRACON& Tower with Radar,0,6,8,7,21,0,0,8,2,10,0,6,16,9,31,22,0,22,53
07/13/2017,YNG,OH,AGL,CE,Combined TRACON& Tower with Radar,2,1,12,6,21,0,0,3,2,5,2,1,15,8,26,0,0,0,26
07/14/2017,YNG,OH,AGL,CE,Combined TRACON& Tower with Radar,4,1,22,1,28,0,0,15,0,15,4,1,37,1,43,14,0,14,57
07/15/2017,YNG,OH,AGL,CE,Combined TRACON& Tower with Radar,0,4,6,0,10,0,0,21,0,21,0,4,27,0,31,18,0,18,49
07/16/2017,YNG,OH,AGL,CE,Combined TRACON& Tower with Radar,4,3,24,8,39,0,0,49,1,50,4,3,73,9,89,92,0,92,181
07/17/2017,YNG,OH,AGL,CE,Combined TRACON& Tower with Radar,2,5,16,3,26,0,3,31,2,36,2,8,47,5,62,56,4,60,122
07/18/2017,YNG,OH,AGL,CE,Combined TRACON& Tower with Radar,0,2,19,2,23,0,0,32,2,34,0,2,51,4,57,44,16,60,117
07/19/2017,YNG,OH,AGL,CE,Combined TRACON& Tower with Radar,2,3,19,7,31,0,1,29,3,33,2,4,48,10,64,28,20,48,112
07/20/2017,YNG,OH,AGL,CE,Combined TRACON& Tower with Radar,4,4,25,21,54,0,0,21,2,23,4,4,46,23,77,38,30,68,145
07/21/2017,YNG,OH,AGL,CE,Combined TRACON& Tower with Radar,2,4,25,6,37,0,0,21,0,21,2,4,46,6,58,20,0,20,78
07/22/2017,YNG,OH,AGL,CE,Combined TRACON& Tower with Radar,0,0,12,6,18,0,0,2,0,2,0,0,14,6,20,2,0,2,22
07/23/2017,YNG,OH,AGL,CE,Combined TRACON& Tower with Radar,4,6,22,1,33,0,0,3,0,3,4,6,25,1,36,8,0,8,44
07/24/2017,YNG,OH,AGL,CE,Combined TRACON& Tower with Radar,2,2,33,11,48,0,0,11,0,11,2,2,44,11,59,4,10,14,73
07/25/2017,YNG,OH,AGL,CE,Combined TRACON& Tower with Radar,0,9,18,6,33,0,0,12,0,12,0,9,30,6,45,2,2,4,49
07/26/2017,YNG,OH,AGL,CE,Combined TRACON& Tower with Radar,2,1,39,52,94,0,1,38,5,44,2,2,77,57,138,0,0,0,138
07/27/2017,YNG,OH,AGL,CE,Combined TRACON& Tower with Radar,4,13,27,29,73,0,2,18,4,24,4,15,45,33,97,4,108,112,209
07/28/2017,YNG,OH,AGL,CE,Combined TRACON& Tower with Radar,4,5,12,10,31,0,0,18,0,18,4,5,30,10,49,36,14,50,99
07/29/2017,YNG,OH,AGL,CE,Combined TRACON& Tower with Radar,0,4,8,0,12,0,0,18,0,18,0,4,26,0,30,12,0,12,42
07/30/2017,YNG,OH,AGL,CE,Combined TRACON& Tower with Radar,6,0,17,0,23,0,1,47,1,49,6,1,64,1,72,38,0,38,110
07/31/2017,YNG,OH,AGL,CE,Combined TRACON& Tower with Radar,2,7,20,11,40,0,1,27,0,28,2,8,47,11,68,18,8,26,94
08/01/2017,YNG,OH,AGL,CE,Combined TRACON& Tower with Radar,0,0,19,15,34,0,0,33,13,46,0,0,52,28,80,10,26,36,116
08/02/2017,YNG,OH,AGL,CE,Combined TRACON& Tower with Radar,0,5,17,25,47,0,0,12,3,15,0,5,29,28,62,20,34,54,116
08/03/2017,YNG,OH,AGL,CE,Combined TRACON& Tower with Radar,4,6,15,10,35,0,3,10,4,17,4,9,25,14,52,0,0,0,52
08/04/2017,YNG,OH,AGL,CE,Combined TRACON& Tower with Radar,2,3,4,7,16,0,0,4,0,4,2,3,8,7,20,2,6,8,28
08/05/2017,YNG,OH,AGL,CE,Combined TRACON& Tower with Radar,0,3,21,1,25,0,2,56,0,58,0,5,77,1,83,94,0,94,177
08/06/2017,YNG,OH,AGL,CE,Combined TRACON& Tower with Radar,3,1,18,1,23,0,2,71,0,73,3,3,89,1,96,20,0,20,116
08/07/2017,YNG,OH,AGL,CE,Combined TRACON& Tower with Radar,3,8,12,26,49,0,0,8,1,9,3,8,20,27,58,8,38,46,104
08/08/2017,YNG,OH,AGL,CE,Combined TRACON& Tower with Radar,0,4,17,40,61,0,1,31,8,40,0,5,48,48,101,18,38,56,157
08/09/2017,YNG,OH,AGL,CE,Combined TRACON& Tower with Radar,0,2,11,21,34,0,0,22,2,24,0,2,33,23,58,6,4,10,68
08/10/2017,YNG,OH,AGL,CE,Combined TRACON& Tower with Radar,4,8,25,25,62,0,1,22,14,37,4,9,47,39,99,0,0,0,99
08/11/2017,YNG,OH,AGL,CE,Combined TRACON& Tower with Radar,2,0,11,12,25,0,0,2,1,3,2,0,13,13,28,0,0,0,28
08/12/2017,YNG,OH,AGL,CE,Combined TRACON& Tower with Radar,0,1,30,1,32,0,0,24,0,24,0,1,54,1,56,78,0,78,134
08/13/2017,YNG,OH,AGL,CE,Combined TRACON& Tower with Radar,4,2,20,2,28,0,0,39,1,40,4,2,59,3,68,76,0,76,144
08/14/2017,YNG,OH,AGL,CE,Combined TRACON& Tower with Radar,2,12,29,12,55,0,0,36,0,36,2,12,65,12,91,78,10,88,179
08/15/2017,YNG,OH,AGL,CE,Combined TRACON& Tower with Radar,0,8,15,10,33,0,1,24,6,31,0,9,39,16,64,0,14,14,78
08/16/2017,YNG,OH,AGL,CE,Combined TRACON& Tower with Radar,0,5,24,26,55,0,2,30,5,37,0,7,54,31,92,4,74,78,170
08/17/2017,YNG,OH,AGL,CE,Combined TRACON& Tower with Radar,4,3,13,1,21,0,0,3,0,3,4,3,16,1,24,6,0,6,30
08/18/2017,YNG,OH,AGL,CE,Combined TRACON& Tower with Radar,2,6,24,5,37,0,0,20,0,20,2,6,44,5,57,0,0,0,57
08/19/2017,YNG,OH,AGL,CE,Combined TRACON& Tower with Radar,0,1,5,0,6,0,0,9,0,9,0,1,14,0,15,22,0,22,37
08/20/2017,YNG,OH,AGL,CE,Combined TRACON& Tower with Radar,4,5,22,1,32,0,0,40,0,40,4,5,62,1,72,36,0,36,108
08/21/2017,YNG,OH,AGL,CE,Combined TRACON& Tower with Radar,2,4,25,6,37,0,1,25,3,29,2,5,50,9,66,18,26,44,110
08/22/2017,YNG,OH,AGL,CE,Combined TRACON& Tower with Radar,0,2,13,24,39,0,0,4,11,15,0,2,17,35,54,0,12,12,66
08/23/2017,YNG,OH,AGL,CE,Combined TRACON& Tower with Radar,0,9,14,21,44,0,5,44,4,53,0,14,58,25,97,10,14,24,121
08/24/2017,YNG,OH,AGL,CE,Combined TRACON& Tower with Radar,4,10,16,13,43,0,3,19,3,25,4,13,35,16,68,14,6,20,88
08/25/2017,YNG,OH,AGL,CE,Combined TRACON& Tower with Radar,4,5,15,7,31,0,0,33,0,33,4,5,48,7,64,20,16,36,100
08/26/2017,YNG,OH,AGL,CE,Combined TRACON& Tower with Radar,0,6,25,0,31,0,0,59,1,60,0,6,84,1,91,20,0,20,111
08/27/2017,YNG,OH,AGL,CE,Combined TRACON& Tower with Radar,6,6,18,2,32,0,0,41,0,41,6,6,59,2,73,66,0,66,139
08/28/2017,YNG,OH,AGL,CE,Combined TRACON& Tower with Radar,2,8,19,34,63,0,2,20,6,28,2,10,39,40,91,22,36,58,149
08/29/2017,YNG,OH,AGL,CE,Combined TRACON& Tower with Radar,0,12,17,10,39,0,0,14,7,21,0,12,31,17,60,0,0,0,60
08/30/2017,YNG,OH,AGL,CE,Combined TRACON& Tower with Radar,0,3,23,8,34,0,0,19,6,25,0,3,42,14,59,6,4,10,69
08/31/2017,YNG,OH,AGL,CE,Combined TRACON& Tower with Radar,5,8,17,17,47,0,0,8,10,18,5,8,25,27,65,14,52,66,131
09/01/2017,YNG,OH,AGL,CE,Combined TRACON& Tower with Radar,3,0,12,1,16,0,0,22,0,22,3,0,34,1,38,6,0,6,44
09/02/2017,YNG,OH,AGL,CE,Combined TRACON& Tower with Radar,0,7,6,1,14,0,1,3,1,5,0,8,9,2,19,18,0,18,37
09/03/2017,YNG,OH,AGL,CE,Combined TRACON& Tower with Radar,6,0,10,0,16,0,0,14,0,14,6,0,24,0,30,10,0,10,40
09/04/2017,YNG,OH,AGL,CE,Combined TRACON& Tower with Radar,2,4,7,0,13,0,1,12,0,13,2,5,19,0,26,2,0,2,28
09/05/2017,YNG,OH,AGL,CE,Combined TRACON& Tower with Radar,0,3,14,25,42,0,0,4,3,7,0,3,18,28,49,2,0,2,51
09/06/2017,YNG,OH,AGL,CE,Combined TRACON& Tower with Radar,0,4,7,29,40,0,0,13,0,13,0,4,20,29,53,0,36,36,89
09/07/2017,YNG,OH,AGL,CE,Combined TRACON& Tower with Radar,4,11,13,6,34,0,0,4,1,5,4,11,17,7,39,0,10,10,49
09/08/2017,YNG,OH,AGL,CE,Combined TRACON& Tower with Radar,0,6,29,6,41,0,1,11,2,14,0,7,40,8,55,0,0,0,55
09/09/2017,YNG,OH,AGL,CE,Combined TRACON& Tower with Radar,0,3,15,10,28,0,1,19,1,21,0,4,34,11,49,18,16,34,83
09/10/2017,YNG,OH,AGL,CE,Combined TRACON& Tower with Radar,2,3,24,0,29,0,0,44,0,44,2,3,68,0,73,22,0,22,95
09/11/2017,YNG,OH,AGL,CE,Combined TRACON& Tower with Radar,0,2,26,27,55,0,0,20,1,21,0,2,46,28,76,26,24,50,126
09/12/2017,YNG,OH,AGL,CE,Combined TRACON& Tower with Radar,0,6,32,5,43,0,0,19,5,24,0,6,51,10,67,0,18,18,85
09/13/2017,YNG,OH,AGL,CE,Combined TRACON& Tower with Radar,0,5,22,25,52,0,0,18,0,18,0,5,40,25,70,0,50,50,120
09/14/2017,YNG,OH,AGL,CE,Combined TRACON& Tower with Radar,2,5,13,7,27,0,1,6,3,10,2,6,19,10,37,0,0,0,37
09/15/2017,YNG,OH,AGL,CE,Combined TRACON& Tower with Radar,0,9,13,1,23,0,2,13,1,16,0,11,26,2,39,0,0,0,39
09/16/2017,YNG,OH,AGL,CE,Combined TRACON& Tower with Radar,0,2,14,3,19,0,1,27,1,29,0,3,41,4,48,10,8,18,66
09/17/2017,YNG,OH,AGL,CE,Combined TRACON& Tower with Radar,2,0,15,3,20,0,1,29,2,32,2,1,44,5,52,60,0,60,112
09/18/2017,YNG,OH,AGL,CE,Combined TRACON& Tower with Radar,0,4,15,24,43,0,0,21,0,21,0,4,36,24,64,0,0,0,64
09/19/2017,YNG,OH,AGL,CE,Combined TRACON& Tower with Radar,0,5,19,8,32,0,3,24,4,31,0,8,43,12,63,6,60,66,129
09/20/2017,YNG,OH,AGL,CE,Combined TRACON& Tower with Radar,0,6,9,10,25,0,0,18,0,18,0,6,27,10,43,30,12,42,85
09/21/2017,YNG,OH,AGL,CE,Combined TRACON& Tower with Radar,1,8,19,8,36,0,1,31,4,36,1,9,50,12,72,0,4,4,76
09/22/2017,YNG,OH,AGL,CE,Combined TRACON& Tower with Radar,0,6,6,10,22,0,3,33,0,36,0,9,39,10,58,24,0,24,82
09/23/2017,YNG,OH,AGL,CE,Combined TRACON& Tower with Radar,2,6,16,5,29,0,0,27,0,27,2,6,43,5,56,0,0,0,56
09/24/2017,YNG,OH,AGL,CE,Combined TRACON& Tower with Radar,2,2,16,0,20,0,2,41,0,43,2,4,57,0,63,24,0,24,87
09/25/2017,YNG,OH,AGL,CE,Combined TRACON& Tower with Radar,1,4,26,25,56,0,2,31,5,38,1,6,57,30,94,38,42,80,174
09/26/2017,YNG,OH,AGL,CE,Combined TRACON& Tower with Radar,1,4,8,12,25,0,3,16,4,23,1,7,24,16,48,22,14,36,84
09/27/2017,YNG,OH,AGL,CE,Combined TRACON& Tower with Radar,0,7,23,39,69,0,4,19,2,25,0,11,42,41,94,6,28,34,128
09/28/2017,YNG,OH,AGL,CE,Combined TRACON& Tower with Radar,2,4,31,13,50,0,10,14,3,27,2,14,45,16,77,2,16,18,95
09/29/2017,YNG,OH,AGL,CE,Combined TRACON& Tower with Radar,2,1,17,4,24,0,0,12,0,12,2,1,29,4,36,0,0,0,36
09/30/2017,YNG,OH,AGL,CE,Combined TRACON& Tower with Radar,1,2,14,0,17,0,0,18,0,18,1,2,32,0,35,12,0,12,47
10/01/2017,YNG,OH,AGL,CE,Combined TRACON& Tower with Radar,2,2,26,0,30,0,0,39,0,39,2,2,65,0,69,46,0,46,115
10/02/2017,YNG,OH,AGL,CE,Combined TRACON& Tower with Radar,0,1,11,1,13,0,0,20,1,21,0,1,31,2,34,6,0,6,40
10/03/2017,YNG,OH,AGL,CE,Combined TRACON& Tower with Radar,0,6,33,6,45,0,0,18,0,18,0,6,51,6,63,6,0,6,69
10/04/2017,YNG,OH,AGL,CE,Combined TRACON& Tower with Radar,0,1,19,0,20,0,0,10,0,10,0,1,29,0,30,30,0,30,60
10/05/2017,YNG,OH,AGL,CE,Combined TRACON& Tower with Radar,4,6,27,11,48,0,0,0,0,0,4,6,27,11,48,0,8,8,56
10/06/2017,YNG,OH,AGL,CE,Combined TRACON& Tower with Radar,4,3,25,2,34,0,0,0,0,0,4,3,25,2,34,0,0,0,34
10/07/2017,YNG,OH,AGL,CE,Combined TRACON& Tower with Radar,4,0,14,1,19,0,0,16,0,16,4,0,30,1,35,12,0,12,47
10/08/2017,YNG,OH,AGL,CE,Combined TRACON& Tower with Radar,2,1,29,0,32,0,0,11,0,11,2,1,40,0,43,4,0,4,47
10/09/2017,YNG,OH,AGL,CE,Combined TRACON& Tower with Radar,2,3,11,0,16,0,0,1,0,1,2,3,12,0,17,0,0,0,17
10/10/2017,YNG,OH,AGL,CE,Combined TRACON& Tower with Radar,0,5,18,11,34,0,0,13,5,18,0,5,31,16,52,0,6,6,58
10/11/2017,YNG,OH,AGL,CE,Combined TRACON& Tower with Radar,2,0,16,2,20,0,0,0,0,0,2,0,16,2,20,0,0,0,20
10/12/2017,YNG,OH,AGL,CE,Combined TRACON& Tower with Radar,2,6,21,19,48,0,0,1,0,1,2,6,22,19,49,0,0,0,49
10/13/2017,YNG,OH,AGL,CE,Combined TRACON& Tower with Radar,4,1,21,9,35,0,0,8,2,10,4,1,29,11,45,16,0,16,61
10/14/2017,YNG,OH,AGL,CE,Combined TRACON& Tower with Radar,1,2,17,9,29,0,0,21,4,25,1,2,38,13,54,46,28,74,128
10/15/2017,YNG,OH,AGL,CE,Combined TRACON& Tower with Radar,3,1,10,6,20,0,2,0,1,3,3,3,10,7,23,0,0,0,23
10/16/2017,YNG,OH,AGL,CE,Combined TRACON& Tower with Radar,2,2,24,18,46,0,0,7,6,13,2,2,31,24,59,10,14,24,83
10/17/2017,YNG,OH,AGL,CE,Combined TRACON& Tower with Radar,0,7,24,11,42,0,0,5,2,7,0,7,29,13,49,18,28,46,95
10/18/2017,YNG,OH,AGL,CE,Combined TRACON& Tower with Radar,0,3,25,16,44,0,0,19,2,21,0,3,44,18,65,8,16,24,89
10/19/2017,YNG,OH,AGL,CE,Combined TRACON& Tower with Radar,2,0,24,7,33,0,0,20,3,23,2,0,44,10,56,38,4,42,98
10/20/2017,YNG,OH,AGL,CE,Combined TRACON& Tower with Radar,4,8,17,12,41,0,0,28,0,28,4,8,45,12,69,4,0,4,73
10/21/2017,YNG,OH,AGL,CE,Combined TRACON& Tower with Radar,2,4,25,0,31,0,2,41,0,43,2,6,66,0,74,56,0,56,130
10/22/2017,YNG,OH,AGL,CE,Combined TRACON& Tower with Radar,2,2,16,3,23,0,0,20,0,20,2,2,36,3,43,46,0,46,89
10/23/2017,YNG,OH,AGL,CE,Combined TRACON& Tower with Radar,2,16,19,1,38,0,0,6,0,6,2,16,25,1,44,0,0,0,44
10/24/2017,YNG,OH,AGL,CE,Combined TRACON& Tower with Radar,0,0,21,11,32,0,1,7,4,12,0,1,28,15,44,4,0,4,48
10/25/2017,YNG,OH,AGL,CE,Combined TRACON& Tower with Radar,0,4,12,32,48,0,0,1,0,1,0,4,13,32,49,0,36,36,85
10/26/2017,YNG,OH,AGL,CE,Combined TRACON& Tower with Radar,2,1,17,36,56,0,0,17,2,19,2,1,34,38,75,4,54,58,133
10/27/2017,YNG,OH,AGL,CE,Combined TRACON& Tower with Radar,5,3,20,4,32,0,0,14,0,14,5,3,34,4,46,24,0,24,70
10/28/2017,YNG,OH,AGL,CE,Combined TRACON& Tower with Radar,3,5,20,0,28,0,0,0,0,0,3,5,20,0,28,0,0,0,28
10/29/2017,YNG,OH,AGL,CE,Combined TRACON& Tower with Radar,4,6,15,3,28,0,0,0,1,1,4,6,15,4,29,0,2,2,31
10/30/2017,YNG,OH,AGL,CE,Combined TRACON& Tower with Radar,2,12,11,10,35,0,0,3,0,3,2,12,14,10,38,4,24,28,66
10/31/2017,YNG,OH,AGL,CE,Combined TRACON& Tower with Radar,0,2,24,11,37,0,0,10,2,12,0,2,34,13,49,6,0,6,55
11/01/2017,YNG,OH,AGL,CE,Combined TRACON& Tower with Radar,0,4,12,15,31,0,0,0,0,0,0,4,12,15,31,0,6,6,37
11/02/2017,YNG,OH,AGL,CE,Combined TRACON& Tower with Radar,2,5,12,16,35,0,0,0,3,3,2,5,12,19,38,10,24,34,72
11/03/2017,YNG,OH,AGL,CE,Combined TRACON& Tower with Radar,2,5,23,13,43,0,0,3,0,3,2,5,26,13,46,0,0,0,46
11/04/2017,YNG,OH,AGL,CE,Combined TRACON& Tower with Radar,2,2,18,0,22,0,0,23,0,23,2,2,41,0,45,28,0,28,73
11/05/2017,YNG,OH,AGL,CE,Combined TRACON& Tower with Radar,2,1,8,5,16,0,0,0,0,0,2,1,8,5,16,0,0,0,16
11/06/2017,YNG,OH,AGL,CE,Combined TRACON& Tower with Radar,6,7,13,15,41,0,0,6,9,15,6,7,19,24,56,11,26,37,93
11/07/2017,YNG,OH,AGL,CE,Combined TRACON& Tower with Radar,0,5,19,20,44,0,0,0,3,3,0,5,19,23,47,18,56,74,121
11/08/2017,YNG,OH,AGL,CE,Combined TRACON& Tower with Radar,0,10,17,13,40,0,0,16,8,24,0,10,33,21,64,12,22,34,98
11/09/2017,YNG,OH,AGL,CE,Combined TRACON& Tower with Radar,2,7,17,17,43,0,0,8,2,10,2,7,25,19,53,8,6,14,67
11/10/2017,YNG,OH,AGL,CE,Combined TRACON& Tower with Radar,4,6,9,0,19,0,2,1,0,3,4,8,10,0,22,6,0,6,28
11/11/2017,YNG,OH,AGL,CE,Combined TRACON& Tower with Radar,2,2,21,1,26,0,0,31,0,31,2,2,52,1,57,8,0,8,65
11/12/2017,YNG,OH,AGL,CE,Combined TRACON& Tower with Radar,2,3,13,1,19,0,0,17,0,17,2,3,30,1,36,54,0,54,90
11/13/2017,YNG,OH,AGL,CE,Combined TRACON& Tower with Radar,2,8,4,28,42,0,0,0,1,1,2,8,4,29,43,0,0,0,43
11/14/2017,YNG,OH,AGL,CE,Combined TRACON& Tower with Radar,0,8,13,16,37,0,0,8,8,16,0,8,21,24,53,20,42,62,115
11/15/2017,YNG,OH,AGL,CE,Combined TRACON& Tower with Radar,0,8,23,18,49,0,2,16,0,18,0,10,39,18,67,4,2,6,73
11/16/2017,YNG,OH,AGL,CE,Combined TRACON& Tower with Radar,2,7,9,12,30,0,0,1,0,1,2,7,10,12,31,0,0,0,31
11/17/2017,YNG,OH,AGL,CE,Combined TRACON& Tower with Radar,3,2,30,8,43,0,1,28,0,29,3,3,58,8,72,3,0,3,75
11/18/2017,YNG,OH,AGL,CE,Combined TRACON& Tower with Radar,1,0,5,0,6,0,0,0,0,0,1,0,5,0,6,0,0,0,6
11/19/2017,YNG,OH,AGL,CE,Combined TRACON& Tower with Radar,2,4,11,1,18,0,0,0,0,0,2,4,11,1,18,0,0,0,18
11/20/2017,YNG,OH,AGL,CE,Combined TRACON& Tower with Radar,2,4,18,13,37,0,0,6,1,7,2,4,24,14,44,0,0,0,44
11/21/2017,YNG,OH,AGL,CE,Combined TRACON& Tower with Radar,2,8,4,7,21,0,2,4,3,9,2,10,8,10,30,0,0,0,30
11/22/2017,YNG,OH,AGL,CE,Combined TRACON& Tower with Radar,2,1,20,22,45,0,0,3,0,3,2,1,23,22,48,0,10,10,58
11/23/2017,YNG,OH,AGL,CE,Combined TRACON& Tower with Radar,2,0,8,0,10,0,0,8,0,8,2,0,16,0,18,0,0,0,18
11/24/2017,YNG,OH,AGL,CE,Combined TRACON& Tower with Radar,0,1,25,0,26,0,0,20,0,20,0,1,45,0,46,0,0,0,46
11/25/2017,YNG,OH,AGL,CE,Combined TRACON& Tower with Radar,0,6,9,0,15,0,0,3,0,3,0,6,12,0,18,6,0,6,24
11/26/2017,YNG,OH,AGL,CE,Combined TRACON& Tower with Radar,2,7,29,0,38,0,0,18,0,18,2,7,47,0,56,28,0,28,84
11/27/2017,YNG,OH,AGL,CE,Combined TRACON& Tower with Radar,2,3,18,18,41,0,0,26,2,28,2,3,44,20,69,16,18,34,103
11/28/2017,YNG,OH,AGL,CE,Combined TRACON& Tower with Radar,0,9,19,16,44,0,0,11,2,13,0,9,30,18,57,14,12,26,83
11/29/2017,YNG,OH,AGL,CE,Combined TRACON& Tower with Radar,0,7,42,31,80,0,0,20,0,20,0,7,62,31,100,16,30,46,146
11/30/2017,YNG,OH,AGL,CE,Combined TRACON& Tower with Radar,2,10,25,15,52,0,2,3,4,9,2,12,28,19,61,0,40,40,101
12/01/2017,YNG,OH,AGL,CE,Combined TRACON& Tower with Radar,4,2,17,6,29,0,0,14,0,14,4,2,31,6,43,18,24,42,85
12/02/2017,YNG,OH,AGL,CE,Combined TRACON& Tower with Radar,0,4,31,0,35,0,0,24,0,24,0,4,55,0,59,40,0,40,99
12/03/2017,YNG,OH,AGL,CE,Combined TRACON& Tower with Radar,2,7,23,9,41,0,0,29,1,30,2,7,52,10,71,84,12,96,167
12/04/2017,YNG,OH,AGL,CE,Combined TRACON& Tower with Radar,5,3,7,23,38,0,0,9,0,9,5,3,16,23,47,0,62,62,109
12/05/2017,YNG,OH,AGL,CE,Combined TRACON& Tower with Radar,0,13,6,10,29,0,0,2,1,3,0,13,8,11,32,0,0,0,32
12/06/2017,YNG,OH,AGL,CE,Combined TRACON& Tower with Radar,0,3,4,16,23,0,0,2,0,2,0,3,6,16,25,0,16,16,41
12/07/2017,YNG,OH,AGL,CE,Combined TRACON& Tower with Radar,2,5,13,10,30,0,0,2,1,3,2,5,15,11,33,0,0,0,33
12/08/2017,YNG,OH,AGL,CE,Combined TRACON& Tower with Radar,4,9,15,2,30,0,0,13,0,13,4,9,28,2,43,0,0,0,43
12/09/2017,YNG,OH,AGL,CE,Combined TRACON& Tower with Radar,0,1,24,0,25,0,0,17,0,17,0,1,41,0,42,24,0,24,66
12/10/2017,YNG,OH,AGL,CE,Combined TRACON& Tower with Radar,2,9,10,1,22,0,0,0,0,0,2,9,10,1,22,0,0,0,22
12/11/2017,YNG,OH,AGL,CE,Combined TRACON& Tower with Radar,2,8,12,2,24,0,0,2,0,2,2,8,14,2,26,0,0,0,26
12/12/2017,YNG,OH,AGL,CE,Combined TRACON& Tower with Radar,0,4,9,0,13,0,0,0,0,0,0,4,9,0,13,0,0,0,13
12/13/2017,YNG,OH,AGL,CE,Combined TRACON& Tower with Radar,2,3,10,3,18,0,0,1,0,1,2,3,11,3,19,0,0,0,19
12/14/2017,YNG,OH,AGL,CE,Combined TRACON& Tower with Radar,2,8,6,14,30,0,0,2,2,4,2,8,8,16,34,0,0,0,34
12/15/2017,YNG,OH,AGL,CE,Combined TRACON& Tower with Radar,4,5,17,2,28,0,0,8,0,8,4,5,25,2,36,0,0,0,36
12/16/2017,YNG,OH,AGL,CE,Combined TRACON& Tower with Radar,0,2,3,0,5,0,0,0,0,0,0,2,3,0,5,0,0,0,5
12/17/2017,YNG,OH,AGL,CE,Combined TRACON& Tower with Radar,2,2,13,2,19,0,0,2,0,2,2,2,15,2,21,12,0,12,33
12/18/2017,YNG,OH,AGL,CE,Combined TRACON& Tower with Radar,2,9,10,21,42,0,0,0,0,0,2,9,10,21,42,0,38,38,80
12/19/2017,YNG,OH,AGL,CE,Combined TRACON& Tower with Radar,0,7,15,11,33,0,0,1,1,2,0,7,16,12,35,0,6,6,41
12/20/2017,YNG,OH,AGL,CE,Combined TRACON& Tower with Radar,2,8,34,14,58,0,0,20,0,20,2,8,54,14,78,0,40,40,118
12/21/2017,YNG,OH,AGL,CE,Combined TRACON& Tower with Radar,4,8,31,13,56,0,0,20,4,24,4,8,51,17,80,18,24,42,122
12/22/2017,YNG,OH,AGL,CE,Combined TRACON& Tower with Radar,2,2,11,10,25,0,0,0,0,0,2,2,11,10,25,0,0,0,25
12/23/2017,YNG,OH,AGL,CE,Combined TRACON& Tower with Radar,0,2,4,0,6,0,0,0,0,0,0,2,4,0,6,0,0,0,6
12/24/2017,YNG,OH,AGL,CE,Combined TRACON& Tower with Radar,2,2,2,0,6,0,0,0,0,0,2,2,2,0,6,0,0,0,6
12/25/2017,YNG,OH,AGL,CE,Combined TRACON& Tower with Radar,2,0,1,0,3,0,0,0,0,0,2,0,1,0,3,0,0,0,3
12/26/2017,YNG,OH,AGL,CE,Combined TRACON& Tower with Radar,0,3,6,0,9,0,0,0,0,0,0,3,6,0,9,0,0,0,9
12/27/2017,YNG,OH,AGL,CE,Combined TRACON& Tower with Radar,2,4,10,16,32,0,0,2,0,2,2,4,12,16,34,0,14,14,48
12/28/2017,YNG,OH,AGL,CE,Combined TRACON& Tower with Radar,2,0,12,9,23,0,0,2,5,7,2,0,14,14,30,0,16,16,46
12/29/2017,YNG,OH,AGL,CE,Combined TRACON& Tower with Radar,2,2,12,0,16,0,0,0,0,0,2,2,12,0,16,0,0,0,16
12/30/2017,YNG,OH,AGL,CE,Combined TRACON& Tower with Radar,0,2,5,0,7,0,0,0,0,0,0,2,5,0,7,0,0,0,7
12/31/2017,YNG,OH,AGL,CE,Combined TRACON& Tower with Radar,2,1,6,0,9,0,0,0,0,0,2,1,6,0,9,0,0,0,9
01/01/2018,YNG,OH,AGL,CE,Combined TRACON& Tower with Radar,2,0,1,0,3,0,0,1,0,1,2,0,2,0,4,0,0,0,4
01/02/2018,YNG,OH,AGL,CE,Combined TRACON& Tower with Radar,0,4,11,6,21,0,0,3,2,5,0,4,14,8,26,0,0,0,26
01/03/2018,YNG,OH,AGL,CE,Combined TRACON& Tower with Radar,0,6,6,27,39,0,0,1,6,7,0,6,7,33,46,0,22,22,68
01/04/2018,YNG,OH,AGL,CE,Combined TRACON& Tower with Radar,2,7,3,2,14,0,0,0,0,0,2,7,3,2,14,0,0,0,14
01/05/2018,YNG,OH,AGL,CE,Combined TRACON& Tower with Radar,0,8,7,7,22,0,0,0,0,0,0,8,7,7,22,2,8,10,32
01/06/2018,YNG,OH,AGL,CE,Combined TRACON& Tower with Radar,0,0,7,1,8,0,0,3,0,3,0,0,10,1,11,0,0,0,11
01/07/2018,YNG,OH,AGL,CE,Combined TRACON& Tower with Radar,0,5,10,2,17,0,0,4,0,4,0,5,14,2,21,8,0,8,29
01/08/2018,YNG,OH,AGL,CE,Combined TRACON& Tower with Radar,0,3,1,0,4,0,0,0,0,0,0,3,1,0,4,0,0,0,4
01/09/2018,YNG,OH,AGL,CE,Combined TRACON& Tower with Radar,0,5,10,2,17,0,0,0,0,0,0,5,10,2,17,0,0,0,17
01/10/2018,YNG,OH,AGL,CE,Combined TRACON& Tower with Radar,0,0,8,22,30,0,0,0,0,0,0,0,8,22,30,0,23,23,53
01/11/2018,YNG,OH,AGL,CE,Combined TRACON& Tower with Radar,0,6,16,6,28,0,0,0,1,1,0,6,16,7,29,0,0,0,29
01/12/2018,YNG,OH,AGL,CE,Combined TRACON& Tower with Radar,0,7,6,0,13,0,0,0,0,0,0,7,6,0,13,0,0,0,13
01/13/2018,YNG,OH,AGL,CE,Combined TRACON& Tower with Radar,0,3,8,0,11,0,0,2,0,2,0,3,10,0,13,0,0,0,13
01/14/2018,YNG,OH,AGL,CE,Combined TRACON& Tower with Radar,0,0,7,0,7,0,0,3,0,3,0,0,10,0,10,0,0,0,10
01/15/2018,YNG,OH,AGL,CE,Combined TRACON& Tower with Radar,0,0,4,1,5,0,0,0,0,0,0,0,4,1,5,0,0,0,5
01/16/2018,YNG,OH,AGL,CE,Combined TRACON& Tower with Radar,0,3,4,0,7,0,0,0,0,0,0,3,4,0,7,0,0,0,7
01/17/2018,YNG,OH,AGL,CE,Combined TRACON& Tower with Radar,0,6,6,0,12,0,0,1,0,1,0,6,7,0,13,0,0,0,13
01/18/2018,YNG,OH,AGL,CE,Combined TRACON& Tower with Radar,0,4,32,0,36,0,0,18,0,18,0,4,50,0,54,0,0,0,54
01/19/2018,YNG,OH,AGL,CE,Combined TRACON& Tower with Radar,2,4,14,17,37,0,0,6,1,7,2,4,20,18,44,0,0,0,44
01/20/2018,YNG,OH,AGL,CE,Combined TRACON& Tower with Radar,0,8,17,0,25,0,0,20,0,20,0,8,37,0,45,7,20,27,72
01/21/2018,YNG,OH,AGL,CE,Combined TRACON& Tower with Radar,2,1,18,2,23,0,0,0,0,0,2,1,18,2,23,0,0,0,23
01/22/2018,YNG,OH,AGL,CE,Combined TRACON& Tower with Radar,0,6,17,0,23,0,1,6,0,7,0,7,23,0,30,18,0,18,48
01/23/2018,YNG,OH,AGL,CE,Combined TRACON& Tower with Radar,0,2,2,0,4,0,0,0,0,0,0,2,2,0,4,0,0,0,4
01/24/2018,YNG,OH,AGL,CE,Combined TRACON& Tower with Radar,2,7,2,14,25,0,0,0,0,0,2,7,2,14,25,0,0,0,25
01/25/2018,YNG,OH,AGL,CE,Combined TRACON& Tower with Radar,0,10,20,4,34,0,0,2,0,2,0,10,22,4,36,14,0,14,50
01/26/2018,YNG,OH,AGL,CE,Combined TRACON& Tower with Radar,0,4,22,4,30,0,0,19,0,19,0,4,41,4,49,32,0,32,81
01/27/2018,YNG,OH,AGL,CE,Combined TRACON& Tower with Radar,0,0,4,0,4,0,0,0,0,0,0,0,4,0,4,0,0,0,4
01/28/2018,YNG,OH,AGL,CE,Combined TRACON& Tower with Radar,0,3,36,3,42,0,0,36,0,36,0,3,72,3,78,44,0,44,122
01/29/2018,YNG,OH,AGL,CE,Combined TRACON& Tower with Radar,0,10,9,2,21,0,0,6,16,22,0,10,15,18,43,18,38,56,99
01/30/2018,YNG,OH,AGL,CE,Combined TRACON& Tower with Radar,0,7,4,2,13,0,0,0,0,0,0,7,4,2,13,0,0,0,13
01/31/2018,YNG,OH,AGL,CE,Combined TRACON& Tower with Radar,0,5,11,26,42,0,0,4,0,4,0,5,15,26,46,2,22,24,70
02/01/2018,YNG,OH,AGL,CE,Combined TRACON& Tower with Radar,0,7,8,15,30,0,0,5,2,7,0,7,13,17,37,6,0,6,43
02/02/2018,YNG,OH,AGL,CE,Combined TRACON& Tower with Radar,0,14,9,5,28,0,0,1,0,1,0,14,10,5,29,0,0,0,29
02/03/2018,YNG,OH,AGL,CE,Combined TRACON& Tower with Radar,0,3,16,0,19,0,0,20,0,20,0,3,36,0,39,2,0,2,41
02/04/2018,YNG,OH,AGL,CE,Combined TRACON& Tower with Radar,0,2,1,3,6,0,0,0,0,0,0,2,1,3,6,4,0,4,10
02/05/2018,YNG,OH,AGL,CE,Combined TRACON& Tower with Radar,0,5,11,15,31,0,0,10,0,10,0,5,21,15,41,0,18,18,59
02/06/2018,YNG,OH,AGL,CE,Combined TRACON& Tower with Radar,0,1,9,10,20,0,0,2,2,4,0,1,11,12,24,0,4,4,28
02/07/2018,YNG,OH,AGL,CE,Combined TRACON& Tower with Radar,0,3,1,0,4,0,0,0,0,0,0,3,1,0,4,0,0,0,4
02/08/2018,YNG,OH,AGL,CE,Combined TRACON& Tower with Radar,0,6,9,9,24,0,0,1,9,10,0,6,10,18,34,0,0,0,34
02/09/2018,YNG,OH,AGL,CE,Combined TRACON& Tower with Radar,0,2,15,0,17,0,0,2,0,2,0,2,17,0,19,20,0,20,39
02/10/2018,YNG,OH,AGL,CE,Combined TRACON& Tower with Radar,0,2,1,0,3,0,0,0,0,0,0,2,1,0,3,0,0,0,3
02/11/2018,YNG,OH,AGL,CE,Combined TRACON& Tower with Radar,0,0,8,0,8,0,0,0,0,0,0,0,8,0,8,0,0,0,8
02/12/2018,YNG,OH,AGL,CE,Combined TRACON& Tower with Radar,0,3,18,20,41,0,0,9,2,11,0,3,27,22,52,6,20,26,78
02/13/2018,YNG,OH,AGL,CE,Combined TRACON& Tower with Radar,0,3,17,17,37,0,2,9,1,12,0,5,26,18,49,0,0,0,49
02/14/2018,YNG,OH,AGL,CE,Combined TRACON& Tower with Radar,4,4,13,17,38,0,0,0,0,0,4,4,13,17,38,0,22,22,60
02/15/2018,YNG,OH,AGL,CE,Combined TRACON& Tower with Radar,0,4,26,31,61,0,0,0,1,1,0,4,26,32,62,0,0,0,62
02/16/2018,YNG,OH,AGL,CE,Combined TRACON& Tower with Radar,2,4,12,3,21,0,0,0,0,0,2,4,12,3,21,0,0,0,21
02/17/2018,YNG,OH,AGL,CE,Combined TRACON& Tower with Radar,2,1,10,1,14,0,0,5,0,5,2,1,15,1,19,0,0,0,19
02/18/2018,YNG,OH,AGL,CE,Combined TRACON& Tower with Radar,0,3,26,0,29,0,0,24,0,24,0,3,50,0,53,57,0,57,110
02/19/2018,YNG,OH,AGL,CE,Combined TRACON& Tower with Radar,1,8,11,1,21,0,0,0,0,0,1,8,11,1,21,0,0,0,21
02/20/2018,YNG,OH,AGL,CE,Combined TRACON& Tower with Radar,3,5,18,6,32,0,1,5,2,8,3,6,23,8,40,0,0,0,40
02/21/2018,YNG,OH,AGL,CE,Combined TRACON& Tower with Radar,0,5,9,12,26,0,1,0,0,1,0,6,9,12,27,0,0,0,27
02/22/2018,YNG,OH,AGL,CE,Combined TRACON& Tower with Radar,2,11,10,28,51,0,0,0,3,3,2,11,10,31,54,2,18,20,74
02/23/2018,YNG,OH,AGL,CE,Combined TRACON& Tower with Radar,0,4,11,3,18,0,0,0,0,0,0,4,11,3,18,0,0,0,18
02/24/2018,YNG,OH,AGL,CE,Combined TRACON& Tower with Radar,0,0,5,0,5,0,0,2,0,2,0,0,7,0,7,0,0,0,7
02/25/2018,YNG,OH,AGL,CE,Combined TRACON& Tower with Radar,0,5,7,2,14,0,0,4,0,4,0,5,11,2,18,0,0,0,18
02/26/2018,YNG,OH,AGL,CE,Combined TRACON& Tower with Radar,2,4,44,28,78,0,0,21,13,34,2,4,65,41,112,22,60,82,194
02/27/2018,YNG,OH,AGL,CE,Combined TRACON& Tower with Radar,0,4,33,17,54,0,1,24,3,28,0,5,57,20,82,0,0,0,82
02/28/2018,YNG,OH,AGL,CE,Combined TRACON& Tower with Radar,0,2,6,32,40,0,0,5,0,5,0,2,11,32,45,4,10,14,59
03/01/2018,YNG,OH,AGL,CE,Combined TRACON& Tower with Radar,0,5,7,11,23,0,0,0,0,0,0,5,7,11,23,0,0,0,23
03/02/2018,YNG,OH,AGL,CE,Combined TRACON& Tower with Radar,0,6,15,0,21,0,0,0,0,0,0,6,15,0,21,0,0,0,21
03/03/2018,YNG,OH,AGL,CE,Combined TRACON& Tower with Radar,0,6,5,2,13,0,0,13,1,14,0,6,18,3,27,26,0,26,53
03/04/2018,YNG,OH,AGL,CE,Combined TRACON& Tower with Radar,0,11,23,6,40,0,0,24,14,38,0,11,47,20,78,10,16,26,104
03/05/2018,YNG,OH,AGL,CE,Combined TRACON& Tower with Radar,0,12,27,19,58,0,1,23,0,24,0,13,50,19,82,18,4,22,104
03/06/2018,YNG,OH,AGL,CE,Combined TRACON& Tower with Radar,0,4,17,19,40,0,0,2,1,3,0,4,19,20,43,0,72,72,115
03/07/2018,YNG,OH,AGL,CE,Combined TRACON& Tower with Radar,2,8,8,20,38,0,0,0,0,0,2,8,8,20,38,0,0,0,38
03/08/2018,YNG,OH,AGL,CE,Combined TRACON& Tower with Radar,0,7,7,3,17,0,1,1,0,2,0,8,8,3,19,3,0,3,22
03/09/2018,YNG,OH,AGL,CE,Combined TRACON& Tower with Radar,0,1,8,3,12,0,0,0,0,0,0,1,8,3,12,0,0,0,12
03/10/2018,YNG,OH,AGL,CE,Combined TRACON& Tower with Radar,0,1,4,3,8,0,0,5,5,10,0,1,9,8,18,20,0,20,38
03/11/2018,YNG,OH,AGL,CE,Combined TRACON& Tower with Radar,0,5,19,1,25,0,0,11,0,11,0,5,30,1,36,4,0,4,40
03/12/2018,YNG,OH,AGL,CE,Combined TRACON& Tower with Radar,0,8,10,30,48,0,2,5,0,7,0,10,15,30,55,12,38,50,105
03/13/2018,YNG,OH,AGL,CE,Combined TRACON& Tower with Radar,0,1,14,11,26,0,0,0,2,2,0,1,14,13,28,2,24,26,54
03/14/2018,YNG,OH,AGL,CE,Combined TRACON& Tower with Radar,2,2,6,22,32,0,0,0,0,0,2,2,6,22,32,10,22,32,64
03/15/2018,YNG,OH,AGL,CE,Combined TRACON& Tower with Radar,2,4,24,6,36,0,0,3,5,8,2,4,27,11,44,1,34,35,79
03/16/2018,YNG,OH,AGL,CE,Combined TRACON& Tower with Radar,0,2,7,14,23,0,0,1,0,1,0,2,8,14,24,0,18,18,42
03/17/2018,YNG,OH,AGL,CE,Combined TRACON& Tower with Radar,0,4,25,0,29,0,0,16,0,16,0,4,41,0,45,24,0,24,69
03/18/2018,YNG,OH,AGL,CE,Combined TRACON& Tower with Radar,0,4,27,0,31,0,0,43,0,43,0,4,70,0,74,26,0,26,100
03/19/2018,YNG,OH,AGL,CE,Combined TRACON& Tower with Radar,0,11,18,3,32,0,1,11,0,12,0,12,29,3,44,12,0,12,56
03/20/2018,YNG,OH,AGL,CE,Combined TRACON& Tower with Radar,0,6,9,9,24,0,0,0,3,3,0,6,9,12,27,0,0,0,27
03/21/2018,YNG,OH,AGL,CE,Combined TRACON& Tower with Radar,0,1,5,25,31,0,0,1,0,1,0,1,6,25,32,0,30,30,62
03/22/2018,YNG,OH,AGL,CE,Combined TRACON& Tower with Radar,0,6,26,16,48,0,0,16,4,20,0,6,42,20,68,0,30,30,98
03/23/2018,YNG,OH,AGL,CE,Combined TRACON& Tower with Radar,2,3,20,7,32,0,0,7,0,7,2,3,27,7,39,2,16,18,57
03/24/2018,YNG,OH,AGL,CE,Combined TRACON& Tower with Radar,0,0,10,0,10,0,0,9,0,9,0,0,19,0,19,6,0,6,25
03/25/2018,YNG,OH,AGL,CE,Combined TRACON& Tower with Radar,1,2,15,11,29,0,0,18,0,18,1,2,33,11,47,16,0,16,63
03/26/2018,YNG,OH,AGL,CE,Combined TRACON& Tower with Radar,1,4,15,30,50,0,0,8,6,14,1,4,23,36,64,0,0,0,64
03/27/2018,YNG,OH,AGL,CE,Combined TRACON& Tower with Radar,2,6,12,2,22,0,0,0,0,0,2,6,12,2,22,0,0,0,22
03/28/2018,YNG,OH,AGL,CE,Combined TRACON& Tower with Radar,0,2,13,2,17,0,0,0,0,0,0,2,13,2,17,2,52,54,71
03/29/2018,YNG,OH,AGL,CE,Combined TRACON& Tower with Radar,0,5,13,9,27,0,0,0,0,0,0,5,13,9,27,0,0,0,27
03/30/2018,YNG,OH,AGL,CE,Combined TRACON& Tower with Radar,0,2,20,4,26,0,0,3,0,3,0,2,23,4,29,0,0,0,29
03/31/2018,YNG,OH,AGL,CE,Combined TRACON& Tower with Radar,0,0,20,1,21,0,0,14,0,14,0,0,34,1,35,0,0,0,35
04/01/2018,YNG,OH,AGL,CE,Combined TRACON& Tower with Radar,0,2,7,0,9,0,0,4,0,4,0,2,11,0,13,0,0,0,13
04/02/2018,YNG,OH,AGL,CE,Combined TRACON& Tower with Radar,0,2,20,16,38,0,0,10,5,15,0,2,30,21,53,6,10,16,69
04/03/2018,YNG,OH,AGL,CE,Combined TRACON& Tower with Radar,0,10,8,2,20,0,0,0,0,0,0,10,8,2,20,0,0,0,20
04/04/2018,YNG,OH,AGL,CE,Combined TRACON& Tower with Radar,0,1,6,0,7,0,0,0,0,0,0,1,6,0,7,0,0,0,7
04/05/2018,YNG,OH,AGL,CE,Combined TRACON& Tower with Radar,0,10,37,17,64,0,0,7,3,10,0,10,44,20,74,2,16,18,92
04/06/2018,YNG,OH,AGL,CE,Combined TRACON& Tower with Radar,0,3,5,17,25,0,0,3,1,4,0,3,8,18,29,1,6,7,36
04/07/2018,YNG,OH,AGL,CE,Combined TRACON& Tower with Radar,0,3,25,0,28,0,0,41,0,41,0,3,66,0,69,30,0,30,99
04/08/2018,YNG,OH,AGL,CE,Combined TRACON& Tower with Radar,0,3,10,13,26,0,0,18,7,25,0,3,28,20,51,0,16,16,67
04/09/2018,YNG,OH,AGL,CE,Combined TRACON& Tower with Radar,0,2,15,39,56,0,0,4,6,10,0,2,19,45,66,0,6,6,72
04/10/2018,YNG,OH,AGL,CE,Combined TRACON& Tower with Radar,0,5,14,22,41,0,0,7,10,17,0,5,21,32,58,0,56,56,114
04/11/2018,YNG,OH,AGL,CE,Combined TRACON& Tower with Radar,0,11,24,25,60,0,0,14,1,15,0,11,38,26,75,0,28,28,103
04/12/2018,YNG,OH,AGL,CE,Combined TRACON& Tower with Radar,0,4,22,5,31,0,0,2,3,5,0,4,24,8,36,0,8,8,44
04/13/2018,YNG,OH,AGL,CE,Combined TRACON& Tower with Radar,0,7,9,2,18,0,1,8,0,9,0,8,17,2,27,1,0,1,28
04/14/2018,YNG,OH,AGL,CE,Combined TRACON& Tower with Radar,0,4,8,0,12,0,0,10,0,10,0,4,18,0,22,0,0,0,22
04/15/2018,YNG,OH,AGL,CE,Combined TRACON& Tower with Radar,0,4,8,1,13,0,0,0,0,0,0,4,8,1,13,0,0,0,13
04/16/2018,YNG,OH,AGL,CE,Combined TRACON& Tower with Radar,0,1,4,7,12,0,0,0,3,3,0,1,4,10,15,0,0,0,15
04/17/2018,YNG,OH,AGL,CE,Combined TRACON& Tower with Radar,0,5,10,13,28,0,0,0,0,0,0,5,10,13,28,0,0,0,28
04/18/2018,YNG,OH,AGL,CE,Combined TRACON& Tower with Radar,2,4,17,17,40,0,0,8,4,12,2,4,25,21,52,2,42,44,96
04/19/2018,YNG,OH,AGL,CE,Combined TRACON& Tower with Radar,0,4,11,27,42,0,0,1,4,5,0,4,12,31,47,0,12,12,59
04/20/2018,YNG,OH,AGL,CE,Combined TRACON& Tower with Radar,0,5,25,4,34,0,0,22,0,22,0,5,47,4,56,8,0,8,64
04/21/2018,YNG,OH,AGL,CE,Combined TRACON& Tower with Radar,0,1,35,9,45,0,0,68,0,68,0,1,103,9,113,102,0,102,215
04/22/2018,YNG,OH,AGL,CE,Combined TRACON& Tower with Radar,0,2,28,0,30,0,0,27,0,27,0,2,55,0,57,28,0,28,85
04/23/2018,YNG,OH,AGL,CE,Combined TRACON& Tower with Radar,0,3,13,15,31,0,0,19,3,22,0,3,32,18,53,0,24,24,77
04/24/2018,YNG,OH,AGL,CE,Combined TRACON& Tower with Radar,2,8,29,23,62,0,0,0,0,0,2,8,29,23,62,0,0,0,62
04/25/2018,YNG,OH,AGL,CE,Combined TRACON& Tower with Radar,0,2,24,36,62,0,0,0,0,0,0,2,24,36,62,0,0,0,62
04/26/2018,YNG,OH,AGL,CE,Combined TRACON& Tower with Radar,0,5,35,13,53,0,0,19,9,28,0,5,54,22,81,18,8,26,107
04/27/2018,YNG,OH,AGL,CE,Combined TRACON& Tower with Radar,2,2,14,5,23,0,2,9,0,11,2,4,23,5,34,18,0,18,52
04/28/2018,YNG,OH,AGL,CE,Combined TRACON& Tower with Radar,0,2,11,0,13,0,0,3,0,3,0,2,14,0,16,0,0,0,16
04/29/2018,YNG,OH,AGL,CE,Combined TRACON& Tower with Radar,2,3,14,0,19,0,0,6,0,6,2,3,20,0,25,0,0,0,25
04/30/2018,YNG,OH,AGL,CE,Combined TRACON& Tower with Radar,0,1,28,16,45,0,0,33,3,36,0,1,61,19,81,16,54,70,151
05/01/2018,YNG,OH,AGL,CE,Combined TRACON& Tower with Radar,0,1,20,12,33,0,2,18,9,29,0,3,38,21,62,6,12,18,80
05/02/2018,YNG,OH,AGL,CE,Combined TRACON& Tower with Radar,2,1,14,22,39,0,2,6,0,8,2,3,20,22,47,2,34,36,83
05/03/2018,YNG,OH,AGL,CE,Combined TRACON& Tower with Radar,0,7,11,5,23,0,0,2,4,6,0,7,13,9,29,0,0,0,29
05/04/2018,YNG,OH,AGL,CE,Combined TRACON& Tower with Radar,0,4,10,3,17,0,0,1,0,1,0,4,11,3,18,0,0,0,18
05/05/2018,YNG,OH,AGL,CE,Combined TRACON& Tower with Radar,0,5,20,4,29,0,0,36,0,36,0,5,56,4,65,56,36,92,157
05/06/2018,YNG,OH,AGL,CE,Combined TRACON& Tower with Radar,0,4,22,18,44,0,0,27,1,28,0,4,49,19,72,30,16,46,118
05/07/2018,YNG,OH,AGL,CE,Combined TRACON& Tower with Radar,0,9,12,11,32,0,0,9,6,15,0,9,21,17,47,10,8,18,65
05/08/2018,YNG,OH,AGL,CE,Combined TRACON& Tower with Radar,0,2,23,12,37,0,0,22,2,24,0,2,45,14,61,0,28,28,89
05/09/2018,YNG,OH,AGL,CE,Combined TRACON& Tower with Radar,0,2,21,24,47,0,0,16,8,24,0,2,37,32,71,2,72,74,145
05/10/2018,YNG,OH,AGL,CE,Combined TRACON& Tower with Radar,0,6,11,9,26,0,0,3,1,4,0,6,14,10,30,0,0,0,30
05/11/2018,YNG,OH,AGL,CE,Combined TRACON& Tower with Radar,0,0,23,2,25,0,0,17,0,17,0,0,40,2,42,18,0,18,60
05/12/2018,YNG,OH,AGL,CE,Combined TRACON& Tower with Radar,0,2,14,1,17,0,0,4,0,4,0,2,18,1,21,0,0,0,21
05/13/2018,YNG,OH,AGL,CE,Combined TRACON& Tower with Radar,0,3,9,1,13,0,0,1,0,1,0,3,10,1,14,0,0,0,14
05/14/2018,YNG,OH,AGL,CE,Combined TRACON& Tower with Radar,0,3,13,0,16,0,0,2,0,2,0,3,15,0,18,30,0,30,48
05/15/2018,YNG,OH,AGL,CE,Combined TRACON& Tower with Radar,0,10,16,14,40,0,1,3,4,8,0,11,19,18,48,0,0,0,48
05/16/2018,YNG,OH,AGL,CE,Combined TRACON& Tower with Radar,0,7,27,23,57,0,3,7,4,14,0,10,34,27,71,12,54,66,137
05/17/2018,YNG,OH,AGL,CE,Combined TRACON& Tower with Radar,2,10,30,10,52,0,0,27,9,36,2,10,57,19,88,14,30,44,132
05/18/2018,YNG,OH,AGL,CE,Combined TRACON& Tower with Radar,0,3,14,4,21,0,0,6,0,6,0,3,20,4,27,20,0,20,47
05/19/2018,YNG,OH,AGL,CE,Combined TRACON& Tower with Radar,0,2,4,2,8,0,0,2,0,2,0,2,6,2,10,0,0,0,10
05/20/2018,YNG,OH,AGL,CE,Combined TRACON& Tower with Radar,0,1,38,2,41,0,0,12,0,12,0,1,50,2,53,18,0,18,71
05/21/2018,YNG,OH,AGL,CE,Combined TRACON& Tower with Radar,2,1,12,5,20,0,0,12,0,12,2,1,24,5,32,0,0,0,32
05/22/2018,YNG,OH,AGL,CE,Combined TRACON& Tower with Radar,0,5,11,9,25,0,0,1,0,1,0,5,12,9,26,0,0,0,26
05/23/2018,YNG,OH,AGL,CE,Combined TRACON& Tower with Radar,0,1,42,10,53,0,2,16,0,18,0,3,58,10,71,40,38,78,149
05/24/2018,YNG,OH,AGL,CE,Combined TRACON& Tower with Radar,0,5,35,19,59,0,0,17,2,19,0,5,52,21,78,14,16,30,108
05/25/2018,YNG,OH,AGL,CE,Combined TRACON& Tower with Radar,2,6,20,0,28,0,5,15,0,20,2,11,35,0,48,24,0,24,72
05/26/2018,YNG,OH,AGL,CE,Combined TRACON& Tower with Radar,0,7,12,0,19,0,0,11,0,11,0,7,23,0,30,26,0,26,56
05/27/2018,YNG,OH,AGL,CE,Combined TRACON& Tower with Radar,2,1,20,0,23,0,0,16,0,16,2,1,36,0,39,0,0,0,39
05/28/2018,YNG,OH,AGL,CE,Combined TRACON& Tower with Radar,0,3,12,1,16,0,0,18,4,22,0,3,30,5,38,26,2,28,66
05/29/2018,YNG,OH,AGL,CE,Combined TRACON& Tower with Radar,0,9,9,16,34,0,0,10,5,15,0,9,19,21,49,44,12,56,105
05/30/2018,YNG,OH,AGL,CE,Combined TRACON& Tower with Radar,0,2,13,15,30,0,0,3,1,4,0,2,16,16,34,2,0,2,36
05/31/2018,YNG,OH,AGL,CE,Combined TRACON& Tower with Radar,0,3,15,10,28,0,2,1,4,7,0,5,16,14,35,0,12,12,47
06/01/2018,YNG,OH,AGL,CE,Combined TRACON& Tower with Radar,0,4,5,2,11,0,0,1,0,1,0,4,6,2,12,16,0,16,28
06/02/2018,YNG,OH,AGL,CE,Combined TRACON& Tower with Radar,0,4,25,2,31,0,0,2,2,4,0,4,27,4,35,0,0,0,35
06/03/2018,YNG,OH,AGL,CE,Combined TRACON& Tower with Radar,0,0,22,11,33,0,0,18,5,23,0,0,40,16,56,0,0,0,56
06/04/2018,YNG,OH,AGL,CE,Combined TRACON& Tower with Radar,0,0,14,8,22,0,0,5,0,5,0,0,19,8,27,0,0,0,27
06/05/2018,YNG,OH,AGL,CE,Combined TRACON& Tower with Radar,0,2,23,4,29,0,0,12,0,12,0,2,35,4,41,12,0,12,53
06/06/2018,YNG,OH,AGL,CE,Combined TRACON& Tower with Radar,0,4,32,6,42,0,0,4,2,6,0,4,36,8,48,18,0,18,66
06/07/2018,YNG,OH,AGL,CE,Combined TRACON& Tower with Radar,0,3,9,3,15,0,0,15,1,16,0,3,24,4,31,8,0,8,39
06/08/2018,YNG,OH,AGL,CE,Combined TRACON& Tower with Radar,0,21,17,2,40,0,0,29,0,29,0,21,46,2,69,1,0,1,70
06/09/2018,YNG,OH,AGL,CE,Combined TRACON& Tower with Radar,0,3,13,0,16,0,0,11,0,11,0,3,24,0,27,4,0,4,31
06/10/2018,YNG,OH,AGL,CE,Combined TRACON& Tower with Radar,0,7,9,2,18,0,0,0,0,0,0,7,9,2,18,0,0,0,18
06/11/2018,YNG,OH,AGL,CE,Combined TRACON& Tower with Radar,0,2,14,2,18,0,0,2,0,2,0,2,16,2,20,4,0,4,24
06/12/2018,YNG,OH,AGL,CE,Combined TRACON& Tower with Radar,0,5,5,0,10,0,2,6,0,8,0,7,11,0,18,0,0,0,18
06/13/2018,YNG,OH,AGL,CE,Combined TRACON& Tower with Radar,0,14,20,7,41,0,0,2,1,3,0,14,22,8,44,0,4,4,48
06/14/2018,YNG,OH,AGL,CE,Combined TRACON& Tower with Radar,0,7,19,14,40,0,0,20,2,22,0,7,39,16,62,14,18,32,94
06/15/2018,YNG,OH,AGL,CE,Combined TRACON& Tower with Radar,0,12,28,7,47,0,2,29,0,31,0,14,57,7,78,30,10,40,118
06/16/2018,YNG,OH,AGL,CE,Combined TRACON& Tower with Radar,0,5,11,0,16,0,1,18,0,19,0,6,29,0,35,10,0,10,45
06/17/2018,YNG,OH,AGL,CE,Combined TRACON& Tower with Radar,0,6,11,1,18,0,0,17,0,17,0,6,28,1,35,8,0,8,43
06/18/2018,YNG,OH,AGL,CE,Combined TRACON& Tower with Radar,0,8,11,7,26,0,0,3,0,3,0,8,14,7,29,0,10,10,39
06/19/2018,YNG,OH,AGL,CE,Combined TRACON& Tower with Radar,0,7,25,29,61,0,0,6,4,10,0,7,31,33,71,28,14,42,113
06/20/2018,YNG,OH,AGL,CE,Combined TRACON& Tower with Radar,1,2,9,22,34,0,0,1,0,1,1,2,10,22,35,6,0,6,41
06/21/2018,YNG,OH,AGL,CE,Combined TRACON& Tower with Radar,1,9,30,3,43,0,2,41,1,44,1,11,71,4,87,18,0,18,105
06/22/2018,YNG,OH,AGL,CE,Combined TRACON& Tower with Radar,2,3,18,5,28,0,0,0,0,0,2,3,18,5,28,0,0,0,28
06/23/2018,YNG,OH,AGL,CE,Combined TRACON& Tower with Radar,0,3,6,4,13,0,2,1,0,3,0,5,7,4,16,0,0,0,16
06/24/2018,YNG,OH,AGL,CE,Combined TRACON& Tower with Radar,1,7,21,0,29,0,0,8,0,8,1,7,29,0,37,10,0,10,47
06/25/2018,YNG,OH,AGL,CE,Combined TRACON& Tower with Radar,1,2,29,1,33,0,0,28,0,28,1,2,57,1,61,26,0,26,87
06/26/2018,YNG,OH,AGL,CE,Combined TRACON& Tower with Radar,0,5,22,5,32,0,0,16,1,17,0,5,38,6,49,16,4,20,69
06/27/2018,YNG,OH,AGL,CE,Combined TRACON& Tower with Radar,0,3,25,3,31,0,0,1,3,4,0,3,26,6,35,0,2,2,37
06/28/2018,YNG,OH,AGL,CE,Combined TRACON& Tower with Radar,2,4,25,6,37,0,0,13,0,13,2,4,38,6,50,0,4,4,54
06/29/2018,YNG,OH,AGL,CE,Combined TRACON& Tower with Radar,0,6,32,1,39,0,0,37,0,37,0,6,69,1,76,44,0,44,120
06/30/2018,YNG,OH,AGL,CE,Combined TRACON& Tower with Radar,0,4,17,0,21,0,0,36,0,36,0,4,53,0,57,14,0,14,71
07/01/2018,YNG,OH,AGL,CE,Combined TRACON& Tower with Radar,0,4,15,2,21,0,0,17,0,17,0,4,32,2,38,6,0,6,44
07/02/2018,YNG,OH,AGL,CE,Combined TRACON& Tower with Radar,0,4,13,11,28,0,0,11,8,19,0,4,24,19,47,2,36,38,85
07/03/2018,YNG,OH,AGL,CE,Combined TRACON& Tower with Radar,0,1,15,2,18,0,0,12,0,12,0,1,27,2,30,4,0,4,34
07/04/2018,YNG,OH,AGL,CE,Combined TRACON& Tower with Radar,0,4,12,0,16,0,0,6,0,6,0,4,18,0,22,0,0,0,22
07/05/2018,YNG,OH,AGL,CE,Combined TRACON& Tower with Radar,0,3,10,4,17,0,0,0,0,0,0,3,10,4,17,0,0,0,17
07/06/2018,YNG,OH,AGL,CE,Combined TRACON& Tower with Radar,0,4,18,16,38,0,0,20,0,20,0,4,38,16,58,11,12,23,81
07/07/2018,YNG,OH,AGL,CE,Combined TRACON& Tower with Radar,0,2,39,11,52,0,0,48,0,48,0,2,87,11,100,36,0,36,136
07/08/2018,YNG,OH,AGL,CE,Combined TRACON& Tower with Radar,0,5,23,0,28,0,0,13,0,13,0,5,36,0,41,26,0,26,67
07/09/2018,YNG,OH,AGL,CE,Combined TRACON& Tower with Radar,0,2,19,28,49,0,0,10,4,14,0,2,29,32,63,4,40,44,107
07/10/2018,YNG,OH,AGL,CE,Combined TRACON& Tower with Radar,4,3,22,19,48,3,1,25,8,37,7,4,47,27,85,18,20,38,123
07/11/2018,YNG,OH,AGL,CE,Combined TRACON& Tower with Radar,0,6,28,19,53,0,0,28,9,37,0,6,56,28,90,20,46,66,156
07/12/2018,YNG,OH,AGL,CE,Combined TRACON& Tower with Radar,0,13,21,15,49,0,0,11,5,16,0,13,32,20,65,10,0,10,75
07/13/2018,YNG,OH,AGL,CE,Combined TRACON& Tower with Radar,0,1,16,1,18,0,1,8,0,9,0,2,24,1,27,6,0,6,33
07/14/2018,YNG,OH,AGL,CE,Combined TRACON& Tower with Radar,0,0,23,4,27,0,0,27,0,27,0,0,50,4,54,12,0,12,66
07/15/2018,YNG,OH,AGL,CE,Combined TRACON& Tower with Radar,0,9,21,2,32,0,0,14,0,14,0,9,35,2,46,12,0,12,58
07/16/2018,YNG,OH,AGL,CE,Combined TRACON& Tower with Radar,0,6,13,9,28,0,0,11,0,11,0,6,24,9,39,28,0,28,67
07/17/2018,YNG,OH,AGL,CE,Combined TRACON& Tower with Radar,0,8,31,6,45,0,0,13,2,15,0,8,44,8,60,76,12,88,148
07/18/2018,YNG,OH,AGL,CE,Combined TRACON& Tower with Radar,0,1,31,20,52,0,0,25,12,37,0,1,56,32,89,52,76,128,217
07/19/2018,YNG,OH,AGL,CE,Combined TRACON& Tower with Radar,0,4,28,14,46,0,0,29,4,33,0,4,57,18,79,40,8,48,127
07/20/2018,YNG,OH,AGL,CE,Combined TRACON& Tower with Radar,0,12,24,4,40,0,0,11,0,11,0,12,35,4,51,11,0,11,62
07/21/2018,YNG,OH,AGL,CE,Combined TRACON& Tower with Radar,0,2,12,2,16,0,0,6,0,6,0,2,18,2,22,22,0,22,44
07/22/2018,YNG,OH,AGL,CE,Combined TRACON& Tower with Radar,0,7,25,2,34,0,0,5,0,5,0,7,30,2,39,0,0,0,39
07/23/2018,YNG,OH,AGL,CE,Combined TRACON& Tower with Radar,0,8,16,30,54,0,0,6,4,10,0,8,22,34,64,24,22,46,110
07/24/2018,YNG,OH,AGL,CE,Combined TRACON& Tower with Radar,0,11,19,1,31,0,0,11,0,11,0,11,30,1,42,24,0,24,66
07/25/2018,YNG,OH,AGL,CE,Combined TRACON& Tower with Radar,0,8,16,27,51,0,0,12,1,13,0,8,28,28,64,10,48,58,122
07/26/2018,YNG,OH,AGL,CE,Combined TRACON& Tower with Radar,0,4,27,1,32,0,0,16,0,16,0,4,43,1,48,54,0,54,102
07/27/2018,YNG,OH,AGL,CE,Combined TRACON& Tower with Radar,4,6,21,18,49,0,0,16,0,16,4,6,37,18,65,22,24,46,111
07/28/2018,YNG,OH,AGL,CE,Combined TRACON& Tower with Radar,0,3,28,1,32,0,2,20,0,22,0,5,48,1,54,40,0,40,94
07/29/2018,YNG,OH,AGL,CE,Combined TRACON& Tower with Radar,2,7,14,1,24,0,0,16,0,16,2,7,30,1,40,0,0,0,40
07/30/2018,YNG,OH,AGL,CE,Combined TRACON& Tower with Radar,0,8,20,3,31,0,0,9,0,9,0,8,29,3,40,6,0,6,46
07/31/2018,YNG,OH,AGL,CE,Combined TRACON& Tower with Radar,0,4,8,1,13,0,0,3,0,3,0,4,11,1,16,16,0,16,32
08/01/2018,YNG,OH,AGL,CE,Combined TRACON& Tower with Radar,0,3,18,4,25,0,0,3,0,3,0,3,21,4,28,0,0,0,28
08/02/2018,YNG,OH,AGL,CE,Combined TRACON& Tower with Radar,0,8,30,11,49,0,0,25,0,25,0,8,55,11,74,38,0,38,112
08/03/2018,YNG,OH,AGL,CE,Combined TRACON& Tower with Radar,2,8,16,9,35,0,0,18,0,18,2,8,34,9,53,0,0,0,53
08/04/2018,YNG,OH,AGL,CE,Combined TRACON& Tower with Radar,0,3,40,0,43,0,0,12,0,12,0,3,52,0,55,1,0,1,56
08/05/2018,YNG,OH,AGL,CE,Combined TRACON& Tower with Radar,0,5,9,2,16,0,0,13,0,13,0,5,22,2,29,6,0,6,35
08/06/2018,YNG,OH,AGL,CE,Combined TRACON& Tower with Radar,0,12,14,11,37,0,0,10,14,24,0,12,24,25,61,44,42,86,147
08/07/2018,YNG,OH,AGL,CE,Combined TRACON& Tower with Radar,0,2,18,10,30,0,0,1,5,6,0,2,19,15,36,18,24,42,78
08/08/2018,YNG,OH,AGL,CE,Combined TRACON& Tower with Radar,0,8,28,30,66,0,0,2,10,12,0,8,30,40,78,42,44,86,164
08/09/2018,YNG,OH,AGL,CE,Combined TRACON& Tower with Radar,0,7,14,13,34,0,0,10,17,27,0,7,24,30,61,26,30,56,117
08/10/2018,YNG,OH,AGL,CE,Combined TRACON& Tower with Radar,0,10,14,5,29,0,0,5,3,8,0,10,19,8,37,4,32,36,73
08/11/2018,YNG,OH,AGL,CE,Combined TRACON& Tower with Radar,0,1,19,1,21,0,0,20,0,20,0,1,39,1,41,20,2,22,63
08/12/2018,YNG,OH,AGL,CE,Combined TRACON& Tower with Radar,0,7,14,0,21,0,0,22,0,22,0,7,36,0,43,14,0,14,57
08/13/2018,YNG,OH,AGL,CE,Combined TRACON& Tower with Radar,0,2,42,15,59,0,0,20,2,22,0,2,62,17,81,12,14,26,107
08/14/2018,YNG,OH,AGL,CE,Combined TRACON& Tower with Radar,0,1,26,9,36,0,0,18,7,25,0,1,44,16,61,40,30,70,131
08/15/2018,YNG,OH,AGL,CE,Combined TRACON& Tower with Radar,0,5,42,27,74,0,1,43,1,45,0,6,85,28,119,50,18,68,187
08/16/2018,YNG,OH,AGL,CE,Combined TRACON& Tower with Radar,0,6,23,0,29,0,0,15,6,21,0,6,38,6,50,16,25,41,91
08/17/2018,YNG,OH,AGL,CE,Combined TRACON& Tower with Radar,0,2,15,10,27,0,0,0,0,0,0,2,15,10,27,0,0,0,27
08/18/2018,YNG,OH,AGL,CE,Combined TRACON& Tower with Radar,0,3,16,4,23,0,0,12,0,12,0,3,28,4,35,26,0,26,61
08/19/2018,YNG,OH,AGL,CE,Combined TRACON& Tower with Radar,0,3,20,1,24,0,0,25,0,25,0,3,45,1,49,26,0,26,75
08/20/2018,YNG,OH,AGL,CE,Combined TRACON& Tower with Radar,2,2,19,4,27,0,0,29,0,29,2,2,48,4,56,30,0,30,86
08/21/2018,YNG,OH,AGL,CE,Combined TRACON& Tower with Radar,0,4,5,8,17,0,0,2,2,4,0,4,7,10,21,0,0,0,21
08/22/2018,YNG,OH,AGL,CE,Combined TRACON& Tower with Radar,0,1,21,7,29,0,0,16,0,16,0,1,37,7,45,0,10,10,55
08/23/2018,YNG,OH,AGL,CE,Combined TRACON& Tower with Radar,0,6,35,11,52,0,1,50,0,51,0,7,85,11,103,3,22,25,128
08/24/2018,YNG,OH,AGL,CE,Combined TRACON& Tower with Radar,0,0,13,4,17,0,0,33,4,37,0,0,46,8,54,0,0,0,54
08/25/2018,YNG,OH,AGL,CE,Combined TRACON& Tower with Radar,2,0,24,0,26,0,0,16,0,16,2,0,40,0,42,19,0,19,61
08/26/2018,YNG,OH,AGL,CE,Combined TRACON& Tower with Radar,0,1,40,1,42,0,0,10,0,10,0,1,50,1,52,0,0,0,52
08/27/2018,YNG,OH,AGL,CE,Combined TRACON& Tower with Radar,0,5,16,12,33,0,2,17,6,25,0,7,33,18,58,12,0,12,70
08/28/2018,YNG,OH,AGL,CE,Combined TRACON& Tower with Radar,2,5,22,2,31,0,0,21,0,21,2,5,43,2,52,56,0,56,108
08/29/2018,YNG,OH,AGL,CE,Combined TRACON& Tower with Radar,0,9,17,13,39,0,0,15,1,16,0,9,32,14,55,8,0,8,63
08/30/2018,YNG,OH,AGL,CE,Combined TRACON& Tower with Radar,0,14,8,12,34,0,0,19,2,21,0,14,27,14,55,10,4,14,69
08/31/2018,YNG,OH,AGL,CE,Combined TRACON& Tower with Radar,0,5,25,1,31,0,0,30,0,30,0,5,55,1,61,8,0,8,69
09/01/2018,YNG,OH,AGL,CE,Combined TRACON& Tower with Radar,0,4,13,0,17,0,0,9,0,9,0,4,22,0,26,2,0,2,28
09/02/2018,YNG,OH,AGL,CE,Combined TRACON& Tower with Radar,0,4,2,0,6,0,2,1,0,3,0,6,3,0,9,0,0,0,9
09/03/2018,YNG,OH,AGL,CE,Combined TRACON& Tower with Radar,0,2,19,0,21,0,0,14,0,14,0,2,33,0,35,38,24,62,97
09/04/2018,YNG,OH,AGL,CE,Combined TRACON& Tower with Radar,0,4,18,12,34,0,2,23,7,32,0,6,41,19,66,0,0,0,66
09/05/2018,YNG,OH,AGL,CE,Combined TRACON& Tower with Radar,0,6,20,18,44,0,4,22,6,32,0,10,42,24,76,28,40,68,144
09/06/2018,YNG,OH,AGL,CE,Combined TRACON& Tower with Radar,0,9,20,19,48,0,0,11,3,14,0,9,31,22,62,28,12,40,102
09/07/2018,YNG,OH,AGL,CE,Combined TRACON& Tower with Radar,4,13,29,3,49,0,0,14,0,14,4,13,43,3,63,18,8,26,89
09/08/2018,YNG,OH,AGL,CE,Combined TRACON& Tower with Radar,0,9,32,2,43,0,0,4,0,4,0,9,36,2,47,4,0,4,51
09/09/2018,YNG,OH,AGL,CE,Combined TRACON& Tower with Radar,0,4,17,6,27,0,0,0,0,0,0,4,17,6,27,0,0,0,27
09/10/2018,YNG,OH,AGL,CE,Combined TRACON& Tower with Radar,0,14,17,17,48,0,0,0,0,0,0,14,17,17,48,2,4,6,54
09/11/2018,YNG,OH,AGL,CE,Combined TRACON& Tower with Radar,0,9,37,27,73,0,2,7,2,11,0,11,44,29,84,20,26,46,130
09/12/2018,YNG,OH,AGL,CE,Combined TRACON& Tower with Radar,0,4,14,26,44,0,0,14,0,14,0,4,28,26,58,22,12,34,92
09/13/2018,YNG,OH,AGL,CE,Combined TRACON& Tower with Radar,0,4,33,6,43,0,2,7,3,12,0,6,40,9,55,52,8,60,115
09/14/2018,YNG,OH,AGL,CE,Combined TRACON& Tower with Radar,0,12,15,14,41,0,5,18,0,23,0,17,33,14,64,34,20,54,118
09/15/2018,YNG,OH,AGL,CE,Combined TRACON& Tower with Radar,0,0,18,0,18,0,0,31,0,31,0,0,49,0,49,22,0,22,71
09/16/2018,YNG,OH,AGL,CE,Combined TRACON& Tower with Radar,0,1,33,1,35,0,2,40,0,42,0,3,73,1,77,20,0,20,97
09/17/2018,YNG,OH,AGL,CE,Combined TRACON& Tower with Radar,0,17,11,33,61,0,1,1,1,3,0,18,12,34,64,0,12,12,76
09/18/2018,YNG,OH,AGL,CE,Combined TRACON& Tower with Radar,0,7,19,6,32,0,0,10,6,16,0,7,29,12,48,10,0,10,58
09/19/2018,YNG,OH,AGL,CE,Combined TRACON& Tower with Radar,0,4,27,19,50,0,2,33,3,38,0,6,60,22,88,38,28,66,154
09/20/2018,YNG,OH,AGL,CE,Combined TRACON& Tower with Radar,2,5,14,4,25,0,0,14,3,17,2,5,28,7,42,44,8,52,94
09/21/2018,YNG,OH,AGL,CE,Combined TRACON& Tower with Radar,0,9,22,8,39,0,0,6,0,6,0,9,28,8,45,0,0,0,45
09/22/2018,YNG,OH,AGL,CE,Combined TRACON& Tower with Radar,2,5,23,0,30,0,0,22,0,22,2,5,45,0,52,22,2,24,76
09/23/2018,YNG,OH,AGL,CE,Combined TRACON& Tower with Radar,0,6,17,1,24,0,8,36,0,44,0,14,53,1,68,9,0,9,77
09/24/2018,YNG,OH,AGL,CE,Combined TRACON& Tower with Radar,2,4,9,31,46,0,0,3,0,3,2,4,12,31,49,0,8,8,57
09/25/2018,YNG,OH,AGL,CE,Combined TRACON& Tower with Radar,0,3,19,28,50,0,0,0,0,0,0,3,19,28,50,0,14,14,64
09/26/2018,YNG,OH,AGL,CE,Combined TRACON& Tower with Radar,0,7,14,31,52,0,0,0,0,0,0,7,14,31,52,16,8,24,76
09/27/2018,YNG,OH,AGL,CE,Combined TRACON& Tower with Radar,0,7,13,12,32,0,5,20,0,25,0,12,33,12,57,4,16,20,77
09/28/2018,YNG,OH,AGL,CE,Combined TRACON& Tower with Radar,2,4,24,1,31,0,0,34,0,34,2,4,58,1,65,12,0,12,77
09/29/2018,YNG,OH,AGL,CE,Combined TRACON& Tower with Radar,1,6,25,0,32,0,2,24,0,26,1,8,49,0,58,24,0,24,82
09/30/2018,YNG,OH,AGL,CE,Combined TRACON& Tower with Radar,0,7,16,1,24,0,0,23,0,23,0,7,39,1,47,24,0,24,71
10/01/2018,YNG,OH,AGL,CE,Combined TRACON& Tower with Radar,0,11,15,15,41,0,2,31,0,33,0,13,46,15,74,0,0,0,74
10/02/2018,YNG,OH,AGL,CE,Combined TRACON& Tower with Radar,0,12,16,0,28,0,0,5,0,5,0,12,21,0,33,0,0,0,33
10/03/2018,YNG,OH,AGL,CE,Combined TRACON& Tower with Radar,0,12,14,14,40,0,0,8,0,8,0,12,22,14,48,14,22,36,84
10/04/2018,YNG,OH,AGL,CE,Combined TRACON& Tower with Radar,0,6,24,8,38,0,0,3,2,5,0,6,27,10,43,0,22,22,65
10/05/2018,YNG,OH,AGL,CE,Combined TRACON& Tower with Radar,1,2,26,1,30,0,0,9,0,9,1,2,35,1,39,0,0,0,39
10/06/2018,YNG,OH,AGL,CE,Combined TRACON& Tower with Radar,1,0,13,6,20,0,0,10,0,10,1,0,23,6,30,6,0,6,36
10/07/2018,YNG,OH,AGL,CE,Combined TRACON& Tower with Radar,0,4,25,0,29,0,0,31,0,31,0,4,56,0,60,16,0,16,76
10/08/2018,YNG,OH,AGL,CE,Combined TRACON& Tower with Radar,0,4,16,0,20,0,0,34,0,34,0,4,50,0,54,26,0,26,80
10/09/2018,YNG,OH,AGL,CE,Combined TRACON& Tower with Radar,0,4,24,14,42,0,5,37,2,44,0,9,61,16,86,24,28,52,138
10/10/2018,YNG,OH,AGL,CE,Combined TRACON& Tower with Radar,2,11,16,22,51,0,4,20,0,24,2,15,36,22,75,12,38,50,125
10/11/2018,YNG,OH,AGL,CE,Combined TRACON& Tower with Radar,0,6,33,15,54,0,0,3,1,4,0,6,36,16,58,0,4,4,62
10/12/2018,YNG,OH,AGL,CE,Combined TRACON& Tower with Radar,2,4,25,12,43,0,0,11,0,11,2,4,36,12,54,0,10,10,64
10/13/2018,YNG,OH,AGL,CE,Combined TRACON& Tower with Radar,2,2,4,3,11,0,0,4,0,4,2,2,8,3,15,0,0,0,15
10/14/2018,YNG,OH,AGL,CE,Combined TRACON& Tower with Radar,0,8,27,21,56,0,0,40,4,44,0,8,67,25,100,11,48,59,159
10/15/2018,YNG,OH,AGL,CE,Combined TRACON& Tower with Radar,0,2,13,7,22,0,0,0,1,1,0,2,13,8,23,0,2,2,25
10/16/2018,YNG,OH,AGL,CE,Combined TRACON& Tower with Radar,0,5,16,6,27,0,2,13,11,26,0,7,29,17,53,46,12,58,111
10/17/2018,YNG,OH,AGL,CE,Combined TRACON& Tower with Radar,0,6,22,34,62,0,0,6,0,6,0,6,28,34,68,6,6,12,80
10/18/2018,YNG,OH,AGL,CE,Combined TRACON& Tower with Radar,0,6,20,16,42,0,0,25,12,37,0,6,45,28,79,32,36,68,147
10/19/2018,YNG,OH,AGL,CE,Combined TRACON& Tower with Radar,2,4,24,4,34,0,0,32,0,32,2,4,56,4,66,32,0,32,98
10/20/2018,YNG,OH,AGL,CE,Combined TRACON& Tower with Radar,1,3,4,1,9,0,0,2,0,2,1,3,6,1,11,0,0,0,11
10/21/2018,YNG,OH,AGL,CE,Combined TRACON& Tower with Radar,1,4,14,2,21,0,0,11,0,11,1,4,25,2,32,0,0,0,32
10/22/2018,YNG,OH,AGL,CE,Combined TRACON& Tower with Radar,0,4,22,7,33,0,2,22,1,25,0,6,44,8,58,22,12,34,92
10/23/2018,YNG,OH,AGL,CE,Combined TRACON& Tower with Radar,0,0,18,6,24,0,0,14,4,18,0,0,32,10,42,0,6,6,48
10/24/2018,YNG,OH,AGL,CE,Combined TRACON& Tower with Radar,0,0,18,14,32,0,0,15,3,18,0,0,33,17,50,12,38,50,100
10/25/2018,YNG,OH,AGL,CE,Combined TRACON& Tower with Radar,0,9,32,9,50,0,2,30,9,41,0,11,62,18,91,20,26,46,137
10/26/2018,YNG,OH,AGL,CE,Combined TRACON& Tower with Radar,4,8,24,2,38,0,0,22,0,22,4,8,46,2,60,18,0,18,78
10/27/2018,YNG,OH,AGL,CE,Combined TRACON& Tower with Radar,0,4,17,1,22,0,0,0,0,0,0,4,17,1,22,0,0,0,22
10/28/2018,YNG,OH,AGL,CE,Combined TRACON& Tower with Radar,2,8,6,1,17,0,0,0,0,0,2,8,6,1,17,0,0,0,17
10/29/2018,YNG,OH,AGL,CE,Combined TRACON& Tower with Radar,0,5,14,3,22,0,0,2,7,9,0,5,16,10,31,0,14,14,45
10/30/2018,YNG,OH,AGL,CE,Combined TRACON& Tower with Radar,0,4,24,18,46,0,0,27,4,31,0,4,51,22,77,10,20,30,107
10/31/2018,YNG,OH,AGL,CE,Combined TRACON& Tower with Radar,0,12,12,5,29,0,0,2,0,2,0,12,14,5,31,0,0,0,31
11/01/2018,YNG,OH,AGL,CE,Combined TRACON& Tower with Radar,0,5,10,14,29,0,0,0,0,0,0,5,10,14,29,0,0,0,29
11/02/2018,YNG,OH,AGL,CE,Combined TRACON& Tower with Radar,4,6,15,15,40,0,0,1,0,1,4,6,16,15,41,0,22,22,63
11/03/2018,YNG,OH,AGL,CE,Combined TRACON& Tower with Radar,2,2,11,0,15,0,0,4,0,4,2,2,15,0,19,4,0,4,23
11/04/2018,YNG,OH,AGL,CE,Combined TRACON& Tower with Radar,2,6,26,28,62,0,3,23,8,34,2,9,49,36,96,14,18,32,128
11/05/2018,YNG,OH,AGL,CE,Combined TRACON& Tower with Radar,0,8,10,4,22,0,0,3,5,8,0,8,13,9,30,0,0,0,30
11/06/2018,YNG,OH,AGL,CE,Combined TRACON& Tower with Radar,0,4,2,1,7,0,0,2,4,6,0,4,4,5,13,0,2,2,15
11/07/2018,YNG,OH,AGL,CE,Combined TRACON& Tower with Radar,0,12,21,22,55,0,0,9,3,12,0,12,30,25,67,2,68,70,137
11/08/2018,YNG,OH,AGL,CE,Combined TRACON& Tower with Radar,0,7,41,12,60,0,0,32,3,35,0,7,73,15,95,34,0,34,129
11/09/2018,YNG,OH,AGL,CE,Combined TRACON& Tower with Radar,6,3,10,0,19,0,0,0,0,0,6,3,10,0,19,12,0,12,31
11/10/2018,YNG,OH,AGL,CE,Combined TRACON& Tower with Radar,2,5,5,0,12,0,0,0,0,0,2,5,5,0,12,0,0,0,12
11/11/2018,YNG,OH,AGL,CE,Combined TRACON& Tower with Radar,0,9,22,0,31,0,6,28,0,34,0,15,50,0,65,24,0,24,89
11/12/2018,YNG,OH,AGL,CE,Combined TRACON& Tower with Radar,0,29,14,2,45,0,0,15,0,15,0,29,29,2,60,22,0,22,82
11/13/2018,YNG,OH,AGL,CE,Combined TRACON& Tower with Radar,2,8,7,25,42,0,0,0,11,11,2,8,7,36,53,0,38,38,91
11/14/2018,YNG,OH,AGL,CE,Combined TRACON& Tower with Radar,2,4,20,11,37,0,0,33,0,33,2,4,53,11,70,0,12,12,82
11/15/2018,YNG,OH,AGL,CE,Combined TRACON& Tower with Radar,0,3,3,0,6,0,0,0,0,0,0,3,3,0,6,0,0,0,6
11/16/2018,YNG,OH,AGL,CE,Combined TRACON& Tower with Radar,2,8,11,1,22,0,0,0,0,0,2,8,11,1,22,0,0,0,22
11/17/2018,YNG,OH,AGL,CE,Combined TRACON& Tower with Radar,2,2,15,0,19,0,0,2,0,2,2,2,17,0,21,0,0,0,21
11/18/2018,YNG,OH,AGL,CE,Combined TRACON& Tower with Radar,1,7,8,10,26,0,0,0,1,1,1,7,8,11,27,0,0,0,27
11/19/2018,YNG,OH,AGL,CE,Combined TRACON& Tower with Radar,1,14,13,0,28,0,0,0,0,0,1,14,13,0,28,0,0,0,28
11/20/2018,YNG,OH,AGL,CE,Combined TRACON& Tower with Radar,0,7,25,16,48,0,0,0,4,4,0,7,25,20,52,0,0,0,52
11/21/2018,YNG,OH,AGL,CE,Combined TRACON& Tower with Radar,0,7,13,17,37,0,0,2,11,13,0,7,15,28,50,0,18,18,68
11/22/2018,YNG,OH,AGL,CE,Combined TRACON& Tower with Radar,0,2,4,0,6,0,0,20,0,20,0,2,24,0,26,10,0,10,36
11/23/2018,YNG,OH,AGL,CE,Combined TRACON& Tower with Radar,0,2,8,2,12,0,0,21,0,21,0,2,29,2,33,18,0,18,51
11/24/2018,YNG,OH,AGL,CE,Combined TRACON& Tower with Radar,0,9,1,0,10,0,0,0,0,0,0,9,1,0,10,0,0,0,10
11/25/2018,YNG,OH,AGL,CE,Combined TRACON& Tower with Radar,0,5,37,0,42,0,0,33,1,34,0,5,70,1,76,20,0,20,96
11/26/2018,YNG,OH,AGL,CE,Combined TRACON& Tower with Radar,0,5,7,1,13,0,0,0,0,0,0,5,7,1,13,4,0,4,17
11/27/2018,YNG,OH,AGL,CE,Combined TRACON& Tower with Radar,0,0,9,0,9,0,0,0,0,0,0,0,9,0,9,0,0,0,9
11/28/2018,YNG,OH,AGL,CE,Combined TRACON& Tower with Radar,0,8,4,7,19,0,0,0,0,0,0,8,4,7,19,0,0,0,19
11/29/2018,YNG,OH,AGL,CE,Combined TRACON& Tower with Radar,0,2,7,11,20,0,0,8,0,8,0,2,15,11,28,8,12,20,48
11/30/2018,YNG,OH,AGL,CE,Combined TRACON& Tower with Radar,2,9,10,0,21,0,0,0,0,0,2,9,10,0,21,0,0,0,21
12/01/2018,YNG,OH,AGL,CE,Combined TRACON& Tower with Radar,0,1,14,1,16,0,0,0,0,0,0,1,14,1,16,0,0,0,16
12/02/2018,YNG,OH,AGL,CE,Combined TRACON& Tower with Radar,0,2,16,17,35,0,0,10,1,11,0,2,26,18,46,10,14,24,70
12/03/2018,YNG,OH,AGL,CE,Combined TRACON& Tower with Radar,0,4,4,28,36,0,0,0,0,0,0,4,4,28,36,0,0,0,36
12/04/2018,YNG,OH,AGL,CE,Combined TRACON& Tower with Radar,0,10,7,16,33,0,0,8,6,14,0,10,15,22,47,18,2,20,67
12/05/2018,YNG,OH,AGL,CE,Combined TRACON& Tower with Radar,0,4,12,0,16,0,0,2,0,2,0,4,14,0,18,6,0,6,24
12/06/2018,YNG,OH,AGL,CE,Combined TRACON& Tower with Radar,0,8,14,6,28,0,0,1,0,1,0,8,15,6,29,28,14,42,71
12/07/2018,YNG,OH,AGL,CE,Combined TRACON& Tower with Radar,2,6,20,1,29,0,2,4,0,6,2,8,24,1,35,8,0,8,43
12/08/2018,YNG,OH,AGL,CE,Combined TRACON& Tower with Radar,2,4,13,2,21,0,0,11,0,11,2,4,24,2,32,48,0,48,80
12/09/2018,YNG,OH,AGL,CE,Combined TRACON& Tower with Radar,0,2,22,0,24,0,6,34,0,40,0,8,56,0,64,14,0,14,78
12/10/2018,YNG,OH,AGL,CE,Combined TRACON& Tower with Radar,1,3,12,5,21,0,0,12,2,14,1,3,24,7,35,16,10,26,61
12/11/2018,YNG,OH,AGL,CE,Combined TRACON& Tower with Radar,1,3,11,12,27,0,0,14,3,17,1,3,25,15,44,34,10,44,88
12/12/2018,YNG,OH,AGL,CE,Combined TRACON& Tower with Radar,0,7,26,9,42,0,5,15,5,25,0,12,41,14,67,14,0,14,81
12/13/2018,YNG,OH,AGL,CE,Combined TRACON& Tower with Radar,0,9,17,21,47,0,0,22,4,26,0,9,39,25,73,40,0,40,113
12/14/2018,YNG,OH,AGL,CE,Combined TRACON& Tower with Radar,2,8,31,16,57,0,2,18,0,20,2,10,49,16,77,6,16,22,99
12/15/2018,YNG,OH,AGL,CE,Combined TRACON& Tower with Radar,0,6,9,1,16,0,0,5,0,5,0,6,14,1,21,24,0,24,45
12/16/2018,YNG,OH,AGL,CE,Combined TRACON& Tower with Radar,0,6,27,3,36,0,0,3,0,3,0,6,30,3,39,10,0,10,49
12/17/2018,YNG,OH,AGL,CE,Combined TRACON& Tower with Radar,0,22,13,9,44,0,0,8,1,9,0,22,21,10,53,2,0,2,55
12/18/2018,YNG,OH,AGL,CE,Combined TRACON& Tower with Radar,0,10,22,13,45,0,0,24,10,34,0,10,46,23,79,12,12,24,103
12/19/2018,YNG,OH,AGL,CE,Combined TRACON& Tower with Radar,0,1,18,34,53,0,8,34,2,44,0,9,52,36,97,27,45,72,169
12/20/2018,YNG,OH,AGL,CE,Combined TRACON& Tower with Radar,0,6,26,36,68,0,1,16,3,20,0,7,42,39,88,4,8,12,100
12/21/2018,YNG,OH,AGL,CE,Combined TRACON& Tower with Radar,0,7,8,0,15,0,0,0,0,0,0,7,8,0,15,0,0,0,15
12/22/2018,YNG,OH,AGL,CE,Combined TRACON& Tower with Radar,0,12,6,0,18,0,0,0,0,0,0,12,6,0,18,0,0,0,18
12/23/2018,YNG,OH,AGL,CE,Combined TRACON& Tower with Radar,0,3,2,0,5,0,0,5,0,5,0,3,7,0,10,57,0,57,67
12/24/2018,YNG,OH,AGL,CE,Combined TRACON& Tower with Radar,0,2,0,0,2,0,0,2,0,2,0,2,2,0,4,0,0,0,4
12/25/2018,YNG,OH,AGL,CE,Combined TRACON& Tower with Radar,0,0,5,0,5,0,0,7,0,7,0,0,12,0,12,18,0,18,30
12/26/2018,YNG,OH,AGL,CE,Combined TRACON& Tower with Radar,0,4,17,0,21,0,0,27,0,27,0,4,44,0,48,46,12,58,106
12/27/2018,YNG,OH,AGL,CE,Combined TRACON& Tower with Radar,0,6,10,13,29,0,0,20,10,30,0,6,30,23,59,6,12,18,77
12/28/2018,YNG,OH,AGL,CE,Combined TRACON& Tower with Radar,0,11,7,0,18,0,0,0,0,0,0,11,7,0,18,0,0,0,18
12/29/2018,YNG,OH,AGL,CE,Combined TRACON& Tower with Radar,0,6,7,0,13,0,0,1,0,1,0,6,8,0,14,10,0,10,24
12/30/2018,YNG,OH,AGL,CE,Combined TRACON& Tower with Radar,0,3,13,0,16,0,0,29,0,29,0,3,42,0,45,50,0,50,95
12/31/2018,YNG,OH,AGL,CE,Combined TRACON& Tower with Radar,0,0,0,0,0,0,0,2,0,2,0,0,2,0,2,12,0,12,14
01/01/2019,YNG,OH,AGL,CE,Combined TRACON& Tower with Radar,0,0,5,0,5,0,0,0,0,0,0,0,5,0,5,0,0,0,5
01/02/2019,YNG,OH,AGL,CE,Combined TRACON& Tower with Radar,0,3,11,24,38,0,0,0,0,0,0,3,11,24,38,0,12,12,50
01/03/2019,YNG,OH,AGL,CE,Combined TRACON& Tower with Radar,0,3,10,7,20,0,0,7,5,12,0,3,17,12,32,0,0,0,32
01/04/2019,YNG,OH,AGL,CE,Combined TRACON& Tower with Radar,0,0,16,0,16,0,2,43,0,45,0,2,59,0,61,30,0,30,91
01/05/2019,YNG,OH,AGL,CE,Combined TRACON& Tower with Radar,0,5,34,0,39,0,0,26,0,26,0,5,60,0,65,26,0,26,91
01/06/2019,YNG,OH,AGL,CE,Combined TRACON& Tower with Radar,0,3,38,1,42,0,0,14,0,14,0,3,52,1,56,18,0,18,74
01/07/2019,YNG,OH,AGL,CE,Combined TRACON& Tower with Radar,0,23,12,2,37,0,0,1,0,1,0,23,13,2,38,0,0,0,38
01/08/2019,YNG,OH,AGL,CE,Combined TRACON& Tower with Radar,0,1,6,4,11,0,0,1,0,1,0,1,7,4,12,0,0,0,12
01/09/2019,YNG,OH,AGL,CE,Combined TRACON& Tower with Radar,0,3,9,2,14,0,0,0,0,0,0,3,9,2,14,0,0,0,14
01/10/2019,YNG,OH,AGL,CE,Combined TRACON& Tower with Radar,0,7,8,0,15,0,0,0,0,0,0,7,8,0,15,0,0,0,15
01/11/2019,YNG,OH,AGL,CE,Combined TRACON& Tower with Radar,0,2,10,4,16,0,2,17,0,19,0,4,27,4,35,10,0,10,45
01/12/2019,YNG,OH,AGL,CE,Combined TRACON& Tower with Radar,0,0,7,0,7,0,0,6,0,6,0,0,13,0,13,0,0,0,13
01/13/2019,YNG,OH,AGL,CE,Combined TRACON& Tower with Radar,0,7,11,16,34,0,0,9,3,12,0,7,20,19,46,0,12,12,58
01/14/2019,YNG,OH,AGL,CE,Combined TRACON& Tower with Radar,0,4,13,22,39,0,0,6,2,8,0,4,19,24,47,1,10,11,58
01/15/2019,YNG,OH,AGL,CE,Combined TRACON& Tower with Radar,0,12,19,26,57,0,0,0,0,0,0,12,19,26,57,12,20,32,89
01/16/2019,YNG,OH,AGL,CE,Combined TRACON& Tower with Radar,0,7,8,0,15,0,0,0,0,0,0,7,8,0,15,0,0,0,15
01/17/2019,YNG,OH,AGL,CE,Combined TRACON& Tower with Radar,0,3,7,20,30,0,0,3,4,7,0,3,10,24,37,0,0,0,37
01/18/2019,YNG,OH,AGL,CE,Combined TRACON& Tower with Radar,2,6,10,0,18,0,0,0,0,0,2,6,10,0,18,0,0,0,18
01/19/2019,YNG,OH,AGL,CE,Combined TRACON& Tower with Radar,0,0,0,0,0,0,0,0,0,0,0,0,0,0,0,0,0,0,0
01/20/2019,YNG,OH,AGL,CE,Combined TRACON& Tower with Radar,2,2,2,0,6,0,0,0,0,0,2,2,2,0,6,0,0,0,6
01/21/2019,YNG,OH,AGL,CE,Combined TRACON& Tower with Radar,0,4,12,0,16,0,0,2,0,2,0,4,14,0,18,0,0,0,18
01/22/2019,YNG,OH,AGL,CE,Combined TRACON& Tower with Radar,0,14,15,1,30,0,2,5,0,7,0,16,20,1,37,0,0,0,37
01/23/2019,YNG,OH,AGL,CE,Combined TRACON& Tower with Radar,0,5,9,2,16,0,0,0,0,0,0,5,9,2,16,0,0,0,16
01/24/2019,YNG,OH,AGL,CE,Combined TRACON& Tower with Radar,0,4,13,0,17,0,0,0,0,0,0,4,13,0,17,0,0,0,17
01/25/2019,YNG,OH,AGL,CE,Combined TRACON& Tower with Radar,0,1,11,0,12,0,0,3,0,3,0,1,14,0,15,0,0,0,15
01/26/2019,YNG,OH,AGL,CE,Combined TRACON& Tower with Radar,0,1,2,0,3,0,0,0,0,0,0,1,2,0,3,0,0,0,3
01/27/2019,YNG,OH,AGL,CE,Combined TRACON& Tower with Radar,0,2,10,3,15,0,0,0,0,0,0,2,10,3,15,0,0,0,15
01/28/2019,YNG,OH,AGL,CE,Combined TRACON& Tower with Radar,0,2,6,4,12,0,2,6,1,9,0,4,12,5,21,0,12,12,33
01/29/2019,YNG,OH,AGL,CE,Combined TRACON& Tower with Radar,0,2,9,1,12,0,0,0,0,0,0,2,9,1,12,0,0,0,12
01/30/2019,YNG,OH,AGL,CE,Combined TRACON& Tower with Radar,0,6,8,1,15,0,0,0,0,0,0,6,8,1,15,0,0,0,15
01/31/2019,YNG,OH,AGL,CE,Combined TRACON& Tower with Radar,0,2,8,0,10,0,0,12,1,13,0,2,20,1,23,0,0,0,23
02/01/2019,YNG,OH,AGL,CE,Combined TRACON& Tower with Radar,0,3,14,2,19,0,0,4,1,5,0,3,18,3,24,0,0,0,24
02/02/2019,YNG,OH,AGL,CE,Combined TRACON& Tower with Radar,0,7,24,2,33,0,0,10,0,10,0,7,34,2,43,10,0,10,53
02/03/2019,YNG,OH,AGL,CE,Combined TRACON& Tower with Radar,0,3,11,0,14,0,4,25,0,29,0,7,36,0,43,0,0,0,43
02/04/2019,YNG,OH,AGL,CE,Combined TRACON& Tower with Radar,0,8,19,4,31,0,0,5,13,18,0,8,24,17,49,26,4,30,79
02/05/2019,YNG,OH,AGL,CE,Combined TRACON& Tower with Radar,1,2,23,5,31,0,0,0,0,0,1,2,23,5,31,0,0,0,31
02/06/2019,YNG,OH,AGL,CE,Combined TRACON& Tower with Radar,2,7,15,7,31,0,0,0,0,0,2,7,15,7,31,0,0,0,31
02/07/2019,YNG,OH,AGL,CE,Combined TRACON& Tower with Radar,0,5,20,3,28,0,0,0,1,1,0,5,20,4,29,0,14,14,43
02/08/2019,YNG,OH,AGL,CE,Combined TRACON& Tower with Radar,0,4,5,1,10,0,0,0,0,0,0,4,5,1,10,0,0,0,10
02/09/2019,YNG,OH,AGL,CE,Combined TRACON& Tower with Radar,2,7,10,0,19,0,5,29,0,34,2,12,39,0,53,40,0,40,93
02/10/2019,YNG,OH,AGL,CE,Combined TRACON& Tower with Radar,0,4,14,0,18,0,0,15,0,15,0,4,29,0,33,22,0,22,55
02/11/2019,YNG,OH,AGL,CE,Combined TRACON& Tower with Radar,0,4,3,0,7,0,0,0,0,0,0,4,3,0,7,0,0,0,7
02/12/2019,YNG,OH,AGL,CE,Combined TRACON& Tower with Radar,1,1,14,0,16,0,0,0,0,0,1,1,14,0,16,0,0,0,16
02/13/2019,YNG,OH,AGL,CE,Combined TRACON& Tower with Radar,0,6,0,0,6,0,0,0,0,0,0,6,0,0,6,16,0,16,22
02/14/2019,YNG,OH,AGL,CE,Combined TRACON& Tower with Radar,0,7,12,0,19,0,6,11,0,17,0,13,23,0,36,0,0,0,36
02/15/2019,YNG,OH,AGL,CE,Combined TRACON& Tower with Radar,0,5,9,5,19,0,0,2,13,15,0,5,11,18,34,0,24,24,58
02/16/2019,YNG,OH,AGL,CE,Combined TRACON& Tower with Radar,0,3,7,0,10,0,0,0,0,0,0,3,7,0,10,24,0,24,34
02/17/2019,YNG,OH,AGL,CE,Combined TRACON& Tower with Radar,0,5,13,0,18,0,0,10,0,10,0,5,23,0,28,12,0,12,40
02/18/2019,YNG,OH,AGL,CE,Combined TRACON& Tower with Radar,0,2,5,0,7,0,0,0,0,0,0,2,5,0,7,0,0,0,7
02/19/2019,YNG,OH,AGL,CE,Combined TRACON& Tower with Radar,0,13,8,7,28,0,2,26,9,37,0,15,34,16,65,16,24,40,105
02/20/2019,YNG,OH,AGL,CE,Combined TRACON& Tower with Radar,0,2,8,1,11,0,0,0,0,0,0,2,8,1,11,0,0,0,11
02/21/2019,YNG,OH,AGL,CE,Combined TRACON& Tower with Radar,2,4,12,8,26,0,2,16,4,22,2,6,28,12,48,12,4,16,64
02/22/2019,YNG,OH,AGL,CE,Combined TRACON& Tower with Radar,0,3,23,3,29,0,8,31,0,39,0,11,54,3,68,6,0,6,74
02/23/2019,YNG,OH,AGL,CE,Combined TRACON& Tower with Radar,0,2,15,0,17,0,6,5,0,11,0,8,20,0,28,0,0,0,28
02/24/2019,YNG,OH,AGL,CE,Combined TRACON& Tower with Radar,0,2,3,1,6,0,0,0,0,0,0,2,3,1,6,0,0,0,6
02/25/2019,YNG,OH,AGL,CE,Combined TRACON& Tower with Radar,0,2,9,9,20,0,0,0,9,9,0,2,9,18,29,0,12,12,41
02/26/2019,YNG,OH,AGL,CE,Combined TRACON& Tower with Radar,0,5,9,11,25,0,0,1,5,6,0,5,10,16,31,0,0,0,31
02/27/2019,YNG,OH,AGL,CE,Combined TRACON& Tower with Radar,0,1,7,2,10,0,0,9,0,9,0,1,16,2,19,0,8,8,27
02/28/2019,YNG,OH,AGL,CE,Combined TRACON& Tower with Radar,0,1,19,13,33,0,2,32,3,37,0,3,51,16,70,38,14,52,122
03/01/2019,YNG,OH,AGL,CE,Combined TRACON& Tower with Radar,0,4,25,5,34,0,6,19,0,25,0,10,44,5,59,0,0,0,59
03/02/2019,YNG,OH,AGL,CE,Combined TRACON& Tower with Radar,0,0,6,0,6,0,0,25,0,25,0,0,31,0,31,18,0,18,49
03/03/2019,YNG,OH,AGL,CE,Combined TRACON& Tower with Radar,0,2,15,1,18,0,0,4,0,4,0,2,19,1,22,30,0,30,52
03/04/2019,YNG,OH,AGL,CE,Combined TRACON& Tower with Radar,0,6,15,28,49,0,2,8,8,18,0,8,23,36,67,22,26,48,115
03/05/2019,YNG,OH,AGL,CE,Combined TRACON& Tower with Radar,0,4,5,7,16,0,0,0,2,2,0,4,5,9,18,3,0,3,21
03/06/2019,YNG,OH,AGL,CE,Combined TRACON& Tower with Radar,2,3,15,14,34,0,0,1,0,1,2,3,16,14,35,0,12,12,47
03/07/2019,YNG,OH,AGL,CE,Combined TRACON& Tower with Radar,0,7,14,8,29,0,0,15,9,24,0,7,29,17,53,53,4,57,110
03/08/2019,YNG,OH,AGL,CE,Combined TRACON& Tower with Radar,0,4,30,3,37,0,2,27,0,29,0,6,57,3,66,19,0,19,85
03/09/2019,YNG,OH,AGL,CE,Combined TRACON& Tower with Radar,0,0,10,0,10,0,6,29,0,35,0,6,39,0,45,22,0,22,67
03/10/2019,YNG,OH,AGL,CE,Combined TRACON& Tower with Radar,2,2,1,13,18,0,0,0,1,1,2,2,1,14,19,0,0,0,19
03/11/2019,YNG,OH,AGL,CE,Combined TRACON& Tower with Radar,0,9,11,10,30,0,0,8,10,18,0,9,19,20,48,6,11,17,65
03/12/2019,YNG,OH,AGL,CE,Combined TRACON& Tower with Radar,0,7,16,9,32,0,7,30,7,44,0,14,46,16,76,44,16,60,136
03/13/2019,YNG,OH,AGL,CE,Combined TRACON& Tower with Radar,0,2,6,15,23,0,2,13,12,27,0,4,19,27,50,40,32,72,122
03/14/2019,YNG,OH,AGL,CE,Combined TRACON& Tower with Radar,0,6,7,3,16,0,0,3,0,3,0,6,10,3,19,14,10,24,43
03/15/2019,YNG,OH,AGL,CE,Combined TRACON& Tower with Radar,0,3,14,1,18,0,0,2,0,2,0,3,16,1,20,0,0,0,20
03/16/2019,YNG,OH,AGL,CE,Combined TRACON& Tower with Radar,0,1,16,0,17,0,0,4,0,4,0,1,20,0,21,4,0,4,25
03/17/2019,YNG,OH,AGL,CE,Combined TRACON& Tower with Radar,0,0,21,0,21,0,6,28,0,34,0,6,49,0,55,56,0,56,111
03/18/2019,YNG,OH,AGL,CE,Combined TRACON& Tower with Radar,0,4,31,14,49,0,0,15,11,26,0,4,46,25,75,4,36,40,115
03/19/2019,YNG,OH,AGL,CE,Combined TRACON& Tower with Radar,0,5,16,8,29,0,10,23,4,37,0,15,39,12,66,48,0,48,114
03/20/2019,YNG,OH,AGL,CE,Combined TRACON& Tower with Radar,0,16,8,31,55,0,2,21,6,29,0,18,29,37,84,2,56,58,142
03/21/2019,YNG,OH,AGL,CE,Combined TRACON& Tower with Radar,0,5,7,14,26,0,0,3,2,5,0,5,10,16,31,0,7,7,38
03/22/2019,YNG,OH,AGL,CE,Combined TRACON& Tower with Radar,0,1,10,0,11,0,0,0,0,0,0,1,10,0,11,0,0,0,11
03/23/2019,YNG,OH,AGL,CE,Combined TRACON& Tower with Radar,0,2,11,0,13,0,0,39,0,39,0,2,50,0,52,30,0,30,82
03/24/2019,YNG,OH,AGL,CE,Combined TRACON& Tower with Radar,0,1,18,0,19,0,2,33,0,35,0,3,51,0,54,32,0,32,86
03/25/2019,YNG,OH,AGL,CE,Combined TRACON& Tower with Radar,0,3,8,38,49,0,3,6,4,13,0,6,14,42,62,22,34,56,118
03/26/2019,YNG,OH,AGL,CE,Combined TRACON& Tower with Radar,0,8,5,7,20,0,9,18,11,38,0,17,23,18,58,44,14,58,116
03/27/2019,YNG,OH,AGL,CE,Combined TRACON& Tower with Radar,0,6,19,22,47,0,8,33,8,49,0,14,52,30,96,82,18,100,196
03/28/2019,YNG,OH,AGL,CE,Combined TRACON& Tower with Radar,0,1,7,10,18,0,3,8,2,13,0,4,15,12,31,0,0,0,31
03/29/2019,YNG,OH,AGL,CE,Combined TRACON& Tower with Radar,0,5,11,0,16,0,0,0,0,0,0,5,11,0,16,0,0,0,16
03/30/2019,YNG,OH,AGL,CE,Combined TRACON& Tower with Radar,0,1,1,0,2,0,0,0,0,0,0,1,1,0,2,0,0,0,2
03/31/2019,YNG,OH,AGL,CE,Combined TRACON& Tower with Radar,0,5,5,0,10,0,0,0,0,0,0,5,5,0,10,0,0,0,10
04/01/2019,YNG,OH,AGL,CE,Combined TRACON& Tower with Radar,0,7,14,28,49,0,0,41,2,43,0,7,55,30,92,64,24,88,180
04/02/2019,YNG,OH,AGL,CE,Combined TRACON& Tower with Radar,0,4,17,15,36,0,0,27,12,39,0,4,44,27,75,26,4,30,105
04/03/2019,YNG,OH,AGL,CE,Combined TRACON& Tower with Radar,0,8,16,14,38,0,2,19,0,21,0,10,35,14,59,0,10,10,69
04/04/2019,YNG,OH,AGL,CE,Combined TRACON& Tower with Radar,0,5,12,8,25,0,2,19,4,25,0,7,31,12,50,54,6,60,110
04/05/2019,YNG,OH,AGL,CE,Combined TRACON& Tower with Radar,0,3,8,1,12,0,0,0,0,0,0,3,8,1,12,0,0,0,12
04/06/2019,YNG,OH,AGL,CE,Combined TRACON& Tower with Radar,0,1,10,5,16,0,4,29,0,33,0,5,39,5,49,13,0,13,62
04/07/2019,YNG,OH,AGL,CE,Combined TRACON& Tower with Radar,0,8,5,9,22,0,2,10,2,14,0,10,15,11,36,9,2,11,47
04/08/2019,YNG,OH,AGL,CE,Combined TRACON& Tower with Radar,0,6,14,15,35,0,0,1,1,2,0,6,15,16,37,0,6,6,43
04/09/2019,YNG,OH,AGL,CE,Combined TRACON& Tower with Radar,0,7,9,14,30,0,0,10,13,23,0,7,19,27,53,0,16,16,69
04/10/2019,YNG,OH,AGL,CE,Combined TRACON& Tower with Radar,0,6,24,21,51,0,1,12,13,26,0,7,36,34,77,8,18,26,103
04/11/2019,YNG,OH,AGL,CE,Combined TRACON& Tower with Radar,0,7,12,6,25,0,0,22,8,30,0,7,34,14,55,72,10,82,137
04/12/2019,YNG,OH,AGL,CE,Combined TRACON& Tower with Radar,0,8,0,3,11,0,0,0,0,0,0,8,0,3,11,0,0,0,11
04/13/2019,YNG,OH,AGL,CE,Combined TRACON& Tower with Radar,0,5,21,0,26,0,2,51,0,53,0,7,72,0,79,50,0,50,129
04/14/2019,YNG,OH,AGL,CE,Combined TRACON& Tower with Radar,0,7,8,0,15,0,0,0,0,0,0,7,8,0,15,0,0,0,15
04/15/2019,YNG,OH,AGL,CE,Combined TRACON& Tower with Radar,0,3,15,7,25,0,0,0,4,4,0,3,15,11,29,0,16,16,45
04/16/2019,YNG,OH,AGL,CE,Combined TRACON& Tower with Radar,0,4,25,19,48,0,8,19,5,32,0,12,44,24,80,52,12,64,144
04/17/2019,YNG,OH,AGL,CE,Combined TRACON& Tower with Radar,0,5,32,22,59,0,2,31,15,48,0,7,63,37,107,24,4,28,135
04/18/2019,YNG,OH,AGL,CE,Combined TRACON& Tower with Radar,0,18,23,7,48,0,1,2,5,8,0,19,25,12,56,0,0,0,56
04/19/2019,YNG,OH,AGL,CE,Combined TRACON& Tower with Radar,0,2,2,0,4,0,0,0,0,0,0,2,2,0,4,0,0,0,4
04/20/2019,YNG,OH,AGL,CE,Combined TRACON& Tower with Radar,0,4,19,0,23,0,0,6,0,6,0,4,25,0,29,0,0,0,29
04/21/2019,YNG,OH,AGL,CE,Combined TRACON& Tower with Radar,0,0,6,0,6,0,0,2,0,2,0,0,8,0,8,0,0,0,8
04/22/2019,YNG,OH,AGL,CE,Combined TRACON& Tower with Radar,0,4,22,4,30,0,4,28,11,43,0,8,50,15,73,80,26,106,179
04/23/2019,YNG,OH,AGL,CE,Combined TRACON& Tower with Radar,0,2,8,5,15,0,0,1,2,3,0,2,9,7,18,0,0,0,18
04/24/2019,YNG,OH,AGL,CE,Combined TRACON& Tower with Radar,0,3,25,34,62,0,2,36,12,50,0,5,61,46,112,46,46,92,204
04/25/2019,YNG,OH,AGL,CE,Combined TRACON& Tower with Radar,0,19,31,21,71,0,0,15,7,22,0,19,46,28,93,2,10,12,105
04/26/2019,YNG,OH,AGL,CE,Combined TRACON& Tower with Radar,0,2,11,3,16,0,0,0,0,0,0,2,11,3,16,0,0,0,16
04/27/2019,YNG,OH,AGL,CE,Combined TRACON& Tower with Radar,0,3,21,2,26,0,0,10,1,11,0,3,31,3,37,0,0,0,37
04/28/2019,YNG,OH,AGL,CE,Combined TRACON& Tower with Radar,0,3,18,0,21,0,0,6,0,6,0,3,24,0,27,4,0,4,31
04/29/2019,YNG,OH,AGL,CE,Combined TRACON& Tower with Radar,0,14,16,0,30,0,2,11,0,13,0,16,27,0,43,4,0,4,47
04/30/2019,YNG,OH,AGL,CE,Combined TRACON& Tower with Radar,0,9,26,12,47,0,0,7,0,7,0,9,33,12,54,0,10,10,64
05/01/2019,YNG,OH,AGL,CE,Combined TRACON& Tower with Radar,2,9,9,10,30,0,0,7,10,17,2,9,16,20,47,0,12,12,59
05/02/2019,YNG,OH,AGL,CE,Combined TRACON& Tower with Radar,0,9,41,2,52,0,0,6,0,6,0,9,47,2,58,0,0,0,58
05/03/2019,YNG,OH,AGL,CE,Combined TRACON& Tower with Radar,0,3,4,0,7,0,0,0,0,0,0,3,4,0,7,0,0,0,7
05/04/2019,YNG,OH,AGL,CE,Combined TRACON& Tower with Radar,0,5,50,0,55,0,0,0,0,0,0,5,50,0,55,0,0,0,55
05/05/2019,YNG,OH,AGL,CE,Combined TRACON& Tower with Radar,0,9,25,0,34,0,2,12,0,14,0,11,37,0,48,2,0,2,50
05/06/2019,YNG,OH,AGL,CE,Combined TRACON& Tower with Radar,0,9,23,8,40,0,14,40,0,54,0,23,63,8,94,72,0,72,166
05/07/2019,YNG,OH,AGL,CE,Combined TRACON& Tower with Radar,2,4,33,2,41,0,0,8,0,8,2,4,41,2,49,0,0,0,49
05/08/2019,YNG,OH,AGL,CE,Combined TRACON& Tower with Radar,0,6,23,11,40,0,4,13,4,21,0,10,36,15,61,8,6,14,75
05/09/2019,YNG,OH,AGL,CE,Combined TRACON& Tower with Radar,0,6,8,0,14,0,0,3,0,3,0,6,11,0,17,0,0,0,17
05/10/2019,YNG,OH,AGL,CE,Combined TRACON& Tower with Radar,0,7,10,0,17,0,0,0,0,0,0,7,10,0,17,0,0,0,17
05/11/2019,YNG,OH,AGL,CE,Combined TRACON& Tower with Radar,0,5,24,1,30,0,2,35,9,46,0,7,59,10,76,39,14,53,129
05/12/2019,YNG,OH,AGL,CE,Combined TRACON& Tower with Radar,0,3,10,0,13,0,0,0,0,0,0,3,10,0,13,20,0,20,33
05/13/2019,YNG,OH,AGL,CE,Combined TRACON& Tower with Radar,0,3,15,2,20,0,0,0,0,0,0,3,15,2,20,0,0,0,20
05/14/2019,YNG,OH,AGL,CE,Combined TRACON& Tower with Radar,0,9,22,11,42,0,3,15,1,19,0,12,37,12,61,70,54,124,185
05/15/2019,YNG,OH,AGL,CE,Combined TRACON& Tower with Radar,0,2,33,10,45,0,4,21,2,27,0,6,54,12,72,2,12,14,86
05/16/2019,YNG,OH,AGL,CE,Combined TRACON& Tower with Radar,0,4,20,3,27,0,0,21,1,22,0,4,41,4,49,10,10,20,69
05/17/2019,YNG,OH,AGL,CE,Combined TRACON& Tower with Radar,0,1,17,0,18,0,0,0,0,0,0,1,17,0,18,0,0,0,18
05/18/2019,YNG,OH,AGL,CE,Combined TRACON& Tower with Radar,0,4,7,0,11,0,2,15,0,17,0,6,22,0,28,24,0,24,52
05/19/2019,YNG,OH,AGL,CE,Combined TRACON& Tower with Radar,0,0,11,0,11,0,0,7,0,7,0,0,18,0,18,0,0,0,18
05/20/2019,YNG,OH,AGL,CE,Combined TRACON& Tower with Radar,0,12,16,0,28,0,0,6,0,6,0,12,22,0,34,0,0,0,34
05/21/2019,YNG,OH,AGL,CE,Combined TRACON& Tower with Radar,0,6,33,0,39,0,4,22,0,26,0,10,55,0,65,20,0,20,85
05/22/2019,YNG,OH,AGL,CE,Combined TRACON& Tower with Radar,0,5,12,9,26,0,0,19,17,36,0,5,31,26,62,38,26,64,126
05/23/2019,YNG,OH,AGL,CE,Combined TRACON& Tower with Radar,0,4,11,0,15,0,0,2,2,4,0,4,13,2,19,0,0,0,19
05/24/2019,YNG,OH,AGL,CE,Combined TRACON& Tower with Radar,0,8,22,1,31,0,15,22,3,40,0,23,44,4,71,17,0,17,88
05/25/2019,YNG,OH,AGL,CE,Combined TRACON& Tower with Radar,0,5,8,0,13,0,0,12,0,12,0,5,20,0,25,33,0,33,58
05/26/2019,YNG,OH,AGL,CE,Combined TRACON& Tower with Radar,0,1,5,0,6,0,0,9,0,9,0,1,14,0,15,15,0,15,30
05/27/2019,YNG,OH,AGL,CE,Combined TRACON& Tower with Radar,0,10,12,0,22,0,2,34,0,36,0,12,46,0,58,0,0,0,58
05/28/2019,YNG,OH,AGL,CE,Combined TRACON& Tower with Radar,0,7,12,0,19,0,2,1,0,3,0,9,13,0,22,0,0,0,22
05/29/2019,YNG,OH,AGL,CE,Combined TRACON& Tower with Radar,0,2,10,2,14,0,0,1,0,1,0,2,11,2,15,2,0,2,17
05/30/2019,YNG,OH,AGL,CE,Combined TRACON& Tower with Radar,0,8,9,11,28,0,2,2,0,4,0,10,11,11,32,0,0,0,32
05/31/2019,YNG,OH,AGL,CE,Combined TRACON& Tower with Radar,0,3,27,0,30,0,10,37,0,47,0,13,64,0,77,16,0,16,93
06/01/2019,YNG,OH,AGL,CE,Combined TRACON& Tower with Radar,0,4,16,1,21,0,2,18,0,20,0,6,34,1,41,40,0,40,81
06/02/2019,YNG,OH,AGL,CE,Combined TRACON& Tower with Radar,0,2,24,1,27,0,0,4,0,4,0,2,28,1,31,12,0,12,43
06/03/2019,YNG,OH,AGL,CE,Combined TRACON& Tower with Radar,0,6,26,4,36,0,5,36,0,41,0,11,62,4,77,23,14,37,114
06/04/2019,YNG,OH,AGL,CE,Combined TRACON& Tower with Radar,0,8,32,2,42,0,4,18,2,24,0,12,50,4,66,46,4,50,116
06/05/2019,YNG,OH,AGL,CE,Combined TRACON& Tower with Radar,0,4,4,0,8,0,0,2,0,2,0,4,6,0,10,0,0,0,10
06/06/2019,YNG,OH,AGL,CE,Combined TRACON& Tower with Radar,0,3,25,14,42,0,0,17,1,18,0,3,42,15,60,58,30,88,148
06/07/2019,YNG,OH,AGL,CE,Combined TRACON& Tower with Radar,0,9,17,6,32,0,9,26,2,37,0,18,43,8,69,82,0,82,151
06/08/2019,YNG,OH,AGL,CE,Combined TRACON& Tower with Radar,0,0,10,0,10,0,0,18,0,18,0,0,28,0,28,26,0,26,54
06/09/2019,YNG,OH,AGL,CE,Combined TRACON& Tower with Radar,0,4,3,0,7,0,0,5,0,5,0,4,8,0,12,19,0,19,31
06/10/2019,YNG,OH,AGL,CE,Combined TRACON& Tower with Radar,0,2,14,3,19,0,0,6,0,6,0,2,20,3,25,12,0,12,37
06/11/2019,YNG,OH,AGL,CE,Combined TRACON& Tower with Radar,0,8,25,10,43,0,4,28,0,32,0,12,53,10,75,22,8,30,105
06/12/2019,YNG,OH,AGL,CE,Combined TRACON& Tower with Radar,0,4,34,24,62,0,4,36,12,52,0,8,70,36,114,66,28,94,208
06/13/2019,YNG,OH,AGL,CE,Combined TRACON& Tower with Radar,0,4,2,0,6,0,0,0,0,0,0,4,2,0,6,2,0,2,8
06/14/2019,YNG,OH,AGL,CE,Combined TRACON& Tower with Radar,0,3,16,3,22,0,0,12,4,16,0,3,28,7,38,2,0,2,40
06/15/2019,YNG,OH,AGL,CE,Combined TRACON& Tower with Radar,0,3,6,2,11,0,0,12,0,12,0,3,18,2,23,32,0,32,55
06/16/2019,YNG,OH,AGL,CE,Combined TRACON& Tower with Radar,0,1,9,0,10,0,0,0,0,0,0,1,9,0,10,0,0,0,10
06/17/2019,YNG,OH,AGL,CE,Combined TRACON& Tower with Radar,0,6,12,2,20,0,0,6,0,6,0,6,18,2,26,0,0,0,26
06/18/2019,YNG,OH,AGL,CE,Combined TRACON& Tower with Radar,0,12,13,18,43,0,0,5,7,12,0,12,18,25,55,22,20,42,97
06/19/2019,YNG,OH,AGL,CE,Combined TRACON& Tower with Radar,0,4,16,11,31,0,0,9,0,9,0,4,25,11,40,62,10,72,112
06/20/2019,YNG,OH,AGL,CE,Combined TRACON& Tower with Radar,0,6,7,2,15,0,0,0,0,0,0,6,7,2,15,24,4,28,43
06/21/2019,YNG,OH,AGL,CE,Combined TRACON& Tower with Radar,0,6,26,5,37,0,2,26,5,33,0,8,52,10,70,8,10,18,88
06/22/2019,YNG,OH,AGL,CE,Combined TRACON& Tower with Radar,0,4,32,0,36,0,0,32,1,33,0,4,64,1,69,24,0,24,93
06/23/2019,YNG,OH,AGL,CE,Combined TRACON& Tower with Radar,0,6,13,0,19,0,0,25,0,25,0,6,38,0,44,0,0,0,44
06/24/2019,YNG,OH,AGL,CE,Combined TRACON& Tower with Radar,0,8,7,5,20,0,0,4,0,4,0,8,11,5,24,14,26,40,64
06/25/2019,YNG,OH,AGL,CE,Combined TRACON& Tower with Radar,0,3,22,8,33,0,0,20,16,36,0,3,42,24,69,66,10,76,145
06/26/2019,YNG,OH,AGL,CE,Combined TRACON& Tower with Radar,0,8,16,1,25,0,4,18,0,22,0,12,34,1,47,0,0,0,47
06/27/2019,YNG,OH,AGL,CE,Combined TRACON& Tower with Radar,0,9,20,36,65,0,2,43,17,62,0,11,63,53,127,50,66,116,243
06/28/2019,YNG,OH,AGL,CE,Combined TRACON& Tower with Radar,0,7,7,12,26,0,1,39,10,50,0,8,46,22,76,40,32,72,148
06/29/2019,YNG,OH,AGL,CE,Combined TRACON& Tower with Radar,0,11,10,1,22,0,0,34,0,34,0,11,44,1,56,20,0,20,76
06/30/2019,YNG,OH,AGL,CE,Combined TRACON& Tower with Radar,0,5,23,2,30,0,2,64,0,66,0,7,87,2,96,28,0,28,124
07/01/2019,YNG,OH,AGL,CE,Combined TRACON& Tower with Radar,0,8,19,2,29,0,2,27,1,30,0,10,46,3,59,8,0,8,67
07/02/2019,YNG,OH,AGL,CE,Combined TRACON& Tower with Radar,0,0,17,4,21,0,0,6,15,21,0,0,23,19,42,27,28,55,97
07/03/2019,YNG,OH,AGL,CE,Combined TRACON& Tower with Radar,0,0,17,0,17,0,0,3,0,3,0,0,20,0,20,2,0,2,22
07/04/2019,YNG,OH,AGL,CE,Combined TRACON& Tower with Radar,0,1,6,0,7,0,0,17,0,17,0,1,23,0,24,6,0,6,30
07/05/2019,YNG,OH,AGL,CE,Combined TRACON& Tower with Radar,0,10,3,0,13,0,5,11,0,16,0,15,14,0,29,26,0,26,55
07/06/2019,YNG,OH,AGL,CE,Combined TRACON& Tower with Radar,0,5,16,0,21,0,0,5,0,5,0,5,21,0,26,0,0,0,26
07/07/2019,YNG,OH,AGL,CE,Combined TRACON& Tower with Radar,0,2,4,0,6,0,0,3,0,3,0,2,7,0,9,0,0,0,9
07/08/2019,YNG,OH,AGL,CE,Combined TRACON& Tower with Radar,0,9,21,3,33,0,6,34,11,51,0,15,55,14,84,44,4,48,132
07/09/2019,YNG,OH,AGL,CE,Combined TRACON& Tower with Radar,0,6,23,29,58,0,2,17,2,21,0,8,40,31,79,40,24,64,143
07/10/2019,YNG,OH,AGL,CE,Combined TRACON& Tower with Radar,0,0,20,4,24,0,3,28,0,31,0,3,48,4,55,3,0,3,58
07/11/2019,YNG,OH,AGL,CE,Combined TRACON& Tower with Radar,0,2,7,14,23,0,2,2,13,17,0,4,9,27,40,0,0,0,40
07/12/2019,YNG,OH,AGL,CE,Combined TRACON& Tower with Radar,0,2,27,6,35,0,2,15,0,17,0,4,42,6,52,34,10,44,96
07/13/2019,YNG,OH,AGL,CE,Combined TRACON& Tower with Radar,0,3,17,1,21,0,0,32,0,32,0,3,49,1,53,24,0,24,77
07/14/2019,YNG,OH,AGL,CE,Combined TRACON& Tower with Radar,0,8,17,3,28,0,2,15,0,17,0,10,32,3,45,16,0,16,61
07/15/2019,YNG,OH,AGL,CE,Combined TRACON& Tower with Radar,0,7,35,1,43,0,6,38,0,44,0,13,73,1,87,24,0,24,111
07/16/2019,YNG,OH,AGL,CE,Combined TRACON& Tower with Radar,0,6,13,0,19,0,2,10,0,12,0,8,23,0,31,22,0,22,53
07/17/2019,YNG,OH,AGL,CE,Combined TRACON& Tower with Radar,0,3,12,0,15,0,0,1,0,1,0,3,13,0,16,12,0,12,28
07/18/2019,YNG,OH,AGL,CE,Combined TRACON& Tower with Radar,0,4,25,9,38,0,1,18,0,19,0,5,43,9,57,28,0,28,85
07/19/2019,YNG,OH,AGL,CE,Combined TRACON& Tower with Radar,0,7,18,6,31,0,0,8,0,8,0,7,26,6,39,0,0,0,39
07/20/2019,YNG,OH,AGL,CE,Combined TRACON& Tower with Radar,0,3,14,0,17,0,0,4,0,4,0,3,18,0,21,0,0,0,21
07/21/2019,YNG,OH,AGL,CE,Combined TRACON& Tower with Radar,0,0,5,0,5,0,0,21,0,21,0,0,26,0,26,0,0,0,26
07/22/2019,YNG,OH,AGL,CE,Combined TRACON& Tower with Radar,0,6,10,1,17,0,2,7,0,9,0,8,17,1,26,14,0,14,40
07/23/2019,YNG,OH,AGL,CE,Combined TRACON& Tower with Radar,0,4,21,19,44,0,3,21,1,25,0,7,42,20,69,4,16,20,89
07/24/2019,YNG,OH,AGL,CE,Combined TRACON& Tower with Radar,0,5,27,4,36,0,2,19,4,25,0,7,46,8,61,9,36,45,106
07/25/2019,YNG,OH,AGL,CE,Combined TRACON& Tower with Radar,0,6,19,11,36,0,3,31,7,41,0,9,50,18,77,26,30,56,133
07/26/2019,YNG,OH,AGL,CE,Combined TRACON& Tower with Radar,0,8,20,1,29,0,2,21,0,23,0,10,41,1,52,4,0,4,56
07/27/2019,YNG,OH,AGL,CE,Combined TRACON& Tower with Radar,0,3,15,0,18,0,2,38,0,40,0,5,53,0,58,14,0,14,72
07/28/2019,YNG,OH,AGL,CE,Combined TRACON& Tower with Radar,0,9,12,3,24,0,0,15,0,15,0,9,27,3,39,0,0,0,39
07/29/2019,YNG,OH,AGL,CE,Combined TRACON& Tower with Radar,0,0,16,14,30,0,0,25,0,25,0,0,41,14,55,26,18,44,99
07/30/2019,YNG,OH,AGL,CE,Combined TRACON& Tower with Radar,0,2,10,6,18,0,0,1,0,1,0,2,11,6,19,6,0,6,25
07/31/2019,YNG,OH,AGL,CE,Combined TRACON& Tower with Radar,0,2,23,7,32,0,0,8,5,13,0,2,31,12,45,6,6,12,57
08/01/2019,YNG,OH,AGL,CE,Combined TRACON& Tower with Radar,0,10,17,5,32,0,2,40,0,42,0,12,57,5,74,6,4,10,84
08/02/2019,YNG,OH,AGL,CE,Combined TRACON& Tower with Radar,0,10,38,3,51,0,2,23,0,25,0,12,61,3,76,24,0,24,100
08/03/2019,YNG,OH,AGL,CE,Combined TRACON& Tower with Radar,0,2,11,0,13,0,0,21,0,21,0,2,32,0,34,31,0,31,65
08/04/2019,YNG,OH,AGL,CE,Combined TRACON& Tower with Radar,0,4,12,0,16,0,0,177,0,177,0,4,189,0,193,10,0,10,203
08/05/2019,YNG,OH,AGL,CE,Combined TRACON& Tower with Radar,0,10,14,0,24,0,1,12,0,13,0,11,26,0,37,0,0,0,37
08/06/2019,YNG,OH,AGL,CE,Combined TRACON& Tower with Radar,0,4,5,1,10,0,0,8,1,9,0,4,13,2,19,0,0,0,19
08/07/2019,YNG,OH,AGL,CE,Combined TRACON& Tower with Radar,0,5,11,4,20,0,0,0,12,12,0,5,11,16,32,0,34,34,66
08/08/2019,YNG,OH,AGL,CE,Combined TRACON& Tower with Radar,0,1,24,5,30,0,0,11,3,14,0,1,35,8,44,18,0,18,62
08/09/2019,YNG,OH,AGL,CE,Combined TRACON& Tower with Radar,0,6,14,0,20,0,2,22,0,24,0,8,36,0,44,0,0,0,44
08/10/2019,YNG,OH,AGL,CE,Combined TRACON& Tower with Radar,0,2,8,0,10,0,0,25,0,25,0,2,33,0,35,0,0,0,35
08/11/2019,YNG,OH,AGL,CE,Combined TRACON& Tower with Radar,0,3,25,1,29,0,0,28,9,37,0,3,53,10,66,20,4,24,90
08/12/2019,YNG,OH,AGL,CE,Combined TRACON& Tower with Radar,0,1,15,0,16,0,0,19,0,19,0,1,34,0,35,8,0,8,43
08/13/2019,YNG,OH,AGL,CE,Combined TRACON& Tower with Radar,0,14,18,3,35,0,0,0,3,3,0,14,18,6,38,0,16,16,54
08/14/2019,YNG,OH,AGL,CE,Combined TRACON& Tower with Radar,0,15,14,1,30,0,0,6,9,15,0,15,20,10,45,14,32,46,91
08/15/2019,YNG,OH,AGL,CE,Combined TRACON& Tower with Radar,0,11,10,13,34,0,0,16,3,19,0,11,26,16,53,0,34,34,87
08/16/2019,YNG,OH,AGL,CE,Combined TRACON& Tower with Radar,0,4,22,1,27,0,2,23,0,25,0,6,45,1,52,32,0,32,84
08/17/2019,YNG,OH,AGL,CE,Combined TRACON& Tower with Radar,0,2,9,0,11,0,0,11,4,15,0,2,20,4,26,50,6,56,82
08/18/2019,YNG,OH,AGL,CE,Combined TRACON& Tower with Radar,0,2,11,0,13,0,0,14,1,15,0,2,25,1,28,34,0,34,62
08/19/2019,YNG,OH,AGL,CE,Combined TRACON& Tower with Radar,0,4,11,5,20,0,0,25,10,35,0,4,36,15,55,16,28,44,99
08/20/2019,YNG,OH,AGL,CE,Combined TRACON& Tower with Radar,0,5,31,13,49,0,0,12,9,21,0,5,43,22,70,0,22,22,92
08/21/2019,YNG,OH,AGL,CE,Combined TRACON& Tower with Radar,0,10,16,4,30,0,0,0,2,2,0,10,16,6,32,10,14,24,56
08/22/2019,YNG,OH,AGL,CE,Combined TRACON& Tower with Radar,0,5,8,15,28,0,0,4,7,11,0,5,12,22,39,0,8,8,47
08/23/2019,YNG,OH,AGL,CE,Combined TRACON& Tower with Radar,2,13,26,0,41,0,0,25,0,25,2,13,51,0,66,0,0,0,66
08/24/2019,YNG,OH,AGL,CE,Combined TRACON& Tower with Radar,2,3,20,0,25,0,0,25,0,25,2,3,45,0,50,30,0,30,80
08/25/2019,YNG,OH,AGL,CE,Combined TRACON& Tower with Radar,0,6,21,1,28,0,2,47,0,49,0,8,68,1,77,12,0,12,89
08/26/2019,YNG,OH,AGL,CE,Combined TRACON& Tower with Radar,0,5,15,14,34,0,2,5,0,7,0,7,20,14,41,0,24,24,65
08/27/2019,YNG,OH,AGL,CE,Combined TRACON& Tower with Radar,0,4,6,4,14,0,0,0,0,0,0,4,6,4,14,0,0,0,14
08/28/2019,YNG,OH,AGL,CE,Combined TRACON& Tower with Radar,0,13,28,12,53,0,2,17,2,21,0,15,45,14,74,0,0,0,74
08/29/2019,YNG,OH,AGL,CE,Combined TRACON& Tower with Radar,0,17,32,12,61,0,0,26,0,26,0,17,58,12,87,4,0,4,91
08/30/2019,YNG,OH,AGL,CE,Combined TRACON& Tower with Radar,0,6,16,14,36,0,0,12,0,12,0,6,28,14,48,0,0,0,48
08/31/2019,YNG,OH,AGL,CE,Combined TRACON& Tower with Radar,0,4,28,0,32,0,0,14,0,14,0,4,42,0,46,20,0,20,66
09/01/2019,YNG,OH,AGL,CE,Combined TRACON& Tower with Radar,0,0,2,0,2,0,0,7,0,7,0,0,9,0,9,0,0,0,9
09/02/2019,YNG,OH,AGL,CE,Combined TRACON& Tower with Radar,0,4,11,0,15,0,0,10,0,10,0,4,21,0,25,0,0,0,25
09/03/2019,YNG,OH,AGL,CE,Combined TRACON& Tower with Radar,0,1,15,4,20,0,0,14,0,14,0,1,29,4,34,0,0,0,34
09/04/2019,YNG,OH,AGL,CE,Combined TRACON& Tower with Radar,0,8,11,6,25,0,0,11,8,19,0,8,22,14,44,33,20,53,97
09/05/2019,YNG,OH,AGL,CE,Combined TRACON& Tower with Radar,0,0,21,9,30,0,0,32,6,38,0,0,53,15,68,28,6,34,102
09/06/2019,YNG,OH,AGL,CE,Combined TRACON& Tower with Radar,0,3,8,10,21,0,0,24,0,24,0,3,32,10,45,11,10,21,66
09/07/2019,YNG,OH,AGL,CE,Combined TRACON& Tower with Radar,0,9,17,0,26,0,0,10,0,10,0,9,27,0,36,0,0,0,36
09/08/2019,YNG,OH,AGL,CE,Combined TRACON& Tower with Radar,1,4,21,0,26,0,0,17,0,17,1,4,38,0,43,0,0,0,43
09/09/2019,YNG,OH,AGL,CE,Combined TRACON& Tower with Radar,1,6,18,0,25,0,0,22,0,22,1,6,40,0,47,22,0,22,69
09/10/2019,YNG,OH,AGL,CE,Combined TRACON& Tower with Radar,0,12,18,18,48,0,0,12,0,12,0,12,30,18,60,26,34,60,120
09/11/2019,YNG,OH,AGL,CE,Combined TRACON& Tower with Radar,0,3,22,0,25,0,0,19,0,19,0,3,41,0,44,6,0,6,50
09/12/2019,YNG,OH,AGL,CE,Combined TRACON& Tower with Radar,0,16,16,8,40,0,0,3,0,3,0,16,19,8,43,12,0,12,55
09/13/2019,YNG,OH,AGL,CE,Combined TRACON& Tower with Radar,2,9,31,1,43,0,0,10,0,10,2,9,41,1,53,0,0,0,53
09/14/2019,YNG,OH,AGL,CE,Combined TRACON& Tower with Radar,0,6,14,0,20,0,0,20,0,20,0,6,34,0,40,0,0,0,40
09/15/2019,YNG,OH,AGL,CE,Combined TRACON& Tower with Radar,0,6,20,0,26,0,2,35,0,37,0,8,55,0,63,12,0,12,75
09/16/2019,YNG,OH,AGL,CE,Combined TRACON& Tower with Radar,0,10,25,0,35,0,0,26,0,26,0,10,51,0,61,0,0,0,61
09/17/2019,YNG,OH,AGL,CE,Combined TRACON& Tower with Radar,0,10,24,11,45,0,0,11,5,16,0,10,35,16,61,0,26,26,87
09/18/2019,YNG,OH,AGL,CE,Combined TRACON& Tower with Radar,2,3,5,5,15,0,5,21,1,27,2,8,26,6,42,38,0,38,80
09/19/2019,YNG,OH,AGL,CE,Combined TRACON& Tower with Radar,0,11,20,2,33,0,7,20,0,27,0,18,40,2,60,12,0,12,72
09/20/2019,YNG,OH,AGL,CE,Combined TRACON& Tower with Radar,0,8,14,10,32,0,4,32,12,48,0,12,46,22,80,18,2,20,100
09/21/2019,YNG,OH,AGL,CE,Combined TRACON& Tower with Radar,0,5,18,0,23,0,0,22,0,22,0,5,40,0,45,32,0,32,77
09/22/2019,YNG,OH,AGL,CE,Combined TRACON& Tower with Radar,0,6,5,2,13,0,0,19,1,20,0,6,24,3,33,6,0,6,39
09/23/2019,YNG,OH,AGL,CE,Combined TRACON& Tower with Radar,0,13,6,4,23,0,2,4,0,6,0,15,10,4,29,0,0,0,29
09/24/2019,YNG,OH,AGL,CE,Combined TRACON& Tower with Radar,0,8,23,3,34,0,0,7,2,9,0,8,30,5,43,0,0,0,43
09/25/2019,YNG,OH,AGL,CE,Combined TRACON& Tower with Radar,0,3,19,6,28,0,1,19,2,22,0,4,38,8,50,10,18,28,78
09/26/2019,YNG,OH,AGL,CE,Combined TRACON& Tower with Radar,0,9,19,11,39,0,5,7,1,13,0,14,26,12,52,0,12,12,64
09/27/2019,YNG,OH,AGL,CE,Combined TRACON& Tower with Radar,0,10,17,7,34,0,7,19,0,26,0,17,36,7,60,16,8,24,84
09/28/2019,YNG,OH,AGL,CE,Combined TRACON& Tower with Radar,0,6,12,0,18,0,0,8,0,8,0,6,20,0,26,22,0,22,48
09/29/2019,YNG,OH,AGL,CE,Combined TRACON& Tower with Radar,2,11,24,0,37,0,2,23,0,25,2,13,47,0,62,8,0,8,70
09/30/2019,YNG,OH,AGL,CE,Combined TRACON& Tower with Radar,0,3,8,4,15,0,0,11,4,15,0,3,19,8,30,28,6,34,64
10/01/2019,YNG,OH,AGL,CE,Combined TRACON& Tower with Radar,0,9,12,6,27,0,0,13,8,21,0,9,25,14,48,0,12,12,60
10/02/2019,YNG,OH,AGL,CE,Combined TRACON& Tower with Radar,0,9,17,24,50,0,0,23,2,25,0,9,40,26,75,10,20,30,105
10/03/2019,YNG,OH,AGL,CE,Combined TRACON& Tower with Radar,0,5,11,9,25,0,0,2,2,4,0,5,13,11,29,0,24,24,53
10/04/2019,YNG,OH,AGL,CE,Combined TRACON& Tower with Radar,2,2,35,3,42,0,0,16,1,17,2,2,51,4,59,8,0,8,67
10/05/2019,YNG,OH,AGL,CE,Combined TRACON& Tower with Radar,1,6,19,0,26,0,2,20,0,22,1,8,39,0,48,6,1,7,55
10/06/2019,YNG,OH,AGL,CE,Combined TRACON& Tower with Radar,1,2,15,0,18,0,1,2,0,3,1,3,17,0,21,6,0,6,27
10/07/2019,YNG,OH,AGL,CE,Combined TRACON& Tower with Radar,0,1,18,4,23,0,1,7,0,8,0,2,25,4,31,0,0,0,31
10/08/2019,YNG,OH,AGL,CE,Combined TRACON& Tower with Radar,0,3,18,16,37,0,0,16,4,20,0,3,34,20,57,22,60,82,139
10/09/2019,YNG,OH,AGL,CE,Combined TRACON& Tower with Radar,0,2,21,2,25,0,0,42,0,42,0,2,63,2,67,0,0,0,67
10/10/2019,YNG,OH,AGL,CE,Combined TRACON& Tower with Radar,0,3,22,2,27,0,0,24,0,24,0,3,46,2,51,26,0,26,77
10/11/2019,YNG,OH,AGL,CE,Combined TRACON& Tower with Radar,1,6,19,0,26,0,0,13,0,13,1,6,32,0,39,4,0,4,43
10/12/2019,YNG,OH,AGL,CE,Combined TRACON& Tower with Radar,1,4,21,0,26,0,0,4,2,6,1,4,25,2,32,12,0,12,44
10/13/2019,YNG,OH,AGL,CE,Combined TRACON& Tower with Radar,0,1,15,0,16,0,0,24,0,24,0,1,39,0,40,2,0,2,42
10/14/2019,YNG,OH,AGL,CE,Combined TRACON& Tower with Radar,0,6,19,0,25,0,0,13,0,13,0,6,32,0,38,10,0,10,48
10/15/2019,YNG,OH,AGL,CE,Combined TRACON& Tower with Radar,0,6,17,3,26,0,0,20,7,27,0,6,37,10,53,22,0,22,75
10/16/2019,YNG,OH,AGL,CE,Combined TRACON& Tower with Radar,0,5,14,14,33,0,0,2,0,2,0,5,16,14,35,0,0,0,35
10/17/2019,YNG,OH,AGL,CE,Combined TRACON& Tower with Radar,0,9,23,15,47,0,0,0,1,1,0,9,23,16,48,0,0,0,48
10/18/2019,YNG,OH,AGL,CE,Combined TRACON& Tower with Radar,2,0,14,2,18,0,4,9,0,13,2,4,23,2,31,10,0,10,41
10/19/2019,YNG,OH,AGL,CE,Combined TRACON& Tower with Radar,2,1,16,0,19,0,2,25,0,27,2,3,41,0,46,16,0,16,62
10/20/2019,YNG,OH,AGL,CE,Combined TRACON& Tower with Radar,0,5,24,3,32,0,3,17,0,20,0,8,41,3,52,20,2,22,74
10/21/2019,YNG,OH,AGL,CE,Combined TRACON& Tower with Radar,0,11,11,3,25,0,0,1,0,1,0,11,12,3,26,0,0,0,26
10/22/2019,YNG,OH,AGL,CE,Combined TRACON& Tower with Radar,0,0,16,19,35,0,0,0,3,3,0,0,16,22,38,12,30,42,80
10/23/2019,YNG,OH,AGL,CE,Combined TRACON& Tower with Radar,0,9,22,3,34,0,0,3,4,7,0,9,25,7,41,4,20,24,65
10/24/2019,YNG,OH,AGL,CE,Combined TRACON& Tower with Radar,0,5,39,6,50,0,0,29,9,38,0,5,68,15,88,22,24,46,134
10/25/2019,YNG,OH,AGL,CE,Combined TRACON& Tower with Radar,1,12,14,2,29,0,2,22,2,26,1,14,36,4,55,58,0,58,113
10/26/2019,YNG,OH,AGL,CE,Combined TRACON& Tower with Radar,1,1,10,2,14,0,0,5,0,5,1,1,15,2,19,0,0,0,19
10/27/2019,YNG,OH,AGL,CE,Combined TRACON& Tower with Radar,0,3,7,1,11,0,0,0,0,0,0,3,7,1,11,0,0,0,11
10/28/2019,YNG,OH,AGL,CE,Combined TRACON& Tower with Radar,0,2,16,6,24,0,0,19,5,24,0,2,35,11,48,8,30,38,86
10/29/2019,YNG,OH,AGL,CE,Combined TRACON& Tower with Radar,0,13,33,15,61,0,2,14,11,27,0,15,47,26,88,20,36,56,144
10/30/2019,YNG,OH,AGL,CE,Combined TRACON& Tower with Radar,0,3,16,13,32,0,2,9,0,11,0,5,25,13,43,10,42,52,95
10/31/2019,YNG,OH,AGL,CE,Combined TRACON& Tower with Radar,0,1,6,0,7,0,0,0,0,0,0,1,6,0,7,0,0,0,7
11/01/2019,YNG,OH,AGL,CE,Combined TRACON& Tower with Radar,1,3,17,9,30,0,0,5,2,7,1,3,22,11,37,2,0,2,39
11/02/2019,YNG,OH,AGL,CE,Combined TRACON& Tower with Radar,1,9,14,0,24,0,3,29,0,32,1,12,43,0,56,10,0,10,66
11/03/2019,YNG,OH,AGL,CE,Combined TRACON& Tower with Radar,0,0,15,12,27,0,0,9,1,10,0,0,24,13,37,6,14,20,57
11/04/2019,YNG,OH,AGL,CE,Combined TRACON& Tower with Radar,0,4,11,5,20,0,0,17,5,22,0,4,28,10,42,14,0,14,56
11/05/2019,YNG,OH,AGL,CE,Combined TRACON& Tower with Radar,0,8,23,17,48,0,0,9,2,11,0,8,32,19,59,0,12,12,71
11/06/2019,YNG,OH,AGL,CE,Combined TRACON& Tower with Radar,0,7,25,15,47,0,2,33,11,46,0,9,58,26,93,15,28,43,136
11/07/2019,YNG,OH,AGL,CE,Combined TRACON& Tower with Radar,0,3,14,0,17,0,0,0,0,0,0,3,14,0,17,0,0,0,17
11/08/2019,YNG,OH,AGL,CE,Combined TRACON& Tower with Radar,2,0,6,0,8,0,0,6,2,8,2,0,12,2,16,0,0,0,16
11/09/2019,YNG,OH,AGL,CE,Combined TRACON& Tower with Radar,2,7,13,0,22,0,0,18,0,18,2,7,31,0,40,12,0,12,52
11/10/2019,YNG,OH,AGL,CE,Combined TRACON& Tower with Radar,0,7,17,0,24,0,6,21,0,27,0,13,38,0,51,12,0,12,63
11/11/2019,YNG,OH,AGL,CE,Combined TRACON& Tower with Radar,0,7,1,0,8,0,0,0,0,0,0,7,1,0,8,0,0,0,8
11/12/2019,YNG,OH,AGL,CE,Combined TRACON& Tower with Radar,0,5,6,4,15,0,0,0,0,0,0,5,6,4,15,0,0,0,15
11/13/2019,YNG,OH,AGL,CE,Combined TRACON& Tower with Radar,0,27,17,4,48,0,4,5,0,9,0,31,22,4,57,0,0,0,57
11/14/2019,YNG,OH,AGL,CE,Combined TRACON& Tower with Radar,0,3,20,0,23,0,0,4,0,4,0,3,24,0,27,8,0,8,35
11/15/2019,YNG,OH,AGL,CE,Combined TRACON& Tower with Radar,0,10,23,3,36,0,0,8,0,8,0,10,31,3,44,22,0,22,66
11/16/2019,YNG,OH,AGL,CE,Combined TRACON& Tower with Radar,0,4,14,0,18,0,2,21,0,23,0,6,35,0,41,44,0,44,85
11/17/2019,YNG,OH,AGL,CE,Combined TRACON& Tower with Radar,0,4,11,6,21,0,0,19,0,19,0,4,30,6,40,21,0,21,61
11/18/2019,YNG,OH,AGL,CE,Combined TRACON& Tower with Radar,0,4,23,40,67,0,0,17,5,22,0,4,40,45,89,40,50,90,179
11/19/2019,YNG,OH,AGL,CE,Combined TRACON& Tower with Radar,0,3,20,26,49,0,0,0,0,0,0,3,20,26,49,0,0,0,49
11/20/2019,YNG,OH,AGL,CE,Combined TRACON& Tower with Radar,0,5,21,14,40,0,0,1,2,3,0,5,22,16,43,20,20,40,83
11/21/2019,YNG,OH,AGL,CE,Combined TRACON& Tower with Radar,0,6,17,11,34,0,0,0,2,2,0,6,17,13,36,2,14,16,52
11/22/2019,YNG,OH,AGL,CE,Combined TRACON& Tower with Radar,1,5,8,13,27,0,0,1,0,1,1,5,9,13,28,0,22,22,50
11/23/2019,YNG,OH,AGL,CE,Combined TRACON& Tower with Radar,1,1,9,0,11,0,0,15,0,15,1,1,24,0,26,24,0,24,50
11/24/2019,YNG,OH,AGL,CE,Combined TRACON& Tower with Radar,0,6,16,2,24,0,2,1,0,3,0,8,17,2,27,0,0,0,27
11/25/2019,YNG,OH,AGL,CE,Combined TRACON& Tower with Radar,0,9,24,4,37,0,13,21,4,38,0,22,45,8,75,18,8,26,101
11/26/2019,YNG,OH,AGL,CE,Combined TRACON& Tower with Radar,0,18,17,20,55,0,0,25,16,41,0,18,42,36,96,17,22,39,135
11/27/2019,YNG,OH,AGL,CE,Combined TRACON& Tower with Radar,0,2,9,0,11,0,0,0,0,0,0,2,9,0,11,0,0,0,11
11/28/2019,YNG,OH,AGL,CE,Combined TRACON& Tower with Radar,0,2,0,0,2,0,0,0,0,0,0,2,0,0,2,0,0,0,2
11/29/2019,YNG,OH,AGL,CE,Combined TRACON& Tower with Radar,0,1,10,0,11,0,0,2,0,2,0,1,12,0,13,1,0,1,14
11/30/2019,YNG,OH,AGL,CE,Combined TRACON& Tower with Radar,0,7,7,0,14,0,0,10,0,10,0,7,17,0,24,12,0,12,36
12/01/2019,YNG,OH,AGL,CE,Combined TRACON& Tower with Radar,0,4,9,0,13,0,0,0,0,0,0,4,9,0,13,0,0,0,13
12/02/2019,YNG,OH,AGL,CE,Combined TRACON& Tower with Radar,0,4,4,3,11,0,0,0,0,0,0,4,4,3,11,0,0,0,11
12/03/2019,YNG,OH,AGL,CE,Combined TRACON& Tower with Radar,0,1,13,8,22,0,0,0,0,0,0,1,13,8,22,0,0,0,22
12/04/2019,YNG,OH,AGL,CE,Combined TRACON& Tower with Radar,0,3,7,1,11,0,0,0,0,0,0,3,7,1,11,0,0,0,11
12/05/2019,YNG,OH,AGL,CE,Combined TRACON& Tower with Radar,0,16,16,0,32,0,0,6,0,6,0,16,22,0,38,0,0,0,38
12/06/2019,YNG,OH,AGL,CE,Combined TRACON& Tower with Radar,0,7,9,0,16,0,2,5,0,7,0,9,14,0,23,4,0,4,27
12/07/2019,YNG,OH,AGL,CE,Combined TRACON& Tower with Radar,0,6,18,0,24,0,2,34,0,36,0,8,52,0,60,25,0,25,85
12/08/2019,YNG,OH,AGL,CE,Combined TRACON& Tower with Radar,0,7,17,8,32,0,0,6,7,13,0,7,23,15,45,0,0,0,45
12/09/2019,YNG,OH,AGL,CE,Combined TRACON& Tower with Radar,0,6,4,3,13,0,2,1,0,3,0,8,5,3,16,9,10,19,35
12/10/2019,YNG,OH,AGL,CE,Combined TRACON& Tower with Radar,0,5,14,2,21,0,0,3,5,8,0,5,17,7,29,0,0,0,29
12/11/2019,YNG,OH,AGL,CE,Combined TRACON& Tower with Radar,0,15,14,12,41,0,0,15,0,15,0,15,29,12,56,12,8,20,76
12/12/2019,YNG,OH,AGL,CE,Combined TRACON& Tower with Radar,0,16,21,6,43,0,8,21,9,38,0,24,42,15,81,52,8,60,141
12/13/2019,YNG,OH,AGL,CE,Combined TRACON& Tower with Radar,0,2,10,2,14,0,2,2,2,6,0,4,12,4,20,0,0,0,20
12/14/2019,YNG,OH,AGL,CE,Combined TRACON& Tower with Radar,0,2,7,2,11,0,0,0,0,0,0,2,7,2,11,0,0,0,11
12/15/2019,YNG,OH,AGL,CE,Combined TRACON& Tower with Radar,0,5,9,1,15,0,0,1,0,1,0,5,10,1,16,4,0,4,20
12/16/2019,YNG,OH,AGL,CE,Combined TRACON& Tower with Radar,0,3,18,1,22,0,0,1,0,1,0,3,19,1,23,0,0,0,23
12/17/2019,YNG,OH,AGL,CE,Combined TRACON& Tower with Radar,0,5,7,4,16,0,0,0,1,1,0,5,7,5,17,0,6,6,23
12/18/2019,YNG,OH,AGL,CE,Combined TRACON& Tower with Radar,0,4,10,19,33,0,0,2,0,2,0,4,12,19,35,0,0,0,35
12/19/2019,YNG,OH,AGL,CE,Combined TRACON& Tower with Radar,0,3,29,18,50,0,5,28,2,35,0,8,57,20,85,40,18,58,143
12/20/2019,YNG,OH,AGL,CE,Combined TRACON& Tower with Radar,0,8,26,3,37,0,0,33,0,33,0,8,59,3,70,0,60,60,130
12/21/2019,YNG,OH,AGL,CE,Combined TRACON& Tower with Radar,0,5,25,0,30,0,0,30,0,30,0,5,55,0,60,26,0,26,86
12/22/2019,YNG,OH,AGL,CE,Combined TRACON& Tower with Radar,0,1,6,0,7,0,2,25,0,27,0,3,31,0,34,26,0,26,60
12/23/2019,YNG,OH,AGL,CE,Combined TRACON& Tower with Radar,0,1,13,9,23,0,0,20,8,28,0,1,33,17,51,8,16,24,75
12/24/2019,YNG,OH,AGL,CE,Combined TRACON& Tower with Radar,0,0,1,0,1,0,0,0,0,0,0,0,1,0,1,0,0,0,1
12/25/2019,YNG,OH,AGL,CE,Combined TRACON& Tower with Radar,0,1,3,0,4,0,0,2,0,2,0,1,5,0,6,0,0,0,6
12/26/2019,YNG,OH,AGL,CE,Combined TRACON& Tower with Radar,0,4,13,0,17,0,0,18,0,18,0,4,31,0,35,22,0,22,57
12/27/2019,YNG,OH,AGL,CE,Combined TRACON& Tower with Radar,0,9,20,0,29,0,0,2,0,2,0,9,22,0,31,6,0,6,37
12/28/2019,YNG,OH,AGL,CE,Combined TRACON& Tower with Radar,0,4,27,0,31,0,0,21,0,21,0,4,48,0,52,0,0,0,52
12/29/2019,YNG,OH,AGL,CE,Combined TRACON& Tower with Radar,0,2,6,0,8,0,0,0,0,0,0,2,6,0,8,0,0,0,8
12/30/2019,YNG,OH,AGL,CE,Combined TRACON& Tower with Radar,0,6,4,19,29,0,0,0,1,1,0,6,4,20,30,0,2,2,32
12/31/2019,YNG,OH,AGL,CE,Combined TRACON& Tower with Radar,0,5,2,0,7,0,0,0,0,0,0,5,2,0,7,4,0,4,11
01/01/2020,YNG,OH,AGL,CE,Combined TRACON& Tower with Radar,0,0,1,0,1,0,0,8,0,8,0,0,9,0,9,0,0,0,9
01/02/2020,YNG,OH,AGL,CE,Combined TRACON& Tower with Radar,0,11,12,2,25,0,0,5,5,10,0,11,17,7,35,0,64,64,99
01/03/2020,YNG,OH,AGL,CE,Combined TRACON& Tower with Radar,0,2,1,0,3,0,0,0,0,0,0,2,1,0,3,0,0,0,3
01/04/2020,YNG,OH,AGL,CE,Combined TRACON& Tower with Radar,0,1,0,0,1,0,0,0,0,0,0,1,0,0,1,0,0,0,1
01/05/2020,YNG,OH,AGL,CE,Combined TRACON& Tower with Radar,0,0,7,0,7,0,0,2,0,2,0,0,9,0,9,0,0,0,9
01/06/2020,YNG,OH,AGL,CE,Combined TRACON& Tower with Radar,0,6,16,16,38,0,0,16,0,16,0,6,32,16,54,2,30,32,86
01/07/2020,YNG,OH,AGL,CE,Combined TRACON& Tower with Radar,0,6,15,17,38,0,4,20,5,29,0,10,35,22,67,27,15,42,109
01/08/2020,YNG,OH,AGL,CE,Combined TRACON& Tower with Radar,0,0,5,1,6,0,0,0,0,0,0,0,5,1,6,0,0,0,6
01/09/2020,YNG,OH,AGL,CE,Combined TRACON& Tower with Radar,0,2,17,5,24,0,4,19,0,23,0,6,36,5,47,0,0,0,47
01/10/2020,YNG,OH,AGL,CE,Combined TRACON& Tower with Radar,0,4,9,1,14,0,0,0,0,0,0,4,9,1,14,0,0,0,14
01/11/2020,YNG,OH,AGL,CE,Combined TRACON& Tower with Radar,0,0,2,13,15,0,0,0,0,0,0,0,2,13,15,0,0,0,15
01/12/2020,YNG,OH,AGL,CE,Combined TRACON& Tower with Radar,0,7,12,14,33,0,0,2,13,15,0,7,14,27,48,1,18,19,67
01/13/2020,YNG,OH,AGL,CE,Combined TRACON& Tower with Radar,0,2,10,0,12,0,0,4,0,4,0,2,14,0,16,8,14,22,38
01/14/2020,YNG,OH,AGL,CE,Combined TRACON& Tower with Radar,0,8,8,17,33,0,0,14,4,18,0,8,22,21,51,25,37,62,113
01/15/2020,YNG,OH,AGL,CE,Combined TRACON& Tower with Radar,0,1,23,28,52,0,0,22,2,24,0,1,45,30,76,24,12,36,112
01/16/2020,YNG,OH,AGL,CE,Combined TRACON& Tower with Radar,0,6,6,2,14,0,0,2,0,2,0,6,8,2,16,0,0,0,16
01/17/2020,YNG,OH,AGL,CE,Combined TRACON& Tower with Radar,0,7,18,0,25,0,2,9,0,11,0,9,27,0,36,0,0,0,36
01/18/2020,YNG,OH,AGL,CE,Combined TRACON& Tower with Radar,0,0,1,0,1,0,0,0,0,0,0,0,1,0,1,0,0,0,1
01/19/2020,YNG,OH,AGL,CE,Combined TRACON& Tower with Radar,0,0,1,0,1,0,0,0,0,0,0,0,1,0,1,0,0,0,1
01/20/2020,YNG,OH,AGL,CE,Combined TRACON& Tower with Radar,0,1,6,0,7,0,0,3,0,3,0,1,9,0,10,0,0,0,10
01/21/2020,YNG,OH,AGL,CE,Combined TRACON& Tower with Radar,0,3,6,4,13,0,2,7,0,9,0,5,13,4,22,15,0,15,37
01/22/2020,YNG,OH,AGL,CE,Combined TRACON& Tower with Radar,0,16,20,4,40,0,3,35,0,38,0,19,55,4,78,0,0,0,78
01/23/2020,YNG,OH,AGL,CE,Combined TRACON& Tower with Radar,0,3,16,0,19,0,6,30,2,38,0,9,46,2,57,21,0,21,78
01/24/2020,YNG,OH,AGL,CE,Combined TRACON& Tower with Radar,0,6,19,8,33,0,0,9,0,9,0,6,28,8,42,14,0,14,56
01/25/2020,YNG,OH,AGL,CE,Combined TRACON& Tower with Radar,0,3,4,0,7,0,0,0,0,0,0,3,4,0,7,0,0,0,7
01/26/2020,YNG,OH,AGL,CE,Combined TRACON& Tower with Radar,0,2,7,4,13,0,0,0,0,0,0,2,7,4,13,0,0,0,13
01/27/2020,YNG,OH,AGL,CE,Combined TRACON& Tower with Radar,0,4,15,0,19,0,0,0,0,0,0,4,15,0,19,0,0,0,19
01/28/2020,YNG,OH,AGL,CE,Combined TRACON& Tower with Radar,0,9,3,0,12,0,0,0,0,0,0,9,3,0,12,0,0,0,12
01/29/2020,YNG,OH,AGL,CE,Combined TRACON& Tower with Radar,0,10,19,23,52,0,0,1,1,2,0,10,20,24,54,18,38,56,110
01/30/2020,YNG,OH,AGL,CE,Combined TRACON& Tower with Radar,0,3,14,3,20,0,2,20,0,22,0,5,34,3,42,0,0,0,42
01/31/2020,YNG,OH,AGL,CE,Combined TRACON& Tower with Radar,0,5,10,0,15,0,0,13,0,13,0,5,23,0,28,10,0,10,38
02/01/2020,YNG,OH,AGL,CE,Combined TRACON& Tower with Radar,0,8,1,0,9,0,0,5,0,5,0,8,6,0,14,18,0,18,32
02/02/2020,YNG,OH,AGL,CE,Combined TRACON& Tower with Radar,0,5,5,0,10,0,0,1,0,1,0,5,6,0,11,0,0,0,11
02/03/2020,YNG,OH,AGL,CE,Combined TRACON& Tower with Radar,0,9,23,0,32,0,4,28,0,32,0,13,51,0,64,30,0,30,94
02/04/2020,YNG,OH,AGL,CE,Combined TRACON& Tower with Radar,0,2,4,7,13,0,0,4,0,4,0,2,8,7,17,0,10,10,27
02/05/2020,YNG,OH,AGL,CE,Combined TRACON& Tower with Radar,0,7,9,39,55,0,2,8,4,14,0,9,17,43,69,22,66,88,157
02/06/2020,YNG,OH,AGL,CE,Combined TRACON& Tower with Radar,0,0,5,0,5,0,0,0,0,0,0,0,5,0,5,0,0,0,5
02/07/2020,YNG,OH,AGL,CE,Combined TRACON& Tower with Radar,0,4,5,1,10,0,0,0,0,0,0,4,5,1,10,0,0,0,10
02/08/2020,YNG,OH,AGL,CE,Combined TRACON& Tower with Radar,0,0,4,0,4,0,0,3,0,3,0,0,7,0,7,0,0,0,7
02/09/2020,YNG,OH,AGL,CE,Combined TRACON& Tower with Radar,0,5,4,1,10,0,0,2,0,2,0,5,6,1,12,0,0,0,12
02/10/2020,YNG,OH,AGL,CE,Combined TRACON& Tower with Radar,0,5,12,0,17,0,0,0,0,0,0,5,12,0,17,0,0,0,17
02/11/2020,YNG,OH,AGL,CE,Combined TRACON& Tower with Radar,0,6,11,9,26,0,0,3,3,6,0,6,14,12,32,0,6,6,38
02/12/2020,YNG,OH,AGL,CE,Combined TRACON& Tower with Radar,0,8,20,8,36,0,7,9,8,24,0,15,29,16,60,7,24,31,91
02/13/2020,YNG,OH,AGL,CE,Combined TRACON& Tower with Radar,0,5,12,0,17,0,0,0,0,0,0,5,12,0,17,0,0,0,17
02/14/2020,YNG,OH,AGL,CE,Combined TRACON& Tower with Radar,0,10,9,6,25,0,0,11,0,11,0,10,20,6,36,6,0,6,42
02/15/2020,YNG,OH,AGL,CE,Combined TRACON& Tower with Radar,0,2,8,0,10,0,8,22,0,30,0,10,30,0,40,0,0,0,40
02/16/2020,YNG,OH,AGL,CE,Combined TRACON& Tower with Radar,0,4,6,0,10,0,4,11,0,15,0,8,17,0,25,4,0,4,29
02/17/2020,YNG,OH,AGL,CE,Combined TRACON& Tower with Radar,0,2,20,0,22,0,6,13,0,19,0,8,33,0,41,4,13,17,58
02/18/2020,YNG,OH,AGL,CE,Combined TRACON& Tower with Radar,0,8,13,13,34,0,2,0,3,5,0,10,13,16,39,0,0,0,39
02/19/2020,YNG,OH,AGL,CE,Combined TRACON& Tower with Radar,0,4,21,13,38,0,2,9,6,17,0,6,30,19,55,27,48,75,130
02/20/2020,YNG,OH,AGL,CE,Combined TRACON& Tower with Radar,0,3,21,1,25,0,0,1,0,1,0,3,22,1,26,0,0,0,26
02/21/2020,YNG,OH,AGL,CE,Combined TRACON& Tower with Radar,0,2,16,12,30,0,2,17,0,19,0,4,33,12,49,20,0,20,69
02/22/2020,YNG,OH,AGL,CE,Combined TRACON& Tower with Radar,0,6,14,0,20,0,3,22,2,27,0,9,36,2,47,59,0,59,106
02/23/2020,YNG,OH,AGL,CE,Combined TRACON& Tower with Radar,0,0,17,2,19,0,4,21,0,25,0,4,38,2,44,10,0,10,54
02/24/2020,YNG,OH,AGL,CE,Combined TRACON& Tower with Radar,0,6,21,29,56,0,0,12,1,13,0,6,33,30,69,20,26,46,115
02/25/2020,YNG,OH,AGL,CE,Combined TRACON& Tower with Radar,0,4,8,0,12,0,0,2,0,2,0,4,10,0,14,8,0,8,22
02/26/2020,YNG,OH,AGL,CE,Combined TRACON& Tower with Radar,0,6,11,3,20,0,0,0,0,0,0,6,11,3,20,0,0,0,20
02/27/2020,YNG,OH,AGL,CE,Combined TRACON& Tower with Radar,0,1,9,0,10,0,0,0,0,0,0,1,9,0,10,0,0,0,10
02/28/2020,YNG,OH,AGL,CE,Combined TRACON& Tower with Radar,0,7,12,11,30,0,0,2,0,2,0,7,14,11,32,0,14,14,46
02/29/2020,YNG,OH,AGL,CE,Combined TRACON& Tower with Radar,0,2,7,0,9,0,0,5,0,5,0,2,12,0,14,24,0,24,38
03/01/2020,YNG,OH,AGL,CE,Combined TRACON& Tower with Radar,0,9,31,1,41,0,7,49,0,56,0,16,80,1,97,17,0,17,114
03/02/2020,YNG,OH,AGL,CE,Combined TRACON& Tower with Radar,0,4,5,16,25,0,2,1,0,3,0,6,6,16,28,0,0,0,28
03/03/2020,YNG,OH,AGL,CE,Combined TRACON& Tower with Radar,0,1,8,14,23,0,0,0,2,2,0,1,8,16,25,0,20,20,45
03/04/2020,YNG,OH,AGL,CE,Combined TRACON& Tower with Radar,0,25,15,64,104,0,0,10,2,12,0,25,25,66,116,4,33,37,153
03/05/2020,YNG,OH,AGL,CE,Combined TRACON& Tower with Radar,0,3,21,6,30,0,2,52,9,63,0,5,73,15,93,11,34,45,138
03/06/2020,YNG,OH,AGL,CE,Combined TRACON& Tower with Radar,0,0,4,0,4,0,0,0,0,0,0,0,4,0,4,0,0,0,4
03/07/2020,YNG,OH,AGL,CE,Combined TRACON& Tower with Radar,0,14,28,7,49,0,1,24,1,26,0,15,52,8,75,50,0,50,125
03/08/2020,YNG,OH,AGL,CE,Combined TRACON& Tower with Radar,0,1,13,5,19,0,4,25,5,34,0,5,38,10,53,40,5,45,98
03/09/2020,YNG,OH,AGL,CE,Combined TRACON& Tower with Radar,0,1,15,2,18,0,0,6,0,6,0,1,21,2,24,12,0,12,36
03/10/2020,YNG,OH,AGL,CE,Combined TRACON& Tower with Radar,0,4,7,20,31,0,0,0,0,0,0,4,7,20,31,0,0,0,31
03/11/2020,YNG,OH,AGL,CE,Combined TRACON& Tower with Radar,0,3,14,23,40,0,0,1,2,3,0,3,15,25,43,26,32,58,101
03/12/2020,YNG,OH,AGL,CE,Combined TRACON& Tower with Radar,0,3,21,13,37,0,0,12,6,18,0,3,33,19,55,0,60,60,115
03/13/2020,YNG,OH,AGL,CE,Combined TRACON& Tower with Radar,0,2,2,3,7,0,2,3,1,6,0,4,5,4,13,24,0,24,37
03/14/2020,YNG,OH,AGL,CE,Combined TRACON& Tower with Radar,0,0,18,0,18,0,0,30,0,30,0,0,48,0,48,0,0,0,48
03/15/2020,YNG,OH,AGL,CE,Combined TRACON& Tower with Radar,0,3,1,0,4,0,0,11,0,11,0,3,12,0,15,0,0,0,15
03/16/2020,YNG,OH,AGL,CE,Combined TRACON& Tower with Radar,0,1,10,3,14,0,0,17,0,17,0,1,27,3,31,0,0,0,31
03/17/2020,YNG,OH,AGL,CE,Combined TRACON& Tower with Radar,0,0,11,3,14,0,0,6,1,7,0,0,17,4,21,0,4,4,25
03/18/2020,YNG,OH,AGL,CE,Combined TRACON& Tower with Radar,0,6,11,0,17,0,0,19,0,19,0,6,30,0,36,0,0,0,36
03/19/2020,YNG,OH,AGL,CE,Combined TRACON& Tower with Radar,0,6,11,6,23,0,0,1,0,1,0,6,12,6,24,0,0,0,24
03/20/2020,YNG,OH,AGL,CE,Combined TRACON& Tower with Radar,0,2,3,0,5,0,0,1,0,1,0,2,4,0,6,8,0,8,14
03/21/2020,YNG,OH,AGL,CE,Combined TRACON& Tower with Radar,0,0,2,0,2,0,0,7,0,7,0,0,9,0,9,0,0,0,9
03/22/2020,YNG,OH,AGL,CE,Combined TRACON& Tower with Radar,0,2,6,0,8,0,0,17,0,17,0,2,23,0,25,0,0,0,25
03/23/2020,YNG,OH,AGL,CE,Combined TRACON& Tower with Radar,0,0,0,2,2,0,0,0,0,0,0,0,0,2,2,0,0,0,2
03/24/2020,YNG,OH,AGL,CE,Combined TRACON& Tower with Radar,0,2,2,0,4,0,1,2,0,3,0,3,4,0,7,12,0,12,19
03/25/2020,YNG,OH,AGL,CE,Combined TRACON& Tower with Radar,0,2,14,18,34,0,0,7,0,7,0,2,21,18,41,0,18,18,59
03/26/2020,YNG,OH,AGL,CE,Combined TRACON& Tower with Radar,0,0,5,0,5,0,0,9,0,9,0,0,14,0,14,42,0,42,56
03/27/2020,YNG,OH,AGL,CE,Combined TRACON& Tower with Radar,0,0,2,0,2,0,0,0,0,0,0,0,2,0,2,0,0,0,2
03/28/2020,YNG,OH,AGL,CE,Combined TRACON& Tower with Radar,0,0,5,0,5,0,0,0,0,0,0,0,5,0,5,0,0,0,5
03/29/2020,YNG,OH,AGL,CE,Combined TRACON& Tower with Radar,0,0,3,0,3,0,0,0,0,0,0,0,3,0,3,0,0,0,3
03/30/2020,YNG,OH,AGL,CE,Combined TRACON& Tower with Radar,0,0,2,2,4,0,0,0,0,0,0,0,2,2,4,0,0,0,4
03/31/2020,YNG,OH,AGL,CE,Combined TRACON& Tower with Radar,0,0,0,0,0,0,0,2,0,2,0,0,2,0,2,22,0,22,24
04/01/2020,YNG,OH,AGL,CE,Combined TRACON& Tower with Radar,0,2,4,0,6,0,0,6,0,6,0,2,10,0,12,17,0,17,29
04/02/2020,YNG,OH,AGL,CE,Combined TRACON& Tower with Radar,0,0,6,10,16,0,0,4,0,4,0,0,10,10,20,0,6,6,26
04/03/2020,YNG,OH,AGL,CE,Combined TRACON& Tower with Radar,0,0,4,0,4,0,0,26,0,26,0,0,30,0,30,6,0,6,36
04/04/2020,YNG,OH,AGL,CE,Combined TRACON& Tower with Radar,0,0,13,0,13,0,0,29,0,29,0,0,42,0,42,44,0,44,86
04/05/2020,YNG,OH,AGL,CE,Combined TRACON& Tower with Radar,0,3,4,2,9,0,0,6,0,6,0,3,10,2,15,6,0,6,21
04/06/2020,YNG,OH,AGL,CE,Combined TRACON& Tower with Radar,0,1,18,0,19,0,0,13,0,13,0,1,31,0,32,0,0,0,32
04/07/2020,YNG,OH,AGL,CE,Combined TRACON& Tower with Radar,0,0,1,0,1,0,0,3,0,3,0,0,4,0,4,16,0,16,20
04/08/2020,YNG,OH,AGL,CE,Combined TRACON& Tower with Radar,0,2,6,0,8,0,0,8,0,8,0,2,14,0,16,0,0,0,16
04/09/2020,YNG,OH,AGL,CE,Combined TRACON& Tower with Radar,0,0,3,0,3,0,0,0,0,0,0,0,3,0,3,0,0,0,3
04/10/2020,YNG,OH,AGL,CE,Combined TRACON& Tower with Radar,0,0,5,0,5,0,0,2,0,2,0,0,7,0,7,0,0,0,7
04/11/2020,YNG,OH,AGL,CE,Combined TRACON& Tower with Radar,0,2,7,0,9,0,0,31,0,31,0,2,38,0,40,0,0,0,40
04/12/2020,YNG,OH,AGL,CE,Combined TRACON& Tower with Radar,0,0,3,2,5,0,0,6,0,6,0,0,9,2,11,0,0,0,11
04/13/2020,YNG,OH,AGL,CE,Combined TRACON& Tower with Radar,0,0,0,0,0,0,0,0,0,0,0,0,0,0,0,0,0,0,0
04/14/2020,YNG,OH,AGL,CE,Combined TRACON& Tower with Radar,0,0,11,8,19,0,0,11,6,17,0,0,22,14,36,0,32,32,68
04/15/2020,YNG,OH,AGL,CE,Combined TRACON& Tower with Radar,0,0,7,7,14,0,0,12,5,17,0,0,19,12,31,1,18,19,50
04/16/2020,YNG,OH,AGL,CE,Combined TRACON& Tower with Radar,0,0,13,9,22,0,0,10,1,11,0,0,23,10,33,0,0,0,33
04/17/2020,YNG,OH,AGL,CE,Combined TRACON& Tower with Radar,0,0,1,0,1,0,0,0,0,0,0,0,1,0,1,0,0,0,1
04/18/2020,YNG,OH,AGL,CE,Combined TRACON& Tower with Radar,0,0,12,0,12,0,0,17,0,17,0,0,29,0,29,35,0,35,64
04/19/2020,YNG,OH,AGL,CE,Combined TRACON& Tower with Radar,0,0,2,0,2,0,0,10,0,10,0,0,12,0,12,0,0,0,12
04/20/2020,YNG,OH,AGL,CE,Combined TRACON& Tower with Radar,0,0,19,16,35,0,0,21,0,21,0,0,40,16,56,0,0,0,56
04/21/2020,YNG,OH,AGL,CE,Combined TRACON& Tower with Radar,0,0,1,22,23,0,0,0,1,1,0,0,1,23,24,0,16,16,40
04/22/2020,YNG,OH,AGL,CE,Combined TRACON& Tower with Radar,0,0,22,21,43,0,4,16,8,28,0,4,38,29,71,9,6,15,86
04/23/2020,YNG,OH,AGL,CE,Combined TRACON& Tower with Radar,0,0,16,2,18,0,0,3,0,3,0,0,19,2,21,14,31,45,66
04/24/2020,YNG,OH,AGL,CE,Combined TRACON& Tower with Radar,0,4,17,0,21,0,0,14,1,15,0,4,31,1,36,0,0,0,36
04/25/2020,YNG,OH,AGL,CE,Combined TRACON& Tower with Radar,0,0,12,0,12,0,0,16,0,16,0,0,28,0,28,0,0,0,28
04/26/2020,YNG,OH,AGL,CE,Combined TRACON& Tower with Radar,0,0,20,0,20,0,0,0,0,0,0,0,20,0,20,0,0,0,20
04/27/2020,YNG,OH,AGL,CE,Combined TRACON& Tower with Radar,0,2,7,2,11,0,0,24,0,24,0,2,31,2,35,71,0,71,106
04/28/2020,YNG,OH,AGL,CE,Combined TRACON& Tower with Radar,0,2,9,5,16,0,0,3,0,3,0,2,12,5,19,0,0,0,19
04/29/2020,YNG,OH,AGL,CE,Combined TRACON& Tower with Radar,0,16,7,10,33,0,0,6,2,8,0,16,13,12,41,0,0,0,41
04/30/2020,YNG,OH,AGL,CE,Combined TRACON& Tower with Radar,0,0,5,2,7,0,0,0,0,0,0,0,5,2,7,0,0,0,7
05/01/2020,YNG,OH,AGL,CE,Combined TRACON& Tower with Radar,0,0,12,0,12,0,0,3,0,3,0,0,15,0,15,6,0,6,21
05/02/2020,YNG,OH,AGL,CE,Combined TRACON& Tower with Radar,0,3,14,0,17,0,0,13,2,15,0,3,27,2,32,6,0,6,38
05/03/2020,YNG,OH,AGL,CE,Combined TRACON& Tower with Radar,0,1,17,0,18,0,0,31,0,31,0,1,48,0,49,0,0,0,49
05/04/2020,YNG,OH,AGL,CE,Combined TRACON& Tower with Radar,0,0,1,12,13,0,0,4,12,16,0,0,5,24,29,0,43,43,72
05/05/2020,YNG,OH,AGL,CE,Combined TRACON& Tower with Radar,0,0,7,2,9,0,0,12,2,14,0,0,19,4,23,0,30,30,53
05/06/2020,YNG,OH,AGL,CE,Combined TRACON& Tower with Radar,0,15,15,17,47,0,0,6,2,8,0,15,21,19,55,2,23,25,80
05/07/2020,YNG,OH,AGL,CE,Combined TRACON& Tower with Radar,0,1,24,11,36,0,0,15,4,19,0,1,39,15,55,8,16,24,79
05/08/2020,YNG,OH,AGL,CE,Combined TRACON& Tower with Radar,0,1,3,0,4,0,0,2,0,2,0,1,5,0,6,0,0,0,6
05/09/2020,YNG,OH,AGL,CE,Combined TRACON& Tower with Radar,0,1,9,0,10,0,0,0,0,0,0,1,9,0,10,0,0,0,10
05/10/2020,YNG,OH,AGL,CE,Combined TRACON& Tower with Radar,0,0,4,0,4,0,0,3,0,3,0,0,7,0,7,10,0,10,17
05/11/2020,YNG,OH,AGL,CE,Combined TRACON& Tower with Radar,0,2,6,0,8,0,0,0,0,0,0,2,6,0,8,0,0,0,8
05/12/2020,YNG,OH,AGL,CE,Combined TRACON& Tower with Radar,0,0,10,4,14,0,0,14,0,14,0,0,24,4,28,14,8,22,50
05/13/2020,YNG,OH,AGL,CE,Combined TRACON& Tower with Radar,0,1,22,18,41,0,0,54,0,54,0,1,76,18,95,20,0,20,115
05/14/2020,YNG,OH,AGL,CE,Combined TRACON& Tower with Radar,0,3,12,3,18,0,0,0,0,0,0,3,12,3,18,0,0,0,18
05/15/2020,YNG,OH,AGL,CE,Combined TRACON& Tower with Radar,0,1,4,0,5,0,0,0,0,0,0,1,4,0,5,0,0,0,5
05/16/2020,YNG,OH,AGL,CE,Combined TRACON& Tower with Radar,0,0,15,8,23,0,0,32,0,32,0,0,47,8,55,32,10,42,97
05/17/2020,YNG,OH,AGL,CE,Combined TRACON& Tower with Radar,0,0,2,0,2,0,0,3,0,3,0,0,5,0,5,31,0,31,36
05/18/2020,YNG,OH,AGL,CE,Combined TRACON& Tower with Radar,0,1,5,7,13,0,0,7,7,14,0,1,12,14,27,0,0,0,27
05/19/2020,YNG,OH,AGL,CE,Combined TRACON& Tower with Radar,0,1,9,29,39,0,0,7,9,16,0,1,16,38,55,2,40,42,97
05/20/2020,YNG,OH,AGL,CE,Combined TRACON& Tower with Radar,0,4,18,7,29,0,3,22,3,28,0,7,40,10,57,25,0,25,82
05/21/2020,YNG,OH,AGL,CE,Combined TRACON& Tower with Radar,0,0,13,17,30,0,0,21,4,25,0,0,34,21,55,30,52,82,137
05/22/2020,YNG,OH,AGL,CE,Combined TRACON& Tower with Radar,0,0,15,27,42,0,0,3,1,4,0,0,18,28,46,0,0,0,46
05/23/2020,YNG,OH,AGL,CE,Combined TRACON& Tower with Radar,0,0,16,2,18,0,0,15,5,20,0,0,31,7,38,4,0,4,42
05/24/2020,YNG,OH,AGL,CE,Combined TRACON& Tower with Radar,0,0,9,0,9,0,0,16,2,18,0,0,25,2,27,0,0,0,27
05/25/2020,YNG,OH,AGL,CE,Combined TRACON& Tower with Radar,0,1,3,2,6,0,0,20,0,20,0,1,23,2,26,4,0,4,30
05/26/2020,YNG,OH,AGL,CE,Combined TRACON& Tower with Radar,0,5,7,1,13,0,1,18,7,26,0,6,25,8,39,58,12,70,109
05/27/2020,YNG,OH,AGL,CE,Combined TRACON& Tower with Radar,0,2,24,10,36,0,0,24,12,36,0,2,48,22,72,58,28,86,158
05/28/2020,YNG,OH,AGL,CE,Combined TRACON& Tower with Radar,0,2,10,0,12,0,0,0,2,2,0,2,10,2,14,0,0,0,14
05/29/2020,YNG,OH,AGL,CE,Combined TRACON& Tower with Radar,0,2,6,2,10,0,0,0,0,0,0,2,6,2,10,0,0,0,10
05/30/2020,YNG,OH,AGL,CE,Combined TRACON& Tower with Radar,0,2,15,0,17,0,0,5,0,5,0,2,20,0,22,1,0,1,23
05/31/2020,YNG,OH,AGL,CE,Combined TRACON& Tower with Radar,0,2,17,4,23,0,0,20,0,20,0,2,37,4,43,36,0,36,79
06/01/2020,YNG,OH,AGL,CE,Combined TRACON& Tower with Radar,0,4,37,1,42,0,0,23,1,24,0,4,60,2,66,43,0,43,109
06/02/2020,YNG,OH,AGL,CE,Combined TRACON& Tower with Radar,0,4,16,13,33,0,0,12,1,13,0,4,28,14,46,12,10,22,68
06/03/2020,YNG,OH,AGL,CE,Combined TRACON& Tower with Radar,0,8,24,7,39,0,1,11,3,15,0,9,35,10,54,6,18,24,78
06/04/2020,YNG,OH,AGL,CE,Combined TRACON& Tower with Radar,0,13,6,3,22,0,0,0,10,10,0,13,6,13,32,14,10,24,56
06/05/2020,YNG,OH,AGL,CE,Combined TRACON& Tower with Radar,0,3,23,6,32,0,0,6,0,6,0,3,29,6,38,0,0,0,38
06/06/2020,YNG,OH,AGL,CE,Combined TRACON& Tower with Radar,0,5,18,3,26,0,0,33,11,44,0,5,51,14,70,42,10,52,122
06/07/2020,YNG,OH,AGL,CE,Combined TRACON& Tower with Radar,0,0,11,0,11,0,0,21,0,21,0,0,32,0,32,0,0,0,32
06/08/2020,YNG,OH,AGL,CE,Combined TRACON& Tower with Radar,0,6,25,3,34,0,6,45,3,54,0,12,70,6,88,12,0,12,100
06/09/2020,YNG,OH,AGL,CE,Combined TRACON& Tower with Radar,0,2,17,5,24,0,0,30,12,42,0,2,47,17,66,42,44,86,152
06/10/2020,YNG,OH,AGL,CE,Combined TRACON& Tower with Radar,0,5,6,10,21,0,0,0,5,5,0,5,6,15,26,0,48,48,74
06/11/2020,YNG,OH,AGL,CE,Combined TRACON& Tower with Radar,0,11,18,7,36,0,2,16,9,27,0,13,34,16,63,10,26,36,99
06/12/2020,YNG,OH,AGL,CE,Combined TRACON& Tower with Radar,0,2,22,0,24,0,0,32,0,32,0,2,54,0,56,12,0,12,68
06/13/2020,YNG,OH,AGL,CE,Combined TRACON& Tower with Radar,0,0,13,0,13,0,0,20,0,20,0,0,33,0,33,0,0,0,33
06/14/2020,YNG,OH,AGL,CE,Combined TRACON& Tower with Radar,0,2,24,2,28,0,0,15,0,15,0,2,39,2,43,0,0,0,43
06/15/2020,YNG,OH,AGL,CE,Combined TRACON& Tower with Radar,0,6,11,6,23,0,0,34,0,34,0,6,45,6,57,49,0,49,106
06/16/2020,YNG,OH,AGL,CE,Combined TRACON& Tower with Radar,0,11,26,15,52,0,0,31,4,35,0,11,57,19,87,28,52,80,167
06/17/2020,YNG,OH,AGL,CE,Combined TRACON& Tower with Radar,0,2,24,12,38,0,0,24,1,25,0,2,48,13,63,43,10,53,116
06/18/2020,YNG,OH,AGL,CE,Combined TRACON& Tower with Radar,0,9,19,10,38,0,0,25,13,38,0,9,44,23,76,24,38,62,138
06/19/2020,YNG,OH,AGL,CE,Combined TRACON& Tower with Radar,0,2,16,0,18,0,0,14,0,14,0,2,30,0,32,8,0,8,40
06/20/2020,YNG,OH,AGL,CE,Combined TRACON& Tower with Radar,0,1,38,0,39,0,0,31,2,33,0,1,69,2,72,30,0,30,102
06/21/2020,YNG,OH,AGL,CE,Combined TRACON& Tower with Radar,0,3,7,0,10,0,0,3,0,3,0,3,10,0,13,34,0,34,47
06/22/2020,YNG,OH,AGL,CE,Combined TRACON& Tower with Radar,0,1,33,2,36,0,0,5,0,5,0,1,38,2,41,4,0,4,45
06/23/2020,YNG,OH,AGL,CE,Combined TRACON& Tower with Radar,0,6,12,10,28,0,0,2,7,9,0,6,14,17,37,0,4,4,41
06/24/2020,YNG,OH,AGL,CE,Combined TRACON& Tower with Radar,0,8,11,12,31,0,8,13,7,28,0,16,24,19,59,22,16,38,97
06/25/2020,YNG,OH,AGL,CE,Combined TRACON& Tower with Radar,0,3,17,18,38,0,0,8,4,12,0,3,25,22,50,0,26,26,76
06/26/2020,YNG,OH,AGL,CE,Combined TRACON& Tower with Radar,0,3,10,8,21,0,0,23,0,23,0,3,33,8,44,14,10,24,68
06/27/2020,YNG,OH,AGL,CE,Combined TRACON& Tower with Radar,0,0,4,5,9,0,0,1,0,1,0,0,5,5,10,0,6,6,16
06/28/2020,YNG,OH,AGL,CE,Combined TRACON& Tower with Radar,0,0,27,3,30,0,0,14,0,14,0,0,41,3,44,42,2,44,88
06/29/2020,YNG,OH,AGL,CE,Combined TRACON& Tower with Radar,0,3,19,0,22,0,1,27,0,28,0,4,46,0,50,26,0,26,76
06/30/2020,YNG,OH,AGL,CE,Combined TRACON& Tower with Radar,0,1,26,8,35,0,7,23,8,38,0,8,49,16,73,66,14,80,153
07/01/2020,YNG,OH,AGL,CE,Combined TRACON& Tower with Radar,0,3,30,33,66,0,2,13,15,30,0,5,43,48,96,40,80,120,216
07/02/2020,YNG,OH,AGL,CE,Combined TRACON& Tower with Radar,0,0,8,21,29,0,0,28,22,50,0,0,36,43,79,28,24,52,131
07/03/2020,YNG,OH,AGL,CE,Combined TRACON& Tower with Radar,0,0,7,10,17,0,0,24,0,24,0,0,31,10,41,10,15,25,66
07/04/2020,YNG,OH,AGL,CE,Combined TRACON& Tower with Radar,0,2,6,0,8,0,0,13,0,13,0,2,19,0,21,6,0,6,27
07/05/2020,YNG,OH,AGL,CE,Combined TRACON& Tower with Radar,0,2,6,0,8,0,0,15,0,15,0,2,21,0,23,3,0,3,26
07/06/2020,YNG,OH,AGL,CE,Combined TRACON& Tower with Radar,0,6,8,10,24,0,4,12,8,24,0,10,20,18,48,10,10,20,68
07/07/2020,YNG,OH,AGL,CE,Combined TRACON& Tower with Radar,0,5,21,7,33,0,0,16,11,27,0,5,37,18,60,30,28,58,118
07/08/2020,YNG,OH,AGL,CE,Combined TRACON& Tower with Radar,0,2,21,15,38,0,0,19,13,32,0,2,40,28,70,16,58,74,144
07/09/2020,YNG,OH,AGL,CE,Combined TRACON& Tower with Radar,0,2,23,8,33,0,2,24,6,32,0,4,47,14,65,23,12,35,100
07/10/2020,YNG,OH,AGL,CE,Combined TRACON& Tower with Radar,0,2,8,4,14,0,0,21,2,23,0,2,29,6,37,6,12,18,55
07/11/2020,YNG,OH,AGL,CE,Combined TRACON& Tower with Radar,0,0,7,10,17,0,2,6,0,8,0,2,13,10,25,0,6,6,31
07/12/2020,YNG,OH,AGL,CE,Combined TRACON& Tower with Radar,0,1,7,3,11,0,2,12,1,15,0,3,19,4,26,0,0,0,26
07/13/2020,YNG,OH,AGL,CE,Combined TRACON& Tower with Radar,0,2,15,8,25,0,2,28,9,39,0,4,43,17,64,10,8,18,82
07/14/2020,YNG,OH,AGL,CE,Combined TRACON& Tower with Radar,0,3,31,8,42,0,0,28,6,34,0,3,59,14,76,38,16,54,130
07/15/2020,YNG,OH,AGL,CE,Combined TRACON& Tower with Radar,0,5,36,11,52,0,5,31,14,50,0,10,67,25,102,28,44,72,174
07/16/2020,YNG,OH,AGL,CE,Combined TRACON& Tower with Radar,0,5,15,8,28,0,0,1,4,5,0,5,16,12,33,6,18,24,57
07/17/2020,YNG,OH,AGL,CE,Combined TRACON& Tower with Radar,0,6,25,3,34,0,2,25,3,30,0,8,50,6,64,12,6,18,82
07/18/2020,YNG,OH,AGL,CE,Combined TRACON& Tower with Radar,0,13,24,0,37,0,0,35,0,35,0,13,59,0,72,20,0,20,92
07/19/2020,YNG,OH,AGL,CE,Combined TRACON& Tower with Radar,0,0,3,3,6,0,0,3,0,3,0,0,6,3,9,0,0,0,9
07/20/2020,YNG,OH,AGL,CE,Combined TRACON& Tower with Radar,0,2,14,18,34,0,0,27,10,37,0,2,41,28,71,32,66,98,169
07/21/2020,YNG,OH,AGL,CE,Combined TRACON& Tower with Radar,0,0,15,10,25,0,2,13,3,18,0,2,28,13,43,22,4,26,69
07/22/2020,YNG,OH,AGL,CE,Combined TRACON& Tower with Radar,0,4,10,12,26,0,0,4,6,10,0,4,14,18,36,0,14,14,50
07/23/2020,YNG,OH,AGL,CE,Combined TRACON& Tower with Radar,0,1,8,21,30,0,0,1,3,4,0,1,9,24,34,0,4,4,38
07/24/2020,YNG,OH,AGL,CE,Combined TRACON& Tower with Radar,0,3,29,5,37,0,1,45,4,50,0,4,74,9,87,4,4,8,95
07/25/2020,YNG,OH,AGL,CE,Combined TRACON& Tower with Radar,0,2,13,0,15,0,0,11,0,11,0,2,24,0,26,12,0,12,38
07/26/2020,YNG,OH,AGL,CE,Combined TRACON& Tower with Radar,0,7,12,1,20,0,2,22,0,24,0,9,34,1,44,10,0,10,54
07/27/2020,YNG,OH,AGL,CE,Combined TRACON& Tower with Radar,0,0,10,8,18,0,0,8,0,8,0,0,18,8,26,0,0,0,26
07/28/2020,YNG,OH,AGL,CE,Combined TRACON& Tower with Radar,0,6,30,8,44,0,4,24,4,32,0,10,54,12,76,36,4,40,116
07/29/2020,YNG,OH,AGL,CE,Combined TRACON& Tower with Radar,0,6,14,10,30,0,2,18,15,35,0,8,32,25,65,10,26,36,101
07/30/2020,YNG,OH,AGL,CE,Combined TRACON& Tower with Radar,0,2,25,11,38,0,2,20,22,44,0,4,45,33,82,4,28,32,114
07/31/2020,YNG,OH,AGL,CE,Combined TRACON& Tower with Radar,0,4,17,5,26,0,4,28,7,39,0,8,45,12,65,21,4,25,90
08/01/2020,YNG,OH,AGL,CE,Combined TRACON& Tower with Radar,0,5,13,2,20,0,0,0,0,0,0,5,13,2,20,0,0,0,20
08/02/2020,YNG,OH,AGL,CE,Combined TRACON& Tower with Radar,0,1,10,0,11,0,0,0,0,0,0,1,10,0,11,0,0,0,11
08/03/2020,YNG,OH,AGL,CE,Combined TRACON& Tower with Radar,0,2,14,1,17,0,2,8,1,11,0,4,22,2,28,0,0,0,28
08/04/2020,YNG,OH,AGL,CE,Combined TRACON& Tower with Radar,0,16,12,19,47,0,0,0,2,2,0,16,12,21,49,0,20,20,69
08/05/2020,YNG,OH,AGL,CE,Combined TRACON& Tower with Radar,0,10,27,10,47,0,0,27,2,29,0,10,54,12,76,5,8,13,89
08/06/2020,YNG,OH,AGL,CE,Combined TRACON& Tower with Radar,0,0,26,12,38,0,0,15,4,19,0,0,41,16,57,26,24,50,107
08/07/2020,YNG,OH,AGL,CE,Combined TRACON& Tower with Radar,0,0,16,0,16,0,8,33,1,42,0,8,49,1,58,8,0,8,66
08/08/2020,YNG,OH,AGL,CE,Combined TRACON& Tower with Radar,0,1,16,0,17,0,0,31,0,31,0,1,47,0,48,34,0,34,82
08/09/2020,YNG,OH,AGL,CE,Combined TRACON& Tower with Radar,0,2,7,0,9,0,4,21,0,25,0,6,28,0,34,18,0,18,52
08/10/2020,YNG,OH,AGL,CE,Combined TRACON& Tower with Radar,0,15,20,0,35,0,0,16,0,16,0,15,36,0,51,38,0,38,89
08/11/2020,YNG,OH,AGL,CE,Combined TRACON& Tower with Radar,0,1,23,0,24,0,0,19,0,19,0,1,42,0,43,40,0,40,83
08/12/2020,YNG,OH,AGL,CE,Combined TRACON& Tower with Radar,0,4,34,10,48,0,0,21,0,21,0,4,55,10,69,7,8,15,84
08/13/2020,YNG,OH,AGL,CE,Combined TRACON& Tower with Radar,0,2,26,0,28,0,10,19,0,29,0,12,45,0,57,14,0,14,71
08/14/2020,YNG,OH,AGL,CE,Combined TRACON& Tower with Radar,0,5,10,6,21,0,2,23,0,25,0,7,33,6,46,11,4,15,61
08/15/2020,YNG,OH,AGL,CE,Combined TRACON& Tower with Radar,0,3,25,0,28,0,0,24,0,24,0,3,49,0,52,0,0,0,52
08/16/2020,YNG,OH,AGL,CE,Combined TRACON& Tower with Radar,0,0,6,0,6,0,0,9,0,9,0,0,15,0,15,54,0,54,69
08/17/2020,YNG,OH,AGL,CE,Combined TRACON& Tower with Radar,0,4,10,7,21,0,0,11,3,14,0,4,21,10,35,28,10,38,73
08/18/2020,YNG,OH,AGL,CE,Combined TRACON& Tower with Radar,0,3,20,10,33,0,4,9,11,24,0,7,29,21,57,14,15,29,86
08/19/2020,YNG,OH,AGL,CE,Combined TRACON& Tower with Radar,0,6,30,27,63,0,2,30,6,38,0,8,60,33,101,0,18,18,119
08/20/2020,YNG,OH,AGL,CE,Combined TRACON& Tower with Radar,0,7,18,26,51,0,0,33,12,45,0,7,51,38,96,88,40,128,224
08/21/2020,YNG,OH,AGL,CE,Combined TRACON& Tower with Radar,0,6,23,7,36,0,10,22,11,43,0,16,45,18,79,18,6,24,103
08/22/2020,YNG,OH,AGL,CE,Combined TRACON& Tower with Radar,0,3,9,17,29,0,5,23,10,38,0,8,32,27,67,10,10,20,87
08/23/2020,YNG,OH,AGL,CE,Combined TRACON& Tower with Radar,0,1,15,3,19,0,3,16,0,19,0,4,31,3,38,4,0,4,42
08/24/2020,YNG,OH,AGL,CE,Combined TRACON& Tower with Radar,0,4,6,2,12,0,1,6,0,7,0,5,12,2,19,2,0,2,21
08/25/2020,YNG,OH,AGL,CE,Combined TRACON& Tower with Radar,0,2,8,3,13,0,0,9,22,31,0,2,17,25,44,8,4,12,56
08/26/2020,YNG,OH,AGL,CE,Combined TRACON& Tower with Radar,0,2,5,15,22,0,0,6,8,14,0,2,11,23,36,16,24,40,76
08/27/2020,YNG,OH,AGL,CE,Combined TRACON& Tower with Radar,0,6,20,5,31,0,0,0,3,3,0,6,20,8,34,0,8,8,42
08/28/2020,YNG,OH,AGL,CE,Combined TRACON& Tower with Radar,0,6,4,2,12,0,0,0,0,0,0,6,4,2,12,0,0,0,12
08/29/2020,YNG,OH,AGL,CE,Combined TRACON& Tower with Radar,0,7,5,0,12,0,0,0,0,0,0,7,5,0,12,0,0,0,12
08/30/2020,YNG,OH,AGL,CE,Combined TRACON& Tower with Radar,0,3,26,1,30,0,0,21,3,24,0,3,47,4,54,30,0,30,84
08/31/2020,YNG,OH,AGL,CE,Combined TRACON& Tower with Radar,0,4,24,4,32,0,0,22,0,22,0,4,46,4,54,26,0,26,80
09/01/2020,YNG,OH,AGL,CE,Combined TRACON& Tower with Radar,0,4,9,10,23,0,0,10,6,16,0,4,19,16,39,0,10,10,49
09/02/2020,YNG,OH,AGL,CE,Combined TRACON& Tower with Radar,0,4,13,21,38,0,0,0,9,9,0,4,13,30,47,0,25,25,72
09/03/2020,YNG,OH,AGL,CE,Combined TRACON& Tower with Radar,0,0,25,16,41,0,0,16,11,27,0,0,41,27,68,33,28,61,129
09/04/2020,YNG,OH,AGL,CE,Combined TRACON& Tower with Radar,0,1,22,6,29,0,0,27,0,27,0,1,49,6,56,20,6,26,82
09/05/2020,YNG,OH,AGL,CE,Combined TRACON& Tower with Radar,0,2,8,0,10,0,6,26,0,32,0,8,34,0,42,20,0,20,62
09/06/2020,YNG,OH,AGL,CE,Combined TRACON& Tower with Radar,0,2,14,0,16,0,3,18,0,21,0,5,32,0,37,18,16,34,71
09/07/2020,YNG,OH,AGL,CE,Combined TRACON& Tower with Radar,0,3,1,0,4,0,0,0,0,0,0,3,1,0,4,0,0,0,4
09/08/2020,YNG,OH,AGL,CE,Combined TRACON& Tower with Radar,0,3,17,22,42,0,0,20,7,27,0,3,37,29,69,28,20,48,117
09/09/2020,YNG,OH,AGL,CE,Combined TRACON& Tower with Radar,0,2,33,24,59,0,0,28,16,44,0,2,61,40,103,111,12,123,226
09/10/2020,YNG,OH,AGL,CE,Combined TRACON& Tower with Radar,0,3,22,6,31,0,1,0,14,15,0,4,22,20,46,0,0,0,46
09/11/2020,YNG,OH,AGL,CE,Combined TRACON& Tower with Radar,0,4,17,8,29,0,2,6,0,8,0,6,23,8,37,0,0,0,37
09/12/2020,YNG,OH,AGL,CE,Combined TRACON& Tower with Radar,0,1,24,1,26,0,2,17,1,20,0,3,41,2,46,0,0,0,46
09/13/2020,YNG,OH,AGL,CE,Combined TRACON& Tower with Radar,0,1,16,4,21,0,0,6,2,8,0,1,22,6,29,10,0,10,39
09/14/2020,YNG,OH,AGL,CE,Combined TRACON& Tower with Radar,0,11,23,4,38,0,2,27,0,29,0,13,50,4,67,8,16,24,91
09/15/2020,YNG,OH,AGL,CE,Combined TRACON& Tower with Radar,0,0,30,7,37,0,2,28,16,46,0,2,58,23,83,38,10,48,131
09/16/2020,YNG,OH,AGL,CE,Combined TRACON& Tower with Radar,0,0,23,14,37,0,2,26,22,50,0,2,49,36,87,28,42,70,157
09/17/2020,YNG,OH,AGL,CE,Combined TRACON& Tower with Radar,0,2,26,18,46,0,0,14,2,16,0,2,40,20,62,0,0,0,62
09/18/2020,YNG,OH,AGL,CE,Combined TRACON& Tower with Radar,0,0,7,3,10,0,2,21,2,25,0,2,28,5,35,18,6,24,59
09/19/2020,YNG,OH,AGL,CE,Combined TRACON& Tower with Radar,0,0,6,23,29,0,0,14,0,14,0,0,20,23,43,12,22,34,77
09/20/2020,YNG,OH,AGL,CE,Combined TRACON& Tower with Radar,0,0,13,10,23,0,0,19,0,19,0,0,32,10,42,19,8,27,69
09/21/2020,YNG,OH,AGL,CE,Combined TRACON& Tower with Radar,0,2,11,9,22,0,8,16,9,33,0,10,27,18,55,10,16,26,81
09/22/2020,YNG,OH,AGL,CE,Combined TRACON& Tower with Radar,0,18,30,8,56,0,0,19,12,31,0,18,49,20,87,1,8,9,96
09/23/2020,YNG,OH,AGL,CE,Combined TRACON& Tower with Radar,0,4,8,12,24,0,2,14,12,28,0,6,22,24,52,14,16,30,82
09/24/2020,YNG,OH,AGL,CE,Combined TRACON& Tower with Radar,0,3,29,13,45,0,1,18,15,34,0,4,47,28,79,0,14,14,93
09/25/2020,YNG,OH,AGL,CE,Combined TRACON& Tower with Radar,0,2,20,9,31,0,2,29,1,32,0,4,49,10,63,0,8,8,71
09/26/2020,YNG,OH,AGL,CE,Combined TRACON& Tower with Radar,0,2,13,0,15,0,2,35,0,37,0,4,48,0,52,0,0,0,52
09/27/2020,YNG,OH,AGL,CE,Combined TRACON& Tower with Radar,0,3,12,3,18,0,2,11,0,13,0,5,23,3,31,8,0,8,39
09/28/2020,YNG,OH,AGL,CE,Combined TRACON& Tower with Radar,0,6,5,4,15,0,0,5,6,11,0,6,10,10,26,28,34,62,88
09/29/2020,YNG,OH,AGL,CE,Combined TRACON& Tower with Radar,0,3,11,34,48,0,0,0,7,7,0,3,11,41,55,0,0,0,55
09/30/2020,YNG,OH,AGL,CE,Combined TRACON& Tower with Radar,0,1,5,23,29,0,0,2,1,3,0,1,7,24,32,0,61,61,93
10/01/2020,YNG,OH,AGL,CE,Combined TRACON& Tower with Radar,0,6,6,21,33,0,2,10,9,21,0,8,16,30,54,0,52,52,106
10/02/2020,YNG,OH,AGL,CE,Combined TRACON& Tower with Radar,0,10,18,6,34,0,0,7,5,12,0,10,25,11,46,12,10,22,68
10/03/2020,YNG,OH,AGL,CE,Combined TRACON& Tower with Radar,0,0,11,14,25,0,10,13,11,34,0,10,24,25,59,0,0,0,59
10/04/2020,YNG,OH,AGL,CE,Combined TRACON& Tower with Radar,0,1,9,2,12,0,0,16,13,29,0,1,25,15,41,6,0,6,47
10/05/2020,YNG,OH,AGL,CE,Combined TRACON& Tower with Radar,0,8,10,7,25,0,0,19,11,30,0,8,29,18,55,24,28,52,107
10/06/2020,YNG,OH,AGL,CE,Combined TRACON& Tower with Radar,0,3,12,18,33,0,0,8,18,26,0,3,20,36,59,14,38,52,111
10/07/2020,YNG,OH,AGL,CE,Combined TRACON& Tower with Radar,0,3,13,28,44,0,0,7,1,8,0,3,20,29,52,6,92,98,150
10/08/2020,YNG,OH,AGL,CE,Combined TRACON& Tower with Radar,0,2,17,5,24,0,8,19,16,43,0,10,36,21,67,40,14,54,121
10/09/2020,YNG,OH,AGL,CE,Combined TRACON& Tower with Radar,0,2,22,13,37,0,4,32,0,36,0,6,54,13,73,24,30,54,127
10/10/2020,YNG,OH,AGL,CE,Combined TRACON& Tower with Radar,0,0,7,0,7,0,0,23,0,23,0,0,30,0,30,0,0,0,30
10/11/2020,YNG,OH,AGL,CE,Combined TRACON& Tower with Radar,0,0,16,0,16,0,0,15,0,15,0,0,31,0,31,39,0,39,70
10/12/2020,YNG,OH,AGL,CE,Combined TRACON& Tower with Radar,0,2,12,0,14,0,0,4,0,4,0,2,16,0,18,40,0,40,58
10/13/2020,YNG,OH,AGL,CE,Combined TRACON& Tower with Radar,0,12,22,16,50,0,0,26,8,34,0,12,48,24,84,32,16,48,132
10/14/2020,YNG,OH,AGL,CE,Combined TRACON& Tower with Radar,0,2,14,29,45,0,6,29,12,47,0,8,43,41,92,21,68,89,181
10/15/2020,YNG,OH,AGL,CE,Combined TRACON& Tower with Radar,0,0,13,4,17,0,0,0,8,8,0,0,13,12,25,0,42,42,67
10/16/2020,YNG,OH,AGL,CE,Combined TRACON& Tower with Radar,0,5,11,3,19,0,0,18,0,18,0,5,29,3,37,16,0,16,53
10/17/2020,YNG,OH,AGL,CE,Combined TRACON& Tower with Radar,0,4,18,6,28,0,4,21,4,29,0,8,39,10,57,0,4,4,61
10/18/2020,YNG,OH,AGL,CE,Combined TRACON& Tower with Radar,0,0,9,12,21,0,0,5,0,5,0,0,14,12,26,0,6,6,32
10/19/2020,YNG,OH,AGL,CE,Combined TRACON& Tower with Radar,0,2,4,13,19,0,0,0,0,0,0,2,4,13,19,0,0,0,19
10/20/2020,YNG,OH,AGL,CE,Combined TRACON& Tower with Radar,0,6,15,14,35,0,0,0,0,0,0,6,15,14,35,0,0,0,35
10/21/2020,YNG,OH,AGL,CE,Combined TRACON& Tower with Radar,0,4,18,0,22,0,0,2,0,2,0,4,20,0,24,0,0,0,24
10/22/2020,YNG,OH,AGL,CE,Combined TRACON& Tower with Radar,0,0,12,3,15,0,0,21,7,28,0,0,33,10,43,0,22,22,65
10/23/2020,YNG,OH,AGL,CE,Combined TRACON& Tower with Radar,0,6,7,0,13,0,2,24,0,26,0,8,31,0,39,16,0,16,55
10/24/2020,YNG,OH,AGL,CE,Combined TRACON& Tower with Radar,0,0,18,0,18,0,0,5,0,5,0,0,23,0,23,0,0,0,23
10/25/2020,YNG,OH,AGL,CE,Combined TRACON& Tower with Radar,0,5,8,0,13,0,0,12,0,12,0,5,20,0,25,10,0,10,35
10/26/2020,YNG,OH,AGL,CE,Combined TRACON& Tower with Radar,0,8,12,5,25,0,0,0,0,0,0,8,12,5,25,0,0,0,25
10/27/2020,YNG,OH,AGL,CE,Combined TRACON& Tower with Radar,0,17,7,6,30,0,0,0,0,0,0,17,7,6,30,0,0,0,30
10/28/2020,YNG,OH,AGL,CE,Combined TRACON& Tower with Radar,0,6,23,0,29,0,0,5,0,5,0,6,28,0,34,0,0,0,34
10/29/2020,YNG,OH,AGL,CE,Combined TRACON& Tower with Radar,0,5,3,0,8,0,0,0,0,0,0,5,3,0,8,0,0,0,8
10/30/2020,YNG,OH,AGL,CE,Combined TRACON& Tower with Radar,0,4,14,2,20,0,0,2,0,2,0,4,16,2,22,10,0,10,32
10/31/2020,YNG,OH,AGL,CE,Combined TRACON& Tower with Radar,0,4,28,5,37,0,2,48,0,50,0,6,76,5,87,0,0,0,87
11/01/2020,YNG,OH,AGL,CE,Combined TRACON& Tower with Radar,0,1,1,8,10,0,0,0,0,0,0,1,1,8,10,0,0,0,10
11/02/2020,YNG,OH,AGL,CE,Combined TRACON& Tower with Radar,0,10,11,0,21,0,1,5,0,6,0,11,16,0,27,0,0,0,27
11/03/2020,YNG,OH,AGL,CE,Combined TRACON& Tower with Radar,0,15,16,12,43,0,3,32,9,44,0,18,48,21,87,0,0,0,87
11/04/2020,YNG,OH,AGL,CE,Combined TRACON& Tower with Radar,0,5,40,11,56,0,1,18,7,26,0,6,58,18,82,0,44,44,126
11/05/2020,YNG,OH,AGL,CE,Combined TRACON& Tower with Radar,0,7,24,4,35,0,0,23,10,33,0,7,47,14,68,6,31,37,105
11/06/2020,YNG,OH,AGL,CE,Combined TRACON& Tower with Radar,0,2,17,22,41,0,1,32,1,34,0,3,49,23,75,60,12,72,147
11/07/2020,YNG,OH,AGL,CE,Combined TRACON& Tower with Radar,0,1,18,0,19,0,5,31,0,36,0,6,49,0,55,0,0,0,55
11/08/2020,YNG,OH,AGL,CE,Combined TRACON& Tower with Radar,0,5,21,0,26,0,2,43,0,45,0,7,64,0,71,106,0,106,177
11/09/2020,YNG,OH,AGL,CE,Combined TRACON& Tower with Radar,0,0,15,3,18,0,2,27,7,36,0,2,42,10,54,41,12,53,107
11/10/2020,YNG,OH,AGL,CE,Combined TRACON& Tower with Radar,0,2,22,4,28,0,4,32,1,37,0,6,54,5,65,94,8,102,167
11/11/2020,YNG,OH,AGL,CE,Combined TRACON& Tower with Radar,0,2,19,1,22,0,4,5,0,9,0,6,24,1,31,0,0,0,31
11/12/2020,YNG,OH,AGL,CE,Combined TRACON& Tower with Radar,0,8,18,12,38,0,6,19,22,47,0,14,37,34,85,19,28,47,132
11/13/2020,YNG,OH,AGL,CE,Combined TRACON& Tower with Radar,0,5,12,1,18,0,4,18,0,22,0,9,30,1,40,16,0,16,56
11/14/2020,YNG,OH,AGL,CE,Combined TRACON& Tower with Radar,0,1,8,1,10,0,6,25,0,31,0,7,33,1,41,0,0,0,41
11/15/2020,YNG,OH,AGL,CE,Combined TRACON& Tower with Radar,0,2,4,0,6,0,0,0,0,0,0,2,4,0,6,0,0,0,6
11/16/2020,YNG,OH,AGL,CE,Combined TRACON& Tower with Radar,0,4,6,3,13,0,0,5,0,5,0,4,11,3,18,0,0,0,18
11/17/2020,YNG,OH,AGL,CE,Combined TRACON& Tower with Radar,0,1,6,8,15,0,0,0,0,0,0,1,6,8,15,0,12,12,27
11/18/2020,YNG,OH,AGL,CE,Combined TRACON& Tower with Radar,0,7,11,9,27,0,4,20,5,29,0,11,31,14,56,41,30,71,127
11/19/2020,YNG,OH,AGL,CE,Combined TRACON& Tower with Radar,0,7,5,5,17,0,7,3,1,11,0,14,8,6,28,0,0,0,28
11/20/2020,YNG,OH,AGL,CE,Combined TRACON& Tower with Radar,0,12,9,3,24,0,8,9,0,17,0,20,18,3,41,0,0,0,41
11/21/2020,YNG,OH,AGL,CE,Combined TRACON& Tower with Radar,0,0,21,1,22,0,0,6,0,6,0,0,27,1,28,0,0,0,28
11/22/2020,YNG,OH,AGL,CE,Combined TRACON& Tower with Radar,0,1,13,0,14,0,0,0,0,0,0,1,13,0,14,0,0,0,14
11/23/2020,YNG,OH,AGL,CE,Combined TRACON& Tower with Radar,0,4,19,10,33,0,0,3,1,4,0,4,22,11,37,0,20,20,57
11/24/2020,YNG,OH,AGL,CE,Combined TRACON& Tower with Radar,0,9,9,11,29,0,1,21,8,30,0,10,30,19,59,5,12,17,76
11/25/2020,YNG,OH,AGL,CE,Combined TRACON& Tower with Radar,0,16,12,6,34,0,0,0,8,8,0,16,12,14,42,0,0,0,42
11/26/2020,YNG,OH,AGL,CE,Combined TRACON& Tower with Radar,0,0,0,0,0,0,0,0,0,0,0,0,0,0,0,0,0,0,0
11/27/2020,YNG,OH,AGL,CE,Combined TRACON& Tower with Radar,0,7,18,0,25,0,0,23,0,23,0,7,41,0,48,12,0,12,60
11/28/2020,YNG,OH,AGL,CE,Combined TRACON& Tower with Radar,0,2,26,0,28,0,0,24,0,24,0,2,50,0,52,0,0,0,52
11/29/2020,YNG,OH,AGL,CE,Combined TRACON& Tower with Radar,0,0,28,0,28,0,0,28,0,28,0,0,56,0,56,22,0,22,78
11/30/2020,YNG,OH,AGL,CE,Combined TRACON& Tower with Radar,0,2,2,0,4,0,0,0,0,0,0,2,2,0,4,0,0,0,4
12/01/2020,YNG,OH,AGL,CE,Combined TRACON& Tower with Radar,0,1,2,0,3,0,0,0,0,0,0,1,2,0,3,0,0,0,3
12/02/2020,YNG,OH,AGL,CE,Combined TRACON& Tower with Radar,0,0,15,14,29,0,2,13,2,17,0,2,28,16,46,0,22,22,68
12/03/2020,YNG,OH,AGL,CE,Combined TRACON& Tower with Radar,0,2,13,6,21,0,0,19,6,25,0,2,32,12,46,6,0,6,52
12/04/2020,YNG,OH,AGL,CE,Combined TRACON& Tower with Radar,0,0,16,4,20,0,2,10,8,20,0,2,26,12,40,0,12,12,52
12/05/2020,YNG,OH,AGL,CE,Combined TRACON& Tower with Radar,0,0,6,0,6,0,0,1,0,1,0,0,7,0,7,0,0,0,7
12/06/2020,YNG,OH,AGL,CE,Combined TRACON& Tower with Radar,0,0,8,10,18,0,0,0,8,8,0,0,8,18,26,0,30,30,56
12/07/2020,YNG,OH,AGL,CE,Combined TRACON& Tower with Radar,0,3,2,11,16,0,0,1,2,3,0,3,3,13,19,0,0,0,19
12/08/2020,YNG,OH,AGL,CE,Combined TRACON& Tower with Radar,0,1,10,19,30,0,0,4,4,8,0,1,14,23,38,0,18,18,56
12/09/2020,YNG,OH,AGL,CE,Combined TRACON& Tower with Radar,0,4,7,18,29,0,2,4,0,6,0,6,11,18,35,0,11,11,46
12/10/2020,YNG,OH,AGL,CE,Combined TRACON& Tower with Radar,0,6,30,6,42,0,2,16,4,22,0,8,46,10,64,18,6,24,88
12/11/2020,YNG,OH,AGL,CE,Combined TRACON& Tower with Radar,1,2,8,7,18,0,6,37,0,43,1,8,45,7,61,32,34,66,127
12/12/2020,YNG,OH,AGL,CE,Combined TRACON& Tower with Radar,1,2,3,0,6,0,0,0,0,0,1,2,3,0,6,0,0,0,6
12/13/2020,YNG,OH,AGL,CE,Combined TRACON& Tower with Radar,0,0,5,1,6,0,0,0,0,0,0,0,5,1,6,0,0,0,6
12/14/2020,YNG,OH,AGL,CE,Combined TRACON& Tower with Radar,0,4,6,11,21,0,0,3,3,6,0,4,9,14,27,0,17,17,44
12/15/2020,YNG,OH,AGL,CE,Combined TRACON& Tower with Radar,0,16,28,10,54,0,7,24,2,33,0,23,52,12,87,0,0,0,87
12/16/2020,YNG,OH,AGL,CE,Combined TRACON& Tower with Radar,0,6,5,6,17,0,0,3,0,3,0,6,8,6,20,0,18,18,38
12/17/2020,YNG,OH,AGL,CE,Combined TRACON& Tower with Radar,0,3,3,4,10,0,0,0,0,0,0,3,3,4,10,0,0,0,10
12/18/2020,YNG,OH,AGL,CE,Combined TRACON& Tower with Radar,0,4,11,16,31,0,0,2,0,2,0,4,13,16,33,11,0,11,44
12/19/2020,YNG,OH,AGL,CE,Combined TRACON& Tower with Radar,0,0,12,0,12,0,0,11,0,11,0,0,23,0,23,0,0,0,23
12/20/2020,YNG,OH,AGL,CE,Combined TRACON& Tower with Radar,0,0,4,1,5,0,0,0,0,0,0,0,4,1,5,0,0,0,5
12/21/2020,YNG,OH,AGL,CE,Combined TRACON& Tower with Radar,0,1,5,6,12,0,0,2,0,2,0,1,7,6,14,0,0,0,14
12/22/2020,YNG,OH,AGL,CE,Combined TRACON& Tower with Radar,0,2,3,5,10,0,0,0,9,9,0,2,3,14,19,0,8,8,27
12/23/2020,YNG,OH,AGL,CE,Combined TRACON& Tower with Radar,0,3,11,7,21,0,0,16,7,23,0,3,27,14,44,0,14,14,58
12/24/2020,YNG,OH,AGL,CE,Combined TRACON& Tower with Radar,0,0,2,0,2,0,0,0,0,0,0,0,2,0,2,0,0,0,2
12/25/2020,YNG,OH,AGL,CE,Combined TRACON& Tower with Radar,0,0,0,0,0,0,0,0,0,0,0,0,0,0,0,0,0,0,0
12/26/2020,YNG,OH,AGL,CE,Combined TRACON& Tower with Radar,0,0,2,0,2,0,0,0,0,0,0,0,2,0,2,0,0,0,2
12/27/2020,YNG,OH,AGL,CE,Combined TRACON& Tower with Radar,0,3,11,0,14,0,0,9,0,9,0,3,20,0,23,0,0,0,23
12/28/2020,YNG,OH,AGL,CE,Combined TRACON& Tower with Radar,0,3,3,12,18,0,0,0,0,0,0,3,3,12,18,0,0,0,18
12/29/2020,YNG,OH,AGL,CE,Combined TRACON& Tower with Radar,0,5,26,5,36,0,1,31,5,37,0,6,57,10,73,40,0,40,113
12/30/2020,YNG,OH,AGL,CE,Combined TRACON& Tower with Radar,0,2,5,14,21,0,0,2,0,2,0,2,7,14,23,0,12,12,35
12/31/2020,YNG,OH,AGL,CE,Combined TRACON& Tower with Radar,0,0,6,0,6,0,0,0,0,0,0,0,6,0,6,0,0,0,6
01/01/2021,YNG,OH,AGL,CE,Combined TRACON& Tower with Radar,0,2,0,0,2,0,0,0,0,0,0,2,0,0,2,0,0,0,2
01/02/2021,YNG,OH,AGL,CE,Combined TRACON& Tower with Radar,0,2,12,0,14,0,0,0,0,0,0,2,12,0,14,0,0,0,14
01/03/2021,YNG,OH,AGL,CE,Combined TRACON& Tower with Radar,0,0,4,0,4,0,0,0,0,0,0,0,4,0,4,0,0,0,4
01/04/2021,YNG,OH,AGL,CE,Combined TRACON& Tower with Radar,0,2,14,40,56,0,0,4,0,4,0,2,18,40,60,0,0,0,60
01/05/2021,YNG,OH,AGL,CE,Combined TRACON& Tower with Radar,0,25,3,13,41,0,0,0,1,1,0,25,3,14,42,0,0,0,42
01/06/2021,YNG,OH,AGL,CE,Combined TRACON& Tower with Radar,0,9,4,22,35,0,0,0,12,12,0,9,4,34,47,0,36,36,83
01/07/2021,YNG,OH,AGL,CE,Combined TRACON& Tower with Radar,0,2,14,15,31,0,0,0,0,0,0,2,14,15,31,30,4,34,65
01/08/2021,YNG,OH,AGL,CE,Combined TRACON& Tower with Radar,0,3,5,24,32,0,0,0,0,0,0,3,5,24,32,10,0,10,42
01/09/2021,YNG,OH,AGL,CE,Combined TRACON& Tower with Radar,0,0,30,2,32,0,0,60,0,60,0,0,90,2,92,16,0,16,108
01/10/2021,YNG,OH,AGL,CE,Combined TRACON& Tower with Radar,0,5,15,3,23,0,0,26,4,30,0,5,41,7,53,36,0,36,89
01/11/2021,YNG,OH,AGL,CE,Combined TRACON& Tower with Radar,0,2,16,22,40,0,0,0,1,1,0,2,16,23,41,0,32,32,73
01/12/2021,YNG,OH,AGL,CE,Combined TRACON& Tower with Radar,0,4,5,18,27,0,0,0,0,0,0,4,5,18,27,0,0,0,27
01/13/2021,YNG,OH,AGL,CE,Combined TRACON& Tower with Radar,0,4,14,27,45,0,0,24,5,29,0,4,38,32,74,6,50,56,130
01/14/2021,YNG,OH,AGL,CE,Combined TRACON& Tower with Radar,0,2,10,14,26,0,4,20,16,40,0,6,30,30,66,24,15,39,105
01/15/2021,YNG,OH,AGL,CE,Combined TRACON& Tower with Radar,0,1,2,13,16,0,0,0,4,4,0,1,2,17,20,0,28,28,48
01/16/2021,YNG,OH,AGL,CE,Combined TRACON& Tower with Radar,0,0,3,0,3,0,0,0,0,0,0,0,3,0,3,0,0,0,3
01/17/2021,YNG,OH,AGL,CE,Combined TRACON& Tower with Radar,0,2,5,2,9,0,0,0,0,0,0,2,5,2,9,0,0,0,9
01/18/2021,YNG,OH,AGL,CE,Combined TRACON& Tower with Radar,0,0,9,0,9,0,0,0,0,0,0,0,9,0,9,0,0,0,9
01/19/2021,YNG,OH,AGL,CE,Combined TRACON& Tower with Radar,0,4,8,2,14,0,0,8,0,8,0,4,16,2,22,8,14,22,44
01/20/2021,YNG,OH,AGL,CE,Combined TRACON& Tower with Radar,0,2,7,10,19,0,0,0,0,0,0,2,7,10,19,0,18,18,37
01/21/2021,YNG,OH,AGL,CE,Combined TRACON& Tower with Radar,0,0,3,15,18,0,0,4,2,6,0,0,7,17,24,0,28,28,52
01/22/2021,YNG,OH,AGL,CE,Combined TRACON& Tower with Radar,0,2,3,0,5,0,0,0,0,0,0,2,3,0,5,0,0,0,5
01/23/2021,YNG,OH,AGL,CE,Combined TRACON& Tower with Radar,0,6,8,0,14,0,0,5,0,5,0,6,13,0,19,0,0,0,19
01/24/2021,YNG,OH,AGL,CE,Combined TRACON& Tower with Radar,0,5,3,3,11,0,0,6,0,6,0,5,9,3,17,14,0,14,31
01/25/2021,YNG,OH,AGL,CE,Combined TRACON& Tower with Radar,0,2,6,1,9,0,0,2,0,2,0,2,8,1,11,0,0,0,11
01/26/2021,YNG,OH,AGL,CE,Combined TRACON& Tower with Radar,0,2,5,1,8,0,0,0,0,0,0,2,5,1,8,0,0,0,8
01/27/2021,YNG,OH,AGL,CE,Combined TRACON& Tower with Radar,0,1,9,0,10,0,2,20,0,22,0,3,29,0,32,0,0,0,32
01/28/2021,YNG,OH,AGL,CE,Combined TRACON& Tower with Radar,0,2,4,6,12,0,0,1,0,1,0,2,5,6,13,0,0,0,13
01/29/2021,YNG,OH,AGL,CE,Combined TRACON& Tower with Radar,0,8,9,2,19,0,0,2,0,2,0,8,11,2,21,0,6,6,27
01/30/2021,YNG,OH,AGL,CE,Combined TRACON& Tower with Radar,0,4,11,4,19,0,0,45,0,45,0,4,56,4,64,18,0,18,82
01/31/2021,YNG,OH,AGL,CE,Combined TRACON& Tower with Radar,0,0,4,0,4,0,0,0,0,0,0,0,4,0,4,0,0,0,4
02/01/2021,YNG,OH,AGL,CE,Combined TRACON& Tower with Radar,0,3,0,2,5,0,0,0,0,0,0,3,0,2,5,0,0,0,5
02/02/2021,YNG,OH,AGL,CE,Combined TRACON& Tower with Radar,0,0,2,2,4,0,0,4,0,4,0,0,6,2,8,0,0,0,8
02/03/2021,YNG,OH,AGL,CE,Combined TRACON& Tower with Radar,0,6,10,15,31,0,2,3,0,5,0,8,13,15,36,0,0,0,36
02/04/2021,YNG,OH,AGL,CE,Combined TRACON& Tower with Radar,0,11,10,4,25,0,0,12,2,14,0,11,22,6,39,0,0,0,39
02/05/2021,YNG,OH,AGL,CE,Combined TRACON& Tower with Radar,0,7,4,2,13,0,0,0,0,0,0,7,4,2,13,0,0,0,13
02/06/2021,YNG,OH,AGL,CE,Combined TRACON& Tower with Radar,0,2,10,0,12,0,0,23,0,23,0,2,33,0,35,8,0,8,43
02/07/2021,YNG,OH,AGL,CE,Combined TRACON& Tower with Radar,0,2,3,0,5,0,2,0,0,2,0,4,3,0,7,0,0,0,7
02/08/2021,YNG,OH,AGL,CE,Combined TRACON& Tower with Radar,0,10,16,16,42,0,0,10,0,10,0,10,26,16,52,32,0,32,84
02/09/2021,YNG,OH,AGL,CE,Combined TRACON& Tower with Radar,0,7,1,17,25,0,0,0,5,5,0,7,1,22,30,0,0,0,30
02/10/2021,YNG,OH,AGL,CE,Combined TRACON& Tower with Radar,0,10,10,16,36,0,0,8,2,10,0,10,18,18,46,6,8,14,60
02/11/2021,YNG,OH,AGL,CE,Combined TRACON& Tower with Radar,0,9,12,15,36,0,3,20,5,28,0,12,32,20,64,4,6,10,74
02/12/2021,YNG,OH,AGL,CE,Combined TRACON& Tower with Radar,0,5,10,5,20,0,0,7,2,9,0,5,17,7,29,18,6,24,53
02/13/2021,YNG,OH,AGL,CE,Combined TRACON& Tower with Radar,0,3,3,0,6,0,0,3,0,3,0,3,6,0,9,0,0,0,9
02/14/2021,YNG,OH,AGL,CE,Combined TRACON& Tower with Radar,0,2,8,0,10,0,0,10,0,10,0,2,18,0,20,6,0,6,26
02/15/2021,YNG,OH,AGL,CE,Combined TRACON& Tower with Radar,0,0,6,0,6,0,0,0,0,0,0,0,6,0,6,0,0,0,6
02/16/2021,YNG,OH,AGL,CE,Combined TRACON& Tower with Radar,0,0,0,0,0,0,0,0,0,0,0,0,0,0,0,0,0,0,0
02/17/2021,YNG,OH,AGL,CE,Combined TRACON& Tower with Radar,0,0,3,0,3,0,0,2,0,2,0,0,5,0,5,0,0,0,5
02/18/2021,YNG,OH,AGL,CE,Combined TRACON& Tower with Radar,0,5,9,1,15,0,0,0,0,0,0,5,9,1,15,0,0,0,15
02/19/2021,YNG,OH,AGL,CE,Combined TRACON& Tower with Radar,0,11,4,0,15,0,0,0,0,0,0,11,4,0,15,0,0,0,15
02/20/2021,YNG,OH,AGL,CE,Combined TRACON& Tower with Radar,2,4,4,1,11,0,0,0,0,0,2,4,4,1,11,6,0,6,17
02/21/2021,YNG,OH,AGL,CE,Combined TRACON& Tower with Radar,2,4,17,0,23,0,0,10,0,10,2,4,27,0,33,0,0,0,33
02/22/2021,YNG,OH,AGL,CE,Combined TRACON& Tower with Radar,0,9,3,13,25,0,0,0,3,3,0,9,3,16,28,0,12,12,40
02/23/2021,YNG,OH,AGL,CE,Combined TRACON& Tower with Radar,0,6,11,47,64,0,0,2,12,14,0,6,13,59,78,0,62,62,140
02/24/2021,YNG,OH,AGL,CE,Combined TRACON& Tower with Radar,0,6,5,13,24,0,0,7,0,7,0,6,12,13,31,4,30,34,65
02/25/2021,YNG,OH,AGL,CE,Combined TRACON& Tower with Radar,0,16,12,8,36,0,0,26,10,36,0,16,38,18,72,28,20,48,120
02/26/2021,YNG,OH,AGL,CE,Combined TRACON& Tower with Radar,1,4,21,5,31,0,2,34,1,37,1,6,55,6,68,53,17,70,138
02/27/2021,YNG,OH,AGL,CE,Combined TRACON& Tower with Radar,1,4,12,0,17,0,0,14,0,14,1,4,26,0,31,14,0,14,45
02/28/2021,YNG,OH,AGL,CE,Combined TRACON& Tower with Radar,0,0,11,0,11,0,0,1,0,1,0,0,12,0,12,48,28,76,88
03/01/2021,YNG,OH,AGL,CE,Combined TRACON& Tower with Radar,0,2,4,0,6,0,2,1,0,3,0,4,5,0,9,0,0,0,9
03/02/2021,YNG,OH,AGL,CE,Combined TRACON& Tower with Radar,0,6,31,13,50,0,0,40,13,53,0,6,71,26,103,0,0,0,103
03/03/2021,YNG,OH,AGL,CE,Combined TRACON& Tower with Radar,0,13,20,15,48,0,3,14,10,27,0,16,34,25,75,34,32,66,141
03/04/2021,YNG,OH,AGL,CE,Combined TRACON& Tower with Radar,2,6,14,4,26,0,0,2,2,4,2,6,16,6,30,0,29,29,59
03/05/2021,YNG,OH,AGL,CE,Combined TRACON& Tower with Radar,1,4,13,4,22,0,2,14,0,16,1,6,27,4,38,25,0,25,63
03/06/2021,YNG,OH,AGL,CE,Combined TRACON& Tower with Radar,1,1,7,11,20,0,4,11,0,15,1,5,18,11,35,34,18,52,87
03/07/2021,YNG,OH,AGL,CE,Combined TRACON& Tower with Radar,0,2,16,3,21,0,2,19,5,26,0,4,35,8,47,32,0,32,79
03/08/2021,YNG,OH,AGL,CE,Combined TRACON& Tower with Radar,0,3,12,7,22,0,2,21,0,23,0,5,33,7,45,0,6,6,51
03/09/2021,YNG,OH,AGL,CE,Combined TRACON& Tower with Radar,0,6,32,19,57,0,2,20,8,30,0,8,52,27,87,4,36,40,127
03/10/2021,YNG,OH,AGL,CE,Combined TRACON& Tower with Radar,0,3,10,14,27,0,2,16,4,22,0,5,26,18,49,16,10,26,75
03/11/2021,YNG,OH,AGL,CE,Combined TRACON& Tower with Radar,0,2,5,4,11,0,0,3,2,5,0,2,8,6,16,0,0,0,16
03/12/2021,YNG,OH,AGL,CE,Combined TRACON& Tower with Radar,2,4,16,2,24,0,4,19,0,23,2,8,35,2,47,10,0,10,57
03/13/2021,YNG,OH,AGL,CE,Combined TRACON& Tower with Radar,2,6,16,1,25,0,4,26,0,30,2,10,42,1,55,10,0,10,65
03/14/2021,YNG,OH,AGL,CE,Combined TRACON& Tower with Radar,0,2,5,1,8,0,4,5,0,9,0,6,10,1,17,4,0,4,21
03/15/2021,YNG,OH,AGL,CE,Combined TRACON& Tower with Radar,0,2,9,0,11,0,0,19,0,19,0,2,28,0,30,4,0,4,34
03/16/2021,YNG,OH,AGL,CE,Combined TRACON& Tower with Radar,0,5,14,1,20,0,4,10,0,14,0,9,24,1,34,21,0,21,55
03/17/2021,YNG,OH,AGL,CE,Combined TRACON& Tower with Radar,0,5,15,2,22,0,0,35,0,35,0,5,50,2,57,40,0,40,97
03/18/2021,YNG,OH,AGL,CE,Combined TRACON& Tower with Radar,0,2,6,1,9,0,0,0,0,0,0,2,6,1,9,0,0,0,9
03/19/2021,YNG,OH,AGL,CE,Combined TRACON& Tower with Radar,1,7,8,7,23,0,2,6,6,14,1,9,14,13,37,10,0,10,47
03/20/2021,YNG,OH,AGL,CE,Combined TRACON& Tower with Radar,1,4,9,0,14,0,4,32,0,36,1,8,41,0,50,21,0,21,71
03/21/2021,YNG,OH,AGL,CE,Combined TRACON& Tower with Radar,0,7,22,1,30,0,5,35,0,40,0,12,57,1,70,25,0,25,95
03/22/2021,YNG,OH,AGL,CE,Combined TRACON& Tower with Radar,0,2,30,1,33,0,6,32,13,51,0,8,62,14,84,48,8,56,140
03/23/2021,YNG,OH,AGL,CE,Combined TRACON& Tower with Radar,0,0,14,9,23,0,0,18,7,25,0,0,32,16,48,4,4,8,56
03/24/2021,YNG,OH,AGL,CE,Combined TRACON& Tower with Radar,0,4,12,43,59,0,2,6,8,16,0,6,18,51,75,14,44,58,133
03/25/2021,YNG,OH,AGL,CE,Combined TRACON& Tower with Radar,0,6,15,9,30,0,2,19,4,25,0,8,34,13,55,1,0,1,56
03/26/2021,YNG,OH,AGL,CE,Combined TRACON& Tower with Radar,0,7,2,2,11,0,0,2,0,2,0,7,4,2,13,6,0,6,19
03/27/2021,YNG,OH,AGL,CE,Combined TRACON& Tower with Radar,0,6,16,2,24,0,6,41,0,47,0,12,57,2,71,30,0,30,101
03/28/2021,YNG,OH,AGL,CE,Combined TRACON& Tower with Radar,0,2,6,1,9,0,0,0,0,0,0,2,6,1,9,0,0,0,9
03/29/2021,YNG,OH,AGL,CE,Combined TRACON& Tower with Radar,0,7,12,37,56,0,10,29,14,53,0,17,41,51,109,66,72,138,247
03/30/2021,YNG,OH,AGL,CE,Combined TRACON& Tower with Radar,0,10,9,11,30,0,0,11,7,18,0,10,20,18,48,6,0,6,54
03/31/2021,YNG,OH,AGL,CE,Combined TRACON& Tower with Radar,0,5,18,25,48,0,0,6,1,7,0,5,24,26,55,8,14,22,77
04/01/2021,YNG,OH,AGL,CE,Combined TRACON& Tower with Radar,0,0,9,11,20,0,0,0,0,0,0,0,9,11,20,0,0,0,20
04/02/2021,YNG,OH,AGL,CE,Combined TRACON& Tower with Radar,2,6,10,0,18,0,2,2,0,4,2,8,12,0,22,8,0,8,30
04/03/2021,YNG,OH,AGL,CE,Combined TRACON& Tower with Radar,0,8,15,0,23,0,0,24,0,24,0,8,39,0,47,7,0,7,54
04/04/2021,YNG,OH,AGL,CE,Combined TRACON& Tower with Radar,1,0,4,0,5,0,0,17,0,17,1,0,21,0,22,6,0,6,28
04/05/2021,YNG,OH,AGL,CE,Combined TRACON& Tower with Radar,0,4,14,5,23,0,0,17,0,17,0,4,31,5,40,30,0,30,70
04/06/2021,YNG,OH,AGL,CE,Combined TRACON& Tower with Radar,0,7,39,7,53,0,2,25,9,36,0,9,64,16,89,56,19,75,164
04/07/2021,YNG,OH,AGL,CE,Combined TRACON& Tower with Radar,0,2,11,16,29,0,0,27,6,33,0,2,38,22,62,18,26,44,106
04/08/2021,YNG,OH,AGL,CE,Combined TRACON& Tower with Radar,0,3,19,28,50,0,2,16,9,27,0,5,35,37,77,0,29,29,106
04/09/2021,YNG,OH,AGL,CE,Combined TRACON& Tower with Radar,2,11,27,16,56,0,0,14,5,19,2,11,41,21,75,0,44,44,119
04/10/2021,YNG,OH,AGL,CE,Combined TRACON& Tower with Radar,2,8,17,15,42,0,0,39,4,43,2,8,56,19,85,24,30,54,139
04/11/2021,YNG,OH,AGL,CE,Combined TRACON& Tower with Radar,0,5,9,4,18,0,0,4,0,4,0,5,13,4,22,10,0,10,32
04/12/2021,YNG,OH,AGL,CE,Combined TRACON& Tower with Radar,0,2,32,11,45,0,0,0,2,2,0,2,32,13,47,0,8,8,55
04/13/2021,YNG,OH,AGL,CE,Combined TRACON& Tower with Radar,0,7,10,12,29,0,6,19,13,38,0,13,29,25,67,32,4,36,103
04/14/2021,YNG,OH,AGL,CE,Combined TRACON& Tower with Radar,0,4,8,8,20,0,0,18,13,31,0,4,26,21,51,8,6,14,65
04/15/2021,YNG,OH,AGL,CE,Combined TRACON& Tower with Radar,0,3,9,8,20,0,3,6,1,10,0,6,15,9,30,0,0,0,30
04/16/2021,YNG,OH,AGL,CE,Combined TRACON& Tower with Radar,0,0,11,16,27,0,0,0,0,0,0,0,11,16,27,0,27,27,54
04/17/2021,YNG,OH,AGL,CE,Combined TRACON& Tower with Radar,0,0,19,0,19,0,0,2,0,2,0,0,21,0,21,0,0,0,21
04/18/2021,YNG,OH,AGL,CE,Combined TRACON& Tower with Radar,0,0,23,2,25,0,0,19,0,19,0,0,42,2,44,16,0,16,60
04/19/2021,YNG,OH,AGL,CE,Combined TRACON& Tower with Radar,0,8,18,19,45,0,0,14,3,17,0,8,32,22,62,0,38,38,100
04/20/2021,YNG,OH,AGL,CE,Combined TRACON& Tower with Radar,0,0,19,1,20,0,0,12,1,13,0,0,31,2,33,30,0,30,63
04/21/2021,YNG,OH,AGL,CE,Combined TRACON& Tower with Radar,0,3,8,32,43,0,0,0,7,7,0,3,8,39,50,0,6,6,56
04/22/2021,YNG,OH,AGL,CE,Combined TRACON& Tower with Radar,0,4,15,6,25,0,2,2,13,17,0,6,17,19,42,0,12,12,54
04/23/2021,YNG,OH,AGL,CE,Combined TRACON& Tower with Radar,0,3,5,8,16,0,3,13,0,16,0,6,18,8,32,28,2,30,62
04/24/2021,YNG,OH,AGL,CE,Combined TRACON& Tower with Radar,0,1,4,0,5,0,3,11,0,14,0,4,15,0,19,38,0,38,57
04/25/2021,YNG,OH,AGL,CE,Combined TRACON& Tower with Radar,0,2,6,3,11,0,0,0,0,0,0,2,6,3,11,0,0,0,11
04/26/2021,YNG,OH,AGL,CE,Combined TRACON& Tower with Radar,0,0,13,23,36,0,6,24,3,33,0,6,37,26,69,22,10,32,101
04/27/2021,YNG,OH,AGL,CE,Combined TRACON& Tower with Radar,0,16,23,9,48,0,2,14,11,27,0,18,37,20,75,22,36,58,133
04/28/2021,YNG,OH,AGL,CE,Combined TRACON& Tower with Radar,0,2,11,16,29,0,0,7,15,22,0,2,18,31,51,18,52,70,121
04/29/2021,YNG,OH,AGL,CE,Combined TRACON& Tower with Radar,0,1,13,8,22,0,0,0,0,0,0,1,13,8,22,0,0,0,22
04/30/2021,YNG,OH,AGL,CE,Combined TRACON& Tower with Radar,0,7,6,3,16,0,0,2,1,3,0,7,8,4,19,0,0,0,19
05/01/2021,YNG,OH,AGL,CE,Combined TRACON& Tower with Radar,0,2,14,4,20,0,6,21,5,32,0,8,35,9,52,12,16,28,80
05/02/2021,YNG,OH,AGL,CE,Combined TRACON& Tower with Radar,0,5,7,7,19,0,0,5,1,6,0,5,12,8,25,0,0,0,25
05/03/2021,YNG,OH,AGL,CE,Combined TRACON& Tower with Radar,0,6,8,27,41,0,0,0,1,1,0,6,8,28,42,0,9,9,51
05/04/2021,YNG,OH,AGL,CE,Combined TRACON& Tower with Radar,0,0,9,24,33,0,0,0,0,0,0,0,9,24,33,0,20,20,53
05/05/2021,YNG,OH,AGL,CE,Combined TRACON& Tower with Radar,0,2,26,40,68,0,0,0,0,0,0,2,26,40,68,0,26,26,94
05/06/2021,YNG,OH,AGL,CE,Combined TRACON& Tower with Radar,0,2,13,8,23,0,8,25,12,45,0,10,38,20,68,4,62,66,134
05/07/2021,YNG,OH,AGL,CE,Combined TRACON& Tower with Radar,0,1,30,24,55,0,0,7,0,7,0,1,37,24,62,0,20,20,82
05/08/2021,YNG,OH,AGL,CE,Combined TRACON& Tower with Radar,0,0,11,1,12,0,0,4,0,4,0,0,15,1,16,4,0,4,20
05/09/2021,YNG,OH,AGL,CE,Combined TRACON& Tower with Radar,0,0,8,0,8,0,0,0,0,0,0,0,8,0,8,0,0,0,8
05/10/2021,YNG,OH,AGL,CE,Combined TRACON& Tower with Radar,0,9,15,2,26,0,2,18,17,37,0,11,33,19,63,32,20,52,115
05/11/2021,YNG,OH,AGL,CE,Combined TRACON& Tower with Radar,0,2,8,18,28,0,2,16,11,29,0,4,24,29,57,6,28,34,91
05/12/2021,YNG,OH,AGL,CE,Combined TRACON& Tower with Radar,0,2,16,25,43,0,6,20,23,49,0,8,36,48,92,10,62,72,164
05/13/2021,YNG,OH,AGL,CE,Combined TRACON& Tower with Radar,0,3,22,11,36,0,4,23,7,34,0,7,45,18,70,22,28,50,120
05/14/2021,YNG,OH,AGL,CE,Combined TRACON& Tower with Radar,0,3,7,3,13,0,1,22,0,23,0,4,29,3,36,6,0,6,42
05/15/2021,YNG,OH,AGL,CE,Combined TRACON& Tower with Radar,0,2,6,10,18,0,2,19,0,21,0,4,25,10,39,37,10,47,86
05/16/2021,YNG,OH,AGL,CE,Combined TRACON& Tower with Radar,0,0,10,19,29,0,2,20,0,22,0,2,30,19,51,16,14,30,81
05/17/2021,YNG,OH,AGL,CE,Combined TRACON& Tower with Radar,0,24,19,1,44,0,4,16,0,20,0,28,35,1,64,24,0,24,88
05/18/2021,YNG,OH,AGL,CE,Combined TRACON& Tower with Radar,0,24,17,16,57,0,2,28,6,36,0,26,45,22,93,18,15,33,126
05/19/2021,YNG,OH,AGL,CE,Combined TRACON& Tower with Radar,0,8,13,18,39,0,4,21,8,33,0,12,34,26,72,20,48,68,140
05/20/2021,YNG,OH,AGL,CE,Combined TRACON& Tower with Radar,0,3,13,11,27,0,4,8,5,17,0,7,21,16,44,0,14,14,58
05/21/2021,YNG,OH,AGL,CE,Combined TRACON& Tower with Radar,0,1,14,2,17,0,2,16,0,18,0,3,30,2,35,22,0,22,57
05/22/2021,YNG,OH,AGL,CE,Combined TRACON& Tower with Radar,0,1,6,0,7,0,0,14,0,14,0,1,20,0,21,10,4,14,35
05/23/2021,YNG,OH,AGL,CE,Combined TRACON& Tower with Radar,0,3,9,3,15,0,4,6,0,10,0,7,15,3,25,0,0,0,25
05/24/2021,YNG,OH,AGL,CE,Combined TRACON& Tower with Radar,0,10,13,9,32,0,0,5,3,8,0,10,18,12,40,26,64,90,130
05/25/2021,YNG,OH,AGL,CE,Combined TRACON& Tower with Radar,0,12,24,6,42,0,2,25,4,31,0,14,49,10,73,34,12,46,119
05/26/2021,YNG,OH,AGL,CE,Combined TRACON& Tower with Radar,0,2,8,13,23,0,0,3,5,8,0,2,11,18,31,0,30,30,61
05/27/2021,YNG,OH,AGL,CE,Combined TRACON& Tower with Radar,0,19,14,9,42,0,0,20,8,28,0,19,34,17,70,15,18,33,103
05/28/2021,YNG,OH,AGL,CE,Combined TRACON& Tower with Radar,0,5,8,0,13,0,0,2,0,2,0,5,10,0,15,0,0,0,15
05/29/2021,YNG,OH,AGL,CE,Combined TRACON& Tower with Radar,0,0,0,0,0,0,0,0,0,0,0,0,0,0,0,0,0,0,0
05/30/2021,YNG,OH,AGL,CE,Combined TRACON& Tower with Radar,0,2,12,0,14,0,2,14,0,16,0,4,26,0,30,36,0,36,66
05/31/2021,YNG,OH,AGL,CE,Combined TRACON& Tower with Radar,0,2,14,0,16,0,0,24,2,26,0,2,38,2,42,23,0,23,65
06/01/2021,YNG,OH,AGL,CE,Combined TRACON& Tower with Radar,0,2,22,13,37,0,2,21,11,34,0,4,43,24,71,66,28,94,165
06/02/2021,YNG,OH,AGL,CE,Combined TRACON& Tower with Radar,0,4,9,22,35,0,0,5,10,15,0,4,14,32,50,4,52,56,106
06/03/2021,YNG,OH,AGL,CE,Combined TRACON& Tower with Radar,0,4,5,20,29,0,0,0,0,0,0,4,5,20,29,0,0,0,29
06/04/2021,YNG,OH,AGL,CE,Combined TRACON& Tower with Radar,0,11,5,9,25,0,4,7,0,11,0,15,12,9,36,0,6,6,42
06/05/2021,YNG,OH,AGL,CE,Combined TRACON& Tower with Radar,0,2,26,15,43,0,4,10,2,16,0,6,36,17,59,17,25,42,101
06/06/2021,YNG,OH,AGL,CE,Combined TRACON& Tower with Radar,0,3,30,1,34,0,0,17,0,17,0,3,47,1,51,0,0,0,51
06/07/2021,YNG,OH,AGL,CE,Combined TRACON& Tower with Radar,0,5,20,0,25,0,0,7,0,7,0,5,27,0,32,18,0,18,50
06/08/2021,YNG,OH,AGL,CE,Combined TRACON& Tower with Radar,0,19,14,15,48,0,0,4,1,5,0,19,18,16,53,0,22,22,75
06/09/2021,YNG,OH,AGL,CE,Combined TRACON& Tower with Radar,0,12,9,4,25,0,0,1,0,1,0,12,10,4,26,0,0,0,26
06/10/2021,YNG,OH,AGL,CE,Combined TRACON& Tower with Radar,0,6,10,15,31,0,0,4,7,11,0,6,14,22,42,0,19,19,61
06/11/2021,YNG,OH,AGL,CE,Combined TRACON& Tower with Radar,0,14,8,8,30,0,2,15,4,21,0,16,23,12,51,47,20,67,118
06/12/2021,YNG,OH,AGL,CE,Combined TRACON& Tower with Radar,0,4,17,0,21,0,0,7,0,7,0,4,24,0,28,0,0,0,28
06/13/2021,YNG,OH,AGL,CE,Combined TRACON& Tower with Radar,0,4,2,1,7,0,0,4,0,4,0,4,6,1,11,4,0,4,15
06/14/2021,YNG,OH,AGL,CE,Combined TRACON& Tower with Radar,0,5,12,9,26,0,4,14,0,18,0,9,26,9,44,28,0,28,72
06/15/2021,YNG,OH,AGL,CE,Combined TRACON& Tower with Radar,0,9,18,12,39,0,0,10,6,16,0,9,28,18,55,20,16,36,91
06/16/2021,YNG,OH,AGL,CE,Combined TRACON& Tower with Radar,0,17,9,10,36,0,10,19,15,44,0,27,28,25,80,36,22,58,138
06/17/2021,YNG,OH,AGL,CE,Combined TRACON& Tower with Radar,0,6,16,17,39,0,8,30,3,41,0,14,46,20,80,40,17,57,137
06/18/2021,YNG,OH,AGL,CE,Combined TRACON& Tower with Radar,0,6,2,3,11,0,0,0,0,0,0,6,2,3,11,41,0,41,52
06/19/2021,YNG,OH,AGL,CE,Combined TRACON& Tower with Radar,0,3,9,0,12,0,0,5,0,5,0,3,14,0,17,0,0,0,17
06/20/2021,YNG,OH,AGL,CE,Combined TRACON& Tower with Radar,0,4,4,1,9,0,0,4,0,4,0,4,8,1,13,0,0,0,13
06/21/2021,YNG,OH,AGL,CE,Combined TRACON& Tower with Radar,0,4,5,7,16,0,0,5,0,5,0,4,10,7,21,0,0,0,21
06/22/2021,YNG,OH,AGL,CE,Combined TRACON& Tower with Radar,0,5,11,15,31,0,6,19,19,44,0,11,30,34,75,16,36,52,127
06/23/2021,YNG,OH,AGL,CE,Combined TRACON& Tower with Radar,0,12,19,21,52,0,10,32,8,50,0,22,51,29,102,62,74,136,238
06/24/2021,YNG,OH,AGL,CE,Combined TRACON& Tower with Radar,0,10,22,6,38,0,8,20,14,42,0,18,42,20,80,21,31,52,132
06/25/2021,YNG,OH,AGL,CE,Combined TRACON& Tower with Radar,0,3,19,3,25,0,0,17,0,17,0,3,36,3,42,0,0,0,42
06/26/2021,YNG,OH,AGL,CE,Combined TRACON& Tower with Radar,0,4,6,0,10,0,2,13,0,15,0,6,19,0,25,6,0,6,31
06/27/2021,YNG,OH,AGL,CE,Combined TRACON& Tower with Radar,0,5,13,4,22,0,5,12,0,17,0,10,25,4,39,36,0,36,75
06/28/2021,YNG,OH,AGL,CE,Combined TRACON& Tower with Radar,0,5,10,12,27,0,0,4,0,4,0,5,14,12,31,32,14,46,77
06/29/2021,YNG,OH,AGL,CE,Combined TRACON& Tower with Radar,0,10,8,37,55,0,2,15,3,20,0,12,23,40,75,0,16,16,91
06/30/2021,YNG,OH,AGL,CE,Combined TRACON& Tower with Radar,0,6,19,9,34,0,0,2,5,7,0,6,21,14,41,0,0,0,41
07/01/2021,YNG,OH,AGL,CE,Combined TRACON& Tower with Radar,0,5,26,18,49,0,0,3,10,13,0,5,29,28,62,0,27,27,89
07/02/2021,YNG,OH,AGL,CE,Combined TRACON& Tower with Radar,0,5,14,2,21,0,0,8,2,10,0,5,22,4,31,6,15,21,52
07/03/2021,YNG,OH,AGL,CE,Combined TRACON& Tower with Radar,0,5,19,0,24,0,8,19,0,27,0,13,38,0,51,19,0,19,70
07/04/2021,YNG,OH,AGL,CE,Combined TRACON& Tower with Radar,0,8,3,0,11,0,0,14,0,14,0,8,17,0,25,0,0,0,25
07/05/2021,YNG,OH,AGL,CE,Combined TRACON& Tower with Radar,0,0,9,0,9,0,0,23,0,23,0,0,32,0,32,42,0,42,74
07/06/2021,YNG,OH,AGL,CE,Combined TRACON& Tower with Radar,0,5,9,19,33,0,2,7,7,16,0,7,16,26,49,10,34,44,93
07/07/2021,YNG,OH,AGL,CE,Combined TRACON& Tower with Radar,2,16,6,12,36,0,0,8,8,16,2,16,14,20,52,4,24,28,80
07/08/2021,YNG,OH,AGL,CE,Combined TRACON& Tower with Radar,0,5,6,15,26,0,0,2,9,11,0,5,8,24,37,0,20,20,57
07/09/2021,YNG,OH,AGL,CE,Combined TRACON& Tower with Radar,0,4,20,14,38,0,2,1,0,3,0,6,21,14,41,4,0,4,45
07/10/2021,YNG,OH,AGL,CE,Combined TRACON& Tower with Radar,0,0,8,0,8,0,10,8,0,18,0,10,16,0,26,0,0,0,26
07/11/2021,YNG,OH,AGL,CE,Combined TRACON& Tower with Radar,0,6,13,7,26,0,2,0,0,2,0,8,13,7,28,0,0,0,28
07/12/2021,YNG,OH,AGL,CE,Combined TRACON& Tower with Radar,0,4,11,3,18,0,0,1,0,1,0,4,12,3,19,0,0,0,19
07/13/2021,YNG,OH,AGL,CE,Combined TRACON& Tower with Radar,0,4,9,16,29,0,0,5,6,11,0,4,14,22,40,4,30,34,74
07/14/2021,YNG,OH,AGL,CE,Combined TRACON& Tower with Radar,0,11,15,5,31,0,6,17,9,32,0,17,32,14,63,12,24,36,99
07/15/2021,YNG,OH,AGL,CE,Combined TRACON& Tower with Radar,0,26,10,19,55,0,6,9,3,18,0,32,19,22,73,0,15,15,88
07/16/2021,YNG,OH,AGL,CE,Combined TRACON& Tower with Radar,0,3,16,2,21,0,0,2,0,2,0,3,18,2,23,0,0,0,23
07/17/2021,YNG,OH,AGL,CE,Combined TRACON& Tower with Radar,0,4,9,0,13,0,0,0,0,0,0,4,9,0,13,14,0,14,27
07/18/2021,YNG,OH,AGL,CE,Combined TRACON& Tower with Radar,0,4,11,3,18,0,2,31,0,33,0,6,42,3,51,44,0,44,95
07/19/2021,YNG,OH,AGL,CE,Combined TRACON& Tower with Radar,0,11,24,4,39,0,2,15,0,17,0,13,39,4,56,28,0,28,84
07/20/2021,YNG,OH,AGL,CE,Combined TRACON& Tower with Radar,0,9,22,12,43,0,0,14,2,16,0,9,36,14,59,48,38,86,145
07/21/2021,YNG,OH,AGL,CE,Combined TRACON& Tower with Radar,0,8,40,3,51,0,2,7,6,15,0,10,47,9,66,0,10,10,76
07/22/2021,YNG,OH,AGL,CE,Combined TRACON& Tower with Radar,0,14,21,3,38,0,7,28,1,36,0,21,49,4,74,68,0,68,142
07/23/2021,YNG,OH,AGL,CE,Combined TRACON& Tower with Radar,0,6,22,4,32,0,6,29,0,35,0,12,51,4,67,50,0,50,117
07/24/2021,YNG,OH,AGL,CE,Combined TRACON& Tower with Radar,0,7,10,1,18,0,0,5,0,5,0,7,15,1,23,16,0,16,39
07/25/2021,YNG,OH,AGL,CE,Combined TRACON& Tower with Radar,0,0,9,2,11,0,0,5,0,5,0,0,14,2,16,28,0,28,44
07/26/2021,YNG,OH,AGL,CE,Combined TRACON& Tower with Radar,0,0,13,2,15,0,8,15,0,23,0,8,28,2,38,52,0,52,90
07/27/2021,YNG,OH,AGL,CE,Combined TRACON& Tower with Radar,0,6,17,12,35,0,4,34,5,43,0,10,51,17,78,12,0,12,90
07/28/2021,YNG,OH,AGL,CE,Combined TRACON& Tower with Radar,2,17,23,6,48,0,4,19,1,24,2,21,42,7,72,56,0,56,128
07/29/2021,YNG,OH,AGL,CE,Combined TRACON& Tower with Radar,0,6,16,13,35,0,0,0,12,12,0,6,16,25,47,0,20,20,67
07/30/2021,YNG,OH,AGL,CE,Combined TRACON& Tower with Radar,0,2,9,5,16,0,0,17,0,17,0,2,26,5,33,4,0,4,37
07/31/2021,YNG,OH,AGL,CE,Combined TRACON& Tower with Radar,0,1,15,1,17,0,4,32,0,36,0,5,47,1,53,21,0,21,74
08/01/2021,YNG,OH,AGL,CE,Combined TRACON& Tower with Radar,0,4,14,0,18,0,0,3,0,3,0,4,17,0,21,0,0,0,21
08/02/2021,YNG,OH,AGL,CE,Combined TRACON& Tower with Radar,0,12,19,14,45,0,2,16,0,18,0,14,35,14,63,25,18,43,106
08/03/2021,YNG,OH,AGL,CE,Combined TRACON& Tower with Radar,1,1,16,24,42,0,0,18,8,26,1,1,34,32,68,31,32,63,131
08/04/2021,YNG,OH,AGL,CE,Combined TRACON& Tower with Radar,1,4,21,3,29,0,8,25,3,36,1,12,46,6,65,16,0,16,81
08/05/2021,YNG,OH,AGL,CE,Combined TRACON& Tower with Radar,2,4,23,2,31,0,6,13,9,28,2,10,36,11,59,51,14,65,124
08/06/2021,YNG,OH,AGL,CE,Combined TRACON& Tower with Radar,2,10,10,0,22,0,6,23,0,29,2,16,33,0,51,40,0,40,91
08/07/2021,YNG,OH,AGL,CE,Combined TRACON& Tower with Radar,0,6,8,0,14,0,2,17,0,19,0,8,25,0,33,8,0,8,41
08/08/2021,YNG,OH,AGL,CE,Combined TRACON& Tower with Radar,0,3,4,9,16,0,0,8,17,25,0,3,12,26,41,22,20,42,83
08/09/2021,YNG,OH,AGL,CE,Combined TRACON& Tower with Radar,0,13,12,3,28,0,6,26,0,32,0,19,38,3,60,24,0,24,84
08/10/2021,YNG,OH,AGL,CE,Combined TRACON& Tower with Radar,0,1,19,3,23,0,0,1,17,18,0,1,20,20,41,30,4,34,75
08/11/2021,YNG,OH,AGL,CE,Combined TRACON& Tower with Radar,0,7,28,3,38,0,0,8,2,10,0,7,36,5,48,18,2,20,68
08/12/2021,YNG,OH,AGL,CE,Combined TRACON& Tower with Radar,0,17,17,2,36,0,0,6,0,6,0,17,23,2,42,0,0,0,42
08/13/2021,YNG,OH,AGL,CE,Combined TRACON& Tower with Radar,0,4,15,0,19,0,0,22,0,22,0,4,37,0,41,16,0,16,57
08/14/2021,YNG,OH,AGL,CE,Combined TRACON& Tower with Radar,0,2,19,0,21,0,0,34,0,34,0,2,53,0,55,33,0,33,88
08/15/2021,YNG,OH,AGL,CE,Combined TRACON& Tower with Radar,0,3,19,0,22,0,2,40,0,42,0,5,59,0,64,40,0,40,104
08/16/2021,YNG,OH,AGL,CE,Combined TRACON& Tower with Radar,0,13,34,0,47,0,0,2,0,2,0,13,36,0,49,8,0,8,57
08/17/2021,YNG,OH,AGL,CE,Combined TRACON& Tower with Radar,0,3,16,22,41,0,0,0,1,1,0,3,16,23,42,0,28,28,70
08/18/2021,YNG,OH,AGL,CE,Combined TRACON& Tower with Radar,0,12,7,10,29,0,0,2,8,10,0,12,9,18,39,0,8,8,47
08/19/2021,YNG,OH,AGL,CE,Combined TRACON& Tower with Radar,0,0,18,2,20,0,0,7,10,17,0,0,25,12,37,4,29,33,70
08/20/2021,YNG,OH,AGL,CE,Combined TRACON& Tower with Radar,0,2,23,2,27,0,4,18,0,22,0,6,41,2,49,22,0,22,71
08/21/2021,YNG,OH,AGL,CE,Combined TRACON& Tower with Radar,0,0,8,0,8,0,4,19,0,23,0,4,27,0,31,12,0,12,43
08/22/2021,YNG,OH,AGL,CE,Combined TRACON& Tower with Radar,0,3,12,1,16,0,0,23,0,23,0,3,35,1,39,14,0,14,53
08/23/2021,YNG,OH,AGL,CE,Combined TRACON& Tower with Radar,0,16,15,0,31,0,4,19,0,23,0,20,34,0,54,26,0,26,80
08/24/2021,YNG,OH,AGL,CE,Combined TRACON& Tower with Radar,0,2,40,26,68,0,6,42,8,56,0,8,82,34,124,66,52,118,242
08/25/2021,YNG,OH,AGL,CE,Combined TRACON& Tower with Radar,0,2,8,4,14,0,0,9,8,17,0,2,17,12,31,0,16,16,47
08/26/2021,YNG,OH,AGL,CE,Combined TRACON& Tower with Radar,0,2,16,12,30,0,0,8,8,16,0,2,24,20,46,24,22,46,92
08/27/2021,YNG,OH,AGL,CE,Combined TRACON& Tower with Radar,0,9,8,18,35,0,0,11,1,12,0,9,19,19,47,48,12,60,107
08/28/2021,YNG,OH,AGL,CE,Combined TRACON& Tower with Radar,0,0,16,0,16,0,0,15,0,15,0,0,31,0,31,0,0,0,31
08/29/2021,YNG,OH,AGL,CE,Combined TRACON& Tower with Radar,0,2,13,0,15,0,0,4,0,4,0,2,17,0,19,23,0,23,42
08/30/2021,YNG,OH,AGL,CE,Combined TRACON& Tower with Radar,0,12,17,4,33,0,1,3,0,4,0,13,20,4,37,0,0,0,37
08/31/2021,YNG,OH,AGL,CE,Combined TRACON& Tower with Radar,0,6,25,13,44,0,0,8,5,13,0,6,33,18,57,24,12,36,93
09/01/2021,YNG,OH,AGL,CE,Combined TRACON& Tower with Radar,2,8,6,4,20,0,0,4,1,5,2,8,10,5,25,22,22,44,69
09/02/2021,YNG,OH,AGL,CE,Combined TRACON& Tower with Radar,1,15,25,9,50,0,4,44,6,54,1,19,69,15,104,103,25,128,232
09/03/2021,YNG,OH,AGL,CE,Combined TRACON& Tower with Radar,1,12,23,1,37,0,2,25,0,27,1,14,48,1,64,38,0,38,102
09/04/2021,YNG,OH,AGL,CE,Combined TRACON& Tower with Radar,0,2,5,0,7,0,0,13,0,13,0,2,18,0,20,20,0,20,40
09/05/2021,YNG,OH,AGL,CE,Combined TRACON& Tower with Radar,0,2,2,0,4,0,0,4,0,4,0,2,6,0,8,0,0,0,8
09/06/2021,YNG,OH,AGL,CE,Combined TRACON& Tower with Radar,0,0,9,0,9,0,0,20,0,20,0,0,29,0,29,0,0,0,29
09/07/2021,YNG,OH,AGL,CE,Combined TRACON& Tower with Radar,0,4,13,10,27,0,2,17,21,40,0,6,30,31,67,40,0,40,107
09/08/2021,YNG,OH,AGL,CE,Combined TRACON& Tower with Radar,0,12,18,3,33,0,2,19,19,40,0,14,37,22,73,0,50,50,123
09/09/2021,YNG,OH,AGL,CE,Combined TRACON& Tower with Radar,0,11,27,12,50,0,0,10,5,15,0,11,37,17,65,0,50,50,115
09/10/2021,YNG,OH,AGL,CE,Combined TRACON& Tower with Radar,0,7,19,10,36,0,0,33,0,33,0,7,52,10,69,52,14,66,135
09/11/2021,YNG,OH,AGL,CE,Combined TRACON& Tower with Radar,0,6,13,7,26,0,0,31,1,32,0,6,44,8,58,6,0,6,64
09/12/2021,YNG,OH,AGL,CE,Combined TRACON& Tower with Radar,0,12,17,2,31,0,2,17,0,19,0,14,34,2,50,8,0,8,58
09/13/2021,YNG,OH,AGL,CE,Combined TRACON& Tower with Radar,0,4,26,4,34,0,0,10,6,16,0,4,36,10,50,0,16,16,66
09/14/2021,YNG,OH,AGL,CE,Combined TRACON& Tower with Radar,0,3,25,1,29,0,2,26,1,29,0,5,51,2,58,46,6,52,110
09/15/2021,YNG,OH,AGL,CE,Combined TRACON& Tower with Radar,0,19,21,5,45,0,0,2,3,5,0,19,23,8,50,0,0,0,50
09/16/2021,YNG,OH,AGL,CE,Combined TRACON& Tower with Radar,0,4,17,0,21,0,6,12,0,18,0,10,29,0,39,60,0,60,99
09/17/2021,YNG,OH,AGL,CE,Combined TRACON& Tower with Radar,0,8,17,2,27,0,0,27,0,27,0,8,44,2,54,8,0,8,62
09/18/2021,YNG,OH,AGL,CE,Combined TRACON& Tower with Radar,0,4,21,2,27,0,0,21,0,21,0,4,42,2,48,0,0,0,48
09/19/2021,YNG,OH,AGL,CE,Combined TRACON& Tower with Radar,0,5,11,2,18,0,4,28,0,32,0,9,39,2,50,0,0,0,50
09/20/2021,YNG,OH,AGL,CE,Combined TRACON& Tower with Radar,0,9,16,0,25,0,2,24,0,26,0,11,40,0,51,0,0,0,51
09/21/2021,YNG,OH,AGL,CE,Combined TRACON& Tower with Radar,0,16,18,0,34,0,0,3,0,3,0,16,21,0,37,0,0,0,37
09/22/2021,YNG,OH,AGL,CE,Combined TRACON& Tower with Radar,0,5,6,0,11,0,0,0,0,0,0,5,6,0,11,0,0,0,11
09/23/2021,YNG,OH,AGL,CE,Combined TRACON& Tower with Radar,0,14,19,0,33,0,2,0,0,2,0,16,19,0,35,0,0,0,35
09/24/2021,YNG,OH,AGL,CE,Combined TRACON& Tower with Radar,2,5,18,12,37,0,0,21,0,21,2,5,39,12,58,6,0,6,64
09/25/2021,YNG,OH,AGL,CE,Combined TRACON& Tower with Radar,1,7,10,0,18,0,0,11,0,11,1,7,21,0,29,0,0,0,29
09/26/2021,YNG,OH,AGL,CE,Combined TRACON& Tower with Radar,1,11,18,0,30,0,0,23,0,23,1,11,41,0,53,0,0,0,53
09/27/2021,YNG,OH,AGL,CE,Combined TRACON& Tower with Radar,0,5,13,12,30,0,0,16,0,16,0,5,29,12,46,0,8,8,54
09/28/2021,YNG,OH,AGL,CE,Combined TRACON& Tower with Radar,0,5,29,0,34,0,0,6,0,6,0,5,35,0,40,46,0,46,86
09/29/2021,YNG,OH,AGL,CE,Combined TRACON& Tower with Radar,0,5,40,0,45,0,4,39,0,43,0,9,79,0,88,38,0,38,126
09/30/2021,YNG,OH,AGL,CE,Combined TRACON& Tower with Radar,0,11,25,7,43,0,0,35,7,42,0,11,60,14,85,17,14,31,116
10/01/2021,YNG,OH,AGL,CE,Combined TRACON& Tower with Radar,2,8,27,0,37,0,4,34,2,40,2,12,61,2,77,22,0,22,99
10/02/2021,YNG,OH,AGL,CE,Combined TRACON& Tower with Radar,2,4,10,12,28,0,0,23,0,23,2,4,33,12,51,12,10,22,73
10/03/2021,YNG,OH,AGL,CE,Combined TRACON& Tower with Radar,0,0,11,5,16,0,0,0,9,9,0,0,11,14,25,0,14,14,39
10/04/2021,YNG,OH,AGL,CE,Combined TRACON& Tower with Radar,0,25,17,14,56,0,0,2,6,8,0,25,19,20,64,0,28,28,92
10/05/2021,YNG,OH,AGL,CE,Combined TRACON& Tower with Radar,0,5,26,71,102,0,2,7,19,28,0,7,33,90,130,0,24,24,154
10/06/2021,YNG,OH,AGL,CE,Combined TRACON& Tower with Radar,0,11,24,30,65,0,2,14,13,29,0,13,38,43,94,2,50,52,146
10/07/2021,YNG,OH,AGL,CE,Combined TRACON& Tower with Radar,0,8,20,13,41,0,0,17,17,34,0,8,37,30,75,10,32,42,117
10/08/2021,YNG,OH,AGL,CE,Combined TRACON& Tower with Radar,2,6,29,34,71,0,0,1,0,1,2,6,30,34,72,0,0,0,72
10/09/2021,YNG,OH,AGL,CE,Combined TRACON& Tower with Radar,2,2,7,1,12,0,0,0,0,0,2,2,7,1,12,0,0,0,12
10/10/2021,YNG,OH,AGL,CE,Combined TRACON& Tower with Radar,0,3,14,1,18,0,0,13,0,13,0,3,27,1,31,20,0,20,51
10/11/2021,YNG,OH,AGL,CE,Combined TRACON& Tower with Radar,0,1,20,0,21,0,0,27,0,27,0,1,47,0,48,11,0,11,59
10/12/2021,YNG,OH,AGL,CE,Combined TRACON& Tower with Radar,0,2,29,16,47,0,0,28,2,30,0,2,57,18,77,12,8,20,97
10/13/2021,YNG,OH,AGL,CE,Combined TRACON& Tower with Radar,0,6,19,45,70,0,4,14,7,25,0,10,33,52,95,24,30,54,149
10/14/2021,YNG,OH,AGL,CE,Combined TRACON& Tower with Radar,0,16,18,18,52,0,2,7,15,24,0,18,25,33,76,4,26,30,106
10/15/2021,YNG,OH,AGL,CE,Combined TRACON& Tower with Radar,0,6,10,20,36,0,0,0,0,0,0,6,10,20,36,0,0,0,36
10/16/2021,YNG,OH,AGL,CE,Combined TRACON& Tower with Radar,0,2,2,2,6,0,0,0,1,1,0,2,2,3,7,0,0,0,7
10/17/2021,YNG,OH,AGL,CE,Combined TRACON& Tower with Radar,0,0,16,0,16,0,0,1,0,1,0,0,17,0,17,0,0,0,17
10/18/2021,YNG,OH,AGL,CE,Combined TRACON& Tower with Radar,0,9,19,5,33,0,0,9,0,9,0,9,28,5,42,0,0,0,42
10/19/2021,YNG,OH,AGL,CE,Combined TRACON& Tower with Radar,0,17,21,1,39,0,0,21,0,21,0,17,42,1,60,2,0,2,62
10/20/2021,YNG,OH,AGL,CE,Combined TRACON& Tower with Radar,0,9,17,4,30,0,0,37,5,42,0,9,54,9,72,16,8,24,96
10/21/2021,YNG,OH,AGL,CE,Combined TRACON& Tower with Radar,0,13,11,4,28,0,1,0,0,1,0,14,11,4,29,6,22,28,57
10/22/2021,YNG,OH,AGL,CE,Combined TRACON& Tower with Radar,0,6,7,2,15,0,0,0,0,0,0,6,7,2,15,0,0,0,15
10/23/2021,YNG,OH,AGL,CE,Combined TRACON& Tower with Radar,0,8,30,2,40,0,1,5,0,6,0,9,35,2,46,0,0,0,46
10/24/2021,YNG,OH,AGL,CE,Combined TRACON& Tower with Radar,0,5,11,0,16,0,0,1,0,1,0,5,12,0,17,0,0,0,17
10/25/2021,YNG,OH,AGL,CE,Combined TRACON& Tower with Radar,0,3,25,12,40,0,0,4,7,11,0,3,29,19,51,0,26,26,77
10/26/2021,YNG,OH,AGL,CE,Combined TRACON& Tower with Radar,0,12,7,34,53,0,0,0,0,0,0,12,7,34,53,0,14,14,67
10/27/2021,YNG,OH,AGL,CE,Combined TRACON& Tower with Radar,0,6,17,11,34,0,0,0,2,2,0,6,17,13,36,0,6,6,42
10/28/2021,YNG,OH,AGL,CE,Combined TRACON& Tower with Radar,0,8,23,22,53,0,2,18,9,29,0,10,41,31,82,10,16,26,108
10/29/2021,YNG,OH,AGL,CE,Combined TRACON& Tower with Radar,1,3,6,0,10,0,0,0,0,0,1,3,6,0,10,0,0,0,10
10/30/2021,YNG,OH,AGL,CE,Combined TRACON& Tower with Radar,1,1,3,0,5,0,0,0,0,0,1,1,3,0,5,0,0,0,5
10/31/2021,YNG,OH,AGL,CE,Combined TRACON& Tower with Radar,0,4,21,0,25,0,0,3,0,3,0,4,24,0,28,0,0,0,28
11/01/2021,YNG,OH,AGL,CE,Combined TRACON& Tower with Radar,0,8,19,3,30,0,4,17,0,21,0,12,36,3,51,10,0,10,61
11/02/2021,YNG,OH,AGL,CE,Combined TRACON& Tower with Radar,0,4,11,9,24,0,2,8,2,12,0,6,19,11,36,24,18,42,78
11/03/2021,YNG,OH,AGL,CE,Combined TRACON& Tower with Radar,0,2,17,10,29,0,2,19,0,21,0,4,36,10,50,24,28,52,102
11/04/2021,YNG,OH,AGL,CE,Combined TRACON& Tower with Radar,0,2,27,12,41,0,4,13,8,25,0,6,40,20,66,0,25,25,91
11/05/2021,YNG,OH,AGL,CE,Combined TRACON& Tower with Radar,2,14,27,13,56,0,2,31,1,34,2,16,58,14,90,37,24,61,151
11/06/2021,YNG,OH,AGL,CE,Combined TRACON& Tower with Radar,2,3,16,5,26,0,0,26,5,31,2,3,42,10,57,42,4,46,103
11/07/2021,YNG,OH,AGL,CE,Combined TRACON& Tower with Radar,0,7,18,1,26,0,4,29,3,36,0,11,47,4,62,0,0,0,62
11/08/2021,YNG,OH,AGL,CE,Combined TRACON& Tower with Radar,0,5,17,11,33,0,2,14,21,37,0,7,31,32,70,12,83,95,165
11/09/2021,YNG,OH,AGL,CE,Combined TRACON& Tower with Radar,0,9,10,18,37,0,4,17,3,24,0,13,27,21,61,0,0,0,61
11/10/2021,YNG,OH,AGL,CE,Combined TRACON& Tower with Radar,0,6,18,30,54,0,2,30,0,32,0,8,48,30,86,56,32,88,174
11/11/2021,YNG,OH,AGL,CE,Combined TRACON& Tower with Radar,0,5,12,1,18,0,0,3,3,6,0,5,15,4,24,0,8,8,32
11/12/2021,YNG,OH,AGL,CE,Combined TRACON& Tower with Radar,2,9,8,11,30,0,0,2,0,2,2,9,10,11,32,0,0,0,32
11/13/2021,YNG,OH,AGL,CE,Combined TRACON& Tower with Radar,2,0,5,0,7,0,0,0,0,0,2,0,5,0,7,0,0,0,7
11/14/2021,YNG,OH,AGL,CE,Combined TRACON& Tower with Radar,0,6,3,1,10,0,0,0,0,0,0,6,3,1,10,0,0,0,10
11/15/2021,YNG,OH,AGL,CE,Combined TRACON& Tower with Radar,0,8,3,7,18,0,0,0,3,3,0,8,3,10,21,0,22,22,43
11/16/2021,YNG,OH,AGL,CE,Combined TRACON& Tower with Radar,0,8,15,11,34,0,4,21,9,34,0,12,36,20,68,28,12,40,108
11/17/2021,YNG,OH,AGL,CE,Combined TRACON& Tower with Radar,0,12,12,31,55,0,0,6,0,6,0,12,18,31,61,0,22,22,83
11/18/2021,YNG,OH,AGL,CE,Combined TRACON& Tower with Radar,0,11,18,8,37,0,0,1,6,7,0,11,19,14,44,5,20,25,69
11/19/2021,YNG,OH,AGL,CE,Combined TRACON& Tower with Radar,2,20,15,7,44,0,2,12,4,18,2,22,27,11,62,20,0,20,82
11/20/2021,YNG,OH,AGL,CE,Combined TRACON& Tower with Radar,2,2,14,1,19,0,4,16,0,20,2,6,30,1,39,2,0,2,41
11/21/2021,YNG,OH,AGL,CE,Combined TRACON& Tower with Radar,0,2,5,2,9,0,0,0,1,1,0,2,5,3,10,0,0,0,10
11/22/2021,YNG,OH,AGL,CE,Combined TRACON& Tower with Radar,0,7,8,9,24,0,0,11,5,16,0,7,19,14,40,0,36,36,76
11/23/2021,YNG,OH,AGL,CE,Combined TRACON& Tower with Radar,0,9,18,23,50,0,0,10,9,19,0,9,28,32,69,0,54,54,123
11/24/2021,YNG,OH,AGL,CE,Combined TRACON& Tower with Radar,0,4,16,14,34,0,4,15,14,33,0,8,31,28,67,0,50,50,117
11/25/2021,YNG,OH,AGL,CE,Combined TRACON& Tower with Radar,0,0,3,0,3,0,0,0,0,0,0,0,3,0,3,0,0,0,3
11/26/2021,YNG,OH,AGL,CE,Combined TRACON& Tower with Radar,0,2,5,0,7,0,0,0,0,0,0,2,5,0,7,0,0,0,7
11/27/2021,YNG,OH,AGL,CE,Combined TRACON& Tower with Radar,0,5,3,0,8,0,0,9,0,9,0,5,12,0,17,0,0,0,17
11/28/2021,YNG,OH,AGL,CE,Combined TRACON& Tower with Radar,0,5,10,0,15,0,0,0,0,0,0,5,10,0,15,0,0,0,15
11/29/2021,YNG,OH,AGL,CE,Combined TRACON& Tower with Radar,0,1,14,10,25,0,5,4,11,20,0,6,18,21,45,12,50,62,107
11/30/2021,YNG,OH,AGL,CE,Combined TRACON& Tower with Radar,0,2,19,10,31,0,1,5,6,12,0,3,24,16,43,18,18,36,79
12/01/2021,YNG,OH,AGL,CE,Combined TRACON& Tower with Radar,0,10,29,17,56,0,3,19,1,23,0,13,48,18,79,0,0,0,79
12/02/2021,YNG,OH,AGL,CE,Combined TRACON& Tower with Radar,0,2,10,7,19,0,0,4,5,9,0,2,14,12,28,0,0,0,28
12/03/2021,YNG,OH,AGL,CE,Combined TRACON& Tower with Radar,0,8,7,7,22,0,0,6,10,16,0,8,13,17,38,14,10,24,62
12/04/2021,YNG,OH,AGL,CE,Combined TRACON& Tower with Radar,0,6,13,6,25,0,1,8,0,9,0,7,21,6,34,6,8,14,48
12/05/2021,YNG,OH,AGL,CE,Combined TRACON& Tower with Radar,0,1,16,6,23,0,0,34,10,44,0,1,50,16,67,16,22,38,105
12/06/2021,YNG,OH,AGL,CE,Combined TRACON& Tower with Radar,2,5,16,4,27,0,0,0,1,1,2,5,16,5,28,0,0,0,28
12/07/2021,YNG,OH,AGL,CE,Combined TRACON& Tower with Radar,0,5,15,21,41,0,0,13,4,17,0,5,28,25,58,0,12,12,70
12/08/2021,YNG,OH,AGL,CE,Combined TRACON& Tower with Radar,0,1,10,7,18,0,0,1,1,2,0,1,11,8,20,0,20,20,40
12/09/2021,YNG,OH,AGL,CE,Combined TRACON& Tower with Radar,0,2,24,9,35,0,0,15,7,22,0,2,39,16,57,8,15,23,80
12/10/2021,YNG,OH,AGL,CE,Combined TRACON& Tower with Radar,0,4,18,7,29,0,0,10,0,10,0,4,28,7,39,22,12,34,73
12/11/2021,YNG,OH,AGL,CE,Combined TRACON& Tower with Radar,0,2,0,0,2,0,0,0,0,0,0,2,0,0,2,25,12,37,39
12/12/2021,YNG,OH,AGL,CE,Combined TRACON& Tower with Radar,0,5,25,2,32,0,4,28,0,32,0,9,53,2,64,0,0,0,64
12/13/2021,YNG,OH,AGL,CE,Combined TRACON& Tower with Radar,0,1,18,7,26,0,2,25,6,33,0,3,43,13,59,0,0,0,59
12/14/2021,YNG,OH,AGL,CE,Combined TRACON& Tower with Radar,0,3,18,11,32,0,8,29,8,45,0,11,47,19,77,58,14,72,149
12/15/2021,YNG,OH,AGL,CE,Combined TRACON& Tower with Radar,0,4,7,35,46,0,0,8,3,11,0,4,15,38,57,0,26,26,83
12/16/2021,YNG,OH,AGL,CE,Combined TRACON& Tower with Radar,0,5,10,1,16,0,0,2,1,3,0,5,12,2,19,0,0,0,19
12/17/2021,YNG,OH,AGL,CE,Combined TRACON& Tower with Radar,0,4,7,3,14,0,0,11,0,11,0,4,18,3,25,0,0,0,25
12/18/2021,YNG,OH,AGL,CE,Combined TRACON& Tower with Radar,0,0,1,0,1,0,0,0,0,0,0,0,1,0,1,0,0,0,1
12/19/2021,YNG,OH,AGL,CE,Combined TRACON& Tower with Radar,0,1,8,2,11,0,0,4,0,4,0,1,12,2,15,12,0,12,27
12/20/2021,YNG,OH,AGL,CE,Combined TRACON& Tower with Radar,0,8,19,2,29,0,6,16,2,24,0,14,35,4,53,36,16,52,105
12/21/2021,YNG,OH,AGL,CE,Combined TRACON& Tower with Radar,0,5,12,11,28,0,0,18,5,23,0,5,30,16,51,0,0,0,51
12/22/2021,YNG,OH,AGL,CE,Combined TRACON& Tower with Radar,0,2,7,6,15,0,0,1,0,1,0,2,8,6,16,0,0,0,16
12/23/2021,YNG,OH,AGL,CE,Combined TRACON& Tower with Radar,0,2,16,3,21,0,0,8,1,9,0,2,24,4,30,6,0,6,36
12/24/2021,YNG,OH,AGL,CE,Combined TRACON& Tower with Radar,0,0,3,0,3,0,0,10,0,10,0,0,13,0,13,10,0,10,23
12/25/2021,YNG,OH,AGL,CE,Combined TRACON& Tower with Radar,0,2,1,0,3,0,0,0,0,0,0,2,1,0,3,0,0,0,3
12/26/2021,YNG,OH,AGL,CE,Combined TRACON& Tower with Radar,0,0,11,0,11,0,0,13,0,13,0,0,24,0,24,0,0,0,24
12/27/2021,YNG,OH,AGL,CE,Combined TRACON& Tower with Radar,0,0,5,0,5,0,0,0,0,0,0,0,5,0,5,0,0,0,5
12/28/2021,YNG,OH,AGL,CE,Combined TRACON& Tower with Radar,0,5,10,3,18,0,0,7,3,10,0,5,17,6,28,0,0,0,28
12/29/2021,YNG,OH,AGL,CE,Combined TRACON& Tower with Radar,0,6,8,12,26,0,2,0,0,2,0,8,8,12,28,0,0,0,28
12/30/2021,YNG,OH,AGL,CE,Combined TRACON& Tower with Radar,0,3,1,0,4,0,0,0,0,0,0,3,1,0,4,0,0,0,4
12/31/2021,YNG,OH,AGL,CE,Combined TRACON& Tower with Radar,0,1,9,0,10,0,0,5,0,5,0,1,14,0,15,0,0,0,15
01/01/2022,YNG,OH,AGL,CE,Combined TRACON& Tower with Radar,1,4,0,0,5,0,0,0,0,0,1,4,0,0,5,0,0,0,5
01/02/2022,YNG,OH,AGL,CE,Combined TRACON& Tower with Radar,1,7,2,0,10,0,0,0,0,0,1,7,2,0,10,0,0,0,10
01/03/2022,YNG,OH,AGL,CE,Combined TRACON& Tower with Radar,0,2,8,1,11,0,0,4,1,5,0,2,12,2,16,0,0,0,16
01/04/2022,YNG,OH,AGL,CE,Combined TRACON& Tower with Radar,0,6,22,16,44,0,6,18,6,30,0,12,40,22,74,16,12,28,102
01/05/2022,YNG,OH,AGL,CE,Combined TRACON& Tower with Radar,0,12,6,2,20,0,0,1,0,1,0,12,7,2,21,0,0,0,21
01/06/2022,YNG,OH,AGL,CE,Combined TRACON& Tower with Radar,0,15,6,1,22,0,0,1,0,1,0,15,7,1,23,0,0,0,23
01/07/2022,YNG,OH,AGL,CE,Combined TRACON& Tower with Radar,0,2,3,2,7,0,0,0,0,0,0,2,3,2,7,0,0,0,7
01/08/2022,YNG,OH,AGL,CE,Combined TRACON& Tower with Radar,0,2,13,0,15,0,4,19,0,23,0,6,32,0,38,0,0,0,38
01/09/2022,YNG,OH,AGL,CE,Combined TRACON& Tower with Radar,0,5,4,5,14,0,0,0,0,0,0,5,4,5,14,0,0,0,14
01/10/2022,YNG,OH,AGL,CE,Combined TRACON& Tower with Radar,0,6,14,4,24,0,0,0,0,0,0,6,14,4,24,0,0,0,24
01/11/2022,YNG,OH,AGL,CE,Combined TRACON& Tower with Radar,0,6,11,5,22,0,0,8,2,10,0,6,19,7,32,0,6,6,38
01/12/2022,YNG,OH,AGL,CE,Combined TRACON& Tower with Radar,0,4,18,0,22,0,0,12,0,12,0,4,30,0,34,10,0,10,44
01/13/2022,YNG,OH,AGL,CE,Combined TRACON& Tower with Radar,0,2,3,12,17,0,2,8,0,10,0,4,11,12,27,0,0,0,27
01/14/2022,YNG,OH,AGL,CE,Combined TRACON& Tower with Radar,0,7,10,9,26,0,0,0,0,0,0,7,10,9,26,10,0,10,36
01/15/2022,YNG,OH,AGL,CE,Combined TRACON& Tower with Radar,2,1,8,0,11,0,2,7,0,9,2,3,15,0,20,0,0,0,20
01/16/2022,YNG,OH,AGL,CE,Combined TRACON& Tower with Radar,0,3,11,0,14,0,0,13,0,13,0,3,24,0,27,10,0,10,37
01/17/2022,YNG,OH,AGL,CE,Combined TRACON& Tower with Radar,0,3,5,0,8,0,0,0,0,0,0,3,5,0,8,0,0,0,8
01/18/2022,YNG,OH,AGL,CE,Combined TRACON& Tower with Radar,0,8,8,2,18,0,0,4,2,6,0,8,12,4,24,0,0,0,24
01/19/2022,YNG,OH,AGL,CE,Combined TRACON& Tower with Radar,0,9,3,9,21,0,0,2,0,2,0,9,5,9,23,0,16,16,39
01/20/2022,YNG,OH,AGL,CE,Combined TRACON& Tower with Radar,0,10,5,20,35,0,0,3,17,20,0,10,8,37,55,6,10,16,71
01/21/2022,YNG,OH,AGL,CE,Combined TRACON& Tower with Radar,2,14,12,7,35,0,3,7,6,16,2,17,19,13,51,0,12,12,63
01/22/2022,YNG,OH,AGL,CE,Combined TRACON& Tower with Radar,0,0,8,0,8,0,0,13,2,15,0,0,21,2,23,26,0,26,49
01/23/2022,YNG,OH,AGL,CE,Combined TRACON& Tower with Radar,0,2,3,0,5,0,0,0,0,0,0,2,3,0,5,0,0,0,5
01/24/2022,YNG,OH,AGL,CE,Combined TRACON& Tower with Radar,0,5,8,1,14,0,0,0,0,0,0,5,8,1,14,0,0,0,14
01/25/2022,YNG,OH,AGL,CE,Combined TRACON& Tower with Radar,0,13,18,15,46,0,0,8,4,12,0,13,26,19,58,0,12,12,70
01/26/2022,YNG,OH,AGL,CE,Combined TRACON& Tower with Radar,0,3,17,2,22,0,0,5,11,16,0,3,22,13,38,0,2,2,40
01/27/2022,YNG,OH,AGL,CE,Combined TRACON& Tower with Radar,0,5,7,13,25,0,0,1,1,2,0,5,8,14,27,0,0,0,27
01/28/2022,YNG,OH,AGL,CE,Combined TRACON& Tower with Radar,0,5,8,4,17,0,0,0,0,0,0,5,8,4,17,0,0,0,17
01/29/2022,YNG,OH,AGL,CE,Combined TRACON& Tower with Radar,0,2,10,0,12,0,0,3,0,3,0,2,13,0,15,0,0,0,15
01/30/2022,YNG,OH,AGL,CE,Combined TRACON& Tower with Radar,0,6,6,0,12,0,0,1,1,2,0,6,7,1,14,0,0,0,14
01/31/2022,YNG,OH,AGL,CE,Combined TRACON& Tower with Radar,0,1,26,1,28,0,3,30,1,34,0,4,56,2,62,0,0,0,62
02/01/2022,YNG,OH,AGL,CE,Combined TRACON& Tower with Radar,0,2,11,10,23,0,4,20,7,31,0,6,31,17,54,6,12,18,72
02/02/2022,YNG,OH,AGL,CE,Combined TRACON& Tower with Radar,0,20,12,5,37,0,0,2,1,3,0,20,14,6,40,6,0,6,46
02/03/2022,YNG,OH,AGL,CE,Combined TRACON& Tower with Radar,0,0,1,0,1,0,0,0,0,0,0,0,1,0,1,0,0,0,1
02/04/2022,YNG,OH,AGL,CE,Combined TRACON& Tower with Radar,0,0,0,0,0,0,0,0,0,0,0,0,0,0,0,0,0,0,0
02/05/2022,YNG,OH,AGL,CE,Combined TRACON& Tower with Radar,0,0,7,5,12,0,0,3,0,3,0,0,10,5,15,0,0,0,15
02/06/2022,YNG,OH,AGL,CE,Combined TRACON& Tower with Radar,0,3,10,1,14,0,0,8,0,8,0,3,18,1,22,0,0,0,22
02/07/2022,YNG,OH,AGL,CE,Combined TRACON& Tower with Radar,0,2,11,28,41,0,4,6,1,11,0,6,17,29,52,12,16,28,80
02/08/2022,YNG,OH,AGL,CE,Combined TRACON& Tower with Radar,0,7,7,11,25,0,6,0,9,15,0,13,7,20,40,20,10,30,70
02/09/2022,YNG,OH,AGL,CE,Combined TRACON& Tower with Radar,0,17,15,7,39,0,2,15,9,26,0,19,30,16,65,22,8,30,95
02/10/2022,YNG,OH,AGL,CE,Combined TRACON& Tower with Radar,2,9,3,2,16,0,0,0,1,1,2,9,3,3,17,0,0,0,17
02/11/2022,YNG,OH,AGL,CE,Combined TRACON& Tower with Radar,0,7,10,3,20,0,0,3,2,5,0,7,13,5,25,0,0,0,25
02/12/2022,YNG,OH,AGL,CE,Combined TRACON& Tower with Radar,0,4,5,0,9,0,0,2,0,2,0,4,7,0,11,0,0,0,11
02/13/2022,YNG,OH,AGL,CE,Combined TRACON& Tower with Radar,0,2,10,0,12,0,0,4,0,4,0,2,14,0,16,0,0,0,16
02/14/2022,YNG,OH,AGL,CE,Combined TRACON& Tower with Radar,0,10,14,1,25,0,0,8,0,8,0,10,22,1,33,6,0,6,39
02/15/2022,YNG,OH,AGL,CE,Combined TRACON& Tower with Radar,0,6,12,7,25,0,2,26,1,29,0,8,38,8,54,18,10,28,82
02/16/2022,YNG,OH,AGL,CE,Combined TRACON& Tower with Radar,0,4,6,4,14,0,2,0,0,2,0,6,6,4,16,0,4,4,20
02/17/2022,YNG,OH,AGL,CE,Combined TRACON& Tower with Radar,0,7,7,2,16,0,0,0,0,0,0,7,7,2,16,0,0,0,16
02/18/2022,YNG,OH,AGL,CE,Combined TRACON& Tower with Radar,0,5,7,1,13,0,0,0,0,0,0,5,7,1,13,6,0,6,19
02/19/2022,YNG,OH,AGL,CE,Combined TRACON& Tower with Radar,0,1,2,0,3,0,0,0,0,0,0,1,2,0,3,0,0,0,3
02/20/2022,YNG,OH,AGL,CE,Combined TRACON& Tower with Radar,0,3,5,1,9,0,0,19,0,19,0,3,24,1,28,0,0,0,28
02/21/2022,YNG,OH,AGL,CE,Combined TRACON& Tower with Radar,0,2,22,0,24,0,8,18,0,26,0,10,40,0,50,60,0,60,110
02/22/2022,YNG,OH,AGL,CE,Combined TRACON& Tower with Radar,0,2,15,6,23,0,0,1,0,1,0,2,16,6,24,0,0,0,24
02/23/2022,YNG,OH,AGL,CE,Combined TRACON& Tower with Radar,0,0,8,1,9,0,0,0,0,0,0,0,8,1,9,0,0,0,9
02/24/2022,YNG,OH,AGL,CE,Combined TRACON& Tower with Radar,0,3,3,17,23,0,2,6,1,9,0,5,9,18,32,30,38,68,100
02/25/2022,YNG,OH,AGL,CE,Combined TRACON& Tower with Radar,0,6,4,0,10,0,0,0,0,0,0,6,4,0,10,0,0,0,10
02/26/2022,YNG,OH,AGL,CE,Combined TRACON& Tower with Radar,0,5,15,1,21,0,3,23,2,28,0,8,38,3,49,11,0,11,60
02/27/2022,YNG,OH,AGL,CE,Combined TRACON& Tower with Radar,0,2,8,0,10,0,0,8,0,8,0,2,16,0,18,14,0,14,32
02/28/2022,YNG,OH,AGL,CE,Combined TRACON& Tower with Radar,0,6,26,0,32,0,4,20,0,24,0,10,46,0,56,30,0,30,86
03/01/2022,YNG,OH,AGL,CE,Combined TRACON& Tower with Radar,0,4,6,9,19,0,0,0,1,1,0,4,6,10,20,6,10,16,36
03/02/2022,YNG,OH,AGL,CE,Combined TRACON& Tower with Radar,0,2,12,13,27,0,2,18,5,25,0,4,30,18,52,18,0,18,70
03/03/2022,YNG,OH,AGL,CE,Combined TRACON& Tower with Radar,0,1,12,2,15,0,1,6,3,10,0,2,18,5,25,24,4,28,53
03/04/2022,YNG,OH,AGL,CE,Combined TRACON& Tower with Radar,0,9,28,4,41,0,3,26,15,44,0,12,54,19,85,9,20,29,114
03/05/2022,YNG,OH,AGL,CE,Combined TRACON& Tower with Radar,0,10,17,0,27,0,3,13,0,16,0,13,30,0,43,26,0,26,69
03/06/2022,YNG,OH,AGL,CE,Combined TRACON& Tower with Radar,0,3,4,2,9,0,0,0,0,0,0,3,4,2,9,0,0,0,9
03/07/2022,YNG,OH,AGL,CE,Combined TRACON& Tower with Radar,0,2,5,2,9,0,0,0,0,0,0,2,5,2,9,0,0,0,9
03/08/2022,YNG,OH,AGL,CE,Combined TRACON& Tower with Radar,0,8,20,14,42,0,13,21,3,37,0,21,41,17,79,24,8,32,111
03/09/2022,YNG,OH,AGL,CE,Combined TRACON& Tower with Radar,0,8,8,16,32,0,6,8,0,14,0,14,16,16,46,8,14,22,68
03/10/2022,YNG,OH,AGL,CE,Combined TRACON& Tower with Radar,0,8,21,2,31,0,4,12,0,16,0,12,33,2,47,20,14,34,81
03/11/2022,YNG,OH,AGL,CE,Combined TRACON& Tower with Radar,0,12,16,0,28,0,0,2,0,2,0,12,18,0,30,0,0,0,30
03/12/2022,YNG,OH,AGL,CE,Combined TRACON& Tower with Radar,0,1,2,1,4,0,0,0,0,0,0,1,2,1,4,0,0,0,4
03/13/2022,YNG,OH,AGL,CE,Combined TRACON& Tower with Radar,0,2,8,1,11,0,0,0,0,0,0,2,8,1,11,0,0,0,11
03/14/2022,YNG,OH,AGL,CE,Combined TRACON& Tower with Radar,0,0,8,0,8,0,0,6,0,6,0,0,14,0,14,4,0,4,18
03/15/2022,YNG,OH,AGL,CE,Combined TRACON& Tower with Radar,0,4,15,1,20,0,8,18,15,41,0,12,33,16,61,16,12,28,89
03/16/2022,YNG,OH,AGL,CE,Combined TRACON& Tower with Radar,0,10,19,2,31,0,8,31,0,39,0,18,50,2,70,24,0,24,94
03/17/2022,YNG,OH,AGL,CE,Combined TRACON& Tower with Radar,0,5,17,2,24,0,7,21,0,28,0,12,38,2,52,10,0,10,62
03/18/2022,YNG,OH,AGL,CE,Combined TRACON& Tower with Radar,0,14,10,8,32,0,6,21,0,27,0,20,31,8,59,0,0,0,59
03/19/2022,YNG,OH,AGL,CE,Combined TRACON& Tower with Radar,0,5,0,0,5,0,0,0,0,0,0,5,0,0,5,0,0,0,5
03/20/2022,YNG,OH,AGL,CE,Combined TRACON& Tower with Radar,0,2,14,0,16,0,0,1,0,1,0,2,15,0,17,0,0,0,17
03/21/2022,YNG,OH,AGL,CE,Combined TRACON& Tower with Radar,0,8,23,0,31,0,14,21,0,35,0,22,44,0,66,68,0,68,134
03/22/2022,YNG,OH,AGL,CE,Combined TRACON& Tower with Radar,0,10,10,11,31,0,8,17,11,36,0,18,27,22,67,14,22,36,103
03/23/2022,YNG,OH,AGL,CE,Combined TRACON& Tower with Radar,0,5,6,0,11,0,0,0,0,0,0,5,6,0,11,0,0,0,11
03/24/2022,YNG,OH,AGL,CE,Combined TRACON& Tower with Radar,0,5,18,32,55,0,2,12,2,16,0,7,30,34,71,0,22,22,93
03/25/2022,YNG,OH,AGL,CE,Combined TRACON& Tower with Radar,0,6,6,0,12,0,2,1,0,3,0,8,7,0,15,0,0,0,15
03/26/2022,YNG,OH,AGL,CE,Combined TRACON& Tower with Radar,0,0,1,0,1,0,0,0,0,0,0,0,1,0,1,0,0,0,1
03/27/2022,YNG,OH,AGL,CE,Combined TRACON& Tower with Radar,0,0,3,0,3,0,0,0,0,0,0,0,3,0,3,0,0,0,3
03/28/2022,YNG,OH,AGL,CE,Combined TRACON& Tower with Radar,0,0,10,5,15,0,0,5,0,5,0,0,15,5,20,0,0,0,20
03/29/2022,YNG,OH,AGL,CE,Combined TRACON& Tower with Radar,0,9,19,9,37,0,7,24,15,46,0,16,43,24,83,30,32,62,145
03/30/2022,YNG,OH,AGL,CE,Combined TRACON& Tower with Radar,0,12,13,25,50,0,0,11,5,16,0,12,24,30,66,0,10,10,76
03/31/2022,YNG,OH,AGL,CE,Combined TRACON& Tower with Radar,0,14,10,8,32,0,0,0,3,3,0,14,10,11,35,0,2,2,37
04/01/2022,YNG,OH,AGL,CE,Combined TRACON& Tower with Radar,0,6,10,7,23,0,2,0,1,3,0,8,10,8,26,0,0,0,26
04/02/2022,YNG,OH,AGL,CE,Combined TRACON& Tower with Radar,0,4,7,17,28,0,8,36,0,44,0,12,43,17,72,4,10,14,86
04/03/2022,YNG,OH,AGL,CE,Combined TRACON& Tower with Radar,0,0,4,20,24,0,0,0,0,0,0,0,4,20,24,0,0,0,24
04/04/2022,YNG,OH,AGL,CE,Combined TRACON& Tower with Radar,0,0,12,0,12,0,0,3,0,3,0,0,15,0,15,0,0,0,15
04/05/2022,YNG,OH,AGL,CE,Combined TRACON& Tower with Radar,0,2,13,9,24,0,2,31,7,40,0,4,44,16,64,16,26,42,106
04/06/2022,YNG,OH,AGL,CE,Combined TRACON& Tower with Radar,0,15,12,2,29,0,0,0,0,0,0,15,12,2,29,0,0,0,29
04/07/2022,YNG,OH,AGL,CE,Combined TRACON& Tower with Radar,0,4,17,11,32,0,2,10,5,17,0,6,27,16,49,12,10,22,71
04/08/2022,YNG,OH,AGL,CE,Combined TRACON& Tower with Radar,0,0,12,11,23,0,0,4,6,10,0,0,16,17,33,4,2,6,39
04/09/2022,YNG,OH,AGL,CE,Combined TRACON& Tower with Radar,0,2,0,0,2,0,0,0,0,0,0,2,0,0,2,0,0,0,2
04/10/2022,YNG,OH,AGL,CE,Combined TRACON& Tower with Radar,0,3,9,2,14,0,2,5,0,7,0,5,14,2,21,0,0,0,21
04/11/2022,YNG,OH,AGL,CE,Combined TRACON& Tower with Radar,0,4,19,6,29,0,0,8,0,8,0,4,27,6,37,4,6,10,47
04/12/2022,YNG,OH,AGL,CE,Combined TRACON& Tower with Radar,0,2,11,13,26,0,8,25,6,39,0,10,36,19,65,36,13,49,114
04/13/2022,YNG,OH,AGL,CE,Combined TRACON& Tower with Radar,0,10,5,4,19,0,0,2,0,2,0,10,7,4,21,0,0,0,21
04/14/2022,YNG,OH,AGL,CE,Combined TRACON& Tower with Radar,0,13,2,2,17,0,0,0,0,0,0,13,2,2,17,0,2,2,19
04/15/2022,YNG,OH,AGL,CE,Combined TRACON& Tower with Radar,0,11,9,6,26,0,0,5,0,5,0,11,14,6,31,0,0,0,31
04/16/2022,YNG,OH,AGL,CE,Combined TRACON& Tower with Radar,0,1,17,0,18,0,0,2,0,2,0,1,19,0,20,6,0,6,26
04/17/2022,YNG,OH,AGL,CE,Combined TRACON& Tower with Radar,0,2,10,0,12,0,0,9,0,9,0,2,19,0,21,1,0,1,22
04/18/2022,YNG,OH,AGL,CE,Combined TRACON& Tower with Radar,0,0,10,0,10,0,0,2,0,2,0,0,12,0,12,0,0,0,12
04/19/2022,YNG,OH,AGL,CE,Combined TRACON& Tower with Radar,0,4,2,2,8,0,0,0,3,3,0,4,2,5,11,0,16,16,27
04/20/2022,YNG,OH,AGL,CE,Combined TRACON& Tower with Radar,0,10,27,3,40,0,12,21,7,40,0,22,48,10,80,10,2,12,92
04/21/2022,YNG,OH,AGL,CE,Combined TRACON& Tower with Radar,0,8,16,18,42,0,0,6,6,12,0,8,22,24,54,56,0,56,110
04/22/2022,YNG,OH,AGL,CE,Combined TRACON& Tower with Radar,0,2,14,0,16,0,6,31,0,37,0,8,45,0,53,4,0,4,57
04/23/2022,YNG,OH,AGL,CE,Combined TRACON& Tower with Radar,0,10,16,0,26,0,6,22,0,28,0,16,38,0,54,0,0,0,54
04/24/2022,YNG,OH,AGL,CE,Combined TRACON& Tower with Radar,0,3,24,0,27,0,2,33,0,35,0,5,57,0,62,0,0,0,62
04/25/2022,YNG,OH,AGL,CE,Combined TRACON& Tower with Radar,0,13,4,0,17,0,0,3,0,3,0,13,7,0,20,0,0,0,20
04/26/2022,YNG,OH,AGL,CE,Combined TRACON& Tower with Radar,0,1,16,7,24,10,3,41,1,55,10,4,57,8,79,41,4,45,124
04/27/2022,YNG,OH,AGL,CE,Combined TRACON& Tower with Radar,0,8,9,16,33,0,0,6,0,6,0,8,15,16,39,0,8,8,47
04/28/2022,YNG,OH,AGL,CE,Combined TRACON& Tower with Radar,0,6,15,13,34,0,4,21,4,29,0,10,36,17,63,8,6,14,77
04/29/2022,YNG,OH,AGL,CE,Combined TRACON& Tower with Radar,0,3,17,3,23,0,4,29,5,38,0,7,46,8,61,30,10,40,101
04/30/2022,YNG,OH,AGL,CE,Combined TRACON& Tower with Radar,0,6,18,0,24,1,3,42,0,46,1,9,60,0,70,29,0,29,99
05/01/2022,YNG,OH,AGL,CE,Combined TRACON& Tower with Radar,0,2,3,6,11,0,0,0,16,16,0,2,3,22,27,0,0,0,27
05/02/2022,YNG,OH,AGL,CE,Combined TRACON& Tower with Radar,0,17,23,3,43,0,8,22,0,30,0,25,45,3,73,18,0,18,91
05/03/2022,YNG,OH,AGL,CE,Combined TRACON& Tower with Radar,0,12,5,2,19,0,0,0,0,0,0,12,5,2,19,0,0,0,19
05/04/2022,YNG,OH,AGL,CE,Combined TRACON& Tower with Radar,0,14,31,6,51,0,0,0,0,0,0,14,31,6,51,0,0,0,51
05/05/2022,YNG,OH,AGL,CE,Combined TRACON& Tower with Radar,0,7,35,4,46,0,0,16,2,18,0,7,51,6,64,14,4,18,82
05/06/2022,YNG,OH,AGL,CE,Combined TRACON& Tower with Radar,0,8,14,2,24,0,0,0,0,0,0,8,14,2,24,0,0,0,24
05/07/2022,YNG,OH,AGL,CE,Combined TRACON& Tower with Radar,0,3,4,2,9,0,0,11,0,11,0,3,15,2,20,0,0,0,20
05/08/2022,YNG,OH,AGL,CE,Combined TRACON& Tower with Radar,0,3,17,0,20,0,2,21,0,23,0,5,38,0,43,6,0,6,49
05/09/2022,YNG,OH,AGL,CE,Combined TRACON& Tower with Radar,0,13,20,3,36,0,2,17,4,23,0,15,37,7,59,9,0,9,68
05/10/2022,YNG,OH,AGL,CE,Combined TRACON& Tower with Radar,0,11,13,12,36,0,9,24,7,40,0,20,37,19,76,31,20,51,127
05/11/2022,YNG,OH,AGL,CE,Combined TRACON& Tower with Radar,0,8,16,9,33,0,2,37,4,43,0,10,53,13,76,30,8,38,114
05/12/2022,YNG,OH,AGL,CE,Combined TRACON& Tower with Radar,0,14,20,7,41,0,6,22,15,43,0,20,42,22,84,6,36,42,126
05/13/2022,YNG,OH,AGL,CE,Combined TRACON& Tower with Radar,0,4,12,1,17,0,6,13,0,19,0,10,25,1,36,18,0,18,54
05/14/2022,YNG,OH,AGL,CE,Combined TRACON& Tower with Radar,0,3,5,0,8,0,0,8,0,8,0,3,13,0,16,6,0,6,22
05/15/2022,YNG,OH,AGL,CE,Combined TRACON& Tower with Radar,0,8,7,0,15,0,0,21,0,21,0,8,28,0,36,32,0,32,68
05/16/2022,YNG,OH,AGL,CE,Combined TRACON& Tower with Radar,0,3,11,3,17,0,0,0,0,0,0,3,11,3,17,0,0,0,17
05/17/2022,YNG,OH,AGL,CE,Combined TRACON& Tower with Radar,0,13,18,12,43,0,6,18,12,36,0,19,36,24,79,18,18,36,115
05/18/2022,YNG,OH,AGL,CE,Combined TRACON& Tower with Radar,0,5,25,4,34,0,2,16,0,18,0,7,41,4,52,6,0,6,58
05/19/2022,YNG,OH,AGL,CE,Combined TRACON& Tower with Radar,0,20,15,1,36,0,4,20,8,32,0,24,35,9,68,10,12,22,90
05/20/2022,YNG,OH,AGL,CE,Combined TRACON& Tower with Radar,0,5,12,0,17,0,0,0,0,0,0,5,12,0,17,0,0,0,17
05/21/2022,YNG,OH,AGL,CE,Combined TRACON& Tower with Radar,0,2,11,0,13,0,0,2,0,2,0,2,13,0,15,0,0,0,15
05/22/2022,YNG,OH,AGL,CE,Combined TRACON& Tower with Radar,0,0,12,1,13,0,0,10,0,10,0,0,22,1,23,4,0,4,27
05/23/2022,YNG,OH,AGL,CE,Combined TRACON& Tower with Radar,0,5,17,0,22,0,6,9,0,15,0,11,26,0,37,24,0,24,61
05/24/2022,YNG,OH,AGL,CE,Combined TRACON& Tower with Radar,0,5,22,18,45,0,6,23,3,32,0,11,45,21,77,16,24,40,117
05/25/2022,YNG,OH,AGL,CE,Combined TRACON& Tower with Radar,1,4,10,5,20,0,3,26,6,35,1,7,36,11,55,2,32,34,89
05/26/2022,YNG,OH,AGL,CE,Combined TRACON& Tower with Radar,1,16,18,14,49,0,1,8,10,19,1,17,26,24,68,0,33,33,101
05/27/2022,YNG,OH,AGL,CE,Combined TRACON& Tower with Radar,0,6,11,6,23,0,0,2,0,2,0,6,13,6,25,0,2,2,27
05/28/2022,YNG,OH,AGL,CE,Combined TRACON& Tower with Radar,0,2,15,0,17,0,3,8,0,11,0,5,23,0,28,0,0,0,28
05/29/2022,YNG,OH,AGL,CE,Combined TRACON& Tower with Radar,0,1,12,0,13,0,2,28,1,31,0,3,40,1,44,4,0,4,48
05/30/2022,YNG,OH,AGL,CE,Combined TRACON& Tower with Radar,0,0,3,2,5,0,0,6,1,7,0,0,9,3,12,0,0,0,12
05/31/2022,YNG,OH,AGL,CE,Combined TRACON& Tower with Radar,0,4,22,9,35,0,2,9,0,11,0,6,31,9,46,14,14,28,74
06/01/2022,YNG,OH,AGL,CE,Combined TRACON& Tower with Radar,0,8,7,9,24,0,0,2,1,3,0,8,9,10,27,0,14,14,41
06/02/2022,YNG,OH,AGL,CE,Combined TRACON& Tower with Radar,0,4,18,7,29,0,0,2,0,2,0,4,20,7,31,0,26,26,57
06/03/2022,YNG,OH,AGL,CE,Combined TRACON& Tower with Radar,0,16,23,13,52,0,0,15,4,19,0,16,38,17,71,30,36,66,137
06/04/2022,YNG,OH,AGL,CE,Combined TRACON& Tower with Radar,0,2,18,0,20,0,10,19,0,29,0,12,37,0,49,18,0,18,67
06/05/2022,YNG,OH,AGL,CE,Combined TRACON& Tower with Radar,0,4,10,0,14,0,2,19,0,21,0,6,29,0,35,0,0,0,35
06/06/2022,YNG,OH,AGL,CE,Combined TRACON& Tower with Radar,0,6,7,0,13,0,0,6,0,6,0,6,13,0,19,20,0,20,39
06/07/2022,YNG,OH,AGL,CE,Combined TRACON& Tower with Radar,0,6,18,0,24,0,0,1,0,1,0,6,19,0,25,0,0,0,25
06/08/2022,YNG,OH,AGL,CE,Combined TRACON& Tower with Radar,0,20,18,3,41,0,1,12,3,16,0,21,30,6,57,20,22,42,99
06/09/2022,YNG,OH,AGL,CE,Combined TRACON& Tower with Radar,0,5,29,7,41,0,1,16,11,28,0,6,45,18,69,4,0,4,73
06/10/2022,YNG,OH,AGL,CE,Combined TRACON& Tower with Radar,0,7,8,3,18,0,2,23,0,25,0,9,31,3,43,0,0,0,43
06/11/2022,YNG,OH,AGL,CE,Combined TRACON& Tower with Radar,0,6,6,4,16,0,4,7,0,11,0,10,13,4,27,0,0,0,27
06/12/2022,YNG,OH,AGL,CE,Combined TRACON& Tower with Radar,0,3,8,0,11,0,0,6,0,6,0,3,14,0,17,6,0,6,23
06/13/2022,YNG,OH,AGL,CE,Combined TRACON& Tower with Radar,0,5,13,13,31,0,2,28,0,30,0,7,41,13,61,32,10,42,103
06/14/2022,YNG,OH,AGL,CE,Combined TRACON& Tower with Radar,0,4,20,9,33,0,4,9,52,65,0,8,29,61,98,0,0,0,98
06/15/2022,YNG,OH,AGL,CE,Combined TRACON& Tower with Radar,0,4,18,2,24,0,0,15,0,15,0,4,33,2,39,44,0,44,83
06/16/2022,YNG,OH,AGL,CE,Combined TRACON& Tower with Radar,0,4,4,25,33,0,0,2,3,5,0,4,6,28,38,6,18,24,62
06/17/2022,YNG,OH,AGL,CE,Combined TRACON& Tower with Radar,0,4,16,2,22,0,0,2,0,2,0,4,18,2,24,34,0,34,58
06/18/2022,YNG,OH,AGL,CE,Combined TRACON& Tower with Radar,0,6,12,0,18,0,0,5,0,5,0,6,17,0,23,0,0,0,23
06/19/2022,YNG,OH,AGL,CE,Combined TRACON& Tower with Radar,0,3,10,0,13,0,6,26,0,32,0,9,36,0,45,0,0,0,45
06/20/2022,YNG,OH,AGL,CE,Combined TRACON& Tower with Radar,0,3,13,0,16,0,0,25,0,25,0,3,38,0,41,24,0,24,65
06/21/2022,YNG,OH,AGL,CE,Combined TRACON& Tower with Radar,0,0,10,11,21,0,0,25,3,28,0,0,35,14,49,24,12,36,85
06/22/2022,YNG,OH,AGL,CE,Combined TRACON& Tower with Radar,0,10,25,4,39,0,3,17,3,23,0,13,42,7,62,2,10,12,74
06/23/2022,YNG,OH,AGL,CE,Combined TRACON& Tower with Radar,0,2,14,12,28,0,5,18,17,40,0,7,32,29,68,19,34,53,121
06/24/2022,YNG,OH,AGL,CE,Combined TRACON& Tower with Radar,0,9,6,5,20,0,5,27,14,46,0,14,33,19,66,6,59,65,131
06/25/2022,YNG,OH,AGL,CE,Combined TRACON& Tower with Radar,0,1,2,2,5,0,5,22,0,27,0,6,24,2,32,0,0,0,32
06/26/2022,YNG,OH,AGL,CE,Combined TRACON& Tower with Radar,0,0,2,1,3,0,0,5,0,5,0,0,7,1,8,0,0,0,8
06/27/2022,YNG,OH,AGL,CE,Combined TRACON& Tower with Radar,0,13,19,2,34,0,5,7,0,12,0,18,26,2,46,10,0,10,56
06/28/2022,YNG,OH,AGL,CE,Combined TRACON& Tower with Radar,0,3,30,28,61,0,4,29,0,33,0,7,59,28,94,26,32,58,152
06/29/2022,YNG,OH,AGL,CE,Combined TRACON& Tower with Radar,0,13,33,2,48,0,0,34,11,45,0,13,67,13,93,35,36,71,164
06/30/2022,YNG,OH,AGL,CE,Combined TRACON& Tower with Radar,0,12,18,18,48,0,2,22,5,29,0,14,40,23,77,50,24,74,151
07/01/2022,YNG,OH,AGL,CE,Combined TRACON& Tower with Radar,0,5,20,0,25,0,0,24,0,24,0,5,44,0,49,14,0,14,63
07/02/2022,YNG,OH,AGL,CE,Combined TRACON& Tower with Radar,0,1,16,0,17,0,0,21,0,21,0,1,37,0,38,4,0,4,42
07/03/2022,YNG,OH,AGL,CE,Combined TRACON& Tower with Radar,0,1,10,0,11,0,2,35,0,37,0,3,45,0,48,12,0,12,60
07/04/2022,YNG,OH,AGL,CE,Combined TRACON& Tower with Radar,0,1,14,0,15,0,1,23,0,24,0,2,37,0,39,0,0,0,39
07/05/2022,YNG,OH,AGL,CE,Combined TRACON& Tower with Radar,0,4,3,8,15,0,0,2,0,2,0,4,5,8,17,2,8,10,27
07/06/2022,YNG,OH,AGL,CE,Combined TRACON& Tower with Radar,0,6,18,32,56,0,0,7,3,10,0,6,25,35,66,5,66,71,137
07/07/2022,YNG,OH,AGL,CE,Combined TRACON& Tower with Radar,0,11,24,48,83,0,10,39,4,53,0,21,63,52,136,36,18,54,190
07/08/2022,YNG,OH,AGL,CE,Combined TRACON& Tower with Radar,0,7,15,10,32,0,8,74,4,86,0,15,89,14,118,16,14,30,148
07/09/2022,YNG,OH,AGL,CE,Combined TRACON& Tower with Radar,0,4,14,0,18,0,4,14,0,18,0,8,28,0,36,4,0,4,40
07/10/2022,YNG,OH,AGL,CE,Combined TRACON& Tower with Radar,0,2,9,0,11,0,4,20,0,24,0,6,29,0,35,36,0,36,71
07/11/2022,YNG,OH,AGL,CE,Combined TRACON& Tower with Radar,0,4,13,7,24,0,2,11,2,15,0,6,24,9,39,5,2,7,46
07/12/2022,YNG,OH,AGL,CE,Combined TRACON& Tower with Radar,0,2,7,48,57,0,1,17,22,40,0,3,24,70,97,8,52,60,157
07/13/2022,YNG,OH,AGL,CE,Combined TRACON& Tower with Radar,0,6,16,17,39,0,0,13,5,18,0,6,29,22,57,0,20,20,77
07/14/2022,YNG,OH,AGL,CE,Combined TRACON& Tower with Radar,0,6,18,14,38,0,6,50,10,66,0,12,68,24,104,4,34,38,142
07/15/2022,YNG,OH,AGL,CE,Combined TRACON& Tower with Radar,0,5,12,5,22,0,2,29,4,35,0,7,41,9,57,6,28,34,91
07/16/2022,YNG,OH,AGL,CE,Combined TRACON& Tower with Radar,0,5,13,0,18,0,3,13,0,16,0,8,26,0,34,32,0,32,66
07/17/2022,YNG,OH,AGL,CE,Combined TRACON& Tower with Radar,0,0,6,1,7,0,0,7,0,7,0,0,13,1,14,6,0,6,20
07/18/2022,YNG,OH,AGL,CE,Combined TRACON& Tower with Radar,0,2,13,8,23,0,0,7,0,7,0,2,20,8,30,0,0,0,30
07/19/2022,YNG,OH,AGL,CE,Combined TRACON& Tower with Radar,0,6,18,24,48,0,10,14,3,27,0,16,32,27,75,36,6,42,117
07/20/2022,YNG,OH,AGL,CE,Combined TRACON& Tower with Radar,0,4,21,32,57,0,9,20,0,29,0,13,41,32,86,8,34,42,128
07/21/2022,YNG,OH,AGL,CE,Combined TRACON& Tower with Radar,0,25,14,20,59,0,2,7,16,25,0,27,21,36,84,18,17,35,119
07/22/2022,YNG,OH,AGL,CE,Combined TRACON& Tower with Radar,0,12,20,4,36,0,2,20,0,22,0,14,40,4,58,26,0,26,84
07/23/2022,YNG,OH,AGL,CE,Combined TRACON& Tower with Radar,0,13,13,0,26,0,0,14,0,14,0,13,27,0,40,10,0,10,50
07/24/2022,YNG,OH,AGL,CE,Combined TRACON& Tower with Radar,0,0,12,1,13,0,2,2,0,4,0,2,14,1,17,0,0,0,17
07/25/2022,YNG,OH,AGL,CE,Combined TRACON& Tower with Radar,0,0,31,4,35,0,2,21,8,31,0,2,52,12,66,9,12,21,87
07/26/2022,YNG,OH,AGL,CE,Combined TRACON& Tower with Radar,0,8,15,50,73,0,10,20,24,54,0,18,35,74,127,24,54,78,205
07/27/2022,YNG,OH,AGL,CE,Combined TRACON& Tower with Radar,0,8,19,27,54,0,0,3,2,5,0,8,22,29,59,0,42,42,101
07/28/2022,YNG,OH,AGL,CE,Combined TRACON& Tower with Radar,0,2,21,26,49,0,0,15,8,23,0,2,36,34,72,8,50,58,130
07/29/2022,YNG,OH,AGL,CE,Combined TRACON& Tower with Radar,0,7,20,10,37,0,2,26,9,37,0,9,46,19,74,36,20,56,130
07/30/2022,YNG,OH,AGL,CE,Combined TRACON& Tower with Radar,0,7,22,0,29,0,0,27,0,27,0,7,49,0,56,0,0,0,56
07/31/2022,YNG,OH,AGL,CE,Combined TRACON& Tower with Radar,0,0,12,0,12,0,1,16,0,17,0,1,28,0,29,0,0,0,29
08/01/2022,YNG,OH,AGL,CE,Combined TRACON& Tower with Radar,0,7,15,4,26,0,1,2,0,3,0,8,17,4,29,6,6,12,41
08/02/2022,YNG,OH,AGL,CE,Combined TRACON& Tower with Radar,0,11,15,8,34,0,2,17,12,31,0,13,32,20,65,26,38,64,129
08/03/2022,YNG,OH,AGL,CE,Combined TRACON& Tower with Radar,0,12,14,44,70,0,0,9,8,17,0,12,23,52,87,1,75,76,163
08/04/2022,YNG,OH,AGL,CE,Combined TRACON& Tower with Radar,0,3,7,12,22,0,0,4,5,9,0,3,11,17,31,2,18,20,51
08/05/2022,YNG,OH,AGL,CE,Combined TRACON& Tower with Radar,0,7,12,13,32,0,0,12,0,12,0,7,24,13,44,20,12,32,76
08/06/2022,YNG,OH,AGL,CE,Combined TRACON& Tower with Radar,0,8,16,1,25,0,0,22,13,35,0,8,38,14,60,14,32,46,106
08/07/2022,YNG,OH,AGL,CE,Combined TRACON& Tower with Radar,0,2,17,2,21,0,0,31,0,31,0,2,48,2,52,10,0,10,62
08/08/2022,YNG,OH,AGL,CE,Combined TRACON& Tower with Radar,0,2,11,7,20,0,0,3,1,4,0,2,14,8,24,3,1,4,28
08/09/2022,YNG,OH,AGL,CE,Combined TRACON& Tower with Radar,0,11,19,16,46,0,0,3,3,6,0,11,22,19,52,0,28,28,80
08/10/2022,YNG,OH,AGL,CE,Combined TRACON& Tower with Radar,0,8,23,4,35,0,6,13,20,39,0,14,36,24,74,8,40,48,122
08/11/2022,YNG,OH,AGL,CE,Combined TRACON& Tower with Radar,0,2,19,6,27,0,0,9,9,18,0,2,28,15,45,14,12,26,71
08/12/2022,YNG,OH,AGL,CE,Combined TRACON& Tower with Radar,0,1,10,17,28,0,2,31,2,35,0,3,41,19,63,18,4,22,85
08/13/2022,YNG,OH,AGL,CE,Combined TRACON& Tower with Radar,0,4,7,3,14,0,2,14,0,16,0,6,21,3,30,10,0,10,40
08/14/2022,YNG,OH,AGL,CE,Combined TRACON& Tower with Radar,0,1,8,4,13,0,0,5,0,5,0,1,13,4,18,0,0,0,18
08/15/2022,YNG,OH,AGL,CE,Combined TRACON& Tower with Radar,0,1,17,4,22,0,3,10,0,13,0,4,27,4,35,2,0,2,37
08/16/2022,YNG,OH,AGL,CE,Combined TRACON& Tower with Radar,0,7,14,6,27,0,0,5,0,5,0,7,19,6,32,11,0,11,43
08/17/2022,YNG,OH,AGL,CE,Combined TRACON& Tower with Radar,0,5,16,5,26,0,2,14,0,16,0,7,30,5,42,4,0,4,46
08/18/2022,YNG,OH,AGL,CE,Combined TRACON& Tower with Radar,0,2,21,18,41,0,2,10,5,17,0,4,31,23,58,30,52,82,140
08/19/2022,YNG,OH,AGL,CE,Combined TRACON& Tower with Radar,0,5,20,1,26,0,4,28,0,32,0,9,48,1,58,22,0,22,80
08/20/2022,YNG,OH,AGL,CE,Combined TRACON& Tower with Radar,0,1,7,0,8,0,0,16,0,16,0,1,23,0,24,0,0,0,24
08/21/2022,YNG,OH,AGL,CE,Combined TRACON& Tower with Radar,0,4,4,1,9,0,0,1,0,1,0,4,5,1,10,0,0,0,10
08/22/2022,YNG,OH,AGL,CE,Combined TRACON& Tower with Radar,0,4,9,0,13,0,0,0,0,0,0,4,9,0,13,0,0,0,13
08/23/2022,YNG,OH,AGL,CE,Combined TRACON& Tower with Radar,0,14,16,23,53,0,0,32,3,35,0,14,48,26,88,0,28,28,116
08/24/2022,YNG,OH,AGL,CE,Combined TRACON& Tower with Radar,0,8,15,7,30,0,5,30,8,43,0,13,45,15,73,32,38,70,143
08/25/2022,YNG,OH,AGL,CE,Combined TRACON& Tower with Radar,0,12,32,41,85,0,2,26,14,42,0,14,58,55,127,0,110,110,237
08/26/2022,YNG,OH,AGL,CE,Combined TRACON& Tower with Radar,0,6,7,2,15,0,0,7,0,7,0,6,14,2,22,21,0,21,43
08/27/2022,YNG,OH,AGL,CE,Combined TRACON& Tower with Radar,0,4,11,0,15,0,0,15,0,15,0,4,26,0,30,0,0,0,30
08/28/2022,YNG,OH,AGL,CE,Combined TRACON& Tower with Radar,0,5,17,1,23,0,0,5,0,5,0,5,22,1,28,0,0,0,28
08/29/2022,YNG,OH,AGL,CE,Combined TRACON& Tower with Radar,0,4,11,8,23,0,0,5,8,13,0,4,16,16,36,0,10,10,46
08/30/2022,YNG,OH,AGL,CE,Combined TRACON& Tower with Radar,0,9,14,10,33,0,0,7,10,17,0,9,21,20,50,0,0,0,50
08/31/2022,YNG,OH,AGL,CE,Combined TRACON& Tower with Radar,0,8,21,18,47,0,4,26,2,32,0,12,47,20,79,22,18,40,119
09/01/2022,YNG,OH,AGL,CE,Combined TRACON& Tower with Radar,0,17,8,14,39,0,0,24,2,26,0,17,32,16,65,29,0,29,94
09/02/2022,YNG,OH,AGL,CE,Combined TRACON& Tower with Radar,0,0,9,3,12,0,2,13,0,15,0,2,22,3,27,0,6,6,33
09/03/2022,YNG,OH,AGL,CE,Combined TRACON& Tower with Radar,0,0,12,3,15,0,2,11,1,14,0,2,23,4,29,0,8,8,37
09/04/2022,YNG,OH,AGL,CE,Combined TRACON& Tower with Radar,0,2,24,0,26,0,0,0,0,0,0,2,24,0,26,0,0,0,26
09/05/2022,YNG,OH,AGL,CE,Combined TRACON& Tower with Radar,0,0,19,1,20,0,0,0,0,0,0,0,19,1,20,0,0,0,20
09/06/2022,YNG,OH,AGL,CE,Combined TRACON& Tower with Radar,0,2,3,33,38,0,0,0,0,0,0,2,3,33,38,0,0,0,38
09/07/2022,YNG,OH,AGL,CE,Combined TRACON& Tower with Radar,0,2,25,18,45,0,2,16,0,18,0,4,41,18,63,12,27,39,102
09/08/2022,YNG,OH,AGL,CE,Combined TRACON& Tower with Radar,0,3,12,14,29,0,2,13,14,29,0,5,25,28,58,0,16,16,74
09/09/2022,YNG,OH,AGL,CE,Combined TRACON& Tower with Radar,0,11,20,3,34,0,2,24,0,26,0,13,44,3,60,6,0,6,66
09/10/2022,YNG,OH,AGL,CE,Combined TRACON& Tower with Radar,0,2,9,0,11,0,2,20,4,26,0,4,29,4,37,38,1,39,76
09/11/2022,YNG,OH,AGL,CE,Combined TRACON& Tower with Radar,0,4,23,2,29,0,0,0,0,0,0,4,23,2,29,0,0,0,29
09/12/2022,YNG,OH,AGL,CE,Combined TRACON& Tower with Radar,0,2,14,3,19,0,0,16,1,17,0,2,30,4,36,0,0,0,36
09/13/2022,YNG,OH,AGL,CE,Combined TRACON& Tower with Radar,0,11,14,1,26,0,0,8,3,11,0,11,22,4,37,4,0,4,41
09/14/2022,YNG,OH,AGL,CE,Combined TRACON& Tower with Radar,0,5,19,8,32,0,0,9,5,14,0,5,28,13,46,0,20,20,66
09/15/2022,YNG,OH,AGL,CE,Combined TRACON& Tower with Radar,0,11,18,22,51,0,0,16,7,23,0,11,34,29,74,34,16,50,124
09/16/2022,YNG,OH,AGL,CE,Combined TRACON& Tower with Radar,0,7,13,19,39,0,2,17,7,26,0,9,30,26,65,16,24,40,105
09/17/2022,YNG,OH,AGL,CE,Combined TRACON& Tower with Radar,0,5,26,0,31,0,2,27,0,29,0,7,53,0,60,6,0,6,66
09/18/2022,YNG,OH,AGL,CE,Combined TRACON& Tower with Radar,0,8,20,0,28,0,6,8,2,16,0,14,28,2,44,2,0,2,46
09/19/2022,YNG,OH,AGL,CE,Combined TRACON& Tower with Radar,0,8,14,5,27,0,3,3,0,6,0,11,17,5,33,4,0,4,37
09/20/2022,YNG,OH,AGL,CE,Combined TRACON& Tower with Radar,0,6,12,5,23,0,0,34,2,36,0,6,46,7,59,39,14,53,112
09/21/2022,YNG,OH,AGL,CE,Combined TRACON& Tower with Radar,0,12,12,0,24,0,2,6,0,8,0,14,18,0,32,0,0,0,32
09/22/2022,YNG,OH,AGL,CE,Combined TRACON& Tower with Radar,0,5,11,7,23,0,0,4,0,4,0,5,15,7,27,0,6,6,33
09/23/2022,YNG,OH,AGL,CE,Combined TRACON& Tower with Radar,0,11,21,5,37,0,2,26,1,29,0,13,47,6,66,64,14,78,144
09/24/2022,YNG,OH,AGL,CE,Combined TRACON& Tower with Radar,0,4,12,1,17,0,6,20,0,26,0,10,32,1,43,14,0,14,57
09/25/2022,YNG,OH,AGL,CE,Combined TRACON& Tower with Radar,0,2,5,1,8,0,0,1,0,1,0,2,6,1,9,0,0,0,9
09/26/2022,YNG,OH,AGL,CE,Combined TRACON& Tower with Radar,0,4,6,1,11,0,0,2,3,5,0,4,8,4,16,0,0,0,16
09/27/2022,YNG,OH,AGL,CE,Combined TRACON& Tower with Radar,0,6,7,0,13,0,0,0,0,0,0,6,7,0,13,8,0,8,21
09/28/2022,YNG,OH,AGL,CE,Combined TRACON& Tower with Radar,0,2,19,10,31,0,0,4,0,4,0,2,23,10,35,5,0,5,40
09/29/2022,YNG,OH,AGL,CE,Combined TRACON& Tower with Radar,0,6,24,1,31,0,0,8,9,17,0,6,32,10,48,40,16,56,104
09/30/2022,YNG,OH,AGL,CE,Combined TRACON& Tower with Radar,2,8,31,0,41,0,2,31,0,33,2,10,62,0,74,8,0,8,82
10/01/2022,YNG,OH,AGL,CE,Combined TRACON& Tower with Radar,2,7,5,8,22,0,0,4,0,4,2,7,9,8,26,12,4,16,42
10/02/2022,YNG,OH,AGL,CE,Combined TRACON& Tower with Radar,0,5,16,0,21,0,1,1,0,2,0,6,17,0,23,0,0,0,23
10/03/2022,YNG,OH,AGL,CE,Combined TRACON& Tower with Radar,0,6,13,0,19,0,1,20,0,21,0,7,33,0,40,21,0,21,61
10/04/2022,YNG,OH,AGL,CE,Combined TRACON& Tower with Radar,0,7,22,20,49,0,3,22,9,34,0,10,44,29,83,14,28,42,125
10/05/2022,YNG,OH,AGL,CE,Combined TRACON& Tower with Radar,0,13,19,4,36,0,8,20,2,30,0,21,39,6,66,24,0,24,90
10/06/2022,YNG,OH,AGL,CE,Combined TRACON& Tower with Radar,0,19,16,15,50,0,2,21,1,24,0,21,37,16,74,43,0,43,117
10/07/2022,YNG,OH,AGL,CE,Combined TRACON& Tower with Radar,1,6,23,0,30,0,0,4,0,4,1,6,27,0,34,0,0,0,34
10/08/2022,YNG,OH,AGL,CE,Combined TRACON& Tower with Radar,1,9,7,0,17,0,1,10,0,11,1,10,17,0,28,10,0,10,38
10/09/2022,YNG,OH,AGL,CE,Combined TRACON& Tower with Radar,0,6,7,0,13,0,3,19,0,22,0,9,26,0,35,3,0,3,38
10/10/2022,YNG,OH,AGL,CE,Combined TRACON& Tower with Radar,0,4,14,0,18,0,0,19,0,19,0,4,33,0,37,14,0,14,51
10/11/2022,YNG,OH,AGL,CE,Combined TRACON& Tower with Radar,0,12,13,2,27,0,0,29,2,31,0,12,42,4,58,36,2,38,96
10/12/2022,YNG,OH,AGL,CE,Combined TRACON& Tower with Radar,0,4,13,0,17,0,0,0,0,0,0,4,13,0,17,0,0,0,17
10/13/2022,YNG,OH,AGL,CE,Combined TRACON& Tower with Radar,0,16,22,4,42,0,0,4,8,12,0,16,26,12,54,0,22,22,76
10/14/2022,YNG,OH,AGL,CE,Combined TRACON& Tower with Radar,0,4,11,2,17,0,0,17,0,17,0,4,28,2,34,20,0,20,54
10/15/2022,YNG,OH,AGL,CE,Combined TRACON& Tower with Radar,0,0,11,0,11,0,2,4,0,6,0,2,15,0,17,20,0,20,37
10/16/2022,YNG,OH,AGL,CE,Combined TRACON& Tower with Radar,0,4,20,0,24,0,2,14,2,18,0,6,34,2,42,32,0,32,74
10/17/2022,YNG,OH,AGL,CE,Combined TRACON& Tower with Radar,1,6,18,0,25,0,0,2,0,2,1,6,20,0,27,4,0,4,31
10/18/2022,YNG,OH,AGL,CE,Combined TRACON& Tower with Radar,1,8,14,0,23,0,0,0,0,0,1,8,14,0,23,0,0,0,23
10/19/2022,YNG,OH,AGL,CE,Combined TRACON& Tower with Radar,0,7,5,0,12,0,0,0,0,0,0,7,5,0,12,0,0,0,12
10/20/2022,YNG,OH,AGL,CE,Combined TRACON& Tower with Radar,0,5,5,10,20,0,2,6,6,14,0,7,11,16,34,9,20,29,63
10/21/2022,YNG,OH,AGL,CE,Combined TRACON& Tower with Radar,2,4,15,0,21,0,2,12,0,14,2,6,27,0,35,12,0,12,47
10/22/2022,YNG,OH,AGL,CE,Combined TRACON& Tower with Radar,0,3,17,0,20,0,6,19,0,25,0,9,36,0,45,30,0,30,75
10/23/2022,YNG,OH,AGL,CE,Combined TRACON& Tower with Radar,2,10,8,0,20,0,5,12,0,17,2,15,20,0,37,14,0,14,51
10/24/2022,YNG,OH,AGL,CE,Combined TRACON& Tower with Radar,0,17,17,0,34,0,0,21,0,21,0,17,38,0,55,4,0,4,59
10/25/2022,YNG,OH,AGL,CE,Combined TRACON& Tower with Radar,0,12,13,24,49,0,0,15,4,19,0,12,28,28,68,4,10,14,82
10/26/2022,YNG,OH,AGL,CE,Combined TRACON& Tower with Radar,0,12,14,0,26,0,0,0,0,0,0,12,14,0,26,0,0,0,26
10/27/2022,YNG,OH,AGL,CE,Combined TRACON& Tower with Radar,0,9,28,6,43,0,2,15,0,17,0,11,43,6,60,21,0,21,81
10/28/2022,YNG,OH,AGL,CE,Combined TRACON& Tower with Radar,1,5,19,0,25,0,0,25,0,25,1,5,44,0,50,24,0,24,74
10/29/2022,YNG,OH,AGL,CE,Combined TRACON& Tower with Radar,1,6,9,0,16,0,1,19,0,20,1,7,28,0,36,0,0,0,36
10/30/2022,YNG,OH,AGL,CE,Combined TRACON& Tower with Radar,0,4,6,0,10,0,2,16,0,18,0,6,22,0,28,40,0,40,68
10/31/2022,YNG,OH,AGL,CE,Combined TRACON& Tower with Radar,0,20,16,0,36,0,0,0,0,0,0,20,16,0,36,0,0,0,36
11/01/2022,YNG,OH,AGL,CE,Combined TRACON& Tower with Radar,0,20,13,2,35,0,0,0,0,0,0,20,13,2,35,0,0,0,35
11/02/2022,YNG,OH,AGL,CE,Combined TRACON& Tower with Radar,0,4,9,6,19,0,0,2,0,2,0,4,11,6,21,16,0,16,37
11/03/2022,YNG,OH,AGL,CE,Combined TRACON& Tower with Radar,0,4,6,2,12,0,0,19,2,21,0,4,25,4,33,8,0,8,41
11/04/2022,YNG,OH,AGL,CE,Combined TRACON& Tower with Radar,2,0,10,6,18,0,2,8,0,10,2,2,18,6,28,16,6,22,50
11/05/2022,YNG,OH,AGL,CE,Combined TRACON& Tower with Radar,2,2,10,8,22,0,0,6,0,6,2,2,16,8,28,0,6,6,34
11/06/2022,YNG,OH,AGL,CE,Combined TRACON& Tower with Radar,0,3,7,0,10,0,0,5,0,5,0,3,12,0,15,0,0,0,15
11/07/2022,YNG,OH,AGL,CE,Combined TRACON& Tower with Radar,0,5,19,6,30,0,2,13,0,15,0,7,32,6,45,8,10,18,63
11/08/2022,YNG,OH,AGL,CE,Combined TRACON& Tower with Radar,0,7,8,1,16,0,1,33,0,34,0,8,41,1,50,12,0,12,62
11/09/2022,YNG,OH,AGL,CE,Combined TRACON& Tower with Radar,2,14,23,12,51,0,2,18,0,20,2,16,41,12,71,22,0,22,93
11/10/2022,YNG,OH,AGL,CE,Combined TRACON& Tower with Radar,0,5,4,11,20,0,3,27,0,30,0,8,31,11,50,12,6,18,68
11/11/2022,YNG,OH,AGL,CE,Combined TRACON& Tower with Radar,2,2,9,0,13,0,0,0,0,0,2,2,9,0,13,2,0,2,15
11/12/2022,YNG,OH,AGL,CE,Combined TRACON& Tower with Radar,2,1,5,1,9,0,0,1,0,1,2,1,6,1,10,0,0,0,10
11/13/2022,YNG,OH,AGL,CE,Combined TRACON& Tower with Radar,2,4,10,2,18,0,0,2,0,2,2,4,12,2,20,0,0,0,20
11/14/2022,YNG,OH,AGL,CE,Combined TRACON& Tower with Radar,0,10,28,9,47,0,3,9,0,12,0,13,37,9,59,0,0,0,59
11/15/2022,YNG,OH,AGL,CE,Combined TRACON& Tower with Radar,0,3,5,2,10,0,0,5,0,5,0,3,10,2,15,0,0,0,15
11/16/2022,YNG,OH,AGL,CE,Combined TRACON& Tower with Radar,0,3,3,0,6,0,0,0,0,0,0,3,3,0,6,0,0,0,6
11/17/2022,YNG,OH,AGL,CE,Combined TRACON& Tower with Radar,0,4,9,4,17,0,0,2,0,2,0,4,11,4,19,0,0,0,19
11/18/2022,YNG,OH,AGL,CE,Combined TRACON& Tower with Radar,1,5,8,8,22,0,0,0,0,0,1,5,8,8,22,0,0,0,22
11/19/2022,YNG,OH,AGL,CE,Combined TRACON& Tower with Radar,1,3,6,0,10,0,0,3,0,3,1,3,9,0,13,0,0,0,13
11/20/2022,YNG,OH,AGL,CE,Combined TRACON& Tower with Radar,0,3,5,0,8,0,1,3,0,4,0,4,8,0,12,4,0,4,16
11/21/2022,YNG,OH,AGL,CE,Combined TRACON& Tower with Radar,0,4,11,7,22,0,0,11,7,18,0,4,22,14,40,3,14,17,57
11/22/2022,YNG,OH,AGL,CE,Combined TRACON& Tower with Radar,0,6,20,11,37,0,0,22,3,25,0,6,42,14,62,5,14,19,81
11/23/2022,YNG,OH,AGL,CE,Combined TRACON& Tower with Radar,0,6,23,2,31,0,4,17,12,33,0,10,40,14,64,12,20,32,96
11/24/2022,YNG,OH,AGL,CE,Combined TRACON& Tower with Radar,0,0,4,0,4,0,0,4,0,4,0,0,8,0,8,0,0,0,8
11/25/2022,YNG,OH,AGL,CE,Combined TRACON& Tower with Radar,0,4,3,0,7,0,0,0,0,0,0,4,3,0,7,0,0,0,7
11/26/2022,YNG,OH,AGL,CE,Combined TRACON& Tower with Radar,0,3,16,0,19,0,0,29,0,29,0,3,45,0,48,13,0,13,61
11/27/2022,YNG,OH,AGL,CE,Combined TRACON& Tower with Radar,0,5,6,0,11,0,0,0,0,0,0,5,6,0,11,0,0,0,11
11/28/2022,YNG,OH,AGL,CE,Combined TRACON& Tower with Radar,0,3,10,0,13,0,0,3,0,3,0,3,13,0,16,4,0,4,20
11/29/2022,YNG,OH,AGL,CE,Combined TRACON& Tower with Radar,0,15,10,16,41,0,1,5,4,10,0,16,15,20,51,4,28,32,83
11/30/2022,YNG,OH,AGL,CE,Combined TRACON& Tower with Radar,0,7,3,14,24,0,0,0,4,4,0,7,3,18,28,0,10,10,38
12/01/2022,YNG,OH,AGL,CE,Combined TRACON& Tower with Radar,0,13,13,12,38,0,0,15,12,27,0,13,28,24,65,4,34,38,103
12/02/2022,YNG,OH,AGL,CE,Combined TRACON& Tower with Radar,0,3,9,0,12,0,0,11,0,11,0,3,20,0,23,10,0,10,33
12/03/2022,YNG,OH,AGL,CE,Combined TRACON& Tower with Radar,0,0,1,6,7,0,0,0,0,0,0,0,1,6,7,0,0,0,7
12/04/2022,YNG,OH,AGL,CE,Combined TRACON& Tower with Radar,0,7,14,5,26,0,4,25,3,32,0,11,39,8,58,16,24,40,98
12/05/2022,YNG,OH,AGL,CE,Combined TRACON& Tower with Radar,0,8,13,0,21,0,0,25,0,25,0,8,38,0,46,7,0,7,53
12/06/2022,YNG,OH,AGL,CE,Combined TRACON& Tower with Radar,0,5,11,13,29,0,0,0,0,0,0,5,11,13,29,0,0,0,29
12/07/2022,YNG,OH,AGL,CE,Combined TRACON& Tower with Radar,0,0,6,0,6,0,0,0,0,0,0,0,6,0,6,0,0,0,6
12/08/2022,YNG,OH,AGL,CE,Combined TRACON& Tower with Radar,0,4,2,7,13,0,0,1,3,4,0,4,3,10,17,0,14,14,31
12/09/2022,YNG,OH,AGL,CE,Combined TRACON& Tower with Radar,0,4,8,1,13,0,5,23,0,28,0,9,31,1,41,40,0,40,81
12/10/2022,YNG,OH,AGL,CE,Combined TRACON& Tower with Radar,0,9,13,0,22,0,0,0,0,0,0,9,13,0,22,0,0,0,22
12/11/2022,YNG,OH,AGL,CE,Combined TRACON& Tower with Radar,0,0,18,3,21,0,0,0,1,1,0,0,18,4,22,0,0,0,22
12/12/2022,YNG,OH,AGL,CE,Combined TRACON& Tower with Radar,0,5,9,7,21,0,0,2,3,5,0,5,11,10,26,8,0,8,34
12/13/2022,YNG,OH,AGL,CE,Combined TRACON& Tower with Radar,0,1,38,20,59,0,0,25,10,35,0,1,63,30,94,26,8,34,128
12/14/2022,YNG,OH,AGL,CE,Combined TRACON& Tower with Radar,0,4,13,13,30,0,0,8,11,19,0,4,21,24,49,0,26,26,75
12/15/2022,YNG,OH,AGL,CE,Combined TRACON& Tower with Radar,0,15,8,16,39,0,0,0,0,0,0,15,8,16,39,0,0,0,39
12/16/2022,YNG,OH,AGL,CE,Combined TRACON& Tower with Radar,0,10,15,2,27,0,0,0,1,1,0,10,15,3,28,0,0,0,28
12/17/2022,YNG,OH,AGL,CE,Combined TRACON& Tower with Radar,0,1,12,0,13,0,0,0,0,0,0,1,12,0,13,0,0,0,13
12/18/2022,YNG,OH,AGL,CE,Combined TRACON& Tower with Radar,0,2,5,0,7,0,0,0,0,0,0,2,5,0,7,0,0,0,7
12/19/2022,YNG,OH,AGL,CE,Combined TRACON& Tower with Radar,0,6,9,0,15,0,0,0,0,0,0,6,9,0,15,0,0,0,15
12/20/2022,YNG,OH,AGL,CE,Combined TRACON& Tower with Radar,0,6,22,14,42,0,0,18,4,22,0,6,40,18,64,26,32,58,122
12/21/2022,YNG,OH,AGL,CE,Combined TRACON& Tower with Radar,0,5,23,16,44,0,2,26,8,36,0,7,49,24,80,49,30,79,159
12/22/2022,YNG,OH,AGL,CE,Combined TRACON& Tower with Radar,0,20,14,28,62,0,0,2,0,2,0,20,16,28,64,10,0,10,74
12/23/2022,YNG,OH,AGL,CE,Combined TRACON& Tower with Radar,0,0,0,0,0,0,0,0,0,0,0,0,0,0,0,0,0,0,0
12/24/2022,YNG,OH,AGL,CE,Combined TRACON& Tower with Radar,0,0,0,0,0,0,0,0,0,0,0,0,0,0,0,0,0,0,0
12/25/2022,YNG,OH,AGL,CE,Combined TRACON& Tower with Radar,0,0,1,0,1,0,0,0,0,0,0,0,1,0,1,0,0,0,1
12/26/2022,YNG,OH,AGL,CE,Combined TRACON& Tower with Radar,0,6,7,0,13,0,0,6,0,6,0,6,13,0,19,6,0,6,25
12/27/2022,YNG,OH,AGL,CE,Combined TRACON& Tower with Radar,0,3,13,9,25,0,0,0,1,1,0,3,13,10,26,0,0,0,26
12/28/2022,YNG,OH,AGL,CE,Combined TRACON& Tower with Radar,0,6,28,14,48,0,0,25,3,28,0,6,53,17,76,26,18,44,120
12/29/2022,YNG,OH,AGL,CE,Combined TRACON& Tower with Radar,0,2,15,18,35,0,0,4,3,7,0,2,19,21,42,4,6,10,52
12/30/2022,YNG,OH,AGL,CE,Combined TRACON& Tower with Radar,0,4,17,1,22,0,0,9,2,11,0,4,26,3,33,8,0,8,41
12/31/2022,YNG,OH,AGL,CE,Combined TRACON& Tower with Radar,0,2,10,0,12,0,0,0,0,0,0,2,10,0,12,0,0,0,12
01/01/2023,YNG,OH,AGL,CE,Combined TRACON& Tower with Radar,0,2,6,0,8,0,0,0,0,0,0,2,6,0,8,0,0,0,8
01/02/2023,YNG,OH,AGL,CE,Combined TRACON& Tower with Radar,0,5,5,0,10,0,0,0,0,0,0,5,5,0,10,0,0,0,10
01/03/2023,YNG,OH,AGL,CE,Combined TRACON& Tower with Radar,0,7,5,0,12,0,0,0,0,0,0,7,5,0,12,0,0,0,12
01/04/2023,YNG,OH,AGL,CE,Combined TRACON& Tower with Radar,0,3,14,5,22,0,0,0,0,0,0,3,14,5,22,0,6,6,28
01/05/2023,YNG,OH,AGL,CE,Combined TRACON& Tower with Radar,0,1,17,8,26,0,1,11,9,21,0,2,28,17,47,12,4,16,63
01/06/2023,YNG,OH,AGL,CE,Combined TRACON& Tower with Radar,0,5,0,2,7,0,0,0,0,0,0,5,0,2,7,2,0,2,9
01/07/2023,YNG,OH,AGL,CE,Combined TRACON& Tower with Radar,0,1,3,0,4,0,0,0,0,0,0,1,3,0,4,0,0,0,4
01/08/2023,YNG,OH,AGL,CE,Combined TRACON& Tower with Radar,0,0,7,13,20,0,2,6,1,9,0,2,13,14,29,32,28,60,89
01/09/2023,YNG,OH,AGL,CE,Combined TRACON& Tower with Radar,0,4,26,2,32,0,0,17,0,17,0,4,43,2,49,8,0,8,57
01/10/2023,YNG,OH,AGL,CE,Combined TRACON& Tower with Radar,0,4,13,37,54,0,5,22,6,33,0,9,35,43,87,1,29,30,117
01/11/2023,YNG,OH,AGL,CE,Combined TRACON& Tower with Radar,0,14,12,9,35,0,6,16,13,35,0,20,28,22,70,18,6,24,94
01/12/2023,YNG,OH,AGL,CE,Combined TRACON& Tower with Radar,0,5,10,2,17,0,0,0,0,0,0,5,10,2,17,0,0,0,17
01/13/2023,YNG,OH,AGL,CE,Combined TRACON& Tower with Radar,0,0,7,0,7,0,0,0,0,0,0,0,7,0,7,0,0,0,7
01/14/2023,YNG,OH,AGL,CE,Combined TRACON& Tower with Radar,0,4,6,0,10,0,0,0,0,0,0,4,6,0,10,0,0,0,10
01/15/2023,YNG,OH,AGL,CE,Combined TRACON& Tower with Radar,0,6,22,0,28,0,2,35,0,37,0,8,57,0,65,18,0,18,83
01/16/2023,YNG,OH,AGL,CE,Combined TRACON& Tower with Radar,0,8,16,0,24,0,2,20,0,22,0,10,36,0,46,6,0,6,52
01/17/2023,YNG,OH,AGL,CE,Combined TRACON& Tower with Radar,0,5,18,5,28,0,0,0,1,1,0,5,18,6,29,0,10,10,39
01/18/2023,YNG,OH,AGL,CE,Combined TRACON& Tower with Radar,0,21,8,24,53,0,0,0,3,3,0,21,8,27,56,0,16,16,72
01/19/2023,YNG,OH,AGL,CE,Combined TRACON& Tower with Radar,0,4,10,3,17,0,0,0,1,1,0,4,10,4,18,0,0,0,18
01/20/2023,YNG,OH,AGL,CE,Combined TRACON& Tower with Radar,0,6,3,3,12,0,0,0,0,0,0,6,3,3,12,0,0,0,12
01/21/2023,YNG,OH,AGL,CE,Combined TRACON& Tower with Radar,0,5,11,0,16,0,0,3,0,3,0,5,14,0,19,2,0,2,21
01/22/2023,YNG,OH,AGL,CE,Combined TRACON& Tower with Radar,0,5,7,0,12,0,0,0,0,0,0,5,7,0,12,0,0,0,12
01/23/2023,YNG,OH,AGL,CE,Combined TRACON& Tower with Radar,0,8,9,0,17,0,0,0,0,0,0,8,9,0,17,0,0,0,17
01/24/2023,YNG,OH,AGL,CE,Combined TRACON& Tower with Radar,0,8,26,21,55,0,0,14,5,19,0,8,40,26,74,0,32,32,106
01/25/2023,YNG,OH,AGL,CE,Combined TRACON& Tower with Radar,0,8,6,4,18,0,0,0,2,2,0,8,6,6,20,0,11,11,31
01/26/2023,YNG,OH,AGL,CE,Combined TRACON& Tower with Radar,0,4,5,4,13,0,0,0,0,0,0,4,5,4,13,0,0,0,13
01/27/2023,YNG,OH,AGL,CE,Combined TRACON& Tower with Radar,0,16,8,0,24,0,1,2,1,4,0,17,10,1,28,0,0,0,28
01/28/2023,YNG,OH,AGL,CE,Combined TRACON& Tower with Radar,0,7,11,0,18,0,0,3,1,4,0,7,14,1,22,21,0,21,43
01/29/2023,YNG,OH,AGL,CE,Combined TRACON& Tower with Radar,0,3,4,0,7,0,0,0,0,0,0,3,4,0,7,0,0,0,7
01/30/2023,YNG,OH,AGL,CE,Combined TRACON& Tower with Radar,0,5,3,0,8,0,0,0,0,0,0,5,3,0,8,0,0,0,8
01/31/2023,YNG,OH,AGL,CE,Combined TRACON& Tower with Radar,0,4,15,5,24,0,0,11,5,16,0,4,26,10,40,13,6,19,59
02/01/2023,YNG,OH,AGL,CE,Combined TRACON& Tower with Radar,0,10,27,1,38,0,4,14,10,28,0,14,41,11,66,0,0,0,66
02/02/2023,YNG,OH,AGL,CE,Combined TRACON& Tower with Radar,0,7,10,12,29,0,0,27,14,41,0,7,37,26,70,16,24,40,110
02/03/2023,YNG,OH,AGL,CE,Combined TRACON& Tower with Radar,0,3,7,16,26,0,0,0,0,0,0,3,7,16,26,0,40,40,66
02/04/2023,YNG,OH,AGL,CE,Combined TRACON& Tower with Radar,0,0,10,4,14,0,0,6,8,14,0,0,16,12,28,0,12,12,40
02/05/2023,YNG,OH,AGL,CE,Combined TRACON& Tower with Radar,0,4,12,11,27,0,0,0,1,1,0,4,12,12,28,0,0,0,28
02/06/2023,YNG,OH,AGL,CE,Combined TRACON& Tower with Radar,0,1,16,5,22,0,0,1,0,1,0,1,17,5,23,7,0,7,30
02/07/2023,YNG,OH,AGL,CE,Combined TRACON& Tower with Radar,0,5,7,8,20,0,2,5,6,13,0,7,12,14,33,0,26,26,59
02/08/2023,YNG,OH,AGL,CE,Combined TRACON& Tower with Radar,0,8,11,6,25,0,2,25,7,34,0,10,36,13,59,2,21,23,82
02/09/2023,YNG,OH,AGL,CE,Combined TRACON& Tower with Radar,0,10,14,1,25,0,0,0,0,0,0,10,14,1,25,4,0,4,29
02/10/2023,YNG,OH,AGL,CE,Combined TRACON& Tower with Radar,0,6,7,0,13,0,0,0,0,0,0,6,7,0,13,0,0,0,13
02/11/2023,YNG,OH,AGL,CE,Combined TRACON& Tower with Radar,0,6,18,3,27,0,2,60,0,62,0,8,78,3,89,24,0,24,113
02/12/2023,YNG,OH,AGL,CE,Combined TRACON& Tower with Radar,0,2,11,0,13,0,2,48,0,50,0,4,59,0,63,32,0,32,95
02/13/2023,YNG,OH,AGL,CE,Combined TRACON& Tower with Radar,0,1,11,0,12,0,0,11,0,11,0,1,22,0,23,24,0,24,47
02/14/2023,YNG,OH,AGL,CE,Combined TRACON& Tower with Radar,0,2,8,17,27,0,2,11,14,27,0,4,19,31,54,34,15,49,103
02/15/2023,YNG,OH,AGL,CE,Combined TRACON& Tower with Radar,0,9,11,4,24,0,0,3,1,4,0,9,14,5,28,0,0,0,28
02/16/2023,YNG,OH,AGL,CE,Combined TRACON& Tower with Radar,0,8,18,24,50,0,0,4,8,12,0,8,22,32,62,0,14,14,76
02/17/2023,YNG,OH,AGL,CE,Combined TRACON& Tower with Radar,0,1,2,0,3,0,0,0,0,0,0,1,2,0,3,0,0,0,3
02/18/2023,YNG,OH,AGL,CE,Combined TRACON& Tower with Radar,0,1,15,0,16,0,0,9,0,9,0,1,24,0,25,2,0,2,27
02/19/2023,YNG,OH,AGL,CE,Combined TRACON& Tower with Radar,0,6,8,0,14,0,0,7,0,7,0,6,15,0,21,8,0,8,29
02/20/2023,YNG,OH,AGL,CE,Combined TRACON& Tower with Radar,0,5,25,0,30,0,9,13,0,22,0,14,38,0,52,21,0,21,73
02/21/2023,YNG,OH,AGL,CE,Combined TRACON& Tower with Radar,0,3,9,5,17,0,0,0,1,1,0,3,9,6,18,0,4,4,22
02/22/2023,YNG,OH,AGL,CE,Combined TRACON& Tower with Radar,0,1,19,2,22,0,0,0,0,0,0,1,19,2,22,0,0,0,22
02/23/2023,YNG,OH,AGL,CE,Combined TRACON& Tower with Radar,0,3,11,23,37,0,0,0,7,7,0,3,11,30,44,0,24,24,68
02/24/2023,YNG,OH,AGL,CE,Combined TRACON& Tower with Radar,0,0,26,0,26,0,0,10,0,10,0,0,36,0,36,12,0,12,48
02/25/2023,YNG,OH,AGL,CE,Combined TRACON& Tower with Radar,0,3,17,0,20,0,2,23,0,25,0,5,40,0,45,42,0,42,87
02/26/2023,YNG,OH,AGL,CE,Combined TRACON& Tower with Radar,0,5,18,0,23,0,0,8,0,8,0,5,26,0,31,0,0,0,31
02/27/2023,YNG,OH,AGL,CE,Combined TRACON& Tower with Radar,0,0,5,0,5,0,2,2,0,4,0,2,7,0,9,0,0,0,9
02/28/2023,YNG,OH,AGL,CE,Combined TRACON& Tower with Radar,0,10,10,8,28,0,1,0,4,5,0,11,10,12,33,0,0,0,33
03/01/2023,YNG,OH,AGL,CE,Combined TRACON& Tower with Radar,0,4,14,4,22,0,2,16,0,18,0,6,30,4,40,4,5,9,49
03/02/2023,YNG,OH,AGL,CE,Combined TRACON& Tower with Radar,0,3,17,9,29,0,0,15,0,15,0,3,32,9,44,18,0,18,62
03/03/2023,YNG,OH,AGL,CE,Combined TRACON& Tower with Radar,0,1,8,1,10,0,0,0,0,0,0,1,8,1,10,0,0,0,10
03/04/2023,YNG,OH,AGL,CE,Combined TRACON& Tower with Radar,0,11,3,0,14,0,3,4,0,7,0,14,7,0,21,0,0,0,21
03/05/2023,YNG,OH,AGL,CE,Combined TRACON& Tower with Radar,0,13,19,0,32,0,0,8,0,8,0,13,27,0,40,34,0,34,74
03/06/2023,YNG,OH,AGL,CE,Combined TRACON& Tower with Radar,0,10,8,2,20,0,0,10,0,10,0,10,18,2,30,12,0,12,42
03/07/2023,YNG,OH,AGL,CE,Combined TRACON& Tower with Radar,0,6,7,5,18,0,1,7,11,19,0,7,14,16,37,0,0,0,37
03/08/2023,YNG,OH,AGL,CE,Combined TRACON& Tower with Radar,0,9,23,11,43,0,0,21,0,21,0,9,44,11,64,0,0,0,64
03/09/2023,YNG,OH,AGL,CE,Combined TRACON& Tower with Radar,0,5,16,3,24,0,0,27,6,33,0,5,43,9,57,28,0,28,85
03/10/2023,YNG,OH,AGL,CE,Combined TRACON& Tower with Radar,0,2,4,0,6,0,0,0,0,0,0,2,4,0,6,0,0,0,6
03/11/2023,YNG,OH,AGL,CE,Combined TRACON& Tower with Radar,0,0,8,0,8,0,0,0,1,1,0,0,8,1,9,0,0,0,9
03/12/2023,YNG,OH,AGL,CE,Combined TRACON& Tower with Radar,0,5,4,4,13,0,0,5,0,5,0,5,9,4,18,0,0,0,18
03/13/2023,YNG,OH,AGL,CE,Combined TRACON& Tower with Radar,0,16,7,0,23,0,0,0,0,0,0,16,7,0,23,0,0,0,23
03/14/2023,YNG,OH,AGL,CE,Combined TRACON& Tower with Radar,0,3,4,0,7,0,0,0,0,0,0,3,4,0,7,0,0,0,7
03/15/2023,YNG,OH,AGL,CE,Combined TRACON& Tower with Radar,0,13,21,0,34,0,8,26,0,34,0,21,47,0,68,15,0,15,83
03/16/2023,YNG,OH,AGL,CE,Combined TRACON& Tower with Radar,0,5,8,1,14,0,8,11,3,22,0,13,19,4,36,15,10,25,61
03/17/2023,YNG,OH,AGL,CE,Combined TRACON& Tower with Radar,0,6,2,6,14,0,0,0,0,0,0,6,2,6,14,0,0,0,14
03/18/2023,YNG,OH,AGL,CE,Combined TRACON& Tower with Radar,0,2,1,0,3,0,0,0,0,0,0,2,1,0,3,0,0,0,3
03/19/2023,YNG,OH,AGL,CE,Combined TRACON& Tower with Radar,0,0,9,0,9,0,0,3,0,3,0,0,12,0,12,0,0,0,12
03/20/2023,YNG,OH,AGL,CE,Combined TRACON& Tower with Radar,0,8,5,2,15,0,0,9,0,9,0,8,14,2,24,21,0,21,45
03/21/2023,YNG,OH,AGL,CE,Combined TRACON& Tower with Radar,0,11,18,10,39,0,4,29,14,47,0,15,47,24,86,13,18,31,117
03/22/2023,YNG,OH,AGL,CE,Combined TRACON& Tower with Radar,0,7,8,18,33,0,0,5,6,11,0,7,13,24,44,24,28,52,96
03/23/2023,YNG,OH,AGL,CE,Combined TRACON& Tower with Radar,0,4,18,0,22,0,0,0,0,0,0,4,18,0,22,0,0,0,22
03/24/2023,YNG,OH,AGL,CE,Combined TRACON& Tower with Radar,0,6,4,5,15,0,4,11,9,24,0,10,15,14,39,16,14,30,69
03/25/2023,YNG,OH,AGL,CE,Combined TRACON& Tower with Radar,0,5,4,0,9,0,0,0,0,0,0,5,4,0,9,0,0,0,9
03/26/2023,YNG,OH,AGL,CE,Combined TRACON& Tower with Radar,0,1,7,0,8,0,2,14,0,16,0,3,21,0,24,0,0,0,24
03/27/2023,YNG,OH,AGL,CE,Combined TRACON& Tower with Radar,0,5,15,0,20,0,0,1,0,1,0,5,16,0,21,2,0,2,23
03/28/2023,YNG,OH,AGL,CE,Combined TRACON& Tower with Radar,0,2,15,13,30,0,4,20,10,34,0,6,35,23,64,28,8,36,100
03/29/2023,YNG,OH,AGL,CE,Combined TRACON& Tower with Radar,0,5,9,6,20,0,1,9,5,15,0,6,18,11,35,3,12,15,50
03/30/2023,YNG,OH,AGL,CE,Combined TRACON& Tower with Radar,0,10,23,7,40,0,6,26,1,33,0,16,49,8,73,100,0,100,173
03/31/2023,YNG,OH,AGL,CE,Combined TRACON& Tower with Radar,0,8,8,4,20,0,0,0,0,0,0,8,8,4,20,0,0,0,20
04/01/2023,YNG,OH,AGL,CE,Combined TRACON& Tower with Radar,0,0,2,0,2,0,0,0,0,0,0,0,2,0,2,0,0,0,2
04/02/2023,YNG,OH,AGL,CE,Combined TRACON& Tower with Radar,0,8,8,6,22,0,2,23,0,25,0,10,31,6,47,51,0,51,98
04/03/2023,YNG,OH,AGL,CE,Combined TRACON& Tower with Radar,0,18,14,3,35,0,2,8,2,12,0,20,22,5,47,2,0,2,49
04/04/2023,YNG,OH,AGL,CE,Combined TRACON& Tower with Radar,0,10,16,9,35,0,2,15,6,23,0,12,31,15,58,22,10,32,90
04/05/2023,YNG,OH,AGL,CE,Combined TRACON& Tower with Radar,0,5,9,1,15,0,1,0,0,1,0,6,9,1,16,3,0,3,19
04/06/2023,YNG,OH,AGL,CE,Combined TRACON& Tower with Radar,0,16,8,17,41,0,2,8,3,13,0,18,16,20,54,16,20,36,90
04/07/2023,YNG,OH,AGL,CE,Combined TRACON& Tower with Radar,0,17,23,3,43,0,2,25,0,27,0,19,48,3,70,16,0,16,86
04/08/2023,YNG,OH,AGL,CE,Combined TRACON& Tower with Radar,0,0,7,0,7,0,4,30,0,34,0,4,37,0,41,45,0,45,86
04/09/2023,YNG,OH,AGL,CE,Combined TRACON& Tower with Radar,0,2,2,0,4,0,0,3,0,3,0,2,5,0,7,1,0,1,8
04/10/2023,YNG,OH,AGL,CE,Combined TRACON& Tower with Radar,0,12,8,10,30,0,8,20,3,31,0,20,28,13,61,2,10,12,73
04/11/2023,YNG,OH,AGL,CE,Combined TRACON& Tower with Radar,0,12,7,8,27,0,6,8,9,23,0,18,15,17,50,18,0,18,68
04/12/2023,YNG,OH,AGL,CE,Combined TRACON& Tower with Radar,0,6,16,7,29,0,0,19,5,24,0,6,35,12,53,0,18,18,71
04/13/2023,YNG,OH,AGL,CE,Combined TRACON& Tower with Radar,0,8,15,14,37,0,9,28,0,37,0,17,43,14,74,10,12,22,96
04/14/2023,YNG,OH,AGL,CE,Combined TRACON& Tower with Radar,0,17,10,2,29,0,4,22,0,26,0,21,32,2,55,6,0,6,61
04/15/2023,YNG,OH,AGL,CE,Combined TRACON& Tower with Radar,0,5,12,0,17,0,0,16,0,16,0,5,28,0,33,22,0,22,55
04/16/2023,YNG,OH,AGL,CE,Combined TRACON& Tower with Radar,0,7,7,1,15,0,2,13,0,15,0,9,20,1,30,38,0,38,68
04/17/2023,YNG,OH,AGL,CE,Combined TRACON& Tower with Radar,0,4,12,4,20,0,0,0,4,4,0,4,12,8,24,0,0,0,24
04/18/2023,YNG,OH,AGL,CE,Combined TRACON& Tower with Radar,0,12,13,2,27,0,0,7,2,9,0,12,20,4,36,18,0,18,54
04/19/2023,YNG,OH,AGL,CE,Combined TRACON& Tower with Radar,0,12,41,24,77,0,0,43,0,43,0,12,84,24,120,32,30,62,182
04/20/2023,YNG,OH,AGL,CE,Combined TRACON& Tower with Radar,0,10,18,8,36,0,2,19,0,21,0,12,37,8,57,6,2,8,65
04/21/2023,YNG,OH,AGL,CE,Combined TRACON& Tower with Radar,0,6,12,2,20,0,0,9,0,9,0,6,21,2,29,14,0,14,43
04/22/2023,YNG,OH,AGL,CE,Combined TRACON& Tower with Radar,0,2,24,0,26,0,0,0,0,0,0,2,24,0,26,0,0,0,26
04/23/2023,YNG,OH,AGL,CE,Combined TRACON& Tower with Radar,0,1,17,0,18,0,0,14,0,14,0,1,31,0,32,0,0,0,32
04/24/2023,YNG,OH,AGL,CE,Combined TRACON& Tower with Radar,0,3,6,0,9,0,1,1,1,3,0,4,7,1,12,6,0,6,18
04/25/2023,YNG,OH,AGL,CE,Combined TRACON& Tower with Radar,0,6,13,17,36,0,4,5,14,23,0,10,18,31,59,14,34,48,107
04/26/2023,YNG,OH,AGL,CE,Combined TRACON& Tower with Radar,0,7,11,17,35,0,3,10,8,21,0,10,21,25,56,0,33,33,89
04/27/2023,YNG,OH,AGL,CE,Combined TRACON& Tower with Radar,0,12,25,12,49,0,2,32,3,37,0,14,57,15,86,0,20,20,106
04/28/2023,YNG,OH,AGL,CE,Combined TRACON& Tower with Radar,0,16,9,4,29,0,0,0,0,0,0,16,9,4,29,0,0,0,29
04/29/2023,YNG,OH,AGL,CE,Combined TRACON& Tower with Radar,0,2,16,0,18,0,0,3,0,3,0,2,19,0,21,6,0,6,27
04/30/2023,YNG,OH,AGL,CE,Combined TRACON& Tower with Radar,0,9,11,2,22,0,0,2,0,2,0,9,13,2,24,10,0,10,34
05/01/2023,YNG,OH,AGL,CE,Combined TRACON& Tower with Radar,0,4,7,1,12,0,0,0,0,0,0,4,7,1,12,0,0,0,12
05/02/2023,YNG,OH,AGL,CE,Combined TRACON& Tower with Radar,0,2,10,22,34,0,0,1,0,1,0,2,11,22,35,0,6,6,41
05/03/2023,YNG,OH,AGL,CE,Combined TRACON& Tower with Radar,0,5,5,6,16,0,0,0,0,0,0,5,5,6,16,0,0,0,16
05/04/2023,YNG,OH,AGL,CE,Combined TRACON& Tower with Radar,1,23,26,1,51,0,3,20,1,24,1,26,46,2,75,10,0,10,85
05/05/2023,YNG,OH,AGL,CE,Combined TRACON& Tower with Radar,1,21,13,4,39,0,2,16,0,18,1,23,29,4,57,10,0,10,67
05/06/2023,YNG,OH,AGL,CE,Combined TRACON& Tower with Radar,0,3,15,6,24,0,3,58,10,71,0,6,73,16,95,40,8,48,143
05/07/2023,YNG,OH,AGL,CE,Combined TRACON& Tower with Radar,0,12,12,15,39,0,0,2,0,2,0,12,14,15,41,6,0,6,47
05/08/2023,YNG,OH,AGL,CE,Combined TRACON& Tower with Radar,1,7,21,1,30,0,0,14,1,15,1,7,35,2,45,22,0,22,67
05/09/2023,YNG,OH,AGL,CE,Combined TRACON& Tower with Radar,1,5,15,4,25,0,4,19,2,25,1,9,34,6,50,42,0,42,92
05/10/2023,YNG,OH,AGL,CE,Combined TRACON& Tower with Radar,2,11,16,18,47,0,1,20,0,21,2,12,36,18,68,40,17,57,125
05/11/2023,YNG,OH,AGL,CE,Combined TRACON& Tower with Radar,2,1,26,13,42,0,11,11,10,32,2,12,37,23,74,20,36,56,130
05/12/2023,YNG,OH,AGL,CE,Combined TRACON& Tower with Radar,2,0,10,3,15,0,0,24,0,24,2,0,34,3,39,4,0,4,43
05/13/2023,YNG,OH,AGL,CE,Combined TRACON& Tower with Radar,0,0,10,0,10,0,0,12,0,12,0,0,22,0,22,0,0,0,22
05/14/2023,YNG,OH,AGL,CE,Combined TRACON& Tower with Radar,0,3,5,1,9,0,0,19,0,19,0,3,24,1,28,2,0,2,30
05/15/2023,YNG,OH,AGL,CE,Combined TRACON& Tower with Radar,0,10,13,13,36,0,0,14,3,17,0,10,27,16,53,30,32,62,115
05/16/2023,YNG,OH,AGL,CE,Combined TRACON& Tower with Radar,0,8,21,20,49,0,5,16,11,32,0,13,37,31,81,58,78,136,217
05/17/2023,YNG,OH,AGL,CE,Combined TRACON& Tower with Radar,0,2,11,11,24,0,0,24,8,32,0,2,35,19,56,42,72,114,170
05/18/2023,YNG,OH,AGL,CE,Combined TRACON& Tower with Radar,1,6,15,39,61,0,5,23,18,46,1,11,38,57,107,30,82,112,219
05/19/2023,YNG,OH,AGL,CE,Combined TRACON& Tower with Radar,1,10,11,2,24,0,2,6,0,8,1,12,17,2,32,0,0,0,32
05/20/2023,YNG,OH,AGL,CE,Combined TRACON& Tower with Radar,0,5,22,2,29,0,0,3,0,3,0,5,25,2,32,14,0,14,46
05/21/2023,YNG,OH,AGL,CE,Combined TRACON& Tower with Radar,0,4,16,1,21,0,0,24,1,25,0,4,40,2,46,14,0,14,60
05/22/2023,YNG,OH,AGL,CE,Combined TRACON& Tower with Radar,0,7,18,1,26,0,3,37,7,47,0,10,55,8,73,18,17,35,108
05/23/2023,YNG,OH,AGL,CE,Combined TRACON& Tower with Radar,2,8,28,20,58,0,0,33,18,51,2,8,61,38,109,34,18,52,161
05/24/2023,YNG,OH,AGL,CE,Combined TRACON& Tower with Radar,1,1,14,12,28,0,0,16,6,22,1,1,30,18,50,14,16,30,80
05/25/2023,YNG,OH,AGL,CE,Combined TRACON& Tower with Radar,0,8,16,13,37,0,0,15,16,31,0,8,31,29,68,10,30,40,108
05/26/2023,YNG,OH,AGL,CE,Combined TRACON& Tower with Radar,0,6,18,8,32,0,0,38,2,40,0,6,56,10,72,38,33,71,143
05/27/2023,YNG,OH,AGL,CE,Combined TRACON& Tower with Radar,0,6,9,0,15,0,5,12,0,17,0,11,21,0,32,18,0,18,50
05/28/2023,YNG,OH,AGL,CE,Combined TRACON& Tower with Radar,0,2,8,0,10,0,3,14,0,17,0,5,22,0,27,0,0,0,27
05/29/2023,YNG,OH,AGL,CE,Combined TRACON& Tower with Radar,0,2,6,2,10,0,2,12,3,17,0,4,18,5,27,22,8,30,57
05/30/2023,YNG,OH,AGL,CE,Combined TRACON& Tower with Radar,0,10,25,21,56,0,9,20,3,32,0,19,45,24,88,80,28,108,196
05/31/2023,YNG,OH,AGL,CE,Combined TRACON& Tower with Radar,0,7,18,9,34,0,4,23,5,32,0,11,41,14,66,68,22,90,156
06/01/2023,YNG,OH,AGL,CE,Combined TRACON& Tower with Radar,0,10,21,10,41,0,2,16,0,18,0,12,37,10,59,70,18,88,147
06/02/2023,YNG,OH,AGL,CE,Combined TRACON& Tower with Radar,0,13,13,1,27,0,4,12,0,16,0,17,25,1,43,0,0,0,43
06/03/2023,YNG,OH,AGL,CE,Combined TRACON& Tower with Radar,0,1,11,2,14,0,2,3,0,5,0,3,14,2,19,4,0,4,23
06/04/2023,YNG,OH,AGL,CE,Combined TRACON& Tower with Radar,0,6,8,1,15,0,0,12,2,14,0,6,20,3,29,22,0,22,51
06/05/2023,YNG,OH,AGL,CE,Combined TRACON& Tower with Radar,0,7,11,1,19,0,0,10,1,11,0,7,21,2,30,8,0,8,38
06/06/2023,YNG,OH,AGL,CE,Combined TRACON& Tower with Radar,0,14,15,15,44,0,2,23,22,47,0,16,38,37,91,50,51,101,192
06/07/2023,YNG,OH,AGL,CE,Combined TRACON& Tower with Radar,0,12,14,11,37,0,2,21,2,25,0,14,35,13,62,56,20,76,138
06/08/2023,YNG,OH,AGL,CE,Combined TRACON& Tower with Radar,0,11,21,8,40,0,0,19,13,32,0,11,40,21,72,16,26,42,114
06/09/2023,YNG,OH,AGL,CE,Combined TRACON& Tower with Radar,0,17,19,4,40,0,2,14,3,19,0,19,33,7,59,24,6,30,89
06/10/2023,YNG,OH,AGL,CE,Combined TRACON& Tower with Radar,0,7,16,0,23,0,6,19,0,25,0,13,35,0,48,42,0,42,90
06/11/2023,YNG,OH,AGL,CE,Combined TRACON& Tower with Radar,0,4,12,0,16,0,0,22,0,22,0,4,34,0,38,12,0,12,50
06/12/2023,YNG,OH,AGL,CE,Combined TRACON& Tower with Radar,0,2,23,3,28,0,0,1,0,1,0,2,24,3,29,0,0,0,29
06/13/2023,YNG,OH,AGL,CE,Combined TRACON& Tower with Radar,0,3,13,21,37,0,0,5,15,20,0,3,18,36,57,0,36,36,93
06/14/2023,YNG,OH,AGL,CE,Combined TRACON& Tower with Radar,0,7,16,23,46,0,1,13,2,16,0,8,29,25,62,41,46,87,149
06/15/2023,YNG,OH,AGL,CE,Combined TRACON& Tower with Radar,0,5,18,16,39,0,0,17,14,31,0,5,35,30,70,8,20,28,98
06/16/2023,YNG,OH,AGL,CE,Combined TRACON& Tower with Radar,0,7,8,2,17,0,0,5,0,5,0,7,13,2,22,12,0,12,34
06/17/2023,YNG,OH,AGL,CE,Combined TRACON& Tower with Radar,0,6,18,2,26,0,0,17,0,17,0,6,35,2,43,27,0,27,70
06/18/2023,YNG,OH,AGL,CE,Combined TRACON& Tower with Radar,0,8,8,0,16,0,0,17,0,17,0,8,25,0,33,42,0,42,75
06/19/2023,YNG,OH,AGL,CE,Combined TRACON& Tower with Radar,0,2,15,0,17,0,0,31,0,31,0,2,46,0,48,24,0,24,72
06/20/2023,YNG,OH,AGL,CE,Combined TRACON& Tower with Radar,0,28,30,25,83,0,8,21,5,34,0,36,51,30,117,32,28,60,177
06/21/2023,YNG,OH,AGL,CE,Combined TRACON& Tower with Radar,2,33,21,29,85,0,0,38,18,56,2,33,59,47,141,6,58,64,205
06/22/2023,YNG,OH,AGL,CE,Combined TRACON& Tower with Radar,0,10,37,26,73,0,2,0,21,23,0,12,37,47,96,14,44,58,154
06/23/2023,YNG,OH,AGL,CE,Combined TRACON& Tower with Radar,0,6,10,16,32,0,0,0,0,0,0,6,10,16,32,8,0,8,40
06/24/2023,YNG,OH,AGL,CE,Combined TRACON& Tower with Radar,0,0,24,2,26,0,0,0,0,0,0,0,24,2,26,0,0,0,26
06/25/2023,YNG,OH,AGL,CE,Combined TRACON& Tower with Radar,0,1,9,0,10,0,3,11,0,14,0,4,20,0,24,36,0,36,60
06/26/2023,YNG,OH,AGL,CE,Combined TRACON& Tower with Radar,0,6,12,3,21,0,2,4,0,6,0,8,16,3,27,0,0,0,27
06/27/2023,YNG,OH,AGL,CE,Combined TRACON& Tower with Radar,2,12,21,17,52,0,0,0,0,0,2,12,21,17,52,0,0,0,52
06/28/2023,YNG,OH,AGL,CE,Combined TRACON& Tower with Radar,0,8,28,20,56,0,0,2,0,2,0,8,30,20,58,0,0,0,58
06/29/2023,YNG,OH,AGL,CE,Combined TRACON& Tower with Radar,0,10,18,59,87,0,0,0,0,0,0,10,18,59,87,0,0,0,87
06/30/2023,YNG,OH,AGL,CE,Combined TRACON& Tower with Radar,0,18,21,14,53,0,0,12,0,12,0,18,33,14,65,28,8,36,101
07/01/2023,YNG,OH,AGL,CE,Combined TRACON& Tower with Radar,0,9,6,0,15,0,0,1,0,1,0,9,7,0,16,0,0,0,16
07/02/2023,YNG,OH,AGL,CE,Combined TRACON& Tower with Radar,0,4,0,0,4,0,0,0,0,0,0,4,0,0,4,0,0,0,4
07/03/2023,YNG,OH,AGL,CE,Combined TRACON& Tower with Radar,0,10,4,0,14,0,0,2,0,2,0,10,6,0,16,0,0,0,16
07/04/2023,YNG,OH,AGL,CE,Combined TRACON& Tower with Radar,0,3,10,0,13,0,0,11,0,11,0,3,21,0,24,8,0,8,32
07/05/2023,YNG,OH,AGL,CE,Combined TRACON& Tower with Radar,0,24,21,2,47,0,4,25,3,32,0,28,46,5,79,85,30,115,194
07/06/2023,YNG,OH,AGL,CE,Combined TRACON& Tower with Radar,2,6,7,7,22,0,1,13,18,32,2,7,20,25,54,32,30,62,116
07/07/2023,YNG,OH,AGL,CE,Combined TRACON& Tower with Radar,0,5,9,5,19,0,5,11,0,16,0,10,20,5,35,16,0,16,51
07/08/2023,YNG,OH,AGL,CE,Combined TRACON& Tower with Radar,0,9,14,0,23,0,0,21,0,21,0,9,35,0,44,38,0,38,82
07/09/2023,YNG,OH,AGL,CE,Combined TRACON& Tower with Radar,0,2,7,0,9,0,0,6,0,6,0,2,13,0,15,8,0,8,23
07/10/2023,YNG,OH,AGL,CE,Combined TRACON& Tower with Radar,0,19,15,9,43,0,2,19,2,23,0,21,34,11,66,45,12,57,123
07/11/2023,YNG,OH,AGL,CE,Combined TRACON& Tower with Radar,0,7,19,11,37,0,4,27,7,38,0,11,46,18,75,48,12,60,135
07/12/2023,YNG,OH,AGL,CE,Combined TRACON& Tower with Radar,0,6,16,5,27,0,0,9,1,10,0,6,25,6,37,4,0,4,41
07/13/2023,YNG,OH,AGL,CE,Combined TRACON& Tower with Radar,0,4,15,15,34,0,0,7,5,12,0,4,22,20,46,53,28,81,127
07/14/2023,YNG,OH,AGL,CE,Combined TRACON& Tower with Radar,0,12,5,1,18,0,4,16,1,21,0,16,21,2,39,38,0,38,77
07/15/2023,YNG,OH,AGL,CE,Combined TRACON& Tower with Radar,0,5,1,0,6,0,0,25,0,25,0,5,26,0,31,21,0,21,52
07/16/2023,YNG,OH,AGL,CE,Combined TRACON& Tower with Radar,0,4,10,2,16,0,2,15,2,19,0,6,25,4,35,16,4,20,55
07/17/2023,YNG,OH,AGL,CE,Combined TRACON& Tower with Radar,0,13,15,7,35,0,0,1,0,1,0,13,16,7,36,0,12,12,48
07/18/2023,YNG,OH,AGL,CE,Combined TRACON& Tower with Radar,0,22,18,14,54,0,2,16,0,18,0,24,34,14,72,44,12,56,128
07/19/2023,YNG,OH,AGL,CE,Combined TRACON& Tower with Radar,0,15,17,0,32,0,5,23,0,28,0,20,40,0,60,60,0,60,120
07/20/2023,YNG,OH,AGL,CE,Combined TRACON& Tower with Radar,0,12,21,8,41,0,0,9,0,9,0,12,30,8,50,20,0,20,70
07/21/2023,YNG,OH,AGL,CE,Combined TRACON& Tower with Radar,0,15,17,1,33,0,5,13,1,19,0,20,30,2,52,14,0,14,66
07/22/2023,YNG,OH,AGL,CE,Combined TRACON& Tower with Radar,0,11,21,0,32,0,4,24,0,28,0,15,45,0,60,4,0,4,64
07/23/2023,YNG,OH,AGL,CE,Combined TRACON& Tower with Radar,0,11,5,0,16,0,3,9,0,12,0,14,14,0,28,0,0,0,28
07/24/2023,YNG,OH,AGL,CE,Combined TRACON& Tower with Radar,0,13,14,3,30,0,0,22,0,22,0,13,36,3,52,2,0,2,54
07/25/2023,YNG,OH,AGL,CE,Combined TRACON& Tower with Radar,0,16,6,9,31,0,2,17,14,33,0,18,23,23,64,15,19,34,98
07/26/2023,YNG,OH,AGL,CE,Combined TRACON& Tower with Radar,0,14,14,9,37,0,0,14,0,14,0,14,28,9,51,0,0,0,51
07/27/2023,YNG,OH,AGL,CE,Combined TRACON& Tower with Radar,0,26,8,6,40,1,4,3,4,12,1,30,11,10,52,6,8,14,66
07/28/2023,YNG,OH,AGL,CE,Combined TRACON& Tower with Radar,0,7,16,9,32,0,0,11,4,15,0,7,27,13,47,0,0,0,47
07/29/2023,YNG,OH,AGL,CE,Combined TRACON& Tower with Radar,0,9,14,0,23,0,0,2,0,2,0,9,16,0,25,0,0,0,25
07/30/2023,YNG,OH,AGL,CE,Combined TRACON& Tower with Radar,0,5,30,0,35,0,0,19,0,19,0,5,49,0,54,6,0,6,60
07/31/2023,YNG,OH,AGL,CE,Combined TRACON& Tower with Radar,0,5,14,1,20,0,2,12,2,16,0,7,26,3,36,12,0,12,48
08/01/2023,YNG,OH,AGL,CE,Combined TRACON& Tower with Radar,0,24,21,32,77,0,0,14,7,21,0,24,35,39,98,20,43,63,161
08/02/2023,YNG,OH,AGL,CE,Combined TRACON& Tower with Radar,0,15,17,16,48,0,0,25,3,28,0,15,42,19,76,26,80,106,182
08/03/2023,YNG,OH,AGL,CE,Combined TRACON& Tower with Radar,4,10,12,18,44,0,0,21,14,35,4,10,33,32,79,32,56,88,167
08/04/2023,YNG,OH,AGL,CE,Combined TRACON& Tower with Radar,0,33,21,10,64,0,0,18,8,26,0,33,39,18,90,12,20,32,122
08/05/2023,YNG,OH,AGL,CE,Combined TRACON& Tower with Radar,0,9,25,0,34,0,1,47,0,48,0,10,72,0,82,8,0,8,90
08/06/2023,YNG,OH,AGL,CE,Combined TRACON& Tower with Radar,0,4,14,8,26,0,0,33,6,39,0,4,47,14,65,10,4,14,79
08/07/2023,YNG,OH,AGL,CE,Combined TRACON& Tower with Radar,2,7,5,0,14,0,0,0,0,0,2,7,5,0,14,0,0,0,14
08/08/2023,YNG,OH,AGL,CE,Combined TRACON& Tower with Radar,0,31,22,51,104,0,3,18,10,31,0,34,40,61,135,67,97,164,299
08/09/2023,YNG,OH,AGL,CE,Combined TRACON& Tower with Radar,0,34,37,14,85,0,0,18,0,18,0,34,55,14,103,4,0,4,107
08/10/2023,YNG,OH,AGL,CE,Combined TRACON& Tower with Radar,0,36,10,16,62,0,2,7,6,15,0,38,17,22,77,23,30,53,130
08/11/2023,YNG,OH,AGL,CE,Combined TRACON& Tower with Radar,0,23,21,2,46,0,0,34,4,38,0,23,55,6,84,29,0,29,113
08/12/2023,YNG,OH,AGL,CE,Combined TRACON& Tower with Radar,0,7,7,0,14,0,0,2,0,2,0,7,9,0,16,0,0,0,16
08/13/2023,YNG,OH,AGL,CE,Combined TRACON& Tower with Radar,0,10,16,0,26,0,3,33,0,36,0,13,49,0,62,32,0,32,94
08/14/2023,YNG,OH,AGL,CE,Combined TRACON& Tower with Radar,0,0,20,6,26,0,0,7,1,8,0,0,27,7,34,0,0,0,34
08/15/2023,YNG,OH,AGL,CE,Combined TRACON& Tower with Radar,0,14,22,27,63,0,0,15,11,26,0,14,37,38,89,30,22,52,141
08/16/2023,YNG,OH,AGL,CE,Combined TRACON& Tower with Radar,0,23,16,10,49,0,2,12,9,23,0,25,28,19,72,16,39,55,127
08/17/2023,YNG,OH,AGL,CE,Combined TRACON& Tower with Radar,0,11,4,24,39,0,1,6,5,12,0,12,10,29,51,6,12,18,69
08/18/2023,YNG,OH,AGL,CE,Combined TRACON& Tower with Radar,0,8,16,6,30,0,0,13,0,13,0,8,29,6,43,33,0,33,76
08/19/2023,YNG,OH,AGL,CE,Combined TRACON& Tower with Radar,0,11,12,6,29,0,0,16,0,16,0,11,28,6,45,8,0,8,53
08/20/2023,YNG,OH,AGL,CE,Combined TRACON& Tower with Radar,0,2,11,3,16,0,0,18,0,18,0,2,29,3,34,12,0,12,46
08/21/2023,YNG,OH,AGL,CE,Combined TRACON& Tower with Radar,0,12,33,0,45,0,2,14,12,28,0,14,47,12,73,30,22,52,125
08/22/2023,YNG,OH,AGL,CE,Combined TRACON& Tower with Radar,0,10,22,18,50,0,0,27,15,42,0,10,49,33,92,26,31,57,149
08/23/2023,YNG,OH,AGL,CE,Combined TRACON& Tower with Radar,0,15,5,5,25,0,0,6,1,7,0,15,11,6,32,4,14,18,50
08/24/2023,YNG,OH,AGL,CE,Combined TRACON& Tower with Radar,0,11,11,10,32,0,0,4,12,16,0,11,15,22,48,0,20,20,68
08/25/2023,YNG,OH,AGL,CE,Combined TRACON& Tower with Radar,0,18,28,6,52,0,0,0,1,1,0,18,28,7,53,0,0,0,53
08/26/2023,YNG,OH,AGL,CE,Combined TRACON& Tower with Radar,0,6,12,0,18,0,0,3,0,3,0,6,15,0,21,0,0,0,21
08/27/2023,YNG,OH,AGL,CE,Combined TRACON& Tower with Radar,0,11,6,0,17,0,1,19,0,20,0,12,25,0,37,16,0,16,53
08/28/2023,YNG,OH,AGL,CE,Combined TRACON& Tower with Radar,0,9,9,6,24,0,3,15,0,18,0,12,24,6,42,34,0,34,76
08/29/2023,YNG,OH,AGL,CE,Combined TRACON& Tower with Radar,0,23,12,31,66,0,4,25,19,48,0,27,37,50,114,41,37,78,192
08/30/2023,YNG,OH,AGL,CE,Combined TRACON& Tower with Radar,0,15,11,29,55,0,0,0,3,3,0,15,11,32,58,0,24,24,82
08/31/2023,YNG,OH,AGL,CE,Combined TRACON& Tower with Radar,0,32,12,7,51,0,0,11,3,14,0,32,23,10,65,0,0,0,65
